{"producer":{"name":"Blender","version":"2.90.0","exporter_version":"6.4.4","file":"platformlift.babylon"},
"autoClear":true,"clearColor":[0.0509,0.0509,0.0509],"gravity":[0,-9.81,0],
"materials":[{"name":"rock","id":"rock","customType":"BABYLON.PBRMaterial","backFaceCulling":true,"checkReadyOnlyOnce":false,"maxSimultaneousLights":4,"environmentIntensity":1,"roughness":1,"alpha":1,"transparencyMode":0,"alphaCutOff":0.4,"metallic":0, 
"albedoTexture":{"name":"rock036_color.jpg","level":1,"hasAlpha":false,"coordinatesMode":0,"uOffset":0,"vOffset":0,"uScale":1,"vScale":1,"uAng":0,"vAng":0,"wAng":0,"wrapU":1,"wrapV":1,"coordinatesIndex":0},"useAlphaFromAlbedoTexture":false, 
"reflectivityTexture":{"name":"rock036_ambientocclusion.jpg","level":1,"hasAlpha":false,"coordinatesMode":0,"uOffset":0,"vOffset":0,"uScale":1,"vScale":1,"uAng":0,"vAng":0,"wAng":0,"wrapU":1,"wrapV":1,"coordinatesIndex":0}, 
"bumpTexture":{"name":"rock036_normal.jpg","level":1,"hasAlpha":false,"coordinatesMode":0,"uOffset":0,"vOffset":0,"uScale":1,"vScale":1,"uAng":0,"vAng":0,"wAng":0,"wrapU":1,"wrapV":1,"coordinatesIndex":0}, 
"metallicTexture":{"name":"rock036_roughness.jpg","level":1,"hasAlpha":false,"coordinatesMode":0,"uOffset":0,"vOffset":0,"uScale":1,"vScale":1,"uAng":0,"vAng":0,"wAng":0,"wrapU":1,"wrapV":1,"coordinatesIndex":0},"useMetallnessFromMetallicTextureBlue":false,"useRoughnessFromMetallicTextureGreen":true,"useAmbientOcclusionFromMetallicTextureRed":false,"useRoughnessFromMetallicTextureAlpha":false},
{"name":"moss","id":"moss","customType":"BABYLON.PBRMaterial","backFaceCulling":true,"checkReadyOnlyOnce":false,"maxSimultaneousLights":4,"environmentIntensity":1,"roughness":1,"alpha":1,"transparencyMode":0,"alphaCutOff":0.4,"metallic":0, 
"albedoTexture":{"name":"moss002_color.jpg","level":1,"hasAlpha":false,"coordinatesMode":0,"uOffset":0,"vOffset":0,"uScale":1,"vScale":1,"uAng":0,"vAng":0,"wAng":0,"wrapU":1,"wrapV":1,"coordinatesIndex":0},"useAlphaFromAlbedoTexture":false, 
"reflectivityTexture":{"name":"moss002_ambientocclusion.jpg","level":1,"hasAlpha":false,"coordinatesMode":0,"uOffset":0,"vOffset":0,"uScale":1,"vScale":1,"uAng":0,"vAng":0,"wAng":0,"wrapU":1,"wrapV":1,"coordinatesIndex":0}, 
"bumpTexture":{"name":"moss002_normal.jpg","level":1,"hasAlpha":false,"coordinatesMode":0,"uOffset":0,"vOffset":0,"uScale":1,"vScale":1,"uAng":0,"vAng":0,"wAng":0,"wrapU":1,"wrapV":1,"coordinatesIndex":0}, 
"metallicTexture":{"name":"moss002_roughness.jpg","level":1,"hasAlpha":false,"coordinatesMode":0,"uOffset":0,"vOffset":0,"uScale":1,"vScale":1,"uAng":0,"vAng":0,"wAng":0,"wrapU":1,"wrapV":1,"coordinatesIndex":0},"useMetallnessFromMetallicTextureBlue":false,"useRoughnessFromMetallicTextureGreen":true,"useAmbientOcclusionFromMetallicTextureRed":false,"useRoughnessFromMetallicTextureAlpha":false},
{"name":"bricks","id":"bricks","customType":"BABYLON.PBRMaterial","backFaceCulling":true,"checkReadyOnlyOnce":false,"maxSimultaneousLights":4,"environmentIntensity":1,"roughness":1,"alpha":1,"transparencyMode":0,"alphaCutOff":0.4,"metallic":0, 
"albedoTexture":{"name":"bricks043_color.jpg","level":1,"hasAlpha":false,"coordinatesMode":0,"uOffset":0,"vOffset":0,"uScale":1,"vScale":1,"uAng":0,"vAng":0,"wAng":0,"wrapU":1,"wrapV":1,"coordinatesIndex":0},"useAlphaFromAlbedoTexture":false, 
"reflectivityTexture":{"name":"bricks043_ambientocclusion.jpg","level":1,"hasAlpha":false,"coordinatesMode":0,"uOffset":0,"vOffset":0,"uScale":1,"vScale":1,"uAng":0,"vAng":0,"wAng":0,"wrapU":1,"wrapV":1,"coordinatesIndex":0}, 
"bumpTexture":{"name":"bricks043_normal.jpg","level":1,"hasAlpha":false,"coordinatesMode":0,"uOffset":0,"vOffset":0,"uScale":1,"vScale":1,"uAng":0,"vAng":0,"wAng":0,"wrapU":1,"wrapV":1,"coordinatesIndex":0}, 
"metallicTexture":{"name":"bricks043_roughness.jpg","level":1,"hasAlpha":false,"coordinatesMode":0,"uOffset":0,"vOffset":0,"uScale":1,"vScale":1,"uAng":0,"vAng":0,"wAng":0,"wrapU":1,"wrapV":1,"coordinatesIndex":0},"useMetallnessFromMetallicTextureBlue":false,"useRoughnessFromMetallicTextureGreen":true,"useAmbientOcclusionFromMetallicTextureRed":false,"useRoughnessFromMetallicTextureAlpha":false},
{"name":"black","id":"black","customType":"BABYLON.PBRMaterial","backFaceCulling":true,"checkReadyOnlyOnce":false,"maxSimultaneousLights":4,"environmentIntensity":1,"albedo":[0,0,0],"reflectivity":[0.5,0.5,0.5],"roughness":0.5,"alpha":1,"transparencyMode":0,"alphaCutOff":0.4,"metallic":0},
{"name":"mossdark","id":"mossdark","customType":"BABYLON.PBRMaterial","backFaceCulling":true,"checkReadyOnlyOnce":false,"maxSimultaneousLights":4,"environmentIntensity":1,"roughness":1,"alpha":1,"transparencyMode":0,"alphaCutOff":0.4,"metallic":0, 
"albedoTexture":{"name":"moss002_color.jpg","level":1,"hasAlpha":false,"coordinatesMode":0,"uOffset":0,"vOffset":0,"uScale":1,"vScale":1,"uAng":0,"vAng":0,"wAng":0,"wrapU":1,"wrapV":1,"coordinatesIndex":0},"useAlphaFromAlbedoTexture":false, 
"reflectivityTexture":{"name":"moss002_ambientocclusion.jpg","level":1,"hasAlpha":false,"coordinatesMode":0,"uOffset":0,"vOffset":0,"uScale":1,"vScale":1,"uAng":0,"vAng":0,"wAng":0,"wrapU":1,"wrapV":1,"coordinatesIndex":0}, 
"bumpTexture":{"name":"moss002_normal.jpg","level":1,"hasAlpha":false,"coordinatesMode":0,"uOffset":0,"vOffset":0,"uScale":1,"vScale":1,"uAng":0,"vAng":0,"wAng":0,"wrapU":1,"wrapV":1,"coordinatesIndex":0}, 
"metallicTexture":{"name":"moss002_roughness.jpg","level":1,"hasAlpha":false,"coordinatesMode":0,"uOffset":0,"vOffset":0,"uScale":1,"vScale":1,"uAng":0,"vAng":0,"wAng":0,"wrapU":1,"wrapV":1,"coordinatesIndex":0},"useMetallnessFromMetallicTextureBlue":false,"useRoughnessFromMetallicTextureGreen":true,"useAmbientOcclusionFromMetallicTextureRed":false,"useRoughnessFromMetallicTextureAlpha":false}],
"multiMaterials":[{"name":"platformlift.Multimaterial#0","id":"platformlift.Multimaterial#0","materials":["rock","moss","bricks","black"]},{"name":"platformlift.Multimaterial#1","id":"platformlift.Multimaterial#1","materials":["rock","moss","bricks","black"]},{"name":"platformlift.Multimaterial#2","id":"platformlift.Multimaterial#2","materials":["rock","moss","bricks","black","mossdark"]}],
"skeletons":[{"name":"Armature","id":0,"dimensionsAtRest":[10.6694,1.5144,0],"bones":[
{"name":"leverbone","index":0,"matrix":[-0.3676,-0.93,0,0,0.93,-0.3676,0,0,0,0,-1,0,3.635,1.8338,0,1],"rest":[-0.3676,-0.93,0,0,0.93,-0.3676,0,0,0,0,-1,0,3.635,1.8338,0,1],"parentBoneIndex":-1,"length":4.1194
,"animation":{"dataType":3,"framePerSecond":24,"keys":[
{"frame":0,"values":[-0.3676,-0.93,0,0,0.93,-0.3676,0,0,0,0,-1,0,3.635,1.8338,0,1]},
{"frame":1,"values":[-0.3676,-0.93,0,0,0.93,-0.3676,0,0,0,0,-1,0,3.635,1.8354,0,1]},
{"frame":2,"values":[-0.3675,-0.93,0,0,0.93,-0.3675,0,0,0,0,-1,0,3.635,1.84,0,1]},
{"frame":3,"values":[-0.3674,-0.9301,0,0,0.9301,-0.3674,0,0,0,0,-1,0,3.635,1.8477,0,1]},
{"frame":4,"values":[-0.3671,-0.9302,0,0,0.9302,-0.3671,0,0,0,0,-1,0,3.635,1.8584,0,1]},
{"frame":5,"values":[-0.3668,-0.9303,0,0,0.9303,-0.3668,0,0,0,0,-1,0,3.635,1.8721,0,1]},
{"frame":6,"values":[-0.3665,-0.9304,0,0,0.9304,-0.3665,0,0,0,0,-1,0,3.635,1.8888,0,1]},
{"frame":7,"values":[-0.3661,-0.9306,0,0,0.9306,-0.3661,0,0,0,0,-1,0,3.635,1.9085,0,1]},
{"frame":8,"values":[-0.3656,-0.9308,0,0,0.9308,-0.3656,0,0,0,0,-1,0,3.635,1.9311,0,1]},
{"frame":9,"values":[-0.3651,-0.931,0,0,0.931,-0.3651,0,0,0,0,-1,0,3.635,1.9566,0,1]},
{"frame":10,"values":[-0.3645,-0.9312,0,0,0.9312,-0.3645,0,0,0,0,-1,0,3.635,1.985,0,1]},
{"frame":11,"values":[-0.3639,-0.9314,0,0,0.9314,-0.3639,0,0,0,0,-1,0,3.635,2.0162,0,1]},
{"frame":12,"values":[-0.3632,-0.9317,0,0,0.9317,-0.3632,0,0,0,0,-1,0,3.635,2.0503,0,1]},
{"frame":13,"values":[-0.3624,-0.932,0,0,0.932,-0.3624,0,0,0,0,-1,0,3.635,2.0871,0,1]},
{"frame":14,"values":[-0.3616,-0.9323,0,0,0.9323,-0.3616,0,0,0,0,-1,0,3.635,2.1268,0,1]},
{"frame":15,"values":[-0.3607,-0.9327,0,0,0.9327,-0.3607,0,0,0,0,-1,0,3.635,2.1692,0,1]},
{"frame":16,"values":[-0.3598,-0.933,0,0,0.933,-0.3598,0,0,0,0,-1,0,3.635,2.2144,0,1]},
{"frame":17,"values":[-0.3588,-0.9334,0,0,0.9334,-0.3588,0,0,0,0,-1,0,3.635,2.2622,0,1]},
{"frame":18,"values":[-0.3577,-0.9338,0,0,0.9338,-0.3577,0,0,0,0,-1,0,3.635,2.3128,0,1]},
{"frame":19,"values":[-0.3566,-0.9342,0,0,0.9342,-0.3566,0,0,0,0,-1,0,3.635,2.366,0,1]},
{"frame":20,"values":[-0.3555,-0.9347,0,0,0.9347,-0.3555,0,0,0,0,-1,0,3.635,2.4218,0,1]},
{"frame":21,"values":[-0.3543,-0.9351,0,0,0.9351,-0.3543,0,0,0,0,-1,0,3.635,2.4803,0,1]},
{"frame":22,"values":[-0.353,-0.9356,0,0,0.9356,-0.353,0,0,0,0,-1,0,3.635,2.5413,0,1]},
{"frame":23,"values":[-0.3517,-0.9361,0,0,0.9361,-0.3517,0,0,0,0,-1,0,3.635,2.6049,0,1]},
{"frame":24,"values":[-0.3503,-0.9366,0,0,0.9366,-0.3503,0,0,0,0,-1,0,3.635,2.671,0,1]},
{"frame":25,"values":[-0.3489,-0.9372,0,0,0.9372,-0.3489,0,0,0,0,-1,0,3.635,2.7396,0,1]},
{"frame":26,"values":[-0.3474,-0.9377,0,0,0.9377,-0.3474,0,0,0,0,-1,0,3.635,2.8108,0,1]},
{"frame":27,"values":[-0.3459,-0.9383,0,0,0.9383,-0.3459,0,0,0,0,-1,0,3.635,2.8843,0,1]},
{"frame":28,"values":[-0.3443,-0.9389,0,0,0.9389,-0.3443,0,0,0,0,-1,0,3.635,2.9603,0,1]},
{"frame":29,"values":[-0.3426,-0.9395,0,0,0.9395,-0.3426,0,0,0,0,-1,0,3.635,3.0388,0,1]},
{"frame":30,"values":[-0.3409,-0.9401,0,0,0.9401,-0.3409,0,0,0,0,-1,0,3.635,3.1196,0,1]},
{"frame":31,"values":[-0.3392,-0.9407,0,0,0.9407,-0.3392,0,0,0,0,-1,0,3.635,3.2027,0,1]},
{"frame":32,"values":[-0.3374,-0.9414,0,0,0.9414,-0.3374,0,0,0,0,-1,0,3.635,3.2882,0,1]},
{"frame":33,"values":[-0.3356,-0.942,0,0,0.942,-0.3356,0,0,0,0,-1,0,3.635,3.3761,0,1]},
{"frame":34,"values":[-0.3337,-0.9427,0,0,0.9427,-0.3337,0,0,0,0,-1,0,3.635,3.4662,0,1]},
{"frame":35,"values":[-0.3317,-0.9434,0,0,0.9434,-0.3317,0,0,0,0,-1,0,3.635,3.5585,0,1]},
{"frame":36,"values":[-0.3297,-0.9441,0,0,0.9441,-0.3297,0,0,0,0,-1,0,3.635,3.6531,0,1]},
{"frame":37,"values":[-0.3277,-0.9448,0,0,0.9448,-0.3277,0,0,0,0,-1,0,3.635,3.7499,0,1]},
{"frame":38,"values":[-0.3256,-0.9455,0,0,0.9455,-0.3256,0,0,0,0,-1,0,3.635,3.8489,0,1]},
{"frame":39,"values":[-0.3235,-0.9462,0,0,0.9462,-0.3235,0,0,0,0,-1,0,3.635,3.9501,0,1]},
{"frame":40,"values":[-0.3213,-0.947,0,0,0.947,-0.3213,0,0,0,0,-1,0,3.635,4.0534,0,1]},
{"frame":41,"values":[-0.319,-0.9477,0,0,0.9477,-0.319,0,0,0,0,-1,0,3.635,4.1588,0,1]},
{"frame":42,"values":[-0.3168,-0.9485,0,0,0.9485,-0.3168,0,0,0,0,-1,0,3.635,4.2663,0,1]},
{"frame":43,"values":[-0.3144,-0.9493,0,0,0.9493,-0.3144,0,0,0,0,-1,0,3.635,4.3758,0,1]},
{"frame":44,"values":[-0.3121,-0.9501,0,0,0.9501,-0.3121,0,0,0,0,-1,0,3.635,4.4874,0,1]},
{"frame":45,"values":[-0.3097,-0.9508,0,0,0.9508,-0.3097,0,0,0,0,-1,0,3.635,4.601,0,1]},
{"frame":46,"values":[-0.3072,-0.9516,0,0,0.9516,-0.3072,0,0,0,0,-1,0,3.635,4.7166,0,1]},
{"frame":47,"values":[-0.3047,-0.9525,0,0,0.9525,-0.3047,0,0,0,0,-1,0,3.635,4.8342,0,1]},
{"frame":48,"values":[-0.3021,-0.9533,0,0,0.9533,-0.3021,0,0,0,0,-1,0,3.635,4.9536,0,1]},
{"frame":49,"values":[-0.2995,-0.9541,0,0,0.9541,-0.2995,0,0,0,0,-1,0,3.635,5.075,0,1]},
{"frame":50,"values":[-0.2969,-0.9549,0,0,0.9549,-0.2969,0,0,0,0,-1,0,3.635,5.1983,0,1]},
{"frame":51,"values":[-0.2942,-0.9557,0,0,0.9557,-0.2942,0,0,0,0,-1,0,3.635,5.3235,0,1]},
{"frame":52,"values":[-0.2915,-0.9566,0,0,0.9566,-0.2915,0,0,0,0,-1,0,3.635,5.4505,0,1]},
{"frame":53,"values":[-0.2887,-0.9574,0,0,0.9574,-0.2887,0,0,0,0,-1,0,3.635,5.5793,0,1]},
{"frame":54,"values":[-0.2859,-0.9583,0,0,0.9583,-0.2859,0,0,0,0,-1,0,3.635,5.7099,0,1]},
{"frame":55,"values":[-0.2831,-0.9591,0,0,0.9591,-0.2831,0,0,0,0,-1,0,3.635,5.8423,0,1]},
{"frame":56,"values":[-0.2802,-0.96,0,0,0.96,-0.2802,0,0,0,0,-1,0,3.635,5.9764,0,1]},
{"frame":57,"values":[-0.2772,-0.9608,0,0,0.9608,-0.2772,0,0,0,0,-1,0,3.635,6.1122,0,1]},
{"frame":58,"values":[-0.2743,-0.9617,0,0,0.9617,-0.2743,0,0,0,0,-1,0,3.635,6.2497,0,1]},
{"frame":59,"values":[-0.2712,-0.9625,0,0,0.9625,-0.2712,0,0,0,0,-1,0,3.635,6.3889,0,1]},
{"frame":60,"values":[-0.2682,-0.9634,0,0,0.9634,-0.2682,0,0,0,0,-1,0,3.635,6.5297,0,1]},
{"frame":61,"values":[-0.2651,-0.9642,0,0,0.9642,-0.2651,0,0,0,0,-1,0,3.635,6.6721,0,1]},
{"frame":62,"values":[-0.262,-0.9651,0,0,0.9651,-0.262,0,0,0,0,-1,0,3.635,6.8161,0,1]},
{"frame":63,"values":[-0.2588,-0.9659,0,0,0.9659,-0.2588,0,0,0,0,-1,0,3.635,6.9617,0,1]},
{"frame":64,"values":[-0.2556,-0.9668,0,0,0.9668,-0.2556,0,0,0,0,-1,0,3.635,7.1088,0,1]},
{"frame":65,"values":[-0.2523,-0.9676,0,0,0.9676,-0.2523,0,0,0,0,-1,0,3.635,7.2574,0,1]},
{"frame":66,"values":[-0.2491,-0.9685,0,0,0.9685,-0.2491,0,0,0,0,-1,0,3.635,7.4076,0,1]},
{"frame":67,"values":[-0.2457,-0.9693,0,0,0.9693,-0.2457,0,0,0,0,-1,0,3.635,7.5592,0,1]},
{"frame":68,"values":[-0.2424,-0.9702,0,0,0.9702,-0.2424,0,0,0,0,-1,0,3.635,7.7122,0,1]},
{"frame":69,"values":[-0.239,-0.971,0,0,0.971,-0.239,0,0,0,0,-1,0,3.635,7.8666,0,1]},
{"frame":70,"values":[-0.2356,-0.9719,0,0,0.9719,-0.2356,0,0,0,0,-1,0,3.635,8.0225,0,1]},
{"frame":71,"values":[-0.2321,-0.9727,0,0,0.9727,-0.2321,0,0,0,0,-1,0,3.635,8.1797,0,1]},
{"frame":72,"values":[-0.2286,-0.9735,0,0,0.9735,-0.2286,0,0,0,0,-1,0,3.635,8.3382,0,1]},
{"frame":73,"values":[-0.2251,-0.9743,0,0,0.9743,-0.2251,0,0,0,0,-1,0,3.635,8.4981,0,1]},
{"frame":74,"values":[-0.2215,-0.9751,0,0,0.9751,-0.2215,0,0,0,0,-1,0,3.635,8.6593,0,1]},
{"frame":75,"values":[-0.218,-0.976,0,0,0.976,-0.218,0,0,0,0,-1,0,3.635,8.8217,0,1]},
{"frame":76,"values":[-0.2143,-0.9768,0,0,0.9768,-0.2143,0,0,0,0,-1,0,3.635,8.9854,0,1]},
{"frame":77,"values":[-0.2107,-0.9776,0,0,0.9776,-0.2107,0,0,0,0,-1,0,3.635,9.1502,0,1]},
{"frame":78,"values":[-0.207,-0.9783,0,0,0.9783,-0.207,0,0,0,0,-1,0,3.635,9.3163,0,1]},
{"frame":79,"values":[-0.2033,-0.9791,0,0,0.9791,-0.2033,0,0,0,0,-1,0,3.635,9.4836,0,1]},
{"frame":80,"values":[-0.1995,-0.9799,0,0,0.9799,-0.1995,0,0,0,0,-1,0,3.635,9.6519,0,1]},
{"frame":81,"values":[-0.1958,-0.9807,0,0,0.9807,-0.1958,0,0,0,0,-1,0,3.635,9.8215,0,1]},
{"frame":82,"values":[-0.192,-0.9814,0,0,0.9814,-0.192,0,0,0,0,-1,0,3.635,9.9921,0,1]},
{"frame":83,"values":[-0.1881,-0.9821,0,0,0.9821,-0.1881,0,0,0,0,-1,0,3.635,10.1637,0,1]},
{"frame":84,"values":[-0.1843,-0.9829,0,0,0.9829,-0.1843,0,0,0,0,-1,0,3.635,10.3364,0,1]},
{"frame":85,"values":[-0.1804,-0.9836,0,0,0.9836,-0.1804,0,0,0,0,-1,0,3.635,10.5102,0,1]},
{"frame":86,"values":[-0.1765,-0.9843,0,0,0.9843,-0.1765,0,0,0,0,-1,0,3.635,10.6849,0,1]},
{"frame":87,"values":[-0.1725,-0.985,0,0,0.985,-0.1725,0,0,0,0,-1,0,3.635,10.8606,0,1]},
{"frame":88,"values":[-0.1686,-0.9857,0,0,0.9857,-0.1686,0,0,0,0,-1,0,3.635,11.0372,0,1]},
{"frame":89,"values":[-0.1646,-0.9864,0,0,0.9864,-0.1646,0,0,0,0,-1,0,3.635,11.2148,0,1]},
{"frame":90,"values":[-0.1606,-0.987,0,0,0.987,-0.1606,0,0,0,0,-1,0,3.635,11.3932,0,1]},
{"frame":91,"values":[-0.1565,-0.9877,0,0,0.9877,-0.1565,0,0,0,0,-1,0,3.635,11.5725,0,1]},
{"frame":92,"values":[-0.1525,-0.9883,0,0,0.9883,-0.1525,0,0,0,0,-1,0,3.635,11.7527,0,1]},
{"frame":93,"values":[-0.1484,-0.9889,0,0,0.9889,-0.1484,0,0,0,0,-1,0,3.635,11.9337,0,1]},
{"frame":94,"values":[-0.1443,-0.9895,0,0,0.9895,-0.1443,0,0,0,0,-1,0,3.635,12.1155,0,1]},
{"frame":95,"values":[-0.1402,-0.9901,0,0,0.9901,-0.1402,0,0,0,0,-1,0,3.635,12.298,0,1]},
{"frame":96,"values":[-0.136,-0.9907,0,0,0.9907,-0.136,0,0,0,0,-1,0,3.635,12.4813,0,1]},
{"frame":97,"values":[-0.1319,-0.9913,0,0,0.9913,-0.1319,0,0,0,0,-1,0,3.635,12.6653,0,1]},
{"frame":98,"values":[-0.1277,-0.9918,0,0,0.9918,-0.1277,0,0,0,0,-1,0,3.635,12.85,0,1]},
{"frame":99,"values":[-0.1235,-0.9923,0,0,0.9923,-0.1235,0,0,0,0,-1,0,3.635,13.0354,0,1]},
{"frame":100,"values":[-0.1193,-0.9929,0,0,0.9929,-0.1193,0,0,0,0,-1,0,3.635,13.2215,0,1]},
{"frame":101,"values":[-0.115,-0.9934,0,0,0.9934,-0.115,0,0,0,0,-1,0,3.635,13.4081,0,1]},
{"frame":102,"values":[-0.1108,-0.9938,0,0,0.9938,-0.1108,0,0,0,0,-1,0,3.635,13.5954,0,1]},
{"frame":103,"values":[-0.1065,-0.9943,0,0,0.9943,-0.1065,0,0,0,0,-1,0,3.635,13.7832,0,1]},
{"frame":104,"values":[-0.1022,-0.9948,0,0,0.9948,-0.1022,0,0,0,0,-1,0,3.635,13.9715,0,1]},
{"frame":105,"values":[-0.0979,-0.9952,0,0,0.9952,-0.0979,0,0,0,0,-1,0,3.635,14.1604,0,1]},
{"frame":106,"values":[-0.0936,-0.9956,0,0,0.9956,-0.0936,0,0,0,0,-1,0,3.635,14.3498,0,1]},
{"frame":107,"values":[-0.0893,-0.996,0,0,0.996,-0.0893,0,0,0,0,-1,0,3.635,14.5397,0,1]},
{"frame":108,"values":[-0.085,-0.9964,0,0,0.9964,-0.085,0,0,0,0,-1,0,3.635,14.73,0,1]},
{"frame":109,"values":[-0.0806,-0.9967,0,0,0.9967,-0.0806,0,0,0,0,-1,0,3.635,14.9207,0,1]},
{"frame":110,"values":[-0.0763,-0.9971,0,0,0.9971,-0.0763,0,0,0,0,-1,0,3.635,15.1118,0,1]},
{"frame":111,"values":[-0.0719,-0.9974,0,0,0.9974,-0.0719,0,0,0,0,-1,0,3.635,15.3033,0,1]},
{"frame":112,"values":[-0.0675,-0.9977,0,0,0.9977,-0.0675,0,0,0,0,-1,0,3.635,15.4951,0,1]},
{"frame":113,"values":[-0.0631,-0.998,0,0,0.998,-0.0631,0,0,0,0,-1,0,3.635,15.6873,0,1]},
{"frame":114,"values":[-0.0587,-0.9983,0,0,0.9983,-0.0587,0,0,0,0,-1,0,3.635,15.8798,0,1]},
{"frame":115,"values":[-0.0543,-0.9985,0,0,0.9985,-0.0543,0,0,0,0,-1,0,3.635,16.0725,0,1]},
{"frame":116,"values":[-0.0499,-0.9988,0,0,0.9988,-0.0499,0,0,0,0,-1,0,3.635,16.2655,0,1]},
{"frame":117,"values":[-0.0455,-0.999,0,0,0.999,-0.0455,0,0,0,0,-1,0,3.635,16.4587,0,1]},
{"frame":118,"values":[-0.041,-0.9992,0,0,0.9992,-0.041,0,0,0,0,-1,0,3.635,16.6521,0,1]},
{"frame":119,"values":[-0.0366,-0.9993,0,0,0.9993,-0.0366,0,0,0,0,-1,0,3.635,16.8457,0,1]},
{"frame":120,"values":[-0.0322,-0.9995,0,0,0.9995,-0.0322,0,0,0,0,-1,0,3.635,17.0394,0,1]},
{"frame":121,"values":[-0.0277,-0.9996,0,0,0.9996,-0.0277,0,0,0,0,-1,0,3.635,17.2333,0,1]},
{"frame":122,"values":[-0.0233,-0.9997,0,0,0.9997,-0.0233,0,0,0,0,-1,0,3.635,17.4272,0,1]},
{"frame":123,"values":[-0.0188,-0.9998,0,0,0.9998,-0.0188,0,0,0,0,-1,0,3.635,17.6213,0,1]},
{"frame":124,"values":[-0.0144,-0.9999,0,0,0.9999,-0.0144,0,0,0,0,-1,0,3.635,17.8153,0,1]},
{"frame":125,"values":[-0.0099,-1,0,0,1,-0.0099,0,0,0,0,-1,0,3.635,18.0095,0,1]},
{"frame":126,"values":[-0.0055,-1,0,0,1,-0.0055,0,0,0,0,-1,0,3.635,18.2036,0,1]},
{"frame":127,"values":[-0.0011,-1,0,0,1,-0.0011,0,0,0,0,-1,0,3.635,18.3976,0,1]},
{"frame":128,"values":[0.0034,-1,0,0,1,0.0034,0,0,0,0,-1,0,3.635,18.5917,0,1]},
{"frame":129,"values":[0.0078,-1,0,0,1,0.0078,0,0,0,0,-1,0,3.635,18.7856,0,1]},
{"frame":130,"values":[0.0123,-0.9999,0,0,0.9999,0.0123,0,0,0,0,-1,0,3.635,18.9795,0,1]},
{"frame":131,"values":[0.0167,-0.9999,0,0,0.9999,0.0167,0,0,0,0,-1,0,3.635,19.1732,0,1]},
{"frame":132,"values":[0.0212,-0.9998,0,0,0.9998,0.0212,0,0,0,0,-1,0,3.635,19.3668,0,1]},
{"frame":133,"values":[0.0256,-0.9997,0,0,0.9997,0.0256,0,0,0,0,-1,0,3.635,19.5602,0,1]},
{"frame":134,"values":[0.03,-0.9995,0,0,0.9995,0.03,0,0,0,0,-1,0,3.635,19.7534,0,1]},
{"frame":135,"values":[0.0344,-0.9994,0,0,0.9994,0.0344,0,0,0,0,-1,0,3.635,19.9464,0,1]},
{"frame":136,"values":[0.0388,-0.9992,0,0,0.9992,0.0388,0,0,0,0,-1,0,3.635,20.1391,0,1]},
{"frame":137,"values":[0.0432,-0.9991,0,0,0.9991,0.0432,0,0,0,0,-1,0,3.635,20.3316,0,1]},
{"frame":138,"values":[0.0476,-0.9989,0,0,0.9989,0.0476,0,0,0,0,-1,0,3.635,20.5238,0,1]},
{"frame":139,"values":[0.052,-0.9986,0,0,0.9986,0.052,0,0,0,0,-1,0,3.635,20.7156,0,1]},
{"frame":140,"values":[0.0564,-0.9984,0,0,0.9984,0.0564,0,0,0,0,-1,0,3.635,20.9071,0,1]},
{"frame":141,"values":[0.0608,-0.9982,0,0,0.9982,0.0608,0,0,0,0,-1,0,3.635,21.0982,0,1]},
{"frame":142,"values":[0.0651,-0.9979,0,0,0.9979,0.0651,0,0,0,0,-1,0,3.635,21.2889,0,1]},
{"frame":143,"values":[0.0695,-0.9976,0,0,0.9976,0.0695,0,0,0,0,-1,0,3.635,21.4792,0,1]},
{"frame":144,"values":[0.0738,-0.9973,0,0,0.9973,0.0738,0,0,0,0,-1,0,3.635,21.6691,0,1]},
{"frame":145,"values":[0.0781,-0.9969,0,0,0.9969,0.0781,0,0,0,0,-1,0,3.635,21.8585,0,1]},
{"frame":146,"values":[0.0824,-0.9966,0,0,0.9966,0.0824,0,0,0,0,-1,0,3.635,22.0474,0,1]},
{"frame":147,"values":[0.0867,-0.9962,0,0,0.9962,0.0867,0,0,0,0,-1,0,3.635,22.2357,0,1]},
{"frame":148,"values":[0.091,-0.9959,0,0,0.9959,0.091,0,0,0,0,-1,0,3.635,22.4235,0,1]},
{"frame":149,"values":[0.0953,-0.9955,0,0,0.9955,0.0953,0,0,0,0,-1,0,3.635,22.6108,0,1]},
{"frame":150,"values":[0.0995,-0.995,0,0,0.995,0.0995,0,0,0,0,-1,0,3.635,22.7974,0,1]},
{"frame":151,"values":[0.1037,-0.9946,0,0,0.9946,0.1037,0,0,0,0,-1,0,3.635,22.9835,0,1]},
{"frame":152,"values":[0.1079,-0.9942,0,0,0.9942,0.1079,0,0,0,0,-1,0,3.635,23.1689,0,1]},
{"frame":153,"values":[0.1121,-0.9937,0,0,0.9937,0.1121,0,0,0,0,-1,0,3.635,23.3536,0,1]},
{"frame":154,"values":[0.1163,-0.9932,0,0,0.9932,0.1163,0,0,0,0,-1,0,3.635,23.5376,0,1]},
{"frame":155,"values":[0.1205,-0.9927,0,0,0.9927,0.1205,0,0,0,0,-1,0,3.635,23.7209,0,1]},
{"frame":156,"values":[0.1246,-0.9922,0,0,0.9922,0.1246,0,0,0,0,-1,0,3.635,23.9034,0,1]},
{"frame":157,"values":[0.1287,-0.9917,0,0,0.9917,0.1287,0,0,0,0,-1,0,3.635,24.0852,0,1]},
{"frame":158,"values":[0.1328,-0.9911,0,0,0.9911,0.1328,0,0,0,0,-1,0,3.635,24.2662,0,1]},
{"frame":159,"values":[0.1369,-0.9906,0,0,0.9906,0.1369,0,0,0,0,-1,0,3.635,24.4464,0,1]},
{"frame":160,"values":[0.1409,-0.99,0,0,0.99,0.1409,0,0,0,0,-1,0,3.635,24.6257,0,1]},
{"frame":161,"values":[0.1449,-0.9894,0,0,0.9894,0.1449,0,0,0,0,-1,0,3.635,24.8041,0,1]},
{"frame":162,"values":[0.1489,-0.9888,0,0,0.9888,0.1489,0,0,0,0,-1,0,3.635,24.9817,0,1]},
{"frame":163,"values":[0.1529,-0.9882,0,0,0.9882,0.1529,0,0,0,0,-1,0,3.635,25.1583,0,1]},
{"frame":164,"values":[0.1569,-0.9876,0,0,0.9876,0.1569,0,0,0,0,-1,0,3.635,25.334,0,1]},
{"frame":165,"values":[0.1608,-0.987,0,0,0.987,0.1608,0,0,0,0,-1,0,3.635,25.5087,0,1]},
{"frame":166,"values":[0.1647,-0.9863,0,0,0.9863,0.1647,0,0,0,0,-1,0,3.635,25.6825,0,1]},
{"frame":167,"values":[0.1686,-0.9857,0,0,0.9857,0.1686,0,0,0,0,-1,0,3.635,25.8552,0,1]},
{"frame":168,"values":[0.1724,-0.985,0,0,0.985,0.1724,0,0,0,0,-1,0,3.635,26.0269,0,1]},
{"frame":169,"values":[0.1762,-0.9844,0,0,0.9844,0.1762,0,0,0,0,-1,0,3.635,26.1974,0,1]},
{"frame":170,"values":[0.18,-0.9837,0,0,0.9837,0.18,0,0,0,0,-1,0,3.635,26.367,0,1]},
{"frame":171,"values":[0.1838,-0.983,0,0,0.983,0.1838,0,0,0,0,-1,0,3.635,26.5353,0,1]},
{"frame":172,"values":[0.1875,-0.9823,0,0,0.9823,0.1875,0,0,0,0,-1,0,3.635,26.7026,0,1]},
{"frame":173,"values":[0.1912,-0.9816,0,0,0.9816,0.1912,0,0,0,0,-1,0,3.635,26.8687,0,1]},
{"frame":174,"values":[0.1949,-0.9808,0,0,0.9808,0.1949,0,0,0,0,-1,0,3.635,27.0336,0,1]},
{"frame":175,"values":[0.1985,-0.9801,0,0,0.9801,0.1985,0,0,0,0,-1,0,3.635,27.1972,0,1]},
{"frame":176,"values":[0.2021,-0.9794,0,0,0.9794,0.2021,0,0,0,0,-1,0,3.635,27.3596,0,1]},
{"frame":177,"values":[0.2057,-0.9786,0,0,0.9786,0.2057,0,0,0,0,-1,0,3.635,27.5208,0,1]},
{"frame":178,"values":[0.2092,-0.9779,0,0,0.9779,0.2092,0,0,0,0,-1,0,3.635,27.6807,0,1]},
{"frame":179,"values":[0.2127,-0.9771,0,0,0.9771,0.2127,0,0,0,0,-1,0,3.635,27.8392,0,1]},
{"frame":180,"values":[0.2162,-0.9763,0,0,0.9763,0.2162,0,0,0,0,-1,0,3.635,27.9964,0,1]},
{"frame":181,"values":[0.2196,-0.9756,0,0,0.9756,0.2196,0,0,0,0,-1,0,3.635,28.1523,0,1]},
{"frame":182,"values":[0.223,-0.9748,0,0,0.9748,0.223,0,0,0,0,-1,0,3.635,28.3067,0,1]},
{"frame":183,"values":[0.2264,-0.974,0,0,0.974,0.2264,0,0,0,0,-1,0,3.635,28.4598,0,1]},
{"frame":184,"values":[0.2297,-0.9733,0,0,0.9733,0.2297,0,0,0,0,-1,0,3.635,28.6113,0,1]},
{"frame":185,"values":[0.233,-0.9725,0,0,0.9725,0.233,0,0,0,0,-1,0,3.635,28.7615,0,1]},
{"frame":186,"values":[0.2363,-0.9717,0,0,0.9717,0.2363,0,0,0,0,-1,0,3.635,28.9101,0,1]},
{"frame":187,"values":[0.2395,-0.9709,0,0,0.9709,0.2395,0,0,0,0,-1,0,3.635,29.0572,0,1]},
{"frame":188,"values":[0.2427,-0.9701,0,0,0.9701,0.2427,0,0,0,0,-1,0,3.635,29.2028,0,1]},
{"frame":189,"values":[0.2459,-0.9693,0,0,0.9693,0.2459,0,0,0,0,-1,0,3.635,29.3468,0,1]},
{"frame":190,"values":[0.249,-0.9685,0,0,0.9685,0.249,0,0,0,0,-1,0,3.635,29.4892,0,1]},
{"frame":191,"values":[0.252,-0.9677,0,0,0.9677,0.252,0,0,0,0,-1,0,3.635,29.6301,0,1]},
{"frame":192,"values":[0.2551,-0.9669,0,0,0.9669,0.2551,0,0,0,0,-1,0,3.635,29.7692,0,1]},
{"frame":193,"values":[0.2581,-0.9661,0,0,0.9661,0.2581,0,0,0,0,-1,0,3.635,29.9067,0,1]},
{"frame":194,"values":[0.261,-0.9653,0,0,0.9653,0.261,0,0,0,0,-1,0,3.635,30.0425,0,1]},
{"frame":195,"values":[0.2639,-0.9645,0,0,0.9645,0.2639,0,0,0,0,-1,0,3.635,30.1766,0,1]},
{"frame":196,"values":[0.2668,-0.9638,0,0,0.9638,0.2668,0,0,0,0,-1,0,3.635,30.309,0,1]},
{"frame":197,"values":[0.2696,-0.963,0,0,0.963,0.2696,0,0,0,0,-1,0,3.635,30.4396,0,1]},
{"frame":198,"values":[0.2724,-0.9622,0,0,0.9622,0.2724,0,0,0,0,-1,0,3.635,30.5684,0,1]},
{"frame":199,"values":[0.2751,-0.9614,0,0,0.9614,0.2751,0,0,0,0,-1,0,3.635,30.6954,0,1]},
{"frame":200,"values":[0.2778,-0.9606,0,0,0.9606,0.2778,0,0,0,0,-1,0,3.635,30.8206,0,1]},
{"frame":201,"values":[0.2805,-0.9599,0,0,0.9599,0.2805,0,0,0,0,-1,0,3.635,30.9439,0,1]},
{"frame":202,"values":[0.2831,-0.9591,0,0,0.9591,0.2831,0,0,0,0,-1,0,3.635,31.0653,0,1]},
{"frame":203,"values":[0.2857,-0.9583,0,0,0.9583,0.2857,0,0,0,0,-1,0,3.635,31.1848,0,1]},
{"frame":204,"values":[0.2882,-0.9576,0,0,0.9576,0.2882,0,0,0,0,-1,0,3.635,31.3023,0,1]},
{"frame":205,"values":[0.2907,-0.9568,0,0,0.9568,0.2907,0,0,0,0,-1,0,3.635,31.4179,0,1]},
{"frame":206,"values":[0.2931,-0.9561,0,0,0.9561,0.2931,0,0,0,0,-1,0,3.635,31.5315,0,1]},
{"frame":207,"values":[0.2955,-0.9553,0,0,0.9553,0.2955,0,0,0,0,-1,0,3.635,31.6431,0,1]},
{"frame":208,"values":[0.2978,-0.9546,0,0,0.9546,0.2978,0,0,0,0,-1,0,3.635,31.7526,0,1]},
{"frame":209,"values":[0.3001,-0.9539,0,0,0.9539,0.3001,0,0,0,0,-1,0,3.635,31.8601,0,1]},
{"frame":210,"values":[0.3024,-0.9532,0,0,0.9532,0.3024,0,0,0,0,-1,0,3.635,31.9655,0,1]},
{"frame":211,"values":[0.3046,-0.9525,0,0,0.9525,0.3046,0,0,0,0,-1,0,3.635,32.0688,0,1]},
{"frame":212,"values":[0.3067,-0.9518,0,0,0.9518,0.3067,0,0,0,0,-1,0,3.635,32.17,0,1]},
{"frame":213,"values":[0.3088,-0.9511,0,0,0.9511,0.3088,0,0,0,0,-1,0,3.635,32.269,0,1]},
{"frame":214,"values":[0.3109,-0.9504,0,0,0.9504,0.3109,0,0,0,0,-1,0,3.635,32.3658,0,1]},
{"frame":215,"values":[0.3129,-0.9498,0,0,0.9498,0.3129,0,0,0,0,-1,0,3.635,32.4604,0,1]},
{"frame":216,"values":[0.3148,-0.9491,0,0,0.9491,0.3148,0,0,0,0,-1,0,3.635,32.5527,0,1]},
{"frame":217,"values":[0.3167,-0.9485,0,0,0.9485,0.3167,0,0,0,0,-1,0,3.635,32.6428,0,1]},
{"frame":218,"values":[0.3186,-0.9479,0,0,0.9479,0.3186,0,0,0,0,-1,0,3.635,32.7307,0,1]},
{"frame":219,"values":[0.3204,-0.9473,0,0,0.9473,0.3204,0,0,0,0,-1,0,3.635,32.8162,0,1]},
{"frame":220,"values":[0.3222,-0.9467,0,0,0.9467,0.3222,0,0,0,0,-1,0,3.635,32.8993,0,1]},
{"frame":221,"values":[0.3239,-0.9461,0,0,0.9461,0.3239,0,0,0,0,-1,0,3.635,32.9801,0,1]},
{"frame":222,"values":[0.3255,-0.9455,0,0,0.9455,0.3255,0,0,0,0,-1,0,3.635,33.0586,0,1]},
{"frame":223,"values":[0.3271,-0.945,0,0,0.945,0.3271,0,0,0,0,-1,0,3.635,33.1346,0,1]},
{"frame":224,"values":[0.3287,-0.9444,0,0,0.9444,0.3287,0,0,0,0,-1,0,3.635,33.2081,0,1]},
{"frame":225,"values":[0.3302,-0.9439,0,0,0.9439,0.3302,0,0,0,0,-1,0,3.635,33.2793,0,1]},
{"frame":226,"values":[0.3316,-0.9434,0,0,0.9434,0.3316,0,0,0,0,-1,0,3.635,33.3479,0,1]},
{"frame":227,"values":[0.333,-0.9429,0,0,0.9429,0.333,0,0,0,0,-1,0,3.635,33.414,0,1]},
{"frame":228,"values":[0.3343,-0.9425,0,0,0.9425,0.3343,0,0,0,0,-1,0,3.635,33.4776,0,1]},
{"frame":229,"values":[0.3356,-0.942,0,0,0.942,0.3356,0,0,0,0,-1,0,3.635,33.5386,0,1]},
{"frame":230,"values":[0.3368,-0.9416,0,0,0.9416,0.3368,0,0,0,0,-1,0,3.635,33.5971,0,1]},
{"frame":231,"values":[0.338,-0.9412,0,0,0.9412,0.338,0,0,0,0,-1,0,3.635,33.6529,0,1]},
{"frame":232,"values":[0.3391,-0.9408,0,0,0.9408,0.3391,0,0,0,0,-1,0,3.635,33.7061,0,1]},
{"frame":233,"values":[0.3401,-0.9404,0,0,0.9404,0.3401,0,0,0,0,-1,0,3.635,33.7567,0,1]},
{"frame":234,"values":[0.3411,-0.94,0,0,0.94,0.3411,0,0,0,0,-1,0,3.635,33.8045,0,1]},
{"frame":235,"values":[0.3421,-0.9397,0,0,0.9397,0.3421,0,0,0,0,-1,0,3.635,33.8497,0,1]},
{"frame":236,"values":[0.343,-0.9393,0,0,0.9393,0.343,0,0,0,0,-1,0,3.635,33.8921,0,1]},
{"frame":237,"values":[0.3438,-0.939,0,0,0.939,0.3438,0,0,0,0,-1,0,3.635,33.9318,0,1]},
{"frame":238,"values":[0.3446,-0.9388,0,0,0.9388,0.3446,0,0,0,0,-1,0,3.635,33.9686,0,1]},
{"frame":239,"values":[0.3453,-0.9385,0,0,0.9385,0.3453,0,0,0,0,-1,0,3.635,34.0027,0,1]},
{"frame":240,"values":[0.3459,-0.9383,0,0,0.9383,0.3459,0,0,0,0,-1,0,3.635,34.034,0,1]},
{"frame":241,"values":[0.3465,-0.938,0,0,0.938,0.3465,0,0,0,0,-1,0,3.635,34.0623,0,1]},
{"frame":242,"values":[0.347,-0.9379,0,0,0.9379,0.347,0,0,0,0,-1,0,3.635,34.0878,0,1]},
{"frame":243,"values":[0.3475,-0.9377,0,0,0.9377,0.3475,0,0,0,0,-1,0,3.635,34.1104,0,1]},
{"frame":244,"values":[0.3479,-0.9375,0,0,0.9375,0.3479,0,0,0,0,-1,0,3.635,34.1301,0,1]},
{"frame":245,"values":[0.3483,-0.9374,0,0,0.9374,0.3483,0,0,0,0,-1,0,3.635,34.1468,0,1]},
{"frame":246,"values":[0.3486,-0.9373,0,0,0.9373,0.3486,0,0,0,0,-1,0,3.635,34.1605,0,1]},
{"frame":247,"values":[0.3488,-0.9372,0,0,0.9372,0.3488,0,0,0,0,-1,0,3.635,34.1712,0,1]},
{"frame":248,"values":[0.3489,-0.9371,0,0,0.9371,0.3489,0,0,0,0,-1,0,3.635,34.1789,0,1]},
{"frame":249,"values":[0.349,-0.9371,0,0,0.9371,0.349,0,0,0,0,-1,0,3.635,34.1835,0,1]},
{"frame":250,"values":[0.3491,-0.9371,0,0,0.9371,0.3491,0,0,0,0,-1,0,3.635,34.1851,0,1]},
{"frame":281,"values":[0.3487,-0.9372,0,0,0.9372,0.3487,0,0,0,0,-1,0,3.635,34.1701,0,1]},
{"frame":282,"values":[0.3478,-0.9376,0,0,0.9376,0.3478,0,0,0,0,-1,0,3.635,34.1254,0,1]},
{"frame":283,"values":[0.3463,-0.9381,0,0,0.9381,0.3463,0,0,0,0,-1,0,3.635,34.052,0,1]},
{"frame":284,"values":[0.3442,-0.9389,0,0,0.9389,0.3442,0,0,0,0,-1,0,3.635,33.9505,0,1]},
{"frame":285,"values":[0.3415,-0.9399,0,0,0.9399,0.3415,0,0,0,0,-1,0,3.635,33.8218,0,1]},
{"frame":286,"values":[0.3383,-0.9411,0,0,0.9411,0.3383,0,0,0,0,-1,0,3.635,33.6665,0,1]},
{"frame":287,"values":[0.3345,-0.9424,0,0,0.9424,0.3345,0,0,0,0,-1,0,3.635,33.4854,0,1]},
{"frame":288,"values":[0.3302,-0.9439,0,0,0.9439,0.3302,0,0,0,0,-1,0,3.635,33.2793,0,1]},
{"frame":289,"values":[0.3253,-0.9456,0,0,0.9456,0.3253,0,0,0,0,-1,0,3.635,33.0489,0,1]},
{"frame":290,"values":[0.32,-0.9474,0,0,0.9474,0.32,0,0,0,0,-1,0,3.635,32.795,0,1]},
{"frame":291,"values":[0.3141,-0.9494,0,0,0.9494,0.3141,0,0,0,0,-1,0,3.635,32.5184,0,1]},
{"frame":292,"values":[0.3078,-0.9515,0,0,0.9515,0.3078,0,0,0,0,-1,0,3.635,32.2198,0,1]},
{"frame":293,"values":[0.301,-0.9536,0,0,0.9536,0.301,0,0,0,0,-1,0,3.635,31.8999,0,1]},
{"frame":294,"values":[0.2937,-0.9559,0,0,0.9559,0.2937,0,0,0,0,-1,0,3.635,31.5596,0,1]},
{"frame":295,"values":[0.286,-0.9582,0,0,0.9582,0.286,0,0,0,0,-1,0,3.635,31.1996,0,1]},
{"frame":296,"values":[0.2778,-0.9606,0,0,0.9606,0.2778,0,0,0,0,-1,0,3.635,30.8206,0,1]},
{"frame":297,"values":[0.2693,-0.9631,0,0,0.9631,0.2693,0,0,0,0,-1,0,3.635,30.4234,0,1]},
{"frame":298,"values":[0.2603,-0.9655,0,0,0.9655,0.2603,0,0,0,0,-1,0,3.635,30.0087,0,1]},
{"frame":299,"values":[0.2509,-0.968,0,0,0.968,0.2509,0,0,0,0,-1,0,3.635,29.5774,0,1]},
{"frame":300,"values":[0.2411,-0.9705,0,0,0.9705,0.2411,0,0,0,0,-1,0,3.635,29.1302,0,1]},
{"frame":301,"values":[0.231,-0.973,0,0,0.973,0.231,0,0,0,0,-1,0,3.635,28.6678,0,1]},
{"frame":302,"values":[0.2205,-0.9754,0,0,0.9754,0.2205,0,0,0,0,-1,0,3.635,28.191,0,1]},
{"frame":303,"values":[0.2097,-0.9778,0,0,0.9778,0.2097,0,0,0,0,-1,0,3.635,27.7006,0,1]},
{"frame":304,"values":[0.1985,-0.9801,0,0,0.9801,0.1985,0,0,0,0,-1,0,3.635,27.1972,0,1]},
{"frame":305,"values":[0.187,-0.9824,0,0,0.9824,0.187,0,0,0,0,-1,0,3.635,26.6817,0,1]},
{"frame":306,"values":[0.1753,-0.9845,0,0,0.9845,0.1753,0,0,0,0,-1,0,3.635,26.1549,0,1]},
{"frame":307,"values":[0.1632,-0.9866,0,0,0.9866,0.1632,0,0,0,0,-1,0,3.635,25.6174,0,1]},
{"frame":308,"values":[0.1509,-0.9885,0,0,0.9885,0.1509,0,0,0,0,-1,0,3.635,25.0701,0,1]},
{"frame":309,"values":[0.1384,-0.9904,0,0,0.9904,0.1384,0,0,0,0,-1,0,3.635,24.5137,0,1]},
{"frame":310,"values":[0.1256,-0.9921,0,0,0.9921,0.1256,0,0,0,0,-1,0,3.635,23.9489,0,1]},
{"frame":311,"values":[0.1126,-0.9936,0,0,0.9936,0.1126,0,0,0,0,-1,0,3.635,23.3766,0,1]},
{"frame":312,"values":[0.0995,-0.995,0,0,0.995,0.0995,0,0,0,0,-1,0,3.635,22.7974,0,1]},
{"frame":313,"values":[0.0862,-0.9963,0,0,0.9963,0.0862,0,0,0,0,-1,0,3.635,22.2122,0,1]},
{"frame":314,"values":[0.0727,-0.9974,0,0,0.9974,0.0727,0,0,0,0,-1,0,3.635,21.6217,0,1]},
{"frame":315,"values":[0.0591,-0.9983,0,0,0.9983,0.0591,0,0,0,0,-1,0,3.635,21.0266,0,1]},
{"frame":316,"values":[0.0454,-0.999,0,0,0.999,0.0454,0,0,0,0,-1,0,3.635,20.4277,0,1]},
{"frame":317,"values":[0.0317,-0.9995,0,0,0.9995,0.0317,0,0,0,0,-1,0,3.635,19.8258,0,1]},
{"frame":318,"values":[0.0178,-0.9998,0,0,0.9998,0.0178,0,0,0,0,-1,0,3.635,19.2216,0,1]},
{"frame":319,"values":[0.0039,-1,0,0,1,0.0039,0,0,0,0,-1,0,3.635,18.6159,0,1]},
{"frame":320,"values":[-0.0099,-1,0,0,1,-0.0099,0,0,0,0,-1,0,3.635,18.0095,0,1]},
{"frame":321,"values":[-0.0238,-0.9997,0,0,0.9997,-0.0238,0,0,0,0,-1,0,3.635,17.403,0,1]},
{"frame":322,"values":[-0.0377,-0.9993,0,0,0.9993,-0.0377,0,0,0,0,-1,0,3.635,16.7973,0,1]},
{"frame":323,"values":[-0.0515,-0.9987,0,0,0.9987,-0.0515,0,0,0,0,-1,0,3.635,16.1931,0,1]},
{"frame":324,"values":[-0.0653,-0.9979,0,0,0.9979,-0.0653,0,0,0,0,-1,0,3.635,15.5912,0,1]},
{"frame":325,"values":[-0.079,-0.9969,0,0,0.9969,-0.079,0,0,0,0,-1,0,3.635,14.9923,0,1]},
{"frame":326,"values":[-0.0925,-0.9957,0,0,0.9957,-0.0925,0,0,0,0,-1,0,3.635,14.3972,0,1]},
{"frame":327,"values":[-0.106,-0.9944,0,0,0.9944,-0.106,0,0,0,0,-1,0,3.635,13.8067,0,1]},
{"frame":328,"values":[-0.1193,-0.9929,0,0,0.9929,-0.1193,0,0,0,0,-1,0,3.635,13.2215,0,1]},
{"frame":329,"values":[-0.1324,-0.9912,0,0,0.9912,-0.1324,0,0,0,0,-1,0,3.635,12.6423,0,1]},
{"frame":330,"values":[-0.1453,-0.9894,0,0,0.9894,-0.1453,0,0,0,0,-1,0,3.635,12.07,0,1]},
{"frame":331,"values":[-0.1581,-0.9874,0,0,0.9874,-0.1581,0,0,0,0,-1,0,3.635,11.5052,0,1]},
{"frame":332,"values":[-0.1706,-0.9853,0,0,0.9853,-0.1706,0,0,0,0,-1,0,3.635,10.9488,0,1]},
{"frame":333,"values":[-0.1828,-0.9831,0,0,0.9831,-0.1828,0,0,0,0,-1,0,3.635,10.4015,0,1]},
{"frame":334,"values":[-0.1948,-0.9808,0,0,0.9808,-0.1948,0,0,0,0,-1,0,3.635,9.864,0,1]},
{"frame":335,"values":[-0.2065,-0.9784,0,0,0.9784,-0.2065,0,0,0,0,-1,0,3.635,9.3372,0,1]},
{"frame":336,"values":[-0.218,-0.976,0,0,0.976,-0.218,0,0,0,0,-1,0,3.635,8.8217,0,1]},
{"frame":337,"values":[-0.2291,-0.9734,0,0,0.9734,-0.2291,0,0,0,0,-1,0,3.635,8.3183,0,1]},
{"frame":338,"values":[-0.2399,-0.9708,0,0,0.9708,-0.2399,0,0,0,0,-1,0,3.635,7.8279,0,1]},
{"frame":339,"values":[-0.2503,-0.9682,0,0,0.9682,-0.2503,0,0,0,0,-1,0,3.635,7.3511,0,1]},
{"frame":340,"values":[-0.2604,-0.9655,0,0,0.9655,-0.2604,0,0,0,0,-1,0,3.635,6.8887,0,1]},
{"frame":341,"values":[-0.2701,-0.9628,0,0,0.9628,-0.2701,0,0,0,0,-1,0,3.635,6.4415,0,1]},
{"frame":342,"values":[-0.2794,-0.9602,0,0,0.9602,-0.2794,0,0,0,0,-1,0,3.635,6.0102,0,1]},
{"frame":343,"values":[-0.2884,-0.9575,0,0,0.9575,-0.2884,0,0,0,0,-1,0,3.635,5.5955,0,1]},
{"frame":344,"values":[-0.2969,-0.9549,0,0,0.9549,-0.2969,0,0,0,0,-1,0,3.635,5.1983,0,1]},
{"frame":345,"values":[-0.305,-0.9524,0,0,0.9524,-0.305,0,0,0,0,-1,0,3.635,4.8194,0,1]},
{"frame":346,"values":[-0.3127,-0.9499,0,0,0.9499,-0.3127,0,0,0,0,-1,0,3.635,4.4593,0,1]},
{"frame":347,"values":[-0.3199,-0.9475,0,0,0.9475,-0.3199,0,0,0,0,-1,0,3.635,4.119,0,1]},
{"frame":348,"values":[-0.3267,-0.9451,0,0,0.9451,-0.3267,0,0,0,0,-1,0,3.635,3.7991,0,1]},
{"frame":349,"values":[-0.3329,-0.9429,0,0,0.9429,-0.3329,0,0,0,0,-1,0,3.635,3.5005,0,1]},
{"frame":350,"values":[-0.3387,-0.9409,0,0,0.9409,-0.3387,0,0,0,0,-1,0,3.635,3.2239,0,1]},
{"frame":351,"values":[-0.3441,-0.9389,0,0,0.9389,-0.3441,0,0,0,0,-1,0,3.635,2.97,0,1]},
{"frame":352,"values":[-0.3489,-0.9372,0,0,0.9372,-0.3489,0,0,0,0,-1,0,3.635,2.7396,0,1]},
{"frame":353,"values":[-0.3532,-0.9356,0,0,0.9356,-0.3532,0,0,0,0,-1,0,3.635,2.5335,0,1]},
{"frame":354,"values":[-0.3569,-0.9341,0,0,0.9341,-0.3569,0,0,0,0,-1,0,3.635,2.3524,0,1]},
{"frame":355,"values":[-0.3601,-0.9329,0,0,0.9329,-0.3601,0,0,0,0,-1,0,3.635,2.1971,0,1]},
{"frame":356,"values":[-0.3628,-0.9319,0,0,0.9319,-0.3628,0,0,0,0,-1,0,3.635,2.0684,0,1]},
{"frame":357,"values":[-0.3649,-0.931,0,0,0.931,-0.3649,0,0,0,0,-1,0,3.635,1.9669,0,1]},
{"frame":358,"values":[-0.3664,-0.9305,0,0,0.9305,-0.3664,0,0,0,0,-1,0,3.635,1.8934,0,1]},
{"frame":359,"values":[-0.3673,-0.9301,0,0,0.9301,-0.3673,0,0,0,0,-1,0,3.635,1.8488,0,1]},
{"frame":360,"values":[-0.3676,-0.93,0,0,0.93,-0.3676,0,0,0,0,-1,0,3.635,1.8338,0,1]},
{"frame":400,"values":[-0.3676,-0.93,0,0,0.93,-0.3676,0,0,0,0,-1,0,3.635,1.8338,0,1]},
{"frame":410,"values":[-0.3676,-0.93,0,0,0.93,-0.3676,0,0,0,0,-1,0,3.635,1.8338,0,1]},
{"frame":411,"values":[-0.3676,-0.93,0,0,0.93,-0.3676,0,0,0,0,-1,0,3.635,1.8338,0,1]}],"loopBehavior":1,"name":"anim","property":"_matrix"}},
{"name":"liftbone","index":1,"matrix":[0.93,0.3676,0,0,-0.3676,0.93,0,0,0,0,1,0,0,4.1194,0,1],"rest":[0.93,0.3676,0,0,-0.3676,0.93,0,0,0,0,1,0,0,4.1194,0,1],"parentBoneIndex":0,"length":6.8385
,"animation":{"dataType":3,"framePerSecond":24,"keys":[
{"frame":0,"values":[0.93,0.3676,0,0,-0.3676,0.93,0,0,0,0,1,0,0,4.1194,0,1]},
{"frame":2,"values":[0.93,0.3675,0,0,-0.3675,0.93,0,0,0,0,1,0,0,4.1194,0,1]},
{"frame":3,"values":[0.9301,0.3674,0,0,-0.3674,0.9301,0,0,0,0,1,0,0,4.1194,0,1]},
{"frame":4,"values":[0.9302,0.3671,0,0,-0.3671,0.9302,0,0,0,0,1,0,0,4.1194,0,1]},
{"frame":5,"values":[0.9303,0.3668,0,0,-0.3668,0.9303,0,0,0,0,1,0,0,4.1194,0,1]},
{"frame":6,"values":[0.9304,0.3665,0,0,-0.3665,0.9304,0,0,0,0,1,0,0,4.1194,0,1]},
{"frame":7,"values":[0.9306,0.3661,0,0,-0.3661,0.9306,0,0,0,0,1,0,0,4.1194,0,1]},
{"frame":8,"values":[0.9308,0.3656,0,0,-0.3656,0.9308,0,0,0,0,1,0,0,4.1194,0,1]},
{"frame":9,"values":[0.931,0.3651,0,0,-0.3651,0.931,0,0,0,0,1,0,0,4.1194,0,1]},
{"frame":10,"values":[0.9312,0.3645,0,0,-0.3645,0.9312,0,0,0,0,1,0,0,4.1194,0,1]},
{"frame":11,"values":[0.9314,0.3639,0,0,-0.3639,0.9314,0,0,0,0,1,0,0,4.1194,0,1]},
{"frame":12,"values":[0.9317,0.3632,0,0,-0.3632,0.9317,0,0,0,0,1,0,0,4.1194,0,1]},
{"frame":13,"values":[0.932,0.3624,0,0,-0.3624,0.932,0,0,0,0,1,0,0,4.1194,0,1]},
{"frame":14,"values":[0.9323,0.3616,0,0,-0.3616,0.9323,0,0,0,0,1,0,0,4.1194,0,1]},
{"frame":15,"values":[0.9327,0.3607,0,0,-0.3607,0.9327,0,0,0,0,1,0,0,4.1194,0,1]},
{"frame":16,"values":[0.933,0.3598,0,0,-0.3598,0.933,0,0,0,0,1,0,0,4.1194,0,1]},
{"frame":17,"values":[0.9334,0.3588,0,0,-0.3588,0.9334,0,0,0,0,1,0,0,4.1194,0,1]},
{"frame":18,"values":[0.9338,0.3577,0,0,-0.3577,0.9338,0,0,0,0,1,0,0,4.1194,0,1]},
{"frame":19,"values":[0.9342,0.3566,0,0,-0.3566,0.9342,0,0,0,0,1,0,0,4.1194,0,1]},
{"frame":20,"values":[0.9347,0.3555,0,0,-0.3555,0.9347,0,0,0,0,1,0,0,4.1194,0,1]},
{"frame":21,"values":[0.9351,0.3543,0,0,-0.3543,0.9351,0,0,0,0,1,0,0,4.1194,0,1]},
{"frame":22,"values":[0.9356,0.353,0,0,-0.353,0.9356,0,0,0,0,1,0,0,4.1194,0,1]},
{"frame":23,"values":[0.9361,0.3517,0,0,-0.3517,0.9361,0,0,0,0,1,0,0,4.1194,0,1]},
{"frame":24,"values":[0.9366,0.3503,0,0,-0.3503,0.9366,0,0,0,0,1,0,0,4.1194,0,1]},
{"frame":25,"values":[0.9372,0.3489,0,0,-0.3489,0.9372,0,0,0,0,1,0,0,4.1194,0,1]},
{"frame":26,"values":[0.9377,0.3474,0,0,-0.3474,0.9377,0,0,0,0,1,0,0,4.1194,0,1]},
{"frame":27,"values":[0.9383,0.3459,0,0,-0.3459,0.9383,0,0,0,0,1,0,0,4.1194,0,1]},
{"frame":28,"values":[0.9389,0.3443,0,0,-0.3443,0.9389,0,0,0,0,1,0,0,4.1194,0,1]},
{"frame":29,"values":[0.9395,0.3426,0,0,-0.3426,0.9395,0,0,0,0,1,0,0,4.1194,0,1]},
{"frame":30,"values":[0.9401,0.3409,0,0,-0.3409,0.9401,0,0,0,0,1,0,0,4.1194,0,1]},
{"frame":31,"values":[0.9407,0.3392,0,0,-0.3392,0.9407,0,0,0,0,1,0,0,4.1194,0,1]},
{"frame":32,"values":[0.9414,0.3374,0,0,-0.3374,0.9414,0,0,0,0,1,0,0,4.1194,0,1]},
{"frame":33,"values":[0.942,0.3356,0,0,-0.3356,0.942,0,0,0,0,1,0,0,4.1194,0,1]},
{"frame":34,"values":[0.9427,0.3337,0,0,-0.3337,0.9427,0,0,0,0,1,0,0,4.1194,0,1]},
{"frame":35,"values":[0.9434,0.3317,0,0,-0.3317,0.9434,0,0,0,0,1,0,0,4.1194,0,1]},
