{"producer":{"name":"Blender","version":"2.79 (sub 0)","exporter_version":"5.6.4","file":"beastwalk.babylon"},
"autoClear":true,"clearColor":[0.0509,0.0509,0.0509],"ambientColor":[0,0,0],"gravity":[0,-9.81,0],
"materials":[{"name":"beastwalk.Material.001","id":"beastwalk.Material.001","ambient":[0,0,0],"diffuse":[0,0,0],"specular":[0,0,0],"emissive":[0,0,0],"specularPower":50,"alpha":0.001,"backFaceCulling":true,"checkReadyOnlyOnce":false,"maxSimultaneousLights":4}],
"multiMaterials":[],
"skeletons":[{"name":"Armature","id":0,"dimensionsAtRest":[379.1952,391.6652,55.677],"bones":[
{"name":"mixamorig:Hips","index":0,"matrix":[0.9892,0.1118,0.0946,0,-0.0993,0.9867,-0.1286,0,0.1078,-0.1178,-0.9872,0,4.4499,195.4485,0.211,1],"rest":[1,0,0,0,0,1,0,0,0,0,-1,0,0,201.6394,0,1],"parentBoneIndex":-1,"length":21.6784
,"animation":{"dataType":3,"framePerSecond":24,"keys":[
{"frame":1,"values":[0.9892,0.1118,0.0946,0,-0.0993,0.9867,-0.1286,0,0.1078,-0.1178,-0.9872,0,4.4499,195.4485,0.211,1]},
{"frame":2,"values":[0.9891,0.1192,0.0863,0,-0.11,0.9885,-0.1042,0,0.0977,-0.0936,-0.9908,0,3.6401,195.9876,1.9491,1]},
{"frame":3,"values":[0.9902,0.1184,0.0734,0,-0.1113,0.9892,-0.0949,0,0.0838,-0.0858,-0.9928,0,3.1218,195.3915,3.6783,1]},
{"frame":4,"values":[0.9924,0.112,0.0507,0,-0.1066,0.9894,-0.0985,0,0.0612,-0.0923,-0.9938,0,2.8696,194.0194,5.3008,1]},
{"frame":5,"values":[0.9945,0.1028,0.0219,0,-0.1,0.9895,-0.1048,0,0.0324,-0.102,-0.9943,0,2.7875,192.07,6.6376,1]},
{"frame":6,"values":[0.9958,0.091,-0.0076,0,-0.0913,0.9898,-0.109,0,0.0024,-0.1092,-0.994,0,2.8477,189.3615,7.293,1]},
{"frame":7,"values":[0.9958,0.0768,-0.0497,0,-0.082,0.9902,-0.1131,0,-0.0405,-0.1167,-0.9923,0,3.6528,185.8559,7.1076,1]},
{"frame":8,"values":[0.9938,0.0624,-0.0917,0,-0.0736,0.9895,-0.1243,0,-0.083,-0.1302,-0.988,0,4.458,181.9422,6.1834,1]},
{"frame":9,"values":[0.9894,0.0562,-0.1336,0,-0.0767,0.9852,-0.1531,0,-0.123,-0.1617,-0.9791,0,5.2631,179.1449,4.2774,1]},
{"frame":10,"values":[0.9833,0.0487,-0.1751,0,-0.0809,0.98,-0.1817,0,-0.1628,-0.1928,-0.9676,0,6.0683,176.3477,2.3715,1]},
{"frame":11,"values":[0.9748,0.054,-0.2164,0,-0.1003,0.9727,-0.2091,0,-0.1992,-0.2255,-0.9537,0,6.8734,173.5504,0.4655,1]},
{"frame":12,"values":[0.9776,0.0599,-0.2019,0,-0.1015,0.9741,-0.2023,0,-0.1845,-0.2182,-0.9583,0,7.6785,170.7531,-1.4404,1]},
{"frame":13,"values":[0.9801,0.0658,-0.1873,0,-0.1029,0.9753,-0.1954,0,-0.1698,-0.2108,-0.9627,0,8.4837,173.8555,-3.3463,1]},
{"frame":14,"values":[0.9839,0.0473,-0.1726,0,-0.0801,0.9788,-0.1885,0,-0.16,-0.1993,-0.9668,0,9.2888,176.9578,-5.2523,1]},
{"frame":15,"values":[0.987,0.0285,-0.158,0,-0.0574,0.9817,-0.1813,0,-0.15,-0.188,-0.9706,0,10.0939,180.0602,-7.1582,1]},
{"frame":16,"values":[0.9896,0.0097,-0.1433,0,-0.0349,0.9841,-0.1741,0,-0.1394,-0.1773,-0.9742,0,10.8991,183.1625,-7.0714,1]},
{"frame":17,"values":[0.9917,-0.0091,-0.1284,0,-0.0126,0.9858,-0.1673,0,-0.1281,-0.1675,-0.9775,0,11.7042,186.2648,-7.6175,1]},
{"frame":18,"values":[0.9931,-0.028,-0.1136,0,0.0095,0.9871,-0.1601,0,-0.1166,-0.1579,-0.9805,0,12.5094,189.3672,-8.1637,1]},
{"frame":19,"values":[0.994,-0.0471,-0.0989,0,0.0316,0.9878,-0.1525,0,-0.1048,-0.1485,-0.9833,0,13.3145,192.4695,-8.7099,1]},
{"frame":20,"values":[0.9942,-0.0663,-0.0843,0,0.0536,0.988,-0.1447,0,-0.0929,-0.1393,-0.9859,0,14.1196,195.5718,-9.2561,1]},
{"frame":21,"values":[0.9961,-0.0546,-0.0696,0,0.0446,0.9896,-0.137,0,-0.0763,-0.1333,-0.9881,0,14.9248,191.9424,-9.8022,1]},
{"frame":22,"values":[0.9976,-0.0429,-0.0547,0,0.0355,0.991,-0.1294,0,-0.0598,-0.1271,-0.9901,0,15.7299,188.3129,-10.3484,1]},
{"frame":23,"values":[0.9987,-0.0314,-0.0398,0,0.0263,0.9922,-0.1219,0,-0.0433,-0.1207,-0.9917,0,16.535,184.6834,-10.8946,1]},
{"frame":24,"values":[0.9995,-0.0197,-0.025,0,0.0167,0.9933,-0.1142,0,-0.027,-0.1138,-0.9931,0,17.3402,181.0539,-10.0272,1]},
{"frame":25,"values":[0.9999,-0.0081,-0.01,0,0.0068,0.9924,-0.1225,0,-0.0109,-0.1224,-0.9924,0,16.1526,177.4245,-9.1598,1]},
{"frame":26,"values":[1,0.0036,0.0049,0,-0.0029,0.9914,-0.1309,0,0.0053,-0.1308,-0.9914,0,14.965,173.795,-8.2924,1]},
{"frame":27,"values":[0.9997,0.0154,0.0196,0,-0.0126,0.9902,-0.1394,0,0.0216,-0.1391,-0.99,0,13.7774,170.1655,-7.425,1]},
{"frame":28,"values":[0.999,0.0269,0.0347,0,-0.0215,0.9889,-0.1473,0,0.0382,-0.1464,-0.9885,0,12.5898,173.5123,-6.5577,1]},
{"frame":29,"values":[0.998,0.0384,0.0496,0,-0.0303,0.9874,-0.1554,0,0.055,-0.1536,-0.9866,0,11.4022,176.859,-5.6903,1]},
{"frame":30,"values":[0.9967,0.0501,0.0645,0,-0.0389,0.9858,-0.1636,0,0.0717,-0.1605,-0.9844,0,10.2146,180.2057,-4.8229,1]},
{"frame":31,"values":[0.9949,0.0618,0.0792,0,-0.0474,0.984,-0.1719,0,0.0885,-0.1673,-0.9819,0,9.027,183.5525,-3.9555,1]},
{"frame":32,"values":[0.9929,0.0736,0.0938,0,-0.0558,0.982,-0.1803,0,0.1054,-0.1738,-0.9791,0,7.8394,186.8993,-3.0881,1]},
{"frame":33,"values":[0.9904,0.0851,0.1086,0,-0.066,0.9834,-0.1688,0,0.1211,-0.16,-0.9797,0,6.6518,190.246,-2.2207,1]},
{"frame":34,"values":[0.99,0.0968,0.103,0,-0.0798,0.9843,-0.1576,0,0.1166,-0.1478,-0.9821,0,5.4643,193.5928,-1.3533,1]},
{"frame":35,"values":[0.9892,0.1118,0.0946,0,-0.0992,0.9867,-0.1286,0,0.1077,-0.1178,-0.9872,0,4.4508,195.4552,0.2631,1]}],"loopBehavior":1,"name":"anim","property":"_matrix"}},
{"name":"mixamorig:Spine","index":1,"matrix":[0.9997,-0.0098,-0.0226,0,0.0119,0.9953,0.0957,0,0.0216,-0.096,0.9951,0,0.0062,19.525,-2.4818,1],"rest":[1,0,0,0,0,1,0,0,0,0,1,0,0.0062,19.525,-2.4818,1],"parentBoneIndex":0,"length":23.0091
,"animation":{"dataType":3,"framePerSecond":24,"keys":[
{"frame":1,"values":[0.9997,-0.0098,-0.0226,0,0.0119,0.9953,0.0957,0,0.0216,-0.096,0.9951,0,0.0062,19.525,-2.4818,1]},
{"frame":2,"values":[0.9993,-0.0156,-0.0343,0,0.019,0.9948,0.1001,0,0.0325,-0.1007,0.9944,0,0.0062,19.525,-2.4818,1]},
{"frame":3,"values":[0.9989,-0.0175,-0.0434,0,0.0219,0.9944,0.1032,0,0.0414,-0.104,0.9937,0,0.0062,19.525,-2.4818,1]},
{"frame":4,"values":[0.9985,-0.0176,-0.0513,0,0.0229,0.9943,0.104,0,0.0492,-0.105,0.9933,0,0.0062,19.525,-2.4818,1]},
{"frame":5,"values":[0.9981,-0.0178,-0.0586,0,0.0238,0.9943,0.1039,0,0.0564,-0.1051,0.9929,0,0.0062,19.525,-2.4818,1]},
{"frame":6,"values":[0.9978,-0.0161,-0.065,0,0.0228,0.9943,0.1037,0,0.0629,-0.1049,0.9925,0,0.0062,19.525,-2.4818,1]},
{"frame":7,"values":[0.9975,-0.0126,-0.0693,0,0.0198,0.9944,0.104,0,0.0676,-0.1051,0.9922,0,0.0062,19.525,-2.4818,1]},
{"frame":8,"values":[0.9972,-0.0127,-0.0736,0,0.0204,0.9943,0.105,0,0.0718,-0.1062,0.9917,0,0.0062,19.525,-2.4818,1]},
{"frame":9,"values":[0.9967,-0.0216,-0.0779,0,0.0298,0.9939,0.1058,0,0.0751,-0.1078,0.9913,0,0.0062,19.525,-2.4818,1]},
{"frame":10,"values":[0.9962,-0.0304,-0.0822,0,0.039,0.9937,0.1047,0,0.0785,-0.1075,0.9911,0,0.0062,19.525,-2.4818,1]},
{"frame":11,"values":[0.9967,-0.0393,-0.0709,0,0.0465,0.9936,0.1032,0,0.0664,-0.1061,0.9921,0,0.0062,19.525,-2.4818,1]},
{"frame":12,"values":[0.9976,-0.0348,-0.0596,0,0.0409,0.9937,0.1045,0,0.0556,-0.1067,0.9927,0,0.0062,19.525,-2.4818,1]},
{"frame":13,"values":[0.9984,-0.0303,-0.0482,0,0.0352,0.9938,0.1058,0,0.0447,-0.1073,0.9932,0,0.0062,19.525,-2.4818,1]},
{"frame":14,"values":[0.999,-0.0258,-0.0369,0,0.0295,0.9942,0.1035,0,0.034,-0.1044,0.994,0,0.0062,19.525,-2.4818,1]},
{"frame":15,"values":[0.9994,-0.0213,-0.0255,0,0.0238,0.9946,0.1011,0,0.0232,-0.1016,0.9946,0,0.0062,19.525,-2.4818,1]},
{"frame":16,"values":[0.9998,-0.0168,-0.0141,0,0.0181,0.995,0.0986,0,0.0124,-0.0989,0.995,0,0.0062,19.525,-2.4818,1]},
{"frame":17,"values":[0.9999,-0.0123,-0.0028,0,0.0125,0.9953,0.0961,0,0.0016,-0.0962,0.9954,0,0.0062,19.525,-2.4818,1]},
{"frame":18,"values":[0.9999,-0.0077,0.0086,0,0.0069,0.9956,0.0936,0,-0.0092,-0.0935,0.9956,0,0.0062,19.525,-2.4818,1]},
{"frame":19,"values":[0.9998,-0.0031,0.0199,0,0.0013,0.9959,0.091,0,-0.0201,-0.0909,0.9957,0,0.0062,19.525,-2.4818,1]},
{"frame":20,"values":[0.9995,0.0015,0.0312,0,-0.0044,0.9956,0.0932,0,-0.0309,-0.0932,0.9952,0,0.0062,19.525,-2.4818,1]},
{"frame":21,"values":[0.9991,0.006,0.0426,0,-0.0101,0.9954,0.0953,0,-0.0418,-0.0956,0.9945,0,0.0062,19.525,-2.4818,1]},
{"frame":22,"values":[0.9985,0.0105,0.0539,0,-0.0158,0.9951,0.0974,0,-0.0526,-0.0981,0.9938,0,0.0062,19.525,-2.4818,1]},
{"frame":23,"values":[0.9978,0.015,0.0653,0,-0.0215,0.9948,0.0994,0,-0.0634,-0.1005,0.9929,0,0.0062,19.525,-2.4818,1]},
{"frame":24,"values":[0.9981,0.0195,0.0586,0,-0.0254,0.9945,0.1015,0,-0.0563,-0.1028,0.9931,0,0.0062,19.525,-2.4818,1]},
{"frame":25,"values":[0.9984,0.0241,0.0519,0,-0.0293,0.9942,0.1037,0,-0.0491,-0.105,0.9933,0,0.0062,19.525,-2.4818,1]},
{"frame":26,"values":[0.9986,0.0286,0.0452,0,-0.0333,0.9938,0.1059,0,-0.0419,-0.1072,0.9934,0,0.0062,19.525,-2.4818,1]},
{"frame":27,"values":[0.9987,0.0332,0.0385,0,-0.0372,0.9934,0.1081,0,-0.0346,-0.1094,0.9934,0,0.0062,19.525,-2.4818,1]},
{"frame":28,"values":[0.9991,0.0283,0.0318,0,-0.0317,0.9934,0.1103,0,-0.0285,-0.1112,0.9934,0,0.0062,19.525,-2.4818,1]},
{"frame":29,"values":[0.9994,0.0235,0.0251,0,-0.0262,0.9933,0.1125,0,-0.0223,-0.1131,0.9933,0,0.0062,19.525,-2.4818,1]},
{"frame":30,"values":[0.9997,0.0187,0.0184,0,-0.0207,0.9932,0.1146,0,-0.0161,-0.115,0.9932,0,0.0062,19.525,-2.4818,1]},
{"frame":31,"values":[0.9998,0.0139,0.0116,0,-0.0151,0.9939,0.1095,0,-0.01,-0.1097,0.9939,0,0.0062,19.525,-2.4818,1]},
{"frame":32,"values":[0.9999,0.0091,0.0049,0,-0.0096,0.9945,0.1044,0,-0.0039,-0.1044,0.9945,0,0.0062,19.525,-2.4818,1]},
{"frame":33,"values":[1,0.0043,-0.0018,0,-0.0041,0.9951,0.0992,0,0.0022,-0.0992,0.9951,0,0.0062,19.525,-2.4818,1]},
{"frame":34,"values":[1,-0.0006,-0.0084,0,0.0014,0.9956,0.094,0,0.0083,-0.094,0.9955,0,0.0062,19.525,-2.4818,1]},
{"frame":35,"values":[0.9997,-0.0097,-0.0227,0,0.0118,0.9953,0.0957,0,0.0216,-0.096,0.9951,0,0.0062,19.525,-2.4818,1]}],"loopBehavior":1,"name":"anim","property":"_matrix"}},
{"name":"mixamorig:Spine1","index":2,"matrix":[0.9985,-0.0296,-0.046,0,0.0376,0.9819,0.1857,0,0.0397,-0.1871,0.9815,0,-0.0009,22.835,-2.8254,1],"rest":[1,0,0,0,0,1,0,0,0,0,1,0,-0.0009,22.835,-2.8254,1],"parentBoneIndex":1,"length":26.7438
,"animation":{"dataType":3,"framePerSecond":24,"keys":[
{"frame":1,"values":[0.9985,-0.0296,-0.046,0,0.0376,0.9819,0.1857,0,0.0397,-0.1871,0.9815,0,-0.0009,22.835,-2.8254,1]},
{"frame":2,"values":[0.9965,-0.0402,-0.0728,0,0.0537,0.9795,0.1943,0,0.0635,-0.1976,0.9782,0,-0.0009,22.835,-2.8254,1]},
{"frame":3,"values":[0.9946,-0.0456,-0.0931,0,0.0636,0.9776,0.2006,0,0.0818,-0.2054,0.9752,0,-0.0009,22.835,-2.8254,1]},
{"frame":4,"values":[0.9929,-0.047,-0.1096,0,0.0687,0.9768,0.2027,0,0.0976,-0.2088,0.9731,0,-0.0009,22.835,-2.8254,1]},
{"frame":5,"values":[0.9912,-0.047,-0.1236,0,0.0717,0.9765,0.2034,0,0.1111,-0.2104,0.9713,0,-0.0009,22.835,-2.8254,1]},
{"frame":6,"values":[0.9899,-0.0476,-0.1337,0,0.0746,0.9759,0.2048,0,0.1207,-0.2127,0.9696,0,-0.0009,22.835,-2.8254,1]},
{"frame":7,"values":[0.9884,-0.0563,-0.1414,0,0.0853,0.9744,0.2082,0,0.126,-0.2178,0.9678,0,-0.0009,22.835,-2.8254,1]},
{"frame":8,"values":[0.9867,-0.065,-0.149,0,0.096,0.9726,0.2118,0,0.1312,-0.2233,0.9659,0,-0.0009,22.835,-2.8254,1]},
{"frame":9,"values":[0.9849,-0.0736,-0.1567,0,0.1063,0.9715,0.2117,0,0.1366,-0.2251,0.9647,0,-0.0009,22.835,-2.8254,1]},
{"frame":10,"values":[0.983,-0.0822,-0.1643,0,0.1158,0.9716,0.2065,0,0.1427,-0.222,0.9645,0,-0.0009,22.835,-2.8254,1]},
{"frame":11,"values":[0.9853,-0.0912,-0.1442,0,0.1198,0.9717,0.2036,0,0.1216,-0.2178,0.9684,0,-0.0009,22.835,-2.8254,1]},
{"frame":12,"values":[0.9872,-0.1002,-0.1241,0,0.1245,0.9704,0.2069,0,0.0997,-0.2197,0.9705,0,-0.0009,22.835,-2.8254,1]},
{"frame":13,"values":[0.9906,-0.0891,-0.1039,0,0.1094,0.9715,0.2101,0,0.0823,-0.2195,0.9721,0,-0.0009,22.835,-2.8254,1]},
{"frame":14,"values":[0.9934,-0.0779,-0.0836,0,0.0938,0.9737,0.2077,0,0.0653,-0.2142,0.9746,0,-0.0009,22.835,-2.8254,1]},
{"frame":15,"values":[0.9958,-0.0666,-0.0634,0,0.0783,0.9756,0.205,0,0.0482,-0.2091,0.9767,0,-0.0009,22.835,-2.8254,1]},
{"frame":16,"values":[0.9975,-0.0552,-0.0431,0,0.0628,0.9774,0.202,0,0.031,-0.2042,0.9784,0,-0.0009,22.835,-2.8254,1]},
{"frame":17,"values":[0.9988,-0.0436,-0.0228,0,0.0473,0.9789,0.1986,0,0.0137,-0.1994,0.9798,0,-0.0009,22.835,-2.8254,1]},
{"frame":18,"values":[0.9995,-0.0322,-0.0025,0,0.032,0.9795,0.1987,0,-0.0039,-0.1987,0.9801,0,-0.0009,22.835,-2.8254,1]},
{"frame":19,"values":[0.9996,-0.0207,0.0178,0,0.0167,0.98,0.1985,0,-0.0216,-0.1982,0.9799,0,-0.0009,22.835,-2.8254,1]},
{"frame":20,"values":[0.9992,-0.0092,0.0381,0,0.0014,0.9802,0.1981,0,-0.0392,-0.1979,0.9794,0,-0.0009,22.835,-2.8254,1]},
{"frame":21,"values":[0.9983,0.0023,0.0584,0,-0.0138,0.9802,0.1973,0,-0.0568,-0.1978,0.9786,0,-0.0009,22.835,-2.8254,1]},
{"frame":22,"values":[0.9968,0.0139,0.0786,0,-0.0294,0.9792,0.2006,0,-0.0742,-0.2023,0.9765,0,-0.0009,22.835,-2.8254,1]},
{"frame":23,"values":[0.9948,0.0253,0.0988,0,-0.0451,0.978,0.2036,0,-0.0915,-0.207,0.9741,0,-0.0009,22.835,-2.8254,1]},
{"frame":24,"values":[0.9922,0.0366,0.1191,0,-0.0608,0.9766,0.2062,0,-0.1087,-0.2119,0.9712,0,-0.0009,22.835,-2.8254,1]},
{"frame":25,"values":[0.9891,0.0479,0.1393,0,-0.0765,0.975,0.2085,0,-0.1258,-0.2169,0.968,0,-0.0009,22.835,-2.8254,1]},
{"frame":26,"values":[0.9907,0.0594,0.1225,0,-0.0846,0.9736,0.2122,0,-0.1066,-0.2206,0.9695,0,-0.0009,22.835,-2.8254,1]},
{"frame":27,"values":[0.9931,0.0501,0.1057,0,-0.0721,0.9737,0.216,0,-0.0921,-0.2222,0.9707,0,-0.0009,22.835,-2.8254,1]},
{"frame":28,"values":[0.9952,0.0408,0.0888,0,-0.0595,0.9738,0.2196,0,-0.0775,-0.2238,0.9715,0,-0.0009,22.835,-2.8254,1]},
{"frame":29,"values":[0.9969,0.0316,0.0719,0,-0.0469,0.9737,0.223,0,-0.063,-0.2256,0.9722,0,-0.0009,22.835,-2.8254,1]},
{"frame":30,"values":[0.9982,0.0225,0.0549,0,-0.0338,0.976,0.2153,0,-0.0487,-0.2168,0.975,0,-0.0009,22.835,-2.8254,1]},
{"frame":31,"values":[0.9992,0.0133,0.0379,0,-0.0208,0.978,0.2074,0,-0.0343,-0.208,0.9775,0,-0.0009,22.835,-2.8254,1]},
{"frame":32,"values":[0.9998,0.0039,0.0209,0,-0.008,0.9799,0.1992,0,-0.0197,-0.1993,0.9797,0,-0.0009,22.835,-2.8254,1]},
{"frame":33,"values":[1,-0.0056,0.0041,0,0.0048,0.9816,0.1908,0,-0.0051,-0.1908,0.9816,0,-0.0009,22.835,-2.8254,1]},
{"frame":34,"values":[0.9998,-0.0153,-0.0127,0,0.0174,0.9831,0.1822,0,0.0097,-0.1824,0.9832,0,-0.0009,22.835,-2.8254,1]},
{"frame":35,"values":[0.9985,-0.0295,-0.046,0,0.0376,0.9819,0.1857,0,0.0397,-0.1871,0.9815,0,-0.0009,22.835,-2.8254,1]}],"loopBehavior":1,"name":"anim","property":"_matrix"}},
{"name":"mixamorig:Spine2","index":3,"matrix":[0.9985,-0.0293,-0.0461,0,0.0374,0.9819,0.1857,0,0.0398,-0.1871,0.9815,0,-0.0206,26.5525,-3.1933,1],"rest":[1,0,0,0,0,1,0,0,0,0,1,0,-0.0206,26.5525,-3.1933,1],"parentBoneIndex":2,"length":24.825
,"animation":{"dataType":3,"framePerSecond":24,"keys":[
{"frame":1,"values":[0.9985,-0.0293,-0.0461,0,0.0374,0.9819,0.1857,0,0.0398,-0.1871,0.9815,0,-0.0206,26.5525,-3.1933,1]},
{"frame":2,"values":[0.9965,-0.0399,-0.0729,0,0.0534,0.9795,0.1943,0,0.0637,-0.1976,0.9782,0,-0.0206,26.5525,-3.1933,1]},
{"frame":3,"values":[0.9946,-0.0453,-0.0933,0,0.0633,0.9776,0.2006,0,0.0821,-0.2054,0.9752,0,-0.0206,26.5525,-3.1933,1]},
{"frame":4,"values":[0.9928,-0.0467,-0.1098,0,0.0684,0.9768,0.2027,0,0.0978,-0.2088,0.9731,0,-0.0206,26.5525,-3.1933,1]},
{"frame":5,"values":[0.9912,-0.0468,-0.1237,0,0.0715,0.9765,0.2033,0,0.1113,-0.2104,0.9713,0,-0.0206,26.5525,-3.1933,1]},
{"frame":6,"values":[0.9899,-0.0476,-0.1338,0,0.0746,0.976,0.2048,0,0.1208,-0.2127,0.9696,0,-0.0206,26.5525,-3.1933,1]},
{"frame":7,"values":[0.9883,-0.0564,-0.1414,0,0.0854,0.9744,0.208,0,0.1261,-0.2176,0.9679,0,-0.0206,26.5525,-3.1933,1]},
{"frame":8,"values":[0.9867,-0.0652,-0.149,0,0.0962,0.9726,0.2115,0,0.1312,-0.2231,0.9659,0,-0.0206,26.5525,-3.1933,1]},
{"frame":9,"values":[0.9849,-0.0739,-0.1566,0,0.1065,0.9716,0.2114,0,0.1366,-0.2249,0.9648,0,-0.0206,26.5525,-3.1933,1]},
{"frame":10,"values":[0.983,-0.0826,-0.1642,0,0.1161,0.9715,0.2064,0,0.1425,-0.222,0.9646,0,-0.0206,26.5525,-3.1933,1]},
{"frame":11,"values":[0.9853,-0.0916,-0.1442,0,0.1201,0.9717,0.2034,0,0.1214,-0.2177,0.9684,0,-0.0206,26.5525,-3.1933,1]},
{"frame":12,"values":[0.9872,-0.1007,-0.124,0,0.125,0.9704,0.2066,0,0.0996,-0.2194,0.9705,0,-0.0206,26.5525,-3.1933,1]},
{"frame":13,"values":[0.9906,-0.0896,-0.1038,0,0.1098,0.9716,0.2097,0,0.0821,-0.2191,0.9722,0,-0.0206,26.5525,-3.1933,1]},
{"frame":14,"values":[0.9934,-0.0784,-0.0836,0,0.0942,0.9739,0.2063,0,0.0652,-0.2128,0.9749,0,-0.0206,26.5525,-3.1933,1]},
{"frame":15,"values":[0.9957,-0.067,-0.0633,0,0.0786,0.9761,0.2025,0,0.0482,-0.2067,0.9772,0,-0.0206,26.5525,-3.1933,1]},
{"frame":16,"values":[0.9975,-0.0556,-0.0431,0,0.0631,0.9781,0.1985,0,0.0311,-0.2007,0.9792,0,-0.0206,26.5525,-3.1933,1]},
{"frame":17,"values":[0.9988,-0.0441,-0.0228,0,0.0478,0.9788,0.1991,0,0.0135,-0.1999,0.9797,0,-0.0206,26.5525,-3.1933,1]},
{"frame":18,"values":[0.9995,-0.0326,-0.0024,0,0.0325,0.9794,0.1994,0,-0.0041,-0.1993,0.9799,0,-0.0206,26.5525,-3.1933,1]},
{"frame":19,"values":[0.9996,-0.0211,0.0179,0,0.0172,0.9798,0.1993,0,-0.0217,-0.1989,0.9798,0,-0.0206,26.5525,-3.1933,1]},
{"frame":20,"values":[0.9992,-0.0097,0.0382,0,0.0019,0.98,0.1989,0,-0.0394,-0.1987,0.9793,0,-0.0206,26.5525,-3.1933,1]},
{"frame":21,"values":[0.9983,0.0018,0.0585,0,-0.0134,0.9801,0.1982,0,-0.057,-0.1987,0.9784,0,-0.0206,26.5525,-3.1933,1]},
{"frame":22,"values":[0.9968,0.0134,0.0787,0,-0.029,0.9791,0.2015,0,-0.0744,-0.2031,0.9763,0,-0.0206,26.5525,-3.1933,1]},
{"frame":23,"values":[0.9948,0.0248,0.0989,0,-0.0447,0.9779,0.2044,0,-0.0917,-0.2077,0.9739,0,-0.0206,26.5525,-3.1933,1]},
{"frame":24,"values":[0.9922,0.0362,0.1191,0,-0.0604,0.9765,0.2069,0,-0.1089,-0.2125,0.9711,0,-0.0206,26.5525,-3.1933,1]},
{"frame":25,"values":[0.9891,0.0474,0.1393,0,-0.0762,0.9749,0.2092,0,-0.1259,-0.2175,0.9679,0,-0.0206,26.5525,-3.1933,1]},
{"frame":26,"values":[0.9907,0.0589,0.1225,0,-0.0842,0.9735,0.2128,0,-0.1068,-0.2212,0.9694,0,-0.0206,26.5525,-3.1933,1]},
{"frame":27,"values":[0.9932,0.0497,0.1057,0,-0.0717,0.9736,0.2165,0,-0.0922,-0.2226,0.9705,0,-0.0206,26.5525,-3.1933,1]},
{"frame":28,"values":[0.9952,0.0405,0.0889,0,-0.0592,0.9737,0.2201,0,-0.0776,-0.2243,0.9714,0,-0.0206,26.5525,-3.1933,1]},
{"frame":29,"values":[0.9969,0.0313,0.0719,0,-0.0467,0.9736,0.2234,0,-0.063,-0.226,0.9721,0,-0.0206,26.5525,-3.1933,1]},
{"frame":30,"values":[0.9982,0.0223,0.0549,0,-0.0336,0.9759,0.2156,0,-0.0487,-0.2171,0.9749,0,-0.0206,26.5525,-3.1933,1]},
{"frame":31,"values":[0.9992,0.0131,0.0379,0,-0.0207,0.978,0.2076,0,-0.0343,-0.2082,0.9775,0,-0.0206,26.5525,-3.1933,1]},
{"frame":32,"values":[0.9998,0.0038,0.0209,0,-0.0079,0.9799,0.1994,0,-0.0197,-0.1995,0.9797,0,-0.0206,26.5525,-3.1933,1]},
{"frame":33,"values":[1,-0.0057,0.004,0,0.0048,0.9816,0.1909,0,-0.005,-0.1909,0.9816,0,-0.0206,26.5525,-3.1933,1]},
{"frame":34,"values":[0.9998,-0.0153,-0.0128,0,0.0173,0.9831,0.1822,0,0.0098,-0.1824,0.9832,0,-0.0206,26.5525,-3.1933,1]},
{"frame":35,"values":[0.9985,-0.0293,-0.0461,0,0.0374,0.9819,0.1857,0,0.0398,-0.1871,0.9815,0,-0.0206,26.5525,-3.1933,1]}],"loopBehavior":1,"name":"anim","property":"_matrix"}},
{"name":"mixamorig:Neck","index":4,"matrix":[0.9993,-0.0133,0.0363,0,0.0159,0.9971,-0.0747,0,-0.0352,0.0752,0.9965,0,-0.06,30.7018,1.3522,1],"rest":[1,0,0,0,0,1,0,0,0,0,1,0,-0.06,30.7018,1.3522,1],"parentBoneIndex":3,"length":22.8446
,"animation":{"dataType":3,"framePerSecond":24,"keys":[
{"frame":1,"values":[0.9993,-0.0133,0.0363,0,0.0159,0.9971,-0.0747,0,-0.0352,0.0752,0.9965,0,-0.06,30.7018,1.3522,1]},
{"frame":2,"values":[0.999,-0.0159,0.0424,0,0.0194,0.9965,-0.0814,0,-0.0409,0.0821,0.9958,0,-0.06,30.7018,1.3522,1]},
{"frame":3,"values":[0.9987,-0.0181,0.0469,0,0.0222,0.9957,-0.0901,0,-0.0451,0.091,0.9948,0,-0.06,30.7018,1.3522,1]},
{"frame":4,"values":[0.9985,-0.0216,0.0499,0,0.0266,0.9946,-0.1006,0,-0.0475,0.1018,0.9937,0,-0.06,30.7018,1.3522,1]},
{"frame":5,"values":[0.9983,-0.0257,0.0519,0,0.0315,0.9931,-0.1131,0,-0.0486,0.1146,0.9922,0,-0.06,30.7018,1.3522,1]},
{"frame":6,"values":[0.9982,-0.0292,0.0528,0,0.0358,0.9912,-0.1276,0,-0.0486,0.1292,0.9904,0,-0.06,30.7018,1.3522,1]},
{"frame":7,"values":[0.9981,-0.0313,0.0531,0,0.0386,0.9889,-0.1434,0,-0.048,0.1451,0.9882,0,-0.06,30.7018,1.3522,1]},
{"frame":8,"values":[0.9985,-0.0313,0.0459,0,0.0381,0.9871,-0.1556,0,-0.0404,0.1571,0.9868,0,-0.06,30.7018,1.3522,1]},
{"frame":9,"values":[0.9989,-0.0279,0.0388,0,0.0341,0.9852,-0.1678,0,-0.0335,0.1689,0.9851,0,-0.06,30.7018,1.3522,1]},
{"frame":10,"values":[0.9992,-0.0247,0.0316,0,0.03,0.9832,-0.18,0,-0.0266,0.1808,0.9832,0,-0.06,30.7018,1.3522,1]},
{"frame":11,"values":[0.9995,-0.0215,0.0243,0,0.0258,0.981,-0.1921,0,-0.0197,0.1926,0.9811,0,-0.06,30.7018,1.3522,1]},
{"frame":12,"values":[0.9997,-0.0184,0.0171,0,0.0212,0.984,-0.1769,0,-0.0135,0.1773,0.9841,0,-0.06,30.7018,1.3522,1]},
{"frame":13,"values":[0.9998,-0.0153,0.0099,0,0.0166,0.9867,-0.1617,0,-0.0073,0.1618,0.9868,0,-0.06,30.7018,1.3522,1]},
{"frame":14,"values":[0.9999,-0.0119,0.0027,0,0.0122,0.9892,-0.1464,0,-0.0009,0.1464,0.9892,0,-0.06,30.7018,1.3522,1]},
{"frame":15,"values":[1,-0.0085,-0.0044,0,0.0079,0.9913,-0.131,0,0.0055,0.131,0.9914,0,-0.06,30.7018,1.3522,1]},
{"frame":16,"values":[0.9999,-0.0094,-0.0116,0,0.008,0.9933,-0.1156,0,0.0126,0.1155,0.9932,0,-0.06,30.7018,1.3522,1]},
{"frame":17,"values":[0.9998,-0.0101,-0.0188,0,0.0082,0.9949,-0.1002,0,0.0197,0.1,0.9948,0,-0.06,30.7018,1.3522,1]},
{"frame":18,"values":[0.9996,-0.0108,-0.026,0,0.0085,0.9964,-0.0848,0,0.0268,0.0845,0.9961,0,-0.06,30.7018,1.3522,1]},
{"frame":19,"values":[0.9994,-0.0071,-0.0332,0,0.0047,0.9976,-0.0693,0,0.0336,0.0691,0.997,0,-0.06,30.7018,1.3522,1]},
{"frame":20,"values":[0.9992,-0.0032,-0.0403,0,0.0011,0.9985,-0.0539,0,0.0404,0.0538,0.9977,0,-0.06,30.7018,1.3522,1]},
{"frame":21,"values":[0.9989,0.0006,-0.0475,0,-0.0038,0.9977,-0.0673,0,0.0473,0.0674,0.9966,0,-0.06,30.7018,1.3522,1]},
{"frame":22,"values":[0.9985,0.0043,-0.0547,0,-0.0087,0.9967,-0.0806,0,0.0542,0.081,0.9952,0,-0.06,30.7019,1.3522,1]},
{"frame":23,"values":[0.9988,0.0078,-0.048,0,-0.0123,0.9955,-0.094,0,0.047,0.0945,0.9944,0,-0.06,30.7018,1.3522,1]},
{"frame":24,"values":[0.9991,0.0115,-0.0413,0,-0.0159,0.9941,-0.1074,0,0.0398,0.108,0.9934,0,-0.06,30.7018,1.3522,1]},
{"frame":25,"values":[0.9993,0.0153,-0.0347,0,-0.0193,0.9925,-0.1208,0,0.0326,0.1214,0.9921,0,-0.06,30.7018,1.3522,1]},
{"frame":26,"values":[0.9994,0.0191,-0.0281,0,-0.0227,0.9907,-0.1342,0,0.0253,0.1347,0.9906,0,-0.06,30.7018,1.3522,1]},
{"frame":27,"values":[0.9995,0.023,-0.0216,0,-0.026,0.9887,-0.1476,0,0.0179,0.148,0.9888,0,-0.06,30.7018,1.3522,1]},
{"frame":28,"values":[0.9997,0.0182,-0.015,0,-0.0204,0.9868,-0.1609,0,0.0118,0.1611,0.9869,0,-0.06,30.7018,1.3522,1]},
{"frame":29,"values":[0.9999,0.0135,-0.0083,0,-0.0148,0.9846,-0.1741,0,0.0058,0.1742,0.9847,0,-0.06,30.7018,1.3522,1]},
{"frame":30,"values":[1,0.0089,-0.0015,0,-0.0091,0.9871,-0.1597,0,0.0001,0.1598,0.9872,0,-0.06,30.7018,1.3522,1]},
{"frame":31,"values":[1,0.0043,0.0052,0,-0.0035,0.9894,-0.1453,0,-0.0057,0.1453,0.9894,0,-0.06,30.7018,1.3522,1]},
{"frame":32,"values":[0.9999,-0.0005,0.0118,0,0.002,0.9914,-0.1307,0,-0.0116,0.1308,0.9913,0,-0.06,30.7018,1.3522,1]},
{"frame":33,"values":[0.9998,-0.0054,0.0183,0,0.0075,0.9932,-0.1161,0,-0.0176,0.1163,0.9931,0,-0.06,30.7018,1.3522,1]},
{"frame":34,"values":[0.9996,-0.0103,0.0248,0,0.0128,0.9948,-0.1015,0,-0.0237,0.1018,0.9945,0,-0.06,30.7018,1.3522,1]},
{"frame":35,"values":[0.9993,-0.0133,0.0363,0,0.0159,0.9971,-0.0747,0,-0.0352,0.0752,0.9965,0,-0.06,30.7018,1.3522,1]}],"loopBehavior":1,"name":"anim","property":"_matrix"}},
{"name":"mixamorig:Head","index":5,"matrix":[0.9822,0.0193,0.1866,0,0.0433,0.9445,-0.3256,0,-0.1825,0.3279,0.9269,0,-0.0872,22.5476,3.6709,1],"rest":[1,0,0,0,0,1,0,0,0,0,1,0,-0.0872,22.5476,3.6709,1],"parentBoneIndex":4,"length":30.5923
,"animation":{"dataType":3,"framePerSecond":24,"keys":[
{"frame":1,"values":[0.9822,0.0193,0.1866,0,0.0433,0.9445,-0.3256,0,-0.1825,0.3279,0.9269,0,-0.0872,22.5476,3.6709,1]},
{"frame":2,"values":[0.9751,0.0466,0.2166,0,0.0283,0.9435,-0.3303,0,-0.2198,0.3282,0.9187,0,-0.0872,22.5476,3.6709,1]},
{"frame":3,"values":[0.9686,0.0719,0.238,0,0.0144,0.9393,-0.3427,0,-0.2482,0.3354,0.9088,0,-0.0872,22.5476,3.6709,1]},
{"frame":4,"values":[0.9631,0.0942,0.2522,0,0.0032,0.9327,-0.3606,0,-0.2692,0.3481,0.898,0,-0.0872,22.5476,3.6709,1]},
{"frame":5,"values":[0.9589,0.1144,0.2595,0,-0.0065,0.9237,-0.3831,0,-0.2836,0.3656,0.8865,0,-0.0872,22.5476,3.6709,1]},
{"frame":6,"values":[0.9563,0.1334,0.2601,0,-0.0159,0.9122,-0.4093,0,-0.2919,0.3873,0.8745,0,-0.0872,22.5476,3.6709,1]},
{"frame":7,"values":[0.9626,0.1459,0.2282,0,-0.0316,0.8973,-0.4404,0,-0.269,0.4167,0.8683,0,-0.0872,22.5476,3.6709,1]},
{"frame":8,"values":[0.9675,0.1595,0.1964,0,-0.0521,0.8852,-0.4623,0,-0.2476,0.437,0.8647,0,-0.0872,22.5476,3.6709,1]},
{"frame":9,"values":[0.9713,0.1723,0.1641,0,-0.0731,0.8724,-0.4833,0,-0.2265,0.4574,0.8599,0,-0.0872,22.5476,3.6709,1]},
{"frame":10,"values":[0.974,0.1843,0.1314,0,-0.0946,0.8589,-0.5034,0,-0.2056,0.4779,0.854,0,-0.0872,22.5476,3.6709,1]},
{"frame":11,"values":[0.9758,0.1955,0.0983,0,-0.1166,0.8447,-0.5224,0,-0.1852,0.4983,0.847,0,-0.0872,22.5476,3.6709,1]},
{"frame":12,"values":[0.9835,0.1674,0.0679,0,-0.111,0.8563,-0.5045,0,-0.1426,0.4886,0.8608,0,-0.0872,22.5476,3.6709,1]},
{"frame":13,"values":[0.9895,0.1396,0.0366,0,-0.1044,0.8674,-0.4865,0,-0.0997,0.4776,0.8729,0,-0.0872,22.5476,3.6709,1]},
{"frame":14,"values":[0.9937,0.112,0.0046,0,-0.0968,0.8781,-0.4685,0,-0.0565,0.4651,0.8834,0,-0.0872,22.5476,3.6709,1]},
{"frame":15,"values":[0.996,0.0849,-0.028,0,-0.0884,0.8883,-0.4506,0,-0.0134,0.4513,0.8923,0,-0.0872,22.5476,3.6709,1]},
{"frame":16,"values":[0.9964,0.0583,-0.0612,0,-0.0791,0.898,-0.4329,0,0.0297,0.4361,0.8994,0,-0.0872,22.5476,3.6709,1]},
{"frame":17,"values":[0.995,0.0322,-0.0947,0,-0.0689,0.9071,-0.4153,0,0.0725,0.4197,0.9048,0,-0.0872,22.5476,3.6709,1]},
{"frame":18,"values":[0.9917,0.0068,-0.1285,0,-0.0579,0.9156,-0.3979,0,0.115,0.4021,0.9084,0,-0.0872,22.5476,3.6709,1]},
{"frame":19,"values":[0.9865,-0.0178,-0.1625,0,-0.0461,0.9235,-0.3809,0,0.1569,0.3833,0.9102,0,-0.0872,22.5476,3.6709,1]},
{"frame":20,"values":[0.9796,-0.0416,-0.1966,0,-0.0335,0.9307,-0.3642,0,0.1981,0.3634,0.9103,0,-0.0872,22.5476,3.6709,1]},
{"frame":21,"values":[0.9711,-0.0671,-0.2288,0,-0.0221,0.9302,-0.3663,0,0.2375,0.3608,0.9019,0,-0.0872,22.5476,3.6709,1]},
{"frame":22,"values":[0.961,-0.0924,-0.2607,0,-0.0107,0.9294,-0.3688,0,0.2764,0.3572,0.8922,0,-0.0872,22.5476,3.6709,1]},
{"frame":23,"values":[0.9661,-0.1194,-0.2289,0,0.0248,0.9255,-0.3778,0,0.257,0.3593,0.8971,0,-0.0872,22.5476,3.6709,1]},
{"frame":24,"values":[0.9695,-0.1462,-0.1967,0,0.0605,0.9206,-0.3857,0,0.2375,0.362,0.9014,0,-0.0872,22.5476,3.6709,1]},
{"frame":25,"values":[0.9712,-0.1727,-0.1642,0,0.0963,0.9148,-0.3924,0,0.2179,0.3652,0.905,0,-0.0872,22.5476,3.6709,1]},
{"frame":26,"values":[0.979,-0.156,-0.1315,0,0.0918,0.9124,-0.3989,0,0.1822,0.3785,0.9075,0,-0.0872,22.5476,3.6709,1]},
{"frame":27,"values":[0.9854,-0.1389,-0.0988,0,0.0876,0.9098,-0.4056,0,0.1462,0.3911,0.9087,0,-0.0872,22.5476,3.6709,1]},
{"frame":28,"values":[0.9904,-0.1213,-0.066,0,0.0836,0.9071,-0.4124,0,0.1099,0.403,0.9086,0,-0.0872,22.5476,3.6709,1]},
{"frame":29,"values":[0.9941,-0.1027,-0.0337,0,0.0806,0.9122,-0.4016,0,0.072,0.3966,0.9152,0,-0.0872,22.5476,3.6709,1]},
{"frame":30,"values":[0.9964,-0.0843,-0.001,0,0.0772,0.9172,-0.3909,0,0.0339,0.3894,0.9204,0,-0.0872,22.5476,3.6709,1]},
{"frame":31,"values":[0.9973,-0.0662,0.0319,0,0.0733,0.922,-0.3802,0,-0.0042,0.3815,0.9244,0,-0.0872,22.5476,3.6709,1]},
{"frame":32,"values":[0.9967,-0.0483,0.0649,0,0.069,0.9266,-0.3696,0,-0.0423,0.3729,0.9269,0,-0.0872,22.5476,3.6709,1]},
{"frame":33,"values":[0.9947,-0.0308,0.0981,0,0.0642,0.9311,-0.3591,0,-0.0802,0.3635,0.9281,0,-0.0872,22.5476,3.6709,1]},
{"frame":34,"values":[0.9913,-0.0136,0.1312,0,0.059,0.9353,-0.3488,0,-0.118,0.3535,0.928,0,-0.0872,22.5476,3.6709,1]},
{"frame":35,"values":[0.9822,0.0193,0.1866,0,0.0433,0.9445,-0.3256,0,-0.1825,0.3279,0.9269,0,-0.0872,22.5476,3.6709,1]}],"loopBehavior":1,"name":"anim","property":"_matrix"}},
{"name":"mixamorig:HeadTop_End","index":6,"matrix":[1,0,0,0,0,1,0,0,0,0,1,0,-0.8306,40.3552,7.8935,1],"rest":[1,0,0,0,0,1,0,0,0,0,1,0,-0.8306,40.3552,7.8935,1],"parentBoneIndex":5,"length":30.5923
,"animation":{"dataType":3,"framePerSecond":24,"keys":[
{"frame":1,"values":[1,0,0,0,0,1,0,0,0,0,1,0,-0.8306,40.3552,7.8935,1]},
{"frame":35,"values":[1,0,0,0,0,1,0,0,0,0,1,0,-0.8306,40.3552,7.8935,1]}],"loopBehavior":1,"name":"anim","property":"_matrix"}},
{"name":"mixamorig:RightEye","index":7,"matrix":[1,0,0,0,0,1,0,0,0,0,1,0,-6.3021,18.1186,16.1971,1],"rest":[1,0,0,0,0,1,0,0,0,0,1,0,-6.3021,18.1186,16.1971,1],"parentBoneIndex":5,"length":30.5923
,"animation":{"dataType":3,"framePerSecond":24,"keys":[
{"frame":1,"values":[1,0,0,0,0,1,0,0,0,0,1,0,-6.3021,18.1186,16.1971,1]},
{"frame":5,"values":[1,0,0,0,0,1,0,0,0,0,1,0,-6.3021,18.1185,16.1971,1]},
{"frame":6,"values":[1,0,0,0,0,1,0,0,0,0,1,0,-6.3021,18.1186,16.1971,1]},
{"frame":35,"values":[1,0,0,0,0,1,0,0,0,0,1,0,-6.3021,18.1186,16.1971,1]}],"loopBehavior":1,"name":"anim","property":"_matrix"}},
{"name":"mixamorig:LeftEye","index":8,"matrix":[1,0,0,0,0,1,0,0,0,0,1,0,6.7415,18.3827,16.4019,1],"rest":[1,0,0,0,0,1,0,0,0,0,1,0,6.7415,18.3827,16.4019,1],"parentBoneIndex":5,"length":30.5923
,"animation":{"dataType":3,"framePerSecond":24,"keys":[
{"frame":1,"values":[1,0,0,0,0,1,0,0,0,0,1,0,6.7415,18.3827,16.4019,1]},
{"frame":35,"values":[1,0,0,0,0,1,0,0,0,0,1,0,6.7415,18.3827,16.4019,1]}],"loopBehavior":1,"name":"anim","property":"_matrix"}},
{"name":"mixamorig:LeftShoulder","index":9,"matrix":[0.997,-0.075,0.0168,0,0.0748,0.9971,0.0114,0,-0.0176,-0.0101,0.9998,0,11.9249,18.2305,1.4254,1],"rest":[1,0.0062,0,0,-0.0062,1,0,0,0,0,1,0,11.9249,18.2305,1.4254,1],"parentBoneIndex":3,"length":25.9773
,"animation":{"dataType":3,"framePerSecond":24,"keys":[
{"frame":1,"values":[0.997,-0.075,0.0168,0,0.0748,0.9971,0.0114,0,-0.0176,-0.0101,0.9998,0,11.9249,18.2305,1.4254,1]},
{"frame":2,"values":[0.9953,-0.0959,0.0144,0,0.0958,0.9953,0.0121,0,-0.0155,-0.0106,0.9998,0,11.9249,18.2305,1.4254,1]},
{"frame":3,"values":[0.9922,-0.1243,0.0027,0,0.1243,0.9922,0.0115,0,-0.0042,-0.0111,0.9999,0,11.9249,18.2305,1.4254,1]},
{"frame":4,"values":[0.9891,-0.1465,-0.0109,0,0.1466,0.9891,0.0099,0,0.0094,-0.0114,0.9999,0,11.9249,18.2305,1.4254,1]},
{"frame":5,"values":[0.9868,-0.1608,-0.0176,0,0.1609,0.9869,0.0091,0,0.0159,-0.0118,0.9998,0,11.9249,18.2305,1.4254,1]},
{"frame":6,"values":[0.9851,-0.1713,-0.0179,0,0.1715,0.9851,0.0093,0,0.016,-0.0122,0.9998,0,11.9249,18.2305,1.4254,1]},
{"frame":7,"values":[0.9835,-0.18,-0.0179,0,0.1802,0.9836,0.0096,0,0.0159,-0.0126,0.9998,0,11.9249,18.2305,1.4254,1]},
{"frame":8,"values":[0.9818,-0.189,-0.0212,0,0.1892,0.9819,0.0091,0,0.0191,-0.0129,0.9997,0,11.9249,18.2305,1.4254,1]},
{"frame":9,"values":[0.9798,-0.1981,-0.0263,0,0.1984,0.9801,0.0082,0,0.0241,-0.0132,0.9996,0,11.9249,18.2305,1.4254,1]},
{"frame":10,"values":[0.9795,-0.1996,-0.0272,0,0.1999,0.9798,0.008,0,0.025,-0.0133,0.9996,0,11.9249,18.2305,1.4254,1]},
{"frame":11,"values":[0.982,-0.1876,-0.0199,0,0.1878,0.9822,0.0091,0,0.0178,-0.0126,0.9998,0,11.9249,18.2305,1.4254,1]},
{"frame":12,"values":[0.9855,-0.1695,-0.0126,0,0.1696,0.9855,0.0101,0,0.0107,-0.0121,0.9999,0,11.9249,18.2305,1.4254,1]},
{"frame":13,"values":[0.9883,-0.1521,-0.0046,0,0.1522,0.9883,0.0111,0,0.0029,-0.0117,0.9999,0,11.9249,18.2305,1.4254,1]},
{"frame":14,"values":[0.9916,-0.1296,0.0034,0,0.1296,0.9915,0.0122,0,-0.005,-0.0116,0.9999,0,11.9249,18.2305,1.4254,1]},
{"frame":15,"values":[0.9938,-0.1102,0.0115,0,0.11,0.9938,0.0127,0,-0.0128,-0.0113,0.9999,0,11.9249,18.2305,1.4254,1]},
{"frame":16,"values":[0.9957,-0.0907,0.0196,0,0.0904,0.9958,0.013,0,-0.0206,-0.0111,0.9997,0,11.9249,18.2305,1.4254,1]},
{"frame":17,"values":[0.9971,-0.0711,0.0276,0,0.0708,0.9974,0.0131,0,-0.0285,-0.0111,0.9995,0,11.9249,18.2305,1.4254,1]},
{"frame":18,"values":[0.998,-0.0516,0.0357,0,0.0511,0.9986,0.0131,0,-0.0363,-0.0112,0.9993,0,11.9249,18.2305,1.4254,1]},
{"frame":19,"values":[0.9985,-0.032,0.0437,0,0.0315,0.9994,0.0129,0,-0.0441,-0.0115,0.999,0,11.9249,18.2305,1.4254,1]},
{"frame":20,"values":[0.9986,-0.0124,0.0518,0,0.0118,0.9999,0.0126,0,-0.0519,-0.012,0.9986,0,11.9249,18.2305,1.4254,1]},
{"frame":21,"values":[0.9981,-0.0154,0.0598,0,0.0146,0.9998,0.0129,0,-0.06,-0.012,0.9981,0,11.9249,18.2305,1.4254,1]},
{"frame":22,"values":[0.9975,-0.0183,0.0679,0,0.0174,0.9998,0.0133,0,-0.0681,-0.0121,0.9976,0,11.9249,18.2305,1.4254,1]},
{"frame":23,"values":[0.9969,-0.0212,0.0759,0,0.0202,0.9997,0.0136,0,-0.0762,-0.0121,0.997,0,11.9249,18.2305,1.4254,1]},
{"frame":24,"values":[0.9969,-0.0241,0.075,0,0.0231,0.9996,0.014,0,-0.0754,-0.0122,0.9971,0,11.9249,18.2305,1.4254,1]},
{"frame":25,"values":[0.9969,-0.027,0.0742,0,0.0261,0.9996,0.0144,0,-0.0745,-0.0124,0.9971,0,11.9249,18.2305,1.4254,1]},
{"frame":26,"values":[0.9969,-0.03,0.0733,0,0.029,0.9995,0.0147,0,-0.0737,-0.0126,0.9972,0,11.9249,18.2305,1.4254,1]},
{"frame":27,"values":[0.9968,-0.0338,0.0724,0,0.0328,0.9993,0.0151,0,-0.0728,-0.0127,0.9973,0,11.9249,18.2305,1.4254,1]},
{"frame":28,"values":[0.9967,-0.0376,0.0715,0,0.0366,0.9992,0.0155,0,-0.072,-0.0128,0.9973,0,11.9249,18.2305,1.4254,1]},
{"frame":29,"values":[0.9966,-0.0414,0.0706,0,0.0404,0.9991,0.0158,0,-0.0712,-0.0129,0.9974,0,11.9249,18.2305,1.4254,1]},
{"frame":30,"values":[0.9975,-0.0413,0.057,0,0.0405,0.9991,0.0142,0,-0.0575,-0.0119,0.9983,0,11.9249,18.2305,1.4254,1]},
{"frame":31,"values":[0.9982,-0.0411,0.0433,0,0.0406,0.9991,0.0127,0,-0.0438,-0.0109,0.999,0,11.9249,18.2305,1.4254,1]},
{"frame":32,"values":[0.9984,-0.0484,0.0297,0,0.048,0.9988,0.0111,0,-0.0302,-0.0097,0.9995,0,11.9249,18.2305,1.4254,1]},
{"frame":33,"values":[0.9982,-0.0556,0.0226,0,0.0553,0.9984,0.0104,0,-0.0231,-0.0092,0.9997,0,11.9249,18.2305,1.4254,1]},
{"frame":34,"values":[0.9977,-0.0659,0.0155,0,0.0658,0.9978,0.0106,0,-0.0162,-0.0096,0.9998,0,11.9249,18.2305,1.4254,1]},
{"frame":35,"values":[0.997,-0.075,0.0168,0,0.0748,0.9971,0.0114,0,-0.0176,-0.0101,0.9998,0,11.9249,18.2305,1.4254,1]}],"loopBehavior":1,"name":"anim","property":"_matrix"}},
{"name":"mixamorig:LeftArm","index":10,"matrix":[0.6043,-0.5871,0.5386,0,0.689,0.7246,0.0167,0,-0.4001,0.361,0.8424,0,25.4312,-0.8547,-5.2293,1],"rest":[0.9983,0.0295,0.0512,0,-0.0294,0.9996,-0.0017,0,-0.0512,0.0002,0.9987,0,25.4312,-0.8546,-5.2293,1],"parentBoneIndex":9,"length":54.6848
,"animation":{"dataType":3,"framePerSecond":24,"keys":[
{"frame":1,"values":[0.6043,-0.5871,0.5386,0,0.689,0.7246,0.0167,0,-0.4001,0.361,0.8424,0,25.4312,-0.8547,-5.2293,1]},
{"frame":2,"values":[0.6868,-0.5387,0.488,0,0.6093,0.7927,0.0176,0,-0.3963,0.2853,0.8727,0,25.4312,-0.8546,-5.2293,1]},
{"frame":3,"values":[0.7572,-0.4899,0.432,0,0.5397,0.8418,0.0089,0,-0.3681,0.2264,0.9018,0,25.4312,-0.8546,-5.2293,1]},
{"frame":4,"values":[0.8022,-0.4682,0.3705,0,0.5077,0.8614,-0.0108,0,-0.3141,0.1968,0.9288,0,25.4312,-0.8546,-5.2293,1]},
{"frame":5,"values":[0.8287,-0.4729,0.2993,0,0.5038,0.8633,-0.0307,0,-0.2438,0.1763,0.9537,0,25.4312,-0.8546,-5.2293,1]},
{"frame":6,"values":[0.8424,-0.4912,0.2216,0,0.5119,0.8579,-0.0439,0,-0.1686,0.1504,0.9741,0,25.4312,-0.8547,-5.2293,1]},
{"frame":7,"values":[0.8449,-0.5129,0.1517,0,0.5257,0.8486,-0.0587,0,-0.0986,0.1294,0.9867,0,25.4312,-0.8546,-5.2293,1]},
{"frame":8,"values":[0.8369,-0.5381,0.0998,0,0.5459,0.8339,-0.0812,0,-0.0396,0.1225,0.9917,0,25.4312,-0.8547,-5.2293,1]},
{"frame":9,"values":[0.8213,-0.567,0.063,0,0.5704,0.8152,-0.1,0,0.0053,0.118,0.993,0,25.4312,-0.8546,-5.2293,1]},
{"frame":10,"values":[0.8029,-0.5941,0.0483,0,0.5952,0.7948,-0.1185,0,0.032,0.1239,0.9918,0,25.4312,-0.8546,-5.2293,1]},
{"frame":11,"values":[0.775,-0.6159,0.1415,0,0.6316,0.7626,-0.1398,0,-0.0218,0.1977,0.98,0,25.4312,-0.8547,-5.2293,1]},
{"frame":12,"values":[0.7405,-0.6297,0.2346,0,0.6681,0.7274,-0.1565,0,-0.0721,0.2726,0.9594,0,25.4312,-0.8547,-5.2293,1]},
{"frame":13,"values":[0.7001,-0.6352,0.3262,0,0.7042,0.6898,-0.1682,0,-0.1181,0.3475,0.9302,0,25.4312,-0.8546,-5.2293,1]},
{"frame":14,"values":[0.6544,-0.6323,0.4147,0,0.7392,0.6504,-0.1748,0,-0.1592,0.421,0.893,0,25.4312,-0.8546,-5.2293,1]},
{"frame":15,"values":[0.638,-0.6246,0.4504,0,0.7459,0.6466,-0.1599,0,-0.1913,0.438,0.8784,0,25.4312,-0.8546,-5.2293,1]},
{"frame":16,"values":[0.6202,-0.6162,0.4854,0,0.7521,0.643,-0.1447,0,-0.223,0.4548,0.8622,0,25.4312,-0.8546,-5.2293,1]},
{"frame":17,"values":[0.6012,-0.6071,0.5197,0,0.7577,0.6398,-0.1291,0,-0.2541,0.4713,0.8446,0,25.4312,-0.8546,-5.2293,1]},
{"frame":18,"values":[0.5808,-0.5973,0.5531,0,0.7627,0.6368,-0.1132,0,-0.2846,0.4875,0.8254,0,25.4312,-0.8546,-5.2293,1]},
{"frame":19,"values":[0.5592,-0.5869,0.5855,0,0.7671,0.6341,-0.0971,0,-0.3143,0.5034,0.8048,0,25.4312,-0.8546,-5.2293,1]},
{"frame":20,"values":[0.5365,-0.5758,0.6169,0,0.771,0.6317,-0.0808,0,-0.3433,0.519,0.7828,0,25.4312,-0.8547,-5.2293,1]},
{"frame":21,"values":[0.5126,-0.5642,0.6473,0,0.7742,0.6297,-0.0643,0,-0.3713,0.5341,0.7595,0,25.4312,-0.8547,-5.2293,1]},
{"frame":22,"values":[0.4877,-0.5519,0.6764,0,0.7768,0.628,-0.0477,0,-0.3984,0.5487,0.735,0,25.4312,-0.8546,-5.2293,1]},
{"frame":23,"values":[0.4618,-0.5391,0.7043,0,0.7788,0.6265,-0.031,0,-0.4246,0.5628,0.7092,0,25.4312,-0.8546,-5.2293,1]},
{"frame":24,"values":[0.435,-0.5259,0.7309,0,0.7801,0.6254,-0.0143,0,-0.4496,0.5764,0.6823,0,25.4312,-0.8546,-5.2293,1]},
{"frame":25,"values":[0.4456,-0.5354,0.7175,0,0.7768,0.6296,-0.0127,0,-0.445,0.563,0.6964,0,25.4312,-0.8547,-5.2293,1]},
{"frame":26,"values":[0.4561,-0.5446,0.7038,0,0.7735,0.6337,-0.0109,0,-0.4401,0.5494,0.7103,0,25.4312,-0.8546,-5.2293,1]},
{"frame":27,"values":[0.4665,-0.5536,0.6899,0,0.7702,0.6378,-0.0091,0,-0.435,0.5356,0.7238,0,25.4312,-0.8546,-5.2293,1]},
{"frame":28,"values":[0.4768,-0.5622,0.6757,0,0.7669,0.6418,-0.0071,0,-0.4297,0.5215,0.7371,0,25.4312,-0.8546,-5.2293,1]},
{"frame":29,"values":[0.487,-0.5706,0.6613,0,0.7635,0.6458,-0.005,0,-0.4241,0.5073,0.7501,0,25.4312,-0.8546,-5.2293,1]},
{"frame":30,"values":[0.497,-0.5787,0.6466,0,0.7602,0.6497,-0.0028,0,-0.4184,0.4929,0.7629,0,25.4312,-0.8547,-5.2293,1]},
{"frame":31,"values":[0.5069,-0.5866,0.6316,0,0.7569,0.6535,-0.0006,0,-0.4124,0.4784,0.7753,0,25.4312,-0.8546,-5.2293,1]},
{"frame":32,"values":[0.5168,-0.5941,0.6165,0,0.7536,0.6573,0.0018,0,-0.4063,0.4636,0.7874,0,25.4312,-0.8547,-5.2293,1]},
{"frame":33,"values":[0.5264,-0.6013,0.6011,0,0.7503,0.6611,0.0042,0,-0.3999,0.4488,0.7992,0,25.4312,-0.8547,-5.2293,1]},
{"frame":34,"values":[0.536,-0.6082,0.5855,0,0.747,0.6648,0.0068,0,-0.3934,0.4337,0.8106,0,25.4312,-0.8547,-5.2293,1]},
{"frame":35,"values":[0.6043,-0.5871,0.5386,0,0.689,0.7246,0.0167,0,-0.4001,0.361,0.8424,0,25.4312,-0.8547,-5.2293,1]}],"loopBehavior":1,"name":"anim","property":"_matrix"}},
{"name":"mixamorig:LeftForeArm","index":11,"matrix":[0.7548,-0.0001,0.6559,0,0.0154,0.9997,-0.0175,0,-0.6557,0.0233,0.7546,0,54.5783,-1.9463,-2.8009,1],"rest":[0.9943,-0.0088,-0.1062,0,0.0091,1,0.0028,0,0.1061,-0.0038,0.9943,0,54.5783,-1.9463,-2.8009,1],"parentBoneIndex":10,"length":55.0981
,"animation":{"dataType":3,"framePerSecond":24,"keys":[
{"frame":1,"values":[0.7548,-0.0001,0.6559,0,0.0154,0.9997,-0.0175,0,-0.6557,0.0233,0.7546,0,54.5783,-1.9463,-2.8009,1]},
{"frame":2,"values":[0.7013,0.0018,0.7128,0,0.0168,0.9997,-0.019,0,-0.7126,0.0254,0.7011,0,54.5783,-1.9463,-2.8009,1]},
{"frame":3,"values":[0.6665,0.003,0.7455,0,0.0178,0.9996,-0.0199,0,-0.7453,0.0265,0.6663,0,54.5783,-1.9463,-2.8009,1]},
{"frame":4,"values":[0.6627,0.0032,0.7489,0,0.0179,0.9996,-0.02,0,-0.7487,0.0266,0.6624,0,54.5783,-1.9463,-2.8009,1]},
