{"producer":{"name":"Blender","version":"2.79 (sub 0)","exporter_version":"5.6.4","file":"beastrun.babylon"},
"autoClear":true,"clearColor":[0.0509,0.0509,0.0509],"ambientColor":[0,0,0],"gravity":[0,-9.81,0],
"materials":[{"name":"beastrun.Material","id":"beastrun.Material","ambient":[0,0,0],"diffuse":[0,0,0],"specular":[0,0,0],"emissive":[0,0,0],"specularPower":50,"alpha":0.001,"backFaceCulling":true,"checkReadyOnlyOnce":false,"maxSimultaneousLights":4}],
"multiMaterials":[],
"skeletons":[{"name":"Armature","id":0,"dimensionsAtRest":[379.1952,391.6652,55.677],"bones":[
{"name":"mixamorig:Hips","index":0,"matrix":[0.9966,-0.0156,-0.0809,0,-0.0132,0.9392,-0.3432,0,-0.0813,-0.3431,-0.9358,0,-0.0905,179.0032,-1.2353,1],"rest":[1,0,0,0,0,1,0,0,0,0,-1,0,0,201.6394,0,1],"parentBoneIndex":-1,"length":21.6784
,"animation":{"dataType":3,"framePerSecond":24,"keys":[
{"frame":1,"values":[0.9966,-0.0156,-0.0809,0,-0.0132,0.9392,-0.3432,0,-0.0813,-0.3431,-0.9358,0,-0.0831,179.0032,-1.2361,1]},
{"frame":2,"values":[0.9912,0.0002,-0.1323,0,-0.0488,0.9298,-0.3649,0,-0.1229,-0.3682,-0.9216,0,-0.718,183.6762,-1.9801,1]},
{"frame":3,"values":[0.9849,0.0047,-0.1729,0,-0.0737,0.9157,-0.395,0,-0.1564,-0.4018,-0.9023,0,-0.8019,187.9883,-2.1782,1]},
{"frame":4,"values":[0.9813,-0.0029,-0.1926,0,-0.0838,0.8939,-0.4405,0,-0.1734,-0.4483,-0.8769,0,-0.781,191.9624,-2.4457,1]},
{"frame":5,"values":[0.9807,-0.0182,-0.1946,0,-0.0816,0.8665,-0.4924,0,-0.1776,-0.4988,-0.8483,0,-0.3749,195.4239,-3.1789,1]},
{"frame":6,"values":[0.9798,-0.0299,-0.1976,0,-0.0756,0.8598,-0.505,0,-0.185,-0.5098,-0.8402,0,0.1722,198.0529,-3.9698,1]},
{"frame":7,"values":[0.9765,-0.0353,-0.2128,0,-0.0744,0.8708,-0.4859,0,-0.2025,-0.4903,-0.8477,0,1.3449,199.1152,-4.3255,1]},
{"frame":8,"values":[0.9743,-0.0413,-0.2212,0,-0.0647,0.8902,-0.4509,0,-0.2155,-0.4537,-0.8647,0,2.5175,195.5952,-3.9238,1]},
{"frame":9,"values":[0.9878,-0.0082,-0.1554,0,-0.0608,0.899,-0.4337,0,-0.1433,-0.4379,-0.8875,0,3.6902,186.548,-3.515,1]},
{"frame":10,"values":[0.9958,0.0236,-0.088,0,-0.0583,0.9075,-0.416,0,-0.0701,-0.4194,-0.9051,0,4.8628,177.5008,-3.1061,1]},
{"frame":11,"values":[0.9984,0.0539,-0.0196,0,-0.0573,0.9156,-0.3981,0,0.0035,-0.3985,-0.9172,0,6.0355,168.4536,-2.6972,1]},
{"frame":12,"values":[0.9951,0.0858,0.0481,0,-0.0616,0.9246,-0.3758,0,0.0768,-0.371,-0.9254,0,7.2081,175.1157,-2.2883,1]},
{"frame":13,"values":[0.9909,0.0687,0.1157,0,-0.0238,0.9358,-0.3518,0,0.1325,-0.3458,-0.9289,0,8.3808,181.7779,-1.8795,1]},
{"frame":14,"values":[0.994,0.0522,0.096,0,-0.0147,0.9342,-0.3564,0,0.1083,-0.3529,-0.9294,0,9.5534,188.4401,-1.4706,1]},
{"frame":15,"values":[0.9964,0.0356,0.0763,0,-0.0056,0.9325,-0.3612,0,0.084,-0.3595,-0.9293,0,10.7261,195.1022,-1.0617,1]},
{"frame":16,"values":[0.9963,0.0188,0.0839,0,0.0117,0.9371,-0.3489,0,0.0852,-0.3486,-0.9334,0,8.9247,201.7644,-1.1166,1]},
{"frame":17,"values":[0.9958,0.0021,0.0915,0,0.029,0.9412,-0.3365,0,0.0868,-0.3377,-0.9372,0,7.1233,194.1257,-0.7982,1]},
{"frame":18,"values":[0.998,-0.0149,0.0619,0,0.0342,0.9452,-0.3248,0,0.0536,-0.3262,-0.9438,0,5.3219,186.4869,-0.4798,1]},
{"frame":19,"values":[0.999,-0.0315,0.032,0,0.0399,0.9489,-0.3132,0,0.0205,-0.3141,-0.9492,0,3.5206,178.8482,-0.1614,1]},
{"frame":20,"values":[0.9988,-0.0483,0.0021,0,0.0464,0.946,-0.3209,0,-0.0135,-0.3207,-0.9471,0,1.7192,171.2094,-0.5136,1]},
{"frame":21,"values":[0.9989,-0.0386,-0.0277,0,0.0273,0.9441,-0.3284,0,-0.0389,-0.3273,-0.9441,0,-0.0822,173.6487,-0.8659,1]},
{"frame":22,"values":[0.9966,-0.0156,-0.0809,0,-0.0132,0.9392,-0.3432,0,-0.0813,-0.3431,-0.9358,0,-0.0905,179.0032,-1.2353,1]}],"loopBehavior":1,"name":"anim","property":"_matrix"}},
{"name":"mixamorig:Spine","index":1,"matrix":[0.9947,0.0691,-0.0757,0,-0.032,0.9112,0.4106,0,0.0974,-0.406,0.9086,0,0.0062,19.525,-2.4818,1],"rest":[1,0,0,0,0,1,0,0,0,0,1,0,0.0062,19.525,-2.4818,1],"parentBoneIndex":0,"length":23.0091
,"animation":{"dataType":3,"framePerSecond":24,"keys":[
{"frame":1,"values":[0.9947,0.0691,-0.0757,0,-0.0321,0.9112,0.4106,0,0.0974,-0.406,0.9087,0,0.0062,19.525,-2.4818,1]},
{"frame":2,"values":[0.9902,0.0327,-0.1358,0,0.0236,0.919,0.3935,0,0.1377,-0.3928,0.9092,0,0.0062,19.525,-2.4818,1]},
{"frame":3,"values":[0.9823,-0.0072,-0.1869,0,0.0775,0.925,0.372,0,0.1702,-0.3799,0.9092,0,0.0062,19.525,-2.4818,1]},
{"frame":4,"values":[0.9738,-0.0508,-0.2218,0,0.1249,0.9341,0.3343,0,0.1902,-0.3532,0.916,0,0.0062,19.525,-2.4818,1]},
{"frame":5,"values":[0.9672,-0.0797,-0.2413,0,0.1458,0.9518,0.2698,0,0.2082,-0.2961,0.9322,0,0.0062,19.525,-2.4818,1]},
{"frame":6,"values":[0.9602,-0.1064,-0.2583,0,0.1705,0.9556,0.2402,0,0.2213,-0.2746,0.9357,0,0.0062,19.525,-2.4818,1]},
{"frame":7,"values":[0.9551,-0.1266,-0.2677,0,0.1925,0.9524,0.2365,0,0.2251,-0.2774,0.934,0,0.0062,19.525,-2.4818,1]},
{"frame":8,"values":[0.9496,-0.1466,-0.2772,0,0.2201,0.9412,0.2564,0,0.2233,-0.3044,0.926,0,0.0062,19.525,-2.4818,1]},
{"frame":9,"values":[0.964,-0.1252,-0.2348,0,0.1924,0.9375,0.2901,0,0.1838,-0.3248,0.9278,0,0.0062,19.525,-2.4818,1]},
{"frame":10,"values":[0.976,-0.1046,-0.1911,0,0.1631,0.9325,0.3224,0,0.1445,-0.3458,0.9271,0,0.0062,19.525,-2.4818,1]},
{"frame":11,"values":[0.9856,-0.085,-0.1464,0,0.1323,0.9262,0.3531,0,0.1056,-0.3674,0.9241,0,0.0062,19.525,-2.4818,1]},
{"frame":12,"values":[0.9927,-0.0664,-0.1008,0,0.1002,0.9186,0.3822,0,0.0673,-0.3895,0.9186,0,0.0062,19.525,-2.4818,1]},
{"frame":13,"values":[0.9973,-0.0489,-0.0546,0,0.067,0.9099,0.4094,0,0.0297,-0.4119,0.9107,0,0.0062,19.525,-2.4818,1]},
{"frame":14,"values":[0.9995,-0.0292,-0.009,0,0.0304,0.9173,0.3971,0,-0.0034,-0.3972,0.9177,0,0.0062,19.525,-2.4818,1]},
{"frame":15,"values":[0.9993,-0.0088,0.0365,0,-0.0058,0.9237,0.3831,0,-0.0371,-0.383,0.923,0,0.0062,19.525,-2.4818,1]},
{"frame":16,"values":[0.9966,0.0123,0.0815,0,-0.0415,0.9292,0.3673,0,-0.0712,-0.3694,0.9265,0,0.0062,19.525,-2.4818,1]},
{"frame":17,"values":[0.9914,0.034,0.126,0,-0.0765,0.9337,0.3499,0,-0.1057,-0.3565,0.9283,0,0.0062,19.525,-2.4818,1]},
{"frame":18,"values":[0.9947,0.054,0.0877,0,-0.0831,0.9234,0.3747,0,-0.0607,-0.38,0.923,0,0.0062,19.525,-2.4818,1]},
{"frame":19,"values":[0.996,0.0749,0.0497,0,-0.0885,0.9124,0.3995,0,-0.0154,-0.4023,0.9154,0,0.0062,19.525,-2.4818,1]},
{"frame":20,"values":[0.9952,0.0966,0.0123,0,-0.0927,0.9008,0.4243,0,0.03,-0.4234,0.9054,0,0.0062,19.525,-2.4818,1]},
{"frame":21,"values":[0.9958,0.0879,-0.0258,0,-0.0693,0.9063,0.4169,0,0.06,-0.4133,0.9086,0,0.0062,19.525,-2.4818,1]},
{"frame":22,"values":[0.9947,0.0691,-0.0757,0,-0.032,0.9112,0.4106,0,0.0974,-0.406,0.9086,0,0.0062,19.525,-2.4818,1]}],"loopBehavior":1,"name":"anim","property":"_matrix"}},
{"name":"mixamorig:Spine1","index":2,"matrix":[0.996,0.082,0.0344,0,-0.0884,0.955,0.2832,0,-0.0096,-0.2851,0.9585,0,-0.0009,22.835,-2.8254,1],"rest":[1,0,0,0,0,1,0,0,0,0,1,0,-0.0009,22.835,-2.8254,1],"parentBoneIndex":1,"length":26.7438
,"animation":{"dataType":3,"framePerSecond":24,"keys":[
{"frame":1,"values":[0.996,0.082,0.0344,0,-0.0884,0.955,0.2832,0,-0.0096,-0.2851,0.9585,0,-0.0009,22.835,-2.8254,1]},
{"frame":2,"values":[0.9979,0.063,0.0112,0,-0.0637,0.9607,0.2703,0,0.0063,-0.2704,0.9627,0,-0.0009,22.835,-2.8254,1]},
{"frame":3,"values":[0.9992,0.0399,-0.0099,0,-0.0361,0.9662,0.2552,0,0.0197,-0.2546,0.9668,0,-0.0009,22.835,-2.8254,1]},
{"frame":4,"values":[0.9994,0.0168,-0.0294,0,-0.0094,0.9716,0.2365,0,0.0325,-0.2361,0.9712,0,-0.0009,22.835,-2.8254,1]},
{"frame":5,"values":[0.9989,0.0056,-0.0475,0,0.0042,0.979,0.2038,0,0.0476,-0.2037,0.9779,0,-0.0009,22.835,-2.8254,1]},
{"frame":6,"values":[0.998,-0.0018,-0.0627,0,0.0134,0.9827,0.1849,0,0.0613,-0.1854,0.9807,0,-0.0009,22.835,-2.8254,1]},
{"frame":7,"values":[0.9976,-0.0159,-0.0679,0,0.0283,0.9822,0.1858,0,0.0637,-0.1873,0.9802,0,-0.0009,22.835,-2.8254,1]},
{"frame":8,"values":[0.9971,-0.0228,-0.0731,0,0.0372,0.9786,0.2025,0,0.0669,-0.2047,0.9765,0,-0.0009,22.835,-2.8254,1]},
{"frame":9,"values":[0.9983,-0.0295,-0.0493,0,0.0396,0.9754,0.2167,0,0.0417,-0.2183,0.975,0,-0.0009,22.835,-2.8254,1]},
{"frame":10,"values":[0.999,-0.0367,-0.0255,0,0.0416,0.9721,0.2308,0,0.0163,-0.2316,0.9727,0,-0.0009,22.835,-2.8254,1]},
{"frame":11,"values":[0.9998,-0.022,-0.002,0,0.0218,0.9692,0.2452,0,-0.0035,-0.2452,0.9695,0,-0.0009,22.835,-2.8254,1]},
{"frame":12,"values":[0.9997,-0.0077,0.0218,0,0.0018,0.9659,0.2591,0,-0.023,-0.259,0.9656,0,-0.0009,22.835,-2.8254,1]},
{"frame":13,"values":[0.9989,0.0063,0.0457,0,-0.0185,0.962,0.2724,0,-0.0423,-0.273,0.9611,0,-0.0009,22.835,-2.8254,1]},
{"frame":14,"values":[0.9974,0.0199,0.0698,0,-0.0391,0.9577,0.2852,0,-0.0612,-0.2872,0.9559,0,-0.0009,22.835,-2.8254,1]},
{"frame":15,"values":[0.995,0.034,0.0936,0,-0.058,0.962,0.267,0,-0.0809,-0.2711,0.9591,0,-0.0009,22.835,-2.8254,1]},
{"frame":16,"values":[0.9926,0.032,0.1173,0,-0.0605,0.9667,0.2486,0,-0.1054,-0.2539,0.9615,0,-0.0009,22.835,-2.8254,1]},
{"frame":17,"values":[0.9891,0.0434,0.1409,0,-0.0754,0.9702,0.2302,0,-0.1267,-0.2383,0.9629,0,-0.0009,22.835,-2.8254,1]},
{"frame":18,"values":[0.9912,0.0547,0.1203,0,-0.0836,0.9647,0.2498,0,-0.1024,-0.2576,0.9608,0,-0.0009,22.835,-2.8254,1]},
{"frame":19,"values":[0.9928,0.0664,0.0999,0,-0.0913,0.9587,0.2694,0,-0.0779,-0.2766,0.9578,0,-0.0009,22.835,-2.8254,1]},
{"frame":20,"values":[0.9937,0.0785,0.0797,0,-0.0985,0.9522,0.2891,0,-0.0532,-0.2952,0.954,0,-0.0009,22.835,-2.8254,1]},
{"frame":21,"values":[0.9942,0.0903,0.0592,0,-0.1036,0.9519,0.2884,0,-0.0304,-0.2929,0.9557,0,-0.0009,22.835,-2.8254,1]},
{"frame":22,"values":[0.996,0.082,0.0344,0,-0.0884,0.955,0.2832,0,-0.0096,-0.2851,0.9585,0,-0.0009,22.835,-2.8254,1]}],"loopBehavior":1,"name":"anim","property":"_matrix"}},
{"name":"mixamorig:Spine2","index":3,"matrix":[0.9969,0.0741,0.0281,0,-0.079,0.9549,0.2861,0,-0.0056,-0.2874,0.9578,0,-0.0206,26.5525,-3.1933,1],"rest":[1,0,0,0,0,1,0,0,0,0,1,0,-0.0206,26.5525,-3.1933,1],"parentBoneIndex":2,"length":24.825
,"animation":{"dataType":3,"framePerSecond":24,"keys":[
{"frame":1,"values":[0.9969,0.0741,0.0281,0,-0.0791,0.9549,0.2861,0,-0.0056,-0.2874,0.9578,0,-0.0206,26.5525,-3.1933,1]},
{"frame":2,"values":[0.9983,0.0573,0.0077,0,-0.0572,0.9604,0.2726,0,0.0082,-0.2726,0.9621,0,-0.0206,26.5525,-3.1933,1]},
{"frame":3,"values":[0.9993,0.0365,-0.0103,0,-0.0327,0.966,0.2565,0,0.0193,-0.2559,0.9665,0,-0.0206,26.5525,-3.1933,1]},
{"frame":4,"values":[0.9995,0.0156,-0.0273,0,-0.0087,0.9715,0.237,0,0.0302,-0.2367,0.9711,0,-0.0206,26.5525,-3.1933,1]},
{"frame":5,"values":[0.9989,0.0059,-0.0461,0,0.0037,0.9789,0.2042,0,0.0463,-0.2041,0.9778,0,-0.0206,26.5525,-3.1933,1]},
{"frame":6,"values":[0.9981,-0.0006,-0.0624,0,0.0122,0.9826,0.1852,0,0.0612,-0.1856,0.9807,0,-0.0206,26.5525,-3.1933,1]},
{"frame":7,"values":[0.9976,-0.0144,-0.0677,0,0.0269,0.9821,0.1862,0,0.0638,-0.1875,0.9802,0,-0.0206,26.5525,-3.1933,1]},
{"frame":8,"values":[0.997,-0.0236,-0.0731,0,0.038,0.9786,0.2025,0,0.0667,-0.2046,0.9766,0,-0.0206,26.5525,-3.1933,1]},
{"frame":9,"values":[0.9982,-0.0326,-0.0495,0,0.0426,0.9752,0.2171,0,0.0412,-0.2188,0.9749,0,-0.0206,26.5525,-3.1933,1]},
{"frame":10,"values":[0.9988,-0.0419,-0.0261,0,0.0469,0.9716,0.2318,0,0.0156,-0.2328,0.9724,0,-0.0206,26.5525,-3.1933,1]},
{"frame":11,"values":[0.9996,-0.0293,-0.0029,0,0.0291,0.9687,0.2467,0,-0.0045,-0.2467,0.9691,0,-0.0206,26.5525,-3.1933,1]},
{"frame":12,"values":[0.9996,-0.0171,0.0206,0,0.0111,0.9652,0.2611,0,-0.0243,-0.2608,0.9651,0,-0.0206,26.5525,-3.1933,1]},
{"frame":13,"values":[0.999,-0.0052,0.0442,0,-0.0072,0.9614,0.275,0,-0.0439,-0.2751,0.9604,0,-0.0206,26.5525,-3.1933,1]},
{"frame":14,"values":[0.9977,0.0064,0.0679,0,-0.0258,0.9572,0.2884,0,-0.0632,-0.2895,0.9551,0,-0.0206,26.5525,-3.1933,1]},
{"frame":15,"values":[0.9956,0.0185,0.0914,0,-0.0427,0.9618,0.2705,0,-0.0829,-0.2732,0.9584,0,-0.0206,26.5525,-3.1933,1]},
{"frame":16,"values":[0.9933,0.0155,0.1148,0,-0.0443,0.9666,0.2524,0,-0.107,-0.2558,0.9608,0,-0.0206,26.5525,-3.1933,1]},
{"frame":17,"values":[0.99,0.0282,0.1381,0,-0.0603,0.9703,0.2342,0,-0.1274,-0.2402,0.9623,0,-0.0206,26.5525,-3.1933,1]},
{"frame":18,"values":[0.9923,0.0406,0.1169,0,-0.0694,0.9648,0.2535,0,-0.1025,-0.2596,0.9602,0,-0.0206,26.5525,-3.1933,1]},
{"frame":19,"values":[0.9939,0.0535,0.0959,0,-0.0779,0.9589,0.2728,0,-0.0774,-0.2786,0.9573,0,-0.0206,26.5525,-3.1933,1]},
{"frame":20,"values":[0.9949,0.0668,0.0752,0,-0.086,0.9525,0.2922,0,-0.0521,-0.2972,0.9534,0,-0.0206,26.5525,-3.1933,1]},
{"frame":21,"values":[0.9954,0.0797,0.0541,0,-0.092,0.9522,0.2913,0,-0.0283,-0.2949,0.9551,0,-0.0206,26.5525,-3.1933,1]},
{"frame":22,"values":[0.9969,0.0741,0.0281,0,-0.079,0.9549,0.2861,0,-0.0056,-0.2874,0.9578,0,-0.0206,26.5525,-3.1933,1]}],"loopBehavior":1,"name":"anim","property":"_matrix"}},
{"name":"mixamorig:Neck","index":4,"matrix":[0.9215,-0.3777,-0.0906,0,0.1689,0.5997,-0.7822,0,0.3497,0.7055,0.6164,0,-0.06,30.7018,1.3522,1],"rest":[1,0,0,0,0,1,0,0,0,0,1,0,-0.06,30.7018,1.3522,1],"parentBoneIndex":3,"length":22.8446
,"animation":{"dataType":3,"framePerSecond":24,"keys":[
{"frame":1,"values":[0.9206,-0.3816,-0.0828,0,0.1772,0.5972,-0.7823,0,0.348,0.7055,0.6174,0,-0.06,30.7018,1.3522,1]},
{"frame":2,"values":[0.9414,-0.3255,-0.0889,0,0.151,0.6422,-0.7515,0,0.3017,0.694,0.6537,0,-0.06,30.7018,1.3522,1]},
{"frame":3,"values":[0.964,-0.2539,-0.0789,0,0.1001,0.6215,-0.777,0,0.2463,0.7412,0.6245,0,-0.06,30.7018,1.3522,1]},
{"frame":4,"values":[0.984,-0.1624,-0.0737,0,0.051,0.6525,-0.7561,0,0.1709,0.7402,0.6503,0,-0.06,30.7018,1.3522,1]},
{"frame":5,"values":[0.9947,-0.0682,-0.0767,0,0.0045,0.7757,-0.6311,0,0.1025,0.6274,0.7719,0,-0.06,30.7018,1.3522,1]},
{"frame":6,"values":[0.9968,0.041,-0.0686,0,-0.0713,0.8444,-0.531,0,0.0361,0.5342,0.8446,0,-0.06,30.7018,1.3522,1]},
{"frame":7,"values":[0.9879,0.1368,-0.0731,0,-0.1549,0.8437,-0.514,0,-0.0087,0.5191,0.8546,0,-0.06,30.7018,1.3522,1]},
{"frame":8,"values":[0.9771,0.1881,-0.0996,0,-0.212,0.818,-0.5347,0,-0.0191,0.5436,0.8391,0,-0.06,30.7018,1.3522,1]},
{"frame":9,"values":[0.976,0.175,-0.1297,0,-0.2175,0.75,-0.6246,0,-0.012,0.6378,0.7701,0,-0.06,30.7018,1.3522,1]},
{"frame":10,"values":[0.9778,0.1423,-0.1537,0,-0.2085,0.5898,-0.7802,0,-0.0204,0.7949,0.6064,0,-0.06,30.7018,1.3522,1]},
{"frame":11,"values":[0.9736,0.1434,-0.1777,0,-0.2281,0.5813,-0.781,0,-0.0087,0.8009,0.5987,0,-0.06,30.7018,1.3522,1]},
{"frame":12,"values":[0.9778,0.0573,-0.2015,0,-0.1917,0.6331,-0.7499,0,0.0846,0.7719,0.6301,0,-0.06,30.7018,1.3522,1]},
{"frame":13,"values":[0.9739,-0.0283,-0.2252,0,-0.159,0.6229,-0.766,0,0.162,0.7818,0.6021,0,-0.06,30.7018,1.3522,1]},
{"frame":14,"values":[0.9627,-0.1136,-0.2454,0,-0.0988,0.6971,-0.7102,0,0.2517,0.7079,0.6599,0,-0.06,30.7018,1.3522,1]},
{"frame":15,"values":[0.9422,-0.1952,-0.2722,0,-0.0304,0.7596,-0.6497,0,0.3336,0.6205,0.7097,0,-0.06,30.7018,1.3522,1]},
{"frame":16,"values":[0.9293,-0.2784,-0.2426,0,0.084,0.7991,-0.5953,0,0.3596,0.5328,0.766,0,-0.06,30.7018,1.3522,1]},
{"frame":17,"values":[0.9062,-0.3614,-0.2195,0,0.1989,0.8224,-0.533,0,0.3732,0.4394,0.8171,0,-0.06,30.7018,1.3522,1]},
{"frame":18,"values":[0.9132,-0.3591,-0.1927,0,0.1832,0.784,-0.5931,0,0.3641,0.5063,0.7817,0,-0.06,30.7018,1.3522,1]},
{"frame":19,"values":[0.9201,-0.3546,-0.1662,0,0.1682,0.741,-0.6501,0,0.3537,0.5702,0.7415,0,-0.06,30.7018,1.3522,1]},
{"frame":20,"values":[0.916,-0.376,-0.14,0,0.1749,0.6882,-0.7042,0,0.3611,0.6205,0.6961,0,-0.06,30.7018,1.3522,1]},
{"frame":21,"values":[0.9116,-0.3954,-0.1123,0,0.1809,0.6313,-0.7541,0,0.3691,0.6672,0.6471,0,-0.06,30.7018,1.3522,1]},
{"frame":22,"values":[0.9215,-0.3777,-0.0906,0,0.1689,0.5997,-0.7822,0,0.3497,0.7055,0.6164,0,-0.06,30.7018,1.3522,1]}],"loopBehavior":1,"name":"anim","property":"_matrix"}},
{"name":"mixamorig:Head","index":5,"matrix":[0.955,0.1676,0.2446,0,-0.1406,0.9822,-0.1243,0,-0.261,0.0843,0.9616,0,-0.0872,22.5476,3.6709,1],"rest":[1,0,0,0,0,1,0,0,0,0,1,0,-0.0872,22.5476,3.6709,1],"parentBoneIndex":4,"length":30.5923
,"animation":{"dataType":3,"framePerSecond":24,"keys":[
{"frame":1,"values":[0.954,0.1761,0.2427,0,-0.1492,0.9809,-0.1251,0,-0.2601,0.0831,0.962,0,-0.0872,22.5476,3.6709,1]},
{"frame":2,"values":[0.9536,0.1517,0.2599,0,-0.1101,0.9796,-0.1678,0,-0.2801,0.1315,0.9509,0,-0.0872,22.5476,3.6709,1]},
{"frame":3,"values":[0.9541,0.1161,0.2762,0,-0.0796,0.987,-0.1397,0,-0.2888,0.1112,0.9509,0,-0.0872,22.5476,3.6709,1]},
{"frame":4,"values":[0.9577,0.0798,0.2763,0,-0.0358,0.9863,-0.1608,0,-0.2854,0.1441,0.9475,0,-0.0872,22.5476,3.6709,1]},
{"frame":5,"values":[0.9631,0.0384,0.2664,0,0.0395,0.9589,-0.281,0,-0.2662,0.2812,0.922,0,-0.0872,22.5476,3.6709,1]},
{"frame":6,"values":[0.97,-0.0283,0.2416,0,0.1188,0.9218,-0.3689,0,-0.2123,0.3865,0.8975,0,-0.0872,22.5476,3.6709,1]},
{"frame":7,"values":[0.9726,-0.0929,0.2133,0,0.1734,0.9009,-0.3979,0,-0.1552,0.424,0.8923,0,-0.0872,22.5476,3.6709,1]},
{"frame":8,"values":[0.9747,-0.1175,0.1902,0,0.1859,0.8984,-0.3978,0,-0.1242,0.4231,0.8975,0,-0.0872,22.5476,3.6709,1]},
{"frame":9,"values":[0.9749,-0.142,0.1715,0,0.1909,0.9295,-0.3155,0,-0.1146,0.3403,0.9333,0,-0.0872,22.5476,3.6709,1]},
{"frame":10,"values":[0.9737,-0.1678,0.1543,0,0.1952,0.9633,-0.1843,0,-0.1178,0.2095,0.9707,0,-0.0872,22.5476,3.6709,1]},
{"frame":11,"values":[0.9724,-0.191,0.1338,0,0.1991,0.9787,-0.0497,0,-0.1215,0.0749,0.9898,0,-0.0872,22.5476,3.6709,1]},
{"frame":12,"values":[0.9831,-0.1426,0.1149,0,0.1565,0.9799,-0.1235,0,-0.095,0.1394,0.9857,0,-0.0872,22.5476,3.6709,1]},
{"frame":13,"values":[0.9879,-0.0935,0.124,0,0.1167,0.9736,-0.196,0,-0.1024,0.2081,0.9727,0,-0.0872,22.5476,3.6709,1]},
{"frame":14,"values":[0.9906,-0.0437,0.1294,0,0.0774,0.9603,-0.2679,0,-0.1126,0.2754,0.9547,0,-0.0872,22.5476,3.6709,1]},
{"frame":15,"values":[0.9927,0.0068,0.1203,0,0.0347,0.9401,-0.3392,0,-0.1154,0.3409,0.933,0,-0.0872,22.5476,3.6709,1]},
{"frame":16,"values":[0.9926,0.0566,0.1074,0,-0.0079,0.9127,-0.4085,0,-0.1211,0.4046,0.9064,0,-0.0872,22.5476,3.6709,1]},
{"frame":17,"values":[0.9903,0.1052,0.0908,0,-0.0498,0.8787,-0.4748,0,-0.1298,0.4657,0.8754,0,-0.0872,22.5476,3.6709,1]},
{"frame":18,"values":[0.9802,0.1539,0.1244,0,-0.0912,0.9092,-0.4063,0,-0.1756,0.3869,0.9052,0,-0.0872,22.5476,3.6709,1]},
{"frame":19,"values":[0.9776,0.1392,0.1577,0,-0.0795,0.9386,-0.3356,0,-0.1948,0.3156,0.9287,0,-0.0872,22.5476,3.6709,1]},
{"frame":20,"values":[0.969,0.1578,0.1903,0,-0.1044,0.959,-0.2634,0,-0.224,0.2354,0.9457,0,-0.0872,22.5476,3.6709,1]},
{"frame":21,"values":[0.959,0.1734,0.2239,0,-0.1315,0.9729,-0.1904,0,-0.2509,0.1531,0.9558,0,-0.0872,22.5476,3.6709,1]},
{"frame":22,"values":[0.955,0.1676,0.2446,0,-0.1406,0.9822,-0.1243,0,-0.261,0.0843,0.9616,0,-0.0872,22.5476,3.6709,1]}],"loopBehavior":1,"name":"anim","property":"_matrix"}},
{"name":"mixamorig:HeadTop_End","index":6,"matrix":[1,0,0,0,0,1,0,0,0,0,1,0,-0.8306,40.3552,7.8935,1],"rest":[1,0,0,0,0,1,0,0,0,0,1,0,-0.8306,40.3552,7.8935,1],"parentBoneIndex":5,"length":30.5923
,"animation":{"dataType":3,"framePerSecond":24,"keys":[
{"frame":1,"values":[1,0,0,0,0,1,0,0,0,0,1,0,-0.8306,40.3552,7.8935,1]},
{"frame":16,"values":[1,0,0,0,0,1,0,0,0,0,1,0,-0.8306,40.3553,7.8935,1]},
{"frame":17,"values":[1,0,0,0,0,1,0,0,0,0,1,0,-0.8306,40.3552,7.8935,1]},
{"frame":22,"values":[1,0,0,0,0,1,0,0,0,0,1,0,-0.8306,40.3552,7.8935,1]}],"loopBehavior":1,"name":"anim","property":"_matrix"}},
{"name":"mixamorig:RightEye","index":7,"matrix":[1,0,0,0,0,1,0,0,0,0,1,0,-6.3021,18.1185,16.1971,1],"rest":[1,0,0,0,0,1,0,0,0,0,1,0,-6.3021,18.1186,16.1971,1],"parentBoneIndex":5,"length":30.5923
,"animation":{"dataType":3,"framePerSecond":24,"keys":[
{"frame":1,"values":[1,0,0,0,0,1,0,0,0,0,1,0,-6.3021,18.1186,16.1971,1]},
{"frame":22,"values":[1,0,0,0,0,1,0,0,0,0,1,0,-6.3021,18.1185,16.1971,1]}],"loopBehavior":1,"name":"anim","property":"_matrix"}},
{"name":"mixamorig:LeftEye","index":8,"matrix":[1,0,0,0,0,1,0,0,0,0,1,0,6.7415,18.3826,16.4019,1],"rest":[1,0,0,0,0,1,0,0,0,0,1,0,6.7415,18.3827,16.4019,1],"parentBoneIndex":5,"length":30.5923
,"animation":{"dataType":3,"framePerSecond":24,"keys":[
{"frame":1,"values":[1,0,0,0,0,1,0,0,0,0,1,0,6.7415,18.3827,16.4019,1]},
{"frame":22,"values":[1,0,0,0,0,1,0,0,0,0,1,0,6.7415,18.3826,16.4019,1]}],"loopBehavior":1,"name":"anim","property":"_matrix"}},
{"name":"mixamorig:LeftShoulder","index":9,"matrix":[0.9863,-0.1644,0.0102,0,0.1637,0.9852,0.0505,0,-0.0184,-0.0481,0.9987,0,11.9249,18.2305,1.4254,1],"rest":[1,0.0062,0,0,-0.0062,1,0,0,0,0,1,0,11.9249,18.2305,1.4254,1],"parentBoneIndex":3,"length":25.9773
,"animation":{"dataType":3,"framePerSecond":24,"keys":[
{"frame":1,"values":[0.9863,-0.1644,0.0102,0,0.1637,0.9852,0.0505,0,-0.0184,-0.0481,0.9987,0,11.9249,18.2305,1.4254,1]},
{"frame":2,"values":[0.9892,-0.1365,0.0541,0,0.133,0.989,0.065,0,-0.0624,-0.0571,0.9964,0,11.9249,18.2305,1.4254,1]},
{"frame":3,"values":[0.9915,-0.0968,0.087,0,0.0901,0.9929,0.078,0,-0.0939,-0.0695,0.9932,0,11.9249,18.2305,1.4254,1]},
{"frame":4,"values":[0.9926,-0.0421,0.1139,0,0.0319,0.9954,0.0905,0,-0.1172,-0.0862,0.9894,0,11.9249,18.2305,1.4254,1]},
{"frame":5,"values":[0.9903,0.0253,0.1369,0,-0.0395,0.994,0.1016,0,-0.1335,-0.106,0.9854,0,11.9249,18.2305,1.4254,1]},
{"frame":6,"values":[0.9842,0.1011,0.1456,0,-0.1173,0.9873,0.1071,0,-0.1329,-0.1225,0.9835,0,11.9249,18.2305,1.4254,1]},
{"frame":7,"values":[0.9763,0.1758,0.1263,0,-0.1894,0.9763,0.1044,0,-0.1049,-0.1258,0.9865,0,11.9249,18.2305,1.4254,1]},
{"frame":8,"values":[0.9692,0.2346,0.0746,0,-0.2411,0.9657,0.0959,0,-0.0496,-0.1109,0.9926,0,11.9249,18.2305,1.4254,1]},
{"frame":9,"values":[0.9758,0.2181,0.0159,0,-0.2187,0.9719,0.0871,0,0.0035,-0.0885,0.9961,0,11.9249,18.2305,1.4254,1]},
{"frame":10,"values":[0.9788,0.2002,-0.0428,0,-0.1966,0.9775,0.0769,0,0.0572,-0.0669,0.9961,0,11.9249,18.2305,1.4254,1]},
{"frame":11,"values":[0.9783,0.181,-0.1011,0,-0.175,0.9824,0.0655,0,0.1112,-0.0463,0.9927,0,11.9249,18.2305,1.4254,1]},
{"frame":12,"values":[0.9742,0.1606,-0.1588,0,-0.1541,0.9867,0.0527,0,0.1652,-0.0269,0.9859,0,11.9249,18.2305,1.4254,1]},
{"frame":13,"values":[0.9812,0.1098,-0.1589,0,-0.1038,0.9935,0.0458,0,0.1629,-0.0284,0.9862,0,11.9249,18.2305,1.4254,1]},
{"frame":14,"values":[0.9856,0.0585,-0.1587,0,-0.053,0.9978,0.0388,0,0.1606,-0.0298,0.9866,0,11.9249,18.2305,1.4254,1]},
{"frame":15,"values":[0.9874,0.007,-0.1581,0,-0.002,0.9995,0.0318,0,0.1582,-0.0311,0.9869,0,11.9249,18.2305,1.4254,1]},
{"frame":16,"values":[0.9866,-0.0446,-0.1571,0,0.0491,0.9985,0.0249,0,0.1558,-0.0323,0.9873,0,11.9249,18.2305,1.4254,1]},
{"frame":17,"values":[0.9831,-0.096,-0.1558,0,0.1,0.9948,0.018,0,0.1533,-0.0333,0.9876,0,11.9249,18.2305,1.4254,1]},
{"frame":18,"values":[0.977,-0.1471,-0.1541,0,0.1506,0.9885,0.0113,0,0.1507,-0.0342,0.988,0,11.9249,18.2305,1.4254,1]},
{"frame":19,"values":[0.9684,-0.1976,-0.1521,0,0.2007,0.9796,0.0046,0,0.1481,-0.035,0.9883,0,11.9249,18.2305,1.4254,1]},
{"frame":20,"values":[0.9763,-0.1908,-0.1019,0,0.1939,0.9808,0.0211,0,0.096,-0.0404,0.9946,0,11.9249,18.2305,1.4254,1]},
{"frame":21,"values":[0.9815,-0.1842,-0.0514,0,0.1862,0.9818,0.0372,0,0.0436,-0.0461,0.998,0,11.9249,18.2305,1.4254,1]},
{"frame":22,"values":[0.9863,-0.1644,0.0102,0,0.1637,0.9852,0.0505,0,-0.0184,-0.0481,0.9987,0,11.9249,18.2305,1.4254,1]}],"loopBehavior":1,"name":"anim","property":"_matrix"}},
{"name":"mixamorig:LeftArm","index":10,"matrix":[0.7462,-0.4187,0.5176,0,0.449,0.8905,0.0731,0,-0.4915,0.1778,0.8525,0,25.4312,-0.8546,-5.2293,1],"rest":[0.9983,0.0295,0.0512,0,-0.0294,0.9996,-0.0017,0,-0.0512,0.0002,0.9987,0,25.4312,-0.8546,-5.2293,1],"parentBoneIndex":9,"length":54.6847
,"animation":{"dataType":3,"framePerSecond":24,"keys":[
{"frame":1,"values":[0.7462,-0.4187,0.5176,0,0.449,0.8905,0.0731,0,-0.4915,0.1778,0.8525,0,25.4312,-0.8546,-5.2293,1]},
{"frame":2,"values":[0.7227,-0.5756,0.3826,0,0.5857,0.804,0.1032,0,-0.367,0.1495,0.9181,0,25.4312,-0.8546,-5.2293,1]},
{"frame":3,"values":[0.6635,-0.7068,0.2453,0,0.7073,0.6995,0.102,0,-0.2437,0.1058,0.9641,0,25.4312,-0.8546,-5.2293,1]},
{"frame":4,"values":[0.5857,-0.8018,0.1184,0,0.7988,0.5958,0.0831,0,-0.1371,0.0459,0.9895,0,25.4312,-0.8547,-5.2293,1]},
{"frame":5,"values":[0.5215,-0.853,0.0187,0,0.8503,0.5214,0.071,0,-0.0703,-0.0211,0.9973,0,25.4312,-0.8546,-5.2293,1]},
{"frame":6,"values":[0.5073,-0.8615,-0.0233,0,0.8595,0.5038,0.0858,0,-0.0622,-0.0636,0.996,0,25.4312,-0.8546,-5.2293,1]},
{"frame":7,"values":[0.5395,-0.8417,0.0231,0,0.835,0.5384,0.1135,0,-0.108,-0.042,0.9933,0,25.4312,-0.8546,-5.2293,1]},
{"frame":8,"values":[0.5771,-0.7984,0.1716,0,0.7928,0.5982,0.1171,0,-0.1961,0.0685,0.9782,0,25.4312,-0.8546,-5.2293,1]},
{"frame":9,"values":[0.5987,-0.7107,0.3693,0,0.7538,0.6558,0.04,0,-0.2706,0.2545,0.9284,0,25.4312,-0.8547,-5.2293,1]},
{"frame":10,"values":[0.6015,-0.5795,0.5498,0,0.7172,0.6949,-0.0522,0,-0.3518,0.4257,0.8336,0,25.4312,-0.8546,-5.2293,1]},
{"frame":11,"values":[0.5845,-0.4136,0.6981,0,0.6859,0.7115,-0.1527,0,-0.4335,0.5681,0.6996,0,25.4312,-0.8546,-5.2293,1]},
{"frame":12,"values":[0.5497,-0.227,0.8039,0,0.6621,0.7052,-0.2536,0,-0.5094,0.6717,0.5379,0,25.4312,-0.8547,-5.2293,1]},
{"frame":13,"values":[0.5655,-0.2312,0.7917,0,0.6476,0.7189,-0.2526,0,-0.5107,0.6555,0.5563,0,25.4312,-0.8547,-5.2293,1]},
{"frame":14,"values":[0.5812,-0.235,0.7791,0,0.6329,0.7324,-0.2512,0,-0.5115,0.6391,0.5744,0,25.4312,-0.8547,-5.2293,1]},
{"frame":15,"values":[0.5968,-0.2384,0.7662,0,0.618,0.7456,-0.2494,0,-0.5118,0.6223,0.5923,0,25.4312,-0.8546,-5.2293,1]},
{"frame":16,"values":[0.6122,-0.2413,0.753,0,0.6029,0.7586,-0.2471,0,-0.5116,0.6052,0.6099,0,25.4312,-0.8546,-5.2293,1]},
{"frame":17,"values":[0.6275,-0.2438,0.7395,0,0.5877,0.7713,-0.2444,0,-0.5108,0.5879,0.6272,0,25.4312,-0.8547,-5.2293,1]},
{"frame":18,"values":[0.6425,-0.2458,0.7257,0,0.5723,0.7838,-0.2412,0,-0.5095,0.5704,0.6443,0,25.4312,-0.8546,-5.2293,1]},
{"frame":19,"values":[0.6574,-0.2474,0.7118,0,0.5568,0.7959,-0.2376,0,-0.5077,0.5526,0.661,0,25.4312,-0.8546,-5.2293,1]},
{"frame":20,"values":[0.6906,-0.2863,0.6641,0,0.4964,0.8555,-0.1474,0,-0.5259,0.4315,0.733,0,25.4312,-0.8546,-5.2293,1]},
{"frame":21,"values":[0.7251,-0.3167,0.6115,0,0.4345,0.8993,-0.0495,0,-0.5342,0.3016,0.7897,0,25.4312,-0.8546,-5.2293,1]},
{"frame":22,"values":[0.7462,-0.4187,0.5176,0,0.449,0.8905,0.0731,0,-0.4915,0.1778,0.8525,0,25.4312,-0.8546,-5.2293,1]}],"loopBehavior":1,"name":"anim","property":"_matrix"}},
{"name":"mixamorig:LeftForeArm","index":11,"matrix":[0.7462,0.0002,0.6657,0,0.0156,0.9997,-0.0178,0,-0.6655,0.0237,0.746,0,54.5783,-1.9463,-2.8009,1],"rest":[0.9943,-0.0088,-0.1062,0,0.0091,1,0.0028,0,0.1061,-0.0038,0.9943,0,54.5783,-1.9463,-2.8009,1],"parentBoneIndex":10,"length":55.0982
,"animation":{"dataType":3,"framePerSecond":24,"keys":[
{"frame":1,"values":[0.7462,0.0002,0.6657,0,0.0156,0.9997,-0.0178,0,-0.6655,0.0237,0.746,0,54.5783,-1.9463,-2.8009,1]},
{"frame":2,"values":[0.7028,0.0017,0.7114,0,0.0168,0.9997,-0.019,0,-0.7112,0.0253,0.7025,0,54.5783,-1.9463,-2.8009,1]},
{"frame":3,"values":[0.6566,0.0034,0.7542,0,0.018,0.9996,-0.0202,0,-0.754,0.0268,0.6563,0,54.5783,-1.9463,-2.8009,1]},
{"frame":4,"values":[0.6289,0.0044,0.7774,0,0.0187,0.9996,-0.0208,0,-0.7772,0.0276,0.6286,0,54.5783,-1.9463,-2.8009,1]},
{"frame":5,"values":[0.6118,0.005,0.791,0,0.0192,0.9996,-0.0212,0,-0.7908,0.0281,0.6115,0,54.5783,-1.9463,-2.8009,1]},
{"frame":6,"values":[0.5742,0.0063,0.8187,0,0.0202,0.9996,-0.0219,0,-0.8185,0.0291,0.5738,0,54.5783,-1.9463,-2.8009,1]},
{"frame":7,"values":[0.5344,0.0078,0.8452,0,0.0213,0.9995,-0.0226,0,-0.845,0.0301,0.534,0,54.5783,-1.9463,-2.8009,1]},
{"frame":8,"values":[0.5603,0.0068,0.8282,0,0.0206,0.9995,-0.0222,0,-0.828,0.0295,0.5599,0,54.5783,-1.9463,-2.8009,1]},
{"frame":9,"values":[0.6122,0.005,0.7907,0,0.0192,0.9996,-0.0211,0,-0.7905,0.0281,0.6119,0,54.5783,-1.9463,-2.8009,1]},
{"frame":10,"values":[0.6617,0.0032,0.7498,0,0.0179,0.9996,-0.02,0,-0.7496,0.0267,0.6614,0,54.5783,-1.9463,-2.8009,1]},
{"frame":11,"values":[0.7084,0.0015,0.7058,0,0.0166,0.9997,-0.0189,0,-0.7056,0.0251,0.7082,0,54.5783,-1.9463,-2.8009,1]},
{"frame":12,"values":[0.7521,0,0.659,0,0.0155,0.9997,-0.0176,0,-0.6588,0.0234,0.7519,0,54.5783,-1.9463,-2.8009,1]},
{"frame":13,"values":[0.7476,0.0001,0.6641,0,0.0156,0.9997,-0.0177,0,-0.6639,0.0236,0.7474,0,54.5783,-1.9463,-2.8009,1]},
{"frame":14,"values":[0.7431,0.0003,0.6692,0,0.0157,0.9997,-0.0179,0,-0.669,0.0238,0.7429,0,54.5783,-1.9463,-2.8009,1]},
{"frame":15,"values":[0.7385,0.0005,0.6742,0,0.0158,0.9997,-0.018,0,-0.674,0.024,0.7383,0,54.5783,-1.9462,-2.8009,1]},
{"frame":16,"values":[0.7339,0.0006,0.6792,0,0.016,0.9997,-0.0182,0,-0.679,0.0242,0.7337,0,54.5783,-1.9463,-2.8009,1]},
{"frame":17,"values":[0.7293,0.0008,0.6842,0,0.0161,0.9997,-0.0183,0,-0.684,0.0243,0.7291,0,54.5783,-1.9463,-2.8009,1]},
{"frame":18,"values":[0.7246,0.001,0.6891,0,0.0162,0.9997,-0.0184,0,-0.6889,0.0245,0.7244,0,54.5783,-1.9463,-2.8009,1]},
{"frame":19,"values":[0.7199,0.0011,0.694,0,0.0163,0.9997,-0.0186,0,-0.6938,0.0247,0.7197,0,54.5783,-1.9463,-2.8009,1]},
{"frame":20,"values":[0.7419,0.0003,0.6705,0,0.0157,0.9997,-0.0179,0,-0.6704,0.0239,0.7417,0,54.5783,-1.9463,-2.8009,1]},
{"frame":21,"values":[0.763,-0.0004,0.6463,0,0.0152,0.9997,-0.0173,0,-0.6462,0.023,0.7628,0,54.5783,-1.9463,-2.8009,1]},
{"frame":22,"values":[0.7462,0.0002,0.6657,0,0.0156,0.9997,-0.0178,0,-0.6655,0.0237,0.746,0,54.5783,-1.9463,-2.8009,1]}],"loopBehavior":1,"name":"anim","property":"_matrix"}},
{"name":"mixamorig:LeftHand","index":12,"matrix":[0.9331,0.3354,0.1296,0,-0.1135,0.6169,-0.7788,0,-0.3412,0.712,0.6137,0,54.9948,-1.4671,3.0376,1],"rest":[0.9961,0.088,0.001,0,-0.0871,0.9842,0.154,0,0.0125,-0.1535,0.9881,0,54.9948,-1.4671,3.0376,1],"parentBoneIndex":11,"length":20.3347
,"animation":{"dataType":3,"framePerSecond":24,"keys":[
{"frame":1,"values":[0.9331,0.3354,0.1296,0,-0.1135,0.6169,-0.7788,0,-0.3412,0.712,0.6137,0,54.9948,-1.4671,3.0376,1]},
{"frame":22,"values":[0.9331,0.3354,0.1296,0,-0.1135,0.6169,-0.7788,0,-0.3412,0.712,0.6137,0,54.9948,-1.4671,3.0376,1]}],"loopBehavior":1,"name":"anim","property":"_matrix"}},
{"name":"mixamorig:LeftHandMiddle1","index":13,"matrix":[0.9965,-0.0103,-0.0824,0,0.0114,0.9998,0.0132,0,0.0822,-0.0141,0.9965,0,23.1821,-2.445,1.6605,1],"rest":[0.9974,-0.0561,0.045,0,0.0561,0.9984,0.0005,0,-0.045,0.002,0.999,0,23.1821,-2.445,1.6605,1],"parentBoneIndex":12,"length":6.3787
,"animation":{"dataType":3,"framePerSecond":24,"keys":[
{"frame":1,"values":[0.9965,-0.0103,-0.0824,0,0.0114,0.9998,0.0132,0,0.0822,-0.0141,0.9965,0,23.1821,-2.445,1.6605,1]},
{"frame":2,"values":[0.9965,-0.0111,-0.0823,0,0.0122,0.9998,0.0132,0,0.0822,-0.0142,0.9965,0,23.1821,-2.445,1.6605,1]},
{"frame":3,"values":[0.9959,0.0321,-0.0845,0,-0.0309,0.9994,0.0158,0,0.0849,-0.0131,0.9963,0,23.1821,-2.445,1.6605,1]},
{"frame":4,"values":[0.9905,0.1057,-0.0876,0,-0.1043,0.9943,0.0205,0,0.0893,-0.0111,0.9959,0,23.1821,-2.445,1.6605,1]},
{"frame":5,"values":[0.98,0.1771,-0.0908,0,-0.1756,0.9841,0.0253,0,0.0938,-0.0088,0.9956,0,23.1821,-2.445,1.6605,1]},
{"frame":6,"values":[0.9853,0.1452,-0.0895,0,-0.1437,0.9894,0.0231,0,0.0919,-0.0099,0.9957,0,23.1821,-2.445,1.6605,1]},
{"frame":7,"values":[0.992,0.0895,-0.0885,0,-0.0882,0.9959,0.0194,0,0.0899,-0.0115,0.9959,0,23.1821,-2.445,1.6605,1]},
{"frame":8,"values":[0.9946,0.0558,-0.0875,0,-0.0544,0.9984,0.0184,0,0.0884,-0.0136,0.996,0,23.1821,-2.445,1.6605,1]},
{"frame":9,"values":[0.9953,0.0446,-0.0865,0,-0.0433,0.9989,0.0174,0,0.0872,-0.0136,0.9961,0,23.1821,-2.445,1.6605,1]},
{"frame":10,"values":[0.9958,0.0334,-0.0855,0,-0.0322,0.9993,0.0165,0,0.086,-0.0136,0.9962,0,23.1821,-2.445,1.6605,1]},
{"frame":11,"values":[0.9962,0.0223,-0.0845,0,-0.021,0.9997,0.0155,0,0.0848,-0.0137,0.9963,0,23.1821,-2.445,1.6605,1]},
{"frame":12,"values":[0.9965,0.0111,-0.0834,0,-0.0099,0.9998,0.0145,0,0.0836,-0.0137,0.9964,0,23.1821,-2.445,1.6605,1]},
{"frame":13,"values":[0.9961,0.0253,-0.0841,0,-0.0241,0.9996,0.0154,0,0.0845,-0.0133,0.9963,0,23.1821,-2.445,1.6605,1]},
{"frame":14,"values":[0.9956,0.0396,-0.0848,0,-0.0383,0.9991,0.0163,0,0.0854,-0.0129,0.9963,0,23.1821,-2.445,1.6605,1]},
{"frame":15,"values":[0.9949,0.0538,-0.0855,0,-0.0525,0.9985,0.0172,0,0.0863,-0.0126,0.9962,0,23.1821,-2.445,1.6605,1]},
{"frame":16,"values":[0.994,0.068,-0.0861,0,-0.0667,0.9976,0.018,0,0.0872,-0.0122,0.9961,0,23.1821,-2.445,1.6605,1]},
{"frame":17,"values":[0.9928,0.0822,-0.0868,0,-0.0809,0.9965,0.019,0,0.088,-0.0118,0.996,0,23.1821,-2.445,1.6605,1]},
{"frame":18,"values":[0.9915,0.0964,-0.0874,0,-0.095,0.9953,0.0199,0,0.0889,-0.0114,0.996,0,23.1821,-2.445,1.6605,1]},
{"frame":19,"values":[0.99,0.1105,-0.088,0,-0.1091,0.9938,0.0208,0,0.0898,-0.011,0.9959,0,23.1821,-2.445,1.6605,1]},
{"frame":20,"values":[0.9924,0.0871,-0.087,0,-0.0857,0.9961,0.0193,0,0.0883,-0.0117,0.996,0,23.1821,-2.445,1.6605,1]},
{"frame":21,"values":[0.9943,0.0636,-0.0859,0,-0.0623,0.9979,0.0178,0,0.0869,-0.0123,0.9961,0,23.1821,-2.445,1.6605,1]},
{"frame":22,"values":[0.9965,-0.0103,-0.0824,0,0.0114,0.9998,0.0132,0,0.0822,-0.0141,0.9965,0,23.1821,-2.445,1.6605,1]}],"loopBehavior":1,"name":"anim","property":"_matrix"}},
{"name":"mixamorig:LeftHandMiddle2","index":14,"matrix":[0.9516,-0.3065,0.0214,0,0.3064,0.9519,0.0084,0,-0.0229,-0.0014,0.9997,0,6.3689,-0.3109,0.167,1],"rest":[0.991,0.1341,-0.0042,0,-0.1342,0.991,-0.0031,0,0.0038,0.0036,1,0,6.3689,-0.3109,0.167,1],"parentBoneIndex":13,"length":6.1483
,"animation":{"dataType":3,"framePerSecond":24,"keys":[
{"frame":1,"values":[0.9516,-0.3065,0.0231,0,0.3063,0.9519,0.0096,0,-0.0249,-0.0021,0.9997,0,6.3689,-0.3109,0.167,1]},
{"frame":2,"values":[0.9515,-0.3068,0.022,0,0.3067,0.9518,0.0088,0,-0.0236,-0.0017,0.9997,0,6.3689,-0.3109,0.167,1]},
{"frame":3,"values":[0.9569,-0.2897,0.0209,0,0.2895,0.9571,0.0081,0,-0.0223,-0.0017,0.9997,0,6.3689,-0.3109,0.167,1]},
{"frame":4,"values":[0.9654,-0.2602,0.0198,0,0.2601,0.9656,0.0073,0,-0.021,-0.0019,0.9998,0,6.3689,-0.3109,0.167,1]},
{"frame":5,"values":[0.9728,-0.2311,0.0187,0,0.231,0.9729,0.0065,0,-0.0197,-0.002,0.9998,0,6.3689,-0.3109,0.167,1]},
{"frame":6,"values":[0.9696,-0.2441,0.0189,0,0.2441,0.9697,0.0066,0,-0.02,-0.0018,0.9998,0,6.3689,-0.3109,0.167,1]},
{"frame":7,"values":[0.9636,-0.2667,0.0191,0,0.2666,0.9638,0.0068,0,-0.0202,-0.0014,0.9998,0,6.3689,-0.3109,0.167,1]},
{"frame":8,"values":[0.9597,-0.2802,0.0192,0,0.2801,0.9599,0.0069,0,-0.0204,-0.0012,0.9998,0,6.3689,-0.3109,0.167,1]},
{"frame":9,"values":[0.9584,-0.2847,0.0194,0,0.2846,0.9586,0.007,0,-0.0206,-0.0012,0.9998,0,6.3689,-0.3109,0.167,1]},
{"frame":10,"values":[0.9571,-0.2891,0.0196,0,0.2891,0.9573,0.0071,0,-0.0208,-0.0011,0.9998,0,6.3689,-0.3109,0.167,1]},
{"frame":11,"values":[0.9557,-0.2936,0.0197,0,0.2935,0.9559,0.0072,0,-0.021,-0.0011,0.9998,0,6.3689,-0.3109,0.167,1]},
{"frame":12,"values":[0.9544,-0.298,0.0199,0,0.2979,0.9546,0.0073,0,-0.0212,-0.0011,0.9998,0,6.3689,-0.3109,0.167,1]},
{"frame":13,"values":[0.9561,-0.2924,0.0201,0,0.2923,0.9563,0.0075,0,-0.0214,-0.0013,0.9998,0,6.3689,-0.3109,0.167,1]},
{"frame":14,"values":[0.9578,-0.2867,0.0202,0,0.2866,0.958,0.0076,0,-0.0216,-0.0015,0.9998,0,6.3689,-0.3109,0.167,1]},
{"frame":15,"values":[0.9595,-0.281,0.0204,0,0.2809,0.9597,0.0077,0,-0.0217,-0.0016,0.9998,0,6.3689,-0.3109,0.167,1]},
{"frame":16,"values":[0.9611,-0.2753,0.0206,0,0.2752,0.9613,0.0078,0,-0.0219,-0.0018,0.9998,0,6.3689,-0.3109,0.167,1]},
{"frame":17,"values":[0.9627,-0.2696,0.0207,0,0.2695,0.963,0.0079,0,-0.0221,-0.002,0.9998,0,6.3689,-0.3109,0.167,1]},
{"frame":18,"values":[0.9643,-0.2639,0.0209,0,0.2638,0.9645,0.008,0,-0.0223,-0.0022,0.9997,0,6.3689,-0.3109,0.167,1]},
{"frame":19,"values":[0.9659,-0.2582,0.0211,0,0.2581,0.9661,0.0081,0,-0.0225,-0.0024,0.9997,0,6.3689,-0.3109,0.167,1]},
{"frame":20,"values":[0.9633,-0.2677,0.0212,0,0.2675,0.9635,0.0083,0,-0.0227,-0.0023,0.9997,0,6.3689,-0.3109,0.167,1]},
{"frame":21,"values":[0.9606,-0.2771,0.0214,0,0.277,0.9608,0.0084,0,-0.0229,-0.0021,0.9997,0,6.3689,-0.3109,0.167,1]},
{"frame":22,"values":[0.9516,-0.3065,0.0214,0,0.3064,0.9519,0.0084,0,-0.0229,-0.0014,0.9997,0,6.3689,-0.3109,0.167,1]}],"loopBehavior":1,"name":"anim","property":"_matrix"}},
{"name":"mixamorig:LeftHandMiddle3","index":15,"matrix":[0.976,-0.2176,0.0093,0,0.2175,0.976,0.0063,0,-0.0104,-0.0041,0.9999,0,6.0425,-1.121,0.183,1],"rest":[1,-0.0048,-0.0038,0,0.0048,1,0.0008,0,0.0038,-0.0009,1,0,6.0425,-1.121,0.183,1],"parentBoneIndex":14,"length":6.5825
,"animation":{"dataType":3,"framePerSecond":24,"keys":[
{"frame":1,"values":[0.976,-0.2176,0.0093,0,0.2175,0.976,0.0063,0,-0.0104,-0.0041,0.9999,0,6.0425,-1.121,0.183,1]},
{"frame":22,"values":[0.976,-0.2176,0.0093,0,0.2175,0.976,0.0063,0,-0.0104,-0.0041,0.9999,0,6.0425,-1.121,0.183,1]}],"loopBehavior":1,"name":"anim","property":"_matrix"}},
{"name":"mixamorig:LeftHandMiddle4","index":16,"matrix":[1,0,0,0,0,1,0,0,0,0,1,0,6.4741,-1.1689,0.2214,1],"rest":[1,0,0,0,0,1,0,0,0,0,1,0,6.4741,-1.1689,0.2214,1],"parentBoneIndex":15,"length":6.5825
,"animation":{"dataType":3,"framePerSecond":24,"keys":[
{"frame":1,"values":[1,0,0,0,0,1,0,0,0,0,1,0,6.4741,-1.1689,0.2214,1]},
{"frame":22,"values":[1,0,0,0,0,1,0,0,0,0,1,0,6.4741,-1.1689,0.2214,1]}],"loopBehavior":1,"name":"anim","property":"_matrix"}},
{"name":"mixamorig:LeftHandThumb1","index":17,"matrix":[0.9908,0.0255,0.1328,0,0.0207,0.942,-0.3349,0,-0.1337,0.3346,0.9328,0,6.4451,-3.6637,6.4601,1],"rest":[0.993,-0.1184,-0.0054,0,0.1183,0.9883,0.0962,0,-0.006,-0.0961,0.9953,0,6.4451,-3.6637,6.4601,1],"parentBoneIndex":12,"length":8.4798
,"animation":{"dataType":3,"framePerSecond":24,"keys":[
{"frame":1,"values":[0.9908,0.0255,0.1328,0,0.0207,0.942,-0.3349,0,-0.1337,0.3346,0.9328,0,6.4451,-3.6637,6.4601,1]},
{"frame":22,"values":[0.9908,0.0255,0.1328,0,0.0207,0.942,-0.3349,0,-0.1337,0.3346,0.9328,0,6.4451,-3.6637,6.4601,1]}],"loopBehavior":1,"name":"anim","property":"_matrix"}},
{"name":"mixamorig:LeftHandThumb2","index":18,"matrix":[0.9249,0.1749,-0.3377,0,-0.1589,0.9845,0.0745,0,0.3455,-0.0152,0.9383,0,6.2606,-2.6017,5.0935,1],"rest":[0.9927,0.0626,0.1035,0,-0.0529,0.9941,-0.0942,0,-0.1088,0.088,0.9902,0,6.2606,-2.6017,5.0935,1],"parentBoneIndex":17,"length":7.8274
,"animation":{"dataType":3,"framePerSecond":24,"keys":[
{"frame":1,"values":[0.9249,0.1749,-0.3377,0,-0.1589,0.9845,0.0745,0,0.3455,-0.0152,0.9383,0,6.2606,-2.6017,5.0935,1]},
{"frame":22,"values":[0.9249,0.1749,-0.3377,0,-0.1589,0.9845,0.0745,0,0.3455,-0.0152,0.9383,0,6.2606,-2.6017,5.0935,1]}],"loopBehavior":1,"name":"anim","property":"_matrix"}},
{"name":"mixamorig:LeftHandThumb3","index":19,"matrix":[0.9172,0.0073,-0.3984,0,0.047,0.9909,0.1262,0,0.3957,-0.1345,0.9085,0,6.0726,-3.1361,3.8153,1],"rest":[0.9981,-0.0559,-0.0241,0,0.057,0.9973,0.0466,0,0.0214,-0.0479,0.9986,0,6.0726,-3.1361,3.8153,1],"parentBoneIndex":18,"length":6.188
,"animation":{"dataType":3,"framePerSecond":24,"keys":[
{"frame":1,"values":[0.9172,0.0073,-0.3984,0,0.047,0.9909,0.1262,0,0.3957,-0.1345,0.9085,0,6.0726,-3.1361,3.8153,1]},
{"frame":22,"values":[0.9172,0.0073,-0.3984,0,0.047,0.9909,0.1262,0,0.3957,-0.1345,0.9085,0,6.0726,-3.1361,3.8153,1]}],"loopBehavior":1,"name":"anim","property":"_matrix"}},
{"name":"mixamorig:LeftHandThumb4","index":20,"matrix":[1,0,0,0,0,1,0,0,0,0,1,0,4.8579,-2.0584,3.2334,1],"rest":[1,0,0,0,0,1,0,0,0,0,1,0,4.8579,-2.0584,3.2334,1],"parentBoneIndex":19,"length":6.188
,"animation":{"dataType":3,"framePerSecond":24,"keys":[
{"frame":1,"values":[1,0,0,0,0,1,0,0,0,0,1,0,4.8579,-2.0584,3.2334,1]},
{"frame":22,"values":[1,0,0,0,0,1,0,0,0,0,1,0,4.8579,-2.0584,3.2334,1]}],"loopBehavior":1,"name":"anim","property":"_matrix"}},
