{"producer":{"name":"Blender","version":"2.79 (sub 0)","exporter_version":"5.6.4","file":"beastturnright.babylon"},
"autoClear":true,"clearColor":[0.0509,0.0509,0.0509],"ambientColor":[0,0,0],"gravity":[0,-9.81,0],
"materials":[{"name":"beastturnright.Material","id":"beastturnright.Material","ambient":[0,0,0],"diffuse":[0,0,0],"specular":[0,0,0],"emissive":[0,0,0],"specularPower":50,"alpha":0.001,"backFaceCulling":true,"checkReadyOnlyOnce":false,"maxSimultaneousLights":4}],
"multiMaterials":[],
"skeletons":[{"name":"Armature","id":0,"dimensionsAtRest":[379.1952,391.6652,55.677],"bones":[
{"name":"mixamorig:Hips","index":0,"matrix":[-0.6809,0.0023,-0.7323,0,0.0583,0.997,-0.0511,0,-0.73,0.0775,0.679,0,0.4638,188.1136,-0.1555,1],"rest":[1,0,0,0,0,1,0,0,0,0,-1,0,0,201.6394,0,1],"parentBoneIndex":-1,"length":21.6784
,"animation":{"dataType":3,"framePerSecond":24,"keys":[
{"frame":1,"values":[0.7302,0.0023,-0.6832,0,0.0513,0.997,0.0582,0,-0.6813,0.0775,-0.7279,0,0.1569,188.1136,0.4633,1]},
{"frame":2,"values":[0.6564,-0.0095,-0.7543,0,0.0519,0.9981,0.0326,0,-0.7526,0.0605,-0.6557,0,1.7583,188.2876,-1.5956,1]},
{"frame":3,"values":[0.5743,-0.0251,-0.8182,0,0.0408,0.9992,-0.002,0,-0.8176,0.0322,-0.5749,0,5.2392,188.7799,-5.8977,1]},
{"frame":4,"values":[0.4903,-0.0411,-0.8706,0,0.0252,0.9991,-0.0329,0,-0.8712,0.0058,-0.491,0,8.9201,189.4566,-10.4003,1]},
{"frame":5,"values":[0.408,-0.0527,-0.9115,0,0.0046,0.9984,-0.0557,0,-0.913,-0.0185,-0.4076,0,11.9535,190.4944,-14.4179,1]},
{"frame":6,"values":[0.3459,-0.0477,-0.9371,0,-0.0245,0.9979,-0.0599,0,-0.9379,-0.0436,-0.344,0,13.3306,190.7992,-16.2878,1]},
{"frame":7,"values":[0.2818,-0.0444,-0.9585,0,-0.0539,0.9966,-0.062,0,-0.958,-0.0691,-0.2784,0,14.7077,191.104,-18.1576,1]},
{"frame":8,"values":[0.216,-0.0429,-0.9754,0,-0.0834,0.9946,-0.0622,0,-0.9728,-0.0948,-0.2113,0,16.0848,191.4088,-20.0275,1]},
{"frame":9,"values":[0.1493,-0.0431,-0.9879,0,-0.1128,0.9918,-0.0603,0,-0.9823,-0.1204,-0.1432,0,17.4618,191.7136,-21.8973,1]},
{"frame":10,"values":[0.082,-0.045,-0.9956,0,-0.1418,0.9883,-0.0563,0,-0.9865,-0.1458,-0.0747,0,18.8389,192.0184,-23.7672,1]},
{"frame":11,"values":[0.0148,-0.0486,-0.9987,0,-0.1703,0.9841,-0.0504,0,-0.9853,-0.1708,-0.0063,0,20.216,192.3232,-25.6371,1]},
{"frame":12,"values":[0.0101,-0.0958,-0.9953,0,-0.1971,0.9757,-0.0959,0,-0.9803,-0.1971,0.009,0,21.5931,192.628,-27.5069,1]},
{"frame":13,"values":[-0.0362,-0.1249,-0.9915,0,-0.2262,0.9674,-0.1137,0,-0.9734,-0.2202,0.0633,0,22.9702,192.2728,-25.4426,1]},
{"frame":14,"values":[-0.0816,-0.1551,-0.9845,0,-0.256,0.9579,-0.1297,0,-0.9632,-0.2415,0.1179,0,24.3473,191.9176,-23.3783,1]},
{"frame":15,"values":[-0.1258,-0.1861,-0.9744,0,-0.2863,0.9472,-0.144,0,-0.9498,-0.2609,0.1725,0,25.7243,191.5624,-21.314,1]},
{"frame":16,"values":[-0.1686,-0.2178,-0.9613,0,-0.317,0.9355,-0.1564,0,-0.9333,-0.2783,0.2268,0,27.1014,191.2072,-19.2497,1]},
{"frame":17,"values":[-0.2401,-0.1885,-0.9523,0,-0.3414,0.9347,-0.0989,0,-0.9087,-0.3014,0.2887,0,24.2367,190.852,-17.1855,1]},
{"frame":18,"values":[-0.3112,-0.1606,-0.9367,0,-0.3614,0.9316,-0.0397,0,-0.879,-0.3262,0.3479,0,21.372,190.4968,-15.1212,1]},
{"frame":19,"values":[-0.3811,-0.1345,-0.9147,0,-0.3765,0.9262,0.0207,0,-0.8444,-0.3523,0.4036,0,18.5073,190.1416,-13.0569,1]},
{"frame":20,"values":[-0.4418,-0.0624,-0.8949,0,-0.1759,0.9842,0.0181,0,-0.8797,-0.1654,0.4458,0,15.6425,189.7864,-10.9926,1]},
{"frame":21,"values":[-0.4853,0.0208,-0.8741,0,0.0321,0.9995,0.006,0,-0.8737,0.0251,0.4858,0,12.7778,189.4312,-8.9283,1]},
{"frame":22,"values":[-0.5248,0.0173,-0.8511,0,0.0418,0.9991,-0.0054,0,-0.8502,0.0384,0.525,0,9.9131,189.076,-6.864,1]},
{"frame":23,"values":[-0.5631,0.0145,-0.8262,0,0.0509,0.9986,-0.0172,0,-0.8248,0.0517,0.5631,0,7.0484,188.7208,-4.7997,1]},
{"frame":24,"values":[-0.6004,0.0123,-0.7996,0,0.0595,0.9978,-0.0293,0,-0.7975,0.0652,0.5998,0,4.1837,188.3656,-2.7354,1]},
{"frame":25,"values":[-0.6363,0.0107,-0.7713,0,0.0676,0.9968,-0.0419,0,-0.7685,0.0788,0.635,0,1.3189,188.0104,-0.6711,1]},
{"frame":26,"values":[-0.6809,0.0023,-0.7323,0,0.0583,0.997,-0.0511,0,-0.73,0.0775,0.679,0,0.4638,188.1136,-0.1555,1]}],"loopBehavior":1,"name":"anim","property":"_matrix"}},
{"name":"mixamorig:Spine","index":1,"matrix":[0.9966,-0.0132,-0.0812,0,0.0214,0.9948,0.0999,0,0.0795,-0.1013,0.9917,0,0.0062,19.525,-2.4818,1],"rest":[1,0,0,0,0,1,0,0,0,0,1,0,0.0062,19.525,-2.4818,1],"parentBoneIndex":0,"length":23.0091
,"animation":{"dataType":3,"framePerSecond":24,"keys":[
{"frame":1,"values":[0.9966,-0.0132,-0.0812,0,0.0214,0.9948,0.0999,0,0.0795,-0.1013,0.9917,0,0.0062,19.525,-2.4818,1]},
{"frame":2,"values":[0.9966,-0.0139,-0.0812,0,0.022,0.9947,0.1,0,0.0794,-0.1015,0.9917,0,0.0062,19.525,-2.4818,1]},
{"frame":3,"values":[0.9966,-0.0146,-0.0812,0,0.0227,0.9947,0.1001,0,0.0793,-0.1016,0.9917,0,0.0062,19.525,-2.4818,1]},
{"frame":4,"values":[0.9966,-0.0152,-0.0812,0,0.0234,0.9947,0.1002,0,0.0793,-0.1017,0.9916,0,0.0062,19.525,-2.4818,1]},
{"frame":5,"values":[0.9966,-0.0159,-0.0812,0,0.024,0.9947,0.1003,0,0.0792,-0.1019,0.9916,0,0.0062,19.525,-2.4818,1]},
{"frame":6,"values":[0.9966,-0.0166,-0.0812,0,0.0247,0.9946,0.1004,0,0.0791,-0.102,0.9916,0,0.0062,19.525,-2.4818,1]},
{"frame":7,"values":[0.9965,-0.0172,-0.0812,0,0.0254,0.9946,0.1005,0,0.0791,-0.1022,0.9916,0,0.0062,19.525,-2.4818,1]},
{"frame":8,"values":[0.9965,-0.0179,-0.0812,0,0.026,0.9946,0.1006,0,0.079,-0.1023,0.9916,0,0.0062,19.525,-2.4818,1]},
{"frame":9,"values":[0.9965,-0.0185,-0.0812,0,0.0267,0.9946,0.1007,0,0.0789,-0.1025,0.9916,0,0.0062,19.525,-2.4818,1]},
{"frame":10,"values":[0.9965,-0.0192,-0.0812,0,0.0274,0.9945,0.1008,0,0.0788,-0.1026,0.9916,0,0.0062,19.525,-2.4818,1]},
{"frame":11,"values":[0.9965,-0.0199,-0.0812,0,0.0281,0.9945,0.1009,0,0.0788,-0.1028,0.9916,0,0.0062,19.525,-2.4818,1]},
{"frame":12,"values":[0.9965,-0.0205,-0.0812,0,0.0287,0.9945,0.101,0,0.0787,-0.1029,0.9916,0,0.0062,19.525,-2.4818,1]},
{"frame":13,"values":[0.9965,-0.0212,-0.0812,0,0.0294,0.9944,0.1011,0,0.0786,-0.1031,0.9916,0,0.0062,19.525,-2.4818,1]},
{"frame":14,"values":[0.9965,-0.0219,-0.0812,0,0.0301,0.9944,0.1011,0,0.0786,-0.1032,0.9916,0,0.0062,19.525,-2.4818,1]},
{"frame":15,"values":[0.9965,-0.0211,-0.0812,0,0.0294,0.9944,0.1012,0,0.0786,-0.1033,0.9915,0,0.0062,19.525,-2.4818,1]},
{"frame":16,"values":[0.9965,-0.0204,-0.0812,0,0.0286,0.9944,0.1013,0,0.0787,-0.1033,0.9915,0,0.0062,19.525,-2.4818,1]},
{"frame":17,"values":[0.9965,-0.0197,-0.0812,0,0.0279,0.9944,0.1014,0,0.0788,-0.1033,0.9915,0,0.0062,19.525,-2.4818,1]},
{"frame":18,"values":[0.9965,-0.019,-0.0812,0,0.0272,0.9945,0.1015,0,0.0788,-0.1034,0.9915,0,0.0062,19.525,-2.4818,1]},
{"frame":19,"values":[0.9965,-0.0183,-0.0812,0,0.0265,0.9945,0.1016,0,0.0789,-0.1034,0.9915,0,0.0062,19.525,-2.4818,1]},
{"frame":20,"values":[0.9965,-0.0175,-0.0812,0,0.0258,0.9945,0.1017,0,0.079,-0.1035,0.9915,0,0.0062,19.525,-2.4818,1]},
{"frame":21,"values":[0.9966,-0.0168,-0.0812,0,0.0251,0.9945,0.1018,0,0.0791,-0.1035,0.9915,0,0.0062,19.525,-2.4818,1]},
{"frame":22,"values":[0.9966,-0.0161,-0.0812,0,0.0244,0.9945,0.1019,0,0.0791,-0.1035,0.9915,0,0.0062,19.525,-2.4818,1]},
{"frame":23,"values":[0.9966,-0.0154,-0.0812,0,0.0237,0.9945,0.102,0,0.0792,-0.1036,0.9915,0,0.0062,19.525,-2.4818,1]},
{"frame":24,"values":[0.9966,-0.0147,-0.0812,0,0.023,0.9945,0.1021,0,0.0793,-0.1036,0.9915,0,0.0062,19.525,-2.4818,1]},
{"frame":25,"values":[0.9966,-0.014,-0.0812,0,0.0223,0.9945,0.1022,0,0.0794,-0.1037,0.9914,0,0.0062,19.525,-2.4818,1]},
{"frame":26,"values":[0.9966,-0.0132,-0.0812,0,0.0214,0.9948,0.0999,0,0.0795,-0.1013,0.9917,0,0.0062,19.525,-2.4818,1]}],"loopBehavior":1,"name":"anim","property":"_matrix"}},
{"name":"mixamorig:Spine1","index":2,"matrix":[0.9862,-0.0205,-0.1645,0,0.0531,0.9791,0.1966,0,0.1571,-0.2026,0.9666,0,-0.0009,22.835,-2.8254,1],"rest":[1,0,0,0,0,1,0,0,0,0,1,0,-0.0009,22.835,-2.8254,1],"parentBoneIndex":1,"length":26.7438
,"animation":{"dataType":3,"framePerSecond":24,"keys":[
{"frame":1,"values":[0.9862,-0.0205,-0.1646,0,0.0531,0.9791,0.1966,0,0.1571,-0.2026,0.9666,0,-0.0009,22.835,-2.8254,1]},
{"frame":2,"values":[0.9862,-0.0165,-0.1646,0,0.0483,0.9803,0.1913,0,0.1582,-0.1966,0.9676,0,-0.0009,22.835,-2.8254,1]},
{"frame":3,"values":[0.9863,-0.0124,-0.1646,0,0.0436,0.9813,0.1873,0,0.1592,-0.1919,0.9684,0,-0.0009,22.835,-2.8254,1]},
{"frame":4,"values":[0.9863,-0.0084,-0.1646,0,0.0393,0.9818,0.1856,0,0.16,-0.1895,0.9687,0,-0.0009,22.835,-2.8254,1]},
{"frame":5,"values":[0.9864,-0.0044,-0.1646,0,0.0353,0.982,0.1854,0,0.1608,-0.1887,0.9688,0,-0.0009,22.835,-2.8254,1]},
{"frame":6,"values":[0.9864,-0.0039,-0.1645,0,0.0347,0.9821,0.1852,0,0.1609,-0.1884,0.9688,0,-0.0009,22.835,-2.8254,1]},
{"frame":7,"values":[0.9863,-0.0087,-0.1646,0,0.0394,0.9821,0.1843,0,0.16,-0.1882,0.969,0,-0.0009,22.835,-2.8254,1]},
{"frame":8,"values":[0.9863,-0.0135,-0.1646,0,0.0441,0.9821,0.1834,0,0.1591,-0.1881,0.9692,0,-0.0009,22.835,-2.8254,1]},
{"frame":9,"values":[0.9862,-0.0184,-0.1646,0,0.0488,0.982,0.1824,0,0.1582,-0.1879,0.9693,0,-0.0009,22.835,-2.8254,1]},
{"frame":10,"values":[0.9861,-0.0232,-0.1646,0,0.0534,0.9819,0.1815,0,0.1574,-0.1878,0.9695,0,-0.0009,22.835,-2.8254,1]},
{"frame":11,"values":[0.986,-0.0281,-0.1646,0,0.0581,0.9818,0.1806,0,0.1565,-0.1876,0.9697,0,-0.0009,22.835,-2.8254,1]},
{"frame":12,"values":[0.9858,-0.0329,-0.1645,0,0.0628,0.9817,0.1797,0,0.1556,-0.1875,0.9699,0,-0.0009,22.835,-2.8254,1]},
{"frame":13,"values":[0.9856,-0.0378,-0.1645,0,0.0681,0.9808,0.1829,0,0.1545,-0.1915,0.9693,0,-0.0009,22.835,-2.8254,1]},
{"frame":14,"values":[0.9854,-0.0426,-0.1645,0,0.0734,0.9798,0.1861,0,0.1533,-0.1955,0.9687,0,-0.0009,22.835,-2.8254,1]},
{"frame":15,"values":[0.9855,-0.0408,-0.1646,0,0.0722,0.9793,0.1893,0,0.1534,-0.1984,0.968,0,-0.0009,22.835,-2.8254,1]},
{"frame":16,"values":[0.9856,-0.039,-0.1646,0,0.0709,0.9787,0.1924,0,0.1536,-0.2013,0.9674,0,-0.0009,22.835,-2.8254,1]},
{"frame":17,"values":[0.9857,-0.0372,-0.1646,0,0.0696,0.9782,0.1956,0,0.1537,-0.2043,0.9668,0,-0.0009,22.835,-2.8254,1]},
{"frame":18,"values":[0.9857,-0.0354,-0.1646,0,0.0683,0.9777,0.1988,0,0.1538,-0.2072,0.9661,0,-0.0009,22.835,-2.8254,1]},
{"frame":19,"values":[0.9858,-0.0336,-0.1646,0,0.0671,0.9771,0.202,0,0.154,-0.2101,0.9655,0,-0.0009,22.835,-2.8254,1]},
{"frame":20,"values":[0.9859,-0.0318,-0.1645,0,0.0658,0.9765,0.2052,0,0.1542,-0.2131,0.9648,0,-0.0009,22.835,-2.8254,1]},
{"frame":21,"values":[0.9859,-0.03,-0.1645,0,0.0645,0.9759,0.2083,0,0.1543,-0.216,0.9641,0,-0.0009,22.835,-2.8254,1]},
{"frame":22,"values":[0.986,-0.0282,-0.1645,0,0.0624,0.9765,0.2065,0,0.1548,-0.2139,0.9645,0,-0.0009,22.835,-2.8254,1]},
{"frame":23,"values":[0.986,-0.0264,-0.1645,0,0.0604,0.977,0.2046,0,0.1553,-0.2117,0.9649,0,-0.0009,22.835,-2.8254,1]},
{"frame":24,"values":[0.9861,-0.0247,-0.1645,0,0.0583,0.9775,0.2028,0,0.1558,-0.2095,0.9653,0,-0.0009,22.835,-2.8254,1]},
{"frame":25,"values":[0.9861,-0.0229,-0.1645,0,0.0562,0.978,0.2009,0,0.1563,-0.2074,0.9657,0,-0.0009,22.835,-2.8254,1]},
{"frame":26,"values":[0.9862,-0.0205,-0.1645,0,0.0531,0.9791,0.1966,0,0.1571,-0.2026,0.9666,0,-0.0009,22.835,-2.8254,1]}],"loopBehavior":1,"name":"anim","property":"_matrix"}},
{"name":"mixamorig:Spine2","index":3,"matrix":[0.9862,-0.0205,-0.1645,0,0.0531,0.9791,0.1966,0,0.1571,-0.2026,0.9666,0,-0.0206,26.5525,-3.1933,1],"rest":[1,0,0,0,0,1,0,0,0,0,1,0,-0.0206,26.5525,-3.1933,1],"parentBoneIndex":2,"length":24.825
,"animation":{"dataType":3,"framePerSecond":24,"keys":[
{"frame":1,"values":[0.9862,-0.0205,-0.1646,0,0.0531,0.9791,0.1966,0,0.1571,-0.2026,0.9666,0,-0.0206,26.5525,-3.1933,1]},
{"frame":2,"values":[0.9862,-0.0165,-0.1646,0,0.0483,0.9803,0.1913,0,0.1582,-0.1966,0.9676,0,-0.0206,26.5525,-3.1933,1]},
{"frame":3,"values":[0.9863,-0.0124,-0.1646,0,0.0436,0.9813,0.1873,0,0.1592,-0.1919,0.9684,0,-0.0206,26.5525,-3.1933,1]},
{"frame":4,"values":[0.9863,-0.0084,-0.1646,0,0.0393,0.9818,0.1856,0,0.16,-0.1895,0.9687,0,-0.0206,26.5525,-3.1933,1]},
{"frame":5,"values":[0.9864,-0.0044,-0.1646,0,0.0353,0.982,0.1854,0,0.1608,-0.1887,0.9688,0,-0.0206,26.5525,-3.1933,1]},
{"frame":6,"values":[0.9864,-0.0039,-0.1645,0,0.0347,0.9821,0.1852,0,0.1609,-0.1884,0.9688,0,-0.0206,26.5525,-3.1933,1]},
{"frame":7,"values":[0.9863,-0.0087,-0.1646,0,0.0394,0.9821,0.1843,0,0.16,-0.1882,0.969,0,-0.0206,26.5525,-3.1933,1]},
{"frame":8,"values":[0.9863,-0.0135,-0.1646,0,0.0441,0.9821,0.1834,0,0.1591,-0.1881,0.9692,0,-0.0206,26.5525,-3.1933,1]},
{"frame":9,"values":[0.9862,-0.0184,-0.1646,0,0.0488,0.982,0.1824,0,0.1582,-0.1879,0.9693,0,-0.0206,26.5525,-3.1933,1]},
{"frame":10,"values":[0.9861,-0.0232,-0.1646,0,0.0534,0.9819,0.1815,0,0.1574,-0.1878,0.9695,0,-0.0206,26.5525,-3.1933,1]},
{"frame":11,"values":[0.986,-0.0281,-0.1646,0,0.0581,0.9818,0.1806,0,0.1565,-0.1876,0.9697,0,-0.0206,26.5525,-3.1933,1]},
{"frame":12,"values":[0.9858,-0.0329,-0.1645,0,0.0628,0.9817,0.1797,0,0.1556,-0.1875,0.9699,0,-0.0206,26.5525,-3.1933,1]},
{"frame":13,"values":[0.9856,-0.0378,-0.1645,0,0.0681,0.9808,0.1829,0,0.1545,-0.1915,0.9693,0,-0.0206,26.5525,-3.1933,1]},
{"frame":14,"values":[0.9854,-0.0426,-0.1645,0,0.0734,0.9798,0.1861,0,0.1533,-0.1955,0.9687,0,-0.0206,26.5525,-3.1933,1]},
{"frame":15,"values":[0.9855,-0.0408,-0.1646,0,0.0722,0.9793,0.1893,0,0.1534,-0.1984,0.968,0,-0.0206,26.5525,-3.1933,1]},
{"frame":16,"values":[0.9856,-0.039,-0.1646,0,0.0709,0.9787,0.1924,0,0.1536,-0.2013,0.9674,0,-0.0206,26.5525,-3.1933,1]},
{"frame":17,"values":[0.9857,-0.0372,-0.1646,0,0.0696,0.9782,0.1956,0,0.1537,-0.2043,0.9668,0,-0.0206,26.5525,-3.1933,1]},
{"frame":18,"values":[0.9857,-0.0354,-0.1646,0,0.0683,0.9777,0.1988,0,0.1538,-0.2072,0.9661,0,-0.0206,26.5525,-3.1933,1]},
{"frame":19,"values":[0.9858,-0.0336,-0.1646,0,0.0671,0.9771,0.202,0,0.154,-0.2101,0.9655,0,-0.0206,26.5525,-3.1933,1]},
{"frame":20,"values":[0.9859,-0.0318,-0.1645,0,0.0658,0.9765,0.2052,0,0.1542,-0.2131,0.9648,0,-0.0206,26.5525,-3.1933,1]},
{"frame":21,"values":[0.9859,-0.03,-0.1645,0,0.0645,0.9759,0.2083,0,0.1543,-0.216,0.9641,0,-0.0206,26.5525,-3.1933,1]},
{"frame":22,"values":[0.986,-0.0282,-0.1645,0,0.0624,0.9765,0.2065,0,0.1548,-0.2139,0.9645,0,-0.0206,26.5525,-3.1933,1]},
{"frame":23,"values":[0.986,-0.0264,-0.1645,0,0.0604,0.977,0.2046,0,0.1553,-0.2117,0.9649,0,-0.0206,26.5525,-3.1933,1]},
{"frame":24,"values":[0.9861,-0.0247,-0.1645,0,0.0583,0.9775,0.2028,0,0.1558,-0.2095,0.9653,0,-0.0206,26.5525,-3.1933,1]},
{"frame":25,"values":[0.9861,-0.0229,-0.1645,0,0.0562,0.978,0.2009,0,0.1563,-0.2074,0.9657,0,-0.0206,26.5525,-3.1933,1]},
{"frame":26,"values":[0.9862,-0.0205,-0.1645,0,0.0531,0.9791,0.1966,0,0.1571,-0.2026,0.9666,0,-0.0206,26.5525,-3.1933,1]}],"loopBehavior":1,"name":"anim","property":"_matrix"}},
{"name":"mixamorig:Neck","index":4,"matrix":[0.9997,0.0053,0.0219,0,-0.0036,0.9972,-0.0751,0,-0.0222,0.075,0.9969,0,-0.06,30.7018,1.3522,1],"rest":[1,0,0,0,0,1,0,0,0,0,1,0,-0.06,30.7018,1.3522,1],"parentBoneIndex":3,"length":22.8447
,"animation":{"dataType":3,"framePerSecond":24,"keys":[
{"frame":1,"values":[0.9997,0.0053,0.0219,0,-0.0036,0.9972,-0.0751,0,-0.0222,0.075,0.9969,0,-0.06,30.7018,1.3522,1]},
{"frame":2,"values":[1,-0.0055,0.0052,0,0.006,0.9961,-0.0884,0,-0.0047,0.0884,0.9961,0,-0.06,30.7018,1.3522,1]},
{"frame":3,"values":[0.9997,-0.0252,-0.0049,0,0.0245,0.9931,-0.1143,0,0.0077,0.1142,0.9934,0,-0.06,30.7018,1.3522,1]},
{"frame":4,"values":[0.9986,-0.0528,-0.006,0,0.0513,0.988,-0.1455,0,0.0136,0.145,0.9893,0,-0.06,30.7018,1.3522,1]},
{"frame":5,"values":[0.9969,-0.0783,0.0007,0,0.0774,0.9833,-0.1647,0,0.0122,0.1642,0.9863,0,-0.06,30.7018,1.3522,1]},
{"frame":6,"values":[0.9957,-0.0922,0.0126,0,0.093,0.9827,-0.1604,0,0.0024,0.1608,0.987,0,-0.06,30.7018,1.3522,1]},
{"frame":7,"values":[0.9952,-0.094,0.0266,0,0.0968,0.9854,-0.1401,0,-0.013,0.142,0.9898,0,-0.06,30.7019,1.3522,1]},
{"frame":8,"values":[0.9953,-0.0881,0.0407,0,0.0928,0.9869,-0.1321,0,-0.0285,0.1353,0.9904,0,-0.06,30.7018,1.3522,1]},
{"frame":9,"values":[0.9954,-0.0823,0.049,0,0.0878,0.9884,-0.1241,0,-0.0383,0.1279,0.9911,0,-0.06,30.7018,1.3522,1]},
{"frame":10,"values":[0.9954,-0.0765,0.0574,0,0.0828,0.9898,-0.1162,0,-0.048,0.1204,0.9916,0,-0.06,30.7018,1.3522,1]},
{"frame":11,"values":[0.994,-0.0877,0.0658,0,0.0945,0.9896,-0.1082,0,-0.0557,0.1138,0.9919,0,-0.06,30.7018,1.3522,1]},
{"frame":12,"values":[0.9923,-0.099,0.0742,0,0.1062,0.9893,-0.1002,0,-0.0634,0.1073,0.9922,0,-0.06,30.7018,1.3522,1]},
{"frame":13,"values":[0.9912,-0.1103,0.0732,0,0.1168,0.9889,-0.0922,0,-0.0622,0.1,0.993,0,-0.06,30.7018,1.3522,1]},
{"frame":14,"values":[0.99,-0.1215,0.0721,0,0.1275,0.9883,-0.0843,0,-0.061,0.0926,0.9938,0,-0.06,30.7018,1.3522,1]},
{"frame":15,"values":[0.991,-0.1103,0.0755,0,0.116,0.9903,-0.0763,0,-0.0664,0.0844,0.9942,0,-0.06,30.7018,1.3522,1]},
{"frame":16,"values":[0.9919,-0.099,0.079,0,0.1054,0.9911,-0.0815,0,-0.0703,0.0892,0.9935,0,-0.06,30.7018,1.3522,1]},
{"frame":17,"values":[0.9927,-0.0877,0.0825,0,0.0948,0.9917,-0.0867,0,-0.0742,0.0939,0.9928,0,-0.06,30.7018,1.3522,1]},
{"frame":18,"values":[0.9934,-0.0763,0.0859,0,0.0842,0.9922,-0.092,0,-0.0782,0.0986,0.992,0,-0.06,30.7018,1.3522,1]},
{"frame":19,"values":[0.9939,-0.065,0.0893,0,0.0736,0.9925,-0.0973,0,-0.0823,0.1033,0.9912,0,-0.06,30.7018,1.3522,1]},
{"frame":20,"values":[0.9954,-0.0537,0.0796,0,0.0618,0.9928,-0.1027,0,-0.0735,0.1072,0.9915,0,-0.06,30.7018,1.3522,1]},
{"frame":21,"values":[0.9967,-0.0424,0.0699,0,0.0498,0.9929,-0.108,0,-0.0648,0.1111,0.9917,0,-0.06,30.7018,1.3522,1]},
{"frame":22,"values":[0.9977,-0.0312,0.0601,0,0.0372,0.9942,-0.1009,0,-0.0566,0.1029,0.9931,0,-0.06,30.7018,1.3522,1]},
{"frame":23,"values":[0.9985,-0.0199,0.0504,0,0.0245,0.9953,-0.0937,0,-0.0483,0.0948,0.9943,0,-0.06,30.7018,1.3522,1]},
{"frame":24,"values":[0.9991,-0.0085,0.0407,0,0.012,0.9962,-0.0864,0,-0.0398,0.0868,0.9954,0,-0.06,30.7018,1.3522,1]},
{"frame":25,"values":[0.9995,0.003,0.0312,0,-0.0005,0.9969,-0.0789,0,-0.0313,0.0788,0.9964,0,-0.06,30.7018,1.3522,1]},
{"frame":26,"values":[0.9997,0.0053,0.0219,0,-0.0036,0.9972,-0.0751,0,-0.0222,0.075,0.9969,0,-0.06,30.7018,1.3522,1]}],"loopBehavior":1,"name":"anim","property":"_matrix"}},
{"name":"mixamorig:Head","index":5,"matrix":[0.937,-0.0447,-0.3464,0,0.0062,0.9937,-0.1115,0,0.3492,0.1024,0.9314,0,-0.0872,22.5476,3.6709,1],"rest":[1,0,0,0,0,1,0,0,0,0,1,0,-0.0872,22.5476,3.6709,1],"parentBoneIndex":4,"length":30.5923
,"animation":{"dataType":3,"framePerSecond":24,"keys":[
{"frame":1,"values":[0.937,-0.0447,-0.3464,0,0.0062,0.9937,-0.1115,0,0.3492,0.1024,0.9314,0,-0.0872,22.5476,3.6709,1]},
{"frame":2,"values":[0.9406,-0.043,-0.3369,0,0.0114,0.9954,-0.0952,0,0.3394,0.0857,0.9367,0,-0.0872,22.5476,3.6709,1]},
{"frame":3,"values":[0.9574,-0.0346,-0.2866,0,0.0152,0.9975,-0.0697,0,0.2883,0.0624,0.9555,0,-0.0872,22.5476,3.6709,1]},
{"frame":4,"values":[0.9793,-0.0236,-0.2008,0,0.0151,0.9989,-0.0439,0,0.2016,0.0399,0.9786,0,-0.0872,22.5477,3.6709,1]},
{"frame":5,"values":[0.9953,-0.0204,-0.0948,0,0.018,0.9995,-0.0262,0,0.0953,0.0244,0.9951,0,-0.0872,22.5476,3.6709,1]},
{"frame":6,"values":[0.9994,-0.0301,-0.0144,0,0.0298,0.9994,-0.0177,0,0.0149,0.0172,0.9997,0,-0.0872,22.5476,3.6709,1]},
{"frame":7,"values":[0.9967,-0.0475,0.0661,0,0.0483,0.9988,-0.0114,0,-0.0655,0.0146,0.9977,0,-0.0872,22.5476,3.6709,1]},
{"frame":8,"values":[0.9873,-0.0619,0.1462,0,0.0636,0.9979,-0.0074,0,-0.1454,0.0166,0.9892,0,-0.0872,22.5476,3.6709,1]},
{"frame":9,"values":[0.9713,-0.076,0.2253,0,0.0786,0.9969,-0.0022,0,-0.2244,0.0198,0.9743,0,-0.0872,22.5476,3.6709,1]},
{"frame":10,"values":[0.9515,-0.0543,0.3029,0,0.0621,0.9979,-0.016,0,-0.3014,0.034,0.9529,0,-0.0872,22.5476,3.6709,1]},
{"frame":11,"values":[0.9645,-0.0335,0.262,0,0.0433,0.9986,-0.0318,0,-0.2606,0.042,0.9645,0,-0.0872,22.5476,3.6709,1]},
{"frame":12,"values":[0.9754,-0.0129,0.2203,0,0.0237,0.9986,-0.0468,0,-0.2193,0.0508,0.9743,0,-0.0872,22.5476,3.6709,1]},
{"frame":13,"values":[0.984,0.0073,0.1778,0,0.0036,0.9981,-0.0609,0,-0.1779,0.0606,0.9822,0,-0.0872,22.5476,3.6709,1]},
{"frame":14,"values":[0.9905,0.027,0.1348,0,-0.0171,0.9971,-0.0741,0,-0.1364,0.0711,0.9881,0,-0.0872,22.5476,3.6709,1]},
{"frame":15,"values":[0.9955,0.0215,0.0918,0,-0.0134,0.996,-0.0884,0,-0.0933,0.0867,0.9918,0,-0.0872,22.5476,3.6709,1]},
{"frame":16,"values":[0.9987,0.0154,0.0487,0,-0.0103,0.9946,-0.1028,0,-0.05,0.1022,0.9935,0,-0.0872,22.5476,3.6709,1]},
{"frame":17,"values":[0.9999,0.0085,0.0055,0,-0.0078,0.9931,-0.1173,0,-0.0064,0.1173,0.9931,0,-0.0872,22.5476,3.6709,1]},
{"frame":18,"values":[0.9993,0.0011,-0.0376,0,-0.006,0.9912,-0.1319,0,0.0371,0.132,0.9906,0,-0.0872,22.5476,3.6709,1]},
{"frame":19,"values":[0.9967,-0.007,-0.0804,0,-0.0049,0.9892,-0.1465,0,0.0805,0.1464,0.9859,0,-0.0872,22.5476,3.6709,1]},
{"frame":20,"values":[0.9923,-0.0142,-0.1232,0,-0.0031,0.9903,-0.1387,0,0.124,0.138,0.9826,0,-0.0872,22.5476,3.6709,1]},
{"frame":21,"values":[0.9859,-0.0209,-0.1659,0,-0.001,0.9914,-0.131,0,0.1672,0.1293,0.9774,0,-0.0872,22.5476,3.6709,1]},
{"frame":22,"values":[0.9777,-0.0273,-0.2083,0,0.0015,0.9924,-0.1234,0,0.2101,0.1203,0.9703,0,-0.0872,22.5476,3.6709,1]},
{"frame":23,"values":[0.9676,-0.0333,-0.2503,0,0.0042,0.9933,-0.1159,0,0.2525,0.1111,0.9612,0,-0.0872,22.5476,3.6709,1]},
{"frame":24,"values":[0.9557,-0.0394,-0.2918,0,0.0053,0.9931,-0.1167,0,0.2944,0.11,0.9493,0,-0.0872,22.5476,3.6709,1]},
{"frame":25,"values":[0.9419,-0.0454,-0.3328,0,0.0063,0.993,-0.1176,0,0.3358,0.1087,0.9356,0,-0.0872,22.5476,3.6709,1]},
{"frame":26,"values":[0.937,-0.0447,-0.3464,0,0.0062,0.9937,-0.1115,0,0.3492,0.1024,0.9314,0,-0.0872,22.5476,3.6709,1]}],"loopBehavior":1,"name":"anim","property":"_matrix"}},
{"name":"mixamorig:HeadTop_End","index":6,"matrix":[1,0,0,0,0,1,0,0,0,0,1,0,-0.8306,40.3552,7.8935,1],"rest":[1,0,0,0,0,1,0,0,0,0,1,0,-0.8306,40.3552,7.8935,1],"parentBoneIndex":5,"length":30.5923
,"animation":{"dataType":3,"framePerSecond":24,"keys":[
{"frame":1,"values":[1,0,0,0,0,1,0,0,0,0,1,0,-0.8306,40.3552,7.8935,1]},
{"frame":26,"values":[1,0,0,0,0,1,0,0,0,0,1,0,-0.8306,40.3552,7.8935,1]}],"loopBehavior":1,"name":"anim","property":"_matrix"}},
{"name":"mixamorig:RightEye","index":7,"matrix":[1,0,0,0,0,1,0,0,0,0,1,0,-6.3021,18.1186,16.1971,1],"rest":[1,0,0,0,0,1,0,0,0,0,1,0,-6.3021,18.1186,16.1971,1],"parentBoneIndex":5,"length":30.5923
,"animation":{"dataType":3,"framePerSecond":24,"keys":[
{"frame":1,"values":[1,0,0,0,0,1,0,0,0,0,1,0,-6.3021,18.1186,16.1971,1]},
{"frame":9,"values":[1,0,0,0,0,1,0,0,0,0,1,0,-6.3021,18.1185,16.1971,1]},
{"frame":10,"values":[1,0,0,0,0,1,0,0,0,0,1,0,-6.3021,18.1186,16.1971,1]},
{"frame":22,"values":[1,0,0,0,0,1,0,0,0,0,1,0,-6.3021,18.1185,16.1971,1]},
{"frame":23,"values":[1,0,0,0,0,1,0,0,0,0,1,0,-6.3021,18.1186,16.1971,1]},
{"frame":26,"values":[1,0,0,0,0,1,0,0,0,0,1,0,-6.3021,18.1186,16.1971,1]}],"loopBehavior":1,"name":"anim","property":"_matrix"}},
{"name":"mixamorig:LeftEye","index":8,"matrix":[1,0,0,0,0,1,0,0,0,0,1,0,6.7415,18.3827,16.4019,1],"rest":[1,0,0,0,0,1,0,0,0,0,1,0,6.7415,18.3827,16.4019,1],"parentBoneIndex":5,"length":30.5923
,"animation":{"dataType":3,"framePerSecond":24,"keys":[
{"frame":1,"values":[1,0,0,0,0,1,0,0,0,0,1,0,6.7415,18.3827,16.4019,1]},
{"frame":22,"values":[1,0,0,0,0,1,0,0,0,0,1,0,6.7415,18.3826,16.4019,1]},
{"frame":23,"values":[1,0,0,0,0,1,0,0,0,0,1,0,6.7415,18.3827,16.4019,1]},
{"frame":26,"values":[1,0,0,0,0,1,0,0,0,0,1,0,6.7415,18.3827,16.4019,1]}],"loopBehavior":1,"name":"anim","property":"_matrix"}},
{"name":"mixamorig:LeftShoulder","index":9,"matrix":[0.9913,-0.1312,0.0089,0,0.1309,0.9911,0.0257,0,-0.0121,-0.0243,0.9996,0,11.9249,18.2305,1.4254,1],"rest":[1,0.0062,0,0,-0.0062,1,0,0,0,0,1,0,11.9249,18.2305,1.4254,1],"parentBoneIndex":3,"length":25.9773
,"animation":{"dataType":3,"framePerSecond":24,"keys":[
{"frame":1,"values":[0.9913,-0.1312,0.0089,0,0.1309,0.9911,0.0257,0,-0.0121,-0.0243,0.9996,0,11.9249,18.2305,1.4254,1]},
{"frame":2,"values":[0.9895,-0.1446,0.004,0,0.1444,0.9892,0.0256,0,-0.0076,-0.0248,0.9997,0,11.9249,18.2305,1.4254,1]},
{"frame":3,"values":[0.987,-0.1609,0,0,0.1608,0.9867,0.0256,0,-0.0041,-0.0253,0.9997,0,11.9249,18.2305,1.4254,1]},
{"frame":4,"values":[0.9851,-0.1722,-0.0008,0,0.1721,0.9847,0.0256,0,-0.0036,-0.0253,0.9997,0,11.9249,18.2305,1.4254,1]},
{"frame":5,"values":[0.9847,-0.1745,0.0008,0,0.1744,0.9843,0.0255,0,-0.0052,-0.025,0.9997,0,11.9249,18.2305,1.4254,1]},
{"frame":6,"values":[0.9849,-0.1732,0.0012,0,0.1731,0.9846,0.0255,0,-0.0056,-0.0249,0.9997,0,11.9249,18.2305,1.4254,1]},
{"frame":7,"values":[0.985,-0.1723,0.0017,0,0.1722,0.9847,0.0254,0,-0.006,-0.0248,0.9997,0,11.9249,18.2305,1.4254,1]},
{"frame":8,"values":[0.9852,-0.1714,0.0021,0,0.1713,0.9849,0.0254,0,-0.0064,-0.0247,0.9997,0,11.9249,18.2305,1.4254,1]},
{"frame":9,"values":[0.9854,-0.1705,0.0026,0,0.1703,0.9851,0.0254,0,-0.0068,-0.0245,0.9997,0,11.9249,18.2305,1.4254,1]},
{"frame":10,"values":[0.9855,-0.1695,0.003,0,0.1694,0.9852,0.0253,0,-0.0073,-0.0244,0.9997,0,11.9249,18.2305,1.4254,1]},
{"frame":11,"values":[0.9857,-0.1686,0.0034,0,0.1685,0.9854,0.0253,0,-0.0077,-0.0243,0.9997,0,11.9249,18.2305,1.4254,1]},
{"frame":12,"values":[0.9858,-0.1677,0.0039,0,0.1676,0.9855,0.0252,0,-0.0081,-0.0242,0.9997,0,11.9249,18.2305,1.4254,1]},
{"frame":13,"values":[0.986,-0.1668,0.0043,0,0.1666,0.9857,0.0252,0,-0.0085,-0.0241,0.9997,0,11.9249,18.2305,1.4254,1]},
{"frame":14,"values":[0.9861,-0.1659,0.0048,0,0.1657,0.9859,0.0251,0,-0.0089,-0.024,0.9997,0,11.9249,18.2305,1.4254,1]},
{"frame":15,"values":[0.9863,-0.165,0.0052,0,0.1648,0.986,0.0251,0,-0.0093,-0.0239,0.9997,0,11.9249,18.2305,1.4254,1]},
{"frame":16,"values":[0.9864,-0.1641,0.0059,0,0.1639,0.9862,0.0252,0,-0.0099,-0.0239,0.9997,0,11.9249,18.2305,1.4254,1]},
{"frame":17,"values":[0.987,-0.1604,0.0065,0,0.1602,0.9868,0.0252,0,-0.0105,-0.0239,0.9997,0,11.9249,18.2305,1.4254,1]},
{"frame":18,"values":[0.9876,-0.1568,0.0072,0,0.1565,0.9873,0.0253,0,-0.0111,-0.0239,0.9997,0,11.9249,18.2305,1.4254,1]},
{"frame":19,"values":[0.9882,-0.1531,0.0078,0,0.1529,0.9879,0.0254,0,-0.0116,-0.0239,0.9996,0,11.9249,18.2305,1.4254,1]},
{"frame":20,"values":[0.9887,-0.1495,0.0085,0,0.1492,0.9885,0.0254,0,-0.0122,-0.0239,0.9996,0,11.9249,18.2305,1.4254,1]},
{"frame":21,"values":[0.9893,-0.1458,0.0092,0,0.1456,0.989,0.0255,0,-0.0128,-0.0239,0.9996,0,11.9249,18.2305,1.4254,1]},
{"frame":22,"values":[0.9898,-0.1422,0.0098,0,0.1419,0.9896,0.0255,0,-0.0133,-0.0239,0.9996,0,11.9249,18.2305,1.4254,1]},
{"frame":23,"values":[0.9903,-0.1385,0.0105,0,0.1382,0.9901,0.0256,0,-0.0139,-0.0239,0.9996,0,11.9249,18.2305,1.4254,1]},
{"frame":24,"values":[0.9908,-0.1349,0.0111,0,0.1345,0.9906,0.0256,0,-0.0145,-0.0239,0.9996,0,11.9249,18.2305,1.4254,1]},
{"frame":25,"values":[0.9913,-0.1312,0.0118,0,0.1309,0.9911,0.0257,0,-0.015,-0.0239,0.9996,0,11.9249,18.2305,1.4254,1]},
{"frame":26,"values":[0.9913,-0.1312,0.0089,0,0.1309,0.9911,0.0257,0,-0.0121,-0.0243,0.9996,0,11.9249,18.2305,1.4254,1]}],"loopBehavior":1,"name":"anim","property":"_matrix"}},
{"name":"mixamorig:LeftArm","index":10,"matrix":[0.4771,-0.8438,0.2457,0,0.8786,0.4515,-0.1557,0,0.0204,0.2902,0.9568,0,25.4312,-0.8547,-5.2293,1],"rest":[0.9983,0.0295,0.0512,0,-0.0294,0.9996,-0.0017,0,-0.0512,0.0002,0.9987,0,25.4312,-0.8546,-5.2293,1],"parentBoneIndex":9,"length":54.6848
,"animation":{"dataType":3,"framePerSecond":24,"keys":[
{"frame":1,"values":[0.4771,-0.8438,0.2457,0,0.8786,0.4515,-0.1557,0,0.0204,0.2902,0.9568,0,25.4312,-0.8547,-5.2293,1]},
{"frame":2,"values":[0.4857,-0.8399,0.2422,0,0.8737,0.4579,-0.1641,0,0.0269,0.2914,0.9562,0,25.4312,-0.8546,-5.2293,1]},
{"frame":3,"values":[0.4959,-0.8345,0.2402,0,0.8678,0.466,-0.1726,0,0.0321,0.294,0.9553,0,25.4312,-0.8546,-5.2293,1]},
{"frame":4,"values":[0.4994,-0.8333,0.2372,0,0.8656,0.4682,-0.1777,0,0.037,0.294,0.9551,0,25.4312,-0.8546,-5.2293,1]},
{"frame":5,"values":[0.4964,-0.8364,0.2326,0,0.8671,0.4646,-0.1796,0,0.0422,0.2909,0.9558,0,25.4312,-0.8546,-5.2293,1]},
{"frame":6,"values":[0.4997,-0.8333,0.2365,0,0.8654,0.4685,-0.1778,0,0.0373,0.2935,0.9552,0,25.4312,-0.8546,-5.2293,1]},
{"frame":7,"values":[0.503,-0.8302,0.2404,0,0.8637,0.4724,-0.1759,0,0.0325,0.2961,0.9546,0,25.4312,-0.8546,-5.2293,1]},
{"frame":8,"values":[0.5063,-0.827,0.2443,0,0.8619,0.4762,-0.1741,0,0.0277,0.2987,0.954,0,25.4312,-0.8546,-5.2293,1]},
{"frame":9,"values":[0.5096,-0.8239,0.2481,0,0.8601,0.4801,-0.1723,0,0.0228,0.3012,0.9533,0,25.4312,-0.8546,-5.2293,1]},
{"frame":10,"values":[0.5128,-0.8207,0.252,0,0.8583,0.4839,-0.1705,0,0.018,0.3038,0.9526,0,25.4312,-0.8547,-5.2293,1]},
{"frame":11,"values":[0.5103,-0.8222,0.2522,0,0.8598,0.4819,-0.1689,0,0.0173,0.3031,0.9528,0,25.4312,-0.8547,-5.2293,1]},
{"frame":12,"values":[0.5078,-0.8236,0.2524,0,0.8613,0.4798,-0.1674,0,0.0167,0.3024,0.953,0,25.4312,-0.8547,-5.2293,1]},
{"frame":13,"values":[0.5054,-0.8251,0.2526,0,0.8628,0.4777,-0.1658,0,0.0161,0.3017,0.9533,0,25.4312,-0.8546,-5.2293,1]},
{"frame":14,"values":[0.5029,-0.8266,0.2528,0,0.8642,0.4756,-0.1642,0,0.0155,0.3011,0.9535,0,25.4312,-0.8546,-5.2293,1]},
{"frame":15,"values":[0.5004,-0.828,0.253,0,0.8657,0.4735,-0.1626,0,0.0149,0.3004,0.9537,0,25.4312,-0.8546,-5.2293,1]},
{"frame":16,"values":[0.4979,-0.8295,0.2532,0,0.8671,0.4714,-0.1611,0,0.0143,0.2997,0.9539,0,25.4312,-0.8546,-5.2293,1]},
{"frame":17,"values":[0.4954,-0.8309,0.2533,0,0.8685,0.4692,-0.1595,0,0.0136,0.299,0.9541,0,25.4312,-0.8546,-5.2293,1]},
{"frame":18,"values":[0.4929,-0.8323,0.2535,0,0.87,0.4671,-0.1579,0,0.013,0.2984,0.9544,0,25.4312,-0.8546,-5.2293,1]},
{"frame":19,"values":[0.4904,-0.8338,0.2537,0,0.8714,0.465,-0.1563,0,0.0124,0.2977,0.9546,0,25.4312,-0.8546,-5.2293,1]},
{"frame":20,"values":[0.4879,-0.8352,0.2538,0,0.8728,0.4629,-0.1547,0,0.0118,0.297,0.9548,0,25.4312,-0.8547,-5.2293,1]},
{"frame":21,"values":[0.4854,-0.8366,0.254,0,0.8742,0.4607,-0.1532,0,0.0111,0.2964,0.955,0,25.4312,-0.8547,-5.2293,1]},
{"frame":22,"values":[0.4829,-0.838,0.2541,0,0.8756,0.4586,-0.1516,0,0.0105,0.2957,0.9552,0,25.4312,-0.8546,-5.2293,1]},
{"frame":23,"values":[0.4804,-0.8394,0.2543,0,0.877,0.4565,-0.15,0,0.0099,0.295,0.9554,0,25.4312,-0.8546,-5.2293,1]},
{"frame":24,"values":[0.4779,-0.8408,0.2544,0,0.8784,0.4543,-0.1484,0,0.0092,0.2944,0.9556,0,25.4312,-0.8546,-5.2293,1]},
{"frame":25,"values":[0.4753,-0.8422,0.2545,0,0.8798,0.4522,-0.1468,0,0.0086,0.2937,0.9559,0,25.4312,-0.8546,-5.2293,1]},
{"frame":26,"values":[0.4771,-0.8438,0.2457,0,0.8786,0.4515,-0.1557,0,0.0204,0.2902,0.9568,0,25.4312,-0.8547,-5.2293,1]}],"loopBehavior":1,"name":"anim","property":"_matrix"}},
{"name":"mixamorig:LeftForeArm","index":11,"matrix":[0.7442,-0.0175,0.6677,0,-0.0493,0.9955,0.081,0,-0.6661,-0.0932,0.74,0,54.5783,-1.9463,-2.8009,1],"rest":[0.9943,-0.0088,-0.1062,0,0.0091,1,0.0028,0,0.1061,-0.0038,0.9943,0,54.5783,-1.9463,-2.8009,1],"parentBoneIndex":10,"length":55.0982
,"animation":{"dataType":3,"framePerSecond":24,"keys":[
{"frame":1,"values":[0.7442,-0.0175,0.6677,0,-0.0493,0.9955,0.081,0,-0.6661,-0.0932,0.74,0,54.5783,-1.9463,-2.8009,1]},
{"frame":2,"values":[0.7531,-0.0154,0.6577,0,-0.051,0.9953,0.0817,0,-0.6559,-0.0951,0.7489,0,54.5783,-1.9463,-2.8009,1]},
{"frame":3,"values":[0.7601,-0.0129,0.6497,0,-0.0508,0.9956,0.0793,0,-0.6478,-0.0933,0.7561,0,54.5783,-1.9463,-2.8009,1]},
{"frame":4,"values":[0.761,-0.011,0.6487,0,-0.0466,0.9963,0.0715,0,-0.6471,-0.0847,0.7577,0,54.5783,-1.9463,-2.8009,1]},
{"frame":5,"values":[0.7553,-0.0098,0.6553,0,-0.0407,0.9973,0.0618,0,-0.6541,-0.0734,0.7528,0,54.5783,-1.9463,-2.8009,1]},
{"frame":6,"values":[0.7559,-0.0103,0.6546,0,-0.0439,0.9968,0.0664,0,-0.6532,-0.0789,0.7531,0,54.5783,-1.9463,-2.8009,1]},
{"frame":7,"values":[0.7566,-0.0107,0.6538,0,-0.0472,0.9964,0.0709,0,-0.6522,-0.0845,0.7533,0,54.5783,-1.9463,-2.8009,1]},
{"frame":8,"values":[0.7572,-0.0112,0.6531,0,-0.0504,0.9959,0.0755,0,-0.6512,-0.0901,0.7535,0,54.5783,-1.9462,-2.8009,1]},
{"frame":9,"values":[0.7579,-0.0116,0.6523,0,-0.0536,0.9953,0.0801,0,-0.6502,-0.0956,0.7537,0,54.5783,-1.9463,-2.8009,1]},
{"frame":10,"values":[0.7585,-0.0121,0.6516,0,-0.0568,0.9948,0.0846,0,-0.6492,-0.1012,0.7539,0,54.5783,-1.9463,-2.8009,1]},
{"frame":11,"values":[0.757,-0.0125,0.6533,0,-0.0561,0.9949,0.0841,0,-0.651,-0.1003,0.7524,0,54.5783,-1.9462,-2.8009,1]},
{"frame":12,"values":[0.7555,-0.0129,0.655,0,-0.0554,0.995,0.0836,0,-0.6528,-0.0994,0.751,0,54.5783,-1.9462,-2.8009,1]},
{"frame":13,"values":[0.754,-0.0133,0.6568,0,-0.0547,0.995,0.083,0,-0.6546,-0.0985,0.7495,0,54.5783,-1.9463,-2.8009,1]},
{"frame":14,"values":[0.7524,-0.0138,0.6585,0,-0.054,0.9951,0.0825,0,-0.6564,-0.0976,0.748,0,54.5783,-1.9462,-2.8009,1]},
{"frame":15,"values":[0.7509,-0.0142,0.6602,0,-0.0533,0.9952,0.082,0,-0.6582,-0.0967,0.7466,0,54.5783,-1.9463,-2.8009,1]},
{"frame":16,"values":[0.7494,-0.0146,0.662,0,-0.0526,0.9953,0.0814,0,-0.66,-0.0958,0.7451,0,54.5783,-1.9463,-2.8009,1]},
{"frame":17,"values":[0.7478,-0.015,0.6637,0,-0.0519,0.9954,0.0809,0,-0.6618,-0.0949,0.7436,0,54.5783,-1.9462,-2.8009,1]},
{"frame":18,"values":[0.7463,-0.0154,0.6654,0,-0.0511,0.9955,0.0804,0,-0.6636,-0.094,0.7421,0,54.5783,-1.9463,-2.8009,1]},
{"frame":19,"values":[0.7448,-0.0158,0.6671,0,-0.0504,0.9955,0.0799,0,-0.6654,-0.0931,0.7406,0,54.5783,-1.9463,-2.8009,1]},
{"frame":20,"values":[0.7432,-0.0162,0.6688,0,-0.0497,0.9956,0.0793,0,-0.6672,-0.0922,0.7392,0,54.5783,-1.9463,-2.8009,1]},
{"frame":21,"values":[0.7417,-0.0166,0.6706,0,-0.049,0.9957,0.0788,0,-0.669,-0.0913,0.7377,0,54.5783,-1.9463,-2.8009,1]},
{"frame":22,"values":[0.7401,-0.017,0.6723,0,-0.0483,0.9958,0.0783,0,-0.6707,-0.0904,0.7362,0,54.5783,-1.9463,-2.8009,1]},
{"frame":23,"values":[0.7386,-0.0174,0.674,0,-0.0475,0.9958,0.0778,0,-0.6725,-0.0895,0.7347,0,54.5783,-1.9463,-2.8009,1]},
{"frame":24,"values":[0.737,-0.0178,0.6757,0,-0.0468,0.9959,0.0773,0,-0.6743,-0.0886,0.7331,0,54.5783,-1.9463,-2.8009,1]},
{"frame":25,"values":[0.7354,-0.0182,0.6774,0,-0.0461,0.996,0.0768,0,-0.676,-0.0877,0.7316,0,54.5783,-1.9463,-2.8009,1]},
{"frame":26,"values":[0.7442,-0.0175,0.6677,0,-0.0493,0.9955,0.081,0,-0.6661,-0.0932,0.74,0,54.5783,-1.9463,-2.8009,1]}],"loopBehavior":1,"name":"anim","property":"_matrix"}},
{"name":"mixamorig:LeftHand","index":12,"matrix":[0.908,0.406,0.1033,0,-0.4128,0.8249,0.3861,0,0.0715,-0.3933,0.9166,0,54.9948,-1.4671,3.0376,1],"rest":[0.9961,0.088,0.001,0,-0.0871,0.9842,0.154,0,0.0125,-0.1535,0.9881,0,54.9948,-1.4671,3.0376,1],"parentBoneIndex":11,"length":20.3347
,"animation":{"dataType":3,"framePerSecond":24,"keys":[
{"frame":1,"values":[0.908,0.406,0.1033,0,-0.4128,0.8249,0.3861,0,0.0715,-0.3933,0.9166,0,54.9948,-1.4671,3.0376,1]},
{"frame":2,"values":[0.9172,0.3852,0.1013,0,-0.3924,0.8303,0.3957,0,0.0683,-0.4027,0.9128,0,54.9948,-1.4671,3.0376,1]},
{"frame":3,"values":[0.9313,0.351,0.0977,0,-0.3596,0.8424,0.4013,0,0.0585,-0.4088,0.9107,0,54.9948,-1.4671,3.0376,1]},
{"frame":4,"values":[0.9425,0.3218,0.09,0,-0.3303,0.8568,0.3959,0,0.0503,-0.4029,0.9139,0,54.9948,-1.4671,3.0376,1]},
{"frame":5,"values":[0.9494,0.3042,0.078,0,-0.3101,0.8692,0.3852,0,0.0494,-0.3899,0.9195,0,54.9948,-1.4671,3.0376,1]},
{"frame":6,"values":[0.9524,0.2984,0.0623,0,-0.2989,0.874,0.3831,0,0.0599,-0.3835,0.9216,0,54.9948,-1.4671,3.0376,1]},
{"frame":7,"values":[0.95,0.3093,0.0429,0,-0.3003,0.8674,0.3967,0,0.0855,-0.3897,0.9169,0,54.9948,-1.4671,3.0376,1]},
{"frame":8,"values":[0.9411,0.3376,0.017,0,-0.3132,0.852,0.4195,0,0.1272,-0.4001,0.9076,0,54.9948,-1.4671,3.0376,1]},
{"frame":9,"values":[0.9251,0.3797,-0.0033,0,-0.3393,0.8304,0.442,0,0.1705,-0.4077,0.897,0,54.9948,-1.4671,3.0376,1]},
{"frame":10,"values":[0.9035,0.428,-0.0235,0,-0.3696,0.8057,0.4629,0,0.2171,-0.4096,0.8861,0,54.9948,-1.4671,3.0376,1]},
{"frame":11,"values":[0.8778,0.477,-0.0437,0,-0.3992,0.779,0.4836,0,0.2647,-0.407,0.8742,0,54.9948,-1.4671,3.0376,1]},
{"frame":12,"values":[0.8633,0.5006,-0.0644,0,-0.4099,0.7697,0.4893,0,0.2946,-0.396,0.8697,0,54.9948,-1.4671,3.0376,1]},
{"frame":13,"values":[0.8476,0.5238,-0.0848,0,-0.4203,0.7602,0.4954,0,0.324,-0.3842,0.8645,0,54.9948,-1.4671,3.0376,1]},
{"frame":14,"values":[0.8308,0.5465,-0.105,0,-0.4302,0.7505,0.5017,0,0.353,-0.3717,0.8586,0,54.9948,-1.4671,3.0376,1]},
{"frame":15,"values":[0.8131,0.5686,-0.1249,0,-0.4398,0.7405,0.5083,0,0.3815,-0.3583,0.8521,0,54.9948,-1.4671,3.0376,1]},
{"frame":16,"values":[0.7943,0.5902,-0.1445,0,-0.4489,0.7302,0.5151,0,0.4095,-0.3442,0.8449,0,54.9948,-1.4671,3.0376,1]},
{"frame":17,"values":[0.8117,0.5717,-0.1201,0,-0.4481,0.7412,0.4998,0,0.3748,-0.3519,0.8577,0,54.9948,-1.4671,3.0376,1]},
{"frame":18,"values":[0.8279,0.5528,-0.0951,0,-0.4465,0.7522,0.4846,0,0.3394,-0.3587,0.8695,0,54.9948,-1.4671,3.0376,1]},
{"frame":19,"values":[0.8429,0.5335,-0.0695,0,-0.4443,0.7631,0.4694,0,0.3035,-0.3648,0.8803,0,54.9948,-1.4671,3.0376,1]},
{"frame":20,"values":[0.8567,0.514,-0.0435,0,-0.4413,0.7739,0.4542,0,0.2671,-0.3699,0.8898,0,54.9948,-1.4671,3.0376,1]},
{"frame":21,"values":[0.8692,0.4942,-0.0169,0,-0.4376,0.7847,0.4391,0,0.2303,-0.3743,0.8983,0,54.9948,-1.4671,3.0376,1]},
{"frame":22,"values":[0.8804,0.4741,0.01,0,-0.4331,0.7953,0.4241,0,0.1931,-0.3778,0.9055,0,54.9948,-1.4671,3.0376,1]},
{"frame":23,"values":[0.8903,0.4539,0.0373,0,-0.428,0.8058,0.4093,0,0.1558,-0.3804,0.9116,0,54.9948,-1.4671,3.0376,1]},
{"frame":24,"values":[0.8988,0.4335,0.0648,0,-0.4221,0.8161,0.3947,0,0.1182,-0.3821,0.9165,0,54.9948,-1.4671,3.0376,1]},
{"frame":25,"values":[0.906,0.4131,0.0925,0,-0.4156,0.8262,0.3803,0,0.0806,-0.383,0.9202,0,54.9948,-1.4671,3.0376,1]},
{"frame":26,"values":[0.908,0.406,0.1033,0,-0.4128,0.8249,0.3861,0,0.0715,-0.3933,0.9166,0,54.9948,-1.4671,3.0376,1]}],"loopBehavior":1,"name":"anim","property":"_matrix"}},
{"name":"mixamorig:LeftHandMiddle1","index":13,"matrix":[0.9428,-0.3212,-0.0886,0,0.3242,0.9458,0.0205,0,0.0772,-0.048,0.9959,0,23.1821,-2.445,1.6605,1],"rest":[0.9974,-0.0561,0.045,0,0.0561,0.9984,0.0005,0,-0.045,0.002,0.999,0,23.1821,-2.445,1.6605,1],"parentBoneIndex":12,"length":6.3787
,"animation":{"dataType":3,"framePerSecond":24,"keys":[
{"frame":1,"values":[0.9428,-0.3212,-0.0886,0,0.3242,0.9458,0.0205,0,0.0772,-0.048,0.9959,0,23.1821,-2.445,1.6605,1]},
{"frame":2,"values":[0.9407,-0.3278,-0.0869,0,0.3306,0.9436,0.0192,0,0.0758,-0.0468,0.996,0,23.1821,-2.445,1.6605,1]},
{"frame":3,"values":[0.9351,-0.3446,-0.0827,0,0.3471,0.9377,0.0178,0,0.0714,-0.0454,0.9964,0,23.1821,-2.445,1.6605,1]},
{"frame":4,"values":[0.9263,-0.369,-0.0764,0,0.3712,0.9284,0.0165,0,0.0648,-0.0437,0.9969,0,23.1821,-2.445,1.6605,1]},
{"frame":5,"values":[0.915,-0.3976,-0.0689,0,0.3994,0.9166,0.0152,0,0.0571,-0.0414,0.9975,0,23.1821,-2.445,1.6605,1]},
{"frame":6,"values":[0.902,-0.4273,-0.0609,0,0.4288,0.9033,0.0137,0,0.0492,-0.0385,0.998,0,23.1821,-2.445,1.6605,1]},
{"frame":7,"values":[0.8888,-0.4553,-0.0533,0,0.4565,0.8897,0.0122,0,0.0418,-0.0351,0.9985,0,23.1821,-2.445,1.6605,1]},
{"frame":8,"values":[0.8768,-0.4786,-0.0467,0,0.4796,0.8774,0.0122,0,0.0352,-0.0331,0.9988,0,23.1821,-2.445,1.6605,1]},
{"frame":9,"values":[0.8679,-0.4949,-0.0421,0,0.4957,0.8684,0.0122,0,0.0305,-0.0315,0.999,0,23.1821,-2.445,1.6605,1]},
{"frame":10,"values":[0.864,-0.5019,-0.0401,0,0.5027,0.8644,0.0122,0,0.0285,-0.0307,0.9991,0,23.1821,-2.445,1.6605,1]},
{"frame":11,"values":[0.8641,-0.5017,-0.0402,0,0.5025,0.8645,0.0122,0,0.0286,-0.0307,0.9991,0,23.1821,-2.445,1.6605,1]},
{"frame":12,"values":[0.8672,-0.4962,-0.0428,0,0.497,0.8676,0.0122,0,0.0311,-0.0318,0.999,0,23.1821,-2.445,1.6605,1]},
{"frame":13,"values":[0.8721,-0.4872,-0.0454,0,0.4882,0.8727,0.0122,0,0.0337,-0.0328,0.9989,0,23.1821,-2.445,1.6605,1]},
{"frame":14,"values":[0.8778,-0.4767,-0.048,0,0.4777,0.8784,0.0122,0,0.0363,-0.0336,0.9988,0,23.1821,-2.445,1.6605,1]},
