{"producer":{"name":"Blender","version":"2.79 (sub 0)","exporter_version":"5.6.4","file":"beastturnleft.babylon"},
"autoClear":true,"clearColor":[0.0509,0.0509,0.0509],"ambientColor":[0,0,0],"gravity":[0,-9.81,0],
"materials":[{"name":"beastturnleft.Material","id":"beastturnleft.Material","ambient":[0,0,0],"diffuse":[0,0,0],"specular":[0,0,0],"emissive":[0,0,0],"specularPower":50,"alpha":0.001,"backFaceCulling":true,"checkReadyOnlyOnce":false,"maxSimultaneousLights":4}],
"multiMaterials":[],
"skeletons":[{"name":"Armature","id":0,"dimensionsAtRest":[379.1952,391.6652,55.677],"bones":[
{"name":"mixamorig:Hips","index":0,"matrix":[-0.6809,-0.002,0.7323,0,-0.0581,0.997,-0.0513,0,0.73,0.0775,0.679,0,-0.4507,188.1129,-0.1627,1],"rest":[1,0,0,0,0,1,0,0,0,0,-1,0,0,201.6394,0,1],"parentBoneIndex":-1,"length":21.6784
,"animation":{"dataType":3,"framePerSecond":24,"keys":[
{"frame":1,"values":[0.7302,-0.002,0.6832,0,-0.0515,0.997,0.058,0,0.6813,0.0775,-0.7279,0,-0.1641,188.113,0.4501,1]},
{"frame":2,"values":[0.6564,0.0098,0.7543,0,-0.0521,0.9981,0.0323,0,0.7526,0.0605,-0.6557,0,-1.7652,188.2863,-1.6101,1]},
{"frame":3,"values":[0.5743,0.0255,0.8182,0,-0.041,0.9992,-0.0023,0,0.8176,0.0322,-0.5749,0,-5.2462,188.7705,-5.9147,1]},
{"frame":4,"values":[0.4903,0.0415,0.8706,0,-0.0254,0.9991,-0.0333,0,0.8712,0.0058,-0.491,0,-8.9261,189.4446,-10.4176,1]},
{"frame":5,"values":[0.408,0.0531,0.9114,0,-0.0048,0.9984,-0.056,0,0.913,-0.0185,-0.4076,0,-11.9583,190.4812,-14.4345,1]},
{"frame":6,"values":[0.3459,0.0481,0.937,0,0.0243,0.9979,-0.0602,0,0.938,-0.0436,-0.344,0,-13.3342,190.7867,-16.3041,1]},
{"frame":7,"values":[0.2818,0.0448,0.9584,0,0.0537,0.9966,-0.0624,0,0.958,-0.069,-0.2784,0,-14.7102,191.0923,-18.1737,1]},
{"frame":8,"values":[0.2161,0.0433,0.9754,0,0.0832,0.9946,-0.0626,0,0.9728,-0.0947,-0.2113,0,-16.0861,191.3979,-20.0433,1]},
{"frame":9,"values":[0.1493,0.0435,0.9878,0,0.1126,0.9918,-0.0607,0,0.9824,-0.1203,-0.1432,0,-17.4621,191.7034,-21.9129,1]},
{"frame":10,"values":[0.0821,0.0454,0.9956,0,0.1416,0.9883,-0.0567,0,0.9865,-0.1456,-0.0747,0,-18.838,192.009,-23.7824,1]},
{"frame":11,"values":[0.015,0.049,0.9987,0,0.1701,0.9841,-0.0509,0,0.9853,-0.1706,-0.0064,0,-20.214,192.3146,-25.652,1]},
{"frame":12,"values":[0.0102,0.0962,0.9953,0,0.1968,0.9757,-0.0963,0,0.9804,-0.1969,0.009,0,-21.59,192.6201,-27.5216,1]},
{"frame":13,"values":[-0.0362,0.1253,0.9915,0,0.2259,0.9674,-0.114,0,0.9735,-0.2199,0.0633,0,-22.9659,192.2655,-25.4568,1]},
{"frame":14,"values":[-0.0816,0.1554,0.9845,0,0.2557,0.958,-0.13,0,0.9633,-0.2411,0.1179,0,-24.3419,191.9108,-23.392,1]},
{"frame":15,"values":[-0.1259,0.1864,0.9744,0,0.286,0.9473,-0.1443,0,0.9499,-0.2605,0.1726,0,-25.7178,191.5562,-21.3271,1]},
{"frame":16,"values":[-0.1687,0.2181,0.9612,0,0.3166,0.9355,-0.1567,0,0.9334,-0.2779,0.2269,0,-27.0938,191.2015,-19.2623,1]},
{"frame":17,"values":[-0.2402,0.1887,0.9522,0,0.3411,0.9348,-0.0992,0,0.9088,-0.301,0.2889,0,-24.2285,190.8469,-17.1975,1]},
{"frame":18,"values":[-0.3112,0.1608,0.9366,0,0.361,0.9317,-0.04,0,0.8791,-0.3257,0.348,0,-21.3632,190.4922,-15.1327,1]},
{"frame":19,"values":[-0.3811,0.1347,0.9146,0,0.3762,0.9263,0.0203,0,0.8445,-0.3518,0.4037,0,-18.4979,190.1376,-13.0678,1]},
{"frame":20,"values":[-0.4419,0.0627,0.8949,0,0.1757,0.9843,0.0178,0,0.8797,-0.1651,0.4459,0,-15.6325,189.7829,-11.003,1]},
{"frame":21,"values":[-0.4855,-0.0204,0.874,0,-0.032,0.9995,0.0056,0,0.8737,0.0253,0.4859,0,-12.7672,189.4283,-8.9382,1]},
{"frame":22,"values":[-0.5248,-0.017,0.851,0,-0.0417,0.9991,-0.0057,0,0.8502,0.0385,0.5251,0,-9.9019,189.0736,-6.8733,1]},
{"frame":23,"values":[-0.5632,-0.0142,0.8262,0,-0.0508,0.9986,-0.0175,0,0.8248,0.0518,0.5631,0,-7.0366,188.7189,-4.8085,1]},
{"frame":24,"values":[-0.6004,-0.012,0.7996,0,-0.0594,0.9978,-0.0296,0,0.7975,0.0653,0.5998,0,-4.1713,188.3643,-2.7437,1]},
{"frame":25,"values":[-0.6363,-0.0104,0.7714,0,-0.0674,0.9968,-0.0421,0,0.7685,0.0788,0.635,0,-1.306,188.0096,-0.6788,1]},
{"frame":26,"values":[-0.6809,-0.002,0.7323,0,-0.0581,0.997,-0.0513,0,0.73,0.0775,0.679,0,-0.4507,188.1129,-0.1627,1]}],"loopBehavior":1,"name":"anim","property":"_matrix"}},
{"name":"mixamorig:Spine","index":1,"matrix":[0.9966,0.0129,0.0812,0,-0.0211,0.9948,0.0999,0,-0.0795,-0.1013,0.9917,0,0.0062,19.525,-2.4818,1],"rest":[1,0,0,0,0,1,0,0,0,0,1,0,0.0062,19.525,-2.4818,1],"parentBoneIndex":0,"length":23.0091
,"animation":{"dataType":3,"framePerSecond":24,"keys":[
{"frame":1,"values":[0.9966,0.0129,0.0812,0,-0.0211,0.9948,0.0999,0,-0.0795,-0.1013,0.9917,0,0.0062,19.525,-2.4818,1]},
{"frame":2,"values":[0.9966,0.0136,0.0812,0,-0.0217,0.9948,0.1,0,-0.0794,-0.1014,0.9917,0,0.0062,19.525,-2.4818,1]},
{"frame":3,"values":[0.9966,0.0143,0.0812,0,-0.0224,0.9947,0.1001,0,-0.0793,-0.1016,0.9917,0,0.0062,19.525,-2.4818,1]},
{"frame":4,"values":[0.9966,0.0149,0.0812,0,-0.023,0.9947,0.1002,0,-0.0793,-0.1017,0.9916,0,0.0062,19.525,-2.4818,1]},
{"frame":5,"values":[0.9966,0.0156,0.0812,0,-0.0237,0.9947,0.1003,0,-0.0792,-0.1019,0.9916,0,0.0062,19.525,-2.4818,1]},
{"frame":6,"values":[0.9966,0.0162,0.0812,0,-0.0244,0.9947,0.1004,0,-0.0791,-0.102,0.9916,0,0.0062,19.525,-2.4818,1]},
{"frame":7,"values":[0.9966,0.0169,0.0812,0,-0.025,0.9946,0.1005,0,-0.0791,-0.1022,0.9916,0,0.0062,19.525,-2.4818,1]},
{"frame":8,"values":[0.9965,0.0175,0.0812,0,-0.0257,0.9946,0.1006,0,-0.079,-0.1023,0.9916,0,0.0062,19.525,-2.4818,1]},
{"frame":9,"values":[0.9965,0.0182,0.0812,0,-0.0264,0.9946,0.1007,0,-0.0789,-0.1025,0.9916,0,0.0062,19.525,-2.4818,1]},
{"frame":10,"values":[0.9965,0.0188,0.0812,0,-0.027,0.9945,0.1008,0,-0.0789,-0.1026,0.9916,0,0.0062,19.525,-2.4818,1]},
{"frame":11,"values":[0.9965,0.0195,0.0812,0,-0.0277,0.9945,0.1009,0,-0.0788,-0.1028,0.9916,0,0.0062,19.525,-2.4818,1]},
{"frame":12,"values":[0.9965,0.0201,0.0812,0,-0.0283,0.9945,0.101,0,-0.0787,-0.1029,0.9916,0,0.0062,19.525,-2.4818,1]},
{"frame":13,"values":[0.9965,0.0208,0.0812,0,-0.029,0.9945,0.1011,0,-0.0786,-0.1031,0.9916,0,0.0062,19.525,-2.4818,1]},
{"frame":14,"values":[0.9965,0.0215,0.0812,0,-0.0297,0.9944,0.1011,0,-0.0786,-0.1032,0.9916,0,0.0062,19.525,-2.4818,1]},
{"frame":15,"values":[0.9965,0.0207,0.0812,0,-0.029,0.9944,0.1012,0,-0.0786,-0.1032,0.9915,0,0.0062,19.525,-2.4818,1]},
{"frame":16,"values":[0.9965,0.02,0.0812,0,-0.0283,0.9945,0.1013,0,-0.0787,-0.1033,0.9915,0,0.0062,19.525,-2.4818,1]},
{"frame":17,"values":[0.9965,0.0193,0.0812,0,-0.0276,0.9945,0.1014,0,-0.0788,-0.1033,0.9915,0,0.0062,19.525,-2.4818,1]},
{"frame":18,"values":[0.9965,0.0186,0.0812,0,-0.0269,0.9945,0.1015,0,-0.0789,-0.1034,0.9915,0,0.0062,19.525,-2.4818,1]},
{"frame":19,"values":[0.9965,0.0179,0.0812,0,-0.0262,0.9945,0.1016,0,-0.0789,-0.1034,0.9915,0,0.0062,19.525,-2.4818,1]},
{"frame":20,"values":[0.9965,0.0172,0.0812,0,-0.0255,0.9945,0.1017,0,-0.079,-0.1034,0.9915,0,0.0062,19.525,-2.4818,1]},
{"frame":21,"values":[0.9966,0.0165,0.0812,0,-0.0248,0.9945,0.1018,0,-0.0791,-0.1035,0.9915,0,0.0062,19.525,-2.4818,1]},
{"frame":22,"values":[0.9966,0.0158,0.0812,0,-0.0241,0.9945,0.1019,0,-0.0791,-0.1035,0.9915,0,0.0062,19.525,-2.4818,1]},
{"frame":23,"values":[0.9966,0.0151,0.0812,0,-0.0234,0.9945,0.102,0,-0.0792,-0.1036,0.9915,0,0.0062,19.525,-2.4818,1]},
{"frame":24,"values":[0.9966,0.0144,0.0812,0,-0.0227,0.9945,0.1021,0,-0.0793,-0.1036,0.9915,0,0.0062,19.525,-2.4818,1]},
{"frame":25,"values":[0.9966,0.0137,0.0812,0,-0.022,0.9945,0.1022,0,-0.0794,-0.1036,0.9914,0,0.0062,19.525,-2.4818,1]},
{"frame":26,"values":[0.9966,0.0129,0.0812,0,-0.0211,0.9948,0.0999,0,-0.0795,-0.1013,0.9917,0,0.0062,19.525,-2.4818,1]}],"loopBehavior":1,"name":"anim","property":"_matrix"}},
{"name":"mixamorig:Spine1","index":2,"matrix":[0.9862,0.0205,0.1645,0,-0.0531,0.9791,0.1966,0,-0.1571,-0.2026,0.9666,0,-0.0009,22.835,-2.8254,1],"rest":[1,0,0,0,0,1,0,0,0,0,1,0,-0.0009,22.835,-2.8254,1],"parentBoneIndex":1,"length":26.7438
,"animation":{"dataType":3,"framePerSecond":24,"keys":[
{"frame":1,"values":[0.9862,0.0205,0.1646,0,-0.0531,0.9791,0.1966,0,-0.1571,-0.2026,0.9666,0,-0.0009,22.835,-2.8254,1]},
{"frame":2,"values":[0.9862,0.0165,0.1646,0,-0.0483,0.9803,0.1913,0,-0.1582,-0.1966,0.9676,0,-0.0009,22.835,-2.8254,1]},
{"frame":3,"values":[0.9863,0.0124,0.1646,0,-0.0436,0.9813,0.1873,0,-0.1592,-0.1919,0.9684,0,-0.0009,22.835,-2.8254,1]},
{"frame":4,"values":[0.9863,0.0084,0.1646,0,-0.0393,0.9818,0.1856,0,-0.16,-0.1895,0.9687,0,-0.0009,22.835,-2.8254,1]},
{"frame":5,"values":[0.9864,0.0044,0.1646,0,-0.0353,0.982,0.1854,0,-0.1608,-0.1887,0.9688,0,-0.0009,22.835,-2.8254,1]},
{"frame":6,"values":[0.9864,0.0039,0.1645,0,-0.0347,0.9821,0.1852,0,-0.1609,-0.1884,0.9688,0,-0.0009,22.835,-2.8254,1]},
{"frame":7,"values":[0.9863,0.0087,0.1646,0,-0.0394,0.9821,0.1843,0,-0.16,-0.1882,0.969,0,-0.0009,22.835,-2.8254,1]},
{"frame":8,"values":[0.9863,0.0135,0.1646,0,-0.0441,0.9821,0.1834,0,-0.1591,-0.1881,0.9692,0,-0.0009,22.835,-2.8254,1]},
{"frame":9,"values":[0.9862,0.0184,0.1646,0,-0.0488,0.982,0.1824,0,-0.1582,-0.1879,0.9693,0,-0.0009,22.835,-2.8254,1]},
{"frame":10,"values":[0.9861,0.0232,0.1646,0,-0.0534,0.9819,0.1815,0,-0.1574,-0.1878,0.9695,0,-0.0009,22.835,-2.8254,1]},
{"frame":11,"values":[0.986,0.0281,0.1646,0,-0.0581,0.9818,0.1806,0,-0.1565,-0.1876,0.9697,0,-0.0009,22.835,-2.8254,1]},
{"frame":12,"values":[0.9858,0.0329,0.1645,0,-0.0628,0.9817,0.1797,0,-0.1556,-0.1875,0.9699,0,-0.0009,22.835,-2.8254,1]},
{"frame":13,"values":[0.9856,0.0378,0.1645,0,-0.0681,0.9808,0.1829,0,-0.1545,-0.1915,0.9693,0,-0.0009,22.835,-2.8254,1]},
{"frame":14,"values":[0.9854,0.0426,0.1645,0,-0.0734,0.9798,0.1861,0,-0.1533,-0.1955,0.9687,0,-0.0009,22.835,-2.8254,1]},
{"frame":15,"values":[0.9855,0.0408,0.1646,0,-0.0722,0.9793,0.1893,0,-0.1534,-0.1984,0.968,0,-0.0009,22.835,-2.8254,1]},
{"frame":16,"values":[0.9856,0.039,0.1646,0,-0.0709,0.9787,0.1924,0,-0.1536,-0.2013,0.9674,0,-0.0009,22.835,-2.8254,1]},
{"frame":17,"values":[0.9857,0.0372,0.1646,0,-0.0696,0.9782,0.1956,0,-0.1537,-0.2043,0.9668,0,-0.0009,22.835,-2.8254,1]},
{"frame":18,"values":[0.9857,0.0354,0.1646,0,-0.0683,0.9777,0.1988,0,-0.1538,-0.2072,0.9661,0,-0.0009,22.835,-2.8254,1]},
{"frame":19,"values":[0.9858,0.0336,0.1646,0,-0.0671,0.9771,0.202,0,-0.154,-0.2101,0.9655,0,-0.0009,22.835,-2.8254,1]},
{"frame":20,"values":[0.9859,0.0318,0.1645,0,-0.0658,0.9765,0.2052,0,-0.1542,-0.2131,0.9648,0,-0.0009,22.835,-2.8254,1]},
{"frame":21,"values":[0.9859,0.03,0.1645,0,-0.0645,0.9759,0.2083,0,-0.1543,-0.216,0.9641,0,-0.0009,22.835,-2.8254,1]},
{"frame":22,"values":[0.986,0.0282,0.1645,0,-0.0624,0.9765,0.2065,0,-0.1548,-0.2139,0.9645,0,-0.0009,22.835,-2.8254,1]},
{"frame":23,"values":[0.986,0.0264,0.1645,0,-0.0604,0.977,0.2046,0,-0.1553,-0.2117,0.9649,0,-0.0009,22.835,-2.8254,1]},
{"frame":24,"values":[0.9861,0.0247,0.1645,0,-0.0583,0.9775,0.2028,0,-0.1558,-0.2095,0.9653,0,-0.0009,22.835,-2.8254,1]},
{"frame":25,"values":[0.9861,0.0229,0.1645,0,-0.0562,0.978,0.2009,0,-0.1563,-0.2074,0.9657,0,-0.0009,22.835,-2.8254,1]},
{"frame":26,"values":[0.9862,0.0205,0.1645,0,-0.0531,0.9791,0.1966,0,-0.1571,-0.2026,0.9666,0,-0.0009,22.835,-2.8254,1]}],"loopBehavior":1,"name":"anim","property":"_matrix"}},
{"name":"mixamorig:Spine2","index":3,"matrix":[0.9862,0.0205,0.1645,0,-0.0531,0.9791,0.1966,0,-0.1571,-0.2026,0.9666,0,-0.0206,26.5525,-3.1933,1],"rest":[1,0,0,0,0,1,0,0,0,0,1,0,-0.0206,26.5525,-3.1933,1],"parentBoneIndex":2,"length":24.825
,"animation":{"dataType":3,"framePerSecond":24,"keys":[
{"frame":1,"values":[0.9862,0.0205,0.1646,0,-0.0531,0.9791,0.1966,0,-0.1571,-0.2026,0.9666,0,-0.0206,26.5525,-3.1933,1]},
{"frame":2,"values":[0.9862,0.0165,0.1646,0,-0.0483,0.9803,0.1913,0,-0.1582,-0.1966,0.9676,0,-0.0206,26.5525,-3.1933,1]},
{"frame":3,"values":[0.9863,0.0124,0.1646,0,-0.0436,0.9813,0.1873,0,-0.1592,-0.1919,0.9684,0,-0.0206,26.5525,-3.1933,1]},
{"frame":4,"values":[0.9863,0.0084,0.1646,0,-0.0393,0.9818,0.1856,0,-0.16,-0.1896,0.9687,0,-0.0206,26.5525,-3.1933,1]},
{"frame":5,"values":[0.9864,0.0044,0.1646,0,-0.0353,0.982,0.1854,0,-0.1608,-0.1887,0.9688,0,-0.0206,26.5525,-3.1933,1]},
{"frame":6,"values":[0.9864,0.0039,0.1645,0,-0.0347,0.9821,0.1852,0,-0.1609,-0.1884,0.9688,0,-0.0206,26.5525,-3.1933,1]},
{"frame":7,"values":[0.9863,0.0087,0.1646,0,-0.0394,0.9821,0.1843,0,-0.16,-0.1882,0.969,0,-0.0206,26.5525,-3.1933,1]},
{"frame":8,"values":[0.9863,0.0135,0.1646,0,-0.0441,0.9821,0.1834,0,-0.1591,-0.1881,0.9692,0,-0.0206,26.5525,-3.1933,1]},
{"frame":9,"values":[0.9862,0.0184,0.1646,0,-0.0488,0.982,0.1824,0,-0.1582,-0.1879,0.9693,0,-0.0206,26.5525,-3.1933,1]},
{"frame":10,"values":[0.9861,0.0232,0.1646,0,-0.0534,0.9819,0.1815,0,-0.1574,-0.1878,0.9695,0,-0.0206,26.5525,-3.1933,1]},
{"frame":11,"values":[0.986,0.0281,0.1646,0,-0.0581,0.9818,0.1806,0,-0.1565,-0.1876,0.9697,0,-0.0206,26.5525,-3.1933,1]},
{"frame":12,"values":[0.9858,0.0329,0.1645,0,-0.0628,0.9817,0.1797,0,-0.1556,-0.1875,0.9699,0,-0.0206,26.5525,-3.1933,1]},
{"frame":13,"values":[0.9856,0.0378,0.1645,0,-0.0681,0.9808,0.1829,0,-0.1545,-0.1915,0.9693,0,-0.0206,26.5525,-3.1933,1]},
{"frame":14,"values":[0.9854,0.0426,0.1645,0,-0.0734,0.9798,0.1861,0,-0.1533,-0.1955,0.9687,0,-0.0206,26.5525,-3.1933,1]},
{"frame":15,"values":[0.9855,0.0408,0.1646,0,-0.0722,0.9793,0.1893,0,-0.1534,-0.1984,0.968,0,-0.0206,26.5525,-3.1933,1]},
{"frame":16,"values":[0.9856,0.039,0.1646,0,-0.0709,0.9787,0.1924,0,-0.1536,-0.2013,0.9674,0,-0.0206,26.5525,-3.1933,1]},
{"frame":17,"values":[0.9857,0.0372,0.1646,0,-0.0696,0.9782,0.1956,0,-0.1537,-0.2043,0.9668,0,-0.0206,26.5525,-3.1933,1]},
{"frame":18,"values":[0.9857,0.0354,0.1646,0,-0.0683,0.9777,0.1988,0,-0.1538,-0.2072,0.9661,0,-0.0206,26.5525,-3.1933,1]},
{"frame":19,"values":[0.9858,0.0336,0.1646,0,-0.0671,0.9771,0.202,0,-0.154,-0.2101,0.9655,0,-0.0206,26.5525,-3.1933,1]},
{"frame":20,"values":[0.9859,0.0318,0.1645,0,-0.0658,0.9765,0.2052,0,-0.1542,-0.2131,0.9648,0,-0.0206,26.5525,-3.1933,1]},
{"frame":21,"values":[0.9859,0.03,0.1645,0,-0.0645,0.9759,0.2083,0,-0.1543,-0.216,0.9641,0,-0.0206,26.5525,-3.1933,1]},
{"frame":22,"values":[0.986,0.0282,0.1645,0,-0.0624,0.9765,0.2065,0,-0.1548,-0.2139,0.9645,0,-0.0206,26.5525,-3.1933,1]},
{"frame":23,"values":[0.986,0.0264,0.1645,0,-0.0604,0.977,0.2046,0,-0.1553,-0.2117,0.9649,0,-0.0206,26.5525,-3.1933,1]},
{"frame":24,"values":[0.9861,0.0247,0.1645,0,-0.0583,0.9775,0.2028,0,-0.1558,-0.2095,0.9653,0,-0.0206,26.5525,-3.1933,1]},
{"frame":25,"values":[0.9861,0.0229,0.1645,0,-0.0562,0.978,0.2009,0,-0.1563,-0.2074,0.9657,0,-0.0206,26.5525,-3.1933,1]},
{"frame":26,"values":[0.9862,0.0205,0.1645,0,-0.0531,0.9791,0.1966,0,-0.1571,-0.2026,0.9666,0,-0.0206,26.5525,-3.1933,1]}],"loopBehavior":1,"name":"anim","property":"_matrix"}},
{"name":"mixamorig:Neck","index":4,"matrix":[0.9997,-0.0053,-0.0219,0,0.0036,0.9972,-0.0751,0,0.0222,0.075,0.9969,0,-0.06,30.7018,1.3522,1],"rest":[1,0,0,0,0,1,0,0,0,0,1,0,-0.06,30.7018,1.3522,1],"parentBoneIndex":3,"length":22.8446
,"animation":{"dataType":3,"framePerSecond":24,"keys":[
{"frame":1,"values":[0.9997,-0.0053,-0.0219,0,0.0036,0.9972,-0.0751,0,0.0222,0.075,0.9969,0,-0.06,30.7018,1.3522,1]},
{"frame":2,"values":[1,0.0055,-0.0052,0,-0.006,0.9961,-0.0884,0,0.0047,0.0884,0.9961,0,-0.06,30.7018,1.3522,1]},
{"frame":3,"values":[0.9997,0.0252,0.0049,0,-0.0245,0.9931,-0.1143,0,-0.0077,0.1142,0.9934,0,-0.06,30.7018,1.3522,1]},
{"frame":4,"values":[0.9986,0.0528,0.006,0,-0.0513,0.988,-0.1455,0,-0.0136,0.145,0.9893,0,-0.06,30.7018,1.3522,1]},
{"frame":5,"values":[0.9969,0.0783,-0.0007,0,-0.0774,0.9833,-0.1647,0,-0.0122,0.1642,0.9863,0,-0.06,30.7018,1.3522,1]},
{"frame":6,"values":[0.9957,0.0922,-0.0126,0,-0.093,0.9827,-0.1604,0,-0.0024,0.1608,0.987,0,-0.06,30.7018,1.3522,1]},
{"frame":7,"values":[0.9952,0.094,-0.0266,0,-0.0968,0.9854,-0.1401,0,0.013,0.142,0.9898,0,-0.06,30.7018,1.3522,1]},
{"frame":8,"values":[0.9953,0.0881,-0.0407,0,-0.0928,0.9869,-0.1321,0,0.0285,0.1353,0.9904,0,-0.06,30.7018,1.3522,1]},
{"frame":9,"values":[0.9954,0.0823,-0.049,0,-0.0878,0.9884,-0.1241,0,0.0383,0.1279,0.9911,0,-0.06,30.7018,1.3522,1]},
{"frame":10,"values":[0.9954,0.0765,-0.0574,0,-0.0828,0.9898,-0.1162,0,0.048,0.1204,0.9916,0,-0.06,30.7018,1.3522,1]},
{"frame":11,"values":[0.994,0.0877,-0.0658,0,-0.0945,0.9896,-0.1082,0,0.0557,0.1138,0.9919,0,-0.06,30.7019,1.3522,1]},
{"frame":12,"values":[0.9923,0.099,-0.0742,0,-0.1062,0.9893,-0.1002,0,0.0634,0.1073,0.9922,0,-0.06,30.7018,1.3522,1]},
{"frame":13,"values":[0.9912,0.1103,-0.0732,0,-0.1168,0.9889,-0.0922,0,0.0622,0.1,0.993,0,-0.06,30.7018,1.3522,1]},
{"frame":14,"values":[0.99,0.1215,-0.0721,0,-0.1275,0.9883,-0.0843,0,0.061,0.0926,0.9938,0,-0.06,30.7018,1.3522,1]},
{"frame":15,"values":[0.991,0.1103,-0.0755,0,-0.116,0.9903,-0.0763,0,0.0664,0.0844,0.9942,0,-0.06,30.7018,1.3522,1]},
{"frame":16,"values":[0.9919,0.099,-0.079,0,-0.1054,0.9911,-0.0815,0,0.0703,0.0892,0.9935,0,-0.06,30.7018,1.3522,1]},
{"frame":17,"values":[0.9927,0.0877,-0.0825,0,-0.0948,0.9917,-0.0867,0,0.0742,0.0939,0.9928,0,-0.06,30.7018,1.3522,1]},
{"frame":18,"values":[0.9934,0.0763,-0.0859,0,-0.0842,0.9922,-0.092,0,0.0782,0.0986,0.992,0,-0.06,30.7018,1.3522,1]},
{"frame":19,"values":[0.9939,0.065,-0.0893,0,-0.0736,0.9925,-0.0973,0,0.0823,0.1033,0.9912,0,-0.06,30.7018,1.3522,1]},
{"frame":20,"values":[0.9954,0.0537,-0.0796,0,-0.0618,0.9928,-0.1027,0,0.0735,0.1072,0.9915,0,-0.06,30.7018,1.3522,1]},
{"frame":21,"values":[0.9967,0.0424,-0.0699,0,-0.0498,0.9929,-0.108,0,0.0648,0.1111,0.9917,0,-0.06,30.7018,1.3522,1]},
{"frame":22,"values":[0.9977,0.0312,-0.0601,0,-0.0372,0.9942,-0.1009,0,0.0566,0.1029,0.9931,0,-0.06,30.7018,1.3522,1]},
{"frame":23,"values":[0.9985,0.0199,-0.0504,0,-0.0245,0.9953,-0.0937,0,0.0483,0.0948,0.9943,0,-0.06,30.7018,1.3522,1]},
{"frame":24,"values":[0.9991,0.0085,-0.0407,0,-0.012,0.9962,-0.0864,0,0.0398,0.0868,0.9954,0,-0.06,30.7018,1.3522,1]},
{"frame":25,"values":[0.9995,-0.003,-0.0312,0,0.0005,0.9969,-0.0789,0,0.0313,0.0788,0.9964,0,-0.06,30.7018,1.3522,1]},
{"frame":26,"values":[0.9997,-0.0053,-0.0219,0,0.0036,0.9972,-0.0751,0,0.0222,0.075,0.9969,0,-0.06,30.7018,1.3522,1]}],"loopBehavior":1,"name":"anim","property":"_matrix"}},
{"name":"mixamorig:Head","index":5,"matrix":[0.937,0.0447,0.3464,0,-0.0062,0.9937,-0.1115,0,-0.3492,0.1024,0.9314,0,-0.0872,22.5476,3.6709,1],"rest":[1,0,0,0,0,1,0,0,0,0,1,0,-0.0872,22.5476,3.6709,1],"parentBoneIndex":4,"length":30.5924
,"animation":{"dataType":3,"framePerSecond":24,"keys":[
{"frame":1,"values":[0.937,0.0447,0.3464,0,-0.0062,0.9937,-0.1115,0,-0.3492,0.1024,0.9314,0,-0.0872,22.5476,3.6709,1]},
{"frame":2,"values":[0.9406,0.043,0.3369,0,-0.0114,0.9954,-0.0952,0,-0.3394,0.0857,0.9367,0,-0.0872,22.5476,3.6709,1]},
{"frame":3,"values":[0.9574,0.0346,0.2866,0,-0.0152,0.9975,-0.0697,0,-0.2883,0.0624,0.9555,0,-0.0872,22.5476,3.6709,1]},
{"frame":4,"values":[0.9793,0.0236,0.2008,0,-0.0151,0.9989,-0.0439,0,-0.2016,0.0399,0.9786,0,-0.0872,22.5476,3.6709,1]},
{"frame":5,"values":[0.9953,0.0204,0.0948,0,-0.018,0.9995,-0.0262,0,-0.0953,0.0244,0.9951,0,-0.0872,22.5476,3.6709,1]},
{"frame":6,"values":[0.9994,0.0301,0.0144,0,-0.0298,0.9994,-0.0177,0,-0.0149,0.0172,0.9997,0,-0.0872,22.5476,3.6709,1]},
{"frame":7,"values":[0.9967,0.0475,-0.0661,0,-0.0483,0.9988,-0.0114,0,0.0655,0.0146,0.9977,0,-0.0872,22.5476,3.6709,1]},
{"frame":8,"values":[0.9873,0.0619,-0.1462,0,-0.0636,0.9979,-0.0074,0,0.1454,0.0166,0.9892,0,-0.0872,22.5476,3.6709,1]},
{"frame":9,"values":[0.9713,0.076,-0.2253,0,-0.0786,0.9969,-0.0022,0,0.2244,0.0198,0.9743,0,-0.0872,22.5476,3.6709,1]},
{"frame":10,"values":[0.9515,0.0543,-0.3029,0,-0.0621,0.9979,-0.016,0,0.3014,0.034,0.9529,0,-0.0872,22.5476,3.6709,1]},
{"frame":11,"values":[0.9645,0.0335,-0.262,0,-0.0433,0.9986,-0.0318,0,0.2606,0.042,0.9645,0,-0.0872,22.5476,3.6709,1]},
{"frame":12,"values":[0.9754,0.0129,-0.2203,0,-0.0237,0.9986,-0.0468,0,0.2193,0.0508,0.9743,0,-0.0872,22.5476,3.6709,1]},
{"frame":13,"values":[0.984,-0.0073,-0.1778,0,-0.0036,0.9981,-0.0609,0,0.1779,0.0606,0.9822,0,-0.0872,22.5476,3.6709,1]},
{"frame":14,"values":[0.9905,-0.027,-0.1348,0,0.0171,0.9971,-0.0741,0,0.1364,0.0711,0.9881,0,-0.0872,22.5476,3.6709,1]},
{"frame":15,"values":[0.9955,-0.0215,-0.0918,0,0.0134,0.996,-0.0884,0,0.0933,0.0867,0.9918,0,-0.0872,22.5476,3.6709,1]},
{"frame":16,"values":[0.9987,-0.0154,-0.0487,0,0.0103,0.9947,-0.1028,0,0.05,0.1022,0.9935,0,-0.0872,22.5476,3.6709,1]},
{"frame":17,"values":[0.9999,-0.0085,-0.0055,0,0.0078,0.9931,-0.1173,0,0.0064,0.1173,0.9931,0,-0.0872,22.5476,3.6709,1]},
{"frame":18,"values":[0.9993,-0.0011,0.0376,0,0.006,0.9912,-0.1319,0,-0.0371,0.132,0.9906,0,-0.0872,22.5476,3.6709,1]},
{"frame":19,"values":[0.9967,0.007,0.0804,0,0.0049,0.9892,-0.1465,0,-0.0805,0.1464,0.9859,0,-0.0872,22.5476,3.6709,1]},
{"frame":20,"values":[0.9923,0.0142,0.1232,0,0.0031,0.9903,-0.1387,0,-0.124,0.138,0.9826,0,-0.0872,22.5476,3.6709,1]},
{"frame":21,"values":[0.9859,0.0209,0.1659,0,0.001,0.9914,-0.131,0,-0.1672,0.1293,0.9774,0,-0.0872,22.5476,3.6709,1]},
{"frame":22,"values":[0.9777,0.0273,0.2083,0,-0.0015,0.9924,-0.1234,0,-0.2101,0.1203,0.9703,0,-0.0872,22.5476,3.6709,1]},
{"frame":23,"values":[0.9676,0.0333,0.2503,0,-0.0042,0.9933,-0.1159,0,-0.2525,0.1111,0.9612,0,-0.0872,22.5476,3.6709,1]},
{"frame":24,"values":[0.9557,0.0394,0.2918,0,-0.0053,0.9931,-0.1167,0,-0.2944,0.11,0.9493,0,-0.0872,22.5476,3.6709,1]},
{"frame":25,"values":[0.9419,0.0454,0.3328,0,-0.0063,0.993,-0.1176,0,-0.3358,0.1087,0.9356,0,-0.0872,22.5476,3.6709,1]},
{"frame":26,"values":[0.937,0.0447,0.3464,0,-0.0062,0.9937,-0.1115,0,-0.3492,0.1024,0.9314,0,-0.0872,22.5476,3.6709,1]}],"loopBehavior":1,"name":"anim","property":"_matrix"}},
{"name":"mixamorig:HeadTop_End","index":6,"matrix":[1,0,0,0,0,1,0,0,0,0,1,0,-0.8306,40.3552,7.8935,1],"rest":[1,0,0,0,0,1,0,0,0,0,1,0,-0.8306,40.3552,7.8935,1],"parentBoneIndex":5,"length":30.5924
,"animation":{"dataType":3,"framePerSecond":24,"keys":[
{"frame":1,"values":[1,0,0,0,0,1,0,0,0,0,1,0,-0.8306,40.3552,7.8935,1]},
{"frame":26,"values":[1,0,0,0,0,1,0,0,0,0,1,0,-0.8306,40.3552,7.8935,1]}],"loopBehavior":1,"name":"anim","property":"_matrix"}},
{"name":"mixamorig:RightEye","index":7,"matrix":[1,0,0,0,0,1,0,0,0,0,1,0,-6.3021,18.1186,16.1971,1],"rest":[1,0,0,0,0,1,0,0,0,0,1,0,-6.3021,18.1186,16.1971,1],"parentBoneIndex":5,"length":30.5924
,"animation":{"dataType":3,"framePerSecond":24,"keys":[
{"frame":1,"values":[1,0,0,0,0,1,0,0,0,0,1,0,-6.3021,18.1186,16.1971,1]},
{"frame":4,"values":[1,0,0,0,0,1,0,0,0,0,1,0,-6.3021,18.1185,16.1971,1]},
{"frame":5,"values":[1,0,0,0,0,1,0,0,0,0,1,0,-6.3021,18.1186,16.1971,1]},
{"frame":26,"values":[1,0,0,0,0,1,0,0,0,0,1,0,-6.3021,18.1186,16.1971,1]}],"loopBehavior":1,"name":"anim","property":"_matrix"}},
{"name":"mixamorig:LeftEye","index":8,"matrix":[1,0,0,0,0,1,0,0,0,0,1,0,6.7415,18.3827,16.4019,1],"rest":[1,0,0,0,0,1,0,0,0,0,1,0,6.7415,18.3827,16.4019,1],"parentBoneIndex":5,"length":30.5924
,"animation":{"dataType":3,"framePerSecond":24,"keys":[
{"frame":1,"values":[1,0,0,0,0,1,0,0,0,0,1,0,6.7415,18.3827,16.4019,1]},
{"frame":26,"values":[1,0,0,0,0,1,0,0,0,0,1,0,6.7415,18.3827,16.4019,1]}],"loopBehavior":1,"name":"anim","property":"_matrix"}},
{"name":"mixamorig:LeftShoulder","index":9,"matrix":[0.973,-0.1679,0.1581,0,0.1618,0.9855,0.0512,0,-0.1644,-0.0243,0.9861,0,11.9249,18.2305,1.4254,1],"rest":[1,0.0062,0,0,-0.0062,1,0,0,0,0,1,0,11.9249,18.2305,1.4254,1],"parentBoneIndex":3,"length":25.9773
,"animation":{"dataType":3,"framePerSecond":24,"keys":[
{"frame":1,"values":[0.973,-0.1679,0.1581,0,0.1618,0.9855,0.0512,0,-0.1644,-0.0243,0.9861,0,11.9249,18.2305,1.4254,1]},
{"frame":2,"values":[0.9737,-0.1673,0.1548,0,0.1612,0.9856,0.0512,0,-0.1612,-0.0249,0.9866,0,11.9249,18.2305,1.4254,1]},
{"frame":3,"values":[0.9743,-0.1659,0.1522,0,0.1599,0.9858,0.0511,0,-0.1585,-0.0255,0.987,0,11.9249,18.2305,1.4254,1]},
{"frame":4,"values":[0.9751,-0.1636,0.1496,0,0.1576,0.9862,0.0511,0,-0.1559,-0.0262,0.9874,0,11.9249,18.2305,1.4254,1]},
{"frame":5,"values":[0.9759,-0.1608,0.1476,0,0.1548,0.9866,0.051,0,-0.1538,-0.0269,0.9877,0,11.9249,18.2305,1.4254,1]},
{"frame":6,"values":[0.9764,-0.1584,0.1469,0,0.1525,0.987,0.0509,0,-0.153,-0.0273,0.9878,0,11.9249,18.2305,1.4254,1]},
{"frame":7,"values":[0.9768,-0.156,0.1465,0,0.1501,0.9874,0.0508,0,-0.1526,-0.0277,0.9879,0,11.9249,18.2305,1.4254,1]},
{"frame":8,"values":[0.9774,-0.1537,0.1448,0,0.1478,0.9877,0.0507,0,-0.1509,-0.0282,0.9882,0,11.9249,18.2305,1.4254,1]},
{"frame":9,"values":[0.9782,-0.1514,0.1424,0,0.1455,0.9881,0.0508,0,-0.1484,-0.029,0.9885,0,11.9249,18.2305,1.4254,1]},
{"frame":10,"values":[0.9787,-0.149,0.1415,0,0.1431,0.9884,0.0509,0,-0.1474,-0.0295,0.9886,0,11.9249,18.2305,1.4254,1]},
{"frame":11,"values":[0.9785,-0.1465,0.1454,0,0.1405,0.9888,0.0509,0,-0.1512,-0.0294,0.9881,0,11.9249,18.2305,1.4254,1]},
{"frame":12,"values":[0.9782,-0.1441,0.1493,0,0.1379,0.9891,0.0509,0,-0.155,-0.0292,0.9875,0,11.9249,18.2305,1.4254,1]},
{"frame":13,"values":[0.978,-0.1416,0.1531,0,0.1353,0.9895,0.0509,0,-0.1587,-0.0291,0.9869,0,11.9249,18.2305,1.4254,1]},
{"frame":14,"values":[0.9777,-0.1391,0.157,0,0.1327,0.9898,0.0509,0,-0.1625,-0.0289,0.9863,0,11.9249,18.2305,1.4254,1]},
{"frame":15,"values":[0.9772,-0.1415,0.1583,0,0.1351,0.9895,0.0509,0,-0.1638,-0.0284,0.9861,0,11.9249,18.2305,1.4254,1]},
{"frame":16,"values":[0.9766,-0.1439,0.1595,0,0.1375,0.9892,0.051,0,-0.1651,-0.0279,0.9859,0,11.9249,18.2305,1.4254,1]},
{"frame":17,"values":[0.9761,-0.1463,0.1608,0,0.1399,0.9889,0.051,0,-0.1665,-0.0273,0.9857,0,11.9249,18.2305,1.4254,1]},
{"frame":18,"values":[0.9755,-0.1487,0.162,0,0.1422,0.9885,0.051,0,-0.1678,-0.0267,0.9855,0,11.9249,18.2305,1.4254,1]},
{"frame":19,"values":[0.9751,-0.1512,0.1626,0,0.1447,0.9882,0.0511,0,-0.1683,-0.0263,0.9854,0,11.9249,18.2305,1.4254,1]},
{"frame":20,"values":[0.9746,-0.1536,0.1631,0,0.1471,0.9878,0.0511,0,-0.1689,-0.0258,0.9853,0,11.9249,18.2305,1.4254,1]},
{"frame":21,"values":[0.9741,-0.156,0.1636,0,0.1495,0.9874,0.0512,0,-0.1695,-0.0254,0.9852,0,11.9249,18.2305,1.4254,1]},
{"frame":22,"values":[0.9738,-0.1584,0.1631,0,0.152,0.9871,0.0512,0,-0.1691,-0.0251,0.9853,0,11.9249,18.2305,1.4254,1]},
{"frame":23,"values":[0.9735,-0.1609,0.1626,0,0.1545,0.9867,0.0513,0,-0.1686,-0.0248,0.9854,0,11.9249,18.2305,1.4254,1]},
{"frame":24,"values":[0.9732,-0.1633,0.162,0,0.1569,0.9863,0.0513,0,-0.1682,-0.0245,0.9854,0,11.9249,18.2305,1.4254,1]},
{"frame":25,"values":[0.9731,-0.1658,0.1602,0,0.1595,0.9859,0.0514,0,-0.1665,-0.0244,0.9857,0,11.9249,18.2305,1.4254,1]},
{"frame":26,"values":[0.973,-0.1679,0.1581,0,0.1618,0.9855,0.0512,0,-0.1644,-0.0243,0.9861,0,11.9249,18.2305,1.4254,1]}],"loopBehavior":1,"name":"anim","property":"_matrix"}},
{"name":"mixamorig:LeftArm","index":10,"matrix":[0.4916,-0.8507,-0.186,0,0.7798,0.5252,-0.3408,0,0.3876,0.0225,0.9216,0,25.4312,-0.8546,-5.2293,1],"rest":[0.9983,0.0295,0.0512,0,-0.0294,0.9996,-0.0017,0,-0.0512,0.0002,0.9987,0,25.4312,-0.8546,-5.2293,1],"parentBoneIndex":9,"length":54.6847
,"animation":{"dataType":3,"framePerSecond":24,"keys":[
{"frame":1,"values":[0.4916,-0.8507,-0.186,0,0.7798,0.5252,-0.3408,0,0.3876,0.0225,0.9216,0,25.4312,-0.8546,-5.2293,1]},
{"frame":2,"values":[0.496,-0.8485,-0.1845,0,0.7756,0.5284,-0.3453,0,0.3905,0.0281,0.9202,0,25.4312,-0.8546,-5.2293,1]},
{"frame":3,"values":[0.4986,-0.8481,-0.1792,0,0.7738,0.5286,-0.3491,0,0.3908,0.0354,0.9198,0,25.4312,-0.8547,-5.2293,1]},
{"frame":4,"values":[0.4979,-0.8507,-0.1685,0,0.777,0.5239,-0.3489,0,0.3851,0.0428,0.9219,0,25.4312,-0.8546,-5.2293,1]},
{"frame":5,"values":[0.4938,-0.8555,-0.1556,0,0.7851,0.5156,-0.3433,0,0.374,0.0474,0.9262,0,25.4312,-0.8547,-5.2293,1]},
{"frame":6,"values":[0.4807,-0.863,-0.1554,0,0.7963,0.5039,-0.3348,0,0.3672,0.0372,0.9294,0,25.4312,-0.8546,-5.2293,1]},
{"frame":7,"values":[0.4675,-0.8702,-0.1554,0,0.8072,0.4919,-0.3262,0,0.3603,0.0271,0.9324,0,25.4312,-0.8546,-5.2293,1]},
{"frame":8,"values":[0.4542,-0.8772,-0.1555,0,0.8179,0.4798,-0.3176,0,0.3532,0.0171,0.9354,0,25.4312,-0.8546,-5.2293,1]},
{"frame":9,"values":[0.4408,-0.884,-0.1557,0,0.8283,0.4674,-0.3089,0,0.3459,0.0072,0.9383,0,25.4312,-0.8546,-5.2293,1]},
{"frame":10,"values":[0.4273,-0.8905,-0.1561,0,0.8384,0.4549,-0.3002,0,0.3384,-0.0026,0.941,0,25.4312,-0.8546,-5.2293,1]},
{"frame":11,"values":[0.4136,-0.8969,-0.1566,0,0.8483,0.4421,-0.2915,0,0.3307,-0.0123,0.9437,0,25.4312,-0.8546,-5.2293,1]},
{"frame":12,"values":[0.3999,-0.903,-0.1573,0,0.8578,0.4292,-0.2828,0,0.3228,-0.0218,0.9462,0,25.4312,-0.8546,-5.2293,1]},
{"frame":13,"values":[0.4071,-0.8995,-0.1588,0,0.8528,0.4366,-0.2865,0,0.327,-0.0188,0.9448,0,25.4312,-0.8547,-5.2293,1]},
{"frame":14,"values":[0.4143,-0.8959,-0.1604,0,0.8477,0.444,-0.2902,0,0.3312,-0.0158,0.9434,0,25.4312,-0.8546,-5.2293,1]},
{"frame":15,"values":[0.4214,-0.8923,-0.162,0,0.8426,0.4513,-0.2939,0,0.3354,-0.0127,0.942,0,25.4312,-0.8546,-5.2293,1]},
{"frame":16,"values":[0.4285,-0.8886,-0.1637,0,0.8373,0.4586,-0.2975,0,0.3395,-0.0096,0.9406,0,25.4312,-0.8546,-5.2293,1]},
{"frame":17,"values":[0.4356,-0.8848,-0.1654,0,0.832,0.4659,-0.3012,0,0.3436,-0.0064,0.9391,0,25.4312,-0.8547,-5.2293,1]},
{"frame":18,"values":[0.4426,-0.881,-0.1671,0,0.8266,0.4731,-0.3048,0,0.3476,-0.0032,0.9376,0,25.4312,-0.8546,-5.2293,1]},
{"frame":19,"values":[0.4496,-0.8771,-0.1689,0,0.8211,0.4803,-0.3084,0,0.3516,0,0.9361,0,25.4312,-0.8546,-5.2293,1]},
{"frame":20,"values":[0.4565,-0.8732,-0.1706,0,0.8155,0.4874,-0.312,0,0.3556,0.0033,0.9346,0,25.4312,-0.8547,-5.2293,1]},
{"frame":21,"values":[0.4634,-0.8692,-0.1725,0,0.8099,0.4944,-0.3156,0,0.3596,0.0066,0.9331,0,25.4312,-0.8547,-5.2293,1]},
{"frame":22,"values":[0.4703,-0.8651,-0.1743,0,0.8042,0.5015,-0.3191,0,0.3635,0.0099,0.9316,0,25.4312,-0.8546,-5.2293,1]},
{"frame":23,"values":[0.4771,-0.861,-0.1762,0,0.7984,0.5084,-0.3226,0,0.3673,0.0133,0.93,0,25.4312,-0.8547,-5.2293,1]},
{"frame":24,"values":[0.4839,-0.8568,-0.1781,0,0.7925,0.5153,-0.3261,0,0.3712,0.0167,0.9284,0,25.4312,-0.8546,-5.2293,1]},
{"frame":25,"values":[0.4906,-0.8526,-0.18,0,0.7866,0.5222,-0.3296,0,0.375,0.0201,0.9268,0,25.4312,-0.8546,-5.2293,1]},
{"frame":26,"values":[0.4916,-0.8507,-0.186,0,0.7798,0.5252,-0.3408,0,0.3876,0.0225,0.9216,0,25.4312,-0.8546,-5.2293,1]}],"loopBehavior":1,"name":"anim","property":"_matrix"}},
{"name":"mixamorig:LeftForeArm","index":11,"matrix":[0.8049,-0.0691,0.5893,0,0.1168,0.9922,-0.0432,0,-0.5818,0.1036,0.8067,0,54.5783,-1.9463,-2.8009,1],"rest":[0.9943,-0.0088,-0.1062,0,0.0091,1,0.0028,0,0.1061,-0.0038,0.9943,0,54.5783,-1.9463,-2.8009,1],"parentBoneIndex":10,"length":55.0982
,"animation":{"dataType":3,"framePerSecond":24,"keys":[
{"frame":1,"values":[0.8049,-0.0691,0.5893,0,0.1168,0.9922,-0.0432,0,-0.5818,0.1036,0.8067,0,54.5783,-1.9463,-2.8009,1]},
{"frame":2,"values":[0.8104,-0.0674,0.582,0,0.1173,0.9919,-0.0484,0,-0.5741,0.1075,0.8117,0,54.5783,-1.9463,-2.8009,1]},
{"frame":3,"values":[0.8161,-0.0646,0.5743,0,0.1208,0.9909,-0.0602,0,-0.5652,0.1185,0.8164,0,54.5783,-1.9463,-2.8009,1]},
{"frame":4,"values":[0.8189,-0.0615,0.5706,0,0.1255,0.9894,-0.0733,0,-0.56,0.1317,0.818,0,54.5783,-1.9463,-2.8009,1]},
{"frame":5,"values":[0.8179,-0.0605,0.5722,0,0.1285,0.9885,-0.0791,0,-0.5608,0.1382,0.8163,0,54.5783,-1.9463,-2.8009,1]},
{"frame":6,"values":[0.8103,-0.0633,0.5826,0,0.13,0.9888,-0.0733,0,-0.5714,0.1352,0.8095,0,54.5783,-1.9463,-2.8009,1]},
{"frame":7,"values":[0.8026,-0.0662,0.5928,0,0.1314,0.989,-0.0676,0,-0.5819,0.1322,0.8025,0,54.5783,-1.9463,-2.8009,1]},
{"frame":8,"values":[0.7947,-0.069,0.603,0,0.1328,0.9892,-0.0618,0,-0.5922,0.1292,0.7953,0,54.5783,-1.9463,-2.8009,1]},
{"frame":9,"values":[0.7868,-0.0719,0.6131,0,0.1341,0.9894,-0.056,0,-0.6025,0.1262,0.7881,0,54.5783,-1.9462,-2.8009,1]},
{"frame":10,"values":[0.7786,-0.0749,0.623,0,0.1353,0.9895,-0.0501,0,-0.6127,0.1233,0.7806,0,54.5783,-1.9463,-2.8009,1]},
{"frame":11,"values":[0.7704,-0.0779,0.6328,0,0.1364,0.9897,-0.0443,0,-0.6228,0.1204,0.773,0,54.5783,-1.9463,-2.8009,1]},
{"frame":12,"values":[0.762,-0.0809,0.6425,0,0.1375,0.9898,-0.0384,0,-0.6328,0.1176,0.7653,0,54.5783,-1.9463,-2.8009,1]},
{"frame":13,"values":[0.7657,-0.0808,0.6381,0,0.1357,0.99,-0.0375,0,-0.6287,0.1153,0.769,0,54.5783,-1.9463,-2.8009,1]},
{"frame":14,"values":[0.7693,-0.0807,0.6337,0,0.134,0.9903,-0.0366,0,-0.6246,0.1131,0.7727,0,54.5783,-1.9463,-2.8009,1]},
{"frame":15,"values":[0.773,-0.0805,0.6293,0,0.1323,0.9906,-0.0357,0,-0.6205,0.1109,0.7763,0,54.5783,-1.9463,-2.8009,1]},
{"frame":16,"values":[0.7766,-0.0804,0.6249,0,0.1306,0.9908,-0.0348,0,-0.6163,0.1086,0.78,0,54.5783,-1.9463,-2.8009,1]},
{"frame":17,"values":[0.7802,-0.0802,0.6204,0,0.1288,0.9911,-0.0339,0,-0.6122,0.1064,0.7835,0,54.5783,-1.9463,-2.8009,1]},
{"frame":18,"values":[0.7837,-0.08,0.6159,0,0.1271,0.9913,-0.033,0,-0.608,0.1041,0.7871,0,54.5783,-1.9463,-2.8009,1]},
{"frame":19,"values":[0.7872,-0.0798,0.6114,0,0.1254,0.9916,-0.032,0,-0.6037,0.1019,0.7906,0,54.5783,-1.9463,-2.8009,1]},
{"frame":20,"values":[0.7908,-0.0796,0.6069,0,0.1237,0.9918,-0.0311,0,-0.5995,0.0997,0.7941,0,54.5783,-1.9463,-2.8009,1]},
{"frame":21,"values":[0.7942,-0.0794,0.6024,0,0.1221,0.9921,-0.0301,0,-0.5952,0.0974,0.7976,0,54.5783,-1.9463,-2.8009,1]},
{"frame":22,"values":[0.7977,-0.0792,0.5979,0,0.1204,0.9923,-0.0291,0,-0.5909,0.0952,0.8011,0,54.5783,-1.9463,-2.8009,1]},
{"frame":23,"values":[0.8011,-0.079,0.5933,0,0.1187,0.9925,-0.0281,0,-0.5866,0.093,0.8045,0,54.5783,-1.9463,-2.8009,1]},
{"frame":24,"values":[0.8045,-0.0787,0.5887,0,0.117,0.9928,-0.0272,0,-0.5823,0.0907,0.8079,0,54.5783,-1.9463,-2.8009,1]},
{"frame":25,"values":[0.8079,-0.0785,0.5841,0,0.1153,0.993,-0.0262,0,-0.5779,0.0885,0.8113,0,54.5783,-1.9462,-2.8009,1]},
{"frame":26,"values":[0.8049,-0.0691,0.5893,0,0.1168,0.9922,-0.0432,0,-0.5818,0.1036,0.8067,0,54.5783,-1.9463,-2.8009,1]}],"loopBehavior":1,"name":"anim","property":"_matrix"}},
{"name":"mixamorig:LeftHand","index":12,"matrix":[0.9703,-0.1313,0.2032,0,0.0696,0.9559,0.2852,0,-0.2317,-0.2626,0.9367,0,54.9948,-1.4671,3.0376,1],"rest":[0.9961,0.088,0.001,0,-0.0871,0.9842,0.154,0,0.0125,-0.1535,0.9881,0,54.9948,-1.4671,3.0376,1],"parentBoneIndex":11,"length":20.3347
,"animation":{"dataType":3,"framePerSecond":24,"keys":[
{"frame":1,"values":[0.9703,-0.1313,0.2032,0,0.0696,0.9559,0.2852,0,-0.2317,-0.2626,0.9367,0,54.9948,-1.4671,3.0376,1]},
{"frame":2,"values":[0.9702,-0.1281,0.2055,0,0.0657,0.956,0.286,0,-0.2331,-0.264,0.9359,0,54.9948,-1.4671,3.0376,1]},
{"frame":3,"values":[0.9712,-0.1097,0.2113,0,0.0478,0.9594,0.2781,0,-0.2332,-0.26,0.937,0,54.9948,-1.4671,3.0376,1]},
{"frame":4,"values":[0.9739,-0.0761,0.214,0,0.0173,0.9643,0.2643,0,-0.2265,-0.2536,0.9404,0,54.9948,-1.4671,3.0376,1]},
{"frame":5,"values":[0.9767,-0.0347,0.2118,0,-0.0205,0.9672,0.253,0,-0.2136,-0.2515,0.944,0,54.9948,-1.4671,3.0376,1]},
{"frame":6,"values":[0.9772,0.0114,0.2121,0,-0.0643,0.9677,0.2439,0,-0.2025,-0.2519,0.9463,0,54.9948,-1.4671,3.0376,1]},
{"frame":7,"values":[0.9756,0.0576,0.2121,0,-0.1081,0.966,0.2347,0,-0.1913,-0.2519,0.9487,0,54.9948,-1.4671,3.0376,1]},
{"frame":8,"values":[0.9718,0.1037,0.2116,0,-0.1518,0.9623,0.2255,0,-0.1802,-0.2513,0.951,0,54.9948,-1.4671,3.0376,1]},
{"frame":9,"values":[0.966,0.1497,0.2106,0,-0.1954,0.9566,0.2164,0,-0.1691,-0.2502,0.9533,0,54.9948,-1.4671,3.0376,1]},
{"frame":10,"values":[0.9582,0.1953,0.2092,0,-0.2386,0.9487,0.2073,0,-0.158,-0.2486,0.9556,0,54.9948,-1.4671,3.0376,1]},
{"frame":11,"values":[0.9483,0.2404,0.2074,0,-0.2813,0.9389,0.1983,0,-0.1471,-0.2464,0.9579,0,54.9948,-1.4671,3.0376,1]},
{"frame":12,"values":[0.9364,0.2848,0.2052,0,-0.3235,0.9271,0.1894,0,-0.1363,-0.2437,0.9602,0,54.9948,-1.4671,3.0376,1]},
{"frame":13,"values":[0.9447,0.2545,0.2068,0,-0.295,0.9349,0.1973,0,-0.1431,-0.2474,0.9583,0,54.9948,-1.4671,3.0376,1]},
{"frame":14,"values":[0.9521,0.2239,0.2082,0,-0.2663,0.9418,0.2052,0,-0.1501,-0.2508,0.9563,0,54.9948,-1.4671,3.0376,1]},
{"frame":15,"values":[0.9586,0.1929,0.2093,0,-0.2373,0.9478,0.2132,0,-0.1572,-0.254,0.9543,0,54.9948,-1.4671,3.0376,1]},
{"frame":16,"values":[0.9642,0.1617,0.2101,0,-0.208,0.9528,0.2212,0,-0.1644,-0.257,0.9523,0,54.9948,-1.4671,3.0376,1]},
{"frame":17,"values":[0.9688,0.1303,0.2107,0,-0.1786,0.9568,0.2293,0,-0.1717,-0.2597,0.9503,0,54.9948,-1.4671,3.0376,1]},
{"frame":18,"values":[0.9725,0.0988,0.211,0,-0.149,0.9599,0.2373,0,-0.1791,-0.2622,0.9482,0,54.9948,-1.4671,3.0376,1]},
{"frame":19,"values":[0.9752,0.0671,0.2111,0,-0.1194,0.962,0.2454,0,-0.1866,-0.2645,0.9462,0,54.9948,-1.4671,3.0376,1]},
{"frame":20,"values":[0.9769,0.0354,0.2109,0,-0.0897,0.9632,0.2534,0,-0.1942,-0.2665,0.9441,0,54.9948,-1.4671,3.0376,1]},
{"frame":21,"values":[0.9776,0.0037,0.2104,0,-0.0599,0.9633,0.2615,0,-0.2017,-0.2682,0.942,0,54.9948,-1.4671,3.0376,1]},
{"frame":22,"values":[0.9774,-0.028,0.2097,0,-0.0303,0.9625,0.2695,0,-0.2094,-0.2697,0.9399,0,54.9948,-1.4671,3.0376,1]},
{"frame":23,"values":[0.9762,-0.0596,0.2087,0,-0.0007,0.9607,0.2775,0,-0.2171,-0.271,0.9378,0,54.9948,-1.4671,3.0376,1]},
{"frame":24,"values":[0.974,-0.091,0.2075,0,0.0288,0.958,0.2854,0,-0.2247,-0.272,0.9357,0,54.9948,-1.4671,3.0376,1]},
{"frame":25,"values":[0.9709,-0.1223,0.206,0,0.058,0.9543,0.2932,0,-0.2324,-0.2727,0.9336,0,54.9948,-1.4671,3.0376,1]},
{"frame":26,"values":[0.9703,-0.1313,0.2032,0,0.0696,0.9559,0.2852,0,-0.2317,-0.2626,0.9367,0,54.9948,-1.4671,3.0376,1]}],"loopBehavior":1,"name":"anim","property":"_matrix"}},
{"name":"mixamorig:LeftHandMiddle1","index":13,"matrix":[0.959,-0.2821,0.0267,0,0.2822,0.9594,-0.001,0,-0.0254,0.0085,0.9996,0,23.1821,-2.445,1.6605,1],"rest":[0.9974,-0.0561,0.045,0,0.0561,0.9984,0.0005,0,-0.045,0.002,0.999,0,23.1821,-2.445,1.6605,1],"parentBoneIndex":12,"length":6.3787
,"animation":{"dataType":3,"framePerSecond":24,"keys":[
{"frame":1,"values":[0.959,-0.2821,0.0267,0,0.2822,0.9594,-0.001,0,-0.0254,0.0085,0.9996,0,23.1821,-2.445,1.6605,1]},
{"frame":2,"values":[0.957,-0.2888,0.0284,0,0.2889,0.9574,-0.0007,0,-0.027,0.0089,0.9996,0,23.1821,-2.445,1.6605,1]},
{"frame":3,"values":[0.9514,-0.3062,0.0328,0,0.3063,0.9519,0.0002,0,-0.0313,0.0099,0.9995,0,23.1821,-2.445,1.6605,1]},
{"frame":4,"values":[0.9424,-0.3323,0.0395,0,0.3325,0.9431,0.0017,0,-0.0378,0.0115,0.9992,0,23.1821,-2.445,1.6605,1]},
{"frame":5,"values":[0.9302,-0.3639,0.0475,0,0.3641,0.9314,0.0038,0,-0.0456,0.0137,0.9989,0,23.1821,-2.445,1.6605,1]},
{"frame":6,"values":[0.9197,-0.389,0.0539,0,0.3892,0.9211,0.0057,0,-0.0519,0.0157,0.9985,0,23.1821,-2.445,1.6605,1]},
{"frame":7,"values":[0.9084,-0.4138,0.0603,0,0.4141,0.9102,0.0078,0,-0.0581,0.0179,0.9981,0,23.1821,-2.445,1.6605,1]},
{"frame":8,"values":[0.8963,-0.4383,0.0666,0,0.4387,0.8986,0.01,0,-0.0643,0.0202,0.9977,0,23.1821,-2.445,1.6605,1]},
{"frame":9,"values":[0.8836,-0.4625,0.0729,0,0.4629,0.8863,0.0125,0,-0.0704,0.0227,0.9973,0,23.1821,-2.445,1.6605,1]},
{"frame":10,"values":[0.8702,-0.4863,0.0791,0,0.4868,0.8734,0.015,0,-0.0764,0.0254,0.9968,0,23.1821,-2.445,1.6605,1]},
{"frame":11,"values":[0.8561,-0.5098,0.0852,0,0.5102,0.8598,0.0178,0,-0.0823,0.0282,0.9962,0,23.1821,-2.445,1.6605,1]},
{"frame":12,"values":[0.8413,-0.5328,0.0912,0,0.5333,0.8457,0.0207,0,-0.0881,0.0312,0.9956,0,23.1821,-2.445,1.6605,1]},
{"frame":13,"values":[0.8528,-0.5151,0.0865,0,0.5156,0.8566,0.0184,0,-0.0836,0.0289,0.9961,0,23.1821,-2.445,1.6605,1]},
{"frame":14,"values":[0.8638,-0.4971,0.0819,0,0.4976,0.8673,0.0163,0,-0.0791,0.0267,0.9965,0,23.1821,-2.445,1.6605,1]},
{"frame":15,"values":[0.8745,-0.4789,0.0771,0,0.4794,0.8775,0.0142,0,-0.0745,0.0245,0.9969,0,23.1821,-2.445,1.6605,1]},
{"frame":16,"values":[0.8847,-0.4605,0.0724,0,0.4609,0.8874,0.0122,0,-0.0698,0.0225,0.9973,0,23.1821,-2.445,1.6605,1]},
{"frame":17,"values":[0.8945,-0.4418,0.0675,0,0.4422,0.8969,0.0104,0,-0.0652,0.0206,0.9977,0,23.1821,-2.445,1.6605,1]},
