{"producer":{"name":"Blender","version":"2.79 (sub 0)","exporter_version":"5.6.4","file":"casualrun.babylon"},
"autoClear":true,"clearColor":[0.0509,0.0509,0.0509],"ambientColor":[0,0,0],"gravity":[0,-9.81,0],
"materials":[{"name":"casualrun.Material","id":"casualrun.Material","ambient":[0,0,0],"diffuse":[0,0,0],"specular":[0,0,0],"emissive":[0,0,0],"specularPower":50,"alpha":0.001,"backFaceCulling":true,"checkReadyOnlyOnce":false,"maxSimultaneousLights":4}],
"multiMaterials":[],
"skeletons":[{"name":"Armature","id":0,"dimensionsAtRest":[379.1952,391.6652,55.677],"bones":[
{"name":"mixamorig:Hips","index":0,"matrix":[0.996,-0.0896,-0.002,0,0.0875,0.9766,-0.1966,0,-0.0196,-0.1956,-0.9805,0,0.6225,177.9906,-0.5927,1],"rest":[1,0,0,0,0,1,0,0,0,0,-1,0,0,201.6394,0,1],"parentBoneIndex":-1,"length":21.6784
,"animation":{"dataType":3,"framePerSecond":24,"keys":[
{"frame":1,"values":[0.996,-0.0896,-0.002,0,0.0875,0.9766,-0.1966,0,-0.0196,-0.1956,-0.9805,0,0.6225,177.9906,-0.5927,1]},
{"frame":2,"values":[0.9996,-0.0056,-0.0284,0,0.0008,0.9859,-0.1671,0,-0.0289,-0.167,-0.9855,0,0.1748,180.1997,-1.0333,1]},
{"frame":3,"values":[0.9919,0.1202,-0.0424,0,-0.1258,0.9766,-0.1745,0,-0.0204,-0.1784,-0.9838,0,-0.2728,185.5416,-1.7889,1]},
{"frame":4,"values":[0.9786,0.2051,-0.0128,0,-0.204,0.9616,-0.1837,0,0.0254,-0.1824,-0.9829,0,-0.7205,190.3143,-1.893,1]},
{"frame":5,"values":[0.9882,0.1526,0.0134,0,-0.1471,0.9696,-0.1953,0,0.0428,-0.1911,-0.9806,0,-0.6333,192.6899,-1.5045,1]},
{"frame":6,"values":[0.9955,0.0911,0.0264,0,-0.0861,0.9849,-0.1503,0,0.0397,-0.1473,-0.9883,0,-0.4853,192.0008,-0.0461,1]},
{"frame":7,"values":[0.9961,0.0427,0.0767,0,-0.032,0.9902,-0.1356,0,0.0817,-0.1327,-0.9878,0,-0.3373,187.9603,0.4786,1]},
{"frame":8,"values":[0.9953,0.0386,0.0894,0,-0.0238,0.9866,-0.1612,0,0.0944,-0.1583,-0.9829,0,-0.1893,182.7965,0.0927,1]},
{"frame":9,"values":[0.9966,0.0498,0.066,0,-0.0367,0.9818,-0.1862,0,0.0741,-0.1831,-0.9803,0,-1.9656,177.6327,-0.3757,1]},
{"frame":10,"values":[0.9971,-0.0016,0.0759,0,0.0149,0.9845,-0.1745,0,0.0745,-0.1751,-0.9817,0,-3.5097,180.7965,-0.8441,1]},
{"frame":11,"values":[0.9949,-0.0529,0.0858,0,0.0664,0.9844,-0.1627,0,0.0758,-0.1676,-0.9829,0,-2.8546,183.9603,-1.3125,1]},
{"frame":12,"values":[0.9926,-0.1043,0.0615,0,0.1126,0.982,-0.1514,0,0.0446,-0.1572,-0.9866,0,-2.1996,187.1241,-1.7808,1]},
{"frame":13,"values":[0.999,-0.0239,0.0373,0,0.0288,0.9897,-0.1399,0,0.0335,-0.1408,-0.9895,0,-1.5446,190.2879,-1.14,1]},
{"frame":14,"values":[0.9983,0.0569,0.013,0,-0.0548,0.9902,-0.1283,0,0.0201,-0.1273,-0.9917,0,-2.5975,193.4517,-0.4991,1]},
{"frame":15,"values":[0.9999,0.009,-0.0113,0,-0.0102,0.9931,-0.1165,0,-0.0102,-0.1166,-0.9931,0,-1.7166,189.3222,0.1417,1]},
{"frame":16,"values":[0.9986,-0.039,-0.0356,0,0.0337,0.9901,-0.1366,0,-0.0406,-0.1352,-0.99,0,-0.8357,185.1927,0.7826,1]},
{"frame":17,"values":[0.9962,-0.0868,-0.011,0,0.0841,0.9841,-0.1567,0,-0.0244,-0.1552,-0.9876,0,0.0452,181.0632,0.3091,1]},
{"frame":18,"values":[0.996,-0.0896,-0.002,0,0.0875,0.9766,-0.1966,0,-0.0196,-0.1956,-0.9805,0,0.6225,177.9906,-0.5927,1]}],"loopBehavior":1,"name":"anim","property":"_matrix"}},
{"name":"mixamorig:Spine","index":1,"matrix":[0.9919,0.1272,-0.0047,0,-0.1244,0.9765,0.1757,0,0.027,-0.1737,0.9844,0,0.0062,19.525,-2.4818,1],"rest":[1,0,0,0,0,1,0,0,0,0,1,0,0.0062,19.525,-2.4818,1],"parentBoneIndex":0,"length":23.0091
,"animation":{"dataType":3,"framePerSecond":24,"keys":[
{"frame":1,"values":[0.9919,0.1272,-0.0047,0,-0.1244,0.9765,0.1757,0,0.027,-0.1737,0.9844,0,0.0062,19.525,-2.4818,1]},
{"frame":2,"values":[0.9919,0.0386,-0.1207,0,-0.0158,0.9827,0.1844,0,0.1257,-0.181,0.9754,0,0.0062,19.525,-2.4818,1]},
{"frame":3,"values":[0.9736,-0.1102,-0.2,0,0.1411,0.979,0.1472,0,0.1796,-0.1715,0.9687,0,0.0062,19.525,-2.4818,1]},
{"frame":4,"values":[0.9447,-0.2064,-0.2547,0,0.241,0.9639,0.113,0,0.2222,-0.1681,0.9604,0,0.0062,19.525,-2.4818,1]},
{"frame":5,"values":[0.9442,-0.1592,-0.2884,0,0.1897,0.9785,0.081,0,0.2693,-0.1312,0.9541,0,0.0062,19.525,-2.4818,1]},
{"frame":6,"values":[0.9631,-0.0921,-0.2529,0,0.12,0.988,0.097,0,0.241,-0.1238,0.9626,0,0.0062,19.525,-2.4818,1]},
{"frame":7,"values":[0.985,-0.0305,-0.1699,0,0.0505,0.9922,0.1143,0,0.1651,-0.1211,0.9788,0,0.0062,19.525,-2.4818,1]},
{"frame":8,"values":[0.9961,-0.021,-0.0856,0,0.0312,0.9923,0.1195,0,0.0824,-0.1217,0.9891,0,0.0062,19.525,-2.4818,1]},
{"frame":9,"values":[0.9982,-0.06,-0.0007,0,0.0594,0.9871,0.1484,0,-0.0082,-0.1482,0.9889,0,0.0062,19.525,-2.4818,1]},
{"frame":10,"values":[0.9964,-0.0144,0.084,0,0.001,0.9874,0.158,0,-0.0853,-0.1573,0.9839,0,0.0062,19.525,-2.4818,1]},
{"frame":11,"values":[0.9852,0.0302,0.1685,0,-0.058,0.985,0.1625,0,-0.1611,-0.1699,0.9722,0,0.0062,19.525,-2.4818,1]},
{"frame":12,"values":[0.965,0.0735,0.2516,0,-0.1127,0.983,0.1451,0,-0.2367,-0.1684,0.9569,0,0.0062,19.525,-2.4818,1]},
{"frame":13,"values":[0.9428,-0.0161,0.3329,0,-0.028,0.9915,0.1273,0,-0.3321,-0.1293,0.9343,0,0.0062,19.525,-2.4818,1]},
{"frame":14,"values":[0.9058,-0.1002,0.4118,0,0.0483,0.9897,0.1345,0,-0.421,-0.102,0.9013,0,0.0062,19.525,-2.4818,1]},
{"frame":15,"values":[0.9457,-0.0343,0.3231,0,-0.0148,0.9888,0.1484,0,-0.3246,-0.1451,0.9347,0,0.0062,19.525,-2.4818,1]},
{"frame":16,"values":[0.972,0.0354,0.2323,0,-0.076,0.9828,0.1681,0,-0.2224,-0.181,0.958,0,0.0062,19.525,-2.4818,1]},
{"frame":17,"values":[0.9843,0.1084,0.1391,0,-0.1317,0.9765,0.1706,0,-0.1173,-0.1863,0.9755,0,0.0062,19.525,-2.4818,1]},
{"frame":18,"values":[0.9919,0.1272,-0.0047,0,-0.1244,0.9765,0.1757,0,0.027,-0.1737,0.9844,0,0.0062,19.525,-2.4818,1]}],"loopBehavior":1,"name":"anim","property":"_matrix"}},
{"name":"mixamorig:Spine1","index":2,"matrix":[1,0.0088,0.0011,0,-0.0089,0.9993,0.0354,0,-0.0008,-0.0354,0.9994,0,-0.0009,22.835,-2.8254,1],"rest":[1,0,0,0,0,1,0,0,0,0,1,0,-0.0009,22.835,-2.8254,1],"parentBoneIndex":1,"length":26.7438
,"animation":{"dataType":3,"framePerSecond":24,"keys":[
{"frame":1,"values":[1,0.0088,0.0011,0,-0.0089,0.9993,0.0354,0,-0.0008,-0.0354,0.9994,0,-0.0009,22.835,-2.8254,1]},
{"frame":2,"values":[0.9985,0.0084,-0.0539,0,-0.0067,0.9995,0.0305,0,0.0542,-0.0301,0.9981,0,-0.0009,22.835,-2.8254,1]},
{"frame":3,"values":[0.9966,0.0079,-0.0818,0,-0.0058,0.9997,0.0256,0,0.082,-0.025,0.9963,0,-0.0009,22.835,-2.8254,1]},
{"frame":4,"values":[0.9955,0.0074,-0.0947,0,-0.0055,0.9998,0.0207,0,0.0948,-0.0201,0.9953,0,-0.0009,22.835,-2.8254,1]},
{"frame":5,"values":[0.9945,0.0069,-0.1042,0,-0.0053,0.9999,0.0158,0,0.1043,-0.0152,0.9944,0,-0.0009,22.835,-2.8254,1]},
{"frame":6,"values":[0.9957,0.0065,-0.0924,0,-0.0055,0.9999,0.011,0,0.0925,-0.0104,0.9957,0,-0.0009,22.835,-2.8254,1]},
{"frame":7,"values":[0.9981,0.006,-0.0612,0,-0.0057,1,0.0061,0,0.0612,-0.0058,0.9981,0,-0.0009,22.835,-2.8254,1]},
{"frame":8,"values":[0.9995,0.0056,-0.0299,0,-0.0054,1,0.0062,0,0.0299,-0.006,0.9995,0,-0.0009,22.835,-2.8254,1]},
{"frame":9,"values":[1,0.0051,0.0015,0,-0.0051,1,0.0063,0,-0.0015,-0.0063,1,0,-0.0009,22.835,-2.8254,1]},
{"frame":10,"values":[0.9994,0.0046,0.0329,0,-0.0049,1,0.0064,0,-0.0328,-0.0066,0.9994,0,-0.0009,22.835,-2.8254,1]},
{"frame":11,"values":[0.9979,0.0042,0.0642,0,-0.0046,1,0.0066,0,-0.0642,-0.0068,0.9979,0,-0.0009,22.835,-2.8254,1]},
{"frame":12,"values":[0.9954,0.0037,0.0954,0,-0.0043,1,0.0067,0,-0.0954,-0.0071,0.9954,0,-0.0009,22.835,-2.8254,1]},
{"frame":13,"values":[0.9919,0.0045,0.1266,0,-0.0054,1,0.0068,0,-0.1265,-0.0074,0.9919,0,-0.0009,22.835,-2.8254,1]},
{"frame":14,"values":[0.9875,0.0053,0.1576,0,-0.0074,0.9999,0.0124,0,-0.1575,-0.0134,0.9874,0,-0.0009,22.835,-2.8254,1]},
{"frame":15,"values":[0.9917,0.0061,0.1284,0,-0.0084,0.9998,0.0181,0,-0.1283,-0.019,0.9916,0,-0.0009,22.835,-2.8254,1]},
{"frame":16,"values":[0.9951,0.0069,0.0991,0,-0.0093,0.9997,0.0238,0,-0.0989,-0.0247,0.9948,0,-0.0009,22.835,-2.8254,1]},
{"frame":17,"values":[0.9975,0.008,0.0696,0,-0.01,0.9995,0.0296,0,-0.0694,-0.0302,0.9971,0,-0.0009,22.835,-2.8254,1]},
{"frame":18,"values":[1,0.0088,0.0011,0,-0.0089,0.9993,0.0354,0,-0.0008,-0.0354,0.9994,0,-0.0009,22.835,-2.8254,1]}],"loopBehavior":1,"name":"anim","property":"_matrix"}},
{"name":"mixamorig:Spine2","index":3,"matrix":[1,0.0032,0.0012,0,-0.0033,0.9962,0.0869,0,-0.0009,-0.0869,0.9962,0,-0.0206,26.5525,-3.1933,1],"rest":[1,0,0,0,0,1,0,0,0,0,1,0,-0.0206,26.5525,-3.1933,1],"parentBoneIndex":2,"length":24.825
,"animation":{"dataType":3,"framePerSecond":24,"keys":[
{"frame":1,"values":[1,0.0032,0.0012,0,-0.0033,0.9962,0.0869,0,-0.0009,-0.0869,0.9962,0,-0.0206,26.5525,-3.1933,1]},
{"frame":2,"values":[0.9985,0.0024,-0.0548,0,0.0021,0.9966,0.0818,0,0.0548,-0.0818,0.9951,0,-0.0206,26.5525,-3.1933,1]},
{"frame":3,"values":[0.9965,0.0016,-0.0833,0,0.0048,0.9971,0.0766,0,0.0831,-0.0767,0.9936,0,-0.0206,26.5525,-3.1933,1]},
{"frame":4,"values":[0.9954,0.0008,-0.0962,0,0.0061,0.9974,0.0715,0,0.096,-0.0717,0.9928,0,-0.0206,26.5525,-3.1933,1]},
{"frame":5,"values":[0.9945,0,-0.1051,0,0.007,0.9978,0.0664,0,0.1049,-0.0667,0.9922,0,-0.0206,26.5525,-3.1933,1]},
{"frame":6,"values":[0.9956,-0.0008,-0.0933,0,0.0065,0.9981,0.0614,0,0.0931,-0.0618,0.9937,0,-0.0206,26.5525,-3.1933,1]},
{"frame":7,"values":[0.9981,-0.0016,-0.0621,0,0.0051,0.9984,0.0565,0,0.0619,-0.0567,0.9965,0,-0.0206,26.5525,-3.1933,1]},
{"frame":8,"values":[0.9995,-0.0024,-0.0308,0,0.0041,0.9984,0.0564,0,0.0306,-0.0565,0.9979,0,-0.0206,26.5525,-3.1933,1]},
{"frame":9,"values":[1,-0.0032,0.0006,0,0.0031,0.9984,0.0563,0,-0.0008,-0.0563,0.9984,0,-0.0206,26.5525,-3.1933,1]},
{"frame":10,"values":[0.9995,-0.004,0.0319,0,0.0022,0.9984,0.0561,0,-0.0321,-0.056,0.9979,0,-0.0206,26.5525,-3.1933,1]},
{"frame":11,"values":[0.998,-0.0047,0.0633,0,0.0012,0.9984,0.0559,0,-0.0634,-0.0557,0.9964,0,-0.0206,26.5525,-3.1933,1]},
{"frame":12,"values":[0.9955,-0.0055,0.0945,0,0.0002,0.9985,0.0557,0,-0.0947,-0.0554,0.994,0,-0.0206,26.5525,-3.1933,1]},
{"frame":13,"values":[0.9921,-0.0041,0.1257,0,-0.0029,0.9985,0.0553,0,-0.1257,-0.0552,0.9905,0,-0.0206,26.5525,-3.1933,1]},
{"frame":14,"values":[0.9876,-0.0026,0.1567,0,-0.0071,0.9981,0.0612,0,-0.1566,-0.0616,0.9857,0,-0.0206,26.5525,-3.1933,1]},
{"frame":15,"values":[0.9918,-0.0014,0.1278,0,-0.0074,0.9977,0.0677,0,-0.1276,-0.068,0.9895,0,-0.0206,26.5525,-3.1933,1]},
{"frame":16,"values":[0.9951,0.0001,0.0988,0,-0.0074,0.9972,0.0741,0,-0.0985,-0.0745,0.9923,0,-0.0206,26.5525,-3.1933,1]},
{"frame":17,"values":[0.9976,0.0017,0.0697,0,-0.0073,0.9967,0.0805,0,-0.0694,-0.0808,0.9943,0,-0.0206,26.5525,-3.1933,1]},
{"frame":18,"values":[1,0.0032,0.0012,0,-0.0033,0.9962,0.0869,0,-0.0009,-0.0869,0.9962,0,-0.0206,26.5525,-3.1933,1]}],"loopBehavior":1,"name":"anim","property":"_matrix"}},
{"name":"mixamorig:Neck","index":4,"matrix":[1,-0.0044,0.0063,0,0.0049,0.9977,-0.067,0,-0.006,0.067,0.9977,0,-0.06,30.7018,1.3522,1],"rest":[1,0,0,0,0,1,0,0,0,0,1,0,-0.06,30.7018,1.3522,1],"parentBoneIndex":3,"length":22.8446
,"animation":{"dataType":3,"framePerSecond":24,"keys":[
{"frame":1,"values":[1,-0.0044,0.0063,0,0.0049,0.9977,-0.067,0,-0.006,0.067,0.9977,0,-0.06,30.7018,1.3522,1]},
{"frame":2,"values":[0.9996,-0.008,0.028,0,0.0095,0.9984,-0.0565,0,-0.0275,0.0567,0.998,0,-0.06,30.7018,1.3522,1]},
{"frame":3,"values":[0.9987,-0.0138,0.0497,0,0.0161,0.9988,-0.0462,0,-0.049,0.047,0.9977,0,-0.06,30.7018,1.3522,1]},
{"frame":4,"values":[0.998,0.0009,0.0635,0,0.0016,0.9993,-0.0383,0,-0.0635,0.0383,0.9972,0,-0.06,30.7018,1.3522,1]},
{"frame":5,"values":[0.9975,-0.0246,0.0657,0,0.026,0.9995,-0.0195,0,-0.0652,0.0212,0.9976,0,-0.06,30.7018,1.3522,1]},
{"frame":6,"values":[0.9981,-0.0155,0.0593,0,0.0168,0.9996,-0.0219,0,-0.0589,0.0229,0.998,0,-0.06,30.7018,1.3522,1]},
{"frame":7,"values":[0.9992,-0.012,0.0385,0,0.013,0.9996,-0.0242,0,-0.0382,0.0247,0.999,0,-0.06,30.7018,1.3522,1]},
{"frame":8,"values":[0.9997,-0.0172,0.0177,0,0.0178,0.9991,-0.0393,0,-0.017,0.0396,0.9991,0,-0.06,30.7018,1.3522,1]},
{"frame":9,"values":[0.9997,0.0233,-0.0031,0,-0.0235,0.9977,-0.0637,0,0.0016,0.0638,0.998,0,-0.06,30.7018,1.3522,1]},
{"frame":10,"values":[0.9997,0.0095,-0.0239,0,-0.0108,0.9986,-0.0521,0,0.0233,0.0523,0.9984,0,-0.06,30.7018,1.3522,1]},
{"frame":11,"values":[0.9984,0.0351,-0.0447,0,-0.037,0.9985,-0.0404,0,0.0432,0.042,0.9982,0,-0.06,30.7018,1.3522,1]},
{"frame":12,"values":[0.9978,0.0106,-0.0654,0,-0.0137,0.9988,-0.0472,0,0.0648,0.048,0.9967,0,-0.06,30.7018,1.3522,1]},
{"frame":13,"values":[0.9963,0.0043,-0.0862,0,-0.007,0.9995,-0.0319,0,0.086,0.0324,0.9958,0,-0.06,30.7018,1.3522,1]},
{"frame":14,"values":[0.9969,0.0268,-0.074,0,-0.0281,0.9995,-0.0167,0,0.0736,0.0187,0.9971,0,-0.06,30.7018,1.3522,1]},
{"frame":15,"values":[0.9969,0.0493,-0.0619,0,-0.0514,0.9981,-0.0331,0,0.0602,0.0362,0.9975,0,-0.06,30.7018,1.3522,1]},
{"frame":16,"values":[0.9985,0.0205,-0.05,0,-0.023,0.9985,-0.0497,0,0.0489,0.0508,0.9975,0,-0.06,30.7019,1.3522,1]},
{"frame":17,"values":[0.9993,-0.008,-0.0376,0,0.0055,0.9978,-0.066,0,0.0381,0.0658,0.9971,0,-0.06,30.7018,1.3522,1]},
{"frame":18,"values":[1,-0.0044,0.0063,0,0.0049,0.9977,-0.067,0,-0.006,0.067,0.9977,0,-0.06,30.7018,1.3522,1]}],"loopBehavior":1,"name":"anim","property":"_matrix"}},
{"name":"mixamorig:Head","index":5,"matrix":[0.9984,-0.0565,0.0017,0,0.0548,0.9589,-0.2782,0,0.0141,0.2779,0.9605,0,-0.0872,22.5476,3.6709,1],"rest":[1,0,0,0,0,1,0,0,0,0,1,0,-0.0872,22.5476,3.6709,1],"parentBoneIndex":4,"length":30.5924
,"animation":{"dataType":3,"framePerSecond":24,"keys":[
{"frame":1,"values":[0.9984,-0.0565,0.0017,0,0.0548,0.9589,-0.2782,0,0.0141,0.2779,0.9605,0,-0.0872,22.5476,3.6709,1]},
{"frame":2,"values":[0.986,-0.024,0.1647,0,0.0632,0.9693,-0.2375,0,-0.154,0.2446,0.9573,0,-0.0872,22.5476,3.6709,1]},
{"frame":3,"values":[0.9614,0.0414,0.272,0,0.0045,0.9861,-0.1659,0,-0.2751,0.1607,0.9479,0,-0.0872,22.5476,3.6709,1]},
{"frame":4,"values":[0.9264,0.0718,0.3696,0,-0.0303,0.9927,-0.117,0,-0.3753,0.0972,0.9218,0,-0.0872,22.5476,3.6709,1]},
{"frame":5,"values":[0.8976,0.0868,0.4323,0,-0.0635,0.9957,-0.0679,0,-0.4363,0.0335,0.8992,0,-0.0872,22.5476,3.6709,1]},
{"frame":6,"values":[0.9199,0.0712,0.3856,0,-0.0628,0.9974,-0.0345,0,-0.3871,0.0076,0.922,0,-0.0872,22.5477,3.6709,1]},
{"frame":7,"values":[0.9604,0.056,0.2731,0,-0.0457,0.998,-0.0437,0,-0.275,0.0295,0.961,0,-0.0872,22.5476,3.6709,1]},
{"frame":8,"values":[0.9861,0.0553,0.1567,0,-0.0396,0.994,-0.1017,0,-0.1614,0.0941,0.9824,0,-0.0872,22.5476,3.6709,1]},
{"frame":9,"values":[0.999,0.0258,0.0371,0,-0.0196,0.9872,-0.1582,0,-0.0407,0.1573,0.9867,0,-0.0872,22.5476,3.6709,1]},
{"frame":10,"values":[0.9966,-0.0111,-0.0811,0,-0.0067,0.9764,-0.2161,0,0.0816,0.2159,0.973,0,-0.0872,22.5476,3.6709,1]},
{"frame":11,"values":[0.979,-0.0451,-0.1987,0,0.0079,0.9828,-0.1844,0,0.2036,0.1789,0.9626,0,-0.0872,22.5476,3.6709,1]},
{"frame":12,"values":[0.9464,-0.0744,-0.3143,0,0.0263,0.9877,-0.1544,0,0.3219,0.1379,0.9367,0,-0.0872,22.5476,3.6709,1]},
{"frame":13,"values":[0.9024,-0.0704,-0.4251,0,0.0197,0.9923,-0.1226,0,0.4304,0.1022,0.8968,0,-0.0872,22.5476,3.6709,1]},
{"frame":14,"values":[0.8445,-0.0789,-0.5298,0,0.0355,0.9952,-0.0916,0,0.5344,0.0586,0.8432,0,-0.0872,22.5476,3.6709,1]},
{"frame":15,"values":[0.8989,-0.0767,-0.4314,0,0.0225,0.9913,-0.1294,0,0.4376,0.1066,0.8928,0,-0.0872,22.5476,3.6709,1]},
{"frame":16,"values":[0.9423,-0.069,-0.3275,0,0.0137,0.9856,-0.1682,0,0.3344,0.1541,0.9298,0,-0.0872,22.5476,3.6709,1]},
{"frame":17,"values":[0.9738,-0.056,-0.2203,0,0.0094,0.9782,-0.2074,0,0.2271,0.1999,0.9531,0,-0.0872,22.5476,3.6709,1]},
{"frame":18,"values":[0.9984,-0.0565,0.0017,0,0.0548,0.9589,-0.2782,0,0.0141,0.2779,0.9605,0,-0.0872,22.5476,3.6709,1]}],"loopBehavior":1,"name":"anim","property":"_matrix"}},
{"name":"mixamorig:HeadTop_End","index":6,"matrix":[1,0,0,0,0,1,0,0,0,0,1,0,-0.8306,40.3552,7.8935,1],"rest":[1,0,0,0,0,1,0,0,0,0,1,0,-0.8306,40.3552,7.8935,1],"parentBoneIndex":5,"length":30.5924
,"animation":{"dataType":3,"framePerSecond":24,"keys":[
{"frame":1,"values":[1,0,0,0,0,1,0,0,0,0,1,0,-0.8306,40.3552,7.8935,1]},
{"frame":7,"values":[1,0,0,0,0,1,0,0,0,0,1,0,-0.8306,40.3553,7.8935,1]},
{"frame":8,"values":[1,0,0,0,0,1,0,0,0,0,1,0,-0.8306,40.3552,7.8935,1]},
{"frame":13,"values":[1,0,0,0,0,1,0,0,0,0,1,0,-0.8306,40.3551,7.8935,1]},
{"frame":14,"values":[1,0,0,0,0,1,0,0,0,0,1,0,-0.8306,40.3552,7.8935,1]},
{"frame":18,"values":[1,0,0,0,0,1,0,0,0,0,1,0,-0.8306,40.3552,7.8935,1]}],"loopBehavior":1,"name":"anim","property":"_matrix"}},
{"name":"mixamorig:RightEye","index":7,"matrix":[1,0,0,0,0,1,0,0,0,0,1,0,-6.3021,18.1186,16.1971,1],"rest":[1,0,0,0,0,1,0,0,0,0,1,0,-6.3021,18.1186,16.1971,1],"parentBoneIndex":5,"length":30.5924
,"animation":{"dataType":3,"framePerSecond":24,"keys":[
{"frame":1,"values":[1,0,0,0,0,1,0,0,0,0,1,0,-6.3021,18.1186,16.1971,1]},
{"frame":13,"values":[1,0,0,0,0,1,0,0,0,0,1,0,-6.3021,18.1185,16.1971,1]},
{"frame":14,"values":[1,0,0,0,0,1,0,0,0,0,1,0,-6.3021,18.1186,16.1971,1]},
{"frame":18,"values":[1,0,0,0,0,1,0,0,0,0,1,0,-6.3021,18.1186,16.1971,1]}],"loopBehavior":1,"name":"anim","property":"_matrix"}},
{"name":"mixamorig:LeftEye","index":8,"matrix":[1,0,0,0,0,1,0,0,0,0,1,0,6.7415,18.3827,16.4019,1],"rest":[1,0,0,0,0,1,0,0,0,0,1,0,6.7415,18.3827,16.4019,1],"parentBoneIndex":5,"length":30.5924
,"animation":{"dataType":3,"framePerSecond":24,"keys":[
{"frame":1,"values":[1,0,0,0,0,1,0,0,0,0,1,0,6.7415,18.3827,16.4019,1]},
{"frame":18,"values":[1,0,0,0,0,1,0,0,0,0,1,0,6.7415,18.3827,16.4019,1]}],"loopBehavior":1,"name":"anim","property":"_matrix"}},
{"name":"mixamorig:LeftShoulder","index":9,"matrix":[0.9774,-0.1988,0.0718,0,0.1979,0.98,0.0193,0,-0.0742,-0.0046,0.9972,0,11.9249,18.2305,1.4254,1],"rest":[1,0.0062,0,0,-0.0062,1,0,0,0,0,1,0,11.9249,18.2305,1.4254,1],"parentBoneIndex":3,"length":25.9773
,"animation":{"dataType":3,"framePerSecond":24,"keys":[
{"frame":1,"values":[0.9774,-0.1988,0.0718,0,0.1975,0.98,0.0244,0,-0.0752,-0.0097,0.9971,0,11.9249,18.2305,1.4254,1]},
{"frame":2,"values":[0.9834,-0.1704,0.0632,0,0.169,0.9853,0.0268,0,-0.0669,-0.0157,0.9976,0,11.9249,18.2305,1.4254,1]},
{"frame":3,"values":[0.9919,-0.127,0.0063,0,0.1268,0.9915,0.0293,0,-0.01,-0.0282,0.9996,0,11.9249,18.2305,1.4254,1]},
{"frame":4,"values":[0.9988,-0.0476,-0.0103,0,0.0479,0.9984,0.0317,0,0.0087,-0.0321,0.9994,0,11.9249,18.2305,1.4254,1]},
{"frame":5,"values":[1,0.005,-0.0075,0,-0.0047,0.9994,0.034,0,0.0076,-0.034,0.9994,0,11.9249,18.2305,1.4254,1]},
{"frame":6,"values":[0.9999,0.0097,-0.0108,0,-0.0093,0.9993,0.0364,0,0.0111,-0.0363,0.9993,0,11.9249,18.2305,1.4254,1]},
{"frame":7,"values":[0.9979,-0.0407,0.05,0,0.0388,0.9985,0.0388,0,-0.0515,-0.0367,0.998,0,11.9249,18.2305,1.4254,1]},
{"frame":8,"values":[0.9804,-0.1629,0.1106,0,0.1592,0.9864,0.0409,0,-0.1158,-0.0225,0.993,0,11.9249,18.2305,1.4254,1]},
{"frame":9,"values":[0.9574,-0.2459,0.1516,0,0.2422,0.9693,0.0431,0,-0.1575,-0.0045,0.9875,0,11.9249,18.2305,1.4254,1]},
{"frame":10,"values":[0.9649,-0.2035,0.1659,0,0.1987,0.979,0.0453,0,-0.1716,-0.0108,0.9851,0,11.9249,18.2305,1.4254,1]},
{"frame":11,"values":[0.9694,-0.1607,0.1853,0,0.1566,0.987,0.0364,0,-0.1888,-0.0063,0.982,0,11.9249,18.2305,1.4254,1]},
{"frame":12,"values":[0.9837,-0.1193,0.1345,0,0.1166,0.9928,0.0279,0,-0.1369,-0.0118,0.9905,0,11.9249,18.2305,1.4254,1]},
{"frame":13,"values":[0.9924,-0.0767,0.0958,0,0.0752,0.997,0.0192,0,-0.097,-0.0119,0.9952,0,11.9249,18.2305,1.4254,1]},
{"frame":14,"values":[0.9923,-0.0929,0.082,0,0.0917,0.9956,0.0193,0,-0.0834,-0.0116,0.9964,0,11.9249,18.2305,1.4254,1]},
{"frame":15,"values":[0.9902,-0.109,0.0876,0,0.1078,0.994,0.0192,0,-0.0892,-0.0096,0.996,0,11.9249,18.2305,1.4254,1]},
{"frame":16,"values":[0.9878,-0.1251,0.0932,0,0.1238,0.9921,0.0192,0,-0.0949,-0.0075,0.9955,0,11.9249,18.2305,1.4254,1]},
{"frame":17,"values":[0.9829,-0.171,0.0682,0,0.1701,0.9852,0.0193,0,-0.0705,-0.0073,0.9975,0,11.9249,18.2305,1.4254,1]},
{"frame":18,"values":[0.9774,-0.1988,0.0718,0,0.1979,0.98,0.0193,0,-0.0742,-0.0046,0.9972,0,11.9249,18.2305,1.4254,1]}],"loopBehavior":1,"name":"anim","property":"_matrix"}},
{"name":"mixamorig:LeftArm","index":10,"matrix":[0.5746,-0.8127,-0.0973,0,0.8105,0.5484,0.2055,0,-0.1136,-0.197,0.9738,0,25.4312,-0.8546,-5.2293,1],"rest":[0.9983,0.0295,0.0512,0,-0.0294,0.9996,-0.0017,0,-0.0512,0.0002,0.9987,0,25.4312,-0.8546,-5.2293,1],"parentBoneIndex":9,"length":54.6848
,"animation":{"dataType":3,"framePerSecond":24,"keys":[
{"frame":1,"values":[0.5746,-0.8127,-0.0973,0,0.8105,0.5484,0.2055,0,-0.1136,-0.197,0.9738,0,25.4312,-0.8546,-5.2293,1]},
{"frame":2,"values":[0.611,-0.7641,-0.2068,0,0.7877,0.5609,0.2549,0,-0.0787,-0.3186,0.9446,0,25.4312,-0.8546,-5.2293,1]},
{"frame":3,"values":[0.66,-0.6825,-0.314,0,0.7461,0.5465,0.3803,0,-0.0879,-0.4853,0.8699,0,25.4312,-0.8546,-5.2293,1]},
{"frame":4,"values":[0.6849,-0.6201,-0.3826,0,0.7195,0.4932,0.4889,0,-0.1144,-0.6101,0.784,0,25.4312,-0.8546,-5.2293,1]},
{"frame":5,"values":[0.6776,-0.5824,-0.4491,0,0.7254,0.4287,0.5386,0,-0.1211,-0.6907,0.7129,0,25.4312,-0.8546,-5.2293,1]},
{"frame":6,"values":[0.6313,-0.5839,-0.5105,0,0.7721,0.4112,0.4845,0,-0.073,-0.7,0.7104,0,25.4312,-0.8546,-5.2293,1]},
{"frame":7,"values":[0.5655,-0.6439,-0.5154,0,0.8242,0.465,0.3233,0,0.0314,-0.6076,0.7936,0,25.4312,-0.8546,-5.2293,1]},
{"frame":8,"values":[0.5922,-0.7268,-0.348,0,0.8017,0.575,0.1634,0,0.0814,-0.3758,0.9231,0,25.4312,-0.8546,-5.2293,1]},
{"frame":9,"values":[0.6129,-0.7866,0.0756,0,0.7902,0.6098,-0.0616,0,0.0024,0.0975,0.9952,0,25.4312,-0.8546,-5.2293,1]},
{"frame":10,"values":[0.5338,-0.8048,0.2593,0,0.8456,0.5081,-0.1639,0,0.0002,0.3068,0.9518,0,25.4312,-0.8546,-5.2293,1]},
{"frame":11,"values":[0.4977,-0.751,0.434,0,0.8645,0.4698,-0.1787,0,-0.0697,0.4641,0.883,0,25.4312,-0.8546,-5.2293,1]},
{"frame":12,"values":[0.5825,-0.7318,0.3538,0,0.801,0.5908,-0.0968,0,-0.1382,0.3398,0.9303,0,25.4312,-0.8546,-5.2293,1]},
{"frame":13,"values":[0.6254,-0.7325,0.2688,0,0.7673,0.64,-0.0408,0,-0.1421,0.2318,0.9623,0,25.4312,-0.8546,-5.2293,1]},
{"frame":14,"values":[0.6671,-0.722,0.1835,0,0.7317,0.6813,0.0205,0,-0.1398,0.1206,0.9828,0,25.4312,-0.8546,-5.2293,1]},
{"frame":15,"values":[0.7068,-0.7003,0.0997,0,0.6951,0.7138,0.086,0,-0.1314,0.0085,0.9913,0,25.4312,-0.8546,-5.2293,1]},
{"frame":16,"values":[0.6151,-0.7883,0.0176,0,0.7816,0.6125,0.1178,0,-0.1036,-0.0587,0.9929,0,25.4312,-0.8547,-5.2293,1]},
{"frame":17,"values":[0.5423,-0.8377,-0.0647,0,0.8291,0.5211,0.2028,0,-0.1361,-0.1636,0.9771,0,25.4312,-0.8547,-5.2293,1]},
{"frame":18,"values":[0.5746,-0.8127,-0.0973,0,0.8105,0.5484,0.2055,0,-0.1136,-0.197,0.9738,0,25.4312,-0.8546,-5.2293,1]}],"loopBehavior":1,"name":"anim","property":"_matrix"}},
{"name":"mixamorig:LeftForeArm","index":11,"matrix":[0.107,0.023,0.994,0,0.0327,0.9991,-0.0266,0,-0.9937,0.0353,0.1062,0,54.5783,-1.9463,-2.8009,1],"rest":[0.9943,-0.0088,-0.1062,0,0.0091,1,0.0028,0,0.1061,-0.0038,0.9943,0,54.5783,-1.9463,-2.8009,1],"parentBoneIndex":10,"length":55.0982
,"animation":{"dataType":3,"framePerSecond":24,"keys":[
{"frame":1,"values":[0.107,0.023,0.994,0,0.0327,0.9991,-0.0266,0,-0.9937,0.0353,0.1062,0,54.5783,-1.9463,-2.8009,1]},
{"frame":2,"values":[0.261,0.0175,0.9652,0,0.0286,0.9993,-0.0258,0,-0.9649,0.0343,0.2603,0,54.5783,-1.9463,-2.8009,1]},
{"frame":3,"values":[0.3093,0.0158,0.9508,0,0.0273,0.9993,-0.0254,0,-0.9506,0.0338,0.3087,0,54.5783,-1.9463,-2.8009,1]},
{"frame":4,"values":[0.3569,0.0141,0.934,0,0.026,0.9993,-0.025,0,-0.9338,0.0332,0.3563,0,54.5783,-1.9463,-2.8009,1]},
{"frame":5,"values":[0.4035,0.0124,0.9149,0,0.0248,0.9994,-0.0245,0,-0.9146,0.0325,0.403,0,54.5783,-1.9463,-2.8009,1]},
{"frame":6,"values":[0.258,0.0176,0.966,0,0.0286,0.9993,-0.0259,0,-0.9657,0.0343,0.2573,0,54.5783,-1.9463,-2.8009,1]},
{"frame":7,"values":[0.1063,0.023,0.9941,0,0.0327,0.9991,-0.0266,0,-0.9938,0.0353,0.1055,0,54.5783,-1.9463,-2.8009,1]},
{"frame":8,"values":[0.0223,0.0189,0.9996,0,0.0349,0.9992,-0.0197,0,-0.9991,0.0353,0.0216,0,54.5783,-1.9463,-2.8009,1]},
{"frame":9,"values":[0.0972,0.0241,0.995,0,0.0329,0.9991,-0.0274,0,-0.9947,0.0354,0.0963,0,54.5783,-1.9463,-2.8009,1]},
{"frame":10,"values":[0.1698,0.0208,0.9853,0,0.031,0.9992,-0.0264,0,-0.985,0.035,0.169,0,54.5783,-1.9463,-2.8009,1]},
{"frame":11,"values":[0.0161,0.0262,0.9995,0,0.0351,0.999,-0.0268,0,-0.9993,0.0355,0.0151,0,54.5783,-1.9463,-2.8009,1]},
{"frame":12,"values":[-0.2092,0.0343,0.9773,0,0.0411,0.9988,-0.0262,0,-0.977,0.0347,-0.2104,0,54.5783,-1.9463,-2.8009,1]},
{"frame":13,"values":[-0.363,0.0397,0.9309,0,0.0452,0.9987,-0.025,0,-0.9307,0.033,-0.3643,0,54.5783,-1.9463,-2.8009,1]},
{"frame":14,"values":[-0.4618,0.0433,0.8859,0,0.0478,0.9986,-0.0238,0,-0.8857,0.0314,-0.4632,0,54.5783,-1.9462,-2.8009,1]},
{"frame":15,"values":[-0.4126,0.0415,0.91,0,0.0465,0.9986,-0.0245,0,-0.9097,0.0323,-0.4139,0,54.5783,-1.9463,-2.8009,1]},
{"frame":16,"values":[-0.3621,0.0397,0.9313,0,0.0452,0.9987,-0.025,0,-0.931,0.033,-0.3634,0,54.5783,-1.9463,-2.8009,1]},
{"frame":17,"values":[-0.1689,0.0328,0.9851,0,0.04,0.9988,-0.0264,0,-0.9848,0.035,-0.17,0,54.5783,-1.9463,-2.8009,1]},
{"frame":18,"values":[0.107,0.023,0.994,0,0.0327,0.9991,-0.0266,0,-0.9937,0.0353,0.1062,0,54.5783,-1.9463,-2.8009,1]}],"loopBehavior":1,"name":"anim","property":"_matrix"}},
{"name":"mixamorig:LeftHand","index":12,"matrix":[0.9546,0.2913,0.0623,0,-0.2979,0.9348,0.1932,0,-0.0019,-0.203,0.9792,0,54.9948,-1.4671,3.0376,1],"rest":[0.9961,0.088,0.001,0,-0.0871,0.9842,0.154,0,0.0125,-0.1535,0.9881,0,54.9948,-1.4671,3.0376,1],"parentBoneIndex":11,"length":20.3347
,"animation":{"dataType":3,"framePerSecond":24,"keys":[
{"frame":1,"values":[0.9546,0.2913,0.0623,0,-0.2979,0.9348,0.1932,0,-0.0019,-0.203,0.9792,0,54.9948,-1.4671,3.0376,1]},
{"frame":2,"values":[0.9647,0.2235,0.1395,0,-0.2363,0.9681,0.0832,0,-0.1164,-0.1133,0.9867,0,54.9948,-1.4671,3.0376,1]},
{"frame":3,"values":[0.9491,0.2768,0.1504,0,-0.2829,0.9589,0.0203,0,-0.1386,-0.0618,0.9884,0,54.9948,-1.4671,3.0376,1]},
{"frame":4,"values":[0.935,0.2992,0.1903,0,-0.3081,0.9512,0.0185,0,-0.1755,-0.0759,0.9816,0,54.9948,-1.4671,3.0376,1]},
{"frame":5,"values":[0.916,0.336,0.2192,0,-0.3504,0.9362,0.029,0,-0.1955,-0.1034,0.9752,0,54.9948,-1.4671,3.0376,1]},
{"frame":6,"values":[0.937,0.3016,0.1762,0,-0.3197,0.9438,0.0842,0,-0.1409,-0.1352,0.9808,0,54.9948,-1.4671,3.0376,1]},
{"frame":7,"values":[0.962,0.2524,0.104,0,-0.267,0.9492,0.1663,0,-0.0567,-0.1877,0.9806,0,54.9948,-1.4671,3.0376,1]},
{"frame":8,"values":[0.9927,0.1116,0.0461,0,-0.1142,0.9917,0.0597,0,-0.0391,-0.0645,0.9971,0,54.9948,-1.4671,3.0376,1]},
{"frame":9,"values":[0.9815,0.1813,0.0614,0,-0.1866,0.9777,0.0961,0,-0.0426,-0.1057,0.9935,0,54.9948,-1.4671,3.0376,1]},
{"frame":10,"values":[0.9775,0.211,0.004,0,-0.2088,0.9646,0.1613,0,0.0302,-0.1585,0.9869,0,54.9948,-1.4671,3.0376,1]},
{"frame":11,"values":[0.9604,0.2778,-0.0216,0,-0.2752,0.9578,0.0834,0,0.0438,-0.0741,0.9963,0,54.9948,-1.4671,3.0376,1]},
{"frame":12,"values":[0.9385,0.3412,-0.0525,0,-0.3414,0.9399,0.0066,0,0.0516,0.0118,0.9986,0,54.9948,-1.4671,3.0376,1]},
{"frame":13,"values":[0.9123,0.4,-0.0882,0,-0.4061,0.9113,-0.0677,0,0.0533,0.0976,0.9938,0,54.9948,-1.4671,3.0376,1]},
{"frame":14,"values":[0.944,0.3258,-0.0511,0,-0.3285,0.9427,-0.0583,0,0.0292,0.0718,0.997,0,54.9948,-1.4671,3.0376,1]},
{"frame":15,"values":[0.9685,0.2484,-0.0148,0,-0.2488,0.9675,-0.0458,0,0.003,0.048,0.9988,0,54.9948,-1.4671,3.0376,1]},
{"frame":16,"values":[0.9855,0.1686,0.0203,0,-0.168,0.9853,-0.0303,0,-0.0251,0.0265,0.9993,0,54.9948,-1.4671,3.0376,1]},
{"frame":17,"values":[0.9448,0.3276,-0.0026,0,-0.3252,0.9387,0.1144,0,0.0399,-0.1072,0.9934,0,54.9948,-1.4671,3.0376,1]},
{"frame":18,"values":[0.9546,0.2913,0.0623,0,-0.2979,0.9348,0.1932,0,-0.0019,-0.203,0.9792,0,54.9948,-1.4671,3.0376,1]}],"loopBehavior":1,"name":"anim","property":"_matrix"}},
{"name":"mixamorig:LeftHandMiddle1","index":13,"matrix":[0.1043,-0.994,0.0341,0,0.9916,0.1065,0.0732,0,-0.0763,0.0261,0.9967,0,23.1821,-2.445,1.6605,1],"rest":[0.9974,-0.0561,0.045,0,0.0561,0.9984,0.0005,0,-0.045,0.002,0.999,0,23.1821,-2.445,1.6605,1],"parentBoneIndex":12,"length":6.3787
,"animation":{"dataType":3,"framePerSecond":24,"keys":[
{"frame":1,"values":[0.1043,-0.994,0.0341,0,0.9915,0.1066,0.0747,0,-0.0779,0.026,0.9966,0,23.1821,-2.445,1.6605,1]},
{"frame":2,"values":[0.0934,-0.9951,0.0315,0,0.9927,0.0955,0.0741,0,-0.0767,0.0243,0.9968,0,23.1821,-2.445,1.6605,1]},
{"frame":3,"values":[0.1064,-0.9938,0.0326,0,0.9914,0.1086,0.0734,0,-0.0765,0.0245,0.9968,0,23.1821,-2.445,1.6605,1]},
{"frame":4,"values":[0.0455,-0.9984,0.0335,0,0.9962,0.0478,0.0728,0,-0.0743,0.0301,0.9968,0,23.1821,-2.445,1.6605,1]},
{"frame":5,"values":[0.0413,-0.999,0.0162,0,0.9965,0.0424,0.0722,0,-0.0728,0.0132,0.9973,0,23.1821,-2.445,1.6605,1]},
{"frame":6,"values":[0.1121,-0.9935,0.0197,0,0.991,0.1132,0.0715,0,-0.0733,0.0116,0.9972,0,23.1821,-2.445,1.6605,1]},
{"frame":7,"values":[0.1642,-0.9862,0.0233,0,0.9837,0.1654,0.0709,0,-0.0737,0.0112,0.9972,0,23.1821,-2.445,1.6605,1]},
{"frame":8,"values":[0.1682,-0.9851,0.0362,0,0.9829,0.1704,0.0702,0,-0.0753,0.0237,0.9969,0,23.1821,-2.445,1.6605,1]},
{"frame":9,"values":[0.1722,-0.9842,0.0413,0,0.9821,0.1748,0.0706,0,-0.0767,0.0284,0.9966,0,23.1821,-2.445,1.6605,1]},
{"frame":10,"values":[0.1762,-0.9832,0.0467,0,0.9812,0.1792,0.071,0,-0.0782,0.0334,0.9964,0,23.1821,-2.445,1.6605,1]},
{"frame":11,"values":[0.1802,-0.9822,0.0521,0,0.9804,0.1837,0.0714,0,-0.0797,0.0383,0.9961,0,23.1821,-2.445,1.6605,1]},
{"frame":12,"values":[0.1843,-0.9817,0.0486,0,0.9796,0.1875,0.0718,0,-0.0796,0.0343,0.9962,0,23.1821,-2.445,1.6605,1]},
{"frame":13,"values":[0.1884,-0.9811,0.045,0,0.9789,0.1913,0.0723,0,-0.0795,0.0304,0.9964,0,23.1821,-2.445,1.6605,1]},
{"frame":14,"values":[0.177,-0.9836,0.0354,0,0.9811,0.1792,0.0727,0,-0.0779,0.0219,0.9967,0,23.1821,-2.445,1.6605,1]},
{"frame":15,"values":[0.1656,-0.9855,0.0368,0,0.9831,0.1679,0.0732,0,-0.0783,0.0241,0.9966,0,23.1821,-2.445,1.6605,1]},
{"frame":16,"values":[0.1542,-0.9873,0.0383,0,0.9849,0.1566,0.0731,0,-0.0782,0.0264,0.9966,0,23.1821,-2.445,1.6605,1]},
{"frame":17,"values":[0.1427,-0.989,0.0397,0,0.9867,0.1453,0.0731,0,-0.0781,0.0287,0.9965,0,23.1821,-2.445,1.6605,1]},
{"frame":18,"values":[0.1043,-0.994,0.0341,0,0.9916,0.1065,0.0732,0,-0.0763,0.0261,0.9967,0,23.1821,-2.445,1.6605,1]}],"loopBehavior":1,"name":"anim","property":"_matrix"}},
{"name":"mixamorig:LeftHandMiddle2","index":14,"matrix":[0.3332,-0.942,0.0408,0,0.9403,0.3351,0.059,0,-0.0693,0.0187,0.9974,0,6.3689,-0.3109,0.167,1],"rest":[0.991,0.1341,-0.0042,0,-0.1342,0.991,-0.0031,0,0.0038,0.0036,1,0,6.3689,-0.3109,0.167,1],"parentBoneIndex":13,"length":6.1483
,"animation":{"dataType":3,"framePerSecond":24,"keys":[
{"frame":1,"values":[0.3332,-0.942,0.0408,0,0.9403,0.3351,0.059,0,-0.0693,0.0187,0.9974,0,6.3689,-0.3109,0.167,1]},
{"frame":2,"values":[0.3358,-0.9411,0.0408,0,0.9394,0.3377,0.059,0,-0.0693,0.0185,0.9974,0,6.3689,-0.3109,0.167,1]},
{"frame":3,"values":[0.3421,-0.9388,0.0408,0,0.9371,0.3441,0.059,0,-0.0694,0.018,0.9974,0,6.3689,-0.3109,0.167,1]},
{"frame":4,"values":[0.3417,-0.9389,0.0408,0,0.9372,0.3437,0.059,0,-0.0694,0.0181,0.9974,0,6.3689,-0.3109,0.167,1]},
{"frame":5,"values":[0.3501,-0.9358,0.0408,0,0.9341,0.3521,0.059,0,-0.0696,0.0175,0.9974,0,6.3689,-0.3109,0.167,1]},
{"frame":6,"values":[0.3506,-0.9357,0.0408,0,0.934,0.3525,0.059,0,-0.0696,0.0174,0.9974,0,6.3689,-0.3109,0.167,1]},
{"frame":7,"values":[0.3431,-0.9384,0.0408,0,0.9367,0.345,0.059,0,-0.0694,0.018,0.9974,0,6.3689,-0.3109,0.167,1]},
{"frame":8,"values":[0.3418,-0.9389,0.0408,0,0.9372,0.3437,0.0589,0,-0.0694,0.0181,0.9974,0,6.3689,-0.3109,0.167,1]},
{"frame":9,"values":[0.3404,-0.9394,0.0408,0,0.9377,0.3424,0.0589,0,-0.0693,0.0182,0.9974,0,6.3689,-0.3109,0.167,1]},
{"frame":10,"values":[0.3391,-0.9399,0.0408,0,0.9382,0.341,0.0589,0,-0.0693,0.0183,0.9974,0,6.3689,-0.3109,0.167,1]},
{"frame":11,"values":[0.3377,-0.9404,0.0408,0,0.9387,0.3397,0.0589,0,-0.0693,0.0184,0.9974,0,6.3689,-0.3109,0.167,1]},
{"frame":12,"values":[0.3364,-0.9408,0.0408,0,0.9392,0.3384,0.0589,0,-0.0692,0.0185,0.9974,0,6.3689,-0.3109,0.167,1]},
{"frame":13,"values":[0.3351,-0.9413,0.0408,0,0.9397,0.337,0.0589,0,-0.0692,0.0186,0.9974,0,6.3689,-0.3109,0.167,1]},
{"frame":14,"values":[0.3331,-0.942,0.0408,0,0.9403,0.3351,0.0589,0,-0.0692,0.0187,0.9974,0,6.3689,-0.3109,0.167,1]},
{"frame":15,"values":[0.3312,-0.9427,0.0408,0,0.941,0.3332,0.0589,0,-0.0692,0.0189,0.9974,0,6.3689,-0.3109,0.167,1]},
{"frame":16,"values":[0.3293,-0.9433,0.0408,0,0.9417,0.3313,0.059,0,-0.0691,0.019,0.9974,0,6.3689,-0.3109,0.167,1]},
{"frame":17,"values":[0.3308,-0.9428,0.0408,0,0.9412,0.3327,0.059,0,-0.0692,0.0189,0.9974,0,6.3689,-0.3109,0.167,1]},
{"frame":18,"values":[0.3332,-0.942,0.0408,0,0.9403,0.3351,0.059,0,-0.0693,0.0187,0.9974,0,6.3689,-0.3109,0.167,1]}],"loopBehavior":1,"name":"anim","property":"_matrix"}},
{"name":"mixamorig:LeftHandMiddle3","index":15,"matrix":[0.4687,-0.8827,0.0346,0,0.8814,0.4699,0.048,0,-0.0586,0.008,0.9982,0,6.0425,-1.121,0.183,1],"rest":[1,-0.0048,-0.0038,0,0.0048,1,0.0008,0,0.0038,-0.0009,1,0,6.0425,-1.121,0.183,1],"parentBoneIndex":14,"length":6.5825
,"animation":{"dataType":3,"framePerSecond":24,"keys":[
{"frame":1,"values":[0.4687,-0.8827,0.0346,0,0.8814,0.4699,0.0479,0,-0.0585,0.008,0.9983,0,6.0425,-1.121,0.183,1]},
{"frame":2,"values":[0.4711,-0.8814,0.0346,0,0.8801,0.4723,0.0479,0,-0.0586,0.0079,0.9983,0,6.0425,-1.121,0.183,1]},
{"frame":3,"values":[0.4771,-0.8782,0.0346,0,0.8769,0.4782,0.0479,0,-0.0586,0.0074,0.9983,0,6.0425,-1.121,0.183,1]},
{"frame":4,"values":[0.4768,-0.8783,0.0346,0,0.8771,0.478,0.048,0,-0.0587,0.0074,0.9983,0,6.0425,-1.121,0.183,1]},
{"frame":5,"values":[0.4841,-0.8743,0.0346,0,0.873,0.4853,0.048,0,-0.0587,0.0069,0.9982,0,6.0425,-1.121,0.183,1]},
{"frame":6,"values":[0.4844,-0.8742,0.0346,0,0.8729,0.4856,0.048,0,-0.0588,0.0069,0.9982,0,6.0425,-1.121,0.183,1]},
{"frame":7,"values":[0.4776,-0.8779,0.0346,0,0.8766,0.4788,0.0481,0,-0.0588,0.0073,0.9982,0,6.0425,-1.121,0.183,1]},
{"frame":8,"values":[0.4677,-0.8832,0.0346,0,0.8819,0.4689,0.0481,0,-0.0587,0.008,0.9982,0,6.0425,-1.121,0.183,1]},
{"frame":9,"values":[0.4683,-0.8829,0.0346,0,0.8816,0.4695,0.0481,0,-0.0587,0.0079,0.9982,0,6.0425,-1.121,0.183,1]},
{"frame":10,"values":[0.4688,-0.8826,0.0346,0,0.8813,0.47,0.0482,0,-0.0588,0.0079,0.9982,0,6.0425,-1.121,0.183,1]},
{"frame":11,"values":[0.4694,-0.8823,0.0346,0,0.881,0.4706,0.0482,0,-0.0588,0.0078,0.9982,0,6.0425,-1.121,0.183,1]},
{"frame":12,"values":[0.4699,-0.882,0.0346,0,0.8808,0.4711,0.0482,0,-0.0588,0.0078,0.9982,0,6.0425,-1.121,0.183,1]},
{"frame":13,"values":[0.4687,-0.8827,0.0346,0,0.8814,0.4699,0.0481,0,-0.0587,0.0079,0.9982,0,6.0425,-1.121,0.183,1]},
{"frame":14,"values":[0.4675,-0.8833,0.0346,0,0.882,0.4687,0.0481,0,-0.0587,0.008,0.9982,0,6.0425,-1.121,0.183,1]},
{"frame":15,"values":[0.4663,-0.8839,0.0346,0,0.8827,0.4675,0.0481,0,-0.0587,0.0081,0.9982,0,6.0425,-1.121,0.183,1]},
{"frame":16,"values":[0.465,-0.8846,0.0346,0,0.8834,0.4662,0.048,0,-0.0586,0.0082,0.9982,0,6.0425,-1.121,0.183,1]},
{"frame":17,"values":[0.4667,-0.8837,0.0346,0,0.8825,0.4679,0.048,0,-0.0586,0.0081,0.9982,0,6.0425,-1.121,0.183,1]},
{"frame":18,"values":[0.4687,-0.8827,0.0346,0,0.8814,0.4699,0.048,0,-0.0586,0.008,0.9982,0,6.0425,-1.121,0.183,1]}],"loopBehavior":1,"name":"anim","property":"_matrix"}},
{"name":"mixamorig:LeftHandMiddle4","index":16,"matrix":[1,0,0,0,0,1,0,0,0,0,1,0,6.4741,-1.1689,0.2214,1],"rest":[1,0,0,0,0,1,0,0,0,0,1,0,6.4741,-1.1689,0.2214,1],"parentBoneIndex":15,"length":6.5825
,"animation":{"dataType":3,"framePerSecond":24,"keys":[
{"frame":1,"values":[1,0,0,0,0,1,0,0,0,0,1,0,6.4741,-1.1689,0.2214,1]},
{"frame":18,"values":[1,0,0,0,0,1,0,0,0,0,1,0,6.4741,-1.1689,0.2214,1]}],"loopBehavior":1,"name":"anim","property":"_matrix"}},
{"name":"mixamorig:LeftHandThumb1","index":17,"matrix":[0.9662,-0.2368,-0.1016,0,0.245,0.9665,0.0769,0,0.08,-0.0992,0.9918,0,6.4451,-3.6637,6.4601,1],"rest":[0.993,-0.1184,-0.0054,0,0.1183,0.9883,0.0962,0,-0.006,-0.0961,0.9953,0,6.4451,-3.6637,6.4601,1],"parentBoneIndex":12,"length":8.4798
,"animation":{"dataType":3,"framePerSecond":24,"keys":[
{"frame":1,"values":[0.9662,-0.2368,-0.1016,0,0.245,0.9665,0.0769,0,0.08,-0.0992,0.9918,0,6.4451,-3.6637,6.4601,1]},
{"frame":18,"values":[0.9662,-0.2368,-0.1016,0,0.245,0.9665,0.0769,0,0.08,-0.0992,0.9918,0,6.4451,-3.6637,6.4601,1]}],"loopBehavior":1,"name":"anim","property":"_matrix"}},
{"name":"mixamorig:LeftHandThumb2","index":18,"matrix":[0.9196,0.3655,-0.144,0,-0.3305,0.918,0.2192,0,0.2123,-0.154,0.965,0,6.2606,-2.6017,5.0935,1],"rest":[0.9927,0.0626,0.1035,0,-0.0529,0.9941,-0.0942,0,-0.1088,0.088,0.9902,0,6.2606,-2.6017,5.0935,1],"parentBoneIndex":17,"length":7.8274
,"animation":{"dataType":3,"framePerSecond":24,"keys":[
{"frame":1,"values":[0.9196,0.3655,-0.144,0,-0.3305,0.918,0.2192,0,0.2123,-0.154,0.965,0,6.2606,-2.6017,5.0935,1]},
{"frame":2,"values":[0.8903,0.327,-0.3168,0,-0.2605,0.9366,0.2344,0,0.3734,-0.1262,0.9191,0,6.2606,-2.6017,5.0935,1]},
{"frame":3,"values":[0.8734,0.3246,-0.363,0,-0.2496,0.9385,0.2387,0,0.4181,-0.1179,0.9007,0,6.2606,-2.6017,5.0935,1]},
{"frame":4,"values":[0.8509,0.3216,-0.4153,0,-0.2367,0.9406,0.2434,0,0.4689,-0.1088,0.8765,0,6.2606,-2.6017,5.0935,1]},
{"frame":5,"values":[0.8743,0.3561,-0.3297,0,-0.2882,0.9276,0.2376,0,0.3904,-0.1127,0.9137,0,6.2606,-2.6017,5.0935,1]},
{"frame":6,"values":[0.8877,0.3676,-0.2774,0,-0.309,0.9221,0.233,0,0.3415,-0.1211,0.9321,0,6.2606,-2.6017,5.0935,1]},
{"frame":7,"values":[0.8958,0.3628,-0.2567,0,-0.3078,0.9231,0.2306,0,0.3207,-0.1276,0.9386,0,6.2606,-2.6017,5.0935,1]},
{"frame":8,"values":[0.9013,0.3495,-0.2561,0,-0.2944,0.9277,0.2297,0,0.3178,-0.1317,0.939,0,6.2606,-2.6017,5.0935,1]},
{"frame":9,"values":[0.8943,0.3306,-0.3015,0,-0.2671,0.9351,0.2331,0,0.359,-0.1279,0.9245,0,6.2606,-2.6017,5.0935,1]},
{"frame":10,"values":[0.892,0.308,-0.3308,0,-0.2336,0.9407,0.2459,0,0.3869,-0.1421,0.9111,0,6.2606,-2.6017,5.0935,1]},
{"frame":11,"values":[0.8936,0.2684,-0.3598,0,-0.227,0.9617,0.1537,0,0.3873,-0.0557,0.9203,0,6.2606,-2.6017,5.0935,1]},
{"frame":12,"values":[0.8923,0.23,-0.3884,0,-0.2196,0.973,0.0717,0,0.3944,0.0213,0.9187,0,6.2606,-2.6017,5.0935,1]},
{"frame":13,"values":[0.8755,0.2448,-0.4167,0,-0.2138,0.9694,0.1203,0,0.4334,-0.0162,0.9011,0,6.2606,-2.6017,5.0935,1]},
{"frame":14,"values":[0.8979,0.2735,-0.345,0,-0.2241,0.9585,0.1765,0,0.3789,-0.0811,0.9219,0,6.2606,-2.6017,5.0935,1]},
{"frame":15,"values":[0.9159,0.2969,-0.2702,0,-0.2377,0.9435,0.231,0,0.3235,-0.1474,0.9347,0,6.2606,-2.6017,5.0935,1]},
{"frame":16,"values":[0.9204,0.3392,-0.1943,0,-0.2947,0.9287,0.225,0,0.2567,-0.1498,0.9548,0,6.2606,-2.6017,5.0935,1]},
{"frame":17,"values":[0.9021,0.4152,-0.1172,0,-0.3847,0.8971,0.2174,0,0.1954,-0.151,0.969,0,6.2606,-2.6017,5.0935,1]},
{"frame":18,"values":[0.9196,0.3655,-0.144,0,-0.3305,0.918,0.2192,0,0.2123,-0.154,0.965,0,6.2606,-2.6017,5.0935,1]}],"loopBehavior":1,"name":"anim","property":"_matrix"}},
{"name":"mixamorig:LeftHandThumb3","index":19,"matrix":[0.7782,0.2825,0.5609,0,-0.2546,0.9584,-0.1294,0,-0.5741,-0.0421,0.8177,0,6.0726,-3.1361,3.8153,1],"rest":[0.9981,-0.0559,-0.0241,0,0.057,0.9973,0.0466,0,0.0214,-0.0479,0.9986,0,6.0726,-3.1361,3.8153,1],"parentBoneIndex":18,"length":6.188
,"animation":{"dataType":3,"framePerSecond":24,"keys":[
{"frame":1,"values":[0.7782,0.2824,0.561,0,-0.2546,0.9584,-0.1293,0,-0.5741,-0.0422,0.8177,0,6.0726,-3.1361,3.8153,1]},
{"frame":2,"values":[0.7775,0.3254,0.5382,0,-0.3084,0.9431,-0.1247,0,-0.5481,-0.069,0.8336,0,6.0726,-3.1361,3.8153,1]},
{"frame":3,"values":[0.7543,0.3436,0.5595,0,-0.3271,0.9355,-0.1335,0,-0.5693,-0.0823,0.818,0,6.0726,-3.1361,3.8153,1]},
{"frame":4,"values":[0.6877,0.3851,0.6155,0,-0.3724,0.9148,-0.1563,0,-0.6233,-0.1217,0.7725,0,6.0726,-3.1361,3.8153,1]},
