{"producer":{"name":"Blender","version":"2.79 (sub 0)","exporter_version":"5.6.4","file":"casualturnright.babylon"},
"autoClear":true,"clearColor":[0.0509,0.0509,0.0509],"ambientColor":[0,0,0],"gravity":[0,-9.81,0],
"materials":[{"name":"casualturnright.Material","id":"casualturnright.Material","ambient":[0,0,0],"diffuse":[0,0,0],"specular":[0,0,0],"emissive":[0,0,0],"specularPower":50,"alpha":0.001,"backFaceCulling":true,"checkReadyOnlyOnce":false,"maxSimultaneousLights":4}],
"multiMaterials":[],
"skeletons":[{"name":"Armature","id":0,"dimensionsAtRest":[379.1952,391.6652,55.677],"bones":[
{"name":"mixamorig:Hips","index":0,"matrix":[0.0066,0.0258,-0.9996,0,0.0927,0.9953,0.0263,0,-0.9957,0.0929,-0.0042,0,-23.236,200.0515,-4.6794,1],"rest":[1,0,0,0,0,1,0,0,0,0,-1,0,0,201.6394,0,1],"parentBoneIndex":-1,"length":21.6784
,"animation":{"dataType":3,"framePerSecond":24,"keys":[
{"frame":1,"values":[0.9943,0.0258,0.1033,0,-0.0352,0.9953,0.0897,0,0.1005,0.0929,-0.9906,0,-0.2973,200.0515,0.5712,1]},
{"frame":2,"values":[0.9997,0.0232,0.0023,0,-0.0233,0.9959,0.0877,0,0.0002,0.0877,-0.9961,0,2.2875,200.348,0.0798,1]},
{"frame":3,"values":[0.9964,0.0165,-0.0836,0,-0.0103,0.9971,0.0751,0,-0.0846,0.074,-0.9937,0,4.5144,200.4394,-0.0121,1]},
{"frame":4,"values":[0.9897,0.0152,-0.1423,0,-0.0056,0.9977,0.0681,0,-0.143,0.0666,-0.9875,0,6.4714,200.3884,0.1794,1]},
{"frame":5,"values":[0.978,0.0154,-0.208,0,-0.0007,0.9975,0.0703,0,-0.2086,0.0686,-0.9756,0,8.0846,200.4692,0.4456,1]},
{"frame":6,"values":[0.9619,0.0143,-0.2729,0,0.0047,0.9976,0.069,0,-0.2732,0.0676,-0.9596,0,8.6802,200.6081,0.6479,1]},
{"frame":7,"values":[0.9415,0.0177,-0.3365,0,0.0047,0.9978,0.0656,0,-0.3369,0.0633,-0.9394,0,9.2758,200.7583,0.6495,1]},
{"frame":8,"values":[0.9169,0.0199,-0.3986,0,0.0065,0.9979,0.0648,0,-0.3991,0.062,-0.9148,0,9.8714,200.9472,0.5454,1]},
{"frame":9,"values":[0.8882,0.0196,-0.459,0,0.0105,0.998,0.063,0,-0.4593,0.0608,-0.8862,0,7.9246,201.1088,0.4744,1]},
{"frame":10,"values":[0.8556,0.0206,-0.5172,0,0.0122,0.9981,0.0599,0,-0.5175,0.0576,-0.8537,0,5.9779,201.2704,1.0656,1]},
{"frame":11,"values":[0.8191,0.0214,-0.5732,0,0.0136,0.9983,0.0567,0,-0.5735,0.0543,-0.8174,0,4.0311,201.432,1.6569,1]},
{"frame":12,"values":[0.779,0.0219,-0.6267,0,0.0298,0.997,0.0718,0,-0.6263,0.0747,-0.776,0,2.0843,200.9213,2.2482,1]},
{"frame":13,"values":[0.7358,0.0146,-0.677,0,0.0568,0.9949,0.0832,0,-0.6748,0.0997,-0.7312,0,0.1376,200.4106,2.8394,1]},
{"frame":14,"values":[0.689,0.009,-0.7247,0,0.0845,0.9921,0.0927,0,-0.7198,0.1251,-0.6828,0,-1.8092,199.8999,3.4307,1]},
{"frame":15,"values":[0.639,0.0051,-0.7692,0,0.1128,0.9885,0.1003,0,-0.7609,0.1508,-0.6311,0,-3.7559,199.3893,4.022,1]},
{"frame":16,"values":[0.5861,0.003,-0.8102,0,0.1414,0.9843,0.1059,0,-0.7978,0.1766,-0.5765,0,-5.7027,198.8786,4.6132,1]},
{"frame":17,"values":[0.5307,0.0026,-0.8475,0,0.1701,0.9793,0.1095,0,-0.8303,0.2023,-0.5193,0,-7.6495,198.3679,5.2045,1]},
{"frame":18,"values":[0.4726,0.0197,-0.8811,0,0.1608,0.981,0.1082,0,-0.8665,0.1928,-0.4604,0,-9.5962,197.8572,4.0396,1]},
{"frame":19,"values":[0.4125,0.0228,-0.9107,0,0.1537,0.9836,0.0943,0,-0.8979,0.1789,-0.4023,0,-11.543,198.1628,2.8748,1]},
{"frame":20,"values":[0.3503,0.025,-0.9363,0,0.1456,0.986,0.0808,0,-0.9252,0.1646,-0.3418,0,-13.4897,198.4684,1.7099,1]},
{"frame":21,"values":[0.2864,0.0262,-0.9578,0,0.1366,0.9883,0.0679,0,-0.9483,0.1502,-0.2794,0,-15.4365,198.774,0.5451,1]},
{"frame":22,"values":[0.2211,0.0264,-0.9749,0,0.1267,0.9904,0.0555,0,-0.967,0.1358,-0.2156,0,-17.3833,199.0796,-0.6198,1]},
{"frame":23,"values":[0.155,0.0256,-0.9876,0,0.1159,0.9923,0.0439,0,-0.9811,0.1213,-0.1508,0,-19.33,199.3852,-1.7847,1]},
{"frame":24,"values":[0.0885,0.0238,-0.9958,0,0.1045,0.994,0.0331,0,-0.9906,0.107,-0.0855,0,-21.2768,199.6908,-2.9495,1]},
{"frame":25,"values":[0.0066,0.0258,-0.9996,0,0.0927,0.9953,0.0263,0,-0.9957,0.0929,-0.0042,0,-23.236,200.0515,-4.6794,1]}],"loopBehavior":1,"name":"anim","property":"_matrix"}},
{"name":"mixamorig:Spine","index":1,"matrix":[0.9997,-0.0058,0.0228,0,0.0031,0.9929,0.1187,0,-0.0233,-0.1185,0.9927,0,0.0062,19.525,-2.4818,1],"rest":[1,0,0,0,0,1,0,0,0,0,1,0,0.0062,19.525,-2.4818,1],"parentBoneIndex":0,"length":23.0091
,"animation":{"dataType":3,"framePerSecond":24,"keys":[
{"frame":1,"values":[0.9997,-0.0088,0.0228,0,0.006,0.9929,0.1187,0,-0.0236,-0.1185,0.9927,0,0.0062,19.525,-2.4818,1]},
{"frame":2,"values":[0.9995,-0.0074,0.0291,0,0.004,0.9934,0.1143,0,-0.0297,-0.1142,0.993,0,0.0062,19.525,-2.4818,1]},
{"frame":3,"values":[0.9989,-0.0059,0.046,0,0.001,0.9942,0.1073,0,-0.0464,-0.1071,0.9932,0,0.0062,19.525,-2.4818,1]},
{"frame":4,"values":[0.9977,-0.0045,0.0674,0,-0.0029,0.9941,0.1087,0,-0.0675,-0.1086,0.9918,0,0.0062,19.525,-2.4818,1]},
{"frame":5,"values":[0.9969,-0.003,0.0782,0,-0.0061,0.9932,0.1158,0,-0.078,-0.116,0.9902,0,0.0062,19.525,-2.4818,1]},
{"frame":6,"values":[0.9971,-0.0016,0.0762,0,-0.0072,0.9932,0.1159,0,-0.0758,-0.1161,0.9903,0,0.0062,19.525,-2.4818,1]},
{"frame":7,"values":[0.9978,-0.0002,0.0666,0,-0.0072,0.9938,0.1108,0,-0.0662,-0.111,0.9916,0,0.0062,19.525,-2.4818,1]},
{"frame":8,"values":[0.9981,-0.0016,0.0622,0,-0.0051,0.9942,0.1076,0,-0.062,-0.1077,0.9922,0,0.0062,19.525,-2.4818,1]},
{"frame":9,"values":[0.998,-0.0031,0.0635,0,-0.0035,0.9947,0.1031,0,-0.0635,-0.1031,0.9926,0,0.0062,19.525,-2.4818,1]},
{"frame":10,"values":[0.9979,-0.0046,0.0652,0,-0.0019,0.9951,0.0985,0,-0.0653,-0.0984,0.993,0,0.0062,19.525,-2.4818,1]},
{"frame":11,"values":[0.9982,-0.006,0.0589,0,0.0004,0.9956,0.094,0,-0.0592,-0.0938,0.9938,0,0.0062,19.525,-2.4818,1]},
{"frame":12,"values":[0.9986,-0.0075,0.0527,0,0.0027,0.996,0.0895,0,-0.0531,-0.0892,0.9946,0,0.0062,19.525,-2.4818,1]},
{"frame":13,"values":[0.9989,-0.0089,0.0464,0,0.0046,0.9956,0.0934,0,-0.047,-0.0931,0.9945,0,0.0062,19.525,-2.4818,1]},
{"frame":14,"values":[0.9987,-0.0104,0.0489,0,0.0056,0.9952,0.0973,0,-0.0497,-0.0969,0.9941,0,0.0062,19.525,-2.4818,1]},
{"frame":15,"values":[0.9986,-0.0119,0.0514,0,0.0066,0.9949,0.1011,0,-0.0523,-0.1007,0.9935,0,0.0062,19.525,-2.4818,1]},
{"frame":16,"values":[0.9985,-0.0112,0.0539,0,0.0055,0.9945,0.105,0,-0.0548,-0.1045,0.993,0,0.0062,19.525,-2.4818,1]},
{"frame":17,"values":[0.9989,-0.0106,0.0464,0,0.0055,0.994,0.1089,0,-0.0473,-0.1085,0.993,0,0.0062,19.525,-2.4818,1]},
{"frame":18,"values":[0.9992,-0.01,0.039,0,0.0055,0.9936,0.1128,0,-0.0398,-0.1125,0.9929,0,0.0062,19.525,-2.4818,1]},
{"frame":19,"values":[0.9995,-0.0093,0.0315,0,0.0056,0.9932,0.1167,0,-0.0324,-0.1165,0.9927,0,0.0062,19.525,-2.4818,1]},
{"frame":20,"values":[0.9997,-0.0086,0.024,0,0.0057,0.9927,0.1206,0,-0.0249,-0.1204,0.9924,0,0.0062,19.525,-2.4818,1]},
{"frame":21,"values":[0.9998,-0.0079,0.0165,0,0.0058,0.9922,0.1245,0,-0.0174,-0.1244,0.9921,0,0.0062,19.525,-2.4818,1]},
{"frame":22,"values":[0.9999,-0.0072,0.0091,0,0.006,0.9917,0.1284,0,-0.0099,-0.1283,0.9917,0,0.0062,19.525,-2.4818,1]},
{"frame":23,"values":[0.9999,-0.0065,0.0106,0,0.005,0.9912,0.1322,0,-0.0114,-0.1322,0.9912,0,0.0062,19.525,-2.4818,1]},
{"frame":24,"values":[0.9999,-0.0058,0.0122,0,0.0042,0.9918,0.1277,0,-0.0128,-0.1277,0.9917,0,0.0062,19.525,-2.4818,1]},
{"frame":25,"values":[0.9997,-0.0058,0.0228,0,0.0031,0.9929,0.1187,0,-0.0233,-0.1185,0.9927,0,0.0062,19.525,-2.4818,1]}],"loopBehavior":1,"name":"anim","property":"_matrix"}},
{"name":"mixamorig:Spine1","index":2,"matrix":[1,0.0026,0.0033,0,-0.0026,1,0.0057,0,-0.0033,-0.0057,1,0,-0.0009,22.835,-2.8254,1],"rest":[1,0,0,0,0,1,0,0,0,0,1,0,-0.0009,22.835,-2.8254,1],"parentBoneIndex":1,"length":26.7438
,"animation":{"dataType":3,"framePerSecond":24,"keys":[
{"frame":1,"values":[1,0.0023,0.0062,0,-0.0024,1,0.0057,0,-0.0062,-0.0057,1,0,-0.0009,22.835,-2.8254,1]},
{"frame":2,"values":[1,0.0028,0.0068,0,-0.0029,1,0.004,0,-0.0068,-0.0041,1,0,-0.0009,22.835,-2.8254,1]},
{"frame":3,"values":[1,0.0033,0.0073,0,-0.0033,1,0.0012,0,-0.0073,-0.0012,1,0,-0.0009,22.835,-2.8254,1]},
{"frame":4,"values":[1,0.0038,0.0079,0,-0.0038,1,0.0011,0,-0.0079,-0.0011,1,0,-0.0009,22.835,-2.8254,1]},
{"frame":5,"values":[1,0.0043,0.0085,0,-0.0043,1,0.0024,0,-0.0084,-0.0025,1,0,-0.0009,22.835,-2.8254,1]},
{"frame":6,"values":[0.9999,0.0048,0.009,0,-0.0048,1,0.0026,0,-0.009,-0.0026,1,0,-0.0009,22.835,-2.8254,1]},
{"frame":7,"values":[0.9999,0.0053,0.0096,0,-0.0053,1,0.002,0,-0.0096,-0.0021,1,0,-0.0009,22.835,-2.8254,1]},
{"frame":8,"values":[0.9999,0.0058,0.0101,0,-0.0058,1,0.0014,0,-0.0101,-0.0014,0.9999,0,-0.0009,22.835,-2.8254,1]},
{"frame":9,"values":[0.9999,0.0052,0.0107,0,-0.0052,1,0.0007,0,-0.0107,-0.0007,0.9999,0,-0.0009,22.835,-2.8254,1]},
{"frame":10,"values":[0.9999,0.0045,0.0113,0,-0.0045,1,0,0,-0.0113,0,0.9999,0,-0.0009,22.835,-2.8254,1]},
{"frame":11,"values":[0.9999,0.0039,0.0118,0,-0.0039,1,-0.0007,0,-0.0118,0.0007,0.9999,0,-0.0009,22.835,-2.8254,1]},
{"frame":12,"values":[0.9999,0.0032,0.0124,0,-0.0032,1,-0.0014,0,-0.0124,0.0014,0.9999,0,-0.0009,22.835,-2.8254,1]},
{"frame":13,"values":[0.9999,0.0026,0.013,0,-0.0026,1,-0.0004,0,-0.013,0.0003,0.9999,0,-0.0009,22.835,-2.8254,1]},
{"frame":14,"values":[0.9999,0.0026,0.0135,0,-0.0026,1,0.0007,0,-0.0135,-0.0007,0.9999,0,-0.0009,22.835,-2.8254,1]},
{"frame":15,"values":[0.9999,0.0026,0.0141,0,-0.0026,1,0.0017,0,-0.0141,-0.0018,0.9999,0,-0.0009,22.835,-2.8254,1]},
{"frame":16,"values":[0.9999,0.0026,0.0146,0,-0.0027,1,0.0028,0,-0.0146,-0.0028,0.9999,0,-0.0009,22.835,-2.8254,1]},
{"frame":17,"values":[0.9999,0.0026,0.0132,0,-0.0027,1,0.0038,0,-0.0132,-0.0039,0.9999,0,-0.0009,22.835,-2.8254,1]},
{"frame":18,"values":[0.9999,0.0026,0.0118,0,-0.0027,1,0.0049,0,-0.0118,-0.0049,0.9999,0,-0.0009,22.835,-2.8254,1]},
{"frame":19,"values":[0.9999,0.0026,0.0104,0,-0.0027,1,0.0059,0,-0.0104,-0.006,0.9999,0,-0.0009,22.835,-2.8254,1]},
{"frame":20,"values":[1,0.0026,0.009,0,-0.0027,1,0.007,0,-0.009,-0.007,0.9999,0,-0.0009,22.835,-2.8254,1]},
{"frame":21,"values":[1,0.0026,0.0076,0,-0.0027,1,0.0081,0,-0.0076,-0.0081,0.9999,0,-0.0009,22.835,-2.8254,1]},
{"frame":22,"values":[1,0.0026,0.0062,0,-0.0027,1,0.0091,0,-0.0061,-0.0091,0.9999,0,-0.0009,22.835,-2.8254,1]},
{"frame":23,"values":[1,0.0026,0.0048,0,-0.0027,0.9999,0.0102,0,-0.0047,-0.0102,0.9999,0,-0.0009,22.835,-2.8254,1]},
{"frame":24,"values":[1,0.0026,0.0033,0,-0.0026,1,0.0089,0,-0.0033,-0.0089,1,0,-0.0009,22.835,-2.8254,1]},
{"frame":25,"values":[1,0.0026,0.0033,0,-0.0026,1,0.0057,0,-0.0033,-0.0057,1,0,-0.0009,22.835,-2.8254,1]}],"loopBehavior":1,"name":"anim","property":"_matrix"}},
{"name":"mixamorig:Spine2","index":3,"matrix":[1,0.0016,0.0034,0,-0.0016,1,0.0057,0,-0.0034,-0.0057,1,0,-0.0206,26.5525,-3.1933,1],"rest":[1,0,0,0,0,1,0,0,0,0,1,0,-0.0206,26.5525,-3.1933,1],"parentBoneIndex":2,"length":24.825
,"animation":{"dataType":3,"framePerSecond":24,"keys":[
{"frame":1,"values":[1,0.0026,0.0062,0,-0.0026,1,0.0057,0,-0.0062,-0.0057,1,0,-0.0206,26.5525,-3.1933,1]},
{"frame":2,"values":[1,0.003,0.0067,0,-0.003,1,0.004,0,-0.0067,-0.004,1,0,-0.0206,26.5525,-3.1933,1]},
{"frame":3,"values":[1,0.0034,0.0073,0,-0.0035,1,0.0012,0,-0.0073,-0.0012,1,0,-0.0206,26.5525,-3.1933,1]},
{"frame":4,"values":[1,0.0039,0.0079,0,-0.0039,1,0.0011,0,-0.0079,-0.0011,1,0,-0.0206,26.5525,-3.1933,1]},
{"frame":5,"values":[1,0.0043,0.0084,0,-0.0043,1,0.0024,0,-0.0084,-0.0024,1,0,-0.0206,26.5525,-3.1933,1]},
{"frame":6,"values":[0.9999,0.0047,0.009,0,-0.0047,1,0.0026,0,-0.009,-0.0026,1,0,-0.0206,26.5525,-3.1933,1]},
{"frame":7,"values":[0.9999,0.0051,0.0096,0,-0.0051,1,0.002,0,-0.0096,-0.002,1,0,-0.0206,26.5525,-3.1933,1]},
{"frame":8,"values":[0.9999,0.0055,0.0101,0,-0.0056,1,0.0013,0,-0.0101,-0.0014,0.9999,0,-0.0206,26.5525,-3.1933,1]},
{"frame":9,"values":[0.9999,0.006,0.0107,0,-0.006,1,0.0006,0,-0.0107,-0.0007,0.9999,0,-0.0206,26.5525,-3.1933,1]},
{"frame":10,"values":[0.9999,0.0051,0.0113,0,-0.0051,1,-0.0001,0,-0.0113,0,0.9999,0,-0.0206,26.5525,-3.1933,1]},
{"frame":11,"values":[0.9999,0.0043,0.0118,0,-0.0043,1,-0.0008,0,-0.0118,0.0007,0.9999,0,-0.0206,26.5525,-3.1933,1]},
{"frame":12,"values":[0.9999,0.0034,0.0124,0,-0.0034,1,-0.0015,0,-0.0124,0.0014,0.9999,0,-0.0206,26.5525,-3.1933,1]},
{"frame":13,"values":[0.9999,0.0026,0.013,0,-0.0026,1,-0.0004,0,-0.013,0.0004,0.9999,0,-0.0206,26.5525,-3.1933,1]},
{"frame":14,"values":[0.9999,0.0024,0.0135,0,-0.0024,1,0.0007,0,-0.0135,-0.0007,0.9999,0,-0.0206,26.5525,-3.1933,1]},
{"frame":15,"values":[0.9999,0.0022,0.0141,0,-0.0022,1,0.0017,0,-0.0141,-0.0017,0.9999,0,-0.0206,26.5525,-3.1933,1]},
{"frame":16,"values":[0.9999,0.002,0.0147,0,-0.0021,1,0.0028,0,-0.0146,-0.0028,0.9999,0,-0.0206,26.5525,-3.1933,1]},
{"frame":17,"values":[0.9999,0.0018,0.0132,0,-0.0019,1,0.0038,0,-0.0132,-0.0038,0.9999,0,-0.0206,26.5525,-3.1933,1]},
{"frame":18,"values":[0.9999,0.0016,0.0118,0,-0.0017,1,0.0049,0,-0.0118,-0.0049,0.9999,0,-0.0206,26.5525,-3.1933,1]},
{"frame":19,"values":[0.9999,0.0016,0.0104,0,-0.0017,1,0.0059,0,-0.0104,-0.006,0.9999,0,-0.0206,26.5525,-3.1933,1]},
{"frame":20,"values":[1,0.0016,0.009,0,-0.0017,1,0.007,0,-0.009,-0.007,0.9999,0,-0.0206,26.5525,-3.1933,1]},
{"frame":21,"values":[1,0.0016,0.0076,0,-0.0017,1,0.008,0,-0.0076,-0.0081,0.9999,0,-0.0206,26.5525,-3.1933,1]},
{"frame":22,"values":[1,0.0016,0.0062,0,-0.0017,1,0.0091,0,-0.0062,-0.0091,0.9999,0,-0.0206,26.5525,-3.1933,1]},
{"frame":23,"values":[1,0.0016,0.0048,0,-0.0017,0.9999,0.0102,0,-0.0048,-0.0102,0.9999,0,-0.0206,26.5525,-3.1933,1]},
{"frame":24,"values":[1,0.0016,0.0034,0,-0.0017,1,0.0089,0,-0.0034,-0.0089,1,0,-0.0206,26.5525,-3.1933,1]},
{"frame":25,"values":[1,0.0016,0.0034,0,-0.0016,1,0.0057,0,-0.0034,-0.0057,1,0,-0.0206,26.5525,-3.1933,1]}],"loopBehavior":1,"name":"anim","property":"_matrix"}},
{"name":"mixamorig:Neck","index":4,"matrix":[0.9972,-0.0085,-0.074,0,0.0063,0.9995,-0.0308,0,0.0743,0.0303,0.9968,0,-0.06,30.7018,1.3522,1],"rest":[1,0,0,0,0,1,0,0,0,0,1,0,-0.06,30.7018,1.3522,1],"parentBoneIndex":3,"length":22.8446
,"animation":{"dataType":3,"framePerSecond":24,"keys":[
{"frame":1,"values":[0.9972,-0.0085,-0.074,0,0.0063,0.9995,-0.0301,0,0.0743,0.0296,0.9968,0,-0.06,30.7018,1.3522,1]},
{"frame":2,"values":[0.9972,-0.009,-0.0741,0,0.0067,0.9995,-0.0305,0,0.0743,0.0299,0.9968,0,-0.06,30.7019,1.3522,1]},
{"frame":3,"values":[0.9972,-0.0094,-0.0742,0,0.0072,0.9995,-0.0309,0,0.0744,0.0302,0.9968,0,-0.06,30.7018,1.3522,1]},
{"frame":4,"values":[0.9972,-0.0099,-0.0742,0,0.0076,0.9995,-0.0312,0,0.0745,0.0306,0.9968,0,-0.06,30.7018,1.3522,1]},
{"frame":5,"values":[0.9972,-0.0103,-0.0743,0,0.008,0.9995,-0.0316,0,0.0746,0.0309,0.9967,0,-0.06,30.7018,1.3522,1]},
{"frame":6,"values":[0.9972,-0.0108,-0.0743,0,0.0084,0.9995,-0.032,0,0.0747,0.0313,0.9967,0,-0.06,30.7018,1.3522,1]},
{"frame":7,"values":[0.9972,-0.0112,-0.0744,0,0.0089,0.9994,-0.0324,0,0.0747,0.0316,0.9967,0,-0.06,30.7018,1.3522,1]},
{"frame":8,"values":[0.9972,-0.0117,-0.0745,0,0.0093,0.9994,-0.0323,0,0.0748,0.0316,0.9967,0,-0.06,30.7018,1.3522,1]},
{"frame":9,"values":[0.9971,-0.0121,-0.0745,0,0.0098,0.9994,-0.0323,0,0.0749,0.0315,0.9967,0,-0.06,30.7018,1.3522,1]},
{"frame":10,"values":[0.9971,-0.0126,-0.0746,0,0.0102,0.9994,-0.0322,0,0.075,0.0314,0.9967,0,-0.06,30.7018,1.3522,1]},
{"frame":11,"values":[0.9971,-0.013,-0.0746,0,0.0107,0.9994,-0.0322,0,0.075,0.0313,0.9967,0,-0.06,30.7018,1.3522,1]},
{"frame":12,"values":[0.9971,-0.0135,-0.0747,0,0.0111,0.9994,-0.0321,0,0.0751,0.0312,0.9967,0,-0.06,30.7018,1.3522,1]},
{"frame":13,"values":[0.9971,-0.0131,-0.0748,0,0.0107,0.9994,-0.0321,0,0.0751,0.0312,0.9967,0,-0.06,30.7018,1.3522,1]},
{"frame":14,"values":[0.9971,-0.0127,-0.0748,0,0.0104,0.9994,-0.032,0,0.0752,0.0312,0.9967,0,-0.06,30.7018,1.3522,1]},
{"frame":15,"values":[0.9971,-0.0124,-0.0748,0,0.01,0.9994,-0.032,0,0.0751,0.0311,0.9967,0,-0.06,30.7018,1.3522,1]},
{"frame":16,"values":[0.9971,-0.012,-0.0747,0,0.0096,0.9994,-0.0318,0,0.075,0.031,0.9967,0,-0.06,30.7018,1.3522,1]},
{"frame":17,"values":[0.9971,-0.0116,-0.0746,0,0.0093,0.9995,-0.0316,0,0.0749,0.0308,0.9967,0,-0.06,30.7018,1.3522,1]},
{"frame":18,"values":[0.9972,-0.0112,-0.0745,0,0.0089,0.9995,-0.0314,0,0.0749,0.0306,0.9967,0,-0.06,30.7018,1.3522,1]},
{"frame":19,"values":[0.9972,-0.0108,-0.0745,0,0.0085,0.9995,-0.0312,0,0.0748,0.0305,0.9967,0,-0.06,30.7018,1.3522,1]},
{"frame":20,"values":[0.9972,-0.0104,-0.0744,0,0.0082,0.9995,-0.031,0,0.0747,0.0303,0.9967,0,-0.06,30.7019,1.3522,1]},
{"frame":21,"values":[0.9972,-0.0101,-0.0743,0,0.0078,0.9995,-0.0308,0,0.0746,0.0302,0.9968,0,-0.06,30.7019,1.3522,1]},
{"frame":22,"values":[0.9972,-0.0097,-0.0743,0,0.0074,0.9995,-0.0308,0,0.0745,0.0302,0.9968,0,-0.06,30.7018,1.3522,1]},
{"frame":23,"values":[0.9972,-0.0093,-0.0742,0,0.007,0.9995,-0.0308,0,0.0744,0.0302,0.9968,0,-0.06,30.7019,1.3522,1]},
{"frame":24,"values":[0.9972,-0.0089,-0.0741,0,0.0067,0.9995,-0.0308,0,0.0744,0.0302,0.9968,0,-0.06,30.7018,1.3522,1]},
{"frame":25,"values":[0.9972,-0.0085,-0.074,0,0.0063,0.9995,-0.0308,0,0.0743,0.0303,0.9968,0,-0.06,30.7018,1.3522,1]}],"loopBehavior":1,"name":"anim","property":"_matrix"}},
{"name":"mixamorig:Head","index":5,"matrix":[0.778,0.1457,0.6111,0,-0.1639,0.9861,-0.0265,0,-0.6065,-0.0796,0.7911,0,-0.0872,22.5476,3.6709,1],"rest":[1,0,0,0,0,1,0,0,0,0,1,0,-0.0872,22.5476,3.6709,1],"parentBoneIndex":4,"length":30.5923
,"animation":{"dataType":3,"framePerSecond":24,"keys":[
{"frame":1,"values":[0.778,0.1457,0.6111,0,-0.1639,0.9861,-0.0265,0,-0.6065,-0.0796,0.7911,0,-0.0872,22.5477,3.6709,1]},
{"frame":2,"values":[0.779,0.1438,0.6103,0,-0.1658,0.9859,-0.0207,0,-0.6047,-0.0851,0.7919,0,-0.0872,22.5476,3.6709,1]},
{"frame":3,"values":[0.7792,0.1499,0.6086,0,-0.1675,0.9855,-0.0284,0,-0.604,-0.0798,0.793,0,-0.0872,22.5476,3.6709,1]},
{"frame":4,"values":[0.7762,0.1555,0.611,0,-0.169,0.985,-0.036,0,-0.6074,-0.0753,0.7908,0,-0.0872,22.5476,3.6709,1]},
{"frame":5,"values":[0.7739,0.1612,0.6124,0,-0.1677,0.9847,-0.0472,0,-0.6107,-0.0661,0.7891,0,-0.0872,22.5476,3.6709,1]},
{"frame":6,"values":[0.7768,0.158,0.6096,0,-0.164,0.9854,-0.0463,0,-0.608,-0.064,0.7913,0,-0.0872,22.5476,3.6709,1]},
{"frame":7,"values":[0.7779,0.1544,0.6092,0,-0.1631,0.9857,-0.0416,0,-0.6069,-0.067,0.7919,0,-0.0872,22.5476,3.6709,1]},
{"frame":8,"values":[0.7767,0.1521,0.6113,0,-0.1609,0.9861,-0.0409,0,-0.609,-0.0666,0.7904,0,-0.0872,22.5476,3.6709,1]},
{"frame":9,"values":[0.7747,0.1525,0.6136,0,-0.1593,0.9863,-0.0439,0,-0.6119,-0.0637,0.7884,0,-0.0872,22.5476,3.6709,1]},
{"frame":10,"values":[0.7741,0.155,0.6139,0,-0.161,0.9859,-0.0459,0,-0.6123,-0.0633,0.7881,0,-0.0872,22.5476,3.6709,1]},
{"frame":11,"values":[0.7708,0.157,0.6174,0,-0.1648,0.9853,-0.0447,0,-0.6154,-0.0673,0.7854,0,-0.0872,22.5476,3.6709,1]},
{"frame":12,"values":[0.7676,0.159,0.621,0,-0.1676,0.9848,-0.045,0,-0.6187,-0.0695,0.7826,0,-0.0872,22.5476,3.6709,1]},
{"frame":13,"values":[0.7643,0.1608,0.6245,0,-0.1696,0.9844,-0.0459,0,-0.6222,-0.0708,0.7797,0,-0.0872,22.5476,3.6709,1]},
{"frame":14,"values":[0.7622,0.157,0.628,0,-0.1681,0.9849,-0.0421,0,-0.6251,-0.0735,0.7771,0,-0.0872,22.5476,3.6709,1]},
{"frame":15,"values":[0.7591,0.1582,0.6315,0,-0.1713,0.9844,-0.0406,0,-0.6281,-0.0774,0.7743,0,-0.0872,22.5476,3.6709,1]},
{"frame":16,"values":[0.7559,0.1594,0.635,0,-0.1728,0.9841,-0.0412,0,-0.6315,-0.0786,0.7714,0,-0.0872,22.5476,3.6709,1]},
{"frame":17,"values":[0.7594,0.1539,0.6322,0,-0.1677,0.9851,-0.0383,0,-0.6286,-0.077,0.7739,0,-0.0872,22.5476,3.6709,1]},
{"frame":18,"values":[0.7594,0.1477,0.6336,0,-0.1625,0.9861,-0.0351,0,-0.63,-0.0763,0.7729,0,-0.0872,22.5476,3.6709,1]},
{"frame":19,"values":[0.758,0.149,0.635,0,-0.1633,0.9859,-0.0364,0,-0.6315,-0.0761,0.7717,0,-0.0872,22.5476,3.6709,1]},
{"frame":20,"values":[0.7597,0.1509,0.6325,0,-0.1643,0.9857,-0.0379,0,-0.6292,-0.0751,0.7736,0,-0.0872,22.5477,3.6709,1]},
{"frame":21,"values":[0.7614,0.1529,0.6301,0,-0.1653,0.9855,-0.0394,0,-0.6269,-0.0741,0.7755,0,-0.0872,22.5476,3.6709,1]},
{"frame":22,"values":[0.7637,0.1512,0.6276,0,-0.1617,0.986,-0.0409,0,-0.625,-0.0702,0.7775,0,-0.0872,22.5476,3.6709,1]},
{"frame":23,"values":[0.7661,0.1496,0.6251,0,-0.1627,0.986,-0.0366,0,-0.6218,-0.0737,0.7797,0,-0.0872,22.5476,3.6709,1]},
{"frame":24,"values":[0.7684,0.148,0.6226,0,-0.1637,0.986,-0.0323,0,-0.6186,-0.0771,0.7819,0,-0.0872,22.5476,3.6709,1]},
{"frame":25,"values":[0.778,0.1457,0.6111,0,-0.1639,0.9861,-0.0265,0,-0.6065,-0.0796,0.7911,0,-0.0872,22.5476,3.6709,1]}],"loopBehavior":1,"name":"anim","property":"_matrix"}},
{"name":"mixamorig:HeadTop_End","index":6,"matrix":[1,0,0,0,0,1,0,0,0,0,1,0,-0.8306,40.3552,7.8935,1],"rest":[1,0,0,0,0,1,0,0,0,0,1,0,-0.8306,40.3552,7.8935,1],"parentBoneIndex":5,"length":30.5923
,"animation":{"dataType":3,"framePerSecond":24,"keys":[
{"frame":1,"values":[1,0,0,0,0,1,0,0,0,0,1,0,-0.8306,40.3553,7.8935,1]},
{"frame":2,"values":[1,0,0,0,0,1,0,0,0,0,1,0,-0.8306,40.3552,7.8935,1]},
{"frame":25,"values":[1,0,0,0,0,1,0,0,0,0,1,0,-0.8306,40.3552,7.8935,1]}],"loopBehavior":1,"name":"anim","property":"_matrix"}},
{"name":"mixamorig:RightEye","index":7,"matrix":[1,0,0,0,0,1,0,0,0,0,1,0,-6.3021,18.1186,16.1971,1],"rest":[1,0,0,0,0,1,0,0,0,0,1,0,-6.3021,18.1186,16.1971,1],"parentBoneIndex":5,"length":30.5923
,"animation":{"dataType":3,"framePerSecond":24,"keys":[
{"frame":1,"values":[1,0,0,0,0,1,0,0,0,0,1,0,-6.3021,18.1187,16.1971,1]},
{"frame":2,"values":[1,0,0,0,0,1,0,0,0,0,1,0,-6.3021,18.1186,16.1971,1]},
{"frame":23,"values":[1,0,0,0,0,1,0,0,0,0,1,0,-6.3021,18.1185,16.1971,1]},
{"frame":24,"values":[1,0,0,0,0,1,0,0,0,0,1,0,-6.3021,18.1186,16.1971,1]},
{"frame":25,"values":[1,0,0,0,0,1,0,0,0,0,1,0,-6.3021,18.1186,16.1971,1]}],"loopBehavior":1,"name":"anim","property":"_matrix"}},
{"name":"mixamorig:LeftEye","index":8,"matrix":[1,0,0,0,0,1,0,0,0,0,1,0,6.7415,18.3827,16.4019,1],"rest":[1,0,0,0,0,1,0,0,0,0,1,0,6.7415,18.3827,16.4019,1],"parentBoneIndex":5,"length":30.5923
,"animation":{"dataType":3,"framePerSecond":24,"keys":[
{"frame":1,"values":[1,0,0,0,0,1,0,0,0,0,1,0,6.7415,18.3827,16.4019,1]},
{"frame":25,"values":[1,0,0,0,0,1,0,0,0,0,1,0,6.7415,18.3827,16.4019,1]}],"loopBehavior":1,"name":"anim","property":"_matrix"}},
{"name":"mixamorig:LeftShoulder","index":9,"matrix":[0.9249,-0.3732,0.0729,0,0.3712,0.9277,0.0395,0,-0.0824,-0.0094,0.9966,0,11.9249,18.2305,1.4254,1],"rest":[1,0.0062,0,0,-0.0062,1,0,0,0,0,1,0,11.9249,18.2305,1.4254,1],"parentBoneIndex":3,"length":25.9773
,"animation":{"dataType":3,"framePerSecond":24,"keys":[
{"frame":1,"values":[0.9245,-0.373,0.0789,0,0.371,0.9278,0.0394,0,-0.0879,-0.0072,0.9961,0,11.9249,18.2305,1.4254,1]},
{"frame":2,"values":[0.9252,-0.372,0.0753,0,0.37,0.9282,0.0398,0,-0.0847,-0.0089,0.9964,0,11.9249,18.2305,1.4254,1]},
{"frame":3,"values":[0.9258,-0.371,0.0718,0,0.369,0.9286,0.0402,0,-0.0815,-0.0107,0.9966,0,11.9249,18.2305,1.4254,1]},
{"frame":4,"values":[0.9263,-0.3699,0.0721,0,0.3678,0.929,0.0405,0,-0.082,-0.011,0.9966,0,11.9249,18.2305,1.4254,1]},
{"frame":5,"values":[0.9267,-0.3688,0.0724,0,0.3667,0.9294,0.0409,0,-0.0824,-0.0113,0.9965,0,11.9249,18.2305,1.4254,1]},
{"frame":6,"values":[0.9271,-0.3677,0.0728,0,0.3655,0.9299,0.0412,0,-0.0828,-0.0116,0.9965,0,11.9249,18.2305,1.4254,1]},
{"frame":7,"values":[0.9269,-0.3682,0.0731,0,0.3661,0.9297,0.0411,0,-0.0831,-0.0113,0.9965,0,11.9249,18.2305,1.4254,1]},
{"frame":8,"values":[0.9266,-0.3688,0.0734,0,0.3667,0.9294,0.041,0,-0.0834,-0.011,0.9965,0,11.9249,18.2305,1.4254,1]},
{"frame":9,"values":[0.9263,-0.3694,0.0738,0,0.3673,0.9292,0.0408,0,-0.0836,-0.0107,0.9964,0,11.9249,18.2305,1.4254,1]},
{"frame":10,"values":[0.9261,-0.3699,0.0741,0,0.3678,0.929,0.0407,0,-0.0839,-0.0104,0.9964,0,11.9249,18.2305,1.4254,1]},
{"frame":11,"values":[0.9259,-0.3703,0.0744,0,0.3682,0.9288,0.0406,0,-0.0842,-0.0102,0.9964,0,11.9249,18.2305,1.4254,1]},
{"frame":12,"values":[0.9257,-0.3707,0.0752,0,0.3686,0.9287,0.0405,0,-0.0848,-0.0097,0.9963,0,11.9249,18.2305,1.4254,1]},
{"frame":13,"values":[0.9255,-0.3711,0.0759,0,0.369,0.9285,0.0403,0,-0.0855,-0.0093,0.9963,0,11.9249,18.2305,1.4254,1]},
{"frame":14,"values":[0.9247,-0.3728,0.0767,0,0.3708,0.9279,0.0402,0,-0.0862,-0.0087,0.9962,0,11.9249,18.2305,1.4254,1]},
{"frame":15,"values":[0.9239,-0.3746,0.0774,0,0.3725,0.9271,0.0401,0,-0.0868,-0.0082,0.9962,0,11.9249,18.2305,1.4254,1]},
{"frame":16,"values":[0.9232,-0.3764,0.0782,0,0.3743,0.9264,0.0399,0,-0.0875,-0.0076,0.9961,0,11.9249,18.2305,1.4254,1]},
{"frame":17,"values":[0.9224,-0.3781,0.0789,0,0.3761,0.9257,0.0398,0,-0.0881,-0.007,0.9961,0,11.9249,18.2305,1.4254,1]},
{"frame":18,"values":[0.9218,-0.3794,0.0797,0,0.3773,0.9252,0.0395,0,-0.0887,-0.0063,0.996,0,11.9249,18.2305,1.4254,1]},
{"frame":19,"values":[0.9215,-0.3807,0.0774,0,0.3787,0.9247,0.0391,0,-0.0865,-0.0067,0.9962,0,11.9249,18.2305,1.4254,1]},
{"frame":20,"values":[0.9211,-0.382,0.0752,0,0.3801,0.9241,0.0388,0,-0.0843,-0.0072,0.9964,0,11.9249,18.2305,1.4254,1]},
{"frame":21,"values":[0.9224,-0.3794,0.0729,0,0.3775,0.9252,0.0384,0,-0.082,-0.0079,0.9966,0,11.9249,18.2305,1.4254,1]},
{"frame":22,"values":[0.9235,-0.3766,0.0729,0,0.3747,0.9263,0.0389,0,-0.0822,-0.0086,0.9966,0,11.9249,18.2305,1.4254,1]},
{"frame":23,"values":[0.9246,-0.3739,0.0729,0,0.3719,0.9274,0.0394,0,-0.0823,-0.0093,0.9966,0,11.9249,18.2305,1.4254,1]},
{"frame":24,"values":[0.9257,-0.3711,0.0729,0,0.3691,0.9285,0.0394,0,-0.0823,-0.0096,0.9966,0,11.9249,18.2305,1.4254,1]},
{"frame":25,"values":[0.9249,-0.3732,0.0729,0,0.3712,0.9277,0.0395,0,-0.0824,-0.0094,0.9966,0,11.9249,18.2305,1.4254,1]}],"loopBehavior":1,"name":"anim","property":"_matrix"}},
{"name":"mixamorig:LeftArm","index":10,"matrix":[0.5839,-0.81,-0.0542,0,0.8116,0.5841,0.0151,0,0.0195,-0.0528,0.9984,0,25.4312,-0.8546,-5.2293,1],"rest":[0.9983,0.0295,0.0512,0,-0.0294,0.9996,-0.0017,0,-0.0512,0.0002,0.9987,0,25.4312,-0.8546,-5.2293,1],"parentBoneIndex":9,"length":54.6847
,"animation":{"dataType":3,"framePerSecond":24,"keys":[
{"frame":1,"values":[0.5839,-0.81,-0.0542,0,0.8116,0.5841,0.0151,0,0.0195,-0.0528,0.9984,0,25.4312,-0.8546,-5.2293,1]},
{"frame":2,"values":[0.5823,-0.811,-0.0573,0,0.8129,0.5818,0.0263,0,0.012,-0.0618,0.998,0,25.4312,-0.8546,-5.2293,1]},
{"frame":3,"values":[0.5908,-0.8038,-0.0695,0,0.8068,0.5893,0.0428,0,0.0065,-0.0814,0.9967,0,25.4312,-0.8546,-5.2293,1]},
{"frame":4,"values":[0.6069,-0.7913,-0.0741,0,0.7948,0.6037,0.0626,0,-0.0048,-0.0969,0.9953,0,25.4312,-0.8546,-5.2293,1]},
{"frame":5,"values":[0.6206,-0.782,-0.0567,0,0.7837,0.6164,0.0761,0,-0.0246,-0.0917,0.9955,0,25.4312,-0.8546,-5.2293,1]},
{"frame":6,"values":[0.6318,-0.7742,-0.0373,0,0.7745,0.6287,0.0691,0,-0.03,-0.0726,0.9969,0,25.4312,-0.8546,-5.2293,1]},
{"frame":7,"values":[0.6428,-0.7657,-0.0232,0,0.7655,0.641,0.0552,0,-0.0274,-0.0533,0.9982,0,25.4312,-0.8546,-5.2293,1]},
{"frame":8,"values":[0.6503,-0.7596,-0.0096,0,0.7592,0.6494,0.0434,0,-0.0267,-0.0355,0.999,0,25.4312,-0.8546,-5.2293,1]},
{"frame":9,"values":[0.6554,-0.7553,0.0002,0,0.7549,0.6551,0.0313,0,-0.0238,-0.0203,0.9995,0,25.4312,-0.8547,-5.2293,1]},
{"frame":10,"values":[0.6545,-0.7561,0.0065,0,0.7556,0.6544,0.0288,0,-0.026,-0.014,0.9996,0,25.4312,-0.8546,-5.2293,1]},
{"frame":11,"values":[0.6573,-0.7536,0.0038,0,0.7532,0.6571,0.0304,0,-0.0254,-0.0171,0.9995,0,25.4312,-0.8546,-5.2293,1]},
{"frame":12,"values":[0.6563,-0.7545,0.0078,0,0.754,0.6562,0.0288,0,-0.0269,-0.013,0.9996,0,25.4312,-0.8546,-5.2293,1]},
{"frame":13,"values":[0.6553,-0.7554,0.0073,0,0.755,0.6552,0.0272,0,-0.0254,-0.0123,0.9996,0,25.4312,-0.8546,-5.2293,1]},
{"frame":14,"values":[0.6543,-0.7562,-0.0051,0,0.7561,0.654,0.0256,0,-0.016,-0.0206,0.9997,0,25.4312,-0.8547,-5.2293,1]},
{"frame":15,"values":[0.6485,-0.7612,-0.0061,0,0.761,0.6481,0.0291,0,-0.0182,-0.0235,0.9996,0,25.4312,-0.8547,-5.2293,1]},
{"frame":16,"values":[0.6381,-0.7699,-0.0096,0,0.7699,0.6378,0.0198,0,-0.0091,-0.02,0.9998,0,25.4312,-0.8547,-5.2293,1]},
{"frame":17,"values":[0.6275,-0.7784,-0.0207,0,0.7786,0.6274,0.0104,0,0.0049,-0.0226,0.9997,0,25.4312,-0.8546,-5.2293,1]},
{"frame":18,"values":[0.6153,-0.7876,-0.0317,0,0.7882,0.6152,0.0155,0,0.0073,-0.0345,0.9994,0,25.4312,-0.8547,-5.2293,1]},
{"frame":19,"values":[0.603,-0.7966,-0.0428,0,0.7977,0.6027,0.0204,0,0.0096,-0.0464,0.9989,0,25.4312,-0.8546,-5.2293,1]},
{"frame":20,"values":[0.5929,-0.8043,-0.039,0,0.8052,0.5928,0.0155,0,0.0107,-0.0406,0.9991,0,25.4312,-0.8547,-5.2293,1]},
{"frame":21,"values":[0.5886,-0.8075,-0.0395,0,0.8084,0.5885,0.0145,0,0.0115,-0.0404,0.9991,0,25.4312,-0.8546,-5.2293,1]},
{"frame":22,"values":[0.5842,-0.8106,-0.0402,0,0.8115,0.5841,0.0135,0,0.0125,-0.0405,0.9991,0,25.4312,-0.8546,-5.2293,1]},
{"frame":23,"values":[0.5798,-0.8139,-0.0374,0,0.8147,0.5798,0.0125,0,0.0116,-0.0377,0.9992,0,25.4312,-0.8547,-5.2293,1]},
{"frame":24,"values":[0.5753,-0.8169,-0.0421,0,0.8178,0.5754,0.0115,0,0.0149,-0.0411,0.999,0,25.4312,-0.8546,-5.2293,1]},
{"frame":25,"values":[0.5839,-0.81,-0.0542,0,0.8116,0.5841,0.0151,0,0.0195,-0.0528,0.9984,0,25.4312,-0.8546,-5.2293,1]}],"loopBehavior":1,"name":"anim","property":"_matrix"}},
{"name":"mixamorig:LeftForeArm","index":11,"matrix":[0.9256,-0.0063,0.3784,0,0.0109,0.9999,-0.0101,0,-0.3783,0.0135,0.9256,0,54.5783,-1.9463,-2.8009,1],"rest":[0.9943,-0.0088,-0.1062,0,0.0091,1,0.0028,0,0.1061,-0.0038,0.9943,0,54.5783,-1.9463,-2.8009,1],"parentBoneIndex":10,"length":55.0982
,"animation":{"dataType":3,"framePerSecond":24,"keys":[
{"frame":1,"values":[0.9256,-0.0063,0.3784,0,0.0109,0.9999,-0.0101,0,-0.3783,0.0135,0.9256,0,54.5783,-1.9463,-2.8009,1]},
{"frame":2,"values":[0.9268,-0.0063,0.3754,0,0.0109,0.9999,-0.01,0,-0.3753,0.0133,0.9268,0,54.5783,-1.9463,-2.8009,1]},
{"frame":3,"values":[0.9211,-0.0063,0.3892,0,0.011,0.9999,-0.0098,0,-0.3891,0.0133,0.9211,0,54.5783,-1.9463,-2.8009,1]},
{"frame":4,"values":[0.914,-0.0063,0.4056,0,0.0112,0.9999,-0.0096,0,-0.4055,0.0133,0.914,0,54.5783,-1.9463,-2.8009,1]},
{"frame":5,"values":[0.9177,-0.0064,0.3972,0,0.0111,0.9999,-0.0095,0,-0.3971,0.0132,0.9177,0,54.5783,-1.9463,-2.8009,1]},
{"frame":6,"values":[0.9236,-0.0065,0.3832,0,0.0109,0.9999,-0.0095,0,-0.3831,0.013,0.9236,0,54.5783,-1.9463,-2.8009,1]},
{"frame":7,"values":[0.927,-0.0065,0.3751,0,0.0108,0.9999,-0.0094,0,-0.375,0.0128,0.927,0,54.5783,-1.9463,-2.8009,1]},
{"frame":8,"values":[0.9323,-0.0066,0.3615,0,0.0107,0.9999,-0.0093,0,-0.3614,0.0126,0.9323,0,54.5783,-1.9462,-2.8009,1]},
{"frame":9,"values":[0.9376,-0.0067,0.3478,0,0.0106,0.9999,-0.0093,0,-0.3477,0.0124,0.9375,0,54.5783,-1.9462,-2.8009,1]},
{"frame":10,"values":[0.9412,-0.0068,0.3378,0,0.0105,0.9999,-0.0092,0,-0.3377,0.0122,0.9412,0,54.5783,-1.9463,-2.8009,1]},
{"frame":11,"values":[0.9404,-0.0068,0.34,0,0.0105,0.9999,-0.0091,0,-0.3399,0.0121,0.9404,0,54.5783,-1.9463,-2.8009,1]},
{"frame":12,"values":[0.9434,-0.0069,0.3317,0,0.0104,0.9999,-0.0088,0,-0.3316,0.0118,0.9433,0,54.5783,-1.9463,-2.8009,1]},
{"frame":13,"values":[0.9427,-0.0069,0.3337,0,0.0104,0.9999,-0.009,0,-0.3336,0.0119,0.9427,0,54.5783,-1.9463,-2.8009,1]},
{"frame":14,"values":[0.9363,-0.0068,0.3511,0,0.0106,0.9999,-0.009,0,-0.351,0.0122,0.9363,0,54.5783,-1.9463,-2.8009,1]},
{"frame":15,"values":[0.9377,-0.0067,0.3475,0,0.0106,0.9999,-0.0092,0,-0.3474,0.0123,0.9376,0,54.5783,-1.9463,-2.8009,1]},
{"frame":16,"values":[0.938,-0.0067,0.3466,0,0.0106,0.9999,-0.0093,0,-0.3466,0.0124,0.9379,0,54.5783,-1.9463,-2.8009,1]},
{"frame":17,"values":[0.9383,-0.0067,0.3458,0,0.0106,0.9999,-0.0094,0,-0.3457,0.0125,0.9383,0,54.5783,-1.9463,-2.8009,1]},
{"frame":18,"values":[0.9357,-0.0066,0.3528,0,0.0106,0.9999,-0.0095,0,-0.3527,0.0126,0.9356,0,54.5783,-1.9463,-2.8009,1]},
{"frame":19,"values":[0.933,-0.0065,0.3599,0,0.0107,0.9999,-0.0096,0,-0.3598,0.0128,0.933,0,54.5783,-1.9463,-2.8009,1]},
{"frame":20,"values":[0.9322,-0.0065,0.3618,0,0.0107,0.9999,-0.0097,0,-0.3617,0.0129,0.9322,0,54.5783,-1.9463,-2.8009,1]},
{"frame":21,"values":[0.9314,-0.0064,0.3638,0,0.0107,0.9999,-0.0098,0,-0.3637,0.013,0.9314,0,54.5783,-1.9463,-2.8009,1]},
{"frame":22,"values":[0.9296,-0.0064,0.3686,0,0.0108,0.9999,-0.0098,0,-0.3685,0.0131,0.9295,0,54.5783,-1.9463,-2.8009,1]},
{"frame":23,"values":[0.9303,-0.0064,0.3668,0,0.0108,0.9999,-0.0099,0,-0.3667,0.0132,0.9302,0,54.5783,-1.9463,-2.8009,1]},
{"frame":24,"values":[0.9284,-0.0063,0.3716,0,0.0108,0.9999,-0.01,0,-0.3715,0.0133,0.9283,0,54.5783,-1.9463,-2.8009,1]},
{"frame":25,"values":[0.9256,-0.0063,0.3784,0,0.0109,0.9999,-0.0101,0,-0.3783,0.0135,0.9256,0,54.5783,-1.9463,-2.8009,1]}],"loopBehavior":1,"name":"anim","property":"_matrix"}},
{"name":"mixamorig:LeftHand","index":12,"matrix":[0.9912,0.1295,-0.0285,0,-0.126,0.9869,0.1008,0,0.0412,-0.0963,0.9945,0,54.9948,-1.4671,3.0376,1],"rest":[0.9961,0.088,0.001,0,-0.0871,0.9842,0.154,0,0.0125,-0.1535,0.9881,0,54.9948,-1.4671,3.0376,1],"parentBoneIndex":11,"length":20.3347
,"animation":{"dataType":3,"framePerSecond":24,"keys":[
{"frame":1,"values":[0.9912,0.1295,-0.0285,0,-0.126,0.9869,0.1008,0,0.0412,-0.0963,0.9945,0,54.9948,-1.4671,3.0376,1]},
{"frame":2,"values":[0.9922,0.1207,-0.0307,0,-0.1161,0.9855,0.1235,0,0.0451,-0.119,0.9919,0,54.9948,-1.4671,3.0376,1]},
{"frame":3,"values":[0.9919,0.1241,-0.0284,0,-0.1193,0.9839,0.1331,0,0.0445,-0.1287,0.9907,0,54.9948,-1.4671,3.0376,1]},
{"frame":4,"values":[0.9916,0.1242,-0.0375,0,-0.1184,0.9845,0.1295,0,0.053,-0.1239,0.9909,0,54.9948,-1.4671,3.0376,1]},
{"frame":5,"values":[0.9918,0.1204,-0.0419,0,-0.1145,0.9858,0.123,0,0.0561,-0.1172,0.9915,0,54.9948,-1.4671,3.0376,1]},
{"frame":6,"values":[0.9904,0.1347,-0.031,0,-0.13,0.9838,0.1233,0,0.0471,-0.118,0.9919,0,54.9948,-1.4671,3.0376,1]},
{"frame":7,"values":[0.9905,0.1342,-0.0281,0,-0.1307,0.9861,0.1029,0,0.0416,-0.0983,0.9943,0,54.9948,-1.4671,3.0376,1]},
{"frame":8,"values":[0.9903,0.1375,-0.0215,0,-0.1358,0.9885,0.0663,0,0.0304,-0.0627,0.9976,0,54.9948,-1.4671,3.0376,1]},
{"frame":9,"values":[0.9891,0.1464,-0.0145,0,-0.1457,0.9885,0.0396,0,0.0201,-0.037,0.9991,0,54.9948,-1.4671,3.0376,1]},
{"frame":10,"values":[0.9888,0.1489,-0.0114,0,-0.1483,0.9882,0.0385,0,0.017,-0.0364,0.9992,0,54.9948,-1.4671,3.0376,1]},
{"frame":11,"values":[0.99,0.14,-0.0147,0,-0.1392,0.9892,0.045,0,0.0209,-0.0425,0.9989,0,54.9948,-1.4671,3.0376,1]},
{"frame":12,"values":[0.9905,0.1374,-0.0072,0,-0.1367,0.9886,0.0625,0,0.0157,-0.061,0.998,0,54.9948,-1.4671,3.0376,1]},
{"frame":13,"values":[0.9895,0.1443,-0.0074,0,-0.1435,0.9875,0.0653,0,0.0167,-0.0635,0.9978,0,54.9948,-1.4671,3.0376,1]},
{"frame":14,"values":[0.9901,0.1396,-0.017,0,-0.1384,0.9886,0.0596,0,0.0251,-0.0566,0.9981,0,54.9948,-1.4671,3.0376,1]},
{"frame":15,"values":[0.9897,0.1421,-0.0148,0,-0.1411,0.9885,0.0538,0,0.0223,-0.0512,0.9984,0,54.9948,-1.4671,3.0376,1]},
{"frame":16,"values":[0.9894,0.1445,-0.0127,0,-0.1436,0.9883,0.0521,0,0.0201,-0.0498,0.9986,0,54.9948,-1.4671,3.0376,1]},
{"frame":17,"values":[0.9891,0.1469,-0.0105,0,-0.1462,0.988,0.0504,0,0.0178,-0.0483,0.9987,0,54.9948,-1.4671,3.0376,1]},
{"frame":18,"values":[0.9895,0.1442,-0.0116,0,-0.1432,0.9879,0.0601,0,0.0201,-0.0578,0.9981,0,54.9948,-1.4671,3.0376,1]},
{"frame":19,"values":[0.9899,0.1415,-0.0126,0,-0.1402,0.9877,0.0697,0,0.0223,-0.0672,0.9975,0,54.9948,-1.4671,3.0376,1]},
{"frame":20,"values":[0.9902,0.1387,-0.0138,0,-0.1372,0.9874,0.0793,0,0.0246,-0.0766,0.9968,0,54.9948,-1.4671,3.0376,1]},
{"frame":21,"values":[0.9906,0.136,-0.0149,0,-0.1342,0.987,0.0889,0,0.0268,-0.0861,0.9959,0,54.9948,-1.4671,3.0376,1]},
{"frame":22,"values":[0.9909,0.1334,-0.016,0,-0.1312,0.9865,0.0985,0,0.029,-0.0955,0.995,0,54.9948,-1.4671,3.0376,1]},
{"frame":23,"values":[0.9913,0.1307,-0.0172,0,-0.1281,0.9859,0.1081,0,0.0311,-0.105,0.994,0,54.9948,-1.4671,3.0376,1]},
{"frame":24,"values":[0.9916,0.128,-0.0184,0,-0.125,0.9852,0.1177,0,0.0332,-0.1144,0.9929,0,54.9948,-1.4671,3.0376,1]},
{"frame":25,"values":[0.9912,0.1295,-0.0285,0,-0.126,0.9869,0.1008,0,0.0412,-0.0963,0.9945,0,54.9948,-1.4671,3.0376,1]}],"loopBehavior":1,"name":"anim","property":"_matrix"}},
{"name":"mixamorig:LeftHandMiddle1","index":13,"matrix":[0.7466,-0.6646,0.0293,0,0.6639,0.7471,0.0319,0,-0.0431,-0.0044,0.9991,0,23.1821,-2.445,1.6605,1],"rest":[0.9974,-0.0561,0.045,0,0.0561,0.9984,0.0005,0,-0.045,0.002,0.999,0,23.1821,-2.445,1.6605,1],"parentBoneIndex":12,"length":6.3787
,"animation":{"dataType":3,"framePerSecond":24,"keys":[
{"frame":1,"values":[0.7467,-0.6647,0.0251,0,0.664,0.7471,0.0325,0,-0.0404,-0.0076,0.9992,0,23.1821,-2.445,1.6605,1]},
{"frame":2,"values":[0.7488,-0.6623,0.0252,0,0.6615,0.7492,0.0328,0,-0.0406,-0.0079,0.9991,0,23.1821,-2.445,1.6605,1]},
{"frame":3,"values":[0.747,-0.6643,0.0253,0,0.6635,0.7474,0.033,0,-0.0408,-0.0079,0.9991,0,23.1821,-2.445,1.6605,1]},
{"frame":4,"values":[0.7429,-0.6689,0.0254,0,0.6681,0.7433,0.0333,0,-0.0411,-0.0078,0.9991,0,23.1821,-2.445,1.6605,1]},
{"frame":5,"values":[0.7343,-0.6783,0.0254,0,0.6775,0.7347,0.0335,0,-0.0414,-0.0074,0.9991,0,23.1821,-2.445,1.6605,1]},
{"frame":6,"values":[0.7316,-0.6812,0.0256,0,0.6804,0.732,0.0335,0,-0.0416,-0.0071,0.9991,0,23.1821,-2.445,1.6605,1]},
{"frame":7,"values":[0.7298,-0.6832,0.0258,0,0.6824,0.7302,0.0335,0,-0.0418,-0.0068,0.9991,0,23.1821,-2.445,1.6605,1]},
{"frame":8,"values":[0.7305,-0.6824,0.026,0,0.6816,0.731,0.0335,0,-0.0419,-0.0067,0.9991,0,23.1821,-2.445,1.6605,1]},
{"frame":9,"values":[0.7332,-0.6795,0.0262,0,0.6787,0.7337,0.0335,0,-0.042,-0.0068,0.9991,0,23.1821,-2.445,1.6605,1]},
{"frame":10,"values":[0.7345,-0.6781,0.0264,0,0.6773,0.7349,0.0335,0,-0.0421,-0.0067,0.9991,0,23.1821,-2.445,1.6605,1]},
{"frame":11,"values":[0.7348,-0.6777,0.0266,0,0.6769,0.7353,0.0333,0,-0.0421,-0.0065,0.9991,0,23.1821,-2.445,1.6605,1]},
{"frame":12,"values":[0.7373,-0.675,0.0271,0,0.6743,0.7377,0.0331,0,-0.0424,-0.0061,0.9991,0,23.1821,-2.445,1.6605,1]},
{"frame":13,"values":[0.7449,-0.6666,0.0277,0,0.6658,0.7454,0.033,0,-0.0426,-0.0061,0.9991,0,23.1821,-2.445,1.6605,1]},
{"frame":14,"values":[0.7453,-0.6661,0.0282,0,0.6653,0.7458,0.0328,0,-0.0429,-0.0057,0.9991,0,23.1821,-2.445,1.6605,1]},
{"frame":15,"values":[0.7405,-0.6715,0.0287,0,0.6707,0.741,0.0326,0,-0.0432,-0.0049,0.9991,0,23.1821,-2.445,1.6605,1]},
{"frame":16,"values":[0.7497,-0.6612,0.0292,0,0.6604,0.7502,0.0325,0,-0.0434,-0.005,0.999,0,23.1821,-2.445,1.6605,1]},
{"frame":17,"values":[0.7587,-0.6508,0.0298,0,0.65,0.7592,0.0323,0,-0.0436,-0.0052,0.999,0,23.1821,-2.445,1.6605,1]},
{"frame":18,"values":[0.7544,-0.6557,0.0303,0,0.655,0.755,0.0321,0,-0.0439,-0.0044,0.999,0,23.1821,-2.445,1.6605,1]},
{"frame":19,"values":[0.75,-0.6607,0.0308,0,0.6599,0.7507,0.032,0,-0.0442,-0.0036,0.999,0,23.1821,-2.445,1.6605,1]},
{"frame":20,"values":[0.7513,-0.6592,0.0307,0,0.6585,0.7519,0.0319,0,-0.0442,-0.0038,0.999,0,23.1821,-2.445,1.6605,1]},
{"frame":21,"values":[0.7493,-0.6615,0.0307,0,0.6608,0.7499,0.0319,0,-0.0441,-0.0037,0.999,0,23.1821,-2.445,1.6605,1]},
{"frame":22,"values":[0.7473,-0.6638,0.0306,0,0.6631,0.7479,0.0319,0,-0.0441,-0.0036,0.999,0,23.1821,-2.445,1.6605,1]},
{"frame":23,"values":[0.7452,-0.6661,0.0305,0,0.6654,0.7458,0.0319,0,-0.044,-0.0035,0.999,0,23.1821,-2.445,1.6605,1]},
{"frame":24,"values":[0.7451,-0.6663,0.0293,0,0.6656,0.7457,0.0319,0,-0.0431,-0.0043,0.9991,0,23.1821,-2.445,1.6605,1]},
{"frame":25,"values":[0.7466,-0.6646,0.0293,0,0.6639,0.7471,0.0319,0,-0.0431,-0.0044,0.9991,0,23.1821,-2.445,1.6605,1]}],"loopBehavior":1,"name":"anim","property":"_matrix"}},
{"name":"mixamorig:LeftHandMiddle2","index":14,"matrix":[0.9165,-0.3993,0.024,0,0.3991,0.9168,0.0136,0,-0.0275,-0.0029,0.9996,0,6.3689,-0.3109,0.167,1],"rest":[0.991,0.1341,-0.0042,0,-0.1342,0.991,-0.0031,0,0.0038,0.0036,1,0,6.3689,-0.3109,0.167,1],"parentBoneIndex":13,"length":6.1483
,"animation":{"dataType":3,"framePerSecond":24,"keys":[
{"frame":1,"values":[0.9165,-0.3994,0.024,0,0.3992,0.9168,0.0136,0,-0.0275,-0.0029,0.9996,0,6.3689,-0.3109,0.167,1]},
{"frame":2,"values":[0.9164,-0.3996,0.024,0,0.3994,0.9167,0.0136,0,-0.0275,-0.0029,0.9996,0,6.3689,-0.3109,0.167,1]},
