{"producer":{"name":"Blender","version":"2.79 (sub 0)","exporter_version":"5.6.4","file":"casualturnleft.babylon"},
"autoClear":true,"clearColor":[0.0509,0.0509,0.0509],"ambientColor":[0,0,0],"gravity":[0,-9.81,0],
"materials":[{"name":"casualturnleft.Material","id":"casualturnleft.Material","ambient":[0,0,0],"diffuse":[0,0,0],"specular":[0,0,0],"emissive":[0,0,0],"specularPower":50,"alpha":0.001,"backFaceCulling":true,"checkReadyOnlyOnce":false,"maxSimultaneousLights":4}],
"multiMaterials":[],
"skeletons":[{"name":"Armature","id":0,"dimensionsAtRest":[379.1952,391.6652,55.677],"bones":[
{"name":"mixamorig:Hips","index":0,"matrix":[0.0066,-0.0256,0.9997,0,-0.0927,0.9954,0.0261,0,0.9957,0.0929,-0.0042,0,23.2396,200.0561,-4.6903,1],"rest":[1,0,0,0,0,1,0,0,0,0,-1,0,0,201.6394,0,1],"parentBoneIndex":-1,"length":21.6784
,"animation":{"dataType":3,"framePerSecond":24,"keys":[
{"frame":1,"values":[0.9943,-0.0256,-0.1033,0,0.0349,0.9954,0.0898,0,-0.1005,0.0929,-0.9906,0,0.2861,200.0561,0.5687,1]},
{"frame":2,"values":[0.9997,-0.0229,-0.0023,0,0.023,0.9959,0.0877,0,-0.0002,0.0877,-0.9961,0,-2.2987,200.3521,0.0772,1]},
{"frame":3,"values":[0.9964,-0.0162,0.0836,0,0.01,0.9971,0.0751,0,0.0846,0.074,-0.9937,0,-4.5263,200.4444,-0.0149,1]},
{"frame":4,"values":[0.9897,-0.0149,0.1423,0,0.0053,0.9977,0.0681,0,0.1429,0.0666,-0.9875,0,-6.4835,200.3959,0.1765,1]},
{"frame":5,"values":[0.978,-0.0151,0.208,0,0.0004,0.9975,0.0702,0,0.2086,0.0686,-0.9756,0,-8.0969,200.4784,0.4428,1]},
{"frame":6,"values":[0.9619,-0.014,0.2729,0,-0.005,0.9976,0.0689,0,0.2732,0.0676,-0.9596,0,-8.6923,200.6185,0.6448,1]},
{"frame":7,"values":[0.9415,-0.0174,0.3365,0,-0.005,0.9978,0.0655,0,0.3369,0.0633,-0.9394,0,-9.2876,200.7696,0.646,1]},
{"frame":8,"values":[0.9169,-0.0196,0.3986,0,-0.0068,0.9979,0.0647,0,0.399,0.062,-0.9148,0,-9.8829,200.9592,0.5417,1]},
{"frame":9,"values":[0.8882,-0.0193,0.459,0,-0.0108,0.998,0.0629,0,0.4592,0.0608,-0.8862,0,-7.9352,201.1195,0.4705,1]},
{"frame":10,"values":[0.8556,-0.0203,0.5173,0,-0.0124,0.9981,0.0598,0,0.5175,0.0576,-0.8537,0,-5.9875,201.2798,1.0613,1]},
{"frame":11,"values":[0.8191,-0.0211,0.5732,0,-0.0138,0.9983,0.0566,0,0.5735,0.0543,-0.8174,0,-4.0398,201.4402,1.6521,1]},
{"frame":12,"values":[0.779,-0.0217,0.6267,0,-0.0298,0.997,0.0715,0,0.6263,0.0744,-0.776,0,-2.0921,200.9264,2.2429,1]},
{"frame":13,"values":[0.7358,-0.0144,0.677,0,-0.0567,0.995,0.0828,0,0.6748,0.0993,-0.7313,0,-0.1444,200.4126,2.8336,1]},
{"frame":14,"values":[0.689,-0.0088,0.7247,0,-0.0843,0.9922,0.0921,0,0.7198,0.1246,-0.6829,0,1.8033,199.8988,3.4244,1]},
{"frame":15,"values":[0.639,-0.0049,0.7692,0,-0.1124,0.9887,0.0996,0,0.761,0.1501,-0.6312,0,3.751,199.3849,4.0152,1]},
{"frame":16,"values":[0.5861,-0.0027,0.8103,0,-0.1408,0.9844,0.1051,0,0.7979,0.1757,-0.5766,0,5.6987,198.8711,4.606,1]},
{"frame":17,"values":[0.5307,-0.0023,0.8476,0,-0.1694,0.9795,0.1087,0,0.8305,0.2012,-0.5195,0,7.6464,198.3573,5.1968,1]},
{"frame":18,"values":[0.4725,-0.0193,0.8811,0,-0.1602,0.9812,0.1074,0,0.8666,0.1919,-0.4606,0,9.5941,197.8435,4.0315,1]},
{"frame":19,"values":[0.4125,-0.0224,0.9107,0,-0.1532,0.9838,0.0936,0,0.898,0.1781,-0.4024,0,11.5417,198.152,2.8661,1]},
{"frame":20,"values":[0.3503,-0.0246,0.9363,0,-0.1452,0.9862,0.0802,0,0.9253,0.164,-0.3419,0,13.4894,198.4606,1.7007,1]},
{"frame":21,"values":[0.2863,-0.0258,0.9578,0,-0.1363,0.9884,0.0673,0,0.9484,0.1498,-0.2795,0,15.4371,198.7691,0.5354,1]},
{"frame":22,"values":[0.2211,-0.026,0.9749,0,-0.1265,0.9904,0.0551,0,0.967,0.1355,-0.2157,0,17.3848,199.0777,-0.63,1]},
{"frame":23,"values":[0.155,-0.0252,0.9876,0,-0.1159,0.9923,0.0436,0,0.9811,0.1212,-0.1509,0,19.3325,199.3862,-1.7953,1]},
{"frame":24,"values":[0.0885,-0.0235,0.9958,0,-0.1045,0.994,0.0328,0,0.9906,0.107,-0.0855,0,21.2802,199.6947,-2.9607,1]},
{"frame":25,"values":[0.0066,-0.0256,0.9997,0,-0.0927,0.9954,0.0261,0,0.9957,0.0929,-0.0042,0,23.2396,200.0561,-4.6903,1]}],"loopBehavior":1,"name":"anim","property":"_matrix"}},
{"name":"mixamorig:Spine","index":1,"matrix":[0.9997,0.0055,-0.0228,0,-0.0028,0.9929,0.1187,0,0.0233,-0.1186,0.9927,0,0.0062,19.525,-2.4818,1],"rest":[1,0,0,0,0,1,0,0,0,0,1,0,0.0062,19.525,-2.4818,1],"parentBoneIndex":0,"length":23.0091
,"animation":{"dataType":3,"framePerSecond":24,"keys":[
{"frame":1,"values":[0.9997,0.0085,-0.0228,0,-0.0058,0.9929,0.1187,0,0.0237,-0.1185,0.9927,0,0.0062,19.525,-2.4818,1]},
{"frame":2,"values":[0.9996,0.0071,-0.0291,0,-0.0037,0.9934,0.1143,0,0.0297,-0.1142,0.993,0,0.0062,19.525,-2.4818,1]},
{"frame":3,"values":[0.9989,0.0056,-0.046,0,-0.0007,0.9942,0.1073,0,0.0464,-0.1072,0.9932,0,0.0062,19.525,-2.4818,1]},
{"frame":4,"values":[0.9977,0.0042,-0.0674,0,0.0032,0.9941,0.1087,0,0.0675,-0.1086,0.9918,0,0.0062,19.525,-2.4818,1]},
{"frame":5,"values":[0.9969,0.0028,-0.0782,0,0.0063,0.9932,0.1158,0,0.078,-0.116,0.9902,0,0.0062,19.525,-2.4818,1]},
{"frame":6,"values":[0.9971,0.0013,-0.0762,0,0.0075,0.9932,0.1159,0,0.0758,-0.1161,0.9903,0,0.0062,19.525,-2.4818,1]},
{"frame":7,"values":[0.9978,-0.0001,-0.0666,0,0.0075,0.9938,0.1108,0,0.0662,-0.111,0.9916,0,0.0062,19.525,-2.4818,1]},
{"frame":8,"values":[0.9981,0.0013,-0.0622,0,0.0054,0.9942,0.1076,0,0.062,-0.1077,0.9922,0,0.0062,19.525,-2.4818,1]},
{"frame":9,"values":[0.998,0.0028,-0.0635,0,0.0038,0.9947,0.1031,0,0.0634,-0.1031,0.9926,0,0.0062,19.525,-2.4818,1]},
{"frame":10,"values":[0.9979,0.0042,-0.0652,0,0.0022,0.9951,0.0985,0,0.0653,-0.0985,0.993,0,0.0062,19.525,-2.4818,1]},
{"frame":11,"values":[0.9982,0.0057,-0.059,0,-0.0001,0.9956,0.094,0,0.0592,-0.0938,0.9938,0,0.0062,19.525,-2.4818,1]},
{"frame":12,"values":[0.9986,0.0071,-0.0527,0,-0.0024,0.996,0.0895,0,0.0531,-0.0892,0.9946,0,0.0062,19.525,-2.4818,1]},
{"frame":13,"values":[0.9989,0.0086,-0.0464,0,-0.0042,0.9956,0.0934,0,0.047,-0.0931,0.9945,0,0.0062,19.525,-2.4818,1]},
{"frame":14,"values":[0.9988,0.01,-0.0489,0,-0.0052,0.9952,0.0973,0,0.0497,-0.0969,0.9941,0,0.0062,19.525,-2.4818,1]},
{"frame":15,"values":[0.9986,0.0115,-0.0514,0,-0.0062,0.9949,0.1011,0,0.0523,-0.1007,0.9935,0,0.0062,19.525,-2.4818,1]},
{"frame":16,"values":[0.9985,0.0108,-0.054,0,-0.0051,0.9945,0.105,0,0.0548,-0.1046,0.993,0,0.0062,19.525,-2.4818,1]},
{"frame":17,"values":[0.9989,0.0102,-0.0465,0,-0.0051,0.994,0.1089,0,0.0473,-0.1085,0.993,0,0.0062,19.525,-2.4818,1]},
{"frame":18,"values":[0.9992,0.0096,-0.039,0,-0.0052,0.9936,0.1128,0,0.0398,-0.1125,0.9929,0,0.0062,19.525,-2.4818,1]},
{"frame":19,"values":[0.9995,0.009,-0.0315,0,-0.0052,0.9932,0.1167,0,0.0323,-0.1165,0.9927,0,0.0062,19.525,-2.4818,1]},
{"frame":20,"values":[0.9997,0.0083,-0.024,0,-0.0053,0.9927,0.1206,0,0.0249,-0.1204,0.9924,0,0.0062,19.525,-2.4818,1]},
{"frame":21,"values":[0.9998,0.0076,-0.0166,0,-0.0055,0.9922,0.1245,0,0.0174,-0.1244,0.9921,0,0.0062,19.525,-2.4818,1]},
{"frame":22,"values":[0.9999,0.0069,-0.0091,0,-0.0056,0.9917,0.1284,0,0.0099,-0.1283,0.9917,0,0.0062,19.525,-2.4818,1]},
{"frame":23,"values":[0.9999,0.0062,-0.0106,0,-0.0047,0.9912,0.1322,0,0.0114,-0.1322,0.9912,0,0.0062,19.525,-2.4818,1]},
{"frame":24,"values":[0.9999,0.0055,-0.0122,0,-0.0039,0.9918,0.1277,0,0.0128,-0.1277,0.9917,0,0.0062,19.525,-2.4818,1]},
{"frame":25,"values":[0.9997,0.0055,-0.0228,0,-0.0028,0.9929,0.1187,0,0.0233,-0.1186,0.9927,0,0.0062,19.525,-2.4818,1]}],"loopBehavior":1,"name":"anim","property":"_matrix"}},
{"name":"mixamorig:Spine1","index":2,"matrix":[1,-0.0026,-0.0033,0,0.0026,1,0.0057,0,0.0033,-0.0057,1,0,-0.0009,22.835,-2.8254,1],"rest":[1,0,0,0,0,1,0,0,0,0,1,0,-0.0009,22.835,-2.8254,1],"parentBoneIndex":1,"length":26.7438
,"animation":{"dataType":3,"framePerSecond":24,"keys":[
{"frame":1,"values":[1,-0.0023,-0.0062,0,0.0024,1,0.0057,0,0.0062,-0.0057,1,0,-0.0009,22.835,-2.8254,1]},
{"frame":2,"values":[1,-0.0028,-0.0068,0,0.0029,1,0.004,0,0.0068,-0.0041,1,0,-0.0009,22.835,-2.8254,1]},
{"frame":3,"values":[1,-0.0033,-0.0073,0,0.0033,1,0.0012,0,0.0073,-0.0012,1,0,-0.0009,22.835,-2.8254,1]},
{"frame":4,"values":[1,-0.0038,-0.0079,0,0.0038,1,0.0011,0,0.0079,-0.0011,1,0,-0.0009,22.835,-2.8254,1]},
{"frame":5,"values":[1,-0.0043,-0.0085,0,0.0043,1,0.0024,0,0.0084,-0.0025,1,0,-0.0009,22.835,-2.8254,1]},
{"frame":6,"values":[0.9999,-0.0048,-0.009,0,0.0048,1,0.0026,0,0.009,-0.0026,1,0,-0.0009,22.835,-2.8254,1]},
{"frame":7,"values":[0.9999,-0.0053,-0.0096,0,0.0053,1,0.002,0,0.0096,-0.0021,1,0,-0.0009,22.835,-2.8254,1]},
{"frame":8,"values":[0.9999,-0.0058,-0.0101,0,0.0058,1,0.0014,0,0.0101,-0.0014,0.9999,0,-0.0009,22.835,-2.8254,1]},
{"frame":9,"values":[0.9999,-0.0052,-0.0107,0,0.0052,1,0.0007,0,0.0107,-0.0007,0.9999,0,-0.0009,22.835,-2.8254,1]},
{"frame":10,"values":[0.9999,-0.0045,-0.0113,0,0.0045,1,0,0,0.0113,0,0.9999,0,-0.0009,22.835,-2.8254,1]},
{"frame":11,"values":[0.9999,-0.0039,-0.0118,0,0.0039,1,-0.0007,0,0.0118,0.0007,0.9999,0,-0.0009,22.835,-2.8254,1]},
{"frame":12,"values":[0.9999,-0.0032,-0.0124,0,0.0032,1,-0.0014,0,0.0124,0.0014,0.9999,0,-0.0009,22.835,-2.8254,1]},
{"frame":13,"values":[0.9999,-0.0026,-0.013,0,0.0026,1,-0.0004,0,0.013,0.0003,0.9999,0,-0.0009,22.835,-2.8254,1]},
{"frame":14,"values":[0.9999,-0.0026,-0.0135,0,0.0026,1,0.0007,0,0.0135,-0.0007,0.9999,0,-0.0009,22.835,-2.8254,1]},
{"frame":15,"values":[0.9999,-0.0026,-0.0141,0,0.0026,1,0.0017,0,0.0141,-0.0018,0.9999,0,-0.0009,22.835,-2.8254,1]},
{"frame":16,"values":[0.9999,-0.0026,-0.0146,0,0.0027,1,0.0028,0,0.0146,-0.0028,0.9999,0,-0.0009,22.835,-2.8254,1]},
{"frame":17,"values":[0.9999,-0.0026,-0.0132,0,0.0027,1,0.0038,0,0.0132,-0.0039,0.9999,0,-0.0009,22.835,-2.8254,1]},
{"frame":18,"values":[0.9999,-0.0026,-0.0118,0,0.0027,1,0.0049,0,0.0118,-0.0049,0.9999,0,-0.0009,22.835,-2.8254,1]},
{"frame":19,"values":[0.9999,-0.0026,-0.0104,0,0.0027,1,0.0059,0,0.0104,-0.006,0.9999,0,-0.0009,22.835,-2.8254,1]},
{"frame":20,"values":[1,-0.0026,-0.009,0,0.0027,1,0.007,0,0.009,-0.007,0.9999,0,-0.0009,22.835,-2.8254,1]},
{"frame":21,"values":[1,-0.0026,-0.0076,0,0.0027,1,0.0081,0,0.0076,-0.0081,0.9999,0,-0.0009,22.835,-2.8254,1]},
{"frame":22,"values":[1,-0.0026,-0.0062,0,0.0027,1,0.0091,0,0.0061,-0.0091,0.9999,0,-0.0009,22.835,-2.8254,1]},
{"frame":23,"values":[1,-0.0026,-0.0048,0,0.0027,0.9999,0.0102,0,0.0047,-0.0102,0.9999,0,-0.0009,22.835,-2.8254,1]},
{"frame":24,"values":[1,-0.0026,-0.0033,0,0.0026,1,0.0089,0,0.0033,-0.0089,1,0,-0.0009,22.835,-2.8254,1]},
{"frame":25,"values":[1,-0.0026,-0.0033,0,0.0026,1,0.0057,0,0.0033,-0.0057,1,0,-0.0009,22.835,-2.8254,1]}],"loopBehavior":1,"name":"anim","property":"_matrix"}},
{"name":"mixamorig:Spine2","index":3,"matrix":[1,-0.0016,-0.0034,0,0.0016,1,0.0057,0,0.0034,-0.0057,1,0,-0.0206,26.5525,-3.1933,1],"rest":[1,0,0,0,0,1,0,0,0,0,1,0,-0.0206,26.5525,-3.1933,1],"parentBoneIndex":2,"length":24.825
,"animation":{"dataType":3,"framePerSecond":24,"keys":[
{"frame":1,"values":[1,-0.0026,-0.0062,0,0.0026,1,0.0057,0,0.0062,-0.0057,1,0,-0.0206,26.5525,-3.1933,1]},
{"frame":2,"values":[1,-0.003,-0.0067,0,0.003,1,0.004,0,0.0067,-0.004,1,0,-0.0206,26.5525,-3.1933,1]},
{"frame":3,"values":[1,-0.0034,-0.0073,0,0.0035,1,0.0012,0,0.0073,-0.0012,1,0,-0.0206,26.5525,-3.1933,1]},
{"frame":4,"values":[1,-0.0039,-0.0079,0,0.0039,1,0.0011,0,0.0079,-0.0011,1,0,-0.0206,26.5525,-3.1933,1]},
{"frame":5,"values":[1,-0.0043,-0.0084,0,0.0043,1,0.0024,0,0.0084,-0.0024,1,0,-0.0206,26.5525,-3.1933,1]},
{"frame":6,"values":[0.9999,-0.0047,-0.009,0,0.0047,1,0.0026,0,0.009,-0.0026,1,0,-0.0206,26.5525,-3.1933,1]},
{"frame":7,"values":[0.9999,-0.0051,-0.0096,0,0.0051,1,0.002,0,0.0096,-0.002,1,0,-0.0206,26.5525,-3.1933,1]},
{"frame":8,"values":[0.9999,-0.0055,-0.0101,0,0.0056,1,0.0013,0,0.0101,-0.0014,0.9999,0,-0.0206,26.5525,-3.1933,1]},
{"frame":9,"values":[0.9999,-0.006,-0.0107,0,0.006,1,0.0006,0,0.0107,-0.0007,0.9999,0,-0.0206,26.5525,-3.1933,1]},
{"frame":10,"values":[0.9999,-0.0051,-0.0113,0,0.0051,1,-0.0001,0,0.0113,0,0.9999,0,-0.0206,26.5525,-3.1933,1]},
{"frame":11,"values":[0.9999,-0.0043,-0.0118,0,0.0043,1,-0.0008,0,0.0118,0.0007,0.9999,0,-0.0206,26.5525,-3.1933,1]},
{"frame":12,"values":[0.9999,-0.0034,-0.0124,0,0.0034,1,-0.0015,0,0.0124,0.0014,0.9999,0,-0.0206,26.5525,-3.1933,1]},
{"frame":13,"values":[0.9999,-0.0026,-0.013,0,0.0026,1,-0.0004,0,0.013,0.0004,0.9999,0,-0.0206,26.5525,-3.1933,1]},
{"frame":14,"values":[0.9999,-0.0024,-0.0135,0,0.0024,1,0.0007,0,0.0135,-0.0007,0.9999,0,-0.0206,26.5525,-3.1933,1]},
{"frame":15,"values":[0.9999,-0.0022,-0.0141,0,0.0022,1,0.0017,0,0.0141,-0.0017,0.9999,0,-0.0206,26.5525,-3.1933,1]},
{"frame":16,"values":[0.9999,-0.002,-0.0147,0,0.0021,1,0.0028,0,0.0146,-0.0028,0.9999,0,-0.0206,26.5525,-3.1933,1]},
{"frame":17,"values":[0.9999,-0.0018,-0.0132,0,0.0019,1,0.0038,0,0.0132,-0.0038,0.9999,0,-0.0206,26.5525,-3.1933,1]},
{"frame":18,"values":[0.9999,-0.0016,-0.0118,0,0.0017,1,0.0049,0,0.0118,-0.0049,0.9999,0,-0.0206,26.5525,-3.1933,1]},
{"frame":19,"values":[0.9999,-0.0016,-0.0104,0,0.0017,1,0.0059,0,0.0104,-0.006,0.9999,0,-0.0206,26.5525,-3.1933,1]},
{"frame":20,"values":[1,-0.0016,-0.009,0,0.0017,1,0.007,0,0.009,-0.007,0.9999,0,-0.0206,26.5525,-3.1933,1]},
{"frame":21,"values":[1,-0.0016,-0.0076,0,0.0017,1,0.008,0,0.0076,-0.0081,0.9999,0,-0.0206,26.5525,-3.1933,1]},
{"frame":22,"values":[1,-0.0016,-0.0062,0,0.0017,1,0.0091,0,0.0062,-0.0091,0.9999,0,-0.0206,26.5525,-3.1933,1]},
{"frame":23,"values":[1,-0.0016,-0.0048,0,0.0017,0.9999,0.0102,0,0.0048,-0.0102,0.9999,0,-0.0206,26.5525,-3.1933,1]},
{"frame":24,"values":[1,-0.0016,-0.0034,0,0.0017,1,0.0089,0,0.0034,-0.0089,1,0,-0.0206,26.5525,-3.1933,1]},
{"frame":25,"values":[1,-0.0016,-0.0034,0,0.0016,1,0.0057,0,0.0034,-0.0057,1,0,-0.0206,26.5525,-3.1933,1]}],"loopBehavior":1,"name":"anim","property":"_matrix"}},
{"name":"mixamorig:Neck","index":4,"matrix":[0.9972,0.0085,0.074,0,-0.0063,0.9995,-0.0308,0,-0.0743,0.0303,0.9968,0,-0.06,30.7018,1.3522,1],"rest":[1,0,0,0,0,1,0,0,0,0,1,0,-0.06,30.7018,1.3522,1],"parentBoneIndex":3,"length":22.8446
,"animation":{"dataType":3,"framePerSecond":24,"keys":[
{"frame":1,"values":[0.9972,0.0085,0.074,0,-0.0063,0.9995,-0.0301,0,-0.0743,0.0296,0.9968,0,-0.06,30.7018,1.3522,1]},
{"frame":2,"values":[0.9972,0.009,0.0741,0,-0.0067,0.9995,-0.0305,0,-0.0743,0.0299,0.9968,0,-0.06,30.7018,1.3522,1]},
{"frame":3,"values":[0.9972,0.0094,0.0742,0,-0.0072,0.9995,-0.0309,0,-0.0744,0.0302,0.9968,0,-0.06,30.7018,1.3522,1]},
{"frame":4,"values":[0.9972,0.0099,0.0742,0,-0.0076,0.9995,-0.0312,0,-0.0745,0.0306,0.9968,0,-0.06,30.7018,1.3522,1]},
{"frame":5,"values":[0.9972,0.0103,0.0743,0,-0.008,0.9995,-0.0316,0,-0.0746,0.0309,0.9967,0,-0.06,30.7018,1.3522,1]},
{"frame":6,"values":[0.9972,0.0108,0.0743,0,-0.0084,0.9995,-0.032,0,-0.0747,0.0313,0.9967,0,-0.06,30.7018,1.3522,1]},
{"frame":7,"values":[0.9972,0.0112,0.0744,0,-0.0089,0.9994,-0.0324,0,-0.0747,0.0316,0.9967,0,-0.06,30.7018,1.3522,1]},
{"frame":8,"values":[0.9972,0.0117,0.0745,0,-0.0093,0.9994,-0.0323,0,-0.0748,0.0316,0.9967,0,-0.06,30.7018,1.3522,1]},
{"frame":9,"values":[0.9971,0.0121,0.0745,0,-0.0098,0.9994,-0.0323,0,-0.0749,0.0315,0.9967,0,-0.06,30.7018,1.3522,1]},
{"frame":10,"values":[0.9971,0.0126,0.0746,0,-0.0102,0.9994,-0.0322,0,-0.075,0.0314,0.9967,0,-0.06,30.7018,1.3522,1]},
{"frame":11,"values":[0.9971,0.013,0.0746,0,-0.0107,0.9994,-0.0322,0,-0.075,0.0313,0.9967,0,-0.06,30.7018,1.3522,1]},
{"frame":12,"values":[0.9971,0.0135,0.0747,0,-0.0111,0.9994,-0.0321,0,-0.0751,0.0312,0.9967,0,-0.06,30.7018,1.3522,1]},
{"frame":13,"values":[0.9971,0.0131,0.0748,0,-0.0107,0.9994,-0.0321,0,-0.0751,0.0312,0.9967,0,-0.06,30.7018,1.3522,1]},
{"frame":14,"values":[0.9971,0.0127,0.0748,0,-0.0104,0.9994,-0.032,0,-0.0752,0.0312,0.9967,0,-0.06,30.7018,1.3522,1]},
{"frame":15,"values":[0.9971,0.0124,0.0748,0,-0.01,0.9994,-0.032,0,-0.0751,0.0311,0.9967,0,-0.06,30.7018,1.3522,1]},
{"frame":16,"values":[0.9971,0.012,0.0747,0,-0.0096,0.9994,-0.0318,0,-0.075,0.031,0.9967,0,-0.06,30.7018,1.3522,1]},
{"frame":17,"values":[0.9971,0.0116,0.0746,0,-0.0093,0.9995,-0.0316,0,-0.0749,0.0308,0.9967,0,-0.06,30.7018,1.3522,1]},
{"frame":18,"values":[0.9972,0.0112,0.0745,0,-0.0089,0.9995,-0.0314,0,-0.0749,0.0306,0.9967,0,-0.06,30.7018,1.3522,1]},
{"frame":19,"values":[0.9972,0.0108,0.0745,0,-0.0085,0.9995,-0.0312,0,-0.0748,0.0305,0.9967,0,-0.06,30.7018,1.3522,1]},
{"frame":20,"values":[0.9972,0.0104,0.0744,0,-0.0082,0.9995,-0.031,0,-0.0747,0.0303,0.9967,0,-0.06,30.7018,1.3522,1]},
{"frame":21,"values":[0.9972,0.0101,0.0743,0,-0.0078,0.9995,-0.0308,0,-0.0746,0.0302,0.9968,0,-0.06,30.7019,1.3522,1]},
{"frame":22,"values":[0.9972,0.0097,0.0743,0,-0.0074,0.9995,-0.0308,0,-0.0745,0.0302,0.9968,0,-0.06,30.7018,1.3522,1]},
{"frame":23,"values":[0.9972,0.0093,0.0742,0,-0.007,0.9995,-0.0308,0,-0.0744,0.0302,0.9968,0,-0.06,30.7018,1.3522,1]},
{"frame":24,"values":[0.9972,0.0089,0.0741,0,-0.0067,0.9995,-0.0308,0,-0.0744,0.0302,0.9968,0,-0.06,30.7018,1.3522,1]},
{"frame":25,"values":[0.9972,0.0085,0.074,0,-0.0063,0.9995,-0.0308,0,-0.0743,0.0303,0.9968,0,-0.06,30.7018,1.3522,1]}],"loopBehavior":1,"name":"anim","property":"_matrix"}},
{"name":"mixamorig:Head","index":5,"matrix":[0.778,-0.1457,-0.6111,0,0.1639,0.9861,-0.0265,0,0.6065,-0.0796,0.7911,0,-0.0872,22.5476,3.6709,1],"rest":[1,0,0,0,0,1,0,0,0,0,1,0,-0.0872,22.5476,3.6709,1],"parentBoneIndex":4,"length":30.5924
,"animation":{"dataType":3,"framePerSecond":24,"keys":[
{"frame":1,"values":[0.778,-0.1457,-0.6111,0,0.1639,0.9861,-0.0265,0,0.6065,-0.0796,0.7911,0,-0.0872,22.5476,3.6709,1]},
{"frame":2,"values":[0.779,-0.1438,-0.6103,0,0.1658,0.9859,-0.0207,0,0.6047,-0.0851,0.7919,0,-0.0872,22.5477,3.6709,1]},
{"frame":3,"values":[0.7792,-0.1499,-0.6086,0,0.1675,0.9855,-0.0284,0,0.604,-0.0798,0.793,0,-0.0872,22.5476,3.6709,1]},
{"frame":4,"values":[0.7762,-0.1555,-0.611,0,0.169,0.985,-0.036,0,0.6074,-0.0753,0.7908,0,-0.0872,22.5476,3.6709,1]},
{"frame":5,"values":[0.7739,-0.1612,-0.6124,0,0.1677,0.9847,-0.0472,0,0.6107,-0.0661,0.7891,0,-0.0872,22.5476,3.6709,1]},
{"frame":6,"values":[0.7768,-0.158,-0.6096,0,0.164,0.9854,-0.0463,0,0.608,-0.064,0.7913,0,-0.0872,22.5476,3.6709,1]},
{"frame":7,"values":[0.7779,-0.1544,-0.6092,0,0.1631,0.9857,-0.0416,0,0.6069,-0.067,0.7919,0,-0.0872,22.5476,3.6709,1]},
{"frame":8,"values":[0.7767,-0.1521,-0.6113,0,0.1609,0.9861,-0.0409,0,0.609,-0.0666,0.7904,0,-0.0872,22.5477,3.6709,1]},
{"frame":9,"values":[0.7747,-0.1525,-0.6136,0,0.1593,0.9863,-0.0439,0,0.6119,-0.0637,0.7884,0,-0.0872,22.5476,3.6709,1]},
{"frame":10,"values":[0.7741,-0.155,-0.6139,0,0.161,0.9859,-0.0459,0,0.6123,-0.0633,0.7881,0,-0.0872,22.5476,3.6709,1]},
{"frame":11,"values":[0.7708,-0.157,-0.6174,0,0.1648,0.9853,-0.0447,0,0.6154,-0.0673,0.7854,0,-0.0872,22.5476,3.6709,1]},
{"frame":12,"values":[0.7676,-0.159,-0.621,0,0.1676,0.9848,-0.045,0,0.6187,-0.0695,0.7826,0,-0.0872,22.5476,3.6709,1]},
{"frame":13,"values":[0.7643,-0.1608,-0.6245,0,0.1696,0.9844,-0.0459,0,0.6222,-0.0708,0.7797,0,-0.0872,22.5476,3.6709,1]},
{"frame":14,"values":[0.7622,-0.157,-0.628,0,0.1681,0.9849,-0.0421,0,0.6251,-0.0735,0.7771,0,-0.0872,22.5476,3.6709,1]},
{"frame":15,"values":[0.7591,-0.1582,-0.6315,0,0.1713,0.9844,-0.0406,0,0.6281,-0.0774,0.7743,0,-0.0872,22.5476,3.6709,1]},
{"frame":16,"values":[0.7559,-0.1594,-0.635,0,0.1728,0.9841,-0.0412,0,0.6315,-0.0786,0.7714,0,-0.0872,22.5476,3.6709,1]},
{"frame":17,"values":[0.7594,-0.1539,-0.6322,0,0.1677,0.9851,-0.0383,0,0.6286,-0.077,0.7739,0,-0.0872,22.5476,3.6709,1]},
{"frame":18,"values":[0.7594,-0.1477,-0.6336,0,0.1625,0.9861,-0.0351,0,0.63,-0.0763,0.7729,0,-0.0872,22.5476,3.6709,1]},
{"frame":19,"values":[0.758,-0.149,-0.635,0,0.1633,0.9859,-0.0364,0,0.6315,-0.0761,0.7717,0,-0.0872,22.5475,3.6709,1]},
{"frame":20,"values":[0.7597,-0.1509,-0.6325,0,0.1643,0.9857,-0.0379,0,0.6292,-0.0751,0.7736,0,-0.0872,22.5476,3.6709,1]},
{"frame":21,"values":[0.7614,-0.1529,-0.6301,0,0.1653,0.9855,-0.0394,0,0.6269,-0.0741,0.7755,0,-0.0872,22.5476,3.6709,1]},
{"frame":22,"values":[0.7637,-0.1512,-0.6276,0,0.1617,0.986,-0.0409,0,0.625,-0.0702,0.7775,0,-0.0872,22.5476,3.6709,1]},
{"frame":23,"values":[0.7661,-0.1496,-0.6251,0,0.1627,0.986,-0.0366,0,0.6218,-0.0737,0.7797,0,-0.0872,22.5476,3.6709,1]},
{"frame":24,"values":[0.7684,-0.148,-0.6226,0,0.1637,0.986,-0.0323,0,0.6186,-0.0771,0.7819,0,-0.0872,22.5476,3.6709,1]},
{"frame":25,"values":[0.778,-0.1457,-0.6111,0,0.1639,0.9861,-0.0265,0,0.6065,-0.0796,0.7911,0,-0.0872,22.5476,3.6709,1]}],"loopBehavior":1,"name":"anim","property":"_matrix"}},
{"name":"mixamorig:HeadTop_End","index":6,"matrix":[1,0,0,0,0,1,0,0,0,0,1,0,-0.8306,40.3552,7.8935,1],"rest":[1,0,0,0,0,1,0,0,0,0,1,0,-0.8306,40.3552,7.8935,1],"parentBoneIndex":5,"length":30.5924
,"animation":{"dataType":3,"framePerSecond":24,"keys":[
{"frame":1,"values":[1,0,0,0,0,1,0,0,0,0,1,0,-0.8306,40.3552,7.8935,1]},
{"frame":12,"values":[1,0,0,0,0,1,0,0,0,0,1,0,-0.8306,40.3551,7.8935,1]},
{"frame":13,"values":[1,0,0,0,0,1,0,0,0,0,1,0,-0.8306,40.3552,7.8935,1]},
{"frame":25,"values":[1,0,0,0,0,1,0,0,0,0,1,0,-0.8306,40.3552,7.8935,1]}],"loopBehavior":1,"name":"anim","property":"_matrix"}},
{"name":"mixamorig:RightEye","index":7,"matrix":[1,0,0,0,0,1,0,0,0,0,1,0,-6.3021,18.1186,16.1971,1],"rest":[1,0,0,0,0,1,0,0,0,0,1,0,-6.3021,18.1186,16.1971,1],"parentBoneIndex":5,"length":30.5924
,"animation":{"dataType":3,"framePerSecond":24,"keys":[
{"frame":1,"values":[1,0,0,0,0,1,0,0,0,0,1,0,-6.3021,18.1186,16.1971,1]},
{"frame":25,"values":[1,0,0,0,0,1,0,0,0,0,1,0,-6.3021,18.1186,16.1971,1]}],"loopBehavior":1,"name":"anim","property":"_matrix"}},
{"name":"mixamorig:LeftEye","index":8,"matrix":[1,0,0,0,0,1,0,0,0,0,1,0,6.7415,18.3827,16.4019,1],"rest":[1,0,0,0,0,1,0,0,0,0,1,0,6.7415,18.3827,16.4019,1],"parentBoneIndex":5,"length":30.5924
,"animation":{"dataType":3,"framePerSecond":24,"keys":[
{"frame":1,"values":[1,0,0,0,0,1,0,0,0,0,1,0,6.7415,18.3827,16.4019,1]},
{"frame":12,"values":[1,0,0,0,0,1,0,0,0,0,1,0,6.7415,18.3826,16.4019,1]},
{"frame":13,"values":[1,0,0,0,0,1,0,0,0,0,1,0,6.7415,18.3827,16.4019,1]},
{"frame":25,"values":[1,0,0,0,0,1,0,0,0,0,1,0,6.7415,18.3827,16.4019,1]}],"loopBehavior":1,"name":"anim","property":"_matrix"}},
{"name":"mixamorig:LeftShoulder","index":9,"matrix":[0.9456,-0.3254,0.0011,0,0.3253,0.9454,0.0182,0,-0.0069,-0.0168,0.9998,0,11.9249,18.2305,1.4254,1],"rest":[1,0.0062,0,0,-0.0062,1,0,0,0,0,1,0,11.9249,18.2305,1.4254,1],"parentBoneIndex":3,"length":25.9773
,"animation":{"dataType":3,"framePerSecond":24,"keys":[
{"frame":1,"values":[0.9456,-0.3254,0.0011,0,0.3253,0.9455,0.0163,0,-0.0063,-0.015,0.9999,0,11.9249,18.2305,1.4254,1]},
{"frame":2,"values":[0.9446,-0.3282,0.0014,0,0.3281,0.9445,0.0165,0,-0.0068,-0.0152,0.9999,0,11.9249,18.2305,1.4254,1]},
{"frame":3,"values":[0.9434,-0.3316,0.0002,0,0.3315,0.9433,0.0168,0,-0.0058,-0.0158,0.9999,0,11.9249,18.2305,1.4254,1]},
{"frame":4,"values":[0.9438,-0.3305,-0.0007,0,0.3305,0.9437,0.0171,0,-0.005,-0.0164,0.9999,0,11.9249,18.2305,1.4254,1]},
{"frame":5,"values":[0.9436,-0.331,0.0028,0,0.3309,0.9435,0.0174,0,-0.0084,-0.0155,0.9998,0,11.9249,18.2304,1.4254,1]},
{"frame":6,"values":[0.9438,-0.3304,0.0072,0,0.3302,0.9437,0.0177,0,-0.0126,-0.0143,0.9998,0,11.9249,18.2305,1.4254,1]},
{"frame":7,"values":[0.9446,-0.328,0.008,0,0.3279,0.9446,0.0179,0,-0.0135,-0.0143,0.9998,0,11.9249,18.2305,1.4254,1]},
{"frame":8,"values":[0.9458,-0.3246,0.01,0,0.3243,0.9458,0.0182,0,-0.0154,-0.014,0.9998,0,11.9249,18.2305,1.4254,1]},
{"frame":9,"values":[0.9458,-0.3244,0.0113,0,0.3242,0.9458,0.0185,0,-0.0167,-0.0138,0.9998,0,11.9249,18.2305,1.4254,1]},
{"frame":10,"values":[0.9459,-0.3243,0.0107,0,0.324,0.9459,0.0185,0,-0.0161,-0.014,0.9998,0,11.9249,18.2305,1.4254,1]},
{"frame":11,"values":[0.9462,-0.3236,0.0091,0,0.3234,0.9461,0.0184,0,-0.0146,-0.0145,0.9998,0,11.9249,18.2305,1.4254,1]},
{"frame":12,"values":[0.9461,-0.3237,0.0077,0,0.3235,0.946,0.0184,0,-0.0132,-0.015,0.9998,0,11.9249,18.2305,1.4254,1]},
{"frame":13,"values":[0.9464,-0.3229,0.0111,0,0.3226,0.9463,0.0184,0,-0.0164,-0.0138,0.9998,0,11.9249,18.2305,1.4254,1]},
{"frame":14,"values":[0.9474,-0.3196,0.0145,0,0.3194,0.9475,0.0184,0,-0.0196,-0.0128,0.9997,0,11.9249,18.2305,1.4254,1]},
{"frame":15,"values":[0.9485,-0.3164,0.0126,0,0.3162,0.9485,0.0184,0,-0.0178,-0.0134,0.9998,0,11.9249,18.2304,1.4254,1]},
{"frame":16,"values":[0.9488,-0.3158,0.0108,0,0.3155,0.9487,0.0183,0,-0.016,-0.014,0.9998,0,11.9249,18.2305,1.4254,1]},
{"frame":17,"values":[0.9489,-0.3151,0.0162,0,0.3148,0.949,0.0183,0,-0.0212,-0.0123,0.9997,0,11.9249,18.2305,1.4254,1]},
{"frame":18,"values":[0.95,-0.3118,0.0154,0,0.3115,0.9501,0.0183,0,-0.0204,-0.0126,0.9997,0,11.9249,18.2305,1.4254,1]},
{"frame":19,"values":[0.9511,-0.3086,0.0146,0,0.3083,0.9511,0.0183,0,-0.0196,-0.0129,0.9997,0,11.9249,18.2304,1.4254,1]},
{"frame":20,"values":[0.9509,-0.3091,0.0138,0,0.3088,0.9509,0.0183,0,-0.0188,-0.0131,0.9997,0,11.9249,18.2305,1.4254,1]},
{"frame":21,"values":[0.9508,-0.3096,0.013,0,0.3093,0.9508,0.0182,0,-0.018,-0.0133,0.9997,0,11.9249,18.2305,1.4254,1]},
{"frame":22,"values":[0.9506,-0.3101,0.0122,0,0.3098,0.9506,0.0182,0,-0.0172,-0.0135,0.9998,0,11.9249,18.2305,1.4254,1]},
{"frame":23,"values":[0.9493,-0.3143,0.0114,0,0.3141,0.9492,0.0182,0,-0.0165,-0.0137,0.9998,0,11.9249,18.2305,1.4254,1]},
{"frame":24,"values":[0.9479,-0.3185,0.0106,0,0.3183,0.9478,0.0182,0,-0.0158,-0.0139,0.9998,0,11.9249,18.2305,1.4254,1]},
{"frame":25,"values":[0.9456,-0.3254,0.0011,0,0.3253,0.9454,0.0182,0,-0.0069,-0.0168,0.9998,0,11.9249,18.2305,1.4254,1]}],"loopBehavior":1,"name":"anim","property":"_matrix"}},
{"name":"mixamorig:LeftArm","index":10,"matrix":[0.5256,-0.8422,0.1203,0,0.8482,0.5297,0.0017,0,-0.0652,0.1012,0.9927,0,25.4312,-0.8546,-5.2293,1],"rest":[0.9983,0.0295,0.0512,0,-0.0294,0.9996,-0.0017,0,-0.0512,0.0002,0.9987,0,25.4312,-0.8546,-5.2293,1],"parentBoneIndex":9,"length":54.6848
,"animation":{"dataType":3,"framePerSecond":24,"keys":[
{"frame":1,"values":[0.5256,-0.8422,0.1203,0,0.8482,0.5297,0.0017,0,-0.0652,0.1012,0.9927,0,25.4312,-0.8546,-5.2293,1]},
{"frame":2,"values":[0.5235,-0.8422,0.1288,0,0.8494,0.5277,-0.002,0,-0.0663,0.1104,0.9917,0,25.4312,-0.8546,-5.2293,1]},
{"frame":3,"values":[0.5217,-0.8433,0.1295,0,0.8513,0.5244,-0.0143,0,-0.0558,0.1177,0.9915,0,25.4312,-0.8547,-5.2293,1]},
{"frame":4,"values":[0.5215,-0.8446,0.121,0,0.8527,0.5212,-0.0368,0,-0.032,0.1223,0.992,0,25.4312,-0.8546,-5.2293,1]},
{"frame":5,"values":[0.5212,-0.8457,0.1146,0,0.8533,0.5187,-0.0523,0,-0.0152,0.125,0.992,0,25.4312,-0.8546,-5.2293,1]},
{"frame":6,"values":[0.5238,-0.8452,0.106,0,0.8518,0.5203,-0.0605,0,-0.0041,0.122,0.9925,0,25.4312,-0.8546,-5.2293,1]},
{"frame":7,"values":[0.5227,-0.8469,0.0974,0,0.8524,0.5177,-0.0729,0,0.0113,0.1211,0.9926,0,25.4312,-0.8546,-5.2293,1]},
{"frame":8,"values":[0.5227,-0.8492,0.0752,0,0.852,0.5173,-0.0811,0,0.03,0.1064,0.9939,0,25.4312,-0.8547,-5.2293,1]},
{"frame":9,"values":[0.5247,-0.8496,0.0536,0,0.8502,0.5198,-0.0827,0,0.0424,0.089,0.9951,0,25.4312,-0.8546,-5.2293,1]},
{"frame":10,"values":[0.5259,-0.85,0.0312,0,0.8488,0.5222,-0.0823,0,0.0536,0.0698,0.9961,0,25.4312,-0.8546,-5.2293,1]},
{"frame":11,"values":[0.5224,-0.8525,0.0178,0,0.8507,0.5196,-0.0801,0,0.059,0.0569,0.9966,0,25.4312,-0.8546,-5.2293,1]},
{"frame":12,"values":[0.5162,-0.8565,0.0043,0,0.8541,0.5144,-0.0768,0,0.0636,0.0433,0.997,0,25.4312,-0.8547,-5.2293,1]},
{"frame":13,"values":[0.5088,-0.8608,0.0056,0,0.8591,0.5074,-0.0677,0,0.0555,0.0393,0.9977,0,25.4312,-0.8546,-5.2293,1]},
{"frame":14,"values":[0.5021,-0.8648,0.0052,0,0.8638,0.5012,-0.0515,0,0.0419,0.0304,0.9987,0,25.4312,-0.8547,-5.2293,1]},
{"frame":15,"values":[0.5002,-0.8656,0.0238,0,0.8657,0.4993,-0.0348,0,0.0182,0.038,0.9991,0,25.4312,-0.8546,-5.2293,1]},
{"frame":16,"values":[0.5048,-0.8619,0.0483,0,0.8632,0.5041,-0.0261,0,-0.0018,0.0549,0.9985,0,25.4312,-0.8546,-5.2293,1]},
{"frame":17,"values":[0.5094,-0.8583,0.0613,0,0.8604,0.5091,-0.0217,0,-0.0126,0.0638,0.9979,0,25.4312,-0.8546,-5.2293,1]},
{"frame":18,"values":[0.5119,-0.8558,0.0742,0,0.8587,0.5122,-0.0172,0,-0.0233,0.0726,0.9971,0,25.4312,-0.8546,-5.2293,1]},
{"frame":19,"values":[0.5143,-0.8532,0.0872,0,0.857,0.5152,-0.0128,0,-0.034,0.0813,0.9961,0,25.4312,-0.8546,-5.2293,1]},
{"frame":20,"values":[0.5165,-0.8504,0.1001,0,0.8549,0.5188,-0.0042,0,-0.0484,0.0878,0.995,0,25.4312,-0.8546,-5.2293,1]},
{"frame":21,"values":[0.5176,-0.8492,0.1049,0,0.8539,0.5204,-0.0008,0,-0.054,0.09,0.9945,0,25.4312,-0.8546,-5.2293,1]},
{"frame":22,"values":[0.5201,-0.8476,0.1053,0,0.8523,0.5231,0.001,0,-0.056,0.0892,0.9944,0,25.4312,-0.8546,-5.2293,1]},
{"frame":23,"values":[0.5225,-0.846,0.1057,0,0.8507,0.5257,0.0028,0,-0.0579,0.0885,0.9944,0,25.4312,-0.8546,-5.2293,1]},
{"frame":24,"values":[0.5248,-0.8443,0.1085,0,0.849,0.5284,0.0045,0,-0.0612,0.0898,0.9941,0,25.4312,-0.8547,-5.2293,1]},
{"frame":25,"values":[0.5256,-0.8422,0.1203,0,0.8482,0.5297,0.0017,0,-0.0652,0.1012,0.9927,0,25.4312,-0.8546,-5.2293,1]}],"loopBehavior":1,"name":"anim","property":"_matrix"}},
{"name":"mixamorig:LeftForeArm","index":11,"matrix":[0.9715,-0.0077,0.2369,0,0.0097,0.9999,-0.0071,0,-0.2369,0.0092,0.9715,0,54.5783,-1.9463,-2.8009,1],"rest":[0.9943,-0.0088,-0.1062,0,0.0091,1,0.0028,0,0.1061,-0.0038,0.9943,0,54.5783,-1.9463,-2.8009,1],"parentBoneIndex":10,"length":55.0982
,"animation":{"dataType":3,"framePerSecond":24,"keys":[
{"frame":1,"values":[0.9715,-0.0079,0.2369,0,0.0097,0.9999,-0.0063,0,-0.2369,0.0084,0.9715,0,54.5783,-1.9463,-2.8009,1]},
{"frame":2,"values":[0.974,-0.0079,0.2266,0,0.0096,0.9999,-0.0064,0,-0.2266,0.0084,0.974,0,54.5783,-1.9463,-2.8009,1]},
{"frame":3,"values":[0.9732,-0.0079,0.2299,0,0.0096,0.9999,-0.0064,0,-0.2298,0.0085,0.9732,0,54.5783,-1.9463,-2.8009,1]},
{"frame":4,"values":[0.9703,-0.0079,0.2417,0,0.0097,0.9999,-0.0064,0,-0.2417,0.0086,0.9703,0,54.5783,-1.9463,-2.8009,1]},
{"frame":5,"values":[0.9717,-0.0079,0.2359,0,0.0097,0.9999,-0.0064,0,-0.2359,0.0085,0.9717,0,54.5783,-1.9463,-2.8009,1]},
{"frame":6,"values":[0.9768,-0.0079,0.2139,0,0.0095,0.9999,-0.0064,0,-0.2138,0.0083,0.9768,0,54.5783,-1.9463,-2.8009,1]},
{"frame":7,"values":[0.9798,-0.008,0.1999,0,0.0094,0.9999,-0.0064,0,-0.1998,0.0081,0.9798,0,54.5783,-1.9463,-2.8009,1]},
{"frame":8,"values":[0.9801,-0.008,0.1982,0,0.0094,0.9999,-0.0063,0,-0.1982,0.0081,0.9801,0,54.5783,-1.9463,-2.8009,1]},
{"frame":9,"values":[0.9803,-0.008,0.1972,0,0.0094,0.9999,-0.0063,0,-0.1971,0.008,0.9803,0,54.5783,-1.9463,-2.8009,1]},
{"frame":10,"values":[0.979,-0.008,0.2036,0,0.0095,0.9999,-0.0062,0,-0.2035,0.008,0.979,0,54.5783,-1.9463,-2.8009,1]},
{"frame":11,"values":[0.9766,-0.008,0.2148,0,0.0095,0.9999,-0.0062,0,-0.2147,0.0081,0.9766,0,54.5783,-1.9463,-2.8009,1]},
{"frame":12,"values":[0.979,-0.008,0.2037,0,0.0095,0.9999,-0.0062,0,-0.2037,0.008,0.979,0,54.5783,-1.9463,-2.8009,1]},
{"frame":13,"values":[0.9764,-0.008,0.2157,0,0.0096,0.9999,-0.0061,0,-0.2157,0.008,0.9764,0,54.5783,-1.9463,-2.8009,1]},
{"frame":14,"values":[0.9737,-0.008,0.2277,0,0.0096,0.9999,-0.006,0,-0.2276,0.0081,0.9737,0,54.5783,-1.9463,-2.8009,1]},
{"frame":15,"values":[0.9752,-0.008,0.221,0,0.0096,0.9999,-0.006,0,-0.2209,0.008,0.9753,0,54.5783,-1.9463,-2.8009,1]},
{"frame":16,"values":[0.9767,-0.008,0.2143,0,0.0096,0.9999,-0.006,0,-0.2142,0.0079,0.9768,0,54.5783,-1.9463,-2.8009,1]},
{"frame":17,"values":[0.9749,-0.008,0.2223,0,0.0096,0.9999,-0.0059,0,-0.2223,0.0079,0.975,0,54.5783,-1.9463,-2.8009,1]},
{"frame":18,"values":[0.9725,-0.008,0.2326,0,0.0097,0.9999,-0.0061,0,-0.2326,0.0082,0.9725,0,54.5783,-1.9463,-2.8009,1]},
{"frame":19,"values":[0.97,-0.0079,0.2429,0,0.0097,0.9999,-0.0064,0,-0.2428,0.0085,0.97,0,54.5783,-1.9463,-2.8009,1]},
{"frame":20,"values":[0.9674,-0.0078,0.2531,0,0.0098,0.9999,-0.0066,0,-0.2531,0.0089,0.9674,0,54.5783,-1.9463,-2.8009,1]},
{"frame":21,"values":[0.9656,-0.0077,0.2598,0,0.0098,0.9999,-0.0068,0,-0.2597,0.0091,0.9656,0,54.5783,-1.9463,-2.8009,1]},
{"frame":22,"values":[0.9638,-0.0077,0.2664,0,0.0099,0.9999,-0.007,0,-0.2663,0.0094,0.9638,0,54.5783,-1.9463,-2.8009,1]},
{"frame":23,"values":[0.962,-0.0076,0.273,0,0.0099,0.9999,-0.0073,0,-0.2729,0.0097,0.962,0,54.5783,-1.9463,-2.8009,1]},
{"frame":24,"values":[0.9646,-0.0077,0.2635,0,0.0099,0.9999,-0.007,0,-0.2634,0.0094,0.9646,0,54.5783,-1.9463,-2.8009,1]},
{"frame":25,"values":[0.9715,-0.0077,0.2369,0,0.0097,0.9999,-0.0071,0,-0.2369,0.0092,0.9715,0,54.5783,-1.9463,-2.8009,1]}],"loopBehavior":1,"name":"anim","property":"_matrix"}},
{"name":"mixamorig:LeftHand","index":12,"matrix":[0.9828,0.1259,0.1352,0,-0.1627,0.9363,0.3111,0,-0.0875,-0.3277,0.9407,0,54.9948,-1.4671,3.0376,1],"rest":[0.9961,0.088,0.001,0,-0.0871,0.9842,0.154,0,0.0125,-0.1535,0.9881,0,54.9948,-1.4671,3.0376,1],"parentBoneIndex":11,"length":20.3347
,"animation":{"dataType":3,"framePerSecond":24,"keys":[
{"frame":1,"values":[0.9821,0.1244,0.1411,0,-0.1633,0.9363,0.3108,0,-0.0935,-0.3283,0.9399,0,54.9948,-1.4671,3.0376,1]},
{"frame":2,"values":[0.9819,0.1281,0.1392,0,-0.1665,0.9346,0.3142,0,-0.0899,-0.3317,0.9391,0,54.9948,-1.4671,3.0376,1]},
{"frame":3,"values":[0.9817,0.1318,0.1373,0,-0.1699,0.9322,0.3196,0,-0.0859,-0.3371,0.9376,0,54.9948,-1.4671,3.0376,1]},
{"frame":4,"values":[0.9821,0.1311,0.1354,0,-0.1681,0.9341,0.3149,0,-0.0852,-0.332,0.9394,0,54.9948,-1.4671,3.0376,1]},
{"frame":5,"values":[0.9834,0.1304,0.1266,0,-0.163,0.9408,0.2973,0,-0.0803,-0.313,0.9464,0,54.9948,-1.4671,3.0376,1]},
{"frame":6,"values":[0.9845,0.1297,0.1177,0,-0.1596,0.941,0.2983,0,-0.0721,-0.3125,0.9472,0,54.9948,-1.4671,3.0376,1]},
{"frame":7,"values":[0.9857,0.129,0.1088,0,-0.1572,0.9363,0.3139,0,-0.0614,-0.3265,0.9432,0,54.9948,-1.4671,3.0376,1]},
{"frame":8,"values":[0.9859,0.1282,0.1075,0,-0.156,0.9366,0.3137,0,-0.0605,-0.3261,0.9434,0,54.9948,-1.4671,3.0376,1]},
{"frame":9,"values":[0.9868,0.1225,0.1063,0,-0.1501,0.9381,0.3122,0,-0.0615,-0.324,0.9441,0,54.9948,-1.4671,3.0376,1]},
{"frame":10,"values":[0.9876,0.1168,0.105,0,-0.1447,0.9363,0.3199,0,-0.061,-0.3311,0.9416,0,54.9948,-1.4671,3.0376,1]},
{"frame":11,"values":[0.9884,0.1111,0.1037,0,-0.1394,0.9345,0.3276,0,-0.0606,-0.3383,0.9391,0,54.9948,-1.4671,3.0376,1]},
{"frame":12,"values":[0.9891,0.1054,0.1024,0,-0.134,0.9325,0.3353,0,-0.0602,-0.3454,0.9365,0,54.9948,-1.4671,3.0376,1]},
{"frame":13,"values":[0.9899,0.0996,0.1011,0,-0.1286,0.9313,0.3407,0,-0.0602,-0.3502,0.9347,0,54.9948,-1.4671,3.0376,1]},
{"frame":14,"values":[0.9906,0.0939,0.0999,0,-0.1237,0.9262,0.3561,0,-0.059,-0.3651,0.9291,0,54.9948,-1.4671,3.0376,1]},
{"frame":15,"values":[0.9918,0.0811,0.0986,0,-0.112,0.9235,0.3669,0,-0.0613,-0.3749,0.925,0,54.9948,-1.4671,3.0376,1]},
{"frame":16,"values":[0.9903,0.0992,0.0973,0,-0.128,0.9235,0.3616,0,-0.054,-0.3706,0.9272,0,54.9948,-1.4671,3.0376,1]},
{"frame":17,"values":[0.9885,0.1172,0.096,0,-0.1442,0.9218,0.3598,0,-0.0463,-0.3695,0.9281,0,54.9948,-1.4671,3.0376,1]},
{"frame":18,"values":[0.9874,0.1184,0.1051,0,-0.1482,0.9245,0.3512,0,-0.0556,-0.3624,0.9304,0,54.9948,-1.4671,3.0376,1]},
{"frame":19,"values":[0.9862,0.1196,0.1142,0,-0.1516,0.93,0.3349,0,-0.0661,-0.3476,0.9353,0,54.9948,-1.4671,3.0376,1]},
{"frame":20,"values":[0.985,0.1208,0.1229,0,-0.1548,0.9336,0.323,0,-0.0758,-0.3372,0.9384,0,54.9948,-1.4671,3.0376,1]},
{"frame":21,"values":[0.9838,0.122,0.1317,0,-0.1574,0.939,0.3057,0,-0.0864,-0.3214,0.943,0,54.9948,-1.4671,3.0376,1]},
{"frame":22,"values":[0.9834,0.1233,0.1329,0,-0.1576,0.9437,0.291,0,-0.0895,-0.3071,0.9475,0,54.9948,-1.4671,3.0376,1]},
{"frame":23,"values":[0.9831,0.1246,0.134,0,-0.1591,0.9438,0.2896,0,-0.0904,-0.3061,0.9477,0,54.9948,-1.4671,3.0376,1]},
{"frame":24,"values":[0.9828,0.1259,0.1352,0,-0.1614,0.941,0.2973,0,-0.0898,-0.314,0.9452,0,54.9948,-1.4671,3.0376,1]},
{"frame":25,"values":[0.9828,0.1259,0.1352,0,-0.1627,0.9363,0.3111,0,-0.0875,-0.3277,0.9407,0,54.9948,-1.4671,3.0376,1]}],"loopBehavior":1,"name":"anim","property":"_matrix"}},
{"name":"mixamorig:LeftHandMiddle1","index":13,"matrix":[0.7685,-0.6396,0.0148,0,0.639,0.7685,0.0312,0,-0.0313,-0.0145,0.9994,0,23.1821,-2.445,1.6605,1],"rest":[0.9974,-0.0561,0.045,0,0.0561,0.9984,0.0005,0,-0.045,0.002,0.999,0,23.1821,-2.445,1.6605,1],"parentBoneIndex":12,"length":6.3787
,"animation":{"dataType":3,"framePerSecond":24,"keys":[
{"frame":1,"values":[0.7688,-0.6393,0.0148,0,0.6387,0.7688,0.0312,0,-0.0313,-0.0145,0.9994,0,23.1821,-2.445,1.6605,1]},
{"frame":2,"values":[0.7689,-0.6392,0.0143,0,0.6386,0.7689,0.0312,0,-0.0309,-0.0149,0.9994,0,23.1821,-2.445,1.6605,1]},
{"frame":3,"values":[0.7691,-0.639,0.0137,0,0.6384,0.769,0.0312,0,-0.0305,-0.0152,0.9994,0,23.1821,-2.445,1.6605,1]},
{"frame":4,"values":[0.7692,-0.6389,0.0132,0,0.6383,0.7691,0.0311,0,-0.0301,-0.0155,0.9994,0,23.1821,-2.445,1.6605,1]},
{"frame":5,"values":[0.7693,-0.6387,0.0127,0,0.6382,0.7693,0.0311,0,-0.0296,-0.0159,0.9994,0,23.1821,-2.445,1.6605,1]},
{"frame":6,"values":[0.7694,-0.6386,0.0121,0,0.638,0.7694,0.0311,0,-0.0292,-0.0162,0.9994,0,23.1821,-2.445,1.6605,1]},
{"frame":7,"values":[0.7696,-0.6384,0.0116,0,0.6379,0.7695,0.0311,0,-0.0288,-0.0165,0.9994,0,23.1821,-2.445,1.6605,1]},
{"frame":8,"values":[0.7697,-0.6383,0.0111,0,0.6378,0.7696,0.0311,0,-0.0284,-0.0169,0.9995,0,23.1821,-2.445,1.6605,1]},
{"frame":9,"values":[0.7698,-0.6382,0.0106,0,0.6376,0.7697,0.0311,0,-0.028,-0.0172,0.9995,0,23.1821,-2.445,1.6605,1]},
{"frame":10,"values":[0.77,-0.638,0.01,0,0.6375,0.7698,0.0311,0,-0.0275,-0.0175,0.9995,0,23.1821,-2.445,1.6605,1]},
{"frame":11,"values":[0.7701,-0.6379,0.0095,0,0.6374,0.7699,0.031,0,-0.0271,-0.0178,0.9995,0,23.1821,-2.445,1.6605,1]},
{"frame":12,"values":[0.7702,-0.6377,0.009,0,0.6372,0.77,0.031,0,-0.0267,-0.0182,0.9995,0,23.1821,-2.445,1.6605,1]},
{"frame":13,"values":[0.7703,-0.6376,0.0084,0,0.6371,0.7702,0.031,0,-0.0263,-0.0185,0.9995,0,23.1821,-2.445,1.6605,1]},
{"frame":14,"values":[0.7705,-0.6374,0.0096,0,0.6369,0.7703,0.031,0,-0.0272,-0.0177,0.9995,0,23.1821,-2.445,1.6605,1]},
{"frame":15,"values":[0.7706,-0.6373,0.0108,0,0.6367,0.7705,0.031,0,-0.0281,-0.017,0.9995,0,23.1821,-2.445,1.6605,1]},
{"frame":16,"values":[0.7703,-0.6375,0.012,0,0.637,0.7703,0.031,0,-0.029,-0.0162,0.9994,0,23.1821,-2.445,1.6605,1]},
{"frame":17,"values":[0.7701,-0.6378,0.0132,0,0.6372,0.7701,0.0309,0,-0.0299,-0.0154,0.9994,0,23.1821,-2.445,1.6605,1]},
{"frame":18,"values":[0.7699,-0.6381,0.0134,0,0.6375,0.7698,0.031,0,-0.0301,-0.0153,0.9994,0,23.1821,-2.445,1.6605,1]},
{"frame":19,"values":[0.7697,-0.6383,0.0136,0,0.6377,0.7696,0.031,0,-0.0303,-0.0152,0.9994,0,23.1821,-2.445,1.6605,1]},
{"frame":20,"values":[0.7694,-0.6386,0.0138,0,0.638,0.7694,0.031,0,-0.0304,-0.0151,0.9994,0,23.1821,-2.445,1.6605,1]},
{"frame":21,"values":[0.7692,-0.6388,0.014,0,0.6383,0.7692,0.0311,0,-0.0306,-0.015,0.9994,0,23.1821,-2.445,1.6605,1]},
{"frame":22,"values":[0.769,-0.6391,0.0142,0,0.6385,0.769,0.0311,0,-0.0308,-0.0148,0.9994,0,23.1821,-2.445,1.6605,1]},
{"frame":23,"values":[0.7688,-0.6394,0.0144,0,0.6388,0.7687,0.0311,0,-0.031,-0.0147,0.9994,0,23.1821,-2.445,1.6605,1]},
{"frame":24,"values":[0.7685,-0.6396,0.0146,0,0.6391,0.7685,0.0312,0,-0.0312,-0.0146,0.9994,0,23.1821,-2.445,1.6605,1]},
{"frame":25,"values":[0.7685,-0.6396,0.0148,0,0.639,0.7685,0.0312,0,-0.0313,-0.0145,0.9994,0,23.1821,-2.445,1.6605,1]}],"loopBehavior":1,"name":"anim","property":"_matrix"}},
{"name":"mixamorig:LeftHandMiddle2","index":14,"matrix":[0.863,-0.5044,0.0287,0,0.504,0.8635,0.0191,0,-0.0344,-0.002,0.9994,0,6.3689,-0.3109,0.167,1],"rest":[0.991,0.1341,-0.0042,0,-0.1342,0.991,-0.0031,0,0.0038,0.0036,1,0,6.3689,-0.3109,0.167,1],"parentBoneIndex":13,"length":6.1483
,"animation":{"dataType":3,"framePerSecond":24,"keys":[
{"frame":1,"values":[0.8621,-0.5058,0.0287,0,0.5055,0.8626,0.0192,0,-0.0345,-0.002,0.9994,0,6.3689,-0.3109,0.167,1]},
{"frame":2,"values":[0.8622,-0.5058,0.0287,0,0.5054,0.8627,0.0192,0,-0.0345,-0.002,0.9994,0,6.3689,-0.3109,0.167,1]},
