{"producer":{"name":"Blender","version":"2.79 (sub 0)","exporter_version":"5.6.4","file":"catwalk.babylon"},
"autoClear":true,"clearColor":[0.0509,0.0509,0.0509],"ambientColor":[0,0,0],"gravity":[0,-9.81,0],
"materials":[{"name":"catwalk.Material","id":"catwalk.Material","ambient":[0,0,0],"diffuse":[0,0,0],"specular":[0,0,0],"emissive":[0,0,0],"specularPower":50,"alpha":0.001,"backFaceCulling":true,"checkReadyOnlyOnce":false,"maxSimultaneousLights":4}],
"multiMaterials":[],
"skeletons":[{"name":"Armature","id":0,"dimensionsAtRest":[325.0648,354.2356,42.2479],"bones":[
{"name":"mixamorig:Hips","index":0,"matrix":[0.9802,-0.1941,-0.0398,0,0.196,0.9792,0.0514,0,-0.029,0.0582,-0.9979,0,-1.3249,172.3564,-1.0137,1],"rest":[1,0,0,0,0,1,0,0,0,0,-1,0,0,193.2874,0,1],"parentBoneIndex":-1,"length":20.354
,"animation":{"dataType":3,"framePerSecond":24,"keys":[
{"frame":1,"values":[0.9802,-0.1941,-0.0398,0,0.196,0.9792,0.0514,0,-0.029,0.0582,-0.9979,0,-1.3249,172.3564,-1.0137,1]},
{"frame":2,"values":[0.9852,-0.1457,-0.0903,0,0.1505,0.9874,0.0487,0,-0.0821,0.0616,-0.9947,0,-0.4459,174.5138,-0.9069,1]},
{"frame":3,"values":[0.987,-0.0889,-0.1339,0,0.0958,0.9943,0.0461,0,-0.1291,0.0584,-0.9899,0,0.3101,177.3448,-0.153,1]},
{"frame":4,"values":[0.9862,-0.0295,-0.1629,0,0.0371,0.9984,0.0435,0,-0.1614,0.0489,-0.9857,0,0.9535,180.6645,1.447,1]},
{"frame":5,"values":[0.9851,0.0258,-0.1699,0,-0.0185,0.9989,0.0441,0,-0.1708,0.0403,-0.9845,0,1.6061,183.9247,3.4278,1]},
{"frame":6,"values":[0.9838,0.0661,-0.1664,0,-0.0591,0.9972,0.0469,0,-0.1691,0.0363,-0.9849,0,2.362,186.1039,4.9461,1]},
{"frame":7,"values":[0.9811,0.0882,-0.172,0,-0.0815,0.9956,0.0455,0,-0.1753,0.0306,-0.984,0,3.1149,186.6682,5.1887,1]},
{"frame":8,"values":[0.9778,0.0943,-0.1872,0,-0.0888,0.9953,0.0377,0,-0.1899,0.0202,-0.9816,0,3.6296,185.0691,3.7849,1]},
{"frame":9,"values":[0.9722,0.1219,-0.1999,0,-0.1179,0.9925,0.0319,0,-0.2023,0.0074,-0.9793,0,3.7906,183.47,2.3171,1]},
{"frame":10,"values":[0.967,0.1494,-0.2063,0,-0.1454,0.9888,0.0347,0,-0.2091,0.0035,-0.9779,0,3.9516,181.8708,0.8494,1]},
{"frame":11,"values":[0.9618,0.1768,-0.2091,0,-0.1715,0.9842,0.0434,0,-0.2135,0.0058,-0.9769,0,4.1125,180.2717,-0.6184,1]},
{"frame":12,"values":[0.964,0.2062,-0.1678,0,-0.2,0.9784,0.0532,0,-0.1751,0.0177,-0.9844,0,4.2735,178.6726,0.4287,1]},
{"frame":13,"values":[0.9639,0.2348,-0.1259,0,-0.2286,0.9716,0.0617,0,-0.1368,0.0307,-0.9901,0,4.4344,177.0735,1.4758,1]},
{"frame":14,"values":[0.9758,0.2019,-0.0839,0,-0.1963,0.978,0.0709,0,-0.0964,0.0527,-0.9939,0,3.7425,175.4743,2.523,1]},
{"frame":15,"values":[0.9849,0.1682,-0.0418,0,-0.1657,0.9845,0.0571,0,-0.0508,0.0493,-0.9975,0,3.0505,173.8752,3.5701,1]},
{"frame":16,"values":[0.9911,0.133,-0.0004,0,-0.1329,0.9903,0.0409,0,-0.0058,0.0405,-0.9992,0,2.3585,176.2777,4.6172,1]},
{"frame":17,"values":[0.9943,0.098,0.0416,0,-0.0992,0.9947,0.0262,0,0.0388,0.0302,-0.9988,0,1.6665,178.6803,5.6643,1]},
{"frame":18,"values":[0.9944,0.0634,0.0841,0,-0.0647,0.9978,0.0129,0,0.0831,0.0182,-0.9964,0,0.9745,181.0828,6.7114,1]},
{"frame":19,"values":[0.9915,0.0293,0.1267,0,-0.0296,0.9996,0.0011,0,0.1266,0.0048,-0.9919,0,0.2825,183.4853,7.7586,1]},
{"frame":20,"values":[0.9937,-0.0054,0.1123,0,0.0038,0.9999,0.0137,0,0.1124,0.0132,-0.9936,0,-0.4095,185.8879,8.8057,1]},
{"frame":21,"values":[0.9944,-0.0401,0.0979,0,0.0377,0.9989,0.0264,0,0.0988,0.0225,-0.9948,0,-1.1015,188.2904,6.4927,1]},
{"frame":22,"values":[0.9937,-0.0749,0.0834,0,0.0718,0.9967,0.0391,0,0.0861,0.0329,-0.9957,0,-1.7935,186.0576,4.1797,1]},
{"frame":23,"values":[0.9954,-0.067,0.0689,0,0.0635,0.9966,0.0518,0,0.0722,0.0472,-0.9963,0,-1.7416,183.8248,1.8667,1]},
{"frame":24,"values":[0.9929,-0.106,0.0547,0,0.1024,0.9926,0.0648,0,0.0612,0.0588,-0.9964,0,-1.6897,181.592,-0.4463,1]},
{"frame":25,"values":[0.9887,-0.1447,0.04,0,0.1414,0.9869,0.0773,0,0.0506,0.0707,-0.9962,0,-1.6379,179.3592,-2.7593,1]},
{"frame":26,"values":[0.9827,-0.1834,0.0255,0,0.1804,0.9795,0.09,0,0.0414,0.0838,-0.9956,0,-1.7277,177.1264,-2.1509,1]},
{"frame":27,"values":[0.9747,-0.2216,0.0283,0,0.2188,0.9725,0.0796,0,0.0452,0.0714,-0.9964,0,-1.8175,174.8936,-1.5426,1]},
{"frame":28,"values":[0.9775,-0.2107,0.0123,0,0.2094,0.9754,0.0693,0,0.0266,0.0652,-0.9975,0,-1.7534,172.6608,-0.9342,1]},
{"frame":29,"values":[0.9802,-0.1941,-0.0398,0,0.196,0.9792,0.0514,0,-0.029,0.0582,-0.9979,0,-1.3249,172.3564,-1.0137,1]}],"loopBehavior":1,"name":"anim","property":"_matrix"}},
{"name":"mixamorig:Spine","index":1,"matrix":[0.9882,0.1502,-0.0312,0,-0.1512,0.9881,-0.0298,0,0.0263,0.0342,0.9991,0,0.0446,17.9632,-1.2442,1],"rest":[1,0,0,0,0,1,0,0,0,0,1,0,0.0446,17.9632,-1.2442,1],"parentBoneIndex":0,"length":18.7117
,"animation":{"dataType":3,"framePerSecond":24,"keys":[
{"frame":1,"values":[0.9882,0.1502,-0.0312,0,-0.1512,0.9881,-0.0298,0,0.0263,0.0342,0.9991,0,0.0446,17.9632,-1.2442,1]},
{"frame":2,"values":[0.9854,0.1443,-0.0908,0,-0.1445,0.9895,0.0038,0,0.0904,0.0094,0.9959,0,0.0446,17.9632,-1.2442,1]},
{"frame":3,"values":[0.9814,0.1303,-0.1408,0,-0.1249,0.9911,0.0467,0,0.1457,-0.0283,0.9889,0,0.0446,17.9632,-1.2442,1]},
{"frame":4,"values":[0.9778,0.1133,-0.1765,0,-0.0992,0.9913,0.0865,0,0.1847,-0.0671,0.9805,0,0.0446,17.9632,-1.2442,1]},
{"frame":5,"values":[0.9759,0.1001,-0.1939,0,-0.0786,0.9902,0.1155,0,0.2035,-0.0975,0.9742,0,0.0446,17.9632,-1.2442,1]},
{"frame":6,"values":[0.9757,0.0973,-0.1965,0,-0.0732,0.9893,0.1265,0,0.2067,-0.109,0.9723,0,0.0446,17.9632,-1.2442,1]},
{"frame":7,"values":[0.9806,0.1077,-0.1641,0,-0.0885,0.9888,0.1199,0,0.1751,-0.103,0.9791,0,0.0446,17.9632,-1.2442,1]},
{"frame":8,"values":[0.9834,0.1254,-0.1315,0,-0.1134,0.989,0.0955,0,0.142,-0.079,0.9867,0,0.0446,17.9632,-1.2442,1]},
{"frame":9,"values":[0.9864,0.1317,-0.0987,0,-0.1251,0.9896,0.0707,0,0.107,-0.0574,0.9926,0,0.0446,17.9632,-1.2442,1]},
{"frame":10,"values":[0.9931,0.0966,-0.0664,0,-0.0937,0.9946,0.045,0,0.0703,-0.0385,0.9968,0,0.0446,17.9632,-1.2442,1]},
{"frame":11,"values":[0.9975,0.062,-0.033,0,-0.0613,0.9979,0.0204,0,0.0342,-0.0183,0.9992,0,0.0446,17.9632,-1.2442,1]},
{"frame":12,"values":[0.9996,0.0277,0.0008,0,-0.0277,0.9991,0.032,0,0.0001,-0.032,0.9995,0,0.0446,17.9632,-1.2442,1]},
{"frame":13,"values":[0.9994,-0.0071,0.0343,0,0.0056,0.999,0.0447,0,-0.0346,-0.0445,0.9984,0,0.0446,17.9632,-1.2442,1]},
{"frame":14,"values":[0.9968,-0.0423,0.0673,0,0.0384,0.9975,0.0585,0,-0.0696,-0.0557,0.996,0,0.0446,17.9632,-1.2442,1]},
{"frame":15,"values":[0.992,-0.0778,0.0997,0,0.0707,0.9948,0.0734,0,-0.1049,-0.0657,0.9923,0,0.0446,17.9632,-1.2442,1]},
{"frame":16,"values":[0.9848,-0.1135,0.1313,0,0.1023,0.9907,0.0892,0,-0.1403,-0.0744,0.9873,0,0.0446,17.9632,-1.2442,1]},
{"frame":17,"values":[0.9819,-0.0956,0.1638,0,0.0794,0.9915,0.1027,0,-0.1722,-0.0879,0.9811,0,0.0446,17.9632,-1.2442,1]},
{"frame":18,"values":[0.9774,-0.0781,0.1963,0,0.056,0.9917,0.1154,0,-0.2037,-0.1018,0.9737,0,0.0446,17.9632,-1.2442,1]},
{"frame":19,"values":[0.9818,-0.0611,0.1798,0,0.038,0.9909,0.1294,0,-0.186,-0.1202,0.9752,0,0.0446,17.9632,-1.2442,1]},
{"frame":20,"values":[0.9856,-0.0439,0.1633,0,0.0259,0.9935,0.1105,0,-0.1671,-0.1047,0.9804,0,0.0446,17.9632,-1.2442,1]},
{"frame":21,"values":[0.9888,-0.0269,0.1465,0,0.0135,0.9957,0.0917,0,-0.1483,-0.0887,0.9849,0,0.0446,17.9632,-1.2442,1]},
{"frame":22,"values":[0.9909,-0.0348,0.1297,0,0.0255,0.997,0.0726,0,-0.1319,-0.0687,0.9889,0,0.0446,17.9632,-1.2442,1]},
{"frame":23,"values":[0.9927,-0.043,0.1131,0,0.0372,0.9979,0.0534,0,-0.1151,-0.0488,0.9922,0,0.0446,17.9632,-1.2442,1]},
{"frame":24,"values":[0.9952,-0.0048,0.0978,0,0.0016,0.9995,0.0327,0,-0.0979,-0.0324,0.9947,0,0.0446,17.9632,-1.2442,1]},
{"frame":25,"values":[0.9961,0.0333,0.0817,0,-0.0344,0.9993,0.0126,0,-0.0813,-0.0154,0.9966,0,0.0446,17.9632,-1.2442,1]},
{"frame":26,"values":[0.9954,0.071,0.0649,0,-0.0707,0.9975,-0.0069,0,-0.0652,0.0023,0.9979,0,0.0446,17.9632,-1.2442,1]},
{"frame":27,"values":[0.993,0.1084,0.0473,0,-0.1072,0.9939,-0.0258,0,-0.0498,0.0206,0.9985,0,0.0446,17.9632,-1.2442,1]},
{"frame":28,"values":[0.989,0.1451,0.029,0,-0.1438,0.9886,-0.044,0,-0.0351,0.0394,0.9986,0,0.0446,17.9632,-1.2442,1]},
{"frame":29,"values":[0.9882,0.1502,-0.0312,0,-0.1512,0.9881,-0.0298,0,0.0263,0.0342,0.9991,0,0.0446,17.9632,-1.2442,1]}],"loopBehavior":1,"name":"anim","property":"_matrix"}},
{"name":"mixamorig:Spine1","index":2,"matrix":[0.9999,0.0082,-0.0062,0,-0.0078,0.9982,0.0593,0,0.0067,-0.0592,0.9982,0,-0.2753,18.666,-1.2773,1],"rest":[1,0,0,0,0,1,0,0,0,0,1,0,-0.2753,18.666,-1.2773,1],"parentBoneIndex":1,"length":21.7293
,"animation":{"dataType":3,"framePerSecond":24,"keys":[
{"frame":1,"values":[0.9999,0.0082,-0.0062,0,-0.0078,0.9982,0.0593,0,0.0067,-0.0592,0.9982,0,-0.2753,18.666,-1.2773,1]},
{"frame":2,"values":[0.9999,-0.0062,-0.0136,0,0.007,0.9982,0.0591,0,0.0132,-0.0592,0.9982,0,-0.2753,18.666,-1.2773,1]},
{"frame":3,"values":[0.9996,-0.0223,-0.0199,0,0.0234,0.9982,0.0547,0,0.0187,-0.0552,0.9983,0,-0.2753,18.666,-1.2773,1]},
{"frame":4,"values":[0.9989,-0.0398,-0.0249,0,0.0409,0.998,0.0485,0,0.0229,-0.0495,0.9985,0,-0.2753,18.666,-1.2773,1]},
{"frame":5,"values":[0.9981,-0.0548,-0.0281,0,0.0561,0.9974,0.0457,0,0.0255,-0.0472,0.9986,0,-0.2753,18.666,-1.2773,1]},
{"frame":6,"values":[0.9975,-0.0638,-0.0297,0,0.0651,0.9968,0.0471,0,0.0266,-0.0489,0.9984,0,-0.2753,18.666,-1.2773,1]},
{"frame":7,"values":[0.9972,-0.0679,-0.0305,0,0.0692,0.9965,0.0461,0,0.0272,-0.0481,0.9985,0,-0.2753,18.666,-1.2773,1]},
{"frame":8,"values":[0.9971,-0.072,-0.0253,0,0.0729,0.9967,0.0368,0,0.0225,-0.0385,0.999,0,-0.2753,18.666,-1.2773,1]},
{"frame":9,"values":[0.9969,-0.0761,-0.02,0,0.0765,0.9968,0.0209,0,0.0184,-0.0224,0.9996,0,-0.2753,18.666,-1.2773,1]},
{"frame":10,"values":[0.9967,-0.0802,-0.0148,0,0.0803,0.9967,0.0061,0,0.0143,-0.0072,0.9999,0,-0.2753,18.666,-1.2773,1]},
{"frame":11,"values":[0.9964,-0.0844,-0.0096,0,0.0844,0.9964,-0.0016,0,0.0097,0.0007,1,0,-0.2753,18.666,-1.2773,1]},
{"frame":12,"values":[0.9974,-0.0725,-0.0043,0,0.0725,0.9974,-0.0001,0,0.0043,-0.0002,1,0,-0.2753,18.666,-1.2773,1]},
{"frame":13,"values":[0.9982,-0.0605,0.0006,0,0.0605,0.9981,0.013,0,-0.0014,-0.0129,0.9999,0,-0.2753,18.666,-1.2773,1]},
{"frame":14,"values":[0.9988,-0.0486,0.0057,0,0.0484,0.9985,0.026,0,-0.0069,-0.0257,0.9996,0,-0.2753,18.666,-1.2773,1]},
{"frame":15,"values":[0.9993,-0.0367,0.0109,0,0.0362,0.9986,0.039,0,-0.0123,-0.0385,0.9992,0,-0.2753,18.666,-1.2773,1]},
{"frame":16,"values":[0.9996,-0.0248,0.0163,0,0.024,0.9984,0.0518,0,-0.0175,-0.0514,0.9985,0,-0.2753,18.666,-1.2773,1]},
{"frame":17,"values":[0.9997,-0.0131,0.0218,0,0.0117,0.9978,0.0647,0,-0.0226,-0.0644,0.9977,0,-0.2753,18.666,-1.2773,1]},
{"frame":18,"values":[0.9996,-0.0012,0.027,0,-0.0004,0.9982,0.0605,0,-0.0271,-0.0605,0.9978,0,-0.2753,18.666,-1.2773,1]},
{"frame":19,"values":[0.9996,0.0107,0.0244,0,-0.0121,0.9983,0.0563,0,-0.0238,-0.0566,0.9981,0,-0.2753,18.666,-1.2773,1]},
{"frame":20,"values":[0.9995,0.0226,0.0218,0,-0.0238,0.9981,0.0567,0,-0.0205,-0.0572,0.9982,0,-0.2753,18.666,-1.2773,1]},
{"frame":21,"values":[0.9992,0.0345,0.0193,0,-0.0354,0.9981,0.0503,0,-0.0175,-0.0509,0.9985,0,-0.2753,18.666,-1.2773,1]},
{"frame":22,"values":[0.9988,0.0464,0.0166,0,-0.0471,0.9979,0.0439,0,-0.0145,-0.0447,0.9989,0,-0.2753,18.666,-1.2773,1]},
{"frame":23,"values":[0.999,0.042,0.014,0,-0.0425,0.9984,0.0376,0,-0.0124,-0.0381,0.9992,0,-0.2753,18.666,-1.2773,1]},
{"frame":24,"values":[0.9992,0.0377,0.0114,0,-0.038,0.9988,0.0312,0,-0.0102,-0.0316,0.9994,0,-0.2753,18.666,-1.2773,1]},
{"frame":25,"values":[0.9994,0.0333,0.0088,0,-0.0337,0.9986,0.0404,0,-0.0075,-0.0407,0.9991,0,-0.2753,18.666,-1.2773,1]},
{"frame":26,"values":[0.9996,0.029,0.0062,0,-0.0293,0.9983,0.0496,0,-0.0048,-0.0498,0.9987,0,-0.2753,18.666,-1.2773,1]},
{"frame":27,"values":[0.9997,0.0247,0.0036,0,-0.0249,0.998,0.0589,0,-0.0021,-0.0589,0.9983,0,-0.2753,18.666,-1.2773,1]},
{"frame":28,"values":[0.9998,0.0204,0.0009,0,-0.0204,0.9981,0.0588,0,0.0003,-0.0588,0.9983,0,-0.2753,18.666,-1.2773,1]},
{"frame":29,"values":[0.9999,0.0082,-0.0062,0,-0.0078,0.9982,0.0593,0,0.0067,-0.0592,0.9982,0,-0.2753,18.666,-1.2773,1]}],"loopBehavior":1,"name":"anim","property":"_matrix"}},
{"name":"mixamorig:Spine2","index":3,"matrix":[0.9999,0.0085,-0.0059,0,-0.0081,0.9982,0.0593,0,0.0064,-0.0592,0.9982,0,-0.1401,21.7211,-0.581,1],"rest":[1,0,0,0,0,1,0,0,0,0,1,0,-0.1401,21.7211,-0.581,1],"parentBoneIndex":2,"length":20.0301
,"animation":{"dataType":3,"framePerSecond":24,"keys":[
{"frame":1,"values":[0.9999,0.0085,-0.0059,0,-0.0081,0.9982,0.0593,0,0.0064,-0.0592,0.9982,0,-0.1401,21.7211,-0.581,1]},
{"frame":2,"values":[0.9999,-0.0056,-0.0133,0,0.0064,0.9982,0.0592,0,0.013,-0.0593,0.9982,0,-0.1401,21.7211,-0.581,1]},
{"frame":3,"values":[0.9996,-0.0216,-0.0197,0,0.0227,0.9982,0.0551,0,0.0185,-0.0556,0.9983,0,-0.1401,21.7211,-0.581,1]},
{"frame":4,"values":[0.9989,-0.039,-0.0244,0,0.0402,0.998,0.0493,0,0.0225,-0.0502,0.9985,0,-0.1401,21.7211,-0.581,1]},
{"frame":5,"values":[0.9982,-0.0541,-0.0274,0,0.0554,0.9974,0.0469,0,0.0248,-0.0484,0.9985,0,-0.1401,21.7211,-0.581,1]},
{"frame":6,"values":[0.9976,-0.063,-0.0288,0,0.0644,0.9967,0.0486,0,0.0257,-0.0504,0.9984,0,-0.1401,21.7211,-0.581,1]},
{"frame":7,"values":[0.9973,-0.0673,-0.0295,0,0.0687,0.9965,0.0479,0,0.0261,-0.0498,0.9984,0,-0.1401,21.7211,-0.581,1]},
{"frame":8,"values":[0.9971,-0.0716,-0.0244,0,0.0725,0.9966,0.0387,0,0.0215,-0.0404,0.999,0,-0.1401,21.7211,-0.581,1]},
{"frame":9,"values":[0.9969,-0.0758,-0.0192,0,0.0763,0.9968,0.0228,0,0.0175,-0.0242,0.9996,0,-0.1401,21.7211,-0.581,1]},
{"frame":10,"values":[0.9967,-0.0801,-0.0141,0,0.0802,0.9967,0.0079,0,0.0135,-0.009,0.9999,0,-0.1401,21.7211,-0.581,1]},
{"frame":11,"values":[0.9964,-0.0844,-0.009,0,0.0844,0.9964,-0.0001,0,0.009,-0.0007,1,0,-0.1401,21.7211,-0.581,1]},
{"frame":12,"values":[0.9974,-0.0726,-0.0039,0,0.0726,0.9974,0.001,0,0.0038,-0.0013,1,0,-0.1401,21.7211,-0.581,1]},
{"frame":13,"values":[0.9982,-0.0607,0.0009,0,0.0606,0.9981,0.0139,0,-0.0017,-0.0138,0.9999,0,-0.1401,21.7211,-0.581,1]},
{"frame":14,"values":[0.9988,-0.0488,0.0059,0,0.0486,0.9985,0.0267,0,-0.0072,-0.0264,0.9996,0,-0.1401,21.7211,-0.581,1]},
{"frame":15,"values":[0.9993,-0.037,0.011,0,0.0365,0.9986,0.0395,0,-0.0124,-0.039,0.9992,0,-0.1401,21.7211,-0.581,1]},
{"frame":16,"values":[0.9995,-0.0252,0.0162,0,0.0243,0.9983,0.0522,0,-0.0175,-0.0517,0.9985,0,-0.1401,21.7211,-0.581,1]},
{"frame":17,"values":[0.9997,-0.0135,0.0217,0,0.0121,0.9978,0.0648,0,-0.0225,-0.0645,0.9977,0,-0.1401,21.7211,-0.581,1]},
{"frame":18,"values":[0.9996,-0.0017,0.0268,0,0.0001,0.9981,0.0608,0,-0.0268,-0.0608,0.9978,0,-0.1401,21.7211,-0.581,1]},
{"frame":19,"values":[0.9997,0.0101,0.0242,0,-0.0115,0.9983,0.0569,0,-0.0236,-0.0572,0.9981,0,-0.1401,21.7211,-0.581,1]},
{"frame":20,"values":[0.9995,0.0219,0.0217,0,-0.0231,0.9981,0.0575,0,-0.0204,-0.0579,0.9981,0,-0.1401,21.7211,-0.581,1]},
{"frame":21,"values":[0.9992,0.0337,0.0192,0,-0.0347,0.9981,0.051,0,-0.0174,-0.0517,0.9985,0,-0.1401,21.7211,-0.581,1]},
{"frame":22,"values":[0.9988,0.0455,0.0166,0,-0.0463,0.9979,0.0446,0,-0.0146,-0.0454,0.9989,0,-0.1401,21.7211,-0.581,1]},
{"frame":23,"values":[0.999,0.0413,0.0141,0,-0.0419,0.9984,0.0382,0,-0.0125,-0.0388,0.9992,0,-0.1401,21.7211,-0.581,1]},
{"frame":24,"values":[0.9992,0.0371,0.0116,0,-0.0375,0.9988,0.0318,0,-0.0104,-0.0322,0.9994,0,-0.1401,21.7211,-0.581,1]},
{"frame":25,"values":[0.9994,0.0329,0.0091,0,-0.0332,0.9986,0.0409,0,-0.0077,-0.0412,0.9991,0,-0.1401,21.7211,-0.581,1]},
{"frame":26,"values":[0.9996,0.0287,0.0065,0,-0.029,0.9983,0.0499,0,-0.0051,-0.0501,0.9987,0,-0.1401,21.7211,-0.581,1]},
{"frame":27,"values":[0.9997,0.0245,0.004,0,-0.0247,0.998,0.059,0,-0.0025,-0.059,0.9983,0,-0.1401,21.7211,-0.581,1]},
{"frame":28,"values":[0.9998,0.0203,0.0014,0,-0.0203,0.9981,0.0588,0,-0.0002,-0.0588,0.9983,0,-0.1401,21.7211,-0.581,1]},
{"frame":29,"values":[0.9999,0.0085,-0.0059,0,-0.0081,0.9982,0.0593,0,0.0064,-0.0592,0.9982,0,-0.1401,21.7211,-0.581,1]}],"loopBehavior":1,"name":"anim","property":"_matrix"}},
{"name":"mixamorig:Neck","index":4,"matrix":[0.9998,0.0003,0.0197,0,0.0016,0.9955,-0.0944,0,-0.0196,0.0944,0.9953,0,-0.0644,24.2931,0.579,1],"rest":[1,0,0,0,0,1,0,0,0,0,1,0,-0.0644,24.2931,0.579,1],"parentBoneIndex":3,"length":16.8487
,"animation":{"dataType":3,"framePerSecond":24,"keys":[
{"frame":1,"values":[0.9993,0.0003,0.038,0,0.0033,0.9955,-0.0944,0,-0.0378,0.0944,0.9948,0,-0.0644,24.2931,0.579,1]},
{"frame":2,"values":[0.9988,-0.0271,0.0405,0,0.0313,0.9936,-0.1081,0,-0.0373,0.1092,0.9933,0,-0.0644,24.2931,0.579,1]},
{"frame":3,"values":[0.9976,-0.0543,0.043,0,0.0593,0.9905,-0.1241,0,-0.0358,0.1263,0.9913,0,-0.0644,24.293,0.579,1]},
{"frame":4,"values":[0.9959,-0.0785,0.0455,0,0.0842,0.9864,-0.1411,0,-0.0338,0.1443,0.989,0,-0.0644,24.2931,0.579,1]},
{"frame":5,"values":[0.9935,-0.1035,0.048,0,0.1099,0.9813,-0.1582,0,-0.0307,0.1625,0.9862,0,-0.0644,24.2931,0.579,1]},
{"frame":6,"values":[0.9901,-0.131,0.0505,0,0.1378,0.9757,-0.1704,0,-0.0269,0.1756,0.9841,0,-0.0644,24.2931,0.579,1]},
{"frame":7,"values":[0.9869,-0.1539,0.0484,0,0.16,0.972,-0.1722,0,-0.0206,0.1777,0.9839,0,-0.0644,24.2931,0.579,1]},
{"frame":8,"values":[0.9857,-0.1619,0.0464,0,0.1672,0.9737,-0.1548,0,-0.0201,0.1603,0.9869,0,-0.0644,24.2931,0.579,1]},
{"frame":9,"values":[0.9882,-0.147,0.0441,0,0.1517,0.9788,-0.1373,0,-0.0229,0.1424,0.9895,0,-0.0644,24.2931,0.579,1]},
{"frame":10,"values":[0.9904,-0.132,0.042,0,0.1362,0.9834,-0.1197,0,-0.0255,0.1243,0.9919,0,-0.0644,24.2931,0.579,1]},
{"frame":11,"values":[0.9923,-0.1169,0.0402,0,0.1205,0.9874,-0.1021,0,-0.0278,0.1062,0.994,0,-0.0644,24.2931,0.579,1]},
{"frame":12,"values":[0.994,-0.1018,0.0388,0,0.1057,0.9877,-0.115,0,-0.0267,0.1184,0.9926,0,-0.0644,24.2931,0.579,1]},
{"frame":13,"values":[0.9955,-0.0867,0.0373,0,0.0908,0.9876,-0.1279,0,-0.0257,0.1307,0.9911,0,-0.0644,24.2931,0.579,1]},
{"frame":14,"values":[0.9968,-0.0715,0.0355,0,0.0758,0.9871,-0.1407,0,-0.025,0.1429,0.9894,0,-0.0644,24.2931,0.579,1]},
{"frame":15,"values":[0.9978,-0.0564,0.0336,0,0.0609,0.9863,-0.1535,0,-0.0244,0.1552,0.9876,0,-0.0644,24.2931,0.579,1]},
{"frame":16,"values":[0.9987,-0.0412,0.0314,0,0.0459,0.985,-0.1662,0,-0.0241,0.1674,0.9856,0,-0.0644,24.2931,0.579,1]},
{"frame":17,"values":[0.9992,-0.0261,0.0291,0,0.0309,0.9834,-0.1789,0,-0.0239,0.1796,0.9834,0,-0.0644,24.2931,0.579,1]},
{"frame":18,"values":[0.9996,-0.011,0.0265,0,0.0159,0.9814,-0.1915,0,-0.0239,0.1918,0.9811,0,-0.0644,24.2931,0.579,1]},
{"frame":19,"values":[0.9997,0.004,0.0238,0,0.0009,0.979,-0.204,0,-0.0241,0.2039,0.9787,0,-0.0644,24.2931,0.579,1]},
{"frame":20,"values":[0.9996,0.0192,0.0216,0,-0.0147,0.9815,-0.1911,0,-0.0249,0.1907,0.9813,0,-0.0644,24.2931,0.579,1]},
{"frame":21,"values":[0.9992,0.0343,0.0197,0,-0.0303,0.9835,-0.1782,0,-0.0255,0.1775,0.9838,0,-0.0644,24.2931,0.579,1]},
{"frame":22,"values":[0.9994,0.0298,0.0198,0,-0.0261,0.9859,-0.1653,0,-0.0244,0.1647,0.986,0,-0.0644,24.2931,0.579,1]},
{"frame":23,"values":[0.9995,0.0252,0.0198,0,-0.0219,0.9881,-0.1524,0,-0.0234,0.1519,0.9881,0,-0.0644,24.2931,0.579,1]},
{"frame":24,"values":[0.9996,0.0207,0.0198,0,-0.0177,0.9901,-0.1394,0,-0.0224,0.139,0.99,0,-0.0644,24.2931,0.579,1]},
{"frame":25,"values":[0.9997,0.0161,0.0197,0,-0.0135,0.9919,-0.1264,0,-0.0215,0.1261,0.9918,0,-0.0644,24.2931,0.579,1]},
{"frame":26,"values":[0.9996,0.0194,0.0196,0,-0.0171,0.9934,-0.1134,0,-0.0217,0.113,0.9934,0,-0.0644,24.2931,0.579,1]},
{"frame":27,"values":[0.9995,0.0228,0.0197,0,-0.0207,0.9947,-0.1003,0,-0.0218,0.0999,0.9948,0,-0.0644,24.2931,0.579,1]},
{"frame":28,"values":[0.9996,0.0183,0.0197,0,-0.0165,0.996,-0.0873,0,-0.0212,0.0869,0.996,0,-0.0644,24.2931,0.579,1]},
{"frame":29,"values":[0.9998,0.0003,0.0197,0,0.0016,0.9955,-0.0944,0,-0.0196,0.0944,0.9953,0,-0.0644,24.2931,0.579,1]}],"loopBehavior":1,"name":"anim","property":"_matrix"}},
{"name":"mixamorig:Head","index":5,"matrix":[0.9896,0.0368,-0.1389,0,-0.0381,0.9993,-0.0063,0,0.1386,0.0115,0.9903,0,-0.2741,16.32,4.1786,1],"rest":[1,0,0,0,0,1,0,0,0,0,1,0,-0.2741,16.32,4.1786,1],"parentBoneIndex":4,"length":27.9803
,"animation":{"dataType":3,"framePerSecond":24,"keys":[
{"frame":1,"values":[0.9896,0.0368,-0.1389,0,-0.0381,0.9993,-0.0063,0,0.1386,0.0115,0.9903,0,-0.2741,16.32,4.1786,1]},
{"frame":2,"values":[0.9926,0.0484,-0.1114,0,-0.0552,0.9967,-0.0591,0,0.1081,0.0648,0.992,0,-0.2741,16.32,4.1786,1]},
{"frame":3,"values":[0.9947,0.0646,-0.0795,0,-0.0735,0.9907,-0.1142,0,0.0714,0.1195,0.9903,0,-0.2741,16.32,4.1786,1]},
{"frame":4,"values":[0.996,0.0772,-0.0458,0,-0.0835,0.9842,-0.1563,0,0.033,0.1595,0.9867,0,-0.2741,16.32,4.1786,1]},
{"frame":5,"values":[0.9966,0.0808,-0.0155,0,-0.0822,0.9794,-0.1843,0,0.0003,0.1849,0.9828,0,-0.2741,16.32,4.1786,1]},
{"frame":6,"values":[0.9972,0.0748,0.0034,0,-0.0728,0.9784,-0.1935,0,-0.0178,0.1927,0.9811,0,-0.2741,16.32,4.1786,1]},
{"frame":7,"values":[0.9978,0.0663,0.0063,0,-0.0642,0.9819,-0.1783,0,-0.018,0.1775,0.984,0,-0.2741,16.32,4.1786,1]},
{"frame":8,"values":[0.9979,0.0643,-0.0094,0,-0.065,0.9887,-0.1348,0,0.0007,0.1351,0.9908,0,-0.2741,16.32,4.1786,1]},
{"frame":9,"values":[0.9967,0.0729,-0.0367,0,-0.0761,0.9925,-0.0961,0,0.0294,0.0985,0.9947,0,-0.2741,16.32,4.1786,1]},
{"frame":10,"values":[0.9941,0.0875,-0.0639,0,-0.0912,0.9942,-0.0572,0,0.0585,0.0627,0.9963,0,-0.2741,16.32,4.1786,1]},
{"frame":11,"values":[0.9911,0.0968,-0.0911,0,-0.0988,0.9949,-0.0184,0,0.0888,0.0272,0.9957,0,-0.2741,16.32,4.1786,1]},
{"frame":12,"values":[0.9891,0.0864,-0.1192,0,-0.0932,0.9943,-0.0522,0,0.114,0.0628,0.9915,0,-0.2741,16.32,4.1786,1]},
{"frame":13,"values":[0.9863,0.075,-0.1469,0,-0.0883,0.9923,-0.0862,0,0.1393,0.098,0.9854,0,-0.2741,16.32,4.1786,1]},
{"frame":14,"values":[0.9827,0.0627,-0.1741,0,-0.0844,0.9891,-0.1203,0,0.1646,0.1329,0.9774,0,-0.2741,16.32,4.1786,1]},
{"frame":15,"values":[0.9784,0.0494,-0.2007,0,-0.0813,0.9847,-0.1543,0,0.19,0.1673,0.9674,0,-0.2741,16.32,4.1786,1]},
{"frame":16,"values":[0.9733,0.0351,-0.2267,0,-0.0792,0.9789,-0.1882,0,0.2153,0.2011,0.9556,0,-0.2741,16.32,4.1786,1]},
{"frame":17,"values":[0.9675,0.02,-0.252,0,-0.0779,0.972,-0.2218,0,0.2405,0.2342,0.942,0,-0.2741,16.32,4.1786,1]},
{"frame":18,"values":[0.9687,0.0077,-0.2479,0,-0.0584,0.9785,-0.198,0,0.2411,0.2063,0.9483,0,-0.2741,16.32,4.1786,1]},
{"frame":19,"values":[0.9697,0.017,-0.2439,0,-0.061,0.9828,-0.1741,0,0.2368,0.1837,0.954,0,-0.2741,16.32,4.1786,1]},
{"frame":20,"values":[0.9679,0.0261,-0.2499,0,-0.0652,0.9866,-0.1496,0,0.2426,0.1611,0.9567,0,-0.2741,16.32,4.1786,1]},
{"frame":21,"values":[0.9661,0.0354,-0.2556,0,-0.0693,0.9897,-0.1251,0,0.2485,0.1385,0.9587,0,-0.2741,16.32,4.1786,1]},
{"frame":22,"values":[0.9691,0.045,-0.2427,0,-0.0713,0.9923,-0.1009,0,0.2363,0.1151,0.9648,0,-0.2741,16.32,4.1786,1]},
{"frame":23,"values":[0.9718,0.0542,-0.2296,0,-0.0736,0.9943,-0.0768,0,0.2241,0.0915,0.9703,0,-0.2741,16.32,4.1786,1]},
{"frame":24,"values":[0.9754,0.0427,-0.2162,0,-0.0553,0.9971,-0.0524,0,0.2133,0.063,0.9749,0,-0.2741,16.32,4.1786,1]},
{"frame":25,"values":[0.9787,0.0308,-0.2031,0,-0.0372,0.9989,-0.0277,0,0.202,0.0347,0.9788,0,-0.2741,16.32,4.1786,1]},
{"frame":26,"values":[0.9816,0.0185,-0.1902,0,-0.0194,0.9998,-0.0028,0,0.1902,0.0064,0.9817,0,-0.2741,16.32,4.1786,1]},
{"frame":27,"values":[0.9839,0.0243,-0.1771,0,-0.0206,0.9995,0.0222,0,0.1775,-0.0182,0.9839,0,-0.2741,16.32,4.1786,1]},
{"frame":28,"values":[0.986,0.03,-0.1638,0,-0.0268,0.9994,0.0216,0,0.1644,-0.0169,0.9862,0,-0.2741,16.32,4.1786,1]},
{"frame":29,"values":[0.9896,0.0368,-0.1389,0,-0.0381,0.9993,-0.0063,0,0.1386,0.0115,0.9903,0,-0.2741,16.32,4.1786,1]}],"loopBehavior":1,"name":"anim","property":"_matrix"}},
{"name":"mixamorig:HeadTop_End","index":6,"matrix":[1,0,0,0,0,1,0,0,0,0,1,0,0.1302,35.7062,10.856,1],"rest":[1,0,0,0,0,1,0,0,0,0,1,0,0.1302,35.7062,10.856,1],"parentBoneIndex":5,"length":27.9803
,"animation":{"dataType":3,"framePerSecond":24,"keys":[
{"frame":1,"values":[1,0,0,0,0,1,0,0,0,0,1,0,0.1302,35.7062,10.856,1]},
{"frame":8,"values":[1,0,0,0,0,1,0,0,0,0,1,0,0.1302,35.7061,10.856,1]},
{"frame":9,"values":[1,0,0,0,0,1,0,0,0,0,1,0,0.1302,35.7062,10.856,1]},
{"frame":29,"values":[1,0,0,0,0,1,0,0,0,0,1,0,0.1302,35.7062,10.856,1]}],"loopBehavior":1,"name":"anim","property":"_matrix"}},
{"name":"mixamorig:RightEye","index":7,"matrix":[1,0,0,0,0,1,0,0,0,0,1,0,-6.1975,13.9717,17.3751,1],"rest":[1,0,0,0,0,1,0,0,0,0,1,0,-6.1975,13.9717,17.3751,1],"parentBoneIndex":5,"length":27.9803
,"animation":{"dataType":3,"framePerSecond":24,"keys":[
{"frame":1,"values":[1,0,0,0,0,1,0,0,0,0,1,0,-6.1975,13.9717,17.3751,1]},
{"frame":16,"values":[1,0,0,0,0,1,0,0,0,0,1,0,-6.1975,13.9716,17.3751,1]},
{"frame":17,"values":[1,0,0,0,0,1,0,0,0,0,1,0,-6.1975,13.9717,17.3751,1]},
{"frame":20,"values":[1,0,0,0,0,1,0,0,0,0,1,0,-6.1975,13.9718,17.3751,1]},
{"frame":21,"values":[1,0,0,0,0,1,0,0,0,0,1,0,-6.1975,13.9717,17.3751,1]},
{"frame":29,"values":[1,0,0,0,0,1,0,0,0,0,1,0,-6.1975,13.9717,17.3751,1]}],"loopBehavior":1,"name":"anim","property":"_matrix"}},
{"name":"mixamorig:LeftEye","index":8,"matrix":[1,0,0,0,0,1,0,0,0,0,1,0,6.6589,13.9331,17.6864,1],"rest":[1,0,0,0,0,1,0,0,0,0,1,0,6.6589,13.9331,17.6864,1],"parentBoneIndex":5,"length":27.9803
,"animation":{"dataType":3,"framePerSecond":24,"keys":[
{"frame":1,"values":[1,0,0,0,0,1,0,0,0,0,1,0,6.6589,13.9331,17.6864,1]},
{"frame":8,"values":[1,0,0,0,0,1,0,0,0,0,1,0,6.6589,13.933,17.6864,1]},
{"frame":9,"values":[1,0,0,0,0,1,0,0,0,0,1,0,6.6589,13.9331,17.6864,1]},
{"frame":29,"values":[1,0,0,0,0,1,0,0,0,0,1,0,6.6589,13.9331,17.6864,1]}],"loopBehavior":1,"name":"anim","property":"_matrix"}},
{"name":"mixamorig:LeftShoulder","index":9,"matrix":[0.9751,-0.1531,0.1603,0,0.1451,0.9875,0.061,0,-0.1676,-0.0363,0.9852,0,9.4757,15.0678,1.1908,1],"rest":[0.9999,-0.0141,0,0,0.0141,0.9999,0,0,0,0,1,0,9.4757,15.0678,1.1908,1],"parentBoneIndex":3,"length":18.9287
,"animation":{"dataType":3,"framePerSecond":24,"keys":[
{"frame":1,"values":[0.9751,-0.1531,0.1603,0,0.1451,0.9875,0.061,0,-0.1676,-0.0363,0.9852,0,9.4757,15.0678,1.1908,1]},
{"frame":2,"values":[0.9747,-0.1567,0.1596,0,0.1484,0.9869,0.0627,0,-0.1674,-0.0374,0.9852,0,9.4757,15.0678,1.1908,1]},
{"frame":3,"values":[0.9737,-0.1607,0.1616,0,0.1519,0.9862,0.0654,0,-0.1699,-0.0392,0.9847,0,9.4757,15.0678,1.1908,1]},
{"frame":4,"values":[0.9718,-0.1653,0.1682,0,0.1555,0.9854,0.07,0,-0.1773,-0.0418,0.9833,0,9.4757,15.0678,1.1908,1]},
{"frame":5,"values":[0.9692,-0.1705,0.1775,0,0.1593,0.9843,0.0758,0,-0.1876,-0.0452,0.9812,0,9.4757,15.0678,1.1908,1]},
{"frame":6,"values":[0.967,-0.175,0.1849,0,0.1626,0.9834,0.0808,0,-0.1959,-0.0481,0.9794,0,9.4757,15.0678,1.1908,1]},
{"frame":7,"values":[0.9673,-0.1728,0.1855,0,0.16,0.9837,0.0821,0,-0.1966,-0.0497,0.9792,0,9.4757,15.0678,1.1908,1]},
{"frame":8,"values":[0.9694,-0.1709,0.1762,0,0.1593,0.9841,0.078,0,-0.1867,-0.0476,0.9813,0,9.4757,15.0678,1.1908,1]},
{"frame":9,"values":[0.9722,-0.1691,0.162,0,0.1577,0.9841,0.0812,0,-0.1731,-0.0534,0.9834,0,9.4757,15.0678,1.1908,1]},
{"frame":10,"values":[0.9737,-0.1671,0.1551,0,0.1555,0.9842,0.0843,0,-0.1667,-0.058,0.9843,0,9.4757,15.0678,1.1908,1]},
{"frame":11,"values":[0.9694,-0.1641,0.1824,0,0.1504,0.9848,0.087,0,-0.1939,-0.0569,0.9794,0,9.4757,15.0678,1.1908,1]},
{"frame":12,"values":[0.9644,-0.1612,0.2097,0,0.1452,0.9853,0.0894,0,-0.221,-0.0558,0.9737,0,9.4757,15.0678,1.1908,1]},
{"frame":13,"values":[0.9586,-0.158,0.2367,0,0.1404,0.986,0.0897,0,-0.2476,-0.0528,0.9674,0,9.4757,15.0678,1.1908,1]},
{"frame":14,"values":[0.9591,-0.156,0.2362,0,0.1381,0.9863,0.0905,0,-0.247,-0.0542,0.9675,0,9.4757,15.0678,1.1908,1]},
{"frame":15,"values":[0.9596,-0.1539,0.2356,0,0.1358,0.9865,0.0914,0,-0.2465,-0.0557,0.9675,0,9.4757,15.0678,1.1908,1]},
{"frame":16,"values":[0.9601,-0.1518,0.235,0,0.1334,0.9868,0.0922,0,-0.2459,-0.0572,0.9676,0,9.4757,15.0678,1.1908,1]},
{"frame":17,"values":[0.9639,-0.1502,0.2197,0,0.1325,0.9868,0.0934,0,-0.2308,-0.0609,0.9711,0,9.4757,15.0678,1.1908,1]},
{"frame":18,"values":[0.9676,-0.1486,0.2043,0,0.1343,0.9875,0.0822,0,-0.214,-0.0521,0.9755,0,9.4757,15.0678,1.1908,1]},
{"frame":19,"values":[0.9697,-0.1468,0.1952,0,0.1353,0.9883,0.0708,0,-0.2033,-0.0423,0.9782,0,9.4757,15.0678,1.1908,1]},
{"frame":20,"values":[0.9718,-0.1449,0.186,0,0.1341,0.9885,0.0696,0,-0.194,-0.0427,0.9801,0,9.4757,15.0678,1.1908,1]},
{"frame":21,"values":[0.9738,-0.143,0.1768,0,0.1328,0.9888,0.0684,0,-0.1846,-0.0432,0.9819,0,9.4757,15.0678,1.1908,1]},
{"frame":22,"values":[0.9739,-0.1441,0.1755,0,0.1342,0.9887,0.0671,0,-0.1832,-0.0418,0.9822,0,9.4757,15.0678,1.1908,1]},
{"frame":23,"values":[0.9739,-0.1452,0.1742,0,0.1356,0.9886,0.0658,0,-0.1818,-0.0405,0.9825,0,9.4757,15.0678,1.1908,1]},
{"frame":24,"values":[0.9743,-0.1464,0.1715,0,0.1371,0.9884,0.0646,0,-0.1789,-0.0394,0.9831,0,9.4757,15.0678,1.1908,1]},
{"frame":25,"values":[0.9746,-0.1475,0.1688,0,0.1386,0.9883,0.0634,0,-0.1761,-0.0384,0.9836,0,9.4757,15.0678,1.1908,1]},
{"frame":26,"values":[0.9749,-0.1486,0.166,0,0.14,0.9882,0.0623,0,-0.1733,-0.0374,0.9842,0,9.4757,15.0678,1.1908,1]},
{"frame":27,"values":[0.9751,-0.1497,0.1633,0,0.1415,0.9881,0.0611,0,-0.1705,-0.0365,0.9847,0,9.4757,15.0678,1.1908,1]},
{"frame":28,"values":[0.9754,-0.1509,0.1606,0,0.1429,0.9879,0.0599,0,-0.1677,-0.0355,0.9852,0,9.4757,15.0678,1.1908,1]},
{"frame":29,"values":[0.9751,-0.1531,0.1603,0,0.1451,0.9875,0.061,0,-0.1676,-0.0363,0.9852,0,9.4757,15.0678,1.1908,1]}],"loopBehavior":1,"name":"anim","property":"_matrix"}},
{"name":"mixamorig:LeftArm","index":10,"matrix":[0.2202,-0.9603,-0.1711,0,0.6497,0.2752,-0.7086,0,0.7276,0.0448,0.6846,0,18.5298,-0.6786,-3.8053,1],"rest":[0.9993,0.0313,0.0186,0,-0.0313,0.9995,-0.0004,0,-0.0186,-0.0002,0.9998,0,18.5298,-0.6786,-3.8053,1],"parentBoneIndex":9,"length":53.4314
,"animation":{"dataType":3,"framePerSecond":24,"keys":[
{"frame":1,"values":[0.2202,-0.9603,-0.1711,0,0.6497,0.2752,-0.7086,0,0.7276,0.0448,0.6846,0,18.5298,-0.6786,-3.8053,1]},
{"frame":2,"values":[0.2429,-0.9401,-0.2392,0,0.58,0.3384,-0.741,0,0.7776,0.0413,0.6274,0,18.5298,-0.6786,-3.8053,1]},
{"frame":3,"values":[0.2726,-0.9155,-0.2959,0,0.5209,0.399,-0.7546,0,0.8089,0.0515,0.5856,0,18.5298,-0.6786,-3.8053,1]},
{"frame":4,"values":[0.3093,-0.8892,-0.3373,0,0.4697,0.4512,-0.7588,0,0.8269,0.0763,0.5572,0,18.5298,-0.6786,-3.8053,1]},
{"frame":5,"values":[0.3424,-0.8667,-0.3628,0,0.4283,0.4876,-0.7608,0,0.8363,0.1051,0.5382,0,18.5298,-0.6786,-3.8053,1]},
{"frame":6,"values":[0.3581,-0.8545,-0.3764,0,0.4051,0.5054,-0.7619,0,0.8412,0.1204,0.5271,0,18.5298,-0.6786,-3.8053,1]},
{"frame":7,"values":[0.3531,-0.8502,-0.3904,0,0.4251,0.5176,-0.7426,0,0.8334,0.0963,0.5442,0,18.5298,-0.6786,-3.8053,1]},
{"frame":8,"values":[0.3466,-0.842,-0.4134,0,0.4423,0.5354,-0.7196,0,0.8272,0.0666,0.558,0,18.5298,-0.6786,-3.8053,1]},
{"frame":9,"values":[0.3396,-0.8326,-0.4376,0,0.4592,0.5528,-0.6953,0,0.8208,0.0352,0.5701,0,18.5298,-0.6786,-3.8053,1]},
{"frame":10,"values":[0.337,-0.8338,-0.4373,0,0.4832,0.5518,-0.6797,0,0.808,0.0178,0.5889,0,18.5298,-0.6786,-3.8053,1]},
{"frame":11,"values":[0.3525,-0.8725,-0.3382,0,0.5329,0.4843,-0.6939,0,0.7692,0.0643,0.6357,0,18.5298,-0.6786,-3.8053,1]},
{"frame":12,"values":[0.3612,-0.9024,-0.235,0,0.5827,0.4151,-0.6987,0,0.728,0.1154,0.6757,0,18.5298,-0.6786,-3.8053,1]},
{"frame":13,"values":[0.3628,-0.9228,-0.1295,0,0.6315,0.3456,-0.6941,0,0.6853,0.1701,0.7082,0,18.5298,-0.6786,-3.8053,1]},
{"frame":14,"values":[0.3629,-0.9318,-0.0113,0,0.6802,0.2732,-0.6803,0,0.6369,0.2392,0.7329,0,18.5298,-0.6786,-3.8053,1]},
{"frame":15,"values":[0.3595,-0.927,0.1069,0,0.7208,0.2032,-0.6627,0,0.5926,0.3153,0.7413,0,18.5298,-0.6786,-3.8053,1]},
{"frame":16,"values":[0.349,-0.91,0.2239,0,0.7602,0.1352,-0.6354,0,0.5479,0.392,0.739,0,18.5298,-0.6786,-3.8053,1]},
{"frame":17,"values":[0.3316,-0.8811,0.3373,0,0.7976,0.0708,-0.5991,0,0.5039,0.4677,0.7262,0,18.5298,-0.6786,-3.8053,1]},
{"frame":18,"values":[0.3292,-0.8885,0.3196,0,0.8041,0.0863,-0.5882,0,0.495,0.4507,0.7429,0,18.5298,-0.6786,-3.8053,1]},
{"frame":19,"values":[0.3271,-0.8955,0.3017,0,0.8104,0.1017,-0.5769,0,0.486,0.4332,0.759,0,18.5298,-0.6786,-3.8053,1]},
{"frame":20,"values":[0.3252,-0.9021,0.2835,0,0.8167,0.1168,-0.5652,0,0.4768,0.4154,0.7747,0,18.5298,-0.6786,-3.8053,1]},
{"frame":21,"values":[0.3235,-0.9083,0.2652,0,0.8227,0.1315,-0.553,0,0.4674,0.3971,0.7898,0,18.5298,-0.6786,-3.8053,1]},
{"frame":22,"values":[0.322,-0.914,0.2468,0,0.8286,0.146,-0.5404,0,0.4579,0.3785,0.8044,0,18.5298,-0.6786,-3.8053,1]},
{"frame":23,"values":[0.3208,-0.9193,0.2282,0,0.8344,0.1602,-0.5274,0,0.4483,0.3595,0.8184,0,18.5298,-0.6786,-3.8053,1]},
{"frame":24,"values":[0.3197,-0.9241,0.2094,0,0.8399,0.1741,-0.514,0,0.4385,0.3402,0.8318,0,18.5298,-0.6786,-3.8053,1]},
{"frame":25,"values":[0.3197,-0.9379,0.1343,0,0.8369,0.213,-0.5042,0,0.4443,0.2736,0.8531,0,18.5298,-0.6786,-3.8053,1]},
{"frame":26,"values":[0.3192,-0.9459,0.0584,0,0.834,0.2511,-0.4913,0,0.4501,0.2055,0.869,0,18.5298,-0.6786,-3.8053,1]},
{"frame":27,"values":[0.2638,-0.9644,-0.0179,0,0.7829,0.2249,-0.58,0,0.5634,0.139,0.8144,0,18.5298,-0.6786,-3.8053,1]},
{"frame":28,"values":[0.2061,-0.974,-0.0945,0,0.7205,0.2164,-0.6588,0,0.6621,0.0677,0.7463,0,18.5298,-0.6786,-3.8053,1]},
{"frame":29,"values":[0.2202,-0.9603,-0.1711,0,0.6497,0.2752,-0.7086,0,0.7276,0.0448,0.6846,0,18.5298,-0.6786,-3.8053,1]}],"loopBehavior":1,"name":"anim","property":"_matrix"}},
{"name":"mixamorig:LeftForeArm","index":11,"matrix":[0.7919,0.0173,0.6104,0,-0.0071,0.9998,-0.0192,0,-0.6106,0.0109,0.7919,0,53.4141,-0.9224,-0.9963,1],"rest":[0.9964,0.0138,-0.0836,0,-0.0137,0.9999,0.0023,0,0.0836,-0.0011,0.9965,0,53.4141,-0.9224,-0.9963,1],"parentBoneIndex":10,"length":44.0301
,"animation":{"dataType":3,"framePerSecond":24,"keys":[
{"frame":1,"values":[0.7919,0.0173,0.6104,0,-0.0071,0.9998,-0.0192,0,-0.6106,0.0109,0.7919,0,53.4141,-0.9224,-0.9963,1]},
{"frame":2,"values":[0.7961,0.0173,0.6049,0,-0.0072,0.9998,-0.019,0,-0.6051,0.0108,0.7961,0,53.4141,-0.9224,-0.9963,1]},
{"frame":3,"values":[0.7979,0.0172,0.6026,0,-0.0073,0.9998,-0.019,0,-0.6028,0.0107,0.7978,0,53.4141,-0.9224,-0.9963,1]},
{"frame":4,"values":[0.8068,0.0171,0.5905,0,-0.0076,0.9998,-0.0186,0,-0.5907,0.0105,0.8068,0,53.4141,-0.9224,-0.9963,1]},
{"frame":5,"values":[0.8236,0.0168,0.5669,0,-0.0081,0.9998,-0.0179,0,-0.5671,0.0101,0.8236,0,53.4141,-0.9224,-0.9963,1]},
{"frame":6,"values":[0.8406,0.0165,0.5414,0,-0.0086,0.9998,-0.0171,0,-0.5416,0.0097,0.8406,0,53.4141,-0.9224,-0.9963,1]},
{"frame":7,"values":[0.8599,0.0162,0.5102,0,-0.0092,0.9998,-0.0161,0,-0.5104,0.0091,0.8599,0,53.4141,-0.9224,-0.9963,1]},
{"frame":8,"values":[0.8781,0.0159,0.4782,0,-0.0098,0.9998,-0.0151,0,-0.4784,0.0086,0.8781,0,53.4141,-0.9224,-0.9963,1]},
{"frame":9,"values":[0.8951,0.0156,0.4457,0,-0.0104,0.9998,-0.0141,0,-0.4458,0.008,0.8951,0,53.4141,-0.9224,-0.9963,1]},
{"frame":10,"values":[0.8861,0.0157,0.4633,0,-0.0101,0.9998,-0.0147,0,-0.4634,0.0083,0.8861,0,53.4141,-0.9224,-0.9963,1]},
{"frame":11,"values":[0.8767,0.0159,0.4807,0,-0.0098,0.9998,-0.0152,0,-0.4809,0.0086,0.8767,0,53.4141,-0.9224,-0.9963,1]},
{"frame":12,"values":[0.867,0.016,0.498,0,-0.0095,0.9998,-0.0157,0,-0.4982,0.0089,0.867,0,53.4141,-0.9224,-0.9963,1]},
{"frame":13,"values":[0.8569,0.0162,0.5152,0,-0.0091,0.9998,-0.0163,0,-0.5153,0.0092,0.8569,0,53.4141,-0.9224,-0.9963,1]},
{"frame":14,"values":[0.8465,0.0164,0.5321,0,-0.0088,0.9998,-0.0168,0,-0.5323,0.0095,0.8465,0,53.4141,-0.9224,-0.9963,1]},
{"frame":15,"values":[0.8358,0.0166,0.5488,0,-0.0085,0.9998,-0.0173,0,-0.549,0.0098,0.8358,0,53.4141,-0.9224,-0.9963,1]},
{"frame":16,"values":[0.8247,0.0168,0.5653,0,-0.0081,0.9998,-0.0178,0,-0.5655,0.0101,0.8247,0,53.4141,-0.9224,-0.9963,1]},
{"frame":17,"values":[0.8133,0.017,0.5816,0,-0.0078,0.9998,-0.0183,0,-0.5818,0.0104,0.8132,0,53.4141,-0.9224,-0.9963,1]},
{"frame":18,"values":[0.8015,0.0172,0.5977,0,-0.0074,0.9998,-0.0188,0,-0.5979,0.0107,0.8015,0,53.4141,-0.9224,-0.9963,1]},
{"frame":19,"values":[0.7895,0.0174,0.6135,0,-0.007,0.9998,-0.0193,0,-0.6137,0.0109,0.7894,0,53.4141,-0.9224,-0.9963,1]},
{"frame":20,"values":[0.7771,0.0176,0.6291,0,-0.0066,0.9998,-0.0198,0,-0.6293,0.0112,0.7771,0,53.4141,-0.9224,-0.9963,1]},
{"frame":21,"values":[0.7645,0.0178,0.6444,0,-0.0062,0.9998,-0.0202,0,-0.6446,0.0115,0.7644,0,53.4141,-0.9224,-0.9963,1]},
{"frame":22,"values":[0.7515,0.018,0.6595,0,-0.0058,0.9998,-0.0207,0,-0.6597,0.0117,0.7514,0,53.4141,-0.9224,-0.9963,1]},
{"frame":23,"values":[0.7383,0.0183,0.6742,0,-0.0054,0.9998,-0.0212,0,-0.6745,0.012,0.7382,0,53.4141,-0.9224,-0.9963,1]},
{"frame":24,"values":[0.7248,0.0185,0.6887,0,-0.005,0.9998,-0.0216,0,-0.689,0.0122,0.7247,0,53.4141,-0.9224,-0.9963,1]},
{"frame":25,"values":[0.711,0.0187,0.7029,0,-0.0045,0.9997,-0.022,0,-0.7032,0.0125,0.7109,0,53.4141,-0.9224,-0.9963,1]},
{"frame":26,"values":[0.7339,0.0183,0.679,0,-0.0053,0.9998,-0.0213,0,-0.6793,0.0121,0.7338,0,53.4141,-0.9224,-0.9963,1]},
{"frame":27,"values":[0.756,0.018,0.6544,0,-0.006,0.9998,-0.0206,0,-0.6546,0.0116,0.7559,0,53.4141,-0.9224,-0.9963,1]},
{"frame":28,"values":[0.7772,0.0176,0.629,0,-0.0066,0.9998,-0.0198,0,-0.6292,0.0112,0.7772,0,53.4141,-0.9224,-0.9963,1]},
{"frame":29,"values":[0.7919,0.0173,0.6104,0,-0.0071,0.9998,-0.0192,0,-0.6106,0.0109,0.7919,0,53.4141,-0.9224,-0.9963,1]}],"loopBehavior":1,"name":"anim","property":"_matrix"}},
{"name":"mixamorig:LeftHand","index":12,"matrix":[0.5792,0.7352,0.3521,0,-0.7756,0.63,-0.0397,0,-0.251,-0.25,0.9351,0,43.9156,-1.3651,2.8638,1],"rest":[0.9993,0.0295,-0.024,0,-0.0285,0.9986,0.0438,0,0.0252,-0.0431,0.9988,0,43.9156,-1.3651,2.8638,1],"parentBoneIndex":11,"length":17.7959
,"animation":{"dataType":3,"framePerSecond":24,"keys":[
{"frame":1,"values":[0.5792,0.7352,0.3521,0,-0.7756,0.63,-0.0397,0,-0.251,-0.25,0.9351,0,43.9156,-1.3651,2.8638,1]},
{"frame":2,"values":[0.5512,0.7456,0.3746,0,-0.7788,0.6208,-0.0899,0,-0.2996,-0.2422,0.9228,0,43.9156,-1.3651,2.8638,1]},
{"frame":3,"values":[0.5499,0.7609,0.3444,0,-0.7679,0.6228,-0.15,0,-0.3286,-0.182,0.9268,0,43.9156,-1.3651,2.8638,1]},
{"frame":4,"values":[0.538,0.7898,0.2946,0,-0.7704,0.6026,-0.2084,0,-0.3421,-0.1148,0.9326,0,43.9156,-1.3651,2.8638,1]},
{"frame":5,"values":[0.5149,0.8252,0.2323,0,-0.7864,0.5625,-0.2554,0,-0.3414,-0.0511,0.9385,0,43.9156,-1.3651,2.8638,1]},
{"frame":6,"values":[0.5027,0.8534,0.1377,0,-0.7975,0.5193,-0.3071,0,-0.3335,0.0446,0.9417,0,43.9156,-1.3651,2.8638,1]},
{"frame":7,"values":[0.5002,0.8651,0.0376,0,-0.7985,0.4776,-0.3665,0,-0.3351,0.1533,0.9296,0,43.9156,-1.3651,2.8638,1]},
{"frame":8,"values":[0.4949,0.8683,-0.0324,0,-0.7952,0.4376,-0.4198,0,-0.3504,0.2336,0.907,0,43.9156,-1.3651,2.8638,1]},
{"frame":9,"values":[0.477,0.8757,-0.0749,0,-0.8001,0.3974,-0.4493,0,-0.3637,0.2743,0.8902,0,43.9156,-1.3651,2.8638,1]},
{"frame":10,"values":[0.4559,0.8798,-0.1342,0,-0.8188,0.3556,-0.4506,0,-0.3487,0.3153,0.8826,0,43.9156,-1.3651,2.8638,1]},
{"frame":11,"values":[0.454,0.8568,-0.2444,0,-0.8389,0.3186,-0.4413,0,-0.3003,0.4054,0.8634,0,43.9156,-1.3651,2.8638,1]},
{"frame":12,"values":[0.4853,0.8235,-0.2938,0,-0.8491,0.3637,-0.3832,0,-0.2087,0.4354,0.8757,0,43.9156,-1.3651,2.8638,1]},
{"frame":13,"values":[0.5108,0.7875,-0.3448,0,-0.852,0.4102,-0.3251,0,-0.1146,0.4599,0.8806,0,43.9156,-1.3651,2.8638,1]},
{"frame":14,"values":[0.53,0.7494,-0.3968,0,-0.8478,0.4576,-0.2681,0,-0.0193,0.4785,0.8779,0,43.9156,-1.3651,2.8638,1]},
{"frame":15,"values":[0.6946,0.5961,-0.4026,0,-0.7035,0.6798,-0.2073,0,0.1501,0.4273,0.8916,0,43.9156,-1.3651,2.8638,1]},
{"frame":16,"values":[0.8172,0.3905,-0.4238,0,-0.4865,0.8617,-0.144,0,0.309,0.3239,0.8942,0,43.9156,-1.3651,2.8638,1]},
{"frame":17,"values":[0.8746,0.1541,-0.4597,0,-0.2169,0.9723,-0.0867,0,0.4336,0.1756,0.8839,0,43.9156,-1.3651,2.8638,1]},
