{"producer":{"name":"Blender","version":"2.79 (sub 0)","exporter_version":"5.6.4","file":"catwalkright.babylon"},
"autoClear":true,"clearColor":[0.0509,0.0509,0.0509],"ambientColor":[0,0,0],"gravity":[0,-9.81,0],
"materials":[{"name":"catwalkright.Material","id":"catwalkright.Material","ambient":[0,0,0],"diffuse":[0,0,0],"specular":[0,0,0],"emissive":[0,0,0],"specularPower":50,"alpha":0.001,"backFaceCulling":true,"checkReadyOnlyOnce":false,"maxSimultaneousLights":4}],
"multiMaterials":[],
"skeletons":[{"name":"Armature","id":0,"dimensionsAtRest":[379.1952,391.6652,55.677],"bones":[
{"name":"mixamorig:Hips","index":0,"matrix":[0.996,0.0868,-0.0217,0,-0.0864,0.9961,0.0175,0,-0.0232,0.0156,-0.9996,0,-0.4012,197.3557,0.0572,1],"rest":[1,0,0,0,0,1,0,0,0,0,-1,0,0,201.6394,0,1],"parentBoneIndex":-1,"length":21.6784
,"animation":{"dataType":3,"framePerSecond":24,"keys":[
{"frame":1,"values":[0.996,0.0868,-0.0229,0,-0.0864,0.9961,0.0176,0,-0.0244,0.0156,-0.9996,0,-0.4011,197.3557,0.0576,1]},
{"frame":2,"values":[0.996,0.0868,-0.0229,0,-0.0864,0.9961,0.0176,0,-0.0244,0.0156,-0.9996,0,1.2351,196.9027,-1.3582,1]},
{"frame":3,"values":[0.996,0.0868,-0.0229,0,-0.0864,0.9961,0.0176,0,-0.0243,0.0156,-0.9996,0,2.9842,196.4874,-1.9819,1]},
{"frame":4,"values":[0.996,0.0869,-0.0229,0,-0.0865,0.9961,0.0176,0,-0.0243,0.0156,-0.9996,0,4.6858,196.1283,-1.6954,1]},
{"frame":5,"values":[0.996,0.0869,-0.0229,0,-0.0865,0.9961,0.0176,0,-0.0243,0.0156,-0.9996,0,6.1861,195.8398,-0.5937,1]},
{"frame":6,"values":[0.996,0.0869,-0.0229,0,-0.0865,0.9961,0.0176,0,-0.0243,0.0156,-0.9996,0,7.3693,195.6386,1.0822,1]},
{"frame":7,"values":[0.996,0.0869,-0.0229,0,-0.0865,0.9961,0.0176,0,-0.0243,0.0156,-0.9996,0,7.9022,195.5791,3.1664,1]},
{"frame":8,"values":[0.996,0.0869,-0.0229,0,-0.0865,0.9961,0.0176,0,-0.0243,0.0156,-0.9996,0,8.4352,195.5197,5.28,1]},
{"frame":9,"values":[0.996,0.0869,-0.0229,0,-0.0865,0.9961,0.0176,0,-0.0243,0.0156,-0.9996,0,5.9064,195.6782,7.3937,1]},
{"frame":10,"values":[0.996,0.0869,-0.0229,0,-0.0865,0.9961,0.0176,0,-0.0243,0.0156,-0.9996,0,3.3777,195.8367,9.5073,1]},
{"frame":11,"values":[0.996,0.0869,-0.0229,0,-0.0865,0.9961,0.0176,0,-0.0243,0.0156,-0.9996,0,0.8489,195.9952,11.6209,1]},
{"frame":12,"values":[0.996,0.0869,-0.0229,0,-0.0865,0.9961,0.0176,0,-0.0243,0.0156,-0.9996,0,-1.6799,196.1537,13.7345,1]},
{"frame":13,"values":[0.996,0.0868,-0.0229,0,-0.0865,0.9961,0.0176,0,-0.0243,0.0156,-0.9996,0,-4.2086,196.3121,15.8481,1]},
{"frame":14,"values":[0.996,0.0868,-0.0229,0,-0.0864,0.9961,0.0176,0,-0.0243,0.0156,-0.9996,0,-6.7374,196.4706,17.9618,1]},
{"frame":15,"values":[0.996,0.0868,-0.0229,0,-0.0864,0.9961,0.0176,0,-0.0243,0.0156,-0.9996,0,-9.2661,196.6291,20.0754,1]},
{"frame":16,"values":[0.996,0.0868,-0.0229,0,-0.0864,0.9961,0.0176,0,-0.0243,0.0156,-0.9996,0,-11.7949,196.7876,18.0196,1]},
{"frame":17,"values":[0.996,0.0868,-0.0229,0,-0.0864,0.9961,0.0176,0,-0.0243,0.0156,-0.9996,0,-14.3236,196.9461,15.9637,1]},
{"frame":18,"values":[0.996,0.0868,-0.0229,0,-0.0864,0.9961,0.0176,0,-0.0244,0.0156,-0.9996,0,-16.8524,197.1046,13.9079,1]},
{"frame":19,"values":[0.996,0.0868,-0.0229,0,-0.0864,0.9961,0.0176,0,-0.0244,0.0156,-0.9996,0,-19.3811,197.2631,11.8521,1]},
{"frame":20,"values":[0.996,0.0868,-0.0229,0,-0.0864,0.9961,0.0176,0,-0.0244,0.0156,-0.9996,0,-21.9099,197.4216,9.7963,1]},
{"frame":21,"values":[0.996,0.0868,-0.023,0,-0.0864,0.9961,0.0176,0,-0.0244,0.0156,-0.9996,0,-24.4386,197.5801,7.7405,1]},
{"frame":22,"values":[0.996,0.0868,-0.023,0,-0.0864,0.9961,0.0176,0,-0.0244,0.0156,-0.9996,0,-21.338,197.7386,5.6846,1]},
{"frame":23,"values":[0.996,0.0868,-0.023,0,-0.0864,0.9961,0.0176,0,-0.0244,0.0156,-0.9996,0,-18.2373,197.6867,3.6288,1]},
{"frame":24,"values":[0.996,0.0868,-0.023,0,-0.0864,0.9961,0.0176,0,-0.0244,0.0156,-0.9996,0,-15.1367,197.6349,1.573,1]},
{"frame":25,"values":[0.996,0.0868,-0.0227,0,-0.0864,0.9961,0.0176,0,-0.0242,0.0156,-0.9996,0,-12.0361,197.583,-0.4828,1]},
{"frame":26,"values":[0.996,0.0868,-0.0225,0,-0.0864,0.9961,0.0176,0,-0.0239,0.0156,-0.9996,0,-8.9354,197.5311,-2.5387,1]},
{"frame":27,"values":[0.996,0.0868,-0.0222,0,-0.0864,0.9961,0.0176,0,-0.0237,0.0156,-0.9996,0,-5.8348,197.4792,-1.9223,1]},
{"frame":28,"values":[0.996,0.0868,-0.022,0,-0.0864,0.9961,0.0175,0,-0.0234,0.0156,-0.9996,0,-2.7342,197.4274,-1.306,1]},
{"frame":29,"values":[0.996,0.0868,-0.0217,0,-0.0864,0.9961,0.0175,0,-0.0232,0.0156,-0.9996,0,-0.4012,197.3557,0.0572,1]}],"loopBehavior":1,"name":"anim","property":"_matrix"}},
{"name":"mixamorig:Spine","index":1,"matrix":[0.9987,-0.0451,-0.0221,0,0.0455,0.9987,0.0215,0,0.0211,-0.0225,0.9995,0,0.0062,19.525,-2.4818,1],"rest":[1,0,0,0,0,1,0,0,0,0,1,0,0.0062,19.525,-2.4818,1],"parentBoneIndex":0,"length":23.0091
,"animation":{"dataType":3,"framePerSecond":24,"keys":[
{"frame":1,"values":[0.9987,-0.0451,-0.0221,0,0.0455,0.9987,0.0215,0,0.0211,-0.0225,0.9995,0,0.0062,19.525,-2.4818,1]},
{"frame":2,"values":[0.9989,-0.0463,-0.012,0,0.0466,0.9987,0.0217,0,0.011,-0.0222,0.9997,0,0.0062,19.525,-2.4818,1]},
{"frame":3,"values":[0.9989,-0.047,-0.0021,0,0.047,0.9987,0.0219,0,0.0011,-0.022,0.9998,0,0.0062,19.525,-2.4818,1]},
{"frame":4,"values":[0.9989,-0.0459,0.0078,0,0.0457,0.9987,0.0221,0,-0.0088,-0.0217,0.9997,0,0.0062,19.525,-2.4818,1]},
{"frame":5,"values":[0.9989,-0.0425,0.0184,0,0.0421,0.9989,0.0223,0,-0.0193,-0.0215,0.9996,0,0.0062,19.525,-2.4818,1]},
{"frame":6,"values":[0.9988,-0.0367,0.0309,0,0.036,0.9991,0.0225,0,-0.0317,-0.0213,0.9993,0,0.0062,19.525,-2.4818,1]},
{"frame":7,"values":[0.9987,-0.0296,0.0416,0,0.0287,0.9993,0.0226,0,-0.0423,-0.0214,0.9989,0,0.0062,19.525,-2.4818,1]},
{"frame":8,"values":[0.9984,-0.0222,0.0524,0,0.0211,0.9995,0.0228,0,-0.0529,-0.0217,0.9984,0,0.0062,19.525,-2.4818,1]},
{"frame":9,"values":[0.9979,-0.0175,0.0631,0,0.0161,0.9996,0.023,0,-0.0635,-0.022,0.9977,0,0.0062,19.525,-2.4818,1]},
{"frame":10,"values":[0.9972,-0.0128,0.0738,0,0.0111,0.9997,0.0232,0,-0.0741,-0.0223,0.997,0,0.0062,19.525,-2.4818,1]},
{"frame":11,"values":[0.9979,-0.0159,0.0632,0,0.0145,0.9996,0.0235,0,-0.0636,-0.0225,0.9977,0,0.0062,19.525,-2.4818,1]},
{"frame":12,"values":[0.9984,-0.0191,0.0526,0,0.0178,0.9996,0.0238,0,-0.053,-0.0228,0.9983,0,0.0062,19.525,-2.4818,1]},
{"frame":13,"values":[0.9989,-0.0222,0.0419,0,0.0212,0.9995,0.024,0,-0.0424,-0.0231,0.9988,0,0.0062,19.525,-2.4818,1]},
{"frame":14,"values":[0.9992,-0.0253,0.0313,0,0.0245,0.9994,0.0243,0,-0.0319,-0.0235,0.9992,0,0.0062,19.525,-2.4818,1]},
{"frame":15,"values":[0.9994,-0.0284,0.0206,0,0.0279,0.9993,0.0244,0,-0.0213,-0.0238,0.9995,0,0.0062,19.525,-2.4818,1]},
{"frame":16,"values":[0.9995,-0.0315,0.01,0,0.0313,0.9992,0.0246,0,-0.0107,-0.0243,0.9996,0,0.0062,19.525,-2.4818,1]},
{"frame":17,"values":[0.9994,-0.0346,-0.0007,0,0.0346,0.9991,0.0247,0,-0.0002,-0.0247,0.9997,0,0.0062,19.525,-2.4818,1]},
{"frame":18,"values":[0.9992,-0.0377,-0.0114,0,0.038,0.999,0.0248,0,0.0104,-0.0252,0.9996,0,0.0062,19.525,-2.4818,1]},
{"frame":19,"values":[0.9989,-0.0408,-0.022,0,0.0414,0.9988,0.0248,0,0.021,-0.0257,0.9995,0,0.0062,19.525,-2.4818,1]},
{"frame":20,"values":[0.9985,-0.0439,-0.0327,0,0.0448,0.9987,0.0248,0,0.0315,-0.0262,0.9992,0,0.0062,19.525,-2.4818,1]},
{"frame":21,"values":[0.998,-0.047,-0.0433,0,0.0481,0.9985,0.0247,0,0.0421,-0.0267,0.9988,0,0.0062,19.525,-2.4818,1]},
{"frame":22,"values":[0.9973,-0.0501,-0.054,0,0.0515,0.9984,0.0246,0,0.0526,-0.0273,0.9982,0,0.0062,19.525,-2.4818,1]},
{"frame":23,"values":[0.9967,-0.0489,-0.0646,0,0.0506,0.9984,0.0246,0,0.0633,-0.0278,0.9976,0,0.0062,19.525,-2.4818,1]},
{"frame":24,"values":[0.9972,-0.0478,-0.058,0,0.0493,0.9985,0.0245,0,0.0567,-0.0273,0.998,0,0.0062,19.525,-2.4818,1]},
{"frame":25,"values":[0.9976,-0.0467,-0.0514,0,0.048,0.9985,0.0245,0,0.0502,-0.0269,0.9984,0,0.0062,19.525,-2.4818,1]},
{"frame":26,"values":[0.998,-0.0455,-0.0448,0,0.0466,0.9986,0.0239,0,0.0436,-0.0259,0.9987,0,0.0062,19.525,-2.4818,1]},
{"frame":27,"values":[0.9983,-0.0444,-0.0382,0,0.0453,0.9987,0.0233,0,0.0371,-0.0249,0.999,0,0.0062,19.525,-2.4818,1]},
{"frame":28,"values":[0.9985,-0.0447,-0.0316,0,0.0454,0.9987,0.0226,0,0.0305,-0.024,0.9992,0,0.0062,19.525,-2.4818,1]},
{"frame":29,"values":[0.9987,-0.0451,-0.0221,0,0.0455,0.9987,0.0215,0,0.0211,-0.0225,0.9995,0,0.0062,19.525,-2.4818,1]}],"loopBehavior":1,"name":"anim","property":"_matrix"}},
{"name":"mixamorig:Spine1","index":2,"matrix":[0.9946,-0.1036,0.0033,0,0.1036,0.9945,0.0131,0,-0.0046,-0.0127,0.9999,0,-0.0009,22.835,-2.8254,1],"rest":[1,0,0,0,0,1,0,0,0,0,1,0,-0.0009,22.835,-2.8254,1],"parentBoneIndex":1,"length":26.7438
,"animation":{"dataType":3,"framePerSecond":24,"keys":[
{"frame":1,"values":[0.9946,-0.1036,0.0033,0,0.1036,0.9945,0.0131,0,-0.0046,-0.0127,0.9999,0,-0.0009,22.835,-2.8254,1]},
{"frame":2,"values":[0.9948,-0.1013,0.0132,0,0.1011,0.9948,0.0137,0,-0.0145,-0.0123,0.9998,0,-0.0009,22.835,-2.8254,1]},
{"frame":3,"values":[0.9949,-0.0977,0.0237,0,0.0973,0.9951,0.0144,0,-0.025,-0.012,0.9996,0,-0.0009,22.835,-2.8254,1]},
{"frame":4,"values":[0.9949,-0.094,0.0361,0,0.0935,0.9955,0.0155,0,-0.0374,-0.0121,0.9992,0,-0.0009,22.835,-2.8254,1]},
{"frame":5,"values":[0.9946,-0.0903,0.0514,0,0.0895,0.9958,0.0175,0,-0.0528,-0.0128,0.9985,0,-0.0009,22.835,-2.8254,1]},
{"frame":6,"values":[0.994,-0.0848,0.0695,0,0.0836,0.9963,0.0194,0,-0.0709,-0.0135,0.9974,0,-0.0009,22.835,-2.8254,1]},
{"frame":7,"values":[0.9935,-0.0795,0.081,0,0.078,0.9967,0.0213,0,-0.0825,-0.0149,0.9965,0,-0.0009,22.835,-2.8254,1]},
{"frame":8,"values":[0.9929,-0.0752,0.0926,0,0.0734,0.997,0.0233,0,-0.0941,-0.0163,0.9954,0,-0.0009,22.835,-2.8254,1]},
{"frame":9,"values":[0.9918,-0.0737,0.1041,0,0.0715,0.9971,0.0252,0,-0.1057,-0.0175,0.9942,0,-0.0009,22.835,-2.8254,1]},
{"frame":10,"values":[0.9907,-0.0722,0.1156,0,0.0696,0.9972,0.0271,0,-0.1173,-0.0188,0.9929,0,-0.0009,22.835,-2.8254,1]},
{"frame":11,"values":[0.989,-0.0757,0.1271,0,0.073,0.997,0.0256,0,-0.1287,-0.016,0.9916,0,-0.0009,22.835,-2.8254,1]},
{"frame":12,"values":[0.9906,-0.0794,0.111,0,0.0771,0.9967,0.0242,0,-0.1125,-0.0154,0.9935,0,-0.0009,22.835,-2.8254,1]},
{"frame":13,"values":[0.992,-0.0831,0.0948,0,0.0812,0.9964,0.0228,0,-0.0963,-0.0149,0.9952,0,-0.0009,22.835,-2.8254,1]},
{"frame":14,"values":[0.9931,-0.0867,0.0786,0,0.0853,0.9961,0.0212,0,-0.0801,-0.0144,0.9967,0,-0.0009,22.835,-2.8254,1]},
{"frame":15,"values":[0.9944,-0.0848,0.0624,0,0.0837,0.9963,0.0197,0,-0.0638,-0.0144,0.9979,0,-0.0009,22.835,-2.8254,1]},
{"frame":16,"values":[0.9955,-0.0828,0.0461,0,0.082,0.9965,0.0182,0,-0.0475,-0.0144,0.9988,0,-0.0009,22.835,-2.8254,1]},
{"frame":17,"values":[0.9963,-0.0808,0.0298,0,0.0803,0.9966,0.0168,0,-0.0311,-0.0143,0.9994,0,-0.0009,22.835,-2.8254,1]},
{"frame":18,"values":[0.9968,-0.0788,0.0136,0,0.0786,0.9968,0.0153,0,-0.0147,-0.0142,0.9998,0,-0.0009,22.835,-2.8254,1]},
{"frame":19,"values":[0.9965,-0.0831,-0.0027,0,0.0832,0.9964,0.014,0,0.0015,-0.0141,0.9999,0,-0.0009,22.835,-2.8254,1]},
{"frame":20,"values":[0.996,-0.0875,-0.019,0,0.0878,0.9961,0.0125,0,0.0178,-0.0141,0.9997,0,-0.0009,22.835,-2.8254,1]},
{"frame":21,"values":[0.9951,-0.0919,-0.0353,0,0.0923,0.9957,0.011,0,0.0341,-0.0142,0.9993,0,-0.0009,22.835,-2.8254,1]},
{"frame":22,"values":[0.994,-0.0963,-0.0515,0,0.0969,0.9953,0.0094,0,0.0504,-0.0143,0.9986,0,-0.0009,22.835,-2.8254,1]},
{"frame":23,"values":[0.9939,-0.1007,-0.0441,0,0.1011,0.9948,0.0079,0,0.0431,-0.0123,0.999,0,-0.0009,22.835,-2.8254,1]},
{"frame":24,"values":[0.9938,-0.1051,-0.0367,0,0.1055,0.9944,0.0087,0,0.0356,-0.0126,0.9993,0,-0.0009,22.835,-2.8254,1]},
{"frame":25,"values":[0.9936,-0.1095,-0.0293,0,0.1098,0.9939,0.0096,0,0.0281,-0.0128,0.9995,0,-0.0009,22.835,-2.8254,1]},
{"frame":26,"values":[0.9939,-0.1083,-0.0219,0,0.1085,0.994,0.0105,0,0.0206,-0.0129,0.9997,0,-0.0009,22.835,-2.8254,1]},
{"frame":27,"values":[0.9942,-0.107,-0.0145,0,0.1072,0.9942,0.0114,0,0.0132,-0.0129,0.9998,0,-0.0009,22.835,-2.8254,1]},
{"frame":28,"values":[0.9944,-0.1058,-0.0071,0,0.1059,0.9943,0.0123,0,0.0058,-0.013,0.9999,0,-0.0009,22.835,-2.8254,1]},
{"frame":29,"values":[0.9946,-0.1036,0.0033,0,0.1036,0.9945,0.0131,0,-0.0046,-0.0127,0.9999,0,-0.0009,22.835,-2.8254,1]}],"loopBehavior":1,"name":"anim","property":"_matrix"}},
{"name":"mixamorig:Spine2","index":3,"matrix":[0.9947,-0.1021,0.0123,0,0.1019,0.9947,0.0137,0,-0.0136,-0.0124,0.9998,0,-0.0206,26.5525,-3.1933,1],"rest":[1,0,0,0,0,1,0,0,0,0,1,0,-0.0206,26.5525,-3.1933,1],"parentBoneIndex":2,"length":24.825
,"animation":{"dataType":3,"framePerSecond":24,"keys":[
{"frame":1,"values":[0.9947,-0.1021,0.0123,0,0.1019,0.9947,0.0137,0,-0.0136,-0.0124,0.9998,0,-0.0206,26.5525,-3.1933,1]},
{"frame":2,"values":[0.9948,-0.0997,0.0221,0,0.0994,0.9949,0.015,0,-0.0235,-0.0128,0.9996,0,-0.0206,26.5525,-3.1933,1]},
{"frame":3,"values":[0.9949,-0.0959,0.0325,0,0.0954,0.9953,0.0165,0,-0.034,-0.0133,0.9993,0,-0.0206,26.5525,-3.1933,1]},
{"frame":4,"values":[0.9947,-0.092,0.0448,0,0.0913,0.9957,0.0186,0,-0.0463,-0.0144,0.9988,0,-0.0206,26.5525,-3.1933,1]},
{"frame":5,"values":[0.9943,-0.0882,0.0599,0,0.087,0.996,0.0215,0,-0.0615,-0.0161,0.998,0,-0.0206,26.5525,-3.1933,1]},
{"frame":6,"values":[0.9936,-0.0824,0.0777,0,0.0807,0.9964,0.025,0,-0.0795,-0.0186,0.9967,0,-0.0206,26.5525,-3.1933,1]},
{"frame":7,"values":[0.993,-0.077,0.0891,0,0.0748,0.9968,0.0279,0,-0.091,-0.021,0.9956,0,-0.0206,26.5525,-3.1933,1]},
{"frame":8,"values":[0.9923,-0.0727,0.1005,0,0.07,0.9971,0.0307,0,-0.1025,-0.0235,0.9945,0,-0.0206,26.5525,-3.1933,1]},
{"frame":9,"values":[0.9912,-0.0712,0.1119,0,0.0678,0.9971,0.0336,0,-0.114,-0.0257,0.9932,0,-0.0206,26.5525,-3.1933,1]},
{"frame":10,"values":[0.9899,-0.0697,0.1233,0,0.0656,0.9972,0.0364,0,-0.1255,-0.0279,0.9917,0,-0.0206,26.5525,-3.1933,1]},
{"frame":11,"values":[0.9882,-0.0731,0.1347,0,0.0692,0.997,0.0338,0,-0.1368,-0.0241,0.9903,0,-0.0206,26.5525,-3.1933,1]},
{"frame":12,"values":[0.99,-0.0768,0.1187,0,0.0736,0.9968,0.0315,0,-0.1207,-0.0224,0.9924,0,-0.0206,26.5525,-3.1933,1]},
{"frame":13,"values":[0.9914,-0.0805,0.1027,0,0.0779,0.9965,0.029,0,-0.1047,-0.0208,0.9943,0,-0.0206,26.5525,-3.1933,1]},
{"frame":14,"values":[0.9927,-0.0843,0.0867,0,0.0823,0.9963,0.0265,0,-0.0886,-0.0192,0.9959,0,-0.0206,26.5525,-3.1933,1]},
{"frame":15,"values":[0.9941,-0.0825,0.0706,0,0.081,0.9964,0.024,0,-0.0723,-0.0182,0.9972,0,-0.0206,26.5525,-3.1933,1]},
{"frame":16,"values":[0.9952,-0.0808,0.0545,0,0.0797,0.9966,0.0215,0,-0.0561,-0.0171,0.9983,0,-0.0206,26.5525,-3.1933,1]},
{"frame":17,"values":[0.9961,-0.0791,0.0385,0,0.0784,0.9967,0.019,0,-0.0398,-0.016,0.9991,0,-0.0206,26.5525,-3.1933,1]},
{"frame":18,"values":[0.9968,-0.0774,0.0223,0,0.077,0.9969,0.0166,0,-0.0236,-0.0148,0.9996,0,-0.0206,26.5525,-3.1933,1]},
{"frame":19,"values":[0.9966,-0.0818,0.0062,0,0.0817,0.9966,0.0142,0,-0.0074,-0.0136,0.9999,0,-0.0206,26.5525,-3.1933,1]},
{"frame":20,"values":[0.9962,-0.0863,-0.0099,0,0.0864,0.9962,0.0117,0,0.0088,-0.0125,0.9999,0,-0.0206,26.5525,-3.1933,1]},
{"frame":21,"values":[0.9955,-0.0907,-0.026,0,0.091,0.9958,0.0092,0,0.025,-0.0115,0.9996,0,-0.0206,26.5525,-3.1933,1]},
{"frame":22,"values":[0.9946,-0.0952,-0.0421,0,0.0956,0.9954,0.0066,0,0.0412,-0.0106,0.9991,0,-0.0206,26.5525,-3.1933,1]},
{"frame":23,"values":[0.9944,-0.0997,-0.0347,0,0.0999,0.995,0.0041,0,0.0341,-0.0075,0.9994,0,-0.0206,26.5525,-3.1933,1]},
{"frame":24,"values":[0.9942,-0.1042,-0.0274,0,0.1044,0.9945,0.0057,0,0.0266,-0.0085,0.9996,0,-0.0206,26.5525,-3.1933,1]},
{"frame":25,"values":[0.9939,-0.1087,-0.02,0,0.1089,0.994,0.0073,0,0.0191,-0.0094,0.9998,0,-0.0206,26.5525,-3.1933,1]},
{"frame":26,"values":[0.9941,-0.1073,-0.0127,0,0.1074,0.9942,0.0089,0,0.0116,-0.0102,0.9999,0,-0.0206,26.5525,-3.1933,1]},
{"frame":27,"values":[0.9944,-0.1058,-0.0053,0,0.1059,0.9943,0.0105,0,0.0042,-0.011,0.9999,0,-0.0206,26.5525,-3.1933,1]},
{"frame":28,"values":[0.9945,-0.1044,0.002,0,0.1044,0.9945,0.0121,0,-0.0033,-0.0118,0.9999,0,-0.0206,26.5525,-3.1933,1]},
{"frame":29,"values":[0.9947,-0.1021,0.0123,0,0.1019,0.9947,0.0137,0,-0.0136,-0.0124,0.9998,0,-0.0206,26.5525,-3.1933,1]}],"loopBehavior":1,"name":"anim","property":"_matrix"}},
{"name":"mixamorig:Neck","index":4,"matrix":[0.9993,0.0379,-0.0046,0,-0.0378,0.9991,0.0184,0,0.0053,-0.0182,0.9998,0,-0.06,30.7018,1.3522,1],"rest":[1,0,0,0,0,1,0,0,0,0,1,0,-0.06,30.7018,1.3522,1],"parentBoneIndex":3,"length":22.8446
,"animation":{"dataType":3,"framePerSecond":24,"keys":[
{"frame":1,"values":[0.9993,0.0379,-0.0046,0,-0.0378,0.9991,0.0184,0,0.0053,-0.0182,0.9998,0,-0.06,30.7018,1.3522,1]},
{"frame":2,"values":[0.9989,0.0407,-0.0232,0,-0.0404,0.9991,0.0132,0,0.0238,-0.0122,0.9996,0,-0.06,30.7018,1.3522,1]},
{"frame":3,"values":[0.9983,0.0443,-0.0384,0,-0.044,0.999,0.0083,0,0.0387,-0.0066,0.9992,0,-0.06,30.7019,1.3522,1]},
{"frame":4,"values":[0.9978,0.0498,-0.0444,0,-0.0497,0.9988,0.0042,0,0.0445,-0.002,0.999,0,-0.06,30.7018,1.3522,1]},
{"frame":5,"values":[0.9976,0.0579,-0.039,0,-0.0579,0.9983,0.0008,0,0.039,0.0014,0.9992,0,-0.06,30.7018,1.3522,1]},
{"frame":6,"values":[0.9974,0.0679,-0.0253,0,-0.068,0.9977,-0.0019,0,0.0252,0.0037,0.9997,0,-0.06,30.7018,1.3522,1]},
{"frame":7,"values":[0.9971,0.0753,-0.0144,0,-0.0753,0.9972,-0.0032,0,0.0141,0.0043,0.9999,0,-0.06,30.7018,1.3522,1]},
{"frame":8,"values":[0.9966,0.0827,-0.0035,0,-0.0827,0.9966,-0.0046,0,0.0031,0.0048,1,0,-0.06,30.7018,1.3522,1]},
{"frame":9,"values":[0.9959,0.09,0.0074,0,-0.09,0.9959,-0.006,0,-0.0079,0.0053,1,0,-0.06,30.7018,1.3522,1]},
{"frame":10,"values":[0.9951,0.0974,0.0183,0,-0.0973,0.9952,-0.0075,0,-0.019,0.0057,0.9998,0,-0.06,30.7018,1.3522,1]},
{"frame":11,"values":[0.9941,0.1047,0.0292,0,-0.1047,0.9945,-0.0023,0,-0.0293,-0.0008,0.9996,0,-0.06,30.7018,1.3522,1]},
{"frame":12,"values":[0.9929,0.112,0.0401,0,-0.1122,0.9937,0.0028,0,-0.0396,-0.0073,0.9992,0,-0.06,30.7018,1.3522,1]},
{"frame":13,"values":[0.9931,0.1052,0.0511,0,-0.1058,0.9944,0.0077,0,-0.05,-0.0131,0.9987,0,-0.06,30.7018,1.3522,1]},
{"frame":14,"values":[0.9932,0.0984,0.0621,0,-0.0994,0.995,0.0127,0,-0.0606,-0.0187,0.998,0,-0.06,30.7018,1.3522,1]},
{"frame":15,"values":[0.9931,0.0915,0.0731,0,-0.093,0.9955,0.0177,0,-0.0711,-0.0244,0.9972,0,-0.06,30.7018,1.3522,1]},
{"frame":16,"values":[0.9929,0.0845,0.084,0,-0.0867,0.996,0.0228,0,-0.0817,-0.0299,0.9962,0,-0.06,30.7018,1.3522,1]},
{"frame":17,"values":[0.9925,0.0775,0.0948,0,-0.0805,0.9964,0.028,0,-0.0923,-0.0354,0.9951,0,-0.06,30.7018,1.3522,1]},
{"frame":18,"values":[0.9919,0.0704,0.1056,0,-0.0743,0.9967,0.0332,0,-0.103,-0.0408,0.9938,0,-0.06,30.7018,1.3522,1]},
{"frame":19,"values":[0.9912,0.0632,0.1164,0,-0.0681,0.9969,0.0385,0,-0.1136,-0.0461,0.9925,0,-0.06,30.7018,1.3522,1]},
{"frame":20,"values":[0.9903,0.056,0.1271,0,-0.062,0.9971,0.0438,0,-0.1243,-0.0513,0.9909,0,-0.06,30.7018,1.3522,1]},
{"frame":21,"values":[0.9924,0.0491,0.1128,0,-0.055,0.9973,0.0491,0,-0.1101,-0.0549,0.9924,0,-0.06,30.7018,1.3522,1]},
{"frame":22,"values":[0.9942,0.0423,0.0985,0,-0.0478,0.9974,0.0543,0,-0.096,-0.0587,0.9937,0,-0.06,30.7018,1.3522,1]},
{"frame":23,"values":[0.9958,0.0355,0.0842,0,-0.0397,0.998,0.0493,0,-0.0822,-0.0524,0.9952,0,-0.06,30.7019,1.3522,1]},
{"frame":24,"values":[0.9972,0.0285,0.0698,0,-0.0316,0.9985,0.0442,0,-0.0685,-0.0463,0.9966,0,-0.06,30.7018,1.3522,1]},
{"frame":25,"values":[0.998,0.0303,0.0555,0,-0.0325,0.9987,0.0391,0,-0.0542,-0.0408,0.9977,0,-0.06,30.7018,1.3522,1]},
{"frame":26,"values":[0.9986,0.0319,0.0411,0,-0.0334,0.9989,0.034,0,-0.04,-0.0353,0.9986,0,-0.06,30.7018,1.3522,1]},
{"frame":27,"values":[0.9991,0.0336,0.0267,0,-0.0343,0.999,0.0289,0,-0.0257,-0.0298,0.9992,0,-0.06,30.7017,1.3522,1]},
{"frame":28,"values":[0.9993,0.0351,0.0123,0,-0.0354,0.9991,0.0238,0,-0.0115,-0.0243,0.9996,0,-0.06,30.7018,1.3522,1]},
{"frame":29,"values":[0.9993,0.0379,-0.0046,0,-0.0378,0.9991,0.0184,0,0.0053,-0.0182,0.9998,0,-0.06,30.7018,1.3522,1]}],"loopBehavior":1,"name":"anim","property":"_matrix"}},
{"name":"mixamorig:Head","index":5,"matrix":[0.9899,0.1413,0.0133,0,-0.1416,0.9896,0.026,0,-0.0095,-0.0277,0.9996,0,-0.0872,22.5477,3.6709,1],"rest":[1,0,0,0,0,1,0,0,0,0,1,0,-0.0872,22.5476,3.6709,1],"parentBoneIndex":4,"length":30.5924
,"animation":{"dataType":3,"framePerSecond":24,"keys":[
{"frame":1,"values":[0.9899,0.1413,0.0133,0,-0.1416,0.9896,0.026,0,-0.0095,-0.0277,0.9996,0,-0.0872,22.5476,3.6709,1]},
{"frame":2,"values":[0.9903,0.1363,-0.0264,0,-0.1356,0.9904,0.0253,0,0.0296,-0.0215,0.9993,0,-0.0872,22.5476,3.6709,1]},
{"frame":3,"values":[0.9894,0.1323,-0.0602,0,-0.1312,0.9911,0.0224,0,0.0627,-0.0143,0.9979,0,-0.0872,22.5476,3.6709,1]},
{"frame":4,"values":[0.9882,0.1311,-0.0798,0,-0.1304,0.9914,0.0148,0,0.081,-0.0042,0.9967,0,-0.0872,22.5477,3.6709,1]},
{"frame":5,"values":[0.9877,0.1332,-0.0823,0,-0.1335,0.9911,0.0019,0,0.0818,0.0091,0.9966,0,-0.0872,22.5476,3.6709,1]},
{"frame":6,"values":[0.9878,0.1373,-0.074,0,-0.1384,0.9903,-0.0101,0,0.0719,0.0203,0.9972,0,-0.0872,22.5476,3.6709,1]},
{"frame":7,"values":[0.9874,0.1532,-0.0404,0,-0.1541,0.9879,-0.0199,0,0.0369,0.0258,0.999,0,-0.0872,22.5476,3.6709,1]},
{"frame":8,"values":[0.9855,0.1693,-0.0069,0,-0.1695,0.9851,-0.0301,0,0.0017,0.0309,0.9995,0,-0.0872,22.5476,3.6709,1]},
{"frame":9,"values":[0.9823,0.1856,0.0265,0,-0.1844,0.982,-0.0409,0,-0.0336,0.0353,0.9988,0,-0.0872,22.5476,3.6709,1]},
{"frame":10,"values":[0.9776,0.202,0.0597,0,-0.199,0.9786,-0.0522,0,-0.069,0.0392,0.9968,0,-0.0872,22.5476,3.6709,1]},
{"frame":11,"values":[0.9714,0.2184,0.0927,0,-0.2131,0.9749,-0.064,0,-0.1043,0.0424,0.9936,0,-0.0872,22.5476,3.6709,1]},
{"frame":12,"values":[0.9639,0.2349,0.1253,0,-0.2267,0.971,-0.0762,0,-0.1396,0.0451,0.9892,0,-0.0872,22.5476,3.6709,1]},
{"frame":13,"values":[0.955,0.2514,0.1576,0,-0.2398,0.9667,-0.0889,0,-0.1747,0.0471,0.9835,0,-0.0872,22.5476,3.6709,1]},
{"frame":14,"values":[0.9447,0.2678,0.1894,0,-0.2524,0.9622,-0.102,0,-0.2095,0.0486,0.9766,0,-0.0872,22.5476,3.6709,1]},
{"frame":15,"values":[0.933,0.2842,0.2206,0,-0.2644,0.9575,-0.1155,0,-0.244,0.0494,0.9685,0,-0.0872,22.5476,3.6709,1]},
{"frame":16,"values":[0.9205,0.2982,0.2525,0,-0.2807,0.9542,-0.1036,0,-0.2718,0.0244,0.962,0,-0.0872,22.5476,3.6709,1]},
{"frame":17,"values":[0.9068,0.3113,0.2843,0,-0.2973,0.9503,-0.0922,0,-0.2989,-0.0009,0.9543,0,-0.0872,22.5476,3.6709,1]},
{"frame":18,"values":[0.9022,0.2937,0.3159,0,-0.2826,0.9558,-0.0814,0,-0.3259,-0.0159,0.9453,0,-0.0872,22.5476,3.6709,1]},
{"frame":19,"values":[0.8965,0.2755,0.347,0,-0.2682,0.9608,-0.07,0,-0.3527,-0.0303,0.9352,0,-0.0872,22.5476,3.6709,1]},
{"frame":20,"values":[0.8897,0.2568,0.3776,0,-0.254,0.9655,-0.0582,0,-0.3795,-0.0441,0.9242,0,-0.0872,22.5476,3.6709,1]},
{"frame":21,"values":[0.9086,0.2436,0.3393,0,-0.2427,0.969,-0.0457,0,-0.3399,-0.0408,0.9396,0,-0.0872,22.5476,3.6709,1]},
{"frame":22,"values":[0.9257,0.2302,0.3001,0,-0.2309,0.9724,-0.0338,0,-0.2996,-0.038,0.9533,0,-0.0872,22.5476,3.6709,1]},
{"frame":23,"values":[0.9409,0.2167,0.2601,0,-0.2185,0.9756,-0.0223,0,-0.2586,-0.0359,0.9653,0,-0.0872,22.5476,3.6709,1]},
{"frame":24,"values":[0.9543,0.203,0.2195,0,-0.2055,0.9786,-0.0114,0,-0.2171,-0.0343,0.9756,0,-0.0872,22.5476,3.6709,1]},
{"frame":25,"values":[0.9656,0.1892,0.1782,0,-0.1921,0.9814,-0.001,0,-0.1751,-0.0333,0.984,0,-0.0872,22.5476,3.6709,1]},
{"frame":26,"values":[0.975,0.1753,0.1366,0,-0.1782,0.984,0.0088,0,-0.1329,-0.0329,0.9906,0,-0.0872,22.5476,3.6709,1]},
{"frame":27,"values":[0.9823,0.1614,0.0946,0,-0.1638,0.9863,0.0179,0,-0.0904,-0.0331,0.9954,0,-0.0872,22.5476,3.6709,1]},
{"frame":28,"values":[0.9877,0.1476,0.0525,0,-0.1491,0.9885,0.0264,0,-0.048,-0.0339,0.9983,0,-0.0872,22.5476,3.6709,1]},
{"frame":29,"values":[0.9899,0.1413,0.0133,0,-0.1416,0.9896,0.026,0,-0.0095,-0.0277,0.9996,0,-0.0872,22.5477,3.6709,1]}],"loopBehavior":1,"name":"anim","property":"_matrix"}},
{"name":"mixamorig:HeadTop_End","index":6,"matrix":[1,0,0,0,0,1,0,0,0,0,1,0,-0.8306,40.3552,7.8935,1],"rest":[1,0,0,0,0,1,0,0,0,0,1,0,-0.8306,40.3552,7.8935,1],"parentBoneIndex":5,"length":30.5924
,"animation":{"dataType":3,"framePerSecond":24,"keys":[
{"frame":1,"values":[1,0,0,0,0,1,0,0,0,0,1,0,-0.8306,40.3552,7.8935,1]},
{"frame":7,"values":[1,0,0,0,0,1,0,0,0,0,1,0,-0.8306,40.3551,7.8935,1]},
{"frame":8,"values":[1,0,0,0,0,1,0,0,0,0,1,0,-0.8306,40.3552,7.8935,1]},
{"frame":17,"values":[1,0,0,0,0,1,0,0,0,0,1,0,-0.8306,40.3553,7.8935,1]},
{"frame":18,"values":[1,0,0,0,0,1,0,0,0,0,1,0,-0.8306,40.3552,7.8935,1]},
{"frame":21,"values":[1,0,0,0,0,1,0,0,0,0,1,0,-0.8306,40.3551,7.8935,1]},
{"frame":22,"values":[1,0,0,0,0,1,0,0,0,0,1,0,-0.8306,40.3552,7.8935,1]},
{"frame":29,"values":[1,0,0,0,0,1,0,0,0,0,1,0,-0.8306,40.3552,7.8935,1]}],"loopBehavior":1,"name":"anim","property":"_matrix"}},
{"name":"mixamorig:RightEye","index":7,"matrix":[1,0,0,0,0,1,0,0,0,0,1,0,-6.3021,18.1186,16.1971,1],"rest":[1,0,0,0,0,1,0,0,0,0,1,0,-6.3021,18.1186,16.1971,1],"parentBoneIndex":5,"length":30.5924
,"animation":{"dataType":3,"framePerSecond":24,"keys":[
{"frame":1,"values":[1,0,0,0,0,1,0,0,0,0,1,0,-6.3021,18.1186,16.1971,1]},
{"frame":3,"values":[1,0,0,0,0,1,0,0,0,0,1,0,-6.3021,18.1185,16.1971,1]},
{"frame":4,"values":[1,0,0,0,0,1,0,0,0,0,1,0,-6.3021,18.1186,16.1971,1]},
{"frame":5,"values":[1,0,0,0,0,1,0,0,0,0,1,0,-6.3021,18.1187,16.1971,1]},
{"frame":6,"values":[1,0,0,0,0,1,0,0,0,0,1,0,-6.3021,18.1186,16.1971,1]},
{"frame":7,"values":[1,0,0,0,0,1,0,0,0,0,1,0,-6.3021,18.1185,16.1971,1]},
{"frame":8,"values":[1,0,0,0,0,1,0,0,0,0,1,0,-6.3021,18.1186,16.1971,1]},
{"frame":21,"values":[1,0,0,0,0,1,0,0,0,0,1,0,-6.3021,18.1185,16.1971,1]},
{"frame":22,"values":[1,0,0,0,0,1,0,0,0,0,1,0,-6.3021,18.1186,16.1971,1]},
{"frame":26,"values":[1,0,0,0,0,1,0,0,0,0,1,0,-6.3021,18.1185,16.1971,1]},
{"frame":27,"values":[1,0,0,0,0,1,0,0,0,0,1,0,-6.3021,18.1186,16.1971,1]},
{"frame":29,"values":[1,0,0,0,0,1,0,0,0,0,1,0,-6.3021,18.1186,16.1971,1]}],"loopBehavior":1,"name":"anim","property":"_matrix"}},
{"name":"mixamorig:LeftEye","index":8,"matrix":[1,0,0,0,0,1,0,0,0,0,1,0,6.7415,18.3827,16.4019,1],"rest":[1,0,0,0,0,1,0,0,0,0,1,0,6.7415,18.3827,16.4019,1],"parentBoneIndex":5,"length":30.5924
,"animation":{"dataType":3,"framePerSecond":24,"keys":[
{"frame":1,"values":[1,0,0,0,0,1,0,0,0,0,1,0,6.7415,18.3827,16.4019,1]},
{"frame":3,"values":[1,0,0,0,0,1,0,0,0,0,1,0,6.7415,18.3826,16.4019,1]},
{"frame":4,"values":[1,0,0,0,0,1,0,0,0,0,1,0,6.7415,18.3827,16.4019,1]},
{"frame":29,"values":[1,0,0,0,0,1,0,0,0,0,1,0,6.7415,18.3827,16.4019,1]}],"loopBehavior":1,"name":"anim","property":"_matrix"}},
{"name":"mixamorig:LeftShoulder","index":9,"matrix":[0.9943,-0.0935,0.0506,0,0.0891,0.9925,0.0834,0,-0.058,-0.0785,0.9952,0,11.9249,18.2305,1.4254,1],"rest":[1,0.0062,0,0,-0.0062,1,0,0,0,0,1,0,11.9249,18.2305,1.4254,1],"parentBoneIndex":3,"length":25.9773
,"animation":{"dataType":3,"framePerSecond":24,"keys":[
{"frame":1,"values":[0.9943,-0.0935,0.0506,0,0.0891,0.9925,0.0834,0,-0.058,-0.0785,0.9952,0,11.9249,18.2305,1.4254,1]},
{"frame":2,"values":[0.9945,-0.0888,0.0549,0,0.0841,0.993,0.0835,0,-0.0619,-0.0784,0.995,0,11.9249,18.2305,1.4254,1]},
{"frame":3,"values":[0.9947,-0.0842,0.0596,0,0.0791,0.9934,0.0835,0,-0.0662,-0.0784,0.9947,0,11.9249,18.2305,1.4254,1]},
{"frame":4,"values":[0.9947,-0.0801,0.0645,0,0.0746,0.9937,0.0836,0,-0.0708,-0.0783,0.9944,0,11.9249,18.2305,1.4254,1]},
{"frame":5,"values":[0.9947,-0.0767,0.0686,0,0.0709,0.994,0.0836,0,-0.0746,-0.0783,0.9941,0,11.9249,18.2305,1.4254,1]},
{"frame":6,"values":[0.9947,-0.073,0.0717,0,0.067,0.9942,0.0837,0,-0.0774,-0.0785,0.9939,0,11.9249,18.2305,1.4254,1]},
{"frame":7,"values":[0.9947,-0.0675,0.078,0,0.061,0.9946,0.0837,0,-0.0832,-0.0785,0.9934,0,11.9249,18.2305,1.4254,1]},
{"frame":8,"values":[0.9946,-0.0603,0.0842,0,0.0532,0.9951,0.0838,0,-0.0889,-0.0788,0.9929,0,11.9249,18.2305,1.4254,1]},
{"frame":9,"values":[0.9945,-0.0534,0.0905,0,0.0458,0.9954,0.0838,0,-0.0945,-0.0792,0.9924,0,11.9249,18.2305,1.4254,1]},
{"frame":10,"values":[0.995,-0.0493,0.0874,0,0.0419,0.9956,0.0839,0,-0.0911,-0.0798,0.9926,0,11.9249,18.2305,1.4254,1]},
{"frame":11,"values":[0.9953,-0.0481,0.0842,0,0.041,0.9956,0.084,0,-0.0879,-0.0801,0.9929,0,11.9249,18.2305,1.4254,1]},
{"frame":12,"values":[0.9953,-0.0528,0.0811,0,0.046,0.9954,0.0841,0,-0.0852,-0.08,0.9931,0,11.9249,18.2305,1.4254,1]},
{"frame":13,"values":[0.9953,-0.0575,0.078,0,0.0509,0.9951,0.0842,0,-0.0825,-0.0799,0.9934,0,11.9249,18.2305,1.4254,1]},
{"frame":14,"values":[0.9952,-0.0622,0.0749,0,0.0559,0.9949,0.0843,0,-0.0797,-0.0798,0.9936,0,11.9249,18.2305,1.4254,1]},
{"frame":15,"values":[0.9952,-0.0669,0.0718,0,0.0608,0.9946,0.0844,0,-0.077,-0.0797,0.9938,0,11.9249,18.2305,1.4254,1]},
{"frame":16,"values":[0.9951,-0.0716,0.0686,0,0.0657,0.9943,0.0845,0,-0.0743,-0.0796,0.9941,0,11.9249,18.2305,1.4254,1]},
{"frame":17,"values":[0.9949,-0.0763,0.0655,0,0.0707,0.9939,0.0846,0,-0.0716,-0.0795,0.9943,0,11.9249,18.2305,1.4254,1]},
{"frame":18,"values":[0.9948,-0.081,0.0624,0,0.0756,0.9935,0.0846,0,-0.0688,-0.0795,0.9945,0,11.9249,18.2305,1.4254,1]},
{"frame":19,"values":[0.9944,-0.086,0.0608,0,0.0807,0.9931,0.0847,0,-0.0677,-0.0793,0.9945,0,11.9249,18.2305,1.4254,1]},
{"frame":20,"values":[0.9941,-0.091,0.0593,0,0.0859,0.9927,0.0848,0,-0.0665,-0.0792,0.9946,0,11.9249,18.2305,1.4254,1]},
{"frame":21,"values":[0.9937,-0.096,0.0577,0,0.091,0.9922,0.0849,0,-0.0654,-0.0791,0.9947,0,11.9249,18.2305,1.4254,1]},
{"frame":22,"values":[0.9933,-0.101,0.0561,0,0.0961,0.9918,0.0847,0,-0.0642,-0.0787,0.9948,0,11.9249,18.2305,1.4254,1]},
{"frame":23,"values":[0.9929,-0.106,0.0545,0,0.1012,0.9913,0.0845,0,-0.063,-0.0784,0.9949,0,11.9249,18.2306,1.4254,1]},
{"frame":24,"values":[0.9924,-0.111,0.053,0,0.1064,0.9907,0.0843,0,-0.0619,-0.0781,0.995,0,11.9249,18.2305,1.4254,1]},
{"frame":25,"values":[0.9929,-0.1076,0.0514,0,0.103,0.9911,0.0842,0,-0.06,-0.0783,0.9951,0,11.9249,18.2305,1.4254,1]},
{"frame":26,"values":[0.9933,-0.1041,0.0498,0,0.0997,0.9915,0.084,0,-0.0582,-0.0785,0.9952,0,11.9249,18.2305,1.4254,1]},
{"frame":27,"values":[0.9938,-0.1006,0.0483,0,0.0964,0.9918,0.0838,0,-0.0563,-0.0786,0.9953,0,11.9249,18.2304,1.4254,1]},
{"frame":28,"values":[0.9942,-0.0971,0.0467,0,0.0929,0.9922,0.0836,0,-0.0545,-0.0788,0.9954,0,11.9249,18.2305,1.4254,1]},
{"frame":29,"values":[0.9943,-0.0935,0.0506,0,0.0891,0.9925,0.0834,0,-0.058,-0.0785,0.9952,0,11.9249,18.2305,1.4254,1]}],"loopBehavior":1,"name":"anim","property":"_matrix"}},
{"name":"mixamorig:LeftArm","index":10,"matrix":[0.4111,-0.9085,0.0753,0,0.9111,0.4123,-0.0002,0,-0.0308,0.0687,0.9972,0,25.4312,-0.8546,-5.2293,1],"rest":[0.9983,0.0295,0.0512,0,-0.0294,0.9996,-0.0017,0,-0.0512,0.0002,0.9987,0,25.4312,-0.8546,-5.2293,1],"parentBoneIndex":9,"length":54.6848
,"animation":{"dataType":3,"framePerSecond":24,"keys":[
{"frame":1,"values":[0.4111,-0.9085,0.0753,0,0.9111,0.4123,-0.0002,0,-0.0308,0.0687,0.9972,0,25.4312,-0.8546,-5.2293,1]},
{"frame":2,"values":[0.4047,-0.9119,0.0676,0,0.914,0.4057,0.0013,0,-0.0287,0.0613,0.9977,0,25.4312,-0.8546,-5.2293,1]},
{"frame":3,"values":[0.3982,-0.9155,0.0582,0,0.917,0.399,0.0025,0,-0.0255,0.0523,0.9983,0,25.4312,-0.8546,-5.2293,1]},
{"frame":4,"values":[0.392,-0.9189,0.0437,0,0.9197,0.3925,0.0028,0,-0.0197,0.0391,0.999,0,25.4312,-0.8547,-5.2293,1]},
{"frame":5,"values":[0.3871,-0.9218,0.0224,0,0.922,0.3873,0.0019,0,-0.0104,0.0199,0.9997,0,25.4312,-0.8546,-5.2293,1]},
{"frame":6,"values":[0.3831,-0.9237,-0.0034,0,0.9237,0.3831,-0.0004,0,0.0017,-0.003,1,0,25.4312,-0.8547,-5.2293,1]},
{"frame":7,"values":[0.3777,-0.9255,-0.028,0,0.9258,0.378,-0.0041,0,0.0144,-0.0244,0.9996,0,25.4312,-0.8547,-5.2293,1]},
{"frame":8,"values":[0.3699,-0.9279,-0.0465,0,0.9288,0.3706,-0.0084,0,0.0251,-0.0401,0.9989,0,25.4312,-0.8546,-5.2293,1]},
{"frame":9,"values":[0.3618,-0.9305,-0.0575,0,0.9317,0.363,-0.011,0,0.0311,-0.0496,0.9983,0,25.4312,-0.8547,-5.2293,1]},
{"frame":10,"values":[0.358,-0.9318,-0.059,0,0.9332,0.3592,-0.0105,0,0.031,-0.0513,0.9982,0,25.4312,-0.8546,-5.2293,1]},
{"frame":11,"values":[0.3676,-0.9285,-0.0519,0,0.9295,0.3687,-0.0118,0,0.0301,-0.0439,0.9986,0,25.4312,-0.8547,-5.2293,1]},
{"frame":12,"values":[0.3773,-0.9253,-0.0376,0,0.9257,0.378,-0.0131,0,0.0263,-0.0299,0.9992,0,25.4312,-0.8547,-5.2293,1]},
{"frame":13,"values":[0.3869,-0.9219,-0.0198,0,0.9219,0.3872,-0.0144,0,0.0209,-0.0127,0.9997,0,25.4312,-0.8546,-5.2293,1]},
{"frame":14,"values":[0.4072,-0.9133,-0.002,0,0.9131,0.4071,-0.0207,0,0.0197,0.0066,0.9998,0,25.4312,-0.8546,-5.2293,1]},
{"frame":15,"values":[0.4273,-0.904,0.0157,0,0.9039,0.4268,-0.0274,0,0.0181,0.0259,0.9995,0,25.4312,-0.8546,-5.2293,1]},
{"frame":16,"values":[0.4383,-0.8982,0.0334,0,0.8988,0.4375,-0.0292,0,0.0116,0.0428,0.999,0,25.4312,-0.8546,-5.2293,1]},
{"frame":17,"values":[0.4492,-0.8923,0.0443,0,0.8934,0.4482,-0.0308,0,0.0076,0.0534,0.9985,0,25.4312,-0.8547,-5.2293,1]},
{"frame":18,"values":[0.46,-0.8862,0.0552,0,0.8879,0.4589,-0.0326,0,0.0036,0.064,0.9979,0,25.4312,-0.8546,-5.2293,1]},
{"frame":19,"values":[0.4601,-0.8854,0.0661,0,0.8879,0.4594,-0.0265,0,-0.0069,0.0708,0.9975,0,25.4312,-0.8546,-5.2293,1]},
{"frame":20,"values":[0.46,-0.8846,0.0769,0,0.8877,0.4599,-0.0203,0,-0.0174,0.0776,0.9968,0,25.4312,-0.8547,-5.2293,1]},
{"frame":21,"values":[0.4601,-0.884,0.083,0,0.8875,0.4606,-0.0142,0,-0.0257,0.0802,0.9965,0,25.4312,-0.8546,-5.2293,1]},
{"frame":22,"values":[0.4533,-0.8869,0.089,0,0.8908,0.4542,-0.0108,0,-0.0308,0.0842,0.996,0,25.4312,-0.8547,-5.2293,1]},
{"frame":23,"values":[0.4464,-0.8898,0.095,0,0.8941,0.4478,-0.0075,0,-0.0359,0.0883,0.9954,0,25.4312,-0.8546,-5.2293,1]},
{"frame":24,"values":[0.4395,-0.8926,0.1008,0,0.8973,0.4414,-0.0041,0,-0.0409,0.0923,0.9949,0,25.4312,-0.8547,-5.2293,1]},
{"frame":25,"values":[0.4329,-0.8959,0.0995,0,0.9004,0.435,-0.0007,0,-0.0426,0.0899,0.995,0,25.4312,-0.8546,-5.2293,1]},
{"frame":26,"values":[0.4263,-0.8992,0.0981,0,0.9035,0.4286,0.0026,0,-0.0444,0.0875,0.9952,0,25.4312,-0.8547,-5.2293,1]},
{"frame":27,"values":[0.4214,-0.9023,0.091,0,0.906,0.4233,0.0015,0,-0.0398,0.0818,0.9959,0,25.4312,-0.8546,-5.2293,1]},
{"frame":28,"values":[0.4164,-0.9053,0.0838,0,0.9085,0.4179,0.0002,0,-0.0352,0.0761,0.9965,0,25.4312,-0.8547,-5.2293,1]},
{"frame":29,"values":[0.4111,-0.9085,0.0753,0,0.9111,0.4123,-0.0002,0,-0.0308,0.0687,0.9972,0,25.4312,-0.8546,-5.2293,1]}],"loopBehavior":1,"name":"anim","property":"_matrix"}},
{"name":"mixamorig:LeftForeArm","index":11,"matrix":[0.9794,-0.0082,0.2017,0,0.0095,0.9999,-0.0054,0,-0.2016,0.0072,0.9794,0,54.5783,-1.9463,-2.8009,1],"rest":[0.9943,-0.0088,-0.1062,0,0.0091,1,0.0028,0,0.1061,-0.0038,0.9943,0,54.5783,-1.9463,-2.8009,1],"parentBoneIndex":10,"length":55.0982
,"animation":{"dataType":3,"framePerSecond":24,"keys":[
{"frame":1,"values":[0.9794,-0.0082,0.2017,0,0.0095,0.9999,-0.0054,0,-0.2016,0.0072,0.9794,0,54.5783,-1.9463,-2.8009,1]},
{"frame":2,"values":[0.9801,-0.0082,0.1985,0,0.0095,0.9999,-0.0054,0,-0.1985,0.0072,0.9801,0,54.5783,-1.9463,-2.8009,1]},
{"frame":3,"values":[0.981,-0.0082,0.194,0,0.0095,0.9999,-0.0054,0,-0.194,0.0072,0.981,0,54.5783,-1.9463,-2.8009,1]},
{"frame":4,"values":[0.9825,-0.0083,0.1859,0,0.0095,0.9999,-0.0055,0,-0.1859,0.0071,0.9825,0,54.5783,-1.9463,-2.8009,1]},
{"frame":5,"values":[0.9849,-0.0083,0.1731,0,0.0094,0.9999,-0.0055,0,-0.1731,0.007,0.9849,0,54.5783,-1.9463,-2.8009,1]},
{"frame":6,"values":[0.9877,-0.0083,0.1564,0,0.0093,0.9999,-0.0055,0,-0.1563,0.0069,0.9877,0,54.5783,-1.9463,-2.8009,1]},
{"frame":7,"values":[0.9902,-0.0084,0.1393,0,0.0093,0.9999,-0.0056,0,-0.1393,0.0068,0.9902,0,54.5783,-1.9463,-2.8009,1]},
{"frame":8,"values":[0.9919,-0.0084,0.1268,0,0.0092,0.9999,-0.0056,0,-0.1267,0.0067,0.9919,0,54.5783,-1.9463,-2.8009,1]},
{"frame":9,"values":[0.9925,-0.0084,0.1217,0,0.0092,0.9999,-0.0056,0,-0.1216,0.0067,0.9926,0,54.5783,-1.9463,-2.8009,1]},
{"frame":10,"values":[0.9911,-0.0084,0.1331,0,0.0093,0.9999,-0.0057,0,-0.1331,0.0068,0.9911,0,54.5783,-1.9463,-2.8009,1]},
{"frame":11,"values":[0.9895,-0.0084,0.1445,0,0.0094,0.9999,-0.0057,0,-0.1445,0.007,0.9895,0,54.5783,-1.9463,-2.8009,1]},
{"frame":12,"values":[0.9877,-0.0084,0.1559,0,0.0094,0.9999,-0.0057,0,-0.1559,0.0071,0.9877,0,54.5783,-1.9463,-2.8009,1]},
{"frame":13,"values":[0.9859,-0.0084,0.1673,0,0.0095,0.9999,-0.0057,0,-0.1673,0.0072,0.9859,0,54.5783,-1.9463,-2.8009,1]},
{"frame":14,"values":[0.983,-0.0083,0.1833,0,0.0095,0.9999,-0.0057,0,-0.1833,0.0074,0.983,0,54.5783,-1.9463,-2.8009,1]},
{"frame":15,"values":[0.9799,-0.0082,0.1992,0,0.0095,0.9999,-0.0057,0,-0.1992,0.0075,0.9799,0,54.5783,-1.9463,-2.8009,1]},
{"frame":16,"values":[0.9766,-0.0081,0.2151,0,0.0095,0.9999,-0.0057,0,-0.2151,0.0076,0.9766,0,54.5783,-1.9463,-2.8009,1]},
{"frame":17,"values":[0.9732,-0.008,0.2299,0,0.0096,0.9999,-0.0061,0,-0.2298,0.0082,0.9732,0,54.5783,-1.9463,-2.8009,1]},
{"frame":18,"values":[0.9696,-0.0079,0.2446,0,0.0097,0.9999,-0.0065,0,-0.2445,0.0087,0.9696,0,54.5783,-1.9463,-2.8009,1]},
{"frame":19,"values":[0.9702,-0.0079,0.2422,0,0.0097,0.9999,-0.0064,0,-0.2421,0.0086,0.9702,0,54.5783,-1.9463,-2.8009,1]},
{"frame":20,"values":[0.9708,-0.0079,0.2398,0,0.0097,0.9999,-0.0063,0,-0.2397,0.0084,0.9708,0,54.5783,-1.9463,-2.8009,1]},
{"frame":21,"values":[0.9714,-0.0079,0.2374,0,0.0097,0.9999,-0.0062,0,-0.2373,0.0083,0.9714,0,54.5783,-1.9463,-2.8009,1]},
{"frame":22,"values":[0.972,-0.008,0.235,0,0.0097,0.9999,-0.0061,0,-0.2349,0.0082,0.972,0,54.5782,-1.9463,-2.8009,1]},
{"frame":23,"values":[0.9731,-0.008,0.2301,0,0.0096,0.9999,-0.006,0,-0.23,0.008,0.9732,0,54.5783,-1.9463,-2.8009,1]},
{"frame":24,"values":[0.9743,-0.008,0.2252,0,0.0096,0.9999,-0.0059,0,-0.2251,0.0079,0.9743,0,54.5783,-1.9463,-2.8009,1]},
{"frame":25,"values":[0.9754,-0.0081,0.2203,0,0.0096,0.9999,-0.0058,0,-0.2202,0.0078,0.9754,0,54.5783,-1.9463,-2.8009,1]},
{"frame":26,"values":[0.9765,-0.0081,0.2153,0,0.0096,0.9999,-0.0057,0,-0.2153,0.0076,0.9765,0,54.5783,-1.9463,-2.8009,1]},
{"frame":27,"values":[0.9776,-0.0081,0.2104,0,0.0095,0.9999,-0.0056,0,-0.2103,0.0075,0.9776,0,54.5783,-1.9463,-2.8009,1]},
{"frame":28,"values":[0.9786,-0.0082,0.2055,0,0.0095,0.9999,-0.0055,0,-0.2054,0.0073,0.9786,0,54.5783,-1.9463,-2.8009,1]},
{"frame":29,"values":[0.9794,-0.0082,0.2017,0,0.0095,0.9999,-0.0054,0,-0.2016,0.0072,0.9794,0,54.5783,-1.9463,-2.8009,1]}],"loopBehavior":1,"name":"anim","property":"_matrix"}},
{"name":"mixamorig:LeftHand","index":12,"matrix":[0.9817,-0.128,-0.1409,0,0.1232,0.9915,-0.0417,0,0.1451,0.0236,0.9891,0,54.9948,-1.4671,3.0376,1],"rest":[0.9961,0.088,0.001,0,-0.0871,0.9842,0.154,0,0.0125,-0.1535,0.9881,0,54.9948,-1.4671,3.0376,1],"parentBoneIndex":11,"length":20.3347
,"animation":{"dataType":3,"framePerSecond":24,"keys":[
{"frame":1,"values":[0.9817,-0.128,-0.1409,0,0.1232,0.9915,-0.0417,0,0.1451,0.0236,0.9891,0,54.9948,-1.4671,3.0376,1]},
{"frame":2,"values":[0.9808,-0.1284,-0.1471,0,0.1237,0.9915,-0.0401,0,0.151,0.0211,0.9883,0,54.9948,-1.4671,3.0376,1]},
{"frame":3,"values":[0.9793,-0.1296,-0.1554,0,0.1252,0.9914,-0.0373,0,0.1589,0.0171,0.9871,0,54.9948,-1.4671,3.0376,1]},
{"frame":4,"values":[0.9768,-0.1319,-0.1684,0,0.1283,0.9912,-0.0323,0,0.1712,0.01,0.9852,0,54.9948,-1.4671,3.0376,1]},
{"frame":5,"values":[0.9733,-0.1335,-0.1865,0,0.131,0.9911,-0.0252,0,0.1882,0.0001,0.9821,0,54.9948,-1.4671,3.0376,1]},
{"frame":6,"values":[0.9694,-0.131,-0.2074,0,0.1304,0.9913,-0.0167,0,0.2078,-0.0108,0.9781,0,54.9948,-1.4671,3.0376,1]},
{"frame":7,"values":[0.9657,-0.1257,-0.2272,0,0.1272,0.9918,-0.0078,0,0.2263,-0.0214,0.9738,0,54.9948,-1.4671,3.0376,1]},
{"frame":8,"values":[0.9625,-0.1222,-0.2424,0,0.126,0.992,0.0003,0,0.2404,-0.0308,0.9702,0,54.9948,-1.4671,3.0376,1]},
{"frame":9,"values":[0.9604,-0.1233,-0.2498,0,0.1286,0.9917,0.0051,0,0.2471,-0.0371,0.9683,0,54.9948,-1.4671,3.0376,1]},
{"frame":10,"values":[0.9662,-0.1223,-0.227,0,0.1251,0.9921,-0.0023,0,0.2255,-0.0262,0.9739,0,54.9948,-1.4671,3.0376,1]},
