{"producer":{"name":"Blender","version":"2.79 (sub 0)","exporter_version":"5.6.4","file":"catwalkleft.babylon"},
"autoClear":true,"clearColor":[0.0509,0.0509,0.0509],"ambientColor":[0,0,0],"gravity":[0,-9.81,0],
"materials":[{"name":"catwalkleft.Material","id":"catwalkleft.Material","ambient":[0,0,0],"diffuse":[0,0,0],"specular":[0,0,0],"emissive":[0,0,0],"specularPower":50,"alpha":0.001,"backFaceCulling":true,"checkReadyOnlyOnce":false,"maxSimultaneousLights":4}],
"multiMaterials":[],
"skeletons":[{"name":"Armature","id":0,"dimensionsAtRest":[379.1952,391.6652,55.677],"bones":[
{"name":"mixamorig:Hips","index":0,"matrix":[0.996,-0.0865,0.0217,0,0.0861,0.9961,0.0175,0,0.0231,0.0156,-0.9996,0,0.3901,197.3687,0.0611,1],"rest":[1,0,0,0,0,1,0,0,0,0,-1,0,0,201.6394,0,1],"parentBoneIndex":-1,"length":21.6784
,"animation":{"dataType":3,"framePerSecond":24,"keys":[
{"frame":1,"values":[0.996,-0.0865,0.0229,0,0.0861,0.9961,0.0176,0,0.0244,0.0156,-0.9996,0,0.3901,197.3687,0.0615,1]},
{"frame":2,"values":[0.996,-0.0866,0.0229,0,0.0862,0.9961,0.0176,0,0.0243,0.0156,-0.9996,0,-1.2461,196.9163,-1.3539,1]},
{"frame":3,"values":[0.996,-0.0866,0.0229,0,0.0862,0.9961,0.0176,0,0.0243,0.0156,-0.9996,0,-2.9952,196.501,-1.9772,1]},
{"frame":4,"values":[0.996,-0.0866,0.0229,0,0.0862,0.9961,0.0176,0,0.0243,0.0156,-0.9996,0,-4.6967,196.1422,-1.6902,1]},
{"frame":5,"values":[0.996,-0.0866,0.0229,0,0.0863,0.9961,0.0176,0,0.0243,0.0156,-0.9996,0,-6.1968,195.8534,-0.5881,1]},
{"frame":6,"values":[0.996,-0.0866,0.0229,0,0.0862,0.9961,0.0176,0,0.0243,0.0156,-0.9996,0,-7.3796,195.6521,1.0883,1]},
{"frame":7,"values":[0.996,-0.0866,0.0229,0,0.0862,0.9961,0.0176,0,0.0243,0.0156,-0.9996,0,-7.9122,195.5935,3.173,1]},
{"frame":8,"values":[0.996,-0.0866,0.0229,0,0.0862,0.9961,0.0176,0,0.0243,0.0156,-0.9996,0,-8.4449,195.5349,5.2854,1]},
{"frame":9,"values":[0.996,-0.0866,0.0229,0,0.0862,0.9961,0.0176,0,0.0243,0.0156,-0.9996,0,-5.9161,195.6931,7.3977,1]},
{"frame":10,"values":[0.996,-0.0866,0.0229,0,0.0862,0.9961,0.0176,0,0.0243,0.0156,-0.9996,0,-3.3873,195.8513,9.51,1]},
{"frame":11,"values":[0.996,-0.0866,0.0229,0,0.0862,0.9961,0.0176,0,0.0243,0.0156,-0.9996,0,-0.8585,196.0095,11.6224,1]},
{"frame":12,"values":[0.996,-0.0866,0.0229,0,0.0862,0.9961,0.0176,0,0.0243,0.0156,-0.9996,0,1.6702,196.1677,13.7347,1]},
{"frame":13,"values":[0.996,-0.0866,0.0229,0,0.0862,0.9961,0.0176,0,0.0243,0.0156,-0.9996,0,4.199,196.3258,15.8471,1]},
{"frame":14,"values":[0.996,-0.0866,0.0229,0,0.0862,0.9961,0.0176,0,0.0243,0.0156,-0.9996,0,6.7278,196.484,17.9594,1]},
{"frame":15,"values":[0.996,-0.0866,0.0229,0,0.0862,0.9961,0.0176,0,0.0243,0.0156,-0.9996,0,9.2566,196.6422,20.0718,1]},
{"frame":16,"values":[0.996,-0.0866,0.0229,0,0.0862,0.9961,0.0176,0,0.0243,0.0156,-0.9996,0,11.7854,196.8004,18.0165,1]},
{"frame":17,"values":[0.996,-0.0866,0.0229,0,0.0862,0.9961,0.0176,0,0.0243,0.0156,-0.9996,0,14.3142,196.9586,15.9613,1]},
{"frame":18,"values":[0.996,-0.0866,0.0229,0,0.0862,0.9961,0.0176,0,0.0244,0.0156,-0.9996,0,16.843,197.1167,13.906,1]},
{"frame":19,"values":[0.996,-0.0866,0.0229,0,0.0862,0.9961,0.0176,0,0.0244,0.0156,-0.9996,0,19.3717,197.2749,11.8508,1]},
{"frame":20,"values":[0.996,-0.0866,0.0229,0,0.0862,0.9961,0.0176,0,0.0244,0.0156,-0.9996,0,21.9005,197.4331,9.7955,1]},
{"frame":21,"values":[0.996,-0.0866,0.023,0,0.0862,0.9961,0.0176,0,0.0244,0.0156,-0.9996,0,24.4293,197.5913,7.7403,1]},
{"frame":22,"values":[0.996,-0.0866,0.023,0,0.0862,0.9961,0.0176,0,0.0244,0.0156,-0.9996,0,21.3284,197.7495,5.685,1]},
{"frame":23,"values":[0.996,-0.0865,0.023,0,0.0862,0.9961,0.0176,0,0.0244,0.0156,-0.9996,0,18.2275,197.6979,3.6298,1]},
{"frame":24,"values":[0.996,-0.0865,0.023,0,0.0862,0.9961,0.0176,0,0.0244,0.0156,-0.9996,0,15.1266,197.6463,1.5745,1]},
{"frame":25,"values":[0.996,-0.0865,0.0227,0,0.0862,0.9961,0.0176,0,0.0242,0.0156,-0.9996,0,12.0257,197.5948,-0.4807,1]},
{"frame":26,"values":[0.996,-0.0865,0.0225,0,0.0861,0.9961,0.0176,0,0.0239,0.0156,-0.9996,0,8.9248,197.5432,-2.5359,1]},
{"frame":27,"values":[0.996,-0.0865,0.0222,0,0.0861,0.9961,0.0176,0,0.0237,0.0156,-0.9996,0,5.8238,197.4917,-1.9192,1]},
{"frame":28,"values":[0.996,-0.0865,0.022,0,0.0861,0.9961,0.0175,0,0.0234,0.0156,-0.9996,0,2.7229,197.4401,-1.3024,1]},
{"frame":29,"values":[0.996,-0.0865,0.0217,0,0.0861,0.9961,0.0175,0,0.0231,0.0156,-0.9996,0,0.3901,197.3687,0.0611,1]}],"loopBehavior":1,"name":"anim","property":"_matrix"}},
{"name":"mixamorig:Spine","index":1,"matrix":[0.9988,0.0448,0.0221,0,-0.0453,0.9987,0.0215,0,-0.0211,-0.0225,0.9995,0,0.0062,19.525,-2.4818,1],"rest":[1,0,0,0,0,1,0,0,0,0,1,0,0.0062,19.525,-2.4818,1],"parentBoneIndex":0,"length":23.0091
,"animation":{"dataType":3,"framePerSecond":24,"keys":[
{"frame":1,"values":[0.9988,0.0448,0.0221,0,-0.0453,0.9987,0.0215,0,-0.0211,-0.0225,0.9995,0,0.0062,19.525,-2.4818,1]},
{"frame":2,"values":[0.9989,0.0461,0.012,0,-0.0463,0.9987,0.0217,0,-0.011,-0.0222,0.9997,0,0.0062,19.525,-2.4818,1]},
{"frame":3,"values":[0.9989,0.0467,0.0021,0,-0.0468,0.9987,0.0219,0,-0.0011,-0.022,0.9998,0,0.0062,19.525,-2.4818,1]},
{"frame":4,"values":[0.9989,0.0456,-0.0077,0,-0.0455,0.9987,0.0221,0,0.0087,-0.0217,0.9997,0,0.0062,19.525,-2.4818,1]},
{"frame":5,"values":[0.9989,0.0422,-0.0184,0,-0.0418,0.9989,0.0223,0,0.0193,-0.0215,0.9996,0,0.0062,19.525,-2.4818,1]},
{"frame":6,"values":[0.9989,0.0365,-0.0309,0,-0.0358,0.9991,0.0225,0,0.0317,-0.0213,0.9993,0,0.0062,19.525,-2.4818,1]},
{"frame":7,"values":[0.9987,0.0294,-0.0416,0,-0.0285,0.9993,0.0226,0,0.0423,-0.0214,0.9989,0,0.0062,19.525,-2.4818,1]},
{"frame":8,"values":[0.9984,0.022,-0.0524,0,-0.0208,0.9995,0.0228,0,0.0528,-0.0217,0.9984,0,0.0062,19.525,-2.4818,1]},
{"frame":9,"values":[0.9979,0.0172,-0.0631,0,-0.0158,0.9996,0.023,0,0.0635,-0.022,0.9977,0,0.0062,19.525,-2.4818,1]},
{"frame":10,"values":[0.9972,0.0125,-0.0738,0,-0.0108,0.9997,0.0232,0,0.0741,-0.0223,0.997,0,0.0062,19.525,-2.4818,1]},
{"frame":11,"values":[0.9979,0.0156,-0.0632,0,-0.0142,0.9996,0.0235,0,0.0635,-0.0226,0.9977,0,0.0062,19.525,-2.4818,1]},
{"frame":12,"values":[0.9984,0.0188,-0.0526,0,-0.0175,0.9996,0.0238,0,0.053,-0.0228,0.9983,0,0.0062,19.525,-2.4818,1]},
{"frame":13,"values":[0.9989,0.0219,-0.0419,0,-0.0209,0.9995,0.024,0,0.0424,-0.0231,0.9988,0,0.0062,19.525,-2.4818,1]},
{"frame":14,"values":[0.9992,0.025,-0.0313,0,-0.0242,0.9994,0.0243,0,0.0318,-0.0235,0.9992,0,0.0062,19.525,-2.4818,1]},
{"frame":15,"values":[0.9994,0.0281,-0.0206,0,-0.0276,0.9993,0.0244,0,0.0213,-0.0238,0.9995,0,0.0062,19.525,-2.4818,1]},
{"frame":16,"values":[0.9995,0.0312,-0.01,0,-0.031,0.9992,0.0246,0,0.0107,-0.0243,0.9996,0,0.0062,19.525,-2.4818,1]},
{"frame":17,"values":[0.9994,0.0343,0.0007,0,-0.0343,0.9991,0.0247,0,0.0001,-0.0247,0.9997,0,0.0062,19.525,-2.4818,1]},
{"frame":18,"values":[0.9992,0.0374,0.0114,0,-0.0377,0.999,0.0248,0,-0.0104,-0.0252,0.9996,0,0.0062,19.525,-2.4818,1]},
{"frame":19,"values":[0.9989,0.0405,0.022,0,-0.0411,0.9988,0.0248,0,-0.021,-0.0257,0.9995,0,0.0062,19.525,-2.4818,1]},
{"frame":20,"values":[0.9985,0.0436,0.0327,0,-0.0444,0.9987,0.0248,0,-0.0315,-0.0262,0.9992,0,0.0062,19.525,-2.4818,1]},
{"frame":21,"values":[0.998,0.0467,0.0433,0,-0.0478,0.9986,0.0247,0,-0.0421,-0.0267,0.9988,0,0.0062,19.525,-2.4818,1]},
{"frame":22,"values":[0.9973,0.0498,0.054,0,-0.0512,0.9984,0.0246,0,-0.0526,-0.0273,0.9982,0,0.0062,19.525,-2.4818,1]},
{"frame":23,"values":[0.9967,0.0486,0.0646,0,-0.0503,0.9984,0.0246,0,-0.0633,-0.0277,0.9976,0,0.0062,19.525,-2.4818,1]},
{"frame":24,"values":[0.9972,0.0475,0.058,0,-0.049,0.9985,0.0245,0,-0.0567,-0.0273,0.998,0,0.0062,19.525,-2.4818,1]},
{"frame":25,"values":[0.9976,0.0464,0.0514,0,-0.0477,0.9986,0.0245,0,-0.0502,-0.0269,0.9984,0,0.0062,19.525,-2.4818,1]},
{"frame":26,"values":[0.998,0.0452,0.0448,0,-0.0463,0.9986,0.0239,0,-0.0436,-0.0259,0.9987,0,0.0062,19.525,-2.4818,1]},
{"frame":27,"values":[0.9983,0.0441,0.0382,0,-0.045,0.9987,0.0233,0,-0.0371,-0.0249,0.999,0,0.0062,19.525,-2.4818,1]},
{"frame":28,"values":[0.9985,0.0445,0.0315,0,-0.0452,0.9987,0.0226,0,-0.0305,-0.024,0.9992,0,0.0062,19.525,-2.4818,1]},
{"frame":29,"values":[0.9988,0.0448,0.0221,0,-0.0453,0.9987,0.0215,0,-0.0211,-0.0225,0.9995,0,0.0062,19.525,-2.4818,1]}],"loopBehavior":1,"name":"anim","property":"_matrix"}},
{"name":"mixamorig:Spine1","index":2,"matrix":[0.9946,0.1036,-0.0033,0,-0.1036,0.9945,0.0131,0,0.0046,-0.0127,0.9999,0,-0.0009,22.835,-2.8254,1],"rest":[1,0,0,0,0,1,0,0,0,0,1,0,-0.0009,22.835,-2.8254,1],"parentBoneIndex":1,"length":26.7438
,"animation":{"dataType":3,"framePerSecond":24,"keys":[
{"frame":1,"values":[0.9946,0.1036,-0.0033,0,-0.1036,0.9945,0.0131,0,0.0046,-0.0127,0.9999,0,-0.0009,22.835,-2.8254,1]},
{"frame":2,"values":[0.9948,0.1013,-0.0132,0,-0.1011,0.9948,0.0137,0,0.0145,-0.0123,0.9998,0,-0.0009,22.835,-2.8254,1]},
{"frame":3,"values":[0.9949,0.0977,-0.0237,0,-0.0973,0.9951,0.0144,0,0.025,-0.012,0.9996,0,-0.0009,22.835,-2.8254,1]},
{"frame":4,"values":[0.9949,0.094,-0.0361,0,-0.0935,0.9955,0.0155,0,0.0374,-0.0121,0.9992,0,-0.0009,22.835,-2.8254,1]},
{"frame":5,"values":[0.9946,0.0903,-0.0514,0,-0.0895,0.9958,0.0175,0,0.0528,-0.0128,0.9985,0,-0.0009,22.835,-2.8254,1]},
{"frame":6,"values":[0.994,0.0848,-0.0695,0,-0.0836,0.9963,0.0194,0,0.0709,-0.0135,0.9974,0,-0.0009,22.835,-2.8254,1]},
{"frame":7,"values":[0.9935,0.0795,-0.081,0,-0.078,0.9967,0.0213,0,0.0825,-0.0149,0.9965,0,-0.0009,22.835,-2.8254,1]},
{"frame":8,"values":[0.9929,0.0752,-0.0926,0,-0.0734,0.997,0.0233,0,0.0941,-0.0163,0.9954,0,-0.0009,22.835,-2.8254,1]},
{"frame":9,"values":[0.9918,0.0737,-0.1041,0,-0.0715,0.9971,0.0252,0,0.1057,-0.0175,0.9942,0,-0.0009,22.835,-2.8254,1]},
{"frame":10,"values":[0.9907,0.0722,-0.1156,0,-0.0696,0.9972,0.0271,0,0.1173,-0.0188,0.9929,0,-0.0009,22.835,-2.8254,1]},
{"frame":11,"values":[0.989,0.0757,-0.1271,0,-0.073,0.997,0.0256,0,0.1287,-0.016,0.9916,0,-0.0009,22.835,-2.8254,1]},
{"frame":12,"values":[0.9906,0.0794,-0.111,0,-0.0771,0.9967,0.0242,0,0.1125,-0.0154,0.9935,0,-0.0009,22.835,-2.8254,1]},
{"frame":13,"values":[0.992,0.0831,-0.0948,0,-0.0812,0.9964,0.0228,0,0.0963,-0.0149,0.9952,0,-0.0009,22.835,-2.8254,1]},
{"frame":14,"values":[0.9931,0.0867,-0.0786,0,-0.0853,0.9961,0.0212,0,0.0801,-0.0144,0.9967,0,-0.0009,22.835,-2.8254,1]},
{"frame":15,"values":[0.9944,0.0848,-0.0624,0,-0.0837,0.9963,0.0197,0,0.0638,-0.0144,0.9979,0,-0.0009,22.835,-2.8254,1]},
{"frame":16,"values":[0.9955,0.0828,-0.0461,0,-0.082,0.9965,0.0182,0,0.0475,-0.0144,0.9988,0,-0.0009,22.835,-2.8254,1]},
{"frame":17,"values":[0.9963,0.0808,-0.0298,0,-0.0803,0.9966,0.0168,0,0.0311,-0.0143,0.9994,0,-0.0009,22.835,-2.8254,1]},
{"frame":18,"values":[0.9968,0.0788,-0.0136,0,-0.0786,0.9968,0.0153,0,0.0147,-0.0142,0.9998,0,-0.0009,22.835,-2.8254,1]},
{"frame":19,"values":[0.9965,0.0831,0.0027,0,-0.0832,0.9964,0.014,0,-0.0015,-0.0141,0.9999,0,-0.0009,22.835,-2.8254,1]},
{"frame":20,"values":[0.996,0.0875,0.019,0,-0.0878,0.9961,0.0125,0,-0.0178,-0.0141,0.9997,0,-0.0009,22.835,-2.8254,1]},
{"frame":21,"values":[0.9951,0.0919,0.0353,0,-0.0923,0.9957,0.011,0,-0.0341,-0.0142,0.9993,0,-0.0009,22.835,-2.8254,1]},
{"frame":22,"values":[0.994,0.0963,0.0515,0,-0.0969,0.9953,0.0094,0,-0.0504,-0.0143,0.9986,0,-0.0009,22.835,-2.8254,1]},
{"frame":23,"values":[0.9939,0.1007,0.0441,0,-0.1011,0.9948,0.0079,0,-0.0431,-0.0123,0.999,0,-0.0009,22.835,-2.8254,1]},
{"frame":24,"values":[0.9938,0.1051,0.0367,0,-0.1055,0.9944,0.0087,0,-0.0356,-0.0126,0.9993,0,-0.0009,22.835,-2.8254,1]},
{"frame":25,"values":[0.9936,0.1095,0.0293,0,-0.1098,0.9939,0.0096,0,-0.0281,-0.0128,0.9995,0,-0.0009,22.835,-2.8254,1]},
{"frame":26,"values":[0.9939,0.1083,0.0219,0,-0.1085,0.994,0.0105,0,-0.0206,-0.0129,0.9997,0,-0.0009,22.835,-2.8254,1]},
{"frame":27,"values":[0.9942,0.107,0.0145,0,-0.1072,0.9942,0.0114,0,-0.0132,-0.0129,0.9998,0,-0.0009,22.835,-2.8254,1]},
{"frame":28,"values":[0.9944,0.1058,0.0071,0,-0.1059,0.9943,0.0123,0,-0.0058,-0.013,0.9999,0,-0.0009,22.835,-2.8254,1]},
{"frame":29,"values":[0.9946,0.1036,-0.0033,0,-0.1036,0.9945,0.0131,0,0.0046,-0.0127,0.9999,0,-0.0009,22.835,-2.8254,1]}],"loopBehavior":1,"name":"anim","property":"_matrix"}},
{"name":"mixamorig:Spine2","index":3,"matrix":[0.9947,0.1021,-0.0123,0,-0.1019,0.9947,0.0137,0,0.0136,-0.0124,0.9998,0,-0.0206,26.5525,-3.1933,1],"rest":[1,0,0,0,0,1,0,0,0,0,1,0,-0.0206,26.5525,-3.1933,1],"parentBoneIndex":2,"length":24.825
,"animation":{"dataType":3,"framePerSecond":24,"keys":[
{"frame":1,"values":[0.9947,0.1021,-0.0123,0,-0.1019,0.9947,0.0137,0,0.0136,-0.0124,0.9998,0,-0.0206,26.5525,-3.1933,1]},
{"frame":2,"values":[0.9948,0.0997,-0.0221,0,-0.0994,0.9949,0.015,0,0.0235,-0.0128,0.9996,0,-0.0206,26.5525,-3.1933,1]},
{"frame":3,"values":[0.9949,0.0959,-0.0325,0,-0.0954,0.9953,0.0165,0,0.034,-0.0133,0.9993,0,-0.0206,26.5525,-3.1933,1]},
{"frame":4,"values":[0.9947,0.092,-0.0448,0,-0.0913,0.9957,0.0186,0,0.0463,-0.0144,0.9988,0,-0.0206,26.5525,-3.1933,1]},
{"frame":5,"values":[0.9943,0.0882,-0.0599,0,-0.087,0.996,0.0215,0,0.0615,-0.0161,0.998,0,-0.0206,26.5525,-3.1933,1]},
{"frame":6,"values":[0.9936,0.0824,-0.0777,0,-0.0807,0.9964,0.025,0,0.0794,-0.0186,0.9967,0,-0.0206,26.5525,-3.1933,1]},
{"frame":7,"values":[0.993,0.077,-0.0891,0,-0.0748,0.9968,0.0279,0,0.091,-0.021,0.9956,0,-0.0206,26.5525,-3.1933,1]},
{"frame":8,"values":[0.9923,0.0727,-0.1005,0,-0.07,0.9971,0.0307,0,0.1025,-0.0235,0.9945,0,-0.0206,26.5525,-3.1933,1]},
{"frame":9,"values":[0.9912,0.0712,-0.1119,0,-0.0678,0.9971,0.0336,0,0.114,-0.0257,0.9932,0,-0.0206,26.5525,-3.1933,1]},
{"frame":10,"values":[0.9899,0.0697,-0.1233,0,-0.0656,0.9972,0.0364,0,0.1255,-0.0279,0.9917,0,-0.0206,26.5525,-3.1933,1]},
{"frame":11,"values":[0.9882,0.0731,-0.1347,0,-0.0692,0.997,0.0338,0,0.1368,-0.0241,0.9903,0,-0.0206,26.5525,-3.1933,1]},
{"frame":12,"values":[0.99,0.0768,-0.1187,0,-0.0736,0.9968,0.0315,0,0.1207,-0.0224,0.9924,0,-0.0206,26.5525,-3.1933,1]},
{"frame":13,"values":[0.9914,0.0805,-0.1027,0,-0.0779,0.9965,0.029,0,0.1047,-0.0208,0.9943,0,-0.0206,26.5525,-3.1933,1]},
{"frame":14,"values":[0.9927,0.0843,-0.0867,0,-0.0823,0.9963,0.0265,0,0.0886,-0.0192,0.9959,0,-0.0206,26.5525,-3.1933,1]},
{"frame":15,"values":[0.9941,0.0825,-0.0706,0,-0.081,0.9964,0.024,0,0.0723,-0.0182,0.9972,0,-0.0206,26.5525,-3.1933,1]},
{"frame":16,"values":[0.9952,0.0808,-0.0545,0,-0.0797,0.9966,0.0215,0,0.0561,-0.0171,0.9983,0,-0.0206,26.5525,-3.1933,1]},
{"frame":17,"values":[0.9961,0.0791,-0.0385,0,-0.0784,0.9967,0.019,0,0.0398,-0.016,0.9991,0,-0.0206,26.5525,-3.1933,1]},
{"frame":18,"values":[0.9968,0.0774,-0.0223,0,-0.077,0.9969,0.0166,0,0.0236,-0.0148,0.9996,0,-0.0206,26.5525,-3.1933,1]},
{"frame":19,"values":[0.9966,0.0818,-0.0062,0,-0.0817,0.9966,0.0142,0,0.0074,-0.0136,0.9999,0,-0.0206,26.5525,-3.1933,1]},
{"frame":20,"values":[0.9962,0.0863,0.0099,0,-0.0864,0.9962,0.0117,0,-0.0088,-0.0125,0.9999,0,-0.0206,26.5525,-3.1933,1]},
{"frame":21,"values":[0.9955,0.0907,0.026,0,-0.091,0.9958,0.0092,0,-0.025,-0.0115,0.9996,0,-0.0206,26.5525,-3.1933,1]},
{"frame":22,"values":[0.9946,0.0952,0.0421,0,-0.0956,0.9954,0.0066,0,-0.0412,-0.0106,0.9991,0,-0.0206,26.5525,-3.1933,1]},
{"frame":23,"values":[0.9944,0.0997,0.0347,0,-0.0999,0.995,0.0041,0,-0.0341,-0.0075,0.9994,0,-0.0206,26.5525,-3.1933,1]},
{"frame":24,"values":[0.9942,0.1042,0.0274,0,-0.1044,0.9945,0.0057,0,-0.0266,-0.0085,0.9996,0,-0.0206,26.5525,-3.1933,1]},
{"frame":25,"values":[0.9939,0.1087,0.02,0,-0.1089,0.994,0.0073,0,-0.0191,-0.0094,0.9998,0,-0.0206,26.5525,-3.1933,1]},
{"frame":26,"values":[0.9941,0.1073,0.0127,0,-0.1074,0.9942,0.0089,0,-0.0116,-0.0102,0.9999,0,-0.0206,26.5525,-3.1933,1]},
{"frame":27,"values":[0.9944,0.1058,0.0053,0,-0.1059,0.9943,0.0105,0,-0.0042,-0.011,0.9999,0,-0.0206,26.5525,-3.1933,1]},
{"frame":28,"values":[0.9945,0.1044,-0.002,0,-0.1044,0.9945,0.0121,0,0.0033,-0.0118,0.9999,0,-0.0206,26.5525,-3.1933,1]},
{"frame":29,"values":[0.9947,0.1021,-0.0123,0,-0.1019,0.9947,0.0137,0,0.0136,-0.0124,0.9998,0,-0.0206,26.5525,-3.1933,1]}],"loopBehavior":1,"name":"anim","property":"_matrix"}},
{"name":"mixamorig:Neck","index":4,"matrix":[0.9993,-0.0379,0.0046,0,0.0378,0.9991,0.0184,0,-0.0053,-0.0182,0.9998,0,-0.06,30.7018,1.3522,1],"rest":[1,0,0,0,0,1,0,0,0,0,1,0,-0.06,30.7018,1.3522,1],"parentBoneIndex":3,"length":22.8446
,"animation":{"dataType":3,"framePerSecond":24,"keys":[
{"frame":1,"values":[0.9993,-0.0379,0.0046,0,0.0378,0.9991,0.0184,0,-0.0053,-0.0182,0.9998,0,-0.06,30.7018,1.3522,1]},
{"frame":2,"values":[0.9989,-0.0407,0.0232,0,0.0404,0.9991,0.0132,0,-0.0238,-0.0122,0.9996,0,-0.06,30.7018,1.3522,1]},
{"frame":3,"values":[0.9983,-0.0443,0.0384,0,0.044,0.999,0.0083,0,-0.0387,-0.0066,0.9992,0,-0.06,30.7018,1.3522,1]},
{"frame":4,"values":[0.9978,-0.0498,0.0444,0,0.0497,0.9988,0.0042,0,-0.0445,-0.002,0.999,0,-0.06,30.7018,1.3522,1]},
{"frame":5,"values":[0.9976,-0.0579,0.039,0,0.0579,0.9983,0.0008,0,-0.039,0.0014,0.9992,0,-0.06,30.7018,1.3522,1]},
{"frame":6,"values":[0.9974,-0.0679,0.0253,0,0.068,0.9977,-0.0019,0,-0.0252,0.0037,0.9997,0,-0.06,30.7018,1.3522,1]},
{"frame":7,"values":[0.9971,-0.0753,0.0144,0,0.0753,0.9972,-0.0032,0,-0.0141,0.0043,0.9999,0,-0.06,30.7018,1.3522,1]},
{"frame":8,"values":[0.9966,-0.0827,0.0035,0,0.0827,0.9966,-0.0046,0,-0.0031,0.0048,1,0,-0.06,30.7018,1.3522,1]},
{"frame":9,"values":[0.9959,-0.09,-0.0074,0,0.09,0.9959,-0.006,0,0.0079,0.0053,1,0,-0.06,30.7018,1.3522,1]},
{"frame":10,"values":[0.9951,-0.0974,-0.0183,0,0.0973,0.9952,-0.0075,0,0.019,0.0057,0.9998,0,-0.06,30.7018,1.3522,1]},
{"frame":11,"values":[0.9941,-0.1047,-0.0292,0,0.1047,0.9945,-0.0023,0,0.0293,-0.0008,0.9996,0,-0.06,30.7018,1.3522,1]},
{"frame":12,"values":[0.9929,-0.112,-0.0401,0,0.1122,0.9937,0.0028,0,0.0396,-0.0073,0.9992,0,-0.06,30.7018,1.3522,1]},
{"frame":13,"values":[0.9931,-0.1052,-0.0511,0,0.1058,0.9944,0.0077,0,0.05,-0.0131,0.9987,0,-0.06,30.7018,1.3522,1]},
{"frame":14,"values":[0.9932,-0.0984,-0.0621,0,0.0994,0.995,0.0127,0,0.0606,-0.0187,0.998,0,-0.06,30.7018,1.3522,1]},
{"frame":15,"values":[0.9931,-0.0915,-0.0731,0,0.093,0.9955,0.0177,0,0.0711,-0.0244,0.9972,0,-0.06,30.7018,1.3522,1]},
{"frame":16,"values":[0.9929,-0.0845,-0.084,0,0.0867,0.996,0.0228,0,0.0817,-0.0299,0.9962,0,-0.06,30.7018,1.3522,1]},
{"frame":17,"values":[0.9925,-0.0775,-0.0948,0,0.0805,0.9964,0.028,0,0.0923,-0.0354,0.9951,0,-0.06,30.7018,1.3522,1]},
{"frame":18,"values":[0.9919,-0.0704,-0.1056,0,0.0743,0.9967,0.0332,0,0.103,-0.0408,0.9938,0,-0.06,30.7018,1.3522,1]},
{"frame":19,"values":[0.9912,-0.0632,-0.1164,0,0.0681,0.9969,0.0385,0,0.1136,-0.0461,0.9925,0,-0.06,30.7018,1.3522,1]},
{"frame":20,"values":[0.9903,-0.056,-0.1271,0,0.062,0.9971,0.0438,0,0.1243,-0.0513,0.9909,0,-0.06,30.7018,1.3522,1]},
{"frame":21,"values":[0.9924,-0.0491,-0.1128,0,0.055,0.9973,0.0491,0,0.1101,-0.0549,0.9924,0,-0.06,30.7018,1.3522,1]},
{"frame":22,"values":[0.9942,-0.0423,-0.0985,0,0.0478,0.9974,0.0543,0,0.096,-0.0587,0.9937,0,-0.06,30.7019,1.3522,1]},
{"frame":23,"values":[0.9958,-0.0355,-0.0842,0,0.0397,0.998,0.0493,0,0.0822,-0.0524,0.9952,0,-0.06,30.7018,1.3522,1]},
{"frame":24,"values":[0.9972,-0.0285,-0.0698,0,0.0316,0.9985,0.0442,0,0.0685,-0.0463,0.9966,0,-0.06,30.7018,1.3522,1]},
{"frame":25,"values":[0.998,-0.0303,-0.0555,0,0.0325,0.9987,0.0391,0,0.0542,-0.0408,0.9977,0,-0.06,30.7018,1.3522,1]},
{"frame":26,"values":[0.9986,-0.0319,-0.0411,0,0.0334,0.9989,0.034,0,0.04,-0.0353,0.9986,0,-0.06,30.7018,1.3522,1]},
{"frame":27,"values":[0.9991,-0.0336,-0.0267,0,0.0343,0.999,0.0289,0,0.0257,-0.0298,0.9992,0,-0.06,30.7018,1.3522,1]},
{"frame":28,"values":[0.9993,-0.0351,-0.0123,0,0.0354,0.9991,0.0238,0,0.0115,-0.0243,0.9996,0,-0.06,30.7018,1.3522,1]},
{"frame":29,"values":[0.9993,-0.0379,0.0046,0,0.0378,0.9991,0.0184,0,-0.0053,-0.0182,0.9998,0,-0.06,30.7018,1.3522,1]}],"loopBehavior":1,"name":"anim","property":"_matrix"}},
{"name":"mixamorig:Head","index":5,"matrix":[0.9899,-0.1413,-0.0133,0,0.1416,0.9896,0.026,0,0.0095,-0.0277,0.9996,0,-0.0872,22.5476,3.6709,1],"rest":[1,0,0,0,0,1,0,0,0,0,1,0,-0.0872,22.5476,3.6709,1],"parentBoneIndex":4,"length":30.5924
,"animation":{"dataType":3,"framePerSecond":24,"keys":[
{"frame":1,"values":[0.9899,-0.1413,-0.0133,0,0.1416,0.9896,0.026,0,0.0095,-0.0277,0.9996,0,-0.0872,22.5476,3.6709,1]},
{"frame":2,"values":[0.9903,-0.1363,0.0264,0,0.1356,0.9904,0.0253,0,-0.0296,-0.0215,0.9993,0,-0.0872,22.5476,3.6709,1]},
{"frame":3,"values":[0.9894,-0.1323,0.0602,0,0.1312,0.9911,0.0224,0,-0.0627,-0.0143,0.9979,0,-0.0872,22.5476,3.6709,1]},
{"frame":4,"values":[0.9882,-0.1311,0.0798,0,0.1304,0.9914,0.0148,0,-0.081,-0.0042,0.9967,0,-0.0872,22.5477,3.6709,1]},
{"frame":5,"values":[0.9877,-0.1332,0.0823,0,0.1335,0.9911,0.0019,0,-0.0818,0.0091,0.9966,0,-0.0872,22.5476,3.6709,1]},
{"frame":6,"values":[0.9878,-0.1373,0.074,0,0.1384,0.9903,-0.0101,0,-0.0719,0.0203,0.9972,0,-0.0872,22.5476,3.6709,1]},
{"frame":7,"values":[0.9874,-0.1532,0.0404,0,0.1541,0.9879,-0.0199,0,-0.0369,0.0258,0.999,0,-0.0872,22.5476,3.6709,1]},
{"frame":8,"values":[0.9855,-0.1693,0.0069,0,0.1695,0.9851,-0.0301,0,-0.0017,0.0309,0.9995,0,-0.0872,22.5476,3.6709,1]},
{"frame":9,"values":[0.9823,-0.1856,-0.0265,0,0.1844,0.982,-0.0409,0,0.0336,0.0353,0.9988,0,-0.0872,22.5476,3.6709,1]},
{"frame":10,"values":[0.9776,-0.202,-0.0597,0,0.199,0.9786,-0.0522,0,0.069,0.0392,0.9968,0,-0.0872,22.5476,3.6709,1]},
{"frame":11,"values":[0.9714,-0.2184,-0.0927,0,0.2131,0.9749,-0.064,0,0.1043,0.0424,0.9936,0,-0.0872,22.5476,3.6709,1]},
{"frame":12,"values":[0.9639,-0.2349,-0.1253,0,0.2267,0.971,-0.0762,0,0.1396,0.0451,0.9892,0,-0.0872,22.5476,3.6709,1]},
{"frame":13,"values":[0.955,-0.2514,-0.1576,0,0.2398,0.9667,-0.0889,0,0.1747,0.0471,0.9835,0,-0.0872,22.5476,3.6709,1]},
{"frame":14,"values":[0.9447,-0.2678,-0.1894,0,0.2524,0.9622,-0.102,0,0.2095,0.0486,0.9766,0,-0.0872,22.5476,3.6709,1]},
{"frame":15,"values":[0.933,-0.2842,-0.2206,0,0.2644,0.9575,-0.1155,0,0.244,0.0494,0.9685,0,-0.0872,22.5476,3.6709,1]},
{"frame":16,"values":[0.9205,-0.2982,-0.2525,0,0.2807,0.9542,-0.1036,0,0.2718,0.0244,0.962,0,-0.0872,22.5476,3.6709,1]},
{"frame":17,"values":[0.9068,-0.3113,-0.2844,0,0.2973,0.9503,-0.0922,0,0.2989,-0.0009,0.9543,0,-0.0872,22.5476,3.6709,1]},
{"frame":18,"values":[0.9022,-0.2937,-0.3159,0,0.2826,0.9558,-0.0814,0,0.3259,-0.0159,0.9453,0,-0.0872,22.5476,3.6709,1]},
{"frame":19,"values":[0.8965,-0.2755,-0.347,0,0.2682,0.9608,-0.07,0,0.3527,-0.0303,0.9352,0,-0.0872,22.5476,3.6709,1]},
{"frame":20,"values":[0.8897,-0.2568,-0.3776,0,0.254,0.9655,-0.0582,0,0.3795,-0.0441,0.9242,0,-0.0872,22.5476,3.6709,1]},
{"frame":21,"values":[0.9086,-0.2436,-0.3393,0,0.2427,0.969,-0.0457,0,0.3399,-0.0408,0.9396,0,-0.0872,22.5476,3.6709,1]},
{"frame":22,"values":[0.9257,-0.2302,-0.3001,0,0.2309,0.9724,-0.0338,0,0.2996,-0.038,0.9533,0,-0.0872,22.5476,3.6709,1]},
{"frame":23,"values":[0.9409,-0.2167,-0.2601,0,0.2185,0.9756,-0.0223,0,0.2586,-0.0359,0.9653,0,-0.0872,22.5476,3.6709,1]},
{"frame":24,"values":[0.9543,-0.203,-0.2195,0,0.2055,0.9786,-0.0114,0,0.2171,-0.0343,0.9756,0,-0.0872,22.5476,3.6709,1]},
{"frame":25,"values":[0.9656,-0.1892,-0.1782,0,0.1921,0.9814,-0.001,0,0.1751,-0.0333,0.984,0,-0.0872,22.5476,3.6709,1]},
{"frame":26,"values":[0.975,-0.1753,-0.1366,0,0.1782,0.984,0.0088,0,0.1329,-0.0329,0.9906,0,-0.0872,22.5476,3.6709,1]},
{"frame":27,"values":[0.9823,-0.1614,-0.0946,0,0.1638,0.9863,0.0179,0,0.0904,-0.0331,0.9954,0,-0.0872,22.5476,3.6709,1]},
{"frame":28,"values":[0.9877,-0.1476,-0.0525,0,0.1491,0.9885,0.0264,0,0.048,-0.0339,0.9983,0,-0.0872,22.5476,3.6709,1]},
{"frame":29,"values":[0.9899,-0.1413,-0.0133,0,0.1416,0.9896,0.026,0,0.0095,-0.0277,0.9996,0,-0.0872,22.5476,3.6709,1]}],"loopBehavior":1,"name":"anim","property":"_matrix"}},
{"name":"mixamorig:HeadTop_End","index":6,"matrix":[1,0,0,0,0,1,0,0,0,0,1,0,-0.8306,40.3552,7.8935,1],"rest":[1,0,0,0,0,1,0,0,0,0,1,0,-0.8306,40.3552,7.8935,1],"parentBoneIndex":5,"length":30.5924
,"animation":{"dataType":3,"framePerSecond":24,"keys":[
{"frame":1,"values":[1,0,0,0,0,1,0,0,0,0,1,0,-0.8306,40.3552,7.8935,1]},
{"frame":4,"values":[1,0,0,0,0,1,0,0,0,0,1,0,-0.8306,40.3551,7.8935,1]},
{"frame":5,"values":[1,0,0,0,0,1,0,0,0,0,1,0,-0.8306,40.3552,7.8935,1]},
{"frame":12,"values":[1,0,0,0,0,1,0,0,0,0,1,0,-0.8306,40.3551,7.8935,1]},
{"frame":13,"values":[1,0,0,0,0,1,0,0,0,0,1,0,-0.8306,40.3552,7.8935,1]},
{"frame":29,"values":[1,0,0,0,0,1,0,0,0,0,1,0,-0.8306,40.3552,7.8935,1]}],"loopBehavior":1,"name":"anim","property":"_matrix"}},
{"name":"mixamorig:RightEye","index":7,"matrix":[1,0,0,0,0,1,0,0,0,0,1,0,-6.3021,18.1186,16.1971,1],"rest":[1,0,0,0,0,1,0,0,0,0,1,0,-6.3021,18.1186,16.1971,1],"parentBoneIndex":5,"length":30.5924
,"animation":{"dataType":3,"framePerSecond":24,"keys":[
{"frame":1,"values":[1,0,0,0,0,1,0,0,0,0,1,0,-6.3021,18.1186,16.1971,1]},
{"frame":4,"values":[1,0,0,0,0,1,0,0,0,0,1,0,-6.3021,18.1185,16.1971,1]},
{"frame":5,"values":[1,0,0,0,0,1,0,0,0,0,1,0,-6.3021,18.1186,16.1971,1]},
{"frame":12,"values":[1,0,0,0,0,1,0,0,0,0,1,0,-6.3021,18.1185,16.1971,1]},
{"frame":13,"values":[1,0,0,0,0,1,0,0,0,0,1,0,-6.3021,18.1186,16.1971,1]},
{"frame":29,"values":[1,0,0,0,0,1,0,0,0,0,1,0,-6.3021,18.1186,16.1971,1]}],"loopBehavior":1,"name":"anim","property":"_matrix"}},
{"name":"mixamorig:LeftEye","index":8,"matrix":[1,0,0,0,0,1,0,0,0,0,1,0,6.7415,18.3827,16.4019,1],"rest":[1,0,0,0,0,1,0,0,0,0,1,0,6.7415,18.3827,16.4019,1],"parentBoneIndex":5,"length":30.5923
,"animation":{"dataType":3,"framePerSecond":24,"keys":[
{"frame":1,"values":[1,0,0,0,0,1,0,0,0,0,1,0,6.7415,18.3827,16.4019,1]},
{"frame":12,"values":[1,0,0,0,0,1,0,0,0,0,1,0,6.7415,18.3826,16.4019,1]},
{"frame":13,"values":[1,0,0,0,0,1,0,0,0,0,1,0,6.7415,18.3827,16.4019,1]},
{"frame":29,"values":[1,0,0,0,0,1,0,0,0,0,1,0,6.7415,18.3827,16.4019,1]}],"loopBehavior":1,"name":"anim","property":"_matrix"}},
{"name":"mixamorig:LeftShoulder","index":9,"matrix":[0.968,-0.0964,0.2316,0,0.0794,0.9935,0.0817,0,-0.2379,-0.0607,0.9694,0,11.9249,18.2305,1.4254,1],"rest":[1,0.0062,0,0,-0.0062,1,0,0,0,0,1,0,11.9249,18.2305,1.4254,1],"parentBoneIndex":3,"length":25.9773
,"animation":{"dataType":3,"framePerSecond":24,"keys":[
{"frame":1,"values":[0.968,-0.0964,0.2316,0,0.0794,0.9935,0.0817,0,-0.2379,-0.0607,0.9694,0,11.9249,18.2305,1.4254,1]},
{"frame":2,"values":[0.9683,-0.1042,0.2272,0,0.0875,0.9927,0.0827,0,-0.2341,-0.0602,0.9703,0,11.9249,18.2305,1.4254,1]},
{"frame":3,"values":[0.9684,-0.1113,0.2232,0,0.0947,0.992,0.0837,0,-0.2307,-0.0599,0.9712,0,11.9249,18.2305,1.4254,1]},
{"frame":4,"values":[0.9682,-0.1172,0.2211,0,0.1006,0.9913,0.0846,0,-0.2291,-0.0597,0.9716,0,11.9249,18.2305,1.4254,1]},
{"frame":5,"values":[0.9674,-0.1229,0.2216,0,0.1062,0.9907,0.0856,0,-0.2301,-0.0592,0.9714,0,11.9249,18.2305,1.4254,1]},
{"frame":6,"values":[0.966,-0.1295,0.2236,0,0.1127,0.9899,0.0864,0,-0.2325,-0.0583,0.9708,0,11.9249,18.2305,1.4254,1]},
{"frame":7,"values":[0.9648,-0.1347,0.2257,0,0.1177,0.9892,0.0873,0,-0.235,-0.0577,0.9703,0,11.9249,18.2305,1.4254,1]},
{"frame":8,"values":[0.9644,-0.1346,0.2278,0,0.1172,0.9892,0.0882,0,-0.2372,-0.0583,0.9697,0,11.9249,18.2305,1.4254,1]},
{"frame":9,"values":[0.9646,-0.1293,0.2299,0,0.1114,0.9898,0.089,0,-0.239,-0.0603,0.9691,0,11.9249,18.2305,1.4254,1]},
{"frame":10,"values":[0.9654,-0.1216,0.2305,0,0.1036,0.9907,0.0887,0,-0.2391,-0.0617,0.969,0,11.9249,18.2305,1.4254,1]},
{"frame":11,"values":[0.9662,-0.114,0.2311,0,0.0959,0.9915,0.0883,0,-0.2392,-0.0632,0.9689,0,11.9249,18.2305,1.4254,1]},
{"frame":12,"values":[0.967,-0.1064,0.2316,0,0.0881,0.9922,0.088,0,-0.2392,-0.0646,0.9688,0,11.9249,18.2305,1.4254,1]},
{"frame":13,"values":[0.9676,-0.0988,0.2322,0,0.0803,0.9929,0.0876,0,-0.2392,-0.0661,0.9687,0,11.9249,18.2305,1.4254,1]},
{"frame":14,"values":[0.9682,-0.0911,0.2328,0,0.0725,0.9935,0.0872,0,-0.2393,-0.0675,0.9686,0,11.9249,18.2305,1.4254,1]},
{"frame":15,"values":[0.9688,-0.0835,0.2334,0,0.0647,0.9941,0.0868,0,-0.2393,-0.069,0.9685,0,11.9249,18.2305,1.4254,1]},
{"frame":16,"values":[0.9693,-0.0758,0.234,0,0.0569,0.9946,0.0864,0,-0.2393,-0.0705,0.9684,0,11.9249,18.2305,1.4254,1]},
{"frame":17,"values":[0.9697,-0.0682,0.2346,0,0.0491,0.9951,0.086,0,-0.2393,-0.0719,0.9683,0,11.9249,18.2305,1.4254,1]},
{"frame":18,"values":[0.9701,-0.0605,0.2351,0,0.0413,0.9955,0.0856,0,-0.2392,-0.0734,0.9682,0,11.9249,18.2305,1.4254,1]},
{"frame":19,"values":[0.9699,-0.0613,0.2357,0,0.0422,0.9955,0.0853,0,-0.2399,-0.0727,0.9681,0,11.9249,18.2305,1.4254,1]},
{"frame":20,"values":[0.9697,-0.0621,0.2363,0,0.043,0.9955,0.0849,0,-0.2405,-0.0721,0.968,0,11.9249,18.2305,1.4254,1]},
{"frame":21,"values":[0.9695,-0.0629,0.2369,0,0.0439,0.9955,0.0845,0,-0.2411,-0.0715,0.9679,0,11.9249,18.2305,1.4254,1]},
{"frame":22,"values":[0.9693,-0.0636,0.2375,0,0.0448,0.9954,0.0841,0,-0.2417,-0.0709,0.9677,0,11.9249,18.2305,1.4254,1]},
{"frame":23,"values":[0.9691,-0.0644,0.238,0,0.0456,0.9954,0.0838,0,-0.2424,-0.0703,0.9676,0,11.9249,18.2305,1.4254,1]},
{"frame":24,"values":[0.9689,-0.0652,0.2386,0,0.0465,0.9954,0.0834,0,-0.243,-0.0697,0.9675,0,11.9249,18.2305,1.4254,1]},
{"frame":25,"values":[0.9687,-0.0714,0.2376,0,0.053,0.9951,0.083,0,-0.2424,-0.0678,0.9678,0,11.9249,18.2305,1.4254,1]},
{"frame":26,"values":[0.9685,-0.0777,0.2366,0,0.0596,0.9948,0.0827,0,-0.2418,-0.066,0.9681,0,11.9249,18.2305,1.4254,1]},
{"frame":27,"values":[0.9682,-0.0839,0.2356,0,0.0661,0.9944,0.0824,0,-0.2412,-0.0642,0.9684,0,11.9249,18.2305,1.4254,1]},
{"frame":28,"values":[0.9679,-0.0901,0.2346,0,0.0727,0.994,0.082,0,-0.2406,-0.0623,0.9686,0,11.9249,18.2305,1.4254,1]},
{"frame":29,"values":[0.968,-0.0964,0.2316,0,0.0794,0.9935,0.0817,0,-0.2379,-0.0607,0.9694,0,11.9249,18.2305,1.4254,1]}],"loopBehavior":1,"name":"anim","property":"_matrix"}},
{"name":"mixamorig:LeftArm","index":10,"matrix":[0.1421,-0.9895,-0.0274,0,0.9883,0.1433,-0.052,0,0.0554,-0.0197,0.9983,0,25.4312,-0.8547,-5.2293,1],"rest":[0.9983,0.0295,0.0512,0,-0.0294,0.9996,-0.0017,0,-0.0512,0.0002,0.9987,0,25.4312,-0.8546,-5.2293,1],"parentBoneIndex":9,"length":54.6848
,"animation":{"dataType":3,"framePerSecond":24,"keys":[
{"frame":1,"values":[0.1421,-0.9895,-0.0274,0,0.9883,0.1433,-0.052,0,0.0554,-0.0197,0.9983,0,25.4312,-0.8546,-5.2293,1]},
{"frame":2,"values":[0.1493,-0.9883,-0.0315,0,0.9865,0.151,-0.0634,0,0.0675,-0.0216,0.9975,0,25.4312,-0.8546,-5.2293,1]},
{"frame":3,"values":[0.1566,-0.987,-0.0358,0,0.9842,0.1589,-0.0784,0,0.0831,-0.0229,0.9963,0,25.4312,-0.8546,-5.2293,1]},
{"frame":4,"values":[0.164,-0.9857,-0.0399,0,0.9806,0.1673,-0.1024,0,0.1076,-0.0223,0.9939,0,25.4312,-0.8546,-5.2293,1]},
{"frame":5,"values":[0.1724,-0.9841,-0.0427,0,0.9747,0.1767,-0.1369,0,0.1422,-0.0181,0.9897,0,25.4312,-0.8547,-5.2293,1]},
{"frame":6,"values":[0.1817,-0.9824,-0.0421,0,0.9664,0.1863,-0.177,0,0.1817,-0.0085,0.9833,0,25.4312,-0.8546,-5.2293,1]},
{"frame":7,"values":[0.1892,-0.9812,-0.0378,0,0.9577,0.1929,-0.2134,0,0.2167,0.0042,0.9762,0,25.4312,-0.8547,-5.2293,1]},
{"frame":8,"values":[0.1901,-0.9812,-0.0332,0,0.9513,0.1925,-0.2409,0,0.2428,0.0142,0.97,0,25.4312,-0.8546,-5.2293,1]},
{"frame":9,"values":[0.1829,-0.9823,-0.0397,0,0.9563,0.1871,-0.2249,0,0.2283,0.0032,0.9736,0,25.4312,-0.8546,-5.2293,1]},
{"frame":10,"values":[0.1685,-0.9846,-0.0461,0,0.9623,0.1744,-0.2088,0,0.2136,-0.0092,0.9769,0,25.4312,-0.8546,-5.2293,1]},
{"frame":11,"values":[0.151,-0.9871,-0.0525,0,0.9684,0.1584,-0.1927,0,0.1985,-0.0218,0.9799,0,25.4312,-0.8546,-5.2293,1]},
{"frame":12,"values":[0.1331,-0.9894,-0.0588,0,0.9741,0.1415,-0.1764,0,0.1829,-0.0338,0.9826,0,25.4312,-0.8546,-5.2293,1]},
{"frame":13,"values":[0.1153,-0.9912,-0.0654,0,0.9792,0.1244,-0.1602,0,0.167,-0.0455,0.9849,0,25.4312,-0.8546,-5.2293,1]},
{"frame":14,"values":[0.0912,-0.9933,-0.0712,0,0.9845,0.1007,-0.1438,0,0.15,-0.057,0.987,0,25.4312,-0.8546,-5.2293,1]},
{"frame":15,"values":[0.0672,-0.9947,-0.0774,0,0.9889,0.0768,-0.1274,0,0.1327,-0.068,0.9888,0,25.4312,-0.8547,-5.2293,1]},
{"frame":16,"values":[0.0433,-0.9955,-0.084,0,0.9924,0.0526,-0.1111,0,0.1151,-0.0786,0.9902,0,25.4312,-0.8546,-5.2293,1]},
{"frame":17,"values":[0.0195,-0.9957,-0.091,0,0.9951,0.0282,-0.095,0,0.0972,-0.0887,0.9913,0,25.4312,-0.8547,-5.2293,1]},
{"frame":18,"values":[0.0367,-0.9959,-0.0831,0,0.9957,0.0435,-0.0816,0,0.0849,-0.0797,0.9932,0,25.4312,-0.8546,-5.2293,1]},
{"frame":19,"values":[0.0538,-0.9957,-0.0749,0,0.9959,0.0589,-0.0683,0,0.0725,-0.0709,0.9948,0,25.4312,-0.8546,-5.2293,1]},
{"frame":20,"values":[0.0708,-0.9953,-0.0664,0,0.9957,0.0745,-0.0552,0,0.0598,-0.0622,0.9963,0,25.4312,-0.8546,-5.2293,1]},
{"frame":21,"values":[0.0876,-0.9945,-0.0577,0,0.995,0.0901,-0.0421,0,0.0471,-0.0538,0.9974,0,25.4312,-0.8547,-5.2293,1]},
{"frame":22,"values":[0.1044,-0.9933,-0.0489,0,0.994,0.1059,-0.0292,0,0.0341,-0.0455,0.9984,0,25.4312,-0.8546,-5.2293,1]},
{"frame":23,"values":[0.1209,-0.9919,-0.0397,0,0.9924,0.1216,-0.0164,0,0.0211,-0.0375,0.9991,0,25.4312,-0.8546,-5.2293,1]},
{"frame":24,"values":[0.1373,-0.9901,-0.0304,0,0.9905,0.1375,-0.0038,0,0.0079,-0.0296,0.9995,0,25.4312,-0.8547,-5.2293,1]},
{"frame":25,"values":[0.1345,-0.9907,-0.0217,0,0.9908,0.1348,-0.0113,0,0.0142,-0.02,0.9997,0,25.4312,-0.8546,-5.2293,1]},
{"frame":26,"values":[0.1357,-0.9905,-0.0224,0,0.9905,0.1361,-0.0189,0,0.0218,-0.0196,0.9996,0,25.4312,-0.8547,-5.2293,1]},
{"frame":27,"values":[0.1369,-0.9903,-0.023,0,0.9901,0.1375,-0.0294,0,0.0323,-0.0188,0.9993,0,25.4312,-0.8546,-5.2293,1]},
{"frame":28,"values":[0.138,-0.9901,-0.0237,0,0.9895,0.1389,-0.0398,0,0.0427,-0.0179,0.9989,0,25.4312,-0.8547,-5.2293,1]},
{"frame":29,"values":[0.1421,-0.9895,-0.0274,0,0.9883,0.1433,-0.052,0,0.0554,-0.0197,0.9983,0,25.4312,-0.8547,-5.2293,1]}],"loopBehavior":1,"name":"anim","property":"_matrix"}},
{"name":"mixamorig:LeftForeArm","index":11,"matrix":[0.9892,-0.0086,0.1462,0,0.0092,0.9999,-0.0039,0,-0.1462,0.0052,0.9892,0,54.5783,-1.9463,-2.8009,1],"rest":[0.9943,-0.0088,-0.1062,0,0.0091,1,0.0028,0,0.1061,-0.0038,0.9943,0,54.5783,-1.9463,-2.8009,1],"parentBoneIndex":10,"length":55.0982
,"animation":{"dataType":3,"framePerSecond":24,"keys":[
{"frame":1,"values":[0.9892,-0.0086,0.1462,0,0.0092,0.9999,-0.0039,0,-0.1462,0.0052,0.9892,0,54.5783,-1.9463,-2.8009,1]},
{"frame":2,"values":[0.9909,-0.0086,0.1344,0,0.0091,1,-0.0036,0,-0.1344,0.0048,0.9909,0,54.5783,-1.9463,-2.8009,1]},
{"frame":3,"values":[0.9915,-0.0086,0.1297,0,0.0091,1,-0.0034,0,-0.1297,0.0046,0.9915,0,54.5783,-1.9463,-2.8009,1]},
{"frame":4,"values":[0.9896,-0.0086,0.1436,0,0.0092,1,-0.0038,0,-0.1435,0.0051,0.9896,0,54.5783,-1.9463,-2.8009,1]},
{"frame":5,"values":[0.9843,-0.0085,0.1763,0,0.0095,0.9999,-0.0047,0,-0.1763,0.0063,0.9843,0,54.5783,-1.9463,-2.8009,1]},
{"frame":6,"values":[0.9764,-0.0084,0.2158,0,0.0099,0.9999,-0.0057,0,-0.2157,0.0077,0.9764,0,54.5783,-1.9463,-2.8009,1]},
{"frame":7,"values":[0.9689,-0.0084,0.2474,0,0.0103,0.9999,-0.0066,0,-0.2473,0.0089,0.9689,0,54.5783,-1.9463,-2.8009,1]},
{"frame":8,"values":[0.9749,-0.0085,0.2226,0,0.0101,0.9999,-0.0059,0,-0.2225,0.008,0.9749,0,54.5783,-1.9463,-2.8009,1]},
{"frame":9,"values":[0.9802,-0.0086,0.1976,0,0.0099,0.9999,-0.0053,0,-0.1976,0.0071,0.9803,0,54.5783,-1.9463,-2.8009,1]},
{"frame":10,"values":[0.985,-0.0087,0.1725,0,0.0097,0.9999,-0.0046,0,-0.1725,0.0062,0.985,0,54.5783,-1.9463,-2.8009,1]},
{"frame":11,"values":[0.9891,-0.0088,0.1473,0,0.0095,0.9999,-0.0039,0,-0.1472,0.0053,0.9891,0,54.5783,-1.9463,-2.8009,1]},
{"frame":12,"values":[0.9925,-0.0089,0.1219,0,0.0093,1,-0.0033,0,-0.1219,0.0044,0.9925,0,54.5783,-1.9463,-2.8009,1]},
{"frame":13,"values":[0.9953,-0.0089,0.0964,0,0.0092,1,-0.0026,0,-0.0964,0.0035,0.9953,0,54.5783,-1.9463,-2.8009,1]},
{"frame":14,"values":[0.9974,-0.0089,0.0709,0,0.009,1,-0.0019,0,-0.0709,0.0025,0.9975,0,54.5783,-1.9463,-2.8009,1]},
{"frame":15,"values":[0.9989,-0.0089,0.0454,0,0.0089,1,-0.0012,0,-0.0454,0.0016,0.999,0,54.5783,-1.9463,-2.8009,1]},
{"frame":16,"values":[0.9998,-0.0088,0.0199,0,0.0088,1,-0.0005,0,-0.0199,0.0007,0.9998,0,54.5783,-1.9463,-2.8009,1]},
{"frame":17,"values":[0.9999,-0.0087,-0.0057,0,0.0087,1,0.0002,0,0.0057,-0.0002,1,0,54.5783,-1.9463,-2.8009,1]},
{"frame":18,"values":[0.9995,-0.0086,-0.0312,0,0.0087,1,0.0008,0,0.0312,-0.0011,0.9995,0,54.5783,-1.9463,-2.8009,1]},
{"frame":19,"values":[0.9999,-0.0087,-0.0132,0,0.0087,1,0.0004,0,0.0132,-0.0005,0.9999,0,54.5783,-1.9463,-2.8009,1]},
{"frame":20,"values":[1,-0.0087,0.0047,0,0.0087,1,-0.0001,0,-0.0047,0.0002,1,0,54.5783,-1.9463,-2.8009,1]},
{"frame":21,"values":[0.9997,-0.0087,0.0227,0,0.0088,1,-0.0006,0,-0.0227,0.0008,0.9997,0,54.5783,-1.9463,-2.8009,1]},
{"frame":22,"values":[0.9991,-0.0087,0.0407,0,0.0088,1,-0.0011,0,-0.0406,0.0014,0.9992,0,54.5783,-1.9463,-2.8009,1]},
{"frame":23,"values":[0.9982,-0.0087,0.0586,0,0.0088,1,-0.0016,0,-0.0586,0.0021,0.9983,0,54.5783,-1.9463,-2.8009,1]},
{"frame":24,"values":[0.997,-0.0087,0.0765,0,0.0089,1,-0.002,0,-0.0765,0.0027,0.9971,0,54.5783,-1.9463,-2.8009,1]},
{"frame":25,"values":[0.9955,-0.0087,0.0944,0,0.009,1,-0.0025,0,-0.0944,0.0033,0.9955,0,54.5783,-1.9463,-2.8009,1]},
{"frame":26,"values":[0.9936,-0.0087,0.1123,0,0.0091,1,-0.003,0,-0.1123,0.004,0.9937,0,54.5783,-1.9463,-2.8009,1]},
{"frame":27,"values":[0.9915,-0.0086,0.1301,0,0.0091,1,-0.0035,0,-0.1301,0.0046,0.9915,0,54.5783,-1.9463,-2.8009,1]},
{"frame":28,"values":[0.989,-0.0086,0.1479,0,0.0092,0.9999,-0.0039,0,-0.1479,0.0053,0.989,0,54.5783,-1.9463,-2.8009,1]},
{"frame":29,"values":[0.9892,-0.0086,0.1462,0,0.0092,0.9999,-0.0039,0,-0.1462,0.0052,0.9892,0,54.5783,-1.9463,-2.8009,1]}],"loopBehavior":1,"name":"anim","property":"_matrix"}},
{"name":"mixamorig:LeftHand","index":12,"matrix":[0.9918,-0.1249,-0.0269,0,0.1102,0.943,-0.314,0,0.0645,0.3084,0.9491,0,54.9948,-1.4671,3.0376,1],"rest":[0.9961,0.088,0.001,0,-0.0871,0.9842,0.154,0,0.0125,-0.1535,0.9881,0,54.9948,-1.4671,3.0376,1],"parentBoneIndex":11,"length":20.3347
,"animation":{"dataType":3,"framePerSecond":24,"keys":[
{"frame":1,"values":[0.9918,-0.1249,-0.0269,0,0.1102,0.943,-0.314,0,0.0645,0.3084,0.9491,0,54.9948,-1.4671,3.0376,1]},
{"frame":2,"values":[0.991,-0.1335,-0.0066,0,0.1251,0.9436,-0.3064,0,0.0472,0.3028,0.9519,0,54.9948,-1.4671,3.0376,1]},
{"frame":3,"values":[0.9906,-0.136,0.0171,0,0.1348,0.9444,-0.2999,0,0.0247,0.2993,0.9538,0,54.9948,-1.4671,3.0376,1]},
{"frame":4,"values":[0.9912,-0.1227,0.05,0,0.1321,0.9461,-0.2958,0,-0.011,0.2998,0.954,0,54.9948,-1.4671,3.0376,1]},
{"frame":5,"values":[0.9917,-0.0894,0.0928,0,0.1133,0.948,-0.2973,0,-0.0613,0.3054,0.9503,0,54.9948,-1.4671,3.0376,1]},
{"frame":6,"values":[0.9897,-0.0406,0.137,0,0.0818,0.9472,-0.3102,0,-0.1171,0.3182,0.9408,0,54.9948,-1.4671,3.0376,1]},
{"frame":7,"values":[0.9851,0.0085,0.1716,0,0.0499,0.9414,-0.3335,0,-0.1644,0.3371,0.927,0,54.9948,-1.4671,3.0376,1]},
{"frame":8,"values":[0.9882,-0.0183,0.1521,0,0.0665,0.9455,-0.3187,0,-0.138,0.3251,0.9356,0,54.9948,-1.4671,3.0376,1]},
{"frame":9,"values":[0.9902,-0.0449,0.132,0,0.0836,0.9489,-0.3042,0,-0.1116,0.3122,0.9434,0,54.9948,-1.4671,3.0376,1]},
{"frame":10,"values":[0.9912,-0.0713,0.1115,0,0.101,0.9517,-0.2899,0,-0.0854,0.2986,0.9506,0,54.9948,-1.4671,3.0376,1]},
{"frame":11,"values":[0.9911,-0.0974,0.0904,0,0.1188,0.9538,-0.2759,0,-0.0594,0.2842,0.9569,0,54.9948,-1.4671,3.0376,1]},
{"frame":12,"values":[0.99,-0.1231,0.0689,0,0.137,0.9552,-0.2622,0,-0.0335,0.269,0.9626,0,54.9948,-1.4671,3.0376,1]},
{"frame":13,"values":[0.9878,-0.1484,0.047,0,0.1554,0.956,-0.2489,0,-0.008,0.2531,0.9674,0,54.9948,-1.4671,3.0376,1]},
{"frame":14,"values":[0.9846,-0.1733,0.0247,0,0.1742,0.9561,-0.2359,0,0.0173,0.2365,0.9715,0,54.9948,-1.4671,3.0376,1]},
{"frame":15,"values":[0.9803,-0.1976,0.0021,0,0.1931,0.9554,-0.2233,0,0.0421,0.2193,0.9748,0,54.9948,-1.4671,3.0376,1]},
{"frame":16,"values":[0.9749,-0.2215,-0.0208,0,0.2122,0.9541,-0.2111,0,0.0666,0.2014,0.9772,0,54.9948,-1.4671,3.0376,1]},
