{"producer":{"name":"Blender","version":"2.79 (sub 0)","exporter_version":"5.6.4","file":"dizzyturnright.babylon"},
"autoClear":true,"clearColor":[0.0509,0.0509,0.0509],"ambientColor":[0,0,0],"gravity":[0,-9.81,0],
"materials":[{"name":"dizzyturnright.Material","id":"dizzyturnright.Material","ambient":[0,0,0],"diffuse":[0,0,0],"specular":[0,0,0],"emissive":[0,0,0],"specularPower":50,"alpha":0.001,"backFaceCulling":true,"checkReadyOnlyOnce":false,"maxSimultaneousLights":4}],
"multiMaterials":[],
"skeletons":[{"name":"Armature","id":0,"dimensionsAtRest":[379.1952,391.6652,55.677],"bones":[
{"name":"mixamorig:Hips","index":0,"matrix":[0.9985,0.0552,0.0017,0,-0.0552,0.9963,0.0652,0,-0.0019,0.0652,-0.9979,0,-0.3484,200.2981,0.4064,1],"rest":[1,0,0,0,0,1,0,0,0,0,-1,0,0,201.6394,0,1],"parentBoneIndex":-1,"length":21.6784
,"animation":{"dataType":3,"framePerSecond":24,"keys":[
{"frame":1,"values":[0.9985,0.0552,0.0023,0,-0.0552,0.9963,0.0652,0,-0.0013,0.0652,-0.9979,0,-0.3484,200.2981,0.4064,1]},
{"frame":2,"values":[0.9985,0.0553,0.0023,0,-0.0553,0.9966,0.0619,0,-0.0011,0.0619,-0.9981,0,-4.1412,200.228,-0.3395,1]},
{"frame":3,"values":[0.9984,0.056,0.0023,0,-0.0561,0.9967,0.0584,0,-0.001,0.0584,-0.9983,0,-8.4135,200.1527,-2.2302,1]},
{"frame":4,"values":[0.9983,0.0577,0.0023,0,-0.0577,0.9968,0.0546,0,-0.0009,0.0547,-0.9985,0,-12.4761,200.0576,-5.4639,1]},
{"frame":5,"values":[0.9982,0.0593,0.0023,0,-0.0594,0.9969,0.0507,0,-0.0008,0.0507,-0.9987,0,-15.2465,199.8929,-9.7214,1]},
{"frame":6,"values":[0.9982,0.06,0.0022,0,-0.06,0.9971,0.0467,0,-0.0006,0.0467,-0.9989,0,-15.9736,199.6466,-14.3344,1]},
{"frame":7,"values":[0.9982,0.0601,0.0022,0,-0.0601,0.9973,0.0425,0,-0.0003,0.0425,-0.9991,0,-14.5867,199.3837,-17.0695,1]},
{"frame":8,"values":[0.9984,0.0571,0.0022,0,-0.0571,0.9976,0.0393,0,-0.0001,0.0393,-0.9992,0,-9.0207,199.0629,-19.8045,1]},
{"frame":9,"values":[0.9985,0.054,0.0022,0,-0.0541,0.9979,0.0361,0,0.0002,0.0361,-0.9993,0,-3.4547,198.7422,-22.5395,1]},
{"frame":10,"values":[0.9987,0.051,0.0022,0,-0.0511,0.9982,0.0329,0,0.0005,0.0329,-0.9995,0,2.1113,198.4214,-25.2746,1]},
{"frame":11,"values":[0.9988,0.048,0.0021,0,-0.048,0.9984,0.0297,0,0.0007,0.0297,-0.9996,0,7.6774,198.1006,-28.0096,1]},
{"frame":12,"values":[0.999,0.045,0.0021,0,-0.045,0.9986,0.0264,0,0.001,0.0265,-0.9996,0,13.2434,197.7798,-30.7447,1]},
{"frame":13,"values":[0.9991,0.0419,0.0021,0,-0.042,0.9988,0.0232,0,0.0011,0.0233,-0.9997,0,18.8094,197.459,-26.6824,1]},
{"frame":14,"values":[0.9992,0.0389,0.0021,0,-0.0389,0.999,0.02,0,0.0013,0.0201,-0.9998,0,24.3754,197.1382,-22.6201,1]},
{"frame":15,"values":[0.9994,0.0359,0.0021,0,-0.0359,0.9992,0.0168,0,0.0015,0.0169,-0.9999,0,29.9415,197.5628,-18.5579,1]},
{"frame":16,"values":[0.9995,0.0328,0.0021,0,-0.0329,0.9993,0.0196,0,0.0014,0.0196,-0.9998,0,35.5075,197.9873,-14.4956,1]},
{"frame":17,"values":[0.9996,0.0298,0.0021,0,-0.0299,0.9993,0.0223,0,0.0014,0.0224,-0.9997,0,41.0735,198.4118,-10.4334,1]},
{"frame":18,"values":[0.9996,0.0268,0.0021,0,-0.0268,0.9993,0.025,0,0.0014,0.0251,-0.9997,0,46.6395,198.8363,-6.3711,1]},
{"frame":19,"values":[0.9997,0.0238,0.002,0,-0.0238,0.9993,0.0278,0,0.0014,0.0278,-0.9996,0,52.2055,199.2609,-2.3089,1]},
{"frame":20,"values":[0.9998,0.0207,0.002,0,-0.0208,0.9993,0.0305,0,0.0014,0.0306,-0.9995,0,48.2942,199.6854,1.7534,1]},
{"frame":21,"values":[0.9997,0.0241,0.002,0,-0.0241,0.9992,0.0333,0,0.0012,0.0333,-0.9994,0,44.3828,200.1099,5.8156,1]},
{"frame":22,"values":[0.9996,0.0274,0.002,0,-0.0275,0.999,0.036,0,0.001,0.0361,-0.9993,0,40.4714,200.5344,9.8779,1]},
{"frame":23,"values":[0.9995,0.0308,0.002,0,-0.0308,0.9988,0.0387,0,0.0008,0.0388,-0.9992,0,36.56,200.1993,13.9401,1]},
{"frame":24,"values":[0.9994,0.0341,0.0019,0,-0.0342,0.9986,0.0415,0,0.0005,0.0415,-0.9991,0,32.6487,199.8641,18.0024,1]},
{"frame":25,"values":[0.9993,0.0375,0.0019,0,-0.0375,0.9983,0.0442,0,0.0003,0.0443,-0.999,0,28.7373,199.5289,22.0646,1]},
{"frame":26,"values":[0.9992,0.0408,0.0019,0,-0.0408,0.9981,0.047,0,0,0.047,-0.9989,0,24.8259,199.1937,26.1269,1]},
{"frame":27,"values":[0.999,0.0441,0.0019,0,-0.0442,0.9978,0.0497,0,-0.0003,0.0497,-0.9988,0,20.9145,198.8585,24.2814,1]},
{"frame":28,"values":[0.9989,0.0475,0.0019,0,-0.0475,0.9975,0.0524,0,-0.0006,0.0525,-0.9986,0,17.0032,198.5233,22.4359,1]},
{"frame":29,"values":[0.9987,0.0508,0.0019,0,-0.0509,0.9974,0.0508,0,-0.0007,0.0508,-0.9987,0,13.0918,198.1882,20.5904,1]},
{"frame":30,"values":[0.9985,0.0542,0.0019,0,-0.0542,0.9973,0.0491,0,-0.0008,0.0492,-0.9988,0,9.1804,197.853,18.7449,1]},
{"frame":31,"values":[0.9983,0.0575,0.0019,0,-0.0575,0.9972,0.0475,0,-0.0009,0.0475,-0.9989,0,5.269,198.0965,16.8994,1]},
{"frame":32,"values":[0.9981,0.0609,0.0019,0,-0.0609,0.9971,0.0458,0,-0.0009,0.0459,-0.9989,0,1.3577,198.34,15.0539,1]},
{"frame":33,"values":[0.9979,0.0642,0.0019,0,-0.0642,0.997,0.0442,0,-0.001,0.0442,-0.999,0,-2.5537,198.5836,13.2084,1]},
{"frame":34,"values":[0.9977,0.0675,0.0018,0,-0.0676,0.9968,0.0425,0,-0.001,0.0425,-0.9991,0,-6.4651,198.8271,11.3629,1]},
{"frame":35,"values":[0.9975,0.0709,0.0018,0,-0.0709,0.9966,0.0409,0,-0.0011,0.0409,-0.9992,0,-10.3765,199.0706,9.5174,1]},
{"frame":36,"values":[0.9972,0.0742,0.0018,0,-0.0742,0.9963,0.0436,0,-0.0015,0.0436,-0.999,0,-8.5955,199.3141,7.6719,1]},
{"frame":37,"values":[0.997,0.0776,0.0018,0,-0.0776,0.9959,0.0464,0,-0.0018,0.0464,-0.9989,0,-6.8145,199.5576,5.8264,1]},
{"frame":38,"values":[0.9974,0.0721,0.0018,0,-0.0721,0.9962,0.0491,0,-0.0018,0.0491,-0.9988,0,-5.0335,199.8012,3.9809,1]},
{"frame":39,"values":[0.9978,0.0667,0.0018,0,-0.0667,0.9964,0.0519,0,-0.0017,0.0519,-0.9987,0,-3.2526,200.0447,2.1354,1]},
{"frame":40,"values":[0.9981,0.0612,0.0017,0,-0.0612,0.9966,0.0546,0,-0.0016,0.0547,-0.9985,0,-1.4716,200.2882,0.29,1]},
{"frame":41,"values":[0.9985,0.0552,0.0017,0,-0.0552,0.9963,0.0652,0,-0.0019,0.0652,-0.9979,0,-0.3484,200.2981,0.4064,1]}],"loopBehavior":1,"name":"anim","property":"_matrix"}},
{"name":"mixamorig:Spine","index":1,"matrix":[0.9987,-0.0448,0.0242,0,0.0434,0.9973,0.0587,0,-0.0268,-0.0576,0.998,0,0.0062,19.525,-2.4818,1],"rest":[1,0,0,0,0,1,0,0,0,0,1,0,0.0062,19.525,-2.4818,1],"parentBoneIndex":0,"length":23.0091
,"animation":{"dataType":3,"framePerSecond":24,"keys":[
{"frame":1,"values":[0.9987,-0.0448,0.0242,0,0.0434,0.9973,0.0587,0,-0.0268,-0.0576,0.998,0,0.0062,19.525,-2.4818,1]},
{"frame":2,"values":[0.9984,-0.0444,0.0344,0,0.0424,0.9976,0.0548,0,-0.0368,-0.0532,0.9979,0,0.0062,19.525,-2.4818,1]},
{"frame":3,"values":[0.9983,-0.0432,0.0387,0,0.0412,0.9979,0.051,0,-0.0409,-0.0493,0.9979,0,0.0062,19.525,-2.4818,1]},
{"frame":4,"values":[0.9986,-0.0397,0.0341,0,0.038,0.9981,0.0489,0,-0.036,-0.0475,0.9982,0,0.0062,19.525,-2.4818,1]},
{"frame":5,"values":[0.9992,-0.0325,0.0215,0,0.0314,0.9983,0.05,0,-0.0231,-0.0493,0.9985,0,0.0062,19.525,-2.4818,1]},
{"frame":6,"values":[0.9997,-0.0224,0.0041,0,0.0222,0.9983,0.0545,0,-0.0053,-0.0543,0.9985,0,0.0062,19.525,-2.4818,1]},
{"frame":7,"values":[0.9998,-0.0128,-0.0135,0,0.0136,0.9981,0.0599,0,0.0127,-0.0601,0.9981,0,0.0062,19.525,-2.4818,1]},
{"frame":8,"values":[0.9996,-0.004,-0.0293,0,0.0059,0.9979,0.0639,0,0.029,-0.0641,0.9975,0,0.0062,19.525,-2.4818,1]},
{"frame":9,"values":[0.999,0.0026,-0.0436,0,0.0003,0.9979,0.0649,0,0.0436,-0.0649,0.9969,0,0.0062,19.525,-2.4818,1]},
{"frame":10,"values":[0.9984,0.0092,-0.0553,0,-0.0055,0.9978,0.0659,0,0.0558,-0.0654,0.9963,0,0.0062,19.525,-2.4818,1]},
{"frame":11,"values":[0.9981,0.0158,-0.0589,0,-0.0118,0.9977,0.0668,0,0.0598,-0.066,0.996,0,0.0062,19.525,-2.4818,1]},
{"frame":12,"values":[0.9978,0.0224,-0.0625,0,-0.0183,0.9977,0.0653,0,0.0638,-0.064,0.9959,0,0.0062,19.525,-2.4818,1]},
{"frame":13,"values":[0.9982,0.0194,-0.0561,0,-0.0158,0.9978,0.0637,0,0.0572,-0.0627,0.9964,0,0.0062,19.525,-2.4818,1]},
{"frame":14,"values":[0.9986,0.0164,-0.0497,0,-0.0133,0.998,0.0622,0,0.0506,-0.0614,0.9968,0,0.0062,19.525,-2.4818,1]},
{"frame":15,"values":[0.999,0.0134,-0.0433,0,-0.0107,0.9981,0.0607,0,0.044,-0.0601,0.9972,0,0.0062,19.525,-2.4818,1]},
{"frame":16,"values":[0.9993,0.0104,-0.0369,0,-0.0082,0.9982,0.0591,0,0.0374,-0.0588,0.9976,0,0.0062,19.525,-2.4818,1]},
{"frame":17,"values":[0.9995,0.0074,-0.0305,0,-0.0056,0.9983,0.0576,0,0.0309,-0.0574,0.9979,0,0.0062,19.525,-2.4818,1]},
{"frame":18,"values":[0.9997,0.0044,-0.0241,0,-0.0031,0.9984,0.0561,0,0.0243,-0.0561,0.9981,0,0.0062,19.525,-2.4818,1]},
{"frame":19,"values":[0.9998,0.0015,-0.0176,0,-0.0005,0.9985,0.0547,0,0.0177,-0.0547,0.9983,0,0.0062,19.525,-2.4818,1]},
{"frame":20,"values":[0.9999,-0.0015,-0.0112,0,0.0021,0.9986,0.0532,0,0.0111,-0.0532,0.9985,0,0.0062,19.525,-2.4818,1]},
{"frame":21,"values":[1,-0.0044,-0.0048,0,0.0047,0.9986,0.0518,0,0.0045,-0.0518,0.9986,0,0.0062,19.525,-2.4818,1]},
{"frame":22,"values":[1,-0.0033,0.0016,0,0.0032,0.9987,0.0503,0,-0.0018,-0.0503,0.9987,0,0.0062,19.525,-2.4818,1]},
{"frame":23,"values":[1,-0.0022,0.0009,0,0.0022,0.9988,0.0488,0,-0.001,-0.0487,0.9988,0,0.0062,19.525,-2.4818,1]},
{"frame":24,"values":[1,-0.0011,0.0002,0,0.0011,0.9989,0.0472,0,-0.0003,-0.0472,0.9989,0,0.0062,19.525,-2.4818,1]},
{"frame":25,"values":[1,-0.0061,-0.0005,0,0.0061,0.9989,0.0457,0,0.0002,-0.0457,0.999,0,0.0062,19.525,-2.4818,1]},
{"frame":26,"values":[0.9999,-0.011,-0.0012,0,0.011,0.999,0.0442,0,0.0007,-0.0442,0.999,0,0.0062,19.525,-2.4818,1]},
{"frame":27,"values":[0.9999,-0.0159,0.0005,0,0.0159,0.999,0.0427,0,-0.0012,-0.0427,0.9991,0,0.0062,19.525,-2.4818,1]},
{"frame":28,"values":[0.9998,-0.0209,0.0022,0,0.0208,0.9989,0.0412,0,-0.0031,-0.0411,0.9991,0,0.0062,19.525,-2.4818,1]},
{"frame":29,"values":[0.9997,-0.0258,0.0039,0,0.0256,0.9987,0.0437,0,-0.005,-0.0436,0.999,0,0.0062,19.525,-2.4818,1]},
{"frame":30,"values":[0.9995,-0.0308,0.0002,0,0.0307,0.9985,0.0462,0,-0.0016,-0.0462,0.9989,0,0.0062,19.525,-2.4818,1]},
{"frame":31,"values":[0.9994,-0.0357,-0.0035,0,0.0359,0.9982,0.0488,0,0.0018,-0.0489,0.9988,0,0.0062,19.525,-2.4818,1]},
{"frame":32,"values":[0.9991,-0.0407,-0.0073,0,0.041,0.9978,0.0513,0,0.0052,-0.0515,0.9987,0,0.0062,19.525,-2.4818,1]},
{"frame":33,"values":[0.9989,-0.0456,-0.0111,0,0.0462,0.9975,0.0538,0,0.0086,-0.0542,0.9985,0,0.0062,19.525,-2.4818,1]},
{"frame":34,"values":[0.9986,-0.0505,-0.0148,0,0.0513,0.9971,0.0562,0,0.012,-0.0569,0.9983,0,0.0062,19.525,-2.4818,1]},
{"frame":35,"values":[0.9983,-0.0555,-0.0186,0,0.0565,0.9967,0.0587,0,0.0153,-0.0597,0.9981,0,0.0062,19.525,-2.4818,1]},
{"frame":36,"values":[0.9979,-0.0604,-0.0224,0,0.0616,0.9962,0.0611,0,0.0186,-0.0624,0.9979,0,0.0062,19.525,-2.4818,1]},
{"frame":37,"values":[0.9981,-0.0555,-0.0262,0,0.057,0.9965,0.0603,0,0.0227,-0.0617,0.9978,0,0.0062,19.525,-2.4818,1]},
{"frame":38,"values":[0.9986,-0.0507,-0.0155,0,0.0515,0.9969,0.0596,0,0.0124,-0.0603,0.9981,0,0.0062,19.525,-2.4818,1]},
{"frame":39,"values":[0.9989,-0.0459,-0.0048,0,0.0461,0.9972,0.0588,0,0.0021,-0.0589,0.9983,0,0.0062,19.525,-2.4818,1]},
{"frame":40,"values":[0.9991,-0.041,0.0059,0,0.0406,0.9975,0.0579,0,-0.0083,-0.0576,0.9983,0,0.0062,19.525,-2.4818,1]},
{"frame":41,"values":[0.9987,-0.0448,0.0242,0,0.0434,0.9973,0.0587,0,-0.0268,-0.0576,0.998,0,0.0062,19.525,-2.4818,1]}],"loopBehavior":1,"name":"anim","property":"_matrix"}},
{"name":"mixamorig:Spine1","index":2,"matrix":[0.9996,-0.0272,0.0054,0,0.0271,0.9994,0.0203,0,-0.0059,-0.0201,0.9998,0,-0.0009,22.835,-2.8254,1],"rest":[1,0,0,0,0,1,0,0,0,0,1,0,-0.0009,22.835,-2.8254,1],"parentBoneIndex":1,"length":26.7438
,"animation":{"dataType":3,"framePerSecond":24,"keys":[
{"frame":1,"values":[0.9996,-0.0272,0.0054,0,0.0271,0.9994,0.0203,0,-0.0059,-0.0201,0.9998,0,-0.0009,22.835,-2.8254,1]},
{"frame":2,"values":[0.9996,-0.0256,0.0077,0,0.0254,0.9995,0.0191,0,-0.0081,-0.0189,0.9998,0,-0.0009,22.835,-2.8254,1]},
{"frame":3,"values":[0.9997,-0.0238,0.0099,0,0.0237,0.9996,0.0179,0,-0.0103,-0.0176,0.9998,0,-0.0009,22.835,-2.8254,1]},
{"frame":4,"values":[0.9997,-0.0216,0.0061,0,0.0214,0.9996,0.0176,0,-0.0065,-0.0175,0.9998,0,-0.0009,22.835,-2.8254,1]},
{"frame":5,"values":[0.9998,-0.0185,0.0023,0,0.0185,0.9997,0.0182,0,-0.0027,-0.0182,0.9998,0,-0.0009,22.835,-2.8254,1]},
{"frame":6,"values":[0.9999,-0.0149,-0.0015,0,0.0149,0.9997,0.0192,0,0.0012,-0.0193,0.9998,0,-0.0009,22.835,-2.8254,1]},
{"frame":7,"values":[0.9999,-0.0112,-0.0053,0,0.0113,0.9997,0.0202,0,0.0051,-0.0203,0.9998,0,-0.0009,22.835,-2.8254,1]},
{"frame":8,"values":[0.9999,-0.0087,-0.0091,0,0.0089,0.9997,0.0212,0,0.0089,-0.0213,0.9997,0,-0.0009,22.835,-2.8254,1]},
{"frame":9,"values":[0.9999,-0.0062,-0.0129,0,0.0065,0.9998,0.0211,0,0.0128,-0.0212,0.9997,0,-0.0009,22.835,-2.8254,1]},
{"frame":10,"values":[0.9999,-0.0037,-0.0162,0,0.004,0.9998,0.0208,0,0.0161,-0.0209,0.9997,0,-0.0009,22.835,-2.8254,1]},
{"frame":11,"values":[0.9998,-0.0012,-0.0179,0,0.0016,0.9998,0.021,0,0.0179,-0.021,0.9996,0,-0.0009,22.835,-2.8254,1]},
{"frame":12,"values":[0.9998,0.0013,-0.0197,0,-0.0009,0.9998,0.0211,0,0.0197,-0.0211,0.9996,0,-0.0009,22.835,-2.8254,1]},
{"frame":13,"values":[0.9999,-0.0018,-0.0162,0,0.0022,0.9998,0.0213,0,0.0161,-0.0213,0.9996,0,-0.0009,22.835,-2.8254,1]},
{"frame":14,"values":[0.9999,-0.005,-0.0127,0,0.0053,0.9998,0.0203,0,0.0125,-0.0204,0.9997,0,-0.0009,22.835,-2.8254,1]},
{"frame":15,"values":[0.9999,-0.0082,-0.0091,0,0.0084,0.9998,0.0193,0,0.009,-0.0194,0.9998,0,-0.0009,22.835,-2.8254,1]},
{"frame":16,"values":[0.9999,-0.0114,-0.0056,0,0.0115,0.9998,0.0183,0,0.0054,-0.0184,0.9998,0,-0.0009,22.835,-2.8254,1]},
{"frame":17,"values":[0.9999,-0.0104,-0.0021,0,0.0105,0.9998,0.0188,0,0.0019,-0.0188,0.9998,0,-0.0009,22.835,-2.8254,1]},
{"frame":18,"values":[1,-0.0095,0.0015,0,0.0095,0.9998,0.0192,0,-0.0017,-0.0192,0.9998,0,-0.0009,22.835,-2.8254,1]},
{"frame":19,"values":[1,-0.0085,0.0008,0,0.0085,0.9998,0.0197,0,-0.0009,-0.0197,0.9998,0,-0.0009,22.835,-2.8254,1]},
{"frame":20,"values":[1,-0.0076,0,0,0.0076,0.9998,0.0191,0,-0.0002,-0.0191,0.9998,0,-0.0009,22.835,-2.8254,1]},
{"frame":21,"values":[1,-0.0067,0.0003,0,0.0067,0.9998,0.0185,0,-0.0005,-0.0185,0.9998,0,-0.0009,22.835,-2.8254,1]},
{"frame":22,"values":[1,-0.0057,0.0006,0,0.0057,0.9998,0.018,0,-0.0007,-0.018,0.9998,0,-0.0009,22.835,-2.8254,1]},
{"frame":23,"values":[1,-0.0048,0.0004,0,0.0048,0.9998,0.0174,0,-0.0004,-0.0174,0.9998,0,-0.0009,22.835,-2.8254,1]},
{"frame":24,"values":[1,-0.0038,0.0001,0,0.0038,0.9999,0.0168,0,-0.0001,-0.0168,0.9999,0,-0.0009,22.835,-2.8254,1]},
{"frame":25,"values":[1,-0.0029,-0.0002,0,0.0029,0.9999,0.0163,0,0.0002,-0.0163,0.9999,0,-0.0009,22.835,-2.8254,1]},
{"frame":26,"values":[1,-0.002,-0.0005,0,0.002,0.9999,0.0157,0,0.0005,-0.0157,0.9999,0,-0.0009,22.835,-2.8254,1]},
{"frame":27,"values":[1,-0.0035,-0.0001,0,0.0035,0.9999,0.0151,0,0,-0.0151,0.9999,0,-0.0009,22.835,-2.8254,1]},
{"frame":28,"values":[1,-0.0051,0.0003,0,0.0051,0.9999,0.0146,0,-0.0004,-0.0146,0.9999,0,-0.0009,22.835,-2.8254,1]},
{"frame":29,"values":[1,-0.0067,0.0007,0,0.0067,0.9999,0.0154,0,-0.0009,-0.0154,0.9999,0,-0.0009,22.835,-2.8254,1]},
{"frame":30,"values":[1,-0.0083,-0.0005,0,0.0083,0.9998,0.0162,0,0.0003,-0.0162,0.9999,0,-0.0009,22.835,-2.8254,1]},
{"frame":31,"values":[1,-0.0098,-0.0017,0,0.0099,0.9998,0.017,0,0.0015,-0.017,0.9999,0,-0.0009,22.835,-2.8254,1]},
{"frame":32,"values":[0.9999,-0.0114,-0.0029,0,0.0115,0.9998,0.0178,0,0.0027,-0.0179,0.9998,0,-0.0009,22.835,-2.8254,1]},
{"frame":33,"values":[0.9999,-0.013,-0.0041,0,0.0131,0.9997,0.0186,0,0.0039,-0.0187,0.9998,0,-0.0009,22.835,-2.8254,1]},
{"frame":34,"values":[0.9999,-0.0145,-0.0053,0,0.0147,0.9997,0.0195,0,0.005,-0.0195,0.9998,0,-0.0009,22.835,-2.8254,1]},
{"frame":35,"values":[0.9998,-0.0161,-0.0066,0,0.0162,0.9997,0.0203,0,0.0062,-0.0204,0.9998,0,-0.0009,22.835,-2.8254,1]},
{"frame":36,"values":[0.9998,-0.0177,-0.0078,0,0.0178,0.9996,0.0211,0,0.0074,-0.0212,0.9997,0,-0.0009,22.835,-2.8254,1]},
{"frame":37,"values":[0.9998,-0.0193,-0.009,0,0.0194,0.9996,0.0219,0,0.0086,-0.022,0.9997,0,-0.0009,22.835,-2.8254,1]},
{"frame":38,"values":[0.9998,-0.0208,-0.006,0,0.021,0.9995,0.0215,0,0.0055,-0.0216,0.9998,0,-0.0009,22.835,-2.8254,1]},
{"frame":39,"values":[0.9997,-0.0224,-0.003,0,0.0225,0.9995,0.0211,0,0.0025,-0.0211,0.9998,0,-0.0009,22.835,-2.8254,1]},
{"frame":40,"values":[0.9997,-0.024,0.0001,0,0.024,0.9995,0.0207,0,-0.0005,-0.0207,0.9998,0,-0.0009,22.835,-2.8254,1]},
{"frame":41,"values":[0.9996,-0.0272,0.0054,0,0.0271,0.9994,0.0203,0,-0.0059,-0.0201,0.9998,0,-0.0009,22.835,-2.8254,1]}],"loopBehavior":1,"name":"anim","property":"_matrix"}},
{"name":"mixamorig:Spine2","index":3,"matrix":[0.9996,-0.0273,0.0058,0,0.0272,0.9994,0.0198,0,-0.0063,-0.0197,0.9998,0,-0.0206,26.5525,-3.1933,1],"rest":[1,0,0,0,0,1,0,0,0,0,1,0,-0.0206,26.5525,-3.1933,1],"parentBoneIndex":2,"length":24.825
,"animation":{"dataType":3,"framePerSecond":24,"keys":[
{"frame":1,"values":[0.9996,-0.0273,0.0058,0,0.0272,0.9994,0.0198,0,-0.0063,-0.0197,0.9998,0,-0.0206,26.5525,-3.1933,1]},
{"frame":2,"values":[0.9996,-0.0256,0.0089,0,0.0255,0.9995,0.0187,0,-0.0093,-0.0184,0.9998,0,-0.0206,26.5525,-3.1933,1]},
{"frame":3,"values":[0.9997,-0.0239,0.0103,0,0.0237,0.9996,0.0175,0,-0.0107,-0.0173,0.9998,0,-0.0206,26.5525,-3.1933,1]},
{"frame":4,"values":[0.9997,-0.0216,0.0065,0,0.0215,0.9996,0.0173,0,-0.0069,-0.0171,0.9998,0,-0.0206,26.5525,-3.1933,1]},
{"frame":5,"values":[0.9998,-0.0186,0.0028,0,0.0185,0.9997,0.018,0,-0.0031,-0.0179,0.9998,0,-0.0206,26.5525,-3.1933,1]},
{"frame":6,"values":[0.9999,-0.0149,-0.001,0,0.0149,0.9997,0.019,0,0.0007,-0.019,0.9998,0,-0.0206,26.5525,-3.1933,1]},
{"frame":7,"values":[0.9999,-0.0112,-0.0047,0,0.0113,0.9997,0.02,0,0.0045,-0.0201,0.9998,0,-0.0206,26.5525,-3.1933,1]},
{"frame":8,"values":[0.9999,-0.0087,-0.0092,0,0.0089,0.9997,0.0211,0,0.009,-0.0211,0.9997,0,-0.0206,26.5525,-3.1933,1]},
{"frame":9,"values":[0.9999,-0.0062,-0.0129,0,0.0065,0.9998,0.021,0,0.0128,-0.0211,0.9997,0,-0.0206,26.5525,-3.1933,1]},
{"frame":10,"values":[0.9999,-0.0037,-0.0163,0,0.004,0.9998,0.0207,0,0.0162,-0.0207,0.9997,0,-0.0206,26.5525,-3.1933,1]},
{"frame":11,"values":[0.9998,-0.0012,-0.019,0,0.0016,0.9998,0.0209,0,0.0189,-0.0209,0.9996,0,-0.0206,26.5525,-3.1933,1]},
{"frame":12,"values":[0.9998,0.0013,-0.0199,0,-0.0009,0.9998,0.021,0,0.0199,-0.021,0.9996,0,-0.0206,26.5525,-3.1933,1]},
{"frame":13,"values":[0.9999,-0.0018,-0.0163,0,0.0022,0.9998,0.0212,0,0.0162,-0.0213,0.9996,0,-0.0206,26.5525,-3.1933,1]},
{"frame":14,"values":[0.9999,-0.005,-0.0127,0,0.0053,0.9998,0.0203,0,0.0126,-0.0203,0.9997,0,-0.0206,26.5525,-3.1933,1]},
{"frame":15,"values":[0.9999,-0.0082,-0.0091,0,0.0083,0.9998,0.0193,0,0.0089,-0.0194,0.9998,0,-0.0206,26.5525,-3.1933,1]},
{"frame":16,"values":[0.9999,-0.0113,-0.0055,0,0.0114,0.9998,0.0184,0,0.0053,-0.0184,0.9998,0,-0.0206,26.5525,-3.1933,1]},
{"frame":17,"values":[0.9999,-0.0104,-0.0019,0,0.0104,0.9998,0.0188,0,0.0017,-0.0188,0.9998,0,-0.0206,26.5525,-3.1933,1]},
{"frame":18,"values":[1,-0.0095,0.0017,0,0.0094,0.9998,0.0192,0,-0.0019,-0.0192,0.9998,0,-0.0206,26.5525,-3.1933,1]},
{"frame":19,"values":[1,-0.0085,0.0009,0,0.0085,0.9998,0.0197,0,-0.0011,-0.0197,0.9998,0,-0.0206,26.5525,-3.1933,1]},
{"frame":20,"values":[1,-0.0076,0.0002,0,0.0076,0.9998,0.0191,0,-0.0003,-0.0191,0.9998,0,-0.0206,26.5525,-3.1933,1]},
{"frame":21,"values":[1,-0.0066,0.0005,0,0.0066,0.9998,0.0185,0,-0.0006,-0.0185,0.9998,0,-0.0206,26.5525,-3.1933,1]},
{"frame":22,"values":[1,-0.0057,0.0007,0,0.0057,0.9998,0.018,0,-0.0008,-0.018,0.9998,0,-0.0206,26.5525,-3.1933,1]},
{"frame":23,"values":[1,-0.0048,0.0004,0,0.0048,0.9998,0.0174,0,-0.0005,-0.0174,0.9998,0,-0.0206,26.5525,-3.1933,1]},
{"frame":24,"values":[1,-0.0038,0.0001,0,0.0038,0.9999,0.0168,0,-0.0002,-0.0168,0.9999,0,-0.0206,26.5525,-3.1933,1]},
{"frame":25,"values":[1,-0.0029,-0.0002,0,0.0029,0.9999,0.0163,0,0.0001,-0.0163,0.9999,0,-0.0206,26.5525,-3.1933,1]},
{"frame":26,"values":[1,-0.002,-0.0005,0,0.002,0.9999,0.0157,0,0.0005,-0.0157,0.9999,0,-0.0206,26.5525,-3.1933,1]},
{"frame":27,"values":[1,-0.0035,-0.0001,0,0.0035,0.9999,0.0151,0,0,-0.0151,0.9999,0,-0.0206,26.5525,-3.1933,1]},
{"frame":28,"values":[1,-0.0051,0.0003,0,0.0051,0.9999,0.0146,0,-0.0004,-0.0146,0.9999,0,-0.0206,26.5525,-3.1933,1]},
{"frame":29,"values":[1,-0.0067,0.0008,0,0.0067,0.9999,0.0153,0,-0.0009,-0.0153,0.9999,0,-0.0206,26.5525,-3.1933,1]},
{"frame":30,"values":[1,-0.0083,-0.0004,0,0.0083,0.9998,0.0161,0,0.0003,-0.0161,0.9999,0,-0.0206,26.5525,-3.1933,1]},
{"frame":31,"values":[1,-0.0098,-0.0016,0,0.0099,0.9998,0.0169,0,0.0015,-0.0169,0.9999,0,-0.0206,26.5525,-3.1933,1]},
{"frame":32,"values":[0.9999,-0.0114,-0.0029,0,0.0115,0.9998,0.0177,0,0.0027,-0.0177,0.9998,0,-0.0206,26.5524,-3.1933,1]},
{"frame":33,"values":[0.9999,-0.013,-0.0041,0,0.0131,0.9997,0.0184,0,0.0038,-0.0185,0.9998,0,-0.0206,26.5525,-3.1933,1]},
{"frame":34,"values":[0.9999,-0.0146,-0.0053,0,0.0147,0.9997,0.0192,0,0.005,-0.0193,0.9998,0,-0.0206,26.5525,-3.1933,1]},
{"frame":35,"values":[0.9998,-0.0161,-0.0065,0,0.0163,0.9997,0.02,0,0.0062,-0.0201,0.9998,0,-0.0206,26.5525,-3.1933,1]},
{"frame":36,"values":[0.9998,-0.0177,-0.0077,0,0.0179,0.9996,0.0207,0,0.0073,-0.0209,0.9998,0,-0.0206,26.5525,-3.1933,1]},
{"frame":37,"values":[0.9998,-0.0193,-0.0089,0,0.0195,0.9996,0.0215,0,0.0085,-0.0217,0.9997,0,-0.0206,26.5525,-3.1933,1]},
{"frame":38,"values":[0.9998,-0.0209,-0.0058,0,0.021,0.9996,0.0211,0,0.0054,-0.0212,0.9998,0,-0.0206,26.5525,-3.1933,1]},
{"frame":39,"values":[0.9997,-0.0224,-0.0027,0,0.0225,0.9995,0.0207,0,0.0023,-0.0207,0.9998,0,-0.0206,26.5525,-3.1933,1]},
{"frame":40,"values":[0.9997,-0.024,0.0004,0,0.024,0.9995,0.0203,0,-0.0009,-0.0202,0.9998,0,-0.0206,26.5525,-3.1933,1]},
{"frame":41,"values":[0.9996,-0.0273,0.0058,0,0.0272,0.9994,0.0198,0,-0.0063,-0.0197,0.9998,0,-0.0206,26.5525,-3.1933,1]}],"loopBehavior":1,"name":"anim","property":"_matrix"}},
{"name":"mixamorig:Neck","index":4,"matrix":[1,-0.0078,-0.0021,0,0.0079,0.9952,0.098,0,0.0014,-0.098,0.9952,0,-0.06,30.7018,1.3522,1],"rest":[1,0,0,0,0,1,0,0,0,0,1,0,-0.06,30.7018,1.3522,1],"parentBoneIndex":3,"length":22.8446
,"animation":{"dataType":3,"framePerSecond":24,"keys":[
{"frame":1,"values":[1,-0.0078,-0.0021,0,0.0079,0.9952,0.098,0,0.0014,-0.098,0.9952,0,-0.06,30.7018,1.3522,1]},
{"frame":2,"values":[0.9999,-0.0109,0.0071,0,0.0102,0.9953,0.0962,0,-0.0081,-0.0962,0.9953,0,-0.06,30.7018,1.3522,1]},
{"frame":3,"values":[0.9998,-0.014,0.0165,0,0.0124,0.9955,0.0942,0,-0.0177,-0.094,0.9954,0,-0.06,30.7018,1.3522,1]},
{"frame":4,"values":[0.9995,-0.0174,0.0266,0,0.0149,0.9956,0.0924,0,-0.0281,-0.0919,0.9954,0,-0.06,30.7018,1.3522,1]},
{"frame":5,"values":[0.999,-0.0215,0.0388,0,0.0178,0.9956,0.0916,0,-0.0406,-0.0908,0.995,0,-0.06,30.7018,1.3522,1]},
{"frame":6,"values":[0.9984,-0.0252,0.0501,0,0.0204,0.9955,0.093,0,-0.0522,-0.0918,0.9944,0,-0.06,30.7018,1.3522,1]},
{"frame":7,"values":[0.9977,-0.0288,0.0614,0,0.0228,0.9951,0.0966,0,-0.0639,-0.095,0.9934,0,-0.06,30.7018,1.3522,1]},
{"frame":8,"values":[0.9968,-0.0322,0.0728,0,0.0247,0.9945,0.1015,0,-0.0757,-0.0994,0.9922,0,-0.06,30.7018,1.3522,1]},
{"frame":9,"values":[0.9958,-0.0356,0.0842,0,0.0266,0.994,0.1065,0,-0.0874,-0.1038,0.9907,0,-0.06,30.7018,1.3522,1]},
{"frame":10,"values":[0.9947,-0.0391,0.0955,0,0.0283,0.9934,0.1115,0,-0.0992,-0.1082,0.9892,0,-0.06,30.7018,1.3522,1]},
{"frame":11,"values":[0.9934,-0.0426,0.1068,0,0.0301,0.9927,0.1165,0,-0.111,-0.1125,0.9874,0,-0.06,30.7018,1.3522,1]},
{"frame":12,"values":[0.9919,-0.0462,0.1181,0,0.0317,0.9921,0.1216,0,-0.1228,-0.1168,0.9855,0,-0.06,30.7018,1.3522,1]},
{"frame":13,"values":[0.9903,-0.0498,0.1293,0,0.0333,0.9914,0.1266,0,-0.1345,-0.1211,0.9835,0,-0.06,30.7018,1.3522,1]},
{"frame":14,"values":[0.9886,-0.0535,0.1405,0,0.0349,0.9907,0.1317,0,-0.1463,-0.1253,0.9813,0,-0.06,30.7019,1.3522,1]},
{"frame":15,"values":[0.9868,-0.0572,0.1517,0,0.0364,0.9899,0.1368,0,-0.158,-0.1294,0.9789,0,-0.06,30.7018,1.3522,1]},
{"frame":16,"values":[0.9848,-0.061,0.1628,0,0.0378,0.9892,0.1418,0,-0.1697,-0.1335,0.9764,0,-0.06,30.7018,1.3522,1]},
{"frame":17,"values":[0.9826,-0.0648,0.1739,0,0.0392,0.9884,0.1469,0,-0.1814,-0.1376,0.9737,0,-0.06,30.7018,1.3522,1]},
{"frame":18,"values":[0.9837,-0.0685,0.1664,0,0.043,0.9874,0.1523,0,-0.1747,-0.1427,0.9742,0,-0.06,30.7018,1.3522,1]},
{"frame":19,"values":[0.9847,-0.0722,0.1589,0,0.0469,0.9864,0.1576,0,-0.1681,-0.1478,0.9746,0,-0.06,30.7018,1.3522,1]},
{"frame":20,"values":[0.986,-0.0693,0.1514,0,0.0458,0.9871,0.1534,0,-0.1601,-0.1443,0.9765,0,-0.06,30.7018,1.3522,1]},
{"frame":21,"values":[0.9874,-0.0663,0.144,0,0.0446,0.9878,0.1491,0,-0.1521,-0.1408,0.9783,0,-0.06,30.7018,1.3522,1]},
{"frame":22,"values":[0.9886,-0.0634,0.1365,0,0.0433,0.9885,0.1448,0,-0.1441,-0.1373,0.98,0,-0.06,30.7018,1.3522,1]},
{"frame":23,"values":[0.9898,-0.0604,0.129,0,0.0421,0.9892,0.1406,0,-0.1361,-0.1337,0.9816,0,-0.06,30.7018,1.3522,1]},
{"frame":24,"values":[0.9909,-0.0576,0.1215,0,0.0408,0.9898,0.1363,0,-0.1281,-0.1301,0.9832,0,-0.06,30.7018,1.3522,1]},
{"frame":25,"values":[0.992,-0.0547,0.114,0,0.0394,0.9905,0.1321,0,-0.1201,-0.1265,0.9847,0,-0.06,30.7018,1.3522,1]},
{"frame":26,"values":[0.993,-0.0519,0.1064,0,0.0381,0.9911,0.1278,0,-0.1121,-0.1229,0.9861,0,-0.06,30.7018,1.3522,1]},
{"frame":27,"values":[0.9939,-0.0491,0.0989,0,0.0367,0.9917,0.1236,0,-0.1041,-0.1192,0.9874,0,-0.06,30.7018,1.3522,1]},
{"frame":28,"values":[0.9948,-0.0463,0.0913,0,0.0352,0.9922,0.1194,0,-0.0961,-0.1155,0.9886,0,-0.06,30.7018,1.3522,1]},
{"frame":29,"values":[0.9955,-0.0436,0.0837,0,0.0338,0.9928,0.1152,0,-0.0881,-0.1118,0.9898,0,-0.06,30.7018,1.3522,1]},
{"frame":30,"values":[0.9963,-0.0408,0.076,0,0.0322,0.9933,0.1109,0,-0.08,-0.1081,0.9909,0,-0.06,30.7018,1.3522,1]},
{"frame":31,"values":[0.9969,-0.0381,0.0684,0,0.0307,0.9938,0.1068,0,-0.072,-0.1043,0.9919,0,-0.06,30.7018,1.3522,1]},
{"frame":32,"values":[0.9975,-0.0355,0.0607,0,0.0291,0.9943,0.1026,0,-0.064,-0.1005,0.9929,0,-0.06,30.7018,1.3522,1]},
{"frame":33,"values":[0.9981,-0.0329,0.0531,0,0.0275,0.9948,0.0984,0,-0.056,-0.0967,0.9937,0,-0.06,30.7018,1.3522,1]},
{"frame":34,"values":[0.9985,-0.0303,0.0454,0,0.0259,0.9952,0.0942,0,-0.048,-0.0929,0.9945,0,-0.06,30.7018,1.3522,1]},
{"frame":35,"values":[0.9989,-0.0277,0.0377,0,0.0242,0.9956,0.0901,0,-0.04,-0.0891,0.9952,0,-0.06,30.7018,1.3522,1]},
{"frame":36,"values":[0.9992,-0.0251,0.03,0,0.0225,0.996,0.086,0,-0.032,-0.0852,0.9958,0,-0.06,30.7018,1.3522,1]},
{"frame":37,"values":[0.9995,-0.0226,0.0223,0,0.0207,0.9964,0.0818,0,-0.024,-0.0813,0.9964,0,-0.06,30.7018,1.3522,1]},
{"frame":38,"values":[0.9997,-0.0199,0.0146,0,0.0185,0.9962,0.085,0,-0.0163,-0.0847,0.9963,0,-0.06,30.7018,1.3522,1]},
{"frame":39,"values":[0.9998,-0.0171,0.007,0,0.0164,0.996,0.0882,0,-0.0085,-0.0881,0.9961,0,-0.06,30.7018,1.3522,1]},
{"frame":40,"values":[0.9999,-0.0142,-0.0006,0,0.0142,0.9957,0.0914,0,-0.0007,-0.0914,0.9958,0,-0.06,30.7018,1.3522,1]},
{"frame":41,"values":[1,-0.0078,-0.0021,0,0.0079,0.9952,0.098,0,0.0014,-0.098,0.9952,0,-0.06,30.7018,1.3522,1]}],"loopBehavior":1,"name":"anim","property":"_matrix"}},
{"name":"mixamorig:Head","index":5,"matrix":[0.9997,0.0046,0.0236,0,-0.0014,0.9913,-0.1317,0,-0.024,0.1316,0.991,0,-0.0872,22.5476,3.6709,1],"rest":[1,0,0,0,0,1,0,0,0,0,1,0,-0.0872,22.5476,3.6709,1],"parentBoneIndex":4,"length":30.5923
,"animation":{"dataType":3,"framePerSecond":24,"keys":[
{"frame":1,"values":[0.9997,0.0046,0.0236,0,-0.0014,0.9913,-0.1317,0,-0.024,0.1316,0.991,0,-0.0872,22.5476,3.6709,1]},
{"frame":2,"values":[0.9992,-0.0009,0.0412,0,0.0061,0.9918,-0.128,0,-0.0407,0.1282,0.9909,0,-0.0872,22.5476,3.6709,1]},
{"frame":3,"values":[0.9982,-0.0064,0.0589,0,0.0137,0.9922,-0.1242,0,-0.0577,0.1248,0.9905,0,-0.0872,22.5476,3.6709,1]},
{"frame":4,"values":[0.9969,-0.0124,0.0781,0,0.0218,0.9926,-0.1199,0,-0.076,0.1212,0.9897,0,-0.0872,22.5476,3.6709,1]},
{"frame":5,"values":[0.9946,-0.0193,0.1016,0,0.0309,0.993,-0.114,0,-0.0987,0.1165,0.9883,0,-0.0872,22.5476,3.6709,1]},
{"frame":6,"values":[0.9915,-0.0273,0.1273,0,0.0409,0.9936,-0.1052,0,-0.1237,0.1095,0.9863,0,-0.0872,22.5476,3.6709,1]},
{"frame":7,"values":[0.9878,-0.0285,0.1531,0,0.0424,0.9952,-0.0882,0,-0.1499,0.0936,0.9843,0,-0.0872,22.5476,3.6709,1]},
{"frame":8,"values":[0.9834,-0.0301,0.1789,0,0.0435,0.9965,-0.0711,0,-0.1761,0.0777,0.9813,0,-0.0872,22.5476,3.6709,1]},
{"frame":9,"values":[0.9783,-0.0322,0.2045,0,0.0441,0.9976,-0.0539,0,-0.2023,0.0618,0.9774,0,-0.0872,22.5476,3.6709,1]},
{"frame":10,"values":[0.9726,-0.0346,0.23,0,0.0442,0.9983,-0.0367,0,-0.2283,0.0459,0.9725,0,-0.0872,22.5476,3.6709,1]},
{"frame":11,"values":[0.9661,-0.0375,0.2553,0,0.0439,0.9988,-0.0195,0,-0.2542,0.03,0.9667,0,-0.0872,22.5477,3.6709,1]},
{"frame":12,"values":[0.959,-0.0408,0.2803,0,0.0431,0.9991,-0.0022,0,-0.28,0.0142,0.9599,0,-0.0872,22.5476,3.6709,1]},
{"frame":13,"values":[0.9513,-0.0445,0.3052,0,0.0419,0.999,0.015,0,-0.3055,-0.0015,0.9522,0,-0.0872,22.5476,3.6709,1]},
{"frame":14,"values":[0.9428,-0.0486,0.3297,0,0.0402,0.9987,0.0322,0,-0.3308,-0.0171,0.9435,0,-0.0872,22.5476,3.6709,1]},
{"frame":15,"values":[0.9338,-0.0531,0.3539,0,0.038,0.9981,0.0493,0,-0.3558,-0.0326,0.934,0,-0.0872,22.5476,3.6709,1]},
{"frame":16,"values":[0.9241,-0.0579,0.3778,0,0.0354,0.9972,0.0663,0,-0.3805,-0.0479,0.9235,0,-0.0872,22.5476,3.6709,1]},
{"frame":17,"values":[0.9138,-0.0632,0.4012,0,0.0324,0.996,0.0831,0,-0.4049,-0.063,0.9122,0,-0.0872,22.5476,3.6709,1]},
{"frame":18,"values":[0.9029,-0.0688,0.4243,0,0.0289,0.9946,0.0999,0,-0.4288,-0.0779,0.9,0,-0.0872,22.5476,3.6709,1]},
{"frame":19,"values":[0.9109,-0.0597,0.4082,0,0.0264,0.9959,0.0868,0,-0.4117,-0.0683,0.9088,0,-0.0872,22.5476,3.6709,1]},
{"frame":20,"values":[0.9186,-0.0508,0.3919,0,0.0237,0.997,0.0737,0,-0.3945,-0.0584,0.9171,0,-0.0872,22.5476,3.6709,1]},
{"frame":21,"values":[0.926,-0.042,0.3753,0,0.0207,0.9979,0.0606,0,-0.3771,-0.0483,0.9249,0,-0.0872,22.5476,3.6709,1]},
{"frame":22,"values":[0.933,-0.0334,0.3584,0,0.0175,0.9987,0.0476,0,-0.3596,-0.0381,0.9323,0,-0.0872,22.5476,3.6709,1]},
{"frame":23,"values":[0.9396,-0.025,0.3413,0,0.014,0.9993,0.0346,0,-0.3419,-0.0277,0.9393,0,-0.0872,22.5476,3.6709,1]},
{"frame":24,"values":[0.9459,-0.0167,0.324,0,0.0103,0.9997,0.0216,0,-0.3242,-0.0171,0.9458,0,-0.0872,22.5476,3.6709,1]},
{"frame":25,"values":[0.9519,-0.0087,0.3064,0,0.0063,0.9999,0.0087,0,-0.3064,-0.0063,0.9519,0,-0.0872,22.5476,3.6709,1]},
{"frame":26,"values":[0.9575,-0.0008,0.2886,0,0.0021,1,-0.0041,0,-0.2886,0.0046,0.9575,0,-0.0872,22.5476,3.6709,1]},
{"frame":27,"values":[0.9627,0.0068,0.2706,0,-0.0023,0.9999,-0.0169,0,-0.2706,0.0156,0.9626,0,-0.0872,22.5476,3.6709,1]},
{"frame":28,"values":[0.9675,0.0142,0.2524,0,-0.007,0.9995,-0.0295,0,-0.2527,0.0268,0.9672,0,-0.0872,22.5476,3.6709,1]},
{"frame":29,"values":[0.972,0.0215,0.234,0,-0.0119,0.999,-0.0421,0,-0.2347,0.0381,0.9713,0,-0.0872,22.5476,3.6709,1]},
{"frame":30,"values":[0.9761,0.0285,0.2155,0,-0.0171,0.9984,-0.0545,0,-0.2167,0.0495,0.975,0,-0.0872,22.5476,3.6709,1]},
{"frame":31,"values":[0.9798,0.0352,0.1968,0,-0.0224,0.9975,-0.0668,0,-0.1987,0.061,0.9782,0,-0.0872,22.5476,3.6709,1]},
{"frame":32,"values":[0.9831,0.0418,0.1781,0,-0.028,0.9965,-0.079,0,-0.1807,0.0727,0.9808,0,-0.0872,22.5476,3.6709,1]},
{"frame":33,"values":[0.9861,0.0481,0.1592,0,-0.0338,0.9953,-0.091,0,-0.1628,0.0844,0.983,0,-0.0872,22.5477,3.6709,1]},
{"frame":34,"values":[0.9886,0.0541,0.1402,0,-0.0398,0.9939,-0.1029,0,-0.1449,0.0962,0.9848,0,-0.0872,22.5476,3.6709,1]},
{"frame":35,"values":[0.9915,0.046,0.1216,0,-0.0318,0.9927,-0.1162,0,-0.126,0.1114,0.9858,0,-0.0872,22.5476,3.6709,1]},
{"frame":36,"values":[0.994,0.0376,0.1031,0,-0.024,0.9913,-0.1296,0,-0.107,0.1264,0.9862,0,-0.0872,22.5476,3.6709,1]},
{"frame":37,"values":[0.996,0.0288,0.0846,0,-0.0165,0.9896,-0.1432,0,-0.0878,0.1412,0.9861,0,-0.0872,22.5476,3.6709,1]},
{"frame":38,"values":[0.9976,0.0198,0.0662,0,-0.0092,0.9876,-0.1568,0,-0.0685,0.1558,0.9854,0,-0.0872,22.5476,3.6709,1]},
{"frame":39,"values":[0.9988,0.0111,0.0477,0,-0.0038,0.9886,-0.1508,0,-0.0488,0.1504,0.9874,0,-0.0872,22.5477,3.6709,1]},
{"frame":40,"values":[0.9996,0.0025,0.0291,0,0.0018,0.9894,-0.1449,0,-0.0291,0.1449,0.989,0,-0.0872,22.5477,3.6709,1]},
{"frame":41,"values":[0.9997,0.0046,0.0236,0,-0.0014,0.9913,-0.1317,0,-0.024,0.1316,0.991,0,-0.0872,22.5476,3.6709,1]}],"loopBehavior":1,"name":"anim","property":"_matrix"}},
{"name":"mixamorig:HeadTop_End","index":6,"matrix":[1,0,0,0,0,1,0,0,0,0,1,0,-0.8306,40.3552,7.8935,1],"rest":[1,0,0,0,0,1,0,0,0,0,1,0,-0.8306,40.3552,7.8935,1],"parentBoneIndex":5,"length":30.5923
,"animation":{"dataType":3,"framePerSecond":24,"keys":[
{"frame":1,"values":[1,0,0,0,0,1,0,0,0,0,1,0,-0.8306,40.3552,7.8935,1]},
{"frame":3,"values":[1,0,0,0,0,1,0,0,0,0,1,0,-0.8306,40.3553,7.8935,1]},
{"frame":4,"values":[1,0,0,0,0,1,0,0,0,0,1,0,-0.8306,40.3552,7.8935,1]},
{"frame":24,"values":[1,0,0,0,0,1,0,0,0,0,1,0,-0.8306,40.3553,7.8935,1]},
{"frame":26,"values":[1,0,0,0,0,1,0,0,0,0,1,0,-0.8306,40.3552,7.8935,1]},
{"frame":41,"values":[1,0,0,0,0,1,0,0,0,0,1,0,-0.8306,40.3552,7.8935,1]}],"loopBehavior":1,"name":"anim","property":"_matrix"}},
{"name":"mixamorig:RightEye","index":7,"matrix":[1,0,0,0,0,1,0,0,0,0,1,0,-6.3021,18.1186,16.1971,1],"rest":[1,0,0,0,0,1,0,0,0,0,1,0,-6.3021,18.1186,16.1971,1],"parentBoneIndex":5,"length":30.5923
,"animation":{"dataType":3,"framePerSecond":24,"keys":[
{"frame":1,"values":[1,0,0,0,0,1,0,0,0,0,1,0,-6.3021,18.1186,16.1971,1]},
{"frame":4,"values":[1,0,0,0,0,1,0,0,0,0,1,0,-6.3021,18.1185,16.1971,1]},
{"frame":5,"values":[1,0,0,0,0,1,0,0,0,0,1,0,-6.3021,18.1186,16.1971,1]},
{"frame":24,"values":[1,0,0,0,0,1,0,0,0,0,1,0,-6.3021,18.1187,16.1971,1]},
{"frame":26,"values":[1,0,0,0,0,1,0,0,0,0,1,0,-6.3021,18.1186,16.1971,1]},
{"frame":32,"values":[1,0,0,0,0,1,0,0,0,0,1,0,-6.3021,18.1185,16.1971,1]},
{"frame":33,"values":[1,0,0,0,0,1,0,0,0,0,1,0,-6.3021,18.1186,16.1971,1]},
{"frame":37,"values":[1,0,0,0,0,1,0,0,0,0,1,0,-6.3021,18.1185,16.1971,1]},
{"frame":38,"values":[1,0,0,0,0,1,0,0,0,0,1,0,-6.3021,18.1186,16.1971,1]},
{"frame":41,"values":[1,0,0,0,0,1,0,0,0,0,1,0,-6.3021,18.1186,16.1971,1]}],"loopBehavior":1,"name":"anim","property":"_matrix"}},
{"name":"mixamorig:LeftEye","index":8,"matrix":[1,0,0,0,0,1,0,0,0,0,1,0,6.7415,18.3827,16.4019,1],"rest":[1,0,0,0,0,1,0,0,0,0,1,0,6.7415,18.3827,16.4019,1],"parentBoneIndex":5,"length":30.5923
,"animation":{"dataType":3,"framePerSecond":24,"keys":[
{"frame":1,"values":[1,0,0,0,0,1,0,0,0,0,1,0,6.7415,18.3827,16.4019,1]},
{"frame":25,"values":[1,0,0,0,0,1,0,0,0,0,1,0,6.7415,18.3828,16.4019,1]},
{"frame":26,"values":[1,0,0,0,0,1,0,0,0,0,1,0,6.7415,18.3827,16.4019,1]},
{"frame":41,"values":[1,0,0,0,0,1,0,0,0,0,1,0,6.7415,18.3827,16.4019,1]}],"loopBehavior":1,"name":"anim","property":"_matrix"}},
{"name":"mixamorig:LeftShoulder","index":9,"matrix":[0.9343,-0.2532,0.2511,0,0.239,0.9672,0.0859,0,-0.2646,-0.0202,0.9641,0,11.9249,18.2305,1.4254,1],"rest":[1,0.0062,0,0,-0.0062,1,0,0,0,0,1,0,11.9249,18.2305,1.4254,1],"parentBoneIndex":3,"length":25.9773
,"animation":{"dataType":3,"framePerSecond":24,"keys":[
{"frame":1,"values":[0.9343,-0.2532,0.2511,0,0.239,0.9672,0.0859,0,-0.2646,-0.0202,0.9641,0,11.9249,18.2305,1.4254,1]},
{"frame":2,"values":[0.9357,-0.2537,0.2451,0,0.2399,0.967,0.0854,0,-0.2587,-0.0211,0.9657,0,11.9249,18.2305,1.4254,1]},
{"frame":3,"values":[0.9391,-0.2534,0.232,0,0.2401,0.9671,0.0844,0,-0.2458,-0.0236,0.969,0,11.9249,18.2305,1.4254,1]},
{"frame":4,"values":[0.9443,-0.2526,0.211,0,0.2402,0.9672,0.083,0,-0.2251,-0.0277,0.9739,0,11.9249,18.2305,1.4254,1]},
{"frame":5,"values":[0.9501,-0.2515,0.1843,0,0.2403,0.9673,0.0813,0,-0.1987,-0.0329,0.9795,0,11.9249,18.2305,1.4254,1]},
{"frame":6,"values":[0.9561,-0.2499,0.1532,0,0.2401,0.9675,0.0795,0,-0.1681,-0.0392,0.985,0,11.9249,18.2305,1.4254,1]},
{"frame":7,"values":[0.9615,-0.2474,0.1199,0,0.2393,0.9678,0.0778,0,-0.1353,-0.0461,0.9897,0,11.9249,18.2305,1.4254,1]},
{"frame":8,"values":[0.9667,-0.2411,0.086,0,0.2349,0.969,0.0768,0,-0.1019,-0.0541,0.9933,0,11.9249,18.2305,1.4254,1]},
{"frame":9,"values":[0.9707,-0.2345,0.0531,0,0.2303,0.9702,0.0758,0,-0.0693,-0.0613,0.9957,0,11.9249,18.2305,1.4254,1]},
{"frame":10,"values":[0.9735,-0.2276,0.0234,0,0.2253,0.9714,0.0746,0,-0.0397,-0.0673,0.9969,0,11.9249,18.2304,1.4254,1]},
{"frame":11,"values":[0.9754,-0.2205,-0.0011,0,0.22,0.9727,0.0734,0,-0.0151,-0.0718,0.9973,0,11.9249,18.2305,1.4254,1]},
{"frame":12,"values":[0.977,-0.2133,0.0082,0,0.2121,0.9746,0.0722,0,-0.0234,-0.0688,0.9974,0,11.9249,18.2305,1.4254,1]},
{"frame":13,"values":[0.9784,-0.206,0.0175,0,0.2043,0.9763,0.0709,0,-0.0316,-0.0658,0.9973,0,11.9249,18.2305,1.4254,1]},
{"frame":14,"values":[0.9764,-0.2145,0.0267,0,0.2122,0.9747,0.0695,0,-0.0409,-0.0622,0.9972,0,11.9249,18.2305,1.4254,1]},
{"frame":15,"values":[0.9742,-0.2229,0.036,0,0.2201,0.9731,0.0682,0,-0.0502,-0.0585,0.997,0,11.9249,18.2305,1.4254,1]},
{"frame":16,"values":[0.9718,-0.2312,0.0453,0,0.228,0.9714,0.067,0,-0.0594,-0.0548,0.9967,0,11.9249,18.2305,1.4254,1]},
{"frame":17,"values":[0.9693,-0.2396,0.0545,0,0.2359,0.9695,0.0658,0,-0.0686,-0.0509,0.9963,0,11.9249,18.2305,1.4254,1]},
{"frame":18,"values":[0.9667,-0.2478,0.0638,0,0.2438,0.9677,0.0643,0,-0.0777,-0.0466,0.9959,0,11.9249,18.2305,1.4254,1]},
{"frame":19,"values":[0.9638,-0.256,0.0747,0,0.2517,0.9658,0.0627,0,-0.0882,-0.0416,0.9952,0,11.9249,18.2305,1.4254,1]},
{"frame":20,"values":[0.9607,-0.2642,0.0856,0,0.2596,0.9638,0.0611,0,-0.0986,-0.0364,0.9945,0,11.9249,18.2305,1.4254,1]},
{"frame":21,"values":[0.9574,-0.2722,0.0965,0,0.2675,0.9617,0.0596,0,-0.1091,-0.0312,0.9935,0,11.9249,18.2305,1.4254,1]},
{"frame":22,"values":[0.9539,-0.2802,0.1074,0,0.2753,0.9596,0.0582,0,-0.1194,-0.0259,0.9925,0,11.9249,18.2305,1.4254,1]},
{"frame":23,"values":[0.9503,-0.2881,0.1183,0,0.2832,0.9574,0.0568,0,-0.1297,-0.0205,0.9913,0,11.9249,18.2305,1.4254,1]},
{"frame":24,"values":[0.9464,-0.2959,0.1292,0,0.2907,0.9551,0.0579,0,-0.1406,-0.0172,0.9899,0,11.9249,18.2305,1.4254,1]},
{"frame":25,"values":[0.9424,-0.3037,0.1401,0,0.2982,0.9527,0.0591,0,-0.1514,-0.0139,0.9884,0,11.9249,18.2305,1.4254,1]},
{"frame":26,"values":[0.9382,-0.3114,0.1509,0,0.3057,0.9502,0.0603,0,-0.1622,-0.0105,0.9867,0,11.9249,18.2305,1.4254,1]},
{"frame":27,"values":[0.935,-0.3193,0.1545,0,0.3135,0.9476,0.0615,0,-0.1661,-0.0091,0.9861,0,11.9249,18.2305,1.4254,1]},
{"frame":28,"values":[0.9359,-0.3146,0.1581,0,0.3085,0.9492,0.0628,0,-0.1699,-0.01,0.9854,0,11.9249,18.2305,1.4254,1]},
{"frame":29,"values":[0.9363,-0.3097,0.1656,0,0.3032,0.9508,0.064,0,-0.1772,-0.0097,0.9841,0,11.9249,18.2305,1.4254,1]},
{"frame":30,"values":[0.9366,-0.3048,0.173,0,0.2979,0.9524,0.0651,0,-0.1846,-0.0094,0.9828,0,11.9249,18.2305,1.4254,1]},
{"frame":31,"values":[0.9368,-0.2999,0.1804,0,0.2926,0.9539,0.0662,0,-0.192,-0.0093,0.9814,0,11.9249,18.2305,1.4254,1]},
{"frame":32,"values":[0.9369,-0.2949,0.1878,0,0.2871,0.9555,0.0684,0,-0.1997,-0.0102,0.9798,0,11.9249,18.2305,1.4254,1]},
{"frame":33,"values":[0.9369,-0.2899,0.1955,0,0.2814,0.957,0.0707,0,-0.2076,-0.0112,0.9781,0,11.9249,18.2305,1.4254,1]},
{"frame":34,"values":[0.9368,-0.2849,0.2032,0,0.2757,0.9585,0.073,0,-0.2155,-0.0123,0.9764,0,11.9249,18.2305,1.4254,1]},
{"frame":35,"values":[0.9366,-0.2799,0.2109,0,0.27,0.9599,0.0752,0,-0.2234,-0.0135,0.9746,0,11.9249,18.2305,1.4254,1]},
{"frame":36,"values":[0.9363,-0.2749,0.2185,0,0.2642,0.9614,0.0773,0,-0.2313,-0.0146,0.9728,0,11.9249,18.2304,1.4254,1]},
{"frame":37,"values":[0.9359,-0.2699,0.2262,0,0.2584,0.9628,0.0794,0,-0.2392,-0.0159,0.9708,0,11.9249,18.2305,1.4254,1]},
{"frame":38,"values":[0.9355,-0.2649,0.2338,0,0.2526,0.9641,0.0815,0,-0.247,-0.0171,0.9689,0,11.9249,18.2305,1.4254,1]},
{"frame":39,"values":[0.9349,-0.2599,0.2415,0,0.2468,0.9655,0.0835,0,-0.2548,-0.0184,0.9668,0,11.9249,18.2305,1.4254,1]},
