{"producer":{"name":"Blender","version":"2.79 (sub 0)","exporter_version":"5.6.4","file":"drunkrun.babylon"},
"autoClear":true,"clearColor":[0.0509,0.0509,0.0509],"ambientColor":[0,0,0],"gravity":[0,-9.81,0],
"materials":[{"name":"drunkrun.Material","id":"drunkrun.Material","ambient":[0,0,0],"diffuse":[0,0,0],"specular":[0,0,0],"emissive":[0,0,0],"specularPower":50,"alpha":0.001,"backFaceCulling":true,"checkReadyOnlyOnce":false,"maxSimultaneousLights":4}],
"multiMaterials":[],
"skeletons":[{"name":"Armature","id":0,"dimensionsAtRest":[379.1952,391.6652,55.677],"bones":[
{"name":"mixamorig:Hips","index":0,"matrix":[0.9784,-0.153,-0.1389,0,0.0806,0.9014,-0.4254,0,-0.1903,-0.405,-0.8943,0,0.5585,168.9738,-2.5248,1],"rest":[1,0,0,0,0,1,0,0,0,0,-1,0,0,201.6394,0,1],"parentBoneIndex":-1,"length":21.6784
,"animation":{"dataType":3,"framePerSecond":24,"keys":[
{"frame":1,"values":[0.9784,-0.153,-0.1389,0,0.0806,0.9014,-0.4254,0,-0.1903,-0.405,-0.8943,0,0.5585,168.9738,-2.5248,1]},
{"frame":2,"values":[0.9811,-0.0945,-0.1687,0,0.0175,0.9123,-0.4092,0,-0.1926,-0.3986,-0.8967,0,-0.84,175.268,2.8039,1]},
{"frame":3,"values":[0.9891,-0.0228,-0.1457,0,-0.0374,0.9169,-0.3974,0,-0.1426,-0.3986,-0.906,0,-2.6969,180.1066,2.2398,1]},
{"frame":4,"values":[0.9943,0.0373,-0.0994,0,-0.0747,0.9114,-0.4047,0,-0.0755,-0.4099,-0.909,0,-4.9746,183.6773,2.3506,1]},
{"frame":5,"values":[0.9963,0.0595,-0.0623,0,-0.0803,0.9033,-0.4215,0,-0.0312,-0.425,-0.9047,0,-6.1328,184.6923,4.2702,1]},
{"frame":6,"values":[0.9972,0.0643,-0.0382,0,-0.0745,0.8985,-0.4325,0,-0.0065,-0.4341,-0.9008,0,-6.66,184.0543,4.6705,1]},
{"frame":7,"values":[0.9959,0.0856,-0.0288,0,-0.0897,0.8991,-0.4285,0,0.0108,-0.4293,-0.9031,0,-7.5688,181.9931,4.7293,1]},
{"frame":8,"values":[0.9939,0.1037,-0.0383,0,-0.1102,0.9008,-0.42,0,0.0091,-0.4217,-0.9067,0,-8.0671,176.2236,6.0768,1]},
{"frame":9,"values":[0.9912,0.1226,-0.0506,0,-0.1326,0.9021,-0.4106,0,0.0047,-0.4136,-0.9104,0,-8.089,173.9005,8.4702,1]},
{"frame":10,"values":[0.9897,0.1318,-0.0559,0,-0.1432,0.9062,-0.398,0,0.0018,-0.4019,-0.9157,0,-8.9052,174.511,12.1113,1]},
{"frame":11,"values":[0.9936,0.1065,-0.0388,0,-0.1133,0.9184,-0.379,0,0.0047,-0.3809,-0.9246,0,-9.7214,176.0958,14.0798,1]},
{"frame":12,"values":[0.9976,0.0575,0.0382,0,-0.0387,0.924,-0.3805,0,0.0572,-0.3781,-0.924,0,-10.5377,179.7964,12.8978,1]},
{"frame":13,"values":[0.9893,-0.0048,0.1461,0,0.063,0.916,-0.3962,0,0.1319,-0.4012,-0.9065,0,-11.3539,182.4344,9.3562,1]},
{"frame":14,"values":[0.9833,-0.0814,0.163,0,0.1403,0.9089,-0.3926,0,0.1162,-0.4089,-0.9051,0,-12.1701,185.0725,5.8146,1]},
{"frame":15,"values":[0.9854,-0.1092,0.1306,0,0.1549,0.8934,-0.4217,0,0.0706,-0.4358,-0.8973,0,-12.9863,187.7106,2.273,1]},
{"frame":16,"values":[0.9872,-0.1372,0.0817,0,0.1596,0.8638,-0.4778,0,0.005,-0.4847,-0.8746,0,-13.8026,183.3843,-1.2687,1]},
{"frame":17,"values":[0.9862,-0.1651,0.0138,0,0.1531,0.876,-0.4574,0,-0.0634,-0.4531,-0.8892,0,-14.6188,179.0581,-4.8103,1]},
{"frame":18,"values":[0.9871,-0.159,-0.0196,0,0.1364,0.898,-0.4183,0,-0.0841,-0.4102,-0.9081,0,-15.435,174.7319,-8.3519,1]},
{"frame":19,"values":[0.9742,-0.2194,-0.053,0,0.1838,0.9073,-0.3781,0,-0.131,-0.3586,-0.9242,0,-16.2512,170.4057,-11.8935,1]},
{"frame":20,"values":[0.9595,-0.2794,-0.0371,0,0.2427,0.886,-0.3951,0,-0.1433,-0.3701,-0.9179,0,-17.0674,166.0795,-9.7586,1]},
{"frame":21,"values":[0.9738,-0.2263,-0.0212,0,0.1977,0.8895,-0.4119,0,-0.1121,-0.3969,-0.911,0,-17.8837,161.7533,-7.6237,1]},
{"frame":22,"values":[0.985,-0.1724,-0.0053,0,0.1535,0.8904,-0.4285,0,-0.0786,-0.4212,-0.9035,0,-18.6999,165.6312,-5.4887,1]},
{"frame":23,"values":[0.9914,-0.1177,-0.0575,0,0.0839,0.9075,-0.4115,0,-0.1006,-0.4032,-0.9096,0,-19.5161,169.5091,-3.3538,1]},
{"frame":24,"values":[0.9919,-0.0633,-0.11,0,0.0148,0.9186,-0.3948,0,-0.126,-0.39,-0.9122,0,-19.3534,173.387,-7.346,1]},
{"frame":25,"values":[0.9869,-0.0079,-0.1612,0,-0.0537,0.9257,-0.3744,0,-0.1522,-0.3781,-0.9132,0,-19.1908,177.2649,-11.3383,1]},
{"frame":26,"values":[0.9941,0.0468,-0.0974,0,-0.0791,0.9292,-0.361,0,-0.0736,-0.3666,-0.9275,0,-19.0281,181.1428,-15.3306,1]},
{"frame":27,"values":[0.9943,0.1013,-0.0327,0,-0.1061,0.919,-0.3797,0,0.0084,-0.381,-0.9245,0,-19.3724,177.4681,-19.3228,1]},
{"frame":28,"values":[0.9872,0.1565,0.031,0,-0.1312,0.9071,-0.4,0,0.0907,-0.3908,-0.916,0,-19.7167,173.7934,-23.3151,1]},
{"frame":29,"values":[0.992,0.1264,0.0052,0,-0.1127,0.9011,-0.4186,0,0.0576,-0.4147,-0.9081,0,-18.2535,170.1187,-27.3074,1]},
{"frame":30,"values":[0.9893,0.1447,-0.0206,0,-0.141,0.9077,-0.3953,0,0.0385,-0.394,-0.9183,0,-16.7903,166.444,-25.5097,1]},
{"frame":31,"values":[0.9866,0.1629,-0.0051,0,-0.1509,0.9009,-0.407,0,0.0617,-0.4023,-0.9134,0,-15.3271,170.6643,-23.712,1]},
{"frame":32,"values":[0.9926,0.1214,-0.0096,0,-0.1142,0.901,-0.4185,0,0.0421,-0.4165,-0.9081,0,-13.8639,174.8846,-21.9143,1]},
{"frame":33,"values":[0.9967,0.0793,0.0187,0,-0.0635,0.9001,-0.431,0,0.051,-0.4284,-0.9021,0,-12.4006,179.1049,-20.1166,1]},
{"frame":34,"values":[0.9982,0.0373,0.0476,0,-0.0125,0.8969,-0.442,0,0.0592,-0.4406,-0.8957,0,-10.9374,183.3252,-18.3188,1]},
{"frame":35,"values":[0.997,-0.0043,0.0769,0,0.0386,0.8915,-0.4514,0,0.0666,-0.4531,-0.889,0,-9.4742,187.5455,-16.5211,1]},
{"frame":36,"values":[0.998,-0.0462,0.042,0,0.0604,0.884,-0.4636,0,0.0157,-0.4653,-0.885,0,-8.011,191.7658,-14.7234,1]},
{"frame":37,"values":[0.9961,-0.0879,0.0068,0,0.0806,0.8765,-0.4746,0,-0.0358,-0.4733,-0.8802,0,-6.5477,188.0129,-12.9257,1]},
{"frame":38,"values":[0.9911,-0.1298,-0.0279,0,0.1,0.8681,-0.4862,0,-0.0873,-0.4791,-0.8734,0,-5.0845,184.2599,-11.128,1]},
{"frame":39,"values":[0.9833,-0.171,-0.0628,0,0.1251,0.8845,-0.4495,0,-0.1324,-0.4342,-0.891,0,-3.6213,180.5069,-12.315,1]},
{"frame":40,"values":[0.9858,-0.1368,-0.0977,0,0.0851,0.9073,-0.4118,0,-0.1449,-0.3976,-0.906,0,-2.1581,176.754,-13.502,1]},
{"frame":41,"values":[0.9747,-0.1801,-0.1324,0,0.1193,0.9201,-0.3731,0,-0.189,-0.3479,-0.9183,0,-0.6949,173.001,-14.689,1]},
{"frame":42,"values":[0.9606,-0.2224,-0.1669,0,0.1444,0.9119,-0.3842,0,-0.2377,-0.345,-0.908,0,-0.8609,169.248,-11.3259,1]},
{"frame":43,"values":[0.9685,-0.2046,-0.1419,0,0.1333,0.9073,-0.3988,0,-0.2103,-0.3673,-0.906,0,-1.027,165.4951,-7.9627,1]},
{"frame":44,"values":[0.9755,-0.1865,-0.1168,0,0.1231,0.9023,-0.4131,0,-0.1824,-0.3886,-0.9032,0,-0.4378,166.7189,-4.5996,1]},
{"frame":45,"values":[0.9784,-0.153,-0.1389,0,0.0806,0.9014,-0.4254,0,-0.1903,-0.405,-0.8943,0,0.5585,168.9738,-2.5248,1]}],"loopBehavior":1,"name":"anim","property":"_matrix"}},
{"name":"mixamorig:Spine","index":1,"matrix":[0.9738,0.1795,-0.14,0,-0.1556,0.9738,0.1659,0,0.1661,-0.1398,0.9762,0,0.0062,19.525,-2.4818,1],"rest":[1,0,0,0,0,1,0,0,0,0,1,0,0.0062,19.525,-2.4818,1],"parentBoneIndex":0,"length":23.0091
,"animation":{"dataType":3,"framePerSecond":24,"keys":[
{"frame":1,"values":[0.9738,0.1795,-0.14,0,-0.1556,0.9738,0.1659,0,0.1661,-0.1397,0.9762,0,0.0062,19.525,-2.4818,1]},
{"frame":2,"values":[0.9704,0.0931,-0.2229,0,-0.0539,0.983,0.1756,0,0.2355,-0.1584,0.9589,0,0.0062,19.525,-2.4818,1]},
{"frame":3,"values":[0.9636,0.0363,-0.2648,0,0.0134,0.9829,0.1835,0,0.267,-0.1803,0.9467,0,0.0062,19.525,-2.4818,1]},
{"frame":4,"values":[0.9561,-0.0037,-0.2931,0,0.0623,0.9797,0.1908,0,0.2864,-0.2006,0.9369,0,0.0062,19.525,-2.4818,1]},
{"frame":5,"values":[0.9521,-0.0096,-0.3058,0,0.0736,0.9773,0.1984,0,0.2969,-0.2114,0.9312,0,0.0062,19.525,-2.4818,1]},
{"frame":6,"values":[0.9519,0.0013,-0.3065,0,0.0656,0.976,0.2078,0,0.2994,-0.2179,0.9289,0,0.0062,19.525,-2.4818,1]},
{"frame":7,"values":[0.9559,-0.0133,-0.2934,0,0.084,0.9696,0.2296,0,0.2814,-0.2441,0.928,0,0.0062,19.525,-2.4818,1]},
{"frame":8,"values":[0.963,-0.0609,-0.2625,0,0.121,0.9681,0.2193,0,0.2408,-0.2429,0.9397,0,0.0062,19.525,-2.4818,1]},
{"frame":9,"values":[0.9722,-0.1382,-0.189,0,0.1804,0.9567,0.2286,0,0.1492,-0.2563,0.955,0,0.0062,19.525,-2.4818,1]},
{"frame":10,"values":[0.9826,-0.146,-0.1144,0,0.1707,0.9533,0.2493,0,0.0727,-0.2645,0.9616,0,0.0062,19.525,-2.4818,1]},
{"frame":11,"values":[0.9943,-0.0994,-0.0392,0,0.1063,0.9578,0.2672,0,0.011,-0.2699,0.9628,0,0.0062,19.525,-2.4818,1]},
{"frame":12,"values":[0.999,-0.0256,0.0363,0,0.0159,0.9692,0.2457,0,-0.0414,-0.2449,0.9687,0,0.0062,19.525,-2.4818,1]},
{"frame":13,"values":[0.9908,0.077,0.1115,0,-0.0991,0.973,0.2086,0,-0.0924,-0.2178,0.9716,0,0.0062,19.525,-2.4818,1]},
{"frame":14,"values":[0.9705,0.1535,0.1861,0,-0.1858,0.9676,0.1707,0,-0.1539,-0.2003,0.9676,0,0.0062,19.525,-2.4818,1]},
{"frame":15,"values":[0.9487,0.1796,0.2602,0,-0.2197,0.9663,0.1342,0,-0.2274,-0.1844,0.9562,0,0.0062,19.525,-2.4818,1]},
{"frame":16,"values":[0.9205,0.2066,0.3317,0,-0.2505,0.9635,0.095,0,-0.3,-0.1706,0.9386,0,0.0062,19.525,-2.4818,1]},
{"frame":17,"values":[0.9359,0.1986,0.2908,0,-0.2254,0.9723,0.0612,0,-0.2706,-0.1228,0.9548,0,0.0062,19.525,-2.4818,1]},
{"frame":18,"values":[0.9496,0.19,0.2493,0,-0.2168,0.9726,0.0845,0,-0.2264,-0.1343,0.9647,0,0.0062,19.525,-2.4818,1]},
{"frame":19,"values":[0.9492,0.2371,0.2068,0,-0.2628,0.9589,0.1072,0,-0.1728,-0.1561,0.9725,0,0.0062,19.525,-2.4818,1]},
{"frame":20,"values":[0.9444,0.2845,0.1649,0,-0.307,0.9425,0.1318,0,-0.118,-0.1751,0.9775,0,0.0062,19.525,-2.4818,1]},
{"frame":21,"values":[0.9613,0.2455,0.1249,0,-0.2637,0.9513,0.1598,0,-0.0795,-0.1866,0.9792,0,0.0062,19.525,-2.4818,1]},
{"frame":22,"values":[0.9749,0.2064,0.0833,0,-0.2187,0.9579,0.186,0,-0.0414,-0.1996,0.979,0,0.0062,19.525,-2.4818,1]},
{"frame":23,"values":[0.985,0.1675,0.0405,0,-0.1723,0.9624,0.2102,0,-0.0038,-0.2141,0.9768,0,0.0062,19.525,-2.4818,1]},
{"frame":24,"values":[0.9917,0.1289,-0.0033,0,-0.1246,0.9646,0.2323,0,0.0331,-0.2299,0.9726,0,0.0062,19.525,-2.4818,1]},
{"frame":25,"values":[0.9947,0.0909,-0.0478,0,-0.076,0.9647,0.2521,0,0.069,-0.2471,0.9665,0,0.0062,19.525,-2.4818,1]},
{"frame":26,"values":[0.9942,0.0536,-0.0928,0,-0.0268,0.9626,0.2695,0,0.1038,-0.2655,0.9585,0,0.0062,19.525,-2.4818,1]},
{"frame":27,"values":[0.9902,0.0177,-0.1387,0,0.0095,0.9811,0.1933,0,0.1395,-0.1927,0.9713,0,0.0062,19.525,-2.4818,1]},
{"frame":28,"values":[0.9832,-0.0216,-0.1814,0,0.0429,0.9925,0.1142,0,0.1776,-0.12,0.9768,0,0.0062,19.525,-2.4818,1]},
{"frame":29,"values":[0.9733,-0.0638,-0.2205,0,0.0729,0.9968,0.0333,0,0.2177,-0.0484,0.9748,0,0.0062,19.525,-2.4818,1]},
{"frame":30,"values":[0.9596,-0.1014,-0.2623,0,0.1229,0.9902,0.0668,0,0.253,-0.0963,0.9627,0,0.0062,19.525,-2.4818,1]},
{"frame":31,"values":[0.9683,-0.1414,-0.2058,0,0.165,0.981,0.102,0,0.1875,-0.1327,0.9733,0,0.0062,19.525,-2.4818,1]},
{"frame":32,"values":[0.9861,-0.0685,-0.1513,0,0.0902,0.9858,0.1419,0,0.1394,-0.1536,0.9783,0,0.0062,19.525,-2.4818,1]},
{"frame":33,"values":[0.9956,0.0037,-0.0934,0,0.013,0.984,0.1774,0,0.0926,-0.1779,0.9797,0,0.0062,19.525,-2.4818,1]},
{"frame":34,"values":[0.9967,0.0742,-0.033,0,-0.0658,0.9759,0.2081,0,0.0476,-0.2053,0.9775,0,0.0062,19.525,-2.4818,1]},
{"frame":35,"values":[0.9889,0.1461,0.026,0,-0.1484,0.971,0.1874,0,0.0022,-0.1892,0.9819,0,0.0062,19.525,-2.4818,1]},
{"frame":36,"values":[0.9724,0.218,0.0831,0,-0.229,0.9599,0.1619,0,-0.0445,-0.1765,0.9833,0,0.0062,19.525,-2.4818,1]},
{"frame":37,"values":[0.9689,0.2035,0.1405,0,-0.2227,0.9651,0.1376,0,-0.1076,-0.1646,0.9805,0,0.0062,19.525,-2.4818,1]},
{"frame":38,"values":[0.9617,0.1898,0.1979,0,-0.2148,0.97,0.1136,0,-0.1704,-0.1517,0.9736,0,0.0062,19.525,-2.4818,1]},
{"frame":39,"values":[0.9507,0.1768,0.2547,0,-0.2053,0.9745,0.0901,0,-0.2323,-0.138,0.9628,0,0.0062,19.525,-2.4818,1]},
{"frame":40,"values":[0.9661,0.1675,0.1963,0,-0.1896,0.9768,0.0997,0,-0.175,-0.1336,0.9755,0,0.0062,19.525,-2.4818,1]},
{"frame":41,"values":[0.9687,0.2072,0.137,0,-0.2225,0.9689,0.1081,0,-0.1104,-0.1352,0.9847,0,0.0062,19.525,-2.4818,1]},
{"frame":42,"values":[0.966,0.2467,0.0776,0,-0.2546,0.9598,0.1184,0,-0.0452,-0.1342,0.9899,0,0.0062,19.525,-2.4818,1]},
{"frame":43,"values":[0.9733,0.2288,0.0178,0,-0.2292,0.965,0.1279,0,0.0121,-0.1285,0.9916,0,0.0062,19.525,-2.4818,1]},
{"frame":44,"values":[0.9767,0.2105,-0.0422,0,-0.2031,0.9697,0.1357,0,0.0695,-0.124,0.9898,0,0.0062,19.525,-2.4818,1]},
{"frame":45,"values":[0.9738,0.1795,-0.14,0,-0.1556,0.9738,0.1659,0,0.1661,-0.1398,0.9762,0,0.0062,19.525,-2.4818,1]}],"loopBehavior":1,"name":"anim","property":"_matrix"}},
{"name":"mixamorig:Spine1","index":2,"matrix":[0.999,0.024,-0.0376,0,-0.0239,0.9997,0.0037,0,0.0377,-0.0028,0.9993,0,-0.0009,22.835,-2.8254,1],"rest":[1,0,0,0,0,1,0,0,0,0,1,0,-0.0009,22.835,-2.8254,1],"parentBoneIndex":1,"length":26.7438
,"animation":{"dataType":3,"framePerSecond":24,"keys":[
{"frame":1,"values":[0.999,0.024,-0.0376,0,-0.0239,0.9997,0.0037,0,0.0377,-0.0028,0.9993,0,-0.0009,22.835,-2.8254,1]},
{"frame":2,"values":[0.997,0.0003,-0.0775,0,-0.0003,1,0.0005,0,0.0775,-0.0005,0.997,0,-0.0009,22.835,-2.8254,1]},
{"frame":3,"values":[0.9946,-0.0199,-0.1021,0,0.0197,0.9998,-0.0025,0,0.1021,0.0005,0.9948,0,-0.0009,22.835,-2.8254,1]},
{"frame":4,"values":[0.9921,-0.0346,-0.1205,0,0.0344,0.9994,-0.0033,0,0.1205,-0.0008,0.9927,0,-0.0009,22.835,-2.8254,1]},
{"frame":5,"values":[0.9905,-0.0389,-0.1321,0,0.0392,0.9992,-0.0002,0,0.132,-0.005,0.9912,0,-0.0009,22.835,-2.8254,1]},
{"frame":6,"values":[0.9898,-0.0356,-0.138,0,0.0369,0.9993,0.0069,0,0.1376,-0.0119,0.9904,0,-0.0009,22.835,-2.8254,1]},
{"frame":7,"values":[0.9902,-0.0384,-0.1341,0,0.0398,0.9992,0.0074,0,0.1338,-0.0127,0.9909,0,-0.0009,22.835,-2.8254,1]},
{"frame":8,"values":[0.9925,-0.0333,-0.1175,0,0.0356,0.9992,0.0177,0,0.1168,-0.0218,0.9929,0,-0.0009,22.835,-2.8254,1]},
{"frame":9,"values":[0.9959,-0.0229,-0.0872,0,0.0248,0.9995,0.0212,0,0.0866,-0.0233,0.996,0,-0.0009,22.835,-2.8254,1]},
{"frame":10,"values":[0.998,-0.026,-0.0568,0,0.0275,0.9993,0.0263,0,0.0561,-0.0278,0.998,0,-0.0009,22.835,-2.8254,1]},
{"frame":11,"values":[0.9993,-0.0275,-0.0264,0,0.0281,0.9993,0.0238,0,0.0257,-0.0246,0.9994,0,-0.0009,22.835,-2.8254,1]},
{"frame":12,"values":[1,-0.0072,0.0041,0,0.0072,0.9998,0.0175,0,-0.0042,-0.0175,0.9998,0,-0.0009,22.835,-2.8254,1]},
{"frame":13,"values":[0.9993,0.0171,0.0345,0,-0.0174,0.9998,0.0092,0,-0.0343,-0.0097,0.9994,0,-0.0009,22.835,-2.8254,1]},
{"frame":14,"values":[0.9971,0.0392,0.0649,0,-0.0394,0.9992,0.0028,0,-0.0648,-0.0054,0.9979,0,-0.0009,22.835,-2.8254,1]},
{"frame":15,"values":[0.9931,0.0683,0.0953,0,-0.0682,0.9977,-0.0036,0,-0.0953,-0.003,0.9954,0,-0.0009,22.835,-2.8254,1]},
{"frame":16,"values":[0.9883,0.087,0.1255,0,-0.0864,0.9962,-0.0099,0,-0.1259,-0.0011,0.992,0,-0.0009,22.835,-2.8254,1]},
{"frame":17,"values":[0.9848,0.0769,0.1557,0,-0.0777,0.997,-0.0013,0,-0.1553,-0.0108,0.9878,0,-0.0009,22.835,-2.8254,1]},
{"frame":18,"values":[0.9877,0.0674,0.1411,0,-0.0691,0.9976,0.0072,0,-0.1402,-0.0169,0.99,0,-0.0009,22.835,-2.8254,1]},
{"frame":19,"values":[0.9892,0.0743,0.1264,0,-0.0769,0.9969,0.0158,0,-0.1248,-0.0253,0.9919,0,-0.0009,22.835,-2.8254,1]},
{"frame":20,"values":[0.9904,0.0813,0.1118,0,-0.0846,0.9961,0.0244,0,-0.1093,-0.0337,0.9934,0,-0.0009,22.835,-2.8254,1]},
{"frame":21,"values":[0.9914,0.0883,0.0971,0,-0.0906,0.9957,0.0197,0,-0.0949,-0.0283,0.9951,0,-0.0009,22.835,-2.8254,1]},
{"frame":22,"values":[0.994,0.072,0.0822,0,-0.0735,0.9972,0.0154,0,-0.0809,-0.0214,0.9965,0,-0.0009,22.835,-2.8254,1]},
{"frame":23,"values":[0.9962,0.0555,0.0674,0,-0.0564,0.9984,0.0109,0,-0.0667,-0.0147,0.9977,0,-0.0009,22.835,-2.8254,1]},
{"frame":24,"values":[0.9979,0.0389,0.0526,0,-0.0393,0.9992,0.0061,0,-0.0523,-0.0082,0.9986,0,-0.0009,22.835,-2.8254,1]},
{"frame":25,"values":[0.999,0.0222,0.0379,0,-0.0223,0.9998,0.0011,0,-0.0379,-0.0019,0.9993,0,-0.0009,22.835,-2.8254,1]},
{"frame":26,"values":[0.9997,0.0054,0.0233,0,-0.0053,1,-0.0042,0,-0.0234,0.0041,0.9997,0,-0.0009,22.835,-2.8254,1]},
{"frame":27,"values":[0.9999,-0.0112,0.0086,0,0.0111,0.9999,0.0128,0,-0.0087,-0.0127,0.9999,0,-0.0009,22.835,-2.8254,1]},
{"frame":28,"values":[1,-0.0026,-0.0063,0,0.0028,0.9996,0.0297,0,0.0062,-0.0297,0.9995,0,-0.0009,22.835,-2.8254,1]},
{"frame":29,"values":[0.9998,0.0063,-0.021,0,-0.0053,0.9989,0.0467,0,0.0213,-0.0465,0.9987,0,-0.0009,22.835,-2.8254,1]},
{"frame":30,"values":[0.9999,0.0146,-0.005,0,-0.0144,0.9994,0.033,0,0.0055,-0.0329,0.9994,0,-0.0009,22.835,-2.8254,1]},
{"frame":31,"values":[0.9997,0.0231,0.0109,0,-0.0233,0.9995,0.0192,0,-0.0104,-0.0194,0.9998,0,-0.0009,22.835,-2.8254,1]},
{"frame":32,"values":[0.9991,0.0319,0.0266,0,-0.032,0.9995,0.0052,0,-0.0264,-0.0061,0.9996,0,-0.0009,22.835,-2.8254,1]},
{"frame":33,"values":[0.9983,0.0408,0.0422,0,-0.0405,0.9991,-0.0089,0,-0.0426,0.0071,0.9991,0,-0.0009,22.835,-2.8254,1]},
{"frame":34,"values":[0.9971,0.05,0.0577,0,-0.0487,0.9985,-0.0231,0,-0.0588,0.0202,0.9981,0,-0.0009,22.835,-2.8254,1]},
{"frame":35,"values":[0.9956,0.0588,0.0734,0,-0.0578,0.9982,-0.0157,0,-0.0742,0.0114,0.9972,0,-0.0009,22.835,-2.8254,1]},
{"frame":36,"values":[0.9937,0.0674,0.0891,0,-0.0669,0.9977,-0.0086,0,-0.0894,0.0026,0.996,0,-0.0009,22.835,-2.8254,1]},
{"frame":37,"values":[0.9916,0.0759,0.1048,0,-0.0762,0.9971,-0.0015,0,-0.1046,-0.0065,0.9945,0,-0.0009,22.8351,-2.8254,1]},
{"frame":38,"values":[0.9891,0.0844,0.1205,0,-0.0843,0.9964,-0.0056,0,-0.1205,-0.0046,0.9927,0,-0.0009,22.835,-2.8254,1]},
{"frame":39,"values":[0.9863,0.0929,0.136,0,-0.0924,0.9957,-0.0099,0,-0.1364,-0.0028,0.9907,0,-0.0009,22.835,-2.8254,1]},
{"frame":40,"values":[0.9907,0.08,0.1101,0,-0.0799,0.9968,-0.0052,0,-0.1102,-0.0037,0.9939,0,-0.0009,22.835,-2.8254,1]},
{"frame":41,"values":[0.9942,0.067,0.0841,0,-0.0672,0.9977,-0.0008,0,-0.084,-0.0049,0.9965,0,-0.0009,22.835,-2.8254,1]},
{"frame":42,"values":[0.996,0.0685,0.058,0,-0.0688,0.9976,0.0038,0,-0.0576,-0.0078,0.9983,0,-0.0009,22.835,-2.8254,1]},
{"frame":43,"values":[0.9979,0.0558,0.0319,0,-0.0561,0.9984,0.0084,0,-0.0314,-0.0102,0.9995,0,-0.0009,22.835,-2.8254,1]},
{"frame":44,"values":[0.9991,0.0432,0.0058,0,-0.0432,0.9991,0.0032,0,-0.0056,-0.0035,1,0,-0.0009,22.835,-2.8254,1]},
{"frame":45,"values":[0.999,0.024,-0.0376,0,-0.0239,0.9997,0.0037,0,0.0377,-0.0028,0.9993,0,-0.0009,22.835,-2.8254,1]}],"loopBehavior":1,"name":"anim","property":"_matrix"}},
{"name":"mixamorig:Spine2","index":3,"matrix":[0.999,0.0241,-0.0369,0,-0.024,0.9997,0.0043,0,0.037,-0.0034,0.9993,0,-0.0206,26.5525,-3.1933,1],"rest":[1,0,0,0,0,1,0,0,0,0,1,0,-0.0206,26.5525,-3.1933,1],"parentBoneIndex":2,"length":24.825
,"animation":{"dataType":3,"framePerSecond":24,"keys":[
{"frame":1,"values":[0.999,0.0241,-0.0369,0,-0.024,0.9997,0.0043,0,0.037,-0.0035,0.9993,0,-0.0206,26.5525,-3.1933,1]},
{"frame":2,"values":[0.997,-0.0021,-0.0775,0,0.0022,1,0.0013,0,0.0775,-0.0015,0.997,0,-0.0206,26.5525,-3.1933,1]},
{"frame":3,"values":[0.9946,-0.0219,-0.1018,0,0.0218,0.9998,-0.0016,0,0.1019,-0.0006,0.9948,0,-0.0206,26.5525,-3.1933,1]},
{"frame":4,"values":[0.9921,-0.0361,-0.1197,0,0.0361,0.9993,-0.0025,0,0.1198,-0.0019,0.9928,0,-0.0206,26.5525,-3.1933,1]},
{"frame":5,"values":[0.9905,-0.0401,-0.1316,0,0.0406,0.9992,0.0009,0,0.1315,-0.0063,0.9913,0,-0.0206,26.5525,-3.1933,1]},
{"frame":6,"values":[0.9898,-0.0372,-0.1377,0,0.0387,0.9992,0.0085,0,0.1372,-0.0137,0.9904,0,-0.0206,26.5525,-3.1933,1]},
{"frame":7,"values":[0.9902,-0.0403,-0.1338,0,0.0419,0.9991,0.0088,0,0.1333,-0.0144,0.991,0,-0.0206,26.5525,-3.1933,1]},
{"frame":8,"values":[0.9925,-0.0353,-0.1171,0,0.0376,0.9991,0.0181,0,0.1164,-0.0224,0.9929,0,-0.0206,26.5525,-3.1933,1]},
{"frame":9,"values":[0.9956,-0.0247,-0.0906,0,0.0266,0.9994,0.0201,0,0.0901,-0.0225,0.9957,0,-0.0206,26.5525,-3.1933,1]},
{"frame":10,"values":[0.9981,-0.0272,-0.056,0,0.0286,0.9993,0.0254,0,0.0553,-0.0269,0.9981,0,-0.0206,26.5525,-3.1933,1]},
{"frame":11,"values":[0.9993,-0.028,-0.0257,0,0.0287,0.9993,0.0235,0,0.025,-0.0242,0.9994,0,-0.0206,26.5525,-3.1933,1]},
{"frame":12,"values":[1,-0.0072,0.0046,0,0.0071,0.9998,0.0176,0,-0.0048,-0.0176,0.9998,0,-0.0206,26.5525,-3.1933,1]},
{"frame":13,"values":[0.9992,0.0175,0.035,0,-0.0178,0.9998,0.0091,0,-0.0348,-0.0097,0.9993,0,-0.0206,26.5525,-3.1933,1]},
{"frame":14,"values":[0.9971,0.0398,0.0653,0,-0.04,0.9992,0.0024,0,-0.0651,-0.005,0.9979,0,-0.0206,26.5525,-3.1933,1]},
{"frame":15,"values":[0.993,0.0692,0.0955,0,-0.0691,0.9976,-0.005,0,-0.0956,-0.0016,0.9954,0,-0.0206,26.5525,-3.1933,1]},
{"frame":16,"values":[0.9882,0.0876,0.1256,0,-0.0869,0.9962,-0.0115,0,-0.1261,0.0004,0.992,0,-0.0206,26.5525,-3.1933,1]},
{"frame":17,"values":[0.9847,0.0783,0.1557,0,-0.0786,0.9969,-0.0037,0,-0.1555,-0.0086,0.9878,0,-0.0206,26.5525,-3.1933,1]},
{"frame":18,"values":[0.9877,0.0695,0.1402,0,-0.0707,0.9975,0.0041,0,-0.1395,-0.0139,0.9901,0,-0.0206,26.5525,-3.1933,1]},
{"frame":19,"values":[0.989,0.0802,0.1246,0,-0.0823,0.9965,0.0118,0,-0.1233,-0.0219,0.9921,0,-0.0206,26.5525,-3.1933,1]},
{"frame":20,"values":[0.9898,0.0911,0.1091,0,-0.0938,0.9954,0.0196,0,-0.1068,-0.0297,0.9938,0,-0.0206,26.5525,-3.1933,1]},
{"frame":21,"values":[0.9926,0.0771,0.0935,0,-0.079,0.9967,0.0174,0,-0.0919,-0.0246,0.9955,0,-0.0206,26.5525,-3.1933,1]},
{"frame":22,"values":[0.995,0.063,0.078,0,-0.0643,0.9978,0.0149,0,-0.0769,-0.0198,0.9968,0,-0.0206,26.5525,-3.1933,1]},
{"frame":23,"values":[0.9969,0.0488,0.0624,0,-0.0498,0.9986,0.0158,0,-0.0615,-0.0189,0.9979,0,-0.0206,26.5525,-3.1933,1]},
{"frame":24,"values":[0.9983,0.0346,0.0467,0,-0.0354,0.9992,0.0165,0,-0.0461,-0.0181,0.9988,0,-0.0206,26.5525,-3.1933,1]},
{"frame":25,"values":[0.9993,0.0204,0.031,0,-0.0205,0.9998,0.005,0,-0.0309,-0.0056,0.9995,0,-0.0206,26.5525,-3.1933,1]},
{"frame":26,"values":[0.9999,0.006,0.0155,0,-0.0059,1,-0.0068,0,-0.0155,0.0067,0.9999,0,-0.0206,26.5525,-3.1933,1]},
{"frame":27,"values":[0.9998,-0.0083,0.0157,0,0.0081,0.9999,0.0113,0,-0.0157,-0.0111,0.9998,0,-0.0206,26.5525,-3.1933,1]},
{"frame":28,"values":[1,0.0002,0.0049,0,-0.0004,0.9996,0.0292,0,-0.0049,-0.0292,0.9996,0,-0.0206,26.5525,-3.1933,1]},
{"frame":29,"values":[0.9999,0.0089,-0.0057,0,-0.0086,0.9988,0.0473,0,0.0061,-0.0473,0.9989,0,-0.0206,26.5525,-3.1933,1]},
{"frame":30,"values":[0.9997,0.0175,-0.0164,0,-0.0169,0.9992,0.0357,0,0.017,-0.0354,0.9992,0,-0.0206,26.5525,-3.1933,1]},
{"frame":31,"values":[0.9997,0.0257,0.0008,0,-0.0257,0.9994,0.0244,0,-0.0001,-0.0244,0.9997,0,-0.0206,26.5525,-3.1933,1]},
{"frame":32,"values":[0.9993,0.0341,0.0179,0,-0.0343,0.9993,0.0129,0,-0.0174,-0.0135,0.9998,0,-0.0206,26.5525,-3.1933,1]},
{"frame":33,"values":[0.9985,0.0427,0.0348,0,-0.0427,0.9991,0.0013,0,-0.0348,-0.0028,0.9994,0,-0.0206,26.5525,-3.1933,1]},
{"frame":34,"values":[0.9973,0.0514,0.0517,0,-0.0509,0.9986,-0.0105,0,-0.0522,0.0078,0.9986,0,-0.0206,26.5525,-3.1933,1]},
{"frame":35,"values":[0.9958,0.0603,0.0685,0,-0.0589,0.998,-0.0224,0,-0.0697,0.0183,0.9974,0,-0.0206,26.5525,-3.1933,1]},
{"frame":36,"values":[0.994,0.0689,0.0854,0,-0.068,0.9976,-0.0129,0,-0.0861,0.007,0.9963,0,-0.0206,26.5525,-3.1933,1]},
{"frame":37,"values":[0.9918,0.0772,0.1023,0,-0.0773,0.997,-0.0036,0,-0.1023,-0.0044,0.9947,0,-0.0206,26.5525,-3.1933,1]},
{"frame":38,"values":[0.9892,0.0855,0.1192,0,-0.0853,0.9963,-0.0072,0,-0.1194,-0.003,0.9928,0,-0.0206,26.5525,-3.1933,1]},
{"frame":39,"values":[0.9862,0.0939,0.1361,0,-0.0932,0.9956,-0.0111,0,-0.1365,-0.0018,0.9906,0,-0.0206,26.5525,-3.1933,1]},
{"frame":40,"values":[0.9906,0.0807,0.1103,0,-0.0805,0.9967,-0.0065,0,-0.1104,-0.0024,0.9939,0,-0.0206,26.5525,-3.1933,1]},
{"frame":41,"values":[0.9941,0.0675,0.0844,0,-0.0676,0.9977,-0.0023,0,-0.0843,-0.0034,0.9964,0,-0.0206,26.5525,-3.1933,1]},
{"frame":42,"values":[0.9959,0.0693,0.0585,0,-0.0696,0.9976,0.0022,0,-0.0582,-0.0062,0.9983,0,-0.0206,26.5525,-3.1933,1]},
{"frame":43,"values":[0.9979,0.0565,0.0325,0,-0.0567,0.9984,0.0066,0,-0.0321,-0.0084,0.9995,0,-0.0206,26.5525,-3.1933,1]},
{"frame":44,"values":[0.999,0.0435,0.0065,0,-0.0435,0.999,0.0026,0,-0.0064,-0.0029,1,0,-0.0206,26.5525,-3.1933,1]},
{"frame":45,"values":[0.999,0.0241,-0.0369,0,-0.024,0.9997,0.0043,0,0.037,-0.0034,0.9993,0,-0.0206,26.5525,-3.1933,1]}],"loopBehavior":1,"name":"anim","property":"_matrix"}},
{"name":"mixamorig:Neck","index":4,"matrix":[1,0.0032,0.0086,0,-0.002,0.9901,-0.1403,0,-0.009,0.1403,0.9901,0,-0.06,30.7018,1.3522,1],"rest":[1,0,0,0,0,1,0,0,0,0,1,0,-0.06,30.7018,1.3522,1],"parentBoneIndex":3,"length":22.8446
,"animation":{"dataType":3,"framePerSecond":24,"keys":[
{"frame":1,"values":[1,0.0032,0.0086,0,-0.002,0.9901,-0.1403,0,-0.009,0.1403,0.9901,0,-0.06,30.7018,1.3522,1]},
{"frame":2,"values":[0.9993,-0.006,0.0358,0,0.0108,0.9905,-0.1372,0,-0.0346,0.1375,0.9899,0,-0.06,30.7018,1.3522,1]},
{"frame":3,"values":[0.9984,-0.0215,0.0527,0,0.0282,0.9912,-0.1295,0,-0.0495,0.1308,0.9902,0,-0.06,30.7018,1.3522,1]},
{"frame":4,"values":[0.9968,-0.0398,0.0696,0,0.0479,0.9917,-0.119,0,-0.0643,0.1219,0.9904,0,-0.06,30.7018,1.3522,1]},
{"frame":5,"values":[0.9947,-0.0559,0.0865,0,0.0651,0.9921,-0.1076,0,-0.0798,0.1127,0.9904,0,-0.06,30.7018,1.3522,1]},
{"frame":6,"values":[0.9938,-0.0665,0.0892,0,0.0752,0.9924,-0.0974,0,-0.0821,0.1035,0.9912,0,-0.06,30.7019,1.3522,1]},
{"frame":7,"values":[0.9938,-0.0671,0.0882,0,0.0749,0.9933,-0.0883,0,-0.0817,0.0944,0.9922,0,-0.06,30.7018,1.3522,1]},
{"frame":8,"values":[0.9958,-0.0546,0.0728,0,0.0604,0.995,-0.0794,0,-0.0681,0.0835,0.9942,0,-0.06,30.7018,1.3522,1]},
{"frame":9,"values":[0.9979,-0.0313,0.0574,0,0.0354,0.9967,-0.0724,0,-0.0549,0.0743,0.9957,0,-0.06,30.7018,1.3522,1]},
{"frame":10,"values":[0.9991,-0.0184,0.037,0,0.0206,0.9979,-0.0612,0,-0.0358,0.0619,0.9974,0,-0.06,30.7018,1.3522,1]},
{"frame":11,"values":[0.9997,-0.0099,0.024,0,0.0111,0.9987,-0.0499,0,-0.0235,0.0501,0.9985,0,-0.06,30.7018,1.3522,1]},
{"frame":12,"values":[0.9999,-0.0117,0.0045,0,0.0119,0.9992,-0.0386,0,-0.0041,0.0386,0.9992,0,-0.06,30.7018,1.3522,1]},
{"frame":13,"values":[0.9998,-0.0133,-0.015,0,0.0129,0.9995,-0.0272,0,0.0153,0.027,0.9995,0,-0.06,30.7018,1.3522,1]},
{"frame":14,"values":[0.9994,-0.0049,-0.0342,0,0.0034,0.999,-0.0444,0,0.0344,0.0443,0.9984,0,-0.06,30.7018,1.3522,1]},
{"frame":15,"values":[0.9986,0.0031,-0.0536,0,-0.0064,0.9981,-0.0615,0,0.0533,0.0617,0.9967,0,-0.06,30.7018,1.3522,1]},
{"frame":16,"values":[0.9973,0.0108,-0.0732,0,-0.0165,0.9968,-0.0782,0,0.0721,0.0792,0.9942,0,-0.06,30.7018,1.3522,1]},
{"frame":17,"values":[0.9955,0.0181,-0.0928,0,-0.0269,0.9951,-0.0948,0,0.0906,0.0969,0.9912,0,-0.06,30.7018,1.3522,1]},
{"frame":18,"values":[0.9955,0.026,-0.0916,0,-0.0362,0.9931,-0.1117,0,0.0881,0.1145,0.9895,0,-0.06,30.7018,1.3522,1]},
{"frame":19,"values":[0.9944,0.0338,-0.1004,0,-0.0466,0.9906,-0.1284,0,0.0951,0.1324,0.9866,0,-0.06,30.7018,1.3522,1]},
{"frame":20,"values":[0.9937,0.0244,-0.1091,0,-0.0402,0.9886,-0.1451,0,0.1043,0.1485,0.9834,0,-0.06,30.7018,1.3522,1]},
{"frame":21,"values":[0.995,0.015,-0.0985,0,-0.0309,0.9863,-0.162,0,0.0947,0.1642,0.9819,0,-0.06,30.7018,1.3522,1]},
{"frame":22,"values":[0.9961,0.0058,-0.0876,0,-0.0181,0.99,-0.1401,0,0.0859,0.1411,0.9863,0,-0.06,30.7018,1.3522,1]},
{"frame":23,"values":[0.997,-0.0036,-0.077,0,-0.0056,0.993,-0.118,0,0.0768,0.1181,0.99,0,-0.06,30.7018,1.3522,1]},
{"frame":24,"values":[0.9977,-0.0132,-0.0665,0,0.0068,0.9954,-0.0957,0,0.0675,0.0951,0.9932,0,-0.06,30.7018,1.3522,1]},
{"frame":25,"values":[0.9969,-0.0229,-0.0753,0,0.0174,0.9972,-0.0733,0,0.0768,0.0717,0.9945,0,-0.06,30.7018,1.3522,1]},
{"frame":26,"values":[0.9959,-0.0324,-0.0843,0,0.0282,0.9983,-0.0508,0,0.0858,0.0483,0.9951,0,-0.06,30.7018,1.3522,1]},
{"frame":27,"values":[0.9947,-0.0416,-0.0935,0,0.0391,0.9988,-0.0285,0,0.0946,0.0247,0.9952,0,-0.06,30.7018,1.3522,1]},
{"frame":28,"values":[0.9934,-0.0507,-0.1029,0,0.0503,0.9987,-0.0062,0,0.1031,0.001,0.9947,0,-0.06,30.7018,1.3522,1]},
{"frame":29,"values":[0.9949,-0.0607,-0.0808,0,0.0586,0.9979,-0.0282,0,0.0824,0.0233,0.9963,0,-0.06,30.7018,1.3522,1]},
{"frame":30,"values":[0.9958,-0.0702,-0.0585,0,0.0673,0.9965,-0.0499,0,0.0618,0.0458,0.997,0,-0.06,30.7018,1.3522,1]},
{"frame":31,"values":[0.9962,-0.0791,-0.036,0,0.0764,0.9945,-0.0715,0,0.0414,0.0684,0.9968,0,-0.06,30.7018,1.3522,1]},
{"frame":32,"values":[0.9973,-0.0643,-0.0368,0,0.0607,0.9938,-0.0932,0,0.0425,0.0907,0.995,0,-0.06,30.7018,1.3522,1]},
{"frame":33,"values":[0.9984,-0.0496,-0.0273,0,0.0462,0.9923,-0.1148,0,0.0328,0.1133,0.993,0,-0.06,30.7018,1.3522,1]},
{"frame":34,"values":[0.9992,-0.0347,-0.0182,0,0.0319,0.9901,-0.1364,0,0.0227,0.1358,0.9905,0,-0.06,30.7018,1.3522,1]},
{"frame":35,"values":[0.9992,-0.0196,-0.034,0,0.014,0.9873,-0.158,0,0.0367,0.1574,0.9868,0,-0.06,30.7018,1.3522,1]},
{"frame":36,"values":[0.9987,-0.0049,-0.0501,0,-0.0042,0.9838,-0.1792,0,0.0502,0.1792,0.9825,0,-0.06,30.7018,1.3522,1]},
{"frame":37,"values":[0.9978,0.0098,-0.0662,0,-0.0207,0.9859,-0.166,0,0.0636,0.167,0.9839,0,-0.06,30.7019,1.3522,1]},
{"frame":38,"values":[0.9963,0.0247,-0.082,0,-0.0371,0.9876,-0.1524,0,0.0772,0.1549,0.9849,0,-0.06,30.7018,1.3522,1]},
{"frame":39,"values":[0.995,0.0168,-0.098,0,-0.0304,0.9898,-0.1389,0,0.0946,0.1412,0.9854,0,-0.06,30.7018,1.3522,1]},
{"frame":40,"values":[0.9966,0.009,-0.0818,0,-0.0193,0.9919,-0.1259,0,0.08,0.1271,0.9887,0,-0.06,30.7018,1.3522,1]},
{"frame":41,"values":[0.9978,0.001,-0.0658,0,-0.0084,0.9936,-0.1127,0,0.0653,0.113,0.9915,0,-0.06,30.7018,1.3522,1]},
{"frame":42,"values":[0.9987,-0.007,-0.0497,0,0.0009,0.9927,-0.1208,0,0.0502,0.1206,0.9914,0,-0.06,30.7018,1.3522,1]},
{"frame":43,"values":[0.9994,-0.0002,-0.0335,0,-0.0041,0.9917,-0.1288,0,0.0333,0.1289,0.9911,0,-0.06,30.7018,1.3522,1]},
{"frame":44,"values":[0.9998,0.0067,-0.0175,0,-0.009,0.9905,-0.137,0,0.0164,0.1371,0.9904,0,-0.06,30.7018,1.3522,1]},
{"frame":45,"values":[1,0.0032,0.0086,0,-0.002,0.9901,-0.1403,0,-0.009,0.1403,0.9901,0,-0.06,30.7018,1.3522,1]}],"loopBehavior":1,"name":"anim","property":"_matrix"}},
{"name":"mixamorig:Head","index":5,"matrix":[0.9895,-0.1384,0.042,0,0.1432,0.8977,-0.4166,0,0.0199,0.4183,0.9081,0,-0.0872,22.5476,3.6709,1],"rest":[1,0,0,0,0,1,0,0,0,0,1,0,-0.0872,22.5476,3.6709,1],"parentBoneIndex":4,"length":30.5924
,"animation":{"dataType":3,"framePerSecond":24,"keys":[
{"frame":1,"values":[0.9895,-0.1384,0.042,0,0.1432,0.8977,-0.4166,0,0.0199,0.4183,0.9081,0,-0.0872,22.5476,3.6709,1]},
{"frame":2,"values":[0.9881,-0.0283,0.1509,0,0.0868,0.9138,-0.3968,0,-0.1267,0.4052,0.9054,0,-0.0872,22.5476,3.6709,1]},
{"frame":3,"values":[0.969,0.0629,0.239,0,0.0384,0.917,-0.397,0,-0.2441,0.3938,0.8862,0,-0.0872,22.5476,3.6709,1]},
{"frame":4,"values":[0.9349,0.1371,0.3275,0,0.0057,0.9165,-0.4,0,-0.355,0.3758,0.856,0,-0.0872,22.5476,3.6709,1]},
{"frame":5,"values":[0.904,0.1707,0.3919,0,-0.0011,0.9177,-0.3973,0,-0.4275,0.3587,0.8298,0,-0.0872,22.5476,3.6709,1]},
{"frame":6,"values":[0.8833,0.1767,0.4341,0,0.0023,0.9245,-0.3812,0,-0.4687,0.3377,0.8162,0,-0.0872,22.5476,3.6709,1]},
{"frame":7,"values":[0.8702,0.1848,0.4567,0,-0.0205,0.9397,-0.3412,0,-0.4922,0.2876,0.8216,0,-0.0872,22.5476,3.6709,1]},
{"frame":8,"values":[0.8824,0.1844,0.4328,0,-0.0665,0.9597,-0.2731,0,-0.4657,0.2122,0.8591,0,-0.0872,22.5476,3.6709,1]},
{"frame":9,"values":[0.9232,0.1563,0.3512,0,-0.1145,0.984,-0.1367,0,-0.3669,0.086,0.9263,0,-0.0872,22.5476,3.6709,1]},
{"frame":10,"values":[0.9567,0.1159,0.2669,0,-0.1063,0.9931,-0.05,0,-0.2708,0.0194,0.9624,0,-0.0872,22.5476,3.6709,1]},
{"frame":11,"values":[0.9795,0.0891,0.1804,0,-0.0982,0.9943,0.0421,0,-0.1756,-0.059,0.9827,0,-0.0872,22.5476,3.6709,1]},
{"frame":12,"values":[0.9949,0.0401,0.0926,0,-0.0526,0.9892,0.1365,0,-0.0861,-0.1407,0.9863,0,-0.0872,22.5476,3.6709,1]},
{"frame":13,"values":[1,0.0078,0.004,0,-0.0085,0.9731,0.2302,0,-0.0021,-0.2302,0.9731,0,-0.0872,22.5476,3.6709,1]},
{"frame":14,"values":[0.996,-0.0048,-0.0897,0,0.0137,0.995,0.0992,0,0.0888,-0.1,0.991,0,-0.0872,22.5476,3.6709,1]},
{"frame":15,"values":[0.983,-0.03,-0.1813,0,0.0237,0.999,-0.0369,0,0.1822,0.032,0.9827,0,-0.0872,22.5476,3.6709,1]},
{"frame":16,"values":[0.9613,-0.067,-0.2671,0,0.0207,0.9848,-0.1726,0,0.2746,0.1604,0.9481,0,-0.0872,22.5476,3.6709,1]},
{"frame":17,"values":[0.9321,-0.1142,-0.3437,0,0.0052,0.9531,-0.3026,0,0.3622,0.2802,0.889,0,-0.0872,22.5476,3.6709,1]},
{"frame":18,"values":[0.9405,-0.1534,-0.3031,0,0.0075,0.9014,-0.4328,0,0.3396,0.4048,0.849,0,-0.0872,22.5476,3.6709,1]},
{"frame":19,"values":[0.9482,-0.1866,-0.257,0,0.0132,0.8317,-0.5551,0,0.3173,0.523,0.7911,0,-0.0872,22.5476,3.6709,1]},
{"frame":20,"values":[0.955,-0.2128,-0.2067,0,0.0221,0.7459,-0.6657,0,0.2958,0.6311,0.7171,0,-0.0872,22.5476,3.6709,1]},
{"frame":21,"values":[0.966,-0.2029,-0.1603,0,0.0633,0.7867,-0.6141,0,0.2507,0.5831,0.7728,0,-0.0872,22.5476,3.6709,1]},
{"frame":22,"values":[0.9741,-0.1961,-0.1128,0,0.1013,0.8239,-0.5576,0,0.2023,0.5317,0.8224,0,-0.0872,22.5476,3.6709,1]},
{"frame":23,"values":[0.9734,-0.2198,-0.0645,0,0.1599,0.8535,-0.4959,0,0.164,0.4724,0.866,0,-0.0872,22.5476,3.6709,1]},
{"frame":24,"values":[0.969,-0.2464,-0.0179,0,0.2152,0.8773,-0.4289,0,0.1214,0.4118,0.9032,0,-0.0872,22.5476,3.6709,1]},
{"frame":25,"values":[0.9817,-0.1891,0.0232,0,0.1849,0.9161,-0.3558,0,0.0461,0.3536,0.9343,0,-0.0872,22.5476,3.6709,1]},
{"frame":26,"values":[0.9886,-0.1339,0.069,0,0.1481,0.948,-0.2818,0,-0.0277,0.2888,0.957,0,-0.0872,22.5476,3.6709,1]},
{"frame":27,"values":[0.9896,-0.0818,0.1187,0,0.1054,0.9724,-0.2081,0,-0.0984,0.2184,0.9709,0,-0.0872,22.5476,3.6709,1]},
{"frame":28,"values":[0.9846,-0.0336,0.1715,0,0.0575,0.989,-0.136,0,-0.165,0.1438,0.9757,0,-0.0872,22.5476,3.6709,1]},
{"frame":29,"values":[0.9748,-0.0442,0.2186,0,0.059,0.9964,-0.0615,0,-0.2151,0.0728,0.9739,0,-0.0872,22.5476,3.6709,1]},
{"frame":30,"values":[0.9627,-0.0582,0.2643,0,0.0567,0.9983,0.0134,0,-0.2646,0.002,0.9643,0,-0.0872,22.5476,3.6709,1]},
{"frame":31,"values":[0.9501,-0.0372,0.3099,0,0.0111,0.9963,0.0856,0,-0.3119,-0.0779,0.9469,0,-0.0872,22.5476,3.6709,1]},
{"frame":32,"values":[0.9734,-0.0174,0.2286,0,-0.0203,0.9867,0.1612,0,-0.2283,-0.1615,0.9601,0,-0.0872,22.5476,3.6709,1]},
{"frame":33,"values":[0.9891,-0.0326,0.1436,0,0.0147,0.9922,0.1238,0,-0.1465,-0.1203,0.9819,0,-0.0872,22.5476,3.6709,1]},
{"frame":34,"values":[0.997,-0.0516,0.0571,0,0.0468,0.9955,0.0827,0,-0.0611,-0.0798,0.9949,0,-0.0872,22.5476,3.6709,1]},
{"frame":35,"values":[0.9968,-0.0742,-0.0296,0,0.0753,0.9964,0.0386,0,0.0266,-0.0407,0.9988,0,-0.0872,22.5476,3.6709,1]},
{"frame":36,"values":[0.9883,-0.1001,-0.1151,0,0.0998,0.995,-0.008,0,0.1153,-0.0036,0.9933,0,-0.0872,22.5476,3.6709,1]},
{"frame":37,"values":[0.9716,-0.1289,-0.1982,0,0.12,0.9912,-0.0564,0,0.2037,0.031,0.9785,0,-0.0872,22.5476,3.6709,1]},
{"frame":38,"values":[0.9472,-0.1602,-0.2778,0,0.1355,0.9851,-0.1058,0,0.2906,0.0626,0.9548,0,-0.0872,22.5476,3.6709,1]},
{"frame":39,"values":[0.9156,-0.1934,-0.3526,0,0.1464,0.9769,-0.1555,0,0.3746,0.0908,0.9228,0,-0.0872,22.5476,3.6709,1]},
{"frame":40,"values":[0.9271,-0.2256,-0.2992,0,0.1682,0.9641,-0.2055,0,0.3348,0.1402,0.9318,0,-0.0872,22.5476,3.6709,1]},
{"frame":41,"values":[0.9359,-0.2547,-0.2434,0,0.1921,0.948,-0.2536,0,0.2954,0.1906,0.9362,0,-0.0872,22.5476,3.6709,1]},
{"frame":42,"values":[0.9416,-0.2807,-0.1858,0,0.2177,0.9289,-0.2996,0,0.2567,0.2416,0.9358,0,-0.0872,22.5476,3.6709,1]},
{"frame":43,"values":[0.9637,-0.2347,-0.1275,0,0.1786,0.9212,-0.3458,0,0.1986,0.3104,0.9296,0,-0.0872,22.5476,3.6709,1]},
{"frame":44,"values":[0.9803,-0.1842,-0.0712,0,0.1421,0.9085,-0.3931,0,0.1371,0.3752,0.9167,0,-0.0872,22.5476,3.6709,1]},
{"frame":45,"values":[0.9895,-0.1384,0.042,0,0.1432,0.8977,-0.4166,0,0.0199,0.4183,0.9081,0,-0.0872,22.5476,3.6709,1]}],"loopBehavior":1,"name":"anim","property":"_matrix"}},
{"name":"mixamorig:HeadTop_End","index":6,"matrix":[1,0,0,0,0,1,0,0,0,0,1,0,-0.8306,40.3552,7.8935,1],"rest":[1,0,0,0,0,1,0,0,0,0,1,0,-0.8306,40.3552,7.8935,1],"parentBoneIndex":5,"length":30.5924
,"animation":{"dataType":3,"framePerSecond":24,"keys":[
{"frame":1,"values":[1,0,0,0,0,1,0,0,0,0,1,0,-0.8306,40.3552,7.8935,1]},
{"frame":9,"values":[1,0,0,0,0,1,0,0,0,0,1,0,-0.8306,40.3551,7.8935,1]},
{"frame":10,"values":[1,0,0,0,0,1,0,0,0,0,1,0,-0.8306,40.3552,7.8935,1]},
{"frame":45,"values":[1,0,0,0,0,1,0,0,0,0,1,0,-0.8306,40.3552,7.8935,1]}],"loopBehavior":1,"name":"anim","property":"_matrix"}},
{"name":"mixamorig:RightEye","index":7,"matrix":[1,0,0,0,0,1,0,0,0,0,1,0,-6.3021,18.1186,16.1971,1],"rest":[1,0,0,0,0,1,0,0,0,0,1,0,-6.3021,18.1186,16.1971,1],"parentBoneIndex":5,"length":30.5924
,"animation":{"dataType":3,"framePerSecond":24,"keys":[
{"frame":1,"values":[1,0,0,0,0,1,0,0,0,0,1,0,-6.3021,18.1186,16.1971,1]},
{"frame":9,"values":[1,0,0,0,0,1,0,0,0,0,1,0,-6.3021,18.1185,16.1971,1]},
{"frame":10,"values":[1,0,0,0,0,1,0,0,0,0,1,0,-6.3021,18.1186,16.1971,1]},
{"frame":28,"values":[1,0,0,0,0,1,0,0,0,0,1,0,-6.3021,18.1185,16.1971,1]},
{"frame":29,"values":[1,0,0,0,0,1,0,0,0,0,1,0,-6.3021,18.1186,16.1971,1]},
{"frame":36,"values":[1,0,0,0,0,1,0,0,0,0,1,0,-6.3021,18.1185,16.1971,1]},
{"frame":37,"values":[1,0,0,0,0,1,0,0,0,0,1,0,-6.3021,18.1186,16.1971,1]},
{"frame":45,"values":[1,0,0,0,0,1,0,0,0,0,1,0,-6.3021,18.1186,16.1971,1]}],"loopBehavior":1,"name":"anim","property":"_matrix"}},
{"name":"mixamorig:LeftEye","index":8,"matrix":[1,0,0,0,0,1,0,0,0,0,1,0,6.7415,18.3827,16.4019,1],"rest":[1,0,0,0,0,1,0,0,0,0,1,0,6.7415,18.3827,16.4019,1],"parentBoneIndex":5,"length":30.5924
,"animation":{"dataType":3,"framePerSecond":24,"keys":[
{"frame":1,"values":[1,0,0,0,0,1,0,0,0,0,1,0,6.7415,18.3827,16.4019,1]},
{"frame":9,"values":[1,0,0,0,0,1,0,0,0,0,1,0,6.7415,18.3826,16.4019,1]},
{"frame":10,"values":[1,0,0,0,0,1,0,0,0,0,1,0,6.7415,18.3827,16.4019,1]},
{"frame":45,"values":[1,0,0,0,0,1,0,0,0,0,1,0,6.7415,18.3827,16.4019,1]}],"loopBehavior":1,"name":"anim","property":"_matrix"}},
{"name":"mixamorig:LeftShoulder","index":9,"matrix":[0.874,-0.4691,0.1271,0,0.469,0.8826,0.0324,0,-0.1274,0.0313,0.9914,0,11.9249,18.2305,1.4254,1],"rest":[1,0.0062,0,0,-0.0062,1,0,0,0,0,1,0,11.9249,18.2305,1.4254,1],"parentBoneIndex":3,"length":25.9773
,"animation":{"dataType":3,"framePerSecond":24,"keys":[
{"frame":1,"values":[0.874,-0.4691,0.1271,0,0.469,0.8826,0.0324,0,-0.1274,0.0313,0.9914,0,11.9249,18.2305,1.4254,1]},
{"frame":2,"values":[0.8999,-0.4133,0.1393,0,0.4128,0.9102,0.0341,0,-0.1409,0.0268,0.9897,0,11.9249,18.2305,1.4254,1]},
{"frame":3,"values":[0.9299,-0.3537,0.101,0,0.3539,0.9352,0.0166,0,-0.1003,0.0203,0.9948,0,11.9249,18.2305,1.4254,1]},
{"frame":4,"values":[0.9535,-0.2981,0.0448,0,0.2985,0.9544,-0.0037,0,-0.0417,0.0169,0.999,0,11.9249,18.2305,1.4254,1]},
{"frame":5,"values":[0.9644,-0.263,-0.0279,0,0.2624,0.9647,-0.0237,0,0.0332,0.0155,0.9993,0,11.9249,18.2305,1.4254,1]},
{"frame":6,"values":[0.9584,-0.2711,-0.089,0,0.2685,0.9625,-0.0398,0,0.0965,0.0142,0.9952,0,11.9249,18.2305,1.4254,1]},
{"frame":7,"values":[0.9547,-0.2825,-0.0936,0,0.2797,0.9592,-0.0417,0,0.1015,0.0136,0.9947,0,11.9249,18.2305,1.4254,1]},
{"frame":8,"values":[0.9468,-0.3144,-0.068,0,0.3126,0.9492,-0.0358,0,0.0758,0.0127,0.997,0,11.9249,18.2305,1.4254,1]},
{"frame":9,"values":[0.9524,-0.3018,-0.0427,0,0.3008,0.9533,-0.0288,0,0.0494,0.0145,0.9987,0,11.9249,18.2305,1.4254,1]},
{"frame":10,"values":[0.9572,-0.289,-0.0173,0,0.2887,0.9572,-0.022,0,0.0229,0.0161,0.9996,0,11.9249,18.2305,1.4254,1]},
{"frame":11,"values":[0.9611,-0.2762,0.0083,0,0.2763,0.9609,-0.0155,0,-0.0037,0.0172,0.9998,0,11.9249,18.2305,1.4254,1]},
{"frame":12,"values":[0.9641,-0.2633,0.0339,0,0.2637,0.9645,-0.0094,0,-0.0303,0.018,0.9994,0,11.9249,18.2305,1.4254,1]},
{"frame":13,"values":[0.9663,-0.2503,0.0596,0,0.251,0.968,-0.0036,0,-0.0568,0.0185,0.9982,0,11.9249,18.2305,1.4254,1]},
{"frame":14,"values":[0.9677,-0.2373,0.0854,0,0.238,0.9713,0.0018,0,-0.0833,0.0186,0.9963,0,11.9249,18.2305,1.4254,1]},
{"frame":15,"values":[0.9682,-0.2242,0.1111,0,0.2249,0.9744,0.0069,0,-0.1098,0.0183,0.9938,0,11.9249,18.2305,1.4254,1]},
{"frame":16,"values":[0.9678,-0.2112,0.1368,0,0.2116,0.9773,0.0117,0,-0.1361,0.0177,0.9905,0,11.9249,18.2305,1.4254,1]},
