{"producer":{"name":"Blender","version":"2.79 (sub 0)","exporter_version":"5.6.4","file":"FastPaceWalk.babylon"},
"autoClear":true,"clearColor":[0.0509,0.0509,0.0509],"ambientColor":[0,0,0],"gravity":[0,-9.81,0],
"materials":[{"name":"FastPaceWalk.Material","id":"FastPaceWalk.Material","ambient":[0,0,0],"diffuse":[0,0,0],"specular":[0,0,0],"emissive":[0,0,0],"specularPower":50,"alpha":0.001,"backFaceCulling":true,"checkReadyOnlyOnce":false,"maxSimultaneousLights":4}],
"multiMaterials":[],
"skeletons":[{"name":"Armature","id":0,"dimensionsAtRest":[379.1952,391.6652,55.677],"bones":[
{"name":"mixamorig:Hips","index":0,"matrix":[0.9952,0.0612,0.0769,0,-0.0599,0.998,-0.0201,0,0.0779,-0.0154,-0.9968,0,0.5895,186.2033,2.0922,1],"rest":[1,0,0,0,0,1,0,0,0,0,-1,0,0,201.6394,0,1],"parentBoneIndex":-1,"length":21.6784
,"animation":{"dataType":3,"framePerSecond":24,"keys":[
{"frame":1,"values":[0.9951,0.0623,0.0765,0,-0.0609,0.9979,-0.0202,0,0.0776,-0.0154,-0.9969,0,0.5711,186.3118,1.9905,1]},
{"frame":2,"values":[0.9959,0.042,0.0801,0,-0.0408,0.999,-0.0165,0,0.0807,-0.0131,-0.9966,0,-0.7069,185.2128,0.9321,1]},
{"frame":3,"values":[0.9979,0.0141,0.0638,0,-0.0136,0.9999,-0.0087,0,0.0639,-0.0079,-0.9979,0,-2.0556,184.9182,0.3903,1]},
{"frame":4,"values":[0.9991,-0.0127,0.0402,0,0.0128,0.9999,-0.0021,0,0.0402,-0.0026,-0.9992,0,-3.2856,185.6277,0.638,1]},
{"frame":5,"values":[0.9992,-0.0235,0.0317,0,0.0236,0.9997,-0.0036,0,0.0316,-0.0043,-0.9995,0,-4.3682,187.7222,0.7387,1]},
{"frame":6,"values":[0.9991,-0.0182,0.0371,0,0.0187,0.9997,-0.0134,0,0.0368,-0.014,-0.9992,0,-5.0319,190.4234,0.5511,1]},
{"frame":7,"values":[0.9996,-0.0093,0.0249,0,0.01,0.9996,-0.0276,0,0.0246,-0.0279,-0.9993,0,-5.0167,192.4227,0.4099,1]},
{"frame":8,"values":[0.9997,-0.0021,-0.0234,0,0.001,0.9989,-0.0469,0,-0.0235,-0.0468,-0.9986,0,-4.408,193.3712,0.4848,1]},
{"frame":9,"values":[0.9966,-0.0006,-0.0822,0,-0.0044,0.9982,-0.0603,0,-0.0821,-0.0604,-0.9948,0,-3.7994,192.2517,0.7802,1]},
{"frame":10,"values":[0.9926,-0.0087,-0.121,0,-0.0003,0.9973,-0.0735,0,-0.1213,-0.073,-0.9899,0,-3.1907,191.1322,1.0544,1]},
{"frame":11,"values":[0.99,-0.0167,-0.1403,0,0.0082,0.9981,-0.0607,0,-0.141,-0.0589,-0.9882,0,-2.5821,190.0127,1.0167,1]},
{"frame":12,"values":[0.9871,0.0133,-0.1597,0,-0.0212,0.9986,-0.0482,0,-0.1589,-0.051,-0.986,0,-1.9734,188.8932,0.63,1]},
{"frame":13,"values":[0.9829,0.0434,-0.1788,0,-0.0504,0.9981,-0.0352,0,-0.1769,-0.0436,-0.9833,0,-1.3648,187.7737,0.2434,1]},
{"frame":14,"values":[0.9816,0.0733,-0.1764,0,-0.0785,0.9967,-0.0226,0,-0.1741,-0.036,-0.9841,0,-0.7561,186.6542,-0.1433,1]},
{"frame":15,"values":[0.9793,0.1033,-0.174,0,-0.1066,0.9942,-0.01,0,-0.1719,-0.0284,-0.9847,0,-0.1475,185.5347,0.1174,1]},
{"frame":16,"values":[0.9743,0.1329,-0.1818,0,-0.1378,0.9904,-0.0146,0,-0.1781,-0.0393,-0.9832,0,0.4612,187.0934,0.3781,1]},
{"frame":17,"values":[0.9829,0.1194,-0.1405,0,-0.1233,0.9922,-0.0194,0,-0.1371,-0.0364,-0.9899,0,1.0698,188.6522,0.2155,1]},
{"frame":18,"values":[0.9895,0.1054,-0.099,0,-0.1084,0.9938,-0.0245,0,-0.0958,-0.0349,-0.9948,0,0.8499,190.211,0.5643,1]},
{"frame":19,"values":[0.9942,0.0914,-0.0572,0,-0.0932,0.9952,-0.0289,0,-0.0543,-0.0341,-0.9979,0,0.63,191.7698,0.9132,1]},
{"frame":20,"values":[0.9969,0.077,-0.0153,0,-0.0774,0.9966,-0.0275,0,-0.0132,-0.0286,-0.9995,0,0.6532,190.1167,1.2621,1]},
{"frame":21,"values":[0.9977,0.0624,0.0265,0,-0.0617,0.9978,-0.0255,0,0.028,-0.0238,-0.9993,0,0.6764,188.4636,1.6109,1]},
{"frame":22,"values":[0.9952,0.0612,0.0769,0,-0.0599,0.998,-0.0201,0,0.0779,-0.0154,-0.9968,0,0.5895,186.2033,2.0922,1]}],"loopBehavior":1,"name":"anim","property":"_matrix"}},
{"name":"mixamorig:Spine","index":1,"matrix":[0.9996,-0.0119,0.0264,0,0.0111,0.9995,0.0292,0,-0.0267,-0.0289,0.9992,0,0.0062,19.525,-2.4818,1],"rest":[1,0,0,0,0,1,0,0,0,0,1,0,0.0062,19.525,-2.4818,1],"parentBoneIndex":0,"length":23.0091
,"animation":{"dataType":3,"framePerSecond":24,"keys":[
{"frame":1,"values":[0.9996,-0.0129,0.0261,0,0.0122,0.9995,0.0292,0,-0.0264,-0.0289,0.9992,0,0.0062,19.525,-2.4818,1]},
{"frame":2,"values":[0.9996,-0.0043,0.0286,0,0.0034,0.9995,0.0306,0,-0.0288,-0.0305,0.9991,0,0.0062,19.525,-2.4818,1]},
{"frame":3,"values":[0.9996,0.0036,0.0294,0,-0.0045,0.9995,0.0305,0,-0.0293,-0.0306,0.9991,0,0.0062,19.525,-2.4818,1]},
{"frame":4,"values":[0.9996,0.008,0.028,0,-0.0088,0.9995,0.0303,0,-0.0277,-0.0305,0.9991,0,0.0062,19.525,-2.4818,1]},
{"frame":5,"values":[0.9996,0.011,0.0264,0,-0.0119,0.9994,0.0312,0,-0.0261,-0.0315,0.9992,0,0.0062,19.525,-2.4818,1]},
{"frame":6,"values":[0.9996,0.0116,0.025,0,-0.0124,0.9994,0.0311,0,-0.0246,-0.0314,0.9992,0,0.0062,19.525,-2.4818,1]},
{"frame":7,"values":[0.9997,0.016,0.0202,0,-0.0166,0.9994,0.0292,0,-0.0197,-0.0295,0.9994,0,0.0062,19.525,-2.4818,1]},
{"frame":8,"values":[0.9998,0.0205,0.0088,0,-0.0207,0.9995,0.0249,0,-0.0082,-0.025,0.9997,0,0.0062,19.525,-2.4818,1]},
{"frame":9,"values":[0.9997,0.0249,-0.0002,0,-0.0249,0.9995,0.0205,0,0.0007,-0.0205,0.9998,0,0.0062,19.525,-2.4818,1]},
{"frame":10,"values":[0.9995,0.0293,-0.0091,0,-0.0291,0.9994,0.0162,0,0.0096,-0.0159,0.9998,0,0.0062,19.525,-2.4818,1]},
{"frame":11,"values":[0.9998,0.0122,-0.0181,0,-0.0119,0.9999,0.0119,0,0.0182,-0.0116,0.9998,0,0.0062,19.525,-2.4818,1]},
{"frame":12,"values":[0.9999,-0.0049,-0.0143,0,0.0051,0.9999,0.0133,0,0.0142,-0.0134,0.9998,0,0.0062,19.525,-2.4818,1]},
{"frame":13,"values":[0.9997,-0.022,-0.0106,0,0.0222,0.9996,0.0148,0,0.0102,-0.015,0.9998,0,0.0062,19.525,-2.4818,1]},
{"frame":14,"values":[0.9992,-0.0391,-0.0068,0,0.0392,0.9991,0.0163,0,0.0062,-0.0166,0.9998,0,0.0062,19.525,-2.4818,1]},
{"frame":15,"values":[0.9984,-0.0562,-0.0104,0,0.0564,0.9982,0.0179,0,0.0093,-0.0184,0.9998,0,0.0062,19.525,-2.4818,1]},
{"frame":16,"values":[0.9972,-0.0733,-0.0139,0,0.0735,0.9971,0.0193,0,0.0124,-0.0203,0.9997,0,0.0062,19.525,-2.4818,1]},
{"frame":17,"values":[0.9979,-0.0639,-0.0067,0,0.064,0.9977,0.021,0,0.0054,-0.0214,0.9998,0,0.0062,19.525,-2.4818,1]},
{"frame":18,"values":[0.9985,-0.0546,0.0005,0,0.0545,0.9983,0.0225,0,-0.0017,-0.0225,0.9997,0,0.0062,19.525,-2.4818,1]},
{"frame":19,"values":[0.9989,-0.0452,0.0077,0,0.045,0.9987,0.024,0,-0.0087,-0.0237,0.9997,0,0.0062,19.525,-2.4818,1]},
{"frame":20,"values":[0.9992,-0.0359,0.0149,0,0.0355,0.999,0.0255,0,-0.0158,-0.0249,0.9996,0,0.0062,19.525,-2.4818,1]},
{"frame":21,"values":[0.9994,-0.0265,0.0221,0,0.0259,0.9993,0.0268,0,-0.0228,-0.0262,0.9994,0,0.0062,19.525,-2.4818,1]},
{"frame":22,"values":[0.9996,-0.0119,0.0264,0,0.0111,0.9995,0.0292,0,-0.0267,-0.0289,0.9992,0,0.0062,19.525,-2.4818,1]}],"loopBehavior":1,"name":"anim","property":"_matrix"}},
{"name":"mixamorig:Spine1","index":2,"matrix":[0.9968,-0.0257,0.0758,0,0.0213,0.9981,0.058,0,-0.0772,-0.0562,0.9954,0,-0.0009,22.835,-2.8254,1],"rest":[1,0,0,0,0,1,0,0,0,0,1,0,-0.0009,22.835,-2.8254,1],"parentBoneIndex":1,"length":26.7438
,"animation":{"dataType":3,"framePerSecond":24,"keys":[
{"frame":1,"values":[0.9968,-0.0257,0.0758,0,0.0213,0.9981,0.058,0,-0.0772,-0.0562,0.9954,0,-0.0009,22.835,-2.8254,1]},
{"frame":2,"values":[0.9961,-0.0161,0.0868,0,0.0109,0.9981,0.0604,0,-0.0876,-0.0592,0.9944,0,-0.0009,22.835,-2.8254,1]},
{"frame":3,"values":[0.9961,-0.0073,0.0879,0,0.0019,0.9981,0.0611,0,-0.0882,-0.0607,0.9943,0,-0.0009,22.835,-2.8254,1]},
{"frame":4,"values":[0.997,-0.0022,0.0774,0,-0.0027,0.998,0.0628,0,-0.0774,-0.0628,0.995,0,-0.0009,22.835,-2.8254,1]},
{"frame":5,"values":[0.9977,-0.0039,0.0677,0,-0.0005,0.9979,0.0645,0,-0.0678,-0.0643,0.9956,0,-0.0009,22.835,-2.8254,1]},
{"frame":6,"values":[0.9982,-0.0105,0.0591,0,0.0068,0.998,0.063,0,-0.0596,-0.0625,0.9963,0,-0.0009,22.835,-2.8254,1]},
{"frame":7,"values":[0.9989,-0.0188,0.0431,0,0.0163,0.9982,0.0581,0,-0.0441,-0.0573,0.9974,0,-0.0009,22.835,-2.8254,1]},
{"frame":8,"values":[0.9993,-0.027,0.0272,0,0.0257,0.9984,0.0495,0,-0.0285,-0.0487,0.9984,0,-0.0009,22.835,-2.8254,1]},
{"frame":9,"values":[0.9993,-0.0352,0.0111,0,0.0346,0.9984,0.0452,0,-0.0127,-0.0447,0.9989,0,-0.0009,22.835,-2.8254,1]},
{"frame":10,"values":[0.999,-0.0434,-0.0049,0,0.0435,0.9982,0.0407,0,0.0031,-0.0409,0.9992,0,-0.0009,22.835,-2.8254,1]},
{"frame":11,"values":[0.9984,-0.0516,-0.0208,0,0.0524,0.998,0.0361,0,0.0189,-0.0372,0.9991,0,-0.0009,22.835,-2.8254,1]},
{"frame":12,"values":[0.9975,-0.06,-0.0367,0,0.0611,0.9976,0.0314,0,0.0348,-0.0336,0.9988,0,-0.0009,22.835,-2.8254,1]},
{"frame":13,"values":[0.9963,-0.0681,-0.0527,0,0.07,0.997,0.0337,0,0.0502,-0.0373,0.998,0,-0.0009,22.835,-2.8254,1]},
{"frame":14,"values":[0.9963,-0.0764,-0.0387,0,0.0778,0.9963,0.0359,0,0.0358,-0.0388,0.9986,0,-0.0009,22.835,-2.8254,1]},
{"frame":15,"values":[0.9961,-0.0846,-0.0247,0,0.0855,0.9956,0.0382,0,0.0214,-0.0402,0.999,0,-0.0009,22.835,-2.8254,1]},
{"frame":16,"values":[0.9956,-0.0929,-0.0108,0,0.0932,0.9948,0.0407,0,0.0069,-0.0415,0.9991,0,-0.0009,22.835,-2.8254,1]},
{"frame":17,"values":[0.9967,-0.0815,0.0032,0,0.0813,0.9959,0.0405,0,-0.0065,-0.0401,0.9992,0,-0.0009,22.835,-2.8254,1]},
{"frame":18,"values":[0.9974,-0.07,0.0171,0,0.0692,0.9966,0.0442,0,-0.0202,-0.0429,0.9989,0,-0.0009,22.835,-2.8254,1]},
{"frame":19,"values":[0.9978,-0.0586,0.0311,0,0.0571,0.9972,0.0477,0,-0.0338,-0.0458,0.9984,0,-0.0009,22.835,-2.8254,1]},
{"frame":20,"values":[0.9979,-0.0472,0.0451,0,0.0449,0.9977,0.051,0,-0.0474,-0.0489,0.9977,0,-0.0009,22.835,-2.8254,1]},
{"frame":21,"values":[0.9976,-0.0358,0.0591,0,0.0326,0.998,0.0542,0,-0.0609,-0.0522,0.9968,0,-0.0009,22.835,-2.8254,1]},
{"frame":22,"values":[0.9968,-0.0257,0.0758,0,0.0213,0.9981,0.058,0,-0.0772,-0.0562,0.9954,0,-0.0009,22.835,-2.8254,1]}],"loopBehavior":1,"name":"anim","property":"_matrix"}},
{"name":"mixamorig:Spine2","index":3,"matrix":[0.9968,-0.0257,0.0758,0,0.0214,0.9981,0.0581,0,-0.0772,-0.0563,0.9954,0,-0.0206,26.5525,-3.1933,1],"rest":[1,0,0,0,0,1,0,0,0,0,1,0,-0.0206,26.5525,-3.1933,1],"parentBoneIndex":2,"length":24.825
,"animation":{"dataType":3,"framePerSecond":24,"keys":[
{"frame":1,"values":[0.9968,-0.0257,0.0758,0,0.0214,0.9981,0.0581,0,-0.0772,-0.0563,0.9954,0,-0.0206,26.5525,-3.1933,1]},
{"frame":2,"values":[0.9961,-0.0163,0.0867,0,0.011,0.9981,0.0605,0,-0.0875,-0.0593,0.9944,0,-0.0206,26.5525,-3.1933,1]},
{"frame":3,"values":[0.9961,-0.0073,0.0878,0,0.0019,0.9981,0.0612,0,-0.0881,-0.0608,0.9943,0,-0.0206,26.5525,-3.1933,1]},
{"frame":4,"values":[0.997,-0.002,0.0774,0,-0.0028,0.998,0.0628,0,-0.0774,-0.0628,0.995,0,-0.0206,26.5525,-3.1933,1]},
{"frame":5,"values":[0.9977,-0.0038,0.0677,0,-0.0006,0.9979,0.0644,0,-0.0678,-0.0643,0.9956,0,-0.0206,26.5525,-3.1933,1]},
{"frame":6,"values":[0.9982,-0.0105,0.0591,0,0.0068,0.998,0.063,0,-0.0596,-0.0625,0.9963,0,-0.0206,26.5525,-3.1933,1]},
{"frame":7,"values":[0.9989,-0.0188,0.0432,0,0.0162,0.9982,0.0581,0,-0.0442,-0.0574,0.9974,0,-0.0206,26.5525,-3.1933,1]},
{"frame":8,"values":[0.9993,-0.027,0.0272,0,0.0256,0.9984,0.0495,0,-0.0285,-0.0488,0.9984,0,-0.0206,26.5525,-3.1933,1]},
{"frame":9,"values":[0.9993,-0.0352,0.0112,0,0.0346,0.9984,0.0451,0,-0.0128,-0.0447,0.9989,0,-0.0206,26.5525,-3.1933,1]},
{"frame":10,"values":[0.999,-0.0434,-0.0048,0,0.0435,0.9982,0.0406,0,0.003,-0.0408,0.9992,0,-0.0206,26.5525,-3.1933,1]},
{"frame":11,"values":[0.9985,-0.0516,-0.0208,0,0.0524,0.998,0.0359,0,0.0189,-0.037,0.9991,0,-0.0206,26.5525,-3.1933,1]},
{"frame":12,"values":[0.9975,-0.06,-0.0367,0,0.0611,0.9976,0.0311,0,0.0347,-0.0333,0.9988,0,-0.0206,26.5525,-3.1933,1]},
{"frame":13,"values":[0.9963,-0.0681,-0.0526,0,0.07,0.997,0.0335,0,0.0502,-0.0371,0.9981,0,-0.0206,26.5525,-3.1933,1]},
{"frame":14,"values":[0.9963,-0.0764,-0.0386,0,0.0778,0.9963,0.0358,0,0.0357,-0.0387,0.9986,0,-0.0206,26.5525,-3.1933,1]},
{"frame":15,"values":[0.9961,-0.0846,-0.0247,0,0.0855,0.9956,0.0382,0,0.0213,-0.0402,0.999,0,-0.0206,26.5525,-3.1933,1]},
{"frame":16,"values":[0.9956,-0.0929,-0.0107,0,0.0933,0.9948,0.0407,0,0.0069,-0.0415,0.9991,0,-0.0206,26.5525,-3.1933,1]},
{"frame":17,"values":[0.9967,-0.0815,0.0033,0,0.0813,0.9959,0.0405,0,-0.0066,-0.0401,0.9992,0,-0.0206,26.5525,-3.1933,1]},
{"frame":18,"values":[0.9974,-0.0701,0.0172,0,0.0693,0.9966,0.0442,0,-0.0202,-0.0429,0.9989,0,-0.0206,26.5525,-3.1933,1]},
{"frame":19,"values":[0.9978,-0.0586,0.0311,0,0.0571,0.9972,0.0477,0,-0.0339,-0.0458,0.9984,0,-0.0206,26.5525,-3.1933,1]},
{"frame":20,"values":[0.9979,-0.0472,0.0451,0,0.0449,0.9977,0.051,0,-0.0474,-0.0489,0.9977,0,-0.0206,26.5525,-3.1933,1]},
{"frame":21,"values":[0.9976,-0.0359,0.0592,0,0.0327,0.998,0.0542,0,-0.061,-0.0521,0.9968,0,-0.0206,26.5525,-3.1933,1]},
{"frame":22,"values":[0.9968,-0.0257,0.0758,0,0.0214,0.9981,0.0581,0,-0.0772,-0.0563,0.9954,0,-0.0206,26.5525,-3.1933,1]}],"loopBehavior":1,"name":"anim","property":"_matrix"}},
{"name":"mixamorig:Neck","index":4,"matrix":[1,-0.0031,-0.0093,0,0.0033,0.9999,0.0141,0,0.0093,-0.0142,0.9999,0,-0.06,30.7018,1.3522,1],"rest":[1,0,0,0,0,1,0,0,0,0,1,0,-0.06,30.7018,1.3522,1],"parentBoneIndex":3,"length":22.8446
,"animation":{"dataType":3,"framePerSecond":24,"keys":[
{"frame":1,"values":[1,-0.0031,-0.0093,0,0.0033,0.9999,0.0141,0,0.0093,-0.0142,0.9999,0,-0.06,30.7018,1.3522,1]},
{"frame":2,"values":[0.9999,-0.0068,-0.0116,0,0.0069,0.9999,0.0104,0,0.0115,-0.0105,0.9999,0,-0.06,30.7018,1.3522,1]},
{"frame":3,"values":[0.9999,-0.0076,-0.0136,0,0.0077,0.9999,0.0068,0,0.0135,-0.0069,0.9999,0,-0.06,30.7018,1.3522,1]},
{"frame":4,"values":[0.9999,-0.0033,-0.0134,0,0.0034,1,0.0047,0,0.0134,-0.0048,0.9999,0,-0.06,30.7018,1.3522,1]},
{"frame":5,"values":[0.9999,-0.0004,-0.0106,0,0.0004,1,0.0049,0,0.0106,-0.0049,0.9999,0,-0.06,30.7018,1.3522,1]},
{"frame":6,"values":[1,-0.0026,-0.0072,0,0.0026,1,0.0062,0,0.0072,-0.0062,1,0,-0.06,30.7018,1.3522,1]},
{"frame":7,"values":[1,-0.0065,-0.0056,0,0.0065,1,0.0075,0,0.0056,-0.0075,1,0,-0.06,30.7018,1.3522,1]},
{"frame":8,"values":[1,-0.0079,-0.0041,0,0.0079,0.9999,0.0078,0,0.004,-0.0078,1,0,-0.06,30.7018,1.3522,1]},
{"frame":9,"values":[1,-0.0064,-0.0025,0,0.0064,1,0.0075,0,0.0024,-0.0075,1,0,-0.06,30.7019,1.3522,1]},
{"frame":10,"values":[1,-0.0009,-0.0009,0,0.0009,1,0.0092,0,0.0009,-0.0092,1,0,-0.06,30.7018,1.3522,1]},
{"frame":11,"values":[1,0.0046,0.0006,0,-0.0046,0.9999,0.0109,0,-0.0006,-0.0109,0.9999,0,-0.06,30.7018,1.3522,1]},
{"frame":12,"values":[0.9999,0.0101,0.0022,0,-0.0101,0.9999,0.0125,0,-0.0021,-0.0126,0.9999,0,-0.06,30.7018,1.3522,1]},
{"frame":13,"values":[0.9999,0.0155,0.0038,0,-0.0156,0.9998,0.0142,0,-0.0036,-0.0143,0.9999,0,-0.06,30.7018,1.3522,1]},
{"frame":14,"values":[0.9999,0.0136,0.0025,0,-0.0136,0.9998,0.0159,0,-0.0023,-0.0159,0.9999,0,-0.06,30.7018,1.3522,1]},
{"frame":15,"values":[0.9999,0.0116,0.0011,0,-0.0116,0.9998,0.0176,0,-0.0009,-0.0176,0.9998,0,-0.06,30.7018,1.3522,1]},
{"frame":16,"values":[1,0.0096,-0.0002,0,-0.0096,0.9998,0.0193,0,0.0004,-0.0193,0.9998,0,-0.06,30.7018,1.3522,1]},
{"frame":17,"values":[1,0.0077,-0.0016,0,-0.0076,0.9998,0.021,0,0.0017,-0.021,0.9998,0,-0.06,30.7018,1.3522,1]},
{"frame":18,"values":[1,0.009,-0.0029,0,-0.0089,0.9997,0.0227,0,0.0031,-0.0226,0.9997,0,-0.06,30.7018,1.3522,1]},
{"frame":19,"values":[1,0.0065,-0.0042,0,-0.0064,0.9997,0.0243,0,0.0044,-0.0243,0.9997,0,-0.06,30.7018,1.3522,1]},
{"frame":20,"values":[1,0.0041,-0.0056,0,-0.004,0.9998,0.0211,0,0.0057,-0.0211,0.9998,0,-0.06,30.7018,1.3522,1]},
{"frame":21,"values":[1,0.0016,-0.0069,0,-0.0015,0.9998,0.0179,0,0.0069,-0.0179,0.9998,0,-0.06,30.7018,1.3522,1]},
{"frame":22,"values":[1,-0.0031,-0.0093,0,0.0033,0.9999,0.0141,0,0.0093,-0.0142,0.9999,0,-0.06,30.7018,1.3522,1]}],"loopBehavior":1,"name":"anim","property":"_matrix"}},
{"name":"mixamorig:Head","index":5,"matrix":[0.9991,-0.002,-0.0421,0,-0.0056,0.9841,-0.1778,0,0.0417,0.1778,0.9832,0,-0.0872,22.5476,3.6709,1],"rest":[1,0,0,0,0,1,0,0,0,0,1,0,-0.0872,22.5476,3.6709,1],"parentBoneIndex":4,"length":30.5923
,"animation":{"dataType":3,"framePerSecond":24,"keys":[
{"frame":1,"values":[0.9991,-0.002,-0.0421,0,-0.0056,0.9841,-0.1778,0,0.0417,0.1778,0.9832,0,-0.0872,22.5476,3.6709,1]},
{"frame":2,"values":[0.9985,-0.0185,-0.0513,0,0.0087,0.9827,-0.185,0,0.0538,0.1843,0.9814,0,-0.0872,22.5476,3.6709,1]},
{"frame":3,"values":[0.9976,-0.0304,-0.0615,0,0.018,0.981,-0.1931,0,0.0662,0.1915,0.9793,0,-0.0872,22.5476,3.6709,1]},
{"frame":4,"values":[0.9976,-0.0261,-0.0645,0,0.0126,0.9793,-0.2019,0,0.0684,0.2006,0.9773,0,-0.0872,22.5476,3.6709,1]},
{"frame":5,"values":[0.9986,-0.0046,-0.0519,0,-0.0057,0.9804,-0.1969,0,0.0518,0.1969,0.9791,0,-0.0872,22.5476,3.6709,1]},
{"frame":6,"values":[0.9994,0.0182,-0.0298,0,-0.0233,0.9838,-0.1778,0,0.0261,0.1784,0.9836,0,-0.0872,22.5477,3.6709,1]},
{"frame":7,"values":[0.9993,0.0288,-0.0249,0,-0.0324,0.987,-0.1575,0,0.0201,0.1582,0.9872,0,-0.0872,22.5476,3.6709,1]},
{"frame":8,"values":[0.9994,0.0287,-0.02,0,-0.0313,0.9887,-0.1468,0,0.0156,0.1473,0.989,0,-0.0872,22.5477,3.6709,1]},
{"frame":9,"values":[0.9995,0.027,-0.0151,0,-0.029,0.988,-0.1518,0,0.0108,0.1521,0.9883,0,-0.0872,22.5476,3.6709,1]},
{"frame":10,"values":[0.9994,0.0341,-0.0102,0,-0.0353,0.9854,-0.1664,0,0.0044,0.1667,0.986,0,-0.0872,22.5476,3.6709,1]},
{"frame":11,"values":[0.9991,0.0412,-0.0053,0,-0.0415,0.9843,-0.1716,0,-0.0018,0.1717,0.9851,0,-0.0872,22.5476,3.6709,1]},
{"frame":12,"values":[0.9988,0.0482,-0.0004,0,-0.0477,0.9856,-0.1625,0,-0.0074,0.1623,0.9867,0,-0.0872,22.5476,3.6709,1]},
{"frame":13,"values":[0.9985,0.0553,0.0045,0,-0.0539,0.9867,-0.1533,0,-0.0129,0.1528,0.9882,0,-0.0872,22.5476,3.6709,1]},
{"frame":14,"values":[0.998,0.0623,0.0094,0,-0.0601,0.9858,-0.1568,0,-0.019,0.156,0.9876,0,-0.0872,22.5476,3.6709,1]},
{"frame":15,"values":[0.9976,0.0694,0.0033,0,-0.0679,0.9847,-0.1604,0,-0.0144,0.1598,0.9871,0,-0.0872,22.5476,3.6709,1]},
{"frame":16,"values":[0.9982,0.0606,-0.0027,0,-0.0603,0.9866,-0.1514,0,-0.0065,0.1513,0.9885,0,-0.0872,22.5477,3.6709,1]},
{"frame":17,"values":[0.9986,0.0518,-0.0088,0,-0.0526,0.9884,-0.1425,0,0.0013,0.1427,0.9898,0,-0.0872,22.5476,3.6709,1]},
{"frame":18,"values":[0.999,0.0431,-0.015,0,-0.0448,0.99,-0.1336,0,0.0091,0.1341,0.9909,0,-0.0872,22.5477,3.6709,1]},
{"frame":19,"values":[0.9992,0.0345,-0.0212,0,-0.0372,0.9887,-0.1452,0,0.016,0.1458,0.9892,0,-0.0872,22.5476,3.6709,1]},
{"frame":20,"values":[0.9993,0.0257,-0.0273,0,-0.0297,0.9872,-0.1568,0,0.0229,0.1575,0.9873,0,-0.0872,22.5476,3.6709,1]},
{"frame":21,"values":[0.9993,0.0169,-0.0333,0,-0.0223,0.9855,-0.1685,0,0.03,0.1691,0.9851,0,-0.0872,22.5476,3.6709,1]},
{"frame":22,"values":[0.9991,-0.002,-0.0421,0,-0.0056,0.9841,-0.1778,0,0.0417,0.1778,0.9832,0,-0.0872,22.5476,3.6709,1]}],"loopBehavior":1,"name":"anim","property":"_matrix"}},
{"name":"mixamorig:HeadTop_End","index":6,"matrix":[1,0,0,0,0,1,0,0,0,0,1,0,-0.8306,40.3552,7.8935,1],"rest":[1,0,0,0,0,1,0,0,0,0,1,0,-0.8306,40.3552,7.8935,1],"parentBoneIndex":5,"length":30.5923
,"animation":{"dataType":3,"framePerSecond":24,"keys":[
{"frame":1,"values":[1,0,0,0,0,1,0,0,0,0,1,0,-0.8306,40.3552,7.8935,1]},
{"frame":21,"values":[1,0,0,0,0,1,0,0,0,0,1,0,-0.8306,40.3553,7.8935,1]},
{"frame":22,"values":[1,0,0,0,0,1,0,0,0,0,1,0,-0.8306,40.3552,7.8935,1]}],"loopBehavior":1,"name":"anim","property":"_matrix"}},
{"name":"mixamorig:RightEye","index":7,"matrix":[1,0,0,0,0,1,0,0,0,0,1,0,-6.3021,18.1186,16.1971,1],"rest":[1,0,0,0,0,1,0,0,0,0,1,0,-6.3021,18.1186,16.1971,1],"parentBoneIndex":5,"length":30.5923
,"animation":{"dataType":3,"framePerSecond":24,"keys":[
{"frame":1,"values":[1,0,0,0,0,1,0,0,0,0,1,0,-6.3021,18.1186,16.1971,1]},
{"frame":8,"values":[1,0,0,0,0,1,0,0,0,0,1,0,-6.3021,18.1185,16.1971,1]},
{"frame":9,"values":[1,0,0,0,0,1,0,0,0,0,1,0,-6.3021,18.1186,16.1971,1]},
{"frame":22,"values":[1,0,0,0,0,1,0,0,0,0,1,0,-6.3021,18.1186,16.1971,1]}],"loopBehavior":1,"name":"anim","property":"_matrix"}},
{"name":"mixamorig:LeftEye","index":8,"matrix":[1,0,0,0,0,1,0,0,0,0,1,0,6.7415,18.3827,16.4019,1],"rest":[1,0,0,0,0,1,0,0,0,0,1,0,6.7415,18.3827,16.4019,1],"parentBoneIndex":5,"length":30.5923
,"animation":{"dataType":3,"framePerSecond":24,"keys":[
{"frame":1,"values":[1,0,0,0,0,1,0,0,0,0,1,0,6.7415,18.3827,16.4019,1]},
{"frame":19,"values":[1,0,0,0,0,1,0,0,0,0,1,0,6.7415,18.3826,16.4019,1]},
{"frame":20,"values":[1,0,0,0,0,1,0,0,0,0,1,0,6.7415,18.3827,16.4019,1]},
{"frame":22,"values":[1,0,0,0,0,1,0,0,0,0,1,0,6.7415,18.3827,16.4019,1]}],"loopBehavior":1,"name":"anim","property":"_matrix"}},
{"name":"mixamorig:LeftShoulder","index":9,"matrix":[0.9757,-0.1952,0.0997,0,0.1928,0.9807,0.0337,0,-0.1043,-0.0137,0.9944,0,11.9249,18.2305,1.4254,1],"rest":[1,0.0062,0,0,-0.0062,1,0,0,0,0,1,0,11.9249,18.2305,1.4254,1],"parentBoneIndex":3,"length":25.9773
,"animation":{"dataType":3,"framePerSecond":24,"keys":[
{"frame":1,"values":[0.9757,-0.1952,0.0997,0,0.1928,0.9807,0.0337,0,-0.1043,-0.0137,0.9944,0,11.9249,18.2305,1.4254,1]},
{"frame":2,"values":[0.9754,-0.1977,0.0979,0,0.1953,0.9802,0.0337,0,-0.1026,-0.0138,0.9946,0,11.9249,18.2305,1.4254,1]},
{"frame":3,"values":[0.9753,-0.199,0.0959,0,0.1966,0.9799,0.0335,0,-0.1006,-0.0138,0.9948,0,11.9249,18.2305,1.4254,1]},
{"frame":4,"values":[0.9753,-0.1991,0.0954,0,0.1968,0.9799,0.0334,0,-0.1001,-0.0138,0.9949,0,11.9249,18.2305,1.4254,1]},
{"frame":5,"values":[0.975,-0.2002,0.0961,0,0.1979,0.9796,0.0337,0,-0.1009,-0.0139,0.9948,0,11.9249,18.2305,1.4254,1]},
{"frame":6,"values":[0.9754,-0.1998,0.0935,0,0.1975,0.9797,0.0331,0,-0.0982,-0.0138,0.9951,0,11.9249,18.2305,1.4254,1]},
{"frame":7,"values":[0.9768,-0.1958,0.087,0,0.1936,0.9805,0.0331,0,-0.0918,-0.0155,0.9957,0,11.9249,18.2305,1.4254,1]},
{"frame":8,"values":[0.9777,-0.1926,0.0833,0,0.1905,0.9811,0.033,0,-0.0881,-0.0164,0.996,0,11.9249,18.2305,1.4254,1]},
{"frame":9,"values":[0.9771,-0.1939,0.0874,0,0.1917,0.9809,0.033,0,-0.0921,-0.0155,0.9956,0,11.9249,18.2305,1.4254,1]},
{"frame":10,"values":[0.9761,-0.1952,0.0958,0,0.1928,0.9807,0.0329,0,-0.1003,-0.0137,0.9949,0,11.9249,18.2305,1.4254,1]},
{"frame":11,"values":[0.9762,-0.192,0.1004,0,0.1896,0.9813,0.033,0,-0.1048,-0.0131,0.9944,0,11.9249,18.2305,1.4254,1]},
{"frame":12,"values":[0.9767,-0.1906,0.0984,0,0.1882,0.9816,0.033,0,-0.1029,-0.0137,0.9946,0,11.9249,18.2305,1.4254,1]},
{"frame":13,"values":[0.9773,-0.1892,0.095,0,0.1869,0.9818,0.0331,0,-0.0996,-0.0146,0.9949,0,11.9249,18.2305,1.4254,1]},
{"frame":14,"values":[0.9775,-0.1878,0.0958,0,0.1854,0.9821,0.0331,0,-0.1003,-0.0146,0.9948,0,11.9249,18.2305,1.4254,1]},
{"frame":15,"values":[0.9778,-0.1863,0.096,0,0.184,0.9824,0.0332,0,-0.1005,-0.0148,0.9948,0,11.9249,18.2305,1.4254,1]},
{"frame":16,"values":[0.9777,-0.1865,0.0961,0,0.1841,0.9823,0.0333,0,-0.1007,-0.0148,0.9948,0,11.9249,18.2305,1.4254,1]},
{"frame":17,"values":[0.9777,-0.1867,0.0963,0,0.1843,0.9823,0.0333,0,-0.1008,-0.0148,0.9948,0,11.9249,18.2305,1.4254,1]},
{"frame":18,"values":[0.9776,-0.1862,0.098,0,0.1837,0.9824,0.0334,0,-0.1025,-0.0146,0.9946,0,11.9249,18.2305,1.4254,1]},
{"frame":19,"values":[0.9775,-0.1856,0.0997,0,0.1832,0.9825,0.0334,0,-0.1042,-0.0144,0.9945,0,11.9249,18.2305,1.4254,1]},
{"frame":20,"values":[0.9767,-0.1889,0.1015,0,0.1864,0.9819,0.0335,0,-0.106,-0.0138,0.9943,0,11.9249,18.2305,1.4254,1]},
{"frame":21,"values":[0.9761,-0.1922,0.101,0,0.1897,0.9813,0.0335,0,-0.1055,-0.0136,0.9943,0,11.9249,18.2305,1.4254,1]},
{"frame":22,"values":[0.9757,-0.1952,0.0997,0,0.1928,0.9807,0.0337,0,-0.1043,-0.0137,0.9944,0,11.9249,18.2305,1.4254,1]}],"loopBehavior":1,"name":"anim","property":"_matrix"}},
{"name":"mixamorig:LeftArm","index":10,"matrix":[0.5964,-0.7191,0.3567,0,0.7753,0.6311,-0.024,0,-0.2078,0.2908,0.9339,0,25.4312,-0.8547,-5.2293,1],"rest":[0.9983,0.0295,0.0512,0,-0.0294,0.9996,-0.0017,0,-0.0512,0.0002,0.9987,0,25.4312,-0.8546,-5.2293,1],"parentBoneIndex":9,"length":54.6847
,"animation":{"dataType":3,"framePerSecond":24,"keys":[
{"frame":1,"values":[0.5964,-0.7191,0.3567,0,0.7753,0.6311,-0.024,0,-0.2078,0.2908,0.9339,0,25.4312,-0.8546,-5.2293,1]},
{"frame":2,"values":[0.6016,-0.6987,0.3871,0,0.77,0.6363,-0.0482,0,-0.2126,0.3271,0.9208,0,25.4312,-0.8546,-5.2293,1]},
{"frame":3,"values":[0.6005,-0.714,0.36,0,0.7827,0.6169,-0.0819,0,-0.1636,0.331,0.9293,0,25.4312,-0.8546,-5.2293,1]},
{"frame":4,"values":[0.5814,-0.763,0.2824,0,0.8103,0.5744,-0.1161,0,-0.0736,0.2964,0.9522,0,25.4312,-0.8546,-5.2293,1]},
{"frame":5,"values":[0.5614,-0.7967,0.224,0,0.8272,0.5479,-0.1243,0,-0.0237,0.2551,0.9666,0,25.4312,-0.8546,-5.2293,1]},
{"frame":6,"values":[0.5518,-0.8122,0.1895,0,0.8339,0.5413,-0.1082,0,-0.0147,0.2177,0.9759,0,25.4312,-0.8546,-5.2293,1]},
{"frame":7,"values":[0.5459,-0.8213,0.1656,0,0.8378,0.5364,-0.1015,0,-0.0054,0.1942,0.981,0,25.4312,-0.8546,-5.2293,1]},
{"frame":8,"values":[0.5412,-0.8302,0.1333,0,0.8398,0.5256,-0.1361,0,0.0429,0.1856,0.9817,0,25.4312,-0.8546,-5.2293,1]},
{"frame":9,"values":[0.5314,-0.8441,0.0717,0,0.8383,0.5117,-0.1882,0,0.1222,0.1602,0.9795,0,25.4312,-0.8547,-5.2293,1]},
{"frame":10,"values":[0.5191,-0.8542,-0.0308,0,0.8258,0.5105,-0.2395,0,0.2203,0.0988,0.9704,0,25.4312,-0.8546,-5.2293,1]},
{"frame":11,"values":[0.5043,-0.8603,-0.0745,0,0.8147,0.5026,-0.2891,0,0.2861,0.0851,0.9544,0,25.4312,-0.8546,-5.2293,1]},
{"frame":12,"values":[0.4883,-0.8647,-0.1179,0,0.8224,0.5011,-0.2695,0,0.2921,0.0346,0.9558,0,25.4312,-0.8547,-5.2293,1]},
{"frame":13,"values":[0.4719,-0.8668,-0.1613,0,0.8301,0.4985,-0.25,0,0.2971,-0.0159,0.9547,0,25.4312,-0.8546,-5.2293,1]},
{"frame":14,"values":[0.4826,-0.8517,-0.2044,0,0.8219,0.521,-0.2304,0,0.3027,-0.0568,0.9514,0,25.4312,-0.8547,-5.2293,1]},
{"frame":15,"values":[0.4928,-0.8344,-0.2468,0,0.8135,0.5424,-0.2097,0,0.3089,-0.0975,0.9461,0,25.4312,-0.8547,-5.2293,1]},
{"frame":16,"values":[0.5169,-0.8415,-0.1569,0,0.819,0.5395,-0.1953,0,0.249,-0.0275,0.9681,0,25.4312,-0.8546,-5.2293,1]},
{"frame":17,"values":[0.537,-0.841,-0.0656,0,0.8263,0.5401,-0.1599,0,0.1699,0.0317,0.9849,0,25.4312,-0.8546,-5.2293,1]},
{"frame":18,"values":[0.5573,-0.8299,0.0263,0,0.8257,0.5506,-0.1225,0,0.0872,0.09,0.9921,0,25.4312,-0.8547,-5.2293,1]},
{"frame":19,"values":[0.5737,-0.8131,0.0985,0,0.819,0.5676,-0.0842,0,0.0126,0.129,0.9916,0,25.4312,-0.8547,-5.2293,1]},
{"frame":20,"values":[0.5851,-0.7871,0.1951,0,0.8071,0.5888,-0.0449,0,-0.0795,0.1838,0.9797,0,25.4312,-0.8547,-5.2293,1]},
{"frame":21,"values":[0.5871,-0.7555,0.2908,0,0.7911,0.6116,-0.0081,0,-0.1717,0.2348,0.9568,0,25.4312,-0.8546,-5.2293,1]},
{"frame":22,"values":[0.5964,-0.7191,0.3567,0,0.7753,0.6311,-0.024,0,-0.2078,0.2908,0.9339,0,25.4312,-0.8547,-5.2293,1]}],"loopBehavior":1,"name":"anim","property":"_matrix"}},
{"name":"mixamorig:LeftForeArm","index":11,"matrix":[0.769,-0.0007,0.6392,0,0.015,0.9997,-0.0171,0,-0.6391,0.0227,0.7688,0,54.5783,-1.9463,-2.8009,1],"rest":[0.9943,-0.0088,-0.1062,0,0.0091,1,0.0028,0,0.1061,-0.0038,0.9943,0,54.5783,-1.9463,-2.8009,1],"parentBoneIndex":10,"length":55.0982
,"animation":{"dataType":3,"framePerSecond":24,"keys":[
{"frame":1,"values":[0.769,-0.0007,0.6392,0,0.015,0.9997,-0.0171,0,-0.6391,0.0227,0.7688,0,54.5783,-1.9463,-2.8009,1]},
{"frame":2,"values":[0.7151,0.0013,0.6991,0,0.0165,0.9997,-0.0187,0,-0.6989,0.0249,0.7148,0,54.5783,-1.9463,-2.8009,1]},
{"frame":3,"values":[0.6959,0.002,0.7181,0,0.017,0.9997,-0.0192,0,-0.7179,0.0255,0.6957,0,54.5783,-1.9463,-2.8009,1]},
{"frame":4,"values":[0.7327,0.0006,0.6806,0,0.016,0.9997,-0.0182,0,-0.6804,0.0242,0.7325,0,54.5783,-1.9463,-2.8009,1]},
{"frame":5,"values":[0.8,-0.0018,0.6,0,0.0142,0.9998,-0.016,0,-0.5999,0.0213,0.7998,0,54.5783,-1.9463,-2.8009,1]},
{"frame":6,"values":[0.8876,-0.0049,0.4606,0,0.0119,0.9999,-0.0123,0,-0.4605,0.0164,0.8875,0,54.5783,-1.9463,-2.8009,1]},
{"frame":7,"values":[0.9352,-0.0075,0.3539,0,0.0122,0.9999,-0.0112,0,-0.3538,0.0148,0.9352,0,54.5783,-1.9463,-2.8009,1]},
{"frame":8,"values":[0.9701,-0.0087,0.2424,0,0.0114,0.9999,-0.0098,0,-0.2423,0.0123,0.9701,0,54.5783,-1.9463,-2.8009,1]},
{"frame":9,"values":[0.9918,-0.009,0.1277,0,0.0102,0.9999,-0.0082,0,-0.1277,0.0094,0.9918,0,54.5784,-1.9463,-2.8009,1]},
{"frame":10,"values":[0.9999,-0.0091,0.0109,0,0.0092,0.9999,-0.0064,0,-0.0108,0.0065,0.9999,0,54.5783,-1.9463,-2.8009,1]},
{"frame":11,"values":[0.9944,-0.0088,-0.1057,0,0.0084,1,-0.0045,0,0.1057,0.0036,0.9944,0,54.5783,-1.9463,-2.8009,1]},
{"frame":12,"values":[0.9993,-0.0088,-0.0375,0,0.0087,1,-0.0027,0,0.0375,0.0024,0.9993,0,54.5783,-1.9463,-2.8009,1]},
{"frame":13,"values":[0.9995,-0.0087,0.0309,0,0.0087,1,-0.0009,0,-0.0308,0.0011,0.9995,0,54.5783,-1.9463,-2.8009,1]},
{"frame":14,"values":[0.995,-0.0087,0.0991,0,0.0086,1,0.001,0,-0.0991,-0.0001,0.9951,0,54.5783,-1.9463,-2.8009,1]},
{"frame":15,"values":[0.9859,-0.0088,0.1669,0,0.0084,1,0.0028,0,-0.1669,-0.0014,0.986,0,54.5783,-1.9463,-2.8009,1]},
{"frame":16,"values":[0.9722,-0.0088,0.2338,0,0.0092,1,-0.0005,0,-0.2338,0.0026,0.9723,0,54.5783,-1.9463,-2.8009,1]},
{"frame":17,"values":[0.954,-0.0085,0.2997,0,0.0101,0.9999,-0.0037,0,-0.2997,0.0066,0.954,0,54.5783,-1.9463,-2.8009,1]},
{"frame":18,"values":[0.9313,-0.0078,0.3642,0,0.0109,0.9999,-0.0066,0,-0.3641,0.0101,0.9313,0,54.5783,-1.9463,-2.8009,1]},
{"frame":19,"values":[0.9042,-0.0067,0.427,0,0.0119,0.9999,-0.0095,0,-0.4269,0.0137,0.9042,0,54.5783,-1.9463,-2.8009,1]},
{"frame":20,"values":[0.8729,-0.0055,0.4878,0,0.0131,0.9998,-0.0122,0,-0.4876,0.0171,0.8729,0,54.5783,-1.9463,-2.8009,1]},
{"frame":21,"values":[0.8376,-0.0031,0.5463,0,0.0132,0.9998,-0.0146,0,-0.5462,0.0194,0.8375,0,54.5783,-1.9463,-2.8009,1]},
{"frame":22,"values":[0.769,-0.0007,0.6392,0,0.015,0.9997,-0.0171,0,-0.6391,0.0227,0.7688,0,54.5783,-1.9463,-2.8009,1]}],"loopBehavior":1,"name":"anim","property":"_matrix"}},
{"name":"mixamorig:LeftHand","index":12,"matrix":[0.9939,0.0438,0.1016,0,-0.0743,0.9448,0.3192,0,-0.082,-0.3248,0.9422,0,54.9948,-1.4671,3.0376,1],"rest":[0.9961,0.088,0.001,0,-0.0871,0.9842,0.154,0,0.0125,-0.1535,0.9881,0,54.9948,-1.4671,3.0376,1],"parentBoneIndex":11,"length":20.3347
,"animation":{"dataType":3,"framePerSecond":24,"keys":[
{"frame":1,"values":[0.9939,0.0438,0.1016,0,-0.0743,0.9448,0.3192,0,-0.082,-0.3248,0.9422,0,54.9948,-1.4671,3.0376,1]},
{"frame":2,"values":[0.9903,0.0864,0.1091,0,-0.1171,0.9411,0.3172,0,-0.0753,-0.3269,0.9421,0,54.9948,-1.4671,3.0376,1]},
{"frame":3,"values":[0.9871,0.1146,0.112,0,-0.1439,0.9415,0.3047,0,-0.0706,-0.3169,0.9458,0,54.9948,-1.4671,3.0376,1]},
{"frame":4,"values":[0.9876,0.1198,0.1014,0,-0.143,0.9532,0.2664,0,-0.0648,-0.2776,0.9585,0,54.9948,-1.4671,3.0376,1]},
{"frame":5,"values":[0.9923,0.0897,0.085,0,-0.1073,0.9667,0.2322,0,-0.0614,-0.2396,0.9689,0,54.9948,-1.4671,3.0376,1]},
{"frame":6,"values":[0.9957,0.0167,0.0909,0,-0.0415,0.9596,0.2781,0,-0.0826,-0.2807,0.9562,0,54.9948,-1.4671,3.0376,1]},
{"frame":7,"values":[0.9947,-0.0553,0.0863,0,0.0227,0.9398,0.341,0,-0.0999,-0.3372,0.9361,0,54.9948,-1.4671,3.0376,1]},
{"frame":8,"values":[0.9934,-0.08,0.0817,0,0.0406,0.9146,0.4023,0,-0.1069,-0.3964,0.9118,0,54.9948,-1.4671,3.0376,1]},
{"frame":9,"values":[0.9941,-0.0772,0.0765,0,0.0333,0.8864,0.4618,0,-0.1034,-0.4565,0.8837,0,54.9948,-1.4671,3.0376,1]},
{"frame":10,"values":[0.9947,-0.0741,0.0715,0,0.0263,0.8541,0.5195,0,-0.0995,-0.5149,0.8515,0,54.9948,-1.4671,3.0376,1]},
{"frame":11,"values":[0.9953,-0.0705,0.0667,0,0.0195,0.8179,0.5751,0,-0.0951,-0.5711,0.8154,0,54.9948,-1.4671,3.0376,1]},
{"frame":12,"values":[0.9958,-0.0667,0.0621,0,0.013,0.778,0.6281,0,-0.0902,-0.6247,0.7756,0,54.9948,-1.4671,3.0376,1]},
{"frame":13,"values":[0.9964,-0.0626,0.0578,0,0.0068,0.7348,0.6783,0,-0.085,-0.6754,0.7325,0,54.9948,-1.4671,3.0376,1]},
{"frame":14,"values":[0.9968,-0.0583,0.0539,0,0.0011,0.6885,0.7253,0,-0.0793,-0.7229,0.6864,0,54.9948,-1.4671,3.0376,1]},
{"frame":15,"values":[0.9965,-0.0597,0.0593,0,0.0039,0.7369,0.676,0,-0.084,-0.6734,0.7345,0,54.9948,-1.4671,3.0376,1]},
{"frame":16,"values":[0.996,-0.0607,0.0649,0,0.0071,0.782,0.6232,0,-0.0886,-0.6203,0.7793,0,54.9948,-1.4671,3.0376,1]},
{"frame":17,"values":[0.9956,-0.0614,0.0705,0,0.0106,0.8234,0.5673,0,-0.0929,-0.5641,0.8205,0,54.9948,-1.4671,3.0376,1]},
{"frame":18,"values":[0.9952,-0.0616,0.0762,0,0.0144,0.8608,0.5087,0,-0.0969,-0.5052,0.8576,0,54.9948,-1.4671,3.0376,1]},
{"frame":19,"values":[0.9948,-0.0615,0.0818,0,0.0184,0.8939,0.4478,0,-0.1007,-0.4439,0.8904,0,54.9948,-1.4671,3.0376,1]},
{"frame":20,"values":[0.9943,-0.0609,0.0874,0,0.0227,0.9226,0.385,0,-0.1041,-0.3808,0.9188,0,54.9948,-1.4671,3.0376,1]},
{"frame":21,"values":[0.9956,-0.0066,0.093,0,-0.0236,0.947,0.3203,0,-0.0902,-0.3211,0.9428,0,54.9948,-1.4671,3.0376,1]},
{"frame":22,"values":[0.9939,0.0438,0.1016,0,-0.0743,0.9448,0.3192,0,-0.082,-0.3248,0.9422,0,54.9948,-1.4671,3.0376,1]}],"loopBehavior":1,"name":"anim","property":"_matrix"}},
{"name":"mixamorig:LeftHandMiddle1","index":13,"matrix":[0.9388,-0.3404,0.0529,0,0.3397,0.9403,0.022,0,-0.0572,-0.0027,0.9984,0,23.1821,-2.445,1.6605,1],"rest":[0.9974,-0.0561,0.045,0,0.0561,0.9984,0.0005,0,-0.045,0.002,0.999,0,23.1821,-2.445,1.6605,1],"parentBoneIndex":12,"length":6.3787
,"animation":{"dataType":3,"framePerSecond":24,"keys":[
{"frame":1,"values":[0.9388,-0.3404,0.0529,0,0.3397,0.9403,0.022,0,-0.0572,-0.0027,0.9984,0,23.1821,-2.445,1.6605,1]},
{"frame":22,"values":[0.9388,-0.3404,0.0529,0,0.3397,0.9403,0.022,0,-0.0572,-0.0027,0.9984,0,23.1821,-2.445,1.6605,1]}],"loopBehavior":1,"name":"anim","property":"_matrix"}},
{"name":"mixamorig:LeftHandMiddle2","index":14,"matrix":[0.9876,-0.1566,0.0068,0,0.1566,0.9877,0.0042,0,-0.0074,-0.003,1,0,6.3689,-0.3109,0.167,1],"rest":[0.991,0.1341,-0.0042,0,-0.1342,0.991,-0.0031,0,0.0038,0.0036,1,0,6.3689,-0.3109,0.167,1],"parentBoneIndex":13,"length":6.1483
,"animation":{"dataType":3,"framePerSecond":24,"keys":[
{"frame":1,"values":[0.9876,-0.1566,0.0068,0,0.1566,0.9877,0.0042,0,-0.0074,-0.003,1,0,6.3689,-0.3109,0.167,1]},
{"frame":22,"values":[0.9876,-0.1566,0.0068,0,0.1566,0.9877,0.0042,0,-0.0074,-0.003,1,0,6.3689,-0.3109,0.167,1]}],"loopBehavior":1,"name":"anim","property":"_matrix"}},
{"name":"mixamorig:LeftHandMiddle3","index":15,"matrix":[0.9564,-0.292,0.0061,0,0.292,0.9564,0.0092,0,-0.0085,-0.007,0.9999,0,6.0425,-1.121,0.183,1],"rest":[1,-0.0048,-0.0038,0,0.0048,1,0.0008,0,0.0038,-0.0009,1,0,6.0425,-1.121,0.183,1],"parentBoneIndex":14,"length":6.5825
,"animation":{"dataType":3,"framePerSecond":24,"keys":[
{"frame":1,"values":[0.9564,-0.292,0.0061,0,0.292,0.9564,0.0092,0,-0.0085,-0.007,0.9999,0,6.0425,-1.121,0.183,1]},
{"frame":2,"values":[0.9564,-0.292,0.0061,0,0.2919,0.9564,0.0092,0,-0.0085,-0.007,0.9999,0,6.0425,-1.121,0.183,1]},
{"frame":3,"values":[0.9564,-0.292,0.0061,0,0.292,0.9564,0.0092,0,-0.0085,-0.007,0.9999,0,6.0425,-1.121,0.183,1]},
{"frame":21,"values":[0.9564,-0.292,0.0061,0,0.2919,0.9564,0.0092,0,-0.0085,-0.007,0.9999,0,6.0425,-1.121,0.183,1]},
{"frame":22,"values":[0.9564,-0.292,0.0061,0,0.292,0.9564,0.0092,0,-0.0085,-0.007,0.9999,0,6.0425,-1.121,0.183,1]}],"loopBehavior":1,"name":"anim","property":"_matrix"}},
{"name":"mixamorig:LeftHandMiddle4","index":16,"matrix":[1,0,0,0,0,1,0,0,0,0,1,0,6.4741,-1.1689,0.2214,1],"rest":[1,0,0,0,0,1,0,0,0,0,1,0,6.4741,-1.1689,0.2214,1],"parentBoneIndex":15,"length":6.5825
,"animation":{"dataType":3,"framePerSecond":24,"keys":[
{"frame":1,"values":[1,0,0,0,0,1,0,0,0,0,1,0,6.4741,-1.1689,0.2214,1]},
{"frame":22,"values":[1,0,0,0,0,1,0,0,0,0,1,0,6.4741,-1.1689,0.2214,1]}],"loopBehavior":1,"name":"anim","property":"_matrix"}},
{"name":"mixamorig:LeftHandThumb1","index":17,"matrix":[0.9738,-0.0291,-0.2257,0,0.0478,0.9958,0.078,0,0.2225,-0.0867,0.9711,0,6.4451,-3.6637,6.4601,1],"rest":[0.993,-0.1184,-0.0054,0,0.1183,0.9883,0.0962,0,-0.006,-0.0961,0.9953,0,6.4451,-3.6637,6.4601,1],"parentBoneIndex":12,"length":8.4798
,"animation":{"dataType":3,"framePerSecond":24,"keys":[
{"frame":1,"values":[0.9738,-0.0291,-0.2257,0,0.0478,0.9958,0.078,0,0.2225,-0.0867,0.9711,0,6.4451,-3.6637,6.4601,1]},
{"frame":22,"values":[0.9738,-0.0291,-0.2257,0,0.0478,0.9958,0.078,0,0.2225,-0.0867,0.9711,0,6.4451,-3.6637,6.4601,1]}],"loopBehavior":1,"name":"anim","property":"_matrix"}},
{"name":"mixamorig:LeftHandThumb2","index":18,"matrix":[0.9847,0.0363,-0.1705,0,-0.0371,0.9993,-0.0016,0,0.1703,0.0079,0.9854,0,6.2606,-2.6017,5.0935,1],"rest":[0.9927,0.0626,0.1035,0,-0.0529,0.9941,-0.0942,0,-0.1088,0.088,0.9902,0,6.2606,-2.6017,5.0935,1],"parentBoneIndex":17,"length":7.8274
,"animation":{"dataType":3,"framePerSecond":24,"keys":[
{"frame":1,"values":[0.9847,0.0363,-0.1705,0,-0.0371,0.9993,-0.0016,0,0.1703,0.0079,0.9854,0,6.2606,-2.6017,5.0935,1]},
{"frame":22,"values":[0.9847,0.0363,-0.1705,0,-0.0371,0.9993,-0.0016,0,0.1703,0.0079,0.9854,0,6.2606,-2.6017,5.0935,1]}],"loopBehavior":1,"name":"anim","property":"_matrix"}},
{"name":"mixamorig:LeftHandThumb3","index":19,"matrix":[0.9981,-0.0168,-0.0587,0,0.0191,0.9991,0.0385,0,0.058,-0.0395,0.9975,0,6.0726,-3.1361,3.8153,1],"rest":[0.9981,-0.0559,-0.0241,0,0.057,0.9973,0.0466,0,0.0214,-0.0479,0.9986,0,6.0726,-3.1361,3.8153,1],"parentBoneIndex":18,"length":6.188
,"animation":{"dataType":3,"framePerSecond":24,"keys":[
{"frame":1,"values":[0.9981,-0.0168,-0.0587,0,0.0191,0.9991,0.0385,0,0.058,-0.0395,0.9975,0,6.0726,-3.1361,3.8153,1]},
{"frame":22,"values":[0.9981,-0.0168,-0.0587,0,0.0191,0.9991,0.0385,0,0.058,-0.0395,0.9975,0,6.0726,-3.1361,3.8153,1]}],"loopBehavior":1,"name":"anim","property":"_matrix"}},
{"name":"mixamorig:LeftHandThumb4","index":20,"matrix":[1,0,0,0,0,1,0,0,0,0,1,0,4.8579,-2.0584,3.2334,1],"rest":[1,0,0,0,0,1,0,0,0,0,1,0,4.8579,-2.0584,3.2334,1],"parentBoneIndex":19,"length":6.188
,"animation":{"dataType":3,"framePerSecond":24,"keys":[
{"frame":1,"values":[1,0,0,0,0,1,0,0,0,0,1,0,4.8579,-2.0584,3.2334,1]},
{"frame":22,"values":[1,0,0,0,0,1,0,0,0,0,1,0,4.8579,-2.0584,3.2334,1]}],"loopBehavior":1,"name":"anim","property":"_matrix"}},
{"name":"mixamorig:LeftHandIndex1","index":21,"matrix":[0.9794,-0.1886,0.0724,0,0.1888,0.982,0.0037,0,-0.0718,0.01,0.9974,0,22.612,-1.921,6.6099,1],"rest":[0.9946,0.0835,0.0621,0,-0.0827,0.9965,-0.0152,0,-0.0631,0.0099,0.998,0,22.612,-1.921,6.6099,1],"parentBoneIndex":12,"length":6.2269
,"animation":{"dataType":3,"framePerSecond":24,"keys":[
{"frame":1,"values":[0.9794,-0.1886,0.0724,0,0.1888,0.982,0.0037,0,-0.0718,0.01,0.9974,0,22.612,-1.921,6.6099,1]},
{"frame":22,"values":[0.9794,-0.1886,0.0724,0,0.1888,0.982,0.0037,0,-0.0718,0.01,0.9974,0,22.612,-1.921,6.6099,1]}],"loopBehavior":1,"name":"anim","property":"_matrix"}},
{"name":"mixamorig:LeftHandIndex2","index":22,"matrix":[0.9704,-0.2405,0.0238,0,0.2406,0.9706,-0.0021,0,-0.0226,0.0078,0.9997,0,6.1164,-1.1669,0.0451,1],"rest":[0.9994,0.0305,0.0153,0,-0.0305,0.9995,-0.0034,0,-0.0154,0.0029,0.9999,0,6.1164,-1.1669,0.0451,1],"parentBoneIndex":21,"length":6.0943
,"animation":{"dataType":3,"framePerSecond":24,"keys":[
{"frame":1,"values":[0.9704,-0.2405,0.0238,0,0.2406,0.9706,-0.0021,0,-0.0226,0.0078,0.9997,0,6.1164,-1.1669,0.0451,1]},
{"frame":22,"values":[0.9704,-0.2405,0.0238,0,0.2406,0.9706,-0.0021,0,-0.0226,0.0078,0.9997,0,6.1164,-1.1669,0.0451,1]}],"loopBehavior":1,"name":"anim","property":"_matrix"}},
{"name":"mixamorig:LeftHandIndex3","index":23,"matrix":[0.9739,-0.227,0.0002,0,0.227,0.9739,-0.001,0,0.0001,0.001,1,0,5.9485,-1.3242,-0.0511,1],"rest":[0.999,0.0444,-0.0079,0,-0.0444,0.999,0.0023,0,0.008,-0.002,1,0,5.9485,-1.3242,-0.0511,1],"parentBoneIndex":22,"length":5.4826
,"animation":{"dataType":3,"framePerSecond":24,"keys":[
{"frame":1,"values":[0.9739,-0.227,0.0002,0,0.227,0.9739,-0.001,0,0.0001,0.001,1,0,5.9485,-1.3242,-0.0511,1]},
{"frame":22,"values":[0.9739,-0.227,0.0002,0,0.227,0.9739,-0.001,0,0.0001,0.001,1,0,5.9485,-1.3242,-0.0511,1]}],"loopBehavior":1,"name":"anim","property":"_matrix"}},
{"name":"mixamorig:LeftHandIndex4","index":24,"matrix":[1,0,0,0,0,1,0,0,0,0,1,0,5.2934,-1.4279,-0.0007,1],"rest":[1,0,0,0,0,1,0,0,0,0,1,0,5.2934,-1.4279,-0.0007,1],"parentBoneIndex":23,"length":5.4826
,"animation":{"dataType":3,"framePerSecond":24,"keys":[
