{"producer":{"name":"Blender","version":"2.79 (sub 0)","exporter_version":"5.6.4","file":"femalerun.babylon"},
"autoClear":true,"clearColor":[0.0509,0.0509,0.0509],"ambientColor":[0,0,0],"gravity":[0,-9.81,0],
"materials":[{"name":"femalerun.Material","id":"femalerun.Material","ambient":[0,0,0],"diffuse":[0,0,0],"specular":[0,0,0],"emissive":[0,0,0],"specularPower":50,"alpha":0.001,"backFaceCulling":true,"checkReadyOnlyOnce":false,"maxSimultaneousLights":4}],
"multiMaterials":[],
"skeletons":[{"name":"Armature","id":0,"dimensionsAtRest":[379.1952,391.6652,55.677],"bones":[
{"name":"mixamorig:Hips","index":0,"matrix":[0.9841,-0.171,-0.0472,0,0.1607,0.972,-0.1716,0,-0.0753,-0.1613,-0.984,0,1.0418,182.1696,-1.3501,1],"rest":[1,0,0,0,0,1,0,0,0,0,-1,0,0,201.6394,0,1],"parentBoneIndex":-1,"length":21.6784
,"animation":{"dataType":3,"framePerSecond":24,"keys":[
{"frame":1,"values":[0.9841,-0.171,-0.0472,0,0.1607,0.972,-0.1716,0,-0.0753,-0.1613,-0.984,0,1.0418,182.1696,-1.3501,1]},
{"frame":2,"values":[0.9876,-0.1269,-0.0926,0,0.1037,0.9693,-0.2229,0,-0.1181,-0.2106,-0.9704,0,0.9941,186.8536,-2.1236,1]},
{"frame":3,"values":[0.9904,-0.0595,-0.1251,0,0.0255,0.9658,-0.2579,0,-0.1361,-0.2522,-0.958,0,1.3739,191.761,-2.8972,1]},
{"frame":4,"values":[0.9951,-0.0038,-0.0985,0,-0.025,0.9566,-0.2902,0,-0.0954,-0.2913,-0.9519,0,1.8987,195.2729,-3.2701,1]},
{"frame":5,"values":[0.9994,0.0048,-0.0348,0,-0.0147,0.9566,-0.291,0,-0.0319,-0.2913,-0.9561,0,1.7193,197.1158,-2.7459,1]},
{"frame":6,"values":[0.9995,-0.0172,0.0267,0,0.023,0.9714,-0.2363,0,0.0219,-0.2368,-0.9713,0,1.2097,194.4941,-2.2217,1]},
{"frame":7,"values":[0.9971,-0.0071,0.0752,0,0.0204,0.984,-0.177,0,0.0727,-0.1781,-0.9813,0,1.6462,188.5699,-1.6975,1]},
{"frame":8,"values":[0.9912,0.0474,0.1235,0,-0.0267,0.986,-0.1645,0,0.1295,-0.1598,-0.9786,0,3.038,184.3816,-1.1733,1]},
{"frame":9,"values":[0.9815,0.0855,0.1715,0,-0.0532,0.9814,-0.1844,0,0.184,-0.1719,-0.9678,0,4.239,180.1933,-1.3632,1]},
{"frame":10,"values":[0.9893,0.0345,0.1421,0,-0.0058,0.9802,-0.1978,0,0.1461,-0.1949,-0.9699,0,5.44,184.5469,-1.5532,1]},
{"frame":11,"values":[0.9935,-0.017,0.1125,0,0.0391,0.9796,-0.197,0,0.1069,-0.2001,-0.9739,0,4.6904,188.9005,-1.7431,1]},
{"frame":12,"values":[0.9942,-0.0687,0.0826,0,0.0847,0.9742,-0.2094,0,0.0661,-0.2152,-0.9743,0,3.9407,193.254,-1.933,1]},
{"frame":13,"values":[0.9913,-0.1206,0.0532,0,0.1295,0.9662,-0.2231,0,0.0245,-0.228,-0.9733,0,3.1911,197.6076,-2.1229,1]},
{"frame":14,"values":[0.9933,-0.1128,0.0233,0,0.1152,0.9756,-0.1868,0,0.0017,-0.1882,-0.9821,0,2.4414,193.3912,-1.5275,1]},
{"frame":15,"values":[0.9946,-0.1037,-0.0063,0,0.1016,0.9835,-0.1497,0,-0.0217,-0.1483,-0.9887,0,1.6917,189.1749,-0.932,1]},
{"frame":16,"values":[0.9895,-0.1398,-0.036,0,0.135,0.9844,-0.1125,0,-0.0512,-0.1064,-0.993,0,0.9421,184.9585,-0.3365,1]},
{"frame":17,"values":[0.9823,-0.1756,-0.0658,0,0.1655,0.9768,-0.136,0,-0.0881,-0.1227,-0.9885,0,0.1924,180.7422,-0.5781,1]},
{"frame":18,"values":[0.9841,-0.171,-0.0472,0,0.1607,0.972,-0.1716,0,-0.0753,-0.1613,-0.984,0,1.0418,182.1696,-1.3501,1]}],"loopBehavior":1,"name":"anim","property":"_matrix"}},
{"name":"mixamorig:Spine","index":1,"matrix":[0.9923,0.1097,-0.0567,0,-0.1073,0.9933,0.0435,0,0.0611,-0.0371,0.9974,0,0.0062,19.525,-2.4818,1],"rest":[1,0,0,0,0,1,0,0,0,0,1,0,0.0062,19.525,-2.4818,1],"parentBoneIndex":0,"length":23.0091
,"animation":{"dataType":3,"framePerSecond":24,"keys":[
{"frame":1,"values":[0.9923,0.1097,-0.0567,0,-0.1073,0.9933,0.0435,0,0.0611,-0.0371,0.9974,0,0.0062,19.525,-2.4818,1]},
{"frame":2,"values":[0.9941,0.0727,-0.0801,0,-0.0717,0.9973,0.0157,0,0.081,-0.0099,0.9967,0,0.0062,19.525,-2.4818,1]},
{"frame":3,"values":[0.995,0.0252,-0.0971,0,-0.0254,0.9997,-0.0011,0,0.097,0.0036,0.9953,0,0.0062,19.525,-2.4818,1]},
{"frame":4,"values":[0.9935,-0.0018,-0.114,0,0.0005,0.9999,-0.0113,0,0.114,0.0111,0.9934,0,0.0062,19.525,-2.4818,1]},
{"frame":5,"values":[0.9914,0.0054,-0.1309,0,-0.0061,1,-0.0051,0,0.1309,0.0058,0.9914,0,0.0062,19.525,-2.4818,1]},
{"frame":6,"values":[0.9934,0.0275,-0.111,0,-0.0252,0.9994,0.0221,0,0.1116,-0.0191,0.9936,0,0.0062,19.525,-2.4818,1]},
{"frame":7,"values":[0.9965,0.0338,-0.077,0,-0.0303,0.9985,0.046,0,0.0784,-0.0435,0.996,0,0.0062,19.525,-2.4818,1]},
{"frame":8,"values":[0.9983,0.0215,-0.054,0,-0.0192,0.9988,0.0441,0,0.0548,-0.043,0.9976,0,0.0062,19.525,-2.4818,1]},
{"frame":9,"values":[0.9983,0.0133,-0.0559,0,-0.012,0.9996,0.0238,0,0.0562,-0.0231,0.9982,0,0.0062,19.525,-2.4818,1]},
{"frame":10,"values":[0.9976,0.0388,-0.0579,0,-0.0386,0.9992,0.0035,0,0.058,-0.0012,0.9983,0,0.0062,19.525,-2.4818,1]},
{"frame":11,"values":[0.9968,0.0644,-0.0474,0,-0.0635,0.9978,0.0187,0,0.0485,-0.0156,0.9987,0,0.0062,19.525,-2.4818,1]},
{"frame":12,"values":[0.9953,0.0898,-0.0365,0,-0.0886,0.9955,0.0337,0,0.0394,-0.0303,0.9988,0,0.0062,19.525,-2.4818,1]},
{"frame":13,"values":[0.993,0.115,-0.0253,0,-0.1137,0.9923,0.0483,0,0.0307,-0.0451,0.9985,0,0.0062,19.525,-2.4818,1]},
{"frame":14,"values":[0.9934,0.1091,-0.0354,0,-0.1067,0.9923,0.0633,0,0.042,-0.0591,0.9974,0,0.0062,19.525,-2.4818,1]},
{"frame":15,"values":[0.9936,0.1033,-0.0455,0,-0.0996,0.992,0.0782,0,0.0532,-0.0732,0.9959,0,0.0062,19.525,-2.4818,1]},
{"frame":16,"values":[0.9937,0.0977,-0.0557,0,-0.0923,0.9914,0.093,0,0.0643,-0.0873,0.9941,0,0.0062,19.525,-2.4818,1]},
{"frame":17,"values":[0.9923,0.1047,-0.0658,0,-0.0998,0.9923,0.0736,0,0.073,-0.0665,0.9951,0,0.0062,19.525,-2.4818,1]},
{"frame":18,"values":[0.9923,0.1097,-0.0567,0,-0.1073,0.9933,0.0435,0,0.0611,-0.0371,0.9974,0,0.0062,19.525,-2.4818,1]}],"loopBehavior":1,"name":"anim","property":"_matrix"}},
{"name":"mixamorig:Spine1","index":2,"matrix":[0.9996,0.023,0.0135,0,-0.0247,0.9894,0.1429,0,-0.0101,-0.1432,0.9896,0,-0.0009,22.835,-2.8254,1],"rest":[1,0,0,0,0,1,0,0,0,0,1,0,-0.0009,22.835,-2.8254,1],"parentBoneIndex":1,"length":26.7438
,"animation":{"dataType":3,"framePerSecond":24,"keys":[
{"frame":1,"values":[0.9996,0.023,0.0135,0,-0.0247,0.9894,0.1429,0,-0.0101,-0.1432,0.9896,0,-0.0009,22.835,-2.8254,1]},
{"frame":2,"values":[0.9991,-0.0169,-0.0397,0,0.021,0.9941,0.1062,0,0.0376,-0.1069,0.9936,0,-0.0009,22.835,-2.8254,1]},
{"frame":3,"values":[0.9938,-0.0664,-0.0889,0,0.073,0.9947,0.0725,0,0.0837,-0.0786,0.9934,0,-0.0009,22.835,-2.8254,1]},
{"frame":4,"values":[0.985,-0.1037,-0.138,0,0.1108,0.9929,0.0444,0,0.1324,-0.059,0.9894,0,-0.0009,22.835,-2.8254,1]},
{"frame":5,"values":[0.9838,-0.1055,-0.1449,0,0.1127,0.9927,0.0427,0,0.1394,-0.0584,0.9885,0,-0.0009,22.835,-2.8254,1]},
{"frame":6,"values":[0.9887,-0.0781,-0.1281,0,0.0881,0.9933,0.075,0,0.1214,-0.0854,0.9889,0,-0.0009,22.835,-2.8254,1]},
{"frame":7,"values":[0.9933,-0.0659,-0.095,0,0.0764,0.9908,0.1118,0,0.0868,-0.1183,0.9892,0,-0.0009,22.835,-2.8254,1]},
{"frame":8,"values":[0.9946,-0.0834,-0.0617,0,0.0908,0.9875,0.1286,0,0.0502,-0.1335,0.9898,0,-0.0009,22.835,-2.8254,1]},
{"frame":9,"values":[0.9952,-0.0934,-0.0284,0,0.0962,0.9879,0.122,0,0.0167,-0.1242,0.9921,0,-0.0009,22.835,-2.8254,1]},
{"frame":10,"values":[0.9983,-0.0586,0.0049,0,0.0576,0.9917,0.1153,0,-0.0116,-0.1148,0.9933,0,-0.0009,22.835,-2.8254,1]},
{"frame":11,"values":[0.999,-0.0233,0.0379,0,0.0183,0.9916,0.1277,0,-0.0405,-0.1268,0.9911,0,-0.0009,22.835,-2.8254,1]},
{"frame":12,"values":[0.9974,0.0116,0.0712,0,-0.0214,0.9901,0.1387,0,-0.0689,-0.1399,0.9878,0,-0.0009,22.835,-2.8254,1]},
{"frame":13,"values":[0.9934,0.046,0.1048,0,-0.0614,0.987,0.1484,0,-0.0966,-0.1539,0.9834,0,-0.0009,22.835,-2.8254,1]},
{"frame":14,"values":[0.996,0.0289,0.0842,0,-0.0422,0.9862,0.1602,0,-0.0784,-0.1631,0.9835,0,-0.0009,22.835,-2.8254,1]},
{"frame":15,"values":[0.9979,0.012,0.0633,0,-0.0227,0.9849,0.1715,0,-0.0603,-0.1725,0.9832,0,-0.0009,22.835,-2.8254,1]},
{"frame":16,"values":[0.9989,0.0214,0.0425,0,-0.0289,0.9827,0.1829,0,-0.0379,-0.1839,0.9822,0,-0.0009,22.835,-2.8254,1]},
{"frame":17,"values":[0.9993,0.0308,0.0217,0,-0.0341,0.9847,0.171,0,-0.0161,-0.1716,0.985,0,-0.0009,22.835,-2.8254,1]},
{"frame":18,"values":[0.9996,0.023,0.0135,0,-0.0247,0.9894,0.1429,0,-0.0101,-0.1432,0.9896,0,-0.0009,22.835,-2.8254,1]}],"loopBehavior":1,"name":"anim","property":"_matrix"}},
{"name":"mixamorig:Spine2","index":3,"matrix":[0.9947,0.1001,0.022,0,-0.1017,0.9908,0.0894,0,-0.0128,-0.0911,0.9958,0,-0.0206,26.5525,-3.1933,1],"rest":[1,0,0,0,0,1,0,0,0,0,1,0,-0.0206,26.5525,-3.1933,1],"parentBoneIndex":2,"length":24.825
,"animation":{"dataType":3,"framePerSecond":24,"keys":[
{"frame":1,"values":[0.9947,0.1001,0.022,0,-0.1017,0.9908,0.0894,0,-0.0128,-0.0911,0.9958,0,-0.0206,26.5525,-3.1933,1]},
{"frame":2,"values":[0.9975,0.0622,-0.033,0,-0.0603,0.9967,0.0545,0,0.0362,-0.0524,0.998,0,-0.0206,26.5525,-3.1933,1]},
{"frame":3,"values":[0.9953,0.0136,-0.0957,0,-0.0113,0.9996,0.0243,0,0.096,-0.0231,0.9951,0,-0.0206,26.5525,-3.1933,1]},
{"frame":4,"values":[0.9906,-0.024,-0.1343,0,0.024,0.9997,-0.0011,0,0.1343,-0.0022,0.9909,0,-0.0206,26.5525,-3.1933,1]},
{"frame":5,"values":[0.9895,-0.0256,-0.142,0,0.0255,0.9997,-0.0023,0,0.142,-0.0013,0.9899,0,-0.0206,26.5525,-3.1933,1]},
{"frame":6,"values":[0.9923,0.0028,-0.1242,0,0.0006,0.9996,0.0281,0,0.1242,-0.0279,0.9919,0,-0.0206,26.5525,-3.1933,1]},
{"frame":7,"values":[0.9954,0.0149,-0.0947,0,-0.009,0.998,0.0624,0,0.0954,-0.0612,0.9936,0,-0.0206,26.5525,-3.1933,1]},
{"frame":8,"values":[0.9979,-0.0041,-0.0651,0,0.0091,0.997,0.0767,0,0.0646,-0.0772,0.9949,0,-0.0206,26.5525,-3.1933,1]},
{"frame":9,"values":[0.9993,-0.0151,-0.0355,0,0.0176,0.9972,0.0728,0,0.0343,-0.0733,0.9967,0,-0.0206,26.5525,-3.1933,1]},
{"frame":10,"values":[0.9998,0.019,-0.0057,0,-0.0186,0.9974,0.0697,0,0.007,-0.0696,0.9975,0,-0.0206,26.5525,-3.1933,1]},
{"frame":11,"values":[0.9983,0.0532,0.024,0,-0.0547,0.9963,0.0656,0,-0.0204,-0.0668,0.9976,0,-0.0206,26.5525,-3.1933,1]},
{"frame":12,"values":[0.9947,0.0873,0.0535,0,-0.0905,0.9941,0.0605,0,-0.0479,-0.065,0.9967,0,-0.0206,26.5525,-3.1933,1]},
{"frame":13,"values":[0.9892,0.1211,0.0831,0,-0.1275,0.9888,0.0774,0,-0.0728,-0.0871,0.9935,0,-0.0206,26.5525,-3.1933,1]},
{"frame":14,"values":[0.9883,0.1025,0.1126,0,-0.1133,0.9891,0.0941,0,-0.1017,-0.1057,0.9892,0,-0.0206,26.5525,-3.1933,1]},
{"frame":15,"values":[0.9927,0.0846,0.0858,0,-0.0939,0.9893,0.1113,0,-0.0755,-0.1186,0.9901,0,-0.0206,26.5525,-3.1933,1]},
{"frame":16,"values":[0.9937,0.0957,0.059,0,-0.1026,0.9864,0.1285,0,-0.0459,-0.1337,0.99,0,-0.0206,26.5525,-3.1933,1]},
{"frame":17,"values":[0.9938,0.1068,0.0321,0,-0.1098,0.987,0.1173,0,-0.0192,-0.1201,0.9926,0,-0.0206,26.5525,-3.1933,1]},
{"frame":18,"values":[0.9947,0.1001,0.022,0,-0.1017,0.9908,0.0894,0,-0.0128,-0.0911,0.9958,0,-0.0206,26.5525,-3.1933,1]}],"loopBehavior":1,"name":"anim","property":"_matrix"}},
{"name":"mixamorig:Neck","index":4,"matrix":[0.9974,-0.0717,-0.0111,0,0.0685,0.9811,-0.1811,0,0.0239,0.1798,0.9834,0,-0.06,30.7018,1.3522,1],"rest":[1,0,0,0,0,1,0,0,0,0,1,0,-0.06,30.7018,1.3522,1],"parentBoneIndex":3,"length":22.8446
,"animation":{"dataType":3,"framePerSecond":24,"keys":[
{"frame":1,"values":[0.9974,-0.0717,-0.0111,0,0.0685,0.9811,-0.1811,0,0.0239,0.1798,0.9834,0,-0.06,30.7018,1.3522,1]},
{"frame":2,"values":[0.9987,-0.0502,0.0045,0,0.0504,0.9962,-0.071,0,-0.0009,0.0712,0.9975,0,-0.06,30.7018,1.3522,1]},
{"frame":3,"values":[0.9993,-0.026,0.0279,0,0.0267,0.9993,-0.0245,0,-0.0273,0.0253,0.9993,0,-0.06,30.7018,1.3522,1]},
{"frame":4,"values":[0.9987,-0.0168,0.0483,0,0.0175,0.9998,-0.013,0,-0.048,0.0139,0.9987,0,-0.06,30.7018,1.3522,1]},
{"frame":5,"values":[0.9981,-0.026,0.0558,0,0.0266,0.9996,-0.0096,0,-0.0556,0.0111,0.9984,0,-0.06,30.7018,1.3522,1]},
{"frame":6,"values":[0.9982,-0.0314,0.0507,0,0.0374,0.992,-0.1202,0,-0.0465,0.1219,0.9915,0,-0.06,30.7018,1.3522,1]},
{"frame":7,"values":[0.9991,-0.0165,0.039,0,0.021,0.9927,-0.1191,0,-0.0367,0.1198,0.9921,0,-0.06,30.7018,1.3522,1]},
{"frame":8,"values":[0.9996,0.0033,0.0269,0,-0.0011,0.9966,-0.0827,0,-0.0271,0.0827,0.9962,0,-0.06,30.7018,1.3522,1]},
{"frame":9,"values":[0.9996,0.0236,0.0155,0,-0.0228,0.9987,-0.0461,0,-0.0166,0.0457,0.9988,0,-0.06,30.7018,1.3522,1]},
{"frame":10,"values":[0.9999,-0.011,0.0044,0,0.0111,0.9999,-0.0092,0,-0.0043,0.0093,0.9999,0,-0.06,30.7018,1.3522,1]},
{"frame":11,"values":[0.9989,-0.0452,-0.0079,0,0.0454,0.9986,0.0273,0,0.0067,-0.0276,0.9996,0,-0.06,30.7018,1.3522,1]},
{"frame":12,"values":[0.9996,-0.0222,-0.0197,0,0.0234,0.9977,0.0639,0,0.0182,-0.0643,0.9978,0,-0.06,30.7019,1.3522,1]},
{"frame":13,"values":[0.9986,-0.042,-0.032,0,0.0421,0.9991,0.0011,0,0.032,-0.0024,0.9995,0,-0.06,30.7018,1.3522,1]},
{"frame":14,"values":[0.9971,-0.0626,-0.0431,0,0.0599,0.9963,-0.062,0,0.0468,0.0592,0.9971,0,-0.06,30.7018,1.3522,1]},
{"frame":15,"values":[0.9975,-0.0628,-0.0335,0,0.0582,0.9905,-0.1247,0,0.041,0.1224,0.9916,0,-0.06,30.7018,1.3522,1]},
{"frame":16,"values":[0.9978,-0.0625,-0.0238,0,0.0569,0.9807,-0.1869,0,0.0351,0.1851,0.9821,0,-0.06,30.7018,1.3522,1]},
{"frame":17,"values":[0.9972,-0.0731,-0.0142,0,0.0673,0.9663,-0.2484,0,0.0319,0.2467,0.9686,0,-0.06,30.7018,1.3522,1]},
{"frame":18,"values":[0.9974,-0.0717,-0.0111,0,0.0685,0.9811,-0.1811,0,0.0239,0.1798,0.9834,0,-0.06,30.7018,1.3522,1]}],"loopBehavior":1,"name":"anim","property":"_matrix"}},
{"name":"mixamorig:Head","index":5,"matrix":[0.9978,0.0092,-0.0651,0,-0.0317,0.935,-0.3533,0,0.0576,0.3546,0.9332,0,-0.0872,22.5476,3.6709,1],"rest":[1,0,0,0,0,1,0,0,0,0,1,0,-0.0872,22.5476,3.6709,1],"parentBoneIndex":4,"length":30.5924
,"animation":{"dataType":3,"framePerSecond":24,"keys":[
{"frame":1,"values":[0.9978,0.0092,-0.0651,0,-0.0317,0.935,-0.3533,0,0.0576,0.3546,0.9332,0,-0.0872,22.5476,3.6709,1]},
{"frame":2,"values":[0.9995,0.033,-0.0003,0,-0.03,0.9043,-0.4259,0,-0.0138,0.4257,0.9047,0,-0.0872,22.5476,3.6709,1]},
{"frame":3,"values":[0.9913,0.0792,0.1051,0,-0.0265,0.9025,-0.4298,0,-0.1289,0.4233,0.8968,0,-0.0872,22.5476,3.6709,1]},
{"frame":4,"values":[0.9706,0.1094,0.2146,0,-0.0109,0.9101,-0.4143,0,-0.2406,0.3997,0.8845,0,-0.0872,22.5476,3.6709,1]},
{"frame":5,"values":[0.9554,0.1115,0.2734,0,0.0153,0.906,-0.4229,0,-0.2949,0.4083,0.8639,0,-0.0872,22.5477,3.6709,1]},
{"frame":6,"values":[0.9607,0.0655,0.2696,0,0.0366,0.9334,-0.3571,0,-0.275,0.3529,0.8943,0,-0.0872,22.5476,3.6709,1]},
{"frame":7,"values":[0.9756,0.0473,0.2142,0,0.0406,0.9206,-0.3883,0,-0.2156,0.3876,0.8963,0,-0.0872,22.5476,3.6709,1]},
{"frame":8,"values":[0.9872,0.0211,0.1581,0,0.0434,0.9183,-0.3934,0,-0.1535,0.3952,0.9057,0,-0.0872,22.5477,3.6709,1]},
{"frame":9,"values":[0.9946,0.0216,0.1015,0,0.0228,0.9087,-0.4168,0,-0.1013,0.4169,0.9033,0,-0.0872,22.5476,3.6709,1]},
{"frame":10,"values":[0.9988,-0.0237,0.0428,0,0.0405,0.8909,-0.4523,0,-0.0274,0.4535,0.8908,0,-0.0872,22.5476,3.6709,1]},
{"frame":11,"values":[0.9973,-0.0713,-0.0145,0,0.0552,0.871,-0.4882,0,0.0474,0.4861,0.8726,0,-0.0872,22.5476,3.6709,1]},
{"frame":12,"values":[0.9902,-0.1207,-0.0695,0,0.0668,0.8492,-0.5239,0,0.1223,0.5142,0.8489,0,-0.0872,22.5476,3.6709,1]},
{"frame":13,"values":[0.9779,-0.1669,-0.1264,0,0.0857,0.8698,-0.4858,0,0.191,0.4643,0.8649,0,-0.0872,22.5476,3.6709,1]},
{"frame":14,"values":[0.9757,-0.1209,-0.1828,0,0.0274,0.8947,-0.4459,0,0.2174,0.43,0.8762,0,-0.0872,22.5476,3.6709,1]},
{"frame":15,"values":[0.986,-0.075,-0.1487,0,0.0075,0.912,-0.4102,0,0.1663,0.4033,0.8998,0,-0.0872,22.5476,3.6709,1]},
{"frame":16,"values":[0.9932,-0.03,-0.1125,0,-0.0145,0.9271,-0.3746,0,0.1155,0.3737,0.9203,0,-0.0872,22.5476,3.6709,1]},
{"frame":17,"values":[0.9971,0.0138,-0.0744,0,-0.0383,0.9398,-0.3395,0,0.0652,0.3413,0.9377,0,-0.0872,22.5476,3.6709,1]},
{"frame":18,"values":[0.9978,0.0092,-0.0651,0,-0.0317,0.935,-0.3533,0,0.0576,0.3546,0.9332,0,-0.0872,22.5476,3.6709,1]}],"loopBehavior":1,"name":"anim","property":"_matrix"}},
{"name":"mixamorig:HeadTop_End","index":6,"matrix":[1,0,0,0,0,1,0,0,0,0,1,0,-0.8306,40.3552,7.8935,1],"rest":[1,0,0,0,0,1,0,0,0,0,1,0,-0.8306,40.3552,7.8935,1],"parentBoneIndex":5,"length":30.5924
,"animation":{"dataType":3,"framePerSecond":24,"keys":[
{"frame":1,"values":[1,0,0,0,0,1,0,0,0,0,1,0,-0.8306,40.3552,7.8935,1]},
{"frame":6,"values":[1,0,0,0,0,1,0,0,0,0,1,0,-0.8306,40.3551,7.8935,1]},
{"frame":7,"values":[1,0,0,0,0,1,0,0,0,0,1,0,-0.8306,40.3552,7.8935,1]},
{"frame":18,"values":[1,0,0,0,0,1,0,0,0,0,1,0,-0.8306,40.3552,7.8935,1]}],"loopBehavior":1,"name":"anim","property":"_matrix"}},
{"name":"mixamorig:RightEye","index":7,"matrix":[1,0,0,0,0,1,0,0,0,0,1,0,-6.3021,18.1186,16.1971,1],"rest":[1,0,0,0,0,1,0,0,0,0,1,0,-6.3021,18.1186,16.1971,1],"parentBoneIndex":5,"length":30.5924
,"animation":{"dataType":3,"framePerSecond":24,"keys":[
{"frame":1,"values":[1,0,0,0,0,1,0,0,0,0,1,0,-6.3021,18.1186,16.1971,1]},
{"frame":6,"values":[1,0,0,0,0,1,0,0,0,0,1,0,-6.3021,18.1185,16.1971,1]},
{"frame":7,"values":[1,0,0,0,0,1,0,0,0,0,1,0,-6.3021,18.1186,16.1971,1]},
{"frame":18,"values":[1,0,0,0,0,1,0,0,0,0,1,0,-6.3021,18.1186,16.1971,1]}],"loopBehavior":1,"name":"anim","property":"_matrix"}},
{"name":"mixamorig:LeftEye","index":8,"matrix":[1,0,0,0,0,1,0,0,0,0,1,0,6.7415,18.3826,16.4019,1],"rest":[1,0,0,0,0,1,0,0,0,0,1,0,6.7415,18.3827,16.4019,1],"parentBoneIndex":5,"length":30.5924
,"animation":{"dataType":3,"framePerSecond":24,"keys":[
{"frame":1,"values":[1,0,0,0,0,1,0,0,0,0,1,0,6.7415,18.3827,16.4019,1]},
{"frame":6,"values":[1,0,0,0,0,1,0,0,0,0,1,0,6.7415,18.3826,16.4019,1]},
{"frame":7,"values":[1,0,0,0,0,1,0,0,0,0,1,0,6.7415,18.3827,16.4019,1]},
{"frame":13,"values":[1,0,0,0,0,1,0,0,0,0,1,0,6.7415,18.3826,16.4019,1]},
{"frame":14,"values":[1,0,0,0,0,1,0,0,0,0,1,0,6.7415,18.3827,16.4019,1]},
{"frame":18,"values":[1,0,0,0,0,1,0,0,0,0,1,0,6.7415,18.3826,16.4019,1]}],"loopBehavior":1,"name":"anim","property":"_matrix"}},
{"name":"mixamorig:LeftShoulder","index":9,"matrix":[0.955,-0.2406,0.1737,0,0.2424,0.9701,0.0114,0,-0.1712,0.0312,0.9847,0,11.9249,18.2305,1.4254,1],"rest":[1,0.0062,0,0,-0.0062,1,0,0,0,0,1,0,11.9249,18.2305,1.4254,1],"parentBoneIndex":3,"length":25.9773
,"animation":{"dataType":3,"framePerSecond":24,"keys":[
{"frame":1,"values":[0.955,-0.2406,0.1737,0,0.2424,0.9701,0.0114,0,-0.1712,0.0312,0.9847,0,11.9249,18.2305,1.4254,1]},
{"frame":2,"values":[0.9785,-0.1759,0.1077,0,0.1785,0.9838,-0.0145,0,-0.1034,0.0335,0.9941,0,11.9249,18.2305,1.4254,1]},
{"frame":3,"values":[0.9868,-0.1325,0.0931,0,0.1351,0.9906,-0.0223,0,-0.0893,0.0345,0.9954,0,11.9249,18.2305,1.4254,1]},
{"frame":4,"values":[0.9834,-0.146,0.1076,0,0.1487,0.9887,-0.0176,0,-0.1038,0.0333,0.994,0,11.9249,18.2305,1.4254,1]},
{"frame":5,"values":[0.9808,-0.1685,0.0986,0,0.1707,0.9852,-0.015,0,-0.0946,0.0315,0.995,0,11.9249,18.2305,1.4254,1]},
{"frame":6,"values":[0.9774,-0.176,0.1166,0,0.1784,0.9839,-0.0104,0,-0.1129,0.0309,0.9931,0,11.9249,18.2305,1.4254,1]},
{"frame":7,"values":[0.9621,-0.2436,0.1227,0,0.2452,0.9695,0.002,0,-0.1195,0.0281,0.9924,0,11.9249,18.2305,1.4254,1]},
{"frame":8,"values":[0.9405,-0.311,0.1371,0,0.3096,0.9503,0.0318,0,-0.1402,0.0125,0.99,0,11.9249,18.2305,1.4254,1]},
{"frame":9,"values":[0.906,-0.3764,0.1937,0,0.3718,0.9263,0.061,0,-0.2024,0.0167,0.9792,0,11.9249,18.2305,1.4254,1]},
{"frame":10,"values":[0.8475,-0.4521,0.2783,0,0.446,0.8906,0.0886,0,-0.2879,0.0491,0.9564,0,11.9249,18.2305,1.4254,1]},
{"frame":11,"values":[0.8682,-0.4111,0.2778,0,0.4047,0.9107,0.0827,0,-0.287,0.0406,0.9571,0,11.9249,18.2305,1.4254,1]},
{"frame":12,"values":[0.8871,-0.3692,0.2771,0,0.3625,0.9288,0.0769,0,-0.2858,0.0322,0.9578,0,11.9249,18.2305,1.4254,1]},
{"frame":13,"values":[0.904,-0.3265,0.2761,0,0.3195,0.9449,0.0712,0,-0.2842,0.0239,0.9585,0,11.9249,18.2305,1.4254,1]},
{"frame":14,"values":[0.9077,-0.3165,0.2755,0,0.3108,0.9482,0.0654,0,-0.2819,0.0263,0.9591,0,11.9249,18.2305,1.4254,1]},
{"frame":15,"values":[0.9113,-0.3065,0.2747,0,0.3021,0.9514,0.0595,0,-0.2797,0.0287,0.9597,0,11.9249,18.2305,1.4254,1]},
{"frame":16,"values":[0.9149,-0.2965,0.274,0,0.2947,0.9543,0.0487,0,-0.276,0.0362,0.9605,0,11.9249,18.2305,1.4254,1]},
{"frame":17,"values":[0.9298,-0.29,0.2268,0,0.289,0.9566,0.0383,0,-0.2281,0.03,0.9732,0,11.9249,18.2305,1.4254,1]},
{"frame":18,"values":[0.955,-0.2406,0.1737,0,0.2424,0.9701,0.0114,0,-0.1712,0.0312,0.9847,0,11.9249,18.2305,1.4254,1]}],"loopBehavior":1,"name":"anim","property":"_matrix"}},
{"name":"mixamorig:LeftArm","index":10,"matrix":[0.4249,-0.776,-0.4661,0,0.8768,0.4808,-0.0011,0,0.2249,-0.4082,0.8847,0,25.4312,-0.8547,-5.2293,1],"rest":[0.9983,0.0295,0.0512,0,-0.0294,0.9996,-0.0017,0,-0.0512,0.0002,0.9987,0,25.4312,-0.8546,-5.2293,1],"parentBoneIndex":9,"length":54.6848
,"animation":{"dataType":3,"framePerSecond":24,"keys":[
{"frame":1,"values":[0.4249,-0.776,-0.4661,0,0.8768,0.4808,-0.0011,0,0.2249,-0.4082,0.8847,0,25.4312,-0.8547,-5.2293,1]},
{"frame":2,"values":[0.4834,-0.7053,-0.5185,0,0.8612,0.4896,0.1369,0,0.1573,-0.5127,0.844,0,25.4312,-0.8547,-5.2293,1]},
{"frame":3,"values":[0.5762,-0.5641,-0.5914,0,0.7958,0.5523,0.2485,0,0.1864,-0.6138,0.7671,0,25.4312,-0.8547,-5.2293,1]},
{"frame":4,"values":[0.6582,-0.4184,-0.6258,0,0.6993,0.6476,0.3025,0,0.2787,-0.6368,0.7189,0,25.4312,-0.8547,-5.2293,1]},
{"frame":5,"values":[0.7048,-0.414,-0.576,0,0.6496,0.7029,0.2897,0,0.285,-0.5784,0.7644,0,25.4312,-0.8546,-5.2293,1]},
{"frame":6,"values":[0.6836,-0.5194,-0.5127,0,0.6846,0.6999,0.2038,0,0.253,-0.4903,0.834,0,25.4312,-0.8546,-5.2293,1]},
{"frame":7,"values":[0.7156,-0.5894,-0.3749,0,0.6734,0.7247,0.1461,0,0.1856,-0.357,0.9155,0,25.4312,-0.8546,-5.2293,1]},
{"frame":8,"values":[0.761,-0.6319,-0.1468,0,0.6477,0.7528,0.1175,0,0.0362,-0.1845,0.9822,0,25.4312,-0.8546,-5.2293,1]},
{"frame":9,"values":[0.7674,-0.6393,-0.0479,0,0.6411,0.7652,0.0592,0,-0.0012,-0.0761,0.9971,0,25.4312,-0.8546,-5.2293,1]},
{"frame":10,"values":[0.7701,-0.6359,0.0513,0,0.6367,0.7711,-0.0004,0,-0.0393,0.033,0.9987,0,25.4312,-0.8547,-5.2293,1]},
{"frame":11,"values":[0.7201,-0.6774,0.1501,0,0.6894,0.723,-0.0447,0,-0.0783,0.1356,0.9877,0,25.4312,-0.8546,-5.2293,1]},
{"frame":12,"values":[0.6897,-0.6806,0.2474,0,0.7154,0.6933,-0.087,0,-0.1123,0.237,0.965,0,25.4312,-0.8547,-5.2293,1]},
{"frame":13,"values":[0.6528,-0.6758,0.3422,0,0.7387,0.6679,-0.0902,0,-0.1676,0.3117,0.9353,0,25.4312,-0.8546,-5.2293,1]},
{"frame":14,"values":[0.6529,-0.7091,0.2663,0,0.75,0.6543,-0.0967,0,-0.1057,0.2629,0.959,0,25.4312,-0.8546,-5.2293,1]},
{"frame":15,"values":[0.6478,-0.7381,0.1887,0,0.7606,0.6407,-0.1046,0,-0.0437,0.2113,0.9764,0,25.4312,-0.8546,-5.2293,1]},
{"frame":16,"values":[0.6374,-0.7626,0.1102,0,0.7703,0.6274,-0.1138,0,0.0176,0.1575,0.9874,0,25.4312,-0.8546,-5.2293,1]},
{"frame":17,"values":[0.5236,-0.8249,-0.2129,0,0.8415,0.5398,-0.0221,0,0.1332,-0.1676,0.9768,0,25.4312,-0.8547,-5.2293,1]},
{"frame":18,"values":[0.4249,-0.776,-0.4661,0,0.8768,0.4808,-0.0011,0,0.2249,-0.4082,0.8847,0,25.4312,-0.8547,-5.2293,1]}],"loopBehavior":1,"name":"anim","property":"_matrix"}},
{"name":"mixamorig:LeftForeArm","index":11,"matrix":[0.193,0.0199,0.981,0,0.0304,0.9992,-0.0263,0,-0.9807,0.0349,0.1922,0,54.5783,-1.9463,-2.8009,1],"rest":[0.9943,-0.0088,-0.1062,0,0.0091,1,0.0028,0,0.1061,-0.0038,0.9943,0,54.5783,-1.9463,-2.8009,1],"parentBoneIndex":10,"length":55.0982
,"animation":{"dataType":3,"framePerSecond":24,"keys":[
{"frame":1,"values":[0.2214,0.0189,0.975,0,0.0296,0.9992,-0.0261,0,-0.9747,0.0346,0.2207,0,54.5783,-1.9463,-2.8009,1]},
{"frame":2,"values":[0.2343,0.0185,0.972,0,0.0293,0.9992,-0.026,0,-0.9717,0.0345,0.2336,0,54.5783,-1.9463,-2.8009,1]},
{"frame":3,"values":[0.1601,0.021,0.9869,0,0.0312,0.9992,-0.0263,0,-0.9866,0.035,0.1593,0,54.5783,-1.9463,-2.8009,1]},
{"frame":4,"values":[-0.0173,0.0274,0.9995,0,0.036,0.999,-0.0268,0,-0.9992,0.0355,-0.0183,0,54.5783,-1.9463,-2.8009,1]},
{"frame":5,"values":[-0.0806,0.0339,0.9962,0,0.0377,0.9988,-0.0309,0,-0.996,0.0351,-0.0818,0,54.5783,-1.9463,-2.8009,1]},
{"frame":6,"values":[-0.1007,0.0304,0.9945,0,0.0382,0.9989,-0.0267,0,-0.9942,0.0353,-0.1017,0,54.5783,-1.9463,-2.8009,1]},
{"frame":7,"values":[-0.0547,0.0288,0.9981,0,0.037,0.999,-0.0268,0,-0.9978,0.0354,-0.0557,0,54.5783,-1.9463,-2.8009,1]},
{"frame":8,"values":[0.1003,0.0232,0.9947,0,0.0328,0.9991,-0.0266,0,-0.9944,0.0353,0.0995,0,54.5783,-1.9463,-2.8009,1]},
{"frame":9,"values":[0.2663,0.0173,0.9637,0,0.0284,0.9993,-0.0258,0,-0.9635,0.0343,0.2656,0,54.5783,-1.9463,-2.8009,1]},
{"frame":10,"values":[0.2988,0.0161,0.9542,0,0.0275,0.9993,-0.0255,0,-0.9539,0.0339,0.2981,0,54.5783,-1.9463,-2.8009,1]},
{"frame":11,"values":[0.331,0.015,0.9435,0,0.0267,0.9993,-0.0252,0,-0.9433,0.0335,0.3304,0,54.5783,-1.9463,-2.8009,1]},
{"frame":12,"values":[0.1718,0.0207,0.9849,0,0.0309,0.9992,-0.0264,0,-0.9846,0.035,0.171,0,54.5783,-1.9463,-2.8009,1]},
{"frame":13,"values":[0.0272,0.0258,0.9993,0,0.0348,0.999,-0.0268,0,-0.999,0.0355,0.0263,0,54.5783,-1.9463,-2.8009,1]},
{"frame":14,"values":[-0.0377,0.0282,0.9989,0,0.0365,0.999,-0.0268,0,-0.9986,0.0355,-0.0387,0,54.5783,-1.9463,-2.8009,1]},
{"frame":15,"values":[-0.1067,0.0306,0.9938,0,0.0384,0.9989,-0.0266,0,-0.9935,0.0353,-0.1078,0,54.5783,-1.9463,-2.8009,1]},
{"frame":16,"values":[-0.1752,0.0331,0.984,0,0.0402,0.9988,-0.0264,0,-0.9837,0.0349,-0.1763,0,54.5783,-1.9463,-2.8009,1]},
{"frame":17,"values":[-0.0623,0.029,0.9976,0,0.0372,0.999,-0.0267,0,-0.9974,0.0354,-0.0633,0,54.5783,-1.9463,-2.8009,1]},
{"frame":18,"values":[0.193,0.0199,0.981,0,0.0304,0.9992,-0.0263,0,-0.9807,0.0349,0.1922,0,54.5783,-1.9463,-2.8009,1]}],"loopBehavior":1,"name":"anim","property":"_matrix"}},
{"name":"mixamorig:LeftHand","index":12,"matrix":[0.989,-0.0523,0.138,0,-0.0012,0.9321,0.3622,0,-0.1476,-0.3584,0.9218,0,54.9948,-1.4671,3.0376,1],"rest":[0.9961,0.088,0.001,0,-0.0871,0.9842,0.154,0,0.0125,-0.1535,0.9881,0,54.9948,-1.4671,3.0376,1],"parentBoneIndex":11,"length":20.3347
,"animation":{"dataType":3,"framePerSecond":24,"keys":[
{"frame":1,"values":[0.989,-0.0523,0.138,0,-0.0012,0.9321,0.3622,0,-0.1476,-0.3584,0.9218,0,54.9948,-1.4671,3.0376,1]},
{"frame":2,"values":[0.9948,-0.0009,0.1018,0,-0.0149,0.9879,0.1542,0,-0.1007,-0.1549,0.9828,0,54.9948,-1.4671,3.0376,1]},
{"frame":3,"values":[0.9996,-0.008,-0.0272,0,0.0065,0.9984,-0.0563,0,0.0276,0.0561,0.998,0,54.9948,-1.4671,3.0376,1]},
{"frame":4,"values":[0.9857,0.0197,-0.1672,0,-0.0529,0.9791,-0.1966,0,0.1598,0.2027,0.9661,0,54.9948,-1.4671,3.0376,1]},
{"frame":5,"values":[0.9608,0.1032,-0.2573,0,-0.1656,0.958,-0.2342,0,0.2224,0.2676,0.9375,0,54.9948,-1.4671,3.0376,1]},
{"frame":6,"values":[0.9319,0.1987,-0.3036,0,-0.2692,0.9396,-0.2115,0,0.2432,0.2788,0.929,0,54.9948,-1.4671,3.0376,1]},
{"frame":7,"values":[0.9315,0.2377,-0.2752,0,-0.2841,0.9481,-0.1428,0,0.2269,0.2112,0.9507,0,54.9948,-1.4671,3.0376,1]},
{"frame":8,"values":[0.9438,0.2615,-0.2022,0,-0.2839,0.9546,-0.0907,0,0.1693,0.143,0.9751,0,54.9948,-1.4671,3.0376,1]},
{"frame":9,"values":[0.9516,0.28,-0.1265,0,-0.2867,0.9573,-0.038,0,0.1105,0.0725,0.9912,0,54.9948,-1.4671,3.0376,1]},
{"frame":10,"values":[0.9548,0.2931,-0.0493,0,-0.2927,0.9561,0.0145,0,0.0514,0.0005,0.9987,0,54.9948,-1.4671,3.0376,1]},
{"frame":11,"values":[0.9534,0.3005,0.0286,0,-0.3018,0.9511,0.0663,0,-0.0073,-0.0719,0.9974,0,54.9948,-1.4671,3.0376,1]},
{"frame":12,"values":[0.9473,0.3022,0.1061,0,-0.3137,0.9423,0.1167,0,-0.0647,-0.1438,0.9875,0,54.9948,-1.4671,3.0376,1]},
{"frame":13,"values":[0.946,0.2687,0.1815,0,-0.2747,0.9615,0.0084,0,-0.1723,-0.0578,0.9833,0,54.9948,-1.4671,3.0376,1]},
{"frame":14,"values":[0.9351,0.2415,0.2592,0,-0.2236,0.9698,-0.0969,0,-0.2748,0.0326,0.961,0,54.9948,-1.4671,3.0376,1]},
{"frame":15,"values":[0.9151,0.2216,0.3368,0,-0.1621,0.9671,-0.1959,0,-0.3691,0.1247,0.921,0,54.9948,-1.4671,3.0376,1]},
{"frame":16,"values":[0.955,0.059,0.2906,0,-0.0657,0.9978,0.0133,0,-0.2891,-0.0318,0.9568,0,54.9948,-1.4671,3.0376,1]},
{"frame":17,"values":[0.9732,-0.0937,0.2099,0,0.0475,0.9755,0.215,0,-0.2249,-0.1993,0.9538,0,54.9948,-1.4671,3.0376,1]},
{"frame":18,"values":[0.989,-0.0523,0.138,0,-0.0012,0.9321,0.3622,0,-0.1476,-0.3584,0.9218,0,54.9948,-1.4671,3.0376,1]}],"loopBehavior":1,"name":"anim","property":"_matrix"}},
{"name":"mixamorig:LeftHandMiddle1","index":13,"matrix":[-0.0399,-0.999,0.0177,0,0.9988,-0.0393,0.0304,0,-0.0297,0.0189,0.9994,0,23.1821,-2.445,1.6605,1],"rest":[0.9974,-0.0561,0.045,0,0.0561,0.9984,0.0005,0,-0.045,0.002,0.999,0,23.1821,-2.445,1.6605,1],"parentBoneIndex":12,"length":6.3787
,"animation":{"dataType":3,"framePerSecond":24,"keys":[
{"frame":1,"values":[-0.0399,-0.999,0.0177,0,0.9988,-0.0393,0.0304,0,-0.0297,0.0189,0.9994,0,23.1821,-2.445,1.6605,1]},
{"frame":2,"values":[0.1826,-0.9831,0.0089,0,0.9828,0.1828,0.0261,0,-0.0273,0.004,0.9996,0,23.1821,-2.445,1.6605,1]},
{"frame":3,"values":[0.354,-0.9353,0.0004,0,0.935,0.3539,0.0218,0,-0.0206,-0.0073,0.9998,0,23.1821,-2.445,1.6605,1]},
{"frame":4,"values":[0.4689,-0.8832,-0.0074,0,0.8832,0.4688,0.0175,0,-0.012,-0.0147,0.9998,0,23.1821,-2.445,1.6605,1]},
{"frame":5,"values":[0.5329,-0.8461,-0.0143,0,0.8462,0.5327,0.0132,0,-0.0035,-0.0191,0.9998,0,23.1821,-2.445,1.6605,1]},
{"frame":6,"values":[0.5337,-0.8454,-0.0192,0,0.8457,0.5336,0.0088,0,0.0028,-0.0209,0.9998,0,23.1821,-2.445,1.6605,1]},
{"frame":7,"values":[0.4553,-0.8891,-0.0468,0,0.8903,0.4552,0.0121,0,0.0105,-0.0471,0.9988,0,23.1821,-2.445,1.6605,1]},
{"frame":8,"values":[0.4189,-0.9066,-0.0501,0,0.908,0.4187,0.0154,0,0.007,-0.052,0.9986,0,23.1821,-2.445,1.6605,1]},
{"frame":9,"values":[0.2652,-0.9637,-0.0306,0,0.9641,0.2647,0.0187,0,-0.0099,-0.0344,0.9994,0,23.1821,-2.445,1.6605,1]},
{"frame":10,"values":[0.1989,-0.98,-0.0044,0,0.9798,0.1988,0.02,0,-0.0187,-0.0083,0.9998,0,23.1821,-2.445,1.6605,1]},
{"frame":11,"values":[0.1656,-0.9841,0.0641,0,0.9857,0.1673,0.0212,0,-0.0316,0.0597,0.9977,0,23.1821,-2.445,1.6605,1]},
{"frame":12,"values":[0.1325,-0.9885,0.073,0,0.9907,0.1345,0.0222,0,-0.0318,0.0694,0.9971,0,23.1821,-2.445,1.6605,1]},
{"frame":13,"values":[0.0993,-0.9917,0.0819,0,0.9946,0.1015,0.0235,0,-0.0317,0.0792,0.9964,0,23.1821,-2.445,1.6605,1]},
{"frame":14,"values":[0.066,-0.9937,0.0908,0,0.9973,0.0685,0.0251,0,-0.0312,0.0889,0.9956,0,23.1821,-2.445,1.6605,1]},
{"frame":15,"values":[0.0337,-0.9978,0.0563,0,0.999,0.0353,0.0276,0,-0.0295,0.0553,0.998,0,23.1821,-2.445,1.6605,1]},
{"frame":16,"values":[0.0013,-0.9998,0.0217,0,0.9996,0.0019,0.0289,0,-0.029,0.0217,0.9993,0,23.1821,-2.445,1.6605,1]},
{"frame":17,"values":[-0.0311,-0.9994,-0.0129,0,0.9991,-0.0314,0.0291,0,-0.0295,-0.012,0.9995,0,23.1821,-2.445,1.6605,1]},
{"frame":18,"values":[-0.0399,-0.999,0.0177,0,0.9988,-0.0393,0.0304,0,-0.0297,0.0189,0.9994,0,23.1821,-2.445,1.6605,1]}],"loopBehavior":1,"name":"anim","property":"_matrix"}},
{"name":"mixamorig:LeftHandMiddle2","index":14,"matrix":[0.6525,-0.7572,0.0304,0,0.7568,0.6532,0.0259,0,-0.0394,0.0061,0.9992,0,6.3689,-0.3109,0.167,1],"rest":[0.991,0.1341,-0.0042,0,-0.1342,0.991,-0.0031,0,0.0038,0.0036,1,0,6.3689,-0.3109,0.167,1],"parentBoneIndex":13,"length":6.1483
,"animation":{"dataType":3,"framePerSecond":24,"keys":[
{"frame":1,"values":[0.6525,-0.7572,0.0304,0,0.7568,0.6532,0.0259,0,-0.0394,0.0061,0.9992,0,6.3689,-0.3109,0.167,1]},
{"frame":2,"values":[0.7305,-0.6824,0.0267,0,0.6821,0.731,0.0209,0,-0.0337,0.0029,0.9994,0,6.3689,-0.3109,0.167,1]},
{"frame":3,"values":[0.7662,-0.6422,0.0246,0,0.6419,0.7666,0.0186,0,-0.0308,0.0016,0.9995,0,6.3689,-0.3109,0.167,1]},
{"frame":4,"values":[0.7708,-0.6366,0.0243,0,0.6363,0.7712,0.0183,0,-0.0304,0.0014,0.9995,0,6.3689,-0.3109,0.167,1]},
{"frame":5,"values":[0.7543,-0.656,0.0253,0,0.6557,0.7548,0.0193,0,-0.0318,0.002,0.9995,0,6.3689,-0.3109,0.167,1]},
{"frame":6,"values":[0.7163,-0.6973,0.0274,0,0.6969,0.7168,0.0218,0,-0.0349,0.0035,0.9994,0,6.3689,-0.3109,0.167,1]},
{"frame":7,"values":[0.6424,-0.7658,0.0308,0,0.7655,0.643,0.0219,0,-0.0366,0.0095,0.9993,0,6.3689,-0.3109,0.167,1]},
{"frame":8,"values":[0.6004,-0.7991,0.0306,0,0.7989,0.6011,0.0221,0,-0.0361,0.0112,0.9993,0,6.3689,-0.3109,0.167,1]},
{"frame":9,"values":[0.5996,-0.7998,0.0304,0,0.7995,0.6002,0.0223,0,-0.036,0.011,0.9993,0,6.3689,-0.3109,0.167,1]},
{"frame":10,"values":[0.5987,-0.8004,0.0302,0,0.8002,0.5994,0.0224,0,-0.036,0.0108,0.9993,0,6.3689,-0.3109,0.167,1]},
{"frame":11,"values":[0.5978,-0.8011,0.03,0,0.8008,0.5985,0.0226,0,-0.036,0.0105,0.9993,0,6.3689,-0.3109,0.167,1]},
{"frame":12,"values":[0.5778,-0.8156,0.0298,0,0.8154,0.5785,0.0227,0,-0.0358,0.0112,0.9993,0,6.3689,-0.3109,0.167,1]},
{"frame":13,"values":[0.6276,-0.778,0.0296,0,0.7777,0.6283,0.0228,0,-0.0364,0.0087,0.9993,0,6.3689,-0.3109,0.167,1]},
{"frame":14,"values":[0.675,-0.7373,0.0294,0,0.7369,0.6756,0.023,0,-0.0368,0.0061,0.9993,0,6.3689,-0.3109,0.167,1]},
{"frame":15,"values":[0.6802,-0.7325,0.0274,0,0.7321,0.6808,0.0232,0,-0.0356,0.0043,0.9994,0,6.3689,-0.3109,0.167,1]},
{"frame":16,"values":[0.6854,-0.7277,0.0277,0,0.7273,0.6859,0.0233,0,-0.036,0.0042,0.9993,0,6.3689,-0.3109,0.167,1]},
{"frame":17,"values":[0.6905,-0.7228,0.0287,0,0.7224,0.6911,0.0235,0,-0.0368,0.0045,0.9993,0,6.3689,-0.3109,0.167,1]},
{"frame":18,"values":[0.6525,-0.7572,0.0304,0,0.7568,0.6532,0.0259,0,-0.0394,0.0061,0.9992,0,6.3689,-0.3109,0.167,1]}],"loopBehavior":1,"name":"anim","property":"_matrix"}},
{"name":"mixamorig:LeftHandMiddle3","index":15,"matrix":[0.5079,-0.8608,0.0323,0,0.8597,0.5089,0.0452,0,-0.0554,0.0048,0.9985,0,6.0425,-1.121,0.183,1],"rest":[1,-0.0048,-0.0038,0,0.0048,1,0.0008,0,0.0038,-0.0009,1,0,6.0425,-1.121,0.183,1],"parentBoneIndex":14,"length":6.5825
,"animation":{"dataType":3,"framePerSecond":24,"keys":[
{"frame":1,"values":[0.5079,-0.8608,0.0323,0,0.8597,0.5089,0.0452,0,-0.0554,0.0048,0.9985,0,6.0425,-1.121,0.183,1]},
{"frame":2,"values":[0.6392,-0.7684,0.0321,0,0.7675,0.64,0.036,0,-0.0482,0.0016,0.9988,0,6.0425,-1.121,0.183,1]},
{"frame":3,"values":[0.72,-0.6932,0.0319,0,0.6924,0.7207,0.0326,0,-0.0456,-0.0014,0.999,0,6.0425,-1.121,0.183,1]},
{"frame":4,"values":[0.7615,-0.6474,0.0317,0,0.6467,0.7622,0.0292,0,-0.0431,-0.0017,0.9991,0,6.0425,-1.121,0.183,1]},
{"frame":5,"values":[0.7749,-0.6313,0.0315,0,0.6308,0.7755,0.0258,0,-0.0407,-0.0001,0.9992,0,6.0425,-1.121,0.183,1]},
{"frame":6,"values":[0.7571,-0.6526,0.0313,0,0.652,0.7577,0.0272,0,-0.0415,-0.0001,0.9991,0,6.0425,-1.121,0.183,1]},
{"frame":7,"values":[0.6865,-0.7265,0.0311,0,0.7258,0.6872,0.0326,0,-0.045,0.0003,0.999,0,6.0425,-1.121,0.183,1]},
{"frame":8,"values":[0.6406,-0.7672,0.0309,0,0.7665,0.6414,0.0332,0,-0.0453,0.0024,0.999,0,6.0425,-1.121,0.183,1]},
{"frame":9,"values":[0.6263,-0.779,0.0307,0,0.7783,0.627,0.0339,0,-0.0457,0.0027,0.999,0,6.0425,-1.121,0.183,1]},
{"frame":10,"values":[0.6141,-0.7887,0.0306,0,0.7879,0.6148,0.0346,0,-0.0461,0.0028,0.9989,0,6.0425,-1.121,0.183,1]},
{"frame":11,"values":[0.6017,-0.7981,0.0304,0,0.7973,0.6025,0.0353,0,-0.0464,0.003,0.9989,0,6.0425,-1.121,0.183,1]},
{"frame":12,"values":[0.5953,-0.8029,0.0305,0,0.8021,0.5961,0.0359,0,-0.047,0.0031,0.9989,0,6.0425,-1.121,0.183,1]},
{"frame":13,"values":[0.5888,-0.8077,0.0306,0,0.8069,0.5896,0.0366,0,-0.0476,0.0031,0.9989,0,6.0425,-1.121,0.183,1]},
{"frame":14,"values":[0.6218,-0.7826,0.0307,0,0.7817,0.6225,0.0373,0,-0.0483,0.0008,0.9988,0,6.0425,-1.121,0.183,1]},
{"frame":15,"values":[0.6052,-0.7954,0.0308,0,0.7946,0.606,0.036,0,-0.0473,0.0027,0.9989,0,6.0425,-1.121,0.183,1]},
{"frame":16,"values":[0.5884,-0.8079,0.031,0,0.807,0.5893,0.0384,0,-0.0493,0.0024,0.9988,0,6.0425,-1.121,0.183,1]},
{"frame":17,"values":[0.5714,-0.8201,0.0311,0,0.8191,0.5722,0.0408,0,-0.0513,0.0021,0.9987,0,6.0425,-1.121,0.183,1]},
{"frame":18,"values":[0.5079,-0.8608,0.0323,0,0.8597,0.5089,0.0452,0,-0.0554,0.0048,0.9985,0,6.0425,-1.121,0.183,1]}],"loopBehavior":1,"name":"anim","property":"_matrix"}},
{"name":"mixamorig:LeftHandMiddle4","index":16,"matrix":[1,0,0,0,0,1,0,0,0,0,1,0,6.4741,-1.1689,0.2214,1],"rest":[1,0,0,0,0,1,0,0,0,0,1,0,6.4741,-1.1689,0.2214,1],"parentBoneIndex":15,"length":6.5825
,"animation":{"dataType":3,"framePerSecond":24,"keys":[
{"frame":1,"values":[1,0,0,0,0,1,0,0,0,0,1,0,6.4741,-1.1689,0.2214,1]},
{"frame":18,"values":[1,0,0,0,0,1,0,0,0,0,1,0,6.4741,-1.1689,0.2214,1]}],"loopBehavior":1,"name":"anim","property":"_matrix"}},
{"name":"mixamorig:LeftHandThumb1","index":17,"matrix":[0.9968,0.0731,0.0312,0,-0.079,0.9524,0.2943,0,-0.0082,-0.2958,0.9552,0,6.4451,-3.6637,6.4601,1],"rest":[0.993,-0.1184,-0.0054,0,0.1183,0.9883,0.0962,0,-0.006,-0.0961,0.9953,0,6.4451,-3.6637,6.4601,1],"parentBoneIndex":12,"length":8.4798
,"animation":{"dataType":3,"framePerSecond":24,"keys":[
{"frame":1,"values":[0.997,0.0731,0.0252,0,-0.0773,0.9518,0.2968,0,-0.0023,-0.2978,0.9546,0,6.4451,-3.6637,6.4601,1]},
{"frame":2,"values":[0.997,0.0729,0.0258,0,-0.0772,0.9519,0.2965,0,-0.0029,-0.2977,0.9547,0,6.4451,-3.6637,6.4601,1]},
{"frame":3,"values":[0.997,0.0726,0.0263,0,-0.0772,0.952,0.2963,0,-0.0035,-0.2975,0.9547,0,6.4451,-3.6637,6.4601,1]},
{"frame":4,"values":[0.997,0.0724,0.0269,0,-0.0771,0.952,0.2961,0,-0.0041,-0.2973,0.9548,0,6.4451,-3.6637,6.4601,1]},
{"frame":5,"values":[0.997,0.0722,0.0274,0,-0.0771,0.9521,0.2959,0,-0.0047,-0.2971,0.9548,0,6.4451,-3.6637,6.4601,1]},
{"frame":6,"values":[0.997,0.072,0.0279,0,-0.077,0.9522,0.2957,0,-0.0053,-0.2969,0.9549,0,6.4451,-3.6637,6.4601,1]},
{"frame":7,"values":[0.997,0.0717,0.0285,0,-0.0769,0.9523,0.2954,0,-0.0059,-0.2967,0.9549,0,6.4451,-3.6637,6.4601,1]},
{"frame":8,"values":[0.997,0.0715,0.029,0,-0.0769,0.9523,0.2952,0,-0.0065,-0.2966,0.955,0,6.4451,-3.6637,6.4601,1]},
{"frame":9,"values":[0.997,0.0713,0.0296,0,-0.0768,0.9524,0.295,0,-0.0071,-0.2964,0.955,0,6.4451,-3.6637,6.4601,1]},
{"frame":10,"values":[0.997,0.071,0.0301,0,-0.0768,0.9525,0.2948,0,-0.0078,-0.2962,0.9551,0,6.4451,-3.6637,6.4601,1]},
{"frame":11,"values":[0.997,0.0708,0.0307,0,-0.0767,0.9526,0.2945,0,-0.0084,-0.296,0.9551,0,6.4451,-3.6637,6.4601,1]},
{"frame":12,"values":[0.997,0.0706,0.0312,0,-0.0767,0.9526,0.2943,0,-0.009,-0.2958,0.9552,0,6.4451,-3.6637,6.4601,1]},
{"frame":13,"values":[0.997,0.071,0.0312,0,-0.0771,0.9526,0.2943,0,-0.0088,-0.2958,0.9552,0,6.4451,-3.6637,6.4601,1]},
{"frame":14,"values":[0.997,0.0714,0.0312,0,-0.0775,0.9526,0.2943,0,-0.0087,-0.2958,0.9552,0,6.4451,-3.6637,6.4601,1]},
{"frame":15,"values":[0.9969,0.0718,0.0312,0,-0.0778,0.9525,0.2943,0,-0.0086,-0.2958,0.9552,0,6.4451,-3.6637,6.4601,1]},
{"frame":16,"values":[0.9969,0.0722,0.0312,0,-0.0782,0.9525,0.2943,0,-0.0085,-0.2958,0.9552,0,6.4451,-3.6637,6.4601,1]},
{"frame":17,"values":[0.9969,0.0727,0.0312,0,-0.0786,0.9525,0.2943,0,-0.0083,-0.2958,0.9552,0,6.4451,-3.6637,6.4601,1]},
{"frame":18,"values":[0.9968,0.0731,0.0312,0,-0.079,0.9524,0.2943,0,-0.0082,-0.2958,0.9552,0,6.4451,-3.6637,6.4601,1]}],"loopBehavior":1,"name":"anim","property":"_matrix"}},
{"name":"mixamorig:LeftHandThumb2","index":18,"matrix":[0.9715,0.1059,-0.2122,0,-0.1067,0.9943,0.0079,0,0.2118,0.015,0.9772,0,6.2606,-2.6017,5.0935,1],"rest":[0.9927,0.0626,0.1035,0,-0.0529,0.9941,-0.0942,0,-0.1088,0.088,0.9902,0,6.2606,-2.6017,5.0935,1],"parentBoneIndex":17,"length":7.8274
,"animation":{"dataType":3,"framePerSecond":24,"keys":[
{"frame":1,"values":[0.9715,0.1059,-0.2122,0,-0.1067,0.9943,0.0079,0,0.2118,0.015,0.9772,0,6.2606,-2.6017,5.0935,1]},
{"frame":2,"values":[0.9667,0.2074,-0.1497,0,-0.2121,0.9771,-0.0163,0,0.1429,0.0475,0.9886,0,6.2606,-2.6017,5.0935,1]},
{"frame":3,"values":[0.9494,0.297,-0.102,0,-0.3031,0.9516,-0.0507,0,0.082,0.079,0.9935,0,6.2606,-2.6017,5.0935,1]},
{"frame":4,"values":[0.9295,0.3613,-0.0738,0,-0.3672,0.9253,-0.0951,0,0.0339,0.1155,0.9927,0,6.2606,-2.6017,5.0935,1]},
{"frame":5,"values":[0.9175,0.3925,-0.0634,0,-0.3976,0.9067,-0.1407,0,0.0023,0.1543,0.988,0,6.2606,-2.6017,5.0935,1]},
{"frame":6,"values":[0.9244,0.3743,-0.0733,0,-0.3814,0.9089,-0.1689,0,0.0034,0.1841,0.9829,0,6.2606,-2.6017,5.0935,1]},
{"frame":7,"values":[0.9604,0.2503,-0.1221,0,-0.2681,0.9497,-0.1619,0,0.0754,0.1882,0.9792,0,6.2606,-2.6017,5.0935,1]},
