{"producer":{"name":"Blender","version":"2.79 (sub 0)","exporter_version":"5.6.4","file":"femaleturnright.babylon"},
"autoClear":true,"clearColor":[0.0509,0.0509,0.0509],"ambientColor":[0,0,0],"gravity":[0,-9.81,0],
"materials":[{"name":"femaleturnright.Material","id":"femaleturnright.Material","ambient":[0,0,0],"diffuse":[0,0,0],"specular":[0,0,0],"emissive":[0,0,0],"specularPower":50,"alpha":0.001,"backFaceCulling":true,"checkReadyOnlyOnce":false,"maxSimultaneousLights":4}],
"multiMaterials":[],
"skeletons":[{"name":"Armature","id":0,"dimensionsAtRest":[379.1952,391.6652,55.677],"bones":[
{"name":"mixamorig:Hips","index":0,"matrix":[0.9959,-0.0865,0.0261,0,0.0861,0.9961,0.0179,0,0.0276,0.0156,-0.9995,0,0.3899,197.3688,0.0627,1],"rest":[1,0,0,0,0,1,0,0,0,0,-1,0,0,201.6394,0,1],"parentBoneIndex":-1,"length":21.6784
,"animation":{"dataType":3,"framePerSecond":24,"keys":[
{"frame":1,"values":[0.9959,-0.0865,0.0261,0,0.0861,0.9961,0.0179,0,0.0276,0.0156,-0.9995,0,0.3899,197.3688,0.0627,1]},
{"frame":2,"values":[0.9959,-0.0865,0.0261,0,0.0861,0.9961,0.0179,0,0.0276,0.0156,-0.9995,0,3.6331,197.0648,1.4863,1]},
{"frame":3,"values":[0.9959,-0.0865,0.0261,0,0.0861,0.9961,0.0179,0,0.0276,0.0156,-0.9995,0,7.5225,196.7709,2.8799,1]},
{"frame":4,"values":[0.9959,-0.0865,0.0261,0,0.0861,0.9961,0.0179,0,0.0276,0.0156,-0.9995,0,11.7892,196.4955,3.934,1]},
{"frame":5,"values":[0.9959,-0.0865,0.0261,0,0.0861,0.9961,0.0179,0,0.0276,0.0156,-0.9995,0,15.8691,196.2625,4.3885,1]},
{"frame":6,"values":[0.9959,-0.0865,0.0261,0,0.0861,0.9961,0.0179,0,0.0276,0.0156,-0.9995,0,17.3429,196.1112,4.2995,1]},
{"frame":7,"values":[0.9959,-0.0865,0.0261,0,0.0861,0.9961,0.0179,0,0.0276,0.0156,-0.9995,0,18.8167,196.0634,3.9926,1]},
{"frame":8,"values":[0.9959,-0.0865,0.0261,0,0.0861,0.9961,0.0179,0,0.0276,0.0156,-0.9995,0,20.2905,196.213,3.7488,1]},
{"frame":9,"values":[0.9959,-0.0865,0.0261,0,0.0861,0.9961,0.0179,0,0.0276,0.0156,-0.9995,0,21.7643,196.3626,3.6743,1]},
{"frame":10,"values":[0.9959,-0.0865,0.0261,0,0.0861,0.9961,0.0179,0,0.0276,0.0156,-0.9995,0,23.2381,196.5122,3.8499,1]},
{"frame":11,"values":[0.9959,-0.0865,0.0261,0,0.0861,0.9961,0.0179,0,0.0276,0.0156,-0.9995,0,22.0476,196.6618,4.0255,1]},
{"frame":12,"values":[0.9959,-0.0865,0.0261,0,0.0861,0.9961,0.0179,0,0.0276,0.0156,-0.9995,0,20.8572,196.8115,4.2012,1]},
{"frame":13,"values":[0.9959,-0.0865,0.0261,0,0.0861,0.9961,0.0179,0,0.0276,0.0156,-0.9995,0,19.6667,196.9611,4.3768,1]},
{"frame":14,"values":[0.9959,-0.0865,0.0261,0,0.0861,0.9961,0.0179,0,0.0276,0.0156,-0.9995,0,18.4762,197.1107,3.8991,1]},
{"frame":15,"values":[0.9959,-0.0865,0.0261,0,0.0861,0.9961,0.0179,0,0.0276,0.0156,-0.9995,0,17.2857,197.2603,3.4215,1]},
{"frame":16,"values":[0.9959,-0.0865,0.0261,0,0.0861,0.9961,0.0179,0,0.0276,0.0156,-0.9995,0,16.0953,197.4099,2.9439,1]},
{"frame":17,"values":[0.9959,-0.0865,0.0261,0,0.0861,0.9961,0.0179,0,0.0276,0.0156,-0.9995,0,14.9048,197.5595,2.4662,1]},
{"frame":18,"values":[0.9959,-0.0865,0.0261,0,0.0861,0.9961,0.0179,0,0.0276,0.0156,-0.9995,0,13.7143,197.7092,1.9886,1]},
{"frame":19,"values":[0.9959,-0.0865,0.0261,0,0.0861,0.9961,0.0179,0,0.0276,0.0156,-0.9995,0,12.5238,197.8588,1.511,1]},
{"frame":20,"values":[0.9959,-0.0865,0.0261,0,0.0861,0.9961,0.0179,0,0.0276,0.0156,-0.9995,0,11.3334,198.0084,1.0333,1]},
{"frame":21,"values":[0.9959,-0.0865,0.0261,0,0.0861,0.9961,0.0179,0,0.0276,0.0156,-0.9995,0,10.1429,198.158,0.5557,1]},
{"frame":22,"values":[0.9959,-0.0865,0.0261,0,0.0861,0.9961,0.0179,0,0.0276,0.0156,-0.9995,0,8.9524,198.0759,0.078,1]},
{"frame":23,"values":[0.9959,-0.0865,0.0261,0,0.0861,0.9961,0.0179,0,0.0276,0.0156,-0.9995,0,7.7619,197.9938,-0.3996,1]},
{"frame":24,"values":[0.9959,-0.0865,0.0261,0,0.0861,0.9961,0.0179,0,0.0276,0.0156,-0.9995,0,6.5715,197.9117,-0.8772,1]},
{"frame":25,"values":[0.9959,-0.0865,0.0261,0,0.0861,0.9961,0.0179,0,0.0276,0.0156,-0.9995,0,5.381,197.8296,-1.3549,1]},
{"frame":26,"values":[0.9959,-0.0865,0.0261,0,0.0861,0.9961,0.0179,0,0.0276,0.0156,-0.9995,0,4.1905,197.7475,-1.8325,1]},
{"frame":27,"values":[0.9959,-0.0865,0.0261,0,0.0861,0.9961,0.0179,0,0.0276,0.0156,-0.9995,0,3,197.6654,-1.4767,1]},
{"frame":28,"values":[0.9959,-0.0865,0.0261,0,0.0861,0.9961,0.0179,0,0.0276,0.0156,-0.9995,0,1.8096,197.5833,-1.1209,1]},
{"frame":29,"values":[0.9959,-0.0865,0.0261,0,0.0861,0.9961,0.0179,0,0.0276,0.0156,-0.9995,0,0.3899,197.3688,0.0627,1]}],"loopBehavior":1,"name":"anim","property":"_matrix"}},
{"name":"mixamorig:Spine","index":1,"matrix":[0.9988,0.0448,0.0221,0,-0.0453,0.9987,0.0215,0,-0.0211,-0.0225,0.9995,0,0.0062,19.525,-2.4818,1],"rest":[1,0,0,0,0,1,0,0,0,0,1,0,0.0062,19.525,-2.4818,1],"parentBoneIndex":0,"length":23.0091
,"animation":{"dataType":3,"framePerSecond":24,"keys":[
{"frame":1,"values":[0.9988,0.0448,0.0221,0,-0.0453,0.9987,0.0215,0,-0.0211,-0.0225,0.9995,0,0.0062,19.525,-2.4818,1]},
{"frame":2,"values":[0.9985,0.0441,0.0316,0,-0.0448,0.9988,0.0219,0,-0.0306,-0.0233,0.9993,0,0.0062,19.525,-2.4818,1]},
{"frame":3,"values":[0.9982,0.0437,0.0412,0,-0.0447,0.9988,0.0223,0,-0.0401,-0.0241,0.9989,0,0.0062,19.525,-2.4818,1]},
{"frame":4,"values":[0.9977,0.0441,0.0511,0,-0.0453,0.9987,0.0227,0,-0.0501,-0.0249,0.9984,0,0.0062,19.525,-2.4818,1]},
{"frame":5,"values":[0.9969,0.0471,0.0624,0,-0.0486,0.9986,0.023,0,-0.0612,-0.026,0.9978,0,0.0062,19.525,-2.4818,1]},
{"frame":6,"values":[0.9959,0.05,0.0756,0,-0.0519,0.9984,0.0234,0,-0.0743,-0.0272,0.9969,0,0.0062,19.525,-2.4818,1]},
{"frame":7,"values":[0.995,0.053,0.0849,0,-0.0552,0.9982,0.0238,0,-0.0835,-0.0284,0.9961,0,0.0062,19.525,-2.4818,1]},
{"frame":8,"values":[0.994,0.056,0.0942,0,-0.0585,0.998,0.0242,0,-0.0926,-0.0295,0.9953,0,0.0062,19.525,-2.4818,1]},
{"frame":9,"values":[0.9929,0.0588,0.1035,0,-0.0616,0.9978,0.0245,0,-0.1018,-0.0307,0.9943,0,0.0062,19.525,-2.4818,1]},
{"frame":10,"values":[0.9919,0.0588,0.1128,0,-0.062,0.9978,0.0249,0,-0.111,-0.0317,0.9933,0,0.0062,19.525,-2.4818,1]},
{"frame":11,"values":[0.991,0.0547,0.122,0,-0.0582,0.998,0.0253,0,-0.1204,-0.0321,0.9922,0,0.0062,19.525,-2.4818,1]},
{"frame":12,"values":[0.9926,0.0506,0.1102,0,-0.0538,0.9982,0.0258,0,-0.1087,-0.0315,0.9936,0,0.0062,19.525,-2.4818,1]},
{"frame":13,"values":[0.9941,0.0466,0.0984,0,-0.0494,0.9984,0.0262,0,-0.097,-0.0309,0.9948,0,0.0062,19.525,-2.4818,1]},
{"frame":14,"values":[0.9953,0.0426,0.0865,0,-0.045,0.9986,0.0266,0,-0.0853,-0.0304,0.9959,0,0.0062,19.525,-2.4818,1]},
{"frame":15,"values":[0.9965,0.0385,0.0747,0,-0.0407,0.9988,0.0269,0,-0.0735,-0.0299,0.9968,0,0.0062,19.525,-2.4818,1]},
{"frame":16,"values":[0.9973,0.0386,0.0628,0,-0.0404,0.9988,0.0274,0,-0.0617,-0.0298,0.9977,0,0.0062,19.525,-2.4818,1]},
{"frame":17,"values":[0.998,0.038,0.0509,0,-0.0394,0.9988,0.0278,0,-0.0498,-0.0297,0.9983,0,0.0062,19.525,-2.4818,1]},
{"frame":18,"values":[0.9985,0.0374,0.039,0,-0.0385,0.9989,0.0282,0,-0.0379,-0.0296,0.9988,0,0.0062,19.525,-2.4818,1]},
{"frame":19,"values":[0.999,0.0368,0.0271,0,-0.0376,0.9989,0.0286,0,-0.026,-0.0296,0.9992,0,0.0062,19.525,-2.4818,1]},
{"frame":20,"values":[0.9992,0.0382,0.0152,0,-0.0386,0.9989,0.0279,0,-0.0141,-0.0284,0.9995,0,0.0062,19.525,-2.4818,1]},
{"frame":21,"values":[0.9992,0.0395,0.0033,0,-0.0396,0.9988,0.0272,0,-0.0022,-0.0273,0.9996,0,0.0062,19.525,-2.4818,1]},
{"frame":22,"values":[0.9991,0.0409,-0.0086,0,-0.0406,0.9988,0.0265,0,0.0096,-0.0261,0.9996,0,0.0062,19.525,-2.4818,1]},
{"frame":23,"values":[0.9989,0.0422,-0.0205,0,-0.0417,0.9988,0.026,0,0.0216,-0.0251,0.9995,0,0.0062,19.525,-2.4818,1]},
{"frame":24,"values":[0.999,0.0436,-0.0138,0,-0.0432,0.9987,0.0256,0,0.0149,-0.0249,0.9996,0,0.0062,19.525,-2.4818,1]},
{"frame":25,"values":[0.999,0.045,-0.0072,0,-0.0448,0.9987,0.0251,0,0.0083,-0.0248,0.9997,0,0.0062,19.525,-2.4818,1]},
{"frame":26,"values":[0.9989,0.0464,-0.0005,0,-0.0463,0.9986,0.0246,0,0.0017,-0.0246,0.9997,0,0.0062,19.525,-2.4818,1]},
{"frame":27,"values":[0.9989,0.046,0.0061,0,-0.0461,0.9986,0.0242,0,-0.005,-0.0244,0.9997,0,0.0062,19.525,-2.4818,1]},
{"frame":28,"values":[0.9989,0.0456,0.0128,0,-0.0459,0.9987,0.0237,0,-0.0117,-0.0243,0.9996,0,0.0062,19.525,-2.4818,1]},
{"frame":29,"values":[0.9988,0.0448,0.0221,0,-0.0453,0.9987,0.0215,0,-0.0211,-0.0225,0.9995,0,0.0062,19.525,-2.4818,1]}],"loopBehavior":1,"name":"anim","property":"_matrix"}},
{"name":"mixamorig:Spine1","index":2,"matrix":[0.9946,0.1036,-0.0033,0,-0.1036,0.9945,0.0131,0,0.0046,-0.0127,0.9999,0,-0.0009,22.835,-2.8254,1],"rest":[1,0,0,0,0,1,0,0,0,0,1,0,-0.0009,22.835,-2.8254,1],"parentBoneIndex":1,"length":26.7438
,"animation":{"dataType":3,"framePerSecond":24,"keys":[
{"frame":1,"values":[0.9946,0.1036,-0.0033,0,-0.1036,0.9945,0.0131,0,0.0046,-0.0127,0.9999,0,-0.0009,22.835,-2.8254,1]},
{"frame":2,"values":[0.9943,0.106,0.0068,0,-0.1061,0.9943,0.0132,0,-0.0054,-0.0138,0.9999,0,-0.0009,22.835,-2.8254,1]},
{"frame":3,"values":[0.994,0.1083,0.0175,0,-0.1085,0.994,0.0132,0,-0.016,-0.015,0.9998,0,-0.0009,22.835,-2.8254,1]},
{"frame":4,"values":[0.9934,0.1102,0.0305,0,-0.1106,0.9938,0.0133,0,-0.0288,-0.0166,0.9994,0,-0.0009,22.835,-2.8254,1]},
{"frame":5,"values":[0.9927,0.1113,0.0468,0,-0.112,0.9936,0.0133,0,-0.045,-0.0185,0.9988,0,-0.0009,22.835,-2.8254,1]},
{"frame":6,"values":[0.9916,0.1112,0.0663,0,-0.1124,0.9936,0.0134,0,-0.0644,-0.0207,0.9977,0,-0.0009,22.835,-2.8254,1]},
{"frame":7,"values":[0.9907,0.1099,0.0799,0,-0.1113,0.9937,0.0134,0,-0.0779,-0.0222,0.9967,0,-0.0009,22.835,-2.8254,1]},
{"frame":8,"values":[0.9899,0.1069,0.0934,0,-0.1086,0.994,0.0134,0,-0.0914,-0.0234,0.9955,0,-0.0009,22.835,-2.8254,1]},
{"frame":9,"values":[0.9891,0.101,0.1069,0,-0.103,0.9946,0.0134,0,-0.1049,-0.0242,0.9942,0,-0.0009,22.835,-2.8254,1]},
{"frame":10,"values":[0.9882,0.095,0.1204,0,-0.0973,0.9952,0.0134,0,-0.1185,-0.025,0.9926,0,-0.0009,22.835,-2.8254,1]},
{"frame":11,"values":[0.987,0.089,0.1338,0,-0.0916,0.9957,0.0135,0,-0.132,-0.0256,0.9909,0,-0.0009,22.835,-2.8254,1]},
{"frame":12,"values":[0.9897,0.0834,0.1166,0,-0.0855,0.9962,0.0137,0,-0.115,-0.0235,0.9931,0,-0.0009,22.835,-2.8254,1]},
{"frame":13,"values":[0.992,0.0777,0.0993,0,-0.0795,0.9967,0.0138,0,-0.0979,-0.0216,0.995,0,-0.0009,22.835,-2.8254,1]},
{"frame":14,"values":[0.994,0.072,0.082,0,-0.0734,0.9972,0.0137,0,-0.0808,-0.0197,0.9965,0,-0.0009,22.835,-2.8254,1]},
{"frame":15,"values":[0.9948,0.0786,0.0646,0,-0.0796,0.9967,0.0135,0,-0.0634,-0.0186,0.9978,0,-0.0009,22.835,-2.8254,1]},
{"frame":16,"values":[0.9952,0.0852,0.0473,0,-0.0859,0.9962,0.0134,0,-0.046,-0.0174,0.9988,0,-0.0009,22.835,-2.8254,1]},
{"frame":17,"values":[0.9953,0.0917,0.0299,0,-0.0921,0.9957,0.0134,0,-0.0286,-0.0161,0.9995,0,-0.0009,22.835,-2.8254,1]},
{"frame":18,"values":[0.9951,0.0982,0.0125,0,-0.0984,0.9951,0.0135,0,-0.0111,-0.0147,0.9998,0,-0.0009,22.835,-2.8254,1]},
{"frame":19,"values":[0.9945,0.1047,-0.0048,0,-0.1046,0.9944,0.0138,0,0.0063,-0.0132,0.9999,0,-0.0009,22.835,-2.8254,1]},
{"frame":20,"values":[0.9936,0.1112,-0.0222,0,-0.1109,0.9937,0.0141,0,0.0236,-0.0115,0.9997,0,-0.0009,22.835,-2.8254,1]},
{"frame":21,"values":[0.9933,0.1083,-0.0396,0,-0.1078,0.9941,0.0142,0,0.0409,-0.0098,0.9991,0,-0.0009,22.835,-2.8254,1]},
{"frame":22,"values":[0.9928,0.1055,-0.0569,0,-0.1048,0.9944,0.0142,0,0.0581,-0.0081,0.9983,0,-0.0009,22.835,-2.8254,1]},
{"frame":23,"values":[0.9935,0.1027,-0.0496,0,-0.1021,0.9947,0.0142,0,0.0508,-0.0091,0.9987,0,-0.0009,22.835,-2.8254,1]},
{"frame":24,"values":[0.9941,0.1,-0.0424,0,-0.0994,0.9949,0.0143,0,0.0436,-0.01,0.999,0,-0.0009,22.835,-2.8254,1]},
{"frame":25,"values":[0.9946,0.0972,-0.0351,0,-0.0968,0.9952,0.0143,0,0.0363,-0.0109,0.9993,0,-0.0009,22.835,-2.8254,1]},
{"frame":26,"values":[0.9947,0.0986,-0.0278,0,-0.0982,0.9951,0.0144,0,0.029,-0.0116,0.9995,0,-0.0009,22.835,-2.8254,1]},
{"frame":27,"values":[0.9948,0.1,-0.0205,0,-0.0997,0.9949,0.0145,0,0.0218,-0.0124,0.9997,0,-0.0009,22.835,-2.8254,1]},
{"frame":28,"values":[0.9948,0.1014,-0.0132,0,-0.1012,0.9948,0.0145,0,0.0146,-0.0131,0.9998,0,-0.0009,22.835,-2.8254,1]},
{"frame":29,"values":[0.9946,0.1036,-0.0033,0,-0.1036,0.9945,0.0131,0,0.0046,-0.0127,0.9999,0,-0.0009,22.835,-2.8254,1]}],"loopBehavior":1,"name":"anim","property":"_matrix"}},
{"name":"mixamorig:Spine2","index":3,"matrix":[0.9947,0.1021,-0.0123,0,-0.1019,0.9947,0.0137,0,0.0136,-0.0124,0.9998,0,-0.0206,26.5525,-3.1933,1],"rest":[1,0,0,0,0,1,0,0,0,0,1,0,-0.0206,26.5525,-3.1933,1],"parentBoneIndex":2,"length":24.825
,"animation":{"dataType":3,"framePerSecond":24,"keys":[
{"frame":1,"values":[0.9947,0.1021,-0.0123,0,-0.1019,0.9947,0.0137,0,0.0136,-0.0124,0.9998,0,-0.0206,26.5525,-3.1933,1]},
{"frame":2,"values":[0.9945,0.1046,-0.0022,0,-0.1046,0.9944,0.0138,0,0.0036,-0.0135,0.9999,0,-0.0206,26.5525,-3.1933,1]},
{"frame":3,"values":[0.9942,0.1071,0.0086,0,-0.1072,0.9941,0.0139,0,-0.007,-0.0148,0.9999,0,-0.0206,26.5525,-3.1933,1]},
{"frame":4,"values":[0.9938,0.1092,0.0216,0,-0.1095,0.9939,0.014,0,-0.0199,-0.0163,0.9997,0,-0.0206,26.5525,-3.1933,1]},
{"frame":5,"values":[0.9931,0.1105,0.038,0,-0.1111,0.9937,0.0141,0,-0.0362,-0.0183,0.9992,0,-0.0206,26.5525,-3.1933,1]},
{"frame":6,"values":[0.9922,0.1107,0.0577,0,-0.1116,0.9936,0.0142,0,-0.0558,-0.0206,0.9982,0,-0.0206,26.5525,-3.1933,1]},
{"frame":7,"values":[0.9914,0.1095,0.0714,0,-0.1107,0.9937,0.0143,0,-0.0694,-0.0221,0.9973,0,-0.0206,26.5525,-3.1933,1]},
{"frame":8,"values":[0.9907,0.1066,0.0851,0,-0.1082,0.994,0.0144,0,-0.0831,-0.0235,0.9963,0,-0.0206,26.5525,-3.1933,1]},
{"frame":9,"values":[0.99,0.1006,0.0988,0,-0.1025,0.9946,0.0144,0,-0.0968,-0.0244,0.995,0,-0.0206,26.5525,-3.1933,1]},
{"frame":10,"values":[0.9891,0.0946,0.1124,0,-0.0969,0.9952,0.0145,0,-0.1105,-0.0252,0.9936,0,-0.0206,26.5525,-3.1933,1]},
{"frame":11,"values":[0.9881,0.0887,0.1261,0,-0.0912,0.9957,0.0147,0,-0.1242,-0.026,0.9919,0,-0.0206,26.5525,-3.1933,1]},
{"frame":12,"values":[0.9906,0.083,0.1087,0,-0.0851,0.9963,0.0149,0,-0.107,-0.024,0.994,0,-0.0206,26.5525,-3.1933,1]},
{"frame":13,"values":[0.9928,0.0773,0.0912,0,-0.079,0.9968,0.015,0,-0.0897,-0.0221,0.9957,0,-0.0206,26.5525,-3.1933,1]},
{"frame":14,"values":[0.9947,0.0715,0.0737,0,-0.0728,0.9972,0.015,0,-0.0724,-0.0203,0.9972,0,-0.0206,26.5525,-3.1933,1]},
{"frame":15,"values":[0.9954,0.0778,0.0562,0,-0.0788,0.9968,0.0152,0,-0.0549,-0.0195,0.9983,0,-0.0206,26.5525,-3.1933,1]},
{"frame":16,"values":[0.9957,0.0841,0.0387,0,-0.0847,0.9963,0.015,0,-0.0373,-0.0182,0.9991,0,-0.0206,26.5525,-3.1933,1]},
{"frame":17,"values":[0.9957,0.0903,0.0212,0,-0.0907,0.9958,0.0148,0,-0.0198,-0.0167,0.9997,0,-0.0206,26.5525,-3.1933,1]},
{"frame":18,"values":[0.9953,0.0966,0.0037,0,-0.0966,0.9952,0.0148,0,-0.0022,-0.0151,0.9999,0,-0.0206,26.5525,-3.1933,1]},
{"frame":19,"values":[0.9946,0.1027,-0.0139,0,-0.1025,0.9946,0.0149,0,0.0153,-0.0134,0.9998,0,-0.0206,26.5525,-3.1933,1]},
{"frame":20,"values":[0.9936,0.1089,-0.0314,0,-0.1084,0.994,0.0152,0,0.0329,-0.0117,0.9994,0,-0.0206,26.5525,-3.1933,1]},
{"frame":21,"values":[0.9932,0.106,-0.0489,0,-0.1054,0.9943,0.0152,0,0.0503,-0.0099,0.9987,0,-0.0206,26.5525,-3.1933,1]},
{"frame":22,"values":[0.9924,0.1032,-0.0664,0,-0.1024,0.9946,0.0151,0,0.0676,-0.0082,0.9977,0,-0.0206,26.5525,-3.1933,1]},
{"frame":23,"values":[0.9932,0.1004,-0.0591,0,-0.0997,0.9949,0.0151,0,0.0603,-0.0091,0.9981,0,-0.0206,26.5525,-3.1933,1]},
{"frame":24,"values":[0.9939,0.0977,-0.0517,0,-0.0971,0.9952,0.0151,0,0.0529,-0.01,0.9985,0,-0.0206,26.5525,-3.1933,1]},
{"frame":25,"values":[0.9945,0.095,-0.0443,0,-0.0944,0.9954,0.0148,0,0.0456,-0.0106,0.9989,0,-0.0206,26.5525,-3.1933,1]},
{"frame":26,"values":[0.9946,0.0966,-0.037,0,-0.0961,0.9953,0.0146,0,0.0382,-0.011,0.9992,0,-0.0206,26.5525,-3.1933,1]},
{"frame":27,"values":[0.9947,0.0982,-0.0296,0,-0.0978,0.9951,0.0143,0,0.0309,-0.0113,0.9995,0,-0.0206,26.5525,-3.1933,1]},
{"frame":28,"values":[0.9948,0.0997,-0.0222,0,-0.0994,0.9949,0.014,0,0.0235,-0.0117,0.9997,0,-0.0206,26.5525,-3.1933,1]},
{"frame":29,"values":[0.9947,0.1021,-0.0123,0,-0.1019,0.9947,0.0137,0,0.0136,-0.0124,0.9998,0,-0.0206,26.5525,-3.1933,1]}],"loopBehavior":1,"name":"anim","property":"_matrix"}},
{"name":"mixamorig:Neck","index":4,"matrix":[0.9993,-0.0379,0.0046,0,0.0378,0.9991,0.0184,0,-0.0053,-0.0182,0.9998,0,-0.06,30.7018,1.3522,1],"rest":[1,0,0,0,0,1,0,0,0,0,1,0,-0.06,30.7018,1.3522,1],"parentBoneIndex":3,"length":22.8446
,"animation":{"dataType":3,"framePerSecond":24,"keys":[
{"frame":1,"values":[0.9993,-0.0379,0.0046,0,0.0378,0.9991,0.0184,0,-0.0053,-0.0182,0.9998,0,-0.06,30.7018,1.3522,1]},
{"frame":2,"values":[0.9993,-0.0349,-0.0124,0,0.0351,0.9993,0.0119,0,0.012,-0.0123,0.9999,0,-0.06,30.7018,1.3522,1]},
{"frame":3,"values":[0.9992,-0.0314,-0.0264,0,0.0315,0.9995,0.0059,0,0.0262,-0.0068,0.9996,0,-0.06,30.7018,1.3522,1]},
{"frame":4,"values":[0.9992,-0.0259,-0.0318,0,0.0259,0.9997,0.0013,0,0.0318,-0.0022,0.9995,0,-0.06,30.7018,1.3522,1]},
{"frame":5,"values":[0.9995,-0.0179,-0.0267,0,0.0179,0.9998,-0.0017,0,0.0268,0.0012,0.9996,0,-0.06,30.7018,1.3522,1]},
{"frame":6,"values":[0.9999,-0.0079,-0.0134,0,0.0078,1,-0.0034,0,0.0134,0.0033,0.9999,0,-0.06,30.7018,1.3522,1]},
{"frame":7,"values":[1,-0.0005,-0.0028,0,0.0005,1,-0.0041,0,0.0028,0.0041,1,0,-0.06,30.7018,1.3522,1]},
{"frame":8,"values":[0.9999,0.0069,0.0079,0,-0.0068,1,-0.0048,0,-0.0079,0.0047,1,0,-0.06,30.7018,1.3522,1]},
{"frame":9,"values":[0.9997,0.0142,0.0185,0,-0.0141,0.9999,-0.0056,0,-0.0186,0.0053,0.9998,0,-0.06,30.7018,1.3522,1]},
{"frame":10,"values":[0.9993,0.0217,0.0291,0,-0.0217,0.9998,0.0003,0,-0.0291,-0.0009,0.9996,0,-0.06,30.7018,1.3522,1]},
{"frame":11,"values":[0.9988,0.029,0.0397,0,-0.0293,0.9996,0.0061,0,-0.0395,-0.0072,0.9992,0,-0.06,30.7018,1.3522,1]},
{"frame":12,"values":[0.9981,0.0363,0.0504,0,-0.037,0.9992,0.0118,0,-0.0499,-0.0136,0.9987,0,-0.06,30.7018,1.3522,1]},
{"frame":13,"values":[0.9977,0.0295,0.0611,0,-0.0306,0.9994,0.0173,0,-0.0606,-0.0191,0.998,0,-0.06,30.7018,1.3522,1]},
{"frame":14,"values":[0.9972,0.0226,0.0718,0,-0.0243,0.9994,0.0229,0,-0.0713,-0.0246,0.9972,0,-0.06,30.7018,1.3522,1]},
{"frame":15,"values":[0.9965,0.0157,0.0825,0,-0.0181,0.9994,0.0285,0,-0.082,-0.0299,0.9962,0,-0.06,30.7018,1.3522,1]},
{"frame":16,"values":[0.9956,0.0087,0.0931,0,-0.012,0.9993,0.0342,0,-0.0928,-0.0352,0.9951,0,-0.06,30.7018,1.3522,1]},
{"frame":17,"values":[0.9946,0.0017,0.1037,0,-0.0058,0.9992,0.04,0,-0.1035,-0.0404,0.9938,0,-0.06,30.7018,1.3522,1]},
{"frame":18,"values":[0.9934,-0.0054,0.1142,0,0.0002,0.9989,0.0458,0,-0.1143,-0.0455,0.9924,0,-0.06,30.7018,1.3522,1]},
{"frame":19,"values":[0.9921,-0.0126,0.1246,0,0.0062,0.9986,0.0517,0,-0.1251,-0.0505,0.9909,0,-0.06,30.7018,1.3522,1]},
{"frame":20,"values":[0.9906,-0.0198,0.135,0,0.0121,0.9983,0.0577,0,-0.1359,-0.0555,0.9892,0,-0.06,30.7018,1.3522,1]},
{"frame":21,"values":[0.9923,-0.0268,0.121,0,0.0192,0.9978,0.0635,0,-0.1224,-0.0607,0.9906,0,-0.06,30.7018,1.3522,1]},
{"frame":22,"values":[0.9937,-0.0338,0.1069,0,0.0277,0.9979,0.0582,0,-0.1086,-0.0549,0.9926,0,-0.06,30.7018,1.3522,1]},
{"frame":23,"values":[0.9948,-0.0409,0.0928,0,0.0361,0.998,0.0528,0,-0.0948,-0.0492,0.9943,0,-0.06,30.7018,1.3522,1]},
{"frame":24,"values":[0.9957,-0.048,0.0788,0,0.0444,0.9979,0.0472,0,-0.0809,-0.0435,0.9958,0,-0.06,30.7018,1.3522,1]},
{"frame":25,"values":[0.9968,-0.0461,0.0647,0,0.0434,0.9982,0.0417,0,-0.0665,-0.0388,0.997,0,-0.06,30.7018,1.3522,1]},
{"frame":26,"values":[0.9977,-0.0442,0.0505,0,0.0424,0.9984,0.0362,0,-0.052,-0.034,0.9981,0,-0.06,30.7018,1.3522,1]},
{"frame":27,"values":[0.9984,-0.0425,0.0364,0,0.0413,0.9987,0.0307,0,-0.0376,-0.0291,0.9989,0,-0.06,30.7018,1.3522,1]},
{"frame":28,"values":[0.9989,-0.0407,0.0222,0,0.0402,0.9989,0.0252,0,-0.0232,-0.0243,0.9994,0,-0.06,30.7018,1.3522,1]},
{"frame":29,"values":[0.9993,-0.0379,0.0046,0,0.0378,0.9991,0.0184,0,-0.0053,-0.0182,0.9998,0,-0.06,30.7018,1.3522,1]}],"loopBehavior":1,"name":"anim","property":"_matrix"}},
{"name":"mixamorig:Head","index":5,"matrix":[0.9899,-0.1413,-0.0133,0,0.1416,0.9896,0.026,0,0.0095,-0.0277,0.9996,0,-0.0872,22.5476,3.6709,1],"rest":[1,0,0,0,0,1,0,0,0,0,1,0,-0.0872,22.5476,3.6709,1],"parentBoneIndex":4,"length":30.5924
,"animation":{"dataType":3,"framePerSecond":24,"keys":[
{"frame":1,"values":[0.9899,-0.1413,-0.0133,0,0.1416,0.9896,0.026,0,0.0095,-0.0277,0.9996,0,-0.0872,22.5476,3.6709,1]},
{"frame":2,"values":[0.9878,-0.147,-0.0505,0,0.148,0.9889,0.0158,0,0.0476,-0.0231,0.9986,0,-0.0872,22.5476,3.6709,1]},
{"frame":3,"values":[0.985,-0.1516,-0.082,0,0.1525,0.9883,0.0049,0,0.0803,-0.0173,0.9966,0,-0.0872,22.5476,3.6709,1]},
{"frame":4,"values":[0.9832,-0.1534,-0.0991,0,0.1534,0.9881,-0.007,0,0.099,-0.0084,0.9951,0,-0.0872,22.5477,3.6709,1]},
{"frame":5,"values":[0.9834,-0.152,-0.0994,0,0.1508,0.9884,-0.0195,0,0.1012,0.0042,0.9949,0,-0.0872,22.5476,3.6709,1]},
{"frame":6,"values":[0.985,-0.1484,-0.0885,0,0.146,0.9887,-0.033,0,0.0924,0.0196,0.9955,0,-0.0872,22.5476,3.6709,1]},
{"frame":7,"values":[0.9895,-0.1335,-0.0554,0,0.1311,0.9903,-0.0456,0,0.061,0.0378,0.9974,0,-0.0872,22.5476,3.6709,1]},
{"frame":8,"values":[0.9928,-0.118,-0.0224,0,0.1165,0.9915,-0.0586,0,0.0291,0.0556,0.998,0,-0.0872,22.5476,3.6709,1]},
{"frame":9,"values":[0.9947,-0.1019,0.0105,0,0.1023,0.9921,-0.0721,0,-0.003,0.0728,0.9973,0,-0.0872,22.5476,3.6709,1]},
{"frame":10,"values":[0.9954,-0.0851,0.0431,0,0.0886,0.9923,-0.0861,0,-0.0354,0.0895,0.9954,0,-0.0872,22.5476,3.6709,1]},
{"frame":11,"values":[0.9948,-0.0679,0.0753,0,0.0753,0.9921,-0.1004,0,-0.0679,0.1056,0.9921,0,-0.0872,22.5476,3.6709,1]},
{"frame":12,"values":[0.9929,-0.0507,0.1074,0,0.0601,0.9944,-0.0865,0,-0.1025,0.0924,0.9904,0,-0.0872,22.5476,3.6709,1]},
{"frame":13,"values":[0.9896,-0.0339,0.1397,0,0.0444,0.9963,-0.0731,0,-0.1367,0.0785,0.9875,0,-0.0872,22.5476,3.6709,1]},
{"frame":14,"values":[0.9849,-0.0175,0.1721,0,0.0283,0.9978,-0.0601,0,-0.1706,0.064,0.9833,0,-0.0872,22.5476,3.6709,1]},
{"frame":15,"values":[0.9789,-0.0017,0.2044,0,0.0117,0.9988,-0.0476,0,-0.2041,0.049,0.9777,0,-0.0872,22.5476,3.6709,1]},
{"frame":16,"values":[0.9715,0.0137,0.2368,0,-0.0054,0.9993,-0.0358,0,-0.2371,0.0335,0.9709,0,-0.0872,22.5476,3.6709,1]},
{"frame":17,"values":[0.9627,0.0285,0.2689,0,-0.0227,0.9994,-0.0245,0,-0.2695,0.0174,0.9629,0,-0.0872,22.5476,3.6709,1]},
{"frame":18,"values":[0.9537,0.0144,0.3005,0,-0.0111,0.9999,-0.0128,0,-0.3007,0.0089,0.9537,0,-0.0872,22.5476,3.6709,1]},
{"frame":19,"values":[0.9434,0.0001,0.3317,0,0.0002,1,-0.0009,0,-0.3317,0.0009,0.9434,0,-0.0872,22.5476,3.6709,1]},
{"frame":20,"values":[0.932,-0.0145,0.3623,0,0.0111,0.9999,0.0115,0,-0.3624,-0.0067,0.932,0,-0.0872,22.5476,3.6709,1]},
{"frame":21,"values":[0.9463,-0.0301,0.322,0,0.0233,0.9994,0.0248,0,-0.3226,-0.016,0.9464,0,-0.0872,22.5476,3.6709,1]},
{"frame":22,"values":[0.9587,-0.0452,0.2809,0,0.0361,0.9986,0.0376,0,-0.2822,-0.0259,0.959,0,-0.0872,22.5476,3.6709,1]},
{"frame":23,"values":[0.9691,-0.0599,0.2391,0,0.0494,0.9975,0.0498,0,-0.2415,-0.0365,0.9697,0,-0.0872,22.5476,3.6709,1]},
{"frame":24,"values":[0.9776,-0.0742,0.1968,0,0.0632,0.9961,0.0614,0,-0.2006,-0.0476,0.9785,0,-0.0872,22.5476,3.6709,1]},
{"frame":25,"values":[0.984,-0.0892,0.1542,0,0.0815,0.9951,0.0561,0,-0.1584,-0.0427,0.9864,0,-0.0872,22.5476,3.6709,1]},
{"frame":26,"values":[0.9883,-0.1045,0.1113,0,0.0995,0.9938,0.05,0,-0.1159,-0.0384,0.9925,0,-0.0872,22.5476,3.6709,1]},
{"frame":27,"values":[0.9904,-0.1199,0.0684,0,0.1172,0.9922,0.0432,0,-0.073,-0.0347,0.9967,0,-0.0872,22.5476,3.6709,1]},
{"frame":28,"values":[0.9905,-0.1354,0.0255,0,0.1345,0.9903,0.0355,0,-0.03,-0.0318,0.999,0,-0.0872,22.5476,3.6709,1]},
{"frame":29,"values":[0.9899,-0.1413,-0.0133,0,0.1416,0.9896,0.026,0,0.0095,-0.0277,0.9996,0,-0.0872,22.5476,3.6709,1]}],"loopBehavior":1,"name":"anim","property":"_matrix"}},
{"name":"mixamorig:HeadTop_End","index":6,"matrix":[1,0,0,0,0,1,0,0,0,0,1,0,-0.8306,40.3552,7.8935,1],"rest":[1,0,0,0,0,1,0,0,0,0,1,0,-0.8306,40.3552,7.8935,1],"parentBoneIndex":5,"length":30.5924
,"animation":{"dataType":3,"framePerSecond":24,"keys":[
{"frame":1,"values":[1,0,0,0,0,1,0,0,0,0,1,0,-0.8306,40.3552,7.8935,1]},
{"frame":10,"values":[1,0,0,0,0,1,0,0,0,0,1,0,-0.8306,40.3551,7.8935,1]},
{"frame":11,"values":[1,0,0,0,0,1,0,0,0,0,1,0,-0.8306,40.3552,7.8935,1]},
{"frame":18,"values":[1,0,0,0,0,1,0,0,0,0,1,0,-0.8306,40.3553,7.8935,1]},
{"frame":19,"values":[1,0,0,0,0,1,0,0,0,0,1,0,-0.8306,40.3552,7.8935,1]},
{"frame":29,"values":[1,0,0,0,0,1,0,0,0,0,1,0,-0.8306,40.3552,7.8935,1]}],"loopBehavior":1,"name":"anim","property":"_matrix"}},
{"name":"mixamorig:RightEye","index":7,"matrix":[1,0,0,0,0,1,0,0,0,0,1,0,-6.3021,18.1186,16.1971,1],"rest":[1,0,0,0,0,1,0,0,0,0,1,0,-6.3021,18.1186,16.1971,1],"parentBoneIndex":5,"length":30.5924
,"animation":{"dataType":3,"framePerSecond":24,"keys":[
{"frame":1,"values":[1,0,0,0,0,1,0,0,0,0,1,0,-6.3021,18.1186,16.1971,1]},
{"frame":3,"values":[1,0,0,0,0,1,0,0,0,0,1,0,-6.3021,18.1185,16.1971,1]},
{"frame":4,"values":[1,0,0,0,0,1,0,0,0,0,1,0,-6.3021,18.1186,16.1971,1]},
{"frame":10,"values":[1,0,0,0,0,1,0,0,0,0,1,0,-6.3021,18.1185,16.1971,1]},
{"frame":11,"values":[1,0,0,0,0,1,0,0,0,0,1,0,-6.3021,18.1186,16.1971,1]},
{"frame":16,"values":[1,0,0,0,0,1,0,0,0,0,1,0,-6.3021,18.1185,16.1971,1]},
{"frame":17,"values":[1,0,0,0,0,1,0,0,0,0,1,0,-6.3021,18.1186,16.1971,1]},
{"frame":29,"values":[1,0,0,0,0,1,0,0,0,0,1,0,-6.3021,18.1186,16.1971,1]}],"loopBehavior":1,"name":"anim","property":"_matrix"}},
{"name":"mixamorig:LeftEye","index":8,"matrix":[1,0,0,0,0,1,0,0,0,0,1,0,6.7415,18.3826,16.4019,1],"rest":[1,0,0,0,0,1,0,0,0,0,1,0,6.7415,18.3827,16.4019,1],"parentBoneIndex":5,"length":30.5924
,"animation":{"dataType":3,"framePerSecond":24,"keys":[
{"frame":1,"values":[1,0,0,0,0,1,0,0,0,0,1,0,6.7415,18.3827,16.4019,1]},
{"frame":3,"values":[1,0,0,0,0,1,0,0,0,0,1,0,6.7415,18.3826,16.4019,1]},
{"frame":4,"values":[1,0,0,0,0,1,0,0,0,0,1,0,6.7415,18.3827,16.4019,1]},
{"frame":7,"values":[1,0,0,0,0,1,0,0,0,0,1,0,6.7415,18.3826,16.4019,1]},
{"frame":8,"values":[1,0,0,0,0,1,0,0,0,0,1,0,6.7415,18.3827,16.4019,1]},
{"frame":10,"values":[1,0,0,0,0,1,0,0,0,0,1,0,6.7415,18.3826,16.4019,1]},
{"frame":11,"values":[1,0,0,0,0,1,0,0,0,0,1,0,6.7415,18.3827,16.4019,1]},
{"frame":16,"values":[1,0,0,0,0,1,0,0,0,0,1,0,6.7415,18.3826,16.4019,1]},
{"frame":17,"values":[1,0,0,0,0,1,0,0,0,0,1,0,6.7415,18.3827,16.4019,1]},
{"frame":27,"values":[1,0,0,0,0,1,0,0,0,0,1,0,6.7415,18.3826,16.4019,1]},
{"frame":28,"values":[1,0,0,0,0,1,0,0,0,0,1,0,6.7415,18.3827,16.4019,1]},
{"frame":29,"values":[1,0,0,0,0,1,0,0,0,0,1,0,6.7415,18.3826,16.4019,1]}],"loopBehavior":1,"name":"anim","property":"_matrix"}},
{"name":"mixamorig:LeftShoulder","index":9,"matrix":[0.968,-0.0964,0.2316,0,0.0794,0.9935,0.0817,0,-0.2379,-0.0607,0.9694,0,11.9249,18.2305,1.4254,1],"rest":[1,0.0062,0,0,-0.0062,1,0,0,0,0,1,0,11.9249,18.2305,1.4254,1],"parentBoneIndex":3,"length":25.9773
,"animation":{"dataType":3,"framePerSecond":24,"keys":[
{"frame":1,"values":[0.968,-0.0964,0.2316,0,0.0794,0.9935,0.0817,0,-0.2379,-0.0607,0.9694,0,11.9249,18.2305,1.4254,1]},
{"frame":2,"values":[0.9675,-0.0922,0.2357,0,0.0748,0.9938,0.0817,0,-0.2417,-0.0614,0.9684,0,11.9249,18.2305,1.4254,1]},
{"frame":3,"values":[0.9667,-0.0879,0.2402,0,0.0701,0.9942,0.0817,0,-0.246,-0.0621,0.9673,0,11.9249,18.2305,1.4254,1]},
{"frame":4,"values":[0.966,-0.0841,0.2446,0,0.0659,0.9945,0.0816,0,-0.2502,-0.0627,0.9662,0,11.9249,18.2305,1.4254,1]},
{"frame":5,"values":[0.9653,-0.0808,0.2484,0,0.0622,0.9947,0.0816,0,-0.2537,-0.0633,0.9652,0,11.9249,18.2305,1.4254,1]},
{"frame":6,"values":[0.9648,-0.0769,0.2516,0,0.058,0.995,0.0816,0,-0.2566,-0.0641,0.9644,0,11.9249,18.2305,1.4254,1]},
{"frame":7,"values":[0.9636,-0.0713,0.2576,0,0.0519,0.9953,0.0815,0,-0.2622,-0.0652,0.9628,0,11.9249,18.2305,1.4254,1]},
{"frame":8,"values":[0.9625,-0.0643,0.2636,0,0.0442,0.9957,0.0815,0,-0.2677,-0.0668,0.9612,0,11.9249,18.2305,1.4254,1]},
{"frame":9,"values":[0.9612,-0.0576,0.2696,0,0.0368,0.996,0.0814,0,-0.2732,-0.0683,0.9595,0,11.9249,18.2305,1.4254,1]},
{"frame":10,"values":[0.9623,-0.0533,0.2666,0,0.0326,0.9961,0.0815,0,-0.2699,-0.0698,0.9604,0,11.9249,18.2305,1.4254,1]},
{"frame":11,"values":[0.9633,-0.052,0.2635,0,0.0315,0.9962,0.0817,0,-0.2667,-0.0704,0.9612,0,11.9249,18.2305,1.4254,1]},
{"frame":12,"values":[0.9638,-0.0568,0.2604,0,0.0366,0.996,0.0819,0,-0.264,-0.0694,0.962,0,11.9249,18.2305,1.4254,1]},
{"frame":13,"values":[0.9643,-0.0616,0.2574,0,0.0417,0.9958,0.082,0,-0.2613,-0.0684,0.9628,0,11.9249,18.2305,1.4254,1]},
{"frame":14,"values":[0.9648,-0.0664,0.2543,0,0.0468,0.9955,0.0822,0,-0.2586,-0.0674,0.9636,0,11.9249,18.2305,1.4254,1]},
{"frame":15,"values":[0.9653,-0.0711,0.2512,0,0.0519,0.9953,0.0823,0,-0.2559,-0.0664,0.9644,0,11.9249,18.2305,1.4254,1]},
{"frame":16,"values":[0.9657,-0.0759,0.2482,0,0.057,0.995,0.0824,0,-0.2532,-0.0654,0.9652,0,11.9249,18.2305,1.4254,1]},
{"frame":17,"values":[0.9661,-0.0807,0.2451,0,0.0621,0.9947,0.0825,0,-0.2504,-0.0645,0.966,0,11.9249,18.2305,1.4254,1]},
{"frame":18,"values":[0.9665,-0.0855,0.242,0,0.0672,0.9943,0.0826,0,-0.2477,-0.0636,0.9668,0,11.9249,18.2305,1.4254,1]},
{"frame":19,"values":[0.9664,-0.0903,0.2406,0,0.0723,0.9939,0.0827,0,-0.2466,-0.0625,0.9671,0,11.9249,18.2305,1.4254,1]},
{"frame":20,"values":[0.9663,-0.0952,0.2391,0,0.0774,0.9936,0.0828,0,-0.2455,-0.0615,0.9675,0,11.9249,18.2306,1.4254,1]},
{"frame":21,"values":[0.9662,-0.1001,0.2377,0,0.0825,0.9931,0.0829,0,-0.2443,-0.0605,0.9678,0,11.9249,18.2305,1.4254,1]},
{"frame":22,"values":[0.966,-0.1049,0.2362,0,0.0876,0.9927,0.0828,0,-0.2432,-0.0593,0.9682,0,11.9249,18.2305,1.4254,1]},
{"frame":23,"values":[0.9658,-0.1098,0.2348,0,0.0927,0.9923,0.0826,0,-0.242,-0.058,0.9685,0,11.9249,18.2305,1.4254,1]},
{"frame":24,"values":[0.9656,-0.1147,0.2333,0,0.0978,0.9918,0.0825,0,-0.2409,-0.0568,0.9689,0,11.9249,18.2305,1.4254,1]},
{"frame":25,"values":[0.9664,-0.1113,0.2319,0,0.0945,0.9921,0.0823,0,-0.2392,-0.0577,0.9692,0,11.9249,18.2305,1.4254,1]},
{"frame":26,"values":[0.9671,-0.1079,0.2305,0,0.0911,0.9924,0.0822,0,-0.2376,-0.0585,0.9696,0,11.9249,18.2305,1.4254,1]},
{"frame":27,"values":[0.9678,-0.1045,0.229,0,0.0877,0.9928,0.0821,0,-0.2359,-0.0593,0.97,0,11.9249,18.2305,1.4254,1]},
{"frame":28,"values":[0.9686,-0.1006,0.2276,0,0.0839,0.9931,0.0819,0,-0.2342,-0.0603,0.9703,0,11.9249,18.2305,1.4254,1]},
{"frame":29,"values":[0.968,-0.0964,0.2316,0,0.0794,0.9935,0.0817,0,-0.2379,-0.0607,0.9694,0,11.9249,18.2305,1.4254,1]}],"loopBehavior":1,"name":"anim","property":"_matrix"}},
{"name":"mixamorig:LeftArm","index":10,"matrix":[0.1421,-0.9895,-0.0274,0,0.9883,0.1433,-0.052,0,0.0554,-0.0197,0.9983,0,25.4312,-0.8547,-5.2293,1],"rest":[0.9983,0.0295,0.0512,0,-0.0294,0.9996,-0.0017,0,-0.0512,0.0002,0.9987,0,25.4312,-0.8546,-5.2293,1],"parentBoneIndex":9,"length":54.6848
,"animation":{"dataType":3,"framePerSecond":24,"keys":[
{"frame":1,"values":[0.1421,-0.9895,-0.0274,0,0.9883,0.1433,-0.052,0,0.0554,-0.0197,0.9983,0,25.4312,-0.8546,-5.2293,1]},
{"frame":2,"values":[0.1352,-0.9902,-0.0354,0,0.9891,0.137,-0.0536,0,0.0579,-0.0278,0.9979,0,25.4312,-0.8546,-5.2293,1]},
{"frame":3,"values":[0.1281,-0.9907,-0.0451,0,0.9899,0.1305,-0.0558,0,0.0612,-0.0375,0.9974,0,25.4312,-0.8546,-5.2293,1]},
{"frame":4,"values":[0.1213,-0.9909,-0.0593,0,0.9904,0.1248,-0.0597,0,0.0666,-0.0515,0.9965,0,25.4312,-0.8547,-5.2293,1]},
{"frame":5,"values":[0.1152,-0.9902,-0.0792,0,0.9905,0.1206,-0.0662,0,0.0751,-0.0708,0.9947,0,25.4312,-0.8546,-5.2293,1]},
{"frame":6,"values":[0.1095,-0.9886,-0.1029,0,0.9902,0.1175,-0.0754,0,0.0866,-0.0937,0.9918,0,25.4312,-0.8547,-5.2293,1]},
{"frame":7,"values":[0.1022,-0.9868,-0.1254,0,0.9898,0.1135,-0.0858,0,0.0989,-0.1153,0.9884,0,25.4312,-0.8547,-5.2293,1]},
{"frame":8,"values":[0.093,-0.986,-0.1386,0,0.9897,0.1067,-0.0949,0,0.1083,-0.1284,0.9858,0,25.4312,-0.8546,-5.2293,1]},
{"frame":9,"values":[0.0842,-0.9848,-0.1518,0,0.9899,0.1001,-0.1,0,0.1136,-0.1418,0.9833,0,25.4312,-0.8547,-5.2293,1]},
{"frame":10,"values":[0.08,-0.985,-0.1531,0,0.9903,0.096,-0.1,0,0.1132,-0.1436,0.9831,0,25.4312,-0.8546,-5.2293,1]},
{"frame":11,"values":[0.0906,-0.985,-0.1468,0,0.9896,0.1056,-0.0976,0,0.1117,-0.1364,0.9843,0,25.4312,-0.8547,-5.2293,1]},
{"frame":12,"values":[0.1013,-0.9859,-0.1333,0,0.9888,0.1145,-0.0954,0,0.1093,-0.1221,0.9865,0,25.4312,-0.8546,-5.2293,1]},
{"frame":13,"values":[0.112,-0.987,-0.1149,0,0.988,0.123,-0.0931,0,0.106,-0.1031,0.989,0,25.4312,-0.8547,-5.2293,1]},
{"frame":14,"values":[0.1336,-0.9863,-0.0964,0,0.9853,0.1427,-0.0942,0,0.1066,-0.0824,0.9909,0,25.4312,-0.8546,-5.2293,1]},
{"frame":15,"values":[0.1551,-0.9848,-0.0779,0,0.9821,0.1622,-0.0956,0,0.1068,-0.0616,0.9924,0,25.4312,-0.8547,-5.2293,1]},
{"frame":16,"values":[0.1679,-0.984,-0.0593,0,0.9804,0.173,-0.094,0,0.1028,-0.0423,0.9938,0,25.4312,-0.8547,-5.2293,1]},
{"frame":17,"values":[0.1806,-0.9823,-0.0495,0,0.9785,0.1846,-0.0923,0,0.0999,-0.0318,0.9945,0,25.4312,-0.8546,-5.2293,1]},
{"frame":18,"values":[0.1932,-0.9803,-0.0398,0,0.9764,0.1961,-0.0908,0,0.0968,-0.0213,0.9951,0,25.4312,-0.8546,-5.2293,1]},
{"frame":19,"values":[0.1942,-0.9805,-0.03,0,0.9772,0.196,-0.0819,0,0.0862,-0.0134,0.9962,0,25.4312,-0.8547,-5.2293,1]},
{"frame":20,"values":[0.195,-0.9806,-0.0203,0,0.9779,0.196,-0.073,0,0.0755,-0.0056,0.9971,0,25.4312,-0.8547,-5.2293,1]},
{"frame":21,"values":[0.1958,-0.9805,-0.0171,0,0.9784,0.1965,-0.064,0,0.0662,-0.0042,0.9978,0,25.4312,-0.8547,-5.2293,1]},
{"frame":22,"values":[0.1882,-0.982,-0.014,0,0.9803,0.1887,-0.0577,0,0.0593,-0.0029,0.9982,0,25.4312,-0.8546,-5.2293,1]},
{"frame":23,"values":[0.1806,-0.9835,-0.0109,0,0.9821,0.1809,-0.0514,0,0.0525,-0.0015,0.9986,0,25.4312,-0.8547,-5.2293,1]},
{"frame":24,"values":[0.173,-0.9849,-0.0075,0,0.9839,0.1732,-0.0451,0,0.0457,0.0004,0.999,0,25.4312,-0.8546,-5.2293,1]},
{"frame":25,"values":[0.1653,-0.9862,-0.0041,0,0.9855,0.1654,-0.0388,0,0.0389,0.0024,0.9992,0,25.4312,-0.8547,-5.2293,1]},
{"frame":26,"values":[0.1598,-0.9871,-0.0082,0,0.9862,0.16,-0.0427,0,0.0434,-0.0013,0.9991,0,25.4312,-0.8547,-5.2293,1]},
{"frame":27,"values":[0.1542,-0.988,-0.0124,0,0.9869,0.1547,-0.0466,0,0.0479,-0.005,0.9988,0,25.4312,-0.8546,-5.2293,1]},
{"frame":28,"values":[0.1487,-0.9887,-0.0199,0,0.9875,0.1495,-0.0505,0,0.0529,-0.0121,0.9985,0,25.4312,-0.8546,-5.2293,1]},
{"frame":29,"values":[0.1421,-0.9895,-0.0274,0,0.9883,0.1433,-0.052,0,0.0554,-0.0197,0.9983,0,25.4312,-0.8547,-5.2293,1]}],"loopBehavior":1,"name":"anim","property":"_matrix"}},
{"name":"mixamorig:LeftForeArm","index":11,"matrix":[0.9892,-0.0086,0.1462,0,0.0092,0.9999,-0.0039,0,-0.1462,0.0052,0.9892,0,54.5783,-1.9463,-2.8009,1],"rest":[0.9943,-0.0088,-0.1062,0,0.0091,1,0.0028,0,0.1061,-0.0038,0.9943,0,54.5783,-1.9463,-2.8009,1],"parentBoneIndex":10,"length":55.0982
,"animation":{"dataType":3,"framePerSecond":24,"keys":[
{"frame":1,"values":[0.9892,-0.0086,0.1462,0,0.0092,0.9999,-0.0039,0,-0.1462,0.0052,0.9892,0,54.5783,-1.9463,-2.8009,1]},
{"frame":2,"values":[0.9898,-0.0086,0.1425,0,0.0092,0.9999,-0.0039,0,-0.1425,0.0052,0.9898,0,54.5783,-1.9463,-2.8009,1]},
{"frame":3,"values":[0.9904,-0.0086,0.1378,0,0.0092,0.9999,-0.0039,0,-0.1377,0.0052,0.9905,0,54.5783,-1.9463,-2.8009,1]},
{"frame":4,"values":[0.9915,-0.0086,0.1296,0,0.0092,0.9999,-0.004,0,-0.1296,0.0051,0.9916,0,54.5783,-1.9463,-2.8009,1]},
{"frame":5,"values":[0.9931,-0.0086,0.1169,0,0.0092,0.9999,-0.004,0,-0.1168,0.005,0.9931,0,54.5783,-1.9463,-2.8009,1]},
{"frame":6,"values":[0.995,-0.0087,0.1,0,0.0091,1,-0.004,0,-0.0999,0.0049,0.995,0,54.5783,-1.9463,-2.8009,1]},
{"frame":7,"values":[0.9965,-0.0087,0.0828,0,0.0091,1,-0.0041,0,-0.0828,0.0048,0.9966,0,54.5783,-1.9463,-2.8009,1]},
{"frame":8,"values":[0.9975,-0.0087,0.0703,0,0.009,1,-0.0041,0,-0.0702,0.0047,0.9975,0,54.5783,-1.9463,-2.8009,1]},
{"frame":9,"values":[0.9978,-0.0087,0.0652,0,0.009,1,-0.0041,0,-0.0651,0.0047,0.9979,0,54.5783,-1.9462,-2.8009,1]},
{"frame":10,"values":[0.997,-0.0087,0.0767,0,0.0091,1,-0.0041,0,-0.0767,0.0048,0.997,0,54.5784,-1.9463,-2.8009,1]},
{"frame":11,"values":[0.9961,-0.0087,0.0882,0,0.0091,0.9999,-0.0042,0,-0.0882,0.0049,0.9961,0,54.5783,-1.9463,-2.8009,1]},
{"frame":12,"values":[0.995,-0.0087,0.0997,0,0.0092,0.9999,-0.0042,0,-0.0997,0.0051,0.995,0,54.5783,-1.9463,-2.8009,1]},
{"frame":13,"values":[0.9938,-0.0087,0.1113,0,0.0093,0.9999,-0.0042,0,-0.1112,0.0052,0.9938,0,54.5783,-1.9463,-2.8009,1]},
{"frame":14,"values":[0.9918,-0.0086,0.1274,0,0.0093,0.9999,-0.0042,0,-0.1274,0.0054,0.9918,0,54.5783,-1.9463,-2.8009,1]},
{"frame":15,"values":[0.9896,-0.0086,0.1435,0,0.0093,0.9999,-0.0042,0,-0.1435,0.0055,0.9896,0,54.5783,-1.9463,-2.8009,1]},
{"frame":16,"values":[0.9871,-0.0085,0.1596,0,0.0093,0.9999,-0.0042,0,-0.1595,0.0057,0.9872,0,54.5783,-1.9463,-2.8009,1]},
{"frame":17,"values":[0.9847,-0.0084,0.1742,0,0.0093,0.9999,-0.0046,0,-0.1742,0.0062,0.9847,0,54.5783,-1.9463,-2.8009,1]},
{"frame":18,"values":[0.982,-0.0083,0.1889,0,0.0094,0.9999,-0.005,0,-0.1888,0.0067,0.982,0,54.5783,-1.9463,-2.8009,1]},
{"frame":19,"values":[0.9824,-0.0083,0.1865,0,0.0094,0.9999,-0.0049,0,-0.1865,0.0066,0.9824,0,54.5783,-1.9463,-2.8009,1]},
{"frame":20,"values":[0.9829,-0.0083,0.1841,0,0.0094,0.9999,-0.0048,0,-0.1841,0.0065,0.9829,0,54.5783,-1.9463,-2.8009,1]},
{"frame":21,"values":[0.9833,-0.0084,0.1818,0,0.0094,0.9999,-0.0047,0,-0.1817,0.0063,0.9833,0,54.5784,-1.9463,-2.8009,1]},
{"frame":22,"values":[0.9837,-0.0084,0.1794,0,0.0094,0.9999,-0.0046,0,-0.1794,0.0062,0.9838,0,54.5783,-1.9463,-2.8009,1]},
{"frame":23,"values":[0.9846,-0.0084,0.1744,0,0.0093,0.9999,-0.0045,0,-0.1744,0.0061,0.9847,0,54.5783,-1.9463,-2.8009,1]},
{"frame":24,"values":[0.9855,-0.0084,0.1695,0,0.0093,0.9999,-0.0044,0,-0.1694,0.0059,0.9855,0,54.5783,-1.9463,-2.8009,1]},
{"frame":25,"values":[0.9863,-0.0085,0.1645,0,0.0093,0.9999,-0.0043,0,-0.1645,0.0058,0.9864,0,54.5783,-1.9463,-2.8009,1]},
{"frame":26,"values":[0.9872,-0.0085,0.1595,0,0.0093,0.9999,-0.0042,0,-0.1595,0.0056,0.9872,0,54.5783,-1.9463,-2.8009,1]},
{"frame":27,"values":[0.9879,-0.0085,0.1546,0,0.0093,0.9999,-0.0041,0,-0.1545,0.0055,0.988,0,54.5783,-1.9463,-2.8009,1]},
{"frame":28,"values":[0.9887,-0.0085,0.1496,0,0.0092,0.9999,-0.004,0,-0.1496,0.0053,0.9887,0,54.5783,-1.9463,-2.8009,1]},
{"frame":29,"values":[0.9892,-0.0086,0.1462,0,0.0092,0.9999,-0.0039,0,-0.1462,0.0052,0.9892,0,54.5783,-1.9463,-2.8009,1]}],"loopBehavior":1,"name":"anim","property":"_matrix"}},
{"name":"mixamorig:LeftHand","index":12,"matrix":[0.9918,-0.1249,-0.0269,0,0.1102,0.943,-0.314,0,0.0645,0.3084,0.9491,0,54.9948,-1.4671,3.0376,1],"rest":[0.9961,0.088,0.001,0,-0.0871,0.9842,0.154,0,0.0125,-0.1535,0.9881,0,54.9948,-1.4671,3.0376,1],"parentBoneIndex":11,"length":20.3347
,"animation":{"dataType":3,"framePerSecond":24,"keys":[
{"frame":1,"values":[0.9918,-0.1249,-0.0269,0,0.1102,0.943,-0.314,0,0.0645,0.3084,0.9491,0,54.9948,-1.4671,3.0376,1]},
{"frame":2,"values":[0.9915,-0.1258,-0.0339,0,0.109,0.9437,-0.3123,0,0.0712,0.3059,0.9494,0,54.9948,-1.4671,3.0376,1]},
{"frame":3,"values":[0.9909,-0.1278,-0.0427,0,0.1085,0.9447,-0.3096,0,0.0799,0.3021,0.9499,0,54.9948,-1.4671,3.0376,1]},
{"frame":4,"values":[0.9898,-0.1308,-0.0557,0,0.1079,0.9462,-0.305,0,0.0926,0.2958,0.9507,0,54.9948,-1.4671,3.0376,1]},
{"frame":5,"values":[0.9884,-0.1329,-0.0737,0,0.1053,0.9487,-0.2981,0,0.1095,0.2869,0.9517,0,54.9948,-1.4671,3.0376,1]},
{"frame":6,"values":[0.9867,-0.1317,-0.0949,0,0.0992,0.9521,-0.2894,0,0.1284,0.2761,0.9525,0,54.9948,-1.4671,3.0376,1]},
{"frame":7,"values":[0.985,-0.1281,-0.1153,0,0.0915,0.9556,-0.2801,0,0.146,0.2653,0.953,0,54.9948,-1.4671,3.0376,1]},
{"frame":8,"values":[0.9834,-0.1258,-0.1305,0,0.0865,0.9584,-0.272,0,0.1593,0.2562,0.9534,0,54.9948,-1.4671,3.0376,1]},
{"frame":9,"values":[0.9822,-0.1271,-0.1382,0,0.0866,0.9598,-0.2671,0,0.1666,0.2504,0.9537,0,54.9948,-1.4671,3.0376,1]},
