{"producer":{"name":"Blender","version":"2.79 (sub 0)","exporter_version":"5.6.4","file":"focusedrun.babylon"},
"autoClear":true,"clearColor":[0.0509,0.0509,0.0509],"ambientColor":[0,0,0],"gravity":[0,-9.81,0],
"materials":[{"name":"focusedrun.Material","id":"focusedrun.Material","ambient":[0,0,0],"diffuse":[0,0,0],"specular":[0,0,0],"emissive":[0,0,0],"specularPower":50,"alpha":0.001,"backFaceCulling":true,"checkReadyOnlyOnce":false,"maxSimultaneousLights":4}],
"multiMaterials":[],
"skeletons":[{"name":"Armature","id":0,"dimensionsAtRest":[379.1952,391.6652,55.677],"bones":[
{"name":"mixamorig:Hips","index":0,"matrix":[0.9927,-0.0706,-0.0978,0,0.0565,0.9885,-0.1401,0,-0.1065,-0.1335,-0.9853,0,0.8547,185.2698,-2.7983,1],"rest":[1,0,0,0,0,1,0,0,0,0,-1,0,0,201.6394,0,1],"parentBoneIndex":-1,"length":21.6784
,"animation":{"dataType":3,"framePerSecond":24,"keys":[
{"frame":1,"values":[0.9927,-0.0706,-0.0978,0,0.0565,0.9885,-0.1401,0,-0.1065,-0.1335,-0.9853,0,0.8547,185.2698,-2.7983,1]},
{"frame":2,"values":[0.9966,-0.0276,-0.0777,0,0.0156,0.9884,-0.1509,0,-0.0809,-0.1491,-0.9855,0,0.0009,189.3207,-5.5085,1]},
{"frame":3,"values":[0.9981,-0.018,-0.0584,0,0.0072,0.9835,-0.1809,0,-0.0607,-0.1801,-0.9818,0,-0.8006,194.5755,-3.6044,1]},
{"frame":4,"values":[0.9996,-0.019,-0.0225,0,0.0153,0.9878,-0.1551,0,-0.0252,-0.1547,-0.9876,0,-1.3261,194.186,-3.1352,1]},
{"frame":5,"values":[0.9979,0.0171,0.0624,0,-0.0097,0.9932,-0.1161,0,0.064,-0.1152,-0.9913,0,-1.2158,189.7211,-0.8328,1]},
{"frame":6,"values":[0.9936,0.0768,0.0833,0,-0.0654,0.9891,-0.1318,0,0.0925,-0.1255,-0.9878,0,-0.481,185.801,1.8018,1]},
{"frame":7,"values":[0.9844,0.1417,0.1042,0,-0.1212,0.9759,-0.1816,0,0.1274,-0.1661,-0.9778,0,0.2539,181.6954,7.3195,1]},
{"frame":8,"values":[0.9855,0.1151,0.125,0,-0.0889,0.9761,-0.1982,0,0.1448,-0.1842,-0.9722,0,0.9887,185.0982,3.1793,1]},
{"frame":9,"values":[0.9853,0.0886,0.1458,0,-0.0559,0.9751,-0.2146,0,0.1611,-0.2033,-0.9658,0,1.7235,188.5009,-5.2744,1]},
{"frame":10,"values":[0.9925,0.0626,0.1052,0,-0.0383,0.975,-0.2188,0,0.1163,-0.2131,-0.9701,0,2.4584,191.9037,-6.8167,1]},
{"frame":11,"values":[0.9973,0.0363,0.0645,0,-0.0228,0.9796,-0.1998,0,0.0705,-0.1978,-0.9777,0,2.365,195.3065,-5.3889,1]},
{"frame":12,"values":[0.9997,0.0098,0.0237,0,-0.0053,0.9836,-0.1804,0,0.0251,-0.1802,-0.9833,0,2.2716,192.9376,-3.9612,1]},
{"frame":13,"values":[0.9997,-0.0169,-0.0172,0,0.0139,0.9869,-0.1605,0,-0.0196,-0.1602,-0.9869,0,2.4667,190.5688,-2.5334,1]},
{"frame":14,"values":[0.9974,-0.0434,-0.058,0,0.0332,0.9855,-0.1662,0,-0.0643,-0.1638,-0.9844,0,1.8862,188.1999,-3.1258,1]},
{"frame":15,"values":[0.9927,-0.0697,-0.0987,0,0.054,0.9867,-0.1536,0,-0.1081,-0.1471,-0.9832,0,1.3058,185.831,0.544,1]},
{"frame":16,"values":[0.9927,-0.0706,-0.0978,0,0.0565,0.9885,-0.1401,0,-0.1065,-0.1335,-0.9853,0,0.8547,185.2698,-2.7983,1]}],"loopBehavior":1,"name":"anim","property":"_matrix"}},
{"name":"mixamorig:Spine","index":1,"matrix":[0.968,0.0742,-0.2398,0,-0.0167,0.9722,0.2337,0,0.2505,-0.2222,0.9423,0,0.0062,19.525,-2.4818,1],"rest":[1,0,0,0,0,1,0,0,0,0,1,0,0.0062,19.525,-2.4818,1],"parentBoneIndex":0,"length":23.0091
,"animation":{"dataType":3,"framePerSecond":24,"keys":[
{"frame":1,"values":[0.968,0.0742,-0.2398,0,-0.0167,0.9722,0.2337,0,0.2505,-0.2222,0.9423,0,0.0062,19.525,-2.4818,1]},
{"frame":2,"values":[0.9608,0.0126,-0.2768,0,0.0241,0.9914,0.129,0,0.2761,-0.1306,0.9522,0,0.0062,19.525,-2.4818,1]},
{"frame":3,"values":[0.9568,0.0013,-0.2907,0,0.0133,0.9987,0.0483,0,0.2904,-0.0501,0.9556,0,0.0062,19.525,-2.4818,1]},
{"frame":4,"values":[0.9676,0.0109,-0.2523,0,0.0122,0.9959,0.0898,0,0.2522,-0.0899,0.9635,0,0.0062,19.525,-2.4818,1]},
{"frame":5,"values":[0.9893,-0.0446,-0.1388,0,0.0695,0.9811,0.1804,0,0.1281,-0.1881,0.9737,0,0.0062,19.525,-2.4818,1]},
{"frame":6,"values":[0.9915,-0.1298,-0.0111,0,0.1285,0.9602,0.2481,0,-0.0215,-0.2474,0.9687,0,0.0062,19.525,-2.4818,1]},
{"frame":7,"values":[0.9768,-0.2021,0.0711,0,0.1789,0.952,0.2483,0,-0.1179,-0.2298,0.9661,0,0.0062,19.525,-2.4818,1]},
{"frame":8,"values":[0.9736,-0.1695,0.1529,0,0.1467,0.9778,0.1499,0,-0.1749,-0.1235,0.9768,0,0.0062,19.525,-2.4818,1]},
{"frame":9,"values":[0.9687,-0.0835,0.2336,0,0.0734,0.996,0.0515,0,-0.237,-0.0327,0.971,0,0.0062,19.525,-2.4818,1]},
{"frame":10,"values":[0.9491,-0.0369,0.3128,0,0.0533,0.9976,-0.0439,0,-0.3104,0.0584,0.9488,0,0.0062,19.525,-2.4818,1]},
{"frame":11,"values":[0.9744,-0.0476,0.2199,0,0.0443,0.9988,0.0197,0,-0.2206,-0.0095,0.9753,0,0.0062,19.525,-2.4818,1]},
{"frame":12,"values":[0.9909,-0.0516,0.1246,0,0.0413,0.9956,0.0839,0,-0.1284,-0.078,0.9887,0,0.0062,19.525,-2.4818,1]},
{"frame":13,"values":[0.9996,-0.0112,0.0255,0,0.0074,0.9894,0.1449,0,-0.0268,-0.1447,0.9891,0,0.0062,19.525,-2.4818,1]},
{"frame":14,"values":[0.9968,0.0358,-0.0716,0,-0.0202,0.9778,0.2086,0,0.0774,-0.2065,0.9754,0,0.0062,19.525,-2.4818,1]},
{"frame":15,"values":[0.9825,0.0883,-0.1642,0,-0.0407,0.961,0.2735,0,0.1819,-0.2621,0.9477,0,0.0062,19.525,-2.4818,1]},
{"frame":16,"values":[0.968,0.0742,-0.2398,0,-0.0167,0.9722,0.2337,0,0.2505,-0.2222,0.9423,0,0.0062,19.525,-2.4818,1]}],"loopBehavior":1,"name":"anim","property":"_matrix"}},
{"name":"mixamorig:Spine1","index":2,"matrix":[0.9992,0.0216,-0.0323,0,-0.0235,0.998,-0.0589,0,0.031,0.0596,0.9977,0,-0.0009,22.835,-2.8254,1],"rest":[1,0,0,0,0,1,0,0,0,0,1,0,-0.0009,22.835,-2.8254,1],"parentBoneIndex":1,"length":26.7438
,"animation":{"dataType":3,"framePerSecond":24,"keys":[
{"frame":1,"values":[0.9992,0.0216,-0.0323,0,-0.0235,0.998,-0.0589,0,0.031,0.0596,0.9977,0,-0.0009,22.835,-2.8254,1]},
{"frame":2,"values":[0.9992,0.0175,-0.0361,0,-0.0184,0.9995,-0.0275,0,0.0356,0.0281,0.999,0,-0.0009,22.835,-2.8254,1]},
{"frame":3,"values":[0.9993,0.0017,-0.0386,0,-0.0017,1,-0.0016,0,0.0386,0.0017,0.9993,0,-0.0009,22.835,-2.8254,1]},
{"frame":4,"values":[0.9994,-0.0011,-0.034,0,0.001,1,-0.002,0,0.034,0.0019,0.9994,0,-0.0009,22.835,-2.8254,1]},
{"frame":5,"values":[0.9995,0.0267,-0.0172,0,-0.027,0.9994,-0.0225,0,0.0165,0.0229,0.9996,0,-0.0009,22.835,-2.8254,1]},
{"frame":6,"values":[0.9983,0.0591,0.0001,0,-0.059,0.9967,-0.0562,0,-0.0035,0.0561,0.9984,0,-0.0009,22.835,-2.8254,1]},
{"frame":7,"values":[0.997,0.0761,0.0108,0,-0.0755,0.996,-0.0474,0,-0.0144,0.0464,0.9988,0,-0.0009,22.835,-2.8254,1]},
{"frame":8,"values":[0.9971,0.0732,0.0215,0,-0.0728,0.9972,-0.0168,0,-0.0227,0.0152,0.9996,0,-0.0009,22.835,-2.8254,1]},
{"frame":9,"values":[0.9976,0.0604,0.0324,0,-0.0609,0.9981,0.0137,0,-0.0315,-0.0156,0.9994,0,-0.0009,22.835,-2.8254,1]},
{"frame":10,"values":[0.998,0.0473,0.0429,0,-0.0492,0.9978,0.0443,0,-0.0407,-0.0463,0.9981,0,-0.0009,22.835,-2.8254,1]},
{"frame":11,"values":[0.9979,0.0568,0.0299,0,-0.0575,0.9981,0.0233,0,-0.0286,-0.025,0.9993,0,-0.0009,22.835,-2.8254,1]},
{"frame":12,"values":[0.9977,0.066,0.0168,0,-0.066,0.9978,0.0024,0,-0.0166,-0.0035,0.9999,0,-0.0009,22.835,-2.8254,1]},
{"frame":13,"values":[0.9987,0.0503,0.0034,0,-0.0502,0.9986,-0.0183,0,-0.0043,0.0181,0.9998,0,-0.0009,22.835,-2.8254,1]},
{"frame":14,"values":[0.9994,0.0344,-0.0097,0,-0.0347,0.9986,-0.0393,0,0.0083,0.0396,0.9992,0,-0.0009,22.835,-2.8254,1]},
{"frame":15,"values":[0.9996,0.0181,-0.0224,0,-0.0194,0.998,-0.0604,0,0.0213,0.0608,0.9979,0,-0.0009,22.835,-2.8254,1]},
{"frame":16,"values":[0.9992,0.0216,-0.0323,0,-0.0235,0.998,-0.0589,0,0.031,0.0596,0.9977,0,-0.0009,22.835,-2.8254,1]}],"loopBehavior":1,"name":"anim","property":"_matrix"}},
{"name":"mixamorig:Spine2","index":3,"matrix":[0.9993,0.0194,-0.0323,0,-0.0213,0.9981,-0.0581,0,0.0311,0.0588,0.9978,0,-0.0206,26.5525,-3.1933,1],"rest":[1,0,0,0,0,1,0,0,0,0,1,0,-0.0206,26.5525,-3.1933,1],"parentBoneIndex":2,"length":24.825
,"animation":{"dataType":3,"framePerSecond":24,"keys":[
{"frame":1,"values":[0.9993,0.0194,-0.0323,0,-0.0213,0.9981,-0.0581,0,0.0311,0.0588,0.9978,0,-0.0206,26.5525,-3.1933,1]},
{"frame":2,"values":[0.9993,0.0103,-0.036,0,-0.0113,0.9995,-0.0283,0,0.0357,0.0287,0.999,0,-0.0206,26.5525,-3.1933,1]},
{"frame":3,"values":[0.9993,0.0012,-0.0386,0,-0.0013,1,-0.0024,0,0.0386,0.0025,0.9993,0,-0.0206,26.5525,-3.1933,1]},
{"frame":4,"values":[0.9994,-0.0008,-0.0337,0,0.0008,1,-0.001,0,0.0337,0.001,0.9994,0,-0.0206,26.5525,-3.1933,1]},
{"frame":5,"values":[0.9995,0.0252,-0.0173,0,-0.0256,0.9994,-0.024,0,0.0167,0.0244,0.9996,0,-0.0206,26.5525,-3.1933,1]},
{"frame":6,"values":[0.9987,0.0513,0.0001,0,-0.0512,0.9971,-0.0567,0,-0.003,0.0566,0.9984,0,-0.0206,26.5525,-3.1933,1]},
{"frame":7,"values":[0.9969,0.0773,0.0114,0,-0.0767,0.9961,-0.0436,0,-0.0147,0.0426,0.999,0,-0.0206,26.5525,-3.1933,1]},
{"frame":8,"values":[0.9972,0.0713,0.0227,0,-0.0716,0.9974,0.0094,0,-0.022,-0.011,0.9997,0,-0.0206,26.5525,-3.1933,1]},
{"frame":9,"values":[0.9978,0.0559,0.0344,0,-0.0579,0.9964,0.0623,0,-0.0308,-0.0642,0.9975,0,-0.0206,26.5525,-3.1933,1]},
{"frame":10,"values":[0.9982,0.0398,0.0452,0,-0.0448,0.9923,0.1152,0,-0.0403,-0.117,0.9923,0,-0.0206,26.5525,-3.1933,1]},
{"frame":11,"values":[0.9982,0.0509,0.0318,0,-0.0533,0.9954,0.0801,0,-0.0276,-0.0817,0.9963,0,-0.0206,26.5525,-3.1933,1]},
{"frame":12,"values":[0.9979,0.0615,0.018,0,-0.0622,0.997,0.045,0,-0.0152,-0.046,0.9988,0,-0.0206,26.5525,-3.1933,1]},
{"frame":13,"values":[0.9989,0.0476,0.0039,0,-0.0476,0.9988,0.01,0,-0.0034,-0.0101,0.9999,0,-0.0206,26.5525,-3.1933,1]},
{"frame":14,"values":[0.9994,0.0332,-0.0097,0,-0.0335,0.9991,-0.0253,0,0.0089,0.0256,0.9996,0,-0.0206,26.5525,-3.1933,1]},
{"frame":15,"values":[0.9996,0.0184,-0.0228,0,-0.0197,0.998,-0.0607,0,0.0217,0.0611,0.9979,0,-0.0206,26.5525,-3.1933,1]},
{"frame":16,"values":[0.9993,0.0194,-0.0323,0,-0.0213,0.9981,-0.0581,0,0.0311,0.0588,0.9978,0,-0.0206,26.5525,-3.1933,1]}],"loopBehavior":1,"name":"anim","property":"_matrix"}},
{"name":"mixamorig:Neck","index":4,"matrix":[0.9976,-0.0565,0.0391,0,0.0533,0.9955,0.0787,0,-0.0433,-0.0764,0.9961,0,-0.06,30.7018,1.3522,1],"rest":[1,0,0,0,0,1,0,0,0,0,1,0,-0.06,30.7018,1.3522,1],"parentBoneIndex":3,"length":22.8446
,"animation":{"dataType":3,"framePerSecond":24,"keys":[
{"frame":1,"values":[0.9976,-0.0565,0.0391,0,0.0533,0.9955,0.0787,0,-0.0433,-0.0764,0.9961,0,-0.06,30.7018,1.3522,1]},
{"frame":2,"values":[0.9972,-0.0534,0.0514,0,0.048,0.9936,0.1021,0,-0.0565,-0.0994,0.9934,0,-0.06,30.7018,1.3522,1]},
{"frame":3,"values":[0.997,-0.0498,0.0599,0,0.0451,0.9959,0.0782,0,-0.0635,-0.0753,0.9951,0,-0.06,30.7018,1.3522,1]},
{"frame":4,"values":[0.9961,-0.0664,0.0582,0,0.0636,0.9968,0.0493,0,-0.0613,-0.0454,0.9971,0,-0.06,30.7018,1.3522,1]},
{"frame":5,"values":[0.9947,-0.0928,0.0436,0,0.0906,0.9947,0.0485,0,-0.0478,-0.0443,0.9979,0,-0.06,30.7018,1.3522,1]},
{"frame":6,"values":[0.9952,-0.0939,0.0289,0,0.0922,0.9942,0.0553,0,-0.0339,-0.0524,0.9981,0,-0.06,30.7019,1.3522,1]},
{"frame":7,"values":[0.9979,-0.0636,0.0142,0,0.063,0.9973,0.037,0,-0.0165,-0.036,0.9992,0,-0.06,30.7018,1.3522,1]},
{"frame":8,"values":[0.9991,-0.0422,-0.0005,0,0.0422,0.9991,0.0079,0,0.0001,-0.0079,1,0,-0.06,30.7018,1.3522,1]},
{"frame":9,"values":[0.9997,-0.0208,-0.0151,0,0.0208,0.9998,-0.0003,0,0.0151,0,0.9999,0,-0.06,30.7019,1.3522,1]},
{"frame":10,"values":[0.9993,-0.0223,-0.0298,0,0.0221,0.9997,-0.0086,0,0.03,0.0079,0.9995,0,-0.06,30.7019,1.3522,1]},
{"frame":11,"values":[0.9996,-0.0206,-0.019,0,0.0203,0.9997,-0.0169,0,0.0194,0.0165,0.9997,0,-0.06,30.7018,1.3522,1]},
{"frame":12,"values":[0.9998,-0.0188,-0.0082,0,0.0186,0.9995,-0.0251,0,0.0087,0.025,0.9997,0,-0.06,30.7018,1.3522,1]},
{"frame":13,"values":[0.9995,-0.0307,0.0026,0,0.0308,0.999,-0.0334,0,-0.0015,0.0335,0.9994,0,-0.06,30.7018,1.3522,1]},
{"frame":14,"values":[0.999,-0.0425,0.0135,0,0.0426,0.9991,-0.0069,0,-0.0132,0.0074,0.9999,0,-0.06,30.7018,1.3522,1]},
{"frame":15,"values":[0.9982,-0.0545,0.0241,0,0.054,0.9983,0.0198,0,-0.0252,-0.0184,0.9995,0,-0.06,30.7018,1.3522,1]},
{"frame":16,"values":[0.9976,-0.0565,0.0391,0,0.0533,0.9955,0.0787,0,-0.0433,-0.0764,0.9961,0,-0.06,30.7018,1.3522,1]}],"loopBehavior":1,"name":"anim","property":"_matrix"}},
{"name":"mixamorig:Head","index":5,"matrix":[0.9932,0.0347,0.1108,0,0.0049,0.9411,-0.3382,0,-0.116,0.3365,0.9345,0,-0.0872,22.5476,3.6709,1],"rest":[1,0,0,0,0,1,0,0,0,0,1,0,-0.0872,22.5476,3.6709,1],"parentBoneIndex":4,"length":30.5923
,"animation":{"dataType":3,"framePerSecond":24,"keys":[
{"frame":1,"values":[0.9932,0.0347,0.1108,0,0.0049,0.9411,-0.3382,0,-0.116,0.3365,0.9345,0,-0.0872,22.5477,3.6709,1]},
{"frame":2,"values":[0.9828,0.0489,0.1782,0,0.0066,0.9544,-0.2983,0,-0.1847,0.2944,0.9377,0,-0.0872,22.5476,3.6709,1]},
{"frame":3,"values":[0.9754,0.0538,0.2138,0,0.0074,0.9611,-0.2759,0,-0.2204,0.2707,0.9371,0,-0.0872,22.5476,3.6709,1]},
{"frame":4,"values":[0.9766,0.0633,0.2055,0,-0.0011,0.9571,-0.2897,0,-0.215,0.2827,0.9348,0,-0.0872,22.5476,3.6709,1]},
{"frame":5,"values":[0.984,0.0692,0.164,0,-0.0112,0.9435,-0.3311,0,-0.1776,0.324,0.9292,0,-0.0872,22.5476,3.6709,1]},
{"frame":6,"values":[0.9929,0.0631,0.101,0,-0.0203,0.9253,-0.3787,0,-0.1173,0.3739,0.92,0,-0.0872,22.5476,3.6709,1]},
{"frame":7,"values":[0.9987,0.0384,0.0321,0,-0.0227,0.9193,-0.393,0,-0.0446,0.3918,0.919,0,-0.0872,22.5476,3.6709,1]},
{"frame":8,"values":[0.9993,0.0105,-0.0357,0,-0.0224,0.9361,-0.3509,0,0.0297,0.3515,0.9357,0,-0.0872,22.5476,3.6709,1]},
{"frame":9,"values":[0.9944,-0.0143,-0.1047,0,-0.0187,0.9511,-0.3083,0,0.104,0.3085,0.9455,0,-0.0872,22.5476,3.6709,1]},
{"frame":10,"values":[0.9841,-0.036,-0.174,0,-0.0117,0.9641,-0.2654,0,0.1773,0.2633,0.9483,0,-0.0872,22.5476,3.6709,1]},
{"frame":11,"values":[0.9894,-0.0614,-0.1317,0,0.0217,0.9587,-0.2835,0,0.1437,0.2776,0.9499,0,-0.0872,22.5476,3.6709,1]},
{"frame":12,"values":[0.9923,-0.0861,-0.0887,0,0.0558,0.9523,-0.3,0,0.1103,0.2927,0.9498,0,-0.0872,22.5476,3.6709,1]},
{"frame":13,"values":[0.9973,-0.0583,-0.0454,0,0.0411,0.9481,-0.3154,0,0.0614,0.3126,0.9479,0,-0.0872,22.5476,3.6709,1]},
{"frame":14,"values":[0.9996,-0.0296,-0.0023,0,0.0272,0.9431,-0.3313,0,0.012,0.3311,0.9435,0,-0.0872,22.5476,3.6709,1]},
{"frame":15,"values":[0.9992,-0.0001,0.0402,0,0.0141,0.9375,-0.3477,0,-0.0376,0.348,0.9368,0,-0.0872,22.5476,3.6709,1]},
{"frame":16,"values":[0.9932,0.0347,0.1108,0,0.0049,0.9411,-0.3382,0,-0.116,0.3365,0.9345,0,-0.0872,22.5476,3.6709,1]}],"loopBehavior":1,"name":"anim","property":"_matrix"}},
{"name":"mixamorig:HeadTop_End","index":6,"matrix":[1,0,0,0,0,1,0,0,0,0,1,0,-0.8306,40.3552,7.8935,1],"rest":[1,0,0,0,0,1,0,0,0,0,1,0,-0.8306,40.3552,7.8935,1],"parentBoneIndex":5,"length":30.5923
,"animation":{"dataType":3,"framePerSecond":24,"keys":[
{"frame":1,"values":[1,0,0,0,0,1,0,0,0,0,1,0,-0.8306,40.3552,7.8935,1]},
{"frame":16,"values":[1,0,0,0,0,1,0,0,0,0,1,0,-0.8306,40.3552,7.8935,1]}],"loopBehavior":1,"name":"anim","property":"_matrix"}},
{"name":"mixamorig:RightEye","index":7,"matrix":[1,0,0,0,0,1,0,0,0,0,1,0,-6.3021,18.1186,16.1971,1],"rest":[1,0,0,0,0,1,0,0,0,0,1,0,-6.3021,18.1186,16.1971,1],"parentBoneIndex":5,"length":30.5923
,"animation":{"dataType":3,"framePerSecond":24,"keys":[
{"frame":1,"values":[1,0,0,0,0,1,0,0,0,0,1,0,-6.3021,18.1186,16.1971,1]},
{"frame":12,"values":[1,0,0,0,0,1,0,0,0,0,1,0,-6.3021,18.1185,16.1971,1]},
{"frame":13,"values":[1,0,0,0,0,1,0,0,0,0,1,0,-6.3021,18.1186,16.1971,1]},
{"frame":16,"values":[1,0,0,0,0,1,0,0,0,0,1,0,-6.3021,18.1186,16.1971,1]}],"loopBehavior":1,"name":"anim","property":"_matrix"}},
{"name":"mixamorig:LeftEye","index":8,"matrix":[1,0,0,0,0,1,0,0,0,0,1,0,6.7415,18.3827,16.4019,1],"rest":[1,0,0,0,0,1,0,0,0,0,1,0,6.7415,18.3827,16.4019,1],"parentBoneIndex":5,"length":30.5923
,"animation":{"dataType":3,"framePerSecond":24,"keys":[
{"frame":1,"values":[1,0,0,0,0,1,0,0,0,0,1,0,6.7415,18.3827,16.4019,1]},
{"frame":16,"values":[1,0,0,0,0,1,0,0,0,0,1,0,6.7415,18.3827,16.4019,1]}],"loopBehavior":1,"name":"anim","property":"_matrix"}},
{"name":"mixamorig:LeftShoulder","index":9,"matrix":[0.9873,-0.0716,0.1421,0,0.0643,0.9964,0.0554,0,-0.1456,-0.0455,0.9883,0,11.9249,18.2305,1.4254,1],"rest":[1,0.0062,0,0,-0.0062,1,0,0,0,0,1,0,11.9249,18.2305,1.4254,1],"parentBoneIndex":3,"length":25.9773
,"animation":{"dataType":3,"framePerSecond":24,"keys":[
{"frame":1,"values":[0.9873,-0.0716,0.1421,0,0.0643,0.9964,0.0554,0,-0.1456,-0.0455,0.9883,0,11.9249,18.2305,1.4254,1]},
{"frame":2,"values":[0.9891,-0.051,0.1381,0,0.0444,0.9977,0.0505,0,-0.1404,-0.0438,0.9891,0,11.9249,18.2305,1.4254,1]},
{"frame":3,"values":[0.9889,-0.0498,0.1401,0,0.043,0.9978,0.0508,0,-0.1424,-0.0442,0.9888,0,11.9249,18.2305,1.4254,1]},
{"frame":4,"values":[0.9806,-0.1095,0.1626,0,0.0994,0.9927,0.069,0,-0.1689,-0.0515,0.9843,0,11.9249,18.2305,1.4254,1]},
{"frame":5,"values":[0.968,-0.165,0.189,0,0.1501,0.9845,0.0906,0,-0.201,-0.0594,0.9778,0,11.9249,18.2305,1.4254,1]},
{"frame":6,"values":[0.9649,-0.176,0.1948,0,0.1599,0.9825,0.0958,0,-0.2083,-0.0613,0.9762,0,11.9249,18.2305,1.4254,1]},
{"frame":7,"values":[0.9809,-0.1312,0.1434,0,0.1225,0.9902,0.0678,0,-0.1509,-0.0489,0.9873,0,11.9249,18.2305,1.4254,1]},
{"frame":8,"values":[0.9953,-0.0615,0.0746,0,0.0589,0.9976,0.0361,0,-0.0766,-0.0315,0.9966,0,11.9249,18.2305,1.4254,1]},
{"frame":9,"values":[0.9985,-0.0166,0.0518,0,0.0152,0.9995,0.0285,0,-0.0523,-0.0277,0.9983,0,11.9249,18.2305,1.4254,1]},
{"frame":10,"values":[0.9991,-0.0299,0.029,0,0.0293,0.9994,0.0208,0,-0.0296,-0.02,0.9994,0,11.9249,18.2305,1.4254,1]},
{"frame":11,"values":[0.9971,-0.043,0.0624,0,0.041,0.9986,0.0324,0,-0.0637,-0.0298,0.9975,0,11.9249,18.2305,1.4254,1]},
{"frame":12,"values":[0.9932,-0.0686,0.0941,0,0.0647,0.997,0.0435,0,-0.0968,-0.0371,0.9946,0,11.9249,18.2305,1.4254,1]},
{"frame":13,"values":[0.9876,-0.0944,0.1254,0,0.088,0.9946,0.0553,0,-0.1299,-0.0436,0.9906,0,11.9249,18.2305,1.4254,1]},
{"frame":14,"values":[0.9828,-0.0974,0.1567,0,0.089,0.9942,0.0598,0,-0.1616,-0.0448,0.9858,0,11.9249,18.2305,1.4254,1]},
{"frame":15,"values":[0.9831,-0.1009,0.1528,0,0.092,0.9937,0.0646,0,-0.1583,-0.0494,0.9861,0,11.9249,18.2305,1.4254,1]},
{"frame":16,"values":[0.9873,-0.0716,0.1421,0,0.0643,0.9964,0.0554,0,-0.1456,-0.0455,0.9883,0,11.9249,18.2305,1.4254,1]}],"loopBehavior":1,"name":"anim","property":"_matrix"}},
{"name":"mixamorig:LeftArm","index":10,"matrix":[0.4619,-0.441,-0.7695,0,0.8862,0.2657,0.3796,0,0.0371,-0.8573,0.5135,0,25.4312,-0.8546,-5.2293,1],"rest":[0.9983,0.0295,0.0512,0,-0.0294,0.9996,-0.0017,0,-0.0512,0.0002,0.9987,0,25.4312,-0.8546,-5.2293,1],"parentBoneIndex":9,"length":54.6848
,"animation":{"dataType":3,"framePerSecond":24,"keys":[
{"frame":1,"values":[0.4619,-0.441,-0.7695,0,0.8862,0.2657,0.3796,0,0.0371,-0.8573,0.5135,0,25.4312,-0.8547,-5.2293,1]},
{"frame":2,"values":[0.4623,-0.3015,-0.8339,0,0.8775,0.2906,0.3815,0,0.1273,-0.9081,0.3989,0,25.4312,-0.8546,-5.2293,1]},
{"frame":3,"values":[0.4271,-0.3557,-0.8313,0,0.8881,0.3379,0.3116,0,0.1701,-0.8714,0.4602,0,25.4312,-0.8546,-5.2293,1]},
{"frame":4,"values":[0.3974,-0.541,-0.7412,0,0.8987,0.3927,0.1952,0,0.1854,-0.7437,0.6423,0,25.4312,-0.8547,-5.2293,1]},
{"frame":5,"values":[0.4083,-0.7139,-0.5688,0,0.9017,0.4126,0.1294,0,0.1423,-0.5657,0.8122,0,25.4312,-0.8546,-5.2293,1]},
{"frame":6,"values":[0.48,-0.8368,-0.2634,0,0.8772,0.4624,0.1294,0,0.0135,-0.2931,0.956,0,25.4312,-0.8546,-5.2293,1]},
{"frame":7,"values":[0.5073,-0.8352,0.2121,0,0.8486,0.527,0.0456,0,-0.1498,0.1569,0.9762,0,25.4312,-0.8546,-5.2293,1]},
{"frame":8,"values":[0.5162,-0.6401,0.5691,0,0.8293,0.5397,-0.1452,0,-0.2142,0.5469,0.8093,0,25.4312,-0.8546,-5.2293,1]},
{"frame":9,"values":[0.58,-0.4641,0.6694,0,0.7715,0.5768,-0.2686,0,-0.2614,0.6723,0.6926,0,25.4312,-0.8546,-5.2293,1]},
{"frame":10,"values":[0.6084,-0.4445,0.6574,0,0.7181,0.6611,-0.2175,0,-0.3379,0.6045,0.7214,0,25.4312,-0.8546,-5.2293,1]},
{"frame":11,"values":[0.5783,-0.6436,0.5014,0,0.7408,0.6716,0.0077,0,-0.3417,0.367,0.8652,0,25.4312,-0.8546,-5.2293,1]},
{"frame":12,"values":[0.4995,-0.8489,0.1726,0,0.8177,0.5279,0.2295,0,-0.286,0.0265,0.9579,0,25.4312,-0.8546,-5.2293,1]},
{"frame":13,"values":[0.4419,-0.8794,-0.1772,0,0.8793,0.3854,0.2798,0,-0.1778,-0.2795,0.9435,0,25.4312,-0.8546,-5.2293,1]},
{"frame":14,"values":[0.4431,-0.7966,-0.4111,0,0.8954,0.3713,0.2456,0,-0.043,-0.477,0.8779,0,25.4312,-0.8546,-5.2293,1]},
{"frame":15,"values":[0.4097,-0.6688,-0.6204,0,0.9119,0.2819,0.2983,0,-0.0247,-0.6879,0.7254,0,25.4312,-0.8546,-5.2293,1]},
{"frame":16,"values":[0.4619,-0.441,-0.7695,0,0.8862,0.2657,0.3796,0,0.0371,-0.8573,0.5135,0,25.4312,-0.8546,-5.2293,1]}],"loopBehavior":1,"name":"anim","property":"_matrix"}},
{"name":"mixamorig:LeftForeArm","index":11,"matrix":[0.4025,0.0106,0.9154,0,0.0248,0.9994,-0.0224,0,-0.9151,0.0317,0.402,0,54.5783,-1.9463,-2.8009,1],"rest":[0.9943,-0.0088,-0.1062,0,0.0091,1,0.0028,0,0.1061,-0.0038,0.9943,0,54.5783,-1.9463,-2.8009,1],"parentBoneIndex":10,"length":55.0982
,"animation":{"dataType":3,"framePerSecond":24,"keys":[
{"frame":1,"values":[0.4024,0.0124,0.9154,0,0.0248,0.9994,-0.0245,0,-0.9151,0.0325,0.4019,0,54.5783,-1.9463,-2.8009,1]},
{"frame":2,"values":[0.2576,0.0197,0.9661,0,0.0139,0.9996,-0.0241,0,-0.9662,0.0196,0.2572,0,54.5783,-1.9463,-2.8009,1]},
{"frame":3,"values":[0.2772,0.0178,0.9606,0,0.0195,0.9995,-0.0241,0,-0.9606,0.0254,0.2768,0,54.5783,-1.9463,-2.8009,1]},
{"frame":4,"values":[0.2968,0.0158,0.9548,0,0.0251,0.9994,-0.0243,0,-0.9546,0.0312,0.2962,0,54.5783,-1.9463,-2.8009,1]},
{"frame":5,"values":[0.2344,0.0184,0.972,0,0.0306,0.9992,-0.0263,0,-0.9717,0.0359,0.2337,0,54.5783,-1.9463,-2.8009,1]},
{"frame":6,"values":[-0.0064,0.0319,0.9995,0,0.0358,0.9989,-0.0316,0,-0.9993,0.0356,-0.0075,0,54.5783,-1.9463,-2.8009,1]},
{"frame":7,"values":[-0.1437,0.0326,0.9891,0,0.0394,0.9989,-0.0272,0,-0.9888,0.035,-0.1448,0,54.5783,-1.9463,-2.8009,1]},
{"frame":8,"values":[-0.1336,0.0503,0.9898,0,0.0396,0.9982,-0.0454,0,-0.9902,0.0331,-0.1354,0,54.5783,-1.9463,-2.8009,1]},
{"frame":9,"values":[-0.1455,0.0354,0.9887,0,0.0404,0.9987,-0.0298,0,-0.9885,0.0356,-0.1468,0,54.5783,-1.9463,-2.8009,1]},
{"frame":10,"values":[-0.2532,0.0299,0.967,0,0.0425,0.9989,-0.0198,0,-0.9665,0.0361,-0.2541,0,54.5783,-1.9463,-2.8009,1]},
{"frame":11,"values":[-0.3549,0.0401,0.9341,0,0.045,0.9987,-0.0258,0,-0.9338,0.0329,-0.3562,0,54.5783,-1.9462,-2.8009,1]},
{"frame":12,"values":[-0.2178,0.0349,0.9754,0,0.0414,0.9988,-0.0265,0,-0.9751,0.0346,-0.219,0,54.5783,-1.9463,-2.8009,1]},
{"frame":13,"values":[0.0679,0.0292,0.9973,0,0.0335,0.9989,-0.0316,0,-0.9971,0.0356,0.0668,0,54.5783,-1.9463,-2.8009,1]},
{"frame":14,"values":[0.4051,0.0122,0.9142,0,0.0247,0.9994,-0.0243,0,-0.9139,0.0324,0.4045,0,54.5783,-1.9463,-2.8009,1]},
{"frame":15,"values":[0.535,0.007,0.8448,0,0.0213,0.9995,-0.0218,0,-0.8446,0.0296,0.5346,0,54.5783,-1.9463,-2.8009,1]},
{"frame":16,"values":[0.4025,0.0106,0.9154,0,0.0248,0.9994,-0.0224,0,-0.9151,0.0317,0.402,0,54.5783,-1.9463,-2.8009,1]}],"loopBehavior":1,"name":"anim","property":"_matrix"}},
{"name":"mixamorig:LeftHand","index":12,"matrix":[0.9962,0.0363,-0.0795,0,-0.0365,0.9993,-0.0015,0,0.0794,0.0044,0.9968,0,54.9948,-1.4671,3.0376,1],"rest":[0.9961,0.088,0.001,0,-0.0871,0.9842,0.154,0,0.0125,-0.1535,0.9881,0,54.9948,-1.4671,3.0376,1],"parentBoneIndex":11,"length":20.3347
,"animation":{"dataType":3,"framePerSecond":24,"keys":[
{"frame":1,"values":[0.9962,0.0363,-0.0795,0,-0.0365,0.9993,-0.0015,0,0.0794,0.0044,0.9968,0,54.9948,-1.4671,3.0376,1]},
{"frame":2,"values":[0.9867,-0.0175,-0.1616,0,0.0034,0.9962,-0.0871,0,0.1625,0.0854,0.983,0,54.9948,-1.4671,3.0376,1]},
{"frame":3,"values":[0.9888,0.0615,-0.1362,0,-0.0808,0.9867,-0.1409,0,0.1258,0.1503,0.9806,0,54.9948,-1.4671,3.0376,1]},
{"frame":4,"values":[0.9723,0.2293,-0.0463,0,-0.2336,0.9423,-0.2397,0,-0.0113,0.2439,0.9697,0,54.9948,-1.4671,3.0376,1]},
{"frame":5,"values":[0.9492,0.2837,-0.1361,0,-0.3123,0.9028,-0.2958,0,0.0389,0.3232,0.9455,0,54.9948,-1.4671,3.0376,1]},
{"frame":6,"values":[0.9405,0.2505,-0.2298,0,-0.268,0.9622,-0.048,0,0.2091,0.1067,0.9721,0,54.9948,-1.4671,3.0376,1]},
{"frame":7,"values":[0.9733,0.2007,-0.1114,0,-0.1693,0.9554,0.2421,0,0.1551,-0.2168,0.9638,0,54.9948,-1.4671,3.0376,1]},
{"frame":8,"values":[0.9857,0.1641,0.0383,0,-0.1684,0.9673,0.1894,0,-0.0059,-0.1932,0.9811,0,54.9948,-1.4671,3.0376,1]},
{"frame":9,"values":[0.9794,0.1716,-0.106,0,-0.176,0.9838,-0.0337,0,0.0985,0.0516,0.9938,0,54.9948,-1.4671,3.0376,1]},
{"frame":10,"values":[0.9001,0.1963,-0.3888,0,-0.2564,0.9605,-0.1085,0,0.3521,0.1974,0.9149,0,54.9948,-1.4671,3.0376,1]},
{"frame":11,"values":[0.8925,0.2104,-0.3991,0,-0.238,0.9711,-0.0203,0,0.3832,0.1131,0.9167,0,54.9948,-1.4671,3.0376,1]},
{"frame":12,"values":[0.9758,0.156,-0.1535,0,-0.1454,0.9863,0.0782,0,0.1636,-0.054,0.9851,0,54.9948,-1.4671,3.0376,1]},
{"frame":13,"values":[0.9912,0.1166,0.0624,0,-0.1215,0.9892,0.0825,0,-0.0521,-0.0893,0.9946,0,54.9948,-1.4671,3.0376,1]},
{"frame":14,"values":[0.9918,0.0751,0.1038,0,-0.0806,0.9955,0.0494,0,-0.0997,-0.0573,0.9934,0,54.9948,-1.4671,3.0376,1]},
{"frame":15,"values":[0.9942,0.1018,0.0344,0,-0.1033,0.9936,0.0462,0,-0.0295,-0.0495,0.9983,0,54.9948,-1.4671,3.0376,1]},
{"frame":16,"values":[0.9962,0.0363,-0.0795,0,-0.0365,0.9993,-0.0015,0,0.0794,0.0044,0.9968,0,54.9948,-1.4671,3.0376,1]}],"loopBehavior":1,"name":"anim","property":"_matrix"}},
{"name":"mixamorig:LeftHandMiddle1","index":13,"matrix":[0.9861,-0.1596,0.0468,0,0.1596,0.9872,0.0028,0,-0.0467,0.0047,0.9989,0,23.1821,-2.445,1.6605,1],"rest":[0.9974,-0.0561,0.045,0,0.0561,0.9984,0.0005,0,-0.045,0.002,0.999,0,23.1821,-2.445,1.6605,1],"parentBoneIndex":12,"length":6.3787
,"animation":{"dataType":3,"framePerSecond":24,"keys":[
{"frame":1,"values":[0.986,-0.1596,0.0485,0,0.1594,0.9872,0.0079,0,-0.0492,-0.0001,0.9988,0,23.1821,-2.445,1.6605,1]},
{"frame":2,"values":[0.9839,-0.172,0.0484,0,0.1718,0.9851,0.0074,0,-0.049,0.0011,0.9988,0,23.1821,-2.445,1.6605,1]},
{"frame":3,"values":[0.9853,-0.1639,0.0483,0,0.1637,0.9865,0.0068,0,-0.0487,0.0012,0.9988,0,23.1821,-2.445,1.6605,1]},
{"frame":4,"values":[0.9926,-0.1113,0.0482,0,0.1111,0.9938,0.0062,0,-0.0486,-0.0009,0.9988,0,23.1821,-2.445,1.6605,1]},
{"frame":5,"values":[0.9945,-0.0933,0.048,0,0.0931,0.9956,0.0057,0,-0.0484,-0.0012,0.9988,0,23.1821,-2.445,1.6605,1]},
{"frame":6,"values":[0.9931,-0.1069,0.0479,0,0.1067,0.9943,0.0051,0,-0.0482,0,0.9988,0,23.1821,-2.445,1.6605,1]},
{"frame":7,"values":[0.9949,-0.089,0.0478,0,0.0889,0.996,0.0045,0,-0.048,-0.0003,0.9988,0,23.1821,-2.445,1.6605,1]},
{"frame":8,"values":[0.9949,-0.089,0.0477,0,0.0889,0.996,0.004,0,-0.0478,0.0003,0.9989,0,23.1821,-2.445,1.6605,1]},
{"frame":9,"values":[0.9949,-0.089,0.0475,0,0.0889,0.996,0.0034,0,-0.0477,0.0008,0.9989,0,23.1821,-2.445,1.6605,1]},
{"frame":10,"values":[0.9949,-0.089,0.0474,0,0.0889,0.996,0.0028,0,-0.0475,0.0014,0.9989,0,23.1821,-2.445,1.6605,1]},
{"frame":11,"values":[0.9946,-0.0925,0.0473,0,0.0925,0.9957,0.0028,0,-0.0474,0.0015,0.9989,0,23.1821,-2.445,1.6605,1]},
{"frame":12,"values":[0.9943,-0.0961,0.0472,0,0.096,0.9954,0.0028,0,-0.0472,0.0017,0.9989,0,23.1821,-2.445,1.6605,1]},
{"frame":13,"values":[0.9939,-0.0996,0.0471,0,0.0996,0.995,0.0028,0,-0.0471,0.0019,0.9989,0,23.1821,-2.445,1.6605,1]},
{"frame":14,"values":[0.9936,-0.1031,0.0469,0,0.1031,0.9947,0.0028,0,-0.047,0.002,0.9989,0,23.1821,-2.445,1.6605,1]},
{"frame":15,"values":[0.9932,-0.1067,0.0468,0,0.1066,0.9943,0.0028,0,-0.0468,0.0022,0.9989,0,23.1821,-2.445,1.6605,1]},
{"frame":16,"values":[0.9861,-0.1596,0.0468,0,0.1596,0.9872,0.0028,0,-0.0467,0.0047,0.9989,0,23.1821,-2.445,1.6605,1]}],"loopBehavior":1,"name":"anim","property":"_matrix"}},
{"name":"mixamorig:LeftHandMiddle2","index":14,"matrix":[0.9968,-0.0804,0.0015,0,0.0804,0.9968,0.0001,0,-0.0015,0,1,0,6.3689,-0.3109,0.167,1],"rest":[0.991,0.1341,-0.0042,0,-0.1342,0.991,-0.0031,0,0.0038,0.0036,1,0,6.3689,-0.3109,0.167,1],"parentBoneIndex":13,"length":6.1483
,"animation":{"dataType":3,"framePerSecond":24,"keys":[
{"frame":1,"values":[0.9968,-0.0803,0.0041,0,0.0803,0.9968,0.0019,0,-0.0043,-0.0016,1,0,6.3689,-0.3109,0.167,1]},
{"frame":2,"values":[0.9957,-0.0929,0.0037,0,0.0929,0.9957,0.0017,0,-0.0038,-0.0013,1,0,6.3689,-0.3109,0.167,1]},
{"frame":3,"values":[0.9964,-0.0847,0.0032,0,0.0847,0.9964,0.0014,0,-0.0033,-0.0011,1,0,6.3689,-0.3109,0.167,1]},
{"frame":4,"values":[0.9995,-0.0321,0.0028,0,0.0321,0.9995,0.0012,0,-0.0028,-0.0011,1,0,6.3689,-0.3109,0.167,1]},
{"frame":5,"values":[0.9999,-0.0118,0.0024,0,0.0118,0.9999,0.0009,0,-0.0024,-0.0009,1,0,6.3689,-0.3109,0.167,1]},
{"frame":6,"values":[0.9997,-0.0234,0.0019,0,0.0234,0.9997,0.0006,0,-0.0019,-0.0006,1,0,6.3689,-0.3109,0.167,1]},
{"frame":7,"values":[1,-0.0093,0.0015,0,0.0093,1,0.0004,0,-0.0015,-0.0003,1,0,6.3689,-0.3109,0.167,1]},
{"frame":8,"values":[1,-0.0093,0.0015,0,0.0093,1,0.0001,0,-0.0015,-0.0001,1,0,6.3689,-0.3109,0.167,1]},
{"frame":15,"values":[0.9996,-0.027,0.0015,0,0.027,0.9996,0.0001,0,-0.0015,-0.0001,1,0,6.3689,-0.3109,0.167,1]},
{"frame":16,"values":[0.9968,-0.0804,0.0015,0,0.0804,0.9968,0.0001,0,-0.0015,0,1,0,6.3689,-0.3109,0.167,1]}],"loopBehavior":1,"name":"anim","property":"_matrix"}},
{"name":"mixamorig:LeftHandMiddle3","index":15,"matrix":[0.9984,-0.057,-0.0018,0,0.057,0.9984,0.0021,0,0.0017,-0.0022,1,0,6.0425,-1.121,0.183,1],"rest":[1,-0.0048,-0.0038,0,0.0048,1,0.0008,0,0.0038,-0.0009,1,0,6.0425,-1.121,0.183,1],"parentBoneIndex":14,"length":6.5825
,"animation":{"dataType":3,"framePerSecond":24,"keys":[
{"frame":1,"values":[0.9984,-0.057,-0.0018,0,0.057,0.9984,0.0021,0,0.0017,-0.0022,1,0,6.0425,-1.121,0.183,1]},
{"frame":2,"values":[0.998,-0.0633,-0.002,0,0.0633,0.998,0.002,0,0.0019,-0.0021,1,0,6.0425,-1.121,0.183,1]},
{"frame":3,"values":[0.9982,-0.0591,-0.0022,0,0.0592,0.9982,0.0018,0,0.0021,-0.0019,1,0,6.0425,-1.121,0.183,1]},
{"frame":4,"values":[0.9992,-0.0409,-0.0024,0,0.0409,0.9992,0.0017,0,0.0023,-0.0018,1,0,6.0425,-1.121,0.183,1]},
{"frame":5,"values":[0.9997,-0.0227,-0.0026,0,0.0227,0.9997,0.0015,0,0.0026,-0.0016,1,0,6.0425,-1.121,0.183,1]},
{"frame":6,"values":[0.9996,-0.0285,-0.0028,0,0.0285,0.9996,0.0014,0,0.0027,-0.0015,1,0,6.0425,-1.121,0.183,1]},
{"frame":7,"values":[0.9998,-0.0214,-0.003,0,0.0214,0.9998,0.0012,0,0.0029,-0.0013,1,0,6.0425,-1.121,0.183,1]},
{"frame":8,"values":[0.9998,-0.0214,-0.0032,0,0.0214,0.9998,0.0012,0,0.0031,-0.0013,1,0,6.0425,-1.121,0.183,1]},
{"frame":14,"values":[0.9998,-0.0214,-0.0027,0,0.0214,0.9998,0.0015,0,0.0027,-0.0016,1,0,6.0425,-1.121,0.183,1]},
{"frame":15,"values":[0.9995,-0.0303,-0.0023,0,0.0303,0.9995,0.0018,0,0.0022,-0.0019,1,0,6.0425,-1.121,0.183,1]},
{"frame":16,"values":[0.9984,-0.057,-0.0018,0,0.057,0.9984,0.0021,0,0.0017,-0.0022,1,0,6.0425,-1.121,0.183,1]}],"loopBehavior":1,"name":"anim","property":"_matrix"}},
{"name":"mixamorig:LeftHandMiddle4","index":16,"matrix":[1,0,0,0,0,1,0,0,0,0,1,0,6.4741,-1.1689,0.2214,1],"rest":[1,0,0,0,0,1,0,0,0,0,1,0,6.4741,-1.1689,0.2214,1],"parentBoneIndex":15,"length":6.5825
,"animation":{"dataType":3,"framePerSecond":24,"keys":[
{"frame":1,"values":[1,0,0,0,0,1,0,0,0,0,1,0,6.4741,-1.1689,0.2214,1]},
{"frame":16,"values":[1,0,0,0,0,1,0,0,0,0,1,0,6.4741,-1.1689,0.2214,1]}],"loopBehavior":1,"name":"anim","property":"_matrix"}},
{"name":"mixamorig:LeftHandThumb1","index":17,"matrix":[0.9957,-0.0268,-0.0882,0,0.0329,0.9971,0.0686,0,0.0861,-0.0712,0.9937,0,6.4451,-3.6637,6.4601,1],"rest":[0.993,-0.1184,-0.0054,0,0.1183,0.9883,0.0962,0,-0.006,-0.0961,0.9953,0,6.4451,-3.6637,6.4601,1],"parentBoneIndex":12,"length":8.4798
,"animation":{"dataType":3,"framePerSecond":24,"keys":[
{"frame":1,"values":[0.9957,-0.0268,-0.0882,0,0.0329,0.9971,0.0686,0,0.0861,-0.0712,0.9937,0,6.4451,-3.6637,6.4601,1]},
{"frame":2,"values":[0.9968,-0.0264,-0.0749,0,0.0316,0.9972,0.0683,0,0.0728,-0.0704,0.9949,0,6.4451,-3.6637,6.4601,1]},
{"frame":3,"values":[0.9976,-0.0215,-0.0651,0,0.026,0.9973,0.068,0,0.0635,-0.0695,0.9956,0,6.4451,-3.6637,6.4601,1]},
{"frame":4,"values":[0.9983,-0.0166,-0.0554,0,0.0204,0.9975,0.0676,0,0.0541,-0.0686,0.9962,0,6.4451,-3.6637,6.4601,1]},
{"frame":5,"values":[0.9966,-0.0117,-0.0822,0,0.0173,0.9976,0.0671,0,0.0812,-0.0683,0.9944,0,6.4451,-3.6637,6.4601,1]},
{"frame":6,"values":[0.9922,0.0365,-0.1191,0,-0.0312,0.9985,0.0453,0,0.1205,-0.0412,0.9919,0,6.4451,-3.6637,6.4601,1]},
{"frame":7,"values":[0.9796,0.0903,-0.1797,0,-0.0875,0.9959,0.0235,0,0.1811,-0.0073,0.9834,0,6.4451,-3.6637,6.4601,1]},
{"frame":8,"values":[0.9611,0.1354,-0.2408,0,-0.139,0.9903,0.0021,0,0.2388,0.0315,0.9706,0,6.4451,-3.6637,6.4601,1]},
{"frame":9,"values":[0.947,0.1524,-0.2827,0,-0.1556,0.9878,0.0112,0,0.281,0.0334,0.9591,0,6.4451,-3.6637,6.4601,1]},
{"frame":10,"values":[0.9413,0.1705,-0.2915,0,-0.1721,0.9849,0.0203,0,0.2905,0.0311,0.9564,0,6.4451,-3.6637,6.4601,1]},
{"frame":11,"values":[0.9483,0.1623,-0.2727,0,-0.1603,0.9866,0.0296,0,0.2738,0.0157,0.9617,0,6.4451,-3.6637,6.4601,1]},
{"frame":12,"values":[0.9619,0.136,-0.2373,0,-0.1304,0.9907,0.0391,0,0.2404,-0.0067,0.9707,0,6.4451,-3.6637,6.4601,1]},
{"frame":13,"values":[0.982,0.0668,-0.1765,0,-0.059,0.9971,0.049,0,0.1792,-0.0377,0.9831,0,6.4451,-3.6637,6.4601,1]},
{"frame":14,"values":[0.9943,-0.0046,-0.1066,0,0.011,0.9982,0.059,0,0.1061,-0.0598,0.9926,0,6.4451,-3.6637,6.4601,1]},
{"frame":15,"values":[0.9958,-0.0267,-0.0877,0,0.0328,0.9971,0.0686,0,0.0856,-0.0712,0.9938,0,6.4451,-3.6637,6.4601,1]},
{"frame":16,"values":[0.9957,-0.0268,-0.0882,0,0.0329,0.9971,0.0686,0,0.0861,-0.0712,0.9937,0,6.4451,-3.6637,6.4601,1]}],"loopBehavior":1,"name":"anim","property":"_matrix"}},
{"name":"mixamorig:LeftHandThumb2","index":18,"matrix":[0.9983,0.0483,-0.0331,0,-0.049,0.9986,-0.0193,0,0.0321,0.0209,0.9993,0,6.2606,-2.6017,5.0935,1],"rest":[0.9927,0.0626,0.1035,0,-0.0529,0.9941,-0.0942,0,-0.1088,0.088,0.9902,0,6.2606,-2.6017,5.0935,1],"parentBoneIndex":17,"length":7.8274
,"animation":{"dataType":3,"framePerSecond":24,"keys":[
{"frame":1,"values":[0.9983,0.0483,-0.0331,0,-0.049,0.9986,-0.0193,0,0.0321,0.0209,0.9993,0,6.2606,-2.6017,5.0935,1]},
{"frame":2,"values":[0.9987,0.0485,-0.0141,0,-0.0488,0.9986,-0.0219,0,0.013,0.0225,0.9997,0,6.2606,-2.6017,5.0935,1]},
{"frame":3,"values":[0.9988,0.0488,-0.0003,0,-0.0488,0.9986,-0.0214,0,-0.0008,0.0214,0.9998,0,6.2606,-2.6017,5.0935,1]},
{"frame":4,"values":[0.9987,0.049,0.0135,0,-0.0487,0.9986,-0.021,0,-0.0145,0.0203,0.9997,0,6.2606,-2.6017,5.0935,1]},
{"frame":5,"values":[0.9985,0.0492,-0.0237,0,-0.0497,0.9986,-0.0206,0,0.0226,0.0217,0.9995,0,6.2606,-2.6017,5.0935,1]},
{"frame":6,"values":[0.9983,0.0484,-0.0322,0,-0.0491,0.9986,-0.0194,0,0.0312,0.021,0.9993,0,6.2606,-2.6017,5.0935,1]},
{"frame":7,"values":[0.9983,0.0477,-0.0322,0,-0.0483,0.9986,-0.0194,0,0.0312,0.021,0.9993,0,6.2606,-2.6017,5.0935,1]},
{"frame":8,"values":[0.9984,0.0469,-0.0322,0,-0.0476,0.9987,-0.0194,0,0.0312,0.0209,0.9993,0,6.2606,-2.6017,5.0935,1]},
{"frame":9,"values":[0.9971,0.0461,-0.0613,0,-0.0471,0.9988,-0.0156,0,0.0605,0.0184,0.998,0,6.2606,-2.6017,5.0935,1]},
{"frame":10,"values":[0.9915,0.0451,-0.1217,0,-0.0472,0.9988,-0.0147,0,0.1209,0.0203,0.9925,0,6.2606,-2.6017,5.0935,1]},
{"frame":11,"values":[0.9963,0.0446,-0.0737,0,-0.0457,0.9989,-0.014,0,0.073,0.0173,0.9972,0,6.2606,-2.6017,5.0935,1]},
{"frame":12,"values":[0.9984,0.0465,-0.0322,0,-0.0472,0.9987,-0.0194,0,0.0312,0.0209,0.9993,0,6.2606,-2.6017,5.0935,1]},
{"frame":13,"values":[0.9983,0.0484,-0.0322,0,-0.049,0.9986,-0.0194,0,0.0312,0.021,0.9993,0,6.2606,-2.6017,5.0935,1]},
{"frame":15,"values":[0.9983,0.0484,-0.0324,0,-0.049,0.9986,-0.0194,0,0.0314,0.021,0.9993,0,6.2606,-2.6017,5.0935,1]},
{"frame":16,"values":[0.9983,0.0483,-0.0331,0,-0.049,0.9986,-0.0193,0,0.0321,0.0209,0.9993,0,6.2606,-2.6017,5.0935,1]}],"loopBehavior":1,"name":"anim","property":"_matrix"}},
{"name":"mixamorig:LeftHandThumb3","index":19,"matrix":[0.9981,-0.0168,-0.0589,0,0.0191,0.9991,0.0384,0,0.0582,-0.0395,0.9975,0,6.0726,-3.1361,3.8153,1],"rest":[0.9981,-0.0559,-0.0241,0,0.057,0.9973,0.0466,0,0.0214,-0.0479,0.9986,0,6.0726,-3.1361,3.8153,1],"parentBoneIndex":18,"length":6.188
,"animation":{"dataType":3,"framePerSecond":24,"keys":[
{"frame":1,"values":[0.9981,-0.0168,-0.0589,0,0.0191,0.9991,0.0384,0,0.0582,-0.0395,0.9975,0,6.0726,-3.1361,3.8153,1]},
{"frame":2,"values":[0.9986,-0.0168,-0.0494,0,0.0187,0.9991,0.0383,0,0.0487,-0.0392,0.998,0,6.0726,-3.1361,3.8153,1]},
{"frame":3,"values":[0.999,-0.0167,-0.0425,0,0.0183,0.9991,0.0382,0,0.0418,-0.0389,0.9984,0,6.0726,-3.1361,3.8153,1]},
{"frame":4,"values":[0.9992,-0.0166,-0.0355,0,0.018,0.9991,0.0381,0,0.0349,-0.0387,0.9986,0,6.0726,-3.1361,3.8153,1]},
{"frame":5,"values":[0.9984,-0.0165,-0.0542,0,0.0186,0.9991,0.0379,0,0.0535,-0.0388,0.9978,0,6.0726,-3.1361,3.8153,1]},
{"frame":6,"values":[0.9981,-0.0168,-0.0585,0,0.019,0.9991,0.038,0,0.0578,-0.039,0.9976,0,6.0726,-3.1361,3.8153,1]},
{"frame":7,"values":[0.9981,-0.0171,-0.0585,0,0.0193,0.9991,0.038,0,0.0578,-0.0391,0.9976,0,6.0726,-3.1361,3.8153,1]},
{"frame":8,"values":[0.9981,-0.0173,-0.0585,0,0.0196,0.9991,0.0381,0,0.0577,-0.0392,0.9976,0,6.0726,-3.1361,3.8153,1]},
{"frame":9,"values":[0.9972,-0.0176,-0.0731,0,0.0204,0.9991,0.0381,0,0.0723,-0.0395,0.9966,0,6.0726,-3.1361,3.8153,1]},
{"frame":10,"values":[0.9945,-0.0178,-0.1034,0,0.0219,0.999,0.0381,0,0.1026,-0.0402,0.9939,0,6.0726,-3.1361,3.8153,1]},
{"frame":11,"values":[0.9967,-0.0181,-0.0793,0,0.0212,0.999,0.0383,0,0.0785,-0.0398,0.9961,0,6.0726,-3.1361,3.8153,1]},
{"frame":12,"values":[0.9981,-0.0178,-0.0585,0,0.0201,0.9991,0.0384,0,0.0577,-0.0395,0.9976,0,6.0726,-3.1361,3.8153,1]},
{"frame":13,"values":[0.9981,-0.0175,-0.0585,0,0.0198,0.9991,0.0384,0,0.0577,-0.0395,0.9976,0,6.0726,-3.1361,3.8153,1]},
{"frame":14,"values":[0.9981,-0.0172,-0.0585,0,0.0194,0.9991,0.0384,0,0.0578,-0.0395,0.9975,0,6.0726,-3.1361,3.8153,1]},
{"frame":15,"values":[0.9981,-0.0168,-0.0586,0,0.0191,0.9991,0.0384,0,0.0579,-0.0395,0.9975,0,6.0726,-3.1361,3.8153,1]},
{"frame":16,"values":[0.9981,-0.0168,-0.0589,0,0.0191,0.9991,0.0384,0,0.0582,-0.0395,0.9975,0,6.0726,-3.1361,3.8153,1]}],"loopBehavior":1,"name":"anim","property":"_matrix"}},
{"name":"mixamorig:LeftHandThumb4","index":20,"matrix":[1,0,0,0,0,1,0,0,0,0,1,0,4.8579,-2.0584,3.2334,1],"rest":[1,0,0,0,0,1,0,0,0,0,1,0,4.8579,-2.0584,3.2334,1],"parentBoneIndex":19,"length":6.188
,"animation":{"dataType":3,"framePerSecond":24,"keys":[
{"frame":1,"values":[1,0,0,0,0,1,0,0,0,0,1,0,4.8579,-2.0584,3.2334,1]},
{"frame":16,"values":[1,0,0,0,0,1,0,0,0,0,1,0,4.8579,-2.0584,3.2334,1]}],"loopBehavior":1,"name":"anim","property":"_matrix"}},
{"name":"mixamorig:LeftHandIndex1","index":21,"matrix":[0.9976,-0.0208,0.0666,0,0.0217,0.9997,-0.0119,0,-0.0664,0.0133,0.9977,0,22.612,-1.921,6.6099,1],"rest":[0.9946,0.0835,0.0621,0,-0.0827,0.9965,-0.0152,0,-0.0631,0.0099,0.998,0,22.612,-1.921,6.6099,1],"parentBoneIndex":12,"length":6.2269
,"animation":{"dataType":3,"framePerSecond":24,"keys":[
{"frame":1,"values":[0.9976,-0.0208,0.0666,0,0.0214,0.9997,-0.0083,0,-0.0664,0.0097,0.9977,0,22.612,-1.921,6.6099,1]},
{"frame":2,"values":[0.9973,-0.0334,0.0659,0,0.0341,0.9994,-0.0094,0,-0.0656,0.0116,0.9978,0,22.612,-1.921,6.6099,1]},
{"frame":3,"values":[0.9976,-0.0252,0.0652,0,0.0259,0.9996,-0.0105,0,-0.0649,0.0122,0.9978,0,22.612,-1.921,6.6099,1]},
{"frame":4,"values":[0.9975,0.0279,0.0645,0,-0.0272,0.9996,-0.0116,0,-0.0648,0.0099,0.9978,0,22.612,-1.921,6.6099,1]},
{"frame":5,"values":[0.9969,0.046,0.0638,0,-0.0453,0.9989,-0.0128,0,-0.0643,0.0098,0.9979,0,22.612,-1.921,6.6099,1]},
{"frame":6,"values":[0.9974,0.0324,0.0638,0,-0.0316,0.9994,-0.0128,0,-0.0641,0.0108,0.9979,0,22.612,-1.921,6.6099,1]},
{"frame":7,"values":[0.9967,0.0503,0.0637,0,-0.0496,0.9987,-0.0129,0,-0.0643,0.0097,0.9979,0,22.612,-1.921,6.6099,1]},
{"frame":9,"values":[0.9967,0.0503,0.0637,0,-0.0496,0.9987,-0.013,0,-0.0643,0.0098,0.9979,0,22.612,-1.921,6.6099,1]},
{"frame":10,"values":[0.9967,0.0503,0.0637,0,-0.0496,0.9987,-0.013,0,-0.0642,0.0098,0.9979,0,22.612,-1.921,6.6099,1]},
