{"producer":{"name":"Blender","version":"2.79 (sub 0)","exporter_version":"5.6.4","file":"happywalk.babylon"},
"autoClear":true,"clearColor":[0.0509,0.0509,0.0509],"ambientColor":[0,0,0],"gravity":[0,-9.81,0],
"materials":[{"name":"happywalk.Material","id":"happywalk.Material","ambient":[0,0,0],"diffuse":[0,0,0],"specular":[0,0,0],"emissive":[0,0,0],"specularPower":50,"alpha":0.001,"backFaceCulling":true,"checkReadyOnlyOnce":false,"maxSimultaneousLights":4}],
"multiMaterials":[],
"skeletons":[{"name":"Armature","id":0,"dimensionsAtRest":[379.1952,391.6652,55.677],"bones":[
{"name":"mixamorig:Hips","index":0,"matrix":[0.9971,0.041,0.064,0,-0.0372,0.9975,-0.0596,0,0.0662,-0.057,-0.9962,0,-0.2598,201.8777,-0.508,1],"rest":[1,0,0,0,0,1,0,0,0,0,-1,0,0,201.6394,0,1],"parentBoneIndex":-1,"length":21.6784
,"animation":{"dataType":3,"framePerSecond":24,"keys":[
{"frame":1,"values":[0.9971,0.041,0.064,0,-0.0372,0.9975,-0.0596,0,0.0662,-0.057,-0.9962,0,-0.2598,201.8777,-0.508,1]},
{"frame":2,"values":[0.9943,0.0595,0.0889,0,-0.0519,0.995,-0.0858,0,0.0935,-0.0807,-0.9923,0,-0.4636,203.5438,1.2388,1]},
{"frame":3,"values":[0.9939,0.0535,0.0964,0,-0.0448,0.9949,-0.0908,0,0.1007,-0.0859,-0.9912,0,-0.4738,202.0079,3.0489,1]},
{"frame":4,"values":[0.9951,0.0396,0.091,0,-0.0306,0.9947,-0.0982,0,0.0945,-0.0949,-0.991,0,-0.2494,197.9936,4.6212,1]},
{"frame":5,"values":[0.9961,0.0427,0.0769,0,-0.0346,0.9939,-0.1044,0,0.0809,-0.1014,-0.9916,0,0.2281,192.9241,6.1799,1]},
{"frame":6,"values":[0.9955,0.0803,0.0497,0,-0.075,0.9921,-0.1008,0,0.0574,-0.0966,-0.9937,0,1.2585,187.8653,7.1362,1]},
{"frame":7,"values":[0.9945,0.105,-0.001,0,-0.1046,0.9899,-0.0953,0,0.009,-0.0948,-0.9955,0,2.9307,183.3861,5.9032,1]},
{"frame":8,"values":[0.9935,0.0928,-0.0664,0,-0.0988,0.9907,-0.0934,0,-0.0571,-0.0994,-0.9934,0,4.831,179.6877,4.1808,1]},
{"frame":9,"values":[0.9912,0.1013,-0.0848,0,-0.1077,0.9914,-0.0747,0,-0.0765,-0.0832,-0.9936,0,6.1037,177.6773,3.6265,1]},
{"frame":10,"values":[0.9931,0.1021,-0.0577,0,-0.1046,0.9936,-0.043,0,-0.0529,-0.0487,-0.9974,0,7.3764,181.7905,3.0722,1]},
{"frame":11,"values":[0.9967,0.0686,-0.0425,0,-0.07,0.997,-0.0338,0,-0.04,-0.0367,-0.9985,0,8.6491,185.9036,2.5179,1]},
{"frame":12,"values":[0.9992,0.0281,-0.0273,0,-0.0288,0.9993,-0.0247,0,-0.0266,-0.0255,-0.9993,0,9.9217,190.0167,1.9636,1]},
{"frame":13,"values":[0.9993,-0.0036,-0.0383,0,0.0018,0.9989,-0.0462,0,-0.0385,-0.0461,-0.9982,0,9.7921,194.1298,1.4093,1]},
{"frame":14,"values":[0.9982,-0.0353,-0.0494,0,0.0319,0.9972,-0.0676,0,-0.0516,-0.0659,-0.9965,0,9.6625,198.2429,2.5876,1]},
{"frame":15,"values":[0.9986,-0.0275,-0.0442,0,0.0235,0.9958,-0.089,0,-0.0465,-0.0879,-0.995,0,9.533,202.3561,3.7659,1]},
{"frame":16,"values":[0.9982,-0.0198,-0.0566,0,0.0134,0.9938,-0.1103,0,-0.0584,-0.1094,-0.9923,0,9.4034,198.1121,4.9441,1]},
{"frame":17,"values":[0.9976,-0.012,-0.0689,0,0.0052,0.9952,-0.0982,0,-0.0697,-0.0976,-0.9928,0,9.463,193.8681,6.1224,1]},
{"frame":18,"values":[0.9967,-0.0043,-0.0812,0,-0.0027,0.9963,-0.0861,0,-0.0812,-0.086,-0.993,0,8.3924,189.6241,7.3007,1]},
{"frame":19,"values":[0.9954,-0.0212,-0.0934,0,0.0143,0.9972,-0.074,0,-0.0947,-0.0723,-0.9929,0,7.3217,185.3801,6.0422,1]},
{"frame":20,"values":[0.9963,-0.0382,-0.0764,0,0.0335,0.9975,-0.062,0,-0.0786,-0.0592,-0.9951,0,6.2511,181.1361,4.7838,1]},
{"frame":21,"values":[0.9967,-0.0551,-0.0594,0,0.0514,0.9967,-0.0635,0,-0.0627,-0.0603,-0.9962,0,5.1805,176.8921,3.5253,1]},
{"frame":22,"values":[0.9965,-0.0721,-0.0423,0,0.0701,0.9964,-0.0483,0,-0.0457,-0.0452,-0.9979,0,4.1099,181.3362,2.2669,1]},
{"frame":23,"values":[0.9985,-0.0485,-0.0256,0,0.0477,0.9983,-0.0326,0,-0.0272,-0.0313,-0.9991,0,3.0392,185.7804,1.0084,1]},
{"frame":24,"values":[0.9996,-0.0251,-0.0086,0,0.0249,0.9995,-0.0172,0,-0.009,-0.017,-0.9998,0,1.9686,190.2246,-0.25,1]},
{"frame":25,"values":[1,-0.0019,0.0089,0,0.0019,1,-0.0023,0,0.0089,-0.0023,-1,0,0.898,194.6687,-1.5085,1]},
{"frame":26,"values":[0.9994,0.0215,0.0259,0,-0.0209,0.9994,-0.0258,0,0.0265,-0.0253,-0.9993,0,-0.1726,199.1129,-1.3103,1]},
{"frame":27,"values":[0.9971,0.041,0.064,0,-0.0372,0.9975,-0.0596,0,0.0662,-0.057,-0.9962,0,-0.2598,201.8777,-0.508,1]}],"loopBehavior":1,"name":"anim","property":"_matrix"}},
{"name":"mixamorig:Spine","index":1,"matrix":[0.9917,-0.0714,-0.1068,0,0.0864,0.986,0.1428,0,0.0951,-0.1509,0.984,0,0.0062,19.525,-2.4818,1],"rest":[1,0,0,0,0,1,0,0,0,0,1,0,0.0062,19.525,-2.4818,1],"parentBoneIndex":0,"length":23.0091
,"animation":{"dataType":3,"framePerSecond":24,"keys":[
{"frame":1,"values":[0.9917,-0.0714,-0.1068,0,0.0864,0.986,0.1428,0,0.0951,-0.1509,0.984,0,0.0062,19.525,-2.4818,1]},
{"frame":2,"values":[0.9892,-0.0969,-0.1103,0,0.1113,0.9848,0.1332,0,0.0957,-0.144,0.9849,0,0.0062,19.525,-2.4818,1]},
{"frame":3,"values":[0.9893,-0.0958,-0.1105,0,0.1109,0.984,0.1398,0,0.0953,-0.1506,0.984,0,0.0062,19.525,-2.4818,1]},
{"frame":4,"values":[0.9907,-0.0886,-0.1037,0,0.1029,0.9845,0.1419,0,0.0895,-0.1513,0.9844,0,0.0062,19.525,-2.4818,1]},
{"frame":5,"values":[0.9908,-0.0975,-0.0941,0,0.1108,0.9825,0.1495,0,0.0779,-0.1585,0.9843,0,0.0062,19.525,-2.4818,1]},
{"frame":6,"values":[0.9867,-0.1363,-0.0889,0,0.1495,0.975,0.1646,0,0.0643,-0.1757,0.9823,0,0.0062,19.525,-2.4818,1]},
{"frame":7,"values":[0.9816,-0.1653,-0.0954,0,0.1789,0.971,0.1586,0,0.0664,-0.1727,0.9827,0,0.0062,19.525,-2.4818,1]},
{"frame":8,"values":[0.9815,-0.1658,-0.0953,0,0.1784,0.9733,0.1446,0,0.0688,-0.159,0.9849,0,0.0062,19.525,-2.4818,1]},
{"frame":9,"values":[0.9834,-0.1754,-0.0476,0,0.1809,0.9695,0.1652,0,0.0171,-0.1711,0.9851,0,0.0062,19.525,-2.4818,1]},
{"frame":10,"values":[0.9863,-0.1646,0.0113,0,0.1594,0.9685,0.1913,0,-0.0424,-0.1869,0.9815,0,0.0062,19.525,-2.4818,1]},
{"frame":11,"values":[0.9908,-0.1299,0.0386,0,0.1203,0.9744,0.1899,0,-0.0623,-0.1835,0.981,0,0.0062,19.525,-2.4818,1]},
{"frame":12,"values":[0.9933,-0.095,0.0659,0,0.0815,0.9795,0.1841,0,-0.0821,-0.1775,0.9807,0,0.0062,19.525,-2.4818,1]},
{"frame":13,"values":[0.9937,-0.0608,0.0939,0,0.0448,0.9856,0.1633,0,-0.1025,-0.1581,0.9821,0,0.0062,19.525,-2.4818,1]},
{"frame":14,"values":[0.9923,-0.0259,0.1211,0,0.0085,0.9899,0.1415,0,-0.1235,-0.1394,0.9825,0,0.0062,19.525,-2.4818,1]},
{"frame":15,"values":[0.989,0.0095,0.1474,0,-0.0273,0.9926,0.1186,0,-0.1452,-0.1213,0.9819,0,0.0062,19.525,-2.4818,1]},
{"frame":16,"values":[0.9902,0.0048,0.1393,0,-0.0237,0.9906,0.1344,0,-0.1374,-0.1364,0.9811,0,0.0062,19.525,-2.4818,1]},
{"frame":17,"values":[0.9914,0.0002,0.1311,0,-0.02,0.9885,0.1501,0,-0.1296,-0.1514,0.9799,0,0.0062,19.525,-2.4818,1]},
{"frame":18,"values":[0.9924,-0.0043,0.1228,0,-0.0162,0.986,0.1658,0,-0.1218,-0.1665,0.9785,0,0.0062,19.525,-2.4818,1]},
{"frame":19,"values":[0.9933,0.0155,0.1146,0,-0.0363,0.9827,0.1814,0,-0.1098,-0.1844,0.9767,0,0.0062,19.525,-2.4818,1]},
{"frame":20,"values":[0.9908,0.0353,0.1305,0,-0.0607,0.9786,0.1965,0,-0.1208,-0.2026,0.9718,0,0.0062,19.525,-2.4818,1]},
{"frame":21,"values":[0.9939,0.0554,0.0948,0,-0.0727,0.9792,0.1893,0,-0.0824,-0.1951,0.9773,0,0.0062,19.525,-2.4818,1]},
{"frame":22,"values":[0.9954,0.0753,0.0589,0,-0.0849,0.9795,0.1826,0,-0.0439,-0.1868,0.9814,0,0.0062,19.525,-2.4818,1]},
{"frame":23,"values":[0.9987,0.0455,0.0231,0,-0.0491,0.9803,0.1913,0,-0.0139,-0.1922,0.9813,0,0.0062,19.525,-2.4818,1]},
{"frame":24,"values":[0.9998,0.0158,-0.013,0,-0.0129,0.98,0.1986,0,0.0159,-0.1984,0.98,0,0.0062,19.525,-2.4818,1]},
{"frame":25,"values":[0.9987,-0.0137,-0.0492,0,0.0225,0.9827,0.1839,0,0.0458,-0.1848,0.9817,0,0.0062,19.525,-2.4818,1]},
{"frame":26,"values":[0.9954,-0.0437,-0.0849,0,0.0575,0.9841,0.1678,0,0.0762,-0.1719,0.9822,0,0.0062,19.525,-2.4818,1]},
{"frame":27,"values":[0.9917,-0.0714,-0.1068,0,0.0864,0.986,0.1428,0,0.0951,-0.1509,0.984,0,0.0062,19.525,-2.4818,1]}],"loopBehavior":1,"name":"anim","property":"_matrix"}},
{"name":"mixamorig:Spine1","index":2,"matrix":[0.9995,-0.0133,-0.0302,0,0.0136,0.9999,0.0081,0,0.0301,-0.0086,0.9995,0,-0.0009,22.835,-2.8254,1],"rest":[1,0,0,0,0,1,0,0,0,0,1,0,-0.0009,22.835,-2.8254,1],"parentBoneIndex":1,"length":26.7438
,"animation":{"dataType":3,"framePerSecond":24,"keys":[
{"frame":1,"values":[0.9995,-0.0133,-0.0302,0,0.0136,0.9999,0.0081,0,0.0301,-0.0086,0.9995,0,-0.0009,22.835,-2.8254,1]},
{"frame":2,"values":[0.9994,-0.0174,-0.0313,0,0.0176,0.9998,0.0083,0,0.0312,-0.0088,0.9995,0,-0.0009,22.835,-2.8254,1]},
{"frame":3,"values":[0.9994,-0.0175,-0.0314,0,0.0177,0.9998,0.0084,0,0.0312,-0.0089,0.9995,0,-0.0009,22.835,-2.8254,1]},
{"frame":4,"values":[0.9994,-0.0178,-0.0294,0,0.018,0.9998,0.0085,0,0.0293,-0.009,0.9995,0,-0.0009,22.835,-2.8254,1]},
{"frame":5,"values":[0.9994,-0.0204,-0.0268,0,0.0207,0.9997,0.0086,0,0.0266,-0.0091,0.9996,0,-0.0009,22.835,-2.8254,1]},
{"frame":6,"values":[0.9993,-0.0277,-0.0256,0,0.0279,0.9996,0.0087,0,0.0253,-0.0094,0.9996,0,-0.0009,22.835,-2.8254,1]},
{"frame":7,"values":[0.9989,-0.0376,-0.0274,0,0.0378,0.9992,0.0088,0,0.0271,-0.0098,0.9996,0,-0.0009,22.835,-2.8254,1]},
{"frame":8,"values":[0.9988,-0.0408,-0.0275,0,0.0411,0.9991,0.0089,0,0.0271,-0.01,0.9996,0,-0.0009,22.835,-2.8254,1]},
{"frame":9,"values":[0.9993,-0.034,-0.0147,0,0.0341,0.9994,0.009,0,0.0143,-0.0095,0.9999,0,-0.0009,22.835,-2.8254,1]},
{"frame":10,"values":[0.9996,-0.0272,0.0019,0,0.0272,0.9996,0.0091,0,-0.0021,-0.009,1,0,-0.0009,22.835,-2.8254,1]},
{"frame":11,"values":[0.9997,-0.0204,0.0097,0,0.0203,0.9998,0.0092,0,-0.0099,-0.009,0.9999,0,-0.0009,22.835,-2.8254,1]},
{"frame":12,"values":[0.9998,-0.0136,0.0174,0,0.0134,0.9999,0.0093,0,-0.0176,-0.0091,0.9998,0,-0.0009,22.835,-2.8254,1]},
{"frame":13,"values":[0.9997,-0.0067,0.0252,0,0.0065,0.9999,0.0094,0,-0.0253,-0.0092,0.9996,0,-0.0009,22.835,-2.8254,1]},
{"frame":14,"values":[0.9995,0.0001,0.033,0,-0.0004,1,0.0094,0,-0.033,-0.0094,0.9994,0,-0.0009,22.835,-2.8254,1]},
{"frame":15,"values":[0.9991,0.0069,0.0408,0,-0.0073,0.9999,0.0094,0,-0.0407,-0.0097,0.9991,0,-0.0009,22.835,-2.8254,1]},
{"frame":16,"values":[0.9993,0.0048,0.0378,0,-0.0052,0.9999,0.0095,0,-0.0377,-0.0097,0.9992,0,-0.0009,22.835,-2.8254,1]},
{"frame":17,"values":[0.9994,0.0027,0.0348,0,-0.0031,0.9999,0.0095,0,-0.0348,-0.0096,0.9993,0,-0.0009,22.835,-2.8254,1]},
{"frame":18,"values":[0.9995,0.0062,0.0318,0,-0.0065,0.9999,0.0096,0,-0.0317,-0.0098,0.9994,0,-0.0009,22.835,-2.8254,1]},
{"frame":19,"values":[0.9994,0.0096,0.0341,0,-0.0099,0.9999,0.0096,0,-0.034,-0.01,0.9994,0,-0.0009,22.835,-2.8254,1]},
{"frame":20,"values":[0.9993,0.013,0.0363,0,-0.0133,0.9999,0.0097,0,-0.0362,-0.0102,0.9993,0,-0.0009,22.835,-2.8254,1]},
{"frame":21,"values":[0.9995,0.0164,0.0263,0,-0.0167,0.9998,0.0097,0,-0.0261,-0.0102,0.9996,0,-0.0009,22.835,-2.8254,1]},
{"frame":22,"values":[0.9997,0.0198,0.0162,0,-0.02,0.9998,0.0098,0,-0.016,-0.0101,0.9998,0,-0.0009,22.835,-2.8254,1]},
{"frame":23,"values":[0.9999,0.0125,0.0062,0,-0.0126,0.9999,0.0099,0,-0.0061,-0.01,0.9999,0,-0.0009,22.835,-2.8254,1]},
{"frame":24,"values":[1,0.0052,-0.0039,0,-0.0051,0.9999,0.01,0,0.0039,-0.0099,0.9999,0,-0.0009,22.835,-2.8254,1]},
{"frame":25,"values":[0.9999,-0.0022,-0.0139,0,0.0023,0.9999,0.0099,0,0.0139,-0.01,0.9999,0,-0.0009,22.835,-2.8254,1]},
{"frame":26,"values":[0.9997,-0.0095,-0.024,0,0.0097,0.9999,0.009,0,0.0239,-0.0093,0.9997,0,-0.0009,22.835,-2.8254,1]},
{"frame":27,"values":[0.9995,-0.0133,-0.0302,0,0.0136,0.9999,0.0081,0,0.0301,-0.0086,0.9995,0,-0.0009,22.835,-2.8254,1]}],"loopBehavior":1,"name":"anim","property":"_matrix"}},
{"name":"mixamorig:Spine2","index":3,"matrix":[0.9994,-0.0135,-0.0304,0,0.0137,0.9999,0.008,0,0.0303,-0.0084,0.9995,0,-0.0206,26.5525,-3.1933,1],"rest":[1,0,0,0,0,1,0,0,0,0,1,0,-0.0206,26.5525,-3.1933,1],"parentBoneIndex":2,"length":24.825
,"animation":{"dataType":3,"framePerSecond":24,"keys":[
{"frame":1,"values":[0.9994,-0.0135,-0.0304,0,0.0137,0.9999,0.008,0,0.0303,-0.0084,0.9995,0,-0.0206,26.5525,-3.1933,1]},
{"frame":2,"values":[0.9993,-0.0175,-0.0316,0,0.0178,0.9998,0.0081,0,0.0315,-0.0086,0.9995,0,-0.0206,26.5525,-3.1933,1]},
{"frame":3,"values":[0.9993,-0.0176,-0.0317,0,0.0179,0.9998,0.0082,0,0.0315,-0.0088,0.9995,0,-0.0206,26.5525,-3.1933,1]},
{"frame":4,"values":[0.9994,-0.0179,-0.0297,0,0.0182,0.9998,0.0084,0,0.0295,-0.0089,0.9995,0,-0.0206,26.5525,-3.1933,1]},
{"frame":5,"values":[0.9994,-0.0206,-0.0271,0,0.0209,0.9997,0.0085,0,0.027,-0.009,0.9996,0,-0.0206,26.5525,-3.1933,1]},
{"frame":6,"values":[0.9993,-0.0279,-0.0262,0,0.0282,0.9996,0.0086,0,0.0259,-0.0093,0.9996,0,-0.0206,26.5525,-3.1933,1]},
{"frame":7,"values":[0.9989,-0.0379,-0.0282,0,0.0381,0.9992,0.0087,0,0.0279,-0.0098,0.9996,0,-0.0206,26.5525,-3.1933,1]},
{"frame":8,"values":[0.9988,-0.041,-0.0284,0,0.0413,0.9991,0.0089,0,0.028,-0.01,0.9996,0,-0.0206,26.5525,-3.1933,1]},
{"frame":9,"values":[0.9993,-0.0342,-0.0158,0,0.0344,0.9994,0.009,0,0.0154,-0.0095,0.9998,0,-0.0206,26.5525,-3.1933,1]},
{"frame":10,"values":[0.9996,-0.0274,0.0008,0,0.0274,0.9996,0.0091,0,-0.0011,-0.0091,1,0,-0.0206,26.5525,-3.1933,1]},
{"frame":11,"values":[0.9997,-0.0206,0.0088,0,0.0205,0.9997,0.0093,0,-0.009,-0.0091,0.9999,0,-0.0206,26.5525,-3.1933,1]},
{"frame":12,"values":[0.9998,-0.0137,0.0168,0,0.0136,0.9999,0.0094,0,-0.0169,-0.0092,0.9998,0,-0.0206,26.5525,-3.1933,1]},
{"frame":13,"values":[0.9997,-0.0069,0.0248,0,0.0066,0.9999,0.0095,0,-0.0249,-0.0093,0.9996,0,-0.0206,26.5525,-3.1933,1]},
{"frame":14,"values":[0.9995,0,0.0328,0,-0.0003,1,0.0095,0,-0.0328,-0.0095,0.9994,0,-0.0206,26.5525,-3.1933,1]},
{"frame":15,"values":[0.9991,0.0068,0.0408,0,-0.0072,0.9999,0.0095,0,-0.0407,-0.0098,0.9991,0,-0.0206,26.5525,-3.1933,1]},
{"frame":16,"values":[0.9993,0.0048,0.0378,0,-0.0052,0.9999,0.0095,0,-0.0378,-0.0097,0.9992,0,-0.0206,26.5525,-3.1933,1]},
{"frame":17,"values":[0.9994,0.0028,0.0348,0,-0.0031,0.9999,0.0096,0,-0.0348,-0.0097,0.9993,0,-0.0206,26.5525,-3.1933,1]},
{"frame":18,"values":[0.9995,0.0062,0.0318,0,-0.0065,0.9999,0.0096,0,-0.0317,-0.0098,0.9994,0,-0.0206,26.5525,-3.1933,1]},
{"frame":19,"values":[0.9994,0.0096,0.0334,0,-0.0099,0.9999,0.0097,0,-0.0333,-0.01,0.9994,0,-0.0206,26.5525,-3.1933,1]},
{"frame":20,"values":[0.9993,0.013,0.035,0,-0.0134,0.9999,0.0097,0,-0.0349,-0.0102,0.9993,0,-0.0206,26.5525,-3.1933,1]},
{"frame":21,"values":[0.9992,0.0164,0.0367,0,-0.0168,0.9998,0.0097,0,-0.0365,-0.0103,0.9993,0,-0.0206,26.5525,-3.1933,1]},
{"frame":22,"values":[0.9995,0.0199,0.0245,0,-0.0201,0.9998,0.0098,0,-0.0243,-0.0103,0.9997,0,-0.0206,26.5525,-3.1933,1]},
{"frame":23,"values":[0.9998,0.0125,0.0123,0,-0.0126,0.9999,0.0099,0,-0.0122,-0.01,0.9999,0,-0.0206,26.5525,-3.1933,1]},
{"frame":24,"values":[1,0.0051,0.0002,0,-0.0051,0.9999,0.0099,0,-0.0001,-0.0099,1,0,-0.0206,26.5525,-3.1933,1]},
{"frame":25,"values":[0.9999,-0.0022,-0.012,0,0.0024,0.9999,0.0099,0,0.012,-0.0099,0.9999,0,-0.0206,26.5525,-3.1933,1]},
{"frame":26,"values":[0.9997,-0.0096,-0.0241,0,0.0098,0.9999,0.0089,0,0.024,-0.0091,0.9997,0,-0.0206,26.5525,-3.1933,1]},
{"frame":27,"values":[0.9994,-0.0135,-0.0304,0,0.0137,0.9999,0.008,0,0.0303,-0.0084,0.9995,0,-0.0206,26.5525,-3.1933,1]}],"loopBehavior":1,"name":"anim","property":"_matrix"}},
{"name":"mixamorig:Neck","index":4,"matrix":[0.9995,-0.0227,0.0233,0,0.0264,0.9845,-0.1731,0,-0.019,0.1736,0.9846,0,-0.06,30.7018,1.3522,1],"rest":[1,0,0,0,0,1,0,0,0,0,1,0,-0.06,30.7018,1.3522,1],"parentBoneIndex":3,"length":22.8446
,"animation":{"dataType":3,"framePerSecond":24,"keys":[
{"frame":1,"values":[0.9995,-0.0227,0.0233,0,0.0265,0.9831,-0.1812,0,-0.0187,0.1817,0.9832,0,-0.06,30.7018,1.3522,1]},
{"frame":2,"values":[0.9993,-0.0299,0.0231,0,0.0336,0.983,-0.1807,0,-0.0173,0.1814,0.9833,0,-0.06,30.7018,1.3522,1]},
{"frame":3,"values":[0.9991,-0.0351,0.0218,0,0.0384,0.9829,-0.1803,0,-0.0151,0.181,0.9834,0,-0.06,30.7018,1.3522,1]},
{"frame":4,"values":[0.9992,-0.0358,0.0202,0,0.0388,0.9829,-0.1798,0,-0.0134,0.1805,0.9835,0,-0.06,30.7018,1.3522,1]},
{"frame":5,"values":[0.9992,-0.036,0.0183,0,0.0387,0.983,-0.1794,0,-0.0115,0.1799,0.9836,0,-0.06,30.7018,1.3522,1]},
{"frame":6,"values":[0.9992,-0.0361,0.0166,0,0.0385,0.9831,-0.1789,0,-0.0099,0.1794,0.9837,0,-0.06,30.7018,1.3522,1]},
{"frame":7,"values":[0.9994,-0.0313,0.017,0,0.0338,0.9834,-0.1785,0,-0.0111,0.1789,0.9838,0,-0.06,30.7018,1.3522,1]},
{"frame":8,"values":[0.9995,-0.0265,0.0166,0,0.029,0.9836,-0.178,0,-0.0116,0.1784,0.9839,0,-0.06,30.7018,1.3522,1]},
{"frame":9,"values":[0.9997,-0.0216,0.0109,0,0.0232,0.9838,-0.1776,0,-0.0069,0.1778,0.984,0,-0.06,30.7018,1.3522,1]},
{"frame":10,"values":[0.9998,-0.0168,0.0077,0,0.0179,0.984,-0.1772,0,-0.0046,0.1773,0.9841,0,-0.06,30.7018,1.3522,1]},
{"frame":11,"values":[0.9999,-0.012,0.0045,0,0.0126,0.9842,-0.1768,0,-0.0023,0.1769,0.9842,0,-0.06,30.7018,1.3522,1]},
{"frame":12,"values":[1,-0.0071,0.0013,0,0.0073,0.9843,-0.1764,0,0,0.1764,0.9843,0,-0.06,30.7018,1.3522,1]},
{"frame":13,"values":[1,-0.0023,-0.0019,0,0.0019,0.9844,-0.176,0,0.0023,0.176,0.9844,0,-0.06,30.7018,1.3522,1]},
{"frame":14,"values":[1,0.0025,-0.0051,0,-0.0034,0.9845,-0.1755,0,0.0046,0.1755,0.9845,0,-0.06,30.7018,1.3522,1]},
{"frame":15,"values":[0.9999,0.0073,-0.0083,0,-0.0087,0.9845,-0.1751,0,0.0069,0.1751,0.9845,0,-0.06,30.7018,1.3522,1]},
{"frame":16,"values":[0.9999,0.0122,-0.007,0,-0.0132,0.9845,-0.1746,0,0.0048,0.1747,0.9846,0,-0.06,30.7018,1.3522,1]},
{"frame":17,"values":[0.9998,0.017,-0.0058,0,-0.0178,0.9845,-0.1742,0,0.0027,0.1743,0.9847,0,-0.06,30.7018,1.3522,1]},
{"frame":18,"values":[0.9998,0.0218,-0.0045,0,-0.0223,0.9845,-0.1738,0,0.0007,0.1738,0.9848,0,-0.06,30.7018,1.3522,1]},
{"frame":19,"values":[0.9996,0.0267,-0.0052,0,-0.0272,0.9845,-0.1734,0,0.0004,0.1734,0.9848,0,-0.06,30.7018,1.3522,1]},
{"frame":20,"values":[0.9995,0.0315,-0.0014,0,-0.0313,0.9844,-0.1729,0,-0.0041,0.1729,0.9849,0,-0.06,30.7018,1.3522,1]},
{"frame":21,"values":[0.9997,0.0243,0.0024,0,-0.0235,0.9847,-0.1725,0,-0.0066,0.1724,0.985,0,-0.06,30.7018,1.3522,1]},
{"frame":22,"values":[0.9998,0.0171,0.0062,0,-0.0158,0.9848,-0.1727,0,-0.009,0.1726,0.9849,0,-0.06,30.7018,1.3522,1]},
{"frame":23,"values":[0.9999,0.0099,0.01,0,-0.008,0.9849,-0.173,0,-0.0115,0.1729,0.9849,0,-0.06,30.7018,1.3522,1]},
{"frame":24,"values":[0.9999,0.0027,0.0137,0,-0.0003,0.9849,-0.1732,0,-0.014,0.1731,0.9848,0,-0.06,30.7018,1.3522,1]},
{"frame":25,"values":[0.9998,-0.0045,0.0175,0,0.0075,0.9849,-0.1732,0,-0.0165,0.1733,0.9847,0,-0.06,30.7018,1.3522,1]},
{"frame":26,"values":[0.9997,-0.0117,0.0213,0,0.0152,0.9848,-0.1731,0,-0.019,0.1734,0.9847,0,-0.06,30.7018,1.3522,1]},
{"frame":27,"values":[0.9995,-0.0227,0.0233,0,0.0264,0.9845,-0.1731,0,-0.019,0.1736,0.9846,0,-0.06,30.7018,1.3522,1]}],"loopBehavior":1,"name":"anim","property":"_matrix"}},
{"name":"mixamorig:Head","index":5,"matrix":[0.9903,-0.0285,0.1358,0,0.0655,0.9588,-0.2765,0,-0.1224,0.2827,0.9514,0,-0.0872,22.5476,3.6709,1],"rest":[1,0,0,0,0,1,0,0,0,0,1,0,-0.0872,22.5476,3.6709,1],"parentBoneIndex":4,"length":30.5924
,"animation":{"dataType":3,"framePerSecond":24,"keys":[
{"frame":1,"values":[0.9903,-0.0285,0.1358,0,0.0655,0.9588,-0.2765,0,-0.1224,0.2827,0.9514,0,-0.0872,22.5476,3.6709,1]},
{"frame":2,"values":[0.989,-0.0392,0.1428,0,0.0778,0.9582,-0.2753,0,-0.126,0.2834,0.9507,0,-0.0872,22.5476,3.6709,1]},
{"frame":3,"values":[0.9888,-0.0509,0.1405,0,0.0891,0.9557,-0.2806,0,-0.12,0.29,0.9495,0,-0.0872,22.5476,3.6709,1]},
{"frame":4,"values":[0.9898,-0.056,0.1312,0,0.0919,0.9538,-0.2862,0,-0.1091,0.2953,0.9492,0,-0.0872,22.5476,3.6709,1]},
{"frame":5,"values":[0.991,-0.0562,0.1215,0,0.0901,0.9511,-0.2953,0,-0.099,0.3036,0.9476,0,-0.0872,22.5476,3.6709,1]},
{"frame":6,"values":[0.9921,-0.053,0.1134,0,0.085,0.9503,-0.2995,0,-0.0919,0.3068,0.9473,0,-0.0872,22.5475,3.6709,1]},
{"frame":7,"values":[0.9941,-0.0328,0.1037,0,0.0626,0.9521,-0.2992,0,-0.0889,0.3039,0.9485,0,-0.0872,22.5476,3.6709,1]},
{"frame":8,"values":[0.9963,0.0076,0.0853,0,0.0188,0.9525,-0.3041,0,-0.0835,0.3045,0.9488,0,-0.0872,22.5476,3.6709,1]},
{"frame":9,"values":[0.9975,0.0301,0.0637,0,-0.0089,0.951,-0.3089,0,-0.0699,0.3076,0.9489,0,-0.0872,22.5476,3.6709,1]},
{"frame":10,"values":[0.9977,0.0524,0.042,0,-0.0373,0.9528,-0.3013,0,-0.0558,0.299,0.9526,0,-0.0872,22.5476,3.6709,1]},
{"frame":11,"values":[0.997,0.0749,0.0204,0,-0.0656,0.9538,-0.293,0,-0.0414,0.2908,0.9559,0,-0.0872,22.5476,3.6709,1]},
{"frame":12,"values":[0.9952,0.0975,-0.001,0,-0.0938,0.9542,-0.2841,0,-0.0267,0.2829,0.9588,0,-0.0872,22.5476,3.6709,1]},
{"frame":13,"values":[0.9952,0.095,-0.0227,0,-0.0975,0.9552,-0.2796,0,-0.0049,0.2805,0.9599,0,-0.0872,22.5476,3.6709,1]},
{"frame":14,"values":[0.9941,0.0993,-0.0442,0,-0.1077,0.9554,-0.2749,0,0.015,0.278,0.9605,0,-0.0872,22.5476,3.6709,1]},
{"frame":15,"values":[0.9924,0.1036,-0.0658,0,-0.1181,0.9523,-0.2814,0,0.0335,0.2871,0.9573,0,-0.0872,22.5476,3.6709,1]},
{"frame":16,"values":[0.9922,0.1081,-0.0623,0,-0.1216,0.9498,-0.2883,0,0.028,0.2936,0.9555,0,-0.0872,22.5476,3.6709,1]},
{"frame":17,"values":[0.9919,0.1125,-0.0588,0,-0.1249,0.9472,-0.2952,0,0.0225,0.3001,0.9536,0,-0.0872,22.5476,3.6709,1]},
{"frame":18,"values":[0.9916,0.117,-0.0553,0,-0.1283,0.9446,-0.3021,0,0.0169,0.3066,0.9517,0,-0.0872,22.5476,3.6709,1]},
{"frame":19,"values":[0.9909,0.1214,-0.0585,0,-0.1333,0.9459,-0.2957,0,0.0194,0.3008,0.9535,0,-0.0872,22.5476,3.6709,1]},
{"frame":20,"values":[0.9942,0.1018,-0.0337,0,-0.1072,0.9511,-0.2897,0,0.0026,0.2917,0.9565,0,-0.0872,22.5476,3.6709,1]},
{"frame":21,"values":[0.9966,0.0821,-0.009,0,-0.0812,0.953,-0.2918,0,-0.0154,0.2915,0.9564,0,-0.0872,22.5476,3.6709,1]},
{"frame":22,"values":[0.9979,0.0624,0.0158,0,-0.055,0.9545,-0.2932,0,-0.0334,0.2918,0.9559,0,-0.0872,22.5476,3.6709,1]},
{"frame":23,"values":[0.9983,0.0427,0.0407,0,-0.0291,0.9565,-0.2902,0,-0.0513,0.2885,0.9561,0,-0.0872,22.5476,3.6709,1]},
{"frame":24,"values":[0.9976,0.0229,0.0655,0,-0.0032,0.9581,-0.2864,0,-0.0694,0.2855,0.9559,0,-0.0872,22.5476,3.6709,1]},
{"frame":25,"values":[0.9959,0.0031,0.0902,0,0.0226,0.9591,-0.2821,0,-0.0874,0.283,0.9551,0,-0.0872,22.5476,3.6709,1]},
{"frame":26,"values":[0.9933,-0.0168,0.1148,0,0.0482,0.9596,-0.2771,0,-0.1055,0.2807,0.954,0,-0.0872,22.5476,3.6709,1]},
{"frame":27,"values":[0.9903,-0.0285,0.1358,0,0.0655,0.9588,-0.2765,0,-0.1224,0.2827,0.9514,0,-0.0872,22.5476,3.6709,1]}],"loopBehavior":1,"name":"anim","property":"_matrix"}},
{"name":"mixamorig:HeadTop_End","index":6,"matrix":[1,0,0,0,0,1,0,0,0,0,1,0,-0.8306,40.3552,7.8935,1],"rest":[1,0,0,0,0,1,0,0,0,0,1,0,-0.8306,40.3552,7.8935,1],"parentBoneIndex":5,"length":30.5924
,"animation":{"dataType":3,"framePerSecond":24,"keys":[
{"frame":1,"values":[1,0,0,0,0,1,0,0,0,0,1,0,-0.8306,40.3552,7.8935,1]},
{"frame":27,"values":[1,0,0,0,0,1,0,0,0,0,1,0,-0.8306,40.3552,7.8935,1]}],"loopBehavior":1,"name":"anim","property":"_matrix"}},
{"name":"mixamorig:RightEye","index":7,"matrix":[1,0,0,0,0,1,0,0,0,0,1,0,-6.3021,18.1186,16.1971,1],"rest":[1,0,0,0,0,1,0,0,0,0,1,0,-6.3021,18.1186,16.1971,1],"parentBoneIndex":5,"length":30.5924
,"animation":{"dataType":3,"framePerSecond":24,"keys":[
{"frame":1,"values":[1,0,0,0,0,1,0,0,0,0,1,0,-6.3021,18.1186,16.1971,1]},
{"frame":23,"values":[1,0,0,0,0,1,0,0,0,0,1,0,-6.3021,18.1185,16.1971,1]},
{"frame":24,"values":[1,0,0,0,0,1,0,0,0,0,1,0,-6.3021,18.1186,16.1971,1]},
{"frame":27,"values":[1,0,0,0,0,1,0,0,0,0,1,0,-6.3021,18.1186,16.1971,1]}],"loopBehavior":1,"name":"anim","property":"_matrix"}},
{"name":"mixamorig:LeftEye","index":8,"matrix":[1,0,0,0,0,1,0,0,0,0,1,0,6.7415,18.3827,16.4019,1],"rest":[1,0,0,0,0,1,0,0,0,0,1,0,6.7415,18.3827,16.4019,1],"parentBoneIndex":5,"length":30.5924
,"animation":{"dataType":3,"framePerSecond":24,"keys":[
{"frame":1,"values":[1,0,0,0,0,1,0,0,0,0,1,0,6.7415,18.3827,16.4019,1]},
{"frame":27,"values":[1,0,0,0,0,1,0,0,0,0,1,0,6.7415,18.3827,16.4019,1]}],"loopBehavior":1,"name":"anim","property":"_matrix"}},
{"name":"mixamorig:LeftShoulder","index":9,"matrix":[0.9818,-0.1844,-0.0449,0,0.187,0.9802,0.0653,0,0.032,-0.0725,0.9969,0,11.9249,18.2305,1.4254,1],"rest":[1,0.0062,0,0,-0.0062,1,0,0,0,0,1,0,11.9249,18.2305,1.4254,1],"parentBoneIndex":3,"length":25.9773
,"animation":{"dataType":3,"framePerSecond":24,"keys":[
{"frame":1,"values":[0.9818,-0.1844,-0.0449,0,0.187,0.9802,0.0652,0,0.032,-0.0724,0.9969,0,11.9249,18.2305,1.4254,1]},
{"frame":2,"values":[0.9789,-0.1981,-0.0498,0,0.2011,0.9773,0.066,0,0.0356,-0.0746,0.9966,0,11.9249,18.2305,1.4254,1]},
{"frame":3,"values":[0.9765,-0.2078,-0.0565,0,0.2114,0.9751,0.0667,0,0.0413,-0.0771,0.9962,0,11.9249,18.2305,1.4254,1]},
{"frame":4,"values":[0.9764,-0.2049,-0.0678,0,0.2094,0.9755,0.0675,0,0.0523,-0.0801,0.9954,0,11.9249,18.2305,1.4254,1]},
{"frame":5,"values":[0.9767,-0.205,-0.0639,0,0.2092,0.9755,0.0683,0,0.0484,-0.0801,0.9956,0,11.9249,18.2305,1.4254,1]},
{"frame":6,"values":[0.9727,-0.228,-0.0428,0,0.2305,0.9706,0.0692,0,0.0257,-0.0771,0.9967,0,11.9249,18.2305,1.4254,1]},
{"frame":7,"values":[0.9689,-0.2461,-0.0258,0,0.2474,0.9664,0.07,0,0.0077,-0.0742,0.9972,0,11.9249,18.2305,1.4254,1]},
{"frame":8,"values":[0.9545,-0.2952,-0.0419,0,0.2975,0.9521,0.0702,0,0.0191,-0.0794,0.9967,0,11.9249,18.2305,1.4254,1]},
{"frame":9,"values":[0.9362,-0.3477,-0.0508,0,0.3506,0.9339,0.0703,0,0.023,-0.0837,0.9962,0,11.9249,18.2305,1.4254,1]},
{"frame":10,"values":[0.9424,-0.3344,-0.0117,0,0.3343,0.9398,0.0706,0,-0.0126,-0.0705,0.9974,0,11.9249,18.2305,1.4254,1]},
{"frame":11,"values":[0.9493,-0.3131,0.0274,0,0.3106,0.9479,0.0708,0,-0.0481,-0.0587,0.9971,0,11.9249,18.2305,1.4254,1]},
{"frame":12,"values":[0.9561,-0.2917,0.0268,0,0.2893,0.9546,0.071,0,-0.0463,-0.0601,0.9971,0,11.9249,18.2305,1.4254,1]},
{"frame":13,"values":[0.9624,-0.2702,0.0262,0,0.2678,0.9608,0.0712,0,-0.0444,-0.0615,0.9971,0,11.9249,18.2305,1.4254,1]},
{"frame":14,"values":[0.9629,-0.2686,0.0256,0,0.2662,0.9613,0.0714,0,-0.0438,-0.0619,0.9971,0,11.9249,18.2305,1.4254,1]},
{"frame":15,"values":[0.9634,-0.2669,0.0251,0,0.2646,0.9617,0.0716,0,-0.0432,-0.0623,0.9971,0,11.9249,18.2305,1.4254,1]},
{"frame":16,"values":[0.9639,-0.2653,0.0245,0,0.263,0.9621,0.0718,0,-0.0426,-0.0628,0.9971,0,11.9249,18.2305,1.4254,1]},
{"frame":17,"values":[0.9643,-0.2636,0.0239,0,0.2614,0.9625,0.072,0,-0.042,-0.0632,0.9971,0,11.9249,18.2305,1.4254,1]},
{"frame":18,"values":[0.9648,-0.262,0.0233,0,0.2597,0.963,0.0723,0,-0.0414,-0.0637,0.9971,0,11.9249,18.2305,1.4254,1]},
{"frame":19,"values":[0.9654,-0.2604,0.0108,0,0.259,0.9632,0.0725,0,-0.0293,-0.0672,0.9973,0,11.9249,18.2305,1.4254,1]},
{"frame":20,"values":[0.9659,-0.2587,-0.0016,0,0.2582,0.9634,0.0727,0,-0.0172,-0.0707,0.9973,0,11.9249,18.2305,1.4254,1]},
{"frame":21,"values":[0.9663,-0.2571,-0.0141,0,0.2574,0.9635,0.073,0,-0.0052,-0.0742,0.9972,0,11.9249,18.2305,1.4254,1]},
{"frame":22,"values":[0.9618,-0.2732,-0.0166,0,0.2737,0.9591,0.0717,0,-0.0037,-0.0735,0.9973,0,11.9249,18.2305,1.4254,1]},
{"frame":23,"values":[0.9565,-0.291,-0.019,0,0.2916,0.9539,0.0704,0,-0.0024,-0.0729,0.9973,0,11.9249,18.2305,1.4254,1]},
{"frame":24,"values":[0.9665,-0.2558,-0.0215,0,0.2566,0.964,0.0691,0,0.003,-0.0723,0.9974,0,11.9249,18.2305,1.4254,1]},
{"frame":25,"values":[0.9749,-0.2201,-0.0321,0,0.2218,0.9727,0.0678,0,0.0163,-0.0733,0.9972,0,11.9249,18.2305,1.4254,1]},
{"frame":26,"values":[0.9822,-0.1842,-0.0367,0,0.1863,0.9802,0.0666,0,0.0237,-0.0722,0.9971,0,11.9249,18.2305,1.4254,1]},
{"frame":27,"values":[0.9818,-0.1844,-0.0449,0,0.187,0.9802,0.0653,0,0.032,-0.0725,0.9969,0,11.9249,18.2305,1.4254,1]}],"loopBehavior":1,"name":"anim","property":"_matrix"}},
{"name":"mixamorig:LeftArm","index":10,"matrix":[0.7309,-0.6627,-0.163,0,0.6058,0.5201,0.602,0,-0.3142,-0.5388,0.7817,0,25.4312,-0.8547,-5.2293,1],"rest":[0.9983,0.0295,0.0512,0,-0.0294,0.9996,-0.0017,0,-0.0512,0.0002,0.9987,0,25.4312,-0.8546,-5.2293,1],"parentBoneIndex":9,"length":54.6847
,"animation":{"dataType":3,"framePerSecond":24,"keys":[
{"frame":1,"values":[0.7309,-0.6627,-0.163,0,0.6058,0.5201,0.602,0,-0.3142,-0.5388,0.7817,0,25.4312,-0.8546,-5.2293,1]},
{"frame":2,"values":[0.7637,-0.6212,-0.176,0,0.5845,0.5495,0.597,0,-0.2741,-0.5588,0.7827,0,25.4312,-0.8546,-5.2293,1]},
{"frame":3,"values":[0.7782,-0.601,-0.1819,0,0.5811,0.5795,0.5714,0,-0.238,-0.5504,0.8003,0,25.4312,-0.8546,-5.2293,1]},
{"frame":4,"values":[0.7758,-0.605,-0.1791,0,0.5887,0.5919,0.5505,0,-0.227,-0.5325,0.8154,0,25.4312,-0.8546,-5.2293,1]},
{"frame":5,"values":[0.7649,-0.6227,-0.1647,0,0.6032,0.603,0.522,0,-0.2258,-0.4987,0.8369,0,25.4312,-0.8547,-5.2293,1]},
{"frame":6,"values":[0.748,-0.6514,-0.127,0,0.6036,0.5881,0.5384,0,-0.276,-0.4794,0.8331,0,25.4312,-0.8546,-5.2293,1]},
{"frame":7,"values":[0.7314,-0.681,-0.0361,0,0.5811,0.5945,0.5558,0,-0.357,-0.4275,0.8305,0,25.4312,-0.8546,-5.2293,1]},
{"frame":8,"values":[0.705,-0.7017,0.103,0,0.5383,0.624,0.5664,0,-0.4617,-0.3438,0.8177,0,25.4312,-0.8546,-5.2293,1]},
{"frame":9,"values":[0.6681,-0.7107,0.2204,0,0.5043,0.6503,0.5682,0,-0.5471,-0.2684,0.7928,0,25.4312,-0.8546,-5.2293,1]},
{"frame":10,"values":[0.6383,-0.7208,0.2701,0,0.4978,0.6542,0.5694,0,-0.5871,-0.229,0.7764,0,25.4312,-0.8547,-5.2293,1]},
{"frame":11,"values":[0.6061,-0.7287,0.3189,0,0.4914,0.6583,0.5702,0,-0.6254,-0.1889,0.7571,0,25.4312,-0.8546,-5.2293,1]},
{"frame":12,"values":[0.5716,-0.7341,0.3666,0,0.485,0.6626,0.5707,0,-0.6618,-0.1484,0.7348,0,25.4312,-0.8546,-5.2293,1]},
{"frame":13,"values":[0.535,-0.7371,0.4128,0,0.4788,0.6671,0.5707,0,-0.6961,-0.1076,0.7098,0,25.4312,-0.8546,-5.2293,1]},
{"frame":14,"values":[0.4964,-0.7377,0.4575,0,0.4727,0.6718,0.5703,0,-0.7281,-0.0669,0.6822,0,25.4312,-0.8547,-5.2293,1]},
{"frame":15,"values":[0.4562,-0.7359,0.5003,0,0.4668,0.6766,0.5696,0,-0.7576,-0.0263,0.6522,0,25.4312,-0.8547,-5.2293,1]},
{"frame":16,"values":[0.472,-0.7339,0.4885,0,0.4675,0.6781,0.5671,0,-0.7474,-0.0394,0.6632,0,25.4312,-0.8546,-5.2293,1]},
{"frame":17,"values":[0.4877,-0.7316,0.4764,0,0.4681,0.6798,0.5646,0,-0.7369,-0.0524,0.6739,0,25.4312,-0.8547,-5.2293,1]},
{"frame":18,"values":[0.5031,-0.729,0.4641,0,0.4687,0.6814,0.5622,0,-0.7261,-0.0653,0.6845,0,25.4312,-0.8546,-5.2293,1]},
{"frame":19,"values":[0.5183,-0.7262,0.4517,0,0.4692,0.683,0.5597,0,-0.715,-0.0782,0.6948,0,25.4312,-0.8546,-5.2293,1]},
{"frame":20,"values":[0.5333,-0.7231,0.439,0,0.4696,0.6847,0.5573,0,-0.7036,-0.0911,0.7048,0,25.4312,-0.8547,-5.2293,1]},
{"frame":21,"values":[0.5709,-0.7429,0.3496,0,0.4994,0.6522,0.5703,0,-0.6516,-0.151,0.7433,0,25.4312,-0.8546,-5.2293,1]},
{"frame":22,"values":[0.6027,-0.7559,0.2557,0,0.5307,0.619,0.579,0,-0.5959,-0.2132,0.7742,0,25.4312,-0.8546,-5.2293,1]},
{"frame":23,"values":[0.628,-0.7618,0.1586,0,0.5631,0.5856,0.5831,0,-0.5371,-0.2769,0.7968,0,25.4312,-0.8546,-5.2293,1]},
{"frame":24,"values":[0.6465,-0.7605,0.0599,0,0.5961,0.5526,0.5826,0,-0.4762,-0.341,0.8106,0,25.4312,-0.8547,-5.2293,1]},
{"frame":25,"values":[0.6579,-0.7521,-0.0391,0,0.6291,0.5204,0.5774,0,-0.4139,-0.4045,0.8155,0,25.4312,-0.8546,-5.2293,1]},
{"frame":26,"values":[0.6622,-0.7367,-0.1368,0,0.6618,0.4894,0.5679,0,-0.3514,-0.4666,0.8117,0,25.4312,-0.8546,-5.2293,1]},
{"frame":27,"values":[0.7309,-0.6627,-0.163,0,0.6058,0.5201,0.602,0,-0.3142,-0.5388,0.7817,0,25.4312,-0.8547,-5.2293,1]}],"loopBehavior":1,"name":"anim","property":"_matrix"}},
{"name":"mixamorig:LeftForeArm","index":11,"matrix":[0.6133,0.0049,0.7898,0,0.0192,0.9996,-0.0211,0,-0.7896,0.0281,0.613,0,54.5783,-1.9463,-2.8009,1],"rest":[0.9943,-0.0088,-0.1062,0,0.0091,1,0.0028,0,0.1061,-0.0038,0.9943,0,54.5783,-1.9463,-2.8009,1],"parentBoneIndex":10,"length":55.0981
,"animation":{"dataType":3,"framePerSecond":24,"keys":[
{"frame":1,"values":[0.6133,0.0049,0.7898,0,0.0192,0.9996,-0.0211,0,-0.7896,0.0281,0.613,0,54.5783,-1.9463,-2.8009,1]},
{"frame":2,"values":[0.5642,0.0067,0.8256,0,0.0205,0.9995,-0.0221,0,-0.8254,0.0294,0.5638,0,54.5783,-1.9463,-2.8009,1]},
{"frame":3,"values":[0.5291,0.0079,0.8485,0,0.0214,0.9995,-0.0227,0,-0.8483,0.0302,0.5287,0,54.5783,-1.9463,-2.8009,1]},
{"frame":4,"values":[0.5167,0.0084,0.8561,0,0.0217,0.9995,-0.0229,0,-0.8559,0.0304,0.5163,0,54.5783,-1.9463,-2.8009,1]},
{"frame":5,"values":[0.5361,0.0077,0.8441,0,0.0212,0.9995,-0.0226,0,-0.8439,0.03,0.5357,0,54.5783,-1.9463,-2.8009,1]},
{"frame":6,"values":[0.6054,0.0052,0.7959,0,0.0194,0.9996,-0.0213,0,-0.7957,0.0283,0.6051,0,54.5783,-1.9463,-2.8009,1]},
{"frame":7,"values":[0.7214,0.0011,0.6926,0,0.0163,0.9997,-0.0185,0,-0.6924,0.0246,0.7211,0,54.5783,-1.9463,-2.8009,1]},
{"frame":8,"values":[0.8197,-0.0025,0.5728,0,0.0137,0.9998,-0.0153,0,-0.5727,0.0204,0.8195,0,54.5783,-1.9463,-2.8009,1]},
{"frame":9,"values":[0.8305,-0.0029,0.557,0,0.0134,0.9998,-0.0149,0,-0.5569,0.0198,0.8304,0,54.5783,-1.9463,-2.8009,1]},
{"frame":10,"values":[0.7505,0,0.6608,0,0.0155,0.9997,-0.0176,0,-0.6606,0.0235,0.7503,0,54.5783,-1.9463,-2.8009,1]},
{"frame":11,"values":[0.6043,0.0052,0.7967,0,0.0194,0.9996,-0.0213,0,-0.7965,0.0283,0.604,0,54.5783,-1.9463,-2.8009,1]},
{"frame":12,"values":[0.3837,0.0131,0.9234,0,0.0253,0.9994,-0.0247,0,-0.9231,0.0328,0.3831,0,54.5783,-1.9463,-2.8009,1]},
{"frame":13,"values":[0.1076,0.023,0.9939,0,0.0326,0.9991,-0.0266,0,-0.9937,0.0353,0.1067,0,54.5783,-1.9463,-2.8009,1]},
{"frame":14,"values":[-0.1358,0.0316,0.9902,0,0.0391,0.9989,-0.0266,0,-0.99,0.0351,-0.1369,0,54.5783,-1.9463,-2.8009,1]},
{"frame":15,"values":[-0.2715,0.0365,0.9617,0,0.0428,0.9988,-0.0258,0,-0.9615,0.0341,-0.2727,0,54.5783,-1.9463,-2.8009,1]},
{"frame":16,"values":[-0.2997,0.0375,0.9533,0,0.0435,0.9987,-0.0256,0,-0.9531,0.0338,-0.3009,0,54.5783,-1.9463,-2.8009,1]},
{"frame":17,"values":[-0.2723,0.0365,0.9615,0,0.0428,0.9988,-0.0258,0,-0.9613,0.0341,-0.2735,0,54.5783,-1.9463,-2.8009,1]},
{"frame":18,"values":[-0.1722,0.0329,0.9845,0,0.0401,0.9988,-0.0264,0,-0.9842,0.0349,-0.1734,0,54.5783,-1.9463,-2.8009,1]},
{"frame":19,"values":[0.0507,0.025,0.9984,0,0.0342,0.9991,-0.0268,0,-0.9981,0.0355,0.0498,0,54.5783,-1.9463,-2.8009,1]},
{"frame":20,"values":[0.4526,0.0107,0.8917,0,0.0234,0.9994,-0.0238,0,-0.8914,0.0317,0.4521,0,54.5783,-1.9463,-2.8009,1]},
{"frame":21,"values":[0.8907,-0.005,0.4547,0,0.0118,0.9999,-0.0121,0,-0.4545,0.0162,0.8906,0,54.5783,-1.9463,-2.8009,1]},
{"frame":22,"values":[0.9924,-0.0087,0.1229,0,0.0091,1,-0.0033,0,-0.1229,0.0044,0.9924,0,54.5783,-1.9463,-2.8009,1]},
{"frame":23,"values":[0.9951,-0.0088,0.0983,0,0.0091,1,-0.0026,0,-0.0983,0.0035,0.9952,0,54.5783,-1.9463,-2.8009,1]},
{"frame":24,"values":[0.9588,-0.0075,0.2839,0,0.01,0.9999,-0.0076,0,-0.2838,0.0101,0.9588,0,54.5783,-1.9462,-2.8009,1]},
{"frame":25,"values":[0.8698,-0.0043,0.4935,0,0.0124,0.9998,-0.0132,0,-0.4933,0.0176,0.8697,0,54.5783,-1.9463,-2.8009,1]},
{"frame":26,"values":[0.7413,0.0003,0.6712,0,0.0158,0.9997,-0.0179,0,-0.671,0.0239,0.7411,0,54.5783,-1.9463,-2.8009,1]},
{"frame":27,"values":[0.6133,0.0049,0.7898,0,0.0192,0.9996,-0.0211,0,-0.7896,0.0281,0.613,0,54.5783,-1.9463,-2.8009,1]}],"loopBehavior":1,"name":"anim","property":"_matrix"}},
{"name":"mixamorig:LeftHand","index":12,"matrix":[0.9714,-0.206,-0.1181,0,0.2249,0.6386,0.7359,0,-0.0761,-0.7415,0.6667,0,54.9948,-1.4671,3.0376,1],"rest":[0.9961,0.088,0.001,0,-0.0871,0.9842,0.154,0,0.0125,-0.1535,0.9881,0,54.9948,-1.4671,3.0376,1],"parentBoneIndex":11,"length":20.3347
,"animation":{"dataType":3,"framePerSecond":24,"keys":[
{"frame":1,"values":[0.9714,-0.206,-0.1181,0,0.2249,0.6386,0.7359,0,-0.0761,-0.7415,0.6667,0,54.9948,-1.4671,3.0376,1]},
{"frame":2,"values":[0.9849,-0.138,-0.1049,0,0.17,0.6502,0.7405,0,-0.034,-0.7471,0.6638,0,54.9948,-1.4671,3.0376,1]},
{"frame":3,"values":[0.9899,-0.1088,-0.0905,0,0.1402,0.6672,0.7315,0,-0.0192,-0.7368,0.6758,0,54.9948,-1.4671,3.0376,1]},
{"frame":4,"values":[0.9937,-0.0999,-0.0509,0,0.1064,0.6961,0.71,0,-0.0355,-0.711,0.7023,0,54.9948,-1.4671,3.0376,1]},
{"frame":5,"values":[0.9945,-0.1049,0.0048,0,0.0746,0.7377,0.6709,0,-0.0739,-0.6669,0.7415,0,54.9948,-1.4671,3.0376,1]},
{"frame":6,"values":[0.9927,-0.0696,0.0989,0,-0.0147,0.7423,0.6699,0,-0.12,-0.6664,0.7358,0,54.9948,-1.4671,3.0376,1]},
{"frame":7,"values":[0.9762,-0.034,0.2142,0,-0.1189,0.742,0.6597,0,-0.1814,-0.6695,0.7203,0,54.9948,-1.4671,3.0376,1]},
{"frame":8,"values":[0.9428,-0.0017,0.3333,0,-0.2261,0.7312,0.6436,0,-0.2448,-0.6821,0.689,0,54.9948,-1.4671,3.0376,1]},
{"frame":9,"values":[0.8934,0.0285,0.4484,0,-0.331,0.7167,0.6139,0,-0.3039,-0.6968,0.6497,0,54.9948,-1.4671,3.0376,1]},
{"frame":10,"values":[0.8289,0.0559,0.5567,0,-0.4307,0.6987,0.5712,0,-0.357,-0.7132,0.6032,0,54.9948,-1.4671,3.0376,1]},
{"frame":11,"values":[0.7511,0.0797,0.6553,0,-0.5229,0.6778,0.5169,0,-0.403,-0.7309,0.5508,0,54.9948,-1.4671,3.0376,1]},
{"frame":12,"values":[0.7981,0.1152,0.5914,0,-0.5041,0.6654,0.5506,0,-0.3301,-0.7375,0.5891,0,54.9948,-1.4671,3.0376,1]},
{"frame":13,"values":[0.8385,0.1517,0.5233,0,-0.4821,0.6541,0.5828,0,-0.2539,-0.741,0.6216,0,54.9948,-1.4671,3.0376,1]},
{"frame":14,"values":[0.8719,0.1887,0.4518,0,-0.4572,0.644,0.6133,0,-0.1752,-0.7414,0.6478,0,54.9948,-1.4671,3.0376,1]},
{"frame":15,"values":[0.898,0.2258,0.3777,0,-0.4297,0.6353,0.6417,0,-0.0951,-0.7385,0.6675,0,54.9948,-1.4671,3.0376,1]},
{"frame":16,"values":[0.9162,0.184,0.3559,0,-0.3848,0.6521,0.6533,0,-0.1119,-0.7355,0.6682,0,54.9948,-1.4671,3.0376,1]},
{"frame":17,"values":[0.932,0.1415,0.3336,0,-0.3388,0.6668,0.6638,0,-0.1285,-0.7317,0.6694,0,54.9948,-1.4671,3.0376,1]},
{"frame":18,"values":[0.9454,0.0984,0.3108,0,-0.292,0.6794,0.6731,0,-0.1449,-0.7271,0.671,0,54.9948,-1.4671,3.0376,1]},
{"frame":19,"values":[0.9562,0.0549,0.2876,0,-0.2446,0.6899,0.6814,0,-0.161,-0.7219,0.673,0,54.9948,-1.4671,3.0376,1]},
{"frame":20,"values":[0.9716,0.0076,0.2366,0,-0.1762,0.691,0.7011,0,-0.1582,-0.7228,0.6727,0,54.9948,-1.4671,3.0376,1]},
{"frame":21,"values":[0.9821,-0.04,0.1841,0,-0.1064,0.6888,0.7172,0,-0.1554,-0.7239,0.6722,0,54.9948,-1.4671,3.0376,1]},
{"frame":22,"values":[0.9876,-0.0874,0.1302,0,-0.0357,0.6831,0.7295,0,-0.1527,-0.7251,0.6715,0,54.9948,-1.4671,3.0376,1]},
{"frame":23,"values":[0.988,-0.1344,0.0756,0,0.0352,0.674,0.7379,0,-0.1501,-0.7264,0.6706,0,54.9948,-1.4671,3.0376,1]},
{"frame":24,"values":[0.9833,-0.1806,0.0206,0,0.1059,0.6615,0.7424,0,-0.1477,-0.7279,0.6696,0,54.9948,-1.4671,3.0376,1]},
{"frame":25,"values":[0.9736,-0.2255,-0.0344,0,0.1759,0.6459,0.7429,0,-0.1453,-0.7294,0.6685,0,54.9948,-1.4671,3.0376,1]},
{"frame":26,"values":[0.959,-0.269,-0.0889,0,0.2445,0.6272,0.7395,0,-0.1431,-0.731,0.6672,0,54.9948,-1.4671,3.0376,1]},
{"frame":27,"values":[0.9714,-0.206,-0.1181,0,0.2249,0.6386,0.7359,0,-0.0761,-0.7415,0.6667,0,54.9948,-1.4671,3.0376,1]}],"loopBehavior":1,"name":"anim","property":"_matrix"}},
{"name":"mixamorig:LeftHandMiddle1","index":13,"matrix":[0.9166,-0.3987,0.031,0,0.3984,0.9171,0.0161,0,-0.0349,-0.0024,0.9994,0,23.1821,-2.445,1.6605,1],"rest":[0.9974,-0.0561,0.045,0,0.0561,0.9984,0.0005,0,-0.045,0.002,0.999,0,23.1821,-2.445,1.6605,1],"parentBoneIndex":12,"length":6.3787
,"animation":{"dataType":3,"framePerSecond":24,"keys":[
{"frame":1,"values":[0.9166,-0.3987,0.031,0,0.3984,0.9171,0.0161,0,-0.0349,-0.0024,0.9994,0,23.1821,-2.445,1.6605,1]},
{"frame":2,"values":[0.9087,-0.4165,0.028,0,0.4161,0.9091,0.0171,0,-0.0326,-0.0039,0.9995,0,23.1821,-2.445,1.6605,1]},
{"frame":3,"values":[0.8964,-0.442,0.0338,0,0.4417,0.897,0.0182,0,-0.0384,-0.0013,0.9993,0,23.1821,-2.445,1.6605,1]},
{"frame":4,"values":[0.8781,-0.4769,0.0404,0,0.4765,0.879,0.0197,0,-0.0449,0.0019,0.999,0,23.1821,-2.445,1.6605,1]},
{"frame":5,"values":[0.8372,-0.5451,0.0442,0,0.5446,0.8384,0.0235,0,-0.0499,0.0044,0.9987,0,23.1821,-2.445,1.6605,1]},
{"frame":6,"values":[0.7939,-0.6062,0.0475,0,0.6057,0.7953,0.0269,0,-0.0541,0.0075,0.9985,0,23.1821,-2.445,1.6605,1]},
{"frame":7,"values":[0.7454,-0.6647,0.0506,0,0.6641,0.747,0.0305,0,-0.0581,0.0109,0.9983,0,23.1821,-2.445,1.6605,1]},
{"frame":8,"values":[0.692,-0.7199,0.0534,0,0.7192,0.6939,0.0344,0,-0.0618,0.0146,0.998,0,23.1821,-2.445,1.6605,1]},
