{"producer":{"name":"Blender","version":"2.82 (sub 7)","exporter_version":"6.3.1","file":"happyturnleft.babylon"},
"autoClear":true,"clearColor":[0.0509,0.0509,0.0509],"gravity":[0,-9.81,0],
"materials":[{"name":"Material","id":"Material","customType":"BABYLON.PBRMaterial","backFaceCulling":true,"checkReadyOnlyOnce":false,"maxSimultaneousLights":4,"environmentIntensity":1,"albedo":[0,0,0],"reflectivity":[0.5,0.5,0.5],"roughness":0.4,"alpha":1,"transparencyMode":0,"alphaCutOff":0.4,"metallic":0}],
"multiMaterials":[],
"skeletons":[{"name":"Armature","id":0,"dimensionsAtRest":[194.6189,193.2823,30.9004],"bones":[
{"name":"mixamorig:Hips","index":0,"matrix":[0.9959,0.087,-0.0261,0,-0.0865,0.9961,0.0179,0,-0.0276,0.0156,-0.9995,0,-0.4023,97.5348,0.0108,1],"rest":[1,0,0,0,0,1,0,0,0,0,-1,0,0,99.6721,0,1],"parentBoneIndex":-1,"length":10.8627
,"animation":{"dataType":3,"framePerSecond":30,"keys":[
{"frame":1,"values":[0.9959,0.087,-0.0261,0,-0.0865,0.9961,0.0179,0,-0.0276,0.0156,-0.9995,0,-0.4023,97.5348,0.0108,1]},
{"frame":2,"values":[0.9959,0.0868,-0.0261,0,-0.0864,0.9961,0.0179,0,-0.0276,0.0156,-0.9995,0,-1.6544,97.4038,0.5802,1]},
{"frame":3,"values":[0.9959,0.0868,-0.0261,0,-0.0863,0.9961,0.0179,0,-0.0276,0.0156,-0.9995,0,-3.1182,97.2767,1.1551,1]},
{"frame":4,"values":[0.9959,0.0868,-0.0261,0,-0.0863,0.9961,0.0179,0,-0.0276,0.0156,-0.9995,0,-4.753,97.1542,1.6672,1]},
{"frame":5,"values":[0.9959,0.0867,-0.0261,0,-0.0863,0.9961,0.0179,0,-0.0276,0.0156,-0.9995,0,-6.4401,97.0405,2.0296,1]},
{"frame":6,"values":[0.9959,0.0867,-0.0261,0,-0.0862,0.9961,0.0179,0,-0.0276,0.0156,-0.9995,0,-8.0299,96.9444,2.193,1]},
{"frame":7,"values":[0.9959,0.0866,-0.0262,0,-0.0862,0.9961,0.0179,0,-0.0276,0.0156,-0.9995,0,-9.3985,96.8766,2.1827,1]},
{"frame":8,"values":[0.9959,0.0865,-0.0262,0,-0.0861,0.9961,0.0179,0,-0.0276,0.0156,-0.9995,0,-10.4494,96.8429,2.081,1]},
{"frame":9,"values":[0.9959,0.0864,-0.0262,0,-0.0859,0.9961,0.0179,0,-0.0276,0.0156,-0.9995,0,-11.136,96.8428,1.9707,1]},
{"frame":10,"values":[0.9959,0.0862,-0.0262,0,-0.0858,0.9962,0.0179,0,-0.0276,0.0156,-0.9995,0,-11.4968,96.8686,1.8984,1]},
{"frame":11,"values":[0.9959,0.0861,-0.0262,0,-0.0856,0.9962,0.0179,0,-0.0276,0.0156,-0.9995,0,-11.6401,96.9112,1.8801,1]},
{"frame":12,"values":[0.996,0.0859,-0.0262,0,-0.0855,0.9962,0.0179,0,-0.0276,0.0156,-0.9995,0,-11.6667,96.9651,1.9186,1]},
{"frame":13,"values":[0.996,0.0858,-0.0262,0,-0.0854,0.9962,0.0179,0,-0.0276,0.0156,-0.9995,0,-11.6077,97.0277,2.0036,1]},
{"frame":14,"values":[0.996,0.0857,-0.0262,0,-0.0852,0.9962,0.0179,0,-0.0276,0.0156,-0.9995,0,-11.4437,97.0997,2.1088,1]},
{"frame":15,"values":[0.996,0.0856,-0.0262,0,-0.0851,0.9962,0.0179,0,-0.0276,0.0156,-0.9995,0,-11.1686,97.1817,2.204,1]},
{"frame":16,"values":[0.996,0.0854,-0.0262,0,-0.085,0.9962,0.0179,0,-0.0276,0.0156,-0.9995,0,-10.8082,97.2735,2.2632,1]},
{"frame":17,"values":[0.996,0.0853,-0.0262,0,-0.0848,0.9962,0.0179,0,-0.0276,0.0156,-0.9995,0,-10.395,97.3734,2.2653,1]},
{"frame":18,"values":[0.996,0.0852,-0.0262,0,-0.0847,0.9962,0.0179,0,-0.0276,0.0156,-0.9995,0,-9.9559,97.4782,2.1972,1]},
{"frame":19,"values":[0.996,0.0852,-0.0262,0,-0.0847,0.9962,0.0179,0,-0.0276,0.0156,-0.9995,0,-9.5265,97.5813,2.0621,1]},
{"frame":20,"values":[0.996,0.0852,-0.0262,0,-0.0848,0.9962,0.0179,0,-0.0276,0.0156,-0.9995,0,-9.1451,97.6772,1.8833,1]},
{"frame":21,"values":[0.996,0.0853,-0.0262,0,-0.0849,0.9962,0.0179,0,-0.0276,0.0156,-0.9995,0,-8.8181,97.7629,1.6965,1]},
{"frame":22,"values":[0.996,0.0854,-0.0262,0,-0.085,0.9962,0.0179,0,-0.0276,0.0156,-0.9995,0,-8.5072,97.8356,1.5317,1]},
{"frame":23,"values":[0.996,0.0857,-0.0262,0,-0.0852,0.9962,0.0179,0,-0.0276,0.0156,-0.9995,0,-8.1734,97.8849,1.4041,1]},
{"frame":24,"values":[0.9959,0.086,-0.0262,0,-0.0856,0.9962,0.0179,0,-0.0277,0.0156,-0.9995,0,-7.8032,97.9113,1.3115,1]},
{"frame":25,"values":[0.9959,0.0863,-0.0263,0,-0.0859,0.9961,0.0179,0,-0.0277,0.0156,-0.9995,0,-7.3632,97.9237,1.2255,1]},
{"frame":26,"values":[0.9959,0.0866,-0.0263,0,-0.0861,0.9961,0.0179,0,-0.0277,0.0156,-0.9995,0,-6.7748,97.9283,1.0725,1]},
{"frame":27,"values":[0.9959,0.0867,-0.0263,0,-0.0862,0.9961,0.0179,0,-0.0277,0.0156,-0.9995,0,-6.0074,97.9331,0.7625,1]},
{"frame":28,"values":[0.9959,0.0867,-0.0263,0,-0.0863,0.9961,0.0179,0,-0.0277,0.0156,-0.9995,0,-5.1627,97.9402,0.2834,1]},
{"frame":29,"values":[0.9959,0.0867,-0.0262,0,-0.0863,0.9961,0.0179,0,-0.0277,0.0156,-0.9995,0,-4.3988,97.9433,-0.2446,1]},
{"frame":30,"values":[0.9959,0.0868,-0.0262,0,-0.0864,0.9961,0.0179,0,-0.0277,0.0156,-0.9995,0,-3.7813,97.9307,-0.6494,1]},
{"frame":31,"values":[0.9959,0.087,-0.0262,0,-0.0865,0.9961,0.0179,0,-0.0277,0.0156,-0.9995,0,-3.2521,97.8957,-0.8499,1]},
{"frame":32,"values":[0.9959,0.0871,-0.0262,0,-0.0866,0.9961,0.0179,0,-0.0277,0.0156,-0.9995,0,-2.7178,97.8415,-0.8974,1]},
{"frame":33,"values":[0.9959,0.0872,-0.0262,0,-0.0867,0.9961,0.0179,0,-0.0276,0.0156,-0.9995,0,-2.1401,97.7756,-0.871,1]},
{"frame":34,"values":[0.9959,0.0871,-0.0262,0,-0.0867,0.9961,0.0179,0,-0.0276,0.0156,-0.9995,0,-1.5446,97.7027,-0.7597,1]},
{"frame":35,"values":[0.9959,0.0871,-0.0261,0,-0.0866,0.9961,0.0179,0,-0.0276,0.0156,-0.9995,0,-0.9646,97.6231,-0.4867,1]},
{"frame":36,"values":[0.9959,0.087,-0.0261,0,-0.0865,0.9961,0.0179,0,-0.0276,0.0156,-0.9995,0,-0.4023,97.5348,0.0108,1]}],"loopBehavior":1,"name":"anim","property":"_matrix"}},
{"name":"mixamorig:Spine","index":1,"matrix":[0.9987,-0.0453,-0.0221,0,0.0457,0.9987,0.0215,0,0.0211,-0.0225,0.9995,0,0,9.9235,-1.2273,1],"rest":[1,0,0,0,0,1,0,0,0,0,1,0,0,9.9235,-1.2273,1],"parentBoneIndex":0,"length":11.7319
,"animation":{"dataType":3,"framePerSecond":30,"keys":[
{"frame":1,"values":[0.9987,-0.0453,-0.0221,0,0.0457,0.9987,0.0215,0,0.0211,-0.0225,0.9995,0,0,9.9235,-1.2273,1]},
{"frame":2,"values":[0.9986,-0.0447,-0.0297,0,0.0453,0.9988,0.0198,0,0.0288,-0.0211,0.9994,0,0,9.9235,-1.2273,1]},
{"frame":3,"values":[0.9983,-0.0442,-0.0373,0,0.0449,0.9988,0.0182,0,0.0365,-0.0198,0.9991,0,0,9.9235,-1.2273,1]},
{"frame":4,"values":[0.998,-0.0442,-0.0451,0,0.045,0.9988,0.017,0,0.0442,-0.019,0.9988,0,0,9.9235,-1.2273,1]},
{"frame":5,"values":[0.9976,-0.0447,-0.0532,0,0.0456,0.9988,0.0167,0,0.0524,-0.019,0.9984,0,0,9.9235,-1.2273,1]},
{"frame":6,"values":[0.997,-0.046,-0.0624,0,0.0471,0.9987,0.0172,0,0.0615,-0.0201,0.9979,0,0,9.9235,-1.2273,1]},
{"frame":7,"values":[0.9962,-0.0481,-0.0728,0,0.0496,0.9986,0.0187,0,0.0718,-0.0222,0.9972,0,0,9.9235,-1.2273,1]},
{"frame":8,"values":[0.9951,-0.0509,-0.0842,0,0.0528,0.9984,0.0207,0,0.083,-0.0251,0.9962,0,0,9.9235,-1.2273,1]},
{"frame":9,"values":[0.9939,-0.0541,-0.096,0,0.0566,0.9981,0.0231,0,0.0946,-0.0284,0.9951,0,0,9.9235,-1.2273,1]},
{"frame":10,"values":[0.9926,-0.057,-0.107,0,0.0601,0.9979,0.0256,0,0.1053,-0.0319,0.9939,0,0,9.9235,-1.2273,1]},
{"frame":11,"values":[0.9915,-0.0591,-0.1158,0,0.0627,0.9976,0.0278,0,0.1139,-0.0349,0.9929,0,0,9.9235,-1.2273,1]},
{"frame":12,"values":[0.9908,-0.0595,-0.1214,0,0.0634,0.9976,0.0293,0,0.1193,-0.0368,0.9922,0,0,9.9235,-1.2273,1]},
{"frame":13,"values":[0.9907,-0.0577,-0.1229,0,0.0618,0.9976,0.0298,0,0.1208,-0.0372,0.992,0,0,9.9235,-1.2273,1]},
{"frame":14,"values":[0.9913,-0.0539,-0.1203,0,0.0578,0.9979,0.0293,0,0.1185,-0.036,0.9923,0,0,9.9235,-1.2273,1]},
{"frame":15,"values":[0.9922,-0.049,-0.1144,0,0.0525,0.9982,0.0281,0,0.1128,-0.0339,0.993,0,0,9.9235,-1.2273,1]},
{"frame":16,"values":[0.9933,-0.0442,-0.1063,0,0.0473,0.9985,0.0266,0,0.105,-0.0315,0.994,0,0,9.9235,-1.2273,1]},
{"frame":17,"values":[0.9944,-0.0408,-0.097,0,0.0435,0.9987,0.0256,0,0.0959,-0.0296,0.995,0,0,9.9235,-1.2273,1]},
{"frame":18,"values":[0.9954,-0.0391,-0.087,0,0.0415,0.9988,0.0252,0,0.0859,-0.0287,0.9959,0,0,9.9235,-1.2273,1]},
{"frame":19,"values":[0.9963,-0.0388,-0.0761,0,0.0408,0.9988,0.0256,0,0.075,-0.0286,0.9968,0,0,9.9235,-1.2273,1]},
{"frame":20,"values":[0.9972,-0.0389,-0.0637,0,0.0406,0.9988,0.0265,0,0.0626,-0.029,0.9976,0,0,9.9235,-1.2273,1]},
{"frame":21,"values":[0.998,-0.0387,-0.0496,0,0.0401,0.9988,0.0276,0,0.0485,-0.0295,0.9984,0,0,9.9235,-1.2273,1]},
{"frame":22,"values":[0.9987,-0.0379,-0.0345,0,0.0389,0.9988,0.0284,0,0.0333,-0.0297,0.999,0,0,9.9235,-1.2273,1]},
{"frame":23,"values":[0.9991,-0.0372,-0.0195,0,0.0377,0.9989,0.0287,0,0.0184,-0.0294,0.9994,0,0,9.9235,-1.2273,1]},
{"frame":24,"values":[0.9993,-0.0368,-0.0061,0,0.037,0.9989,0.0284,0,0.0051,-0.0286,0.9996,0,0,9.9235,-1.2273,1]},
{"frame":25,"values":[0.9993,-0.0371,0.0047,0,0.037,0.9989,0.0277,0,-0.0057,-0.0275,0.9996,0,0,9.9235,-1.2273,1]},
{"frame":26,"values":[0.9992,-0.038,0.0127,0,0.0376,0.9989,0.0269,0,-0.0137,-0.0264,0.9996,0,0,9.9235,-1.2273,1]},
{"frame":27,"values":[0.9991,-0.0391,0.0178,0,0.0386,0.9989,0.0265,0,-0.0188,-0.0258,0.9995,0,0,9.9235,-1.2273,1]},
{"frame":28,"values":[0.999,-0.0405,0.0203,0,0.04,0.9988,0.0266,0,-0.0213,-0.0258,0.9994,0,0,9.9235,-1.2273,1]},
{"frame":29,"values":[0.9989,-0.0421,0.0201,0,0.0415,0.9988,0.0273,0,-0.0212,-0.0264,0.9994,0,0,9.9235,-1.2273,1]},
{"frame":30,"values":[0.9989,-0.0437,0.0175,0,0.0432,0.9987,0.0279,0,-0.0187,-0.0271,0.9995,0,0,9.9235,-1.2273,1]},
{"frame":31,"values":[0.9989,-0.0453,0.0128,0,0.0449,0.9986,0.0281,0,-0.0141,-0.0275,0.9995,0,0,9.9235,-1.2273,1]},
{"frame":32,"values":[0.9989,-0.0463,0.0068,0,0.0461,0.9986,0.0277,0,-0.008,-0.0273,0.9996,0,0,9.9235,-1.2273,1]},
{"frame":33,"values":[0.9989,-0.0467,0,0,0.0466,0.9986,0.0265,0,-0.0012,-0.0265,0.9996,0,0,9.9235,-1.2273,1]},
{"frame":34,"values":[0.9989,-0.0464,-0.0072,0,0.0466,0.9986,0.025,0,0.0061,-0.0253,0.9997,0,0,9.9235,-1.2273,1]},
{"frame":35,"values":[0.9988,-0.0459,-0.0146,0,0.0462,0.9987,0.0233,0,0.0135,-0.0239,0.9996,0,0,9.9235,-1.2273,1]},
{"frame":36,"values":[0.9987,-0.0453,-0.0221,0,0.0457,0.9987,0.0215,0,0.0211,-0.0225,0.9995,0,0,9.9235,-1.2273,1]}],"loopBehavior":1,"name":"anim","property":"_matrix"}},
{"name":"mixamorig:Spine1","index":2,"matrix":[0.9946,-0.1036,0.0033,0,0.1036,0.9945,0.0131,0,-0.0046,-0.0127,0.9999,0,-0.0001,11.6454,-1.4223,1],"rest":[1,0,0,0,0,1,0,0,0,0,1,0,-0.0001,11.6454,-1.4223,1],"parentBoneIndex":1,"length":13.4588
,"animation":{"dataType":3,"framePerSecond":30,"keys":[
{"frame":1,"values":[0.9946,-0.1036,0.0033,0,0.1036,0.9945,0.0131,0,-0.0046,-0.0127,0.9999,0,-0.0001,11.6454,-1.4223,1]},
{"frame":2,"values":[0.9944,-0.1055,-0.0048,0,0.1056,0.9943,0.012,0,0.0035,-0.0124,0.9999,0,-0.0001,11.6454,-1.4223,1]},
{"frame":3,"values":[0.9941,-0.1074,-0.0131,0,0.1075,0.9941,0.0108,0,0.0118,-0.0122,0.9999,0,-0.0001,11.6454,-1.4223,1]},
{"frame":4,"values":[0.9938,-0.1091,-0.0223,0,0.1093,0.994,0.0098,0,0.0211,-0.0122,0.9997,0,-0.0001,11.6454,-1.4223,1]},
{"frame":5,"values":[0.9933,-0.1105,-0.0334,0,0.1108,0.9938,0.0089,0,0.0322,-0.0126,0.9994,0,-0.0001,11.6454,-1.4223,1]},
{"frame":6,"values":[0.9927,-0.1113,-0.0468,0,0.1118,0.9937,0.0083,0,0.0455,-0.0135,0.9989,0,-0.0001,11.6454,-1.4223,1]},
{"frame":7,"values":[0.9918,-0.1114,-0.0622,0,0.1121,0.9937,0.0081,0,0.0609,-0.015,0.998,0,-0.0001,11.6454,-1.4223,1]},
{"frame":8,"values":[0.9907,-0.1106,-0.0788,0,0.1115,0.9937,0.0081,0,0.0774,-0.0168,0.9969,0,-0.0001,11.6454,-1.4223,1]},
{"frame":9,"values":[0.9895,-0.1088,-0.0951,0,0.1101,0.9939,0.0085,0,0.0936,-0.0189,0.9954,0,-0.0001,11.6454,-1.4223,1]},
{"frame":10,"values":[0.9883,-0.106,-0.1098,0,0.1077,0.9941,0.0093,0,0.1082,-0.021,0.9939,0,-0.0001,11.6454,-1.4223,1]},
{"frame":11,"values":[0.9873,-0.1021,-0.1218,0,0.1041,0.9945,0.0103,0,0.1201,-0.0228,0.9925,0,-0.0001,11.6454,-1.4223,1]},
{"frame":12,"values":[0.9867,-0.0971,-0.1301,0,0.0994,0.995,0.0113,0,0.1283,-0.0241,0.9914,0,-0.0001,11.6454,-1.4223,1]},
{"frame":13,"values":[0.9868,-0.0911,-0.1338,0,0.0936,0.9955,0.0123,0,0.1321,-0.0247,0.9909,0,-0.0001,11.6454,-1.4223,1]},
{"frame":14,"values":[0.9876,-0.0844,-0.1326,0,0.0869,0.9961,0.0132,0,0.131,-0.0245,0.9911,0,-0.0001,11.6454,-1.4223,1]},
{"frame":15,"values":[0.9889,-0.0781,-0.1265,0,0.0804,0.9967,0.0138,0,0.125,-0.0238,0.9919,0,-0.0001,11.6454,-1.4223,1]},
{"frame":16,"values":[0.9905,-0.0734,-0.1163,0,0.0755,0.997,0.0143,0,0.1149,-0.0229,0.9931,0,-0.0001,11.6454,-1.4223,1]},
{"frame":17,"values":[0.9922,-0.0716,-0.1025,0,0.0735,0.9972,0.0148,0,0.1011,-0.0222,0.9946,0,-0.0001,11.6454,-1.4223,1]},
{"frame":18,"values":[0.9936,-0.0736,-0.0859,0,0.0751,0.9971,0.0153,0,0.0845,-0.0217,0.9962,0,-0.0001,11.6454,-1.4223,1]},
{"frame":19,"values":[0.9946,-0.0789,-0.0672,0,0.0801,0.9967,0.0162,0,0.0657,-0.0215,0.9976,0,-0.0001,11.6454,-1.4223,1]},
{"frame":20,"values":[0.9952,-0.0864,-0.0467,0,0.0873,0.996,0.0173,0,0.0451,-0.0213,0.9988,0,-0.0001,11.6454,-1.4223,1]},
{"frame":21,"values":[0.9952,-0.0945,-0.0255,0,0.095,0.9953,0.0187,0,0.0236,-0.021,0.9995,0,-0.0001,11.6454,-1.4223,1]},
{"frame":22,"values":[0.9948,-0.1016,-0.0046,0,0.1017,0.9946,0.0199,0,0.0026,-0.0203,0.9998,0,-0.0001,11.6454,-1.4223,1]},
{"frame":23,"values":[0.9942,-0.107,0.0146,0,0.1066,0.9941,0.0209,0,-0.0167,-0.0192,0.9997,0,-0.0001,11.6454,-1.4223,1]},
{"frame":24,"values":[0.9934,-0.1101,0.0308,0,0.1095,0.9938,0.0213,0,-0.033,-0.0178,0.9993,0,-0.0001,11.6454,-1.4223,1]},
{"frame":25,"values":[0.9928,-0.1113,0.0434,0,0.1104,0.9937,0.0212,0,-0.0455,-0.0163,0.9988,0,-0.0001,11.6454,-1.4223,1]},
{"frame":26,"values":[0.9925,-0.1105,0.052,0,0.1095,0.9938,0.0207,0,-0.0539,-0.0149,0.9984,0,-0.0001,11.6454,-1.4223,1]},
{"frame":27,"values":[0.9925,-0.1081,0.0565,0,0.1071,0.994,0.0201,0,-0.0584,-0.0139,0.9982,0,-0.0001,11.6454,-1.4223,1]},
{"frame":28,"values":[0.9929,-0.1046,0.0573,0,0.1037,0.9944,0.0195,0,-0.059,-0.0134,0.9982,0,-0.0001,11.6454,-1.4223,1]},
{"frame":29,"values":[0.9934,-0.101,0.0548,0,0.1001,0.9948,0.0189,0,-0.0564,-0.0133,0.9983,0,-0.0001,11.6454,-1.4223,1]},
{"frame":30,"values":[0.9939,-0.0984,0.0497,0,0.0976,0.9951,0.0185,0,-0.0512,-0.0135,0.9986,0,-0.0001,11.6454,-1.4223,1]},
{"frame":31,"values":[0.9943,-0.0972,0.0428,0,0.0965,0.9952,0.0179,0,-0.0443,-0.0137,0.9989,0,-0.0001,11.6454,-1.4223,1]},
{"frame":32,"values":[0.9946,-0.0974,0.035,0,0.0969,0.9951,0.0172,0,-0.0365,-0.0137,0.9992,0,-0.0001,11.6454,-1.4223,1]},
{"frame":33,"values":[0.9948,-0.0986,0.027,0,0.0981,0.995,0.0163,0,-0.0285,-0.0136,0.9995,0,-0.0001,11.6454,-1.4223,1]},
{"frame":34,"values":[0.9948,-0.1001,0.0191,0,0.0998,0.9949,0.0153,0,-0.0205,-0.0133,0.9997,0,-0.0001,11.6454,-1.4223,1]},
{"frame":35,"values":[0.9947,-0.1018,0.0112,0,0.1017,0.9947,0.0142,0,-0.0126,-0.013,0.9998,0,-0.0001,11.6454,-1.4223,1]},
{"frame":36,"values":[0.9946,-0.1036,0.0033,0,0.1036,0.9945,0.0131,0,-0.0046,-0.0127,0.9999,0,-0.0001,11.6454,-1.4223,1]}],"loopBehavior":1,"name":"anim","property":"_matrix"}},
{"name":"mixamorig:Spine2","index":3,"matrix":[0.9947,-0.1021,0.0123,0,0.1019,0.9947,0.0137,0,-0.0136,-0.0124,0.9998,0,0.0001,13.3602,-1.6265,1],"rest":[1,0,0,0,0,1,0,0,0,0,1,0,0.0001,13.3602,-1.6265,1],"parentBoneIndex":2,"length":12.3444
,"animation":{"dataType":3,"framePerSecond":30,"keys":[
{"frame":1,"values":[0.9947,-0.1021,0.0123,0,0.1019,0.9947,0.0137,0,-0.0136,-0.0124,0.9998,0,0.0001,13.3602,-1.6265,1]},
{"frame":2,"values":[0.9946,-0.1041,0.0042,0,0.1041,0.9945,0.0132,0,-0.0056,-0.0127,0.9999,0,0.0001,13.3602,-1.6265,1]},
{"frame":3,"values":[0.9943,-0.1061,-0.0041,0,0.1062,0.9943,0.0127,0,0.0027,-0.0131,0.9999,0,0.0001,13.3602,-1.6265,1]},
{"frame":4,"values":[0.9941,-0.108,-0.0134,0,0.1081,0.9941,0.0123,0,0.012,-0.0137,0.9998,0,0.0001,13.3602,-1.6265,1]},
{"frame":5,"values":[0.9937,-0.1095,-0.0245,0,0.1098,0.9939,0.0121,0,0.0231,-0.0147,0.9996,0,0.0001,13.3602,-1.6265,1]},
{"frame":6,"values":[0.9931,-0.1105,-0.038,0,0.111,0.9937,0.012,0,0.0364,-0.0162,0.9992,0,0.0001,13.3602,-1.6265,1]},
{"frame":7,"values":[0.9924,-0.1108,-0.0536,0,0.1116,0.9937,0.0122,0,0.0519,-0.0181,0.9985,0,0.0001,13.3602,-1.6265,1]},
{"frame":8,"values":[0.9914,-0.1101,-0.0703,0,0.1113,0.9937,0.0127,0,0.0685,-0.0204,0.9974,0,0.0001,13.3602,-1.6265,1]},
{"frame":9,"values":[0.9903,-0.1084,-0.0867,0,0.11,0.9938,0.0134,0,0.0847,-0.0228,0.9961,0,0.0001,13.3602,-1.6265,1]},
{"frame":10,"values":[0.9892,-0.1057,-0.1016,0,0.1077,0.9941,0.0142,0,0.0995,-0.025,0.9947,0,0.0001,13.3602,-1.6265,1]},
{"frame":11,"values":[0.9883,-0.1019,-0.1137,0,0.1042,0.9944,0.0151,0,0.1116,-0.0268,0.9934,0,0.0001,13.3602,-1.6265,1]},
{"frame":12,"values":[0.9878,-0.0969,-0.1221,0,0.0995,0.9949,0.0158,0,0.12,-0.0278,0.9924,0,0.0001,13.3602,-1.6265,1]},
{"frame":13,"values":[0.9879,-0.0908,-0.126,0,0.0936,0.9955,0.0164,0,0.1239,-0.028,0.9919,0,0.0001,13.3602,-1.6265,1]},
{"frame":14,"values":[0.9886,-0.0841,-0.1249,0,0.0869,0.9961,0.0166,0,0.123,-0.0272,0.992,0,0.0001,13.3602,-1.6265,1]},
{"frame":15,"values":[0.9899,-0.0778,-0.1189,0,0.0803,0.9966,0.0165,0,0.1173,-0.0259,0.9928,0,0.0001,13.3602,-1.6265,1]},
{"frame":16,"values":[0.9914,-0.073,-0.1087,0,0.0752,0.997,0.0161,0,0.1072,-0.0241,0.9939,0,0.0001,13.3602,-1.6265,1]},
{"frame":17,"values":[0.9929,-0.0712,-0.0948,0,0.073,0.9972,0.0156,0,0.0935,-0.0225,0.9954,0,0.0001,13.3602,-1.6265,1]},
{"frame":18,"values":[0.9943,-0.073,-0.0781,0,0.0744,0.9971,0.0153,0,0.0768,-0.021,0.9968,0,0.0001,13.3602,-1.6265,1]},
{"frame":19,"values":[0.9952,-0.0782,-0.0591,0,0.0792,0.9967,0.0151,0,0.0577,-0.0197,0.9981,0,0.0001,13.3602,-1.6265,1]},
{"frame":20,"values":[0.9956,-0.0854,-0.0384,0,0.0861,0.9962,0.0153,0,0.0369,-0.0185,0.9991,0,0.0001,13.3602,-1.6265,1]},
{"frame":21,"values":[0.9955,-0.0933,-0.0168,0,0.0935,0.9955,0.0157,0,0.0153,-0.0172,0.9997,0,0.0001,13.3602,-1.6265,1]},
{"frame":22,"values":[0.995,-0.1001,0.0044,0,0.1,0.9949,0.0162,0,-0.006,-0.0157,0.9999,0,0.0001,13.3602,-1.6265,1]},
{"frame":23,"values":[0.9942,-0.1051,0.0239,0,0.1047,0.9944,0.0166,0,-0.0255,-0.014,0.9996,0,0.0001,13.3602,-1.6265,1]},
{"frame":24,"values":[0.9933,-0.108,0.0403,0,0.1074,0.9941,0.0167,0,-0.0419,-0.0123,0.999,0,0.0001,13.3602,-1.6265,1]},
{"frame":25,"values":[0.9926,-0.1089,0.053,0,0.1082,0.994,0.0166,0,-0.0545,-0.0107,0.9985,0,0.0001,13.3602,-1.6265,1]},
{"frame":26,"values":[0.9922,-0.108,0.0615,0,0.1072,0.9941,0.0162,0,-0.0629,-0.0095,0.998,0,0.0001,13.3602,-1.6265,1]},
{"frame":27,"values":[0.9922,-0.1055,0.066,0,0.1047,0.9944,0.0157,0,-0.0673,-0.0087,0.9977,0,0.0001,13.3602,-1.6265,1]},
{"frame":28,"values":[0.9925,-0.1021,0.0667,0,0.1013,0.9947,0.0154,0,-0.068,-0.0085,0.9977,0,0.0001,13.3602,-1.6265,1]},
{"frame":29,"values":[0.9931,-0.0986,0.0641,0,0.0978,0.9951,0.0151,0,-0.0653,-0.0088,0.9978,0,0.0001,13.3602,-1.6265,1]},
{"frame":30,"values":[0.9936,-0.096,0.0589,0,0.0953,0.9953,0.0151,0,-0.0601,-0.0094,0.9981,0,0.0001,13.3602,-1.6265,1]},
{"frame":31,"values":[0.9941,-0.0949,0.0519,0,0.0943,0.9954,0.0152,0,-0.0531,-0.0102,0.9985,0,0.0001,13.3602,-1.6265,1]},
{"frame":32,"values":[0.9945,-0.0953,0.0442,0,0.0948,0.9954,0.0151,0,-0.0454,-0.0109,0.9989,0,0.0001,13.3602,-1.6265,1]},
{"frame":33,"values":[0.9947,-0.0966,0.0361,0,0.0962,0.9953,0.0149,0,-0.0374,-0.0114,0.9992,0,0.0001,13.3602,-1.6265,1]},
{"frame":34,"values":[0.9948,-0.0984,0.0282,0,0.098,0.9951,0.0146,0,-0.0295,-0.0118,0.9995,0,0.0001,13.3602,-1.6265,1]},
{"frame":35,"values":[0.9948,-0.1002,0.0202,0,0.0999,0.9949,0.0142,0,-0.0216,-0.0121,0.9997,0,0.0001,13.3602,-1.6265,1]},
{"frame":36,"values":[0.9947,-0.1021,0.0123,0,0.1019,0.9947,0.0137,0,-0.0136,-0.0124,0.9998,0,0.0001,13.3602,-1.6265,1]}],"loopBehavior":1,"name":"anim","property":"_matrix"}},
{"name":"mixamorig:Neck","index":4,"matrix":[0.9993,0.0379,-0.0046,0,-0.0378,0.9991,0.0184,0,0.0053,-0.0182,0.9998,0,0,15.0325,0.7929,1],"rest":[1,0,0,0,0,1,0,0,0,0,1,0,0,15.0325,0.7929,1],"parentBoneIndex":3,"length":10.7895
,"animation":{"dataType":3,"framePerSecond":30,"keys":[
{"frame":1,"values":[0.9993,0.0379,-0.0046,0,-0.0378,0.9991,0.0184,0,0.0053,-0.0182,0.9998,0,0,15.0325,0.7929,1]},
{"frame":2,"values":[0.9993,0.0356,0.0091,0,-0.0357,0.9993,0.0132,0,-0.0087,-0.0135,0.9999,0,0,15.0325,0.7929,1]},
{"frame":3,"values":[0.9992,0.033,0.0215,0,-0.0331,0.9994,0.0082,0,-0.0212,-0.0089,0.9997,0,0,15.0325,0.7929,1]},
{"frame":4,"values":[0.9991,0.0295,0.0299,0,-0.0296,0.9996,0.0039,0,-0.0298,-0.0048,0.9995,0,0,15.0325,0.7929,1]},
{"frame":5,"values":[0.9992,0.0245,0.0319,0,-0.0246,0.9997,0.0006,0,-0.0318,-0.0014,0.9995,0,0,15.0325,0.7929,1]},
{"frame":6,"values":[0.9995,0.0179,0.0267,0,-0.0179,0.9998,-0.0017,0,-0.0268,0.0012,0.9996,0,0,15.0325,0.7929,1]},
{"frame":7,"values":[0.9998,0.01,0.0164,0,-0.0099,0.9999,-0.0031,0,-0.0165,0.003,0.9999,0,0,15.0325,0.7929,1]},
{"frame":8,"values":[1,0.0015,0.0043,0,-0.0015,1,-0.0042,0,-0.0043,0.0042,1,0,0,15.0325,0.7929,1]},
{"frame":9,"values":[0.9999,-0.0069,-0.0073,0,0.0069,1,-0.005,0,0.0073,0.005,1,0,0,15.0325,0.7929,1]},
{"frame":10,"values":[0.9997,-0.0148,-0.0179,0,0.0147,0.9999,-0.0055,0,0.018,0.0053,0.9998,0,0,15.0325,0.7929,1]},
{"frame":11,"values":[0.9993,-0.0218,-0.0287,0,0.0217,0.9997,-0.0056,0,0.0288,0.005,0.9996,0,0,15.0325,0.7929,1]},
{"frame":12,"values":[0.9988,-0.0277,-0.0409,0,0.0276,0.9996,-0.0049,0,0.041,0.0038,0.9992,0,0,15.0325,0.7929,1]},
{"frame":13,"values":[0.998,-0.0323,-0.054,0,0.0322,0.9995,-0.0035,0,0.0541,0.0018,0.9985,0,0,15.0325,0.7929,1]},
{"frame":14,"values":[0.9971,-0.0353,-0.0669,0,0.0353,0.9994,-0.0015,0,0.067,-0.0009,0.9978,0,0,15.0325,0.7929,1]},
{"frame":15,"values":[0.9963,-0.0364,-0.0781,0,0.0366,0.9993,0.0009,0,0.078,-0.0037,0.9969,0,0,15.0325,0.7929,1]},
{"frame":16,"values":[0.9956,-0.0351,-0.0867,0,0.0355,0.9994,0.0034,0,0.0865,-0.0064,0.9962,0,0,15.0325,0.7929,1]},
{"frame":17,"values":[0.9952,-0.0309,-0.0928,0,0.0316,0.9995,0.0062,0,0.0925,-0.0091,0.9957,0,0,15.0325,0.7929,1]},
{"frame":18,"values":[0.995,-0.0237,-0.0973,0,0.0248,0.9996,0.0098,0,0.097,-0.0122,0.9952,0,0,15.0325,0.7929,1]},
{"frame":19,"values":[0.9947,-0.0143,-0.1015,0,0.0159,0.9998,0.0147,0,0.1013,-0.0162,0.9947,0,0,15.0325,0.7929,1]},
{"frame":20,"values":[0.9943,-0.0037,-0.1067,0,0.006,0.9998,0.0211,0,0.1066,-0.0216,0.9941,0,0,15.0325,0.7929,1]},
{"frame":21,"values":[0.9935,0.0066,-0.1132,0,-0.0033,0.9996,0.029,0,0.1134,-0.0284,0.9931,0,0,15.0325,0.7929,1]},
{"frame":22,"values":[0.9926,0.0157,-0.1207,0,-0.0112,0.9992,0.0378,0,0.1212,-0.0361,0.992,0,0,15.0325,0.7929,1]},
{"frame":23,"values":[0.9915,0.0236,-0.1279,0,-0.0178,0.9988,0.0466,0,0.1288,-0.0439,0.9907,0,0,15.0325,0.7929,1]},
{"frame":24,"values":[0.9906,0.0306,-0.1332,0,-0.0236,0.9982,0.0544,0,0.1346,-0.0507,0.9896,0,0,15.0325,0.7929,1]},
{"frame":25,"values":[0.9901,0.0368,-0.1353,0,-0.0289,0.9978,0.0602,0,0.1372,-0.0557,0.989,0,0,15.0325,0.7929,1]},
{"frame":26,"values":[0.9902,0.042,-0.1334,0,-0.0337,0.9974,0.0634,0,0.1357,-0.0583,0.989,0,0,15.0325,0.7929,1]},
{"frame":27,"values":[0.9908,0.0455,-0.1272,0,-0.0376,0.9973,0.0638,0,0.1298,-0.0584,0.9898,0,0,15.0325,0.7929,1]},
{"frame":28,"values":[0.992,0.0474,-0.1173,0,-0.0404,0.9973,0.0615,0,0.1199,-0.0563,0.9912,0,0,15.0325,0.7929,1]},
{"frame":29,"values":[0.9934,0.048,-0.1045,0,-0.0422,0.9975,0.0573,0,0.107,-0.0525,0.9929,0,0,15.0325,0.7929,1]},
{"frame":30,"values":[0.9948,0.0479,-0.0901,0,-0.0433,0.9977,0.052,0,0.0924,-0.0478,0.9946,0,0,15.0325,0.7929,1]},
{"frame":31,"values":[0.996,0.0473,-0.0754,0,-0.0439,0.998,0.0462,0,0.0774,-0.0427,0.9961,0,0,15.0325,0.7929,1]},
{"frame":32,"values":[0.9971,0.0462,-0.0609,0,-0.0438,0.9982,0.0405,0,0.0627,-0.0377,0.9973,0,0,15.0325,0.7929,1]},
{"frame":33,"values":[0.9979,0.0446,-0.0467,0,-0.043,0.9985,0.0348,0,0.0482,-0.0327,0.9983,0,0,15.0325,0.7929,1]},
{"frame":34,"values":[0.9986,0.0425,-0.0327,0,-0.0415,0.9987,0.0293,0,0.0339,-0.0279,0.999,0,0,15.0325,0.7929,1]},
{"frame":35,"values":[0.999,0.0402,-0.0187,0,-0.0397,0.9989,0.0238,0,0.0196,-0.0231,0.9995,0,0,15.0325,0.7929,1]},
{"frame":36,"values":[0.9993,0.0379,-0.0046,0,-0.0378,0.9991,0.0184,0,0.0053,-0.0182,0.9998,0,0,15.0325,0.7929,1]}],"loopBehavior":1,"name":"anim","property":"_matrix"}},
{"name":"mixamorig:Head","index":5,"matrix":[0.9899,0.1413,0.0133,0,-0.1416,0.9896,0.026,0,-0.0095,-0.0277,0.9996,0,0,10.3218,3.1424,1],"rest":[1,0,0,0,0,1,0,0,0,0,1,0,0,10.3218,3.1424,1],"parentBoneIndex":4,"length":14.7322
,"animation":{"dataType":3,"framePerSecond":30,"keys":[
{"frame":1,"values":[0.9899,0.1413,0.0133,0,-0.1416,0.9896,0.026,0,-0.0095,-0.0277,0.9996,0,0,10.3218,3.1424,1]},
{"frame":2,"values":[0.9883,0.1459,0.0434,0,-0.1468,0.989,0.0179,0,-0.0403,-0.0241,0.9989,0,0,10.3218,3.1424,1]},
{"frame":3,"values":[0.9862,0.15,0.0707,0,-0.151,0.9885,0.0094,0,-0.0684,-0.0199,0.9975,0,0,10.3218,3.1424,1]},
{"frame":4,"values":[0.9841,0.1527,0.0911,0,-0.1534,0.9882,0.0002,0,-0.09,-0.0142,0.9958,0,0,10.3218,3.1424,1]},
{"frame":5,"values":[0.983,0.1534,0.1008,0,-0.1532,0.9881,-0.0094,0,-0.101,-0.0062,0.9949,0,0,10.3218,3.1424,1]},
{"frame":6,"values":[0.9834,0.152,0.0994,0,-0.1508,0.9884,-0.0195,0,-0.1012,0.0042,0.9949,0,0,10.3218,3.1424,1]},
{"frame":7,"values":[0.9846,0.1492,0.091,0,-0.147,0.9887,-0.0302,0,-0.0945,0.0164,0.9954,0,0,10.3218,3.1424,1]},
{"frame":8,"values":[0.9859,0.1459,0.0815,0,-0.1429,0.9889,-0.0417,0,-0.0867,0.0295,0.9958,0,0,10.3218,3.1424,1]},
{"frame":9,"values":[0.987,0.1424,0.0745,0,-0.1385,0.9889,-0.0545,0,-0.0814,0.0435,0.9957,0,0,10.3218,3.1424,1]},
{"frame":10,"values":[0.9881,0.1379,0.0686,0,-0.1332,0.9887,-0.0683,0,-0.0772,0.0583,0.9953,0,0,10.3218,3.1424,1]},
{"frame":11,"values":[0.9896,0.1312,0.0592,0,-0.1261,0.9886,-0.0819,0,-0.0692,0.0736,0.9949,0,0,10.3218,3.1424,1]},
{"frame":12,"values":[0.9918,0.1207,0.0416,0,-0.1164,0.9888,-0.0932,0,-0.0524,0.0876,0.9948,0,0,10.3218,3.1424,1]},
{"frame":13,"values":[0.9944,0.1053,0.0138,0,-0.1034,0.9896,-0.0997,0,-0.0241,0.0978,0.9949,0,0,10.3218,3.1424,1]},
{"frame":14,"values":[0.9961,0.0849,-0.0234,0,-0.0868,0.9912,-0.1002,0,0.0147,0.1018,0.9947,0,0,10.3218,3.1424,1]},
{"frame":15,"values":[0.9959,0.0611,-0.0672,0,-0.0673,0.9932,-0.0951,0,0.0609,0.0992,0.9932,0,0,10.3218,3.1424,1]},
{"frame":16,"values":[0.9928,0.0364,-0.1143,0,-0.0465,0.9952,-0.0863,0,0.1106,0.091,0.9897,0,0,10.3218,3.1424,1]},
{"frame":17,"values":[0.9868,0.0139,-0.1615,0,-0.0265,0.9967,-0.0763,0,0.1599,0.0796,0.9839,0,0,10.3218,3.1424,1]},
{"frame":18,"values":[0.9785,-0.0043,-0.206,0,-0.0096,0.9977,-0.0665,0,0.2058,0.067,0.9763,0,0,10.3218,3.1424,1]},
{"frame":19,"values":[0.969,-0.0174,-0.2463,0,0.0034,0.9984,-0.0572,0,0.2469,0.0546,0.9675,0,0,10.3218,3.1424,1]},
{"frame":20,"values":[0.9592,-0.0252,-0.2817,0,0.0123,0.9988,-0.0476,0,0.2826,0.0422,0.9583,0,0,10.3218,3.1424,1]},
{"frame":21,"values":[0.9496,-0.0281,-0.3121,0,0.0175,0.9992,-0.0366,0,0.3129,0.0293,0.9493,0,0,10.3218,3.1424,1]},
{"frame":22,"values":[0.9412,-0.0257,-0.3368,0,0.0189,0.9995,-0.0233,0,0.3373,0.0156,0.9413,0,0,10.3218,3.1424,1]},
{"frame":23,"values":[0.9349,-0.0175,-0.3545,0,0.0158,0.9998,-0.0077,0,0.3545,0.0016,0.935,0,0,10.3218,3.1424,1]},
{"frame":24,"values":[0.9317,-0.0037,-0.3631,0,0.0075,0.9999,0.0091,0,0.3631,-0.0112,0.9317,0,0,10.3218,3.1424,1]},
{"frame":25,"values":[0.9325,0.0143,-0.361,0,-0.0054,0.9997,0.0255,0,0.3613,-0.0219,0.9322,0,0,10.3218,3.1424,1]},
{"frame":26,"values":[0.9372,0.0339,-0.3471,0,-0.0214,0.999,0.0397,0,0.348,-0.0298,0.937,0,0,10.3218,3.1424,1]},
{"frame":27,"values":[0.9455,0.0527,-0.3213,0,-0.0385,0.998,0.0505,0,0.3233,-0.0354,0.9456,0,0,10.3218,3.1424,1]},
{"frame":28,"values":[0.9559,0.0697,-0.2854,0,-0.0555,0.9968,0.0575,0,0.2885,-0.0391,0.9567,0,0,10.3218,3.1424,1]},
{"frame":29,"values":[0.9664,0.0847,-0.2428,0,-0.0719,0.9955,0.0609,0,0.2469,-0.0414,0.9682,0,0,10.3218,3.1424,1]},
{"frame":30,"values":[0.9753,0.098,-0.198,0,-0.0875,0.9943,0.0611,0,0.2028,-0.0422,0.9783,0,0,10.3218,3.1424,1]},
{"frame":31,"values":[0.9818,0.1095,-0.1551,0,-0.1016,0.9931,0.0584,0,0.1604,-0.0416,0.9862,0,0,10.3218,3.1424,1]},
{"frame":32,"values":[0.9861,0.119,-0.1162,0,-0.1134,0.9921,0.0537,0,0.1217,-0.0397,0.9918,0,0,10.3218,3.1424,1]},
{"frame":33,"values":[0.9887,0.1262,-0.0814,0,-0.1226,0.9913,0.0477,0,0.0867,-0.0371,0.9955,0,0,10.3218,3.1424,1]},
{"frame":34,"values":[0.9901,0.1318,-0.049,0,-0.1299,0.9907,0.0409,0,0.0539,-0.0342,0.998,0,0,10.3218,3.1424,1]},
{"frame":35,"values":[0.9905,0.1366,-0.0177,0,-0.136,0.9901,0.0337,0,0.0221,-0.031,0.9993,0,0,10.3218,3.1424,1]},
{"frame":36,"values":[0.9899,0.1413,0.0133,0,-0.1416,0.9896,0.026,0,-0.0095,-0.0277,0.9996,0,0,10.3218,3.1424,1]}],"loopBehavior":1,"name":"anim","property":"_matrix"}},
{"name":"mixamorig:HeadTop_End","index":6,"matrix":[1,0,0,0,0,1,0,0,0,0,1,0,0.0002,18.4747,6.6364,1],"rest":[1,0,0,0,0,1,0,0,0,0,1,0,0.0002,18.4747,6.6364,1],"parentBoneIndex":5,"length":14.7322
,"animation":{"dataType":3,"framePerSecond":30,"keys":[
{"frame":1,"values":[1,0,0,0,0,1,0,0,0,0,1,0,0.0002,18.4747,6.6364,1]},
{"frame":36,"values":[1,0,0,0,0,1,0,0,0,0,1,0,0.0002,18.4747,6.6364,1]}],"loopBehavior":1,"name":"anim","property":"_matrix"}},
{"name":"mixamorig:LeftEye","index":7,"matrix":[1,0,0,0,0,1,0,0,0,0,1,0,2.9479,7.6817,9.1207,1],"rest":[1,0,0,0,0,1,0,0,0,0,1,0,2.9479,7.6817,9.1207,1],"parentBoneIndex":5,"length":14.7322
,"animation":{"dataType":3,"framePerSecond":30,"keys":[
{"frame":1,"values":[1,0,0,0,0,1,0,0,0,0,1,0,2.9479,7.6817,9.1207,1]},
{"frame":36,"values":[1,0,0,0,0,1,0,0,0,0,1,0,2.9479,7.6817,9.1207,1]}],"loopBehavior":1,"name":"anim","property":"_matrix"}},
{"name":"mixamorig:RightEye","index":8,"matrix":[1,0,0,0,0,1,0,0,0,0,1,0,-2.9445,7.6817,9.1205,1],"rest":[1,0,0,0,0,1,0,0,0,0,1,0,-2.9445,7.6817,9.1205,1],"parentBoneIndex":5,"length":14.7322
,"animation":{"dataType":3,"framePerSecond":30,"keys":[
{"frame":1,"values":[1,0,0,0,0,1,0,0,0,0,1,0,-2.9445,7.6817,9.1205,1]},
{"frame":36,"values":[1,0,0,0,0,1,0,0,0,0,1,0,-2.9445,7.6817,9.1205,1]}],"loopBehavior":1,"name":"anim","property":"_matrix"}},
{"name":"mixamorig:LeftShoulder","index":9,"matrix":[0.9938,-0.0996,0.0501,0,0.0952,0.9919,0.0838,0,-0.058,-0.0785,0.9952,0,6.1058,9.1104,0.7056,1],"rest":[1,0,0,0,0,1,0,0,0,0,1,0,6.1058,9.1104,0.7056,1],"parentBoneIndex":3,"length":12.9222
,"animation":{"dataType":3,"framePerSecond":30,"keys":[
{"frame":1,"values":[0.9938,-0.0996,0.0501,0,0.0952,0.9919,0.0838,0,-0.058,-0.0785,0.9952,0,6.1058,9.1104,0.7056,1]},
{"frame":2,"values":[0.9934,-0.1051,0.0469,0,0.1009,0.9913,0.0851,0,-0.0554,-0.0799,0.9953,0,6.1058,9.1104,0.7056,1]},
{"frame":3,"values":[0.9929,-0.1102,0.0438,0,0.1061,0.9906,0.0864,0,-0.053,-0.0812,0.9953,0,6.1058,9.1104,0.7056,1]},
{"frame":4,"values":[0.9925,-0.1149,0.0416,0,0.1109,0.99,0.0876,0,-0.0512,-0.0823,0.9953,0,6.1058,9.1104,0.7056,1]},
{"frame":5,"values":[0.992,-0.1195,0.0407,0,0.1155,0.9893,0.0887,0,-0.0509,-0.0833,0.9952,0,6.1058,9.1104,0.7056,1]},
{"frame":6,"values":[0.9914,-0.1244,0.0414,0,0.1203,0.9887,0.0897,0,-0.0521,-0.084,0.9951,0,6.1058,9.1104,0.7056,1]},
{"frame":7,"values":[0.9906,-0.1297,0.0427,0,0.1255,0.9879,0.0908,0,-0.054,-0.0846,0.995,0,6.1058,9.1104,0.7056,1]},
{"frame":8,"values":[0.99,-0.1343,0.0437,0,0.1299,0.9873,0.0918,0,-0.0554,-0.0852,0.9948,0,6.1058,9.1104,0.7056,1]},
{"frame":9,"values":[0.9897,-0.1363,0.0443,0,0.1318,0.987,0.0922,0,-0.0563,-0.0854,0.9948,0,6.1058,9.1104,0.7056,1]},
{"frame":10,"values":[0.9898,-0.1349,0.046,0,0.1303,0.9872,0.0918,0,-0.0578,-0.0849,0.9947,0,6.1058,9.1104,0.7056,1]},
{"frame":11,"values":[0.9901,-0.1309,0.0502,0,0.126,0.9879,0.0908,0,-0.0614,-0.0835,0.9946,0,6.1058,9.1104,0.7056,1]},
{"frame":12,"values":[0.9904,-0.126,0.0566,0,0.1206,0.9887,0.0894,0,-0.0672,-0.0817,0.9944,0,6.1058,9.1104,0.7056,1]},
{"frame":13,"values":[0.9906,-0.1219,0.0628,0,0.1161,0.9893,0.0882,0,-0.0729,-0.0801,0.9941,0,6.1058,9.1104,0.7056,1]},
{"frame":14,"values":[0.9907,-0.1187,0.0658,0,0.1128,0.9898,0.0874,0,-0.0755,-0.0791,0.994,0,6.1058,9.1104,0.7056,1]},
{"frame":15,"values":[0.9912,-0.1155,0.0648,0,0.1097,0.9902,0.0867,0,-0.0741,-0.0788,0.9941,0,6.1058,9.1104,0.7056,1]},
{"frame":16,"values":[0.9919,-0.111,0.0617,0,0.1056,0.9907,0.0858,0,-0.0707,-0.0786,0.9944,0,6.1058,9.1104,0.7056,1]},
{"frame":17,"values":[0.9927,-0.1047,0.0593,0,0.0995,0.9914,0.0845,0,-0.0676,-0.078,0.9947,0,6.1058,9.1104,0.7056,1]},
{"frame":18,"values":[0.9937,-0.0965,0.0576,0,0.0916,0.9924,0.0827,0,-0.0651,-0.0769,0.9949,0,6.1058,9.1104,0.7056,1]},
{"frame":19,"values":[0.9948,-0.0869,0.0535,0,0.0825,0.9933,0.0808,0,-0.0602,-0.076,0.9953,0,6.1058,9.1104,0.7056,1]},
{"frame":20,"values":[0.996,-0.0771,0.0442,0,0.0734,0.9941,0.0793,0,-0.0501,-0.0758,0.9959,0,6.1058,9.1104,0.7056,1]},
{"frame":21,"values":[0.9972,-0.0688,0.0309,0,0.0662,0.9947,0.0785,0,-0.0361,-0.0762,0.9964,0,6.1058,9.1104,0.7056,1]},
{"frame":22,"values":[0.9978,-0.0637,0.0193,0,0.062,0.995,0.0782,0,-0.0242,-0.0768,0.9968,0,6.1058,9.1104,0.7056,1]},
{"frame":23,"values":[0.9979,-0.0622,0.0161,0,0.0607,0.9951,0.0781,0,-0.0209,-0.077,0.9968,0,6.1058,9.1104,0.7056,1]},
{"frame":24,"values":[0.9978,-0.0627,0.0235,0,0.0607,0.9951,0.0777,0,-0.0283,-0.0761,0.9967,0,6.1058,9.1104,0.7056,1]},
{"frame":25,"values":[0.9973,-0.0631,0.0374,0,0.0601,0.9952,0.0767,0,-0.0421,-0.0743,0.9963,0,6.1058,9.1104,0.7056,1]},
{"frame":26,"values":[0.9968,-0.0622,0.0507,0,0.0582,0.9954,0.0756,0,-0.0552,-0.0724,0.9958,0,6.1058,9.1104,0.7056,1]},
{"frame":27,"values":[0.9964,-0.0609,0.0584,0,0.0564,0.9956,0.0747,0,-0.0627,-0.0712,0.9955,0,6.1058,9.1104,0.7056,1]},
{"frame":28,"values":[0.9963,-0.0611,0.0602,0,0.0566,0.9956,0.0747,0,-0.0645,-0.071,0.9954,0,6.1058,9.1104,0.7056,1]},
{"frame":29,"values":[0.9962,-0.064,0.0593,0,0.0594,0.9954,0.0754,0,-0.0638,-0.0716,0.9954,0,6.1058,9.1104,0.7056,1]},
{"frame":30,"values":[0.9959,-0.0688,0.0587,0,0.0642,0.995,0.0765,0,-0.0636,-0.0724,0.9953,0,6.1058,9.1104,0.7056,1]},
{"frame":31,"values":[0.9955,-0.0742,0.0591,0,0.0696,0.9945,0.0777,0,-0.0646,-0.0732,0.9952,0,6.1058,9.1104,0.7056,1]},
{"frame":32,"values":[0.9951,-0.0793,0.0595,0,0.0746,0.9941,0.0788,0,-0.0654,-0.074,0.9951,0,6.1058,9.1104,0.7056,1]},
{"frame":33,"values":[0.9947,-0.0841,0.0586,0,0.0793,0.9936,0.0799,0,-0.0649,-0.0748,0.9951,0,6.1058,9.1104,0.7056,1]},
{"frame":34,"values":[0.9944,-0.0889,0.0563,0,0.0842,0.9931,0.0811,0,-0.0631,-0.0759,0.9951,0,6.1058,9.1104,0.7056,1]},
{"frame":35,"values":[0.9941,-0.0941,0.0532,0,0.0895,0.9926,0.0824,0,-0.0606,-0.0771,0.9952,0,6.1058,9.1104,0.7056,1]},
{"frame":36,"values":[0.9938,-0.0996,0.0501,0,0.0952,0.9919,0.0838,0,-0.058,-0.0785,0.9952,0,6.1058,9.1104,0.7056,1]}],"loopBehavior":1,"name":"anim","property":"_matrix"}},
{"name":"mixamorig:LeftArm","index":10,"matrix":[0.3851,-0.9225,0.0241,0,0.9228,0.3853,0.0024,0,-0.0114,0.0213,0.9997,0,12.655,-0.2659,-2.6009,1],"rest":[1,0,0,0,0,1,0,0,0,0,1,0,12.655,-0.2659,-2.6009,1],"parentBoneIndex":9,"length":27.4047
,"animation":{"dataType":3,"framePerSecond":30,"keys":[
{"frame":1,"values":[0.3851,-0.9225,0.0241,0,0.9228,0.3853,0.0024,0,-0.0114,0.0213,0.9997,0,12.655,-0.2659,-2.6009,1]},
{"frame":2,"values":[0.39,-0.9206,0.0188,0,0.9208,0.3899,-0.0062,0,-0.0016,0.0197,0.9998,0,12.655,-0.2659,-2.6009,1]},
{"frame":3,"values":[0.3949,-0.9186,0.013,0,0.9187,0.3947,-0.0161,0,0.0097,0.0183,0.9998,0,12.655,-0.2659,-2.6009,1]},
{"frame":4,"values":[0.4004,-0.9163,0.006,0,0.916,0.4001,-0.03,0,0.0251,0.0175,0.9995,0,12.655,-0.2659,-2.6009,1]},
{"frame":5,"values":[0.4068,-0.9135,-0.0024,0,0.9123,0.4064,-0.0503,0,0.0469,0.0183,0.9987,0,12.655,-0.2659,-2.6009,1]},
{"frame":6,"values":[0.4143,-0.9101,-0.0113,0,0.907,0.4139,-0.0774,0,0.0751,0.0218,0.9969,0,12.655,-0.2659,-2.6009,1]},
{"frame":7,"values":[0.422,-0.9064,-0.0189,0,0.9004,0.4214,-0.1084,0,0.1062,0.0287,0.9939,0,12.655,-0.2659,-2.6009,1]},
{"frame":8,"values":[0.4286,-0.9032,-0.0238,0,0.8933,0.4275,-0.1389,0,0.1356,0.0383,0.99,0,12.655,-0.2659,-2.6009,1]},
{"frame":9,"values":[0.4322,-0.9014,-0.0263,0,0.8874,0.4303,-0.1652,0,0.1602,0.048,0.9859,0,12.655,-0.2659,-2.6009,1]},
{"frame":10,"values":[0.4313,-0.9017,-0.0289,0,0.884,0.4288,-0.1861,0,0.1802,0.0548,0.9821,0,12.655,-0.2659,-2.6009,1]},
{"frame":11,"values":[0.4254,-0.9044,-0.0339,0,0.8833,0.4231,-0.2019,0,0.1969,0.0559,0.9788,0,12.655,-0.2659,-2.6009,1]},
{"frame":12,"values":[0.4152,-0.9087,-0.0422,0,0.8852,0.4143,-0.2118,0,0.2099,0.0506,0.9764,0,12.655,-0.2659,-2.6009,1]},
{"frame":13,"values":[0.4025,-0.914,-0.0515,0,0.8897,0.4038,-0.213,0,0.2155,0.0399,0.9757,0,12.655,-0.2659,-2.6009,1]},
{"frame":14,"values":[0.3891,-0.9194,-0.0576,0,0.8972,0.3924,-0.2026,0,0.2089,0.0272,0.9776,0,12.655,-0.2659,-2.6009,1]},
{"frame":15,"values":[0.3761,-0.9248,-0.0572,0,0.9071,0.3801,-0.181,0,0.1891,0.0162,0.9818,0,12.655,-0.2659,-2.6009,1]},
{"frame":16,"values":[0.3626,-0.9306,-0.0502,0,0.9179,0.366,-0.1533,0,0.161,0.0095,0.9869,0,12.655,-0.2659,-2.6009,1]},
{"frame":17,"values":[0.347,-0.937,-0.0404,0,0.9285,0.3493,-0.1263,0,0.1324,0.0063,0.9912,0,12.655,-0.2659,-2.6009,1]},
{"frame":18,"values":[0.3278,-0.9441,-0.0335,0,0.9385,0.3295,-0.1033,0,0.1086,0.0025,0.9941,0,12.655,-0.2659,-2.6009,1]},
{"frame":19,"values":[0.3059,-0.9515,-0.0336,0,0.948,0.3077,-0.0816,0,0.0879,-0.0069,0.9961,0,12.655,-0.2659,-2.6009,1]},
{"frame":20,"values":[0.2844,-0.9579,-0.04,0,0.9565,0.2863,-0.0557,0,0.0648,-0.0224,0.9976,0,12.655,-0.2659,-2.6009,1]},
{"frame":21,"values":[0.2686,-0.9621,-0.0476,0,0.9626,0.2699,-0.0241,0,0.036,-0.0393,0.9986,0,12.655,-0.2659,-2.6009,1]},
{"frame":22,"values":[0.2631,-0.9635,-0.0499,0,0.9648,0.263,0.0081,0,0.0053,-0.0503,0.9987,0,12.655,-0.2659,-2.6009,1]},
{"frame":23,"values":[0.2694,-0.962,-0.0441,0,0.9628,0.2681,0.0329,0,-0.0198,-0.0513,0.9985,0,12.655,-0.2659,-2.6009,1]},
{"frame":24,"values":[0.2858,-0.9578,-0.0323,0,0.9577,0.2842,0.0456,0,-0.0345,-0.044,0.9984,0,12.655,-0.2659,-2.6009,1]},
{"frame":25,"values":[0.3082,-0.9511,-0.0193,0,0.9505,0.307,0.0485,0,-0.0402,-0.0333,0.9986,0,12.655,-0.2659,-2.6009,1]},
{"frame":26,"values":[0.3322,-0.9432,-0.0083,0,0.9423,0.3314,0.0481,0,-0.0426,-0.0238,0.9988,0,12.655,-0.2659,-2.6009,1]},
{"frame":27,"values":[0.353,-0.9356,0.0013,0,0.9345,0.3526,0.049,0,-0.0463,-0.0161,0.9988,0,12.655,-0.2659,-2.6009,1]},
{"frame":28,"values":[0.3674,-0.93,0.0114,0,0.9286,0.3675,0.0513,0,-0.0519,-0.0082,0.9986,0,12.655,-0.2659,-2.6009,1]},
{"frame":29,"values":[0.3744,-0.927,0.0227,0,0.9256,0.375,0.0519,0,-0.0567,0.0016,0.9984,0,12.655,-0.2659,-2.6009,1]},
{"frame":30,"values":[0.3753,-0.9263,0.0332,0,0.9251,0.3765,0.0487,0,-0.0576,0.0124,0.9983,0,12.655,-0.2659,-2.6009,1]},
{"frame":31,"values":[0.3734,-0.9268,0.0397,0,0.9261,0.3749,0.0421,0,-0.0539,0.0211,0.9983,0,12.655,-0.2659,-2.6009,1]},
{"frame":32,"values":[0.3721,-0.9273,0.0412,0,0.927,0.3735,0.034,0,-0.0469,0.0256,0.9986,0,12.655,-0.2659,-2.6009,1]},
{"frame":33,"values":[0.373,-0.927,0.0386,0,0.927,0.3741,0.0259,0,-0.0385,0.0261,0.9989,0,12.655,-0.2659,-2.6009,1]},
{"frame":34,"values":[0.3761,-0.9259,0.034,0,0.9261,0.3768,0.0182,0,-0.0297,0.0247,0.9993,0,12.655,-0.2659,-2.6009,1]},
{"frame":35,"values":[0.3805,-0.9243,0.029,0,0.9245,0.3809,0.0105,0,-0.0208,0.0228,0.9995,0,12.655,-0.2659,-2.6009,1]},
{"frame":36,"values":[0.3851,-0.9225,0.0241,0,0.9228,0.3853,0.0024,0,-0.0114,0.0213,0.9997,0,12.655,-0.2659,-2.6009,1]}],"loopBehavior":1,"name":"anim","property":"_matrix"}},
{"name":"mixamorig:LeftForeArm","index":11,"matrix":[0.9525,0,0.3046,0,0,1,0,0,-0.3046,0,0.9525,0,27.4047,0,0,1],"rest":[1,0,0,0,0,1,0,0,0,0,1,0,27.4047,0,0,1],"parentBoneIndex":10,"length":27.6145
,"animation":{"dataType":3,"framePerSecond":30,"keys":[
{"frame":1,"values":[0.9525,0,0.3046,0,0,1,0,0,-0.3046,0,0.9525,0,27.4047,0,0,1]},
{"frame":2,"values":[0.9541,0,0.2996,0,0,1,0,0,-0.2996,0,0.9541,0,27.4047,0,0,1]},
{"frame":3,"values":[0.9548,0,0.2972,0,0,1,0,0,-0.2972,0,0.9548,0,27.4047,0,0,1]},
{"frame":4,"values":[0.9533,0,0.302,0,0,1,0,0,-0.302,0,0.9533,0,27.4047,0,0,1]},
{"frame":5,"values":[0.9483,0,0.3175,0,0,1,0,0,-0.3175,0,0.9483,0,27.4047,0,0,1]},
{"frame":6,"values":[0.9394,0,0.3428,0,0,1,0,0,-0.3428,0,0.9394,0,27.4047,0,0,1]},
