{"producer":{"name":"Blender","version":"2.79 (sub 0)","exporter_version":"5.6.4","file":"happywalkback.babylon"},
"autoClear":true,"clearColor":[0.0509,0.0509,0.0509],"ambientColor":[0,0,0],"gravity":[0,-9.81,0],
"materials":[{"name":"happywalkback.Material","id":"happywalkback.Material","ambient":[0,0,0],"diffuse":[0,0,0],"specular":[0,0,0],"emissive":[0,0,0],"specularPower":50,"alpha":0.001,"backFaceCulling":true,"checkReadyOnlyOnce":false,"maxSimultaneousLights":4}],
"multiMaterials":[],
"skeletons":[{"name":"Armature","id":0,"dimensionsAtRest":[379.1952,391.6652,55.677],"bones":[
{"name":"mixamorig:Hips","index":0,"matrix":[0.9991,0.0405,-0.0114,0,-0.0406,0.9992,-0.0071,0,-0.0111,-0.0075,-0.9999,0,0.1692,199.5835,-0.1268,1],"rest":[1,0,0,0,0,1,0,0,0,0,-1,0,0,201.6394,0,1],"parentBoneIndex":-1,"length":21.6784
,"animation":{"dataType":3,"framePerSecond":24,"keys":[
{"frame":1,"values":[0.9991,0.0405,-0.0079,0,-0.0406,0.9992,-0.0072,0,-0.0076,-0.0075,-0.9999,0,-0.2629,199.5835,-0.1278,1]},
{"frame":2,"values":[0.9989,0.0292,-0.0371,0,-0.0289,0.9996,0.0073,0,-0.0373,0.0062,-0.9993,0,1.0362,200.6058,-2.1242,1]},
{"frame":3,"values":[0.9982,0.0208,-0.0558,0,-0.02,0.9997,0.0154,0,-0.0561,0.0143,-0.9983,0,2.2968,200.089,-3.4649,1]},
{"frame":4,"values":[0.9986,0.0125,-0.0519,0,-0.0119,0.9999,0.0124,0,-0.052,0.0117,-0.9986,0,3.4405,198.3615,-3.9766,1]},
{"frame":5,"values":[0.9994,0.0146,-0.03,0,-0.0147,0.9999,-0.0019,0,-0.0299,-0.0023,-0.9995,0,4.5523,195.8468,-3.4629,1]},
{"frame":6,"values":[0.9999,0.0168,-0.001,0,-0.0168,0.9996,-0.022,0,-0.0006,-0.0221,-0.9998,0,5.6484,192.3333,-1.6703,1]},
{"frame":7,"values":[0.9994,0.0195,0.028,0,-0.0185,0.9992,-0.0352,0,0.0286,-0.0347,-0.999,0,6.2722,187.5271,1.4325,1]},
{"frame":8,"values":[0.9985,0.0223,0.0508,0,-0.0208,0.9994,-0.0287,0,0.0514,-0.0276,-0.9983,0,6.896,183.0338,4.9042,1]},
{"frame":9,"values":[0.9982,0.0195,0.0573,0,-0.0186,0.9997,-0.0147,0,0.0576,-0.0136,-0.9982,0,7.5198,181.3841,6.979,1]},
{"frame":10,"values":[0.9991,0.014,0.0394,0,-0.014,0.9999,-0.0006,0,0.0395,0,-0.9992,0,8.1437,184.1682,5.5561,1]},
{"frame":11,"values":[0.9995,0.0085,0.0303,0,-0.0089,0.9999,0.0135,0,0.0302,0.0138,-0.9994,0,8.7675,186.9522,4.1332,1]},
{"frame":12,"values":[0.9997,0.0113,0.0211,0,-0.0119,0.9995,0.0276,0,0.0208,0.0279,-0.9994,0,8.085,189.7363,2.7103,1]},
{"frame":13,"values":[0.9998,0.0141,0.012,0,-0.0144,0.9997,0.0182,0,0.0117,0.0184,-0.9998,0,7.4026,192.5203,1.2873,1]},
{"frame":14,"values":[0.9999,0.0106,0.0028,0,-0.0106,0.9999,0.0088,0,0.0027,0.0088,-1,0,6.7201,195.3044,-0.1356,1]},
{"frame":15,"values":[1,0.007,-0.0064,0,-0.007,1,-0.0006,0,-0.0064,-0.0007,-1,0,6.0377,198.0884,-1.5585,1]},
{"frame":16,"values":[0.9999,0.0034,-0.0155,0,-0.0036,0.9999,-0.01,0,-0.0155,-0.0101,-0.9998,0,5.3552,195.3686,-2.9814,1]},
{"frame":17,"values":[0.9999,-0.0001,-0.012,0,-0.0001,0.9998,-0.0195,0,-0.012,-0.0195,-0.9997,0,4.6728,192.6489,-4.4043,1]},
{"frame":18,"values":[0.9999,0.007,-0.0084,0,-0.0073,0.9996,-0.0289,0,-0.0082,-0.0289,-0.9995,0,3.9903,189.9291,-3.219,1]},
{"frame":19,"values":[0.9997,0.0142,-0.022,0,-0.015,0.9992,-0.0383,0,-0.0215,-0.0386,-0.999,0,3.3078,187.2094,-2.0336,1]},
{"frame":20,"values":[0.9991,0.0213,-0.0357,0,-0.023,0.9986,-0.0477,0,-0.0347,-0.0484,-0.9982,0,2.6254,184.4896,-0.8483,1]},
{"frame":21,"values":[0.9987,0.0151,-0.0493,0,-0.0179,0.9982,-0.057,0,-0.0484,-0.0578,-0.9972,0,1.9429,181.7698,0.3371,1]},
{"frame":22,"values":[0.9993,0.0248,-0.0291,0,-0.0262,0.9986,-0.0468,0,-0.0279,-0.0475,-0.9985,0,1.2605,185.7511,-0.5958,1]},
{"frame":23,"values":[0.9994,0.0343,-0.0088,0,-0.0346,0.9987,-0.0366,0,-0.0075,-0.0369,-0.9993,0,0.578,189.7323,-1.5286,1]},
{"frame":24,"values":[0.999,0.0436,0.0117,0,-0.0433,0.9987,-0.0267,0,0.0128,-0.0262,-0.9996,0,-0.1044,193.7135,-2.4614,1]},
{"frame":25,"values":[0.9986,0.0531,0.0079,0,-0.053,0.9985,-0.0166,0,0.0088,-0.0161,-0.9998,0,0.0115,197.6947,-1.1337,1]},
{"frame":26,"values":[0.9991,0.0405,-0.0114,0,-0.0406,0.9992,-0.0071,0,-0.0111,-0.0075,-0.9999,0,0.1692,199.5835,-0.1268,1]}],"loopBehavior":1,"name":"anim","property":"_matrix"}},
{"name":"mixamorig:Spine","index":1,"matrix":[0.9988,-0.0375,0.0321,0,0.0282,0.9676,0.2509,0,-0.0405,-0.2497,0.9675,0,0.0062,19.525,-2.4818,1],"rest":[1,0,0,0,0,1,0,0,0,0,1,0,0.0062,19.525,-2.4818,1],"parentBoneIndex":0,"length":23.0091
,"animation":{"dataType":3,"framePerSecond":24,"keys":[
{"frame":1,"values":[0.9988,-0.0375,0.0321,0,0.0282,0.9676,0.2509,0,-0.0405,-0.2497,0.9675,0,0.0062,19.525,-2.4818,1]},
{"frame":2,"values":[0.9989,-0.0243,0.0406,0,0.014,0.9713,0.2373,0,-0.0452,-0.2364,0.9706,0,0.0062,19.525,-2.4818,1]},
{"frame":3,"values":[0.9985,-0.0121,0.0525,0,-0.0001,0.9741,0.226,0,-0.0538,-0.2256,0.9727,0,0.0062,19.525,-2.4818,1]},
{"frame":4,"values":[0.9974,-0.0092,0.0715,0,-0.0065,0.9763,0.2162,0,-0.0718,-0.2161,0.9737,0,0.0062,19.525,-2.4818,1]},
{"frame":5,"values":[0.9957,-0.0146,0.0917,0,-0.0049,0.978,0.2088,0,-0.0927,-0.2083,0.9737,0,0.0062,19.525,-2.4818,1]},
{"frame":6,"values":[0.9941,-0.0273,0.105,0,0.0049,0.9781,0.2081,0,-0.1084,-0.2063,0.9725,0,0.0062,19.525,-2.4818,1]},
{"frame":7,"values":[0.9932,-0.0401,0.1092,0,0.0153,0.9756,0.2191,0,-0.1153,-0.216,0.9696,0,0.0062,19.525,-2.4818,1]},
{"frame":8,"values":[0.992,-0.0559,0.1135,0,0.0267,0.9693,0.2446,0,-0.1236,-0.2396,0.963,0,0.0062,19.525,-2.4818,1]},
{"frame":9,"values":[0.9928,-0.0605,0.103,0,0.0301,0.9611,0.2744,0,-0.1156,-0.2694,0.9561,0,0.0062,19.525,-2.4818,1]},
{"frame":10,"values":[0.9941,-0.056,0.0926,0,0.027,0.9568,0.2894,0,-0.1048,-0.2852,0.9527,0,0.0062,19.525,-2.4818,1]},
{"frame":11,"values":[0.9953,-0.0514,0.0822,0,0.0263,0.9594,0.2807,0,-0.0933,-0.2772,0.9563,0,0.0062,19.525,-2.4818,1]},
{"frame":12,"values":[0.9963,-0.0468,0.0717,0,0.0256,0.9619,0.2721,0,-0.0817,-0.2692,0.9596,0,0.0062,19.525,-2.4818,1]},
{"frame":13,"values":[0.9972,-0.0424,0.0612,0,0.0248,0.9644,0.2634,0,-0.0702,-0.2611,0.9627,0,0.0062,19.525,-2.4818,1]},
{"frame":14,"values":[0.998,-0.038,0.0507,0,0.0239,0.9667,0.2547,0,-0.0587,-0.253,0.9657,0,0.0062,19.525,-2.4818,1]},
{"frame":15,"values":[0.9983,-0.0416,0.0402,0,0.0305,0.9688,0.2459,0,-0.0492,-0.2443,0.9685,0,0.0062,19.525,-2.4818,1]},
{"frame":16,"values":[0.9985,-0.0454,0.0297,0,0.0371,0.9708,0.237,0,-0.0396,-0.2356,0.971,0,0.0062,19.525,-2.4818,1]},
{"frame":17,"values":[0.9986,-0.0492,0.0192,0,0.0436,0.9727,0.2281,0,-0.0299,-0.2269,0.9735,0,0.0062,19.525,-2.4818,1]},
{"frame":18,"values":[0.9986,-0.053,0.0087,0,0.0496,0.9722,0.2289,0,-0.0206,-0.2282,0.9734,0,0.0062,19.525,-2.4818,1]},
{"frame":19,"values":[0.9984,-0.0567,-0.0018,0,0.0556,0.9717,0.2298,0,-0.0113,-0.2295,0.9732,0,0.0062,19.525,-2.4818,1]},
{"frame":20,"values":[0.9987,-0.0498,-0.0123,0,0.0513,0.973,0.2252,0,0.0007,-0.2256,0.9742,0,0.0062,19.525,-2.4818,1]},
{"frame":21,"values":[0.9988,-0.0428,-0.0227,0,0.047,0.9703,0.2375,0,0.0119,-0.2383,0.9711,0,0.0062,19.525,-2.4818,1]},
{"frame":22,"values":[0.9987,-0.0509,-0.0097,0,0.0517,0.9669,0.2497,0,-0.0033,-0.2498,0.9683,0,0.0062,19.525,-2.4818,1]},
{"frame":23,"values":[0.9982,-0.0591,0.0032,0,0.0562,0.9635,0.2619,0,-0.0186,-0.2613,0.9651,0,0.0062,19.525,-2.4818,1]},
{"frame":24,"values":[0.9976,-0.0674,0.016,0,0.0605,0.9598,0.2742,0,-0.0339,-0.2725,0.9615,0,0.0062,19.525,-2.4818,1]},
{"frame":25,"values":[0.9979,-0.0574,0.0289,0,0.048,0.9646,0.2592,0,-0.0428,-0.2573,0.9654,0,0.0062,19.525,-2.4818,1]},
{"frame":26,"values":[0.9988,-0.0375,0.0321,0,0.0282,0.9676,0.2509,0,-0.0405,-0.2497,0.9675,0,0.0062,19.525,-2.4818,1]}],"loopBehavior":1,"name":"anim","property":"_matrix"}},
{"name":"mixamorig:Spine1","index":2,"matrix":[0.9999,-0.012,0.0096,0,0.0119,0.9997,0.0193,0,-0.0098,-0.0191,0.9998,0,-0.0009,22.835,-2.8254,1],"rest":[1,0,0,0,0,1,0,0,0,0,1,0,-0.0009,22.835,-2.8254,1],"parentBoneIndex":1,"length":26.7438
,"animation":{"dataType":3,"framePerSecond":24,"keys":[
{"frame":1,"values":[1,-0.0002,0.0096,0,0,0.9998,0.0193,0,-0.0096,-0.0193,0.9998,0,-0.0009,22.835,-2.8254,1]},
{"frame":2,"values":[0.9999,-0.0004,0.0117,0,0.0002,0.9998,0.0183,0,-0.0117,-0.0183,0.9998,0,-0.0009,22.835,-2.8254,1]},
{"frame":3,"values":[0.9999,-0.0006,0.0147,0,0.0004,0.9999,0.0163,0,-0.0147,-0.0163,0.9998,0,-0.0009,22.835,-2.8254,1]},
{"frame":4,"values":[0.9998,-0.0008,0.0197,0,0.0005,0.9999,0.0143,0,-0.0198,-0.0142,0.9997,0,-0.0009,22.835,-2.8254,1]},
{"frame":5,"values":[0.9997,-0.001,0.0253,0,0.0007,0.9999,0.0117,0,-0.0253,-0.0117,0.9996,0,-0.0009,22.835,-2.8254,1]},
{"frame":6,"values":[0.9996,-0.0012,0.0292,0,0.0008,0.9999,0.0128,0,-0.0292,-0.0128,0.9995,0,-0.0009,22.835,-2.8254,1]},
{"frame":7,"values":[0.9995,-0.0014,0.0308,0,0.0007,0.9998,0.0203,0,-0.0309,-0.0203,0.9993,0,-0.0009,22.835,-2.8254,1]},
{"frame":8,"values":[0.9995,-0.0015,0.0325,0,0.0006,0.9996,0.0296,0,-0.0325,-0.0296,0.999,0,-0.0009,22.835,-2.8254,1]},
{"frame":9,"values":[0.9996,-0.0017,0.0293,0,0.0008,0.9995,0.0326,0,-0.0293,-0.0326,0.999,0,-0.0009,22.835,-2.8254,1]},
{"frame":10,"values":[0.9997,-0.0019,0.0261,0,0.0011,0.9995,0.0303,0,-0.0261,-0.0303,0.9992,0,-0.0009,22.835,-2.8254,1]},
{"frame":11,"values":[0.9997,-0.003,0.0229,0,0.0024,0.9996,0.028,0,-0.0229,-0.0279,0.9993,0,-0.0009,22.835,-2.8254,1]},
{"frame":12,"values":[0.9998,-0.0041,0.0196,0,0.0036,0.9997,0.0257,0,-0.0197,-0.0256,0.9995,0,-0.0009,22.835,-2.8254,1]},
{"frame":13,"values":[0.9999,-0.0052,0.0164,0,0.0048,0.9997,0.0233,0,-0.0165,-0.0232,0.9996,0,-0.0009,22.835,-2.8254,1]},
{"frame":14,"values":[0.9999,-0.0064,0.0132,0,0.0061,0.9998,0.021,0,-0.0133,-0.0209,0.9997,0,-0.0009,22.835,-2.8254,1]},
{"frame":15,"values":[0.9999,-0.0075,0.01,0,0.0073,0.9998,0.0187,0,-0.0101,-0.0186,0.9998,0,-0.0009,22.835,-2.8254,1]},
{"frame":16,"values":[0.9999,-0.0086,0.0068,0,0.0085,0.9998,0.0163,0,-0.0069,-0.0163,0.9998,0,-0.0009,22.835,-2.8254,1]},
{"frame":17,"values":[0.9999,-0.0098,0.0035,0,0.0097,0.9999,0.014,0,-0.0037,-0.0139,0.9999,0,-0.0009,22.835,-2.8254,1]},
{"frame":18,"values":[0.9999,-0.0109,0.0003,0,0.0109,0.9999,0.0116,0,-0.0005,-0.0116,0.9999,0,-0.0009,22.835,-2.8254,1]},
{"frame":19,"values":[0.9999,-0.012,-0.0029,0,0.0121,0.9997,0.02,0,0.0026,-0.02,0.9998,0,-0.0009,22.835,-2.8254,1]},
{"frame":20,"values":[0.9999,-0.012,-0.0061,0,0.0122,0.9995,0.0284,0,0.0057,-0.0285,0.9996,0,-0.0009,22.835,-2.8254,1]},
{"frame":21,"values":[0.9999,-0.012,-0.0031,0,0.0121,0.9992,0.0368,0,0.0027,-0.0368,0.9993,0,-0.0009,22.835,-2.8254,1]},
{"frame":22,"values":[0.9999,-0.0121,-0.0001,0,0.0121,0.9994,0.0326,0,-0.0003,-0.0326,0.9995,0,-0.0009,22.835,-2.8254,1]},
{"frame":23,"values":[0.9999,-0.0121,0.0029,0,0.012,0.9995,0.0285,0,-0.0032,-0.0284,0.9996,0,-0.0009,22.835,-2.8254,1]},
{"frame":24,"values":[0.9999,-0.0121,0.0059,0,0.0119,0.9996,0.0243,0,-0.0061,-0.0242,0.9997,0,-0.0009,22.835,-2.8254,1]},
{"frame":25,"values":[0.9999,-0.012,0.0088,0,0.0119,0.9997,0.0201,0,-0.0091,-0.02,0.9998,0,-0.0009,22.835,-2.8254,1]},
{"frame":26,"values":[0.9999,-0.012,0.0096,0,0.0119,0.9997,0.0193,0,-0.0098,-0.0191,0.9998,0,-0.0009,22.835,-2.8254,1]}],"loopBehavior":1,"name":"anim","property":"_matrix"}},
{"name":"mixamorig:Spine2","index":3,"matrix":[0.9999,-0.0121,0.0097,0,0.0119,0.9997,0.0193,0,-0.0099,-0.0191,0.9998,0,-0.0206,26.5525,-3.1933,1],"rest":[1,0,0,0,0,1,0,0,0,0,1,0,-0.0206,26.5525,-3.1933,1],"parentBoneIndex":2,"length":24.825
,"animation":{"dataType":3,"framePerSecond":24,"keys":[
{"frame":1,"values":[1,-0.0001,0.0097,0,-0.0001,0.9998,0.0193,0,-0.0097,-0.0193,0.9998,0,-0.0206,26.5525,-3.1933,1]},
{"frame":2,"values":[0.9999,-0.0008,0.0119,0,0.0006,0.9998,0.0183,0,-0.0119,-0.0183,0.9998,0,-0.0206,26.5525,-3.1933,1]},
{"frame":3,"values":[0.9999,-0.0014,0.0149,0,0.0012,0.9999,0.0162,0,-0.0149,-0.0162,0.9998,0,-0.0206,26.5525,-3.1933,1]},
{"frame":4,"values":[0.9998,-0.0021,0.02,0,0.0018,0.9999,0.0142,0,-0.02,-0.0141,0.9997,0,-0.0206,26.5525,-3.1933,1]},
{"frame":5,"values":[0.9997,-0.0028,0.0255,0,0.0025,0.9999,0.0116,0,-0.0255,-0.0115,0.9996,0,-0.0206,26.5525,-3.1933,1]},
{"frame":6,"values":[0.9996,-0.0034,0.0294,0,0.0031,0.9999,0.0127,0,-0.0294,-0.0126,0.9995,0,-0.0206,26.5525,-3.1933,1]},
{"frame":7,"values":[0.9995,-0.0041,0.0311,0,0.0035,0.9998,0.0202,0,-0.0311,-0.0201,0.9993,0,-0.0206,26.5525,-3.1933,1]},
{"frame":8,"values":[0.9995,-0.0048,0.0327,0,0.0038,0.9996,0.0296,0,-0.0329,-0.0294,0.999,0,-0.0206,26.5525,-3.1933,1]},
{"frame":9,"values":[0.9996,-0.0054,0.0295,0,0.0045,0.9995,0.0327,0,-0.0296,-0.0325,0.999,0,-0.0206,26.5525,-3.1933,1]},
{"frame":10,"values":[0.9996,-0.0061,0.0262,0,0.0053,0.9995,0.0303,0,-0.0264,-0.0302,0.9992,0,-0.0206,26.5525,-3.1933,1]},
{"frame":11,"values":[0.9997,-0.0067,0.0229,0,0.0061,0.9996,0.028,0,-0.0231,-0.0279,0.9993,0,-0.0206,26.5525,-3.1933,1]},
{"frame":12,"values":[0.9998,-0.0074,0.0196,0,0.0068,0.9996,0.0257,0,-0.0198,-0.0255,0.9995,0,-0.0206,26.5525,-3.1933,1]},
{"frame":13,"values":[0.9998,-0.008,0.0164,0,0.0076,0.9997,0.0233,0,-0.0166,-0.0232,0.9996,0,-0.0206,26.5525,-3.1933,1]},
{"frame":14,"values":[0.9999,-0.0087,0.0131,0,0.0084,0.9997,0.021,0,-0.0133,-0.0208,0.9997,0,-0.0206,26.5525,-3.1933,1]},
{"frame":15,"values":[0.9999,-0.0094,0.0098,0,0.0092,0.9998,0.0186,0,-0.01,-0.0185,0.9998,0,-0.0206,26.5525,-3.1933,1]},
{"frame":16,"values":[0.9999,-0.01,0.0066,0,0.0099,0.9998,0.0162,0,-0.0067,-0.0162,0.9998,0,-0.0206,26.5525,-3.1933,1]},
{"frame":17,"values":[0.9999,-0.0107,0.0033,0,0.0107,0.9998,0.0139,0,-0.0035,-0.0138,0.9999,0,-0.0206,26.5525,-3.1933,1]},
{"frame":18,"values":[0.9999,-0.0114,0,0,0.0114,0.9999,0.0115,0,-0.0002,-0.0115,0.9999,0,-0.0206,26.5525,-3.1933,1]},
{"frame":19,"values":[0.9999,-0.0121,-0.0032,0,0.0121,0.9997,0.0199,0,0.003,-0.02,0.9998,0,-0.0206,26.5525,-3.1933,1]},
{"frame":20,"values":[0.9999,-0.0121,-0.0065,0,0.0123,0.9995,0.0283,0,0.0061,-0.0284,0.9996,0,-0.0206,26.5525,-3.1933,1]},
{"frame":21,"values":[0.9999,-0.0121,-0.0034,0,0.0122,0.9992,0.0368,0,0.003,-0.0368,0.9993,0,-0.0206,26.5525,-3.1933,1]},
{"frame":22,"values":[0.9999,-0.0121,-0.0003,0,0.0121,0.9994,0.0326,0,-0.0001,-0.0326,0.9995,0,-0.0206,26.5525,-3.1933,1]},
{"frame":23,"values":[0.9999,-0.0121,0.0028,0,0.012,0.9995,0.0284,0,-0.0031,-0.0284,0.9996,0,-0.0206,26.5525,-3.1933,1]},
{"frame":24,"values":[0.9999,-0.0121,0.0058,0,0.012,0.9996,0.0243,0,-0.0061,-0.0242,0.9997,0,-0.0206,26.5525,-3.1933,1]},
{"frame":25,"values":[0.9999,-0.0121,0.0089,0,0.0119,0.9997,0.0201,0,-0.0092,-0.02,0.9998,0,-0.0206,26.5525,-3.1933,1]},
{"frame":26,"values":[0.9999,-0.0121,0.0097,0,0.0119,0.9997,0.0193,0,-0.0099,-0.0191,0.9998,0,-0.0206,26.5525,-3.1933,1]}],"loopBehavior":1,"name":"anim","property":"_matrix"}},
{"name":"mixamorig:Neck","index":4,"matrix":[0.9996,0.0235,0.0151,0,-0.0216,0.9931,-0.1156,0,-0.0177,0.1152,0.9932,0,-0.06,30.7018,1.3522,1],"rest":[1,0,0,0,0,1,0,0,0,0,1,0,-0.06,30.7018,1.3522,1],"parentBoneIndex":3,"length":22.8446
,"animation":{"dataType":3,"framePerSecond":24,"keys":[
{"frame":1,"values":[0.9996,0.0235,0.0142,0,-0.0217,0.9931,-0.1156,0,-0.0169,0.1152,0.9932,0,-0.06,30.7018,1.3522,1]},
{"frame":2,"values":[0.9995,0.0284,0.014,0,-0.0266,0.9931,-0.1141,0,-0.0172,0.1136,0.9934,0,-0.06,30.7018,1.3522,1]},
{"frame":3,"values":[0.9993,0.0334,0.0138,0,-0.0316,0.9932,-0.112,0,-0.0175,0.1115,0.9936,0,-0.06,30.7018,1.3522,1]},
{"frame":4,"values":[0.9992,0.0375,0.0136,0,-0.0358,0.9933,-0.1103,0,-0.0176,0.1098,0.9938,0,-0.06,30.7018,1.3522,1]},
{"frame":5,"values":[0.9991,0.0395,0.0134,0,-0.0378,0.9932,-0.1105,0,-0.0177,0.1099,0.9938,0,-0.06,30.7018,1.3522,1]},
{"frame":6,"values":[0.9991,0.0396,0.0132,0,-0.0379,0.9929,-0.1124,0,-0.0175,0.1118,0.9936,0,-0.06,30.7018,1.3522,1]},
{"frame":7,"values":[0.9992,0.0388,0.013,0,-0.0371,0.993,-0.1123,0,-0.0172,0.1118,0.9936,0,-0.06,30.7018,1.3522,1]},
{"frame":8,"values":[0.9993,0.0363,0.0128,0,-0.0347,0.9936,-0.1077,0,-0.0166,0.1071,0.9941,0,-0.06,30.7018,1.3522,1]},
{"frame":9,"values":[0.9995,0.0278,0.0126,0,-0.0264,0.9946,-0.1004,0,-0.0153,0.1,0.9949,0,-0.06,30.7018,1.3522,1]},
{"frame":10,"values":[0.9997,0.0193,0.0123,0,-0.018,0.9953,-0.0955,0,-0.0141,0.0952,0.9954,0,-0.06,30.7018,1.3522,1]},
{"frame":11,"values":[0.9999,0.0108,0.0121,0,-0.0096,0.9951,-0.0981,0,-0.0131,0.098,0.9951,0,-0.06,30.7018,1.3522,1]},
{"frame":12,"values":[0.9999,0.0023,0.0119,0,-0.0011,0.9949,-0.1007,0,-0.012,0.1007,0.9948,0,-0.06,30.7018,1.3522,1]},
{"frame":13,"values":[0.9999,-0.0061,0.0116,0,0.0073,0.9946,-0.1033,0,-0.0109,0.1034,0.9946,0,-0.06,30.7018,1.3522,1]},
{"frame":14,"values":[0.9998,-0.0146,0.0115,0,0.0157,0.9943,-0.1059,0,-0.0098,0.1061,0.9943,0,-0.06,30.7018,1.3522,1]},
{"frame":15,"values":[0.9997,-0.0231,0.0113,0,0.0242,0.9938,-0.1085,0,-0.0087,0.1088,0.994,0,-0.06,30.7018,1.3522,1]},
{"frame":16,"values":[0.9997,-0.0231,0.0111,0,0.0242,0.9935,-0.1111,0,-0.0084,0.1114,0.9937,0,-0.06,30.7018,1.3522,1]},
{"frame":17,"values":[0.9997,-0.0236,0.0109,0,0.0247,0.9932,-0.1137,0,-0.0081,0.114,0.9935,0,-0.06,30.7018,1.3522,1]},
{"frame":18,"values":[0.9997,-0.0241,0.0107,0,0.0252,0.9929,-0.1163,0,-0.0078,0.1166,0.9932,0,-0.06,30.7019,1.3522,1]},
{"frame":19,"values":[0.9998,-0.0177,0.0104,0,0.0188,0.9927,-0.1189,0,-0.0083,0.1191,0.9928,0,-0.06,30.7018,1.3522,1]},
{"frame":20,"values":[0.9999,-0.0113,0.0112,0,0.0125,0.9931,-0.1164,0,-0.0098,0.1165,0.9931,0,-0.06,30.7018,1.3522,1]},
{"frame":21,"values":[0.9999,-0.0049,0.012,0,0.0062,0.9935,-0.1139,0,-0.0113,0.114,0.9934,0,-0.06,30.7018,1.3522,1]},
{"frame":22,"values":[0.9999,0.0015,0.0128,0,-0.0001,0.9938,-0.1114,0,-0.0128,0.1114,0.9937,0,-0.06,30.7018,1.3522,1]},
{"frame":23,"values":[0.9999,0.0079,0.0135,0,-0.0064,0.9937,-0.1122,0,-0.0143,0.1121,0.9936,0,-0.06,30.7018,1.3522,1]},
{"frame":24,"values":[0.9998,0.0143,0.0143,0,-0.0126,0.9935,-0.113,0,-0.0158,0.1128,0.9935,0,-0.06,30.7018,1.3522,1]},
{"frame":25,"values":[0.9997,0.0207,0.0151,0,-0.0189,0.9933,-0.1139,0,-0.0173,0.1136,0.9934,0,-0.06,30.7019,1.3522,1]},
{"frame":26,"values":[0.9996,0.0235,0.0151,0,-0.0216,0.9931,-0.1156,0,-0.0177,0.1152,0.9932,0,-0.06,30.7018,1.3522,1]}],"loopBehavior":1,"name":"anim","property":"_matrix"}},
{"name":"mixamorig:Head","index":5,"matrix":[0.9862,0.155,0.0577,0,-0.1429,0.9743,-0.1744,0,-0.0833,0.1637,0.983,0,-0.0872,22.5477,3.6709,1],"rest":[1,0,0,0,0,1,0,0,0,0,1,0,-0.0872,22.5476,3.6709,1],"parentBoneIndex":4,"length":30.5923
,"animation":{"dataType":3,"framePerSecond":24,"keys":[
{"frame":1,"values":[0.9862,0.155,0.0577,0,-0.1429,0.9743,-0.1744,0,-0.0833,0.1637,0.983,0,-0.0872,22.5476,3.6709,1]},
{"frame":2,"values":[0.9852,0.1664,0.0411,0,-0.1575,0.9734,-0.1661,0,-0.0677,0.1572,0.9852,0,-0.0872,22.5477,3.6709,1]},
{"frame":3,"values":[0.9828,0.1825,0.0285,0,-0.1759,0.9717,-0.1578,0,-0.0565,0.1501,0.9871,0,-0.0872,22.5476,3.6709,1]},
{"frame":4,"values":[0.9793,0.2008,0.024,0,-0.1951,0.9693,-0.1495,0,-0.0532,0.1417,0.9885,0,-0.0872,22.5476,3.6709,1]},
{"frame":5,"values":[0.9758,0.217,0.0279,0,-0.2111,0.9672,-0.1411,0,-0.0576,0.1318,0.9896,0,-0.0872,22.5476,3.6709,1]},
{"frame":6,"values":[0.9722,0.2312,0.0356,0,-0.2234,0.9626,-0.1531,0,-0.0697,0.1408,0.9876,0,-0.0872,22.5476,3.6709,1]},
{"frame":7,"values":[0.9696,0.2414,0.0398,0,-0.2319,0.9586,-0.165,0,-0.078,0.1508,0.9855,0,-0.0872,22.5476,3.6709,1]},
{"frame":8,"values":[0.9778,0.2064,0.036,0,-0.1971,0.9643,-0.177,0,-0.0713,0.166,0.9836,0,-0.0872,22.5476,3.6709,1]},
{"frame":9,"values":[0.9848,0.1713,0.028,0,-0.1639,0.971,-0.1742,0,-0.057,0.167,0.9843,0,-0.0872,22.5476,3.6709,1]},
{"frame":10,"values":[0.9904,0.1358,0.025,0,-0.1299,0.9777,-0.1652,0,-0.0468,0.1603,0.9859,0,-0.0872,22.5476,3.6709,1]},
{"frame":11,"values":[0.9947,0.1002,0.022,0,-0.0954,0.9823,-0.1609,0,-0.0377,0.158,0.9867,0,-0.0872,22.5476,3.6709,1]},
{"frame":12,"values":[0.9977,0.0645,0.019,0,-0.0605,0.9845,-0.1647,0,-0.0293,0.1632,0.9862,0,-0.0872,22.5476,3.6709,1]},
{"frame":13,"values":[0.9992,0.0286,0.0276,0,-0.0235,0.9854,-0.1686,0,-0.0321,0.1678,0.9853,0,-0.0872,22.5477,3.6709,1]},
{"frame":14,"values":[0.9993,-0.0073,0.0364,0,0.0134,0.985,-0.1721,0,-0.0346,0.1725,0.9844,0,-0.0872,22.5476,3.6709,1]},
{"frame":15,"values":[0.9981,-0.0431,0.0451,0,0.0502,0.984,-0.1711,0,-0.037,0.173,0.9842,0,-0.0872,22.5476,3.6709,1]},
{"frame":16,"values":[0.9954,-0.0789,0.0538,0,0.0869,0.9817,-0.1697,0,-0.0394,0.1736,0.984,0,-0.0872,22.5476,3.6709,1]},
{"frame":17,"values":[0.9966,-0.0531,0.0627,0,0.0633,0.9826,-0.1747,0,-0.0523,0.1781,0.9826,0,-0.0872,22.5476,3.6709,1]},
{"frame":18,"values":[0.9971,-0.0272,0.0713,0,0.0397,0.9829,-0.1799,0,-0.0652,0.1822,0.9811,0,-0.0872,22.5476,3.6709,1]},
{"frame":19,"values":[0.9968,-0.0013,0.0799,0,0.0161,0.9825,-0.1853,0,-0.0783,0.186,0.9794,0,-0.0872,22.5476,3.6709,1]},
{"frame":20,"values":[0.9975,0.0246,0.0657,0,-0.0116,0.9815,-0.1909,0,-0.0692,0.1896,0.9794,0,-0.0872,22.5476,3.6709,1]},
{"frame":21,"values":[0.9974,0.0505,0.0515,0,-0.0399,0.9814,-0.188,0,-0.0601,0.1855,0.9808,0,-0.0872,22.5476,3.6709,1]},
{"frame":22,"values":[0.9964,0.0764,0.0374,0,-0.0682,0.9804,-0.1847,0,-0.0508,0.1815,0.9821,0,-0.0872,22.5476,3.6709,1]},
{"frame":23,"values":[0.9937,0.1022,0.0467,0,-0.0921,0.9791,-0.1812,0,-0.0642,0.1758,0.9823,0,-0.0872,22.5477,3.6709,1]},
{"frame":24,"values":[0.9902,0.1278,0.056,0,-0.1161,0.9772,-0.178,0,-0.0775,0.1697,0.9824,0,-0.0872,22.5476,3.6709,1]},
{"frame":25,"values":[0.986,0.1533,0.0655,0,-0.14,0.9746,-0.1749,0,-0.0906,0.1633,0.9824,0,-0.0872,22.5476,3.6709,1]},
{"frame":26,"values":[0.9862,0.155,0.0577,0,-0.1429,0.9743,-0.1744,0,-0.0833,0.1637,0.983,0,-0.0872,22.5477,3.6709,1]}],"loopBehavior":1,"name":"anim","property":"_matrix"}},
{"name":"mixamorig:HeadTop_End","index":6,"matrix":[1,0,0,0,0,1,0,0,0,0,1,0,-0.8306,40.3552,7.8935,1],"rest":[1,0,0,0,0,1,0,0,0,0,1,0,-0.8306,40.3552,7.8935,1],"parentBoneIndex":5,"length":30.5923
,"animation":{"dataType":3,"framePerSecond":24,"keys":[
{"frame":1,"values":[1,0,0,0,0,1,0,0,0,0,1,0,-0.8306,40.3553,7.8935,1]},
{"frame":2,"values":[1,0,0,0,0,1,0,0,0,0,1,0,-0.8306,40.3552,7.8935,1]},
{"frame":14,"values":[1,0,0,0,0,1,0,0,0,0,1,0,-0.8306,40.3553,7.8935,1]},
{"frame":15,"values":[1,0,0,0,0,1,0,0,0,0,1,0,-0.8306,40.3552,7.8935,1]},
{"frame":26,"values":[1,0,0,0,0,1,0,0,0,0,1,0,-0.8306,40.3552,7.8935,1]}],"loopBehavior":1,"name":"anim","property":"_matrix"}},
{"name":"mixamorig:RightEye","index":7,"matrix":[1,0,0,0,0,1,0,0,0,0,1,0,-6.3021,18.1186,16.1971,1],"rest":[1,0,0,0,0,1,0,0,0,0,1,0,-6.3021,18.1186,16.1971,1],"parentBoneIndex":5,"length":30.5923
,"animation":{"dataType":3,"framePerSecond":24,"keys":[
{"frame":1,"values":[1,0,0,0,0,1,0,0,0,0,1,0,-6.3021,18.1186,16.1971,1]},
{"frame":24,"values":[1,0,0,0,0,1,0,0,0,0,1,0,-6.3021,18.1185,16.1971,1]},
{"frame":25,"values":[1,0,0,0,0,1,0,0,0,0,1,0,-6.3021,18.1186,16.1971,1]},
{"frame":26,"values":[1,0,0,0,0,1,0,0,0,0,1,0,-6.3021,18.1186,16.1971,1]}],"loopBehavior":1,"name":"anim","property":"_matrix"}},
{"name":"mixamorig:LeftEye","index":8,"matrix":[1,0,0,0,0,1,0,0,0,0,1,0,6.7415,18.3827,16.4019,1],"rest":[1,0,0,0,0,1,0,0,0,0,1,0,6.7415,18.3827,16.4019,1],"parentBoneIndex":5,"length":30.5923
,"animation":{"dataType":3,"framePerSecond":24,"keys":[
{"frame":1,"values":[1,0,0,0,0,1,0,0,0,0,1,0,6.7415,18.3827,16.4019,1]},
{"frame":24,"values":[1,0,0,0,0,1,0,0,0,0,1,0,6.7415,18.3826,16.4019,1]},
{"frame":25,"values":[1,0,0,0,0,1,0,0,0,0,1,0,6.7415,18.3827,16.4019,1]},
{"frame":26,"values":[1,0,0,0,0,1,0,0,0,0,1,0,6.7415,18.3827,16.4019,1]}],"loopBehavior":1,"name":"anim","property":"_matrix"}},
{"name":"mixamorig:LeftShoulder","index":9,"matrix":[0.9688,-0.248,-0.0049,0,0.2478,0.9669,0.0615,0,-0.0106,-0.0608,0.9981,0,11.9249,18.2305,1.4254,1],"rest":[1,0.0062,0,0,-0.0062,1,0,0,0,0,1,0,11.9249,18.2305,1.4254,1],"parentBoneIndex":3,"length":25.9773
,"animation":{"dataType":3,"framePerSecond":24,"keys":[
{"frame":1,"values":[0.9688,-0.248,-0.0049,0,0.2478,0.9669,0.0615,0,-0.0106,-0.0608,0.9981,0,11.9249,18.2305,1.4254,1]},
{"frame":2,"values":[0.9683,-0.2493,-0.016,0,0.2498,0.9664,0.0602,0,0.0004,-0.0623,0.9981,0,11.9249,18.2305,1.4254,1]},
{"frame":3,"values":[0.9689,-0.2467,-0.0182,0,0.2474,0.9671,0.0597,0,0.0029,-0.0624,0.998,0,11.9249,18.2305,1.4254,1]},
{"frame":4,"values":[0.9702,-0.2421,-0.0089,0,0.2422,0.9683,0.0606,0,-0.006,-0.0609,0.9981,0,11.9249,18.2305,1.4254,1]},
{"frame":5,"values":[0.9698,-0.2436,0.0101,0,0.2425,0.9681,0.0631,0,-0.0252,-0.0587,0.998,0,11.9249,18.2305,1.4254,1]},
{"frame":6,"values":[0.9669,-0.252,0.0406,0,0.2489,0.9662,0.0676,0,-0.0562,-0.0552,0.9969,0,11.9249,18.2305,1.4254,1]},
{"frame":7,"values":[0.9641,-0.2532,0.0799,0,0.2477,0.9661,0.0725,0,-0.0955,-0.0501,0.9942,0,11.9249,18.2305,1.4254,1]},
{"frame":8,"values":[0.9642,-0.241,0.1111,0,0.2337,0.9694,0.0748,0,-0.1257,-0.0462,0.991,0,11.9249,18.2305,1.4254,1]},
{"frame":9,"values":[0.9663,-0.2313,0.1127,0,0.224,0.9718,0.074,0,-0.1266,-0.0463,0.9909,0,11.9249,18.2305,1.4254,1]},
{"frame":10,"values":[0.9666,-0.2426,0.0825,0,0.237,0.9689,0.0717,0,-0.0973,-0.0498,0.994,0,11.9249,18.2305,1.4254,1]},
{"frame":11,"values":[0.9613,-0.2725,0.0406,0,0.2694,0.9606,0.0679,0,-0.0575,-0.0543,0.9969,0,11.9249,18.2305,1.4254,1]},
{"frame":12,"values":[0.962,-0.2729,-0.0013,0,0.2724,0.96,0.064,0,-0.0162,-0.0619,0.998,0,11.9249,18.2305,1.4254,1]},
{"frame":13,"values":[0.961,-0.273,-0.0432,0,0.2753,0.9595,0.0599,0,0.0251,-0.0694,0.9973,0,11.9249,18.2305,1.4254,1]},
{"frame":14,"values":[0.9607,-0.2732,-0.0489,0,0.2759,0.9593,0.0601,0,0.0305,-0.0712,0.997,0,11.9249,18.2305,1.4254,1]},
{"frame":15,"values":[0.9603,-0.2734,-0.0547,0,0.2765,0.9591,0.0602,0,0.036,-0.073,0.9967,0,11.9249,18.2305,1.4254,1]},
{"frame":16,"values":[0.9599,-0.2736,-0.0605,0,0.2771,0.9589,0.0604,0,0.0415,-0.0747,0.9963,0,11.9249,18.2305,1.4254,1]},
{"frame":17,"values":[0.9595,-0.2738,-0.0663,0,0.2778,0.9587,0.0606,0,0.047,-0.0765,0.996,0,11.9249,18.2305,1.4254,1]},
{"frame":18,"values":[0.959,-0.274,-0.0721,0,0.2784,0.9585,0.0607,0,0.0525,-0.0783,0.9956,0,11.9249,18.2305,1.4254,1]},
{"frame":19,"values":[0.9585,-0.2741,-0.0779,0,0.279,0.9584,0.0609,0,0.0579,-0.0801,0.9951,0,11.9249,18.2305,1.4254,1]},
{"frame":20,"values":[0.958,-0.2743,-0.0836,0,0.2796,0.9582,0.061,0,0.0634,-0.0818,0.9946,0,11.9249,18.2305,1.4254,1]},
{"frame":21,"values":[0.9598,-0.2742,-0.0592,0,0.2777,0.9587,0.0613,0,0.0399,-0.0753,0.9964,0,11.9249,18.2305,1.4254,1]},
{"frame":22,"values":[0.9611,-0.274,-0.0347,0,0.2757,0.9593,0.0615,0,0.0164,-0.0687,0.9975,0,11.9249,18.2305,1.4254,1]},
{"frame":23,"values":[0.9643,-0.2645,-0.0102,0,0.2646,0.9624,0.0617,0,-0.0065,-0.0622,0.998,0,11.9249,18.2305,1.4254,1]},
{"frame":24,"values":[0.967,-0.2547,0.0007,0,0.2542,0.9651,0.0627,0,-0.0166,-0.0605,0.998,0,11.9249,18.2305,1.4254,1]},
{"frame":25,"values":[0.9683,-0.2497,0.0116,0,0.2484,0.9665,0.0637,0,-0.0271,-0.0588,0.9979,0,11.9249,18.2305,1.4254,1]},
{"frame":26,"values":[0.9688,-0.248,-0.0049,0,0.2478,0.9669,0.0615,0,-0.0106,-0.0608,0.9981,0,11.9249,18.2305,1.4254,1]}],"loopBehavior":1,"name":"anim","property":"_matrix"}},
{"name":"mixamorig:LeftArm","index":10,"matrix":[0.5818,-0.8125,0.0381,0,0.7584,0.5588,0.3354,0,-0.2938,-0.1662,0.9413,0,25.4312,-0.8546,-5.2293,1],"rest":[0.9983,0.0295,0.0512,0,-0.0294,0.9996,-0.0017,0,-0.0512,0.0002,0.9987,0,25.4312,-0.8546,-5.2293,1],"parentBoneIndex":9,"length":54.6848
,"animation":{"dataType":3,"framePerSecond":24,"keys":[
{"frame":1,"values":[0.5818,-0.8125,0.0381,0,0.7584,0.5588,0.3354,0,-0.2938,-0.1662,0.9413,0,25.4312,-0.8547,-5.2293,1]},
{"frame":2,"values":[0.5881,-0.8057,0.0707,0,0.7354,0.5691,0.3679,0,-0.3366,-0.1644,0.9272,0,25.4312,-0.8547,-5.2293,1]},
{"frame":3,"values":[0.5924,-0.798,0.1104,0,0.7113,0.5825,0.3933,0,-0.3782,-0.1545,0.9127,0,25.4312,-0.8546,-5.2293,1]},
{"frame":4,"values":[0.595,-0.7878,0.1591,0,0.687,0.6012,0.4082,0,-0.4172,-0.1336,0.8989,0,25.4312,-0.8546,-5.2293,1]},
{"frame":5,"values":[0.5992,-0.771,0.2156,0,0.6611,0.6284,0.41,0,-0.4516,-0.1032,0.8862,0,25.4312,-0.8546,-5.2293,1]},
{"frame":6,"values":[0.6085,-0.7441,0.2758,0,0.6347,0.6649,0.3937,0,-0.4764,-0.0645,0.8769,0,25.4312,-0.8546,-5.2293,1]},
{"frame":7,"values":[0.5953,-0.7356,0.3232,0,0.6371,0.6773,0.368,0,-0.4896,-0.0132,0.8718,0,25.4312,-0.8547,-5.2293,1]},
{"frame":8,"values":[0.5901,-0.7367,0.3303,0,0.6497,0.6762,0.3473,0,-0.4792,0.0096,0.8776,0,25.4312,-0.8546,-5.2293,1]},
{"frame":9,"values":[0.5935,-0.7487,0.2951,0,0.6714,0.6629,0.3315,0,-0.4438,0.0014,0.8961,0,25.4312,-0.8546,-5.2293,1]},
{"frame":10,"values":[0.5992,-0.7638,0.2399,0,0.6957,0.6451,0.3161,0,-0.3962,-0.0226,0.9179,0,25.4312,-0.8547,-5.2293,1]},
{"frame":11,"values":[0.6054,-0.7753,0.1799,0,0.7171,0.6294,0.2995,0,-0.3454,-0.0523,0.937,0,25.4312,-0.8546,-5.2293,1]},
{"frame":12,"values":[0.6081,-0.7848,0.1191,0,0.7375,0.6141,0.2811,0,-0.2938,-0.0831,0.9523,0,25.4312,-0.8546,-5.2293,1]},
{"frame":13,"values":[0.6075,-0.7922,0.0579,0,0.7567,0.5993,0.2611,0,-0.2415,-0.1148,0.9636,0,25.4312,-0.8546,-5.2293,1]},
{"frame":14,"values":[0.6034,-0.7974,-0.0033,0,0.7747,0.5852,0.2395,0,-0.1891,-0.1471,0.9709,0,25.4312,-0.8547,-5.2293,1]},
{"frame":15,"values":[0.5959,-0.8005,-0.0642,0,0.7913,0.5717,0.2166,0,-0.1367,-0.1799,0.9741,0,25.4312,-0.8546,-5.2293,1]},
{"frame":16,"values":[0.5917,-0.803,-0.0711,0,0.7978,0.5707,0.1945,0,-0.1156,-0.1719,0.9783,0,25.4312,-0.8547,-5.2293,1]},
{"frame":17,"values":[0.5873,-0.8056,-0.078,0,0.8038,0.5694,0.1723,0,-0.0944,-0.1639,0.982,0,25.4312,-0.8547,-5.2293,1]},
{"frame":18,"values":[0.5828,-0.8082,-0.0847,0,0.8093,0.5679,0.15,0,-0.0731,-0.1559,0.9851,0,25.4312,-0.8546,-5.2293,1]},
{"frame":19,"values":[0.5784,-0.8106,-0.0915,0,0.8113,0.5598,0.1688,0,-0.0856,-0.1718,0.9814,0,25.4312,-0.8546,-5.2293,1]},
{"frame":20,"values":[0.5747,-0.8125,-0.0982,0,0.8125,0.552,0.1876,0,-0.0982,-0.1876,0.9773,0,25.4312,-0.8546,-5.2293,1]},
{"frame":21,"values":[0.5711,-0.8142,-0.1051,0,0.8134,0.5439,0.2063,0,-0.1108,-0.2033,0.9728,0,25.4312,-0.8546,-5.2293,1]},
{"frame":22,"values":[0.5701,-0.8199,-0.0527,0,0.8065,0.5463,0.2259,0,-0.1564,-0.1713,0.9727,0,25.4312,-0.8547,-5.2293,1]},
{"frame":23,"values":[0.5677,-0.8229,-0.0238,0,0.8014,0.5458,0.2448,0,-0.1885,-0.1581,0.9693,0,25.4312,-0.8546,-5.2293,1]},
{"frame":24,"values":[0.5643,-0.8256,0.005,0,0.7956,0.5454,0.2636,0,-0.2204,-0.1448,0.9646,0,25.4312,-0.8546,-5.2293,1]},
{"frame":25,"values":[0.5609,-0.8277,0.0188,0,0.7912,0.5426,0.2821,0,-0.2437,-0.1433,0.9592,0,25.4312,-0.8546,-5.2293,1]},
{"frame":26,"values":[0.5818,-0.8125,0.0381,0,0.7584,0.5588,0.3354,0,-0.2938,-0.1662,0.9413,0,25.4312,-0.8546,-5.2293,1]}],"loopBehavior":1,"name":"anim","property":"_matrix"}},
{"name":"mixamorig:LeftForeArm","index":11,"matrix":[0.4022,0.0125,0.9155,0,0.0248,0.9994,-0.0245,0,-0.9152,0.0325,0.4017,0,54.5783,-1.9463,-2.8009,1],"rest":[0.9943,-0.0088,-0.1062,0,0.0091,1,0.0028,0,0.1061,-0.0038,0.9943,0,54.5783,-1.9463,-2.8009,1],"parentBoneIndex":10,"length":55.0982
,"animation":{"dataType":3,"framePerSecond":24,"keys":[
{"frame":1,"values":[0.4022,0.0125,0.9155,0,0.0248,0.9994,-0.0245,0,-0.9152,0.0325,0.4017,0,54.5783,-1.9463,-2.8009,1]},
{"frame":2,"values":[0.2168,0.0191,0.976,0,0.0297,0.9992,-0.0261,0,-0.9758,0.0347,0.2161,0,54.5783,-1.9463,-2.8009,1]},
{"frame":3,"values":[0.0398,0.0254,0.9989,0,0.0344,0.999,-0.0268,0,-0.9986,0.0355,0.0389,0,54.5783,-1.9463,-2.8009,1]},
{"frame":4,"values":[-0.105,0.0305,0.994,0,0.0383,0.9989,-0.0267,0,-0.9937,0.0353,-0.106,0,54.5783,-1.9463,-2.8009,1]},
{"frame":5,"values":[-0.2114,0.0343,0.9768,0,0.0412,0.9988,-0.0262,0,-0.9765,0.0347,-0.2126,0,54.5783,-1.9462,-2.8009,1]},
{"frame":6,"values":[-0.2814,0.0368,0.9589,0,0.043,0.9987,-0.0257,0,-0.9586,0.034,-0.2826,0,54.5783,-1.9463,-2.8009,1]},
{"frame":7,"values":[-0.3132,0.038,0.9489,0,0.0439,0.9987,-0.0255,0,-0.9487,0.0337,-0.3145,0,54.5783,-1.9463,-2.8009,1]},
{"frame":8,"values":[-0.279,0.0367,0.9596,0,0.043,0.9987,-0.0258,0,-0.9593,0.034,-0.2802,0,54.5783,-1.9463,-2.8009,1]},
{"frame":9,"values":[-0.147,0.032,0.9886,0,0.0394,0.9989,-0.0265,0,-0.9883,0.0351,-0.1481,0,54.5784,-1.9463,-2.8009,1]},
{"frame":10,"values":[0.0823,0.0239,0.9963,0,0.0333,0.9991,-0.0267,0,-0.9961,0.0354,0.0814,0,54.5783,-1.9463,-2.8009,1]},
{"frame":11,"values":[0.3444,0.0145,0.9387,0,0.0263,0.9993,-0.0251,0,-0.9385,0.0334,0.3438,0,54.5783,-1.9463,-2.8009,1]},
{"frame":12,"values":[0.5772,0.0062,0.8166,0,0.0201,0.9996,-0.0218,0,-0.8164,0.029,0.5768,0,54.5783,-1.9463,-2.8009,1]},
{"frame":13,"values":[0.75,0,0.6615,0,0.0155,0.9997,-0.0177,0,-0.6613,0.0235,0.7498,0,54.5783,-1.9463,-2.8009,1]},
{"frame":14,"values":[0.8465,-0.0034,0.5324,0,0.013,0.9998,-0.0142,0,-0.5322,0.0189,0.8464,0,54.5783,-1.9463,-2.8009,1]},
{"frame":15,"values":[0.8806,-0.0046,0.4739,0,0.0121,0.9998,-0.0126,0,-0.4738,0.0169,0.8805,0,54.5783,-1.9463,-2.8009,1]},
{"frame":16,"values":[0.8828,-0.0047,0.4697,0,0.012,0.9998,-0.0125,0,-0.4696,0.0167,0.8827,0,54.5783,-1.9463,-2.8009,1]},
{"frame":17,"values":[0.8773,-0.0045,0.4799,0,0.0122,0.9998,-0.0128,0,-0.4798,0.0171,0.8772,0,54.5783,-1.9463,-2.8009,1]},
{"frame":18,"values":[0.8779,-0.0046,0.4788,0,0.0122,0.9998,-0.0128,0,-0.4786,0.017,0.8778,0,54.5783,-1.9463,-2.8009,1]},
{"frame":19,"values":[0.8843,-0.0048,0.4668,0,0.012,0.9999,-0.0125,0,-0.4667,0.0166,0.8843,0,54.5783,-1.9463,-2.8009,1]},
{"frame":20,"values":[0.8849,-0.0048,0.4658,0,0.012,0.9999,-0.0124,0,-0.4657,0.0166,0.8848,0,54.5783,-1.9463,-2.8009,1]},
{"frame":21,"values":[0.871,-0.0043,0.4913,0,0.0123,0.9998,-0.0131,0,-0.4912,0.0175,0.8709,0,54.5783,-1.9463,-2.8009,1]},
{"frame":22,"values":[0.8443,-0.0033,0.5359,0,0.013,0.9998,-0.0143,0,-0.5357,0.0191,0.8442,0,54.5783,-1.9463,-2.8009,1]},
{"frame":23,"values":[0.795,-0.0016,0.6066,0,0.0143,0.9998,-0.0162,0,-0.6064,0.0216,0.7949,0,54.5783,-1.9463,-2.8009,1]},
{"frame":24,"values":[0.7008,0.0018,0.7134,0,0.0168,0.9997,-0.0191,0,-0.7132,0.0254,0.7005,0,54.5783,-1.9463,-2.8009,1]},
{"frame":25,"values":[0.5604,0.0068,0.8282,0,0.0206,0.9995,-0.0221,0,-0.828,0.0295,0.56,0,54.5783,-1.9463,-2.8009,1]},
{"frame":26,"values":[0.4022,0.0125,0.9155,0,0.0248,0.9994,-0.0245,0,-0.9152,0.0325,0.4017,0,54.5783,-1.9463,-2.8009,1]}],"loopBehavior":1,"name":"anim","property":"_matrix"}},
{"name":"mixamorig:LeftHand","index":12,"matrix":[0.9816,0.0643,-0.1797,0,-0.0451,0.993,0.1091,0,0.1855,-0.099,0.9776,0,54.9948,-1.4671,3.0376,1],"rest":[0.9961,0.088,0.001,0,-0.0871,0.9842,0.154,0,0.0125,-0.1535,0.9881,0,54.9948,-1.4671,3.0376,1],"parentBoneIndex":11,"length":20.3347
,"animation":{"dataType":3,"framePerSecond":24,"keys":[
{"frame":1,"values":[0.9816,0.0643,-0.1797,0,-0.0451,0.993,0.1091,0,0.1855,-0.099,0.9776,0,54.9948,-1.4671,3.0376,1]},
{"frame":2,"values":[0.9708,0.128,-0.2029,0,-0.105,0.9872,0.1203,0,0.2156,-0.0955,0.9718,0,54.9948,-1.4671,3.0376,1]},
{"frame":3,"values":[0.9552,0.2037,-0.2148,0,-0.17,0.9715,0.1655,0,0.2423,-0.1215,0.9626,0,54.9948,-1.4671,3.0376,1]},
{"frame":4,"values":[0.9431,0.2632,-0.2031,0,-0.2199,0.9521,0.2127,0,0.2493,-0.1559,0.9558,0,54.9948,-1.4671,3.0376,1]},
{"frame":5,"values":[0.9431,0.2813,-0.1776,0,-0.2385,0.9439,0.2285,0,0.2319,-0.1731,0.9572,0,54.9948,-1.4671,3.0376,1]},
{"frame":6,"values":[0.9536,0.2657,-0.1416,0,-0.2326,0.9488,0.2136,0,0.1911,-0.1707,0.9666,0,54.9948,-1.4671,3.0376,1]},
{"frame":7,"values":[0.9619,0.2558,-0.0963,0,-0.2329,0.9515,0.2009,0,0.143,-0.1708,0.9749,0,54.9948,-1.4671,3.0376,1]},
{"frame":8,"values":[0.9556,0.2859,-0.071,0,-0.2664,0.9415,0.2066,0,0.126,-0.1785,0.9758,0,54.9948,-1.4671,3.0376,1]},
{"frame":9,"values":[0.9596,0.2625,-0.1017,0,-0.2379,0.9492,0.2057,0,0.1505,-0.1732,0.9733,0,54.9948,-1.4671,3.0376,1]},
{"frame":10,"values":[0.9584,0.238,-0.1575,0,-0.2042,0.9575,0.2039,0,0.1994,-0.1633,0.9662,0,54.9948,-1.4671,3.0376,1]},
{"frame":11,"values":[0.9638,0.2152,-0.1571,0,-0.1816,0.9621,0.2036,0,0.195,-0.1677,0.9664,0,54.9948,-1.4671,3.0376,1]},
{"frame":12,"values":[0.9687,0.1924,-0.1567,0,-0.159,0.9661,0.2033,0,0.1905,-0.172,0.9665,0,54.9948,-1.4671,3.0376,1]},
{"frame":13,"values":[0.9731,0.1694,-0.1562,0,-0.1362,0.9697,0.203,0,0.1858,-0.1763,0.9666,0,54.9948,-1.4671,3.0376,1]},
{"frame":14,"values":[0.9769,0.1463,-0.1557,0,-0.1133,0.9727,0.2027,0,0.1811,-0.1804,0.9668,0,54.9948,-1.4671,3.0376,1]},
{"frame":15,"values":[0.9802,0.1231,-0.1553,0,-0.0904,0.9751,0.2024,0,0.1763,-0.1844,0.9669,0,54.9948,-1.4671,3.0376,1]},
{"frame":16,"values":[0.9829,0.0998,-0.1548,0,-0.0674,0.977,0.2021,0,0.1714,-0.1883,0.967,0,54.9948,-1.4671,3.0376,1]},
{"frame":17,"values":[0.985,0.0766,-0.1543,0,-0.0444,0.9784,0.2019,0,0.1664,-0.192,0.9672,0,54.9948,-1.4671,3.0376,1]},
{"frame":18,"values":[0.9861,0.0366,-0.1619,0,-0.0084,0.985,0.1721,0,0.1658,-0.1683,0.9717,0,54.9948,-1.4671,3.0376,1]},
{"frame":19,"values":[0.9857,-0.0035,-0.1682,0,0.0278,0.9895,0.1418,0,0.166,-0.1445,0.9755,0,54.9948,-1.4671,3.0376,1]},
{"frame":20,"values":[0.9839,-0.0438,-0.1733,0,0.0638,0.9917,0.1113,0,0.167,-0.1206,0.9786,0,54.9948,-1.4671,3.0376,1]},
{"frame":21,"values":[0.9855,-0.043,-0.1642,0,0.0606,0.9928,0.1035,0,0.1585,-0.1119,0.981,0,54.9948,-1.4671,3.0376,1]},
{"frame":22,"values":[0.987,-0.0422,-0.155,0,0.0575,0.9938,0.0956,0,0.15,-0.1033,0.9833,0,54.9948,-1.4671,3.0376,1]},
{"frame":23,"values":[0.9884,-0.0412,-0.1458,0,0.0544,0.9947,0.0877,0,0.1414,-0.0946,0.9854,0,54.9948,-1.4671,3.0376,1]},
{"frame":24,"values":[0.9898,-0.0402,-0.1367,0,0.0515,0.9955,0.0797,0,0.1328,-0.086,0.9874,0,54.9948,-1.4671,3.0376,1]},
{"frame":25,"values":[0.9858,-0.0133,-0.1675,0,0.0305,0.9945,0.1006,0,0.1653,-0.1043,0.9807,0,54.9948,-1.4671,3.0376,1]},
{"frame":26,"values":[0.9816,0.0643,-0.1797,0,-0.0451,0.993,0.1091,0,0.1855,-0.099,0.9776,0,54.9948,-1.4671,3.0376,1]}],"loopBehavior":1,"name":"anim","property":"_matrix"}},
{"name":"mixamorig:LeftHandMiddle1","index":13,"matrix":[0.9166,-0.3986,0.0303,0,0.3983,0.9171,0.0161,0,-0.0342,-0.0027,0.9994,0,23.1821,-2.445,1.6605,1],"rest":[0.9974,-0.0561,0.045,0,0.0561,0.9984,0.0005,0,-0.045,0.002,0.999,0,23.1821,-2.445,1.6605,1],"parentBoneIndex":12,"length":6.3787
,"animation":{"dataType":3,"framePerSecond":24,"keys":[
{"frame":1,"values":[0.9166,-0.3987,0.031,0,0.3984,0.9171,0.0161,0,-0.0349,-0.0024,0.9994,0,23.1821,-2.445,1.6605,1]},
{"frame":2,"values":[0.869,-0.4934,0.0382,0,0.493,0.8698,0.0208,0,-0.0435,0.0008,0.9991,0,23.1821,-2.445,1.6605,1]},
{"frame":3,"values":[0.7408,-0.6698,0.0512,0,0.6691,0.7425,0.0316,0,-0.0592,0.0109,0.9982,0,23.1821,-2.445,1.6605,1]},
{"frame":4,"values":[0.5154,-0.8545,0.0651,0,0.8537,0.5186,0.0477,0,-0.0745,0.031,0.9967,0,23.1821,-2.445,1.6605,1]},
{"frame":5,"values":[0.267,-0.9609,0.0738,0,0.9603,0.2717,0.0632,0,-0.0808,0.054,0.9953,0,23.1821,-2.445,1.6605,1]},
{"frame":6,"values":[0.1327,-0.9884,0.0744,0,0.9879,0.138,0.071,0,-0.0804,0.0641,0.9947,0,23.1821,-2.445,1.6605,1]},
{"frame":7,"values":[0.1632,-0.9846,0.0628,0,0.9834,0.1675,0.0699,0,-0.0793,0.0504,0.9956,0,23.1821,-2.445,1.6605,1]},
{"frame":8,"values":[0.2815,-0.9587,0.0407,0,0.9568,0.2836,0.0641,0,-0.073,0.0209,0.9971,0,23.1821,-2.445,1.6605,1]},
{"frame":9,"values":[0.3852,-0.9225,0.024,0,0.9207,0.386,0.0586,0,-0.0633,-0.0005,0.998,0,23.1821,-2.445,1.6605,1]},
{"frame":10,"values":[0.4637,-0.8856,0.0282,0,0.8839,0.4645,0.0548,0,-0.0616,-0.0005,0.9981,0,23.1821,-2.445,1.6605,1]},
{"frame":11,"values":[0.5397,-0.8413,0.032,0,0.8398,0.5406,0.0506,0,-0.0598,-0.0004,0.9982,0,23.1821,-2.445,1.6605,1]},
{"frame":12,"values":[0.6122,-0.7899,0.0355,0,0.7886,0.6132,0.046,0,-0.0581,-0.0001,0.9983,0,23.1821,-2.445,1.6605,1]},
{"frame":13,"values":[0.6802,-0.732,0.0386,0,0.7308,0.6813,0.0411,0,-0.0564,0.0003,0.9984,0,23.1821,-2.445,1.6605,1]},
{"frame":14,"values":[0.743,-0.6681,0.0413,0,0.6671,0.7441,0.0359,0,-0.0547,0.0009,0.9985,0,23.1821,-2.445,1.6605,1]},
{"frame":15,"values":[0.7996,-0.5989,0.0435,0,0.5981,0.8008,0.0305,0,-0.0531,0.0016,0.9986,0,23.1821,-2.445,1.6605,1]},
