{"producer":{"name":"Blender","version":"2.79 (sub 0)","exporter_version":"5.6.4","file":"happyturnleft.babylon"},
"autoClear":true,"clearColor":[0.0509,0.0509,0.0509],"ambientColor":[0,0,0],"gravity":[0,-9.81,0],
"materials":[{"name":"happyturnleft.Material","id":"happyturnleft.Material","ambient":[0,0,0],"diffuse":[0,0,0],"specular":[0,0,0],"emissive":[0,0,0],"specularPower":50,"alpha":0.001,"backFaceCulling":true,"checkReadyOnlyOnce":false,"maxSimultaneousLights":4}],
"multiMaterials":[],
"skeletons":[{"name":"Armature","id":0,"dimensionsAtRest":[379.1952,391.6652,55.677],"bones":[
{"name":"mixamorig:Hips","index":0,"matrix":[-0.3999,-0.0404,0.9157,0,-0.0535,0.9984,0.0207,0,0.915,0.0407,0.4014,0,19.5045,193.8204,-21.4873,1],"rest":[1,0,0,0,0,1,0,0,0,0,-1,0,0,201.6394,0,1],"parentBoneIndex":-1,"length":21.6784
,"animation":{"dataType":3,"framePerSecond":24,"keys":[
{"frame":1,"values":[0.9935,-0.0404,-0.1066,0,0.0445,0.9984,0.0362,0,-0.1049,0.0407,-0.9936,0,0.3526,193.8205,0.2245,1]},
{"frame":2,"values":[0.9994,-0.0277,-0.0199,0,0.0286,0.9985,0.0461,0,-0.0186,0.0466,-0.9987,0,-1.9059,195.0608,-1.2217,1]},
{"frame":3,"values":[0.996,-0.0132,0.0883,0,0.0091,0.9989,0.0466,0,0.0888,0.0456,-0.995,0,-5.1504,197.13,-3.6007,1]},
{"frame":4,"values":[0.9792,-0.008,0.2026,0,-0.0001,0.9992,0.0398,0,0.2028,0.039,-0.9784,0,-8.3262,198.8542,-6.1138,1]},
{"frame":5,"values":[0.9493,-0.0113,0.3143,0,-0.0006,0.9993,0.0376,0,0.3145,0.0359,-0.9486,0,-10.1343,199.8425,-8.5756,1]},
{"frame":6,"values":[0.9011,-0.0164,0.4333,0,-0.0006,0.9992,0.0389,0,0.4337,0.0353,-0.9004,0,-10.2776,199.6019,-10.6161,1]},
{"frame":7,"values":[0.8381,-0.0188,0.5453,0,-0.0033,0.9992,0.0395,0,0.5456,0.0349,-0.8373,0,-7.6878,198.5885,-11.5818,1]},
{"frame":8,"values":[0.7614,-0.0076,0.6482,0,-0.0213,0.9991,0.0367,0,0.6479,0.0417,-0.7606,0,-5.0981,196.0679,-12.5476,1]},
{"frame":9,"values":[0.6721,0.0017,0.7404,0,-0.0383,0.9987,0.0325,0,0.7394,0.0502,-0.6714,0,-2.5084,193.5472,-11.9731,1]},
{"frame":10,"values":[0.5717,0.0086,0.8204,0,-0.0401,0.999,0.0174,0,0.8195,0.0429,-0.5715,0,0.0814,191.0266,-11.3985,1]},
{"frame":11,"values":[0.4212,-0.1894,0.8869,0,0.0017,0.9781,0.2081,0,0.9069,0.0861,-0.4124,0,2.6711,188.506,-10.824,1]},
{"frame":12,"values":[0.3037,-0.1462,0.9415,0,-0.0189,0.987,0.1593,0,0.9526,0.0662,-0.297,0,5.2609,190.5791,-12.3363,1]},
{"frame":13,"values":[0.1796,-0.1,0.9786,0,-0.0332,0.9936,0.1076,0,0.9832,0.0518,-0.1751,0,7.8506,192.6522,-13.8486,1]},
{"frame":14,"values":[0.0523,-0.0522,0.9973,0,-0.0407,0.9977,0.0544,0,0.9978,0.0434,-0.0501,0,10.4403,194.7253,-15.3609,1]},
{"frame":15,"values":[-0.0644,-0.0522,0.9966,0,-0.0429,0.9979,0.0495,0,0.997,0.0396,0.0665,0,13.0301,196.7984,-16.8732,1]},
{"frame":16,"values":[-0.1697,-0.0996,0.9804,0,-0.0484,0.9945,0.0927,0,0.9843,0.0317,0.1736,0,15.6198,198.8715,-18.3855,1]},
{"frame":17,"values":[-0.3037,-0.0284,0.9524,0,-0.0421,0.999,0.0163,0,0.9519,0.0352,0.3045,0,18.2096,197.1125,-19.8978,1]},
{"frame":18,"values":[-0.3999,-0.0404,0.9157,0,-0.0535,0.9984,0.0207,0,0.915,0.0407,0.4014,0,19.5045,193.8204,-21.4873,1]}],"loopBehavior":1,"name":"anim","property":"_matrix"}},
{"name":"mixamorig:Spine","index":1,"matrix":[0.9966,0.0158,0.0815,0,-0.0286,0.987,0.1584,0,-0.0779,-0.1602,0.984,0,0.0062,19.525,-2.4818,1],"rest":[1,0,0,0,0,1,0,0,0,0,1,0,0.0062,19.525,-2.4818,1],"parentBoneIndex":0,"length":23.0091
,"animation":{"dataType":3,"framePerSecond":24,"keys":[
{"frame":1,"values":[0.9966,0.0158,0.0815,0,-0.0286,0.987,0.1584,0,-0.0779,-0.1602,0.984,0,0.0062,19.525,-2.4818,1]},
{"frame":2,"values":[0.9985,0.0141,0.0532,0,-0.0229,0.9854,0.1686,0,-0.0501,-0.1696,0.9842,0,0.0062,19.525,-2.4818,1]},
{"frame":3,"values":[0.9994,0.0124,0.0336,0,-0.0178,0.9861,0.1654,0,-0.0311,-0.1659,0.9857,0,0.0062,19.525,-2.4818,1]},
{"frame":4,"values":[0.9996,0.0107,0.0266,0,-0.0147,0.9878,0.1553,0,-0.0247,-0.1556,0.9875,0,0.0062,19.525,-2.4818,1]},
{"frame":5,"values":[0.9995,0.009,0.0295,0,-0.0132,0.9894,0.1444,0,-0.0279,-0.1447,0.9891,0,0.0062,19.525,-2.4818,1]},
{"frame":6,"values":[0.9994,0.0073,0.0349,0,-0.0119,0.991,0.1335,0,-0.0337,-0.1338,0.9904,0,0.0062,19.525,-2.4818,1]},
{"frame":7,"values":[0.999,0.0056,0.0451,0,-0.0112,0.9922,0.1242,0,-0.044,-0.1245,0.9912,0,0.0062,19.525,-2.4818,1]},
{"frame":8,"values":[0.9985,0.0039,0.0551,0,-0.0104,0.9929,0.1183,0,-0.0543,-0.1187,0.9914,0,0.0062,19.525,-2.4818,1]},
{"frame":9,"values":[0.9979,0.0022,0.0652,0,-0.0108,0.9913,0.1314,0,-0.0644,-0.1319,0.9892,0,0.0062,19.525,-2.4818,1]},
{"frame":10,"values":[0.9972,0.0009,0.0753,0,-0.0118,0.9894,0.1445,0,-0.0744,-0.145,0.9866,0,0.0062,19.525,-2.4818,1]},
{"frame":11,"values":[0.9963,-0.0006,0.0854,0,-0.0129,0.9874,0.1576,0,-0.0844,-0.1581,0.9838,0,0.0062,19.525,-2.4818,1]},
{"frame":12,"values":[0.9954,-0.0021,0.0955,0,-0.0125,0.9883,0.1518,0,-0.0947,-0.1523,0.9838,0,0.0062,19.525,-2.4818,1]},
{"frame":13,"values":[0.9944,-0.0035,0.1055,0,-0.012,0.9892,0.146,0,-0.1049,-0.1465,0.9836,0,0.0062,19.525,-2.4818,1]},
{"frame":14,"values":[0.9933,-0.0049,0.1156,0,-0.0114,0.9901,0.1403,0,-0.1151,-0.1406,0.9833,0,0.0062,19.525,-2.4818,1]},
{"frame":15,"values":[0.9921,-0.0062,0.1256,0,-0.0108,0.9909,0.1345,0,-0.1253,-0.1348,0.9829,0,0.0062,19.525,-2.4818,1]},
{"frame":16,"values":[0.9931,-0.0076,0.1174,0,-0.0076,0.9916,0.129,0,-0.1174,-0.129,0.9847,0,0.0062,19.525,-2.4818,1]},
{"frame":17,"values":[0.994,0.004,0.1091,0,-0.0188,0.9907,0.1349,0,-0.1075,-0.1362,0.9848,0,0.0062,19.525,-2.4818,1]},
{"frame":18,"values":[0.9966,0.0158,0.0815,0,-0.0286,0.987,0.1584,0,-0.0779,-0.1602,0.984,0,0.0062,19.525,-2.4818,1]}],"loopBehavior":1,"name":"anim","property":"_matrix"}},
{"name":"mixamorig:Spine1","index":2,"matrix":[0.9997,-0.0027,0.0225,0,0.0024,0.9999,0.0155,0,-0.0225,-0.0154,0.9996,0,-0.0009,22.835,-2.8254,1],"rest":[1,0,0,0,0,1,0,0,0,0,1,0,-0.0009,22.835,-2.8254,1],"parentBoneIndex":1,"length":26.7438
,"animation":{"dataType":3,"framePerSecond":24,"keys":[
{"frame":1,"values":[0.9997,-0.0027,0.0225,0,0.0024,0.9999,0.0155,0,-0.0225,-0.0154,0.9996,0,-0.0009,22.835,-2.8254,1]},
{"frame":2,"values":[0.9999,-0.0027,0.0146,0,0.0025,0.9999,0.0158,0,-0.0146,-0.0158,0.9998,0,-0.0009,22.835,-2.8254,1]},
{"frame":3,"values":[1,-0.0027,0.009,0,0.0026,0.9999,0.0161,0,-0.009,-0.0161,0.9998,0,-0.0009,22.835,-2.8254,1]},
{"frame":4,"values":[1,-0.0027,0.007,0,0.0026,0.9999,0.0164,0,-0.0071,-0.0164,0.9998,0,-0.0009,22.835,-2.8254,1]},
{"frame":5,"values":[1,-0.0027,0.0078,0,0.0026,0.9999,0.0168,0,-0.0078,-0.0167,0.9998,0,-0.0009,22.835,-2.8254,1]},
{"frame":6,"values":[1,-0.0027,0.0093,0,0.0026,0.9999,0.0171,0,-0.0094,-0.0171,0.9998,0,-0.0009,22.835,-2.8254,1]},
{"frame":7,"values":[0.9999,-0.0027,0.0121,0,0.0025,0.9998,0.0174,0,-0.0122,-0.0174,0.9998,0,-0.0009,22.835,-2.8254,1]},
{"frame":8,"values":[0.9999,-0.0027,0.015,0,0.0025,0.9998,0.0177,0,-0.015,-0.0177,0.9997,0,-0.0009,22.835,-2.8254,1]},
{"frame":9,"values":[0.9998,-0.0027,0.0178,0,0.0024,0.9998,0.0181,0,-0.0179,-0.018,0.9997,0,-0.0009,22.835,-2.8254,1]},
{"frame":10,"values":[0.9998,-0.0027,0.0207,0,0.0024,0.9998,0.0184,0,-0.0207,-0.0183,0.9996,0,-0.0009,22.835,-2.8254,1]},
{"frame":11,"values":[0.9997,-0.0027,0.0235,0,0.0023,0.9998,0.0187,0,-0.0236,-0.0186,0.9995,0,-0.0009,22.835,-2.8254,1]},
{"frame":12,"values":[0.9996,-0.0027,0.0264,0,0.0022,0.9998,0.019,0,-0.0264,-0.019,0.9995,0,-0.0009,22.835,-2.8254,1]},
{"frame":13,"values":[0.9996,-0.0027,0.0292,0,0.0022,0.9998,0.0184,0,-0.0292,-0.0184,0.9994,0,-0.0009,22.835,-2.8254,1]},
{"frame":14,"values":[0.9995,-0.0027,0.032,0,0.0022,0.9998,0.0178,0,-0.0321,-0.0178,0.9993,0,-0.0009,22.835,-2.8254,1]},
{"frame":15,"values":[0.9994,-0.0027,0.0349,0,0.0021,0.9998,0.0172,0,-0.0349,-0.0172,0.9992,0,-0.0009,22.835,-2.8254,1]},
{"frame":16,"values":[0.9995,-0.0027,0.0326,0,0.0022,0.9999,0.0166,0,-0.0326,-0.0166,0.9993,0,-0.0009,22.835,-2.8254,1]},
{"frame":17,"values":[0.9995,-0.0027,0.0302,0,0.0023,0.9999,0.0161,0,-0.0303,-0.016,0.9994,0,-0.0009,22.835,-2.8254,1]},
{"frame":18,"values":[0.9997,-0.0027,0.0225,0,0.0024,0.9999,0.0155,0,-0.0225,-0.0154,0.9996,0,-0.0009,22.835,-2.8254,1]}],"loopBehavior":1,"name":"anim","property":"_matrix"}},
{"name":"mixamorig:Spine2","index":3,"matrix":[0.9997,-0.0026,0.0223,0,0.0022,0.9999,0.0156,0,-0.0223,-0.0155,0.9996,0,-0.0206,26.5525,-3.1933,1],"rest":[1,0,0,0,0,1,0,0,0,0,1,0,-0.0206,26.5525,-3.1933,1],"parentBoneIndex":2,"length":24.825
,"animation":{"dataType":3,"framePerSecond":24,"keys":[
{"frame":1,"values":[0.9997,-0.0026,0.0223,0,0.0022,0.9999,0.0156,0,-0.0223,-0.0155,0.9996,0,-0.0206,26.5525,-3.1933,1]},
{"frame":2,"values":[0.9999,-0.0026,0.0144,0,0.0024,0.9999,0.0159,0,-0.0144,-0.0158,0.9998,0,-0.0206,26.5525,-3.1933,1]},
{"frame":3,"values":[1,-0.0026,0.0087,0,0.0025,0.9999,0.0162,0,-0.0087,-0.0162,0.9998,0,-0.0206,26.5525,-3.1933,1]},
{"frame":4,"values":[1,-0.0026,0.0067,0,0.0025,0.9999,0.0165,0,-0.0067,-0.0165,0.9998,0,-0.0206,26.5525,-3.1933,1]},
{"frame":5,"values":[1,-0.0026,0.0075,0,0.0025,0.9999,0.0168,0,-0.0076,-0.0168,0.9998,0,-0.0206,26.5525,-3.1933,1]},
{"frame":6,"values":[1,-0.0026,0.0091,0,0.0024,0.9998,0.0172,0,-0.0091,-0.0171,0.9998,0,-0.0206,26.5525,-3.1933,1]},
{"frame":7,"values":[0.9999,-0.0026,0.0119,0,0.0024,0.9998,0.0175,0,-0.012,-0.0175,0.9998,0,-0.0206,26.5525,-3.1933,1]},
{"frame":8,"values":[0.9999,-0.0026,0.0148,0,0.0023,0.9998,0.0178,0,-0.0148,-0.0178,0.9997,0,-0.0206,26.5525,-3.1933,1]},
{"frame":9,"values":[0.9998,-0.0026,0.0176,0,0.0023,0.9998,0.0181,0,-0.0177,-0.0181,0.9997,0,-0.0206,26.5525,-3.1933,1]},
{"frame":10,"values":[0.9998,-0.0026,0.0205,0,0.0022,0.9998,0.0184,0,-0.0205,-0.0184,0.9996,0,-0.0206,26.5525,-3.1933,1]},
{"frame":11,"values":[0.9997,-0.0026,0.0233,0,0.0022,0.9998,0.0188,0,-0.0234,-0.0187,0.9996,0,-0.0206,26.5525,-3.1933,1]},
{"frame":12,"values":[0.9997,-0.0026,0.0262,0,0.0021,0.9998,0.0191,0,-0.0262,-0.019,0.9995,0,-0.0206,26.5525,-3.1933,1]},
{"frame":13,"values":[0.9996,-0.0026,0.029,0,0.0021,0.9998,0.0185,0,-0.029,-0.0184,0.9994,0,-0.0206,26.5525,-3.1933,1]},
{"frame":14,"values":[0.9995,-0.0026,0.0318,0,0.002,0.9998,0.0179,0,-0.0319,-0.0178,0.9993,0,-0.0206,26.5525,-3.1933,1]},
{"frame":15,"values":[0.9994,-0.0026,0.0347,0,0.002,0.9998,0.0173,0,-0.0347,-0.0172,0.9992,0,-0.0206,26.5525,-3.1933,1]},
{"frame":16,"values":[0.9995,-0.0026,0.0323,0,0.0021,0.9999,0.0167,0,-0.0324,-0.0167,0.9993,0,-0.0206,26.5525,-3.1933,1]},
{"frame":17,"values":[0.9995,-0.0026,0.03,0,0.0021,0.9999,0.0161,0,-0.0301,-0.0161,0.9994,0,-0.0206,26.5525,-3.1933,1]},
{"frame":18,"values":[0.9997,-0.0026,0.0223,0,0.0022,0.9999,0.0156,0,-0.0223,-0.0155,0.9996,0,-0.0206,26.5525,-3.1933,1]}],"loopBehavior":1,"name":"anim","property":"_matrix"}},
{"name":"mixamorig:Neck","index":4,"matrix":[0.9911,-0.007,-0.1328,0,0.0041,0.9998,-0.0215,0,0.1329,0.0208,0.9909,0,-0.06,30.7018,1.3522,1],"rest":[1,0,0,0,0,1,0,0,0,0,1,0,-0.06,30.7018,1.3522,1],"parentBoneIndex":3,"length":22.8446
,"animation":{"dataType":3,"framePerSecond":24,"keys":[
{"frame":1,"values":[0.9918,-0.007,-0.1276,0,0.0044,0.9998,-0.0204,0,0.1278,0.0197,0.9916,0,-0.06,30.7018,1.3522,1]},
{"frame":2,"values":[0.9918,-0.0062,-0.1278,0,0.0039,0.9998,-0.0182,0,0.1279,0.0176,0.9916,0,-0.06,30.7018,1.3522,1]},
{"frame":3,"values":[0.9918,-0.0054,-0.1281,0,0.0034,0.9999,-0.016,0,0.1281,0.0155,0.9916,0,-0.06,30.7018,1.3522,1]},
{"frame":4,"values":[0.9917,-0.0047,-0.1283,0,0.0029,0.9999,-0.0138,0,0.1283,0.0133,0.9916,0,-0.06,30.7018,1.3522,1]},
{"frame":5,"values":[0.9917,-0.0052,-0.1285,0,0.0037,0.9999,-0.0116,0,0.1285,0.0111,0.9916,0,-0.06,30.7018,1.3522,1]},
{"frame":6,"values":[0.9917,-0.0056,-0.1287,0,0.004,0.9999,-0.0125,0,0.1287,0.0119,0.9916,0,-0.06,30.7018,1.3522,1]},
{"frame":7,"values":[0.9916,-0.0061,-0.1289,0,0.0044,0.9999,-0.0134,0,0.129,0.0128,0.9916,0,-0.06,30.7018,1.3522,1]},
{"frame":8,"values":[0.9916,-0.0066,-0.1291,0,0.0048,0.9999,-0.0143,0,0.1292,0.0136,0.9915,0,-0.06,30.7018,1.3522,1]},
{"frame":9,"values":[0.9916,-0.0071,-0.1293,0,0.0051,0.9999,-0.0152,0,0.1294,0.0144,0.9915,0,-0.06,30.7018,1.3522,1]},
{"frame":10,"values":[0.9915,-0.0075,-0.1295,0,0.0055,0.9999,-0.0161,0,0.1296,0.0153,0.9914,0,-0.06,30.7018,1.3522,1]},
{"frame":11,"values":[0.9915,-0.008,-0.1297,0,0.0058,0.9998,-0.017,0,0.1298,0.0161,0.9914,0,-0.06,30.7018,1.3522,1]},
{"frame":12,"values":[0.9915,-0.0085,-0.1299,0,0.0062,0.9998,-0.0179,0,0.1301,0.017,0.9914,0,-0.06,30.7018,1.3522,1]},
{"frame":13,"values":[0.9913,-0.009,-0.1314,0,0.0065,0.9998,-0.0188,0,0.1315,0.0178,0.9912,0,-0.06,30.7018,1.3522,1]},
{"frame":14,"values":[0.9911,-0.0094,-0.1328,0,0.0069,0.9998,-0.0197,0,0.133,0.0186,0.9909,0,-0.06,30.7018,1.3522,1]},
{"frame":15,"values":[0.9911,-0.0099,-0.1328,0,0.0072,0.9998,-0.0206,0,0.133,0.0195,0.9909,0,-0.06,30.7018,1.3522,1]},
{"frame":16,"values":[0.9911,-0.0104,-0.1328,0,0.0076,0.9997,-0.0215,0,0.133,0.0203,0.9909,0,-0.06,30.7018,1.3522,1]},
{"frame":17,"values":[0.9911,-0.0087,-0.1328,0,0.0059,0.9998,-0.0215,0,0.1329,0.0206,0.9909,0,-0.06,30.7018,1.3522,1]},
{"frame":18,"values":[0.9911,-0.007,-0.1328,0,0.0041,0.9998,-0.0215,0,0.1329,0.0208,0.9909,0,-0.06,30.7018,1.3522,1]}],"loopBehavior":1,"name":"anim","property":"_matrix"}},
{"name":"mixamorig:Head","index":5,"matrix":[0.531,-0.2261,-0.8167,0,0.2967,0.9523,-0.0707,0,0.7937,-0.2048,0.5728,0,-0.0872,22.5476,3.6709,1],"rest":[1,0,0,0,0,1,0,0,0,0,1,0,-0.0872,22.5476,3.6709,1],"parentBoneIndex":4,"length":30.5924
,"animation":{"dataType":3,"framePerSecond":24,"keys":[
{"frame":1,"values":[0.531,-0.2261,-0.8167,0,0.2967,0.9523,-0.0707,0,0.7937,-0.2048,0.5728,0,-0.0872,22.5476,3.6709,1]},
{"frame":2,"values":[0.5367,-0.2237,-0.8136,0,0.3006,0.9517,-0.0633,0,0.7884,-0.2106,0.578,0,-0.0872,22.5476,3.6709,1]},
{"frame":3,"values":[0.5463,-0.2114,-0.8105,0,0.2872,0.9562,-0.0558,0,0.7868,-0.2023,0.5831,0,-0.0872,22.5476,3.6709,1]},
{"frame":4,"values":[0.56,-0.2019,-0.8035,0,0.2764,0.9598,-0.0485,0,0.781,-0.195,0.5933,0,-0.0872,22.5476,3.6709,1]},
{"frame":5,"values":[0.5684,-0.1924,-0.8,0,0.2686,0.9624,-0.0407,0,0.7777,-0.1918,0.5987,0,-0.0872,22.5476,3.6709,1]},
{"frame":6,"values":[0.5748,-0.1861,-0.7969,0,0.2666,0.9633,-0.0326,0,0.7737,-0.1937,0.6033,0,-0.0872,22.5476,3.6709,1]},
{"frame":7,"values":[0.58,-0.1814,-0.7942,0,0.2677,0.9632,-0.0245,0,0.7694,-0.1984,0.6072,0,-0.0872,22.5476,3.6709,1]},
{"frame":8,"values":[0.5741,-0.1788,-0.799,0,0.2687,0.963,-0.0225,0,0.7734,-0.2018,0.6009,0,-0.0872,22.5476,3.6709,1]},
{"frame":9,"values":[0.5575,-0.1841,-0.8095,0,0.2627,0.9641,-0.0383,0,0.7875,-0.1913,0.5858,0,-0.0872,22.5476,3.6709,1]},
{"frame":10,"values":[0.5406,-0.1895,-0.8197,0,0.2564,0.9651,-0.054,0,0.8013,-0.1809,0.5703,0,-0.0872,22.5476,3.6709,1]},
{"frame":11,"values":[0.5236,-0.1951,-0.8293,0,0.2497,0.9658,-0.0696,0,0.8146,-0.1706,0.5544,0,-0.0872,22.5476,3.6709,1]},
{"frame":12,"values":[0.5263,-0.2072,-0.8247,0,0.2688,0.9607,-0.0698,0,0.8067,-0.1849,0.5612,0,-0.0872,22.5476,3.6709,1]},
{"frame":13,"values":[0.5213,-0.2163,-0.8255,0,0.2855,0.9558,-0.0701,0,0.8042,-0.1991,0.56,0,-0.0872,22.5476,3.6709,1]},
{"frame":14,"values":[0.5208,-0.2144,-0.8263,0,0.2834,0.9565,-0.0695,0,0.8052,-0.198,0.5589,0,-0.0872,22.5476,3.6709,1]},
{"frame":15,"values":[0.5256,-0.2146,-0.8232,0,0.2818,0.957,-0.0695,0,0.8027,-0.1955,0.5635,0,-0.0872,22.5476,3.6709,1]},
{"frame":16,"values":[0.5304,-0.2147,-0.8201,0,0.2785,0.9578,-0.0707,0,0.8007,-0.1909,0.5678,0,-0.0872,22.5476,3.6709,1]},
{"frame":17,"values":[0.5329,-0.2204,-0.817,0,0.2851,0.9558,-0.0719,0,0.7967,-0.1946,0.5722,0,-0.0872,22.5476,3.6709,1]},
{"frame":18,"values":[0.531,-0.2261,-0.8167,0,0.2967,0.9523,-0.0707,0,0.7937,-0.2048,0.5728,0,-0.0872,22.5476,3.6709,1]}],"loopBehavior":1,"name":"anim","property":"_matrix"}},
{"name":"mixamorig:HeadTop_End","index":6,"matrix":[1,0,0,0,0,1,0,0,0,0,1,0,-0.8306,40.3552,7.8935,1],"rest":[1,0,0,0,0,1,0,0,0,0,1,0,-0.8306,40.3552,7.8935,1],"parentBoneIndex":5,"length":30.5924
,"animation":{"dataType":3,"framePerSecond":24,"keys":[
{"frame":1,"values":[1,0,0,0,0,1,0,0,0,0,1,0,-0.8306,40.3552,7.8935,1]},
{"frame":18,"values":[1,0,0,0,0,1,0,0,0,0,1,0,-0.8306,40.3552,7.8935,1]}],"loopBehavior":1,"name":"anim","property":"_matrix"}},
{"name":"mixamorig:RightEye","index":7,"matrix":[1,0,0,0,0,1,0,0,0,0,1,0,-6.3021,18.1186,16.1971,1],"rest":[1,0,0,0,0,1,0,0,0,0,1,0,-6.3021,18.1186,16.1971,1],"parentBoneIndex":5,"length":30.5924
,"animation":{"dataType":3,"framePerSecond":24,"keys":[
{"frame":1,"values":[1,0,0,0,0,1,0,0,0,0,1,0,-6.3021,18.1186,16.1971,1]},
{"frame":18,"values":[1,0,0,0,0,1,0,0,0,0,1,0,-6.3021,18.1186,16.1971,1]}],"loopBehavior":1,"name":"anim","property":"_matrix"}},
{"name":"mixamorig:LeftEye","index":8,"matrix":[1,0,0,0,0,1,0,0,0,0,1,0,6.7415,18.3827,16.4019,1],"rest":[1,0,0,0,0,1,0,0,0,0,1,0,6.7415,18.3827,16.4019,1],"parentBoneIndex":5,"length":30.5924
,"animation":{"dataType":3,"framePerSecond":24,"keys":[
{"frame":1,"values":[1,0,0,0,0,1,0,0,0,0,1,0,6.7415,18.3827,16.4019,1]},
{"frame":15,"values":[1,0,0,0,0,1,0,0,0,0,1,0,6.7415,18.3826,16.4019,1]},
{"frame":16,"values":[1,0,0,0,0,1,0,0,0,0,1,0,6.7415,18.3827,16.4019,1]},
{"frame":18,"values":[1,0,0,0,0,1,0,0,0,0,1,0,6.7415,18.3827,16.4019,1]}],"loopBehavior":1,"name":"anim","property":"_matrix"}},
{"name":"mixamorig:LeftShoulder","index":9,"matrix":[0.9561,-0.2914,-0.0313,0,0.2917,0.9565,0.0074,0,0.0278,-0.0161,0.9995,0,11.9249,18.2305,1.4254,1],"rest":[1,0.0062,0,0,-0.0062,1,0,0,0,0,1,0,11.9249,18.2305,1.4254,1],"parentBoneIndex":3,"length":25.9773
,"animation":{"dataType":3,"framePerSecond":24,"keys":[
{"frame":1,"values":[0.9561,-0.2914,-0.0313,0,0.2917,0.9565,0.0074,0,0.0278,-0.0161,0.9995,0,11.9249,18.2305,1.4254,1]},
{"frame":2,"values":[0.9521,-0.3028,-0.0429,0,0.3034,0.9528,0.0078,0,0.0385,-0.0204,0.999,0,11.9249,18.2305,1.4254,1]},
{"frame":3,"values":[0.9553,-0.2906,-0.0545,0,0.2914,0.9566,0.0082,0,0.0498,-0.0237,0.9985,0,11.9249,18.2305,1.4254,1]},
{"frame":4,"values":[0.96,-0.2736,-0.0598,0,0.2746,0.9615,0.0086,0,0.0552,-0.0247,0.9982,0,11.9249,18.2305,1.4254,1]},
{"frame":5,"values":[0.9611,-0.2683,-0.0657,0,0.2694,0.963,0.009,0,0.0609,-0.0264,0.9978,0,11.9249,18.2305,1.4254,1]},
{"frame":6,"values":[0.9616,-0.2673,-0.0627,0,0.2684,0.9633,0.0094,0,0.0579,-0.0259,0.998,0,11.9249,18.2305,1.4254,1]},
{"frame":7,"values":[0.9614,-0.2678,-0.0631,0,0.2689,0.9631,0.0099,0,0.0582,-0.0264,0.998,0,11.9249,18.2305,1.4254,1]},
{"frame":8,"values":[0.9593,-0.2752,-0.0635,0,0.2764,0.961,0.0103,0,0.0582,-0.0274,0.9979,0,11.9249,18.2305,1.4254,1]},
{"frame":9,"values":[0.9571,-0.2826,-0.0639,0,0.2839,0.9588,0.0107,0,0.0582,-0.0284,0.9979,0,11.9249,18.2305,1.4254,1]},
{"frame":10,"values":[0.9569,-0.2831,-0.0654,0,0.2843,0.9587,0.0111,0,0.0596,-0.0292,0.9978,0,11.9249,18.2305,1.4254,1]},
{"frame":11,"values":[0.9575,-0.2837,-0.0516,0,0.2847,0.9586,0.0115,0,0.0462,-0.0257,0.9986,0,11.9249,18.2305,1.4254,1]},
{"frame":12,"values":[0.9586,-0.2845,-0.0105,0,0.2847,0.9586,0.012,0,0.0067,-0.0145,0.9999,0,11.9249,18.2305,1.4254,1]},
{"frame":13,"values":[0.9585,-0.285,-0.0084,0,0.2851,0.9584,0.0124,0,0.0045,-0.0143,0.9999,0,11.9249,18.2305,1.4254,1]},
{"frame":14,"values":[0.9584,-0.2855,-0.0062,0,0.2855,0.9583,0.0128,0,0.0023,-0.0141,0.9999,0,11.9249,18.2305,1.4254,1]},
{"frame":15,"values":[0.9581,-0.2859,-0.0194,0,0.2861,0.9581,0.0113,0,0.0153,-0.0164,0.9997,0,11.9249,18.2305,1.4254,1]},
{"frame":16,"values":[0.956,-0.2926,-0.0235,0,0.2928,0.9561,0.0098,0,0.0196,-0.0163,0.9997,0,11.9249,18.2304,1.4254,1]},
{"frame":17,"values":[0.9538,-0.2993,-0.0276,0,0.2996,0.954,0.0083,0,0.0239,-0.0162,0.9996,0,11.9249,18.2305,1.4254,1]},
{"frame":18,"values":[0.9561,-0.2914,-0.0313,0,0.2917,0.9565,0.0074,0,0.0278,-0.0161,0.9995,0,11.9249,18.2305,1.4254,1]}],"loopBehavior":1,"name":"anim","property":"_matrix"}},
{"name":"mixamorig:LeftArm","index":10,"matrix":[0.5794,-0.798,-0.1661,0,0.7872,0.4951,0.3677,0,-0.2112,-0.3438,0.915,0,25.4312,-0.8547,-5.2293,1],"rest":[0.9983,0.0295,0.0512,0,-0.0294,0.9996,-0.0017,0,-0.0512,0.0002,0.9987,0,25.4312,-0.8546,-5.2293,1],"parentBoneIndex":9,"length":54.6848
,"animation":{"dataType":3,"framePerSecond":24,"keys":[
{"frame":1,"values":[0.5794,-0.798,-0.1661,0,0.7872,0.4951,0.3677,0,-0.2112,-0.3438,0.915,0,25.4312,-0.8546,-5.2293,1]},
{"frame":2,"values":[0.5828,-0.7879,-0.199,0,0.7994,0.512,0.3143,0,-0.1457,-0.3422,0.9283,0,25.4312,-0.8546,-5.2293,1]},
{"frame":3,"values":[0.5826,-0.7742,-0.2476,0,0.809,0.5228,0.2689,0,-0.0788,-0.3569,0.9308,0,25.4312,-0.8546,-5.2293,1]},
{"frame":4,"values":[0.5783,-0.7616,-0.2925,0,0.8148,0.5215,0.2532,0,-0.0403,-0.3847,0.9221,0,25.4312,-0.8546,-5.2293,1]},
{"frame":5,"values":[0.5781,-0.7437,-0.3357,0,0.8157,0.5163,0.2609,0,-0.0207,-0.4246,0.9051,0,25.4312,-0.8547,-5.2293,1]},
{"frame":6,"values":[0.5805,-0.7236,-0.3735,0,0.8142,0.5121,0.2734,0,-0.0065,-0.4628,0.8864,0,25.4312,-0.8546,-5.2293,1]},
{"frame":7,"values":[0.5911,-0.7147,-0.374,0,0.8066,0.5181,0.2847,0,-0.0097,-0.4699,0.8827,0,25.4312,-0.8546,-5.2293,1]},
{"frame":8,"values":[0.6,-0.707,-0.3744,0,0.8,0.527,0.2868,0,-0.0055,-0.4716,0.8818,0,25.4312,-0.8546,-5.2293,1]},
{"frame":9,"values":[0.6092,-0.7156,-0.3416,0,0.7925,0.5349,0.2929,0,-0.0269,-0.4492,0.893,0,25.4312,-0.8546,-5.2293,1]},
{"frame":10,"values":[0.6116,-0.7287,-0.3081,0,0.7881,0.5269,0.3183,0,-0.0696,-0.4375,0.8965,0,25.4312,-0.8546,-5.2293,1]},
{"frame":11,"values":[0.6125,-0.7414,-0.2743,0,0.7825,0.5193,0.3436,0,-0.1123,-0.425,0.8982,0,25.4312,-0.8547,-5.2293,1]},
{"frame":12,"values":[0.6118,-0.7537,-0.2403,0,0.7757,0.5121,0.3687,0,-0.1549,-0.412,0.8979,0,25.4312,-0.8546,-5.2293,1]},
{"frame":13,"values":[0.6095,-0.7655,-0.2062,0,0.7679,0.5054,0.3937,0,-0.1972,-0.3983,0.8958,0,25.4312,-0.8546,-5.2293,1]},
{"frame":14,"values":[0.6057,-0.7768,-0.1722,0,0.7589,0.499,0.4183,0,-0.2391,-0.384,0.8918,0,25.4312,-0.8546,-5.2293,1]},
{"frame":15,"values":[0.6023,-0.7864,-0.1375,0,0.7538,0.5036,0.4222,0,-0.2628,-0.3579,0.896,0,25.4312,-0.8546,-5.2293,1]},
{"frame":16,"values":[0.6049,-0.7897,-0.1026,0,0.7442,0.5148,0.4255,0,-0.2832,-0.3338,0.8991,0,25.4312,-0.8547,-5.2293,1]},
{"frame":17,"values":[0.6035,-0.7878,-0.1234,0,0.7491,0.5072,0.4261,0,-0.2731,-0.3496,0.8962,0,25.4312,-0.8546,-5.2293,1]},
{"frame":18,"values":[0.5794,-0.798,-0.1661,0,0.7872,0.4951,0.3677,0,-0.2112,-0.3438,0.915,0,25.4312,-0.8547,-5.2293,1]}],"loopBehavior":1,"name":"anim","property":"_matrix"}},
{"name":"mixamorig:LeftForeArm","index":11,"matrix":[0.3441,0.0145,0.9388,0,0.0263,0.9993,-0.0251,0,-0.9386,0.0334,0.3435,0,54.5783,-1.9463,-2.8009,1],"rest":[0.9943,-0.0088,-0.1062,0,0.0091,1,0.0028,0,0.1061,-0.0038,0.9943,0,54.5783,-1.9463,-2.8009,1],"parentBoneIndex":10,"length":55.0982
,"animation":{"dataType":3,"framePerSecond":24,"keys":[
{"frame":1,"values":[0.3441,0.0145,0.9388,0,0.0263,0.9993,-0.0251,0,-0.9386,0.0334,0.3435,0,54.5783,-1.9463,-2.8009,1]},
{"frame":2,"values":[0.4189,0.0119,0.908,0,0.0243,0.9994,-0.0243,0,-0.9077,0.0323,0.4183,0,54.5783,-1.9463,-2.8009,1]},
{"frame":3,"values":[0.4852,0.0095,0.8744,0,0.0226,0.9995,-0.0234,0,-0.8741,0.0311,0.4847,0,54.5783,-1.9463,-2.8009,1]},
{"frame":4,"values":[0.5509,0.0071,0.8345,0,0.0208,0.9995,-0.0223,0,-0.8343,0.0297,0.5505,0,54.5783,-1.9463,-2.8009,1]},
{"frame":5,"values":[0.5882,0.0058,0.8087,0,0.0198,0.9996,-0.0216,0,-0.8084,0.0288,0.5879,0,54.5783,-1.9463,-2.8009,1]},
{"frame":6,"values":[0.5908,0.0057,0.8068,0,0.0198,0.9996,-0.0216,0,-0.8066,0.0287,0.5904,0,54.5783,-1.9463,-2.8009,1]},
{"frame":7,"values":[0.5735,0.0063,0.8192,0,0.0202,0.9996,-0.0219,0,-0.819,0.0291,0.5731,0,54.5783,-1.9463,-2.8009,1]},
{"frame":8,"values":[0.5559,0.007,0.8312,0,0.0207,0.9995,-0.0222,0,-0.831,0.0296,0.5555,0,54.5783,-1.9463,-2.8009,1]},
{"frame":9,"values":[0.538,0.0076,0.8429,0,0.0212,0.9995,-0.0225,0,-0.8427,0.03,0.5376,0,54.5783,-1.9463,-2.8009,1]},
{"frame":10,"values":[0.5199,0.0083,0.8542,0,0.0217,0.9995,-0.0228,0,-0.8539,0.0304,0.5195,0,54.5783,-1.9463,-2.8009,1]},
{"frame":11,"values":[0.4848,0.0095,0.8746,0,0.0226,0.9995,-0.0234,0,-0.8743,0.0311,0.4844,0,54.5783,-1.9463,-2.8009,1]},
{"frame":12,"values":[0.4488,0.0108,0.8935,0,0.0235,0.9994,-0.0239,0,-0.8933,0.0318,0.4483,0,54.5783,-1.9463,-2.8009,1]},
{"frame":13,"values":[0.4121,0.0121,0.9111,0,0.0245,0.9994,-0.0244,0,-0.9108,0.0324,0.4115,0,54.5783,-1.9463,-2.8009,1]},
{"frame":14,"values":[0.3746,0.0134,0.9271,0,0.0255,0.9994,-0.0248,0,-0.9268,0.033,0.374,0,54.5783,-1.9463,-2.8009,1]},
{"frame":15,"values":[0.3365,0.0148,0.9416,0,0.0265,0.9993,-0.0252,0,-0.9413,0.0335,0.3359,0,54.5783,-1.9463,-2.8009,1]},
{"frame":16,"values":[0.2979,0.0162,0.9545,0,0.0276,0.9993,-0.0255,0,-0.9542,0.0339,0.2973,0,54.5783,-1.9463,-2.8009,1]},
{"frame":17,"values":[0.2589,0.0176,0.9657,0,0.0286,0.9993,-0.0259,0,-0.9655,0.0343,0.2582,0,54.5783,-1.9463,-2.8009,1]},
{"frame":18,"values":[0.3441,0.0145,0.9388,0,0.0263,0.9993,-0.0251,0,-0.9386,0.0334,0.3435,0,54.5783,-1.9463,-2.8009,1]}],"loopBehavior":1,"name":"anim","property":"_matrix"}},
{"name":"mixamorig:LeftHand","index":12,"matrix":[0.9197,0.2176,0.3268,0,-0.3201,0.8976,0.303,0,-0.2274,-0.3833,0.8952,0,54.9948,-1.4671,3.0376,1],"rest":[0.9961,0.088,0.001,0,-0.0871,0.9842,0.154,0,0.0125,-0.1535,0.9881,0,54.9948,-1.4671,3.0376,1],"parentBoneIndex":11,"length":20.3347
,"animation":{"dataType":3,"framePerSecond":24,"keys":[
{"frame":1,"values":[0.9197,0.2176,0.3268,0,-0.3201,0.8976,0.303,0,-0.2274,-0.3833,0.8952,0,54.9948,-1.4671,3.0376,1]},
{"frame":2,"values":[0.9316,0.2447,0.2688,0,-0.32,0.9027,0.2875,0,-0.1723,-0.3538,0.9193,0,54.9948,-1.4671,3.0376,1]},
{"frame":3,"values":[0.9301,0.2629,0.2564,0,-0.3336,0.8967,0.2908,0,-0.1535,-0.356,0.9218,0,54.9948,-1.4671,3.0376,1]},
{"frame":4,"values":[0.9285,0.2487,0.2756,0,-0.3393,0.87,0.3579,0,-0.1508,-0.4258,0.8922,0,54.9948,-1.4671,3.0376,1]},
{"frame":5,"values":[0.9276,0.2372,0.2885,0,-0.3401,0.8555,0.3903,0,-0.1543,-0.4602,0.8743,0,54.9948,-1.4671,3.0376,1]},
{"frame":6,"values":[0.9325,0.2183,0.2876,0,-0.3184,0.8729,0.3697,0,-0.1703,-0.4363,0.8835,0,54.9948,-1.4671,3.0376,1]},
{"frame":7,"values":[0.9441,0.1846,0.2731,0,-0.2767,0.8941,0.3522,0,-0.1792,-0.4081,0.8952,0,54.9948,-1.4671,3.0376,1]},
{"frame":8,"values":[0.9509,0.1701,0.2587,0,-0.2538,0.9068,0.3365,0,-0.1774,-0.3856,0.9055,0,54.9948,-1.4671,3.0376,1]},
{"frame":9,"values":[0.9572,0.1552,0.2445,0,-0.2308,0.9188,0.3203,0,-0.1749,-0.363,0.9152,0,54.9948,-1.4671,3.0376,1]},
{"frame":10,"values":[0.9555,0.1714,0.2399,0,-0.2436,0.9173,0.3149,0,-0.1661,-0.3594,0.9183,0,54.9948,-1.4671,3.0376,1]},
{"frame":11,"values":[0.9537,0.1876,0.2352,0,-0.2565,0.9156,0.3096,0,-0.1573,-0.3556,0.9213,0,54.9948,-1.4671,3.0376,1]},
{"frame":12,"values":[0.9515,0.2037,0.2305,0,-0.2693,0.9137,0.3043,0,-0.1486,-0.3516,0.9243,0,54.9948,-1.4671,3.0376,1]},
{"frame":13,"values":[0.9491,0.2197,0.2256,0,-0.2821,0.9116,0.2991,0,-0.1399,-0.3475,0.9272,0,54.9948,-1.4671,3.0376,1]},
{"frame":14,"values":[0.9465,0.2357,0.2206,0,-0.2949,0.9092,0.2939,0,-0.1313,-0.3433,0.93,0,54.9948,-1.4671,3.0376,1]},
{"frame":15,"values":[0.9448,0.2281,0.2352,0,-0.2947,0.9052,0.306,0,-0.1431,-0.3585,0.9225,0,54.9948,-1.4671,3.0376,1]},
{"frame":16,"values":[0.9429,0.2203,0.2497,0,-0.2947,0.9011,0.3181,0,-0.1549,-0.3735,0.9146,0,54.9948,-1.4671,3.0376,1]},
{"frame":17,"values":[0.9409,0.2122,0.264,0,-0.2949,0.8967,0.33,0,-0.1667,-0.3884,0.9063,0,54.9948,-1.4671,3.0376,1]},
{"frame":18,"values":[0.9197,0.2176,0.3268,0,-0.3201,0.8976,0.303,0,-0.2274,-0.3833,0.8952,0,54.9948,-1.4671,3.0376,1]}],"loopBehavior":1,"name":"anim","property":"_matrix"}},
{"name":"mixamorig:LeftHandMiddle1","index":13,"matrix":[0.6949,-0.7092,0.1188,0,0.7117,0.7019,0.0272,0,-0.1027,0.0656,0.9925,0,23.1821,-2.445,1.6605,1],"rest":[0.9974,-0.0561,0.045,0,0.0561,0.9984,0.0005,0,-0.045,0.002,0.999,0,23.1821,-2.445,1.6605,1],"parentBoneIndex":12,"length":6.3787
,"animation":{"dataType":3,"framePerSecond":24,"keys":[
{"frame":1,"values":[0.6949,-0.7092,0.1188,0,0.7113,0.7022,0.0314,0,-0.1057,0.0627,0.9924,0,23.1821,-2.445,1.6605,1]},
{"frame":2,"values":[0.6988,-0.7064,0.1125,0,0.7081,0.7055,0.0311,0,-0.1014,0.0579,0.9932,0,23.1821,-2.445,1.6605,1]},
{"frame":3,"values":[0.6943,-0.7114,0.1085,0,0.713,0.7005,0.0309,0,-0.098,0.0559,0.9936,0,23.1821,-2.445,1.6605,1]},
{"frame":4,"values":[0.6994,-0.7069,0.1055,0,0.7082,0.7053,0.0307,0,-0.096,0.0532,0.994,0,23.1821,-2.445,1.6605,1]},
{"frame":5,"values":[0.7036,-0.7034,0.1009,0,0.7045,0.709,0.0304,0,-0.0929,0.0497,0.9944,0,23.1821,-2.445,1.6605,1]},
{"frame":6,"values":[0.7031,-0.7045,0.0967,0,0.7054,0.7082,0.0302,0,-0.0897,0.047,0.9949,0,23.1821,-2.445,1.6605,1]},
{"frame":7,"values":[0.7027,-0.7055,0.0922,0,0.7063,0.7073,0.0299,0,-0.0863,0.0441,0.9953,0,23.1821,-2.445,1.6605,1]},
{"frame":8,"values":[0.7017,-0.7061,0.0953,0,0.707,0.7066,0.0296,0,-0.0883,0.0466,0.995,0,23.1821,-2.445,1.6605,1]},
{"frame":9,"values":[0.7007,-0.7066,0.0984,0,0.7077,0.7059,0.0294,0,-0.0903,0.0491,0.9947,0,23.1821,-2.445,1.6605,1]},
{"frame":10,"values":[0.6998,-0.7071,0.1016,0,0.7084,0.7052,0.0291,0,-0.0922,0.0516,0.9944,0,23.1821,-2.445,1.6605,1]},
{"frame":11,"values":[0.6984,-0.7072,0.1099,0,0.709,0.7046,0.0288,0,-0.0979,0.0578,0.9935,0,23.1821,-2.445,1.6605,1]},
{"frame":12,"values":[0.6973,-0.7076,0.1142,0,0.7097,0.7039,0.0285,0,-0.1006,0.0612,0.993,0,23.1821,-2.445,1.6605,1]},
{"frame":13,"values":[0.6962,-0.708,0.1185,0,0.7104,0.7032,0.0283,0,-0.1033,0.0645,0.9926,0,23.1821,-2.445,1.6605,1]},
{"frame":14,"values":[0.695,-0.7084,0.1228,0,0.7111,0.7025,0.028,0,-0.1061,0.0678,0.992,0,23.1821,-2.445,1.6605,1]},
{"frame":15,"values":[0.6939,-0.7088,0.127,0,0.7118,0.7018,0.0277,0,-0.1088,0.0712,0.9915,0,23.1821,-2.445,1.6605,1]},
{"frame":16,"values":[0.7122,-0.6891,0.1338,0,0.6924,0.721,0.0275,0,-0.1155,0.0731,0.9906,0,23.1821,-2.445,1.6605,1]},
{"frame":17,"values":[0.7299,-0.669,0.1407,0,0.6726,0.7395,0.0272,0,-0.1222,0.0748,0.9897,0,23.1821,-2.445,1.6605,1]},
{"frame":18,"values":[0.6949,-0.7092,0.1188,0,0.7117,0.7019,0.0272,0,-0.1027,0.0656,0.9925,0,23.1821,-2.445,1.6605,1]}],"loopBehavior":1,"name":"anim","property":"_matrix"}},
{"name":"mixamorig:LeftHandMiddle2","index":14,"matrix":[0.7115,-0.7018,0.0365,0,0.701,0.7124,0.0322,0,-0.0486,0.0027,0.9988,0,6.3689,-0.3109,0.167,1],"rest":[0.991,0.1341,-0.0042,0,-0.1342,0.991,-0.0031,0,0.0038,0.0036,1,0,6.3689,-0.3109,0.167,1],"parentBoneIndex":13,"length":6.1483
,"animation":{"dataType":3,"framePerSecond":24,"keys":[
{"frame":1,"values":[0.7115,-0.7018,0.0362,0,0.701,0.7124,0.0322,0,-0.0484,0.0025,0.9988,0,6.3689,-0.3109,0.167,1]},
{"frame":2,"values":[0.711,-0.7023,0.0362,0,0.7015,0.7119,0.0322,0,-0.0484,0.0025,0.9988,0,6.3689,-0.3109,0.167,1]},
{"frame":3,"values":[0.7131,-0.7001,0.0362,0,0.6993,0.7141,0.0323,0,-0.0484,0.0023,0.9988,0,6.3689,-0.3109,0.167,1]},
{"frame":4,"values":[0.7146,-0.6986,0.0362,0,0.6979,0.7155,0.0323,0,-0.0485,0.0022,0.9988,0,6.3689,-0.3109,0.167,1]},
{"frame":5,"values":[0.7187,-0.6943,0.0362,0,0.6936,0.7196,0.0323,0,-0.0485,0.0019,0.9988,0,6.3689,-0.3109,0.167,1]},
{"frame":6,"values":[0.7229,-0.69,0.0362,0,0.6893,0.7238,0.0324,0,-0.0486,0.0016,0.9988,0,6.3689,-0.3109,0.167,1]},
{"frame":7,"values":[0.727,-0.6857,0.0363,0,0.6849,0.7279,0.0324,0,-0.0486,0.0013,0.9988,0,6.3689,-0.3109,0.167,1]},
{"frame":8,"values":[0.733,-0.6793,0.0363,0,0.6785,0.7339,0.0324,0,-0.0486,0.0008,0.9988,0,6.3689,-0.3109,0.167,1]},
{"frame":9,"values":[0.7372,-0.6746,0.0363,0,0.6739,0.7381,0.0324,0,-0.0487,0.0005,0.9988,0,6.3689,-0.3109,0.167,1]},
{"frame":10,"values":[0.7415,-0.67,0.0363,0,0.6692,0.7424,0.0325,0,-0.0487,0.0002,0.9988,0,6.3689,-0.3109,0.167,1]},
{"frame":11,"values":[0.7379,-0.6739,0.0363,0,0.6731,0.7388,0.0325,0,-0.0487,0.0005,0.9988,0,6.3689,-0.3109,0.167,1]},
{"frame":12,"values":[0.7344,-0.6778,0.0363,0,0.677,0.7353,0.0325,0,-0.0488,0.0007,0.9988,0,6.3689,-0.3109,0.167,1]},
{"frame":13,"values":[0.7308,-0.6817,0.0363,0,0.6809,0.7317,0.0326,0,-0.0488,0.0009,0.9988,0,6.3689,-0.3109,0.167,1]},
{"frame":14,"values":[0.7271,-0.6855,0.0363,0,0.6847,0.7281,0.0326,0,-0.0488,0.0012,0.9988,0,6.3689,-0.3109,0.167,1]},
{"frame":15,"values":[0.7165,-0.6966,0.0364,0,0.6959,0.7174,0.0326,0,-0.0488,0.0019,0.9988,0,6.3689,-0.3109,0.167,1]},
{"frame":16,"values":[0.7057,-0.7076,0.0364,0,0.7068,0.7066,0.0327,0,-0.0488,0.0027,0.9988,0,6.3689,-0.3109,0.167,1]},
{"frame":17,"values":[0.7022,-0.7111,0.0365,0,0.7103,0.7031,0.0324,0,-0.0487,0.0031,0.9988,0,6.3689,-0.3109,0.167,1]},
{"frame":18,"values":[0.7115,-0.7018,0.0365,0,0.701,0.7124,0.0322,0,-0.0486,0.0027,0.9988,0,6.3689,-0.3109,0.167,1]}],"loopBehavior":1,"name":"anim","property":"_matrix"}},
{"name":"mixamorig:LeftHandMiddle3","index":15,"matrix":[0.6992,-0.7143,0.0298,0,0.7136,0.6998,0.032,0,-0.0437,-0.0011,0.999,0,6.0425,-1.121,0.183,1],"rest":[1,-0.0048,-0.0038,0,0.0048,1,0.0008,0,0.0038,-0.0009,1,0,6.0425,-1.121,0.183,1],"parentBoneIndex":14,"length":6.5825
,"animation":{"dataType":3,"framePerSecond":24,"keys":[
{"frame":1,"values":[0.6992,-0.7143,0.0298,0,0.7136,0.6998,0.0317,0,-0.0435,-0.0009,0.9991,0,6.0425,-1.121,0.183,1]},
{"frame":2,"values":[0.7001,-0.7135,0.0298,0,0.7128,0.7007,0.0317,0,-0.0434,-0.0009,0.9991,0,6.0425,-1.121,0.183,1]},
{"frame":3,"values":[0.7009,-0.7126,0.0298,0,0.7119,0.7015,0.0316,0,-0.0434,-0.0009,0.9991,0,6.0425,-1.121,0.183,1]},
{"frame":4,"values":[0.7018,-0.7117,0.0298,0,0.711,0.7025,0.0315,0,-0.0434,-0.001,0.9991,0,6.0425,-1.121,0.183,1]},
{"frame":5,"values":[0.7004,-0.7132,0.0298,0,0.7125,0.701,0.0315,0,-0.0433,-0.0008,0.9991,0,6.0425,-1.121,0.183,1]},
{"frame":6,"values":[0.6989,-0.7146,0.0298,0,0.7139,0.6995,0.0314,0,-0.0433,-0.0007,0.9991,0,6.0425,-1.121,0.183,1]},
{"frame":7,"values":[0.6974,-0.7161,0.0298,0,0.7154,0.698,0.0314,0,-0.0433,-0.0006,0.9991,0,6.0425,-1.121,0.183,1]},
{"frame":8,"values":[0.6959,-0.7175,0.0298,0,0.7168,0.6965,0.0313,0,-0.0432,-0.0005,0.9991,0,6.0425,-1.121,0.183,1]},
{"frame":9,"values":[0.6944,-0.719,0.0298,0,0.7183,0.695,0.0313,0,-0.0432,-0.0003,0.9991,0,6.0425,-1.121,0.183,1]},
{"frame":10,"values":[0.6975,-0.716,0.0298,0,0.7153,0.6981,0.0312,0,-0.0431,-0.0005,0.9991,0,6.0425,-1.121,0.183,1]},
{"frame":11,"values":[0.7005,-0.713,0.0298,0,0.7123,0.7012,0.0312,0,-0.0431,-0.0006,0.9991,0,6.0425,-1.121,0.183,1]},
{"frame":12,"values":[0.7036,-0.71,0.0298,0,0.7093,0.7042,0.0311,0,-0.043,-0.0008,0.9991,0,6.0425,-1.121,0.183,1]},
{"frame":13,"values":[0.7066,-0.707,0.0298,0,0.7063,0.7072,0.031,0,-0.043,-0.0009,0.9991,0,6.0425,-1.121,0.183,1]},
{"frame":14,"values":[0.7096,-0.7039,0.0298,0,0.7032,0.7103,0.0313,0,-0.0432,-0.0013,0.9991,0,6.0425,-1.121,0.183,1]},
{"frame":15,"values":[0.705,-0.7086,0.0298,0,0.7079,0.7056,0.0315,0,-0.0433,-0.0011,0.9991,0,6.0425,-1.121,0.183,1]},
{"frame":16,"values":[0.7003,-0.7132,0.0298,0,0.7125,0.7009,0.0317,0,-0.0435,-0.001,0.9991,0,6.0425,-1.121,0.183,1]},
{"frame":17,"values":[0.6956,-0.7178,0.0298,0,0.7171,0.6962,0.032,0,-0.0437,-0.0009,0.999,0,6.0425,-1.121,0.183,1]},
{"frame":18,"values":[0.6992,-0.7143,0.0298,0,0.7136,0.6998,0.032,0,-0.0437,-0.0011,0.999,0,6.0425,-1.121,0.183,1]}],"loopBehavior":1,"name":"anim","property":"_matrix"}},
{"name":"mixamorig:LeftHandMiddle4","index":16,"matrix":[1,0,0,0,0,1,0,0,0,0,1,0,6.4741,-1.1689,0.2214,1],"rest":[1,0,0,0,0,1,0,0,0,0,1,0,6.4741,-1.1689,0.2214,1],"parentBoneIndex":15,"length":6.5825
,"animation":{"dataType":3,"framePerSecond":24,"keys":[
{"frame":1,"values":[1,0,0,0,0,1,0,0,0,0,1,0,6.4741,-1.1689,0.2214,1]},
{"frame":18,"values":[1,0,0,0,0,1,0,0,0,0,1,0,6.4741,-1.1689,0.2214,1]}],"loopBehavior":1,"name":"anim","property":"_matrix"}},
{"name":"mixamorig:LeftHandThumb1","index":17,"matrix":[0.9876,0.1364,-0.0783,0,-0.1333,0.9901,0.0445,0,0.0835,-0.0335,0.9959,0,6.4451,-3.6637,6.4601,1],"rest":[0.993,-0.1184,-0.0054,0,0.1183,0.9883,0.0962,0,-0.006,-0.0961,0.9953,0,6.4451,-3.6637,6.4601,1],"parentBoneIndex":12,"length":8.4798
,"animation":{"dataType":3,"framePerSecond":24,"keys":[
{"frame":1,"values":[0.9876,0.1364,-0.0783,0,-0.1333,0.9901,0.0445,0,0.0835,-0.0335,0.9959,0,6.4451,-3.6637,6.4601,1]},
{"frame":18,"values":[0.9876,0.1364,-0.0783,0,-0.1333,0.9901,0.0445,0,0.0835,-0.0335,0.9959,0,6.4451,-3.6637,6.4601,1]}],"loopBehavior":1,"name":"anim","property":"_matrix"}},
{"name":"mixamorig:LeftHandThumb2","index":18,"matrix":[0.988,-0.0321,-0.1513,0,0.0623,0.9779,0.1996,0,0.1416,-0.2066,0.9681,0,6.2606,-2.6017,5.0935,1],"rest":[0.9927,0.0626,0.1035,0,-0.0529,0.9941,-0.0942,0,-0.1088,0.088,0.9902,0,6.2606,-2.6017,5.0935,1],"parentBoneIndex":17,"length":7.8274
,"animation":{"dataType":3,"framePerSecond":24,"keys":[
{"frame":1,"values":[0.988,-0.0321,-0.1513,0,0.0623,0.9779,0.1996,0,0.1416,-0.2066,0.9681,0,6.2606,-2.6017,5.0935,1]},
{"frame":2,"values":[0.9918,-0.0219,-0.1256,0,0.0462,0.9799,0.1939,0,0.1189,-0.1981,0.9729,0,6.2606,-2.6017,5.0935,1]},
{"frame":3,"values":[0.9953,-0.0101,-0.0965,0,0.028,0.9819,0.1871,0,0.0928,-0.1889,0.9776,0,6.2606,-2.6017,5.0935,1]},
{"frame":4,"values":[0.9967,-0.0034,-0.081,0,0.0183,0.983,0.1829,0,0.079,-0.1838,0.9798,0,6.2606,-2.6017,5.0935,1]},
{"frame":5,"values":[0.9984,0.007,-0.0567,0,0.0031,0.9844,0.1762,0,0.057,-0.1761,0.9827,0,6.2606,-2.6017,5.0935,1]},
{"frame":6,"values":[0.9993,0.0179,-0.0319,0,-0.0123,0.9856,0.1686,0,0.0345,-0.1681,0.9852,0,6.2606,-2.6017,5.0935,1]},
{"frame":7,"values":[0.9993,0.0261,-0.026,0,-0.0215,0.9863,0.1636,0,0.0299,-0.1629,0.9862,0,6.2606,-2.6017,5.0935,1]},
{"frame":8,"values":[0.9993,0.033,-0.02,0,-0.0294,0.9869,0.1586,0,0.025,-0.1579,0.9871,0,6.2606,-2.6017,5.0935,1]},
{"frame":9,"values":[0.9991,0.0399,-0.0141,0,-0.0373,0.9874,0.1536,0,0.02,-0.1529,0.988,0,6.2606,-2.6017,5.0935,1]},
{"frame":10,"values":[0.999,0.0436,-0.0081,0,-0.0419,0.988,0.1485,0,0.0145,-0.1481,0.9889,0,6.2606,-2.6017,5.0935,1]},
{"frame":11,"values":[0.9989,0.0474,-0.0022,0,-0.0466,0.9886,0.1435,0,0.009,-0.1432,0.9897,0,6.2606,-2.6017,5.0935,1]},
{"frame":12,"values":[0.9987,0.0511,0.0038,0,-0.0511,0.989,0.1387,0,0.0034,-0.1387,0.9903,0,6.2606,-2.6017,5.0935,1]},
{"frame":13,"values":[0.9984,0.0549,0.0097,0,-0.0557,0.9894,0.134,0,-0.0023,-0.1343,0.9909,0,6.2606,-2.6017,5.0935,1]},
{"frame":14,"values":[0.9982,0.0586,0.0157,0,-0.0601,0.9893,0.1328,0,-0.0077,-0.1335,0.991,0,6.2606,-2.6017,5.0935,1]},
{"frame":15,"values":[0.9978,0.0623,0.0216,0,-0.0646,0.9892,0.1316,0,-0.0132,-0.1327,0.9911,0,6.2606,-2.6017,5.0935,1]},
{"frame":16,"values":[0.9983,0.0512,0.0275,0,-0.0544,0.99,0.1304,0,-0.0206,-0.1316,0.9911,0,6.2606,-2.6017,5.0935,1]},
{"frame":17,"values":[0.9983,0.0108,-0.0576,0,-0.0013,0.9866,0.163,0,0.0586,-0.1627,0.9849,0,6.2606,-2.6017,5.0935,1]},
{"frame":18,"values":[0.988,-0.0321,-0.1513,0,0.0623,0.9779,0.1996,0,0.1416,-0.2066,0.9681,0,6.2606,-2.6017,5.0935,1]}],"loopBehavior":1,"name":"anim","property":"_matrix"}},
{"name":"mixamorig:LeftHandThumb3","index":19,"matrix":[0.9512,0.2436,0.1896,0,-0.165,0.9203,-0.3547,0,-0.2608,0.3061,0.9156,0,6.0726,-3.1361,3.8153,1],"rest":[0.9981,-0.0559,-0.0241,0,0.057,0.9973,0.0466,0,0.0214,-0.0479,0.9986,0,6.0726,-3.1361,3.8153,1],"parentBoneIndex":18,"length":6.188
,"animation":{"dataType":3,"framePerSecond":24,"keys":[
{"frame":1,"values":[0.9512,0.2436,0.1896,0,-0.165,0.9203,-0.3547,0,-0.2608,0.3061,0.9156,0,6.0726,-3.1361,3.8153,1]},
{"frame":2,"values":[0.9551,0.2295,0.1875,0,-0.1525,0.9231,-0.353,0,-0.2541,0.3085,0.9166,0,6.0726,-3.1361,3.8153,1]},
{"frame":3,"values":[0.9497,0.2433,0.1971,0,-0.1635,0.9221,-0.3507,0,-0.2671,0.3009,0.9155,0,6.0726,-3.1361,3.8153,1]},
{"frame":4,"values":[0.9461,0.2516,0.204,0,-0.1704,0.9222,-0.3471,0,-0.2754,0.2937,0.9154,0,6.0726,-3.1361,3.8153,1]},
{"frame":5,"values":[0.9437,0.2555,0.2099,0,-0.1734,0.9228,-0.344,0,-0.2816,0.2882,0.9152,0,6.0726,-3.1361,3.8153,1]},
