{"producer":{"name":"Blender","version":"2.79 (sub 0)","exporter_version":"5.6.4","file":"happyrun.babylon"},
"autoClear":true,"clearColor":[0.0509,0.0509,0.0509],"ambientColor":[0,0,0],"gravity":[0,-9.81,0],
"materials":[{"name":"happyrun.Material","id":"happyrun.Material","ambient":[0,0,0],"diffuse":[0,0,0],"specular":[0,0,0],"emissive":[0,0,0],"specularPower":50,"alpha":0.001,"backFaceCulling":true,"checkReadyOnlyOnce":false,"maxSimultaneousLights":4}],
"multiMaterials":[],
"skeletons":[{"name":"Armature","id":0,"dimensionsAtRest":[379.1952,391.6652,55.677],"bones":[
{"name":"mixamorig:Hips","index":0,"matrix":[0.9517,-0.101,-0.2899,0,0.0335,0.9729,-0.2289,0,-0.3051,-0.2082,-0.9293,0,0.2879,187.9104,-1.7182,1],"rest":[1,0,0,0,0,1,0,0,0,0,-1,0,0,201.6394,0,1],"parentBoneIndex":-1,"length":21.6784
,"animation":{"dataType":3,"framePerSecond":24,"keys":[
{"frame":1,"values":[0.9517,-0.101,-0.2899,0,0.0335,0.9729,-0.2289,0,-0.3051,-0.2082,-0.9293,0,0.2879,187.9105,-1.7182,1]},
{"frame":2,"values":[0.9675,-0.0128,-0.2527,0,-0.0482,0.9711,-0.2337,0,-0.2484,-0.2382,-0.9389,0,-0.4272,192.3751,-0.427,1]},
{"frame":3,"values":[0.9763,0.0264,-0.2148,0,-0.0864,0.9576,-0.2749,0,-0.1985,-0.2869,-0.9372,0,-0.649,197.4047,1.186,1]},
{"frame":4,"values":[0.9814,0.0128,-0.1916,0,-0.0721,0.9494,-0.3057,0,-0.1779,-0.3138,-0.9327,0,-0.2337,203.248,1.7909,1]},
{"frame":5,"values":[0.9859,-0.0062,-0.1669,0,-0.043,0.9563,-0.2893,0,-0.1614,-0.2924,-0.9426,0,0.2759,206.3356,2.1742,1]},
{"frame":6,"values":[0.993,-0.0125,-0.1175,0,-0.018,0.9668,-0.2549,0,-0.1168,-0.2552,-0.9598,0,1.2144,203.6233,3.5593,1]},
{"frame":7,"values":[0.9977,-0.0046,-0.0678,0,-0.0119,0.9705,-0.2406,0,-0.0669,-0.2409,-0.9682,0,2.153,196.3853,5.3687,1]},
{"frame":8,"values":[0.9993,0.0333,-0.018,0,-0.0367,0.9689,-0.2446,0,-0.0093,-0.2451,-0.9695,0,4.1562,188.0137,9.2512,1]},
{"frame":9,"values":[0.9973,0.0655,0.032,0,-0.0556,0.9675,-0.2468,0,0.0471,-0.2443,-0.9685,0,4.7779,182.6533,13.1337,1]},
{"frame":10,"values":[0.9958,0.042,0.0818,0,-0.0214,0.9711,-0.2378,0,0.0894,-0.235,-0.9679,0,5.3996,186.733,17.0162,1]},
{"frame":11,"values":[0.9913,0.0013,0.1316,0,0.0292,0.9727,-0.2302,0,0.1283,-0.232,-0.9642,0,5.2199,190.8128,13.7971,1]},
{"frame":12,"values":[0.9827,-0.0394,0.1807,0,0.0795,0.9722,-0.2201,0,0.167,-0.2307,-0.9586,0,5.0402,194.8926,10.5779,1]},
{"frame":13,"values":[0.9874,-0.0801,0.1366,0,0.1114,0.9643,-0.2401,0,0.1125,-0.2523,-0.9611,0,5.5161,198.9724,7.3588,1]},
{"frame":14,"values":[0.9882,-0.1216,0.093,0,0.142,0.9547,-0.2614,0,0.057,-0.2715,-0.9607,0,5.9921,203.0522,4.1396,1]},
{"frame":15,"values":[0.9919,-0.1175,0.0489,0,0.126,0.9597,-0.2513,0,0.0174,-0.2554,-0.9667,0,6.468,207.1319,0.9205,1]},
{"frame":16,"values":[0.9936,-0.1131,0.0046,0,0.1109,0.9643,-0.2406,0,-0.0228,-0.2396,-0.9706,0,6.944,201.2119,-2.2987,1]},
{"frame":17,"values":[0.9933,-0.1086,-0.0397,0,0.0967,0.9685,-0.2294,0,-0.0633,-0.224,-0.9725,0,5.9578,195.2918,-5.5178,1]},
{"frame":18,"values":[0.9876,-0.1329,-0.0835,0,0.1122,0.9698,-0.2168,0,-0.1098,-0.2047,-0.9726,0,4.9716,189.3718,-2.9469,1]},
{"frame":19,"values":[0.9794,-0.1563,-0.1276,0,0.1282,0.9704,-0.2048,0,-0.1558,-0.1842,-0.9705,0,3.9854,183.4517,-0.376,1]},
{"frame":20,"values":[0.9688,-0.1787,-0.1716,0,0.1448,0.9704,-0.1934,0,-0.2011,-0.1626,-0.966,0,2.9992,177.5316,2.1948,1]},
{"frame":21,"values":[0.9645,-0.1533,-0.2151,0,0.1092,0.9729,-0.2036,0,-0.2405,-0.1729,-0.9551,0,2.013,180.5535,2.1263,1]},
{"frame":22,"values":[0.9517,-0.101,-0.2899,0,0.0335,0.9729,-0.2289,0,-0.3051,-0.2082,-0.9293,0,0.2879,187.9104,-1.7182,1]}],"loopBehavior":1,"name":"anim","property":"_matrix"}},
{"name":"mixamorig:Spine","index":1,"matrix":[0.9808,0.0307,-0.1927,0,0.0203,0.9662,0.2572,0,0.1941,-0.2561,0.947,0,0.0062,19.525,-2.4818,1],"rest":[1,0,0,0,0,1,0,0,0,0,1,0,0.0062,19.525,-2.4818,1],"parentBoneIndex":0,"length":23.0091
,"animation":{"dataType":3,"framePerSecond":24,"keys":[
{"frame":1,"values":[0.9808,0.0307,-0.1927,0,0.0203,0.9662,0.2572,0,0.1941,-0.2561,0.947,0,0.0062,19.525,-2.4818,1]},
{"frame":2,"values":[0.9684,-0.0648,-0.2407,0,0.12,0.9676,0.2222,0,0.2185,-0.244,0.9448,0,0.0062,19.525,-2.4818,1]},
{"frame":3,"values":[0.9564,-0.1193,-0.2665,0,0.1688,0.9707,0.1712,0,0.2383,-0.2087,0.9485,0,0.0062,19.525,-2.4818,1]},
{"frame":4,"values":[0.9529,-0.1256,-0.276,0,0.167,0.9771,0.132,0,0.2531,-0.1718,0.9521,0,0.0062,19.525,-2.4818,1]},
{"frame":5,"values":[0.9611,-0.1167,-0.2502,0,0.1538,0.9789,0.1344,0,0.2292,-0.1677,0.9588,0,0.0062,19.525,-2.4818,1]},
{"frame":6,"values":[0.9747,-0.1095,-0.195,0,0.141,0.9777,0.1555,0,0.1736,-0.179,0.9684,0,0.0062,19.525,-2.4818,1]},
{"frame":7,"values":[0.984,-0.1135,-0.1371,0,0.1354,0.9774,0.1623,0,0.1156,-0.1783,0.9772,0,0.0062,19.525,-2.4818,1]},
{"frame":8,"values":[0.9862,-0.1452,-0.0788,0,0.158,0.9684,0.1928,0,0.0483,-0.2026,0.9781,0,0.0062,19.525,-2.4818,1]},
{"frame":9,"values":[0.9852,-0.1705,-0.0203,0,0.1707,0.9598,0.2227,0,-0.0185,-0.2228,0.9747,0,0.0062,19.525,-2.4818,1]},
{"frame":10,"values":[0.9895,-0.1395,0.0384,0,0.1255,0.9596,0.2517,0,-0.0719,-0.2442,0.967,0,0.0062,19.525,-2.4818,1]},
{"frame":11,"values":[0.9891,-0.11,0.0976,0,0.0844,0.9682,0.2357,0,-0.1204,-0.2249,0.9669,0,0.0062,19.525,-2.4818,1]},
{"frame":12,"values":[0.9846,-0.0791,0.1562,0,0.0439,0.9752,0.2171,0,-0.1695,-0.2069,0.9636,0,0.0062,19.525,-2.4818,1]},
{"frame":13,"values":[0.9758,-0.0471,0.2136,0,0.0044,0.9806,0.1961,0,-0.2187,-0.1904,0.957,0,0.0062,19.525,-2.4818,1]},
{"frame":14,"values":[0.9629,-0.0142,0.2696,0,-0.0338,0.9844,0.1728,0,-0.2679,-0.1755,0.9473,0,0.0062,19.525,-2.4818,1]},
{"frame":15,"values":[0.9746,0.0167,0.2234,0,-0.0527,0.9863,0.1563,0,-0.2177,-0.1641,0.9621,0,0.0062,19.525,-2.4818,1]},
{"frame":16,"values":[0.9833,0.047,0.1761,0,-0.0724,0.9874,0.1406,0,-0.1672,-0.151,0.9743,0,0.0062,19.525,-2.4818,1]},
{"frame":17,"values":[0.9889,0.0764,0.1273,0,-0.0976,0.9806,0.1698,0,-0.1119,-0.1803,0.9772,0,0.0062,19.525,-2.4818,1]},
{"frame":18,"values":[0.9911,0.1072,0.079,0,-0.1211,0.9723,0.2,0,-0.0553,-0.2078,0.9766,0,0.0062,19.525,-2.4818,1]},
{"frame":19,"values":[0.9898,0.1392,0.0314,0,-0.1426,0.9624,0.2312,0,0.0019,-0.2333,0.9724,0,0.0062,19.525,-2.4818,1]},
{"frame":20,"values":[0.985,0.1722,-0.015,0,-0.1622,0.951,0.2631,0,0.0596,-0.2567,0.9646,0,0.0062,19.525,-2.4818,1]},
{"frame":21,"values":[0.9905,0.1223,-0.063,0,-0.0989,0.9513,0.2921,0,0.0956,-0.2831,0.9543,0,0.0062,19.525,-2.4818,1]},
{"frame":22,"values":[0.9808,0.0307,-0.1927,0,0.0203,0.9662,0.2572,0,0.1941,-0.2561,0.947,0,0.0062,19.525,-2.4818,1]}],"loopBehavior":1,"name":"anim","property":"_matrix"}},
{"name":"mixamorig:Spine1","index":2,"matrix":[0.9986,0,-0.0536,0,0.0008,0.9999,0.0156,0,0.0536,-0.0156,0.9984,0,-0.0009,22.835,-2.8254,1],"rest":[1,0,0,0,0,1,0,0,0,0,1,0,-0.0009,22.835,-2.8254,1],"parentBoneIndex":1,"length":26.7438
,"animation":{"dataType":3,"framePerSecond":24,"keys":[
{"frame":1,"values":[0.9986,0,-0.0536,0,0.0008,0.9999,0.0156,0,0.0536,-0.0156,0.9984,0,-0.0009,22.835,-2.8254,1]},
{"frame":2,"values":[0.9973,-0.0277,-0.0675,0,0.0276,0.9996,-0.0026,0,0.0676,0.0007,0.9977,0,-0.0009,22.835,-2.8254,1]},
{"frame":3,"values":[0.9961,-0.0458,-0.0748,0,0.0447,0.9989,-0.0173,0,0.0755,0.0139,0.997,0,-0.0009,22.835,-2.8254,1]},
{"frame":4,"values":[0.9962,-0.0404,-0.0774,0,0.0397,0.9992,-0.0108,0,0.0778,0.0077,0.9969,0,-0.0009,22.835,-2.8254,1]},
{"frame":5,"values":[0.9969,-0.035,-0.0699,0,0.0352,0.9994,0.0022,0,0.0698,-0.0046,0.9976,0,-0.0009,22.835,-2.8254,1]},
{"frame":6,"values":[0.9981,-0.0296,-0.0538,0,0.0305,0.9994,0.0151,0,0.0533,-0.0168,0.9984,0,-0.0009,22.835,-2.8254,1]},
{"frame":7,"values":[0.999,-0.0242,-0.0376,0,0.0248,0.9996,0.0167,0,0.0372,-0.0176,0.9992,0,-0.0009,22.835,-2.8254,1]},
{"frame":8,"values":[0.9994,-0.0287,-0.0215,0,0.0291,0.9995,0.0157,0,0.021,-0.0163,0.9996,0,-0.0009,22.835,-2.8254,1]},
{"frame":9,"values":[0.9994,-0.0333,-0.0053,0,0.0334,0.9993,0.0166,0,0.0048,-0.0167,0.9998,0,-0.0009,22.835,-2.8254,1]},
{"frame":10,"values":[0.9997,-0.0209,0.0108,0,0.0207,0.9996,0.0207,0,-0.0113,-0.0204,0.9997,0,-0.0009,22.835,-2.8254,1]},
{"frame":11,"values":[0.9996,-0.0085,0.027,0,0.008,0.9998,0.0184,0,-0.0271,-0.0182,0.9995,0,-0.0009,22.835,-2.8254,1]},
{"frame":12,"values":[0.9991,0.0038,0.0431,0,-0.0039,1,0.0015,0,-0.0431,-0.0016,0.9991,0,-0.0009,22.835,-2.8254,1]},
{"frame":13,"values":[0.9981,0.0161,0.0593,0,-0.0156,0.9998,-0.0086,0,-0.0595,0.0077,0.9982,0,-0.0009,22.835,-2.8254,1]},
{"frame":14,"values":[0.9967,0.0285,0.0754,0,-0.0271,0.9995,-0.0189,0,-0.0759,0.0168,0.997,0,-0.0009,22.835,-2.8254,1]},
{"frame":15,"values":[0.9977,0.0254,0.0621,0,-0.025,0.9997,-0.0065,0,-0.0622,0.0049,0.998,0,-0.0009,22.835,-2.8254,1]},
{"frame":16,"values":[0.9986,0.0225,0.0488,0,-0.0228,0.9997,0.0059,0,-0.0486,-0.007,0.9988,0,-0.0009,22.835,-2.8254,1]},
{"frame":17,"values":[0.999,0.0261,0.0354,0,-0.0268,0.9995,0.0184,0,-0.0349,-0.0193,0.9992,0,-0.0009,22.835,-2.8254,1]},
{"frame":18,"values":[0.9993,0.0298,0.0221,0,-0.0302,0.9994,0.0183,0,-0.0216,-0.019,0.9996,0,-0.0009,22.835,-2.8254,1]},
{"frame":19,"values":[0.9994,0.0334,0.0088,0,-0.0336,0.9992,0.0215,0,-0.0081,-0.0218,0.9997,0,-0.0009,22.835,-2.8254,1]},
{"frame":20,"values":[0.9996,0.0271,-0.0045,0,-0.027,0.9993,0.0247,0,0.0052,-0.0245,0.9997,0,-0.0009,22.835,-2.8254,1]},
{"frame":21,"values":[0.9996,0.0207,-0.0179,0,-0.0203,0.9995,0.0243,0,0.0184,-0.024,0.9995,0,-0.0009,22.835,-2.8254,1]},
{"frame":22,"values":[0.9986,0,-0.0536,0,0.0008,0.9999,0.0156,0,0.0536,-0.0156,0.9984,0,-0.0009,22.835,-2.8254,1]}],"loopBehavior":1,"name":"anim","property":"_matrix"}},
{"name":"mixamorig:Spine2","index":3,"matrix":[0.9986,-0.0003,-0.0535,0,0.0011,0.9999,0.0157,0,0.0535,-0.0158,0.9984,0,-0.0206,26.5525,-3.1933,1],"rest":[1,0,0,0,0,1,0,0,0,0,1,0,-0.0206,26.5525,-3.1933,1],"parentBoneIndex":2,"length":24.825
,"animation":{"dataType":3,"framePerSecond":24,"keys":[
{"frame":1,"values":[0.9986,-0.0003,-0.0535,0,0.0011,0.9999,0.0157,0,0.0535,-0.0158,0.9984,0,-0.0206,26.5525,-3.1933,1]},
{"frame":2,"values":[0.9973,-0.0285,-0.068,0,0.0283,0.9996,-0.0035,0,0.0681,0.0016,0.9977,0,-0.0206,26.5525,-3.1933,1]},
{"frame":3,"values":[0.9961,-0.0472,-0.0751,0,0.046,0.9988,-0.0186,0,0.0759,0.0151,0.997,0,-0.0206,26.5525,-3.1933,1]},
{"frame":4,"values":[0.9961,-0.0416,-0.0774,0,0.0408,0.9991,-0.0119,0,0.0778,0.0087,0.9969,0,-0.0206,26.5525,-3.1933,1]},
{"frame":5,"values":[0.9969,-0.0359,-0.0701,0,0.0361,0.9993,0.0012,0,0.07,-0.0037,0.9975,0,-0.0206,26.5525,-3.1933,1]},
{"frame":6,"values":[0.9981,-0.0303,-0.0542,0,0.0311,0.9994,0.0143,0,0.0537,-0.016,0.9984,0,-0.0206,26.5525,-3.1933,1]},
{"frame":7,"values":[0.999,-0.0246,-0.038,0,0.0252,0.9996,0.0161,0,0.0375,-0.0171,0.9991,0,-0.0206,26.5525,-3.1933,1]},
{"frame":8,"values":[0.9993,-0.0291,-0.0217,0,0.0294,0.9994,0.0153,0,0.0213,-0.016,0.9996,0,-0.0206,26.5525,-3.1933,1]},
{"frame":9,"values":[0.9994,-0.0336,-0.0055,0,0.0336,0.9993,0.0166,0,0.005,-0.0168,0.9998,0,-0.0206,26.5525,-3.1933,1]},
{"frame":10,"values":[0.9997,-0.0209,0.0107,0,0.0206,0.9996,0.0212,0,-0.0111,-0.021,0.9997,0,-0.0206,26.5525,-3.1933,1]},
{"frame":11,"values":[0.9996,-0.0082,0.0269,0,0.0077,0.9998,0.019,0,-0.0271,-0.0188,0.9995,0,-0.0206,26.5525,-3.1933,1]},
{"frame":12,"values":[0.9991,0.0045,0.0431,0,-0.0046,1,0.0019,0,-0.0431,-0.0021,0.9991,0,-0.0206,26.5525,-3.1933,1]},
{"frame":13,"values":[0.9981,0.0171,0.0594,0,-0.0166,0.9998,-0.0081,0,-0.0595,0.0071,0.9982,0,-0.0206,26.5525,-3.1933,1]},
{"frame":14,"values":[0.9967,0.0298,0.0755,0,-0.0285,0.9994,-0.0183,0,-0.076,0.0161,0.997,0,-0.0206,26.5525,-3.1933,1]},
{"frame":15,"values":[0.9977,0.0259,0.0623,0,-0.0256,0.9997,-0.006,0,-0.0625,0.0044,0.998,0,-0.0206,26.5525,-3.1933,1]},
{"frame":16,"values":[0.9985,0.0222,0.0491,0,-0.0226,0.9997,0.0062,0,-0.0489,-0.0073,0.9988,0,-0.0206,26.5525,-3.1933,1]},
{"frame":17,"values":[0.999,0.0259,0.0359,0,-0.0266,0.9995,0.0184,0,-0.0354,-0.0194,0.9992,0,-0.0206,26.5525,-3.1933,1]},
{"frame":18,"values":[0.9993,0.0297,0.0226,0,-0.0301,0.9994,0.0183,0,-0.0221,-0.019,0.9996,0,-0.0206,26.5525,-3.1933,1]},
{"frame":19,"values":[0.9994,0.0334,0.0094,0,-0.0336,0.9992,0.0216,0,-0.0087,-0.0219,0.9997,0,-0.0206,26.5525,-3.1933,1]},
{"frame":20,"values":[0.9996,0.0269,-0.0038,0,-0.0268,0.9993,0.0249,0,0.0045,-0.0248,0.9997,0,-0.0206,26.5525,-3.1933,1]},
{"frame":21,"values":[0.9996,0.0204,-0.0171,0,-0.02,0.9995,0.0248,0,0.0176,-0.0244,0.9995,0,-0.0206,26.5525,-3.1933,1]},
{"frame":22,"values":[0.9986,-0.0003,-0.0535,0,0.0011,0.9999,0.0157,0,0.0535,-0.0158,0.9984,0,-0.0206,26.5525,-3.1933,1]}],"loopBehavior":1,"name":"anim","property":"_matrix"}},
{"name":"mixamorig:Neck","index":4,"matrix":[0.9999,-0.009,0.0047,0,0.0096,0.9852,-0.1711,0,-0.0031,0.1712,0.9852,0,-0.06,30.7018,1.3522,1],"rest":[1,0,0,0,0,1,0,0,0,0,1,0,-0.06,30.7018,1.3522,1],"parentBoneIndex":3,"length":22.8446
,"animation":{"dataType":3,"framePerSecond":24,"keys":[
{"frame":1,"values":[0.9999,-0.009,0.0047,0,0.0097,0.9823,-0.1873,0,-0.0029,0.1873,0.9823,0,-0.06,30.7018,1.3522,1]},
{"frame":2,"values":[0.9998,-0.019,0.0035,0,0.0194,0.9827,-0.1841,0,0,0.1841,0.9829,0,-0.06,30.7018,1.3522,1]},
{"frame":3,"values":[0.9996,-0.028,0.0024,0,0.0279,0.9831,-0.1809,0,0.0027,0.1809,0.9835,0,-0.06,30.7018,1.3522,1]},
{"frame":4,"values":[0.9993,-0.0387,0.0012,0,0.0383,0.9833,-0.1777,0,0.0057,0.1776,0.9841,0,-0.06,30.7018,1.3522,1]},
{"frame":5,"values":[0.9993,-0.0377,0,0,0.0371,0.984,-0.1745,0,0.0065,0.1743,0.9847,0,-0.06,30.7018,1.3522,1]},
{"frame":6,"values":[0.9995,-0.0329,-0.0011,0,0.0322,0.9847,-0.1712,0,0.0067,0.1711,0.9852,0,-0.06,30.7018,1.3522,1]},
{"frame":7,"values":[0.9998,-0.0207,-0.0023,0,0.02,0.9856,-0.1681,0,0.0058,0.168,0.9858,0,-0.06,30.7018,1.3522,1]},
{"frame":8,"values":[1,-0.0086,-0.0035,0,0.0079,0.9863,-0.1648,0,0.0049,0.1648,0.9863,0,-0.06,30.7018,1.3522,1]},
{"frame":9,"values":[1,0.0036,-0.0046,0,-0.0043,0.9868,-0.1616,0,0.004,0.1616,0.9868,0,-0.06,30.7018,1.3522,1]},
{"frame":10,"values":[0.9999,0.0157,-0.0058,0,-0.0164,0.9866,-0.1624,0,0.0031,0.1625,0.9867,0,-0.06,30.7018,1.3522,1]},
{"frame":11,"values":[0.9996,0.0279,-0.0069,0,-0.0286,0.9862,-0.1632,0,0.0023,0.1634,0.9866,0,-0.06,30.7018,1.3522,1]},
{"frame":12,"values":[0.9992,0.04,-0.0081,0,-0.0408,0.9856,-0.164,0,0.0014,0.1642,0.9864,0,-0.06,30.7018,1.3522,1]},
{"frame":13,"values":[0.9986,0.0521,-0.0093,0,-0.0529,0.9849,-0.1648,0,0.0005,0.1651,0.9863,0,-0.06,30.7018,1.3522,1]},
{"frame":14,"values":[0.9979,0.0643,-0.0104,0,-0.0651,0.984,-0.1656,0,-0.0004,0.1659,0.9861,0,-0.06,30.7018,1.3522,1]},
{"frame":15,"values":[0.9984,0.0555,-0.0116,0,-0.0567,0.9844,-0.1663,0,0.0022,0.1667,0.986,0,-0.06,30.7018,1.3522,1]},
{"frame":16,"values":[0.9988,0.0468,-0.0128,0,-0.0483,0.9848,-0.1671,0,0.0048,0.1676,0.9859,0,-0.06,30.7018,1.3522,1]},
{"frame":17,"values":[0.9992,0.0381,-0.014,0,-0.0399,0.985,-0.1679,0,0.0074,0.1683,0.9857,0,-0.06,30.7018,1.3522,1]},
{"frame":18,"values":[0.9995,0.0293,-0.0151,0,-0.0315,0.9852,-0.1687,0,0.0099,0.1691,0.9855,0,-0.06,30.7018,1.3522,1]},
{"frame":19,"values":[0.9997,0.0206,-0.0102,0,-0.022,0.9853,-0.1696,0,0.0065,0.1698,0.9855,0,-0.06,30.7018,1.3522,1]},
{"frame":20,"values":[0.9999,0.0119,-0.0052,0,-0.0126,0.9853,-0.1704,0,0.0031,0.1704,0.9854,0,-0.06,30.7018,1.3522,1]},
{"frame":21,"values":[1,0.0031,-0.0002,0,-0.0031,0.9852,-0.1711,0,-0.0003,0.1711,0.9852,0,-0.06,30.7019,1.3522,1]},
{"frame":22,"values":[0.9999,-0.009,0.0047,0,0.0096,0.9852,-0.1711,0,-0.0031,0.1712,0.9852,0,-0.06,30.7018,1.3522,1]}],"loopBehavior":1,"name":"anim","property":"_matrix"}},
{"name":"mixamorig:Head","index":5,"matrix":[0.9994,-0.0347,0.0025,0,0.0322,0.8945,-0.4459,0,0.0132,0.4457,0.8951,0,-0.0872,22.5476,3.6709,1],"rest":[1,0,0,0,0,1,0,0,0,0,1,0,-0.0872,22.5476,3.6709,1],"parentBoneIndex":4,"length":30.5923
,"animation":{"dataType":3,"framePerSecond":24,"keys":[
{"frame":1,"values":[0.9994,-0.0347,0.0025,0,0.0322,0.8945,-0.4459,0,0.0132,0.4457,0.8951,0,-0.0872,22.5476,3.6709,1]},
{"frame":2,"values":[0.9974,-0.0316,0.0642,0,0.0562,0.9009,-0.4304,0,-0.0443,0.4329,0.9004,0,-0.0872,22.5476,3.6709,1]},
{"frame":3,"values":[0.9936,-0.0312,0.1082,0,0.074,0.9048,-0.4193,0,-0.0848,0.4246,0.9014,0,-0.0872,22.5476,3.6709,1]},
{"frame":4,"values":[0.992,-0.0369,0.1206,0,0.0854,0.9003,-0.4268,0,-0.0928,0.4337,0.8962,0,-0.0872,22.5476,3.6709,1]},
{"frame":5,"values":[0.9947,-0.0265,0.0996,0,0.0678,0.8958,-0.4392,0,-0.0775,0.4436,0.8928,0,-0.0872,22.5477,3.6709,1]},
{"frame":6,"values":[0.9971,-0.0086,0.0762,0,0.0409,0.9005,-0.433,0,-0.0649,0.4348,0.8982,0,-0.0872,22.5476,3.6709,1]},
{"frame":7,"values":[0.9986,0.0101,0.0519,0,0.0121,0.9119,-0.4103,0,-0.0515,0.4104,0.9105,0,-0.0872,22.5476,3.6709,1]},
{"frame":8,"values":[0.9979,0.0589,0.0276,0,-0.043,0.9159,-0.3992,0,-0.0488,0.3972,0.9164,0,-0.0872,22.5476,3.6709,1]},
{"frame":9,"values":[0.9942,0.1076,0.0033,0,-0.0966,0.9053,-0.4136,0,-0.0475,0.4108,0.9105,0,-0.0872,22.5476,3.6709,1]},
{"frame":10,"values":[0.9875,0.1559,-0.021,0,-0.1495,0.8882,-0.4345,0,-0.0491,0.4322,0.9004,0,-0.0872,22.5476,3.6709,1]},
{"frame":11,"values":[0.978,0.2038,-0.0453,0,-0.203,0.8772,-0.4351,0,-0.0489,0.4347,0.8993,0,-0.0872,22.5476,3.6709,1]},
{"frame":12,"values":[0.9655,0.251,-0.0696,0,-0.2567,0.8723,-0.4162,0,-0.0438,0.4197,0.9066,0,-0.0872,22.5476,3.6709,1]},
{"frame":13,"values":[0.9709,0.2203,-0.0935,0,-0.2393,0.8863,-0.3966,0,-0.0045,0.4074,0.9132,0,-0.0872,22.5476,3.6709,1]},
{"frame":14,"values":[0.9747,0.1898,-0.118,0,-0.2208,0.8994,-0.3773,0,0.0345,0.3938,0.9185,0,-0.0872,22.5476,3.6709,1]},
{"frame":15,"values":[0.977,0.159,-0.1421,0,-0.2021,0.9027,-0.3798,0,0.0679,0.3998,0.9141,0,-0.0872,22.5476,3.6709,1]},
{"frame":16,"values":[0.9835,0.1289,-0.1269,0,-0.1686,0.9077,-0.3843,0,0.0656,0.3993,0.9145,0,-0.0872,22.5476,3.6709,1]},
{"frame":17,"values":[0.9889,0.0986,-0.1116,0,-0.134,0.9161,-0.3779,0,0.0649,0.3887,0.9191,0,-0.0872,22.5476,3.6709,1]},
{"frame":18,"values":[0.993,0.068,-0.0965,0,-0.0993,0.9233,-0.3711,0,0.0638,0.3781,0.9236,0,-0.0872,22.5476,3.6709,1]},
{"frame":19,"values":[0.996,0.0368,-0.082,0,-0.0664,0.9165,-0.3945,0,0.0606,0.3983,0.9152,0,-0.0872,22.5476,3.6709,1]},
{"frame":20,"values":[0.9978,0.0059,-0.0667,0,-0.0333,0.9082,-0.4172,0,0.0581,0.4184,0.9064,0,-0.0872,22.5476,3.6709,1]},
{"frame":21,"values":[0.9984,-0.0246,-0.0507,0,-0.0002,0.8984,-0.4391,0,0.0563,0.4384,0.897,0,-0.0872,22.5477,3.6709,1]},
{"frame":22,"values":[0.9994,-0.0347,0.0025,0,0.0322,0.8945,-0.4459,0,0.0132,0.4457,0.8951,0,-0.0872,22.5476,3.6709,1]}],"loopBehavior":1,"name":"anim","property":"_matrix"}},
{"name":"mixamorig:HeadTop_End","index":6,"matrix":[1,0,0,0,0,1,0,0,0,0,1,0,-0.8306,40.3552,7.8935,1],"rest":[1,0,0,0,0,1,0,0,0,0,1,0,-0.8306,40.3552,7.8935,1],"parentBoneIndex":5,"length":30.5923
,"animation":{"dataType":3,"framePerSecond":24,"keys":[
{"frame":1,"values":[1,0,0,0,0,1,0,0,0,0,1,0,-0.8306,40.3552,7.8935,1]},
{"frame":17,"values":[1,0,0,0,0,1,0,0,0,0,1,0,-0.8306,40.3553,7.8935,1]},
{"frame":18,"values":[1,0,0,0,0,1,0,0,0,0,1,0,-0.8306,40.3552,7.8935,1]},
{"frame":22,"values":[1,0,0,0,0,1,0,0,0,0,1,0,-0.8306,40.3552,7.8935,1]}],"loopBehavior":1,"name":"anim","property":"_matrix"}},
{"name":"mixamorig:RightEye","index":7,"matrix":[1,0,0,0,0,1,0,0,0,0,1,0,-6.3021,18.1186,16.1971,1],"rest":[1,0,0,0,0,1,0,0,0,0,1,0,-6.3021,18.1186,16.1971,1],"parentBoneIndex":5,"length":30.5923
,"animation":{"dataType":3,"framePerSecond":24,"keys":[
{"frame":1,"values":[1,0,0,0,0,1,0,0,0,0,1,0,-6.3021,18.1185,16.1971,1]},
{"frame":2,"values":[1,0,0,0,0,1,0,0,0,0,1,0,-6.3021,18.1186,16.1971,1]},
{"frame":17,"values":[1,0,0,0,0,1,0,0,0,0,1,0,-6.3021,18.1187,16.1971,1]},
{"frame":18,"values":[1,0,0,0,0,1,0,0,0,0,1,0,-6.3021,18.1186,16.1971,1]},
{"frame":22,"values":[1,0,0,0,0,1,0,0,0,0,1,0,-6.3021,18.1186,16.1971,1]}],"loopBehavior":1,"name":"anim","property":"_matrix"}},
{"name":"mixamorig:LeftEye","index":8,"matrix":[1,0,0,0,0,1,0,0,0,0,1,0,6.7415,18.3827,16.4019,1],"rest":[1,0,0,0,0,1,0,0,0,0,1,0,6.7415,18.3827,16.4019,1],"parentBoneIndex":5,"length":30.5923
,"animation":{"dataType":3,"framePerSecond":24,"keys":[
{"frame":1,"values":[1,0,0,0,0,1,0,0,0,0,1,0,6.7415,18.3827,16.4019,1]},
{"frame":22,"values":[1,0,0,0,0,1,0,0,0,0,1,0,6.7415,18.3827,16.4019,1]}],"loopBehavior":1,"name":"anim","property":"_matrix"}},
{"name":"mixamorig:LeftShoulder","index":9,"matrix":[0.9551,-0.193,-0.225,0,0.2147,0.9737,0.0764,0,0.2043,-0.1212,0.9714,0,11.9249,18.2305,1.4254,1],"rest":[1,0.0062,0,0,-0.0062,1,0,0,0,0,1,0,11.9249,18.2305,1.4254,1],"parentBoneIndex":3,"length":25.9773
,"animation":{"dataType":3,"framePerSecond":24,"keys":[
{"frame":1,"values":[0.9551,-0.193,-0.225,0,0.2147,0.9737,0.0764,0,0.2043,-0.1212,0.9714,0,11.9249,18.2305,1.4254,1]},
{"frame":2,"values":[0.9716,-0.0695,-0.2262,0,0.0892,0.993,0.0777,0,0.2192,-0.0957,0.971,0,11.9249,18.2305,1.4254,1]},
{"frame":3,"values":[0.9766,-0.035,-0.2124,0,0.0528,0.9955,0.0787,0,0.2087,-0.0881,0.974,0,11.9249,18.2305,1.4254,1]},
{"frame":4,"values":[0.9743,-0.1265,-0.1864,0,0.1433,0.9865,0.0794,0,0.1738,-0.104,0.9793,0,11.9249,18.2305,1.4254,1]},
{"frame":5,"values":[0.9672,-0.1865,-0.1727,0,0.203,0.9757,0.0831,0,0.153,-0.1154,0.9815,0,11.9249,18.2305,1.4254,1]},
{"frame":6,"values":[0.9672,-0.204,-0.1515,0,0.2186,0.9719,0.0868,0,0.1295,-0.1171,0.9846,0,11.9249,18.2305,1.4254,1]},
{"frame":7,"values":[0.9639,-0.2419,-0.1114,0,0.2523,0.9634,0.0908,0,0.0853,-0.1156,0.9896,0,11.9249,18.2305,1.4254,1]},
{"frame":8,"values":[0.958,-0.2784,-0.0682,0,0.284,0.9541,0.0947,0,0.0387,-0.1101,0.9932,0,11.9249,18.2305,1.4254,1]},
{"frame":9,"values":[0.9704,-0.2409,-0.0159,0,0.2413,0.9657,0.0954,0,-0.0076,-0.0965,0.9953,0,11.9249,18.2305,1.4254,1]},
{"frame":10,"values":[0.9781,-0.2022,0.0502,0,0.1968,0.9757,0.0959,0,-0.0683,-0.0839,0.9941,0,11.9249,18.2305,1.4254,1]},
{"frame":11,"values":[0.9834,-0.1631,0.0801,0,0.1552,0.9832,0.0962,0,-0.0945,-0.0822,0.9921,0,11.9249,18.2305,1.4254,1]},
{"frame":12,"values":[0.9921,-0.1243,0.0173,0,0.1223,0.9884,0.09,0,-0.0283,-0.0872,0.9958,0,11.9249,18.2305,1.4254,1]},
{"frame":13,"values":[0.9953,-0.0852,-0.0458,0,0.0889,0.9923,0.086,0,0.0381,-0.0897,0.9952,0,11.9249,18.2305,1.4254,1]},
{"frame":14,"values":[0.9904,-0.0852,-0.1086,0,0.0941,0.9923,0.0804,0,0.1009,-0.0898,0.9908,0,11.9249,18.2305,1.4254,1]},
{"frame":15,"values":[0.9914,-0.0857,-0.0986,0,0.0937,0.9923,0.0805,0,0.0909,-0.0891,0.9919,0,11.9249,18.2305,1.4254,1]},
{"frame":16,"values":[0.9932,-0.0862,-0.0778,0,0.0926,0.9923,0.0826,0,0.0701,-0.0892,0.9935,0,11.9249,18.2305,1.4254,1]},
{"frame":17,"values":[0.9893,-0.1343,-0.0571,0,0.1389,0.9867,0.0846,0,0.0449,-0.0917,0.9948,0,11.9249,18.2305,1.4254,1]},
{"frame":18,"values":[0.9823,-0.1611,-0.0955,0,0.1694,0.9818,0.0863,0,0.0799,-0.101,0.9917,0,11.9249,18.2305,1.4254,1]},
{"frame":19,"values":[0.9732,-0.1872,-0.1338,0,0.1994,0.9763,0.0843,0,0.1149,-0.1087,0.9874,0,11.9249,18.2305,1.4254,1]},
{"frame":20,"values":[0.9618,-0.2128,-0.1719,0,0.2291,0.97,0.0811,0,0.1495,-0.1174,0.9818,0,11.9249,18.2305,1.4254,1]},
{"frame":21,"values":[0.9511,-0.2382,-0.1967,0,0.2574,0.9631,0.0785,0,0.1707,-0.1253,0.9773,0,11.9249,18.2305,1.4254,1]},
{"frame":22,"values":[0.9551,-0.193,-0.225,0,0.2147,0.9737,0.0764,0,0.2043,-0.1212,0.9714,0,11.9249,18.2305,1.4254,1]}],"loopBehavior":1,"name":"anim","property":"_matrix"}},
{"name":"mixamorig:LeftArm","index":10,"matrix":[0.6429,-0.7605,-0.0915,0,0.6997,0.5343,0.4743,0,-0.3118,-0.3689,0.8756,0,25.4312,-0.8546,-5.2293,1],"rest":[0.9983,0.0295,0.0512,0,-0.0294,0.9996,-0.0017,0,-0.0512,0.0002,0.9987,0,25.4312,-0.8546,-5.2293,1],"parentBoneIndex":9,"length":54.6848
,"animation":{"dataType":3,"framePerSecond":24,"keys":[
{"frame":1,"values":[0.6429,-0.7605,-0.0915,0,0.6997,0.5343,0.4743,0,-0.3118,-0.3689,0.8756,0,25.4312,-0.8546,-5.2293,1]},
{"frame":2,"values":[0.6804,-0.6909,-0.2444,0,0.6734,0.4577,0.5805,0,-0.2892,-0.5596,0.7767,0,25.4312,-0.8546,-5.2293,1]},
{"frame":3,"values":[0.7271,-0.6067,-0.3213,0,0.6556,0.4745,0.5875,0,-0.204,-0.6378,0.7427,0,25.4312,-0.8547,-5.2293,1]},
{"frame":4,"values":[0.7886,-0.5347,-0.3038,0,0.6078,0.6024,0.5174,0,-0.0937,-0.5926,0.8,0,25.4312,-0.8546,-5.2293,1]},
{"frame":5,"values":[0.7981,-0.5483,-0.25,0,0.5994,0.6798,0.4227,0,-0.0618,-0.4872,0.8711,0,25.4312,-0.8547,-5.2293,1]},
{"frame":6,"values":[0.7797,-0.5951,-0.1947,0,0.6218,0.6992,0.3529,0,-0.0739,-0.3962,0.9152,0,25.4312,-0.8546,-5.2293,1]},
{"frame":7,"values":[0.7792,-0.6188,-0.1,0,0.6159,0.7262,0.3055,0,-0.1165,-0.2996,0.9469,0,25.4312,-0.8547,-5.2293,1]},
{"frame":8,"values":[0.7739,-0.6289,0.0754,0,0.5913,0.76,0.2697,0,-0.2269,-0.1641,0.96,0,25.4312,-0.8546,-5.2293,1]},
{"frame":9,"values":[0.7267,-0.6237,0.2878,0,0.5656,0.7811,0.2646,0,-0.3898,-0.0295,0.9204,0,25.4312,-0.8546,-5.2293,1]},
{"frame":10,"values":[0.6644,-0.5909,0.4576,0,0.5083,0.8061,0.303,0,-0.5479,0.0313,0.8359,0,25.4312,-0.8547,-5.2293,1]},
{"frame":11,"values":[0.6242,-0.5339,0.5704,0,0.4212,0.8449,0.3299,0,-0.658,0.0344,0.7522,0,25.4312,-0.8547,-5.2293,1]},
{"frame":12,"values":[0.6061,-0.45,0.6559,0,0.3712,0.8893,0.2672,0,-0.7035,0.0815,0.706,0,25.4312,-0.8546,-5.2293,1]},
{"frame":13,"values":[0.6635,-0.4196,0.6194,0,0.3533,0.9055,0.235,0,-0.6595,0.0629,0.749,0,25.4312,-0.8546,-5.2293,1]},
{"frame":14,"values":[0.7173,-0.3875,0.5791,0,0.3328,0.9207,0.2038,0,-0.6122,0.0465,0.7894,0,25.4312,-0.8547,-5.2293,1]},
{"frame":15,"values":[0.7671,-0.3538,0.5351,0,0.3097,0.9348,0.174,0,-0.5618,0.0323,0.8267,0,25.4312,-0.8547,-5.2293,1]},
{"frame":16,"values":[0.7519,-0.4387,0.4921,0,0.3493,0.8982,0.267,0,-0.5591,-0.0289,0.8286,0,25.4312,-0.8547,-5.2293,1]},
{"frame":17,"values":[0.7255,-0.5761,0.3765,0,0.4611,0.813,0.3555,0,-0.5109,-0.0843,0.8555,0,25.4312,-0.8546,-5.2293,1]},
{"frame":18,"values":[0.6776,-0.693,0.2463,0,0.5676,0.7057,0.424,0,-0.4677,-0.1475,0.8715,0,25.4312,-0.8546,-5.2293,1]},
{"frame":19,"values":[0.5842,-0.7849,0.2064,0,0.6332,0.5999,0.4891,0,-0.5077,-0.1551,0.8475,0,25.4312,-0.8546,-5.2293,1]},
{"frame":20,"values":[0.5758,-0.8007,0.1655,0,0.6851,0.583,0.4369,0,-0.4463,-0.1382,0.8842,0,25.4312,-0.8546,-5.2293,1]},
{"frame":21,"values":[0.5638,-0.8163,0.1255,0,0.7323,0.5644,0.381,0,-0.3818,-0.1229,0.916,0,25.4312,-0.8546,-5.2293,1]},
{"frame":22,"values":[0.6429,-0.7605,-0.0915,0,0.6997,0.5343,0.4743,0,-0.3118,-0.3689,0.8756,0,25.4312,-0.8546,-5.2293,1]}],"loopBehavior":1,"name":"anim","property":"_matrix"}},
{"name":"mixamorig:LeftForeArm","index":11,"matrix":[0.6529,0.0035,0.7574,0,0.0181,0.9996,-0.0202,0,-0.7572,0.0269,0.6526,0,54.5783,-1.9463,-2.8009,1],"rest":[0.9943,-0.0088,-0.1062,0,0.0091,1,0.0028,0,0.1061,-0.0038,0.9943,0,54.5783,-1.9463,-2.8009,1],"parentBoneIndex":10,"length":55.0982
,"animation":{"dataType":3,"framePerSecond":24,"keys":[
{"frame":1,"values":[0.6529,0.0035,0.7574,0,0.0181,0.9996,-0.0202,0,-0.7572,0.0269,0.6526,0,54.5783,-1.9463,-2.8009,1]},
{"frame":2,"values":[0.5277,0.008,0.8494,0,0.0215,0.9995,-0.0227,0,-0.8492,0.0302,0.5272,0,54.5783,-1.9463,-2.8009,1]},
{"frame":3,"values":[0.4503,0.0066,0.8928,0,0.024,0.9995,-0.0194,0,-0.8925,0.0302,0.45,0,54.5783,-1.9463,-2.8009,1]},
{"frame":4,"values":[0.4676,0.0066,0.8839,0,0.0242,0.9995,-0.0202,0,-0.8836,0.0309,0.4672,0,54.5783,-1.9463,-2.8009,1]},
{"frame":5,"values":[0.5247,0.0071,0.8512,0,0.0235,0.9995,-0.0228,0,-0.8509,0.0319,0.5243,0,54.5783,-1.9463,-2.8009,1]},
{"frame":6,"values":[0.5514,0.0071,0.8342,0,0.0208,0.9995,-0.0223,0,-0.8339,0.0297,0.551,0,54.5783,-1.9463,-2.8009,1]},
{"frame":7,"values":[0.5724,0.0093,0.8199,0,0.0151,0.9996,-0.0219,0,-0.8199,0.0249,0.572,0,54.5783,-1.9463,-2.8009,1]},
{"frame":8,"values":[0.604,0.0119,0.7969,0,0.0084,0.9997,-0.0213,0,-0.797,0.0196,0.6037,0,54.5783,-1.9463,-2.8009,1]},
{"frame":9,"values":[0.5609,0.0129,0.8278,0,0.0127,0.9996,-0.0242,0,-0.8278,0.024,0.5605,0,54.5783,-1.9463,-2.8009,1]},
{"frame":10,"values":[0.3693,0.0136,0.9292,0,0.0257,0.9994,-0.0249,0,-0.929,0.033,0.3687,0,54.5783,-1.9463,-2.8009,1]},
{"frame":11,"values":[0.0819,0.0239,0.9964,0,0.0333,0.9991,-0.0267,0,-0.9961,0.0354,0.0811,0,54.5783,-1.9463,-2.8009,1]},
{"frame":12,"values":[-0.1826,0.0333,0.9826,0,0.0404,0.9988,-0.0264,0,-0.9824,0.0349,-0.1837,0,54.5783,-1.9463,-2.8009,1]},
{"frame":13,"values":[-0.3505,0.0393,0.9358,0,0.0449,0.9987,-0.0251,0,-0.9355,0.0332,-0.3518,0,54.5783,-1.9463,-2.8009,1]},
{"frame":14,"values":[-0.4129,0.0415,0.9098,0,0.0465,0.9986,-0.0244,0,-0.9096,0.0323,-0.4143,0,54.5783,-1.9463,-2.8009,1]},
{"frame":15,"values":[-0.4023,0.0411,0.9146,0,0.0463,0.9986,-0.0246,0,-0.9143,0.0324,-0.4037,0,54.5783,-1.9463,-2.8009,1]},
{"frame":16,"values":[-0.3739,0.0401,0.9266,0,0.0455,0.9987,-0.0249,0,-0.9263,0.0329,-0.3752,0,54.5783,-1.9463,-2.8009,1]},
{"frame":17,"values":[-0.3338,0.0387,0.9418,0,0.0444,0.9987,-0.0253,0,-0.9416,0.0334,-0.3351,0,54.5783,-1.9463,-2.8009,1]},
{"frame":18,"values":[-0.1558,0.0324,0.9873,0,0.0397,0.9989,-0.0265,0,-0.987,0.035,-0.1569,0,54.5783,-1.9462,-2.8009,1]},
{"frame":19,"values":[0.2955,0.0163,0.9552,0,0.0276,0.9993,-0.0256,0,-0.955,0.0339,0.2948,0,54.5783,-1.9463,-2.8009,1]},
{"frame":20,"values":[0.7072,0.0016,0.707,0,0.0167,0.9997,-0.0189,0,-0.7068,0.0251,0.707,0,54.5783,-1.9462,-2.8009,1]},
{"frame":21,"values":[0.7861,-0.0013,0.6181,0,0.0146,0.9998,-0.0165,0,-0.6179,0.022,0.7859,0,54.5783,-1.9463,-2.8009,1]},
{"frame":22,"values":[0.6529,0.0035,0.7574,0,0.0181,0.9996,-0.0202,0,-0.7572,0.0269,0.6526,0,54.5783,-1.9463,-2.8009,1]}],"loopBehavior":1,"name":"anim","property":"_matrix"}},
{"name":"mixamorig:LeftHand","index":12,"matrix":[0.9938,-0.0786,0.0789,0,0.0188,0.8164,0.5772,0,-0.1098,-0.5722,0.8127,0,54.9948,-1.4671,3.0376,1],"rest":[0.9961,0.088,0.001,0,-0.0871,0.9842,0.154,0,0.0125,-0.1535,0.9881,0,54.9948,-1.4671,3.0376,1],"parentBoneIndex":11,"length":20.3347
,"animation":{"dataType":3,"framePerSecond":24,"keys":[
{"frame":1,"values":[0.9938,-0.0786,0.0789,0,0.0188,0.8164,0.5772,0,-0.1098,-0.5722,0.8127,0,54.9948,-1.4671,3.0376,1]},
{"frame":2,"values":[0.9798,-0.1222,0.1584,0,0.0256,0.8618,0.5066,0,-0.1984,-0.4923,0.8475,0,54.9948,-1.4671,3.0376,1]},
{"frame":3,"values":[0.969,-0.1535,0.1934,0,0.0509,0.8906,0.4518,0,-0.2416,-0.428,0.8709,0,54.9948,-1.4671,3.0376,1]},
{"frame":4,"values":[0.9727,-0.1293,0.1925,0,0.023,0.8798,0.4747,0,-0.2308,-0.4573,0.8588,0,54.9948,-1.4671,3.0376,1]},
{"frame":5,"values":[0.9803,-0.0851,0.1781,0,-0.019,0.8576,0.514,0,-0.1965,-0.5073,0.8391,0,54.9948,-1.4671,3.0376,1]},
{"frame":6,"values":[0.9836,-0.0688,0.1669,0,-0.0341,0.837,0.5461,0,-0.1772,-0.5428,0.8209,0,54.9948,-1.4671,3.0376,1]},
{"frame":7,"values":[0.9787,-0.0544,0.1977,0,-0.0727,0.8095,0.5826,0,-0.1918,-0.5846,0.7883,0,54.9948,-1.4671,3.0376,1]},
{"frame":8,"values":[0.9671,-0.0067,0.2541,0,-0.1505,0.7906,0.5936,0,-0.2049,-0.6123,0.7636,0,54.9948,-1.4671,3.0376,1]},
{"frame":9,"values":[0.971,0.0405,0.2356,0,-0.171,0.8061,0.5665,0,-0.167,-0.5903,0.7897,0,54.9948,-1.4671,3.0376,1]},
{"frame":10,"values":[0.9839,0.0471,0.1723,0,-0.1418,0.7925,0.5931,0,-0.1086,-0.608,0.7864,0,54.9948,-1.4671,3.0376,1]},
{"frame":11,"values":[0.9926,0.0551,0.108,0,-0.1105,0.7786,0.6177,0,-0.0501,-0.6251,0.779,0,54.9948,-1.4671,3.0376,1]},
{"frame":12,"values":[0.997,0.0646,0.0433,0,-0.0774,0.7645,0.6399,0,0.0082,-0.6413,0.7672,0,54.9948,-1.4671,3.0376,1]},
{"frame":13,"values":[0.9969,0.0755,-0.0214,0,-0.0427,0.7504,0.6596,0,0.0659,-0.6567,0.7513,0,54.9948,-1.4671,3.0376,1]},
{"frame":14,"values":[0.9925,0.0877,-0.0857,0,-0.0067,0.7363,0.6767,0,0.1224,-0.671,0.7313,0,54.9948,-1.4671,3.0376,1]},
{"frame":15,"values":[0.9837,0.1011,-0.149,0,0.0304,0.7223,0.6909,0,0.1775,-0.6842,0.7074,0,54.9948,-1.4671,3.0376,1]},
{"frame":16,"values":[0.9706,0.1156,-0.2109,0,0.0683,0.7085,0.7024,0,0.2306,-0.6962,0.6798,0,54.9948,-1.4671,3.0376,1]},
{"frame":17,"values":[0.9905,0.085,-0.1078,0,0.0131,0.7233,0.6904,0,0.1367,-0.6853,0.7153,0,54.9948,-1.4671,3.0376,1]},
{"frame":18,"values":[0.9984,0.0563,-0.0019,0,-0.0405,0.7393,0.6721,0,0.0392,-0.671,0.7404,0,54.9948,-1.4671,3.0376,1]},
{"frame":19,"values":[0.994,0.03,0.1049,0,-0.0912,0.7563,0.6478,0,-0.0599,-0.6535,0.7545,0,54.9948,-1.4671,3.0376,1]},
{"frame":20,"values":[0.9776,0.0066,0.2105,0,-0.1383,0.7739,0.618,0,-0.1588,-0.6332,0.7575,0,54.9948,-1.4671,3.0376,1]},
{"frame":21,"values":[0.9845,-0.0775,0.1571,0,-0.0214,0.8368,0.547,0,-0.1738,-0.5419,0.8222,0,54.9948,-1.4671,3.0376,1]},
{"frame":22,"values":[0.9938,-0.0786,0.0789,0,0.0188,0.8164,0.5772,0,-0.1098,-0.5722,0.8127,0,54.9948,-1.4671,3.0376,1]}],"loopBehavior":1,"name":"anim","property":"_matrix"}},
{"name":"mixamorig:LeftHandMiddle1","index":13,"matrix":[0.2359,-0.971,0.0391,0,0.9689,0.2381,0.0669,0,-0.0743,0.0221,0.997,0,23.1821,-2.445,1.6605,1],"rest":[0.9974,-0.0561,0.045,0,0.0561,0.9984,0.0005,0,-0.045,0.002,0.999,0,23.1821,-2.445,1.6605,1],"parentBoneIndex":12,"length":6.3787
,"animation":{"dataType":3,"framePerSecond":24,"keys":[
{"frame":1,"values":[0.2359,-0.971,0.0391,0,0.9689,0.2381,0.0669,0,-0.0743,0.0221,0.997,0,23.1821,-2.445,1.6605,1]},
{"frame":2,"values":[0.2065,-0.9777,0.0394,0,0.9755,0.2088,0.0686,0,-0.0753,0.0242,0.9969,0,23.1821,-2.445,1.6605,1]},
{"frame":3,"values":[0.2016,-0.9789,0.0341,0,0.9766,0.2035,0.0692,0,-0.0747,0.0193,0.997,0,23.1821,-2.445,1.6605,1]},
{"frame":4,"values":[0.2151,-0.9762,0.0282,0,0.9739,0.2165,0.0676,0,-0.0721,0.0129,0.9973,0,23.1821,-2.445,1.6605,1]},
{"frame":5,"values":[0.261,-0.9649,0.03,0,0.9627,0.2625,0.0659,0,-0.0715,0.0116,0.9974,0,23.1821,-2.445,1.6605,1]},
{"frame":6,"values":[0.358,-0.9325,0.0485,0,0.9309,0.3605,0.0591,0,-0.0725,0.024,0.9971,0,23.1821,-2.445,1.6605,1]},
{"frame":7,"values":[0.4322,-0.8991,0.0687,0,0.8984,0.4359,0.0531,0,-0.0777,0.0388,0.9962,0,23.1821,-2.445,1.6605,1]},
{"frame":8,"values":[0.4076,-0.9107,0.0667,0,0.9099,0.4113,0.0549,0,-0.0774,0.0383,0.9963,0,23.1821,-2.445,1.6605,1]},
{"frame":9,"values":[0.3875,-0.9198,0.0618,0,0.9183,0.391,0.0619,0,-0.0811,0.0327,0.9962,0,23.1821,-2.445,1.6605,1]},
{"frame":10,"values":[0.3671,-0.9284,0.0569,0,0.9268,0.3703,0.0626,0,-0.0792,0.0297,0.9964,0,23.1821,-2.445,1.6605,1]},
{"frame":11,"values":[0.3465,-0.9366,0.052,0,0.9349,0.3494,0.0632,0,-0.0773,0.0267,0.9966,0,23.1821,-2.445,1.6605,1]},
{"frame":12,"values":[0.3258,-0.9443,0.0471,0,0.9424,0.3283,0.0636,0,-0.0755,0.0236,0.9969,0,23.1821,-2.445,1.6605,1]},
{"frame":13,"values":[0.3048,-0.9515,0.0421,0,0.9495,0.307,0.064,0,-0.0738,0.0205,0.9971,0,23.1821,-2.445,1.6605,1]},
{"frame":14,"values":[0.2838,-0.9582,0.0372,0,0.9562,0.2857,0.0642,0,-0.0721,0.0174,0.9972,0,23.1821,-2.445,1.6605,1]},
{"frame":15,"values":[0.2889,-0.9566,0.0374,0,0.9547,0.2908,0.0638,0,-0.0719,0.0172,0.9973,0,23.1821,-2.445,1.6605,1]},
{"frame":16,"values":[0.294,-0.9551,0.0376,0,0.9531,0.2958,0.0634,0,-0.0717,0.0172,0.9973,0,23.1821,-2.445,1.6605,1]},
{"frame":17,"values":[0.299,-0.9535,0.0377,0,0.9516,0.3009,0.0626,0,-0.071,0.0172,0.9973,0,23.1821,-2.445,1.6605,1]},
{"frame":18,"values":[0.3041,-0.9519,0.0379,0,0.9502,0.306,0.0594,0,-0.0681,0.018,0.9975,0,23.1821,-2.445,1.6605,1]},
{"frame":19,"values":[0.3092,-0.9502,0.0381,0,0.9488,0.311,0.0562,0,-0.0652,0.0188,0.9977,0,23.1821,-2.445,1.6605,1]},
{"frame":20,"values":[0.3143,-0.9486,0.0383,0,0.9467,0.3161,0.0615,0,-0.0704,0.0169,0.9974,0,23.1821,-2.445,1.6605,1]},
{"frame":21,"values":[0.2419,-0.9697,0.0351,0,0.9675,0.2438,0.0668,0,-0.0733,0.0178,0.9971,0,23.1821,-2.445,1.6605,1]},
{"frame":22,"values":[0.2359,-0.971,0.0391,0,0.9689,0.2381,0.0669,0,-0.0743,0.0221,0.997,0,23.1821,-2.445,1.6605,1]}],"loopBehavior":1,"name":"anim","property":"_matrix"}},
{"name":"mixamorig:LeftHandMiddle2","index":14,"matrix":[0.2512,-0.9672,0.0386,0,0.9653,0.2533,0.0642,0,-0.0719,0.0211,0.9972,0,6.3689,-0.3109,0.167,1],"rest":[0.991,0.1341,-0.0042,0,-0.1342,0.991,-0.0031,0,0.0038,0.0036,1,0,6.3689,-0.3109,0.167,1],"parentBoneIndex":13,"length":6.1483
,"animation":{"dataType":3,"framePerSecond":24,"keys":[
{"frame":1,"values":[0.2512,-0.9671,0.0403,0,0.9652,0.2534,0.0642,0,-0.0723,0.0228,0.9971,0,6.3689,-0.3109,0.167,1]},
{"frame":2,"values":[0.2161,-0.9756,0.0401,0,0.9736,0.2184,0.0664,0,-0.0735,0.0247,0.997,0,6.3689,-0.3109,0.167,1]},
{"frame":3,"values":[0.2188,-0.975,0.0399,0,0.9731,0.221,0.0643,0,-0.0715,0.0247,0.9971,0,6.3689,-0.3109,0.167,1]},
{"frame":4,"values":[0.2821,-0.9586,0.0396,0,0.9567,0.2842,0.0623,0,-0.0709,0.0204,0.9973,0,6.3689,-0.3109,0.167,1]},
{"frame":5,"values":[0.3547,-0.9341,0.0394,0,0.9321,0.3566,0.0637,0,-0.0735,0.0142,0.9972,0,6.3689,-0.3109,0.167,1]},
{"frame":6,"values":[0.3618,-0.9314,0.0392,0,0.9293,0.3637,0.0651,0,-0.0749,0.0129,0.9971,0,6.3689,-0.3109,0.167,1]},
{"frame":7,"values":[0.2911,-0.9559,0.039,0,0.9538,0.2931,0.0665,0,-0.075,0.0178,0.997,0,6.3689,-0.3109,0.167,1]},
{"frame":8,"values":[0.1904,-0.9809,0.0388,0,0.9789,0.1927,0.0679,0,-0.0741,0.025,0.9969,0,6.3689,-0.3109,0.167,1]},
{"frame":9,"values":[0.1186,-0.9922,0.0386,0,0.99,0.1212,0.0722,0,-0.0763,0.0296,0.9966,0,6.3689,-0.3109,0.167,1]},
{"frame":10,"values":[0.1464,-0.9885,0.0387,0,0.9863,0.1488,0.0705,0,-0.0755,0.0278,0.9968,0,6.3689,-0.3109,0.167,1]},
{"frame":11,"values":[0.174,-0.984,0.0388,0,0.9819,0.1764,0.0689,0,-0.0746,0.0261,0.9969,0,6.3689,-0.3109,0.167,1]},
{"frame":12,"values":[0.2015,-0.9787,0.0388,0,0.9767,0.2038,0.0672,0,-0.0737,0.0243,0.997,0,6.3689,-0.3109,0.167,1]},
{"frame":13,"values":[0.2289,-0.9727,0.0388,0,0.9707,0.231,0.0655,0,-0.0727,0.0226,0.9971,0,6.3689,-0.3109,0.167,1]},
{"frame":14,"values":[0.256,-0.9659,0.0387,0,0.964,0.2581,0.0639,0,-0.0717,0.0209,0.9972,0,6.3689,-0.3109,0.167,1]},
{"frame":15,"values":[0.283,-0.9583,0.0386,0,0.9565,0.2849,0.0622,0,-0.0706,0.0193,0.9973,0,6.3689,-0.3109,0.167,1]},
{"frame":16,"values":[0.2931,-0.9553,0.0386,0,0.9535,0.2951,0.0616,0,-0.0702,0.0187,0.9974,0,6.3689,-0.3109,0.167,1]},
{"frame":17,"values":[0.3032,-0.9521,0.0386,0,0.9504,0.3051,0.0609,0,-0.0698,0.0182,0.9974,0,6.3689,-0.3109,0.167,1]},
{"frame":18,"values":[0.3133,-0.9489,0.0386,0,0.9471,0.3152,0.0603,0,-0.0694,0.0176,0.9974,0,6.3689,-0.3109,0.167,1]},
{"frame":19,"values":[0.2953,-0.9546,0.0386,0,0.9528,0.2972,0.0614,0,-0.0701,0.0186,0.9974,0,6.3689,-0.3109,0.167,1]},
{"frame":20,"values":[0.2772,-0.96,0.0386,0,0.9582,0.2792,0.0626,0,-0.0708,0.0196,0.9973,0,6.3689,-0.3109,0.167,1]},
{"frame":21,"values":[0.259,-0.9651,0.0386,0,0.9632,0.261,0.0637,0,-0.0716,0.0207,0.9972,0,6.3689,-0.3109,0.167,1]},
{"frame":22,"values":[0.2512,-0.9672,0.0386,0,0.9653,0.2533,0.0642,0,-0.0719,0.0211,0.9972,0,6.3689,-0.3109,0.167,1]}],"loopBehavior":1,"name":"anim","property":"_matrix"}},
{"name":"mixamorig:LeftHandMiddle3","index":15,"matrix":[0.195,-0.9802,0.0346,0,0.9785,0.1968,0.0617,0,-0.0673,0.0219,0.9975,0,6.0425,-1.121,0.183,1],"rest":[1,-0.0048,-0.0038,0,0.0048,1,0.0008,0,0.0038,-0.0009,1,0,6.0425,-1.121,0.183,1],"parentBoneIndex":14,"length":6.5825
,"animation":{"dataType":3,"framePerSecond":24,"keys":[
{"frame":1,"values":[0.195,-0.9802,0.0345,0,0.9783,0.1969,0.065,0,-0.0705,0.0211,0.9973,0,6.0425,-1.121,0.183,1]},
{"frame":2,"values":[0.193,-0.9806,0.0345,0,0.9787,0.1949,0.0652,0,-0.0707,0.0212,0.9973,0,6.0425,-1.121,0.183,1]},
{"frame":3,"values":[0.1921,-0.9808,0.0345,0,0.9788,0.1941,0.0654,0,-0.0708,0.0212,0.9973,0,6.0425,-1.121,0.183,1]},
{"frame":4,"values":[0.2002,-0.9792,0.0345,0,0.9772,0.2021,0.0655,0,-0.0711,0.0206,0.9973,0,6.0425,-1.121,0.183,1]},
{"frame":5,"values":[0.2014,-0.9789,0.0344,0,0.9769,0.2033,0.0657,0,-0.0713,0.0204,0.9972,0,6.0425,-1.121,0.183,1]},
{"frame":6,"values":[0.1834,-0.9824,0.0344,0,0.9805,0.1853,0.0659,0,-0.0711,0.0217,0.9972,0,6.0425,-1.121,0.183,1]},
{"frame":7,"values":[0.1703,-0.9848,0.0344,0,0.9828,0.1723,0.0661,0,-0.071,0.0225,0.9972,0,6.0425,-1.121,0.183,1]},
