{"producer":{"name":"Blender","version":"2.79 (sub 0)","exporter_version":"5.6.4","file":"happyturnright.babylon"},
"autoClear":true,"clearColor":[0.0509,0.0509,0.0509],"ambientColor":[0,0,0],"gravity":[0,-9.81,0],
"materials":[{"name":"happyturnright.Material","id":"happyturnright.Material","ambient":[0,0,0],"diffuse":[0,0,0],"specular":[0,0,0],"emissive":[0,0,0],"specularPower":50,"alpha":0.001,"backFaceCulling":true,"checkReadyOnlyOnce":false,"maxSimultaneousLights":4}],
"multiMaterials":[],
"skeletons":[{"name":"Armature","id":0,"dimensionsAtRest":[379.1952,391.6652,55.677],"bones":[
{"name":"mixamorig:Hips","index":0,"matrix":[-0.3998,0.0409,-0.9157,0,0.0537,0.9983,0.0211,0,-0.915,0.0407,0.4014,0,-19.4956,193.8091,-21.4716,1],"rest":[1,0,0,0,0,1,0,0,0,0,-1,0,0,201.6394,0,1],"parentBoneIndex":-1,"length":21.6784
,"animation":{"dataType":3,"framePerSecond":24,"keys":[
{"frame":1,"values":[0.9935,0.0409,0.1066,0,-0.0449,0.9983,0.0361,0,0.1049,0.0407,-0.9936,0,-0.3707,193.8091,0.2244,1]},
{"frame":2,"values":[0.9994,0.0282,0.0199,0,-0.0291,0.9985,0.0461,0,0.0186,0.0466,-0.9987,0,1.8883,195.0473,-1.222,1]},
{"frame":3,"values":[0.996,0.0137,-0.0883,0,-0.0096,0.9989,0.0467,0,-0.0888,0.0456,-0.995,0,5.1343,197.1123,-3.6003,1]},
{"frame":4,"values":[0.9792,0.0084,-0.2026,0,-0.0003,0.9992,0.0399,0,-0.2028,0.039,-0.9784,0,8.3117,198.8335,-6.1124,1]},
{"frame":5,"values":[0.9493,0.0117,-0.3143,0,0.0002,0.9993,0.0378,0,-0.3145,0.0359,-0.9486,0,10.1212,199.8202,-8.5735,1]},
{"frame":6,"values":[0.9011,0.0168,-0.4333,0,0.0002,0.9992,0.0391,0,-0.4336,0.0353,-0.9004,0,10.2651,199.5814,-10.6138,1]},
{"frame":7,"values":[0.8381,0.0192,-0.5452,0,0.003,0.9992,0.0397,0,-0.5455,0.0349,-0.8374,0,7.6773,198.5727,-11.5796,1]},
{"frame":8,"values":[0.7615,0.008,-0.6481,0,0.0209,0.9991,0.0369,0,-0.6478,0.0417,-0.7607,0,5.0894,196.0613,-12.5454,1]},
{"frame":9,"values":[0.6723,-0.0012,-0.7403,0,0.038,0.9987,0.0329,0,-0.7393,0.0503,-0.6715,0,2.5015,193.5499,-11.9688,1]},
{"frame":10,"values":[0.5719,-0.0081,-0.8203,0,0.0397,0.9991,0.0179,0,-0.8194,0.0428,-0.5716,0,-0.0863,191.0385,-11.3922,1]},
{"frame":11,"values":[0.4214,0.1898,-0.8868,0,-0.002,0.978,0.2084,0,-0.9069,0.086,-0.4125,0,-2.6742,188.5272,-10.8156,1]},
{"frame":12,"values":[0.3038,0.1466,-0.9414,0,0.0187,0.987,0.1597,0,-0.9526,0.0661,-0.2971,0,-5.2621,190.5961,-12.327,1]},
{"frame":13,"values":[0.1796,0.1004,-0.9786,0,0.0331,0.9936,0.108,0,-0.9832,0.0518,-0.1751,0,-7.8499,192.6651,-13.8384,1]},
{"frame":14,"values":[0.0522,0.0526,-0.9972,0,0.0407,0.9977,0.0548,0,-0.9978,0.0434,-0.05,0,-10.4378,194.7341,-15.3498,1]},
{"frame":15,"values":[-0.0645,0.0525,-0.9965,0,0.0429,0.9978,0.0498,0,-0.997,0.0395,0.0667,0,-13.0257,196.8031,-16.8613,1]},
{"frame":16,"values":[-0.1698,0.0999,-0.9804,0,0.0484,0.9945,0.0929,0,-0.9843,0.0317,0.1737,0,-15.6135,198.872,-18.3727,1]},
{"frame":17,"values":[-0.3036,0.0288,-0.9524,0,0.0423,0.999,0.0167,0,-0.9518,0.0352,0.3045,0,-18.2014,197.1033,-19.8841,1]},
{"frame":18,"values":[-0.3998,0.0409,-0.9157,0,0.0537,0.9983,0.0211,0,-0.915,0.0407,0.4014,0,-19.4956,193.8091,-21.4716,1]}],"loopBehavior":1,"name":"anim","property":"_matrix"}},
{"name":"mixamorig:Spine","index":1,"matrix":[0.9965,-0.0162,-0.0815,0,0.029,0.987,0.1584,0,0.0779,-0.1602,0.984,0,0.0062,19.525,-2.4818,1],"rest":[1,0,0,0,0,1,0,0,0,0,1,0,0.0062,19.525,-2.4818,1],"parentBoneIndex":0,"length":23.0091
,"animation":{"dataType":3,"framePerSecond":24,"keys":[
{"frame":1,"values":[0.9965,-0.0162,-0.0815,0,0.029,0.987,0.1584,0,0.0779,-0.1602,0.984,0,0.0062,19.525,-2.4818,1]},
{"frame":2,"values":[0.9985,-0.0146,-0.0532,0,0.0234,0.9854,0.1686,0,0.05,-0.1696,0.9842,0,0.0062,19.525,-2.4818,1]},
{"frame":3,"values":[0.9994,-0.0129,-0.0336,0,0.0183,0.9861,0.1654,0,0.031,-0.1659,0.9857,0,0.0062,19.525,-2.4818,1]},
{"frame":4,"values":[0.9996,-0.0112,-0.0267,0,0.0152,0.9878,0.1553,0,0.0246,-0.1556,0.9875,0,0.0062,19.525,-2.4818,1]},
{"frame":5,"values":[0.9995,-0.0096,-0.0295,0,0.0137,0.9894,0.1444,0,0.0279,-0.1447,0.9891,0,0.0062,19.525,-2.4818,1]},
{"frame":6,"values":[0.9994,-0.0079,-0.035,0,0.0125,0.991,0.1335,0,0.0336,-0.1338,0.9904,0,0.0062,19.525,-2.4818,1]},
{"frame":7,"values":[0.999,-0.0062,-0.0451,0,0.0117,0.9922,0.1242,0,0.044,-0.1246,0.9912,0,0.0062,19.525,-2.4818,1]},
{"frame":8,"values":[0.9985,-0.0045,-0.0552,0,0.011,0.9929,0.1183,0,0.0543,-0.1187,0.9914,0,0.0062,19.525,-2.4818,1]},
{"frame":9,"values":[0.9979,-0.0028,-0.0653,0,0.0114,0.9913,0.1314,0,0.0643,-0.1319,0.9892,0,0.0062,19.525,-2.4818,1]},
{"frame":10,"values":[0.9972,-0.0014,-0.0754,0,0.0124,0.9894,0.1445,0,0.0744,-0.145,0.9866,0,0.0062,19.525,-2.4818,1]},
{"frame":11,"values":[0.9963,0.0001,-0.0854,0,0.0135,0.9874,0.1576,0,0.0844,-0.1581,0.9838,0,0.0062,19.525,-2.4818,1]},
{"frame":12,"values":[0.9954,0.0016,-0.0955,0,0.013,0.9883,0.1518,0,0.0946,-0.1523,0.9838,0,0.0062,19.525,-2.4818,1]},
{"frame":13,"values":[0.9944,0.003,-0.1055,0,0.0125,0.9892,0.146,0,0.1048,-0.1465,0.9836,0,0.0062,19.525,-2.4818,1]},
{"frame":14,"values":[0.9933,0.0044,-0.1156,0,0.0119,0.99,0.1403,0,0.1151,-0.1407,0.9833,0,0.0062,19.525,-2.4818,1]},
{"frame":15,"values":[0.9921,0.0057,-0.1256,0,0.0113,0.9909,0.1345,0,0.1253,-0.1348,0.9829,0,0.0062,19.525,-2.4818,1]},
{"frame":16,"values":[0.9931,0.0072,-0.1174,0,0.0081,0.9916,0.129,0,0.1173,-0.1291,0.9847,0,0.0062,19.525,-2.4818,1]},
{"frame":17,"values":[0.994,-0.0045,-0.1091,0,0.0193,0.9907,0.1349,0,0.1075,-0.1362,0.9848,0,0.0062,19.525,-2.4818,1]},
{"frame":18,"values":[0.9965,-0.0162,-0.0815,0,0.029,0.987,0.1584,0,0.0779,-0.1602,0.984,0,0.0062,19.525,-2.4818,1]}],"loopBehavior":1,"name":"anim","property":"_matrix"}},
{"name":"mixamorig:Spine1","index":2,"matrix":[0.9997,0.0027,-0.0225,0,-0.0024,0.9999,0.0155,0,0.0225,-0.0154,0.9996,0,-0.0009,22.835,-2.8254,1],"rest":[1,0,0,0,0,1,0,0,0,0,1,0,-0.0009,22.835,-2.8254,1],"parentBoneIndex":1,"length":26.7438
,"animation":{"dataType":3,"framePerSecond":24,"keys":[
{"frame":1,"values":[0.9997,0.0027,-0.0225,0,-0.0024,0.9999,0.0155,0,0.0225,-0.0154,0.9996,0,-0.0009,22.835,-2.8254,1]},
{"frame":2,"values":[0.9999,0.0027,-0.0146,0,-0.0025,0.9999,0.0158,0,0.0146,-0.0158,0.9998,0,-0.0009,22.835,-2.8254,1]},
{"frame":3,"values":[1,0.0027,-0.009,0,-0.0026,0.9999,0.0161,0,0.009,-0.0161,0.9998,0,-0.0009,22.835,-2.8254,1]},
{"frame":4,"values":[1,0.0027,-0.007,0,-0.0026,0.9999,0.0164,0,0.0071,-0.0164,0.9998,0,-0.0009,22.835,-2.8254,1]},
{"frame":5,"values":[1,0.0027,-0.0078,0,-0.0026,0.9999,0.0168,0,0.0078,-0.0167,0.9998,0,-0.0009,22.835,-2.8254,1]},
{"frame":6,"values":[1,0.0027,-0.0093,0,-0.0026,0.9999,0.0171,0,0.0094,-0.0171,0.9998,0,-0.0009,22.835,-2.8254,1]},
{"frame":7,"values":[0.9999,0.0027,-0.0121,0,-0.0025,0.9998,0.0174,0,0.0122,-0.0174,0.9998,0,-0.0009,22.835,-2.8254,1]},
{"frame":8,"values":[0.9999,0.0027,-0.015,0,-0.0025,0.9998,0.0177,0,0.015,-0.0177,0.9997,0,-0.0009,22.835,-2.8254,1]},
{"frame":9,"values":[0.9998,0.0027,-0.0178,0,-0.0024,0.9998,0.0181,0,0.0179,-0.018,0.9997,0,-0.0009,22.835,-2.8254,1]},
{"frame":10,"values":[0.9998,0.0027,-0.0207,0,-0.0024,0.9998,0.0184,0,0.0207,-0.0183,0.9996,0,-0.0009,22.835,-2.8254,1]},
{"frame":11,"values":[0.9997,0.0027,-0.0235,0,-0.0023,0.9998,0.0187,0,0.0236,-0.0186,0.9995,0,-0.0009,22.835,-2.8254,1]},
{"frame":12,"values":[0.9996,0.0027,-0.0264,0,-0.0022,0.9998,0.019,0,0.0264,-0.019,0.9995,0,-0.0009,22.835,-2.8254,1]},
{"frame":13,"values":[0.9996,0.0027,-0.0292,0,-0.0022,0.9998,0.0184,0,0.0292,-0.0184,0.9994,0,-0.0009,22.835,-2.8254,1]},
{"frame":14,"values":[0.9995,0.0027,-0.032,0,-0.0022,0.9998,0.0178,0,0.0321,-0.0178,0.9993,0,-0.0009,22.835,-2.8254,1]},
{"frame":15,"values":[0.9994,0.0027,-0.0349,0,-0.0021,0.9998,0.0172,0,0.0349,-0.0172,0.9992,0,-0.0009,22.835,-2.8254,1]},
{"frame":16,"values":[0.9995,0.0027,-0.0326,0,-0.0022,0.9999,0.0166,0,0.0326,-0.0166,0.9993,0,-0.0009,22.835,-2.8254,1]},
{"frame":17,"values":[0.9995,0.0027,-0.0302,0,-0.0023,0.9999,0.0161,0,0.0303,-0.016,0.9994,0,-0.0009,22.835,-2.8254,1]},
{"frame":18,"values":[0.9997,0.0027,-0.0225,0,-0.0024,0.9999,0.0155,0,0.0225,-0.0154,0.9996,0,-0.0009,22.835,-2.8254,1]}],"loopBehavior":1,"name":"anim","property":"_matrix"}},
{"name":"mixamorig:Spine2","index":3,"matrix":[0.9997,0.0026,-0.0223,0,-0.0022,0.9999,0.0156,0,0.0223,-0.0155,0.9996,0,-0.0206,26.5525,-3.1933,1],"rest":[1,0,0,0,0,1,0,0,0,0,1,0,-0.0206,26.5525,-3.1933,1],"parentBoneIndex":2,"length":24.825
,"animation":{"dataType":3,"framePerSecond":24,"keys":[
{"frame":1,"values":[0.9997,0.0026,-0.0223,0,-0.0022,0.9999,0.0156,0,0.0223,-0.0155,0.9996,0,-0.0206,26.5525,-3.1933,1]},
{"frame":2,"values":[0.9999,0.0026,-0.0144,0,-0.0024,0.9999,0.0159,0,0.0144,-0.0158,0.9998,0,-0.0206,26.5525,-3.1933,1]},
{"frame":3,"values":[1,0.0026,-0.0087,0,-0.0025,0.9999,0.0162,0,0.0087,-0.0162,0.9998,0,-0.0206,26.5525,-3.1933,1]},
{"frame":4,"values":[1,0.0026,-0.0067,0,-0.0025,0.9999,0.0165,0,0.0067,-0.0165,0.9998,0,-0.0206,26.5525,-3.1933,1]},
{"frame":5,"values":[1,0.0026,-0.0075,0,-0.0025,0.9999,0.0168,0,0.0076,-0.0168,0.9998,0,-0.0206,26.5525,-3.1933,1]},
{"frame":6,"values":[1,0.0026,-0.0091,0,-0.0024,0.9998,0.0172,0,0.0091,-0.0171,0.9998,0,-0.0206,26.5525,-3.1933,1]},
{"frame":7,"values":[0.9999,0.0026,-0.0119,0,-0.0024,0.9998,0.0175,0,0.012,-0.0175,0.9998,0,-0.0206,26.5525,-3.1933,1]},
{"frame":8,"values":[0.9999,0.0026,-0.0148,0,-0.0023,0.9998,0.0178,0,0.0148,-0.0178,0.9997,0,-0.0206,26.5525,-3.1933,1]},
{"frame":9,"values":[0.9998,0.0026,-0.0176,0,-0.0023,0.9998,0.0181,0,0.0177,-0.0181,0.9997,0,-0.0206,26.5525,-3.1933,1]},
{"frame":10,"values":[0.9998,0.0026,-0.0205,0,-0.0022,0.9998,0.0184,0,0.0205,-0.0184,0.9996,0,-0.0206,26.5525,-3.1933,1]},
{"frame":11,"values":[0.9997,0.0026,-0.0233,0,-0.0022,0.9998,0.0188,0,0.0234,-0.0187,0.9996,0,-0.0206,26.5525,-3.1933,1]},
{"frame":12,"values":[0.9997,0.0026,-0.0262,0,-0.0021,0.9998,0.0191,0,0.0262,-0.019,0.9995,0,-0.0206,26.5525,-3.1933,1]},
{"frame":13,"values":[0.9996,0.0026,-0.029,0,-0.0021,0.9998,0.0185,0,0.029,-0.0184,0.9994,0,-0.0206,26.5525,-3.1933,1]},
{"frame":14,"values":[0.9995,0.0026,-0.0318,0,-0.002,0.9998,0.0179,0,0.0319,-0.0178,0.9993,0,-0.0206,26.5525,-3.1933,1]},
{"frame":15,"values":[0.9994,0.0026,-0.0347,0,-0.002,0.9998,0.0173,0,0.0347,-0.0172,0.9992,0,-0.0206,26.5525,-3.1933,1]},
{"frame":16,"values":[0.9995,0.0026,-0.0323,0,-0.0021,0.9999,0.0167,0,0.0324,-0.0167,0.9993,0,-0.0206,26.5525,-3.1933,1]},
{"frame":17,"values":[0.9995,0.0026,-0.03,0,-0.0021,0.9999,0.0161,0,0.0301,-0.0161,0.9994,0,-0.0206,26.5525,-3.1933,1]},
{"frame":18,"values":[0.9997,0.0026,-0.0223,0,-0.0022,0.9999,0.0156,0,0.0223,-0.0155,0.9996,0,-0.0206,26.5525,-3.1933,1]}],"loopBehavior":1,"name":"anim","property":"_matrix"}},
{"name":"mixamorig:Neck","index":4,"matrix":[0.9911,0.007,0.1328,0,-0.0041,0.9998,-0.0215,0,-0.1329,0.0208,0.9909,0,-0.06,30.7018,1.3522,1],"rest":[1,0,0,0,0,1,0,0,0,0,1,0,-0.06,30.7018,1.3522,1],"parentBoneIndex":3,"length":22.8446
,"animation":{"dataType":3,"framePerSecond":24,"keys":[
{"frame":1,"values":[0.9918,0.007,0.1276,0,-0.0044,0.9998,-0.0204,0,-0.1278,0.0197,0.9916,0,-0.06,30.7018,1.3522,1]},
{"frame":2,"values":[0.9918,0.0062,0.1278,0,-0.0039,0.9998,-0.0182,0,-0.1279,0.0176,0.9916,0,-0.06,30.7018,1.3522,1]},
{"frame":3,"values":[0.9918,0.0054,0.1281,0,-0.0034,0.9999,-0.016,0,-0.1281,0.0155,0.9916,0,-0.06,30.7018,1.3522,1]},
{"frame":4,"values":[0.9917,0.0047,0.1283,0,-0.0029,0.9999,-0.0138,0,-0.1283,0.0133,0.9916,0,-0.06,30.7018,1.3522,1]},
{"frame":5,"values":[0.9917,0.0052,0.1285,0,-0.0037,0.9999,-0.0116,0,-0.1285,0.0111,0.9916,0,-0.06,30.7018,1.3522,1]},
{"frame":6,"values":[0.9917,0.0056,0.1287,0,-0.004,0.9999,-0.0125,0,-0.1287,0.0119,0.9916,0,-0.06,30.7018,1.3522,1]},
{"frame":7,"values":[0.9916,0.0061,0.1289,0,-0.0044,0.9999,-0.0134,0,-0.129,0.0128,0.9916,0,-0.06,30.7018,1.3522,1]},
{"frame":8,"values":[0.9916,0.0066,0.1291,0,-0.0048,0.9999,-0.0143,0,-0.1292,0.0136,0.9915,0,-0.06,30.7018,1.3522,1]},
{"frame":9,"values":[0.9916,0.0071,0.1293,0,-0.0051,0.9999,-0.0152,0,-0.1294,0.0144,0.9915,0,-0.06,30.7018,1.3522,1]},
{"frame":10,"values":[0.9915,0.0075,0.1295,0,-0.0055,0.9999,-0.0161,0,-0.1296,0.0153,0.9914,0,-0.06,30.7018,1.3522,1]},
{"frame":11,"values":[0.9915,0.008,0.1297,0,-0.0058,0.9998,-0.017,0,-0.1298,0.0161,0.9914,0,-0.06,30.7018,1.3522,1]},
{"frame":12,"values":[0.9915,0.0085,0.1299,0,-0.0062,0.9998,-0.0179,0,-0.1301,0.017,0.9914,0,-0.06,30.7018,1.3522,1]},
{"frame":13,"values":[0.9913,0.009,0.1314,0,-0.0065,0.9998,-0.0188,0,-0.1315,0.0178,0.9912,0,-0.06,30.7018,1.3522,1]},
{"frame":14,"values":[0.9911,0.0094,0.1328,0,-0.0069,0.9998,-0.0197,0,-0.133,0.0186,0.9909,0,-0.06,30.7018,1.3522,1]},
{"frame":15,"values":[0.9911,0.0099,0.1328,0,-0.0072,0.9998,-0.0206,0,-0.133,0.0195,0.9909,0,-0.06,30.7018,1.3522,1]},
{"frame":16,"values":[0.9911,0.0104,0.1328,0,-0.0076,0.9997,-0.0215,0,-0.133,0.0203,0.9909,0,-0.06,30.7018,1.3522,1]},
{"frame":17,"values":[0.9911,0.0087,0.1328,0,-0.0059,0.9998,-0.0215,0,-0.1329,0.0206,0.9909,0,-0.06,30.7018,1.3522,1]},
{"frame":18,"values":[0.9911,0.007,0.1328,0,-0.0041,0.9998,-0.0215,0,-0.1329,0.0208,0.9909,0,-0.06,30.7018,1.3522,1]}],"loopBehavior":1,"name":"anim","property":"_matrix"}},
{"name":"mixamorig:Head","index":5,"matrix":[0.531,0.2261,0.8167,0,-0.2967,0.9523,-0.0707,0,-0.7937,-0.2048,0.5728,0,-0.0872,22.5476,3.6709,1],"rest":[1,0,0,0,0,1,0,0,0,0,1,0,-0.0872,22.5476,3.6709,1],"parentBoneIndex":4,"length":30.5923
,"animation":{"dataType":3,"framePerSecond":24,"keys":[
{"frame":1,"values":[0.531,0.2261,0.8167,0,-0.2967,0.9523,-0.0707,0,-0.7937,-0.2048,0.5728,0,-0.0872,22.5476,3.6709,1]},
{"frame":2,"values":[0.5367,0.2237,0.8136,0,-0.3006,0.9517,-0.0633,0,-0.7884,-0.2106,0.578,0,-0.0872,22.5476,3.6709,1]},
{"frame":3,"values":[0.5463,0.2114,0.8105,0,-0.2872,0.9562,-0.0558,0,-0.7868,-0.2023,0.5831,0,-0.0872,22.5476,3.6709,1]},
{"frame":4,"values":[0.56,0.2019,0.8035,0,-0.2764,0.9598,-0.0485,0,-0.781,-0.195,0.5933,0,-0.0872,22.5476,3.6709,1]},
{"frame":5,"values":[0.5684,0.1924,0.8,0,-0.2686,0.9624,-0.0407,0,-0.7777,-0.1918,0.5987,0,-0.0872,22.5476,3.6709,1]},
{"frame":6,"values":[0.5748,0.1861,0.7969,0,-0.2666,0.9633,-0.0326,0,-0.7737,-0.1937,0.6033,0,-0.0872,22.5476,3.6709,1]},
{"frame":7,"values":[0.58,0.1814,0.7942,0,-0.2677,0.9632,-0.0245,0,-0.7694,-0.1984,0.6072,0,-0.0872,22.5476,3.6709,1]},
{"frame":8,"values":[0.5741,0.1788,0.799,0,-0.2687,0.963,-0.0225,0,-0.7734,-0.2018,0.6009,0,-0.0872,22.5476,3.6709,1]},
{"frame":9,"values":[0.5575,0.1841,0.8095,0,-0.2627,0.9641,-0.0383,0,-0.7875,-0.1913,0.5858,0,-0.0872,22.5476,3.6709,1]},
{"frame":10,"values":[0.5406,0.1895,0.8197,0,-0.2564,0.9651,-0.054,0,-0.8013,-0.1809,0.5703,0,-0.0872,22.5476,3.6709,1]},
{"frame":11,"values":[0.5236,0.1951,0.8293,0,-0.2497,0.9658,-0.0696,0,-0.8146,-0.1706,0.5544,0,-0.0872,22.5476,3.6709,1]},
{"frame":12,"values":[0.5263,0.2072,0.8247,0,-0.2688,0.9607,-0.0698,0,-0.8067,-0.1849,0.5612,0,-0.0872,22.5476,3.6709,1]},
{"frame":13,"values":[0.5213,0.2163,0.8255,0,-0.2855,0.9558,-0.0701,0,-0.8042,-0.1991,0.56,0,-0.0872,22.5476,3.6709,1]},
{"frame":14,"values":[0.5208,0.2144,0.8263,0,-0.2834,0.9565,-0.0695,0,-0.8052,-0.198,0.5589,0,-0.0872,22.5476,3.6709,1]},
{"frame":15,"values":[0.5256,0.2146,0.8232,0,-0.2818,0.957,-0.0695,0,-0.8027,-0.1955,0.5635,0,-0.0872,22.5476,3.6709,1]},
{"frame":16,"values":[0.5304,0.2147,0.8201,0,-0.2785,0.9578,-0.0707,0,-0.8007,-0.1909,0.5678,0,-0.0872,22.5476,3.6709,1]},
{"frame":17,"values":[0.5329,0.2204,0.817,0,-0.2851,0.9558,-0.0719,0,-0.7967,-0.1946,0.5722,0,-0.0872,22.5476,3.6709,1]},
{"frame":18,"values":[0.531,0.2261,0.8167,0,-0.2967,0.9523,-0.0707,0,-0.7937,-0.2048,0.5728,0,-0.0872,22.5476,3.6709,1]}],"loopBehavior":1,"name":"anim","property":"_matrix"}},
{"name":"mixamorig:HeadTop_End","index":6,"matrix":[1,0,0,0,0,1,0,0,0,0,1,0,-0.8306,40.3552,7.8935,1],"rest":[1,0,0,0,0,1,0,0,0,0,1,0,-0.8306,40.3552,7.8935,1],"parentBoneIndex":5,"length":30.5923
,"animation":{"dataType":3,"framePerSecond":24,"keys":[
{"frame":1,"values":[1,0,0,0,0,1,0,0,0,0,1,0,-0.8306,40.3552,7.8935,1]},
{"frame":18,"values":[1,0,0,0,0,1,0,0,0,0,1,0,-0.8306,40.3552,7.8935,1]}],"loopBehavior":1,"name":"anim","property":"_matrix"}},
{"name":"mixamorig:RightEye","index":7,"matrix":[1,0,0,0,0,1,0,0,0,0,1,0,-6.3021,18.1186,16.1971,1],"rest":[1,0,0,0,0,1,0,0,0,0,1,0,-6.3021,18.1186,16.1971,1],"parentBoneIndex":5,"length":30.5923
,"animation":{"dataType":3,"framePerSecond":24,"keys":[
{"frame":1,"values":[1,0,0,0,0,1,0,0,0,0,1,0,-6.3021,18.1186,16.1971,1]},
{"frame":18,"values":[1,0,0,0,0,1,0,0,0,0,1,0,-6.3021,18.1186,16.1971,1]}],"loopBehavior":1,"name":"anim","property":"_matrix"}},
{"name":"mixamorig:LeftEye","index":8,"matrix":[1,0,0,0,0,1,0,0,0,0,1,0,6.7415,18.3827,16.4019,1],"rest":[1,0,0,0,0,1,0,0,0,0,1,0,6.7415,18.3827,16.4019,1],"parentBoneIndex":5,"length":30.5923
,"animation":{"dataType":3,"framePerSecond":24,"keys":[
{"frame":1,"values":[1,0,0,0,0,1,0,0,0,0,1,0,6.7415,18.3827,16.4019,1]},
{"frame":18,"values":[1,0,0,0,0,1,0,0,0,0,1,0,6.7415,18.3827,16.4019,1]}],"loopBehavior":1,"name":"anim","property":"_matrix"}},
{"name":"mixamorig:LeftShoulder","index":9,"matrix":[0.9678,-0.2413,-0.0722,0,0.2418,0.9703,-0.0019,0,0.0705,-0.0156,0.9974,0,11.9249,18.2305,1.4254,1],"rest":[1,0.0062,0,0,-0.0062,1,0,0,0,0,1,0,11.9249,18.2305,1.4254,1],"parentBoneIndex":3,"length":25.9773
,"animation":{"dataType":3,"framePerSecond":24,"keys":[
{"frame":1,"values":[0.9678,-0.2413,-0.0722,0,0.2418,0.9703,-0.0019,0,0.0705,-0.0156,0.9974,0,11.9249,18.2305,1.4254,1]},
{"frame":2,"values":[0.9725,-0.2262,-0.0555,0,0.2266,0.974,0.0005,0,0.054,-0.013,0.9985,0,11.9249,18.2305,1.4254,1]},
{"frame":3,"values":[0.9718,-0.2293,-0.0549,0,0.2297,0.9733,0.0008,0,0.0532,-0.0134,0.9985,0,11.9249,18.2305,1.4254,1]},
{"frame":4,"values":[0.9696,-0.237,-0.0607,0,0.2375,0.9714,0.0002,0,0.0589,-0.0146,0.9982,0,11.9249,18.2305,1.4254,1]},
{"frame":5,"values":[0.9695,-0.2359,-0.067,0,0.2364,0.9717,-0.001,0,0.0653,-0.0149,0.9978,0,11.9249,18.2305,1.4254,1]},
{"frame":6,"values":[0.9696,-0.235,-0.0678,0,0.2355,0.9719,-0.0014,0,0.0662,-0.0146,0.9977,0,11.9249,18.2305,1.4254,1]},
{"frame":7,"values":[0.9695,-0.2341,-0.0719,0,0.2346,0.9721,-0.0018,0,0.0703,-0.0151,0.9974,0,11.9249,18.2305,1.4254,1]},
{"frame":8,"values":[0.97,-0.2334,-0.0688,0,0.2338,0.9723,-0.0022,0,0.0674,-0.014,0.9976,0,11.9249,18.2305,1.4254,1]},
{"frame":9,"values":[0.9704,-0.2326,-0.0658,0,0.2329,0.9725,-0.0026,0,0.0646,-0.0128,0.9978,0,11.9249,18.2305,1.4254,1]},
{"frame":10,"values":[0.9707,-0.2318,-0.0627,0,0.2321,0.9727,-0.003,0,0.0617,-0.0116,0.998,0,11.9249,18.2305,1.4254,1]},
{"frame":11,"values":[0.9711,-0.231,-0.0596,0,0.2312,0.9729,-0.0034,0,0.0588,-0.0104,0.9982,0,11.9249,18.2305,1.4254,1]},
{"frame":12,"values":[0.9715,-0.2302,-0.0565,0,0.2303,0.9731,-0.0039,0,0.0558,-0.0093,0.9984,0,11.9249,18.2305,1.4254,1]},
{"frame":13,"values":[0.9713,-0.2293,-0.0638,0,0.2294,0.9733,-0.0043,0,0.063,-0.0105,0.998,0,11.9249,18.2305,1.4254,1]},
{"frame":14,"values":[0.971,-0.2283,-0.0711,0,0.2285,0.9735,-0.0047,0,0.0702,-0.0117,0.9975,0,11.9249,18.2305,1.4254,1]},
{"frame":15,"values":[0.9707,-0.2273,-0.0783,0,0.2276,0.9737,-0.0051,0,0.0774,-0.0129,0.9969,0,11.9249,18.2305,1.4254,1]},
{"frame":16,"values":[0.9703,-0.2264,-0.0856,0,0.2267,0.9739,-0.0055,0,0.0846,-0.0141,0.9963,0,11.9249,18.2305,1.4254,1]},
{"frame":17,"values":[0.9698,-0.2254,-0.0929,0,0.2258,0.9741,-0.0059,0,0.0918,-0.0152,0.9957,0,11.9249,18.2305,1.4254,1]},
{"frame":18,"values":[0.9678,-0.2413,-0.0722,0,0.2418,0.9703,-0.0019,0,0.0705,-0.0156,0.9974,0,11.9249,18.2305,1.4254,1]}],"loopBehavior":1,"name":"anim","property":"_matrix"}},
{"name":"mixamorig:LeftArm","index":10,"matrix":[0.4761,-0.7899,-0.3865,0,0.8673,0.3491,0.3548,0,-0.1453,-0.5041,0.8513,0,25.4312,-0.8546,-5.2293,1],"rest":[0.9983,0.0295,0.0512,0,-0.0294,0.9996,-0.0017,0,-0.0512,0.0002,0.9987,0,25.4312,-0.8546,-5.2293,1],"parentBoneIndex":9,"length":54.6848
,"animation":{"dataType":3,"framePerSecond":24,"keys":[
{"frame":1,"values":[0.4761,-0.7899,-0.3865,0,0.8673,0.3492,0.3548,0,-0.1453,-0.5041,0.8513,0,25.4312,-0.8546,-5.2293,1]},
{"frame":2,"values":[0.4696,-0.8127,-0.345,0,0.8779,0.3884,0.2801,0,-0.0937,-0.4344,0.8958,0,25.4312,-0.8546,-5.2293,1]},
{"frame":3,"values":[0.467,-0.8281,-0.3101,0,0.8834,0.4217,0.2041,0,-0.0382,-0.3693,0.9285,0,25.4312,-0.8546,-5.2293,1]},
{"frame":4,"values":[0.4709,-0.8387,-0.2735,0,0.8814,0.4342,0.1862,0,-0.0374,-0.3287,0.9437,0,25.4312,-0.8547,-5.2293,1]},
{"frame":5,"values":[0.4732,-0.8484,-0.2372,0,0.8793,0.4387,0.1851,0,-0.053,-0.2962,0.9536,0,25.4312,-0.8546,-5.2293,1]},
{"frame":6,"values":[0.4692,-0.8575,-0.2109,0,0.8812,0.439,0.1757,0,-0.0581,-0.2683,0.9616,0,25.4312,-0.8546,-5.2293,1]},
{"frame":7,"values":[0.4735,-0.8593,-0.1933,0,0.877,0.4395,0.1944,0,-0.0821,-0.2616,0.9617,0,25.4312,-0.8546,-5.2293,1]},
{"frame":8,"values":[0.4741,-0.8555,-0.2081,0,0.8758,0.4339,0.2116,0,-0.0907,-0.2826,0.9549,0,25.4312,-0.8546,-5.2293,1]},
{"frame":9,"values":[0.4749,-0.8514,-0.2228,0,0.8744,0.4279,0.2286,0,-0.0993,-0.3034,0.9477,0,25.4312,-0.8546,-5.2293,1]},
{"frame":10,"values":[0.4758,-0.8469,-0.2375,0,0.8729,0.4216,0.2455,0,-0.1078,-0.3241,0.9399,0,25.4312,-0.8546,-5.2293,1]},
{"frame":11,"values":[0.4768,-0.8421,-0.252,0,0.8713,0.4149,0.2623,0,-0.1163,-0.3446,0.9315,0,25.4312,-0.8546,-5.2293,1]},
{"frame":12,"values":[0.4697,-0.8263,-0.3109,0,0.8767,0.3952,0.2742,0,-0.1037,-0.4013,0.91,0,25.4312,-0.8546,-5.2293,1]},
{"frame":13,"values":[0.4617,-0.8068,-0.3687,0,0.8823,0.3747,0.2848,0,-0.0916,-0.4567,0.8849,0,25.4312,-0.8546,-5.2293,1]},
{"frame":14,"values":[0.4529,-0.7838,-0.4249,0,0.888,0.3537,0.294,0,-0.0801,-0.5105,0.8562,0,25.4312,-0.8546,-5.2293,1]},
{"frame":15,"values":[0.4528,-0.7787,-0.4343,0,0.887,0.3438,0.3083,0,-0.0908,-0.5248,0.8464,0,25.4312,-0.8546,-5.2293,1]},
{"frame":16,"values":[0.4527,-0.7735,-0.4435,0,0.8858,0.3336,0.3225,0,-0.1015,-0.5389,0.8362,0,25.4312,-0.8547,-5.2293,1]},
{"frame":17,"values":[0.4528,-0.7681,-0.4527,0,0.8845,0.3231,0.3365,0,-0.1122,-0.5528,0.8257,0,25.4312,-0.8547,-5.2293,1]},
{"frame":18,"values":[0.4761,-0.7899,-0.3865,0,0.8673,0.3491,0.3548,0,-0.1453,-0.5041,0.8513,0,25.4312,-0.8546,-5.2293,1]}],"loopBehavior":1,"name":"anim","property":"_matrix"}},
{"name":"mixamorig:LeftForeArm","index":11,"matrix":[0.7811,-0.0011,0.6245,0,0.0147,0.9998,-0.0167,0,-0.6243,0.0222,0.7809,0,54.5783,-1.9463,-2.8009,1],"rest":[0.9943,-0.0088,-0.1062,0,0.0091,1,0.0028,0,0.1061,-0.0038,0.9943,0,54.5783,-1.9463,-2.8009,1],"parentBoneIndex":10,"length":55.0982
,"animation":{"dataType":3,"framePerSecond":24,"keys":[
{"frame":1,"values":[0.7811,-0.0011,0.6245,0,0.0147,0.9998,-0.0167,0,-0.6243,0.0222,0.7809,0,54.5783,-1.9463,-2.8009,1]},
{"frame":2,"values":[0.7405,0.0004,0.6721,0,0.0158,0.9997,-0.018,0,-0.6719,0.0239,0.7403,0,54.5783,-1.9463,-2.8009,1]},
{"frame":3,"values":[0.6471,0.0037,0.7624,0,0.0183,0.9996,-0.0204,0,-0.7622,0.0271,0.6468,0,54.5783,-1.9463,-2.8009,1]},
{"frame":4,"values":[0.4896,0.0093,0.8719,0,0.0225,0.9995,-0.0233,0,-0.8717,0.031,0.4891,0,54.5783,-1.9463,-2.8009,1]},
{"frame":5,"values":[0.3314,0.015,0.9434,0,0.0267,0.9993,-0.0252,0,-0.9431,0.0335,0.3308,0,54.5783,-1.9463,-2.8009,1]},
{"frame":6,"values":[0.2016,0.0196,0.9793,0,0.0301,0.9992,-0.0262,0,-0.979,0.0348,0.2009,0,54.5783,-1.9463,-2.8009,1]},
{"frame":7,"values":[0.2621,0.0175,0.9649,0,0.0285,0.9993,-0.0258,0,-0.9646,0.0343,0.2614,0,54.5783,-1.9463,-2.8009,1]},
{"frame":8,"values":[0.322,0.0153,0.9466,0,0.0269,0.9993,-0.0253,0,-0.9464,0.0336,0.3214,0,54.5783,-1.9462,-2.8009,1]},
{"frame":9,"values":[0.381,0.0132,0.9245,0,0.0254,0.9994,-0.0247,0,-0.9242,0.0329,0.3804,0,54.5783,-1.9463,-2.8009,1]},
{"frame":10,"values":[0.4387,0.0112,0.8986,0,0.0238,0.9994,-0.024,0,-0.8983,0.0319,0.4382,0,54.5783,-1.9463,-2.8009,1]},
{"frame":11,"values":[0.4948,0.0092,0.869,0,0.0223,0.9995,-0.0232,0,-0.8687,0.0309,0.4943,0,54.5783,-1.9463,-2.8009,1]},
{"frame":12,"values":[0.5489,0.0072,0.8359,0,0.0209,0.9995,-0.0223,0,-0.8356,0.0297,0.5485,0,54.5783,-1.9463,-2.8009,1]},
{"frame":13,"values":[0.6006,0.0054,0.7995,0,0.0195,0.9996,-0.0214,0,-0.7993,0.0284,0.6003,0,54.5783,-1.9463,-2.8009,1]},
{"frame":14,"values":[0.6498,0.0036,0.7601,0,0.0182,0.9996,-0.0203,0,-0.7599,0.027,0.6495,0,54.5783,-1.9463,-2.8009,1]},
{"frame":15,"values":[0.6961,0.002,0.7179,0,0.017,0.9997,-0.0192,0,-0.7177,0.0255,0.6959,0,54.5783,-1.9463,-2.8009,1]},
{"frame":16,"values":[0.7394,0.0004,0.6733,0,0.0158,0.9997,-0.018,0,-0.6731,0.024,0.7392,0,54.5783,-1.9463,-2.8009,1]},
{"frame":17,"values":[0.7464,0.0002,0.6655,0,0.0156,0.9997,-0.0178,0,-0.6653,0.0237,0.7462,0,54.5783,-1.9463,-2.8009,1]},
{"frame":18,"values":[0.7811,-0.0011,0.6245,0,0.0147,0.9998,-0.0167,0,-0.6243,0.0222,0.7809,0,54.5783,-1.9463,-2.8009,1]}],"loopBehavior":1,"name":"anim","property":"_matrix"}},
{"name":"mixamorig:LeftHand","index":12,"matrix":[0.9566,-0.0249,0.2902,0,-0.2129,0.6203,0.7549,0,-0.1989,-0.7839,0.5881,0,54.9948,-1.4671,3.0376,1],"rest":[0.9961,0.088,0.001,0,-0.0871,0.9842,0.154,0,0.0125,-0.1535,0.9881,0,54.9948,-1.4671,3.0376,1],"parentBoneIndex":11,"length":20.3347
,"animation":{"dataType":3,"framePerSecond":24,"keys":[
{"frame":1,"values":[0.9566,-0.0249,0.2902,0,-0.2129,0.6203,0.7549,0,-0.1989,-0.7839,0.5881,0,54.9948,-1.4671,3.0376,1]},
{"frame":2,"values":[0.9253,0.1003,0.3659,0,-0.3006,0.7822,0.5457,0,-0.2315,-0.6149,0.7539,0,54.9948,-1.4671,3.0376,1]},
{"frame":3,"values":[0.8989,0.227,0.3749,0,-0.3223,0.922,0.2145,0,-0.297,-0.3136,0.9019,0,54.9948,-1.4671,3.0376,1]},
{"frame":4,"values":[0.9074,0.2964,0.2978,0,-0.3297,0.9417,0.0672,0,-0.2606,-0.1591,0.9523,0,54.9948,-1.4671,3.0376,1]},
{"frame":5,"values":[0.9132,0.3348,0.2324,0,-0.3483,0.9372,0.0188,0,-0.2115,-0.0981,0.9724,0,54.9948,-1.4671,3.0376,1]},
{"frame":6,"values":[0.9152,0.3346,0.2246,0,-0.3564,0.9322,0.0635,0,-0.1881,-0.1381,0.9724,0,54.9948,-1.4671,3.0376,1]},
{"frame":7,"values":[0.9101,0.3324,0.2474,0,-0.3682,0.9227,0.1146,0,-0.1901,-0.1954,0.9621,0,54.9948,-1.4671,3.0376,1]},
{"frame":8,"values":[0.9186,0.2991,0.2583,0,-0.3506,0.9184,0.1835,0,-0.1824,-0.2591,0.9485,0,54.9948,-1.4671,3.0376,1]},
{"frame":9,"values":[0.9267,0.2646,0.2668,0,-0.3322,0.9089,0.2522,0,-0.1758,-0.3224,0.9301,0,54.9948,-1.4671,3.0376,1]},
{"frame":10,"values":[0.9343,0.2293,0.2729,0,-0.313,0.8941,0.3204,0,-0.1705,-0.3847,0.9071,0,54.9948,-1.4671,3.0376,1]},
{"frame":11,"values":[0.9414,0.1933,0.2763,0,-0.2931,0.8741,0.3873,0,-0.1666,-0.4456,0.8796,0,54.9948,-1.4671,3.0376,1]},
{"frame":12,"values":[0.948,0.157,0.277,0,-0.2729,0.849,0.4525,0,-0.1641,-0.5045,0.8476,0,54.9948,-1.4671,3.0376,1]},
{"frame":13,"values":[0.9538,0.1207,0.275,0,-0.2523,0.819,0.5154,0,-0.163,-0.561,0.8116,0,54.9948,-1.4671,3.0376,1]},
{"frame":14,"values":[0.959,0.0847,0.2705,0,-0.2316,0.7844,0.5754,0,-0.1634,-0.6145,0.7718,0,54.9948,-1.4671,3.0376,1]},
{"frame":15,"values":[0.9634,0.0493,0.2633,0,-0.2109,0.7455,0.6322,0,-0.1652,-0.6647,0.7287,0,54.9948,-1.4671,3.0376,1]},
{"frame":16,"values":[0.9672,0.0147,0.2538,0,-0.1905,0.7028,0.6854,0,-0.1683,-0.7112,0.6826,0,54.9948,-1.4671,3.0376,1]},
{"frame":17,"values":[0.9672,-0.0122,0.2536,0,-0.1832,0.658,0.7304,0,-0.1757,-0.7529,0.6342,0,54.9948,-1.4671,3.0376,1]},
{"frame":18,"values":[0.9566,-0.0249,0.2902,0,-0.2129,0.6203,0.7549,0,-0.1989,-0.7839,0.5881,0,54.9948,-1.4671,3.0376,1]}],"loopBehavior":1,"name":"anim","property":"_matrix"}},
{"name":"mixamorig:LeftHandMiddle1","index":13,"matrix":[0.7559,-0.6534,0.0402,0,0.6527,0.757,0.0313,0,-0.0509,0.0025,0.9987,0,23.1821,-2.445,1.6605,1],"rest":[0.9974,-0.0561,0.045,0,0.0561,0.9984,0.0005,0,-0.045,0.002,0.999,0,23.1821,-2.445,1.6605,1],"parentBoneIndex":12,"length":6.3787
,"animation":{"dataType":3,"framePerSecond":24,"keys":[
{"frame":1,"values":[0.7559,-0.6534,0.0402,0,0.6527,0.757,0.031,0,-0.0506,0.0028,0.9987,0,23.1821,-2.445,1.6605,1]},
{"frame":2,"values":[0.703,-0.7089,0.0571,0,0.7084,0.7051,0.031,0,-0.0622,0.0186,0.9979,0,23.1821,-2.445,1.6605,1]},
{"frame":3,"values":[0.6424,-0.7633,0.0679,0,0.7634,0.6452,0.031,0,-0.0675,0.032,0.9972,0,23.1821,-2.445,1.6605,1]},
{"frame":4,"values":[0.5923,-0.8027,0.07,0,0.803,0.5952,0.031,0,-0.0665,0.0378,0.9971,0,23.1821,-2.445,1.6605,1]},
{"frame":5,"values":[0.5306,-0.8443,0.0745,0,0.8451,0.5338,0.031,0,-0.0659,0.0465,0.9967,0,23.1821,-2.445,1.6605,1]},
{"frame":6,"values":[0.5048,-0.8597,0.0776,0,0.8607,0.5082,0.031,0,-0.0661,0.0512,0.9965,0,23.1821,-2.445,1.6605,1]},
{"frame":7,"values":[0.4785,-0.8744,0.0807,0,0.8756,0.4821,0.031,0,-0.066,0.0559,0.9963,0,23.1821,-2.445,1.6605,1]},
{"frame":8,"values":[0.5093,-0.8572,0.0764,0,0.8581,0.5125,0.0304,0,-0.0652,0.0501,0.9966,0,23.1821,-2.445,1.6605,1]},
{"frame":9,"values":[0.5394,-0.839,0.072,0,0.8396,0.5424,0.0298,0,-0.0641,0.0444,0.997,0,23.1821,-2.445,1.6605,1]},
{"frame":10,"values":[0.569,-0.8196,0.0676,0,0.82,0.5717,0.0295,0,-0.0628,0.0386,0.9973,0,23.1821,-2.445,1.6605,1]},
{"frame":11,"values":[0.5978,-0.7991,0.0632,0,0.7993,0.6003,0.0293,0,-0.0613,0.033,0.9976,0,23.1821,-2.445,1.6605,1]},
{"frame":12,"values":[0.626,-0.7776,0.0587,0,0.7776,0.6281,0.0292,0,-0.0596,0.0274,0.9978,0,23.1821,-2.445,1.6605,1]},
{"frame":13,"values":[0.6533,-0.7552,0.0543,0,0.7549,0.6552,0.0293,0,-0.0577,0.0218,0.9981,0,23.1821,-2.445,1.6605,1]},
{"frame":14,"values":[0.6798,-0.7317,0.0498,0,0.7313,0.6814,0.0296,0,-0.0556,0.0163,0.9983,0,23.1821,-2.445,1.6605,1]},
{"frame":15,"values":[0.7054,-0.7074,0.0454,0,0.7068,0.7068,0.03,0,-0.0533,0.0109,0.9985,0,23.1821,-2.445,1.6605,1]},
{"frame":16,"values":[0.7301,-0.6822,0.041,0,0.6815,0.7312,0.0306,0,-0.0509,0.0056,0.9987,0,23.1821,-2.445,1.6605,1]},
{"frame":17,"values":[0.7537,-0.6561,0.0367,0,0.6554,0.7546,0.0313,0,-0.0482,0.0004,0.9988,0,23.1821,-2.445,1.6605,1]},
{"frame":18,"values":[0.7559,-0.6534,0.0402,0,0.6527,0.757,0.0313,0,-0.0509,0.0025,0.9987,0,23.1821,-2.445,1.6605,1]}],"loopBehavior":1,"name":"anim","property":"_matrix"}},
{"name":"mixamorig:LeftHandMiddle2","index":14,"matrix":[0.7663,-0.6417,0.0324,0,0.6411,0.767,0.0277,0,-0.0427,-0.0005,0.9991,0,6.3689,-0.3109,0.167,1],"rest":[0.991,0.1341,-0.0042,0,-0.1342,0.991,-0.0031,0,0.0038,0.0036,1,0,6.3689,-0.3109,0.167,1],"parentBoneIndex":13,"length":6.1483
,"animation":{"dataType":3,"framePerSecond":24,"keys":[
{"frame":1,"values":[0.7662,-0.6416,0.0341,0,0.641,0.767,0.0277,0,-0.0439,0.0006,0.999,0,6.3689,-0.3109,0.167,1]},
{"frame":2,"values":[0.7323,-0.6801,0.034,0,0.6794,0.7331,0.0305,0,-0.0457,0.0007,0.999,0,6.3689,-0.3109,0.167,1]},
{"frame":3,"values":[0.7006,-0.7127,0.0339,0,0.712,0.7014,0.0331,0,-0.0473,0.001,0.9989,0,6.3689,-0.3109,0.167,1]},
{"frame":4,"values":[0.6692,-0.7423,0.0338,0,0.7414,0.6701,0.0355,0,-0.049,0.0013,0.9988,0,6.3689,-0.3109,0.167,1]},
{"frame":5,"values":[0.6279,-0.7776,0.0337,0,0.7766,0.6288,0.0387,0,-0.0512,0.0019,0.9987,0,6.3689,-0.3109,0.167,1]},
{"frame":6,"values":[0.5986,-0.8004,0.0336,0,0.7994,0.5995,0.0396,0,-0.0518,0.0032,0.9987,0,6.3689,-0.3109,0.167,1]},
{"frame":7,"values":[0.6037,-0.7965,0.0335,0,0.7955,0.6047,0.0405,0,-0.0525,0.0022,0.9986,0,6.3689,-0.3109,0.167,1]},
{"frame":8,"values":[0.631,-0.775,0.0334,0,0.7741,0.6319,0.0389,0,-0.0512,0.0013,0.9987,0,6.3689,-0.3109,0.167,1]},
{"frame":9,"values":[0.6584,-0.7519,0.0333,0,0.751,0.6592,0.0373,0,-0.05,0.0004,0.9987,0,6.3689,-0.3109,0.167,1]},
{"frame":10,"values":[0.6854,-0.7274,0.0332,0,0.7265,0.6862,0.0357,0,-0.0487,-0.0004,0.9988,0,6.3689,-0.3109,0.167,1]},
{"frame":11,"values":[0.7065,-0.7069,0.0332,0,0.7061,0.7073,0.0342,0,-0.0476,-0.0007,0.9989,0,6.3689,-0.3109,0.167,1]},
{"frame":12,"values":[0.727,-0.6858,0.0331,0,0.6851,0.7277,0.0326,0,-0.0465,-0.001,0.9989,0,6.3689,-0.3109,0.167,1]},
{"frame":13,"values":[0.7469,-0.6642,0.033,0,0.6634,0.7476,0.031,0,-0.0453,-0.0012,0.999,0,6.3689,-0.3109,0.167,1]},
{"frame":14,"values":[0.7661,-0.6419,0.0329,0,0.6412,0.7668,0.0294,0,-0.0441,-0.0014,0.999,0,6.3689,-0.3109,0.167,1]},
{"frame":15,"values":[0.7846,-0.6191,0.0327,0,0.6185,0.7853,0.0279,0,-0.043,-0.0016,0.9991,0,6.3689,-0.3109,0.167,1]},
{"frame":16,"values":[0.8025,-0.5958,0.0325,0,0.5952,0.8032,0.0263,0,-0.0418,-0.0017,0.9991,0,6.3689,-0.3109,0.167,1]},
{"frame":17,"values":[0.8014,-0.5972,0.0324,0,0.5967,0.8021,0.0247,0,-0.0408,-0.0005,0.9992,0,6.3689,-0.3109,0.167,1]},
{"frame":18,"values":[0.7663,-0.6417,0.0324,0,0.6411,0.767,0.0277,0,-0.0427,-0.0005,0.9991,0,6.3689,-0.3109,0.167,1]}],"loopBehavior":1,"name":"anim","property":"_matrix"}},
{"name":"mixamorig:LeftHandMiddle3","index":15,"matrix":[0.7279,-0.6851,0.0287,0,0.6844,0.7285,0.0295,0,-0.0412,-0.0018,0.9992,0,6.0425,-1.121,0.183,1],"rest":[1,-0.0048,-0.0038,0,0.0048,1,0.0008,0,0.0038,-0.0009,1,0,6.0425,-1.121,0.183,1],"parentBoneIndex":14,"length":6.5825
,"animation":{"dataType":3,"framePerSecond":24,"keys":[
{"frame":1,"values":[0.7279,-0.6851,0.0287,0,0.6844,0.7285,0.0295,0,-0.0412,-0.0018,0.9992,0,6.0425,-1.121,0.183,1]},
{"frame":2,"values":[0.7024,-0.7112,0.0292,0,0.7105,0.703,0.0308,0,-0.0424,-0.0009,0.9991,0,6.0425,-1.121,0.183,1]},
{"frame":3,"values":[0.6633,-0.7478,0.0297,0,0.7471,0.6639,0.032,0,-0.0436,0.001,0.999,0,6.0425,-1.121,0.183,1]},
{"frame":4,"values":[0.6223,-0.7822,0.0302,0,0.7815,0.623,0.0332,0,-0.0448,0.0029,0.999,0,6.0425,-1.121,0.183,1]},
{"frame":5,"values":[0.5727,-0.8192,0.0306,0,0.8185,0.5735,0.0344,0,-0.0458,0.0054,0.9989,0,6.0425,-1.121,0.183,1]},
{"frame":6,"values":[0.5348,-0.8444,0.0311,0,0.8437,0.5357,0.0356,0,-0.0468,0.0072,0.9989,0,6.0425,-1.121,0.183,1]},
{"frame":7,"values":[0.5207,-0.8531,0.0316,0,0.8524,0.5216,0.0369,0,-0.0479,0.0077,0.9988,0,6.0425,-1.121,0.183,1]},
{"frame":8,"values":[0.5257,-0.85,0.0321,0,0.8492,0.5267,0.0381,0,-0.0493,0.0072,0.9988,0,6.0425,-1.121,0.183,1]},
{"frame":9,"values":[0.5445,-0.8382,0.0325,0,0.8373,0.5454,0.0393,0,-0.0507,0.0058,0.9987,0,6.0425,-1.121,0.183,1]},
{"frame":10,"values":[0.5771,-0.816,0.033,0,0.815,0.578,0.0405,0,-0.0522,0.0035,0.9986,0,6.0425,-1.121,0.183,1]},
{"frame":11,"values":[0.6125,-0.7898,0.0326,0,0.7888,0.6134,0.0391,0,-0.0509,0.0018,0.9987,0,6.0425,-1.121,0.183,1]},
{"frame":12,"values":[0.6468,-0.7619,0.0321,0,0.761,0.6476,0.0377,0,-0.0495,0.0001,0.9988,0,6.0425,-1.121,0.183,1]},
{"frame":13,"values":[0.6799,-0.7326,0.0316,0,0.7317,0.6806,0.0363,0,-0.0481,-0.0016,0.9988,0,6.0425,-1.121,0.183,1]},
{"frame":14,"values":[0.7116,-0.7019,0.031,0,0.701,0.7123,0.035,0,-0.0466,-0.0032,0.9989,0,6.0425,-1.121,0.183,1]},
{"frame":15,"values":[0.7419,-0.6698,0.0303,0,0.669,0.7425,0.0337,0,-0.0451,-0.0047,0.999,0,6.0425,-1.121,0.183,1]},
{"frame":16,"values":[0.7438,-0.6678,0.0298,0,0.667,0.7444,0.0323,0,-0.0437,-0.0041,0.999,0,6.0425,-1.121,0.183,1]},
{"frame":17,"values":[0.7456,-0.6657,0.0293,0,0.665,0.7462,0.0309,0,-0.0424,-0.0036,0.9991,0,6.0425,-1.121,0.183,1]},
{"frame":18,"values":[0.7279,-0.6851,0.0287,0,0.6844,0.7285,0.0295,0,-0.0412,-0.0018,0.9992,0,6.0425,-1.121,0.183,1]}],"loopBehavior":1,"name":"anim","property":"_matrix"}},
{"name":"mixamorig:LeftHandMiddle4","index":16,"matrix":[1,0,0,0,0,1,0,0,0,0,1,0,6.4741,-1.1689,0.2214,1],"rest":[1,0,0,0,0,1,0,0,0,0,1,0,6.4741,-1.1689,0.2214,1],"parentBoneIndex":15,"length":6.5825
,"animation":{"dataType":3,"framePerSecond":24,"keys":[
{"frame":1,"values":[1,0,0,0,0,1,0,0,0,0,1,0,6.4741,-1.1689,0.2214,1]},
{"frame":18,"values":[1,0,0,0,0,1,0,0,0,0,1,0,6.4741,-1.1689,0.2214,1]}],"loopBehavior":1,"name":"anim","property":"_matrix"}},
{"name":"mixamorig:LeftHandThumb1","index":17,"matrix":[0.9628,0.2615,-0.0681,0,-0.2622,0.965,-0.0019,0,0.0652,0.0197,0.9977,0,6.4451,-3.6637,6.4601,1],"rest":[0.993,-0.1184,-0.0054,0,0.1183,0.9883,0.0962,0,-0.006,-0.0961,0.9953,0,6.4451,-3.6637,6.4601,1],"parentBoneIndex":12,"length":8.4798
,"animation":{"dataType":3,"framePerSecond":24,"keys":[
{"frame":1,"values":[0.9627,0.2618,-0.0681,0,-0.2625,0.9649,-0.0019,0,0.0652,0.0197,0.9977,0,6.4451,-3.6637,6.4601,1]},
{"frame":2,"values":[0.9633,0.2619,-0.0579,0,-0.2627,0.9649,-0.0054,0,0.0545,0.0204,0.9983,0,6.4451,-3.6637,6.4601,1]},
{"frame":3,"values":[0.9644,0.2622,-0.0334,0,-0.2628,0.9648,-0.0136,0,0.0286,0.0219,0.9993,0,6.4451,-3.6637,6.4601,1]},
{"frame":4,"values":[0.965,0.2623,-0.0013,0,-0.2623,0.9647,-0.0243,0,-0.0051,0.0238,0.9997,0,6.4451,-3.6637,6.4601,1]},
{"frame":5,"values":[0.9645,0.2622,0.0305,0,-0.2611,0.9647,-0.0348,0,-0.0386,0.0255,0.9989,0,6.4451,-3.6637,6.4601,1]},
{"frame":6,"values":[0.9636,0.2619,0.0544,0,-0.2598,0.9647,-0.0425,0,-0.0636,0.0268,0.9976,0,6.4451,-3.6637,6.4601,1]},
{"frame":7,"values":[0.9641,0.2618,0.0436,0,-0.2603,0.9648,-0.0389,0,-0.0522,0.0262,0.9983,0,6.4451,-3.6637,6.4601,1]},
{"frame":8,"values":[0.9646,0.2618,0.0327,0,-0.2606,0.9648,-0.0353,0,-0.0408,0.0256,0.9988,0,6.4451,-3.6637,6.4601,1]},
{"frame":9,"values":[0.9649,0.2617,0.0219,0,-0.261,0.9648,-0.0317,0,-0.0294,0.0249,0.9993,0,6.4451,-3.6637,6.4601,1]},
{"frame":10,"values":[0.9651,0.2617,0.011,0,-0.2613,0.9649,-0.0282,0,-0.018,0.0243,0.9995,0,6.4451,-3.6637,6.4601,1]},
{"frame":11,"values":[0.9652,0.2616,0.0001,0,-0.2615,0.9649,-0.0246,0,-0.0066,0.0237,0.9997,0,6.4451,-3.6637,6.4601,1]},
{"frame":12,"values":[0.9651,0.2616,-0.0107,0,-0.2618,0.9649,-0.021,0,0.0049,0.023,0.9997,0,6.4451,-3.6637,6.4601,1]},
{"frame":13,"values":[0.9649,0.2616,-0.0216,0,-0.262,0.9649,-0.0174,0,0.0163,0.0224,0.9996,0,6.4451,-3.6637,6.4601,1]},
{"frame":14,"values":[0.9646,0.2615,-0.0325,0,-0.2621,0.9649,-0.0138,0,0.0277,0.0218,0.9994,0,6.4451,-3.6637,6.4601,1]},
{"frame":15,"values":[0.9642,0.2615,-0.0433,0,-0.2622,0.965,-0.0102,0,0.0391,0.0212,0.999,0,6.4451,-3.6637,6.4601,1]},
{"frame":16,"values":[0.9637,0.2615,-0.0541,0,-0.2622,0.965,-0.0066,0,0.0505,0.0205,0.9985,0,6.4451,-3.6637,6.4601,1]},
{"frame":17,"values":[0.963,0.2615,-0.065,0,-0.2623,0.965,-0.003,0,0.0619,0.0199,0.9979,0,6.4451,-3.6637,6.4601,1]},
{"frame":18,"values":[0.9628,0.2615,-0.0681,0,-0.2622,0.965,-0.0019,0,0.0652,0.0197,0.9977,0,6.4451,-3.6637,6.4601,1]}],"loopBehavior":1,"name":"anim","property":"_matrix"}},
{"name":"mixamorig:LeftHandThumb2","index":18,"matrix":[0.9704,-0.1719,-0.1696,0,0.2043,0.9588,0.1972,0,0.1287,-0.226,0.9656,0,6.2606,-2.6017,5.0935,1],"rest":[0.9927,0.0626,0.1035,0,-0.0529,0.9941,-0.0942,0,-0.1088,0.088,0.9902,0,6.2606,-2.6017,5.0935,1],"parentBoneIndex":17,"length":7.8274
,"animation":{"dataType":3,"framePerSecond":24,"keys":[
{"frame":1,"values":[0.9704,-0.1719,-0.1696,0,0.2043,0.9588,0.1972,0,0.1287,-0.226,0.9656,0,6.2606,-2.6017,5.0935,1]},
{"frame":2,"values":[0.9657,-0.1708,-0.1955,0,0.21,0.9568,0.2012,0,0.1527,-0.2354,0.9598,0,6.2606,-2.6017,5.0935,1]},
{"frame":3,"values":[0.9542,-0.1618,-0.2515,0,0.217,0.9532,0.2103,0,0.2057,-0.2553,0.9447,0,6.2606,-2.6017,5.0935,1]},
{"frame":4,"values":[0.9353,-0.1517,-0.3196,0,0.2295,0.9477,0.2218,0,0.2692,-0.2808,0.9212,0,6.2606,-2.6017,5.0935,1]},
{"frame":5,"values":[0.9147,-0.1417,-0.3785,0,0.2421,0.942,0.2324,0,0.3237,-0.3042,0.8959,0,6.2606,-2.6017,5.0935,1]},
{"frame":6,"values":[0.8952,-0.1317,-0.4258,0,0.2523,0.9373,0.2406,0,0.3674,-0.3228,0.8723,0,6.2606,-2.6017,5.0935,1]},
{"frame":7,"values":[0.8842,-0.1294,-0.4488,0,0.2605,0.9341,0.2441,0,0.3876,-0.3327,0.8597,0,6.2606,-2.6017,5.0935,1]},
{"frame":8,"values":[0.896,-0.1354,-0.4229,0,0.2549,0.9366,0.2402,0,0.3636,-0.3231,0.8737,0,6.2606,-2.6017,5.0935,1]},
{"frame":9,"values":[0.907,-0.1411,-0.3967,0,0.2494,0.9391,0.2362,0,0.3392,-0.3132,0.887,0,6.2606,-2.6017,5.0935,1]},
{"frame":10,"values":[0.9174,-0.1466,-0.37,0,0.2441,0.9416,0.232,0,0.3144,-0.3032,0.8996,0,6.2606,-2.6017,5.0935,1]},
{"frame":11,"values":[0.927,-0.1518,-0.343,0,0.2388,0.944,0.2277,0,0.2893,-0.293,0.9113,0,6.2606,-2.6017,5.0935,1]},
