{"producer":{"name":"Blender","version":"2.78 (sub 0)","exporter_version":"5.6.4","file":"housedancing.babylon"},
"autoClear":true,"clearColor":[0.0509,0.0509,0.0509],"ambientColor":[0,0,0],"gravity":[0,-9.81,0],
"materials":[{"name":"housedancing.Material","id":"housedancing.Material","ambient":[0,0,0],"diffuse":[0,0,0],"specular":[0,0,0],"emissive":[0,0,0],"specularPower":50,"alpha":0.001,"backFaceCulling":true,"checkReadyOnlyOnce":false,"maxSimultaneousLights":4}],
"multiMaterials":[],
"skeletons":[{"name":"Armature","id":0,"dimensionsAtRest":[379.1952,391.6652,55.677],"bones":[
{"name":"mixamorig:Hips","index":0,"matrix":[0.871,0.1053,-0.4799,0,-0.0949,0.9944,0.046,0,-0.4821,-0.0055,-0.8761,0,-1.0787,168.8526,-0.4526,1],"rest":[1,0,0,0,0,1,0,0,0,0,-1,0,0,201.6394,0,1],"parentBoneIndex":-1,"length":21.6784
,"animation":{"dataType":3,"framePerSecond":24,"keys":[
{"frame":1,"values":[0.871,0.1053,-0.4799,0,-0.0949,0.9944,0.046,0,-0.4821,-0.0055,-0.8761,0,-1.0787,168.8526,-0.4526,1]},
{"frame":2,"values":[0.8695,0.0953,-0.4847,0,-0.0861,0.9954,0.0412,0,-0.4864,-0.0059,-0.8737,0,1.3431,167.7721,0.8368,1]},
{"frame":3,"values":[0.8748,0.0883,-0.4763,0,-0.0867,0.9959,0.0254,0,-0.4766,-0.0191,-0.8789,0,1.0991,170.296,0.8131,1]},
{"frame":4,"values":[0.8887,0.0883,-0.4498,0,-0.0968,0.9953,0.0043,0,-0.4481,-0.0397,-0.8931,0,-1.5179,175.3772,-0.091,1]},
{"frame":5,"values":[0.907,0.092,-0.411,0,-0.1049,0.9944,-0.0088,0,-0.4079,-0.0511,-0.9116,0,-4.5053,179.1816,-0.6524,1]},
{"frame":6,"values":[0.9234,0.1088,-0.3681,0,-0.1137,0.9935,0.0085,0,-0.3666,-0.034,-0.9297,0,-7.249,179.9309,-0.4835,1]},
{"frame":7,"values":[0.9356,0.1344,-0.3266,0,-0.123,0.9909,0.0555,0,-0.3311,0.0117,-0.9435,0,-10.1614,179.3528,0.3576,1]},
{"frame":8,"values":[0.9435,0.159,-0.2907,0,-0.1331,0.9853,0.1067,0,-0.3034,0.062,-0.9508,0,-13.4943,180.3604,1.0033,1]},
{"frame":9,"values":[0.9463,0.1818,-0.2675,0,-0.1519,0.98,0.1286,0,-0.2855,0.081,-0.955,0,-17.2284,184.7282,0.734,1]},
{"frame":10,"values":[0.9447,0.2009,-0.2591,0,-0.177,0.9778,0.1125,0,-0.276,0.0604,-0.9593,0,-21.2637,191.1908,-0.1034,1]},
{"frame":11,"values":[0.9448,0.2086,-0.2526,0,-0.1915,0.9773,0.0905,0,-0.2657,0.0372,-0.9633,0,-25.5728,196.3709,-0.8771,1]},
{"frame":12,"values":[0.9516,0.2008,-0.2328,0,-0.1831,0.9784,0.0955,0,-0.2469,0.0483,-0.9678,0,-30.0436,197.469,-1.4181,1]},
{"frame":13,"values":[0.962,0.1851,-0.2007,0,-0.162,0.9787,0.1261,0,-0.2198,0.0888,-0.9715,0,-34.144,194.6101,-1.9033,1]},
{"frame":14,"values":[0.9709,0.1706,-0.1678,0,-0.1441,0.9767,0.1593,0,-0.1911,0.1305,-0.9729,0,-38.0525,189.8578,-2.5688,1]},
{"frame":15,"values":[0.9766,0.1591,-0.1445,0,-0.1332,0.9757,0.1739,0,-0.1687,0.1506,-0.9741,0,-42.8952,185.6951,-3.4198,1]},
{"frame":16,"values":[0.9799,0.1489,-0.1331,0,-0.1269,0.9788,0.1609,0,-0.1542,0.1408,-0.978,0,-49.343,183.9651,-3.9222,1]},
{"frame":17,"values":[0.9826,0.1359,-0.1267,0,-0.1198,0.9846,0.1271,0,-0.1421,0.1097,-0.9838,0,-56.8277,184.9932,-3.6083,1]},
{"frame":18,"values":[0.9859,0.1207,-0.1161,0,-0.1106,0.9898,0.0901,0,-0.1258,0.076,-0.9891,0,-63.9598,186.5784,-2.7543,1]},
{"frame":19,"values":[0.9897,0.1085,-0.0935,0,-0.102,0.9922,0.0721,0,-0.1006,0.0618,-0.993,0,-70.0336,185.7124,-2.1894,1]},
{"frame":20,"values":[0.9943,0.0929,-0.0526,0,-0.0887,0.993,0.0781,0,-0.0595,0.073,-0.9956,0,-75.4884,183.393,-2.0124,1]},
{"frame":21,"values":[0.9967,0.0798,0.0164,0,-0.0809,0.993,0.0859,0,0.0094,0.0869,-0.9962,0,-80.9187,181.6888,-2.0195,1]},
{"frame":22,"values":[0.9899,0.0579,0.1291,0,-0.0681,0.9948,0.0756,0,0.1241,0.0836,-0.9887,0,-87.1693,181.9584,-2.2184,1]},
{"frame":23,"values":[0.9609,0.0141,0.2765,0,-0.0342,0.9971,0.0679,0,0.2747,0.0747,-0.9586,0,-94.3111,183.0158,-2.5138,1]},
{"frame":24,"values":[0.909,-0.0407,0.4147,0,0.0016,0.9955,0.0943,0,0.4167,0.085,-0.9051,0,-101.5714,182.1337,-2.5162,1]},
{"frame":25,"values":[0.8632,-0.0817,0.4983,0,0.0161,0.9908,0.1345,0,0.5047,0.1081,-0.8565,0,-108.2826,177.8683,-1.8296,1]},
{"frame":26,"values":[0.8418,-0.1009,0.5302,0,0.0257,0.9887,0.1474,0,0.5391,0.1105,-0.8349,0,-113.9635,171.5607,-0.8258,1]},
{"frame":27,"values":[0.8294,-0.1087,0.548,0,0.0463,0.9909,0.1265,0,0.5568,0.0795,-0.8269,0,-117.7555,165.9656,-0.1833,1]},
{"frame":28,"values":[0.8196,-0.1045,0.5633,0,0.0673,0.994,0.0865,0,0.569,0.033,-0.8217,0,-118.9031,163.7576,0.3108,1]},
{"frame":29,"values":[0.8245,-0.0935,0.5581,0,0.082,0.9956,0.0456,0,0.5599,-0.0082,-0.8285,0,-117.264,166.1229,1.3416,1]},
{"frame":30,"values":[0.8594,-0.086,0.504,0,0.0907,0.9958,0.0152,0,0.5031,-0.0326,-0.8636,0,-113.8006,171.9101,3.4135,1]},
{"frame":31,"values":[0.9109,-0.0869,0.4034,0,0.0917,0.9958,0.0074,0,0.4023,-0.0302,-0.915,0,-109.8537,178.1276,6.1018,1]},
{"frame":32,"values":[0.9496,-0.1105,0.2934,0,0.1048,0.9939,0.0352,0,0.2955,0.0027,-0.9553,0,-105.6074,183.3784,8.2959,1]},
{"frame":33,"values":[0.9651,-0.1487,0.2155,0,0.1363,0.9881,0.0715,0,0.2235,0.0396,-0.9739,0,-101.4775,187.9883,9.8906,1]},
{"frame":34,"values":[0.967,-0.1797,0.1809,0,0.1669,0.9824,0.0839,0,0.1928,0.051,-0.9799,0,-97.3362,193.1301,10.4957,1]},
{"frame":35,"values":[0.9679,-0.1914,0.163,0,0.1806,0.9804,0.0787,0,0.1749,0.0468,-0.9835,0,-92.6782,199.1394,9.4963,1]},
{"frame":36,"values":[0.9729,-0.1864,0.1367,0,0.1757,0.9806,0.0865,0,0.1501,0.0601,-0.9868,0,-87.7593,203.6857,7.3028,1]},
{"frame":37,"values":[0.9795,-0.1729,0.1029,0,0.1609,0.9802,0.1154,0,0.1208,0.0965,-0.988,0,-83.4043,203.9831,4.6713,1]},
{"frame":38,"values":[0.9843,-0.1583,0.0775,0,0.1461,0.9788,0.1435,0,0.0986,0.1299,-0.9866,0,-79.6338,200.281,2.0541,1]},
{"frame":39,"values":[0.987,-0.1469,0.0656,0,0.1354,0.9788,0.1539,0,0.0868,0.143,-0.9859,0,-75.9094,195.1566,0.073,1]},
{"frame":40,"values":[0.9888,-0.1355,0.0619,0,0.1249,0.9805,0.1516,0,0.0813,0.1422,-0.9865,0,-71.6327,190.4466,-0.8129,1]},
{"frame":41,"values":[0.9916,-0.114,0.0616,0,0.1042,0.9839,0.1451,0,0.0771,0.1375,-0.9875,0,-66.3615,187.3264,-0.8722,1]},
{"frame":42,"values":[0.9949,-0.0762,0.0657,0,0.067,0.989,0.132,0,0.0751,0.1269,-0.9891,0,-60.1914,186.4013,-0.6585,1]},
{"frame":43,"values":[0.9965,-0.0399,0.0735,0,0.0313,0.9929,0.1146,0,0.0775,0.1119,-0.9907,0,-54.3213,185.5914,-0.4305,1]},
{"frame":44,"values":[0.996,-0.0247,0.0855,0,0.0156,0.9943,0.1052,0,0.0876,0.1034,-0.9908,0,-49.5435,182.5703,-0.1214,1]},
{"frame":45,"values":[0.9947,-0.0278,0.0985,0,0.0171,0.994,0.1077,0,0.1009,0.1054,-0.9893,0,-45.4571,179.4749,0.6867,1]},
{"frame":46,"values":[0.9954,-0.0252,0.0924,0,0.0155,0.9944,0.1048,0,0.0945,0.1029,-0.9902,0,-41.3023,178.8628,1.6829,1]},
{"frame":47,"values":[0.9992,0.0069,0.0384,0,-0.01,0.9968,0.0797,0,0.0378,0.08,-0.9961,0,-36.3183,181.1629,2.3567,1]},
{"frame":48,"values":[0.9946,0.0684,-0.0784,0,-0.0652,0.997,0.0419,0,-0.0811,0.0366,-0.996,0,-30.4025,184.4854,2.8006,1]},
{"frame":49,"values":[0.9669,0.1284,-0.2203,0,-0.1292,0.9916,0.0109,0,-0.2198,-0.0179,-0.9754,0,-23.976,185.7756,3.7515,1]},
{"frame":50,"values":[0.9262,0.1688,-0.337,0,-0.1855,0.9825,-0.0179,0,-0.3281,-0.0791,-0.9413,0,-17.6661,183.5821,5.4767,1]},
{"frame":51,"values":[0.8903,0.1876,-0.415,0,-0.228,0.9724,-0.0496,0,-0.3943,-0.1388,-0.9085,0,-11.9415,178.8994,7.4066,1]},
{"frame":52,"values":[0.8654,0.1954,-0.4614,0,-0.2568,0.9636,-0.0737,0,-0.4302,-0.1822,-0.8841,0,-7.2151,173.8374,8.94,1]},
{"frame":53,"values":[0.853,0.2053,-0.4798,0,-0.277,0.9573,-0.0827,0,-0.4423,-0.2035,-0.8735,0,-3.9236,171.0272,9.9671,1]},
{"frame":54,"values":[0.8581,0.2226,-0.4627,0,-0.292,0.9528,-0.0832,0,-0.4224,-0.2065,-0.8826,0,-2.3377,172.3061,10.6259,1]},
{"frame":55,"values":[0.8741,0.2401,-0.4223,0,-0.3025,0.9492,-0.0864,0,-0.3801,-0.2032,-0.9023,0,-2.6767,176.5312,10.8802,1]},
{"frame":56,"values":[0.8932,0.2415,-0.3793,0,-0.2943,0.9517,-0.0872,0,-0.3399,-0.1895,-0.9212,0,-4.7622,180.3512,10.9679,1]},
{"frame":57,"values":[0.915,0.2192,-0.3387,0,-0.2553,0.9646,-0.0656,0,-0.3124,-0.1465,-0.9386,0,-9.7569,182.0715,11.2778,1]},
{"frame":58,"values":[0.9376,0.1877,-0.2926,0,-0.2005,0.9796,-0.0141,0,-0.2839,-0.0719,-0.9561,0,-14.7516,182.9648,11.8025,1]},
{"frame":59,"values":[0.9534,0.1721,-0.2477,0,-0.1688,0.985,0.0348,0,-0.25,-0.0086,-0.9682,0,-19.7463,184.6647,11.6696,1]},
{"frame":60,"values":[0.9568,0.185,-0.2244,0,-0.1791,0.9827,0.0466,0,-0.2291,0.0044,-0.9734,0,-24.741,188.7858,10.1947,1]},
{"frame":61,"values":[0.9534,0.2023,-0.2237,0,-0.2005,0.9792,0.0309,0,-0.2253,-0.0153,-0.9742,0,-29.7357,194.8947,7.8643,1]},
{"frame":62,"values":[0.9534,0.2031,-0.2231,0,-0.205,0.9786,0.0145,0,-0.2213,-0.0319,-0.9747,0,-34.7304,200.1982,5.4077,1]},
{"frame":63,"values":[0.9598,0.1924,-0.2045,0,-0.1944,0.9809,0.0105,0,-0.2026,-0.0297,-0.9788,0,-39.7251,201.9684,3.0294,1]},
{"frame":64,"values":[0.9691,0.1777,-0.1711,0,-0.177,0.984,0.0196,0,-0.1718,-0.0112,-0.9851,0,-44.7198,199.9816,0.6877,1]},
{"frame":65,"values":[0.9766,0.1634,-0.1397,0,-0.1596,0.9865,0.0378,0,-0.144,0.0146,-0.9895,0,-49.7145,195.8303,-1.6593,1]},
{"frame":66,"values":[0.9807,0.1489,-0.1265,0,-0.1429,0.9882,0.0551,0,-0.1332,0.036,-0.9904,0,-54.7092,191.5022,-4.1771,1]},
{"frame":67,"values":[0.9826,0.1283,-0.1344,0,-0.1216,0.991,0.0566,0,-0.1405,0.0393,-0.9893,0,-59.7039,188.9107,-6.7092,1]},
{"frame":68,"values":[0.9825,0.1057,-0.1531,0,-0.1006,0.9941,0.0403,0,-0.1565,0.0242,-0.9874,0,-64.6986,188.3798,-9.2413,1]},
{"frame":69,"values":[0.9804,0.107,-0.1652,0,-0.1028,0.9941,0.0338,0,-0.1678,0.0162,-0.9857,0,-69.6933,187.0529,-11.7734,1]},
{"frame":70,"values":[0.9796,0.1253,-0.1571,0,-0.1178,0.9915,0.0559,0,-0.1628,0.0363,-0.986,0,-74.688,184.5331,-14.3055,1]},
{"frame":71,"values":[0.9847,0.1251,-0.1213,0,-0.1156,0.9899,0.0824,0,-0.1303,0.0671,-0.9892,0,-79.6827,182.6483,-16.8376,1]},
{"frame":72,"values":[0.995,0.0902,-0.0425,0,-0.0866,0.9929,0.081,0,-0.0495,0.0769,-0.9958,0,-84.6774,182.8344,-19.3697,1]},
{"frame":73,"values":[0.9948,0.0477,0.0901,0,-0.0529,0.997,0.0559,0,0.0872,0.0604,-0.9944,0,-89.6721,185.3869,-21.9019,1]},
{"frame":74,"values":[0.9609,0.0289,0.2752,0,-0.0361,0.9991,0.0212,0,0.2744,0.0303,-0.9611,0,-94.6668,189.279,-24.434,1]},
{"frame":75,"values":[0.8777,0.029,0.4782,0,-0.0236,0.9996,-0.0172,0,0.4785,-0.0038,-0.8781,0,-99.6615,192.3421,-26.9661,1]},
{"frame":76,"values":[0.7474,0.0176,0.6641,0,0.0095,0.9993,-0.0372,0,0.6643,-0.0341,-0.7467,0,-104.6562,192.6936,-29.4982,1]},
{"frame":77,"values":[0.5929,-0.0164,0.8051,0,0.0454,0.9989,-0.0131,0,0.804,-0.0443,-0.593,0,-109.651,189.6826,-32.0303,1]},
{"frame":78,"values":[0.4621,-0.0508,0.8854,0,0.0438,0.9984,0.0344,0,0.8857,-0.0229,-0.4636,0,-114.6457,184.3349,-34.5624,1]},
{"frame":79,"values":[0.3984,-0.0579,0.9154,0,0.0133,0.9983,0.0573,0,0.9171,0.0107,-0.3985,0,-119.6404,179.3311,-37.0945,1]},
{"frame":80,"values":[0.4188,-0.0374,0.9073,0,-0.0104,0.9989,0.046,0,0.908,0.0287,-0.4179,0,-124.6351,177.5509,-33.957,1]},
{"frame":81,"values":[0.4897,-0.0147,0.8718,0,-0.0086,0.9997,0.0217,0,0.8718,0.0182,-0.4895,0,-129.6298,179.6428,-30.8195,1]},
{"frame":82,"values":[0.5847,-0.0026,0.8112,0,0.0185,0.9998,-0.0102,0,0.811,-0.021,-0.5846,0,-134.6245,183.5233,-27.682,1]},
{"frame":83,"values":[0.6921,0.0034,0.7218,0,0.047,0.9977,-0.0497,0,0.7202,-0.0683,-0.6904,0,-133.0502,186.5835,-24.5446,1]},
{"frame":84,"values":[0.8056,-0.0028,0.5925,0,0.0556,0.9959,-0.0709,0,0.5899,-0.09,-0.8024,0,-131.476,187.876,-21.4071,1]},
{"frame":85,"values":[0.8758,-0.0314,0.4817,0,0.0617,0.997,-0.0471,0,0.4788,-0.071,-0.875,0,-129.9017,188.1272,-18.2696,1]},
{"frame":86,"values":[0.9286,-0.0783,0.3626,0,0.0827,0.9966,0.0034,0,0.3617,-0.0268,-0.9319,0,-128.3274,188.5998,-15.1321,1]},
{"frame":87,"values":[0.9639,-0.1211,0.2373,0,0.1143,0.9925,0.0424,0,0.2407,0.0138,-0.9705,0,-126.7532,190.1168,-16.4814,1]},
{"frame":88,"values":[0.9833,-0.1466,0.1078,0,0.1415,0.9885,0.054,0,0.1145,0.0379,-0.9927,0,-125.1789,192.3241,-17.8307,1]},
{"frame":89,"values":[0.987,-0.1593,-0.0235,0,0.1603,0.9857,0.0512,0,-0.015,0.0543,-0.9984,0,-123.6047,193.9653,-19.18,1]},
{"frame":90,"values":[0.9744,-0.1635,-0.1544,0,0.174,0.9831,0.0567,0,-0.1425,0.0821,-0.9864,0,-123.9661,194.1485,-20.5293,1]},
{"frame":91,"values":[0.9466,-0.1548,-0.2827,0,0.1846,0.9794,0.082,0,-0.2642,0.1298,-0.9557,0,-124.3276,192.5463,-21.8786,1]},
{"frame":92,"values":[0.9044,-0.1311,-0.406,0,0.1926,0.9746,0.1145,0,-0.3807,0.1818,-0.9067,0,-122.3548,189.344,-23.2279,1]},
{"frame":93,"values":[0.8466,-0.1019,-0.5224,0,0.1981,0.9713,0.1315,0,-0.494,0.2148,-0.8425,0,-120.382,185.7298,-19.7173,1]},
{"frame":94,"values":[0.9155,-0.0841,-0.3934,0,0.1549,0.9762,0.1516,0,-0.3713,0.1997,-0.9068,0,-118.4091,182.7252,-16.2066,1]},
{"frame":95,"values":[0.9648,-0.0592,-0.2562,0,0.1015,0.9827,0.1552,0,-0.2425,0.1757,-0.9541,0,-116.4363,180.9373,-12.696,1]},
{"frame":96,"values":[0.993,-0.0329,-0.1135,0,0.0487,0.9891,0.1389,0,-0.1077,0.1435,-0.9838,0,-114.4635,180.373,-9.1853,1]},
{"frame":97,"values":[0.9995,0.0009,0.0315,0,-0.0044,0.9937,0.1122,0,0.0312,0.1122,-0.9932,0,-112.4907,180.5137,-5.6747,1]},
{"frame":98,"values":[0.9832,0.0493,0.1759,0,-0.0654,0.994,0.0873,0,0.1706,0.0973,-0.9805,0,-110.5179,180.7546,-2.1641,1]},
{"frame":99,"values":[0.9439,0.0942,0.3166,0,-0.1221,0.9901,0.0694,0,0.3069,0.1041,-0.946,0,-111.9417,181.1443,1.3466,1]},
{"frame":100,"values":[0.8859,0.1106,0.4506,0,-0.1559,0.9857,0.0646,0,0.437,0.1275,-0.8904,0,-113.3654,181.8271,4.8572,1]},
{"frame":101,"values":[0.8112,0.106,0.5751,0,-0.1791,0.9812,0.0718,0,0.5567,0.1613,-0.8149,0,-114.7892,182.5547,1.6607,1]},
{"frame":102,"values":[0.7197,0.097,0.6875,0,-0.2076,0.975,0.0797,0,0.6625,0.2001,-0.7218,0,-116.2131,182.767,-1.5359,1]},
{"frame":103,"values":[0.6136,0.0814,0.7854,0,-0.233,0.9691,0.0816,0,0.7544,0.233,-0.6136,0,-117.6368,182.0224,-4.7325,1]},
{"frame":104,"values":[0.4969,0.0431,0.8667,0,-0.2404,0.9665,0.0898,0,0.8338,0.253,-0.4906,0,-119.0606,180.4864,-7.929,1]},
{"frame":105,"values":[0.3669,-0.0288,0.9298,0,-0.2301,0.9657,0.1207,0,0.9013,0.2582,-0.3477,0,-120.4844,178.3367,-11.1256,1]},
{"frame":106,"values":[0.201,-0.1108,0.9733,0,-0.2195,0.9632,0.155,0,0.9547,0.2448,-0.1693,0,-121.9082,175.8267,-14.3222,1]},
{"frame":107,"values":[0.0423,-0.0751,0.9963,0,-0.2224,0.9714,0.0827,0,0.974,0.2251,-0.0244,0,-123.332,173.8543,-10.1881,1]},
{"frame":108,"values":[0.134,-0.2121,0.968,0,-0.2051,0.9497,0.2365,0,0.9695,0.2302,-0.0837,0,-124.7558,172.9078,-6.0541,1]},
{"frame":109,"values":[0.3448,-0.2191,0.9128,0,-0.1566,0.9453,0.2861,0,0.9255,0.2416,-0.2916,0,-126.1796,172.9908,-1.9201,1]},
{"frame":110,"values":[0.5159,-0.2038,0.832,0,0.0468,0.9765,0.2102,0,0.8554,0.0695,-0.5134,0,-127.6034,173.8922,2.214,1]},
{"frame":111,"values":[0.6736,-0.127,0.7281,0,0.057,0.9911,0.1202,0,0.7369,0.0395,-0.6749,0,-124.6336,175.4039,6.348,1]},
{"frame":112,"values":[0.7971,0.0028,0.6038,0,-0.0671,0.9942,0.084,0,0.6001,0.1075,-0.7927,0,-121.6638,177.5161,10.482,1]},
{"frame":113,"values":[0.8865,-0.0031,0.4627,0,-0.0471,0.9942,0.097,0,0.4603,0.1077,-0.8812,0,-118.694,180.2458,14.6161,1]},
{"frame":114,"values":[0.9511,-0.0101,0.3087,0,-0.0286,0.9923,0.1206,0,0.3075,0.1236,-0.9435,0,-115.7241,183.1928,18.7501,1]},
{"frame":115,"values":[0.9892,0.0118,0.1461,0,-0.0317,0.9904,0.1344,0,0.1431,0.1376,-0.9801,0,-112.7543,185.5861,16.4275,1]},
{"frame":116,"values":[0.9992,0.0345,-0.0206,0,-0.0312,0.9889,0.1454,0,-0.0254,0.1446,-0.9892,0,-109.7845,186.6615,14.1049,1]},
{"frame":117,"values":[0.9808,0.0561,-0.1868,0,-0.026,0.9868,0.1599,0,-0.1933,0.1519,-0.9693,0,-106.8147,184.8052,11.7823,1]},
{"frame":118,"values":[0.9346,0.0747,-0.3477,0,-0.0142,0.9848,0.1734,0,-0.3553,0.1571,-0.9214,0,-103.8449,182.9489,9.4597,1]},
{"frame":119,"values":[0.8621,0.0885,-0.4989,0,0.0043,0.9833,0.1819,0,-0.5067,0.1589,-0.8474,0,-100.8751,181.0926,13.4376,1]},
{"frame":120,"values":[0.7655,0.0961,-0.6362,0,0.0237,0.9839,0.1772,0,-0.643,0.1507,-0.7509,0,-97.9052,179.2363,17.4155,1]},
{"frame":121,"values":[0.6514,0.0672,-0.7558,0,0.0722,0.9861,0.1499,0,-0.7553,0.1522,-0.6375,0,-100.6075,177.38,21.3934,1]},
{"frame":122,"values":[0.7504,0.0608,-0.6582,0,0.0552,0.9865,0.1541,0,-0.6586,0.1519,-0.737,0,-103.3097,178.113,25.3712,1]},
{"frame":123,"values":[0.8351,0.0491,-0.548,0,0.0375,0.9886,0.1457,0,-0.5489,0.1422,-0.8237,0,-106.012,178.846,29.3492,1]},
{"frame":124,"values":[0.9035,0.0332,-0.4273,0,0.0294,0.9899,0.139,0,-0.4275,0.1382,-0.8934,0,-108.7142,179.579,33.327,1]},
{"frame":125,"values":[0.9543,0.014,-0.2984,0,0.0291,0.9898,0.1396,0,-0.2973,0.1419,-0.9442,0,-111.4165,180.3121,37.3049,1]},
{"frame":126,"values":[0.9865,-0.0073,-0.1638,0,0.031,0.9892,0.143,0,-0.161,0.1461,-0.9761,0,-114.1187,181.0451,41.2828,1]},
{"frame":127,"values":[0.9992,-0.0294,-0.0261,0,0.033,0.9882,0.1494,0,-0.0214,0.1501,-0.9884,0,-116.821,181.7781,38.9311,1]},
{"frame":128,"values":[0.9924,-0.0511,0.1121,0,0.0316,0.9851,0.1691,0,0.1191,0.1643,-0.9792,0,-119.5232,182.5111,36.5794,1]},
{"frame":129,"values":[0.9661,-0.0711,0.2482,0,0.0209,0.9797,0.1994,0,0.2573,0.1875,-0.948,0,-122.2255,183.2441,34.2277,1]},
{"frame":130,"values":[0.921,-0.0883,0.3795,0,0.0047,0.9764,0.2158,0,0.3896,0.197,-0.8997,0,-124.9277,182.8155,31.8759,1]},
{"frame":131,"values":[0.8616,-0.0641,0.5035,0,-0.0466,0.9778,0.2043,0,0.5054,0.1995,-0.8395,0,-127.63,182.3869,29.5242,1]},
{"frame":132,"values":[0.7851,-0.0417,0.6179,0,-0.0848,0.9811,0.1739,0,0.6135,0.189,-0.7667,0,-125.9023,181.9582,27.1725,1]},
{"frame":133,"values":[0.8201,-0.0261,0.5716,0,-0.0826,0.9831,0.1634,0,0.5662,0.1813,-0.8041,0,-124.1748,182.4796,29.9128,1]},
{"frame":134,"values":[0.852,-0.009,0.5234,0,-0.0788,0.9863,0.1452,0,0.5175,0.165,-0.8396,0,-122.4472,183.001,32.653,1]},
{"frame":135,"values":[0.8808,0.0094,0.4735,0,-0.0757,0.9898,0.121,0,0.4675,0.1424,-0.8724,0,-120.7195,183.5224,35.3933,1]},
{"frame":136,"values":[0.9061,0.029,0.422,0,-0.0809,0.9911,0.1057,0,0.4152,0.1299,-0.9004,0,-118.992,182.043,38.1336,1]},
{"frame":137,"values":[0.9281,0.0494,0.3691,0,-0.1072,0.9846,0.1378,0,0.3566,0.1674,-0.9191,0,-117.2644,180.5635,40.8738,1]},
{"frame":138,"values":[0.9486,0.0274,0.3152,0,-0.0853,0.9815,0.1715,0,0.3047,0.1896,-0.9334,0,-115.5367,179.0841,43.6141,1]},
{"frame":139,"values":[0.9657,0.0067,0.2597,0,-0.0616,0.9771,0.2038,0,0.2524,0.2128,-0.9439,0,-113.8091,177.6047,46.3544,1]},
{"frame":140,"values":[0.9789,-0.0159,0.2037,0,-0.0336,0.9709,0.2371,0,0.2015,0.239,-0.9499,0,-112.0816,181.0665,44.0303,1]},
{"frame":141,"values":[0.9885,-0.0382,0.1466,0,0.0063,0.9773,0.2118,0,0.1514,0.2084,-0.9663,0,-110.3539,184.5284,41.7061,1]},
{"frame":142,"values":[0.994,-0.0622,0.0897,0,0.0449,0.9819,0.1839,0,0.0996,0.1788,-0.9788,0,-108.6263,187.9902,39.382,1]},
{"frame":143,"values":[0.9903,-0.085,0.1102,0,0.0674,0.9857,0.1547,0,0.1218,0.1458,-0.9818,0,-106.8987,191.452,37.0578,1]},
{"frame":144,"values":[0.9881,-0.0809,0.1307,0,0.0644,0.99,0.1254,0,0.1395,0.1155,-0.9835,0,-107.9339,191.2798,34.7337,1]},
{"frame":145,"values":[0.9856,-0.0766,0.1511,0,0.0566,0.9896,0.1322,0,0.1596,0.1217,-0.9796,0,-108.9691,191.7038,32.4096,1]},
{"frame":146,"values":[0.9825,-0.0724,0.1714,0,0.0487,0.9891,0.1388,0,0.1796,0.128,-0.9754,0,-110.0043,192.1277,30.0854,1]},
{"frame":147,"values":[0.9791,-0.0684,0.1917,0,0.0406,0.9886,0.1452,0,0.1994,0.1343,-0.9707,0,-111.0394,192.5516,27.7613,1]},
{"frame":148,"values":[0.9752,-0.0644,0.2119,0,0.0377,0.9911,0.1278,0,0.2182,0.1166,-0.9689,0,-112.0746,192.9756,25.4372,1]},
{"frame":149,"values":[0.9709,-0.0601,0.2319,0,0.0351,0.9933,0.1103,0,0.237,0.099,-0.9664,0,-113.1098,193.3995,23.113,1]},
{"frame":150,"values":[0.9656,-0.0641,0.2519,0,0.0417,0.9948,0.0931,0,0.2566,0.0793,-0.9633,0,-114.145,193.8235,20.7889,1]},
{"frame":151,"values":[0.96,-0.0677,0.2718,0,0.0488,0.9959,0.0759,0,0.2759,0.0596,-0.9594,0,-115.1801,194.2474,18.4648,1]},
{"frame":152,"values":[0.969,-0.061,0.2395,0,0.0481,0.9971,0.0593,0,0.2424,0.046,-0.9691,0,-114.3642,194.6713,16.1406,1]},
{"frame":153,"values":[0.9769,-0.0547,0.2068,0,0.0468,0.998,0.0428,0,0.2087,0.0322,-0.9775,0,-113.5483,195.0953,13.8165,1]},
{"frame":154,"values":[0.9836,-0.0488,0.1737,0,0.0449,0.9986,0.0264,0,0.1748,0.0181,-0.9844,0,-112.7325,195.5192,11.4924,1]},
{"frame":155,"values":[0.9833,-0.042,0.1772,0,0.041,0.9991,0.0092,0,0.1774,0.0018,-0.9841,0,-111.9166,195.9431,9.1682,1]},
{"frame":156,"values":[0.9829,-0.0352,0.1806,0,0.0334,0.9994,0.0126,0,0.181,0.0063,-0.9835,0,-111.1007,194.1699,9.2514,1]},
{"frame":157,"values":[0.9856,-0.0284,0.1664,0,0.0261,0.9995,0.0159,0,0.1668,0.0113,-0.9859,0,-110.2848,192.3966,9.3347,1]},
{"frame":158,"values":[0.9881,-0.0216,0.1522,0,0.0205,0.9998,0.0086,0,0.1523,0.0054,-0.9883,0,-109.4689,190.6233,8.946,1]},
{"frame":159,"values":[0.9903,-0.0148,0.1379,0,0.0148,0.9999,0.0014,0,0.1379,-0.0007,-0.9904,0,-108.653,188.8501,8.5574,1]},
{"frame":160,"values":[0.9921,-0.0211,0.1236,0,0.022,0.9997,-0.0059,0,0.1234,-0.0086,-0.9923,0,-107.8371,187.0768,9.6371,1]},
{"frame":161,"values":[0.9936,-0.0273,0.1092,0,0.0262,0.9996,0.0116,0,0.1095,0.0087,-0.9939,0,-109.2803,185.3035,10.7169,1]},
{"frame":162,"values":[0.9887,-0.0102,0.1495,0,0.0059,0.9996,0.0294,0,0.1498,0.0281,-0.9883,0,-110.7236,183.5303,11.7966,1]},
{"frame":163,"values":[0.9818,0.0061,0.1899,0,-0.0152,0.9988,0.0462,0,0.1894,0.0483,-0.9807,0,-112.1668,181.757,12.8764,1]},
{"frame":164,"values":[0.9729,0.0218,0.23,0,-0.0301,0.999,0.0329,0,0.2291,0.039,-0.9726,0,-113.61,179.9837,13.9561,1]},
{"frame":165,"values":[0.9622,0.0378,0.2696,0,-0.0445,0.9988,0.019,0,0.2685,0.0303,-0.9628,0,-115.0533,178.2104,15.0359,1]},
{"frame":166,"values":[0.9497,0.0541,0.3084,0,-0.0583,0.9983,0.0045,0,0.3077,0.0223,-0.9512,0,-116.4965,176.4372,16.1156,1]},
{"frame":167,"values":[0.9353,0.0691,0.347,0,-0.0766,0.997,0.0078,0,0.3454,0.0339,-0.9378,0,-117.9397,174.6639,17.1954,1]},
{"frame":168,"values":[0.9191,0.0829,0.3851,0,-0.0844,0.9963,-0.0131,0,0.3848,0.0204,-0.9228,0,-119.383,172.8906,18.2751,1]},
{"frame":169,"values":[0.9012,0.0973,0.4223,0,-0.0913,0.9952,-0.0344,0,0.4236,0.0076,-0.9058,0,-120.8262,171.1174,19.3549,1]},
{"frame":170,"values":[0.8816,0.1103,0.459,0,-0.0961,0.9939,-0.0543,0,0.4621,-0.0037,-0.8868,0,-122.2694,169.3441,16.4494,1]},
{"frame":171,"values":[0.8603,0.1217,0.495,0,-0.0987,0.9925,-0.0725,0,0.5001,-0.0136,-0.8659,0,-123.7127,171.1688,13.5439,1]},
{"frame":172,"values":[0.8375,0.1336,0.5299,0,-0.1005,0.9908,-0.0909,0,0.5371,-0.0229,-0.8432,0,-125.1559,172.9935,10.6384,1]},
{"frame":173,"values":[0.8132,0.1441,0.5639,0,-0.1255,0.9895,-0.0718,0,0.5684,0.0123,-0.8227,0,-126.5992,174.8183,7.733,1]},
{"frame":174,"values":[0.7873,0.153,0.5973,0,-0.151,0.9871,-0.0538,0,0.5978,0.0479,-0.8002,0,-128.0424,176.643,4.8275,1]},
{"frame":175,"values":[0.7631,0.1465,0.6295,0,-0.1594,0.9865,-0.0365,0,0.6264,0.0725,-0.7761,0,-129.4856,178.4677,1.922,1]},
{"frame":176,"values":[0.7346,0.1543,0.6607,0,-0.1882,0.9819,-0.0201,0,0.6519,0.1095,-0.7504,0,-130.9288,180.2924,-0.9835,1]},
{"frame":177,"values":[0.705,0.1599,0.6909,0,-0.1784,0.9829,-0.0453,0,0.6864,0.0913,-0.7215,0,-128.8025,182.1172,-3.8889,1]},
{"frame":178,"values":[0.6741,0.1662,0.7197,0,-0.1676,0.9834,-0.0701,0,0.7194,0.0733,-0.6907,0,-126.6761,183.9419,-6.7944,1]},
{"frame":179,"values":[0.6501,0.137,0.7474,0,-0.1034,0.9904,-0.0916,0,0.7528,0.0178,-0.658,0,-124.5498,185.7666,-9.6999,1]},
{"frame":180,"values":[0.6233,0.1106,0.7741,0,-0.0911,0.9935,-0.0686,0,0.7767,0.0278,-0.6293,0,-122.4234,187.5913,-12.6053,1]},
{"frame":181,"values":[0.5953,0.0837,0.7991,0,-0.0796,0.9958,-0.0451,0,0.7995,0.0368,-0.5995,0,-120.2971,189.4161,-15.5108,1]},
{"frame":182,"values":[0.5649,0.06,0.823,0,-0.0321,0.9982,-0.0507,0,0.8245,-0.0022,-0.5658,0,-118.1707,191.2408,-18.4163,1]},
{"frame":183,"values":[0.5301,0.0641,0.8455,0,-0.0326,0.9979,-0.0552,0,0.8473,-0.0017,-0.5311,0,-116.0444,189.47,-21.3218,1]},
{"frame":184,"values":[0.5442,0.0739,0.8357,0,-0.0362,0.9973,-0.0646,0,0.8382,-0.0049,-0.5454,0,-113.918,187.6993,-24.2272,1]},
{"frame":185,"values":[0.5592,0.0749,0.8257,0,-0.0236,0.9969,-0.0744,0,0.8287,-0.0221,-0.5592,0,-111.7917,185.9286,-27.1327,1]},
{"frame":186,"values":[0.573,0.0828,0.8153,0,-0.0357,0.9965,-0.076,0,0.8187,-0.0144,-0.574,0,-109.6653,184.1578,-30.0382,1]},
{"frame":187,"values":[0.5866,0.091,0.8047,0,-0.0465,0.9958,-0.0787,0,0.8085,-0.0087,-0.5884,0,-107.539,182.3871,-32.9437,1]},
{"frame":188,"values":[0.5999,0.0994,0.7939,0,-0.0574,0.995,-0.0812,0,0.798,-0.0032,-0.6026,0,-105.4126,180.6163,-35.8491,1]},
{"frame":189,"values":[0.5646,0.0996,0.8193,0,-0.1033,0.9934,-0.0496,0,0.8189,0.0566,-0.5712,0,-103.2863,178.8456,-38.7546,1]},
{"frame":190,"values":[0.5307,0.084,0.8434,0,-0.1216,0.9923,-0.0223,0,0.8388,0.0907,-0.5368,0,-103.5197,177.0748,-41.6601,1]},
{"frame":191,"values":[0.4962,0.067,0.8656,0,-0.1409,0.99,0.0041,0,0.8567,0.124,-0.5007,0,-103.7531,175.3041,-44.5655,1]},
{"frame":192,"values":[0.459,0.0569,0.8866,0,-0.164,0.9862,0.0216,0,0.8732,0.1553,-0.462,0,-101.7613,173.5333,-47.471,1]},
{"frame":193,"values":[0.4212,0.0453,0.9058,0,-0.1877,0.9815,0.0381,0,0.8873,0.1861,-0.4219,0,-99.7694,171.7626,-50.3765,1]},
{"frame":194,"values":[0.3829,0.0325,0.9232,0,-0.2119,0.9758,0.0535,0,0.8991,0.2162,-0.3806,0,-97.7776,169.9919,-53.282,1]},
{"frame":195,"values":[0.3443,0.0185,0.9387,0,-0.2366,0.9692,0.0678,0,0.9085,0.2455,-0.3381,0,-95.7857,168.2211,-56.1874,1]},
{"frame":196,"values":[0.3039,0.0101,0.9526,0,-0.2634,0.9618,0.0738,0,0.9155,0.2734,-0.295,0,-93.7939,170.2733,-59.0929,1]},
{"frame":197,"values":[0.2571,0.0545,0.9649,0,-0.2418,0.9703,0.0096,0,0.9357,0.2357,-0.2626,0,-91.802,172.3255,-61.9984,1]},
{"frame":198,"values":[0.2052,0.0651,0.9765,0,-0.2128,0.9769,-0.0204,0,0.9553,0.2036,-0.2144,0,-93.7243,174.3777,-64.9039,1]},
{"frame":199,"values":[0.1531,0.0774,0.9852,0,-0.182,0.9821,-0.0489,0,0.9713,0.1719,-0.1645,0,-95.6465,176.4299,-67.8093,1]},
{"frame":200,"values":[0.1011,0.0914,0.9907,0,-0.1497,0.9858,-0.0757,0,0.9836,0.1406,-0.1133,0,-97.5688,178.4821,-70.7148,1]},
{"frame":201,"values":[0.0934,0.1281,0.9874,0,-0.1186,0.9861,-0.1168,0,0.9885,0.1062,-0.1073,0,-99.4911,180.5342,-73.6203,1]},
{"frame":202,"values":[0.0868,0.1649,0.9825,0,-0.0871,0.9837,-0.1574,0,0.9924,0.0719,-0.0998,0,-101.4133,182.5864,-76.5257,1]},
{"frame":203,"values":[0.0688,0.1373,0.9881,0,-0.0517,0.9896,-0.1339,0,0.9963,0.0419,-0.0752,0,-103.3356,184.6386,-79.4312,1]},
{"frame":204,"values":[0.0497,0.11,0.9927,0,-0.0167,0.9939,-0.1093,0,0.9986,0.0112,-0.0512,0,-105.2578,186.6908,-82.3367,1]},
{"frame":205,"values":[0.0296,0.0833,0.9961,0,0.0178,0.9963,-0.0838,0,0.9994,-0.0202,-0.0281,0,-107.1801,188.743,-85.2422,1]},
{"frame":206,"values":[0.0087,0.0571,0.9983,0,0.0518,0.997,-0.0575,0,0.9986,-0.0522,-0.0057,0,-109.1024,190.7952,-88.1477,1]},
{"frame":207,"values":[-0.0131,0.0317,0.9994,0,0.0851,0.9959,-0.0305,0,0.9963,-0.0846,0.0158,0,-111.0246,192.8473,-91.0531,1]},
{"frame":208,"values":[-0.0277,0.0434,0.9987,0,0.1183,0.9922,-0.0399,0,0.9926,-0.1171,0.0327,0,-112.9469,194.8995,-93.9586,1]},
{"frame":209,"values":[-0.0465,0.0506,0.9976,0,0.1515,0.9875,-0.043,0,0.9874,-0.1492,0.0536,0,-114.8691,192.4529,-96.8641,1]},
{"frame":210,"values":[-0.0491,0.0698,0.9964,0,0.1292,0.9896,-0.063,0,0.9904,-0.1257,0.0576,0,-116.7914,190.0062,-99.7695,1]},
{"frame":211,"values":[-0.0521,0.0889,0.9947,0,0.1069,0.9908,-0.083,0,0.9929,-0.102,0.0611,0,-118.7136,187.5596,-102.675,1]},
{"frame":212,"values":[-0.0471,0.1096,0.9929,0,0.0843,0.9908,-0.1054,0,0.9953,-0.0787,0.0559,0,-120.6359,185.1129,-100.4604,1]},
{"frame":213,"values":[-0.0426,0.1304,0.9905,0,0.0615,0.9899,-0.1277,0,0.9972,-0.0555,0.0502,0,-122.5582,182.6663,-98.2458,1]},
{"frame":214,"values":[-0.0269,0.1269,0.9916,0,0.0374,0.9913,-0.1258,0,0.9989,-0.0337,0.0314,0,-124.4804,180.2196,-96.0311,1]},
{"frame":215,"values":[-0.0124,0.1215,0.9925,0,0.0134,0.9925,-0.1213,0,0.9998,-0.0118,0.014,0,-121.0354,177.7729,-93.8164,1]},
{"frame":216,"values":[0.0281,0.2314,0.9724,0,-0.0133,0.9728,-0.2311,0,0.9995,0.0064,-0.0304,0,-117.5904,175.3263,-91.6018,1]},
{"frame":217,"values":[0.0654,0.3395,0.9383,0,-0.0444,0.9404,-0.3371,0,0.9969,0.0197,-0.0766,0,-114.1454,172.8796,-89.3872,1]},
{"frame":218,"values":[0.0987,0.4433,0.8909,0,-0.0793,0.896,-0.437,0,0.992,0.0276,-0.1236,0,-110.7004,170.433,-87.1726,1]},
{"frame":219,"values":[0.1886,0.5181,0.8343,0,-0.1307,0.8552,-0.5015,0,0.9733,0.0144,-0.229,0,-107.2553,171.4085,-84.9579,1]},
{"frame":220,"values":[0.2716,0.5875,0.7623,0,-0.1883,0.8092,-0.5566,0,0.9438,-0.0076,-0.3304,0,-103.8103,172.384,-82.7433,1]},
{"frame":221,"values":[0.3974,0.5984,0.6957,0,-0.2511,0.8001,-0.5448,0,0.8826,-0.0418,-0.4682,0,-100.3653,173.3595,-84.9706,1]},
{"frame":222,"values":[0.5132,0.6043,0.6095,0,-0.3124,0.7929,-0.5231,0,0.7994,-0.0781,-0.5957,0,-96.9203,174.335,-87.198,1]},
{"frame":223,"values":[0.6146,0.6047,0.5065,0,-0.3698,0.788,-0.4922,0,0.6968,-0.1152,-0.708,0,-93.4753,175.3105,-89.4253,1]},
{"frame":224,"values":[0.6981,0.5999,0.3908,0,-0.4213,0.7856,-0.4533,0,0.5789,-0.1518,-0.8011,0,-90.0302,176.286,-91.6527,1]},
{"frame":225,"values":[0.7989,0.5192,0.3035,0,-0.4197,0.8428,-0.337,0,0.4308,-0.1419,-0.8912,0,-92.2593,177.2616,-93.88,1]},
{"frame":226,"values":[0.8788,0.4356,0.1947,0,-0.3944,0.8928,-0.2175,0,0.2686,-0.1144,-0.9564,0,-94.4883,178.2371,-96.1074,1]},
{"frame":227,"values":[0.9328,0.3536,0.07,0,-0.346,0.9327,-0.1014,0,0.1011,-0.0703,-0.9924,0,-96.7173,179.2126,-98.3347,1]},
{"frame":228,"values":[0.9586,0.2777,-0.0637,0,-0.2779,0.9606,0.0053,0,-0.0626,-0.0126,-0.998,0,-98.9463,180.1881,-100.562,1]},
{"frame":229,"values":[0.9826,0.1737,0.0653,0,-0.1736,0.9848,-0.0077,0,0.0656,0.0038,-0.9978,0,-101.1754,181.1636,-102.7894,1]},
{"frame":230,"values":[0.9636,0.185,0.1931,0,-0.1846,0.9826,-0.0203,0,0.1935,0.0161,-0.981,0,-103.4044,182.1391,-105.0167,1]},
{"frame":231,"values":[0.9285,0.1922,0.3178,0,-0.1966,0.9803,-0.0185,0,0.3151,0.0453,-0.948,0,-105.6334,183.1146,-107.2441,1]},
{"frame":232,"values":[0.8779,0.1955,0.4372,0,-0.2087,0.9778,-0.0183,0,0.431,0.0752,-0.8992,0,-107.8625,184.0901,-109.4714,1]},
{"frame":233,"values":[0.816,0.1817,0.5487,0,-0.1919,0.9806,-0.0392,0,0.5452,0.0733,-0.8351,0,-110.0915,185.0656,-111.6988,1]},
{"frame":234,"values":[0.739,0.168,0.6525,0,-0.1723,0.9833,-0.058,0,0.6513,0.0696,-0.7556,0,-112.3205,186.0411,-113.9261,1]},
{"frame":235,"values":[0.6483,0.1548,0.7455,0,-0.1503,0.9859,-0.0741,0,0.7464,0.064,-0.6624,0,-114.5496,187.0166,-116.1535,1]},
{"frame":236,"values":[0.5464,0.1426,0.8253,0,-0.1263,0.9882,-0.0871,0,0.8279,0.0567,-0.558,0,-116.7786,187.9922,-118.3808,1]},
{"frame":237,"values":[0.4363,0.1315,0.8901,0,-0.1012,0.9902,-0.0967,0,0.8941,0.0479,-0.4453,0,-119.0076,188.9677,-120.6081,1]},
{"frame":238,"values":[0.324,0.0939,0.9414,0,-0.0437,0.9955,-0.0843,0,0.945,0.0138,-0.3267,0,-121.2366,189.9432,-122.8355,1]},
{"frame":239,"values":[0.204,0.0629,0.977,0,-0.0142,0.998,-0.0613,0,0.9789,0.0014,-0.2044,0,-123.4657,190.9187,-125.0628,1]},
{"frame":240,"values":[0.0817,0.0267,0.9963,0,0.0127,0.9995,-0.0278,0,0.9966,-0.0149,-0.0813,0,-125.6947,190.3703,-127.2901,1]},
{"frame":241,"values":[0.1148,0.0214,0.9932,0,0.0073,0.9997,-0.0224,0,0.9934,-0.0098,-0.1146,0,-127.9237,189.8219,-129.5175,1]},
{"frame":242,"values":[0.1462,0.0035,0.9892,0,0.003,1,-0.004,0,0.9892,-0.0036,-0.1462,0,-130.1528,189.2735,-127.9661,1]},
{"frame":243,"values":[0.1776,-0.0142,0.984,0,-0.0007,0.9999,0.0145,0,0.9841,0.0032,-0.1775,0,-132.3818,188.7251,-126.4147,1]},
{"frame":244,"values":[0.2086,-0.0011,0.978,0,-0.0271,0.9996,0.0069,0,0.9776,0.0279,-0.2085,0,-134.6108,188.1768,-124.8633,1]},
{"frame":245,"values":[0.1971,0.0131,0.9803,0,-0.0539,0.9985,-0.0025,0,0.9789,0.0524,-0.1976,0,-136.8398,187.6284,-123.3119,1]},
{"frame":246,"values":[0.1853,0.0269,0.9823,0,-0.0806,0.9967,-0.0121,0,0.9794,0.0769,-0.1869,0,-139.0688,187.08,-121.7606,1]},
{"frame":247,"values":[0.1753,0.0214,0.9843,0,-0.1094,0.994,-0.0021,0,0.9784,0.1074,-0.1766,0,-141.2979,186.5316,-120.2092,1]},
{"frame":248,"values":[0.3198,0.0259,0.9471,0,-0.1355,0.9906,0.0187,0,0.9377,0.1343,-0.3203,0,-138.7631,187.0964,-118.6578,1]},
{"frame":249,"values":[0.457,0.0344,0.8888,0,-0.158,0.9865,0.0431,0,0.8753,0.1602,-0.4563,0,-136.2283,187.6612,-117.1064,1]},
{"frame":250,"values":[0.5845,0.0294,0.8108,0,-0.1199,0.9915,0.0505,0,0.8025,0.1267,-0.5831,0,-133.6935,188.2261,-115.555,1]},
{"frame":251,"values":[0.6995,0.0193,0.7143,0,-0.0807,0.9954,0.0521,0,0.71,0.0941,-0.6979,0,-131.1586,188.7909,-114.0036,1]},
{"frame":252,"values":[0.798,0.0046,0.6027,0,-0.0418,0.998,0.0478,0,0.6013,0.0634,-0.7965,0,-128.6239,189.3557,-112.4522,1]},
{"frame":253,"values":[0.8785,0.0183,0.4773,0,-0.0608,0.9954,0.0738,0,0.4738,0.0938,-0.8756,0,-126.0891,189.2636,-110.9008,1]},
{"frame":254,"values":[0.9395,0.0323,0.3412,0,-0.0708,0.9924,0.101,0,0.3353,0.119,-0.9346,0,-123.5543,189.1715,-112.057,1]},
{"frame":255,"values":[0.979,0.0499,0.1977,0,-0.0765,0.9886,0.1293,0,0.189,0.1417,-0.9717,0,-121.0195,189.0795,-113.2132,1]},
{"frame":256,"values":[0.9966,0.0659,0.0497,0,-0.0716,0.9897,0.1236,0,0.0411,0.1267,-0.9911,0,-122.4585,189.5419,-114.3694,1]},
{"frame":257,"values":[0.9934,0.0576,-0.0994,0,-0.046,0.9922,0.1157,0,-0.1053,0.1104,-0.9883,0,-123.8975,190.0044,-115.5256,1]},
{"frame":258,"values":[0.9681,0.047,-0.2463,0,-0.0218,0.9943,0.1041,0,-0.2497,0.0955,-0.9636,0,-125.3365,190.4668,-116.6818,1]},
{"frame":259,"values":[0.9203,0.0524,-0.3877,0,-0.0147,0.9949,0.0997,0,-0.3909,0.0861,-0.9164,0,-126.7756,190.9293,-117.838,1]},
{"frame":260,"values":[0.8521,0.0557,-0.5204,0,-0.0185,0.9969,0.0764,0,-0.5231,0.0554,-0.8505,0,-128.2146,191.3917,-118.9943,1]},
{"frame":261,"values":[0.7649,0.0565,-0.6417,0,-0.0282,0.9981,0.0542,0,-0.6435,0.0233,-0.7651,0,-129.6537,191.8542,-117.8662,1]},
{"frame":262,"values":[0.6608,0.0543,-0.7486,0,-0.0432,0.9985,0.0344,0,-0.7493,-0.0096,-0.6621,0,-131.0927,191.366,-116.7381,1]},
{"frame":263,"values":[0.7167,0.065,-0.6943,0,-0.0674,0.9974,0.0238,0,-0.6941,-0.0298,-0.7193,0,-130.4392,190.8778,-115.61,1]},
{"frame":264,"values":[0.7681,0.0762,-0.6357,0,-0.0897,0.9959,0.0109,0,-0.634,-0.0486,-0.7718,0,-129.7857,191.3642,-114.4819,1]},
{"frame":265,"values":[0.8147,0.0877,-0.5732,0,-0.0975,0.9951,0.0136,0,-0.5717,-0.0448,-0.8193,0,-129.1322,191.8505,-113.3538,1]},
{"frame":266,"values":[0.8561,0.0994,-0.5072,0,-0.1133,0.9936,0.0035,0,-0.5043,-0.0544,-0.8618,0,-132.2563,192.3368,-112.2256,1]},
{"frame":267,"values":[0.8933,0.1,-0.4381,0,-0.115,0.9933,-0.0076,0,-0.4344,-0.0572,-0.8989,0,-135.3804,192.8231,-111.0976,1]},
{"frame":268,"values":[0.9239,0.1106,-0.3662,0,-0.1262,0.9918,-0.019,0,-0.3611,-0.0638,-0.9303,0,-138.5045,193.3095,-109.9695,1]},
{"frame":269,"values":[0.9487,0.1216,-0.292,0,-0.1366,0.9901,-0.0313,0,-0.2853,-0.0695,-0.9559,0,-141.6285,193.7958,-108.8414,1]},
{"frame":270,"values":[0.9673,0.1331,-0.216,0,-0.1459,0.9883,-0.0443,0,-0.2076,-0.0744,-0.9754,0,-144.7526,194.2821,-107.7133,1]},
{"frame":271,"values":[0.9796,0.1448,-0.1391,0,-0.1541,0.9864,-0.0581,0,-0.1287,-0.0783,-0.9886,0,-147.8767,194.7684,-106.5852,1]},
{"frame":272,"values":[0.9886,0.1376,-0.061,0,-0.1418,0.9873,-0.071,0,-0.0504,-0.0789,-0.9956,0,-151.0008,195.2548,-105.457,1]},
{"frame":273,"values":[0.989,0.1472,0.0176,0,-0.1453,0.9859,-0.0828,0,0.0295,-0.0793,-0.9964,0,-154.1249,195.7411,-104.3289,1]},
{"frame":274,"values":[0.983,0.1568,0.096,0,-0.1478,0.9845,-0.0948,0,0.1094,-0.079,-0.9909,0,-157.249,196.2274,-103.2008,1]},
{"frame":275,"values":[0.9707,0.1663,0.1736,0,-0.1493,0.983,-0.107,0,0.1884,-0.078,-0.979,0,-160.3731,196.7137,-102.0727,1]},
{"frame":276,"values":[0.9606,0.1211,0.2503,0,-0.0941,0.9886,-0.1173,0,0.2616,-0.0891,-0.961,0,-163.4971,197.2,-100.9447,1]},
{"frame":277,"values":[0.9421,0.079,0.326,0,-0.0476,0.9935,-0.1034,0,0.332,-0.0819,-0.9397,0,-166.6212,197.6864,-99.8166,1]},
{"frame":278,"values":[0.9161,0.0363,0.3992,0,-0.0021,0.9963,-0.0859,0,0.4009,-0.0778,-0.9128,0,-169.7453,198.1727,-98.6885,1]},
{"frame":279,"values":[0.883,-0.0066,0.4692,0,0.0419,0.997,-0.0649,0,0.4674,-0.0769,-0.8807,0,-172.8694,198.659,-97.5604,1]},
{"frame":280,"values":[0.8432,0.0235,0.537,0,0.0428,0.9929,-0.1107,0,0.5359,-0.1163,-0.8363,0,-175.9935,199.1453,-96.4323,1]},
{"frame":281,"values":[0.7967,0.0376,0.6032,0,0.0586,0.9886,-0.139,0,0.6015,-0.1461,-0.7854,0,-179.1176,196.7135,-95.3042,1]},
{"frame":282,"values":[0.7447,0.0541,0.6652,0,0.0767,0.9832,-0.1659,0,0.663,-0.1746,-0.728,0,-182.2417,194.2816,-94.1761,1]},
{"frame":283,"values":[0.6878,0.073,0.7222,0,0.097,0.9768,-0.1911,0,0.7194,-0.2015,-0.6648,0,-185.3658,191.8498,-93.048,1]},
{"frame":284,"values":[0.6267,0.0939,0.7736,0,0.1192,0.9695,-0.2142,0,0.7701,-0.2264,-0.5963,0,-188.4899,189.4179,-91.9199,1]},
{"frame":285,"values":[0.562,0.1166,0.8188,0,0.143,0.9614,-0.2351,0,0.8147,-0.2492,-0.5237,0,-191.614,186.9861,-90.7918,1]},
{"frame":286,"values":[0.5004,0.0808,0.862,0,0.1721,0.9665,-0.1905,0,0.8485,-0.2437,-0.4697,0,-194.7381,184.5542,-89.6637,1]},
{"frame":287,"values":[0.4352,0.0444,0.8992,0,0.1978,0.9696,-0.1437,0,0.8783,-0.2404,-0.4132,0,-197.8621,182.1223,-88.5356,1]},
{"frame":288,"values":[0.367,0.0079,0.9302,0,0.22,0.9709,-0.095,0,0.9038,-0.2395,-0.3546,0,-200.9862,179.6905,-87.4075,1]},
{"frame":289,"values":[0.2599,0.096,0.9608,0,0.0815,0.9893,-0.1209,0,0.9622,-0.1097,-0.2493,0,-204.1103,179.9044,-86.2794,1]},
{"frame":290,"values":[0.1382,0.1675,0.9761,0,-0.0546,0.9854,-0.1614,0,0.9889,0.031,-0.1454,0,-207.2344,180.1183,-85.1513,1]},
{"frame":291,"values":[0.036,0.1353,0.9902,0,-0.1864,0.9743,-0.1263,0,0.9818,0.18,-0.0603,0,-210.3585,178.7113,-84.0232,1]},
{"frame":292,"values":[-0.0105,0.061,0.9981,0,-0.3209,0.9451,-0.0611,0,0.9471,0.3209,-0.0097,0,-213.4826,177.3043,-84.3723,1]},
{"frame":293,"values":[-0.0461,0.0674,0.9967,0,-0.45,0.8893,-0.081,0,0.8918,0.4522,0.0106,0,-210.7294,175.8973,-84.7214,1]},
{"frame":294,"values":[-0.0805,0.0346,0.9962,0,-0.5701,0.8182,-0.0745,0,0.8176,0.5739,0.0461,0,-207.9763,178.0698,-85.0705,1]},
{"frame":295,"values":[-0.11,-0.0029,0.9939,0,-0.6796,0.73,-0.0731,0,0.7253,0.6835,0.0823,0,-205.2231,180.2422,-85.4196,1]},
{"frame":296,"values":[-0.1336,-0.044,0.9901,0,-0.7747,0.6277,-0.0767,0,0.618,0.7773,0.1179,0,-202.47,182.4147,-85.7687,1]},
{"frame":297,"values":[-0.0845,-0.0784,0.9933,0,-0.8591,0.5107,-0.0328,0,0.5047,0.8562,0.1105,0,-199.7168,184.5871,-86.1178,1]},
{"frame":298,"values":[-0.0344,-0.0829,0.996,0,-0.9949,0.0975,-0.0263,0,0.0949,0.9918,0.0859,0,-196.9637,184.4095,-85.6669,1]},
{"frame":299,"values":[0.0023,-0.0642,0.9979,0,-0.9423,-0.3342,-0.0193,0,-0.3348,0.9403,0.0613,0,-194.2105,184.5439,-85.216,1]},
{"frame":300,"values":[0.0072,-0.0363,0.9993,0,-0.9171,-0.3986,-0.0079,0,-0.3987,0.9164,0.0362,0,-191.4573,184.6783,-84.7651,1]},
{"frame":301,"values":[0.0102,-0.0082,0.9999,0,-0.8875,-0.4609,0.0053,0,-0.4608,0.8874,0.0119,0,-188.7042,184.8127,-84.3142,1]},
{"frame":302,"values":[0.0203,0.0011,0.9998,0,-0.8536,-0.5207,0.0179,0,-0.5206,0.8537,0.0096,0,-185.951,184.007,-83.8632,1]},
{"frame":303,"values":[0.0423,0.0079,0.9991,0,-0.8151,-0.578,0.0391,0,-0.5778,0.816,0.018,0,-183.1979,183.2014,-83.4123,1]},
{"frame":304,"values":[0.064,0.0144,0.9978,0,-0.9705,-0.2321,0.0656,0,-0.2326,0.9726,0.0008,0,-180.4447,182.3957,-82.9614,1]},
{"frame":305,"values":[0.0864,0.0124,0.9962,0,-0.9856,0.1472,0.0837,0,0.1456,0.989,-0.025,0,-177.6916,181.59,-82.5105,1]},
{"frame":306,"values":[0.1018,0.0399,0.994,0,-0.9573,0.2756,0.087,0,0.2705,0.9604,-0.0663,0,-178.4657,180.7843,-82.0596,1]},
{"frame":307,"values":[0.0784,0.0541,0.9955,0,-0.9161,0.3977,0.0505,0,0.3932,0.9159,-0.0807,0,-179.2398,179.9786,-81.6087,1]},
{"frame":308,"values":[0.0544,0.0601,0.9967,0,-0.8585,0.5126,0.0159,0,0.51,0.8565,-0.0795,0,-180.0139,179.1729,-82.2014,1]},
