{"producer":{"name":"Blender","version":"2.79 (sub 0)","exporter_version":"5.6.4","file":"jogging.babylon"},
"autoClear":true,"clearColor":[0.0509,0.0509,0.0509],"ambientColor":[0,0,0],"gravity":[0,-9.81,0],
"materials":[{"name":"jogging.Material","id":"jogging.Material","ambient":[0,0,0],"diffuse":[0,0,0],"specular":[0,0,0],"emissive":[0,0,0],"specularPower":50,"alpha":0.001,"backFaceCulling":true,"checkReadyOnlyOnce":false,"maxSimultaneousLights":4}],
"multiMaterials":[],
"skeletons":[{"name":"Armature","id":0,"dimensionsAtRest":[379.1952,391.6652,55.677],"bones":[
{"name":"mixamorig:Hips","index":0,"matrix":[0.9988,0.0458,-0.0177,0,-0.0481,0.9841,-0.1711,0,-0.0095,-0.1718,-0.9851,0,-0.3017,193.3513,-1.2109,1],"rest":[1,0,0,0,0,1,0,0,0,0,-1,0,0,201.6394,0,1],"parentBoneIndex":-1,"length":21.6784
,"animation":{"dataType":3,"framePerSecond":24,"keys":[
{"frame":1,"values":[0.9988,0.0458,-0.0177,0,-0.0481,0.9841,-0.1711,0,-0.0095,-0.1718,-0.9851,0,-0.3023,193.3509,-1.2109,1]},
{"frame":2,"values":[0.9953,0.0765,-0.0587,0,-0.0859,0.9799,-0.18,0,-0.0438,-0.1843,-0.9819,0,0.3065,197.6812,1.841,1]},
{"frame":3,"values":[0.9926,0.0896,-0.0822,0,-0.1045,0.9744,-0.1989,0,-0.0623,-0.2061,-0.9766,0,0.9153,202.0116,5.0377,1]},
{"frame":4,"values":[0.9929,0.0878,-0.0803,0,-0.1031,0.9717,-0.2124,0,-0.0594,-0.2192,-0.9739,0,1.1267,204.1903,5.0982,1]},
{"frame":5,"values":[0.9968,0.0677,-0.0431,0,-0.0755,0.9731,-0.2176,0,-0.0272,-0.2202,-0.9751,0,0.5961,206.3691,3.4743,1]},
{"frame":6,"values":[0.998,0.0623,0.0075,0,-0.059,0.9732,-0.2221,0,0.0212,-0.2212,-0.975,0,0.0656,204.0809,2.176,1]},
{"frame":7,"values":[0.9968,0.0676,0.0429,0,-0.056,0.9715,-0.2301,0,0.0573,-0.227,-0.9722,0,-0.4649,199.5477,3.2881,1]},
{"frame":8,"values":[0.9965,0.0758,0.0342,0,-0.0655,0.9689,-0.2384,0,0.0512,-0.2354,-0.9706,0,-0.3682,194.7373,4.5001,1]},
{"frame":9,"values":[0.9953,0.0779,0.0583,0,-0.0613,0.9672,-0.2464,0,0.0756,-0.2416,-0.9674,0,-0.4175,192.4619,7.4355,1]},
{"frame":10,"values":[0.9948,0.0594,0.0824,0,-0.0367,0.9665,-0.2541,0,0.0947,-0.2498,-0.9637,0,-0.0566,195.5427,9.0742,1]},
{"frame":11,"values":[0.9939,0.0291,0.1063,0,-0.0002,0.9651,-0.262,0,0.1102,-0.2604,-0.9592,0,0.3044,198.6236,10.7128,1]},
{"frame":12,"values":[0.9915,-0.001,0.1303,0,0.0363,0.9624,-0.269,0,0.1252,-0.2715,-0.9543,0,0.6653,201.7043,12.3514,1]},
{"frame":13,"values":[0.9876,-0.0309,0.1542,0,0.0731,0.9583,-0.2762,0,0.1392,-0.284,-0.9487,0,1.0262,204.7852,10.5545,1]},
{"frame":14,"values":[0.9903,-0.0281,0.1359,0,0.0662,0.9563,-0.285,0,0.122,-0.2912,-0.9489,0,1.3871,207.866,8.7575,1]},
{"frame":15,"values":[0.9927,-0.0252,0.1176,0,0.0554,0.9637,-0.2612,0,0.1068,-0.2658,-0.9581,0,1.748,204.1546,6.9605,1]},
{"frame":16,"values":[0.9947,-0.0259,0.0993,0,0.0489,0.9703,-0.237,0,0.0902,-0.2406,-0.9664,0,1.4285,200.4432,5.1635,1]},
{"frame":17,"values":[0.9964,-0.0261,0.0809,0,0.0428,0.9762,-0.2125,0,0.0734,-0.2152,-0.9738,0,1.109,196.7318,3.3666,1]},
{"frame":18,"values":[0.9979,-0.014,0.0625,0,0.0255,0.9819,-0.1877,0,0.0587,-0.1889,-0.9802,0,0.7895,193.0204,1.5696,1]},
{"frame":19,"values":[0.999,-0.0018,0.044,0,0.009,0.9866,-0.1627,0,0.0432,-0.163,-0.9857,0,0.47,189.3091,2.1383,1]},
{"frame":20,"values":[0.9996,0.0103,0.0256,0,-0.0058,0.9856,-0.1692,0,0.027,-0.169,-0.9852,0,0.1505,189.7784,1.2341,1]},
{"frame":21,"values":[0.9988,0.0458,-0.0177,0,-0.0481,0.9841,-0.1711,0,-0.0095,-0.1718,-0.9851,0,-0.3017,193.3513,-1.2109,1]}],"loopBehavior":1,"name":"anim","property":"_matrix"}},
{"name":"mixamorig:Spine","index":1,"matrix":[0.9983,-0.0104,-0.0569,0,0.0189,0.9883,0.1513,0,0.0547,-0.1521,0.9868,0,0.0062,19.525,-2.4818,1],"rest":[1,0,0,0,0,1,0,0,0,0,1,0,0.0062,19.525,-2.4818,1],"parentBoneIndex":0,"length":23.0091
,"animation":{"dataType":3,"framePerSecond":24,"keys":[
{"frame":1,"values":[0.9983,-0.0104,-0.0569,0,0.0189,0.9883,0.1513,0,0.0547,-0.1521,0.9868,0,0.0062,19.525,-2.4818,1]},
{"frame":2,"values":[0.9949,-0.0487,-0.088,0,0.0605,0.9886,0.1378,0,0.0803,-0.1424,0.9866,0,0.0062,19.525,-2.4818,1]},
{"frame":3,"values":[0.9921,-0.0722,-0.1028,0,0.0852,0.988,0.129,0,0.0923,-0.1367,0.9863,0,0.0062,19.525,-2.4818,1]},
{"frame":4,"values":[0.9918,-0.0804,-0.0997,0,0.0911,0.9899,0.1088,0,0.09,-0.117,0.9891,0,0.0062,19.525,-2.4818,1]},
{"frame":5,"values":[0.9942,-0.065,-0.0861,0,0.072,0.9941,0.0808,0,0.0803,-0.0866,0.993,0,0.0062,19.525,-2.4818,1]},
{"frame":6,"values":[0.996,-0.0619,-0.0646,0,0.0665,0.9952,0.0717,0,0.0598,-0.0757,0.9953,0,0.0062,19.525,-2.4818,1]},
{"frame":7,"values":[0.9966,-0.0738,-0.037,0,0.077,0.9925,0.0949,0,0.0297,-0.0974,0.9948,0,0.0062,19.525,-2.4818,1]},
{"frame":8,"values":[0.9949,-0.1,-0.0094,0,0.1004,0.9898,0.1006,0,-0.0007,-0.1011,0.9949,0,0.0062,19.525,-2.4818,1]},
{"frame":9,"values":[0.9932,-0.1147,0.0181,0,0.1122,0.988,0.1063,0,-0.0301,-0.1035,0.9942,0,0.0062,19.525,-2.4818,1]},
{"frame":10,"values":[0.9948,-0.0908,0.0456,0,0.0853,0.99,0.1122,0,-0.0554,-0.1077,0.9926,0,0.0062,19.525,-2.4818,1]},
{"frame":11,"values":[0.9951,-0.067,0.0732,0,0.0582,0.9914,0.1174,0,-0.0805,-0.1125,0.9904,0,0.0062,19.525,-2.4818,1]},
{"frame":12,"values":[0.994,-0.0434,0.1009,0,0.0327,0.9939,0.1056,0,-0.1048,-0.1017,0.9893,0,0.0062,19.525,-2.4818,1]},
{"frame":13,"values":[0.9916,-0.0194,0.1281,0,0.0074,0.9956,0.0932,0,-0.1294,-0.0915,0.9874,0,0.0062,19.525,-2.4818,1]},
{"frame":14,"values":[0.9943,0.0044,0.1063,0,-0.0131,0.9966,0.0814,0,-0.1056,-0.0823,0.991,0,0.0062,19.525,-2.4818,1]},
{"frame":15,"values":[0.9961,0.0281,0.0842,0,-0.034,0.997,0.07,0,-0.082,-0.0726,0.994,0,0.0062,19.525,-2.4818,1]},
{"frame":16,"values":[0.9968,0.0516,0.0618,0,-0.0568,0.9947,0.0856,0,-0.057,-0.0888,0.9944,0,0.0062,19.525,-2.4818,1]},
{"frame":17,"values":[0.9964,0.0754,0.0397,0,-0.0791,0.9917,0.1017,0,-0.0317,-0.1045,0.994,0,0.0062,19.525,-2.4818,1]},
{"frame":18,"values":[0.9949,0.0995,0.018,0,-0.101,0.9878,0.1183,0,-0.006,-0.1195,0.9928,0,0.0062,19.525,-2.4818,1]},
{"frame":19,"values":[0.9973,0.0739,-0.0039,0,-0.0727,0.9882,0.1345,0,0.0138,-0.1339,0.9909,0,0.0062,19.525,-2.4818,1]},
{"frame":20,"values":[0.9985,0.0485,-0.0262,0,-0.044,0.9877,0.1501,0,0.0332,-0.1487,0.9883,0,0.0062,19.525,-2.4818,1]},
{"frame":21,"values":[0.9983,-0.0104,-0.0569,0,0.0189,0.9883,0.1513,0,0.0547,-0.1521,0.9868,0,0.0062,19.525,-2.4818,1]}],"loopBehavior":1,"name":"anim","property":"_matrix"}},
{"name":"mixamorig:Spine1","index":2,"matrix":[0.9997,0.0147,-0.0211,0,-0.0141,0.9995,0.0283,0,0.0215,-0.028,0.9994,0,-0.0009,22.835,-2.8254,1],"rest":[1,0,0,0,0,1,0,0,0,0,1,0,-0.0009,22.835,-2.8254,1],"parentBoneIndex":1,"length":26.7438
,"animation":{"dataType":3,"framePerSecond":24,"keys":[
{"frame":1,"values":[0.9997,0.0147,-0.0211,0,-0.0141,0.9995,0.0283,0,0.0215,-0.028,0.9994,0,-0.0009,22.835,-2.8254,1]},
{"frame":2,"values":[0.9993,-0.0001,-0.0365,0,0.0008,0.9998,0.0191,0,0.0365,-0.0191,0.9992,0,-0.0009,22.835,-2.8254,1]},
{"frame":3,"values":[0.999,-0.0097,-0.0445,0,0.0101,0.9999,0.0078,0,0.0445,-0.0082,0.999,0,-0.0009,22.835,-2.8254,1]},
{"frame":4,"values":[0.9989,-0.0169,-0.0447,0,0.0173,0.9998,0.0081,0,0.0446,-0.0089,0.999,0,-0.0009,22.835,-2.8254,1]},
{"frame":5,"values":[0.9991,-0.0115,-0.0396,0,0.0125,0.9996,0.0254,0,0.0393,-0.0259,0.9989,0,-0.0009,22.835,-2.8254,1]},
{"frame":6,"values":[0.9995,-0.0083,-0.0304,0,0.0094,0.9993,0.0368,0,0.0301,-0.0371,0.9989,0,-0.0009,22.835,-2.8254,1]},
{"frame":7,"values":[0.9998,-0.0103,-0.0179,0,0.0108,0.9995,0.0301,0,0.0176,-0.0303,0.9994,0,-0.0009,22.835,-2.8254,1]},
{"frame":8,"values":[0.9999,-0.0128,-0.0053,0,0.013,0.9996,0.0261,0,0.005,-0.0261,0.9996,0,-0.0009,22.835,-2.8254,1]},
{"frame":9,"values":[0.9999,-0.0081,0.0072,0,0.0079,0.9996,0.0283,0,-0.0075,-0.0282,0.9996,0,-0.0009,22.835,-2.8254,1]},
{"frame":10,"values":[0.9998,-0.0036,0.0199,0,0.0033,0.9999,0.0158,0,-0.0199,-0.0157,0.9997,0,-0.0009,22.835,-2.8254,1]},
{"frame":11,"values":[0.9995,0.0011,0.0325,0,-0.0012,1,0.0032,0,-0.0325,-0.0032,0.9995,0,-0.0009,22.835,-2.8254,1]},
{"frame":12,"values":[0.999,0.0059,0.045,0,-0.0055,0.9999,-0.0094,0,-0.0451,0.0092,0.9989,0,-0.0009,22.835,-2.8254,1]},
{"frame":13,"values":[0.9983,0.0109,0.0575,0,-0.0096,0.9997,-0.0221,0,-0.0577,0.0215,0.9981,0,-0.0009,22.835,-2.8254,1]},
{"frame":14,"values":[0.9987,0.0154,0.048,0,-0.0147,0.9998,-0.0148,0,-0.0482,0.0141,0.9987,0,-0.0009,22.835,-2.8254,1]},
{"frame":15,"values":[0.9991,0.0201,0.0386,0,-0.0198,0.9998,-0.0075,0,-0.0388,0.0067,0.9992,0,-0.0009,22.835,-2.8254,1]},
{"frame":16,"values":[0.9993,0.0248,0.0293,0,-0.0248,0.9997,-0.0001,0,-0.0293,-0.0006,0.9996,0,-0.0009,22.835,-2.8254,1]},
{"frame":17,"values":[0.9994,0.0296,0.0199,0,-0.0297,0.9995,0.0073,0,-0.0197,-0.0079,0.9998,0,-0.0009,22.835,-2.8254,1]},
{"frame":18,"values":[0.9994,0.0344,0.0106,0,-0.0346,0.9993,0.0147,0,-0.0101,-0.0151,0.9998,0,-0.0009,22.835,-2.8254,1]},
{"frame":19,"values":[0.9992,0.0393,0.0014,0,-0.0393,0.999,0.0222,0,-0.0005,-0.0223,0.9998,0,-0.0009,22.835,-2.8254,1]},
{"frame":20,"values":[0.9995,0.0304,-0.008,0,-0.0302,0.9991,0.0296,0,0.0089,-0.0294,0.9995,0,-0.0009,22.835,-2.8254,1]},
{"frame":21,"values":[0.9997,0.0147,-0.0211,0,-0.0141,0.9995,0.0283,0,0.0215,-0.028,0.9994,0,-0.0009,22.835,-2.8254,1]}],"loopBehavior":1,"name":"anim","property":"_matrix"}},
{"name":"mixamorig:Spine2","index":3,"matrix":[0.9997,0.0145,-0.021,0,-0.0139,0.9995,0.0284,0,0.0214,-0.0281,0.9994,0,-0.0206,26.5525,-3.1933,1],"rest":[1,0,0,0,0,1,0,0,0,0,1,0,-0.0206,26.5525,-3.1933,1],"parentBoneIndex":2,"length":24.825
,"animation":{"dataType":3,"framePerSecond":24,"keys":[
{"frame":1,"values":[0.9997,0.0145,-0.021,0,-0.0139,0.9995,0.0284,0,0.0214,-0.0281,0.9994,0,-0.0206,26.5525,-3.1933,1]},
{"frame":2,"values":[0.9993,-0.0006,-0.0364,0,0.0013,0.9998,0.0192,0,0.0364,-0.0193,0.9992,0,-0.0206,26.5525,-3.1933,1]},
{"frame":3,"values":[0.999,-0.0105,-0.0444,0,0.0109,0.9999,0.0078,0,0.0443,-0.0083,0.999,0,-0.0206,26.5525,-3.1933,1]},
{"frame":4,"values":[0.9989,-0.0175,-0.0446,0,0.0179,0.9998,0.008,0,0.0444,-0.0088,0.999,0,-0.0206,26.5525,-3.1933,1]},
{"frame":5,"values":[0.9991,-0.0115,-0.0397,0,0.0125,0.9996,0.0252,0,0.0394,-0.0257,0.9989,0,-0.0206,26.5525,-3.1933,1]},
{"frame":6,"values":[0.9995,-0.0104,-0.03,0,0.0115,0.9993,0.0367,0,0.0296,-0.037,0.9989,0,-0.0206,26.5525,-3.1933,1]},
{"frame":7,"values":[0.9997,-0.0187,-0.0175,0,0.0193,0.9994,0.0303,0,0.017,-0.0307,0.9994,0,-0.0206,26.5525,-3.1933,1]},
{"frame":8,"values":[0.9996,-0.0277,-0.0051,0,0.0278,0.9993,0.0267,0,0.0044,-0.0268,0.9996,0,-0.0206,26.5525,-3.1933,1]},
{"frame":9,"values":[0.9996,-0.0283,0.0073,0,0.0281,0.9992,0.0295,0,-0.0082,-0.0293,0.9995,0,-0.0206,26.5525,-3.1933,1]},
{"frame":10,"values":[0.9996,-0.0218,0.0199,0,0.0215,0.9996,0.0168,0,-0.0202,-0.0163,0.9997,0,-0.0206,26.5525,-3.1933,1]},
{"frame":11,"values":[0.9994,-0.0151,0.0324,0,0.015,0.9999,0.0039,0,-0.0324,-0.0034,0.9995,0,-0.0206,26.5525,-3.1933,1]},
{"frame":12,"values":[0.999,-0.0082,0.0447,0,0.0087,0.9999,-0.009,0,-0.0447,0.0094,0.999,0,-0.0206,26.5525,-3.1933,1]},
{"frame":13,"values":[0.9984,-0.0012,0.057,0,0.0025,0.9998,-0.022,0,-0.057,0.0221,0.9981,0,-0.0206,26.5525,-3.1933,1]},
{"frame":14,"values":[0.9989,0.0054,0.0476,0,-0.0047,0.9999,-0.0148,0,-0.0477,0.0145,0.9988,0,-0.0206,26.5525,-3.1933,1]},
{"frame":15,"values":[0.9992,0.012,0.0383,0,-0.0118,0.9999,-0.0075,0,-0.0384,0.007,0.9992,0,-0.0206,26.5525,-3.1933,1]},
{"frame":16,"values":[0.9994,0.0188,0.029,0,-0.0188,0.9998,-0.0001,0,-0.029,-0.0004,0.9996,0,-0.0206,26.5525,-3.1933,1]},
{"frame":17,"values":[0.9995,0.0256,0.0198,0,-0.0257,0.9996,0.0073,0,-0.0196,-0.0078,0.9998,0,-0.0206,26.5525,-3.1933,1]},
{"frame":18,"values":[0.9994,0.0325,0.0106,0,-0.0326,0.9994,0.0148,0,-0.0101,-0.0151,0.9998,0,-0.0206,26.5525,-3.1933,1]},
{"frame":19,"values":[0.9992,0.0394,0.0015,0,-0.0394,0.999,0.0223,0,-0.0006,-0.0224,0.9997,0,-0.0206,26.5525,-3.1933,1]},
{"frame":20,"values":[0.9995,0.0303,-0.0078,0,-0.0301,0.9991,0.0297,0,0.0087,-0.0295,0.9995,0,-0.0206,26.5525,-3.1933,1]},
{"frame":21,"values":[0.9997,0.0145,-0.021,0,-0.0139,0.9995,0.0284,0,0.0214,-0.0281,0.9994,0,-0.0206,26.5525,-3.1933,1]}],"loopBehavior":1,"name":"anim","property":"_matrix"}},
{"name":"mixamorig:Neck","index":4,"matrix":[1,-0.0015,0.0064,0,0.0016,0.9999,-0.0135,0,-0.0064,0.0135,0.9999,0,-0.06,30.7018,1.3522,1],"rest":[1,0,0,0,0,1,0,0,0,0,1,0,-0.06,30.7018,1.3522,1],"parentBoneIndex":3,"length":22.8446
,"animation":{"dataType":3,"framePerSecond":24,"keys":[
{"frame":1,"values":[1,-0.0015,0.0064,0,0.0015,0.9999,-0.0125,0,-0.0064,0.0125,0.9999,0,-0.06,30.7018,1.3522,1]},
{"frame":2,"values":[1,0.0049,0.0065,0,-0.0048,0.9999,-0.0128,0,-0.0065,0.0128,0.9999,0,-0.06,30.7018,1.3522,1]},
{"frame":3,"values":[0.9999,0.0105,0.0044,0,-0.0105,0.9999,-0.0131,0,-0.0045,0.013,0.9999,0,-0.06,30.7018,1.3522,1]},
{"frame":4,"values":[0.9997,0.0237,0.003,0,-0.0237,0.9996,-0.0133,0,-0.0033,0.0133,0.9999,0,-0.06,30.7018,1.3522,1]},
{"frame":5,"values":[0.9995,0.0316,0.0006,0,-0.0316,0.9994,-0.0136,0,-0.001,0.0136,0.9999,0,-0.06,30.7018,1.3522,1]},
{"frame":6,"values":[0.9991,0.0421,-0.0009,0,-0.0422,0.999,-0.0139,0,0.0003,0.0139,0.9999,0,-0.06,30.7018,1.3522,1]},
{"frame":7,"values":[0.9987,0.0513,-0.0052,0,-0.0513,0.9986,-0.0142,0,0.0045,0.0144,0.9999,0,-0.06,30.7018,1.3522,1]},
{"frame":8,"values":[0.9981,0.0604,-0.0095,0,-0.0605,0.9981,-0.0142,0,0.0086,0.0147,0.9999,0,-0.06,30.7018,1.3522,1]},
{"frame":9,"values":[0.9975,0.0695,-0.0138,0,-0.0697,0.9975,-0.0141,0,0.0128,0.015,0.9998,0,-0.06,30.7018,1.3522,1]},
{"frame":10,"values":[0.998,0.0598,-0.0181,0,-0.0601,0.9981,-0.014,0,0.0172,0.0151,0.9997,0,-0.06,30.7018,1.3522,1]},
{"frame":11,"values":[0.9985,0.0501,-0.0224,0,-0.0505,0.9986,-0.0139,0,0.0216,0.015,0.9997,0,-0.06,30.7018,1.3522,1]},
{"frame":12,"values":[0.9988,0.0404,-0.0266,0,-0.0408,0.9991,-0.0139,0,0.0261,0.015,0.9995,0,-0.06,30.7018,1.3522,1]},
{"frame":13,"values":[0.999,0.0307,-0.0309,0,-0.0312,0.9994,-0.0139,0,0.0305,0.0149,0.9994,0,-0.06,30.7018,1.3522,1]},
{"frame":14,"values":[0.9992,0.021,-0.0352,0,-0.0215,0.9997,-0.014,0,0.0349,0.0147,0.9993,0,-0.06,30.7018,1.3522,1]},
{"frame":15,"values":[0.9992,0.0113,-0.0395,0,-0.0119,0.9998,-0.0139,0,0.0393,0.0144,0.9991,0,-0.06,30.7018,1.3522,1]},
{"frame":16,"values":[0.9995,0.0016,-0.0322,0,-0.0021,0.9999,-0.0139,0,0.0322,0.0139,0.9994,0,-0.06,30.7018,1.3522,1]},
{"frame":17,"values":[0.9997,-0.0081,-0.0249,0,0.0077,0.9999,-0.0138,0,0.025,0.0136,0.9996,0,-0.06,30.7019,1.3522,1]},
{"frame":18,"values":[0.9997,-0.0178,-0.0176,0,0.0175,0.9998,-0.0136,0,0.0179,0.0133,0.9998,0,-0.06,30.7018,1.3522,1]},
{"frame":19,"values":[0.9999,-0.013,-0.0103,0,0.0129,0.9998,-0.0135,0,0.0105,0.0134,0.9999,0,-0.06,30.7018,1.3522,1]},
{"frame":20,"values":[1,-0.0082,-0.003,0,0.0082,0.9999,-0.0135,0,0.0031,0.0134,0.9999,0,-0.06,30.7018,1.3522,1]},
{"frame":21,"values":[1,-0.0015,0.0064,0,0.0016,0.9999,-0.0135,0,-0.0064,0.0135,0.9999,0,-0.06,30.7018,1.3522,1]}],"loopBehavior":1,"name":"anim","property":"_matrix"}},
{"name":"mixamorig:Head","index":5,"matrix":[0.9941,-0.064,0.087,0,0.0853,0.9593,-0.269,0,-0.0663,0.2749,0.9592,0,-0.0872,22.5476,3.6709,1],"rest":[1,0,0,0,0,1,0,0,0,0,1,0,-0.0872,22.5476,3.6709,1],"parentBoneIndex":4,"length":30.5923
,"animation":{"dataType":3,"framePerSecond":24,"keys":[
{"frame":1,"values":[0.9941,-0.064,0.0871,0,0.0853,0.9593,-0.269,0,-0.0663,0.2749,0.9592,0,-0.0872,22.5476,3.6709,1]},
{"frame":2,"values":[0.9934,-0.0456,0.1051,0,0.0717,0.9631,-0.2594,0,-0.0894,0.2653,0.96,0,-0.0872,22.5476,3.6709,1]},
{"frame":3,"values":[0.9929,-0.0277,0.1155,0,0.0568,0.9647,-0.257,0,-0.1043,0.2617,0.9595,0,-0.0872,22.5476,3.6709,1]},
{"frame":4,"values":[0.9925,-0.0077,0.1218,0,0.0409,0.9613,-0.2724,0,-0.115,0.2753,0.9544,0,-0.0872,22.5476,3.6709,1]},
{"frame":5,"values":[0.9923,0.0095,0.1232,0,0.0265,0.9577,-0.2865,0,-0.1207,0.2876,0.9501,0,-0.0872,22.5476,3.6709,1]},
{"frame":6,"values":[0.9924,0.0254,0.1207,0,0.0113,0.9557,-0.2942,0,-0.1228,0.2933,0.9481,0,-0.0872,22.5476,3.6709,1]},
{"frame":7,"values":[0.9941,0.0341,0.1025,0,-0.0016,0.9534,-0.3017,0,-0.108,0.2997,0.9479,0,-0.0872,22.5476,3.6709,1]},
{"frame":8,"values":[0.9955,0.0428,0.0843,0,-0.0143,0.9495,-0.3133,0,-0.0934,0.3107,0.9459,0,-0.0872,22.5477,3.6709,1]},
{"frame":9,"values":[0.9965,0.0515,0.066,0,-0.0265,0.9419,-0.3348,0,-0.0794,0.3318,0.94,0,-0.0872,22.5476,3.6709,1]},
{"frame":10,"values":[0.9982,0.0345,0.0485,0,-0.0174,0.9485,-0.3163,0,-0.057,0.3149,0.9474,0,-0.0872,22.5476,3.6709,1]},
{"frame":11,"values":[0.9994,0.0178,0.0307,0,-0.0079,0.9546,-0.2978,0,-0.0346,0.2974,0.9541,0,-0.0872,22.5476,3.6709,1]},
{"frame":12,"values":[0.9999,0.0015,0.0125,0,0.0021,0.9602,-0.2794,0,-0.0124,0.2794,0.9601,0,-0.0872,22.5476,3.6709,1]},
{"frame":13,"values":[0.9999,-0.0145,-0.006,0,0.0125,0.9652,-0.2611,0,0.0096,0.261,0.9653,0,-0.0872,22.5476,3.6709,1]},
{"frame":14,"values":[0.9992,-0.0302,-0.0248,0,0.0232,0.9698,-0.2429,0,0.0313,0.2422,0.9697,0,-0.0872,22.5476,3.6709,1]},
{"frame":15,"values":[0.998,-0.0454,-0.0438,0,0.0344,0.9738,-0.2249,0,0.0529,0.2229,0.9734,0,-0.0872,22.5476,3.6709,1]},
{"frame":16,"values":[0.9979,-0.0616,-0.0214,0,0.0559,0.9769,-0.2063,0,0.0336,0.2047,0.9783,0,-0.0872,22.5476,3.6709,1]},
{"frame":17,"values":[0.9969,-0.0783,0.0006,0,0.0763,0.9696,-0.2324,0,0.0176,0.2318,0.9726,0,-0.0872,22.5476,3.6709,1]},
{"frame":18,"values":[0.9953,-0.0944,0.023,0,0.0972,0.9613,-0.2579,0,0.0022,0.2589,0.9659,0,-0.0872,22.5476,3.6709,1]},
{"frame":19,"values":[0.9929,-0.1098,0.0459,0,0.1184,0.9519,-0.2827,0,-0.0126,0.2862,0.9581,0,-0.0872,22.5476,3.6709,1]},
{"frame":20,"values":[0.9931,-0.0952,0.0683,0,0.1106,0.9536,-0.2799,0,-0.0385,0.2855,0.9576,0,-0.0872,22.5476,3.6709,1]},
{"frame":21,"values":[0.9941,-0.064,0.087,0,0.0853,0.9593,-0.269,0,-0.0663,0.2749,0.9592,0,-0.0872,22.5476,3.6709,1]}],"loopBehavior":1,"name":"anim","property":"_matrix"}},
{"name":"mixamorig:HeadTop_End","index":6,"matrix":[1,0,0,0,0,1,0,0,0,0,1,0,-0.8306,40.3552,7.8935,1],"rest":[1,0,0,0,0,1,0,0,0,0,1,0,-0.8306,40.3552,7.8935,1],"parentBoneIndex":5,"length":30.5923
,"animation":{"dataType":3,"framePerSecond":24,"keys":[
{"frame":1,"values":[1,0,0,0,0,1,0,0,0,0,1,0,-0.8306,40.3552,7.8935,1]},
{"frame":3,"values":[1,0,0,0,0,1,0,0,0,0,1,0,-0.8306,40.3553,7.8935,1]},
{"frame":4,"values":[1,0,0,0,0,1,0,0,0,0,1,0,-0.8306,40.3552,7.8935,1]},
{"frame":21,"values":[1,0,0,0,0,1,0,0,0,0,1,0,-0.8306,40.3552,7.8935,1]}],"loopBehavior":1,"name":"anim","property":"_matrix"}},
{"name":"mixamorig:RightEye","index":7,"matrix":[1,0,0,0,0,1,0,0,0,0,1,0,-6.3021,18.1186,16.1971,1],"rest":[1,0,0,0,0,1,0,0,0,0,1,0,-6.3021,18.1186,16.1971,1],"parentBoneIndex":5,"length":30.5923
,"animation":{"dataType":3,"framePerSecond":24,"keys":[
{"frame":1,"values":[1,0,0,0,0,1,0,0,0,0,1,0,-6.3021,18.1186,16.1971,1]},
{"frame":20,"values":[1,0,0,0,0,1,0,0,0,0,1,0,-6.3021,18.1185,16.1971,1]},
{"frame":21,"values":[1,0,0,0,0,1,0,0,0,0,1,0,-6.3021,18.1186,16.1971,1]}],"loopBehavior":1,"name":"anim","property":"_matrix"}},
{"name":"mixamorig:LeftEye","index":8,"matrix":[1,0,0,0,0,1,0,0,0,0,1,0,6.7415,18.3827,16.4019,1],"rest":[1,0,0,0,0,1,0,0,0,0,1,0,6.7415,18.3827,16.4019,1],"parentBoneIndex":5,"length":30.5923
,"animation":{"dataType":3,"framePerSecond":24,"keys":[
{"frame":1,"values":[1,0,0,0,0,1,0,0,0,0,1,0,6.7415,18.3827,16.4019,1]},
{"frame":21,"values":[1,0,0,0,0,1,0,0,0,0,1,0,6.7415,18.3827,16.4019,1]}],"loopBehavior":1,"name":"anim","property":"_matrix"}},
{"name":"mixamorig:LeftShoulder","index":9,"matrix":[0.9878,-0.1307,-0.0851,0,0.134,0.9904,0.0339,0,0.0799,-0.0449,0.9958,0,11.9249,18.2305,1.4254,1],"rest":[1,0.0062,0,0,-0.0062,1,0,0,0,0,1,0,11.9249,18.2305,1.4254,1],"parentBoneIndex":3,"length":25.9773
,"animation":{"dataType":3,"framePerSecond":24,"keys":[
{"frame":1,"values":[0.9878,-0.1307,-0.0851,0,0.134,0.9904,0.0339,0,0.0799,-0.0449,0.9958,0,11.9249,18.2305,1.4254,1]},
{"frame":2,"values":[0.9787,-0.1327,-0.1566,0,0.1387,0.99,0.0275,0,0.1513,-0.0487,0.9873,0,11.9249,18.2305,1.4254,1]},
{"frame":3,"values":[0.96,-0.145,-0.2397,0,0.1541,0.9879,0.0196,0,0.234,-0.0558,0.9706,0,11.9249,18.2305,1.4254,1]},
{"frame":4,"values":[0.9413,-0.1388,-0.3078,0,0.1498,0.9886,0.0124,0,0.3026,-0.0578,0.9514,0,11.9249,18.2305,1.4254,1]},
{"frame":5,"values":[0.9363,-0.1483,-0.3184,0,0.1601,0.987,0.0112,0,0.3126,-0.0614,0.9479,0,11.9249,18.2305,1.4254,1]},
{"frame":6,"values":[0.9472,-0.1453,-0.286,0,0.1556,0.9877,0.0135,0,0.2805,-0.0573,0.9581,0,11.9249,18.2305,1.4254,1]},
{"frame":7,"values":[0.9649,-0.1272,-0.2296,0,0.1341,0.9909,0.0146,0,0.2257,-0.0449,0.9732,0,11.9249,18.2305,1.4254,1]},
{"frame":8,"values":[0.9813,-0.1083,-0.1591,0,0.1122,0.9936,0.0158,0,0.1564,-0.0333,0.9871,0,11.9249,18.2305,1.4254,1]},
{"frame":9,"values":[0.9942,-0.0884,-0.0618,0,0.0896,0.9958,0.0169,0,0.0601,-0.0223,0.9979,0,11.9249,18.2305,1.4254,1]},
{"frame":10,"values":[0.9972,-0.0675,0.0318,0,0.0669,0.9976,0.0179,0,-0.033,-0.0157,0.9993,0,11.9249,18.2305,1.4254,1]},
{"frame":11,"values":[0.9927,-0.0461,0.1119,0,0.0442,0.9988,0.0187,0,-0.1126,-0.0137,0.9935,0,11.9249,18.2305,1.4254,1]},
{"frame":12,"values":[0.9907,-0.025,0.1334,0,0.0225,0.9995,0.0199,0,-0.1339,-0.0167,0.9909,0,11.9249,18.2305,1.4254,1]},
{"frame":13,"values":[0.9879,-0.004,0.155,0,0.0008,0.9998,0.0205,0,-0.155,-0.0202,0.9877,0,11.9249,18.2305,1.4254,1]},
{"frame":14,"values":[0.9842,0.0169,0.1764,0,-0.0212,0.9995,0.0224,0,-0.176,-0.0258,0.9841,0,11.9249,18.2305,1.4254,1]},
{"frame":15,"values":[0.9913,-0.0118,0.1308,0,0.0085,0.9996,0.0252,0,-0.131,-0.0239,0.9911,0,11.9249,18.2305,1.4254,1]},
{"frame":16,"values":[0.9956,-0.0404,0.0848,0,0.0383,0.9989,0.0267,0,-0.0858,-0.0233,0.996,0,11.9249,18.2305,1.4254,1]},
{"frame":17,"values":[0.997,-0.0693,0.035,0,0.0683,0.9972,0.0288,0,-0.0369,-0.0263,0.999,0,11.9249,18.2305,1.4254,1]},
{"frame":18,"values":[0.9952,-0.0982,0.0026,0,0.0981,0.9947,0.0317,0,-0.0057,-0.0313,0.9995,0,11.9249,18.2305,1.4254,1]},
{"frame":19,"values":[0.9915,-0.1268,-0.0298,0,0.1278,0.9912,0.0337,0,0.0252,-0.0372,0.999,0,11.9249,18.2305,1.4254,1]},
{"frame":20,"values":[0.9859,-0.1551,-0.0622,0,0.1574,0.9869,0.0347,0,0.056,-0.044,0.9975,0,11.9249,18.2305,1.4254,1]},
{"frame":21,"values":[0.9878,-0.1307,-0.0851,0,0.134,0.9904,0.0339,0,0.0799,-0.0449,0.9958,0,11.9249,18.2305,1.4254,1]}],"loopBehavior":1,"name":"anim","property":"_matrix"}},
{"name":"mixamorig:LeftArm","index":10,"matrix":[0.4966,-0.867,0.0403,0,0.7675,0.4604,0.4461,0,-0.4053,-0.1906,0.8941,0,25.4312,-0.8547,-5.2293,1],"rest":[0.9983,0.0295,0.0512,0,-0.0294,0.9996,-0.0017,0,-0.0512,0.0002,0.9987,0,25.4312,-0.8546,-5.2293,1],"parentBoneIndex":9,"length":54.6847
,"animation":{"dataType":3,"framePerSecond":24,"keys":[
{"frame":1,"values":[0.4966,-0.867,0.0403,0,0.7675,0.4604,0.4461,0,-0.4053,-0.1906,0.8941,0,25.4312,-0.8547,-5.2293,1]},
{"frame":2,"values":[0.5368,-0.8434,-0.0227,0,0.7499,0.4646,0.471,0,-0.3867,-0.2698,0.8819,0,25.4312,-0.8546,-5.2293,1]},
{"frame":3,"values":[0.5598,-0.8264,-0.0612,0,0.7511,0.4749,0.4587,0,-0.3499,-0.3028,0.8865,0,25.4312,-0.8547,-5.2293,1]},
{"frame":4,"values":[0.5747,-0.8153,-0.0711,0,0.7494,0.4893,0.4462,0,-0.329,-0.3097,0.8921,0,25.4312,-0.8546,-5.2293,1]},
{"frame":5,"values":[0.5971,-0.8,-0.0585,0,0.7348,0.5163,0.4399,0,-0.3217,-0.3057,0.8961,0,25.4312,-0.8546,-5.2293,1]},
{"frame":6,"values":[0.6249,-0.7807,-0.0032,0,0.6998,0.5582,0.4458,0,-0.3462,-0.2808,0.8951,0,25.4312,-0.8547,-5.2293,1]},
{"frame":7,"values":[0.6522,-0.7538,0.0803,0,0.6476,0.609,0.458,0,-0.3942,-0.2467,0.8853,0,25.4312,-0.8547,-5.2293,1]},
{"frame":8,"values":[0.669,-0.7213,0.1795,0,0.6074,0.6697,0.4274,0,-0.4285,-0.1769,0.8861,0,25.4312,-0.8547,-5.2293,1]},
{"frame":9,"values":[0.655,-0.7035,0.2757,0,0.6151,0.7084,0.3462,0,-0.4389,-0.0572,0.8967,0,25.4312,-0.8546,-5.2293,1]},
{"frame":10,"values":[0.5845,-0.7279,0.3584,0,0.646,0.6848,0.3372,0,-0.4909,0.0345,0.8705,0,25.4312,-0.8547,-5.2293,1]},
{"frame":11,"values":[0.4879,-0.7822,0.3875,0,0.7134,0.6131,0.3393,0,-0.5029,0.1109,0.8572,0,25.4312,-0.8547,-5.2293,1]},
{"frame":12,"values":[0.4677,-0.8064,0.362,0,0.7336,0.5826,0.3498,0,-0.493,0.1019,0.8641,0,25.4312,-0.8547,-5.2293,1]},
{"frame":13,"values":[0.4466,-0.8293,0.3359,0,0.753,0.5512,0.3594,0,-0.4832,0.0924,0.8706,0,25.4312,-0.8546,-5.2293,1]},
{"frame":14,"values":[0.4228,-0.8486,0.318,0,0.7698,0.5215,0.3682,0,-0.4783,0.0891,0.8737,0,25.4312,-0.8546,-5.2293,1]},
{"frame":15,"values":[0.4219,-0.8556,0.3,0,0.7756,0.512,0.3693,0,-0.4695,0.0768,0.8796,0,25.4312,-0.8546,-5.2293,1]},
{"frame":16,"values":[0.4209,-0.8622,0.2818,0,0.7814,0.5024,0.3702,0,-0.4608,0.0644,0.8852,0,25.4312,-0.8546,-5.2293,1]},
{"frame":17,"values":[0.4197,-0.8686,0.2636,0,0.7871,0.4928,0.3708,0,-0.452,0.0519,0.8905,0,25.4312,-0.8546,-5.2293,1]},
{"frame":18,"values":[0.4182,-0.8746,0.2453,0,0.7929,0.4832,0.3713,0,-0.4433,0.0392,0.8955,0,25.4312,-0.8547,-5.2293,1]},
{"frame":19,"values":[0.4166,-0.8804,0.2268,0,0.7985,0.4736,0.3715,0,-0.4345,0.0264,0.9003,0,25.4312,-0.8547,-5.2293,1]},
{"frame":20,"values":[0.4147,-0.8858,0.2084,0,0.8042,0.4639,0.3716,0,-0.4258,0.0135,0.9047,0,25.4312,-0.8547,-5.2293,1]},
{"frame":21,"values":[0.4966,-0.867,0.0403,0,0.7675,0.4604,0.4461,0,-0.4053,-0.1906,0.8941,0,25.4312,-0.8547,-5.2293,1]}],"loopBehavior":1,"name":"anim","property":"_matrix"}},
{"name":"mixamorig:LeftForeArm","index":11,"matrix":[0.828,-0.0028,0.5607,0,0.0135,0.9998,-0.015,0,-0.5605,0.0199,0.8279,0,54.5783,-1.9463,-2.8009,1],"rest":[0.9943,-0.0088,-0.1062,0,0.0091,1,0.0028,0,0.1061,-0.0038,0.9943,0,54.5783,-1.9463,-2.8009,1],"parentBoneIndex":10,"length":55.0982
,"animation":{"dataType":3,"framePerSecond":24,"keys":[
{"frame":1,"values":[0.828,-0.0028,0.5607,0,0.0135,0.9998,-0.015,0,-0.5605,0.0199,0.8279,0,54.5783,-1.9463,-2.8009,1]},
{"frame":2,"values":[0.7809,-0.0011,0.6246,0,0.0147,0.9998,-0.0167,0,-0.6244,0.0222,0.7808,0,54.5783,-1.9463,-2.8009,1]},
{"frame":3,"values":[0.725,0.0009,0.6887,0,0.0162,0.9997,-0.0184,0,-0.6885,0.0245,0.7248,0,54.5783,-1.9463,-2.8009,1]},
{"frame":4,"values":[0.665,0.0031,0.7468,0,0.0178,0.9996,-0.02,0,-0.7466,0.0266,0.6647,0,54.5783,-1.9463,-2.8009,1]},
{"frame":5,"values":[0.6074,0.0051,0.7944,0,0.0193,0.9996,-0.0212,0,-0.7942,0.0283,0.607,0,54.5783,-1.9463,-2.8009,1]},
{"frame":6,"values":[0.5595,0.0068,0.8288,0,0.0206,0.9995,-0.0222,0,-0.8286,0.0295,0.5591,0,54.5783,-1.9463,-2.8009,1]},
{"frame":7,"values":[0.5435,0.0074,0.8394,0,0.021,0.9995,-0.0224,0,-0.8391,0.0298,0.5431,0,54.5783,-1.9463,-2.8009,1]},
{"frame":8,"values":[0.5673,0.0066,0.8235,0,0.0204,0.9995,-0.022,0,-0.8232,0.0293,0.5669,0,54.5783,-1.9463,-2.8009,1]},
{"frame":9,"values":[0.5771,0.0062,0.8166,0,0.0201,0.9996,-0.0218,0,-0.8164,0.029,0.5768,0,54.5783,-1.9463,-2.8009,1]},
{"frame":10,"values":[0.499,0.0184,0.8664,0,-0.0007,0.9998,-0.0208,0,-0.8666,0.0098,0.4989,0,54.5783,-1.9463,-2.8009,1]},
{"frame":11,"values":[0.4165,0.0262,0.9088,0,-0.0169,0.9996,-0.021,0,-0.909,-0.0066,0.4167,0,54.5783,-1.9463,-2.8009,1]},
{"frame":12,"values":[0.3307,0.0233,0.9435,0,-0.001,0.9997,-0.0243,0,-0.9437,0.0071,0.3306,0,54.5783,-1.9463,-2.8009,1]},
{"frame":13,"values":[0.2418,0.0217,0.9701,0,0.0152,0.9995,-0.0262,0,-0.9702,0.0211,0.2414,0,54.5783,-1.9463,-2.8009,1]},
{"frame":14,"values":[0.1511,0.0214,0.9883,0,0.0315,0.9992,-0.0265,0,-0.988,0.0351,0.1503,0,54.5784,-1.9463,-2.8009,1]},
{"frame":15,"values":[0.2828,0.0167,0.959,0,0.028,0.9993,-0.0257,0,-0.9588,0.0341,0.2821,0,54.5783,-1.9462,-2.8009,1]},
{"frame":16,"values":[0.4117,0.0121,0.9112,0,0.0245,0.9994,-0.0244,0,-0.911,0.0324,0.4111,0,54.5783,-1.9463,-2.8009,1]},
{"frame":17,"values":[0.5339,0.0078,0.8455,0,0.0213,0.9995,-0.0226,0,-0.8453,0.0301,0.5335,0,54.5783,-1.9463,-2.8009,1]},
{"frame":18,"values":[0.6459,0.0038,0.7634,0,0.0183,0.9996,-0.0204,0,-0.7632,0.0272,0.6456,0,54.5783,-1.9463,-2.8009,1]},
{"frame":19,"values":[0.7445,0.0002,0.6676,0,0.0157,0.9997,-0.0178,0,-0.6674,0.0238,0.7443,0,54.5783,-1.9463,-2.8009,1]},
{"frame":20,"values":[0.8276,-0.0028,0.5613,0,0.0135,0.9998,-0.015,0,-0.5612,0.02,0.8275,0,54.5783,-1.9463,-2.8009,1]},
{"frame":21,"values":[0.828,-0.0028,0.5607,0,0.0135,0.9998,-0.015,0,-0.5605,0.0199,0.8279,0,54.5783,-1.9463,-2.8009,1]}],"loopBehavior":1,"name":"anim","property":"_matrix"}},
{"name":"mixamorig:LeftHand","index":12,"matrix":[0.9634,-0.0787,0.2562,0,0.0628,0.9956,0.0694,0,-0.2606,-0.0507,0.9641,0,54.9948,-1.4671,3.0376,1],"rest":[0.9961,0.088,0.001,0,-0.0871,0.9842,0.154,0,0.0125,-0.1535,0.9881,0,54.9948,-1.4671,3.0376,1],"parentBoneIndex":11,"length":20.3347
,"animation":{"dataType":3,"framePerSecond":24,"keys":[
{"frame":1,"values":[0.9634,-0.0787,0.2562,0,0.0628,0.9956,0.0694,0,-0.2606,-0.0507,0.9641,0,54.9948,-1.4671,3.0376,1]},
{"frame":2,"values":[0.9607,-0.1354,0.2425,0,0.1121,0.9879,0.1077,0,-0.2541,-0.0763,0.9642,0,54.9948,-1.4671,3.0376,1]},
{"frame":3,"values":[0.9606,-0.1893,0.2036,0,0.1543,0.9723,0.1758,0,-0.2312,-0.1375,0.9631,0,54.9948,-1.4671,3.0376,1]},
{"frame":4,"values":[0.9615,-0.2166,0.1692,0,0.1769,0.9588,0.2222,0,-0.2104,-0.1837,0.9602,0,54.9948,-1.4671,3.0376,1]},
{"frame":5,"values":[0.9643,-0.2007,0.1729,0,0.1618,0.9629,0.2158,0,-0.2098,-0.1802,0.961,0,54.9948,-1.4671,3.0376,1]},
{"frame":6,"values":[0.9696,-0.1816,0.1643,0,0.1467,0.9679,0.2042,0,-0.1961,-0.1739,0.965,0,54.9948,-1.4671,3.0376,1]},
{"frame":7,"values":[0.9765,-0.123,0.177,0,0.0862,0.9755,0.2026,0,-0.1976,-0.1826,0.9631,0,54.9948,-1.4671,3.0376,1]},
{"frame":8,"values":[0.9807,-0.0535,0.1879,0,0.0265,0.9893,0.1436,0,-0.1936,-0.1358,0.9716,0,54.9948,-1.4671,3.0376,1]},
{"frame":9,"values":[0.9775,0.0281,0.2093,0,-0.0507,0.9933,0.1034,0,-0.205,-0.1117,0.9724,0,54.9948,-1.4671,3.0376,1]},
{"frame":10,"values":[0.9692,0.1196,0.2154,0,-0.1241,0.9922,0.0075,0,-0.2128,-0.034,0.9765,0,54.9948,-1.4671,3.0376,1]},
{"frame":11,"values":[0.9587,0.1981,0.2042,0,-0.1961,0.9801,-0.0302,0,-0.2061,-0.0111,0.9785,0,54.9948,-1.4671,3.0376,1]},
{"frame":12,"values":[0.9403,0.2755,0.2,0,-0.2671,0.9612,-0.0685,0,-0.2111,0.011,0.9774,0,54.9948,-1.4671,3.0376,1]},
{"frame":13,"values":[0.9162,0.3513,0.1928,0,-0.3364,0.9357,-0.1064,0,-0.2178,0.0326,0.9755,0,54.9948,-1.4671,3.0376,1]},
{"frame":14,"values":[0.8867,0.4247,0.1826,0,-0.4033,0.9037,-0.1435,0,-0.226,0.0536,0.9727,0,54.9948,-1.4671,3.0376,1]},
{"frame":15,"values":[0.9149,0.3487,0.2033,0,-0.3367,0.9371,-0.0918,0,-0.2226,0.0155,0.9748,0,54.9948,-1.4671,3.0376,1]},
{"frame":16,"values":[0.9377,0.2691,0.2198,0,-0.2674,0.9628,-0.0382,0,-0.2219,-0.023,0.9748,0,54.9948,-1.4671,3.0376,1]},
{"frame":17,"values":[0.9546,0.1869,0.2318,0,-0.1961,0.9804,0.0169,0,-0.2241,-0.0616,0.9726,0,54.9948,-1.4671,3.0376,1]},
{"frame":18,"values":[0.9655,0.1032,0.2391,0,-0.1237,0.9897,0.0726,0,-0.2291,-0.0997,0.9683,0,54.9948,-1.4671,3.0376,1]},
{"frame":19,"values":[0.9702,0.0189,0.2416,0,-0.0513,0.9904,0.1283,0,-0.2369,-0.1369,0.9618,0,54.9948,-1.4671,3.0376,1]},
{"frame":20,"values":[0.9687,-0.0647,0.2395,0,0.0204,0.9828,0.1833,0,-0.2472,-0.1727,0.9534,0,54.9948,-1.4671,3.0376,1]},
{"frame":21,"values":[0.9634,-0.0787,0.2562,0,0.0628,0.9956,0.0694,0,-0.2606,-0.0507,0.9641,0,54.9948,-1.4671,3.0376,1]}],"loopBehavior":1,"name":"anim","property":"_matrix"}},
{"name":"mixamorig:LeftHandMiddle1","index":13,"matrix":[0.8766,-0.48,0.0357,0,0.4795,0.8773,0.0207,0,-0.0412,-0.001,0.9991,0,23.1821,-2.445,1.6605,1],"rest":[0.9974,-0.0561,0.045,0,0.0561,0.9984,0.0005,0,-0.045,0.002,0.999,0,23.1821,-2.445,1.6605,1],"parentBoneIndex":12,"length":6.3787
,"animation":{"dataType":3,"framePerSecond":24,"keys":[
{"frame":1,"values":[0.877,-0.4799,0.0239,0,0.4795,0.8773,0.0207,0,-0.0309,-0.0067,0.9995,0,23.1821,-2.445,1.6605,1]},
{"frame":7,"values":[0.8771,-0.4798,0.0239,0,0.4794,0.8774,0.0207,0,-0.0309,-0.0067,0.9995,0,23.1821,-2.445,1.6605,1]},
{"frame":8,"values":[0.8767,-0.4803,0.0256,0,0.4799,0.8771,0.0218,0,-0.0329,-0.0068,0.9994,0,23.1821,-2.445,1.6605,1]},
{"frame":9,"values":[0.8772,-0.4794,0.0273,0,0.4789,0.8776,0.0229,0,-0.0349,-0.007,0.9994,0,23.1821,-2.445,1.6605,1]},
{"frame":10,"values":[0.8422,-0.5383,0.029,0,0.5378,0.8427,0.024,0,-0.0373,-0.0047,0.9993,0,23.1821,-2.445,1.6605,1]},
{"frame":11,"values":[0.7178,-0.6955,0.0306,0,0.6951,0.7185,0.0237,0,-0.0385,0.0043,0.9993,0,23.1821,-2.445,1.6605,1]},
{"frame":12,"values":[0.6249,-0.78,0.0323,0,0.7798,0.6256,0.0231,0,-0.0382,0.0107,0.9992,0,23.1821,-2.445,1.6605,1]},
{"frame":13,"values":[0.5217,-0.8525,0.034,0,0.8523,0.5225,0.0228,0,-0.0372,0.0171,0.9992,0,23.1821,-2.445,1.6605,1]},
{"frame":14,"values":[0.4106,-0.9111,0.0357,0,0.9111,0.4115,0.0227,0,-0.0353,0.0232,0.9991,0,23.1821,-2.445,1.6605,1]},
{"frame":15,"values":[0.5053,-0.8622,0.0358,0,0.8621,0.5062,0.0224,0,-0.0374,0.0195,0.9991,0,23.1821,-2.445,1.6605,1]},
{"frame":16,"values":[0.5954,-0.8027,0.0358,0,0.8025,0.5962,0.022,0,-0.039,0.0156,0.9991,0,23.1821,-2.445,1.6605,1]},
{"frame":17,"values":[0.6789,-0.7333,0.0358,0,0.7331,0.6798,0.0217,0,-0.0403,0.0115,0.9991,0,23.1821,-2.445,1.6605,1]},
{"frame":18,"values":[0.7545,-0.6554,0.0358,0,0.6551,0.7553,0.0213,0,-0.041,0.0074,0.9991,0,23.1821,-2.445,1.6605,1]},
{"frame":19,"values":[0.8207,-0.5702,0.0358,0,0.5698,0.8215,0.021,0,-0.0414,0.0031,0.9991,0,23.1821,-2.445,1.6605,1]},
{"frame":20,"values":[0.8768,-0.4795,0.0357,0,0.479,0.8776,0.0207,0,-0.0412,-0.0011,0.9991,0,23.1821,-2.445,1.6605,1]},
{"frame":21,"values":[0.8766,-0.48,0.0357,0,0.4795,0.8773,0.0207,0,-0.0412,-0.001,0.9991,0,23.1821,-2.445,1.6605,1]}],"loopBehavior":1,"name":"anim","property":"_matrix"}},
{"name":"mixamorig:LeftHandMiddle2","index":14,"matrix":[0.3066,-0.951,0.0407,0,0.9492,0.3087,0.0607,0,-0.0703,0.02,0.9973,0,6.3689,-0.3109,0.167,1],"rest":[0.991,0.1341,-0.0042,0,-0.1342,0.991,-0.0031,0,0.0038,0.0036,1,0,6.3689,-0.3109,0.167,1],"parentBoneIndex":13,"length":6.1483
,"animation":{"dataType":3,"framePerSecond":24,"keys":[
{"frame":1,"values":[0.3066,-0.951,0.0407,0,0.9492,0.3086,0.0607,0,-0.0703,0.02,0.9973,0,6.3689,-0.3109,0.167,1]},
{"frame":5,"values":[0.3066,-0.951,0.0407,0,0.9492,0.3087,0.0613,0,-0.0709,0.0198,0.9973,0,6.3689,-0.3109,0.167,1]},
{"frame":6,"values":[0.3066,-0.951,0.0407,0,0.9492,0.3087,0.062,0,-0.0715,0.0196,0.9972,0,6.3689,-0.3109,0.167,1]},
{"frame":7,"values":[0.3066,-0.951,0.0407,0,0.9491,0.3087,0.0626,0,-0.0721,0.0194,0.9972,0,6.3689,-0.3109,0.167,1]},
{"frame":8,"values":[0.3066,-0.951,0.0407,0,0.9491,0.3087,0.0632,0,-0.0727,0.0192,0.9972,0,6.3689,-0.3109,0.167,1]},
{"frame":9,"values":[0.3068,-0.9509,0.0407,0,0.949,0.3089,0.0638,0,-0.0733,0.019,0.9971,0,6.3689,-0.3109,0.167,1]},
{"frame":10,"values":[0.2962,-0.9543,0.0407,0,0.9523,0.2983,0.0645,0,-0.0737,0.0196,0.9971,0,6.3689,-0.3109,0.167,1]},
{"frame":11,"values":[0.265,-0.9634,0.0407,0,0.9614,0.2672,0.0651,0,-0.0736,0.0219,0.997,0,6.3689,-0.3109,0.167,1]},
{"frame":12,"values":[0.2454,-0.9686,0.0407,0,0.9666,0.2476,0.0657,0,-0.0737,0.0232,0.997,0,6.3689,-0.3109,0.167,1]},
{"frame":13,"values":[0.2256,-0.9734,0.0407,0,0.9714,0.2279,0.0664,0,-0.0739,0.0246,0.997,0,6.3689,-0.3109,0.167,1]},
{"frame":14,"values":[0.2057,-0.9778,0.0407,0,0.9758,0.2081,0.067,0,-0.074,0.0259,0.9969,0,6.3689,-0.3109,0.167,1]},
{"frame":15,"values":[0.2227,-0.974,0.0407,0,0.9721,0.225,0.0659,0,-0.0734,0.0249,0.997,0,6.3689,-0.3109,0.167,1]},
{"frame":16,"values":[0.2397,-0.97,0.0407,0,0.9681,0.2419,0.0649,0,-0.0728,0.0239,0.9971,0,6.3689,-0.3109,0.167,1]},
{"frame":17,"values":[0.2566,-0.9657,0.0408,0,0.9638,0.2588,0.0638,0,-0.0722,0.0229,0.9971,0,6.3689,-0.3109,0.167,1]},
{"frame":18,"values":[0.2734,-0.961,0.0407,0,0.9592,0.2755,0.0628,0,-0.0716,0.0219,0.9972,0,6.3689,-0.3109,0.167,1]},
{"frame":19,"values":[0.2901,-0.9561,0.0407,0,0.9544,0.2922,0.0618,0,-0.0709,0.021,0.9973,0,6.3689,-0.3109,0.167,1]},
{"frame":20,"values":[0.3067,-0.9509,0.0407,0,0.9492,0.3088,0.0607,0,-0.0703,0.02,0.9973,0,6.3689,-0.3109,0.167,1]},
{"frame":21,"values":[0.3066,-0.951,0.0407,0,0.9492,0.3087,0.0607,0,-0.0703,0.02,0.9973,0,6.3689,-0.3109,0.167,1]}],"loopBehavior":1,"name":"anim","property":"_matrix"}},
{"name":"mixamorig:LeftHandMiddle3","index":15,"matrix":[0.7553,-0.6548,0.0276,0,0.6541,0.7558,0.0308,0,-0.041,-0.0052,0.9991,0,6.0425,-1.121,0.183,1],"rest":[1,-0.0048,-0.0038,0,0.0048,1,0.0008,0,0.0038,-0.0009,1,0,6.0425,-1.121,0.183,1],"parentBoneIndex":14,"length":6.5825
,"animation":{"dataType":3,"framePerSecond":24,"keys":[
{"frame":1,"values":[0.7552,-0.6549,0.0276,0,0.6543,0.7557,0.0274,0,-0.0388,-0.0027,0.9992,0,6.0425,-1.121,0.183,1]},
{"frame":9,"values":[0.7553,-0.6548,0.0276,0,0.6542,0.7558,0.028,0,-0.0392,-0.0031,0.9992,0,6.0425,-1.121,0.183,1]},
{"frame":10,"values":[0.7507,-0.66,0.0276,0,0.6594,0.7512,0.0285,0,-0.0396,-0.0032,0.9992,0,6.0425,-1.121,0.183,1]},
{"frame":11,"values":[0.7372,-0.6751,0.0276,0,0.6745,0.7377,0.0291,0,-0.04,-0.0029,0.9992,0,6.0425,-1.121,0.183,1]},
{"frame":12,"values":[0.7286,-0.6844,0.0276,0,0.6837,0.7291,0.0297,0,-0.0404,-0.0028,0.9992,0,6.0425,-1.121,0.183,1]},
{"frame":13,"values":[0.7199,-0.6936,0.0276,0,0.6929,0.7204,0.0303,0,-0.0409,-0.0027,0.9992,0,6.0425,-1.121,0.183,1]},
{"frame":14,"values":[0.711,-0.7027,0.0276,0,0.702,0.7115,0.0308,0,-0.0413,-0.0026,0.9991,0,6.0425,-1.121,0.183,1]},
{"frame":15,"values":[0.7186,-0.6949,0.0276,0,0.6942,0.7191,0.0308,0,-0.0413,-0.003,0.9991,0,6.0425,-1.121,0.183,1]},
{"frame":16,"values":[0.7261,-0.687,0.0276,0,0.6863,0.7266,0.0308,0,-0.0412,-0.0035,0.9991,0,6.0425,-1.121,0.183,1]},
{"frame":17,"values":[0.7335,-0.6791,0.0276,0,0.6784,0.734,0.0308,0,-0.0412,-0.0039,0.9991,0,6.0425,-1.121,0.183,1]},
{"frame":18,"values":[0.7409,-0.6711,0.0276,0,0.6704,0.7414,0.0308,0,-0.0411,-0.0043,0.9991,0,6.0425,-1.121,0.183,1]},
{"frame":19,"values":[0.7481,-0.663,0.0276,0,0.6623,0.7486,0.0308,0,-0.0411,-0.0048,0.9991,0,6.0425,-1.121,0.183,1]},
{"frame":20,"values":[0.7553,-0.6548,0.0276,0,0.6541,0.7558,0.0308,0,-0.041,-0.0052,0.9991,0,6.0425,-1.121,0.183,1]},
{"frame":21,"values":[0.7553,-0.6548,0.0276,0,0.6541,0.7558,0.0308,0,-0.041,-0.0052,0.9991,0,6.0425,-1.121,0.183,1]}],"loopBehavior":1,"name":"anim","property":"_matrix"}},
{"name":"mixamorig:LeftHandMiddle4","index":16,"matrix":[1,0,0,0,0,1,0,0,0,0,1,0,6.4741,-1.1689,0.2214,1],"rest":[1,0,0,0,0,1,0,0,0,0,1,0,6.4741,-1.1689,0.2214,1],"parentBoneIndex":15,"length":6.5825
,"animation":{"dataType":3,"framePerSecond":24,"keys":[
{"frame":1,"values":[1,0,0,0,0,1,0,0,0,0,1,0,6.4741,-1.1689,0.2214,1]},
{"frame":21,"values":[1,0,0,0,0,1,0,0,0,0,1,0,6.4741,-1.1689,0.2214,1]}],"loopBehavior":1,"name":"anim","property":"_matrix"}},
{"name":"mixamorig:LeftHandThumb1","index":17,"matrix":[0.9983,0.0126,-0.0578,0,-0.0108,0.9995,0.0311,0,0.0581,-0.0304,0.9978,0,6.4451,-3.6637,6.4601,1],"rest":[0.993,-0.1184,-0.0054,0,0.1183,0.9883,0.0962,0,-0.006,-0.0961,0.9953,0,6.4451,-3.6637,6.4601,1],"parentBoneIndex":12,"length":8.4798
,"animation":{"dataType":3,"framePerSecond":24,"keys":[
{"frame":1,"values":[0.9983,0.0127,-0.0576,0,-0.0109,0.9995,0.0311,0,0.0579,-0.0304,0.9979,0,6.4451,-3.6637,6.4601,1]},
{"frame":8,"values":[0.9983,0.0125,-0.0576,0,-0.0107,0.9995,0.0311,0,0.0579,-0.0304,0.9979,0,6.4451,-3.6637,6.4601,1]},
{"frame":9,"values":[0.9982,0.0129,-0.0577,0,-0.0111,0.9995,0.0311,0,0.0581,-0.0304,0.9978,0,6.4451,-3.6637,6.4601,1]},
{"frame":10,"values":[0.9986,-0.0358,-0.0388,0,0.0371,0.9987,0.0339,0,0.0375,-0.0353,0.9987,0,6.4451,-3.6637,6.4601,1]},
{"frame":11,"values":[0.9962,-0.0845,-0.0199,0,0.0852,0.9956,0.0377,0,0.0166,-0.0393,0.9991,0,6.4451,-3.6637,6.4601,1]},
{"frame":12,"values":[0.9911,-0.1332,-0.0012,0,0.1331,0.9902,0.0424,0,-0.0044,-0.0422,0.9991,0,6.4451,-3.6637,6.4601,1]},
{"frame":13,"values":[0.9832,-0.1816,0.0172,0,0.1806,0.9824,0.048,0,-0.0256,-0.0441,0.9987,0,6.4451,-3.6637,6.4601,1]},
