{"producer":{"name":"Blender","version":"2.79 (sub 0)","exporter_version":"5.6.4","file":"ladywalk.babylon"},
"autoClear":true,"clearColor":[0.0509,0.0509,0.0509],"ambientColor":[0,0,0],"gravity":[0,-9.81,0],
"materials":[{"name":"ladywalk.Material","id":"ladywalk.Material","ambient":[0,0,0],"diffuse":[0,0,0],"specular":[0,0,0],"emissive":[0,0,0],"specularPower":50,"alpha":0.001,"backFaceCulling":true,"checkReadyOnlyOnce":false,"maxSimultaneousLights":4}],
"multiMaterials":[],
"skeletons":[{"name":"Armature","id":0,"dimensionsAtRest":[325.0648,354.2356,42.2479],"bones":[
{"name":"mixamorig:Hips","index":0,"matrix":[0.9753,-0.1423,0.1688,0,0.144,0.9896,0.0024,0,0.1674,-0.022,-0.9856,0,-0.7807,191.7551,-0.5272,1],"rest":[1,0,0,0,0,1,0,0,0,0,-1,0,0,193.2874,0,1],"parentBoneIndex":-1,"length":20.354
,"animation":{"dataType":3,"framePerSecond":24,"keys":[
{"frame":1,"values":[0.9753,-0.1425,0.1688,0,0.1442,0.9895,0.0024,0,0.1674,-0.022,-0.9856,0,-0.7763,191.7758,-0.5127,1]},
{"frame":2,"values":[0.986,-0.1048,0.1297,0,0.1062,0.9943,-0.0043,0,0.1285,-0.018,-0.9915,0,-0.6591,193.2585,0.6678,1]},
{"frame":3,"values":[0.9952,-0.057,0.0795,0,0.0576,0.9983,-0.0048,0,0.0791,-0.0094,-0.9968,0,-0.2431,194.6046,2.4568,1]},
{"frame":4,"values":[0.9995,-0.0186,0.0263,0,0.0188,0.9998,-0.0041,0,0.0262,-0.0046,-0.9996,0,0.0845,195.2965,3.2584,1]},
{"frame":5,"values":[0.9996,0.0094,-0.0263,0,-0.0096,0.9999,-0.0057,0,-0.0262,-0.0059,-0.9996,0,0.5342,195.5137,3.5755,1]},
{"frame":6,"values":[0.9969,0.0308,-0.0722,0,-0.0317,0.9994,-0.011,0,-0.0718,-0.0133,-0.9973,0,1.0049,194.2657,3.6138,1]},
{"frame":7,"values":[0.9928,0.059,-0.1047,0,-0.0612,0.998,-0.0181,0,-0.1034,-0.0244,-0.9943,0,1.3696,192.6664,3.0808,1]},
{"frame":8,"values":[0.9893,0.0871,-0.1169,0,-0.0903,0.9957,-0.0226,0,-0.1144,-0.0329,-0.9929,0,1.617,191.7436,2.6168,1]},
{"frame":9,"values":[0.9874,0.1153,-0.1089,0,-0.1179,0.9929,-0.0184,0,-0.106,-0.031,-0.9939,0,1.5733,190.9287,1.5649,1]},
{"frame":10,"values":[0.9845,0.1434,-0.1008,0,-0.1444,0.9895,-0.0023,0,-0.0994,-0.0168,-0.9949,0,1.2386,190.1138,0.0852,1]},
{"frame":11,"values":[0.9808,0.1715,-0.0928,0,-0.1711,0.9852,0.0128,0,-0.0936,-0.0033,-0.9956,0,0.9039,189.2989,-0.2973,1]},
{"frame":12,"values":[0.9762,0.1995,-0.0847,0,-0.1978,0.9798,0.0279,0,-0.0886,0.0105,-0.996,0,0.5693,188.484,0.3176,1]},
{"frame":13,"values":[0.9699,0.2271,-0.0882,0,-0.2241,0.9736,0.043,0,-0.0956,0.0219,-0.9952,0,0.2346,187.6691,0.9325,1]},
{"frame":14,"values":[0.9627,0.2545,-0.0916,0,-0.25,0.9665,0.058,0,-0.1033,0.0329,-0.9941,0,0.339,189.0308,1.5473,1]},
{"frame":15,"values":[0.9716,0.2312,-0.0499,0,-0.2289,0.9722,0.0487,0,-0.0598,0.0359,-0.9976,0,0.4434,190.3925,2.1622,1]},
{"frame":16,"values":[0.9782,0.2077,-0.0078,0,-0.2073,0.9775,0.0404,0,-0.016,0.0379,-0.9992,0,0.5477,191.7542,2.7771,1]},
{"frame":17,"values":[0.9823,0.184,0.0345,0,-0.1852,0.9822,0.033,0,0.0278,0.0388,-0.9989,0,0.6521,193.1159,3.3919,1]},
{"frame":18,"values":[0.9841,0.1603,0.0768,0,-0.1627,0.9863,0.0265,0,0.0715,0.0386,-0.9967,0,0.7565,194.4775,4.0068,1]},
{"frame":19,"values":[0.9836,0.1357,0.1187,0,-0.1388,0.9902,0.0181,0,0.1151,0.0342,-0.9928,0,0.3394,195.8392,4.6217,1]},
{"frame":20,"values":[0.9807,0.1112,0.1605,0,-0.1144,0.9934,0.0106,0,0.1583,0.0288,-0.987,0,-0.0776,197.2009,5.2365,1]},
{"frame":21,"values":[0.9756,0.0866,0.2018,0,-0.0888,0.996,0.0019,0,0.2008,0.0197,-0.9794,0,-0.4947,195.8668,5.8514,1]},
{"frame":22,"values":[0.968,0.0623,0.2429,0,-0.0628,0.998,-0.0058,0,0.2428,0.0096,-0.97,0,-0.9118,194.5326,6.4662,1]},
{"frame":23,"values":[0.9581,0.0385,0.2837,0,-0.0365,0.9993,-0.0124,0,0.284,-0.0016,-0.9588,0,-1.3288,193.1985,7.0811,1]},
{"frame":24,"values":[0.946,0.015,0.3239,0,-0.0091,0.9998,-0.0198,0,0.3241,-0.0157,-0.9459,0,-1.7459,191.8643,5.9476,1]},
{"frame":25,"values":[0.9506,-0.0079,0.3104,0,0.0173,0.9995,-0.0274,0,0.31,-0.0314,-0.9502,0,-1.4123,190.5302,4.814,1]},
{"frame":26,"values":[0.9543,-0.0315,0.2972,0,0.0383,0.9991,-0.017,0,0.2964,-0.0275,-0.9547,0,-1.0787,189.196,3.6804,1]},
{"frame":27,"values":[0.9573,-0.055,0.2837,0,0.0594,0.9982,-0.0068,0,0.2828,-0.0234,-0.9589,0,-0.7451,187.8619,2.5469,1]},
{"frame":28,"values":[0.9597,-0.0784,0.2699,0,0.0806,0.9967,0.003,0,0.2693,-0.0189,-0.9629,0,-0.4115,186.5278,1.4133,1]},
{"frame":29,"values":[0.9614,-0.1017,0.2559,0,0.1019,0.9947,0.0125,0,0.2558,-0.014,-0.9666,0,-0.0779,185.1936,0.2797,1]},
{"frame":30,"values":[0.9621,-0.1254,0.2421,0,0.1236,0.9921,0.0227,0,0.243,-0.0081,-0.97,0,-0.2574,186.4571,-0.8538,1]},
{"frame":31,"values":[0.9621,-0.1492,0.2282,0,0.1456,0.9888,0.033,0,0.2306,-0.0015,-0.973,0,-0.437,187.7205,-0.7195,1]},
{"frame":32,"values":[0.9613,-0.1731,0.2144,0,0.1722,0.9848,0.0229,0,0.2151,-0.0149,-0.9765,0,-0.6166,188.984,-0.7696,1]},
{"frame":33,"values":[0.9648,-0.17,0.2005,0,0.1709,0.9852,0.0127,0,0.1997,-0.022,-0.9796,0,-0.7962,190.2474,-0.6532,1]},
{"frame":34,"values":[0.9753,-0.1423,0.1688,0,0.144,0.9896,0.0024,0,0.1674,-0.022,-0.9856,0,-0.7807,191.7551,-0.5272,1]}],"loopBehavior":1,"name":"anim","property":"_matrix"}},
{"name":"mixamorig:Spine","index":1,"matrix":[0.999,0.0456,-0.002,0,-0.0457,0.999,-0.0016,0,0.0019,0.0017,1,0,0.0446,17.9632,-1.2442,1],"rest":[1,0,0,0,0,1,0,0,0,0,1,0,0.0446,17.9632,-1.2442,1],"parentBoneIndex":0,"length":18.7117
,"animation":{"dataType":3,"framePerSecond":24,"keys":[
{"frame":1,"values":[0.9989,0.0459,-0.002,0,-0.0459,0.9989,-0.0016,0,0.0019,0.0017,1,0,0.0446,17.9632,-1.2442,1]},
{"frame":2,"values":[0.9996,0.0238,-0.0134,0,-0.0238,0.9997,-0.0004,0,0.0134,0.0007,0.9999,0,0.0446,17.9632,-1.2442,1]},
{"frame":3,"values":[0.9996,-0.0091,-0.0261,0,0.0092,1,0.0018,0,0.0261,-0.002,0.9997,0,0.0446,17.9632,-1.2442,1]},
{"frame":4,"values":[0.9987,-0.0325,-0.0389,0,0.0327,0.9995,0.0041,0,0.0387,-0.0053,0.9992,0,0.0446,17.9632,-1.2442,1]},
{"frame":5,"values":[0.9975,-0.0507,-0.0501,0,0.0511,0.9987,0.0062,0,0.0497,-0.0088,0.9987,0,0.0446,17.9632,-1.2442,1]},
{"frame":6,"values":[0.996,-0.0671,-0.0584,0,0.0677,0.9977,0.0083,0,0.0577,-0.0122,0.9983,0,0.0446,17.9632,-1.2442,1]},
{"frame":7,"values":[0.995,-0.079,-0.0616,0,0.0798,0.9968,0.0102,0,0.0606,-0.0151,0.9981,0,0.0446,17.9632,-1.2442,1]},
{"frame":8,"values":[0.9946,-0.0817,-0.0647,0,0.0827,0.9965,0.0117,0,0.0635,-0.017,0.9978,0,0.0446,17.9632,-1.2442,1]},
{"frame":9,"values":[0.9944,-0.0812,-0.0678,0,0.0822,0.9965,0.0133,0,0.0665,-0.0188,0.9976,0,0.0446,17.9632,-1.2442,1]},
{"frame":10,"values":[0.9941,-0.0913,-0.0588,0,0.0923,0.9956,0.0147,0,0.0572,-0.02,0.9982,0,0.0446,17.9632,-1.2442,1]},
{"frame":11,"values":[0.9936,-0.1015,-0.0498,0,0.1024,0.9946,0.0162,0,0.0479,-0.0212,0.9986,0,0.0446,17.9632,-1.2442,1]},
{"frame":12,"values":[0.9929,-0.1117,-0.0409,0,0.1125,0.9935,0.0178,0,0.0386,-0.0223,0.999,0,0.0446,17.9632,-1.2442,1]},
{"frame":13,"values":[0.992,-0.1218,-0.0319,0,0.1224,0.9923,0.0168,0,0.0296,-0.0205,0.9994,0,0.0446,17.9632,-1.2442,1]},
{"frame":14,"values":[0.991,-0.132,-0.0229,0,0.1323,0.9911,0.0158,0,0.0206,-0.0187,0.9996,0,0.0446,17.9632,-1.2442,1]},
{"frame":15,"values":[0.9898,-0.1421,-0.0139,0,0.1423,0.9897,0.015,0,0.0116,-0.0168,0.9998,0,0.0446,17.9632,-1.2442,1]},
{"frame":16,"values":[0.9915,-0.1301,-0.0049,0,0.1302,0.9914,0.0141,0,0.003,-0.0146,0.9999,0,0.0446,17.9632,-1.2442,1]},
{"frame":17,"values":[0.993,-0.1181,0.0041,0,0.1181,0.9929,0.0131,0,-0.0056,-0.0125,0.9999,0,0.0446,17.9632,-1.2442,1]},
{"frame":18,"values":[0.9943,-0.1061,0.013,0,0.1059,0.9943,0.0146,0,-0.0145,-0.0131,0.9998,0,0.0446,17.9632,-1.2442,1]},
{"frame":19,"values":[0.9953,-0.0941,0.022,0,0.0937,0.9955,0.016,0,-0.0234,-0.0139,0.9996,0,0.0446,17.9632,-1.2442,1]},
{"frame":20,"values":[0.9961,-0.082,0.031,0,0.0815,0.9965,0.0173,0,-0.0323,-0.0147,0.9994,0,0.0446,17.9632,-1.2442,1]},
{"frame":21,"values":[0.9967,-0.07,0.04,0,0.0693,0.9974,0.0185,0,-0.0412,-0.0156,0.999,0,0.0446,17.9632,-1.2442,1]},
{"frame":22,"values":[0.9971,-0.0579,0.049,0,0.0572,0.9982,0.0168,0,-0.0499,-0.014,0.9987,0,0.0446,17.9632,-1.2442,1]},
{"frame":23,"values":[0.9973,-0.0458,0.058,0,0.045,0.9989,0.0151,0,-0.0586,-0.0124,0.9982,0,0.0446,17.9632,-1.2442,1]},
{"frame":24,"values":[0.9972,-0.0338,0.0669,0,0.0329,0.9994,0.0132,0,-0.0674,-0.011,0.9977,0,0.0446,17.9632,-1.2442,1]},
{"frame":25,"values":[0.9979,-0.0217,0.0606,0,0.021,0.9997,0.0112,0,-0.0608,-0.0099,0.9981,0,0.0446,17.9632,-1.2442,1]},
{"frame":26,"values":[0.9985,-0.0096,0.0542,0,0.0091,0.9999,0.0093,0,-0.0543,-0.0088,0.9985,0,0.0446,17.9632,-1.2442,1]},
{"frame":27,"values":[0.9989,0.0025,0.0478,0,-0.0029,1,0.0074,0,-0.0477,-0.0076,0.9988,0,0.0446,17.9632,-1.2442,1]},
{"frame":28,"values":[0.999,0.0146,0.0413,0,-0.0148,0.9999,0.0057,0,-0.0412,-0.0063,0.9991,0,0.0446,17.9632,-1.2442,1]},
{"frame":29,"values":[0.999,0.0266,0.0349,0,-0.0268,0.9996,0.004,0,-0.0347,-0.0049,0.9994,0,0.0446,17.9632,-1.2442,1]},
{"frame":30,"values":[0.9988,0.0387,0.0284,0,-0.0388,0.9992,0.0023,0,-0.0283,-0.0034,0.9996,0,0.0446,17.9632,-1.2442,1]},
{"frame":31,"values":[0.9985,0.0507,0.0219,0,-0.0508,0.9987,0.0008,0,-0.0218,-0.0019,0.9998,0,0.0446,17.9632,-1.2442,1]},
{"frame":32,"values":[0.9979,0.0627,0.0153,0,-0.0627,0.998,-0.0007,0,-0.0153,-0.0003,0.9999,0,0.0446,17.9632,-1.2442,1]},
{"frame":33,"values":[0.9981,0.0608,0.0089,0,-0.0608,0.9981,-0.0024,0,-0.009,0.0019,1,0,0.0446,17.9632,-1.2442,1]},
{"frame":34,"values":[0.999,0.0456,-0.002,0,-0.0457,0.999,-0.0016,0,0.0019,0.0017,1,0,0.0446,17.9632,-1.2442,1]}],"loopBehavior":1,"name":"anim","property":"_matrix"}},
{"name":"mixamorig:Spine1","index":2,"matrix":[0.9998,0.0206,0.0039,0,-0.0206,0.9996,0.0177,0,-0.0035,-0.0178,0.9998,0,-0.2753,18.666,-1.2773,1],"rest":[1,0,0,0,0,1,0,0,0,0,1,0,-0.2753,18.666,-1.2773,1],"parentBoneIndex":1,"length":21.7293
,"animation":{"dataType":3,"framePerSecond":24,"keys":[
{"frame":1,"values":[0.9998,0.0206,0.0039,0,-0.0206,0.9996,0.0177,0,-0.0035,-0.0178,0.9998,0,-0.2753,18.666,-1.2773,1]},
{"frame":2,"values":[0.9998,0.0046,-0.0186,0,-0.0043,0.9998,0.0192,0,0.0186,-0.0191,0.9996,0,-0.2753,18.666,-1.2773,1]},
{"frame":3,"values":[0.999,-0.0046,-0.0442,0,0.0056,0.9998,0.0215,0,0.0441,-0.0218,0.9988,0,-0.2753,18.666,-1.2773,1]},
{"frame":4,"values":[0.9974,-0.0173,-0.0699,0,0.019,0.9995,0.0235,0,0.0695,-0.0247,0.9973,0,-0.2753,18.666,-1.2773,1]},
{"frame":5,"values":[0.9951,-0.0321,-0.0931,0,0.0345,0.9991,0.0246,0,0.0922,-0.0277,0.9954,0,-0.2753,18.666,-1.2773,1]},
{"frame":6,"values":[0.9927,-0.0472,-0.111,0,0.0502,0.9984,0.0251,0,0.1096,-0.0305,0.9935,0,-0.2753,18.666,-1.2773,1]},
{"frame":7,"values":[0.9911,-0.0592,-0.1189,0,0.0627,0.9977,0.0253,0,0.1171,-0.0326,0.9926,0,-0.2753,18.666,-1.2773,1]},
{"frame":8,"values":[0.9894,-0.0713,-0.1268,0,0.0751,0.9968,0.026,0,0.1246,-0.0352,0.9916,0,-0.2753,18.666,-1.2773,1]},
{"frame":9,"values":[0.9902,-0.0835,-0.1118,0,0.087,0.9959,0.0266,0,0.1091,-0.0361,0.9934,0,-0.2753,18.666,-1.2773,1]},
{"frame":10,"values":[0.9907,-0.0958,-0.0967,0,0.0988,0.9947,0.0274,0,0.0936,-0.0367,0.9949,0,-0.2753,18.666,-1.2773,1]},
{"frame":11,"values":[0.9908,-0.1081,-0.0817,0,0.1105,0.9935,0.0256,0,0.0784,-0.0344,0.9963,0,-0.2753,18.666,-1.2773,1]},
{"frame":12,"values":[0.9905,-0.1203,-0.0666,0,0.1221,0.9922,0.0241,0,0.0632,-0.032,0.9975,0,-0.2753,18.666,-1.2773,1]},
{"frame":13,"values":[0.9898,-0.1325,-0.0515,0,0.1338,0.9907,0.0227,0,0.048,-0.0294,0.9984,0,-0.2753,18.666,-1.2773,1]},
{"frame":14,"values":[0.9888,-0.1446,-0.0363,0,0.1455,0.9891,0.0215,0,0.0328,-0.0265,0.9991,0,-0.2753,18.666,-1.2773,1]},
{"frame":15,"values":[0.9912,-0.1306,-0.0212,0,0.131,0.9912,0.0201,0,0.0184,-0.0227,0.9996,0,-0.2753,18.666,-1.2773,1]},
{"frame":16,"values":[0.9932,-0.1165,-0.0061,0,0.1166,0.993,0.0185,0,0.0039,-0.0191,0.9998,0,-0.2753,18.666,-1.2773,1]},
{"frame":17,"values":[0.9947,-0.1022,0.009,0,0.102,0.9945,0.0216,0,-0.0111,-0.0206,0.9997,0,-0.2753,18.666,-1.2773,1]},
{"frame":18,"values":[0.9958,-0.088,0.024,0,0.0874,0.9959,0.0245,0,-0.0261,-0.0223,0.9994,0,-0.2753,18.666,-1.2773,1]},
{"frame":19,"values":[0.9965,-0.0737,0.0392,0,0.0727,0.997,0.0272,0,-0.0411,-0.0242,0.9989,0,-0.2753,18.666,-1.2773,1]},
{"frame":20,"values":[0.9967,-0.0595,0.0543,0,0.058,0.9979,0.0296,0,-0.056,-0.0264,0.9981,0,-0.2753,18.666,-1.2773,1]},
{"frame":21,"values":[0.9966,-0.0453,0.0695,0,0.0432,0.9986,0.0319,0,-0.0708,-0.0288,0.9971,0,-0.2753,18.666,-1.2773,1]},
{"frame":22,"values":[0.9959,-0.0312,0.0847,0,0.0284,0.999,0.0339,0,-0.0856,-0.0313,0.9958,0,-0.2753,18.666,-1.2773,1]},
{"frame":23,"values":[0.9949,-0.017,0.0998,0,0.0139,0.9994,0.032,0,-0.1002,-0.0305,0.9945,0,-0.2753,18.666,-1.2773,1]},
{"frame":24,"values":[0.9934,-0.0028,0.1148,0,-0.0006,0.9996,0.0299,0,-0.1148,-0.0298,0.9929,0,-0.2753,18.666,-1.2773,1]},
{"frame":25,"values":[0.9915,0.0114,0.1298,0,-0.0151,0.9995,0.0276,0,-0.1294,-0.0294,0.9912,0,-0.2753,18.666,-1.2773,1]},
{"frame":26,"values":[0.9928,0.0256,0.1167,0,-0.0288,0.9993,0.0253,0,-0.116,-0.0284,0.9928,0,-0.2753,18.666,-1.2773,1]},
{"frame":27,"values":[0.9938,0.0399,0.1036,0,-0.0425,0.9988,0.0231,0,-0.1026,-0.0273,0.9944,0,-0.2753,18.666,-1.2773,1]},
{"frame":28,"values":[0.9944,0.0541,0.0904,0,-0.0562,0.9982,0.0211,0,-0.0891,-0.026,0.9957,0,-0.2753,18.666,-1.2773,1]},
{"frame":29,"values":[0.9947,0.0683,0.0772,0,-0.0699,0.9974,0.0193,0,-0.0757,-0.0246,0.9968,0,-0.2753,18.666,-1.2773,1]},
{"frame":30,"values":[0.9945,0.0824,0.064,0,-0.0837,0.9963,0.0176,0,-0.0623,-0.0229,0.9978,0,-0.2753,18.666,-1.2773,1]},
{"frame":31,"values":[0.9964,0.0681,0.0508,0,-0.069,0.9975,0.0156,0,-0.0496,-0.019,0.9986,0,-0.2753,18.666,-1.2773,1]},
{"frame":32,"values":[0.9978,0.0538,0.0375,0,-0.0544,0.9984,0.0161,0,-0.0366,-0.0181,0.9992,0,-0.2753,18.666,-1.2773,1]},
{"frame":33,"values":[0.9989,0.0395,0.0243,0,-0.0399,0.9991,0.0163,0,-0.0237,-0.0173,0.9996,0,-0.2753,18.666,-1.2773,1]},
{"frame":34,"values":[0.9998,0.0206,0.0039,0,-0.0206,0.9996,0.0177,0,-0.0035,-0.0178,0.9998,0,-0.2753,18.666,-1.2773,1]}],"loopBehavior":1,"name":"anim","property":"_matrix"}},
{"name":"mixamorig:Spine2","index":3,"matrix":[0.9998,0.0206,0.0041,0,-0.0206,0.9996,0.0176,0,-0.0038,-0.0176,0.9998,0,-0.1401,21.7211,-0.581,1],"rest":[1,0,0,0,0,1,0,0,0,0,1,0,-0.1401,21.7211,-0.581,1],"parentBoneIndex":2,"length":20.0301
,"animation":{"dataType":3,"framePerSecond":24,"keys":[
{"frame":1,"values":[0.9998,0.0206,0.0041,0,-0.0206,0.9996,0.0176,0,-0.0038,-0.0176,0.9998,0,-0.1401,21.7211,-0.581,1]},
{"frame":2,"values":[0.9998,0.0046,-0.0183,0,-0.0043,0.9998,0.019,0,0.0184,-0.019,0.9997,0,-0.1401,21.7211,-0.581,1]},
{"frame":3,"values":[0.999,-0.0046,-0.0441,0,0.0056,0.9998,0.0215,0,0.044,-0.0217,0.9988,0,-0.1401,21.7211,-0.581,1]},
{"frame":4,"values":[0.9974,-0.0173,-0.0699,0,0.0189,0.9995,0.0235,0,0.0695,-0.0248,0.9973,0,-0.1401,21.7211,-0.581,1]},
{"frame":5,"values":[0.9951,-0.0321,-0.093,0,0.0345,0.9991,0.0246,0,0.0922,-0.0277,0.9954,0,-0.1401,21.7211,-0.581,1]},
{"frame":6,"values":[0.9927,-0.0472,-0.1109,0,0.0503,0.9984,0.0252,0,0.1095,-0.0306,0.9935,0,-0.1401,21.7211,-0.581,1]},
{"frame":7,"values":[0.9911,-0.0593,-0.1189,0,0.0627,0.9977,0.0255,0,0.1171,-0.0327,0.9926,0,-0.1401,21.7211,-0.581,1]},
{"frame":8,"values":[0.9894,-0.0713,-0.1269,0,0.0752,0.9968,0.0262,0,0.1246,-0.0355,0.9916,0,-0.1401,21.7211,-0.581,1]},
{"frame":9,"values":[0.9902,-0.0836,-0.1118,0,0.0871,0.9958,0.0269,0,0.1091,-0.0364,0.9934,0,-0.1401,21.7211,-0.581,1]},
{"frame":10,"values":[0.9907,-0.0958,-0.0968,0,0.0989,0.9947,0.0278,0,0.0936,-0.0371,0.9949,0,-0.1401,21.7211,-0.581,1]},
{"frame":11,"values":[0.9908,-0.1081,-0.0817,0,0.1106,0.9935,0.026,0,0.0784,-0.0348,0.9963,0,-0.1401,21.7211,-0.581,1]},
{"frame":12,"values":[0.9905,-0.1204,-0.0666,0,0.1222,0.9922,0.0244,0,0.0632,-0.0323,0.9975,0,-0.1401,21.7211,-0.581,1]},
{"frame":13,"values":[0.9898,-0.1326,-0.0515,0,0.1339,0.9907,0.0229,0,0.048,-0.0296,0.9984,0,-0.1401,21.7211,-0.581,1]},
{"frame":14,"values":[0.9888,-0.1447,-0.0363,0,0.1456,0.9891,0.0217,0,0.0328,-0.0267,0.9991,0,-0.1401,21.7211,-0.581,1]},
{"frame":15,"values":[0.9912,-0.1307,-0.0212,0,0.1311,0.9912,0.0202,0,0.0184,-0.0228,0.9996,0,-0.1401,21.7211,-0.581,1]},
{"frame":16,"values":[0.9932,-0.1166,-0.0061,0,0.1167,0.993,0.0186,0,0.0039,-0.0192,0.9998,0,-0.1401,21.7211,-0.581,1]},
{"frame":17,"values":[0.9947,-0.1023,0.009,0,0.1021,0.9945,0.0217,0,-0.0111,-0.0206,0.9997,0,-0.1401,21.7211,-0.581,1]},
{"frame":18,"values":[0.9958,-0.0881,0.0241,0,0.0875,0.9959,0.0245,0,-0.0261,-0.0223,0.9994,0,-0.1401,21.7211,-0.581,1]},
{"frame":19,"values":[0.9965,-0.0738,0.0392,0,0.0728,0.997,0.0272,0,-0.0411,-0.0242,0.9989,0,-0.1401,21.7211,-0.581,1]},
{"frame":20,"values":[0.9967,-0.0596,0.0543,0,0.058,0.9979,0.0296,0,-0.056,-0.0263,0.9981,0,-0.1401,21.7211,-0.581,1]},
{"frame":21,"values":[0.9966,-0.0453,0.0695,0,0.0432,0.9986,0.0318,0,-0.0708,-0.0286,0.9971,0,-0.1401,21.7211,-0.581,1]},
{"frame":22,"values":[0.9959,-0.0312,0.0847,0,0.0284,0.999,0.0337,0,-0.0856,-0.0312,0.9958,0,-0.1401,21.7211,-0.581,1]},
{"frame":23,"values":[0.9949,-0.017,0.0998,0,0.0139,0.9994,0.0318,0,-0.1003,-0.0303,0.9945,0,-0.1401,21.7211,-0.581,1]},
{"frame":24,"values":[0.9934,-0.0028,0.1148,0,-0.0006,0.9996,0.0297,0,-0.1149,-0.0296,0.9929,0,-0.1401,21.7211,-0.581,1]},
{"frame":25,"values":[0.9915,0.0114,0.1298,0,-0.0151,0.9995,0.0274,0,-0.1295,-0.0292,0.9912,0,-0.1401,21.7211,-0.581,1]},
{"frame":26,"values":[0.9928,0.0257,0.1168,0,-0.0288,0.9993,0.0251,0,-0.1161,-0.0282,0.9928,0,-0.1401,21.7211,-0.581,1]},
{"frame":27,"values":[0.9938,0.0399,0.1037,0,-0.0425,0.9988,0.0229,0,-0.1027,-0.0271,0.9943,0,-0.1401,21.7211,-0.581,1]},
{"frame":28,"values":[0.9944,0.0542,0.0906,0,-0.0563,0.9982,0.0208,0,-0.0893,-0.0258,0.9957,0,-0.1401,21.7211,-0.581,1]},
{"frame":29,"values":[0.9947,0.0684,0.0774,0,-0.07,0.9974,0.019,0,-0.0759,-0.0243,0.9968,0,-0.1401,21.7211,-0.581,1]},
{"frame":30,"values":[0.9945,0.0825,0.0641,0,-0.0838,0.9963,0.0173,0,-0.0625,-0.0226,0.9978,0,-0.1401,21.7211,-0.581,1]},
{"frame":31,"values":[0.9964,0.0682,0.051,0,-0.0691,0.9975,0.0153,0,-0.0498,-0.0188,0.9986,0,-0.1401,21.7211,-0.581,1]},
{"frame":32,"values":[0.9978,0.0538,0.0378,0,-0.0545,0.9984,0.0158,0,-0.0369,-0.0178,0.9992,0,-0.1401,21.7211,-0.581,1]},
{"frame":33,"values":[0.9989,0.0394,0.0246,0,-0.0399,0.9991,0.0161,0,-0.0239,-0.017,0.9996,0,-0.1401,21.7211,-0.581,1]},
{"frame":34,"values":[0.9998,0.0206,0.0041,0,-0.0206,0.9996,0.0176,0,-0.0038,-0.0176,0.9998,0,-0.1401,21.7211,-0.581,1]}],"loopBehavior":1,"name":"anim","property":"_matrix"}},
{"name":"mixamorig:Neck","index":4,"matrix":[0.9997,0.0156,0.0174,0,-0.0153,0.9998,-0.0152,0,-0.0176,0.0149,0.9997,0,-0.0644,24.2931,0.579,1],"rest":[1,0,0,0,0,1,0,0,0,0,1,0,-0.0644,24.2931,0.579,1],"parentBoneIndex":3,"length":16.8487
,"animation":{"dataType":3,"framePerSecond":24,"keys":[
{"frame":1,"values":[0.9997,0.0156,0.0174,0,-0.0153,0.9998,-0.0152,0,-0.0176,0.0149,0.9997,0,-0.0644,24.2931,0.579,1]},
{"frame":2,"values":[0.9998,0.0085,0.0189,0,-0.0083,0.9999,-0.0127,0,-0.019,0.0126,0.9997,0,-0.0644,24.2931,0.579,1]},
{"frame":3,"values":[0.9998,-0.0023,0.0193,0,0.0025,0.9999,-0.0115,0,-0.0193,0.0116,0.9997,0,-0.0644,24.2931,0.579,1]},
{"frame":4,"values":[0.9997,-0.0128,0.0191,0,0.013,0.9999,-0.0104,0,-0.019,0.0106,0.9998,0,-0.0644,24.2931,0.579,1]},
{"frame":5,"values":[0.9996,-0.0208,0.0186,0,0.021,0.9997,-0.0092,0,-0.0184,0.0096,0.9998,0,-0.0644,24.2931,0.579,1]},
{"frame":6,"values":[0.9995,-0.0247,0.0181,0,0.0249,0.9997,-0.0085,0,-0.0179,0.009,0.9998,0,-0.0644,24.2931,0.579,1]},
{"frame":7,"values":[0.9995,-0.0247,0.0182,0,0.0248,0.9997,-0.0078,0,-0.018,0.0083,0.9998,0,-0.0644,24.2931,0.579,1]},
{"frame":8,"values":[0.9996,-0.021,0.0191,0,0.0211,0.9998,-0.0066,0,-0.019,0.007,0.9998,0,-0.0644,24.2931,0.579,1]},
{"frame":9,"values":[0.9996,-0.0173,0.0205,0,0.0174,0.9998,-0.005,0,-0.0204,0.0054,0.9998,0,-0.0644,24.2931,0.579,1]},
{"frame":10,"values":[0.9997,-0.0136,0.0215,0,0.0137,0.9999,-0.0037,0,-0.0215,0.004,0.9998,0,-0.0644,24.2931,0.579,1]},
{"frame":11,"values":[0.9998,-0.0099,0.0183,0,0.01,0.9999,-0.0035,0,-0.0183,0.0037,0.9998,0,-0.0644,24.2931,0.579,1]},
{"frame":12,"values":[0.9999,-0.0062,0.0152,0,0.0063,1,-0.0042,0,-0.0151,0.0043,0.9999,0,-0.0644,24.2931,0.579,1]},
{"frame":13,"values":[0.9999,-0.0025,0.012,0,0.0026,1,-0.005,0,-0.012,0.005,0.9999,0,-0.0644,24.2931,0.579,1]},
{"frame":14,"values":[1,0.0012,0.0088,0,-0.0011,1,-0.0057,0,-0.0088,0.0057,0.9999,0,-0.0644,24.2931,0.579,1]},
{"frame":15,"values":[1,0.0049,0.0056,0,-0.0049,1,-0.0035,0,-0.0056,0.0035,1,0,-0.0644,24.2931,0.579,1]},
{"frame":16,"values":[1,0.0086,0.0024,0,-0.0086,1,-0.0013,0,-0.0024,0.0013,1,0,-0.0644,24.2931,0.579,1]},
{"frame":17,"values":[0.9999,0.0123,-0.0007,0,-0.0123,0.9999,0.0009,0,0.0008,-0.0009,1,0,-0.0644,24.2931,0.579,1]},
{"frame":18,"values":[0.9999,0.016,-0.0039,0,-0.016,0.9999,0.0031,0,0.004,-0.003,1,0,-0.0644,24.2931,0.579,1]},
{"frame":19,"values":[0.9998,0.0197,-0.0071,0,-0.0197,0.9998,-0.0006,0,0.0071,0.0008,1,0,-0.0644,24.2931,0.579,1]},
{"frame":20,"values":[0.9997,0.0234,-0.0058,0,-0.0234,0.9997,-0.0043,0,0.0057,0.0045,1,0,-0.0644,24.2931,0.579,1]},
{"frame":21,"values":[0.9996,0.027,-0.0046,0,-0.0271,0.9996,-0.008,0,0.0044,0.0082,1,0,-0.0644,24.2931,0.579,1]},
{"frame":22,"values":[0.9995,0.0307,-0.0033,0,-0.0308,0.9995,-0.0118,0,0.003,0.0119,0.9999,0,-0.0644,24.2931,0.579,1]},
{"frame":23,"values":[0.9994,0.0344,-0.0021,0,-0.0345,0.9993,-0.0155,0,0.0016,0.0155,0.9999,0,-0.0644,24.2931,0.579,1]},
{"frame":24,"values":[0.9993,0.0381,-0.0009,0,-0.0381,0.9992,-0.0149,0,0.0003,0.0149,0.9999,0,-0.0644,24.2931,0.579,1]},
{"frame":25,"values":[0.9995,0.0316,-0.0022,0,-0.0316,0.9994,-0.0144,0,0.0017,0.0144,0.9999,0,-0.0644,24.2931,0.579,1]},
{"frame":26,"values":[0.9997,0.025,-0.0035,0,-0.025,0.9995,-0.0169,0,0.0031,0.017,0.9999,0,-0.0644,24.2931,0.579,1]},
{"frame":27,"values":[0.9998,0.0184,-0.0048,0,-0.0185,0.9996,-0.0194,0,0.0044,0.0195,0.9998,0,-0.0644,24.2931,0.579,1]},
{"frame":28,"values":[0.9999,0.0118,-0.0061,0,-0.012,0.9997,-0.022,0,0.0058,0.022,0.9997,0,-0.0644,24.2931,0.579,1]},
{"frame":29,"values":[1,0.0052,-0.0018,0,-0.0053,0.9997,-0.0245,0,0.0017,0.0245,0.9997,0,-0.0644,24.2931,0.579,1]},
{"frame":30,"values":[1,0.0089,0.0024,0,-0.0089,0.9996,-0.027,0,-0.0027,0.027,0.9996,0,-0.0644,24.2931,0.579,1]},
{"frame":31,"values":[0.9999,0.0126,0.0067,0,-0.0125,0.9996,-0.0241,0,-0.007,0.024,0.9997,0,-0.0644,24.2931,0.579,1]},
{"frame":32,"values":[0.9998,0.0163,0.0109,0,-0.0161,0.9996,-0.0212,0,-0.0113,0.021,0.9997,0,-0.0644,24.2931,0.579,1]},
{"frame":33,"values":[0.9997,0.02,0.0152,0,-0.0197,0.9996,-0.0183,0,-0.0155,0.018,0.9997,0,-0.0644,24.2931,0.579,1]},
{"frame":34,"values":[0.9997,0.0156,0.0174,0,-0.0153,0.9998,-0.0152,0,-0.0176,0.0149,0.9997,0,-0.0644,24.2931,0.579,1]}],"loopBehavior":1,"name":"anim","property":"_matrix"}},
{"name":"mixamorig:Head","index":5,"matrix":[0.9973,0.0182,0.071,0,-0.0101,0.9936,-0.1125,0,-0.0726,0.1115,0.9911,0,-0.2741,16.32,4.1786,1],"rest":[1,0,0,0,0,1,0,0,0,0,1,0,-0.2741,16.32,4.1786,1],"parentBoneIndex":4,"length":27.9803
,"animation":{"dataType":3,"framePerSecond":24,"keys":[
{"frame":1,"values":[0.9973,0.0182,0.071,0,-0.0101,0.9936,-0.1125,0,-0.0726,0.1115,0.9911,0,-0.2741,16.32,4.1786,1]},
{"frame":2,"values":[0.9957,0.0302,0.0874,0,-0.0194,0.9924,-0.1217,0,-0.0904,0.1195,0.9887,0,-0.2741,16.32,4.1786,1]},
{"frame":3,"values":[0.9939,0.0411,0.1027,0,-0.0269,0.9903,-0.1363,0,-0.1073,0.1327,0.9853,0,-0.2741,16.32,4.1786,1]},
{"frame":4,"values":[0.992,0.0537,0.1145,0,-0.036,0.9878,-0.1514,0,-0.1212,0.146,0.9818,0,-0.2741,16.32,4.1786,1]},
{"frame":5,"values":[0.9903,0.0685,0.1212,0,-0.048,0.9851,-0.1652,0,-0.1307,0.1577,0.9788,0,-0.2741,16.32,4.1786,1]},
{"frame":6,"values":[0.9887,0.0855,0.1234,0,-0.0629,0.9823,-0.1766,0,-0.1363,0.1668,0.9765,0,-0.2741,16.32,4.1786,1]},
{"frame":7,"values":[0.9874,0.0986,0.1238,0,-0.0748,0.9801,-0.1841,0,-0.1395,0.1725,0.9751,0,-0.2741,16.32,4.1786,1]},
{"frame":8,"values":[0.9858,0.1117,0.1252,0,-0.0873,0.9787,-0.1859,0,-0.1433,0.1724,0.9746,0,-0.2741,16.32,4.1786,1]},
{"frame":9,"values":[0.9839,0.1247,0.1279,0,-0.1003,0.9782,-0.182,0,-0.1478,0.1663,0.9749,0,-0.2741,16.32,4.1786,1]},
{"frame":10,"values":[0.9818,0.1377,0.1306,0,-0.1145,0.9786,-0.1708,0,-0.1513,0.1527,0.9766,0,-0.2741,16.32,4.1786,1]},
{"frame":11,"values":[0.9858,0.123,0.1141,0,-0.1041,0.9818,-0.1589,0,-0.1316,0.1448,0.9807,0,-0.2741,16.32,4.1786,1]},
{"frame":12,"values":[0.9893,0.1085,0.0973,0,-0.0935,0.9847,-0.1471,0,-0.1118,0.1365,0.9843,0,-0.2741,16.32,4.1786,1]},
{"frame":13,"values":[0.9923,0.094,0.0803,0,-0.0826,0.9873,-0.1356,0,-0.0921,0.1279,0.9875,0,-0.2741,16.32,4.1786,1]},
{"frame":14,"values":[0.9948,0.0797,0.0632,0,-0.0714,0.9897,-0.1242,0,-0.0724,0.119,0.9903,0,-0.2741,16.32,4.1786,1]},
{"frame":15,"values":[0.9968,0.0656,0.0458,0,-0.06,0.9918,-0.1129,0,-0.0528,0.1098,0.9925,0,-0.2741,16.32,4.1786,1]},
{"frame":16,"values":[0.9983,0.0515,0.0282,0,-0.0484,0.9936,-0.1019,0,-0.0333,0.1003,0.9944,0,-0.2741,16.32,4.1786,1]},
{"frame":17,"values":[0.9992,0.0377,0.0105,0,-0.0366,0.9952,-0.091,0,-0.0139,0.0906,0.9958,0,-0.2741,16.32,4.1786,1]},
{"frame":18,"values":[0.9997,0.024,-0.0073,0,-0.0246,0.9965,-0.0804,0,0.0053,0.0806,0.9967,0,-0.2741,16.32,4.1786,1]},
{"frame":19,"values":[0.9996,0.0106,-0.0252,0,-0.0123,0.9975,-0.07,0,0.0244,0.0703,0.9972,0,-0.2741,16.32,4.1786,1]},
{"frame":20,"values":[0.9991,-0.0037,-0.0426,0,0.0003,0.9968,-0.0794,0,0.0428,0.0793,0.9959,0,-0.2741,16.32,4.1786,1]},
{"frame":21,"values":[0.999,-0.018,-0.0401,0,0.0144,0.9959,-0.0889,0,0.0415,0.0882,0.9952,0,-0.2741,16.32,4.1786,1]},
{"frame":22,"values":[0.9988,-0.0324,-0.0374,0,0.0285,0.9947,-0.0983,0,0.0404,0.0971,0.9944,0,-0.2741,16.32,4.1786,1]},
{"frame":23,"values":[0.9983,-0.0466,-0.0346,0,0.0427,0.9933,-0.1077,0,0.0394,0.1061,0.9936,0,-0.2741,16.32,4.1786,1]},
{"frame":24,"values":[0.9976,-0.0609,-0.0317,0,0.0568,0.9915,-0.1171,0,0.0386,0.115,0.9926,0,-0.2741,16.32,4.1786,1]},
{"frame":25,"values":[0.9968,-0.0751,-0.029,0,0.0713,0.9906,-0.1165,0,0.0375,0.1141,0.9928,0,-0.2741,16.32,4.1786,1]},
{"frame":26,"values":[0.9956,-0.0894,-0.0294,0,0.0854,0.9896,-0.116,0,0.0395,0.1129,0.9928,0,-0.2741,16.32,4.1786,1]},
{"frame":27,"values":[0.9942,-0.1036,-0.0299,0,0.0995,0.9882,-0.1167,0,0.0416,0.113,0.9927,0,-0.2741,16.32,4.1786,1]},
{"frame":28,"values":[0.9962,-0.0857,-0.0159,0,0.0833,0.9896,-0.1173,0,0.0258,0.1155,0.993,0,-0.2741,16.32,4.1786,1]},
{"frame":29,"values":[0.9977,-0.0678,-0.002,0,0.0671,0.9907,-0.1181,0,0.01,0.1177,0.993,0,-0.2741,16.32,4.1786,1]},
{"frame":30,"values":[0.9987,-0.0498,0.0119,0,0.0508,0.9921,-0.115,0,-0.0061,0.1154,0.9933,0,-0.2741,16.32,4.1786,1]},
{"frame":31,"values":[0.9992,-0.0317,0.0258,0,0.0344,0.9931,-0.112,0,-0.0221,0.1128,0.9934,0,-0.2741,16.32,4.1786,1]},
{"frame":32,"values":[0.9991,-0.0138,0.0398,0,0.018,0.9938,-0.1094,0,-0.0381,0.11,0.9932,0,-0.2741,16.32,4.1786,1]},
{"frame":33,"values":[0.9985,0.0042,0.0538,0,0.0016,0.9943,-0.1069,0,-0.054,0.1068,0.9928,0,-0.2741,16.32,4.1786,1]},
{"frame":34,"values":[0.9973,0.0182,0.071,0,-0.0101,0.9936,-0.1125,0,-0.0726,0.1115,0.9911,0,-0.2741,16.32,4.1786,1]}],"loopBehavior":1,"name":"anim","property":"_matrix"}},
{"name":"mixamorig:HeadTop_End","index":6,"matrix":[1,0,0,0,0,1,0,0,0,0,1,0,0.1302,35.7062,10.856,1],"rest":[1,0,0,0,0,1,0,0,0,0,1,0,0.1302,35.7062,10.856,1],"parentBoneIndex":5,"length":27.9803
,"animation":{"dataType":3,"framePerSecond":24,"keys":[
{"frame":1,"values":[1,0,0,0,0,1,0,0,0,0,1,0,0.1302,35.7062,10.856,1]},
{"frame":34,"values":[1,0,0,0,0,1,0,0,0,0,1,0,0.1302,35.7062,10.856,1]}],"loopBehavior":1,"name":"anim","property":"_matrix"}},
{"name":"mixamorig:RightEye","index":7,"matrix":[1,0,0,0,0,1,0,0,0,0,1,0,-6.1975,13.9717,17.3751,1],"rest":[1,0,0,0,0,1,0,0,0,0,1,0,-6.1975,13.9717,17.3751,1],"parentBoneIndex":5,"length":27.9803
,"animation":{"dataType":3,"framePerSecond":24,"keys":[
{"frame":1,"values":[1,0,0,0,0,1,0,0,0,0,1,0,-6.1975,13.9717,17.3751,1]},
{"frame":19,"values":[1,0,0,0,0,1,0,0,0,0,1,0,-6.1975,13.9718,17.3751,1]},
{"frame":20,"values":[1,0,0,0,0,1,0,0,0,0,1,0,-6.1975,13.9717,17.3751,1]},
{"frame":34,"values":[1,0,0,0,0,1,0,0,0,0,1,0,-6.1975,13.9717,17.3751,1]}],"loopBehavior":1,"name":"anim","property":"_matrix"}},
{"name":"mixamorig:LeftEye","index":8,"matrix":[1,0,0,0,0,1,0,0,0,0,1,0,6.6589,13.9331,17.6864,1],"rest":[1,0,0,0,0,1,0,0,0,0,1,0,6.6589,13.9331,17.6864,1],"parentBoneIndex":5,"length":27.9803
,"animation":{"dataType":3,"framePerSecond":24,"keys":[
{"frame":1,"values":[1,0,0,0,0,1,0,0,0,0,1,0,6.6589,13.9331,17.6864,1]},
{"frame":18,"values":[1,0,0,0,0,1,0,0,0,0,1,0,6.6589,13.9332,17.6864,1]},
{"frame":19,"values":[1,0,0,0,0,1,0,0,0,0,1,0,6.6589,13.9331,17.6864,1]},
{"frame":34,"values":[1,0,0,0,0,1,0,0,0,0,1,0,6.6589,13.9331,17.6864,1]}],"loopBehavior":1,"name":"anim","property":"_matrix"}},
{"name":"mixamorig:LeftShoulder","index":9,"matrix":[0.9781,-0.1894,0.0857,0,0.1855,0.9813,0.0521,0,-0.094,-0.035,0.995,0,9.4757,15.0679,1.1908,1],"rest":[0.9999,-0.0141,0,0,0.0141,0.9999,0,0,0,0,1,0,9.4757,15.0678,1.1908,1],"parentBoneIndex":3,"length":18.9287
,"animation":{"dataType":3,"framePerSecond":24,"keys":[
{"frame":1,"values":[0.9781,-0.1894,0.0857,0,0.1855,0.9813,0.0521,0,-0.094,-0.035,0.995,0,9.4757,15.0678,1.1908,1]},
{"frame":2,"values":[0.9787,-0.1874,0.0835,0,0.1836,0.9817,0.051,0,-0.0915,-0.0346,0.9952,0,9.4757,15.0678,1.1908,1]},
{"frame":3,"values":[0.9792,-0.1855,0.0825,0,0.1819,0.9821,0.0499,0,-0.0903,-0.0339,0.9953,0,9.4757,15.0678,1.1908,1]},
{"frame":4,"values":[0.9795,-0.1839,0.0821,0,0.1803,0.9824,0.0488,0,-0.0897,-0.033,0.9954,0,9.4757,15.0678,1.1908,1]},
{"frame":5,"values":[0.9798,-0.1825,0.0821,0,0.1789,0.9827,0.0486,0,-0.0896,-0.0329,0.9954,0,9.4757,15.0678,1.1908,1]},
{"frame":6,"values":[0.98,-0.1814,0.0822,0,0.1779,0.9829,0.0484,0,-0.0896,-0.0328,0.9954,0,9.4757,15.0678,1.1908,1]},
{"frame":7,"values":[0.98,-0.1809,0.0823,0,0.1774,0.983,0.0484,0,-0.0897,-0.0328,0.9954,0,9.4757,15.0678,1.1908,1]},
{"frame":8,"values":[0.98,-0.1811,0.0824,0,0.1776,0.9829,0.0483,0,-0.0898,-0.0327,0.9954,0,9.4757,15.0678,1.1908,1]},
{"frame":9,"values":[0.9795,-0.1837,0.0827,0,0.1802,0.9824,0.0484,0,-0.0901,-0.0325,0.9954,0,9.4757,15.0678,1.1908,1]},
{"frame":10,"values":[0.9789,-0.1863,0.0839,0,0.1827,0.9819,0.0493,0,-0.0916,-0.0329,0.9953,0,9.4757,15.0678,1.1908,1]},
{"frame":11,"values":[0.9783,-0.1889,0.0852,0,0.1852,0.9814,0.0502,0,-0.0931,-0.0333,0.9951,0,9.4757,15.0678,1.1908,1]},
{"frame":12,"values":[0.9777,-0.1915,0.0864,0,0.1876,0.9809,0.051,0,-0.0945,-0.0337,0.995,0,9.4757,15.0678,1.1908,1]},
{"frame":13,"values":[0.9766,-0.1963,0.0877,0,0.1923,0.98,0.0519,0,-0.0961,-0.0339,0.9948,0,9.4757,15.0678,1.1908,1]},
{"frame":14,"values":[0.9756,-0.201,0.0881,0,0.1968,0.9789,0.0543,0,-0.0971,-0.0356,0.9946,0,9.4757,15.0678,1.1908,1]},
{"frame":15,"values":[0.9746,-0.2057,0.0885,0,0.2013,0.9779,0.0566,0,-0.0982,-0.0374,0.9945,0,9.4757,15.0678,1.1908,1]},
{"frame":16,"values":[0.9736,-0.2101,0.0889,0,0.2054,0.9769,0.0596,0,-0.0994,-0.0397,0.9943,0,9.4757,15.0678,1.1908,1]},
{"frame":17,"values":[0.9726,-0.2145,0.0893,0,0.2094,0.9758,0.0625,0,-0.1006,-0.0421,0.994,0,9.4757,15.0678,1.1908,1]},
{"frame":18,"values":[0.9725,-0.2151,0.0898,0,0.2098,0.9756,0.0655,0,-0.1017,-0.0449,0.9938,0,9.4757,15.0678,1.1908,1]},
{"frame":19,"values":[0.9723,-0.2158,0.0902,0,0.2105,0.9755,0.0643,0,-0.1018,-0.0435,0.9938,0,9.4757,15.0678,1.1908,1]},
{"frame":20,"values":[0.9721,-0.2164,0.0906,0,0.2112,0.9754,0.0631,0,-0.102,-0.0422,0.9939,0,9.4757,15.0678,1.1908,1]},
{"frame":21,"values":[0.9719,-0.217,0.091,0,0.212,0.9753,0.0619,0,-0.1022,-0.0408,0.9939,0,9.4757,15.0678,1.1908,1]},
{"frame":22,"values":[0.9717,-0.2177,0.0914,0,0.2127,0.9752,0.0607,0,-0.1024,-0.0395,0.994,0,9.4757,15.0678,1.1908,1]},
{"frame":23,"values":[0.9715,-0.2183,0.0919,0,0.2135,0.9751,0.0595,0,-0.1026,-0.0382,0.994,0,9.4757,15.0678,1.1908,1]},
{"frame":24,"values":[0.9721,-0.2157,0.0923,0,0.211,0.9758,0.0583,0,-0.1026,-0.0372,0.994,0,9.4757,15.0678,1.1908,1]},
{"frame":25,"values":[0.9725,-0.213,0.0937,0,0.2082,0.9763,0.0589,0,-0.1041,-0.0378,0.9939,0,9.4757,15.0678,1.1908,1]},
{"frame":26,"values":[0.973,-0.2104,0.0951,0,0.2054,0.9769,0.0596,0,-0.1055,-0.0385,0.9937,0,9.4757,15.0678,1.1908,1]},
{"frame":27,"values":[0.9734,-0.2077,0.0966,0,0.2026,0.9774,0.0603,0,-0.1069,-0.0391,0.9935,0,9.4757,15.0678,1.1908,1]},
{"frame":28,"values":[0.9738,-0.2051,0.098,0,0.1998,0.9779,0.061,0,-0.1083,-0.0398,0.9933,0,9.4757,15.0678,1.1908,1]},
{"frame":29,"values":[0.9742,-0.2025,0.0994,0,0.1971,0.9785,0.0616,0,-0.1098,-0.0405,0.9931,0,9.4757,15.0678,1.1908,1]},
{"frame":30,"values":[0.9746,-0.1998,0.1008,0,0.1943,0.979,0.0623,0,-0.1112,-0.0411,0.9929,0,9.4757,15.0678,1.1908,1]},
{"frame":31,"values":[0.9756,-0.1973,0.0968,0,0.1922,0.9795,0.0597,0,-0.1066,-0.0396,0.9935,0,9.4757,15.0678,1.1908,1]},
{"frame":32,"values":[0.9765,-0.1945,0.0927,0,0.1898,0.9802,0.057,0,-0.102,-0.0381,0.9941,0,9.4757,15.0678,1.1908,1]},
{"frame":33,"values":[0.9774,-0.1917,0.0887,0,0.1874,0.9808,0.0544,0,-0.0974,-0.0366,0.9946,0,9.4757,15.0678,1.1908,1]},
{"frame":34,"values":[0.9781,-0.1894,0.0857,0,0.1855,0.9813,0.0521,0,-0.094,-0.035,0.995,0,9.4757,15.0679,1.1908,1]}],"loopBehavior":1,"name":"anim","property":"_matrix"}},
{"name":"mixamorig:LeftArm","index":10,"matrix":[0.3935,-0.8859,0.2456,0,0.9085,0.4156,0.0434,0,-0.1405,0.2061,0.9684,0,18.5298,-0.6786,-3.8053,1],"rest":[0.9993,0.0313,0.0186,0,-0.0313,0.9995,-0.0004,0,-0.0186,-0.0002,0.9998,0,18.5298,-0.6786,-3.8053,1],"parentBoneIndex":9,"length":53.4314
,"animation":{"dataType":3,"framePerSecond":24,"keys":[
{"frame":1,"values":[0.3935,-0.8859,0.2456,0,0.9085,0.4156,0.0434,0,-0.1405,0.2061,0.9684,0,18.5298,-0.6786,-3.8053,1]},
{"frame":2,"values":[0.4223,-0.8913,0.1653,0,0.9063,0.418,-0.0615,0,-0.0143,0.1758,0.9843,0,18.5298,-0.6786,-3.8053,1]},
{"frame":3,"values":[0.4396,-0.8949,0.0767,0,0.8893,0.4217,-0.1768,0,0.1258,0.1459,0.9813,0,18.5298,-0.6786,-3.8053,1]},
{"frame":4,"values":[0.4403,-0.8977,-0.014,0,0.86,0.4261,-0.2808,0,0.2581,0.1116,0.9597,0,18.5298,-0.6786,-3.8053,1]},
{"frame":5,"values":[0.4259,-0.8989,-0.1031,0,0.8249,0.4326,-0.3639,0,0.3717,0.07,0.9257,0,18.5298,-0.6786,-3.8053,1]},
{"frame":6,"values":[0.4019,-0.8966,-0.1861,0,0.7912,0.4423,-0.4223,0,0.4609,0.0225,0.8871,0,18.5298,-0.6786,-3.8053,1]},
{"frame":7,"values":[0.3792,-0.8886,-0.258,0,0.7601,0.4582,-0.4607,0,0.5276,-0.0214,0.8492,0,18.5298,-0.6786,-3.8053,1]},
{"frame":8,"values":[0.3571,-0.8802,-0.3126,0,0.7374,0.471,-0.4841,0,0.5734,-0.0576,0.8173,0,18.5298,-0.6786,-3.8053,1]},
{"frame":9,"values":[0.3551,-0.8794,-0.317,0,0.7394,0.4717,-0.4804,0,0.572,-0.0637,0.8177,0,18.5298,-0.6786,-3.8053,1]},
{"frame":10,"values":[0.3532,-0.8786,-0.3214,0,0.7413,0.4724,-0.4768,0,0.5707,-0.0698,0.8182,0,18.5298,-0.6786,-3.8053,1]},
{"frame":11,"values":[0.3513,-0.8778,-0.3257,0,0.7433,0.4731,-0.4731,0,0.5693,-0.0759,0.8186,0,18.5298,-0.6786,-3.8053,1]},
{"frame":12,"values":[0.3494,-0.8769,-0.3301,0,0.7452,0.4737,-0.4694,0,0.568,-0.082,0.819,0,18.5298,-0.6786,-3.8053,1]},
{"frame":13,"values":[0.3589,-0.9046,-0.2299,0,0.7662,0.4262,-0.4809,0,0.533,-0.0036,0.8461,0,18.5298,-0.6786,-3.8053,1]},
{"frame":14,"values":[0.3739,-0.9185,-0.1284,0,0.8005,0.3895,-0.4554,0,0.4683,0.0675,0.881,0,18.5298,-0.6786,-3.8053,1]},
{"frame":15,"values":[0.3814,-0.9241,-0.0239,0,0.8332,0.3548,-0.4242,0,0.4005,0.1419,0.9053,0,18.5298,-0.6786,-3.8053,1]},
{"frame":16,"values":[0.3809,-0.921,0.0816,0,0.8635,0.3228,-0.3875,0,0.3306,0.2181,0.9182,0,18.5298,-0.6786,-3.8053,1]},
{"frame":17,"values":[0.3724,-0.9092,0.1861,0,0.8909,0.294,-0.3462,0,0.26,0.2947,0.9195,0,18.5298,-0.6786,-3.8053,1]},
{"frame":18,"values":[0.356,-0.8891,0.2877,0,0.9149,0.269,-0.3009,0,0.1901,0.3704,0.9092,0,18.5298,-0.6786,-3.8053,1]},
{"frame":19,"values":[0.3325,-0.8611,0.3846,0,0.9352,0.2482,-0.2527,0,0.1222,0.4437,0.8878,0,18.5298,-0.6786,-3.8053,1]},
{"frame":20,"values":[0.3233,-0.8251,0.4633,0,0.9457,0.2647,-0.1887,0,0.033,0.4991,0.8659,0,18.5298,-0.6786,-3.8053,1]},
{"frame":21,"values":[0.3065,-0.7848,0.5387,0,0.9503,0.2853,-0.1249,0,-0.0557,0.5502,0.8332,0,18.5298,-0.6786,-3.8053,1]},
{"frame":22,"values":[0.2821,-0.7408,0.6097,0,0.9487,0.3098,-0.0625,0,-0.1426,0.5961,0.7902,0,18.5298,-0.6786,-3.8053,1]},
{"frame":23,"values":[0.2824,-0.7518,0.5959,0,0.9407,0.3387,-0.0184,0,-0.188,0.5657,0.8029,0,18.5298,-0.6785,-3.8053,1]},
{"frame":24,"values":[0.2835,-0.7624,0.5817,0,0.9302,0.366,0.0264,0,-0.233,0.5336,0.813,0,18.5298,-0.6786,-3.8053,1]},
{"frame":25,"values":[0.2854,-0.7725,0.5672,0,0.9173,0.3916,0.0717,0,-0.2775,0.4999,0.8204,0,18.5298,-0.6786,-3.8053,1]},
{"frame":26,"values":[0.2882,-0.7821,0.5525,0,0.9021,0.4153,0.1173,0,-0.3212,0.4646,0.8252,0,18.5298,-0.6786,-3.8053,1]},
{"frame":27,"values":[0.2917,-0.7911,0.5377,0,0.8846,0.437,0.163,0,-0.3639,0.4281,0.8273,0,18.5298,-0.6786,-3.8053,1]},
{"frame":28,"values":[0.296,-0.7995,0.5227,0,0.8649,0.4566,0.2085,0,-0.4054,0.3904,0.8266,0,18.5298,-0.6786,-3.8053,1]},
{"frame":29,"values":[0.3104,-0.8184,0.4837,0,0.8731,0.4467,0.1955,0,-0.3761,0.3616,0.8531,0,18.5298,-0.6786,-3.8053,1]},
{"frame":30,"values":[0.3234,-0.8359,0.4434,0,0.8807,0.4373,0.1819,0,-0.3459,0.3317,0.8777,0,18.5298,-0.6786,-3.8053,1]},
{"frame":31,"values":[0.335,-0.8521,0.4022,0,0.8879,0.4283,0.1677,0,-0.3151,0.3009,0.9001,0,18.5298,-0.6786,-3.8053,1]},
{"frame":32,"values":[0.3452,-0.8667,0.36,0,0.8946,0.4198,0.1529,0,-0.2837,0.2693,0.9203,0,18.5298,-0.6786,-3.8053,1]},
{"frame":33,"values":[0.3539,-0.8799,0.3171,0,0.9008,0.4119,0.1377,0,-0.2518,0.2369,0.9383,0,18.5298,-0.6786,-3.8053,1]},
{"frame":34,"values":[0.3935,-0.8859,0.2456,0,0.9085,0.4156,0.0434,0,-0.1405,0.2061,0.9684,0,18.5298,-0.6786,-3.8053,1]}],"loopBehavior":1,"name":"anim","property":"_matrix"}},
{"name":"mixamorig:LeftForeArm","index":11,"matrix":[0.9481,0.0147,0.3177,0,-0.0121,0.9999,-0.0102,0,-0.3178,0.0058,0.9481,0,53.4141,-0.9224,-0.9963,1],"rest":[0.9964,0.0138,-0.0836,0,-0.0137,0.9999,0.0023,0,0.0836,-0.0011,0.9965,0,53.4141,-0.9224,-0.9963,1],"parentBoneIndex":10,"length":44.0301
,"animation":{"dataType":3,"framePerSecond":24,"keys":[
{"frame":1,"values":[0.9481,0.0147,0.3177,0,-0.0121,0.9999,-0.0102,0,-0.3178,0.0058,0.9481,0,53.4141,-0.9224,-0.9963,1]},
{"frame":2,"values":[0.9745,0.0142,0.2237,0,-0.0129,0.9999,-0.0073,0,-0.2238,0.0042,0.9746,0,53.4141,-0.9224,-0.9963,1]},
{"frame":3,"values":[0.9868,0.014,0.1615,0,-0.0133,0.9999,-0.0053,0,-0.1616,0.0031,0.9869,0,53.4141,-0.9224,-0.9963,1]},
{"frame":4,"values":[0.9933,0.0139,0.1149,0,-0.0135,0.9999,-0.0039,0,-0.115,0.0023,0.9934,0,53.4141,-0.9224,-0.9963,1]},
{"frame":5,"values":[0.9963,0.0138,0.0852,0,-0.0136,0.9999,-0.003,0,-0.0852,0.0018,0.9964,0,53.4141,-0.9224,-0.9963,1]},
{"frame":6,"values":[0.9974,0.0138,0.0714,0,-0.0137,0.9999,-0.0025,0,-0.0714,0.0016,0.9974,0,53.4141,-0.9224,-0.9963,1]},
{"frame":7,"values":[0.9973,0.0138,0.0717,0,-0.0137,0.9999,-0.0025,0,-0.0717,0.0015,0.9974,0,53.4141,-0.9224,-0.9963,1]},
{"frame":8,"values":[0.9973,0.0138,0.072,0,-0.0137,0.9999,-0.0025,0,-0.072,0.0015,0.9974,0,53.4141,-0.9224,-0.9963,1]},
{"frame":9,"values":[0.9973,0.0138,0.0723,0,-0.0137,0.9999,-0.0024,0,-0.0723,0.0014,0.9974,0,53.4141,-0.9224,-0.9963,1]},
{"frame":10,"values":[0.9929,0.0138,0.1181,0,-0.0136,0.9999,-0.0024,0,-0.1181,0.0008,0.993,0,53.4141,-0.9224,-0.9963,1]},
{"frame":11,"values":[0.9864,0.0137,0.1638,0,-0.0135,0.9999,-0.0023,0,-0.1638,0.0001,0.9865,0,53.4141,-0.9224,-0.9963,1]},
{"frame":12,"values":[0.9778,0.0135,0.2093,0,-0.0134,0.9999,-0.0023,0,-0.2093,-0.0006,0.9779,0,53.4141,-0.9224,-0.9963,1]},
