{"producer":{"name":"Blender","version":"2.79 (sub 0)","exporter_version":"5.6.4","file":"limpwalkback.babylon"},
"autoClear":true,"clearColor":[0.0509,0.0509,0.0509],"ambientColor":[0,0,0],"gravity":[0,-9.81,0],
"materials":[{"name":"limpwalkback.Material","id":"limpwalkback.Material","ambient":[0,0,0],"diffuse":[0,0,0],"specular":[0,0,0],"emissive":[0,0,0],"specularPower":50,"alpha":0.001,"backFaceCulling":true,"checkReadyOnlyOnce":false,"maxSimultaneousLights":4}],
"multiMaterials":[],
"skeletons":[{"name":"Armature","id":0,"dimensionsAtRest":[379.1952,391.6652,55.677],"bones":[
{"name":"mixamorig:Hips","index":0,"matrix":[0.953,0.0211,-0.3021,0,-0.071,0.9853,-0.1553,0,-0.2944,-0.1695,-0.9405,0,-0.4378,173.922,-1.3116,1],"rest":[1,0,0,0,0,1,0,0,0,0,-1,0,0,201.6394,0,1],"parentBoneIndex":-1,"length":21.6784
,"animation":{"dataType":3,"framePerSecond":24,"keys":[
{"frame":1,"values":[0.953,0.0211,-0.3021,0,-0.071,0.9853,-0.1553,0,-0.2944,-0.1695,-0.9405,0,-0.4378,173.9221,-1.3116,1]},
{"frame":2,"values":[0.9502,0.0106,-0.3113,0,-0.0673,0.9828,-0.1719,0,-0.3042,-0.1843,-0.9346,0,-0.7706,176.8575,-2.4217,1]},
{"frame":3,"values":[0.944,-0.0031,-0.33,0,-0.0636,0.9795,-0.1912,0,-0.3238,-0.2015,-0.9244,0,-0.8325,180.2286,-2.8876,1]},
{"frame":4,"values":[0.935,-0.0212,-0.3539,0,-0.0599,0.9744,-0.2166,0,-0.3494,-0.2237,-0.9099,0,-0.1865,183.961,-3.476,1]},
{"frame":5,"values":[0.9255,-0.0409,-0.3766,0,-0.0551,0.9691,-0.2406,0,-0.3748,-0.2434,-0.8946,0,0.7029,186.1081,-4.066,1]},
{"frame":6,"values":[0.9183,-0.0543,-0.3922,0,-0.0479,0.968,-0.2462,0,-0.393,-0.2449,-0.8863,0,1.8226,186.273,-3.8441,1]},
{"frame":7,"values":[0.915,-0.0621,-0.3986,0,-0.0298,0.975,-0.2203,0,-0.4023,-0.2135,-0.8903,0,2.9729,184.7992,-3.9996,1]},
{"frame":8,"values":[0.9227,-0.0591,-0.3809,0,-0.0164,0.9813,-0.192,0,-0.3851,-0.1834,-0.9045,0,3.181,182.2242,-4.5529,1]},
{"frame":9,"values":[0.9346,-0.0501,-0.3521,0,-0.021,0.9805,-0.1952,0,-0.3551,-0.1898,-0.9154,0,2.8068,180.157,-4.81,1]},
{"frame":10,"values":[0.941,-0.0406,-0.3361,0,-0.0355,0.9755,-0.2171,0,-0.3366,-0.2162,-0.9165,0,1.9475,178.0899,-3.0614,1]},
{"frame":11,"values":[0.9353,-0.0306,-0.3526,0,-0.0609,0.9675,-0.2455,0,-0.3486,-0.2511,-0.903,0,1.1535,176.0228,-0.8457,1]},
{"frame":12,"values":[0.9292,-0.0207,-0.369,0,-0.0812,0.9626,-0.2583,0,-0.3606,-0.27,-0.8928,0,1.0335,173.9557,1.3783,1]},
{"frame":13,"values":[0.9227,-0.0111,-0.3854,0,-0.0891,0.9664,-0.2413,0,-0.3751,-0.257,-0.8906,0,1.9994,171.8885,2.2726,1]},
{"frame":14,"values":[0.9158,-0.0013,-0.4016,0,-0.0968,0.9698,-0.224,0,-0.3897,-0.244,-0.888,0,2.9653,169.8214,3.1669,1]},
{"frame":15,"values":[0.9086,0.0082,-0.4176,0,-0.1039,0.9728,-0.207,0,-0.4046,-0.2314,-0.8847,0,3.9313,167.7543,2.918,1]},
{"frame":16,"values":[0.901,0.0175,-0.4336,0,-0.1104,0.9755,-0.1901,0,-0.4196,-0.2191,-0.8808,0,3.0496,165.6871,3.3074,1]},
{"frame":17,"values":[0.8929,0.0266,-0.4494,0,-0.1164,0.978,-0.1733,0,-0.4349,-0.2071,-0.8764,0,2.1679,169.2258,3.6968,1]},
{"frame":18,"values":[0.9024,0.0366,-0.4294,0,-0.1157,0.9804,-0.1597,0,-0.4151,-0.1938,-0.8889,0,1.2863,172.7645,4.0862,1]},
{"frame":19,"values":[0.9113,0.0462,-0.4091,0,-0.1154,0.9825,-0.146,0,-0.3952,-0.1802,-0.9007,0,0.4046,176.3032,4.4756,1]},
{"frame":20,"values":[0.9211,0.0244,-0.3886,0,-0.0818,0.9879,-0.1317,0,-0.3807,-0.1531,-0.9119,0,-0.4771,179.8419,4.865,1]},
{"frame":21,"values":[0.9126,0.0022,-0.4087,0,-0.0776,0.9827,-0.1679,0,-0.4013,-0.185,-0.8971,0,-1.3587,183.3806,5.2544,1]},
{"frame":22,"values":[0.9032,-0.0196,-0.4287,0,-0.0752,0.9763,-0.2031,0,-0.4225,-0.2157,-0.8803,0,-0.8968,186.9193,5.6438,1]},
{"frame":23,"values":[0.8927,-0.0404,-0.4488,0,-0.0751,0.9687,-0.2365,0,-0.4443,-0.2449,-0.8618,0,-0.435,190.458,4.6021,1]},
{"frame":24,"values":[0.8816,-0.0618,-0.4679,0,-0.0759,0.96,-0.2696,0,-0.4658,-0.2732,-0.8416,0,0.0269,193.9967,3.5605,1]},
{"frame":25,"values":[0.8849,-0.0835,-0.4581,0,-0.0375,0.9678,-0.2489,0,-0.4642,-0.2374,-0.8533,0,0.4888,191.1907,2.5189,1]},
{"frame":26,"values":[0.8908,-0.074,-0.4483,0,-0.0338,0.9732,-0.2276,0,-0.4531,-0.2179,-0.8644,0,0.9507,188.3847,1.4772,1]},
{"frame":27,"values":[0.8964,-0.0643,-0.4385,0,-0.0306,0.9781,-0.206,0,-0.4421,-0.198,-0.8748,0,0.0627,185.5787,0.4356,1]},
{"frame":28,"values":[0.9019,-0.0545,-0.4286,0,-0.028,0.9826,-0.1839,0,-0.4311,-0.1778,-0.8846,0,-0.8254,182.7727,1.4504,1]},
{"frame":29,"values":[0.9071,-0.0446,-0.4186,0,-0.038,0.9816,-0.1871,0,-0.4193,-0.1856,-0.8887,0,-1.7135,179.9667,2.4652,1]},
{"frame":30,"values":[0.9121,-0.0346,-0.4086,0,-0.0436,0.9826,-0.1805,0,-0.4077,-0.1824,-0.8947,0,-2.6015,177.1607,3.4801,1]},
{"frame":31,"values":[0.9168,-0.0244,-0.3986,0,-0.0493,0.9836,-0.1738,0,-0.3963,-0.179,-0.9005,0,-2.2982,174.3548,4.4949,1]},
{"frame":32,"values":[0.9214,-0.0143,-0.3884,0,-0.0551,0.9844,-0.167,0,-0.3848,-0.1753,-0.9062,0,-1.9948,171.5488,5.5098,1]},
{"frame":33,"values":[0.9257,-0.0039,-0.3783,0,-0.0613,0.9852,-0.1601,0,-0.3733,-0.1713,-0.9117,0,-1.6915,168.7428,4.7006,1]},
{"frame":34,"values":[0.9298,0.0064,-0.3681,0,-0.0675,0.9859,-0.1532,0,-0.3619,-0.1672,-0.9171,0,-1.3881,165.9368,3.8914,1]},
{"frame":35,"values":[0.9336,0.0171,-0.3579,0,-0.074,0.9865,-0.1459,0,-0.3506,-0.1627,-0.9223,0,-1.0848,166.9645,3.0822,1]},
{"frame":36,"values":[0.9372,0.0277,-0.3476,0,-0.0806,0.987,-0.1387,0,-0.3393,-0.158,-0.9273,0,-0.7814,167.9923,2.273,1]},
{"frame":37,"values":[0.9407,0.0382,-0.3372,0,-0.0873,0.9875,-0.1316,0,-0.3279,-0.1532,-0.9322,0,-0.4781,169.0201,1.4639,1]},
{"frame":38,"values":[0.9445,0.0345,-0.3268,0,-0.0791,0.9891,-0.1242,0,-0.319,-0.1432,-0.9369,0,-0.1747,170.0478,0.6547,1]},
{"frame":39,"values":[0.9481,0.0307,-0.3164,0,-0.0766,0.988,-0.1338,0,-0.3085,-0.1511,-0.9391,0,-0.227,171.0756,-0.1545,1]},
{"frame":40,"values":[0.9517,0.027,-0.306,0,-0.074,0.9869,-0.1433,0,-0.2981,-0.159,-0.9412,0,-0.2793,172.1033,-0.9637,1]},
{"frame":41,"values":[0.953,0.0211,-0.3021,0,-0.071,0.9853,-0.1553,0,-0.2944,-0.1695,-0.9405,0,-0.4378,173.922,-1.3116,1]}],"loopBehavior":1,"name":"anim","property":"_matrix"}},
{"name":"mixamorig:Spine","index":1,"matrix":[0.9935,0.1116,-0.0245,0,-0.104,0.9721,0.2102,0,0.0473,-0.2063,0.9774,0,0.0062,19.525,-2.4818,1],"rest":[1,0,0,0,0,1,0,0,0,0,1,0,0.0062,19.525,-2.4818,1],"parentBoneIndex":0,"length":23.0091
,"animation":{"dataType":3,"framePerSecond":24,"keys":[
{"frame":1,"values":[0.9935,0.1116,-0.0245,0,-0.104,0.9721,0.2102,0,0.0473,-0.2063,0.9774,0,0.0062,19.525,-2.4818,1]},
{"frame":2,"values":[0.9971,0.0745,-0.0135,0,-0.0704,0.9778,0.1975,0,0.0279,-0.196,0.9802,0,0.0062,19.525,-2.4818,1]},
{"frame":3,"values":[0.9992,0.0383,0.0132,0,-0.04,0.9843,0.1721,0,-0.0064,-0.1725,0.985,0,0.0062,19.525,-2.4818,1]},
{"frame":4,"values":[0.9996,0.0191,0.0226,0,-0.0222,0.9889,0.1471,0,-0.0196,-0.1475,0.9889,0,0.0062,19.525,-2.4818,1]},
{"frame":5,"values":[0.9996,0.0274,0.0094,0,-0.0283,0.9919,0.1239,0,-0.0059,-0.1241,0.9922,0,0.0062,19.525,-2.4818,1]},
{"frame":6,"values":[0.9993,0.0379,-0.0055,0,-0.037,0.9923,0.1184,0,0.0099,-0.1181,0.993,0,0.0062,19.525,-2.4818,1]},
{"frame":7,"values":[0.9981,0.0544,-0.0273,0,-0.0508,0.9914,0.1202,0,0.0337,-0.1186,0.9924,0,0.0062,19.525,-2.4818,1]},
{"frame":8,"values":[0.997,0.0673,-0.038,0,-0.0618,0.9895,0.1305,0,0.0464,-0.1278,0.9907,0,0.0062,19.525,-2.4818,1]},
{"frame":9,"values":[0.9966,0.073,-0.0383,0,-0.0669,0.9878,0.1408,0,0.0481,-0.1378,0.9893,0,0.0062,19.525,-2.4818,1]},
{"frame":10,"values":[0.9959,0.0796,-0.0432,0,-0.0723,0.9859,0.1511,0,0.0546,-0.1473,0.9876,0,0.0062,19.525,-2.4818,1]},
{"frame":11,"values":[0.9949,0.0862,-0.0532,0,-0.0767,0.9839,0.1613,0,0.0663,-0.1563,0.9855,0,0.0062,19.525,-2.4818,1]},
{"frame":12,"values":[0.9938,0.0927,-0.0616,0,-0.081,0.9819,0.1713,0,0.0763,-0.1653,0.9833,0,0.0062,19.525,-2.4818,1]},
{"frame":13,"values":[0.9926,0.0992,-0.0698,0,-0.0852,0.9797,0.1814,0,0.0864,-0.1741,0.9809,0,0.0062,19.525,-2.4818,1]},
{"frame":14,"values":[0.9913,0.1058,-0.078,0,-0.0893,0.9774,0.1915,0,0.0965,-0.1829,0.9784,0,0.0062,19.525,-2.4818,1]},
{"frame":15,"values":[0.9899,0.1125,-0.0861,0,-0.0933,0.975,0.2017,0,0.1067,-0.1916,0.9757,0,0.0062,19.525,-2.4818,1]},
{"frame":16,"values":[0.9916,0.1033,-0.0783,0,-0.0847,0.9736,0.2119,0,0.0981,-0.2035,0.9741,0,0.0062,19.525,-2.4818,1]},
{"frame":17,"values":[0.9931,0.0939,-0.0706,0,-0.0762,0.972,0.2222,0,0.0895,-0.2153,0.9724,0,0.0062,19.525,-2.4818,1]},
{"frame":18,"values":[0.9944,0.0845,-0.0629,0,-0.0693,0.9745,0.2132,0,0.0794,-0.2077,0.975,0,0.0062,19.525,-2.4818,1]},
{"frame":19,"values":[0.9956,0.0751,-0.0552,0,-0.0623,0.9769,0.2042,0,0.0693,-0.1999,0.9774,0,0.0062,19.525,-2.4818,1]},
{"frame":20,"values":[0.9967,0.0657,-0.0474,0,-0.0552,0.9792,0.1953,0,0.0593,-0.1921,0.9796,0,0.0062,19.525,-2.4818,1]},
{"frame":21,"values":[0.9976,0.0564,-0.0395,0,-0.0481,0.9813,0.1865,0,0.0493,-0.1841,0.9817,0,0.0062,19.525,-2.4818,1]},
{"frame":22,"values":[0.9984,0.0471,-0.0316,0,-0.0408,0.9833,0.1776,0,0.0394,-0.176,0.9836,0,0.0062,19.525,-2.4818,1]},
{"frame":23,"values":[0.9987,0.0377,-0.0338,0,-0.0315,0.9852,0.1686,0,0.0397,-0.1673,0.9851,0,0.0062,19.525,-2.4818,1]},
{"frame":24,"values":[0.9984,0.0474,-0.0322,0,-0.0417,0.9863,0.1595,0,0.0393,-0.1579,0.9867,0,0.0062,19.525,-2.4818,1]},
{"frame":25,"values":[0.9979,0.0572,-0.0306,0,-0.0519,0.9873,0.1504,0,0.0389,-0.1485,0.9881,0,0.0062,19.525,-2.4818,1]},
{"frame":26,"values":[0.9973,0.0669,-0.0292,0,-0.0622,0.988,0.1413,0,0.0383,-0.1391,0.9895,0,0.0062,19.525,-2.4818,1]},
{"frame":27,"values":[0.9966,0.0766,-0.0307,0,-0.0719,0.9886,0.1322,0,0.0405,-0.1295,0.9907,0,0.0062,19.525,-2.4818,1]},
{"frame":28,"values":[0.9957,0.0863,-0.0324,0,-0.0817,0.989,0.1231,0,0.0427,-0.1199,0.9919,0,0.0062,19.525,-2.4818,1]},
{"frame":29,"values":[0.9964,0.0781,-0.034,0,-0.0738,0.9907,0.114,0,0.0426,-0.111,0.9929,0,0.0062,19.525,-2.4818,1]},
{"frame":30,"values":[0.9972,0.07,-0.027,0,-0.0662,0.9903,0.1225,0,0.0354,-0.1204,0.9921,0,0.0062,19.525,-2.4818,1]},
{"frame":31,"values":[0.9979,0.0619,-0.0201,0,-0.0588,0.9896,0.1311,0,0.028,-0.1296,0.9912,0,0.0062,19.525,-2.4818,1]},
{"frame":32,"values":[0.9985,0.0537,-0.0133,0,-0.0513,0.9889,0.1397,0,0.0206,-0.1388,0.9901,0,0.0062,19.525,-2.4818,1]},
{"frame":33,"values":[0.9989,0.0454,-0.0065,0,-0.044,0.988,0.1483,0,0.0132,-0.1479,0.9889,0,0.0062,19.525,-2.4818,1]},
{"frame":34,"values":[0.9993,0.0371,0.0002,0,-0.0367,0.9869,0.157,0,0.0057,-0.1569,0.9876,0,0.0062,19.525,-2.4818,1]},
{"frame":35,"values":[0.9996,0.0287,0.0068,0,-0.0295,0.9857,0.1658,0,-0.0019,-0.1659,0.9861,0,0.0062,19.525,-2.4818,1]},
{"frame":36,"values":[0.999,0.0437,0.0008,0,-0.0432,0.9838,0.1742,0,0.0068,-0.174,0.9847,0,0.0062,19.525,-2.4818,1]},
{"frame":37,"values":[0.9983,0.0587,-0.005,0,-0.0568,0.9815,0.1827,0,0.0156,-0.1821,0.9832,0,0.0062,19.525,-2.4818,1]},
{"frame":38,"values":[0.9972,0.0737,-0.0107,0,-0.0703,0.979,0.1912,0,0.0245,-0.1899,0.9815,0,0.0062,19.525,-2.4818,1]},
{"frame":39,"values":[0.9959,0.0888,-0.0162,0,-0.0838,0.9762,0.1998,0,0.0336,-0.1976,0.9797,0,0.0062,19.525,-2.4818,1]},
{"frame":40,"values":[0.9944,0.1039,-0.0216,0,-0.0971,0.9732,0.2085,0,0.0427,-0.2052,0.9778,0,0.0062,19.525,-2.4818,1]},
{"frame":41,"values":[0.9935,0.1116,-0.0245,0,-0.104,0.9721,0.2102,0,0.0473,-0.2063,0.9774,0,0.0062,19.525,-2.4818,1]}],"loopBehavior":1,"name":"anim","property":"_matrix"}},
{"name":"mixamorig:Spine1","index":2,"matrix":[0.9984,0.01,-0.0565,0,-0.0006,0.9863,0.1652,0,0.0574,-0.1649,0.9846,0,-0.0009,22.835,-2.8254,1],"rest":[1,0,0,0,0,1,0,0,0,0,1,0,-0.0009,22.835,-2.8254,1],"parentBoneIndex":1,"length":26.7438
,"animation":{"dataType":3,"framePerSecond":24,"keys":[
{"frame":1,"values":[0.9984,0.01,-0.0565,0,-0.0006,0.9863,0.1652,0,0.0574,-0.1649,0.9846,0,-0.0009,22.835,-2.8254,1]},
{"frame":2,"values":[0.9982,0.001,-0.0605,0,0.0078,0.9895,0.1442,0,0.06,-0.1444,0.9877,0,-0.0009,22.835,-2.8254,1]},
{"frame":3,"values":[0.9977,-0.0074,-0.067,0,0.0151,0.9932,0.1152,0,0.0657,-0.1159,0.9911,0,-0.0009,22.835,-2.8254,1]},
{"frame":4,"values":[0.9976,-0.0053,-0.0687,0,0.0123,0.9947,0.1018,0,0.0677,-0.1024,0.9924,0,-0.0009,22.835,-2.8254,1]},
{"frame":5,"values":[0.9979,-0.0001,-0.0652,0,0.0063,0.9955,0.0947,0,0.0649,-0.0949,0.9934,0,-0.0009,22.835,-2.8254,1]},
{"frame":6,"values":[0.9981,0.0015,-0.0609,0,0.0043,0.9955,0.0942,0,0.0608,-0.0943,0.9937,0,-0.0009,22.835,-2.8254,1]},
{"frame":7,"values":[0.9985,0.0091,-0.0545,0,-0.0035,0.9948,0.1016,0,0.0551,-0.1012,0.9933,0,-0.0009,22.835,-2.8254,1]},
{"frame":8,"values":[0.999,0.0167,-0.0417,0,-0.012,0.9939,0.1093,0,0.0433,-0.1087,0.9931,0,-0.0009,22.835,-2.8254,1]},
{"frame":9,"values":[0.9991,0.0278,-0.0307,0,-0.0242,0.9936,0.1104,0,0.0336,-0.1096,0.9934,0,-0.0009,22.835,-2.8254,1]},
{"frame":10,"values":[0.999,0.0375,-0.0242,0,-0.0346,0.9934,0.109,0,0.0281,-0.1081,0.9937,0,-0.0009,22.835,-2.8254,1]},
{"frame":11,"values":[0.999,0.0377,-0.0239,0,-0.0349,0.9936,0.1076,0,0.0278,-0.1067,0.9939,0,-0.0009,22.835,-2.8254,1]},
{"frame":12,"values":[0.999,0.0357,-0.0268,0,-0.0323,0.9928,0.1149,0,0.0307,-0.114,0.993,0,-0.0009,22.835,-2.8254,1]},
{"frame":13,"values":[0.9987,0.0412,-0.0298,0,-0.0372,0.9918,0.1222,0,0.0346,-0.121,0.9921,0,-0.0009,22.835,-2.8254,1]},
{"frame":14,"values":[0.9984,0.0467,-0.0327,0,-0.0421,0.9907,0.1295,0,0.0385,-0.1279,0.991,0,-0.0009,22.835,-2.8254,1]},
{"frame":15,"values":[0.9981,0.0522,-0.0316,0,-0.0474,0.9895,0.1368,0,0.0384,-0.1351,0.9901,0,-0.0009,22.835,-2.8254,1]},
{"frame":16,"values":[0.9984,0.0449,-0.0342,0,-0.0395,0.9888,0.1441,0,0.0403,-0.1425,0.989,0,-0.0009,22.835,-2.8254,1]},
{"frame":17,"values":[0.999,0.0376,-0.026,0,-0.0332,0.9879,0.1514,0,0.0314,-0.1503,0.9881,0,-0.0009,22.835,-2.8254,1]},
{"frame":18,"values":[0.9994,0.0302,-0.0178,0,-0.027,0.987,0.1587,0,0.0224,-0.1581,0.9872,0,-0.0009,22.835,-2.8254,1]},
{"frame":19,"values":[0.9997,0.0228,-0.0097,0,-0.0211,0.9881,0.1524,0,0.013,-0.1522,0.9883,0,-0.0009,22.835,-2.8254,1]},
{"frame":20,"values":[0.9999,0.0155,-0.0015,0,-0.0151,0.9891,0.1462,0,0.0037,-0.1461,0.9893,0,-0.0009,22.835,-2.8254,1]},
{"frame":21,"values":[0.9999,0.0081,0.0068,0,-0.009,0.9901,0.14,0,-0.0056,-0.14,0.9901,0,-0.0009,22.835,-2.8254,1]},
{"frame":22,"values":[0.9999,0.0009,0.0151,0,-0.0029,0.991,0.1338,0,-0.0148,-0.1338,0.9909,0,-0.0009,22.835,-2.8254,1]},
{"frame":23,"values":[0.9999,0.006,0.0113,0,-0.0074,0.9918,0.1275,0,-0.0105,-0.1276,0.9918,0,-0.0009,22.835,-2.8254,1]},
{"frame":24,"values":[0.9999,0.0112,0.0076,0,-0.012,0.9925,0.1213,0,-0.0062,-0.1213,0.9926,0,-0.0009,22.835,-2.8254,1]},
{"frame":25,"values":[0.9999,0.0163,0.0038,0,-0.0166,0.9932,0.115,0,-0.0019,-0.115,0.9934,0,-0.0009,22.835,-2.8254,1]},
{"frame":26,"values":[0.9998,0.0214,0,0,-0.0213,0.9938,0.1087,0,0.0023,-0.1087,0.9941,0,-0.0009,22.835,-2.8254,1]},
{"frame":27,"values":[0.9996,0.0264,-0.0039,0,-0.0259,0.9944,0.1025,0,0.0066,-0.1024,0.9947,0,-0.0009,22.835,-2.8254,1]},
{"frame":28,"values":[0.9995,0.0315,-0.0077,0,-0.0306,0.9949,0.0963,0,0.0107,-0.096,0.9953,0,-0.0009,22.835,-2.8254,1]},
{"frame":29,"values":[0.9993,0.0365,-0.0117,0,-0.0353,0.9953,0.0901,0,0.0149,-0.0896,0.9959,0,-0.0009,22.835,-2.8254,1]},
{"frame":30,"values":[0.999,0.0415,-0.0156,0,-0.0398,0.9945,0.0967,0,0.0195,-0.096,0.9952,0,-0.0009,22.835,-2.8254,1]},
{"frame":31,"values":[0.9987,0.0466,-0.0194,0,-0.0443,0.9937,0.1034,0,0.0241,-0.1024,0.9944,0,-0.0009,22.835,-2.8254,1]},
{"frame":32,"values":[0.9984,0.0516,-0.0233,0,-0.0488,0.9927,0.1101,0,0.0288,-0.1088,0.9936,0,-0.0009,22.835,-2.8254,1]},
{"frame":33,"values":[0.998,0.0567,-0.0271,0,-0.0532,0.9917,0.1168,0,0.0335,-0.1151,0.9928,0,-0.0009,22.835,-2.8254,1]},
{"frame":34,"values":[0.9976,0.0618,-0.0308,0,-0.0576,0.9907,0.1235,0,0.0382,-0.1214,0.9919,0,-0.0009,22.835,-2.8254,1]},
{"frame":35,"values":[0.9972,0.067,-0.0346,0,-0.0619,0.9895,0.1302,0,0.0429,-0.1277,0.9909,0,-0.0009,22.835,-2.8254,1]},
{"frame":36,"values":[0.9977,0.0566,-0.0382,0,-0.0509,0.9893,0.1369,0,0.0456,-0.1347,0.9898,0,-0.0009,22.835,-2.8254,1]},
{"frame":37,"values":[0.998,0.0462,-0.042,0,-0.0398,0.9888,0.1436,0,0.0481,-0.1417,0.9887,0,-0.0009,22.835,-2.8254,1]},
{"frame":38,"values":[0.9983,0.0359,-0.0458,0,-0.0286,0.9882,0.1503,0,0.0506,-0.1487,0.9876,0,-0.0009,22.835,-2.8254,1]},
{"frame":39,"values":[0.9984,0.0256,-0.0497,0,-0.0175,0.9875,0.1569,0,0.0531,-0.1557,0.9864,0,-0.0009,22.835,-2.8254,1]},
{"frame":40,"values":[0.9984,0.0153,-0.0536,0,-0.0063,0.9865,0.1634,0,0.0554,-0.1628,0.9851,0,-0.0009,22.835,-2.8254,1]},
{"frame":41,"values":[0.9984,0.01,-0.0565,0,-0.0006,0.9863,0.1652,0,0.0574,-0.1649,0.9846,0,-0.0009,22.835,-2.8254,1]}],"loopBehavior":1,"name":"anim","property":"_matrix"}},
{"name":"mixamorig:Spine2","index":3,"matrix":[0.9986,0.0006,-0.0537,0,0.0083,0.9861,0.1662,0,0.053,-0.1664,0.9846,0,-0.0206,26.5525,-3.1933,1],"rest":[1,0,0,0,0,1,0,0,0,0,1,0,-0.0206,26.5525,-3.1933,1],"parentBoneIndex":2,"length":24.825
,"animation":{"dataType":3,"framePerSecond":24,"keys":[
{"frame":1,"values":[0.9986,0.0006,-0.0537,0,0.0083,0.9861,0.1662,0,0.053,-0.1664,0.9846,0,-0.0206,26.5525,-3.1933,1]},
{"frame":2,"values":[0.9983,-0.0101,-0.057,0,0.0182,0.9893,0.1444,0,0.0549,-0.1452,0.9879,0,-0.0206,26.5525,-3.1933,1]},
{"frame":3,"values":[0.9977,-0.019,-0.0644,0,0.0263,0.9931,0.1141,0,0.0618,-0.1156,0.9914,0,-0.0206,26.5525,-3.1933,1]},
{"frame":4,"values":[0.9975,-0.0173,-0.0684,0,0.0242,0.9946,0.1009,0,0.0662,-0.1023,0.9925,0,-0.0206,26.5525,-3.1933,1]},
{"frame":5,"values":[0.9978,-0.0126,-0.0644,0,0.0187,0.9954,0.0943,0,0.0629,-0.0953,0.9935,0,-0.0206,26.5525,-3.1933,1]},
{"frame":6,"values":[0.9982,-0.0059,-0.0595,0,0.0115,0.9955,0.0943,0,0.0587,-0.0948,0.9938,0,-0.0206,26.5525,-3.1933,1]},
{"frame":7,"values":[0.9986,0.0021,-0.0533,0,0.0034,0.9948,0.1021,0,0.0532,-0.1021,0.9933,0,-0.0206,26.5525,-3.1933,1]},
{"frame":8,"values":[0.9991,0.0106,-0.0407,0,-0.0061,0.9939,0.1098,0,0.0416,-0.1094,0.9931,0,-0.0206,26.5525,-3.1933,1]},
{"frame":9,"values":[0.9994,0.015,-0.0301,0,-0.0116,0.9938,0.1106,0,0.0316,-0.1102,0.9934,0,-0.0206,26.5525,-3.1933,1]},
{"frame":10,"values":[0.9994,0.0194,-0.0269,0,-0.0164,0.9939,0.1092,0,0.0289,-0.1087,0.9937,0,-0.0206,26.5525,-3.1933,1]},
{"frame":11,"values":[0.9994,0.0238,-0.0238,0,-0.0211,0.994,0.1077,0,0.0262,-0.1071,0.9939,0,-0.0206,26.5525,-3.1933,1]},
{"frame":12,"values":[0.9993,0.0282,-0.0263,0,-0.025,0.993,0.115,0,0.0293,-0.1143,0.993,0,-0.0206,26.5525,-3.1933,1]},
{"frame":13,"values":[0.9991,0.0325,-0.0287,0,-0.0288,0.9921,0.1224,0,0.0325,-0.1215,0.9921,0,-0.0206,26.5525,-3.1933,1]},
{"frame":14,"values":[0.9988,0.0369,-0.0311,0,-0.0326,0.991,0.1298,0,0.0357,-0.1286,0.991,0,-0.0206,26.5525,-3.1933,1]},
{"frame":15,"values":[0.9986,0.0414,-0.0335,0,-0.0364,0.9899,0.1372,0,0.0389,-0.1358,0.99,0,-0.0206,26.5525,-3.1933,1]},
{"frame":16,"values":[0.9988,0.0343,-0.036,0,-0.0288,0.9891,0.1446,0,0.0405,-0.1434,0.9888,0,-0.0206,26.5525,-3.1933,1]},
{"frame":17,"values":[0.9993,0.0273,-0.026,0,-0.023,0.9881,0.1519,0,0.0298,-0.1512,0.988,0,-0.0206,26.5525,-3.1933,1]},
{"frame":18,"values":[0.9997,0.0202,-0.016,0,-0.0174,0.9871,0.1594,0,0.019,-0.159,0.9871,0,-0.0206,26.5525,-3.1933,1]},
{"frame":19,"values":[0.9999,0.0131,-0.0061,0,-0.012,0.9881,0.153,0,0.008,-0.153,0.9882,0,-0.0206,26.5525,-3.1933,1]},
{"frame":20,"values":[1,0.006,0.0039,0,-0.0065,0.9892,0.1467,0,-0.003,-0.1468,0.9892,0,-0.0206,26.5525,-3.1933,1]},
{"frame":21,"values":[0.9999,-0.001,0.014,0,-0.001,0.9901,0.1405,0,-0.014,-0.1405,0.99,0,-0.0206,26.5525,-3.1933,1]},
{"frame":22,"values":[0.9999,-0.008,0.0093,0,0.0067,0.9909,0.1342,0,-0.0103,-0.1341,0.9909,0,-0.0206,26.5525,-3.1933,1]},
{"frame":23,"values":[1,-0.0029,0.0047,0,0.0023,0.9918,0.1278,0,-0.005,-0.1278,0.9918,0,-0.0206,26.5525,-3.1933,1]},
{"frame":24,"values":[1,0.0022,0.0001,0,-0.0022,0.9926,0.1215,0,0.0002,-0.1215,0.9926,0,-0.0206,26.5525,-3.1933,1]},
{"frame":25,"values":[1,0.0073,-0.0046,0,-0.0067,0.9933,0.1151,0,0.0054,-0.1151,0.9933,0,-0.0206,26.5525,-3.1933,1]},
{"frame":26,"values":[0.9999,0.0124,-0.0093,0,-0.0113,0.994,0.1088,0,0.0106,-0.1087,0.994,0,-0.0206,26.5525,-3.1933,1]},
{"frame":27,"values":[0.9998,0.0174,-0.014,0,-0.0159,0.9946,0.1025,0,0.0157,-0.1022,0.9946,0,-0.0206,26.5525,-3.1933,1]},
{"frame":28,"values":[0.9996,0.0224,-0.0187,0,-0.0205,0.9952,0.0962,0,0.0208,-0.0958,0.9952,0,-0.0206,26.5525,-3.1933,1]},
{"frame":29,"values":[0.9993,0.0273,-0.0235,0,-0.0251,0.9956,0.0899,0,0.0259,-0.0893,0.9957,0,-0.0206,26.5525,-3.1933,1]},
{"frame":30,"values":[0.9991,0.0323,-0.0283,0,-0.0294,0.9949,0.0967,0,0.0312,-0.0957,0.9949,0,-0.0206,26.5525,-3.1933,1]},
{"frame":31,"values":[0.9988,0.0373,-0.033,0,-0.0337,0.9941,0.1034,0,0.0367,-0.1022,0.9941,0,-0.0206,26.5525,-3.1933,1]},
{"frame":32,"values":[0.9984,0.0423,-0.0377,0,-0.0379,0.9932,0.1102,0,0.0421,-0.1085,0.9932,0,-0.0206,26.5525,-3.1933,1]},
{"frame":33,"values":[0.998,0.0474,-0.0424,0,-0.0421,0.9922,0.1169,0,0.0476,-0.1149,0.9922,0,-0.0206,26.5525,-3.1933,1]},
{"frame":34,"values":[0.9975,0.0525,-0.047,0,-0.0463,0.9912,0.1237,0,0.0531,-0.1212,0.9912,0,-0.0206,26.5525,-3.1933,1]},
{"frame":35,"values":[0.997,0.0576,-0.0516,0,-0.0504,0.9902,0.1305,0,0.0586,-0.1275,0.9901,0,-0.0206,26.5525,-3.1933,1]},
{"frame":36,"values":[0.9973,0.0474,-0.0563,0,-0.0393,0.9898,0.1372,0,0.0622,-0.1347,0.9889,0,-0.0206,26.5525,-3.1933,1]},
{"frame":37,"values":[0.9978,0.0372,-0.0551,0,-0.0289,0.9892,0.144,0,0.0598,-0.1421,0.988,0,-0.0206,26.5525,-3.1933,1]},
{"frame":38,"values":[0.9982,0.027,-0.0539,0,-0.0186,0.9884,0.1507,0,0.0574,-0.1495,0.9871,0,-0.0206,26.5525,-3.1933,1]},
{"frame":39,"values":[0.9985,0.0168,-0.0528,0,-0.0082,0.9875,0.1575,0,0.0548,-0.1568,0.9861,0,-0.0206,26.5525,-3.1933,1]},
{"frame":40,"values":[0.9986,0.0065,-0.0519,0,0.0021,0.9864,0.1643,0,0.0522,-0.1641,0.9851,0,-0.0206,26.5525,-3.1933,1]},
{"frame":41,"values":[0.9986,0.0006,-0.0537,0,0.0083,0.9861,0.1662,0,0.053,-0.1664,0.9846,0,-0.0206,26.5525,-3.1933,1]}],"loopBehavior":1,"name":"anim","property":"_matrix"}},
{"name":"mixamorig:Neck","index":4,"matrix":[0.9986,-0.0517,-0.011,0,0.0502,0.9932,-0.1051,0,0.0164,0.1044,0.9944,0,-0.06,30.7018,1.3522,1],"rest":[1,0,0,0,0,1,0,0,0,0,1,0,-0.06,30.7018,1.3522,1],"parentBoneIndex":3,"length":22.8446
,"animation":{"dataType":3,"framePerSecond":24,"keys":[
{"frame":1,"values":[0.9986,-0.0517,-0.011,0,0.0502,0.9932,-0.1051,0,0.0164,0.1044,0.9944,0,-0.06,30.7018,1.3522,1]},
{"frame":2,"values":[0.9993,-0.0357,-0.0056,0,0.0348,0.9923,-0.1186,0,0.0098,0.1183,0.9929,0,-0.06,30.7018,1.3522,1]},
{"frame":3,"values":[0.9999,-0.0158,-0.0009,0,0.0155,0.9885,-0.1507,0,0.0033,0.1507,0.9886,0,-0.06,30.7018,1.3522,1]},
{"frame":4,"values":[1,0.0041,0,0,-0.004,0.9816,-0.1909,0,-0.0007,0.1909,0.9816,0,-0.06,30.7018,1.3522,1]},
{"frame":5,"values":[1,0.0058,0.0002,0,-0.0056,0.9737,-0.2276,0,-0.0015,0.2276,0.9738,0,-0.06,30.7018,1.3522,1]},
{"frame":6,"values":[1,0.007,0.0028,0,-0.0061,0.9719,-0.2352,0,-0.0044,0.2352,0.9719,0,-0.06,30.7018,1.3522,1]},
{"frame":7,"values":[1,0.0046,-0.0064,0,-0.0059,0.9752,-0.2214,0,0.0052,0.2215,0.9752,0,-0.06,30.7018,1.3522,1]},
{"frame":8,"values":[0.9998,0.0015,-0.0193,0,-0.0053,0.9801,-0.1983,0,0.0187,0.1984,0.98,0,-0.06,30.7018,1.3522,1]},
{"frame":9,"values":[0.9996,-0.0011,-0.0268,0,-0.004,0.9816,-0.191,0,0.0265,0.1911,0.9812,0,-0.06,30.7018,1.3522,1]},
{"frame":10,"values":[0.9995,-0.0025,-0.0311,0,-0.0042,0.9766,-0.2148,0,0.0309,0.2149,0.9762,0,-0.06,30.7018,1.3522,1]},
{"frame":11,"values":[0.9995,-0.0005,-0.0317,0,-0.0065,0.9749,-0.2226,0,0.031,0.2227,0.9744,0,-0.06,30.7018,1.3522,1]},
{"frame":12,"values":[0.9995,0.0049,-0.0324,0,-0.0117,0.9768,-0.214,0,0.0305,0.2143,0.9763,0,-0.06,30.7018,1.3522,1]},
{"frame":13,"values":[0.9995,0.0079,-0.0297,0,-0.0137,0.9798,-0.1993,0,0.0276,0.1996,0.9795,0,-0.06,30.7018,1.3522,1]},
{"frame":14,"values":[0.9995,0.0055,-0.0313,0,-0.011,0.9836,-0.1803,0,0.0298,0.1805,0.9831,0,-0.06,30.7018,1.3522,1]},
{"frame":15,"values":[0.9995,0.003,-0.033,0,-0.0084,0.9864,-0.1639,0,0.032,0.1641,0.9859,0,-0.06,30.7018,1.3522,1]},
{"frame":16,"values":[0.9996,0.0073,-0.0287,0,-0.0118,0.9872,-0.1589,0,0.0272,0.1592,0.9869,0,-0.06,30.7018,1.3522,1]},
{"frame":17,"values":[0.9993,0.0116,-0.0344,0,-0.0168,0.9879,-0.1539,0,0.0322,0.1544,0.9875,0,-0.06,30.7018,1.3522,1]},
{"frame":18,"values":[0.9992,0.0019,-0.04,0,-0.0083,0.9869,-0.161,0,0.0392,0.1612,0.9861,0,-0.06,30.7018,1.3522,1]},
{"frame":19,"values":[0.9989,-0.0078,-0.0456,0,0.001,0.9891,-0.1474,0,0.0463,0.1472,0.988,0,-0.06,30.7018,1.3522,1]},
{"frame":20,"values":[0.9987,0.0016,-0.0513,0,-0.0084,0.991,-0.1339,0,0.0506,0.1341,0.9897,0,-0.06,30.7018,1.3522,1]},
{"frame":21,"values":[0.9983,0.011,-0.0568,0,-0.0178,0.9926,-0.1202,0,0.0551,0.121,0.9911,0,-0.06,30.7018,1.3522,1]},
{"frame":22,"values":[0.9978,0.0204,-0.0624,0,-0.0286,0.9906,-0.134,0,0.0591,0.1355,0.989,0,-0.06,30.7018,1.3522,1]},
{"frame":23,"values":[0.9972,0.0297,-0.0681,0,-0.0395,0.9882,-0.1476,0,0.0629,0.1499,0.9867,0,-0.06,30.7018,1.3522,1]},
{"frame":24,"values":[0.997,0.0238,-0.0737,0,-0.0354,0.9863,-0.1613,0,0.0689,0.1634,0.9842,0,-0.06,30.7018,1.3522,1]},
{"frame":25,"values":[0.9967,0.0177,-0.0793,0,-0.0314,0.9841,-0.1749,0,0.0749,0.1768,0.9814,0,-0.06,30.7018,1.3522,1]},
{"frame":26,"values":[0.9975,0.0118,-0.0694,0,-0.0234,0.9853,-0.1694,0,0.0664,0.1706,0.9831,0,-0.06,30.7018,1.3522,1]},
{"frame":27,"values":[0.9982,0.0057,-0.0596,0,-0.0155,0.9864,-0.1639,0,0.0578,0.1645,0.9847,0,-0.06,30.7018,1.3522,1]},
{"frame":28,"values":[0.9988,-0.0003,-0.0497,0,-0.008,0.9861,-0.1661,0,0.049,0.1662,0.9849,0,-0.06,30.7018,1.3522,1]},
{"frame":29,"values":[0.9992,-0.0062,-0.0398,0,-0.0003,0.987,-0.1608,0,0.0403,0.1606,0.9862,0,-0.06,30.7018,1.3522,1]},
{"frame":30,"values":[0.9995,-0.0122,-0.0299,0,0.0074,0.9878,-0.1554,0,0.0314,0.1551,0.9874,0,-0.06,30.7018,1.3522,1]},
{"frame":31,"values":[0.9996,-0.0183,-0.02,0,0.0151,0.9886,-0.1499,0,0.0225,0.1496,0.9885,0,-0.06,30.7018,1.3522,1]},
{"frame":32,"values":[0.9998,-0.0183,-0.0101,0,0.0165,0.9876,-0.1559,0,0.0129,0.1557,0.9877,0,-0.06,30.7018,1.3522,1]},
{"frame":33,"values":[0.9997,-0.0225,-0.0138,0,0.02,0.9866,-0.1618,0,0.0172,0.1615,0.9867,0,-0.06,30.7018,1.3522,1]},
{"frame":34,"values":[0.9995,-0.0268,-0.0174,0,0.0238,0.9878,-0.1537,0,0.0213,0.1532,0.988,0,-0.06,30.7018,1.3522,1]},
{"frame":35,"values":[0.9993,-0.031,-0.021,0,0.0276,0.989,-0.1455,0,0.0253,0.1448,0.9891,0,-0.06,30.7018,1.3522,1]},
{"frame":36,"values":[0.9991,-0.0352,-0.0247,0,0.0315,0.99,-0.1374,0,0.0293,0.1365,0.9902,0,-0.06,30.7018,1.3522,1]},
{"frame":37,"values":[0.999,-0.0394,-0.0215,0,0.0363,0.9909,-0.1292,0,0.0264,0.1283,0.9914,0,-0.06,30.7018,1.3522,1]},
{"frame":38,"values":[0.9989,-0.0436,-0.0183,0,0.0411,0.9918,-0.1211,0,0.0235,0.1202,0.9925,0,-0.06,30.7018,1.3522,1]},
{"frame":39,"values":[0.9987,-0.0479,-0.0152,0,0.0459,0.9925,-0.1129,0,0.0205,0.1121,0.9935,0,-0.06,30.7018,1.3522,1]},
{"frame":40,"values":[0.9986,-0.0522,-0.0121,0,0.0506,0.9932,-0.1047,0,0.0175,0.1039,0.9944,0,-0.06,30.7018,1.3522,1]},
{"frame":41,"values":[0.9986,-0.0517,-0.011,0,0.0502,0.9932,-0.1051,0,0.0164,0.1044,0.9944,0,-0.06,30.7018,1.3522,1]}],"loopBehavior":1,"name":"anim","property":"_matrix"}},
{"name":"mixamorig:Head","index":5,"matrix":[0.9922,-0.1166,-0.0445,0,0.0868,0.9009,-0.4254,0,0.0897,0.4182,0.9039,0,-0.0872,22.5476,3.6709,1],"rest":[1,0,0,0,0,1,0,0,0,0,1,0,-0.0872,22.5476,3.6709,1],"parentBoneIndex":4,"length":30.5924
,"animation":{"dataType":3,"framePerSecond":24,"keys":[
{"frame":1,"values":[0.9922,-0.1166,-0.0445,0,0.0868,0.9009,-0.4254,0,0.0897,0.4182,0.9039,0,-0.0872,22.5476,3.6709,1]},
{"frame":2,"values":[0.9927,-0.0754,-0.0941,0,0.0339,0.9235,-0.3821,0,0.1157,0.3762,0.9193,0,-0.0872,22.5476,3.6709,1]},
{"frame":3,"values":[0.9864,-0.0409,-0.1595,0,-0.007,0.9574,-0.2888,0,0.1645,0.286,0.944,0,-0.0872,22.5476,3.6709,1]},
{"frame":4,"values":[0.9784,-0.0235,-0.2054,0,-0.0215,0.9765,-0.2145,0,0.2056,0.2143,0.9549,0,-0.0872,22.5476,3.6709,1]},
{"frame":5,"values":[0.9722,-0.0208,-0.2332,0,-0.0152,0.9884,-0.1513,0,0.2336,0.1507,0.9606,0,-0.0872,22.5476,3.6709,1]},
{"frame":6,"values":[0.9677,-0.0229,-0.2509,0,-0.0099,0.9916,-0.1287,0,0.2518,0.1271,0.9594,0,-0.0872,22.5476,3.6709,1]},
{"frame":7,"values":[0.9698,-0.0396,-0.2406,0,0.0113,0.993,-0.1179,0,0.2436,0.1116,0.9634,0,-0.0872,22.5476,3.6709,1]},
{"frame":8,"values":[0.9707,-0.0637,-0.2316,0,0.0302,0.9889,-0.1452,0,0.2382,0.1339,0.9619,0,-0.0872,22.5476,3.6709,1]},
{"frame":9,"values":[0.9708,-0.0898,-0.2225,0,0.0515,0.9837,-0.1725,0,0.2344,0.156,0.9595,0,-0.0872,22.5476,3.6709,1]},
{"frame":10,"values":[0.9708,-0.1097,-0.2134,0,0.0666,0.9776,-0.1998,0,0.2306,0.1797,0.9563,0,-0.0872,22.5476,3.6709,1]},
{"frame":11,"values":[0.968,-0.1431,-0.2062,0,0.0948,0.9691,-0.2276,0,0.2324,0.2008,0.9517,0,-0.0872,22.5476,3.6709,1]},
{"frame":12,"values":[0.9643,-0.1761,-0.1979,0,0.1228,0.9591,-0.255,0,0.2348,0.2216,0.9465,0,-0.0872,22.5476,3.6709,1]},
{"frame":13,"values":[0.9596,-0.2088,-0.1888,0,0.1507,0.9475,-0.2821,0,0.2378,0.2422,0.9406,0,-0.0872,22.5476,3.6709,1]},
{"frame":14,"values":[0.9539,-0.241,-0.1787,0,0.1783,0.9343,-0.3086,0,0.2414,0.2625,0.9342,0,-0.0872,22.5476,3.6709,1]},
{"frame":15,"values":[0.9473,-0.2728,-0.1678,0,0.2055,0.9197,-0.3347,0,0.2456,0.2825,0.9273,0,-0.0872,22.5476,3.6709,1]},
{"frame":16,"values":[0.9327,-0.3028,-0.1958,0,0.2193,0.9074,-0.3587,0,0.2863,0.2916,0.9127,0,-0.0872,22.5476,3.6709,1]},
{"frame":17,"values":[0.9337,-0.2797,-0.2238,0,0.1801,0.9065,-0.3818,0,0.3096,0.3162,0.8968,0,-0.0872,22.5476,3.6709,1]},
{"frame":18,"values":[0.9323,-0.2588,-0.2527,0,0.157,0.9189,-0.3618,0,0.3259,0.2976,0.8974,0,-0.0872,22.5476,3.6709,1]},
{"frame":19,"values":[0.9299,-0.2371,-0.2812,0,0.1342,0.9305,-0.3409,0,0.3424,0.2792,0.8971,0,-0.0872,22.5476,3.6709,1]},
{"frame":20,"values":[0.9265,-0.2147,-0.309,0,0.1117,0.9411,-0.3191,0,0.3593,0.2611,0.896,0,-0.0872,22.5476,3.6709,1]},
{"frame":21,"values":[0.9221,-0.1917,-0.3361,0,0.0896,0.9508,-0.2965,0,0.3764,0.2433,0.8939,0,-0.0872,22.5476,3.6709,1]},
{"frame":22,"values":[0.9167,-0.168,-0.3625,0,0.0678,0.9596,-0.2732,0,0.3937,0.2259,0.8911,0,-0.0872,22.5476,3.6709,1]},
{"frame":23,"values":[0.9104,-0.1438,-0.3881,0,0.0466,0.9673,-0.2492,0,0.4112,0.2088,0.8873,0,-0.0872,22.5476,3.6709,1]},
{"frame":24,"values":[0.903,-0.119,-0.4128,0,0.0258,0.9741,-0.2245,0,0.4288,0.1921,0.8827,0,-0.0872,22.5476,3.6709,1]},
{"frame":25,"values":[0.9109,-0.1301,-0.3915,0,0.0504,0.977,-0.2073,0,0.4095,0.1691,0.8965,0,-0.0872,22.5476,3.6709,1]},
{"frame":26,"values":[0.9181,-0.1417,-0.3702,0,0.0747,0.9791,-0.1893,0,0.3893,0.1462,0.9094,0,-0.0872,22.5476,3.6709,1]},
{"frame":27,"values":[0.9267,-0.1405,-0.3487,0,0.0846,0.9817,-0.1709,0,0.3663,0.1289,0.9215,0,-0.0872,22.5476,3.6709,1]},
{"frame":28,"values":[0.9334,-0.1482,-0.3268,0,0.1029,0.983,-0.1519,0,0.3438,0.1081,0.9328,0,-0.0872,22.5477,3.6709,1]},
{"frame":29,"values":[0.9394,-0.1564,-0.305,0,0.1208,0.9838,-0.1324,0,0.3208,0.0876,0.9431,0,-0.0872,22.5476,3.6709,1]},
{"frame":30,"values":[0.9446,-0.1656,-0.2832,0,0.1245,0.9796,-0.1576,0,0.3036,0.1136,0.946,0,-0.0872,22.5476,3.6709,1]},
{"frame":31,"values":[0.9495,-0.1742,-0.2612,0,0.1286,0.9747,-0.1826,0,0.2864,0.1398,0.9479,0,-0.0872,22.5476,3.6709,1]},
{"frame":32,"values":[0.9539,-0.1821,-0.2387,0,0.1331,0.9692,-0.2074,0,0.2691,0.166,0.9487,0,-0.0872,22.5476,3.6709,1]},
{"frame":33,"values":[0.9578,-0.1895,-0.216,0,0.1382,0.9629,-0.2319,0,0.252,0.1923,0.9484,0,-0.0872,22.5476,3.6709,1]},
{"frame":34,"values":[0.9614,-0.1961,-0.1931,0,0.1436,0.9559,-0.2561,0,0.2348,0.2185,0.9472,0,-0.0872,22.5476,3.6709,1]},
{"frame":35,"values":[0.9677,-0.1863,-0.1697,0,0.1338,0.9505,-0.2803,0,0.2135,0.2486,0.9448,0,-0.0872,22.5476,3.6709,1]},
{"frame":36,"values":[0.9735,-0.1757,-0.1464,0,0.1246,0.9443,-0.3046,0,0.1917,0.2783,0.9412,0,-0.0872,22.5476,3.6709,1]},
{"frame":37,"values":[0.9787,-0.1643,-0.1233,0,0.1159,0.9372,-0.3289,0,0.1696,0.3076,0.9363,0,-0.0872,22.5476,3.6709,1]},
{"frame":38,"values":[0.9832,-0.1522,-0.1004,0,0.1078,0.9293,-0.3532,0,0.147,0.3364,0.9302,0,-0.0872,22.5476,3.6709,1]},
{"frame":39,"values":[0.9872,-0.1394,-0.0778,0,0.1003,0.9207,-0.3773,0,0.1242,0.3646,0.9228,0,-0.0872,22.5476,3.6709,1]},
{"frame":40,"values":[0.9905,-0.1259,-0.0556,0,0.0933,0.9112,-0.4013,0,0.1012,0.3922,0.9143,0,-0.0872,22.5476,3.6709,1]},
{"frame":41,"values":[0.9922,-0.1166,-0.0445,0,0.0868,0.9009,-0.4254,0,0.0897,0.4182,0.9039,0,-0.0872,22.5476,3.6709,1]}],"loopBehavior":1,"name":"anim","property":"_matrix"}},
{"name":"mixamorig:HeadTop_End","index":6,"matrix":[1,0,0,0,0,1,0,0,0,0,1,0,-0.8306,40.3552,7.8935,1],"rest":[1,0,0,0,0,1,0,0,0,0,1,0,-0.8306,40.3552,7.8935,1],"parentBoneIndex":5,"length":30.5924
,"animation":{"dataType":3,"framePerSecond":24,"keys":[
{"frame":1,"values":[1,0,0,0,0,1,0,0,0,0,1,0,-0.8306,40.3552,7.8935,1]},
{"frame":41,"values":[1,0,0,0,0,1,0,0,0,0,1,0,-0.8306,40.3552,7.8935,1]}],"loopBehavior":1,"name":"anim","property":"_matrix"}},
{"name":"mixamorig:RightEye","index":7,"matrix":[1,0,0,0,0,1,0,0,0,0,1,0,-6.3021,18.1186,16.1971,1],"rest":[1,0,0,0,0,1,0,0,0,0,1,0,-6.3021,18.1186,16.1971,1],"parentBoneIndex":5,"length":30.5923
,"animation":{"dataType":3,"framePerSecond":24,"keys":[
{"frame":1,"values":[1,0,0,0,0,1,0,0,0,0,1,0,-6.3021,18.1186,16.1971,1]},
{"frame":13,"values":[1,0,0,0,0,1,0,0,0,0,1,0,-6.3021,18.1187,16.1971,1]},
{"frame":14,"values":[1,0,0,0,0,1,0,0,0,0,1,0,-6.3021,18.1186,16.1971,1]},
{"frame":38,"values":[1,0,0,0,0,1,0,0,0,0,1,0,-6.3021,18.1185,16.1971,1]},
{"frame":39,"values":[1,0,0,0,0,1,0,0,0,0,1,0,-6.3021,18.1186,16.1971,1]},
{"frame":41,"values":[1,0,0,0,0,1,0,0,0,0,1,0,-6.3021,18.1186,16.1971,1]}],"loopBehavior":1,"name":"anim","property":"_matrix"}},
{"name":"mixamorig:LeftEye","index":8,"matrix":[1,0,0,0,0,1,0,0,0,0,1,0,6.7415,18.3827,16.4019,1],"rest":[1,0,0,0,0,1,0,0,0,0,1,0,6.7415,18.3827,16.4019,1],"parentBoneIndex":5,"length":30.5924
,"animation":{"dataType":3,"framePerSecond":24,"keys":[
{"frame":1,"values":[1,0,0,0,0,1,0,0,0,0,1,0,6.7415,18.3827,16.4019,1]},
{"frame":11,"values":[1,0,0,0,0,1,0,0,0,0,1,0,6.7415,18.3826,16.4019,1]},
{"frame":12,"values":[1,0,0,0,0,1,0,0,0,0,1,0,6.7415,18.3827,16.4019,1]},
{"frame":29,"values":[1,0,0,0,0,1,0,0,0,0,1,0,6.7415,18.3826,16.4019,1]},
{"frame":30,"values":[1,0,0,0,0,1,0,0,0,0,1,0,6.7415,18.3827,16.4019,1]},
{"frame":38,"values":[1,0,0,0,0,1,0,0,0,0,1,0,6.7415,18.3826,16.4019,1]},
{"frame":39,"values":[1,0,0,0,0,1,0,0,0,0,1,0,6.7415,18.3827,16.4019,1]},
{"frame":41,"values":[1,0,0,0,0,1,0,0,0,0,1,0,6.7415,18.3827,16.4019,1]}],"loopBehavior":1,"name":"anim","property":"_matrix"}},
{"name":"mixamorig:LeftShoulder","index":9,"matrix":[0.976,-0.2002,0.0855,0,0.1989,0.9797,0.0238,0,-0.0886,-0.0062,0.9961,0,11.9249,18.2305,1.4254,1],"rest":[1,0.0062,0,0,-0.0062,1,0,0,0,0,1,0,11.9249,18.2305,1.4254,1],"parentBoneIndex":3,"length":25.9773
,"animation":{"dataType":3,"framePerSecond":24,"keys":[
{"frame":1,"values":[0.976,-0.2002,0.0855,0,0.1989,0.9797,0.0238,0,-0.0886,-0.0062,0.9961,0,11.9249,18.2305,1.4254,1]},
{"frame":2,"values":[0.9843,-0.1432,0.1027,0,0.1421,0.9897,0.0184,0,-0.1043,-0.0035,0.9945,0,11.9249,18.2305,1.4254,1]},
{"frame":3,"values":[0.9892,-0.0824,0.121,0,0.0829,0.9966,0.0009,0,-0.1207,0.0092,0.9926,0,11.9249,18.2305,1.4254,1]},
{"frame":4,"values":[0.9903,-0.0248,0.1364,0,0.0267,0.9996,-0.0126,0,-0.136,0.0161,0.9906,0,11.9249,18.2305,1.4254,1]},
{"frame":5,"values":[0.9891,0.0237,0.1451,0,-0.0229,0.9997,-0.0078,0,-0.1453,0.0044,0.9894,0,11.9249,18.2305,1.4254,1]},
{"frame":6,"values":[0.9897,0.057,0.1314,0,-0.0574,0.9984,-0.0007,0,-0.1312,-0.0068,0.9913,0,11.9249,18.2305,1.4254,1]},
{"frame":7,"values":[0.9906,0.0777,0.1124,0,-0.0788,0.9969,0.0054,0,-0.1116,-0.0142,0.9937,0,11.9249,18.2305,1.4254,1]},
{"frame":8,"values":[0.9943,0.0588,0.0894,0,-0.0595,0.9982,0.0061,0,-0.0889,-0.0114,0.996,0,11.9249,18.2305,1.4254,1]},
{"frame":9,"values":[0.9966,0.0108,0.0819,0,-0.0113,0.9999,0.0067,0,-0.0818,-0.0076,0.9966,0,11.9249,18.2305,1.4254,1]},
{"frame":10,"values":[0.9965,-0.0375,0.0743,0,0.037,0.9993,0.0068,0,-0.0745,-0.0041,0.9972,0,11.9249,18.2305,1.4254,1]},
{"frame":11,"values":[0.9941,-0.0857,0.0668,0,0.0854,0.9963,0.0066,0,-0.0671,-0.0009,0.9977,0,11.9249,18.2305,1.4254,1]},
{"frame":12,"values":[0.9892,-0.1338,0.0592,0,0.1336,0.991,0.0061,0,-0.0595,0.0019,0.9982,0,11.9249,18.2305,1.4254,1]},
{"frame":13,"values":[0.982,-0.1815,0.0517,0,0.1815,0.9834,0.0052,0,-0.0518,0.0043,0.9986,0,11.9249,18.2305,1.4254,1]},
{"frame":14,"values":[0.9725,-0.2288,0.0443,0,0.2288,0.9735,0.0039,0,-0.044,0.0064,0.999,0,11.9249,18.2305,1.4254,1]},
{"frame":15,"values":[0.9606,-0.2754,0.0369,0,0.2755,0.9613,0.0022,0,-0.0361,0.008,0.9993,0,11.9249,18.2305,1.4254,1]},
{"frame":16,"values":[0.9709,-0.2377,0.0294,0,0.2377,0.9713,0.0017,0,-0.029,0.0054,0.9996,0,11.9249,18.2305,1.4254,1]},
{"frame":17,"values":[0.9796,-0.1995,0.0219,0,0.1996,0.9799,-0.0003,0,-0.0214,0.0047,0.9998,0,11.9249,18.2305,1.4254,1]},
{"frame":18,"values":[0.9868,-0.1611,0.0144,0,0.1611,0.9869,-0.002,0,-0.0139,0.0043,0.9999,0,11.9249,18.2305,1.4254,1]},
{"frame":19,"values":[0.9922,-0.1224,0.0227,0,0.1225,0.9925,-0.0033,0,-0.0222,0.006,0.9997,0,11.9249,18.2305,1.4254,1]},
{"frame":20,"values":[0.996,-0.0835,0.031,0,0.0837,0.9965,-0.0048,0,-0.0305,0.0074,0.9995,0,11.9249,18.2305,1.4254,1]},
{"frame":21,"values":[0.9982,-0.0445,0.0392,0,0.0448,0.999,-0.0067,0,-0.0389,0.0084,0.9992,0,11.9249,18.2305,1.4254,1]},
{"frame":22,"values":[0.9989,-0.0054,0.0474,0,0.0058,0.9999,-0.0088,0,-0.0473,0.0091,0.9988,0,11.9249,18.2305,1.4254,1]},
{"frame":23,"values":[0.9979,0.0337,0.0554,0,-0.0332,0.9994,-0.0113,0,-0.0557,0.0095,0.9984,0,11.9249,18.2305,1.4254,1]},
{"frame":24,"values":[0.9979,0.0105,0.0635,0,-0.0097,0.9999,-0.0134,0,-0.0637,0.0127,0.9979,0,11.9249,18.2305,1.4254,1]},
{"frame":25,"values":[0.9973,-0.0127,0.0717,0,0.0138,0.9998,-0.0152,0,-0.0715,0.0162,0.9973,0,11.9249,18.2305,1.4254,1]},
{"frame":26,"values":[0.9962,-0.0358,0.08,0,0.0373,0.9992,-0.0169,0,-0.0793,0.0198,0.9967,0,11.9249,18.2305,1.4254,1]},
{"frame":27,"values":[0.9944,-0.0589,0.0881,0,0.0604,0.9981,-0.0143,0,-0.0871,0.0195,0.996,0,11.9249,18.2305,1.4254,1]},
{"frame":28,"values":[0.9929,-0.082,0.0867,0,0.0834,0.9965,-0.0116,0,-0.0854,0.0188,0.9962,0,11.9249,18.2305,1.4254,1]},
{"frame":29,"values":[0.9908,-0.1051,0.0851,0,0.1063,0.9943,-0.0089,0,-0.0837,0.0179,0.9963,0,11.9249,18.2305,1.4254,1]},
{"frame":30,"values":[0.9882,-0.1282,0.0836,0,0.1292,0.9916,-0.0063,0,-0.082,0.017,0.9965,0,11.9249,18.2305,1.4254,1]},
{"frame":31,"values":[0.9851,-0.1512,0.0819,0,0.152,0.9884,-0.0037,0,-0.0804,0.0161,0.9966,0,11.9249,18.2305,1.4254,1]},
{"frame":32,"values":[0.9815,-0.1741,0.0802,0,0.1747,0.9846,-0.0012,0,-0.0787,0.0152,0.9968,0,11.9249,18.2305,1.4254,1]},
{"frame":33,"values":[0.9773,-0.1969,0.0784,0,0.1974,0.9803,0.0013,0,-0.0771,0.0142,0.9969,0,11.9249,18.2305,1.4254,1]},
{"frame":34,"values":[0.9726,-0.2196,0.0766,0,0.2199,0.9755,0.0038,0,-0.0755,0.0131,0.9971,0,11.9249,18.2305,1.4254,1]},
{"frame":35,"values":[0.9674,-0.2421,0.0747,0,0.2423,0.9702,0.0062,0,-0.074,0.0121,0.9972,0,11.9249,18.2305,1.4254,1]},
{"frame":36,"values":[0.9616,-0.2645,0.0728,0,0.2646,0.9643,0.0086,0,-0.0724,0.011,0.9973,0,11.9249,18.2305,1.4254,1]},
{"frame":37,"values":[0.9638,-0.2568,0.071,0,0.2567,0.9664,0.0115,0,-0.0716,0.0071,0.9974,0,11.9249,18.2305,1.4254,1]},
{"frame":38,"values":[0.966,-0.2491,0.0693,0,0.2487,0.9685,0.0145,0,-0.0707,0.0032,0.9975,0,11.9249,18.2305,1.4254,1]},
{"frame":39,"values":[0.9681,-0.2414,0.0676,0,0.2408,0.9704,0.0174,0,-0.0698,-0.0006,0.9976,0,11.9249,18.2305,1.4254,1]},
