{"producer":{"name":"Blender","version":"2.79 (sub 0)","exporter_version":"5.6.4","file":"limpwalk.babylon"},
"autoClear":true,"clearColor":[0.0509,0.0509,0.0509],"ambientColor":[0,0,0],"gravity":[0,-9.81,0],
"materials":[{"name":"limpwalk.Material","id":"limpwalk.Material","ambient":[0,0,0],"diffuse":[0,0,0],"specular":[0,0,0],"emissive":[0,0,0],"specularPower":50,"alpha":0.001,"backFaceCulling":true,"checkReadyOnlyOnce":false,"maxSimultaneousLights":4}],
"multiMaterials":[],
"skeletons":[{"name":"Armature","id":0,"dimensionsAtRest":[325.0648,354.2356,42.2479],"bones":[
{"name":"mixamorig:Hips","index":0,"matrix":[0.8465,0.0664,0.5283,0,-0.0318,0.9967,-0.0742,0,0.5315,-0.046,-0.8458,0,11.3131,180.9437,4.1236,1],"rest":[1,0,0,0,0,1,0,0,0,0,-1,0,0,193.2874,0,1],"parentBoneIndex":-1,"length":20.354
,"animation":{"dataType":3,"framePerSecond":24,"keys":[
{"frame":1,"values":[0.8465,0.0663,0.5283,0,-0.0318,0.9967,-0.0742,0,0.5315,-0.046,-0.8458,0,11.315,180.95,4.1532,1]},
{"frame":2,"values":[0.8349,0.0987,0.5415,0,-0.0526,0.9936,-0.1,0,0.5479,-0.055,-0.8347,0,9.1133,178.9993,2.1753,1]},
{"frame":3,"values":[0.8262,0.122,0.55,0,-0.0637,0.9902,-0.124,0,0.5598,-0.0674,-0.8259,0,6.3073,176.3407,0.416,1]},
{"frame":4,"values":[0.8283,0.1393,0.5428,0,-0.0666,0.9862,-0.1515,0,0.5564,-0.0893,-0.8261,0,3.3123,173.8332,-1.1345,1]},
{"frame":5,"values":[0.8426,0.1527,0.5165,0,-0.0662,0.9811,-0.182,0,0.5345,-0.1192,-0.8367,0,0.6608,171.3258,-2.4609,1]},
{"frame":6,"values":[0.8598,0.1598,0.4849,0,-0.0636,0.9759,-0.2088,0,0.5066,-0.1487,-0.8493,0,-0.4245,169.7971,-3.4373,1]},
{"frame":7,"values":[0.8696,0.1623,0.4664,0,-0.0597,0.9721,-0.2269,0,0.4902,-0.1694,-0.855,0,-1.5099,168.7373,-4.1768,1]},
{"frame":8,"values":[0.8725,0.1649,0.4599,0,-0.0584,0.9698,-0.2369,0,0.4851,-0.1798,-0.8558,0,-2.5953,168.2185,-5.0061,1]},
{"frame":9,"values":[0.8783,0.168,0.4477,0,-0.0587,0.9671,-0.2477,0,0.4746,-0.1913,-0.8592,0,-3.6806,168.3331,-5.8377,1]},
{"frame":10,"values":[0.8838,0.1712,0.4354,0,-0.0764,0.971,-0.2265,0,0.4616,-0.1669,-0.8713,0,-4.766,169.1678,-6.6692,1]},
{"frame":11,"values":[0.8914,0.1606,0.4239,0,-0.0788,0.9758,-0.2039,0,0.4464,-0.1483,-0.8825,0,-5.8513,170.0025,-5.8866,1]},
{"frame":12,"values":[0.8987,0.1502,0.412,0,-0.0808,0.9801,-0.1811,0,0.431,-0.1295,-0.893,0,-6.9367,170.8372,-5.104,1]},
{"frame":13,"values":[0.9059,0.1401,0.3997,0,-0.0824,0.984,-0.1581,0,0.4154,-0.1103,-0.9029,0,-8.0221,171.6718,-4.3214,1]},
{"frame":14,"values":[0.9128,0.1302,0.3871,0,-0.0835,0.9873,-0.1351,0,0.3998,-0.091,-0.9121,0,-9.1074,172.5065,-3.5387,1]},
{"frame":15,"values":[0.9195,0.1206,0.3742,0,-0.0843,0.9901,-0.112,0,0.384,-0.0714,-0.9206,0,-10.1928,173.3412,-2.7561,1]},
{"frame":16,"values":[0.9259,0.1113,0.3609,0,-0.0847,0.9924,-0.0888,0,0.3681,-0.0516,-0.9284,0,-11.2782,174.1759,-1.9735,1]},
{"frame":17,"values":[0.9321,0.1023,0.3474,0,-0.0847,0.9942,-0.0656,0,0.3521,-0.0317,-0.9354,0,-12.3635,175.0106,-1.1909,1]},
{"frame":18,"values":[0.9377,0.0906,0.3354,0,-0.0818,0.9958,-0.0403,0,0.3376,-0.0104,-0.9412,0,-11.3545,175.8453,-0.4083,1]},
{"frame":19,"values":[0.9431,0.0791,0.323,0,-0.0785,0.9968,-0.015,0,0.3232,0.0112,-0.9463,0,-10.3455,176.6799,0.3744,1]},
{"frame":20,"values":[0.9482,0.068,0.3103,0,-0.0748,0.9971,0.0102,0,0.3087,0.0329,-0.9506,0,-9.3365,177.5146,1.157,1]},
{"frame":21,"values":[0.9531,0.0571,0.2972,0,-0.0708,0.9969,0.0354,0,0.2943,0.0548,-0.9542,0,-8.3275,178.3493,1.9396,1]},
{"frame":22,"values":[0.9577,0.0465,0.2838,0,-0.0663,0.996,0.0605,0,0.2799,0.0768,-0.957,0,-7.3185,179.184,2.7222,1]},
{"frame":23,"values":[0.9621,0.0363,0.2701,0,-0.0615,0.9944,0.0855,0,0.2655,0.0989,-0.959,0,-6.3095,180.0187,3.5048,1]},
{"frame":24,"values":[0.9663,0.0264,0.2561,0,-0.0563,0.9923,0.1103,0,0.2512,0.1211,-0.9603,0,-5.3005,180.8534,4.2875,1]},
{"frame":25,"values":[0.9699,0.0151,0.2429,0,-0.0495,0.9895,0.1361,0,0.2382,0.144,-0.9605,0,-4.2915,180.5208,5.0701,1]},
{"frame":26,"values":[0.9733,0.0039,0.2295,0,-0.032,0.9924,0.1191,0,0.2273,0.1233,-0.966,0,-3.2825,180.1883,4.9636,1]},
{"frame":27,"values":[0.9763,-0.0077,0.2162,0,-0.0147,0.9947,0.1018,0,0.2159,0.1026,-0.971,0,-2.2734,179.8557,4.8571,1]},
{"frame":28,"values":[0.9792,0.0068,0.2029,0,-0.0245,0.9961,0.0845,0,0.2015,0.0877,-0.9756,0,-1.2644,179.5232,4.7506,1]},
{"frame":29,"values":[0.9817,0.0214,0.1894,0,-0.0347,0.9972,0.067,0,0.1875,0.0723,-0.9796,0,-0.2554,179.1906,5.158,1]},
{"frame":30,"values":[0.9806,0.036,0.1925,0,-0.0463,0.9977,0.0492,0,0.1903,0.0571,-0.9801,0,0.7536,178.8581,5.5654,1]},
{"frame":31,"values":[0.9803,0.0506,0.1908,0,-0.0576,0.9978,0.0314,0,0.1888,0.0418,-0.9811,0,1.7626,178.5255,5.9728,1]},
{"frame":32,"values":[0.9798,0.0652,0.1889,0,-0.069,0.9975,0.0136,0,0.1875,0.0264,-0.9819,0,2.7716,178.193,6.3802,1]},
{"frame":33,"values":[0.9689,0.0789,0.2347,0,-0.0802,0.9968,-0.0041,0,0.2343,0.0148,-0.9721,0,3.7806,178.3582,6.7877,1]},
{"frame":34,"values":[0.9556,0.0911,0.2803,0,-0.0889,0.9958,-0.0205,0,0.281,0.0053,-0.9597,0,4.7896,177.5442,6.2222,1]},
{"frame":35,"values":[0.94,0.1037,0.325,0,-0.0968,0.9946,-0.0373,0,0.3271,-0.0036,-0.945,0,5.7986,176.7301,5.6567,1]},
{"frame":36,"values":[0.9222,0.1166,0.3688,0,-0.1038,0.9931,-0.0544,0,0.3726,-0.0119,-0.9279,0,6.8076,175.9161,5.0913,1]},
{"frame":37,"values":[0.9022,0.1278,0.412,0,-0.1085,0.9916,-0.0698,0,0.4174,-0.0183,-0.9085,0,7.8166,176.8851,4.5258,1]},
{"frame":38,"values":[0.884,0.1102,0.4542,0,-0.0805,0.9932,-0.0844,0,0.4604,-0.038,-0.8869,0,8.8256,177.8541,3.9604,1]},
{"frame":39,"values":[0.8636,0.0931,0.4955,0,-0.0607,0.9949,-0.0811,0,0.5005,-0.04,-0.8648,0,9.8347,178.8232,3.3949,1]},
{"frame":40,"values":[0.8465,0.0664,0.5283,0,-0.0318,0.9967,-0.0742,0,0.5315,-0.046,-0.8458,0,11.3131,180.9437,4.1236,1]}],"loopBehavior":1,"name":"anim","property":"_matrix"}},
{"name":"mixamorig:Spine","index":1,"matrix":[0.9938,0.0498,0.099,0,-0.0556,0.9968,0.0573,0,-0.0959,-0.0624,0.9934,0,0.0446,17.9632,-1.2442,1],"rest":[1,0,0,0,0,1,0,0,0,0,1,0,0.0446,17.9632,-1.2442,1],"parentBoneIndex":0,"length":18.7117
,"animation":{"dataType":3,"framePerSecond":24,"keys":[
{"frame":1,"values":[0.9938,0.0498,0.099,0,-0.0557,0.9968,0.0573,0,-0.0958,-0.0624,0.9934,0,0.0446,17.9632,-1.2442,1]},
{"frame":2,"values":[0.9958,0.0213,0.0894,0,-0.0278,0.997,0.0718,0,-0.0876,-0.074,0.9934,0,0.0446,17.9632,-1.2442,1]},
{"frame":3,"values":[0.9963,0.0209,0.0833,0,-0.0276,0.9964,0.0797,0,-0.0814,-0.0817,0.9933,0,0.0446,17.9632,-1.2442,1]},
{"frame":4,"values":[0.9964,0.0263,0.0809,0,-0.0329,0.9961,0.0814,0,-0.0784,-0.0838,0.9934,0,0.0446,17.9632,-1.2442,1]},
{"frame":5,"values":[0.9968,0.0215,0.0767,0,-0.0278,0.9963,0.0818,0,-0.0747,-0.0837,0.9937,0,0.0446,17.9632,-1.2442,1]},
{"frame":6,"values":[0.9975,0.0146,0.0697,0,-0.0203,0.9965,0.0815,0,-0.0683,-0.0827,0.9942,0,0.0446,17.9632,-1.2442,1]},
{"frame":7,"values":[0.9979,0.0119,0.0641,0,-0.0171,0.9966,0.0806,0,-0.063,-0.0815,0.9947,0,0.0446,17.9632,-1.2442,1]},
{"frame":8,"values":[0.998,0.0096,0.0631,0,-0.0146,0.9969,0.0778,0,-0.0621,-0.0786,0.995,0,0.0446,17.9632,-1.2442,1]},
{"frame":9,"values":[0.998,0.0048,0.0635,0,-0.0094,0.9973,0.0729,0,-0.063,-0.0733,0.9953,0,0.0446,17.9632,-1.2442,1]},
{"frame":10,"values":[0.998,-0.0003,0.0631,0,-0.0041,0.9975,0.0705,0,-0.063,-0.0706,0.9955,0,0.0446,17.9632,-1.2442,1]},
{"frame":11,"values":[0.998,-0.0021,0.0628,0,-0.0022,0.9977,0.0681,0,-0.0628,-0.0681,0.9957,0,0.0446,17.9632,-1.2442,1]},
{"frame":12,"values":[0.998,-0.0005,0.0636,0,-0.004,0.9975,0.0708,0,-0.0635,-0.071,0.9955,0,0.0446,17.9632,-1.2442,1]},
{"frame":13,"values":[0.9984,0.0007,0.0565,0,-0.0049,0.9973,0.0737,0,-0.0562,-0.0738,0.9957,0,0.0446,17.9632,-1.2442,1]},
{"frame":14,"values":[0.9988,-0.0007,0.0493,0,-0.0031,0.9971,0.0765,0,-0.0492,-0.0765,0.9959,0,0.0446,17.9632,-1.2442,1]},
{"frame":15,"values":[0.9991,-0.0021,0.0421,0,-0.001,0.9974,0.0727,0,-0.0421,-0.0727,0.9965,0,0.0446,17.9632,-1.2442,1]},
{"frame":16,"values":[0.9994,0.0007,0.0349,0,-0.0031,0.9976,0.0688,0,-0.0348,-0.0689,0.997,0,0.0446,17.9632,-1.2442,1]},
{"frame":17,"values":[0.9996,0.0035,0.0277,0,-0.0053,0.9979,0.065,0,-0.0274,-0.0651,0.9975,0,0.0446,17.9632,-1.2442,1]},
{"frame":18,"values":[0.9998,0.0062,0.0205,0,-0.0074,0.9981,0.0612,0,-0.0201,-0.0613,0.9979,0,0.0446,17.9632,-1.2442,1]},
{"frame":19,"values":[0.9999,0.0089,0.0133,0,-0.0097,0.9983,0.0574,0,-0.0128,-0.0575,0.9983,0,0.0446,17.9632,-1.2442,1]},
{"frame":20,"values":[0.9999,0.0116,0.0061,0,-0.0119,0.9985,0.0536,0,-0.0055,-0.0536,0.9985,0,0.0446,17.9632,-1.2442,1]},
{"frame":21,"values":[0.9999,0.0143,-0.0011,0,-0.0142,0.9987,0.0498,0,0.0018,-0.0498,0.9988,0,0.0446,17.9632,-1.2442,1]},
{"frame":22,"values":[0.9998,0.0169,-0.0084,0,-0.0165,0.9988,0.046,0,0.0091,-0.0459,0.9989,0,0.0446,17.9632,-1.2442,1]},
{"frame":23,"values":[0.9998,0.0196,-0.0026,0,-0.0195,0.9989,0.0422,0,0.0034,-0.0422,0.9991,0,0.0446,17.9632,-1.2442,1]},
{"frame":24,"values":[0.9997,0.0223,0.0032,0,-0.0224,0.999,0.0384,0,-0.0023,-0.0385,0.9993,0,0.0446,17.9632,-1.2442,1]},
{"frame":25,"values":[0.9996,0.0251,0.0089,0,-0.0253,0.9991,0.0346,0,-0.008,-0.0348,0.9994,0,0.0446,17.9632,-1.2442,1]},
{"frame":26,"values":[0.9996,0.0226,0.0147,0,-0.0231,0.9993,0.0307,0,-0.014,-0.0311,0.9994,0,0.0446,17.9632,-1.2442,1]},
{"frame":27,"values":[0.9996,0.0202,0.0204,0,-0.0208,0.9994,0.0269,0,-0.0198,-0.0273,0.9994,0,0.0446,17.9632,-1.2442,1]},
{"frame":28,"values":[0.9995,0.0179,0.0262,0,-0.0185,0.9996,0.0231,0,-0.0257,-0.0235,0.9994,0,0.0446,17.9632,-1.2442,1]},
{"frame":29,"values":[0.9994,0.0155,0.0319,0,-0.0161,0.9997,0.0193,0,-0.0316,-0.0198,0.9993,0,0.0446,17.9632,-1.2442,1]},
{"frame":30,"values":[0.9992,0.0132,0.0377,0,-0.0138,0.9998,0.0155,0,-0.0375,-0.016,0.9992,0,0.0446,17.9632,-1.2442,1]},
{"frame":31,"values":[0.999,0.0139,0.0435,0,-0.015,0.9996,0.0249,0,-0.0431,-0.0255,0.9987,0,0.0446,17.9632,-1.2442,1]},
{"frame":32,"values":[0.9987,0.0096,0.0493,0,-0.0113,0.9994,0.0342,0,-0.0489,-0.0347,0.9982,0,0.0446,17.9632,-1.2442,1]},
{"frame":33,"values":[0.9985,0.0053,0.0551,0,-0.0077,0.999,0.0435,0,-0.0548,-0.0439,0.9975,0,0.0446,17.9632,-1.2442,1]},
{"frame":34,"values":[0.9981,0.001,0.0609,0,-0.0042,0.9986,0.0529,0,-0.0608,-0.053,0.9967,0,0.0446,17.9632,-1.2442,1]},
{"frame":35,"values":[0.9978,-0.0035,0.0666,0,-0.0007,0.9981,0.0623,0,-0.0667,-0.0622,0.9958,0,0.0446,17.9632,-1.2442,1]},
{"frame":36,"values":[0.9974,-0.0079,0.0723,0,0.0027,0.9974,0.0716,0,-0.0727,-0.0713,0.9948,0,0.0446,17.9632,-1.2442,1]},
{"frame":37,"values":[0.9969,-0.0125,0.0779,0,0.0061,0.9967,0.081,0,-0.0787,-0.0803,0.9937,0,0.0446,17.9632,-1.2442,1]},
{"frame":38,"values":[0.9965,0.0013,0.0837,0,-0.0078,0.997,0.0772,0,-0.0833,-0.0776,0.9935,0,0.0446,17.9632,-1.2442,1]},
{"frame":39,"values":[0.9959,0.0151,0.0894,0,-0.0217,0.9971,0.0733,0,-0.088,-0.075,0.9933,0,0.0446,17.9632,-1.2442,1]},
{"frame":40,"values":[0.9938,0.0498,0.099,0,-0.0556,0.9968,0.0573,0,-0.0959,-0.0624,0.9934,0,0.0446,17.9632,-1.2442,1]}],"loopBehavior":1,"name":"anim","property":"_matrix"}},
{"name":"mixamorig:Spine1","index":2,"matrix":[0.9834,0.0358,0.1779,0,-0.0641,0.9857,0.1557,0,-0.1698,-0.1645,0.9716,0,-0.2753,18.666,-1.2773,1],"rest":[1,0,0,0,0,1,0,0,0,0,1,0,-0.2753,18.666,-1.2773,1],"parentBoneIndex":1,"length":21.7293
,"animation":{"dataType":3,"framePerSecond":24,"keys":[
{"frame":1,"values":[0.9834,0.0358,0.1779,0,-0.064,0.9857,0.1557,0,-0.1698,-0.1645,0.9716,0,-0.2753,18.666,-1.2773,1]},
{"frame":2,"values":[0.985,0.0157,0.1721,0,-0.0432,0.9866,0.1573,0,-0.1673,-0.1623,0.9724,0,-0.2753,18.666,-1.2773,1]},
{"frame":3,"values":[0.9856,0.0205,0.168,0,-0.0476,0.9862,0.1585,0,-0.1624,-0.1642,0.973,0,-0.2753,18.666,-1.2773,1]},
{"frame":4,"values":[0.9861,0.0321,0.1628,0,-0.0584,0.9854,0.1599,0,-0.1553,-0.1672,0.9736,0,-0.2753,18.666,-1.2773,1]},
{"frame":5,"values":[0.988,0.0304,0.1512,0,-0.055,0.9854,0.1612,0,-0.1441,-0.1676,0.9753,0,-0.2753,18.666,-1.2773,1]},
{"frame":6,"values":[0.9906,0.0182,0.1356,0,-0.0401,0.9861,0.161,0,-0.1308,-0.1649,0.9776,0,-0.2753,18.666,-1.2773,1]},
{"frame":7,"values":[0.9921,0.0063,0.1253,0,-0.0263,0.9869,0.1589,0,-0.1226,-0.1609,0.9793,0,-0.2753,18.666,-1.2773,1]},
{"frame":8,"values":[0.9923,-0.0002,0.124,0,-0.0189,0.988,0.1531,0,-0.1225,-0.1542,0.9804,0,-0.2753,18.666,-1.2773,1]},
{"frame":9,"values":[0.9924,-0.0028,0.1227,0,-0.0149,0.9896,0.1429,0,-0.1218,-0.1436,0.9821,0,-0.2753,18.666,-1.2773,1]},
{"frame":10,"values":[0.9926,-0.0088,0.1214,0,-0.008,0.9904,0.138,0,-0.1214,-0.138,0.983,0,-0.2753,18.666,-1.2773,1]},
{"frame":11,"values":[0.9924,-0.0149,0.1225,0,-0.0015,0.9911,0.1331,0,-0.1234,-0.1323,0.9835,0,-0.2753,18.666,-1.2773,1]},
{"frame":12,"values":[0.9921,-0.021,0.1236,0,0.0037,0.9903,0.1389,0,-0.1253,-0.1374,0.9826,0,-0.2753,18.666,-1.2773,1]},
{"frame":13,"values":[0.9918,-0.0271,0.1246,0,0.0088,0.9894,0.1447,0,-0.1272,-0.1424,0.9816,0,-0.2753,18.666,-1.2773,1]},
{"frame":14,"values":[0.9935,-0.0332,0.1091,0,0.0165,0.9884,0.1507,0,-0.1128,-0.1479,0.9825,0,-0.2753,18.666,-1.2773,1]},
{"frame":15,"values":[0.9949,-0.0393,0.0934,0,0.0256,0.9893,0.1439,0,-0.0981,-0.1408,0.9852,0,-0.2753,18.666,-1.2773,1]},
{"frame":16,"values":[0.9959,-0.0455,0.0778,0,0.0345,0.99,0.137,0,-0.0832,-0.1337,0.9875,0,-0.2753,18.666,-1.2773,1]},
{"frame":17,"values":[0.9972,-0.0403,0.0622,0,0.032,0.991,0.1298,0,-0.0669,-0.1275,0.9896,0,-0.2753,18.666,-1.2773,1]},
{"frame":18,"values":[0.9983,-0.0352,0.0466,0,0.0293,0.992,0.1227,0,-0.0505,-0.1211,0.9914,0,-0.2753,18.666,-1.2773,1]},
{"frame":19,"values":[0.9991,-0.0302,0.0309,0,0.0265,0.9929,0.1156,0,-0.0342,-0.1146,0.9928,0,-0.2753,18.666,-1.2773,1]},
{"frame":20,"values":[0.9996,-0.0254,0.0152,0,0.0236,0.9938,0.1085,0,-0.0179,-0.1081,0.994,0,-0.2753,18.666,-1.2773,1]},
{"frame":21,"values":[0.9998,-0.0206,-0.0006,0,0.0205,0.9946,0.1015,0,-0.0015,-0.1015,0.9948,0,-0.2753,18.666,-1.2773,1]},
{"frame":22,"values":[0.9997,-0.0159,-0.0163,0,0.0174,0.9954,0.0945,0,0.0148,-0.0948,0.9954,0,-0.2753,18.666,-1.2773,1]},
{"frame":23,"values":[0.9999,-0.0112,-0.0057,0,0.0117,0.9961,0.0875,0,0.0047,-0.0876,0.9961,0,-0.2753,18.666,-1.2773,1]},
{"frame":24,"values":[1,-0.0065,0.0048,0,0.006,0.9967,0.0805,0,-0.0054,-0.0805,0.9967,0,-0.2753,18.666,-1.2773,1]},
{"frame":25,"values":[0.9999,-0.0016,0.0154,0,0.0005,0.9973,0.0734,0,-0.0155,-0.0734,0.9972,0,-0.2753,18.666,-1.2773,1]},
{"frame":26,"values":[0.9997,0.0033,0.0259,0,-0.005,0.9978,0.0662,0,-0.0256,-0.0664,0.9975,0,-0.2753,18.666,-1.2773,1]},
{"frame":27,"values":[0.9993,0.0083,0.0364,0,-0.0104,0.9982,0.059,0,-0.0358,-0.0594,0.9976,0,-0.2753,18.666,-1.2773,1]},
{"frame":28,"values":[0.9988,0.0133,0.0468,0,-0.0158,0.9985,0.0517,0,-0.046,-0.0524,0.9976,0,-0.2753,18.666,-1.2773,1]},
{"frame":29,"values":[0.9982,0.0185,0.0572,0,-0.021,0.9988,0.0444,0,-0.0563,-0.0455,0.9974,0,-0.2753,18.666,-1.2773,1]},
{"frame":30,"values":[0.9974,0.0237,0.0675,0,-0.0262,0.999,0.037,0,-0.0666,-0.0387,0.997,0,-0.2753,18.666,-1.2773,1]},
{"frame":31,"values":[0.9965,0.0287,0.078,0,-0.0329,0.9981,0.0528,0,-0.0763,-0.0552,0.9956,0,-0.2753,18.666,-1.2773,1]},
{"frame":32,"values":[0.9955,0.0335,0.0884,0,-0.0396,0.9969,0.0685,0,-0.0859,-0.0717,0.9937,0,-0.2753,18.666,-1.2773,1]},
{"frame":33,"values":[0.9946,0.0315,0.099,0,-0.0399,0.9957,0.084,0,-0.0959,-0.0875,0.9915,0,-0.2753,18.666,-1.2773,1]},
{"frame":34,"values":[0.9936,0.0293,0.1095,0,-0.0403,0.9942,0.0995,0,-0.1059,-0.1033,0.989,0,-0.2753,18.666,-1.2773,1]},
{"frame":35,"values":[0.9924,0.0269,0.1199,0,-0.0408,0.9925,0.115,0,-0.1159,-0.1191,0.9861,0,-0.2753,18.666,-1.2773,1]},
{"frame":36,"values":[0.9912,0.0244,0.1303,0,-0.0416,0.9906,0.1305,0,-0.1259,-0.1348,0.9828,0,-0.2753,18.666,-1.2773,1]},
{"frame":37,"values":[0.9898,0.0217,0.1406,0,-0.0424,0.9884,0.1459,0,-0.1358,-0.1504,0.9793,0,-0.2753,18.666,-1.2773,1]},
{"frame":38,"values":[0.9884,0.0189,0.1509,0,-0.0435,0.986,0.1613,0,-0.1458,-0.1659,0.9753,0,-0.2753,18.666,-1.2773,1]},
{"frame":39,"values":[0.9866,0.0233,0.1613,0,-0.0496,0.9857,0.1609,0,-0.1552,-0.1668,0.9737,0,-0.2753,18.666,-1.2773,1]},
{"frame":40,"values":[0.9834,0.0358,0.1779,0,-0.0641,0.9857,0.1557,0,-0.1698,-0.1645,0.9716,0,-0.2753,18.666,-1.2773,1]}],"loopBehavior":1,"name":"anim","property":"_matrix"}},
{"name":"mixamorig:Spine2","index":3,"matrix":[0.9842,0.0377,0.173,0,-0.066,0.9848,0.1607,0,-0.1643,-0.1696,0.9717,0,-0.1401,21.7211,-0.581,1],"rest":[1,0,0,0,0,1,0,0,0,0,1,0,-0.1401,21.7211,-0.581,1],"parentBoneIndex":2,"length":20.0301
,"animation":{"dataType":3,"framePerSecond":24,"keys":[
{"frame":1,"values":[0.9842,0.0377,0.173,0,-0.066,0.9848,0.1607,0,-0.1643,-0.1696,0.9717,0,-0.1401,21.7211,-0.581,1]},
{"frame":2,"values":[0.9852,0.0166,0.1708,0,-0.0441,0.9864,0.1585,0,-0.1659,-0.1637,0.9725,0,-0.1401,21.7211,-0.581,1]},
{"frame":3,"values":[0.9856,0.0207,0.1679,0,-0.0477,0.9862,0.1587,0,-0.1623,-0.1644,0.973,0,-0.1401,21.7211,-0.581,1]},
{"frame":4,"values":[0.9862,0.032,0.1625,0,-0.0583,0.9854,0.1602,0,-0.155,-0.1674,0.9736,0,-0.1401,21.7211,-0.581,1]},
{"frame":5,"values":[0.9881,0.0304,0.151,0,-0.055,0.9853,0.1615,0,-0.1438,-0.1679,0.9753,0,-0.1401,21.7211,-0.581,1]},
{"frame":6,"values":[0.9907,0.0181,0.1352,0,-0.04,0.9861,0.1613,0,-0.1304,-0.1652,0.9776,0,-0.1401,21.7211,-0.581,1]},
{"frame":7,"values":[0.9922,0.0061,0.1246,0,-0.026,0.9869,0.1594,0,-0.122,-0.1614,0.9793,0,-0.1401,21.7211,-0.581,1]},
{"frame":8,"values":[0.9924,-0.0005,0.1234,0,-0.0186,0.9879,0.1537,0,-0.122,-0.1548,0.9804,0,-0.1401,21.7211,-0.581,1]},
{"frame":9,"values":[0.9925,-0.0031,0.1221,0,-0.0146,0.9896,0.1434,0,-0.1213,-0.1441,0.9821,0,-0.1401,21.7211,-0.581,1]},
{"frame":10,"values":[0.9926,-0.0091,0.1209,0,-0.0077,0.9903,0.1385,0,-0.121,-0.1385,0.983,0,-0.1401,21.7211,-0.581,1]},
{"frame":11,"values":[0.9924,-0.0152,0.1224,0,-0.0013,0.991,0.1336,0,-0.1233,-0.1328,0.9835,0,-0.1401,21.7211,-0.581,1]},
{"frame":12,"values":[0.9921,-0.0213,0.1238,0,0.0038,0.9902,0.1394,0,-0.1256,-0.1379,0.9825,0,-0.1401,21.7211,-0.581,1]},
{"frame":13,"values":[0.9936,-0.0274,0.1098,0,0.0112,0.9893,0.1456,0,-0.1126,-0.1434,0.9832,0,-0.1401,21.7211,-0.581,1]},
{"frame":14,"values":[0.9948,-0.0335,0.0957,0,0.0187,0.9883,0.1516,0,-0.0997,-0.149,0.9838,0,-0.1401,21.7211,-0.581,1]},
{"frame":15,"values":[0.9959,-0.0395,0.0816,0,0.0274,0.9891,0.1447,0,-0.0864,-0.1419,0.9861,0,-0.1401,21.7211,-0.581,1]},
{"frame":16,"values":[0.9967,-0.0457,0.0675,0,0.0361,0.9898,0.1377,0,-0.0731,-0.1348,0.9882,0,-0.1401,21.7211,-0.581,1]},
{"frame":17,"values":[0.9977,-0.0413,0.0535,0,0.034,0.9909,0.1306,0,-0.0584,-0.1285,0.99,0,-0.1401,21.7211,-0.581,1]},
{"frame":18,"values":[0.9985,-0.0369,0.0394,0,0.0318,0.9918,0.1234,0,-0.0437,-0.122,0.9916,0,-0.1401,21.7211,-0.581,1]},
{"frame":19,"values":[0.9991,-0.0326,0.0253,0,0.0295,0.9928,0.1163,0,-0.0289,-0.1155,0.9929,0,-0.1401,21.7211,-0.581,1]},
{"frame":20,"values":[0.9995,-0.0284,0.0112,0,0.0271,0.9936,0.1092,0,-0.0142,-0.1089,0.994,0,-0.1401,21.7211,-0.581,1]},
{"frame":21,"values":[0.9997,-0.0244,-0.003,0,0.0245,0.9945,0.1022,0,0.0005,-0.1022,0.9948,0,-0.1401,21.7211,-0.581,1]},
{"frame":22,"values":[0.9996,-0.0204,-0.0172,0,0.0219,0.9952,0.0951,0,0.0152,-0.0955,0.9953,0,-0.1401,21.7211,-0.581,1]},
{"frame":23,"values":[0.9998,-0.0164,-0.0068,0,0.0169,0.996,0.0881,0,0.0053,-0.0882,0.9961,0,-0.1401,21.7211,-0.581,1]},
{"frame":24,"values":[0.9999,-0.0123,0.0037,0,0.012,0.9966,0.0811,0,-0.0047,-0.081,0.9967,0,-0.1401,21.7211,-0.581,1]},
{"frame":25,"values":[0.9999,-0.0082,0.0141,0,0.0072,0.9972,0.0739,0,-0.0147,-0.0738,0.9972,0,-0.1401,21.7211,-0.581,1]},
{"frame":26,"values":[0.9997,-0.004,0.0245,0,0.0024,0.9978,0.0668,0,-0.0247,-0.0667,0.9975,0,-0.1401,21.7211,-0.581,1]},
{"frame":27,"values":[0.9994,0.0003,0.0348,0,-0.0023,0.9982,0.0595,0,-0.0347,-0.0596,0.9976,0,-0.1401,21.7211,-0.581,1]},
{"frame":28,"values":[0.999,0.0046,0.0451,0,-0.007,0.9986,0.0523,0,-0.0448,-0.0525,0.9976,0,-0.1401,21.7211,-0.581,1]},
{"frame":29,"values":[0.9984,0.009,0.0554,0,-0.0115,0.9989,0.045,0,-0.0549,-0.0455,0.9975,0,-0.1401,21.7211,-0.581,1]},
{"frame":30,"values":[0.9978,0.0135,0.0656,0,-0.016,0.9992,0.0376,0,-0.0651,-0.0385,0.9971,0,-0.1401,21.7211,-0.581,1]},
{"frame":31,"values":[0.997,0.0178,0.076,0,-0.0217,0.9984,0.0518,0,-0.0749,-0.0533,0.9958,0,-0.1401,21.7211,-0.581,1]},
{"frame":32,"values":[0.9961,0.017,0.0864,0,-0.0227,0.9976,0.0659,0,-0.085,-0.0676,0.9941,0,-0.1401,21.7211,-0.581,1]},
{"frame":33,"values":[0.9952,0.0161,0.0967,0,-0.0238,0.9965,0.08,0,-0.0951,-0.0819,0.9921,0,-0.1401,21.7211,-0.581,1]},
{"frame":34,"values":[0.9941,0.015,0.107,0,-0.0251,0.9953,0.094,0,-0.1051,-0.0962,0.9898,0,-0.1401,21.7211,-0.581,1]},
{"frame":35,"values":[0.993,0.0138,0.1173,0,-0.0265,0.9938,0.1081,0,-0.1151,-0.1104,0.9872,0,-0.1401,21.7211,-0.581,1]},
{"frame":36,"values":[0.9917,0.0124,0.1276,0,-0.0281,0.9921,0.1221,0,-0.1251,-0.1246,0.9843,0,-0.1401,21.7211,-0.581,1]},
{"frame":37,"values":[0.9904,0.0109,0.1378,0,-0.0298,0.9903,0.136,0,-0.135,-0.1388,0.9811,0,-0.1401,21.7211,-0.581,1]},
{"frame":38,"values":[0.9888,0.0163,0.148,0,-0.0387,0.988,0.1498,0,-0.1438,-0.1539,0.9776,0,-0.1401,21.7211,-0.581,1]},
{"frame":39,"values":[0.9872,0.0215,0.1583,0,-0.0477,0.9854,0.1635,0,-0.1525,-0.1689,0.9738,0,-0.1401,21.7211,-0.581,1]},
{"frame":40,"values":[0.9842,0.0377,0.173,0,-0.066,0.9848,0.1607,0,-0.1643,-0.1696,0.9717,0,-0.1401,21.7211,-0.581,1]}],"loopBehavior":1,"name":"anim","property":"_matrix"}},
{"name":"mixamorig:Neck","index":4,"matrix":[0.9951,-0.0948,0.0295,0,0.0982,0.984,-0.1487,0,-0.015,0.1509,0.9884,0,-0.0644,24.2931,0.579,1],"rest":[1,0,0,0,0,1,0,0,0,0,1,0,-0.0644,24.2931,0.579,1],"parentBoneIndex":3,"length":16.8487
,"animation":{"dataType":3,"framePerSecond":24,"keys":[
{"frame":1,"values":[0.9951,-0.0948,0.0295,0,0.0982,0.984,-0.1487,0,-0.015,0.1509,0.9884,0,-0.0644,24.2931,0.579,1]},
{"frame":2,"values":[0.997,-0.0724,0.0282,0,0.0756,0.9879,-0.1356,0,-0.0181,0.1373,0.9904,0,-0.0644,24.2931,0.579,1]},
{"frame":3,"values":[0.9954,-0.0915,0.0295,0,0.0948,0.985,-0.1445,0,-0.0159,0.1466,0.9891,0,-0.0644,24.2931,0.579,1]},
{"frame":4,"values":[0.9931,-0.1132,0.0302,0,0.1168,0.9781,-0.1721,0,-0.01,0.1744,0.9846,0,-0.0644,24.2931,0.579,1]},
{"frame":5,"values":[0.9939,-0.1066,0.0291,0,0.1103,0.9733,-0.2014,0,-0.0068,0.2033,0.9791,0,-0.0644,24.2931,0.579,1]},
{"frame":6,"values":[0.9966,-0.0776,0.0289,0,0.0821,0.9715,-0.2224,0,-0.0108,0.224,0.9745,0,-0.0644,24.2931,0.579,1]},
{"frame":7,"values":[0.9984,-0.0479,0.0288,0,0.0534,0.9697,-0.2385,0,-0.0165,0.2396,0.9707,0,-0.0644,24.2931,0.579,1]},
{"frame":8,"values":[0.999,-0.0341,0.0273,0,0.0399,0.9674,-0.2502,0,-0.0178,0.2511,0.9678,0,-0.0644,24.2931,0.579,1]},
{"frame":9,"values":[0.999,-0.0365,0.0246,0,0.0416,0.9662,-0.2543,0,-0.0145,0.2551,0.9668,0,-0.0644,24.2931,0.579,1]},
{"frame":10,"values":[0.9988,-0.0439,0.0225,0,0.0482,0.9663,-0.2528,0,-0.0106,0.2536,0.9673,0,-0.0644,24.2931,0.579,1]},
{"frame":11,"values":[0.9987,-0.0472,0.0204,0,0.0508,0.9663,-0.2524,0,-0.0078,0.2531,0.9674,0,-0.0644,24.2931,0.579,1]},
{"frame":12,"values":[0.9987,-0.0469,0.0183,0,0.05,0.9659,-0.2539,0,-0.0058,0.2545,0.9671,0,-0.0644,24.2931,0.579,1]},
{"frame":13,"values":[0.9986,-0.0475,0.0211,0,0.0512,0.9692,-0.241,0,-0.009,0.2417,0.9703,0,-0.0644,24.2931,0.579,1]},
{"frame":14,"values":[0.9985,-0.0487,0.0238,0,0.0529,0.9722,-0.228,0,-0.0121,0.229,0.9734,0,-0.0644,24.2931,0.579,1]},
{"frame":15,"values":[0.9986,-0.0463,0.0266,0,0.051,0.9753,-0.2151,0,-0.016,0.2161,0.9762,0,-0.0644,24.2931,0.579,1]},
{"frame":16,"values":[0.9986,-0.0429,0.0293,0,0.0479,0.9782,-0.202,0,-0.02,0.2032,0.9789,0,-0.0644,24.2931,0.579,1]},
{"frame":17,"values":[0.9987,-0.0394,0.0321,0,0.0448,0.981,-0.189,0,-0.024,0.1902,0.9815,0,-0.0644,24.2931,0.579,1]},
{"frame":18,"values":[0.9985,-0.0428,0.0349,0,0.0483,0.9832,-0.1759,0,-0.0268,0.1773,0.9838,0,-0.0644,24.2931,0.579,1]},
{"frame":19,"values":[0.9982,-0.0461,0.0376,0,0.0517,0.9853,-0.1628,0,-0.0295,0.1645,0.9859,0,-0.0644,24.2931,0.579,1]},
{"frame":20,"values":[0.9984,-0.0385,0.0403,0,0.0442,0.9878,-0.1497,0,-0.0341,0.1512,0.9879,0,-0.0644,24.2931,0.579,1]},
{"frame":21,"values":[0.9986,-0.0309,0.0431,0,0.0366,0.99,-0.1365,0,-0.0385,0.1379,0.9897,0,-0.0644,24.2931,0.579,1]},
{"frame":22,"values":[0.999,-0.0234,0.039,0,0.0281,0.992,-0.1234,0,-0.0358,0.1244,0.9916,0,-0.0644,24.2931,0.579,1]},
{"frame":23,"values":[0.9993,-0.0158,0.0351,0,0.0196,0.9937,-0.1102,0,-0.0331,0.1108,0.9933,0,-0.0644,24.2931,0.579,1]},
{"frame":24,"values":[0.9995,-0.0082,0.0312,0,0.0112,0.9952,-0.097,0,-0.0303,0.0973,0.9948,0,-0.0644,24.2931,0.579,1]},
{"frame":25,"values":[0.9995,-0.0143,0.0273,0,0.0166,0.9964,-0.0837,0,-0.026,0.0842,0.9961,0,-0.0644,24.2931,0.579,1]},
{"frame":26,"values":[0.9995,-0.0204,0.0232,0,0.022,0.9973,-0.0705,0,-0.0217,0.071,0.9972,0,-0.0644,24.2931,0.579,1]},
{"frame":27,"values":[0.9995,-0.0264,0.019,0,0.0279,0.9962,-0.0828,0,-0.0168,0.0833,0.9964,0,-0.0644,24.2931,0.579,1]},
{"frame":28,"values":[0.9994,-0.0324,0.0149,0,0.0337,0.9949,-0.0951,0,-0.0118,0.0956,0.9954,0,-0.0644,24.2931,0.579,1]},
{"frame":29,"values":[0.9992,-0.0385,0.0109,0,0.0395,0.9934,-0.1074,0,-0.0067,0.1078,0.9942,0,-0.0644,24.2931,0.579,1]},
{"frame":30,"values":[0.999,-0.0446,0.0069,0,0.0451,0.9918,-0.1198,0,-0.0015,0.12,0.9928,0,-0.0644,24.2931,0.579,1]},
{"frame":31,"values":[0.9987,-0.0508,0.003,0,0.0508,0.9899,-0.1321,0,0.0038,0.1321,0.9912,0,-0.0644,24.2931,0.579,1]},
{"frame":32,"values":[0.9984,-0.057,-0.0008,0,0.0563,0.9879,-0.1445,0,0.0091,0.1442,0.9895,0,-0.0644,24.2931,0.579,1]},
{"frame":33,"values":[0.998,-0.0633,-0.0046,0,0.0618,0.9857,-0.1568,0,0.0144,0.1562,0.9876,0,-0.0644,24.2931,0.579,1]},
{"frame":34,"values":[0.9976,-0.0694,0.0004,0,0.0685,0.9832,-0.169,0,0.0113,0.1687,0.9856,0,-0.0644,24.2931,0.579,1]},
{"frame":35,"values":[0.9971,-0.0755,0.0055,0,0.0753,0.9806,-0.1812,0,0.0083,0.1811,0.9834,0,-0.0644,24.2931,0.579,1]},
{"frame":36,"values":[0.9974,-0.0711,0.0105,0,0.0718,0.9818,-0.1757,0,0.0022,0.176,0.9844,0,-0.0644,24.2931,0.579,1]},
{"frame":37,"values":[0.9977,-0.0667,0.0155,0,0.0684,0.983,-0.1703,0,-0.0039,0.1709,0.9853,0,-0.0644,24.2931,0.579,1]},
{"frame":38,"values":[0.9972,-0.0716,0.0205,0,0.0741,0.9835,-0.1648,0,-0.0084,0.1658,0.9861,0,-0.0644,24.2931,0.579,1]},
{"frame":39,"values":[0.9967,-0.0766,0.0255,0,0.0797,0.984,-0.1593,0,-0.0129,0.1608,0.9869,0,-0.0644,24.2931,0.579,1]},
{"frame":40,"values":[0.9951,-0.0948,0.0295,0,0.0982,0.984,-0.1487,0,-0.015,0.1509,0.9884,0,-0.0644,24.2931,0.579,1]}],"loopBehavior":1,"name":"anim","property":"_matrix"}},
{"name":"mixamorig:Head","index":5,"matrix":[0.989,0.1095,0.0995,0,-0.0559,0.8991,-0.4342,0,-0.137,0.4239,0.8953,0,-0.2741,16.32,4.1786,1],"rest":[1,0,0,0,0,1,0,0,0,0,1,0,-0.2741,16.32,4.1786,1],"parentBoneIndex":4,"length":27.9803
,"animation":{"dataType":3,"framePerSecond":24,"keys":[
{"frame":1,"values":[0.989,0.1095,0.0995,0,-0.0559,0.8991,-0.4342,0,-0.137,0.4239,0.8953,0,-0.2741,16.32,4.1786,1]},
{"frame":2,"values":[0.9826,0.1359,0.1265,0,-0.0629,0.8847,-0.4619,0,-0.1747,0.4459,0.8779,0,-0.2741,16.32,4.1786,1]},
{"frame":3,"values":[0.9786,0.1355,0.1549,0,-0.0435,0.8717,-0.488,0,-0.2012,0.4709,0.859,0,-0.2741,16.32,4.1786,1]},
{"frame":4,"values":[0.9803,0.1118,0.1625,0,-0.0135,0.8599,-0.5102,0,-0.1968,0.498,0.8446,0,-0.2741,16.32,4.1786,1]},
{"frame":5,"values":[0.9846,0.0847,0.1527,0,0.0092,0.8482,-0.5296,0,-0.1744,0.5229,0.8344,0,-0.2741,16.32,4.1786,1]},
{"frame":6,"values":[0.9873,0.0606,0.1466,0,0.0286,0.8409,-0.5405,0,-0.1561,0.5378,0.8285,0,-0.2741,16.32,4.1786,1]},
{"frame":7,"values":[0.9885,0.0426,0.1451,0,0.0401,0.8512,-0.5232,0,-0.1458,0.523,0.8397,0,-0.2741,16.32,4.1786,1]},
{"frame":8,"values":[0.9899,0.0333,0.1378,0,0.0415,0.8614,-0.5062,0,-0.1355,0.5068,0.8513,0,-0.2741,16.32,4.1786,1]},
{"frame":9,"values":[0.9917,0.0344,0.1238,0,0.0308,0.8716,-0.4893,0,-0.1248,0.4891,0.8633,0,-0.2741,16.32,4.1786,1]},
{"frame":10,"values":[0.993,0.043,0.1099,0,0.0141,0.8814,-0.4721,0,-0.1172,0.4704,0.8746,0,-0.2741,16.32,4.1786,1]},
{"frame":11,"values":[0.994,0.0519,0.0962,0,-0.0025,0.8907,-0.4545,0,-0.1092,0.4515,0.8855,0,-0.2741,16.32,4.1786,1]},
{"frame":12,"values":[0.9947,0.0611,0.0826,0,-0.019,0.8995,-0.4365,0,-0.1009,0.4326,0.8959,0,-0.2741,16.32,4.1786,1]},
{"frame":13,"values":[0.9926,0.0704,0.0992,0,-0.0228,0.9087,-0.4169,0,-0.1195,0.4115,0.9035,0,-0.2741,16.32,4.1786,1]},
{"frame":14,"values":[0.9901,0.0794,0.1161,0,-0.027,0.9173,-0.3972,0,-0.138,0.3901,0.9104,0,-0.2741,16.32,4.1786,1]},
{"frame":15,"values":[0.9872,0.088,0.1331,0,-0.0316,0.9255,-0.3774,0,-0.1564,0.3684,0.9164,0,-0.2741,16.32,4.1786,1]},
{"frame":16,"values":[0.984,0.0962,0.1502,0,-0.0367,0.9332,-0.3575,0,-0.1746,0.3462,0.9218,0,-0.2741,16.32,4.1786,1]},
{"frame":17,"values":[0.9804,0.104,0.1674,0,-0.0421,0.9404,-0.3375,0,-0.1926,0.3238,0.9263,0,-0.2741,16.32,4.1786,1]},
{"frame":18,"values":[0.9783,0.094,0.1846,0,-0.0311,0.9477,-0.3175,0,-0.2048,0.3049,0.9301,0,-0.2741,16.32,4.1786,1]},
{"frame":19,"values":[0.9759,0.0837,0.2015,0,-0.0205,0.9546,-0.2973,0,-0.2172,0.286,0.9333,0,-0.2741,16.32,4.1786,1]},
{"frame":20,"values":[0.9732,0.073,0.2181,0,-0.0101,0.9609,-0.2767,0,-0.2298,0.2671,0.9359,0,-0.2741,16.32,4.1786,1]},
{"frame":21,"values":[0.9701,0.062,0.2345,0,0,0.9667,-0.2558,0,-0.2426,0.2482,0.9379,0,-0.2741,16.32,4.1786,1]},
{"frame":22,"values":[0.9732,0.0517,0.2243,0,0.0029,0.9716,-0.2366,0,-0.2301,0.2309,0.9454,0,-0.2741,16.32,4.1786,1]},
{"frame":23,"values":[0.976,0.0415,0.2138,0,0.0061,0.9761,-0.2174,0,-0.2177,0.2135,0.9524,0,-0.2741,16.32,4.1786,1]},
{"frame":24,"values":[0.9787,0.0315,0.2031,0,0.0096,0.9801,-0.1981,0,-0.2053,0.1958,0.9589,0,-0.2741,16.32,4.1786,1]},
{"frame":25,"values":[0.9811,0.0217,0.1922,0,0.0133,0.9838,-0.1787,0,-0.1929,0.1779,0.965,0,-0.2741,16.32,4.1786,1]},
{"frame":26,"values":[0.983,0.0305,0.1812,0,-0.0013,0.9873,-0.1591,0,-0.1838,0.1561,0.9705,0,-0.2741,16.32,4.1786,1]},
{"frame":27,"values":[0.9846,0.0396,0.1705,0,-0.0157,0.9901,-0.1392,0,-0.1743,0.1343,0.9755,0,-0.2741,16.32,4.1786,1]},
{"frame":28,"values":[0.9859,0.0489,0.1599,0,-0.0299,0.9924,-0.119,0,-0.1645,0.1126,0.9799,0,-0.2741,16.32,4.1786,1]},
{"frame":29,"values":[0.987,0.0585,0.1495,0,-0.0439,0.9941,-0.0987,0,-0.1543,0.0909,0.9838,0,-0.2741,16.32,4.1786,1]},
{"frame":30,"values":[0.9878,0.0686,0.1395,0,-0.0501,0.99,-0.1321,0,-0.1472,0.1236,0.9814,0,-0.2741,16.32,4.1786,1]},
{"frame":31,"values":[0.9885,0.0784,0.1292,0,-0.0565,0.9846,-0.1654,0,-0.1402,0.1562,0.9777,0,-0.2741,16.32,4.1786,1]},
{"frame":32,"values":[0.989,0.0879,0.1186,0,-0.0631,0.9781,-0.1984,0,-0.1335,0.1888,0.9729,0,-0.2741,16.3201,4.1786,1]},
{"frame":33,"values":[0.9894,0.097,0.1077,0,-0.07,0.9704,-0.2311,0,-0.1269,0.2212,0.9669,0,-0.2741,16.32,4.1786,1]},
{"frame":34,"values":[0.9897,0.1057,0.0964,0,-0.0771,0.9616,-0.2635,0,-0.1206,0.2534,0.9598,0,-0.2741,16.32,4.1786,1]},
{"frame":35,"values":[0.9898,0.1141,0.0849,0,-0.0843,0.9516,-0.2954,0,-0.1145,0.2853,0.9516,0,-0.2741,16.32,4.1786,1]},
{"frame":36,"values":[0.9876,0.1229,0.0973,0,-0.0849,0.9413,-0.3267,0,-0.1317,0.3144,0.9401,0,-0.2741,16.32,4.1786,1]},
{"frame":37,"values":[0.9852,0.1321,0.1094,0,-0.085,0.93,-0.3576,0,-0.149,0.3431,0.9274,0,-0.2741,16.32,4.1786,1]},
{"frame":38,"values":[0.9843,0.1413,0.1063,0,-0.0896,0.917,-0.3886,0,-0.1524,0.373,0.9152,0,-0.2741,16.32,4.1786,1]},
{"frame":39,"values":[0.9854,0.1351,0.1032,0,-0.0801,0.9043,-0.4192,0,-0.15,0.4049,0.902,0,-0.2741,16.32,4.1786,1]},
{"frame":40,"values":[0.989,0.1095,0.0995,0,-0.0559,0.8991,-0.4342,0,-0.137,0.4239,0.8953,0,-0.2741,16.32,4.1786,1]}],"loopBehavior":1,"name":"anim","property":"_matrix"}},
{"name":"mixamorig:HeadTop_End","index":6,"matrix":[1,0,0,0,0,1,0,0,0,0,1,0,0.1302,35.7062,10.856,1],"rest":[1,0,0,0,0,1,0,0,0,0,1,0,0.1302,35.7062,10.856,1],"parentBoneIndex":5,"length":27.9803
,"animation":{"dataType":3,"framePerSecond":24,"keys":[
{"frame":1,"values":[1,0,0,0,0,1,0,0,0,0,1,0,0.1302,35.7062,10.856,1]},
{"frame":27,"values":[1,0,0,0,0,1,0,0,0,0,1,0,0.1302,35.7063,10.856,1]},
{"frame":28,"values":[1,0,0,0,0,1,0,0,0,0,1,0,0.1302,35.7062,10.856,1]},
{"frame":40,"values":[1,0,0,0,0,1,0,0,0,0,1,0,0.1302,35.7062,10.856,1]}],"loopBehavior":1,"name":"anim","property":"_matrix"}},
{"name":"mixamorig:RightEye","index":7,"matrix":[1,0,0,0,0,1,0,0,0,0,1,0,-6.1975,13.9717,17.3751,1],"rest":[1,0,0,0,0,1,0,0,0,0,1,0,-6.1975,13.9717,17.3751,1],"parentBoneIndex":5,"length":27.9803
,"animation":{"dataType":3,"framePerSecond":24,"keys":[
{"frame":1,"values":[1,0,0,0,0,1,0,0,0,0,1,0,-6.1975,13.9717,17.3751,1]},
{"frame":40,"values":[1,0,0,0,0,1,0,0,0,0,1,0,-6.1975,13.9717,17.3751,1]}],"loopBehavior":1,"name":"anim","property":"_matrix"}},
{"name":"mixamorig:LeftEye","index":8,"matrix":[1,0,0,0,0,1,0,0,0,0,1,0,6.6589,13.9331,17.6864,1],"rest":[1,0,0,0,0,1,0,0,0,0,1,0,6.6589,13.9331,17.6864,1],"parentBoneIndex":5,"length":27.9803
,"animation":{"dataType":3,"framePerSecond":24,"keys":[
{"frame":1,"values":[1,0,0,0,0,1,0,0,0,0,1,0,6.6589,13.9331,17.6864,1]},
{"frame":40,"values":[1,0,0,0,0,1,0,0,0,0,1,0,6.6589,13.9331,17.6864,1]}],"loopBehavior":1,"name":"anim","property":"_matrix"}},
{"name":"mixamorig:LeftShoulder","index":9,"matrix":[0.8709,-0.1379,0.4718,0,0.0907,0.9884,0.1215,0,-0.4831,-0.063,0.8733,0,9.4757,15.0678,1.1908,1],"rest":[0.9999,-0.0141,0,0,0.0141,0.9999,0,0,0,0,1,0,9.4757,15.0678,1.1908,1],"parentBoneIndex":3,"length":18.9287
,"animation":{"dataType":3,"framePerSecond":24,"keys":[
{"frame":1,"values":[0.8709,-0.1379,0.4718,0,0.0907,0.9884,0.1215,0,-0.4831,-0.063,0.8733,0,9.4757,15.0678,1.1908,1]},
{"frame":2,"values":[0.87,-0.1508,0.4693,0,0.1021,0.9865,0.1278,0,-0.4823,-0.0633,0.8737,0,9.4757,15.0678,1.1908,1]},
{"frame":3,"values":[0.8721,-0.1801,0.455,0,0.1301,0.9817,0.1391,0,-0.4717,-0.0621,0.8796,0,9.4757,15.0678,1.1908,1]},
{"frame":4,"values":[0.8828,-0.205,0.4227,0,0.1586,0.977,0.1426,0,-0.4422,-0.0589,0.895,0,9.4757,15.0678,1.1908,1]},
{"frame":5,"values":[0.8974,-0.2065,0.39,0,0.1665,0.9769,0.1342,0,-0.4087,-0.0555,0.911,0,9.4757,15.0678,1.1908,1]},
{"frame":6,"values":[0.9089,-0.1863,0.3731,0,0.1517,0.9811,0.1204,0,-0.3885,-0.0529,0.9199,0,9.4757,15.0678,1.1908,1]},
{"frame":7,"values":[0.9175,-0.1641,0.3624,0,0.1334,0.9851,0.1085,0,-0.3748,-0.0512,0.9257,0,9.4757,15.0678,1.1908,1]},
{"frame":8,"values":[0.9258,-0.1569,0.3439,0,0.1296,0.9864,0.1011,0,-0.3551,-0.049,0.9336,0,9.4757,15.0678,1.1908,1]},
{"frame":9,"values":[0.9325,-0.1649,0.3214,0,0.1403,0.9852,0.0985,0,-0.3329,-0.0467,0.9418,0,9.4757,15.0678,1.1908,1]},
{"frame":10,"values":[0.9351,-0.1737,0.3088,0,0.1502,0.9837,0.0985,0,-0.3209,-0.0457,0.946,0,9.4757,15.0678,1.1908,1]},
{"frame":11,"values":[0.9348,-0.171,0.3112,0,0.1473,0.9842,0.0981,0,-0.3231,-0.0458,0.9453,0,9.4757,15.0678,1.1908,1]},
{"frame":12,"values":[0.9339,-0.1587,0.3203,0,0.1347,0.9862,0.096,0,-0.3311,-0.0465,0.9425,0,9.4757,15.0678,1.1908,1]},
{"frame":13,"values":[0.9338,-0.148,0.3257,0,0.124,0.9879,0.0934,0,-0.3356,-0.0468,0.9408,0,9.4757,15.0678,1.1908,1]},
{"frame":14,"values":[0.9348,-0.1429,0.3251,0,0.1194,0.9886,0.0914,0,-0.3344,-0.0466,0.9413,0,9.4757,15.0678,1.1908,1]},
{"frame":15,"values":[0.9444,-0.1396,0.2977,0,0.1183,0.989,0.0885,0,-0.3068,-0.0484,0.9506,0,9.4757,15.0678,1.1908,1]},
{"frame":16,"values":[0.9527,-0.1394,0.27,0,0.1211,0.9891,0.0836,0,-0.2787,-0.0469,0.9592,0,9.4757,15.0678,1.1908,1]},
{"frame":17,"values":[0.9602,-0.1393,0.2421,0,0.1237,0.9892,0.0785,0,-0.2504,-0.0454,0.9671,0,9.4757,15.0678,1.1908,1]},
{"frame":18,"values":[0.9656,-0.1478,0.214,0,0.1351,0.9882,0.0729,0,-0.2222,-0.0415,0.9741,0,9.4757,15.0678,1.1908,1]},
{"frame":19,"values":[0.9701,-0.1563,0.1857,0,0.1462,0.987,0.0671,0,-0.1938,-0.0379,0.9803,0,9.4757,15.0678,1.1908,1]},
{"frame":20,"values":[0.9737,-0.165,0.1573,0,0.1572,0.9857,0.0609,0,-0.1651,-0.0345,0.9857,0,9.4757,15.0678,1.1908,1]},
{"frame":21,"values":[0.9764,-0.1734,0.1288,0,0.1679,0.9844,0.0528,0,-0.1359,-0.0299,0.9903,0,9.4757,15.0678,1.1908,1]},
{"frame":22,"values":[0.98,-0.1821,0.0801,0,0.179,0.9828,0.0447,0,-0.0868,-0.0295,0.9958,0,9.4757,15.0678,1.1908,1]},
{"frame":23,"values":[0.9803,-0.1865,0.0656,0,0.1845,0.9822,0.0364,0,-0.0712,-0.0236,0.9972,0,9.4757,15.0678,1.1908,1]},
{"frame":24,"values":[0.9802,-0.1911,0.0511,0,0.1898,0.9814,0.0281,0,-0.0555,-0.0178,0.9983,0,9.4757,15.0678,1.1908,1]},
{"frame":25,"values":[0.98,-0.1956,0.0367,0,0.195,0.9806,0.0197,0,-0.0398,-0.0121,0.9991,0,9.4757,15.0678,1.1908,1]},
{"frame":26,"values":[0.9795,-0.2003,0.0223,0,0.2001,0.9797,0.0112,0,-0.0241,-0.0065,0.9997,0,9.4757,15.0678,1.1908,1]},
{"frame":27,"values":[0.9788,-0.2047,0.0078,0,0.2047,0.9788,0.009,0,-0.0095,-0.0072,0.9999,0,9.4757,15.0678,1.1908,1]},
{"frame":28,"values":[0.9779,-0.2092,-0.0066,0,0.2092,0.9778,0.0068,0,0.005,-0.008,1,0,9.4757,15.0678,1.1908,1]},
{"frame":29,"values":[0.9772,-0.2113,-0.0211,0,0.2116,0.9772,0.0168,0,0.017,-0.0209,0.9996,0,9.4757,15.0678,1.1908,1]},
{"frame":30,"values":[0.9791,-0.2018,0.027,0,0.201,0.9792,0.0271,0,-0.0319,-0.0211,0.9993,0,9.4757,15.0678,1.1908,1]},
{"frame":31,"values":[0.9785,-0.1922,0.0751,0,0.1899,0.9811,0.0369,0,-0.0808,-0.0218,0.9965,0,9.4757,15.0678,1.1908,1]},
{"frame":32,"values":[0.9758,-0.181,0.1229,0,0.1762,0.9831,0.0488,0,-0.1297,-0.026,0.9912,0,9.4757,15.0678,1.1908,1]},
{"frame":33,"values":[0.9706,-0.1699,0.1705,0,0.1618,0.985,0.0601,0,-0.1782,-0.0307,0.9835,0,9.4757,15.0678,1.1908,1]},
{"frame":34,"values":[0.9629,-0.159,0.2179,0,0.1469,0.9866,0.0707,0,-0.2262,-0.036,0.9734,0,9.4757,15.0678,1.1908,1]},
{"frame":35,"values":[0.9518,-0.1551,0.2646,0,0.1388,0.9871,0.0796,0,-0.2735,-0.0391,0.9611,0,9.4757,15.0678,1.1908,1]},
{"frame":36,"values":[0.9384,-0.1514,0.3107,0,0.1302,0.9876,0.0882,0,-0.3201,-0.0423,0.9464,0,9.4757,15.0678,1.1908,1]},
{"frame":37,"values":[0.9244,-0.1474,0.3519,0,0.1208,0.988,0.0965,0,-0.3619,-0.0466,0.9311,0,9.4757,15.0678,1.1908,1]},
{"frame":38,"values":[0.9086,-0.1432,0.3924,0,0.1104,0.9883,0.105,0,-0.4029,-0.0521,0.9138,0,9.4757,15.0678,1.1908,1]},
{"frame":39,"values":[0.8908,-0.1406,0.4322,0,0.1012,0.9884,0.113,0,-0.4431,-0.0569,0.8947,0,9.4757,15.0678,1.1908,1]},
{"frame":40,"values":[0.8709,-0.1379,0.4718,0,0.0907,0.9884,0.1215,0,-0.4831,-0.063,0.8733,0,9.4757,15.0678,1.1908,1]}],"loopBehavior":1,"name":"anim","property":"_matrix"}},
{"name":"mixamorig:LeftArm","index":10,"matrix":[0.5187,-0.3632,0.7739,0,0.4437,0.8882,0.1194,0,-0.7308,0.2814,0.6219,0,18.5298,-0.6786,-3.8053,1],"rest":[0.9993,0.0313,0.0186,0,-0.0313,0.9995,-0.0004,0,-0.0186,-0.0002,0.9998,0,18.5298,-0.6786,-3.8053,1],"parentBoneIndex":9,"length":53.4314
,"animation":{"dataType":3,"framePerSecond":24,"keys":[
{"frame":1,"values":[0.5187,-0.3632,0.7739,0,0.4437,0.8882,0.1194,0,-0.7308,0.2814,0.6219,0,18.5298,-0.6786,-3.8053,1]},
{"frame":2,"values":[0.534,-0.3595,0.7652,0,0.4324,0.8939,0.1182,0,-0.7265,0.2678,0.6328,0,18.5298,-0.6786,-3.8053,1]},
{"frame":3,"values":[0.5398,-0.354,0.7638,0,0.435,0.894,0.1069,0,-0.7207,0.2746,0.6366,0,18.5298,-0.6786,-3.8053,1]},
{"frame":4,"values":[0.5474,-0.3607,0.7551,0,0.4411,0.8912,0.106,0,-0.7112,0.2751,0.647,0,18.5298,-0.6786,-3.8053,1]},
{"frame":5,"values":[0.5626,-0.3856,0.7313,0,0.4436,0.8873,0.1265,0,-0.6977,0.2532,0.6702,0,18.5298,-0.6786,-3.8053,1]},
{"frame":6,"values":[0.5776,-0.4189,0.7006,0,0.4426,0.8819,0.1624,0,-0.6859,0.2163,0.6948,0,18.5298,-0.6786,-3.8053,1]},
{"frame":7,"values":[0.5819,-0.4527,0.6756,0,0.4418,0.8734,0.2047,0,-0.6828,0.1794,0.7083,0,18.5298,-0.6786,-3.8053,1]},
{"frame":8,"values":[0.5713,-0.4922,0.6568,0,0.4516,0.8567,0.2491,0,-0.6853,0.1543,0.7117,0,18.5298,-0.6786,-3.8053,1]},
{"frame":9,"values":[0.5602,-0.5306,0.6361,0,0.4609,0.8377,0.2928,0,-0.6883,0.1291,0.7138,0,18.5298,-0.6786,-3.8053,1]},
