{"producer":{"name":"Blender","version":"2.79 (sub 0)","exporter_version":"5.6.4","file":"longdistancerun.babylon"},
"autoClear":true,"clearColor":[0.0509,0.0509,0.0509],"ambientColor":[0,0,0],"gravity":[0,-9.81,0],
"materials":[{"name":"longdistancerun.Material","id":"longdistancerun.Material","ambient":[0,0,0],"diffuse":[0,0,0],"specular":[0,0,0],"emissive":[0,0,0],"specularPower":50,"alpha":0.001,"backFaceCulling":true,"checkReadyOnlyOnce":false,"maxSimultaneousLights":4}],
"multiMaterials":[],
"skeletons":[{"name":"Armature","id":0,"dimensionsAtRest":[379.1952,391.6652,55.677],"bones":[
{"name":"mixamorig:Hips","index":0,"matrix":[0.9971,-0.0512,0.0565,0,0.0563,0.9942,-0.0919,0,0.0515,-0.0948,-0.9942,0,0.3735,185.9389,-1.8449,1],"rest":[1,0,0,0,0,1,0,0,0,0,-1,0,0,201.6394,0,1],"parentBoneIndex":-1,"length":21.6784
,"animation":{"dataType":3,"framePerSecond":24,"keys":[
{"frame":1,"values":[0.9971,-0.0512,0.0565,0,0.0563,0.9942,-0.0919,0,0.0515,-0.0948,-0.9942,0,0.3735,185.9389,-1.8449,1]},
{"frame":2,"values":[0.9986,-0.0245,0.0473,0,0.0288,0.9952,-0.0932,0,0.0448,-0.0944,-0.9945,0,1.0089,191.6138,-5.0322,1]},
{"frame":3,"values":[0.9971,0.0029,0.0764,0,0.0038,0.9962,-0.0874,0,0.0764,-0.0875,-0.9932,0,1.6443,198.4612,-8.6482,1]},
{"frame":4,"values":[0.994,0.0157,0.1081,0,-0.0056,0.9956,-0.0938,0,0.1091,-0.0927,-0.9897,0,2.2797,200.7972,-12.7111,1]},
{"frame":5,"values":[0.9968,0.0024,0.0801,0,0.0034,0.9974,-0.0721,0,0.08,-0.0722,-0.9942,0,2.9151,200.0836,-15.1405,1]},
{"frame":6,"values":[0.9956,0.0024,0.0935,0,0.002,0.9989,-0.0466,0,0.0935,-0.0466,-0.9945,0,3.1069,198.0514,-15.7836,1]},
{"frame":7,"values":[0.9926,0.0094,0.121,0,-0.0044,0.9991,-0.0414,0,0.1212,-0.0406,-0.9918,0,2.8832,192.9453,-13.0657,1]},
{"frame":8,"values":[0.9945,0.0128,0.1039,0,-0.0078,0.9988,-0.0483,0,0.1044,-0.0472,-0.9934,0,2.2013,187.8392,-9.7678,1]},
{"frame":9,"values":[0.9955,0.0174,0.0931,0,-0.0115,0.998,-0.0629,0,0.094,-0.0615,-0.9937,0,1.5194,182.7331,-6.4699,1]},
{"frame":10,"values":[0.9954,-0.016,0.094,0,0.0245,0.9957,-0.0898,0,0.0921,-0.0917,-0.9915,0,0.8374,187.8526,-3.172,1]},
{"frame":11,"values":[0.9979,-0.0495,0.0414,0,0.054,0.9916,-0.1172,0,0.0353,-0.1192,-0.9922,0,0.9059,192.972,-4.506,1]},
{"frame":12,"values":[0.9963,-0.0829,0.0233,0,0.0854,0.9859,-0.1442,0,0.0111,-0.1457,-0.9893,0,0.8524,198.0915,-5.84,1]},
{"frame":13,"values":[0.9973,-0.0736,0.0052,0,0.0736,0.9882,-0.1346,0,-0.0048,-0.1346,-0.9909,0,1.1,195.0678,-7.174,1]},
{"frame":14,"values":[0.9978,-0.0643,-0.0129,0,0.0622,0.9902,-0.1249,0,-0.0208,-0.1238,-0.9921,0,0.7157,192.0441,-8.508,1]},
{"frame":15,"values":[0.9984,-0.0549,0.016,0,0.0564,0.9918,-0.115,0,0.0096,-0.1157,-0.9932,0,0.3314,189.0204,-6.0876,1]},
{"frame":16,"values":[0.9979,-0.0457,0.0451,0,0.0502,0.9932,-0.1053,0,0.0399,-0.1074,-0.9934,0,-0.0529,185.9967,-3.6672,1]},
{"frame":17,"values":[0.9939,-0.0813,0.074,0,0.0883,0.9915,-0.0955,0,0.0656,-0.1014,-0.9927,0,-0.4372,182.973,-1.2468,1]},
{"frame":18,"values":[0.9971,-0.0512,0.0565,0,0.0563,0.9942,-0.0919,0,0.0515,-0.0948,-0.9942,0,0.3735,185.9389,-1.8449,1]}],"loopBehavior":1,"name":"anim","property":"_matrix"}},
{"name":"mixamorig:Spine","index":1,"matrix":[0.9993,0.0299,-0.0206,0,-0.028,0.9959,0.0864,0,0.0231,-0.0858,0.996,0,0.0062,19.525,-2.4818,1],"rest":[1,0,0,0,0,1,0,0,0,0,1,0,0.0062,19.525,-2.4818,1],"parentBoneIndex":0,"length":23.0091
,"animation":{"dataType":3,"framePerSecond":24,"keys":[
{"frame":1,"values":[0.9993,0.0299,-0.0206,0,-0.028,0.9959,0.0864,0,0.0231,-0.0858,0.996,0,0.0062,19.525,-2.4818,1]},
{"frame":2,"values":[0.9987,0.0173,-0.0471,0,-0.0136,0.9969,0.0773,0,0.0483,-0.0765,0.9959,0,0.0062,19.525,-2.4818,1]},
{"frame":3,"values":[0.9978,0.0019,-0.0664,0,0.0024,0.9979,0.0645,0,0.0664,-0.0645,0.9957,0,0.0062,19.525,-2.4818,1]},
{"frame":4,"values":[0.9973,-0.0087,-0.0726,0,0.0125,0.9986,0.0518,0,0.0721,-0.0526,0.996,0,0.0062,19.525,-2.4818,1]},
{"frame":5,"values":[0.9973,-0.0108,-0.0733,0,0.0145,0.9986,0.0505,0,0.0726,-0.0514,0.996,0,0.0062,19.525,-2.4818,1]},
{"frame":6,"values":[0.9978,-0.0121,-0.0656,0,0.016,0.9981,0.0593,0,0.0648,-0.0602,0.9961,0,0.0062,19.525,-2.4818,1]},
{"frame":7,"values":[0.9989,-0.0146,-0.0454,0,0.0177,0.9975,0.0681,0,0.0443,-0.0688,0.9966,0,0.0062,19.525,-2.4818,1]},
{"frame":8,"values":[0.9995,-0.0205,-0.0251,0,0.0223,0.9968,0.0768,0,0.0234,-0.0774,0.9967,0,0.0062,19.525,-2.4818,1]},
{"frame":9,"values":[0.9996,-0.0265,-0.0048,0,0.0268,0.996,0.0857,0,0.0025,-0.0858,0.9963,0,0.0062,19.525,-2.4818,1]},
{"frame":10,"values":[0.9998,-0.0121,0.0155,0,0.0106,0.9955,0.0944,0,-0.0166,-0.0942,0.9954,0,0.0062,19.525,-2.4818,1]},
{"frame":11,"values":[0.9994,0.0022,0.0359,0,-0.0051,0.9965,0.0829,0,-0.0356,-0.083,0.9959,0,0.0062,19.525,-2.4818,1]},
{"frame":12,"values":[0.9983,0.0167,0.056,0,-0.0206,0.9973,0.0711,0,-0.0547,-0.0721,0.9959,0,0.0062,19.525,-2.4818,1]},
{"frame":13,"values":[0.9966,0.031,0.0763,0,-0.0367,0.9965,0.0753,0,-0.0737,-0.0778,0.9942,0,0.0062,19.525,-2.4818,1]},
{"frame":14,"values":[0.9976,0.0306,0.0625,0,-0.0355,0.9962,0.0796,0,-0.0598,-0.0817,0.9949,0,0.0062,19.525,-2.4818,1]},
{"frame":15,"values":[0.9982,0.0355,0.0486,0,-0.0395,0.9957,0.0839,0,-0.0454,-0.0857,0.9953,0,0.0062,19.525,-2.4818,1]},
{"frame":16,"values":[0.9986,0.0404,0.0347,0,-0.0434,0.9952,0.0883,0,-0.031,-0.0897,0.9955,0,0.0062,19.525,-2.4818,1]},
{"frame":17,"values":[0.9987,0.0454,0.0208,0,-0.0472,0.9946,0.0927,0,-0.0165,-0.0936,0.9955,0,0.0062,19.525,-2.4818,1]},
{"frame":18,"values":[0.9993,0.0299,-0.0206,0,-0.028,0.9959,0.0864,0,0.0231,-0.0858,0.996,0,0.0062,19.525,-2.4818,1]}],"loopBehavior":1,"name":"anim","property":"_matrix"}},
{"name":"mixamorig:Spine1","index":2,"matrix":[0.9984,0.038,-0.043,0,-0.03,0.9845,0.1726,0,0.0489,-0.171,0.9841,0,-0.0009,22.835,-2.8254,1],"rest":[1,0,0,0,0,1,0,0,0,0,1,0,-0.0009,22.835,-2.8254,1],"parentBoneIndex":1,"length":26.7438
,"animation":{"dataType":3,"framePerSecond":24,"keys":[
{"frame":1,"values":[0.9984,0.038,-0.043,0,-0.03,0.9845,0.1726,0,0.0489,-0.171,0.9841,0,-0.0009,22.835,-2.8254,1]},
{"frame":2,"values":[0.9957,0.0244,-0.0897,0,-0.0103,0.988,0.1544,0,0.0923,-0.1528,0.9839,0,-0.0009,22.835,-2.8254,1]},
{"frame":3,"values":[0.9907,0.005,-0.1361,0,0.0129,0.9914,0.1305,0,0.1356,-0.131,0.9821,0,-0.0009,22.835,-2.8254,1]},
{"frame":4,"values":[0.9874,-0.0162,-0.1577,0,0.0326,0.9942,0.1021,0,0.1551,-0.1059,0.9822,0,-0.0009,22.835,-2.8254,1]},
{"frame":5,"values":[0.9858,-0.0199,-0.1669,0,0.0369,0.9944,0.099,0,0.164,-0.1038,0.981,0,-0.0009,22.835,-2.8254,1]},
{"frame":6,"values":[0.9885,-0.0198,-0.15,0,0.0375,0.9926,0.1156,0,0.1466,-0.1199,0.9819,0,-0.0009,22.835,-2.8254,1]},
{"frame":7,"values":[0.9943,-0.0229,-0.1044,0,0.0375,0.9893,0.1408,0,0.1001,-0.1439,0.9845,0,-0.0009,22.835,-2.8254,1]},
{"frame":8,"values":[0.9979,-0.0281,-0.0585,0,0.037,0.9869,0.1569,0,0.0534,-0.1587,0.9859,0,-0.0009,22.835,-2.8254,1]},
{"frame":9,"values":[0.9995,-0.0277,-0.0126,0,0.0295,0.9845,0.1726,0,0.0076,-0.1729,0.9849,0,-0.0009,22.835,-2.8254,1]},
{"frame":10,"values":[0.9994,-0.0068,0.0334,0,0.0004,0.9822,0.188,0,-0.0341,-0.1879,0.9816,0,-0.0009,22.835,-2.8254,1]},
{"frame":11,"values":[0.9967,0.0134,0.0796,0,-0.0264,0.9861,0.1641,0,-0.0763,-0.1657,0.9832,0,-0.0009,22.835,-2.8254,1]},
{"frame":12,"values":[0.9915,0.0347,0.1251,0,-0.0522,0.9889,0.139,0,-0.1189,-0.1443,0.9824,0,-0.0009,22.835,-2.8254,1]},
{"frame":13,"values":[0.9838,0.055,0.1706,0,-0.0806,0.9859,0.1468,0,-0.1601,-0.1581,0.9743,0,-0.0009,22.835,-2.8254,1]},
{"frame":14,"values":[0.9889,0.0542,0.138,0,-0.0757,0.9848,0.1563,0,-0.1275,-0.165,0.978,0,-0.0009,22.835,-2.8254,1]},
{"frame":15,"values":[0.9928,0.058,0.1053,0,-0.075,0.9833,0.1656,0,-0.0939,-0.1723,0.9806,0,-0.0009,22.835,-2.8254,1]},
{"frame":16,"values":[0.9954,0.0621,0.0724,0,-0.0739,0.9818,0.1748,0,-0.0602,-0.1794,0.9819,0,-0.0009,22.835,-2.8254,1]},
{"frame":17,"values":[0.997,0.0664,0.0395,0,-0.0725,0.9802,0.1841,0,-0.0265,-0.1864,0.9821,0,-0.0009,22.835,-2.8254,1]},
{"frame":18,"values":[0.9984,0.038,-0.043,0,-0.03,0.9845,0.1726,0,0.0489,-0.171,0.9841,0,-0.0009,22.835,-2.8254,1]}],"loopBehavior":1,"name":"anim","property":"_matrix"}},
{"name":"mixamorig:Spine2","index":3,"matrix":[0.9984,0.038,-0.043,0,-0.03,0.9845,0.1726,0,0.0489,-0.171,0.9841,0,-0.0206,26.5525,-3.1933,1],"rest":[1,0,0,0,0,1,0,0,0,0,1,0,-0.0206,26.5525,-3.1933,1],"parentBoneIndex":2,"length":24.825
,"animation":{"dataType":3,"framePerSecond":24,"keys":[
{"frame":1,"values":[0.9984,0.038,-0.043,0,-0.03,0.9845,0.1726,0,0.0489,-0.171,0.9841,0,-0.0206,26.5525,-3.1933,1]},
{"frame":2,"values":[0.9957,0.0244,-0.0897,0,-0.0103,0.988,0.1544,0,0.0923,-0.1528,0.9839,0,-0.0206,26.5525,-3.1933,1]},
{"frame":3,"values":[0.9907,0.005,-0.1361,0,0.0129,0.9914,0.1305,0,0.1356,-0.131,0.9821,0,-0.0206,26.5525,-3.1933,1]},
{"frame":4,"values":[0.9874,-0.0162,-0.1577,0,0.0326,0.9942,0.1021,0,0.1551,-0.1059,0.9822,0,-0.0206,26.5525,-3.1933,1]},
{"frame":5,"values":[0.9858,-0.0199,-0.1669,0,0.0369,0.9944,0.099,0,0.164,-0.1038,0.981,0,-0.0206,26.5525,-3.1933,1]},
{"frame":6,"values":[0.9885,-0.0198,-0.15,0,0.0375,0.9926,0.1156,0,0.1466,-0.1199,0.9819,0,-0.0206,26.5525,-3.1933,1]},
{"frame":7,"values":[0.9943,-0.0229,-0.1044,0,0.0375,0.9893,0.1408,0,0.1001,-0.1439,0.9845,0,-0.0206,26.5525,-3.1933,1]},
{"frame":8,"values":[0.9979,-0.0281,-0.0585,0,0.037,0.9869,0.1569,0,0.0534,-0.1587,0.9859,0,-0.0206,26.5525,-3.1933,1]},
{"frame":9,"values":[0.9995,-0.0277,-0.0126,0,0.0295,0.9845,0.1726,0,0.0076,-0.1729,0.9849,0,-0.0206,26.5525,-3.1933,1]},
{"frame":10,"values":[0.9994,-0.0068,0.0334,0,0.0004,0.9822,0.188,0,-0.0341,-0.1879,0.9816,0,-0.0206,26.5525,-3.1933,1]},
{"frame":11,"values":[0.9967,0.0134,0.0796,0,-0.0264,0.9861,0.1641,0,-0.0763,-0.1657,0.9832,0,-0.0206,26.5525,-3.1933,1]},
{"frame":12,"values":[0.9915,0.0347,0.1251,0,-0.0522,0.9889,0.139,0,-0.1189,-0.1443,0.9824,0,-0.0206,26.5525,-3.1933,1]},
{"frame":13,"values":[0.9838,0.055,0.1706,0,-0.0806,0.9859,0.1468,0,-0.1601,-0.1581,0.9744,0,-0.0206,26.5525,-3.1933,1]},
{"frame":14,"values":[0.9889,0.0542,0.138,0,-0.0757,0.9848,0.1563,0,-0.1275,-0.165,0.978,0,-0.0206,26.5525,-3.1933,1]},
{"frame":15,"values":[0.9928,0.058,0.1053,0,-0.075,0.9833,0.1656,0,-0.0939,-0.1723,0.9806,0,-0.0206,26.5525,-3.1933,1]},
{"frame":16,"values":[0.9954,0.0621,0.0724,0,-0.0739,0.9818,0.1748,0,-0.0602,-0.1794,0.9819,0,-0.0206,26.5525,-3.1933,1]},
{"frame":17,"values":[0.997,0.0664,0.0395,0,-0.0725,0.9802,0.1841,0,-0.0265,-0.1864,0.9821,0,-0.0206,26.5525,-3.1933,1]},
{"frame":18,"values":[0.9984,0.038,-0.043,0,-0.03,0.9845,0.1726,0,0.0489,-0.171,0.9841,0,-0.0206,26.5525,-3.1933,1]}],"loopBehavior":1,"name":"anim","property":"_matrix"}},
{"name":"mixamorig:Neck","index":4,"matrix":[0.9985,-0.0004,0.0554,0,0.0076,0.9915,-0.1301,0,-0.0549,0.1303,0.99,0,-0.06,30.7018,1.3522,1],"rest":[1,0,0,0,0,1,0,0,0,0,1,0,-0.06,30.7018,1.3522,1],"parentBoneIndex":3,"length":22.8446
,"animation":{"dataType":3,"framePerSecond":24,"keys":[
{"frame":1,"values":[0.9985,-0.0004,0.0554,0,0.0076,0.9915,-0.1301,0,-0.0549,0.1303,0.99,0,-0.06,30.7018,1.3522,1]},
{"frame":2,"values":[0.9963,-0.0096,0.0856,0,0.0198,0.9927,-0.1192,0,-0.0839,0.1204,0.9892,0,-0.06,30.7018,1.3522,1]},
{"frame":3,"values":[0.9927,0.0017,0.1209,0,0.0101,0.9952,-0.0968,0,-0.1205,0.0973,0.9879,0,-0.06,30.7018,1.3522,1]},
{"frame":4,"values":[0.9902,0.0092,0.1394,0,0.0001,0.9978,-0.0668,0,-0.1397,0.0662,0.988,0,-0.06,30.7018,1.3522,1]},
{"frame":5,"values":[0.9897,0.0282,0.1406,0,-0.0244,0.9993,-0.0283,0,-0.1413,0.0246,0.9897,0,-0.06,30.7018,1.3522,1]},
{"frame":6,"values":[0.9919,0.0153,0.1265,0,-0.0113,0.9994,-0.0319,0,-0.1269,0.0302,0.9915,0,-0.06,30.7018,1.3522,1]},
{"frame":7,"values":[0.9952,0.0212,0.0954,0,-0.0153,0.998,-0.0614,0,-0.0965,0.0596,0.9935,0,-0.06,30.7018,1.3522,1]},
{"frame":8,"values":[0.9971,0.04,0.0642,0,-0.0336,0.9946,-0.0979,0,-0.0677,0.0954,0.9931,0,-0.06,30.7019,1.3522,1]},
{"frame":9,"values":[0.9992,0.0221,0.0329,0,-0.0182,0.9932,-0.1154,0,-0.0352,0.1147,0.9928,0,-0.06,30.7018,1.3522,1]},
{"frame":10,"values":[0.9997,0.0247,0.0016,0,-0.0243,0.9909,-0.1327,0,-0.0049,0.1327,0.9911,0,-0.06,30.7018,1.3522,1]},
{"frame":11,"values":[0.9994,-0.0201,-0.0297,0,0.0154,0.9886,-0.15,0,0.0324,0.1494,0.9882,0,-0.06,30.7018,1.3522,1]},
{"frame":12,"values":[0.9977,-0.028,-0.061,0,0.0174,0.9858,-0.1668,0,0.0648,0.1654,0.9841,0,-0.06,30.7018,1.3522,1]},
{"frame":13,"values":[0.9951,-0.0364,-0.0922,0,0.0189,0.9828,-0.1837,0,0.0973,0.181,0.9787,0,-0.06,30.7018,1.3522,1]},
{"frame":14,"values":[0.9966,-0.0445,-0.0693,0,0.0325,0.9856,-0.166,0,0.0756,0.1632,0.9837,0,-0.06,30.7018,1.3522,1]},
{"frame":15,"values":[0.9975,-0.053,-0.0464,0,0.0456,0.9879,-0.1479,0,0.0537,0.1455,0.9879,0,-0.06,30.7018,1.3522,1]},
{"frame":16,"values":[0.9978,-0.0612,-0.0235,0,0.0567,0.9855,-0.1602,0,0.033,0.1585,0.9868,0,-0.06,30.7018,1.3522,1]},
{"frame":17,"values":[0.9991,-0.043,-0.0006,0,0.0423,0.9865,-0.158,0,0.0074,0.1578,0.9874,0,-0.06,30.7018,1.3522,1]},
{"frame":18,"values":[0.9985,-0.0004,0.0554,0,0.0076,0.9915,-0.1301,0,-0.0549,0.1303,0.99,0,-0.06,30.7018,1.3522,1]}],"loopBehavior":1,"name":"anim","property":"_matrix"}},
{"name":"mixamorig:Head","index":5,"matrix":[0.9876,-0.0577,0.146,0,0.0908,0.9686,-0.2312,0,-0.1281,0.2416,0.9619,0,-0.0872,22.5476,3.6709,1],"rest":[1,0,0,0,0,1,0,0,0,0,1,0,-0.0872,22.5476,3.6709,1],"parentBoneIndex":4,"length":30.5923
,"animation":{"dataType":3,"framePerSecond":24,"keys":[
{"frame":1,"values":[0.9876,-0.0577,0.146,0,0.0908,0.9686,-0.2312,0,-0.1281,0.2416,0.9619,0,-0.0872,22.5476,3.6709,1]},
{"frame":2,"values":[0.9715,-0.0372,0.2339,0,0.0847,0.9769,-0.1962,0,-0.2212,0.2105,0.9522,0,-0.0872,22.5476,3.6709,1]},
{"frame":3,"values":[0.9477,-0.0258,0.3182,0,0.0734,0.9876,-0.1386,0,-0.3107,0.1547,0.9378,0,-0.0872,22.5476,3.6709,1]},
{"frame":4,"values":[0.9322,-0.0122,0.3616,0,0.0489,0.9945,-0.0927,0,-0.3585,0.1041,0.9277,0,-0.0872,22.5477,3.6709,1]},
{"frame":5,"values":[0.9413,-0.0269,0.3366,0,0.0645,0.9928,-0.1009,0,-0.3315,0.1167,0.9362,0,-0.0872,22.5475,3.6709,1]},
{"frame":6,"values":[0.9457,0.0078,0.325,0,0.0237,0.9954,-0.0928,0,-0.3242,0.0954,0.9412,0,-0.0872,22.5476,3.6709,1]},
{"frame":7,"values":[0.9662,0.056,0.2515,0,-0.0251,0.9919,-0.1243,0,-0.2564,0.1138,0.9599,0,-0.0872,22.5476,3.6709,1]},
{"frame":8,"values":[0.9795,0.0966,0.1765,0,-0.0577,0.9752,-0.2135,0,-0.1928,0.199,0.9609,0,-0.0872,22.5476,3.6709,1]},
{"frame":9,"values":[0.9878,0.119,0.1005,0,-0.088,0.9588,-0.2702,0,-0.1285,0.258,0.9575,0,-0.0872,22.5476,3.6709,1]},
{"frame":10,"values":[0.9963,0.0824,0.0253,0,-0.0743,0.9697,-0.2327,0,-0.0437,0.2299,0.9722,0,-0.0872,22.5476,3.6709,1]},
{"frame":11,"values":[0.9975,0.048,-0.0516,0,-0.0572,0.9789,-0.1959,0,0.0411,0.1984,0.9793,0,-0.0872,22.5476,3.6709,1]},
{"frame":12,"values":[0.9915,0.0162,-0.1293,0,-0.037,0.9863,-0.1605,0,0.1249,0.1639,0.9785,0,-0.0872,22.5476,3.6709,1]},
{"frame":13,"values":[0.9786,-0.0178,-0.2049,0,-0.0196,0.9837,-0.179,0,0.2048,0.1792,0.9623,0,-0.0872,22.5476,3.6709,1]},
{"frame":14,"values":[0.988,-0.0529,-0.1454,0,0.0226,0.979,-0.2028,0,0.1531,0.1971,0.9684,0,-0.0872,22.5476,3.6709,1]},
{"frame":15,"values":[0.9926,-0.0868,-0.0847,0,0.0659,0.9724,-0.2239,0,0.1018,0.2166,0.9709,0,-0.0872,22.5476,3.6709,1]},
{"frame":16,"values":[0.9968,-0.0769,-0.0239,0,0.0687,0.9671,-0.2451,0,0.042,0.2426,0.9692,0,-0.0872,22.5476,3.6709,1]},
{"frame":17,"values":[0.9972,-0.0654,0.0367,0,0.0728,0.9613,-0.2659,0,-0.0179,0.2678,0.9633,0,-0.0872,22.5476,3.6709,1]},
{"frame":18,"values":[0.9876,-0.0577,0.146,0,0.0908,0.9686,-0.2312,0,-0.1281,0.2416,0.9619,0,-0.0872,22.5476,3.6709,1]}],"loopBehavior":1,"name":"anim","property":"_matrix"}},
{"name":"mixamorig:HeadTop_End","index":6,"matrix":[1,0,0,0,0,1,0,0,0,0,1,0,-0.8306,40.3551,7.8935,1],"rest":[1,0,0,0,0,1,0,0,0,0,1,0,-0.8306,40.3552,7.8935,1],"parentBoneIndex":5,"length":30.5923
,"animation":{"dataType":3,"framePerSecond":24,"keys":[
{"frame":1,"values":[1,0,0,0,0,1,0,0,0,0,1,0,-0.8306,40.3551,7.8935,1]},
{"frame":2,"values":[1,0,0,0,0,1,0,0,0,0,1,0,-0.8306,40.3552,7.8935,1]},
{"frame":10,"values":[1,0,0,0,0,1,0,0,0,0,1,0,-0.8306,40.3551,7.8935,1]},
{"frame":11,"values":[1,0,0,0,0,1,0,0,0,0,1,0,-0.8306,40.3552,7.8935,1]},
{"frame":18,"values":[1,0,0,0,0,1,0,0,0,0,1,0,-0.8306,40.3551,7.8935,1]}],"loopBehavior":1,"name":"anim","property":"_matrix"}},
{"name":"mixamorig:RightEye","index":7,"matrix":[1,0,0,0,0,1,0,0,0,0,1,0,-6.3021,18.1185,16.1971,1],"rest":[1,0,0,0,0,1,0,0,0,0,1,0,-6.3021,18.1186,16.1971,1],"parentBoneIndex":5,"length":30.5923
,"animation":{"dataType":3,"framePerSecond":24,"keys":[
{"frame":1,"values":[1,0,0,0,0,1,0,0,0,0,1,0,-6.3021,18.1185,16.1971,1]},
{"frame":2,"values":[1,0,0,0,0,1,0,0,0,0,1,0,-6.3021,18.1186,16.1971,1]},
{"frame":18,"values":[1,0,0,0,0,1,0,0,0,0,1,0,-6.3021,18.1185,16.1971,1]}],"loopBehavior":1,"name":"anim","property":"_matrix"}},
{"name":"mixamorig:LeftEye","index":8,"matrix":[1,0,0,0,0,1,0,0,0,0,1,0,6.7415,18.3826,16.4019,1],"rest":[1,0,0,0,0,1,0,0,0,0,1,0,6.7415,18.3827,16.4019,1],"parentBoneIndex":5,"length":30.5923
,"animation":{"dataType":3,"framePerSecond":24,"keys":[
{"frame":1,"values":[1,0,0,0,0,1,0,0,0,0,1,0,6.7415,18.3826,16.4019,1]},
{"frame":2,"values":[1,0,0,0,0,1,0,0,0,0,1,0,6.7415,18.3827,16.4019,1]},
{"frame":14,"values":[1,0,0,0,0,1,0,0,0,0,1,0,6.7415,18.3826,16.4019,1]},
{"frame":15,"values":[1,0,0,0,0,1,0,0,0,0,1,0,6.7415,18.3827,16.4019,1]},
{"frame":18,"values":[1,0,0,0,0,1,0,0,0,0,1,0,6.7415,18.3826,16.4019,1]}],"loopBehavior":1,"name":"anim","property":"_matrix"}},
{"name":"mixamorig:LeftShoulder","index":9,"matrix":[0.9881,-0.1526,0.0183,0,0.1522,0.9881,0.022,0,-0.0214,-0.019,0.9996,0,11.9249,18.2305,1.4254,1],"rest":[1,0.0062,0,0,-0.0062,1,0,0,0,0,1,0,11.9249,18.2305,1.4254,1],"parentBoneIndex":3,"length":25.9773
,"animation":{"dataType":3,"framePerSecond":24,"keys":[
{"frame":1,"values":[0.9881,-0.1526,0.0183,0,0.1522,0.9881,0.022,0,-0.0214,-0.019,0.9996,0,11.9249,18.2305,1.4254,1]},
{"frame":2,"values":[0.9901,-0.1402,-0.0007,0,0.1401,0.9899,0.0204,0,-0.0022,-0.0203,0.9998,0,11.9249,18.2305,1.4254,1]},
{"frame":3,"values":[0.992,-0.1244,-0.0219,0,0.1249,0.992,0.0186,0,0.0194,-0.0212,0.9996,0,11.9249,18.2305,1.4254,1]},
{"frame":4,"values":[0.993,-0.1116,-0.0396,0,0.1123,0.9935,0.017,0,0.0375,-0.0214,0.9991,0,11.9249,18.2305,1.4254,1]},
{"frame":5,"values":[0.9928,-0.111,-0.045,0,0.1119,0.9935,0.0195,0,0.0426,-0.0244,0.9988,0,11.9249,18.2305,1.4254,1]},
{"frame":6,"values":[0.9913,-0.129,-0.0244,0,0.1295,0.9913,0.0221,0,0.0214,-0.0251,0.9995,0,11.9249,18.2305,1.4254,1]},
{"frame":7,"values":[0.9876,-0.1571,-0.0038,0,0.1571,0.9873,0.0246,0,-0.0001,-0.0249,0.9997,0,11.9249,18.2305,1.4254,1]},
{"frame":8,"values":[0.9868,-0.1613,0.0168,0,0.1608,0.9866,0.027,0,-0.0209,-0.0239,0.9995,0,11.9249,18.2305,1.4254,1]},
{"frame":9,"values":[0.9855,-0.1654,0.0374,0,0.1644,0.986,0.0294,0,-0.0418,-0.0229,0.9989,0,11.9249,18.2305,1.4254,1]},
{"frame":10,"values":[0.9838,-0.1695,0.058,0,0.1679,0.9853,0.032,0,-0.0626,-0.0217,0.9978,0,11.9249,18.2305,1.4254,1]},
{"frame":11,"values":[0.9817,-0.1736,0.0785,0,0.1714,0.9846,0.0346,0,-0.0833,-0.0205,0.9963,0,11.9249,18.2305,1.4254,1]},
{"frame":12,"values":[0.9793,-0.1765,0.0991,0,0.174,0.9842,0.0333,0,-0.1034,-0.0154,0.9945,0,11.9249,18.2305,1.4254,1]},
{"frame":13,"values":[0.9795,-0.1799,0.0906,0,0.1777,0.9836,0.0321,0,-0.0949,-0.0153,0.9954,0,11.9249,18.2305,1.4254,1]},
{"frame":14,"values":[0.9796,-0.1832,0.0822,0,0.1813,0.9829,0.0309,0,-0.0865,-0.0154,0.9961,0,11.9249,18.2305,1.4254,1]},
{"frame":15,"values":[0.9797,-0.1866,0.0738,0,0.1849,0.9823,0.0297,0,-0.078,-0.0154,0.9968,0,11.9249,18.2305,1.4254,1]},
{"frame":16,"values":[0.9821,-0.1767,0.0654,0,0.1752,0.9841,0.0284,0,-0.0693,-0.0165,0.9975,0,11.9249,18.2305,1.4254,1]},
{"frame":17,"values":[0.9844,-0.1667,0.0569,0,0.1654,0.9858,0.0272,0,-0.0606,-0.0174,0.998,0,11.9249,18.2305,1.4254,1]},
{"frame":18,"values":[0.9881,-0.1526,0.0183,0,0.1522,0.9881,0.022,0,-0.0214,-0.019,0.9996,0,11.9249,18.2305,1.4254,1]}],"loopBehavior":1,"name":"anim","property":"_matrix"}},
{"name":"mixamorig:LeftArm","index":10,"matrix":[0.3731,-0.8384,-0.3974,0,0.8911,0.4431,-0.0981,0,0.2584,-0.3176,0.9124,0,25.4312,-0.8546,-5.2293,1],"rest":[0.9983,0.0295,0.0512,0,-0.0294,0.9996,-0.0017,0,-0.0512,0.0002,0.9987,0,25.4312,-0.8546,-5.2293,1],"parentBoneIndex":9,"length":54.6848
,"animation":{"dataType":3,"framePerSecond":24,"keys":[
{"frame":1,"values":[0.3731,-0.8384,-0.3974,0,0.8911,0.4431,-0.0981,0,0.2584,-0.3176,0.9124,0,25.4312,-0.8546,-5.2293,1]},
{"frame":2,"values":[0.4233,-0.787,-0.4488,0,0.858,0.5073,-0.0803,0,0.2909,-0.351,0.89,0,25.4312,-0.8546,-5.2293,1]},
{"frame":3,"values":[0.4977,-0.7234,-0.4785,0,0.8164,0.577,-0.0233,0,0.2929,-0.379,0.8778,0,25.4312,-0.8546,-5.2293,1]},
{"frame":4,"values":[0.566,-0.6638,-0.4889,0,0.7749,0.6307,0.0409,0,0.2812,-0.402,0.8714,0,25.4312,-0.8546,-5.2293,1]},
{"frame":5,"values":[0.6107,-0.6318,-0.4773,0,0.7463,0.6608,0.0802,0,0.2647,-0.4052,0.8751,0,25.4312,-0.8546,-5.2293,1]},
{"frame":6,"values":[0.6424,-0.6469,-0.4109,0,0.7314,0.6776,0.0767,0,0.2288,-0.3498,0.9085,0,25.4312,-0.8546,-5.2293,1]},
{"frame":7,"values":[0.6673,-0.6959,-0.2654,0,0.7297,0.6822,0.0462,0,0.1489,-0.2245,0.963,0,25.4312,-0.8547,-5.2293,1]},
{"frame":8,"values":[0.6776,-0.7316,-0.0753,0,0.7342,0.6788,0.0117,0,0.0426,-0.0632,0.9971,0,25.4312,-0.8546,-5.2293,1]},
{"frame":9,"values":[0.6641,-0.7466,-0.0389,0,0.7463,0.6652,-0.0258,0,0.0452,-0.0119,0.9989,0,25.4312,-0.8547,-5.2293,1]},
{"frame":10,"values":[0.6505,-0.7595,-0.0018,0,0.7579,0.6493,-0.0627,0,0.0488,0.0395,0.998,0,25.4312,-0.8546,-5.2293,1]},
{"frame":11,"values":[0.6368,-0.7702,0.0361,0,0.7692,0.6313,-0.0988,0,0.0533,0.0907,0.9945,0,25.4312,-0.8546,-5.2293,1]},
{"frame":12,"values":[0.623,-0.7786,0.0745,0,0.78,0.6113,-0.1338,0,0.0586,0.1415,0.9882,0,25.4312,-0.8546,-5.2293,1]},
{"frame":13,"values":[0.6093,-0.7848,0.1132,0,0.7903,0.5893,-0.1677,0,0.0649,0.1917,0.9793,0,25.4312,-0.8546,-5.2293,1]},
{"frame":14,"values":[0.5988,-0.7996,0.045,0,0.789,0.5794,-0.2042,0,0.1373,0.1578,0.9779,0,25.4312,-0.8547,-5.2293,1]},
{"frame":15,"values":[0.5515,-0.8318,-0.0631,0,0.8163,0.5537,-0.1648,0,0.172,0.0394,0.9843,0,25.4312,-0.8547,-5.2293,1]},
{"frame":16,"values":[0.4947,-0.8512,-0.1754,0,0.8473,0.5173,-0.1207,0,0.1935,-0.0889,0.9771,0,25.4312,-0.8547,-5.2293,1]},
{"frame":17,"values":[0.4345,-0.8535,-0.2876,0,0.8767,0.474,-0.0821,0,0.2064,-0.2165,0.9542,0,25.4312,-0.8546,-5.2293,1]},
{"frame":18,"values":[0.3731,-0.8384,-0.3974,0,0.8911,0.4431,-0.0981,0,0.2584,-0.3176,0.9124,0,25.4312,-0.8546,-5.2293,1]}],"loopBehavior":1,"name":"anim","property":"_matrix"}},
{"name":"mixamorig:LeftForeArm","index":11,"matrix":[-0.1432,-0.1633,0.9761,0,0.0228,0.9855,0.1682,0,-0.9894,0.0463,-0.1374,0,54.5783,-1.9463,-2.8009,1],"rest":[0.9943,-0.0088,-0.1062,0,0.0091,1,0.0028,0,0.1061,-0.0038,0.9943,0,54.5783,-1.9463,-2.8009,1],"parentBoneIndex":10,"length":55.0982
,"animation":{"dataType":3,"framePerSecond":24,"keys":[
{"frame":1,"values":[-0.1432,-0.1633,0.9761,0,0.0228,0.9855,0.1682,0,-0.9894,0.0463,-0.1374,0,54.5783,-1.9463,-2.8009,1]},
{"frame":2,"values":[0.0085,-0.2078,0.9781,0,-0.0226,0.9779,0.2079,0,-0.9997,-0.0239,0.0036,0,54.5783,-1.9463,-2.8009,1]},
{"frame":3,"values":[0.1598,-0.2294,0.9601,0,-0.0618,0.9684,0.2416,0,-0.9852,-0.0979,0.1405,0,54.5783,-1.9462,-2.8009,1]},
{"frame":4,"values":[0.2624,-0.2338,0.9362,0,-0.0846,0.9609,0.2637,0,-0.9612,-0.1484,0.2324,0,54.5783,-1.9463,-2.8009,1]},
{"frame":5,"values":[0.3008,-0.2378,0.9236,0,-0.0849,0.9579,0.2743,0,-0.9499,-0.1609,0.2679,0,54.5783,-1.9463,-2.8009,1]},
{"frame":6,"values":[0.2896,-0.2519,0.9234,0,-0.0599,0.9581,0.2801,0,-0.9553,-0.1364,0.2624,0,54.5783,-1.9463,-2.8009,1]},
{"frame":7,"values":[0.2585,-0.265,0.929,0,-0.0176,0.9602,0.2788,0,-0.9659,-0.0884,0.2435,0,54.5783,-1.9463,-2.8009,1]},
{"frame":8,"values":[0.2197,-0.2553,0.9416,0,0.0268,0.9664,0.2557,0,-0.9752,-0.031,0.2192,0,54.5783,-1.9463,-2.8009,1]},
{"frame":9,"values":[0.1608,-0.2125,0.9639,0,0.0589,0.9769,0.2055,0,-0.9852,0.0238,0.1696,0,54.5783,-1.9463,-2.8009,1]},
{"frame":10,"values":[0.059,-0.1423,0.9881,0,0.0774,0.9875,0.1376,0,-0.9953,0.0684,0.0693,0,54.5783,-1.9463,-2.8009,1]},
{"frame":11,"values":[-0.0846,-0.0602,0.9946,0,0.0928,0.9934,0.068,0,-0.9921,0.098,-0.0784,0,54.5783,-1.9462,-2.8009,1]},
{"frame":12,"values":[-0.2334,0.0115,0.9723,0,0.1094,0.9939,0.0145,0,-0.9662,0.1098,-0.2332,0,54.5783,-1.9463,-2.8009,1]},
{"frame":13,"values":[-0.3473,0.0501,0.9364,0,0.1197,0.9928,-0.0087,0,-0.9301,0.109,-0.3507,0,54.5783,-1.9463,-2.8009,1]},
{"frame":14,"values":[-0.4094,0.048,0.9111,0,0.1214,0.9926,0.0022,0,-0.9043,0.1115,-0.4122,0,54.5783,-1.9463,-2.8009,1]},
{"frame":15,"values":[-0.4113,0.0093,0.9114,0,0.1204,0.9917,0.0443,0,-0.9035,0.128,-0.409,0,54.5783,-1.9463,-2.8009,1]},
{"frame":16,"values":[-0.3535,-0.0531,0.9339,0,0.1158,0.9882,0.1,0,-0.9283,0.1435,-0.3432,0,54.5784,-1.9463,-2.8009,1]},
{"frame":17,"values":[-0.2511,-0.1192,0.9606,0,0.0892,0.9853,0.1456,0,-0.9638,0.1222,-0.2368,0,54.5783,-1.9463,-2.8009,1]},
{"frame":18,"values":[-0.1432,-0.1633,0.9761,0,0.0228,0.9855,0.1682,0,-0.9894,0.0463,-0.1374,0,54.5783,-1.9463,-2.8009,1]}],"loopBehavior":1,"name":"anim","property":"_matrix"}},
{"name":"mixamorig:LeftHand","index":12,"matrix":[0.9262,0.0759,0.3693,0,-0.19,0.94,0.2834,0,-0.3256,-0.3327,0.8851,0,54.9948,-1.4671,3.0376,1],"rest":[0.9961,0.088,0.001,0,-0.0871,0.9842,0.154,0,0.0125,-0.1535,0.9881,0,54.9948,-1.4671,3.0376,1],"parentBoneIndex":11,"length":20.3347
,"animation":{"dataType":3,"framePerSecond":24,"keys":[
{"frame":1,"values":[0.9262,0.0759,0.3693,0,-0.19,0.94,0.2834,0,-0.3256,-0.3327,0.8851,0,54.9948,-1.4671,3.0376,1]},
{"frame":2,"values":[0.9253,0.0659,0.3734,0,-0.1966,0.9254,0.3241,0,-0.3241,-0.3733,0.8692,0,54.9948,-1.4671,3.0376,1]},
{"frame":3,"values":[0.9233,0.0678,0.3779,0,-0.2037,0.9208,0.3325,0,-0.3255,-0.384,0.8641,0,54.9948,-1.4671,3.0376,1]},
{"frame":4,"values":[0.9216,0.0737,0.3811,0,-0.2064,0.9246,0.3202,0,-0.3287,-0.3738,0.8673,0,54.9948,-1.4671,3.0376,1]},
{"frame":5,"values":[0.9207,0.0769,0.3827,0,-0.2015,0.9333,0.2972,0,-0.3343,-0.3508,0.8747,0,54.9948,-1.4671,3.0376,1]},
{"frame":6,"values":[0.9191,0.0782,0.3862,0,-0.1906,0.946,0.2621,0,-0.3448,-0.3145,0.8844,0,54.9948,-1.4671,3.0376,1]},
{"frame":7,"values":[0.9164,0.0808,0.3921,0,-0.1897,0.9501,0.2475,0,-0.3525,-0.3012,0.886,0,54.9948,-1.4671,3.0376,1]},
{"frame":8,"values":[0.9136,0.0835,0.3979,0,-0.1887,0.954,0.2329,0,-0.3601,-0.2879,0.8874,0,54.9948,-1.4671,3.0376,1]},
{"frame":9,"values":[0.9108,0.0864,0.4037,0,-0.1876,0.9577,0.2183,0,-0.3678,-0.2745,0.8885,0,54.9948,-1.4671,3.0376,1]},
{"frame":10,"values":[0.908,0.0893,0.4094,0,-0.1863,0.9612,0.2036,0,-0.3753,-0.2611,0.8893,0,54.9948,-1.4671,3.0376,1]},
{"frame":11,"values":[0.9051,0.0923,0.4151,0,-0.185,0.9644,0.1889,0,-0.3829,-0.2477,0.89,0,54.9948,-1.4671,3.0376,1]},
{"frame":12,"values":[0.9022,0.0954,0.4207,0,-0.1835,0.9675,0.1741,0,-0.3904,-0.2343,0.8903,0,54.9948,-1.4671,3.0376,1]},
{"frame":13,"values":[0.8992,0.0985,0.4262,0,-0.1819,0.9703,0.1593,0,-0.3979,-0.2208,0.8905,0,54.9948,-1.4671,3.0376,1]},
{"frame":14,"values":[0.8963,0.1018,0.4317,0,-0.1801,0.973,0.1445,0,-0.4053,-0.2073,0.8904,0,54.9948,-1.4671,3.0376,1]},
{"frame":15,"values":[0.8993,0.1037,0.4249,0,-0.191,0.9671,0.1683,0,-0.3935,-0.2325,0.8894,0,54.9948,-1.4671,3.0376,1]},
{"frame":16,"values":[0.9022,0.1057,0.4182,0,-0.2016,0.9605,0.192,0,-0.3813,-0.2575,0.8878,0,54.9948,-1.4671,3.0376,1]},
{"frame":17,"values":[0.905,0.108,0.4115,0,-0.2118,0.9532,0.2157,0,-0.3689,-0.2823,0.8855,0,54.9948,-1.4671,3.0376,1]},
{"frame":18,"values":[0.9262,0.0759,0.3693,0,-0.19,0.94,0.2834,0,-0.3256,-0.3327,0.8851,0,54.9948,-1.4671,3.0376,1]}],"loopBehavior":1,"name":"anim","property":"_matrix"}},
{"name":"mixamorig:LeftHandMiddle1","index":13,"matrix":[0.0811,-0.9674,0.2398,0,0.9617,0.1392,0.2363,0,-0.262,0.2115,0.9416,0,23.1821,-2.445,1.6605,1],"rest":[0.9974,-0.0561,0.045,0,0.0561,0.9984,0.0005,0,-0.045,0.002,0.999,0,23.1821,-2.445,1.6605,1],"parentBoneIndex":12,"length":6.3787
,"animation":{"dataType":3,"framePerSecond":24,"keys":[
{"frame":1,"values":[0.0811,-0.9675,0.2397,0,0.9617,0.1391,0.2362,0,-0.2619,0.2113,0.9417,0,23.1821,-2.445,1.6605,1]},
{"frame":2,"values":[0.1203,-0.9634,0.2397,0,0.958,0.176,0.2266,0,-0.2605,0.2023,0.944,0,23.1821,-2.445,1.6605,1]},
{"frame":3,"values":[0.2032,-0.9494,0.2397,0,0.9449,0.2542,0.2061,0,-0.2566,0.1846,0.9487,0,23.1821,-2.445,1.6605,1]},
{"frame":4,"values":[0.2854,-0.928,0.2397,0,0.9247,0.3323,0.1855,0,-0.2518,0.1687,0.953,0,23.1821,-2.445,1.6605,1]},
{"frame":5,"values":[0.325,-0.9148,0.2397,0,0.9123,0.37,0.1755,0,-0.2493,0.1617,0.9548,0,23.1821,-2.445,1.6605,1]},
{"frame":6,"values":[0.3168,-0.9177,0.2397,0,0.915,0.3623,0.1776,0,-0.2498,0.1631,0.9545,0,23.1821,-2.445,1.6605,1]},
{"frame":7,"values":[0.2838,-0.9282,0.2408,0,0.9251,0.3311,0.186,0,-0.2523,0.17,0.9526,0,23.1821,-2.445,1.6605,1]},
{"frame":8,"values":[0.2504,-0.9375,0.2416,0,0.9341,0.2996,0.1944,0,-0.2546,0.177,0.9507,0,23.1821,-2.445,1.6605,1]},
{"frame":9,"values":[0.2166,-0.9458,0.242,0,0.9419,0.2677,0.2028,0,-0.2566,0.184,0.9488,0,23.1821,-2.445,1.6605,1]},
{"frame":10,"values":[0.1826,-0.9529,0.2422,0,0.9486,0.2355,0.2113,0,-0.2584,0.1912,0.9469,0,23.1821,-2.445,1.6605,1]},
{"frame":11,"values":[0.1483,-0.9589,0.2421,0,0.9542,0.2031,0.2198,0,-0.2599,0.1984,0.945,0,23.1821,-2.445,1.6605,1]},
{"frame":12,"values":[0.1139,-0.9637,0.2416,0,0.9586,0.1705,0.2283,0,-0.2612,0.2056,0.9431,0,23.1821,-2.445,1.6605,1]},
{"frame":13,"values":[0.0794,-0.9673,0.2409,0,0.9618,0.1379,0.2367,0,-0.2622,0.2129,0.9413,0,23.1821,-2.445,1.6605,1]},
{"frame":14,"values":[0.0448,-0.9698,0.2398,0,0.9638,0.1052,0.2451,0,-0.2629,0.2202,0.9394,0,23.1821,-2.445,1.6605,1]},
{"frame":15,"values":[0.055,-0.9692,0.2399,0,0.9633,0.1147,0.2426,0,-0.2627,0.2177,0.94,0,23.1821,-2.445,1.6605,1]},
{"frame":16,"values":[0.0652,-0.9686,0.2399,0,0.9627,0.1243,0.2402,0,-0.2624,0.2153,0.9406,0,23.1821,-2.445,1.6605,1]},
{"frame":17,"values":[0.0754,-0.9679,0.2398,0,0.9621,0.1339,0.2377,0,-0.2622,0.2128,0.9413,0,23.1821,-2.445,1.6605,1]},
{"frame":18,"values":[0.0811,-0.9674,0.2398,0,0.9617,0.1392,0.2363,0,-0.262,0.2115,0.9416,0,23.1821,-2.445,1.6605,1]}],"loopBehavior":1,"name":"anim","property":"_matrix"}},
{"name":"mixamorig:LeftHandMiddle2","index":14,"matrix":[0.302,-0.9147,0.2686,0,0.9192,0.354,0.1722,0,-0.2526,0.1949,0.9477,0,6.3689,-0.3109,0.167,1],"rest":[0.991,0.1341,-0.0042,0,-0.1342,0.991,-0.0031,0,0.0038,0.0036,1,0,6.3689,-0.3109,0.167,1],"parentBoneIndex":13,"length":6.1483
,"animation":{"dataType":3,"framePerSecond":24,"keys":[
{"frame":1,"values":[0.302,-0.9147,0.2685,0,0.9193,0.354,0.1721,0,-0.2525,0.1949,0.9478,0,6.3689,-0.3109,0.167,1]},
{"frame":2,"values":[0.3396,-0.9034,0.2616,0,0.9071,0.3882,0.1628,0,-0.2487,0.182,0.9513,0,6.3689,-0.3109,0.167,1]},
{"frame":3,"values":[0.4174,-0.8723,0.2547,0,0.8759,0.4609,0.1431,0,-0.2422,0.1633,0.9564,0,6.3689,-0.3109,0.167,1]},
{"frame":4,"values":[0.4928,-0.8341,0.2477,0,0.8378,0.5318,0.1238,0,-0.235,0.1465,0.9609,0,6.3689,-0.3109,0.167,1]},
{"frame":5,"values":[0.529,-0.8138,0.2408,0,0.817,0.5651,0.1147,0,-0.2294,0.136,0.9638,0,6.3689,-0.3109,0.167,1]},
{"frame":6,"values":[0.5216,-0.8182,0.242,0,0.8215,0.5582,0.1166,0,-0.2305,0.1379,0.9633,0,6.3689,-0.3109,0.167,1]},
{"frame":7,"values":[0.4917,-0.8351,0.2466,0,0.8386,0.5304,0.1242,0,-0.2345,0.1458,0.9611,0,6.3689,-0.3109,0.167,1]},
{"frame":8,"values":[0.4611,-0.8511,0.251,0,0.8548,0.502,0.1319,0,-0.2382,0.1537,0.959,0,6.3689,-0.3109,0.167,1]},
{"frame":9,"values":[0.4299,-0.8661,0.2551,0,0.8699,0.473,0.1398,0,-0.2417,0.1619,0.9568,0,6.3689,-0.3109,0.167,1]},
{"frame":10,"values":[0.3982,-0.88,0.259,0,0.884,0.4435,0.1478,0,-0.2449,0.1701,0.9545,0,6.3689,-0.3109,0.167,1]},
{"frame":11,"values":[0.366,-0.8928,0.2625,0,0.897,0.4136,0.1559,0,-0.2478,0.1784,0.9523,0,6.3689,-0.3109,0.167,1]},
{"frame":12,"values":[0.3334,-0.9046,0.2657,0,0.9089,0.3832,0.1641,0,-0.2503,0.1868,0.95,0,6.3689,-0.3109,0.167,1]},
{"frame":13,"values":[0.3004,-0.9152,0.2687,0,0.9198,0.3525,0.1725,0,-0.2526,0.1953,0.9477,0,6.3689,-0.3109,0.167,1]},
{"frame":14,"values":[0.2671,-0.9247,0.2713,0,0.9294,0.3216,0.1809,0,-0.2545,0.2038,0.9453,0,6.3689,-0.3109,0.167,1]},
{"frame":15,"values":[0.2769,-0.922,0.2705,0,0.9267,0.3307,0.1784,0,-0.254,0.2013,0.946,0,6.3689,-0.3109,0.167,1]},
{"frame":16,"values":[0.2868,-0.9192,0.2698,0,0.9239,0.3398,0.176,0,-0.2534,0.1988,0.9467,0,6.3689,-0.3109,0.167,1]},
{"frame":17,"values":[0.2965,-0.9164,0.269,0,0.9209,0.3489,0.1735,0,-0.2529,0.1963,0.9474,0,6.3689,-0.3109,0.167,1]},
{"frame":18,"values":[0.302,-0.9147,0.2686,0,0.9192,0.354,0.1722,0,-0.2526,0.1949,0.9477,0,6.3689,-0.3109,0.167,1]}],"loopBehavior":1,"name":"anim","property":"_matrix"}},
{"name":"mixamorig:LeftHandMiddle3","index":15,"matrix":[1,-0.0048,-0.0038,0,0.0048,1,0.0008,0,0.0038,-0.0009,1,0,6.0425,-1.121,0.183,1],"rest":[1,-0.0048,-0.0038,0,0.0048,1,0.0008,0,0.0038,-0.0009,1,0,6.0425,-1.121,0.183,1],"parentBoneIndex":14,"length":6.5825
,"animation":{"dataType":3,"framePerSecond":24,"keys":[
{"frame":1,"values":[1,-0.0048,-0.0038,0,0.0048,1,0.0008,0,0.0038,-0.0009,1,0,6.0425,-1.121,0.183,1]},
{"frame":18,"values":[1,-0.0048,-0.0038,0,0.0048,1,0.0008,0,0.0038,-0.0009,1,0,6.0425,-1.121,0.183,1]}],"loopBehavior":1,"name":"anim","property":"_matrix"}},
{"name":"mixamorig:LeftHandMiddle4","index":16,"matrix":[1,0,0,0,0,1,0,0,0,0,1,0,6.4741,-1.1689,0.2214,1],"rest":[1,0,0,0,0,1,0,0,0,0,1,0,6.4741,-1.1689,0.2214,1],"parentBoneIndex":15,"length":6.5825
,"animation":{"dataType":3,"framePerSecond":24,"keys":[
{"frame":1,"values":[1,0,0,0,0,1,0,0,0,0,1,0,6.4741,-1.1689,0.2214,1]},
{"frame":18,"values":[1,0,0,0,0,1,0,0,0,0,1,0,6.4741,-1.1689,0.2214,1]}],"loopBehavior":1,"name":"anim","property":"_matrix"}},
{"name":"mixamorig:LeftHandThumb1","index":17,"matrix":[0.9683,-0.2069,0.1397,0,0.2013,0.9781,0.0538,0,-0.1478,-0.024,0.9887,0,6.4451,-3.6637,6.4601,1],"rest":[0.993,-0.1184,-0.0054,0,0.1183,0.9883,0.0962,0,-0.006,-0.0961,0.9953,0,6.4451,-3.6637,6.4601,1],"parentBoneIndex":12,"length":8.4798
,"animation":{"dataType":3,"framePerSecond":24,"keys":[
{"frame":1,"values":[0.9683,-0.2069,0.1397,0,0.2013,0.9781,0.0538,0,-0.1478,-0.024,0.9887,0,6.4451,-3.6637,6.4601,1]},
{"frame":18,"values":[0.9683,-0.2069,0.1397,0,0.2013,0.9781,0.0538,0,-0.1478,-0.024,0.9887,0,6.4451,-3.6637,6.4601,1]}],"loopBehavior":1,"name":"anim","property":"_matrix"}},
{"name":"mixamorig:LeftHandThumb2","index":18,"matrix":[0.9884,0.0697,-0.1347,0,-0.0683,0.9976,0.0146,0,0.1353,-0.0053,0.9908,0,6.2606,-2.6017,5.0935,1],"rest":[0.9927,0.0626,0.1035,0,-0.0529,0.9941,-0.0942,0,-0.1088,0.088,0.9902,0,6.2606,-2.6017,5.0935,1],"parentBoneIndex":17,"length":7.8274
,"animation":{"dataType":3,"framePerSecond":24,"keys":[
{"frame":1,"values":[0.9884,0.0697,-0.1347,0,-0.0683,0.9976,0.0146,0,0.1353,-0.0053,0.9908,0,6.2606,-2.6017,5.0935,1]},
{"frame":18,"values":[0.9884,0.0697,-0.1347,0,-0.0683,0.9976,0.0146,0,0.1353,-0.0053,0.9908,0,6.2606,-2.6017,5.0935,1]}],"loopBehavior":1,"name":"anim","property":"_matrix"}},
{"name":"mixamorig:LeftHandThumb3","index":19,"matrix":[0.9981,-0.0559,-0.0241,0,0.057,0.9973,0.0466,0,0.0214,-0.0479,0.9986,0,6.0726,-3.1361,3.8153,1],"rest":[0.9981,-0.0559,-0.0241,0,0.057,0.9973,0.0466,0,0.0214,-0.0479,0.9986,0,6.0726,-3.1361,3.8153,1],"parentBoneIndex":18,"length":6.188
,"animation":{"dataType":3,"framePerSecond":24,"keys":[
{"frame":1,"values":[0.9981,-0.0559,-0.0241,0,0.057,0.9973,0.0466,0,0.0214,-0.0479,0.9986,0,6.0726,-3.1361,3.8153,1]},
{"frame":18,"values":[0.9981,-0.0559,-0.0241,0,0.057,0.9973,0.0466,0,0.0214,-0.0479,0.9986,0,6.0726,-3.1361,3.8153,1]}],"loopBehavior":1,"name":"anim","property":"_matrix"}},
{"name":"mixamorig:LeftHandThumb4","index":20,"matrix":[1,0,0,0,0,1,0,0,0,0,1,0,4.8579,-2.0584,3.2334,1],"rest":[1,0,0,0,0,1,0,0,0,0,1,0,4.8579,-2.0584,3.2334,1],"parentBoneIndex":19,"length":6.188
,"animation":{"dataType":3,"framePerSecond":24,"keys":[
{"frame":1,"values":[1,0,0,0,0,1,0,0,0,0,1,0,4.8579,-2.0584,3.2334,1]},
{"frame":18,"values":[1,0,0,0,0,1,0,0,0,0,1,0,4.8579,-2.0584,3.2334,1]}],"loopBehavior":1,"name":"anim","property":"_matrix"}},
{"name":"mixamorig:LeftHandIndex1","index":21,"matrix":[0.2664,-0.9176,0.2952,0,0.9206,0.3329,0.204,0,-0.2854,0.2174,0.9334,0,22.612,-1.921,6.6099,1],"rest":[0.9946,0.0835,0.0621,0,-0.0827,0.9965,-0.0152,0,-0.0631,0.0099,0.998,0,22.612,-1.921,6.6099,1],"parentBoneIndex":12,"length":6.2269
,"animation":{"dataType":3,"framePerSecond":24,"keys":[
{"frame":1,"values":[0.2664,-0.9176,0.2952,0,0.9206,0.3329,0.2039,0,-0.2854,0.2174,0.9334,0,22.612,-1.921,6.6099,1]},
{"frame":2,"values":[0.3039,-0.9058,0.2952,0,0.9092,0.3683,0.194,0,-0.2845,0.2094,0.9355,0,22.612,-1.921,6.6099,1]},
{"frame":3,"values":[0.3822,-0.8757,0.2952,0,0.8799,0.4424,0.1732,0,-0.2822,0.1936,0.9396,0,22.612,-1.921,6.6099,1]},
{"frame":4,"values":[0.4391,-0.8485,0.2955,0,0.8517,0.4978,0.1636,0,-0.2859,0.1798,0.9412,0,22.612,-1.921,6.6099,1]},
{"frame":5,"values":[0.4942,-0.8177,0.2952,0,0.82,0.5512,0.1541,0,-0.2887,0.1659,0.9429,0,22.612,-1.921,6.6099,1]},
{"frame":6,"values":[0.4868,-0.8221,0.2952,0,0.8278,0.5421,0.1445,0,-0.2788,0.174,0.9445,0,22.612,-1.921,6.6099,1]},
{"frame":7,"values":[0.4644,-0.835,0.2952,0,0.8404,0.5206,0.1507,0,-0.2795,0.1781,0.9435,0,22.612,-1.921,6.6099,1]},
{"frame":8,"values":[0.4306,-0.8529,0.2952,0,0.8578,0.4885,0.16,0,-0.2806,0.1843,0.942,0,22.612,-1.921,6.6099,1]},
{"frame":9,"values":[0.3895,-0.8724,0.2952,0,0.8768,0.4494,0.1712,0,-0.282,0.1921,0.94,0,22.612,-1.921,6.6099,1]},
{"frame":10,"values":[0.3452,-0.8909,0.2952,0,0.8947,0.4073,0.1831,0,-0.2834,0.2009,0.9377,0,22.612,-1.921,6.6099,1]},
{"frame":11,"values":[0.3107,-0.9035,0.2952,0,0.9063,0.3752,0.1945,0,-0.2865,0.2071,0.9354,0,22.612,-1.921,6.6099,1]},
{"frame":12,"values":[0.2758,-0.9148,0.2952,0,0.9171,0.3423,0.2041,0,-0.2878,0.2144,0.9334,0,22.612,-1.921,6.6099,1]},
{"frame":13,"values":[0.2404,-0.9247,0.2952,0,0.9289,0.3074,0.2066,0,-0.2818,0.2245,0.9328,0,22.612,-1.921,6.6099,1]},
{"frame":14,"values":[0.2313,-0.927,0.2952,0,0.9311,0.2989,0.2091,0,-0.2821,0.2265,0.9323,0,22.612,-1.921,6.6099,1]},
{"frame":15,"values":[0.2402,-0.9247,0.2952,0,0.9274,0.3085,0.2115,0,-0.2867,0.2229,0.9317,0,22.612,-1.921,6.6099,1]},
{"frame":16,"values":[0.2492,-0.9224,0.2952,0,0.9253,0.3167,0.2085,0,-0.2857,0.2212,0.9324,0,22.612,-1.921,6.6099,1]},
{"frame":17,"values":[0.2609,-0.9191,0.2952,0,0.9222,0.3277,0.2054,0,-0.2855,0.2186,0.9331,0,22.612,-1.921,6.6099,1]},
{"frame":18,"values":[0.2664,-0.9176,0.2952,0,0.9206,0.3329,0.204,0,-0.2854,0.2174,0.9334,0,22.612,-1.921,6.6099,1]}],"loopBehavior":1,"name":"anim","property":"_matrix"}},
{"name":"mixamorig:LeftHandIndex2","index":22,"matrix":[0.0977,-0.9459,0.3094,0,0.979,0.1472,0.1411,0,-0.179,0.2891,0.9404,0,6.1164,-1.1669,0.0451,1],"rest":[0.9994,0.0305,0.0153,0,-0.0305,0.9995,-0.0034,0,-0.0154,0.0029,0.9999,0,6.1164,-1.1669,0.0451,1],"parentBoneIndex":21,"length":6.0943
,"animation":{"dataType":3,"framePerSecond":24,"keys":[
{"frame":1,"values":[0.0978,-0.9471,0.3055,0,0.979,0.1467,0.1413,0,-0.1787,0.2853,0.9416,0,6.1164,-1.1669,0.0451,1]},
{"frame":2,"values":[0.1365,-0.9422,0.3058,0,0.974,0.184,0.132,0,-0.1807,0.2799,0.9429,0,6.1164,-1.1669,0.0451,1]},
{"frame":3,"values":[0.2179,-0.9267,0.3061,0,0.9583,0.2627,0.113,0,-0.1851,0.2687,0.9453,0,6.1164,-1.1669,0.0451,1]},
{"frame":4,"values":[0.2981,-0.904,0.3064,0,0.9354,0.3406,0.0948,0,-0.1901,0.2584,0.9472,0,6.1164,-1.1669,0.0451,1]},
