{"producer":{"name":"Blender","version":"2.79 (sub 0)","exporter_version":"5.6.4","file":"longstriderun.babylon"},
"autoClear":true,"clearColor":[0.0509,0.0509,0.0509],"ambientColor":[0,0,0],"gravity":[0,-9.81,0],
"materials":[{"name":"longstriderun.Material","id":"longstriderun.Material","ambient":[0,0,0],"diffuse":[0,0,0],"specular":[0,0,0],"emissive":[0,0,0],"specularPower":50,"alpha":0.001,"backFaceCulling":true,"checkReadyOnlyOnce":false,"maxSimultaneousLights":4}],
"multiMaterials":[],
"skeletons":[{"name":"Armature","id":0,"dimensionsAtRest":[379.1952,391.6652,55.677],"bones":[
{"name":"mixamorig:Hips","index":0,"matrix":[0.9501,-0.1692,-0.262,0,0.0615,0.9252,-0.3745,0,-0.3057,-0.3397,-0.8894,0,0.6324,169.9603,-2.5744,1],"rest":[1,0,0,0,0,1,0,0,0,0,-1,0,0,201.6394,0,1],"parentBoneIndex":-1,"length":21.6784
,"animation":{"dataType":3,"framePerSecond":24,"keys":[
{"frame":1,"values":[0.9501,-0.1692,-0.262,0,0.0615,0.9252,-0.3745,0,-0.3057,-0.3397,-0.8894,0,0.6324,169.9603,-2.5744,1]},
{"frame":2,"values":[0.9736,-0.0474,-0.2233,0,-0.0377,0.9315,-0.3619,0,-0.2251,-0.3607,-0.9051,0,1.264,173.3407,-1.8874,1]},
{"frame":3,"values":[0.9906,0.0686,-0.1182,0,-0.1101,0.913,-0.3927,0,-0.081,-0.402,-0.912,0,1.1142,177.6514,-1.8326,1]},
{"frame":4,"values":[0.9971,0.0767,-0.0016,0,-0.0704,0.9071,-0.4149,0,0.0304,-0.4138,-0.9098,0,1.7195,180.6888,-1.7745,1]},
{"frame":5,"values":[0.996,0.0567,0.0695,0,-0.0257,0.9225,-0.385,0,0.086,-0.3817,-0.9203,0,2.3249,180.4034,-0.2262,1]},
{"frame":6,"values":[0.9915,0.0722,0.1078,0,-0.0319,0.9412,-0.3363,0,0.1258,-0.33,-0.9356,0,2.9302,177.834,1.6029,1]},
{"frame":7,"values":[0.9847,0.0955,0.146,0,-0.0448,0.9472,-0.3175,0,0.1686,-0.3061,-0.937,0,3.3584,173.306,6.0428,1]},
{"frame":8,"values":[0.974,0.1323,0.184,0,-0.066,0.9422,-0.3284,0,0.2168,-0.3077,-0.9265,0,3.7866,169.8726,10.4827,1]},
{"frame":9,"values":[0.9708,0.0921,0.2217,0,-0.0125,0.9416,-0.3365,0,0.2397,-0.3239,-0.9152,0,3.2851,166.4392,14.9226,1]},
{"frame":10,"values":[0.9658,0.0095,0.259,0,0.0787,0.9414,-0.328,0,0.247,-0.3372,-0.9085,0,2.7837,170.2803,12.8772,1]},
{"frame":11,"values":[0.9783,-0.0735,0.1935,0,0.1375,0.9296,-0.3419,0,0.1548,-0.3611,-0.9196,0,2.9408,174.1213,10.8318,1]},
{"frame":12,"values":[0.9793,-0.1578,0.1272,0,0.1942,0.9097,-0.3671,0,0.0578,-0.3842,-0.9214,0,3.098,177.9624,8.7864,1]},
{"frame":13,"values":[0.9889,-0.1356,0.0602,0,0.1484,0.9084,-0.3908,0,0.0017,-0.3954,-0.9185,0,2.5758,181.8034,6.741,1]},
{"frame":14,"values":[0.9936,-0.1125,-0.007,0,0.102,0.9235,-0.3697,0,-0.0481,-0.3666,-0.9291,0,2.0535,178.487,4.6956,1]},
{"frame":15,"values":[0.9854,-0.1533,-0.0742,0,0.1186,0.9304,-0.3467,0,-0.1221,-0.3329,-0.935,0,1.5313,175.1706,2.6502,1]},
{"frame":16,"values":[0.9711,-0.1927,-0.141,0,0.1274,0.9177,-0.3763,0,-0.2019,-0.3475,-0.9157,0,1.009,171.8542,0.6047,1]},
{"frame":17,"values":[0.9509,-0.2301,-0.2072,0,0.1313,0.9057,-0.4032,0,-0.2804,-0.3561,-0.8914,0,0.4868,168.5378,2.0794,1]},
{"frame":18,"values":[0.9501,-0.1692,-0.262,0,0.0615,0.9252,-0.3745,0,-0.3057,-0.3397,-0.8894,0,0.6324,169.9603,-2.5744,1]}],"loopBehavior":1,"name":"anim","property":"_matrix"}},
{"name":"mixamorig:Spine","index":1,"matrix":[0.9781,0.0742,-0.1947,0,-0.0212,0.965,0.2615,0,0.2073,-0.2516,0.9454,0,0.0062,19.525,-2.4818,1],"rest":[1,0,0,0,0,1,0,0,0,0,1,0,0.0062,19.525,-2.4818,1],"parentBoneIndex":0,"length":23.0091
,"animation":{"dataType":3,"framePerSecond":24,"keys":[
{"frame":1,"values":[0.9781,0.0742,-0.1947,0,-0.0212,0.965,0.2615,0,0.2073,-0.2516,0.9454,0,0.0062,19.525,-2.4818,1]},
{"frame":2,"values":[0.962,-0.0279,-0.2716,0,0.0888,0.9726,0.2147,0,0.2582,-0.2306,0.9382,0,0.0062,19.525,-2.4818,1]},
{"frame":3,"values":[0.9521,-0.1184,-0.2818,0,0.1653,0.9749,0.149,0,0.2571,-0.1885,0.9478,0,0.0062,19.525,-2.4818,1]},
{"frame":4,"values":[0.9642,-0.1016,-0.2451,0,0.1328,0.9845,0.1142,0,0.2297,-0.1427,0.9627,0,0.0062,19.525,-2.4818,1]},
{"frame":5,"values":[0.9791,-0.0679,-0.1918,0,0.0937,0.9873,0.1285,0,0.1806,-0.1438,0.973,0,0.0062,19.525,-2.4818,1]},
{"frame":6,"values":[0.9812,-0.0924,-0.1692,0,0.1202,0.9794,0.1622,0,0.1507,-0.1795,0.9721,0,0.0062,19.525,-2.4818,1]},
{"frame":7,"values":[0.9882,-0.1288,-0.0823,0,0.1425,0.9711,0.1912,0,0.0553,-0.2007,0.9781,0,0.0062,19.525,-2.4818,1]},
{"frame":8,"values":[0.9875,-0.1575,0.0053,0,0.1526,0.9638,0.2186,0,-0.0395,-0.2151,0.9758,0,0.0062,19.525,-2.4818,1]},
{"frame":9,"values":[0.9907,-0.0998,0.0928,0,0.0745,0.9669,0.2441,0,-0.1141,-0.2349,0.9653,0,0.0062,19.525,-2.4818,1]},
{"frame":10,"values":[0.9831,-0.0301,0.1804,0,-0.0113,0.9746,0.2238,0,-0.1825,-0.2221,0.9578,0,0.0062,19.525,-2.4818,1]},
{"frame":11,"values":[0.9634,0.0408,0.2651,0,-0.0953,0.976,0.1961,0,-0.2507,-0.2141,0.9441,0,0.0062,19.525,-2.4818,1]},
{"frame":12,"values":[0.972,0.1109,0.2071,0,-0.149,0.9726,0.1783,0,-0.1817,-0.2042,0.9619,0,0.0062,19.525,-2.4818,1]},
{"frame":13,"values":[0.985,0.0878,0.1484,0,-0.1115,0.9809,0.1594,0,-0.1316,-0.1735,0.976,0,0.0062,19.525,-2.4818,1]},
{"frame":14,"values":[0.994,0.0639,0.0892,0,-0.0794,0.9798,0.1834,0,-0.0757,-0.1894,0.979,0,0.0062,19.525,-2.4818,1]},
{"frame":15,"values":[0.9953,0.0919,0.029,0,-0.0959,0.974,0.2053,0,-0.0094,-0.2071,0.9783,0,0.0062,19.525,-2.4818,1]},
{"frame":16,"values":[0.9922,0.1209,-0.0308,0,-0.1108,0.9673,0.228,0,0.0573,-0.2229,0.9732,0,0.0062,19.525,-2.4818,1]},
{"frame":17,"values":[0.9845,0.1507,-0.0896,0,-0.1241,0.9599,0.2515,0,0.1239,-0.2365,0.9637,0,0.0062,19.525,-2.4818,1]},
{"frame":18,"values":[0.9781,0.0742,-0.1947,0,-0.0212,0.965,0.2615,0,0.2073,-0.2516,0.9454,0,0.0062,19.525,-2.4818,1]}],"loopBehavior":1,"name":"anim","property":"_matrix"}},
{"name":"mixamorig:Spine1","index":2,"matrix":[0.9985,0.0136,-0.0528,0,-0.0125,0.9997,0.0203,0,0.0531,-0.0196,0.9984,0,-0.0009,22.835,-2.8254,1],"rest":[1,0,0,0,0,1,0,0,0,0,1,0,-0.0009,22.835,-2.8254,1],"parentBoneIndex":1,"length":26.7438
,"animation":{"dataType":3,"framePerSecond":24,"keys":[
{"frame":1,"values":[0.9985,0.0136,-0.0528,0,-0.0125,0.9997,0.0203,0,0.0531,-0.0196,0.9984,0,-0.0009,22.835,-2.8254,1]},
{"frame":2,"values":[0.9973,-0.0015,-0.0739,0,0.0031,0.9998,0.0214,0,0.0739,-0.0215,0.997,0,-0.0009,22.835,-2.8254,1]},
{"frame":3,"values":[0.9969,-0.0108,-0.0782,0,0.0126,0.9997,0.0225,0,0.0779,-0.0234,0.9967,0,-0.0009,22.835,-2.8254,1]},
{"frame":4,"values":[0.9975,-0.0201,-0.0683,0,0.0217,0.9995,0.0236,0,0.0678,-0.025,0.9974,0,-0.0009,22.835,-2.8254,1]},
{"frame":5,"values":[0.9985,-0.0147,-0.0526,0,0.016,0.9996,0.0247,0,0.0522,-0.0255,0.9983,0,-0.0009,22.835,-2.8254,1]},
{"frame":6,"values":[0.9988,-0.0172,-0.045,0,0.0184,0.9995,0.0258,0,0.0445,-0.0266,0.9987,0,-0.0009,22.835,-2.8254,1]},
{"frame":7,"values":[0.9995,-0.023,-0.0215,0,0.0236,0.9994,0.0269,0,0.0208,-0.0274,0.9994,0,-0.0009,22.835,-2.8254,1]},
{"frame":8,"values":[0.9996,-0.0288,0.0021,0,0.0288,0.9992,0.028,0,-0.0029,-0.028,0.9996,0,-0.0009,22.835,-2.8254,1]},
{"frame":9,"values":[0.9995,-0.0187,0.0256,0,0.0179,0.9994,0.0294,0,-0.0261,-0.0289,0.9992,0,-0.0009,22.835,-2.8254,1]},
{"frame":10,"values":[0.9988,-0.0086,0.0491,0,0.0071,0.9995,0.0304,0,-0.0493,-0.03,0.9983,0,-0.0009,22.835,-2.8254,1]},
{"frame":11,"values":[0.9974,0.0016,0.0726,0,-0.0038,0.9995,0.0312,0,-0.0725,-0.0314,0.9969,0,-0.0009,22.835,-2.8254,1]},
{"frame":12,"values":[0.9983,0.0117,0.0565,0,-0.0135,0.9994,0.0324,0,-0.056,-0.0331,0.9979,0,-0.0009,22.835,-2.8254,1]},
{"frame":13,"values":[0.9991,0.0092,0.0403,0,-0.0106,0.9994,0.0335,0,-0.04,-0.0339,0.9986,0,-0.0009,22.835,-2.8254,1]},
{"frame":14,"values":[0.9997,0.0068,0.0241,0,-0.0076,0.9994,0.0346,0,-0.0239,-0.0348,0.9991,0,-0.0009,22.835,-2.8254,1]},
{"frame":15,"values":[0.9999,0.0134,0.0079,0,-0.0137,0.9993,0.0357,0,-0.0074,-0.0358,0.9993,0,-0.0009,22.835,-2.8254,1]},
{"frame":16,"values":[0.9998,0.02,-0.0082,0,-0.0197,0.9993,0.0303,0,0.0088,-0.0302,0.9995,0,-0.0009,22.835,-2.8254,1]},
{"frame":17,"values":[0.9993,0.0265,-0.0244,0,-0.0259,0.9994,0.0251,0,0.0251,-0.0244,0.9994,0,-0.0009,22.835,-2.8254,1]},
{"frame":18,"values":[0.9985,0.0136,-0.0528,0,-0.0125,0.9997,0.0203,0,0.0531,-0.0196,0.9984,0,-0.0009,22.835,-2.8254,1]}],"loopBehavior":1,"name":"anim","property":"_matrix"}},
{"name":"mixamorig:Spine2","index":3,"matrix":[0.9986,0.0132,-0.0521,0,-0.0122,0.9997,0.0209,0,0.0524,-0.0202,0.9984,0,-0.0206,26.5525,-3.1933,1],"rest":[1,0,0,0,0,1,0,0,0,0,1,0,-0.0206,26.5525,-3.1933,1],"parentBoneIndex":2,"length":24.825
,"animation":{"dataType":3,"framePerSecond":24,"keys":[
{"frame":1,"values":[0.9986,0.0132,-0.0521,0,-0.0122,0.9997,0.0209,0,0.0524,-0.0202,0.9984,0,-0.0206,26.5525,-3.1933,1]},
{"frame":2,"values":[0.9973,0.002,-0.0737,0,-0.0004,0.9998,0.0219,0,0.0737,-0.0218,0.997,0,-0.0206,26.5525,-3.1933,1]},
{"frame":3,"values":[0.9969,-0.0091,-0.0784,0,0.011,0.9997,0.023,0,0.0781,-0.0238,0.9967,0,-0.0206,26.5525,-3.1933,1]},
{"frame":4,"values":[0.9974,-0.0203,-0.0685,0,0.022,0.9995,0.024,0,0.068,-0.0255,0.9974,0,-0.0206,26.5525,-3.1933,1]},
{"frame":5,"values":[0.9985,-0.0152,-0.0527,0,0.0165,0.9995,0.0251,0,0.0523,-0.0259,0.9983,0,-0.0206,26.5525,-3.1933,1]},
{"frame":6,"values":[0.9988,-0.0181,-0.0448,0,0.0192,0.9995,0.0262,0,0.0443,-0.027,0.9987,0,-0.0206,26.5525,-3.1933,1]},
{"frame":7,"values":[0.9995,-0.025,-0.0213,0,0.0256,0.9993,0.0272,0,0.0206,-0.0278,0.9994,0,-0.0206,26.5525,-3.1933,1]},
{"frame":8,"values":[0.9996,-0.0293,0.0022,0,0.0292,0.9992,0.0283,0,-0.003,-0.0282,0.9996,0,-0.0206,26.5525,-3.1933,1]},
{"frame":9,"values":[0.9995,-0.019,0.0256,0,0.0183,0.9994,0.0296,0,-0.0262,-0.0291,0.9992,0,-0.0206,26.5525,-3.1933,1]},
{"frame":10,"values":[0.9988,-0.0088,0.0491,0,0.0073,0.9995,0.0306,0,-0.0494,-0.0302,0.9983,0,-0.0206,26.5525,-3.1933,1]},
{"frame":11,"values":[0.9974,0.0014,0.0726,0,-0.0037,0.9995,0.0314,0,-0.0725,-0.0316,0.9969,0,-0.0206,26.5525,-3.1933,1]},
{"frame":12,"values":[0.9983,0.0116,0.0566,0,-0.0135,0.9994,0.0325,0,-0.0562,-0.0332,0.9979,0,-0.0206,26.5525,-3.1933,1]},
{"frame":13,"values":[0.9991,0.0092,0.0406,0,-0.0106,0.9994,0.0336,0,-0.0403,-0.034,0.9986,0,-0.0206,26.5525,-3.1933,1]},
{"frame":14,"values":[0.9997,0.0068,0.0246,0,-0.0076,0.9994,0.0346,0,-0.0243,-0.0348,0.9991,0,-0.0206,26.5525,-3.1933,1]},
{"frame":15,"values":[0.9999,0.0132,0.0085,0,-0.0135,0.9993,0.0357,0,-0.0081,-0.0358,0.9993,0,-0.0206,26.5525,-3.1933,1]},
{"frame":16,"values":[0.9998,0.0197,-0.0075,0,-0.0195,0.9993,0.0305,0,0.0081,-0.0303,0.9995,0,-0.0206,26.5525,-3.1933,1]},
{"frame":17,"values":[0.9994,0.0261,-0.0235,0,-0.0255,0.9994,0.0254,0,0.0242,-0.0248,0.9994,0,-0.0206,26.5525,-3.1933,1]},
{"frame":18,"values":[0.9986,0.0132,-0.0521,0,-0.0122,0.9997,0.0209,0,0.0524,-0.0202,0.9984,0,-0.0206,26.5525,-3.1933,1]}],"loopBehavior":1,"name":"anim","property":"_matrix"}},
{"name":"mixamorig:Neck","index":4,"matrix":[0.9993,0.0249,0.0266,0,-0.0214,0.9923,-0.1223,0,-0.0295,0.1217,0.9921,0,-0.06,30.7018,1.3522,1],"rest":[1,0,0,0,0,1,0,0,0,0,1,0,-0.06,30.7018,1.3522,1],"parentBoneIndex":3,"length":22.8446
,"animation":{"dataType":3,"framePerSecond":24,"keys":[
{"frame":1,"values":[0.9993,0.0274,0.0266,0,-0.0238,0.9913,-0.1294,0,-0.0299,0.1287,0.9912,0,-0.06,30.7018,1.3522,1]},
{"frame":2,"values":[0.9987,0.0257,0.0432,0,-0.0201,0.992,-0.1246,0,-0.046,0.1236,0.9913,0,-0.06,30.7018,1.3522,1]},
{"frame":3,"values":[0.9982,0.0239,0.0551,0,-0.0172,0.9926,-0.1199,0,-0.0576,0.1187,0.9913,0,-0.06,30.7018,1.3522,1]},
{"frame":4,"values":[0.9979,0.0222,0.0616,0,-0.015,0.9932,-0.1151,0,-0.0638,0.1139,0.9914,0,-0.06,30.7018,1.3522,1]},
{"frame":5,"values":[0.998,0.0205,0.0594,0,-0.0138,0.9938,-0.1104,0,-0.0613,0.1094,0.9921,0,-0.06,30.7018,1.3522,1]},
{"frame":6,"values":[0.9982,0.0188,0.0566,0,-0.0127,0.9943,-0.1057,0,-0.0582,0.1048,0.9928,0,-0.06,30.7018,1.3522,1]},
{"frame":7,"values":[0.9987,0.0171,0.0475,0,-0.0122,0.9948,-0.101,0,-0.049,0.1003,0.9937,0,-0.06,30.7018,1.3522,1]},
{"frame":8,"values":[0.9991,0.0153,0.0384,0,-0.0113,0.9946,-0.1032,0,-0.0397,0.1027,0.9939,0,-0.06,30.7018,1.3522,1]},
{"frame":9,"values":[0.9994,0.0164,0.0293,0,-0.0133,0.9943,-0.1054,0,-0.0308,0.1049,0.994,0,-0.06,30.7019,1.3522,1]},
{"frame":10,"values":[0.9996,0.0175,0.0202,0,-0.0153,0.9941,-0.1075,0,-0.0219,0.1072,0.994,0,-0.06,30.7018,1.3522,1]},
{"frame":11,"values":[0.9998,0.0186,0.011,0,-0.0173,0.9938,-0.1097,0,-0.013,0.1094,0.9939,0,-0.06,30.7018,1.3522,1]},
{"frame":12,"values":[0.9998,0.0196,0.0019,0,-0.0193,0.9935,-0.1118,0,-0.0041,0.1117,0.9937,0,-0.06,30.7018,1.3522,1]},
{"frame":13,"values":[0.9998,0.0206,-0.0072,0,-0.0213,0.9933,-0.1139,0,0.0048,0.114,0.9935,0,-0.06,30.7018,1.3522,1]},
{"frame":14,"values":[0.9998,0.0217,-0.002,0,-0.0218,0.993,-0.116,0,-0.0006,0.116,0.9932,0,-0.06,30.7018,1.3522,1]},
{"frame":15,"values":[0.9997,0.0227,0.0033,0,-0.0222,0.9928,-0.1181,0,-0.0059,0.118,0.993,0,-0.06,30.7018,1.3522,1]},
{"frame":16,"values":[0.9997,0.0238,0.0085,0,-0.0226,0.9925,-0.1202,0,-0.0113,0.12,0.9927,0,-0.06,30.7018,1.3522,1]},
{"frame":17,"values":[0.9996,0.0249,0.0137,0,-0.023,0.9922,-0.1223,0,-0.0166,0.122,0.9924,0,-0.06,30.7018,1.3522,1]},
{"frame":18,"values":[0.9993,0.0249,0.0266,0,-0.0214,0.9923,-0.1223,0,-0.0295,0.1217,0.9921,0,-0.06,30.7018,1.3522,1]}],"loopBehavior":1,"name":"anim","property":"_matrix"}},
{"name":"mixamorig:Head","index":5,"matrix":[0.9948,-0.0926,-0.0424,0,0.0665,0.9061,-0.4179,0,0.0771,0.4129,0.9075,0,-0.0872,22.5476,3.6709,1],"rest":[1,0,0,0,0,1,0,0,0,0,1,0,-0.0872,22.5476,3.6709,1],"parentBoneIndex":4,"length":30.5923
,"animation":{"dataType":3,"framePerSecond":24,"keys":[
{"frame":1,"values":[0.9948,-0.0926,-0.0424,0,0.0665,0.9061,-0.4179,0,0.0771,0.4129,0.9075,0,-0.0872,22.5476,3.6709,1]},
{"frame":2,"values":[0.9918,-0.0228,0.1261,0,0.0694,0.923,-0.3784,0,-0.1078,0.384,0.917,0,-0.0872,22.5476,3.6709,1]},
{"frame":3,"values":[0.9631,0.0454,0.2655,0,0.0461,0.9434,-0.3284,0,-0.2653,0.3285,0.9065,0,-0.0872,22.5476,3.6709,1]},
{"frame":4,"values":[0.9426,0.0928,0.3207,0,0.0166,0.9464,-0.3227,0,-0.3335,0.3095,0.8905,0,-0.0872,22.5476,3.6709,1]},
{"frame":5,"values":[0.9438,0.1259,0.3057,0,-0.0182,0.943,-0.3323,0,-0.3301,0.308,0.8923,0,-0.0872,22.5476,3.6709,1]},
{"frame":6,"values":[0.9456,0.1648,0.2804,0,-0.0487,0.9242,-0.3788,0,-0.3216,0.3445,0.882,0,-0.0872,22.5476,3.6709,1]},
{"frame":7,"values":[0.958,0.2066,0.1989,0,-0.1098,0.9049,-0.4112,0,-0.265,0.3721,0.8896,0,-0.0872,22.5476,3.6709,1]},
{"frame":8,"values":[0.9618,0.248,0.1161,0,-0.175,0.8827,-0.4361,0,-0.2106,0.3991,0.8924,0,-0.0872,22.5476,3.6709,1]},
{"frame":9,"values":[0.9783,0.2044,0.0346,0,-0.1729,0.8966,-0.4076,0,-0.1143,0.3928,0.9125,0,-0.0872,22.5477,3.6709,1]},
{"frame":10,"values":[0.9857,0.1612,-0.049,0,-0.1677,0.91,-0.3792,0,-0.0165,0.382,0.924,0,-0.0872,22.5476,3.6709,1]},
{"frame":11,"values":[0.9838,0.1192,-0.1335,0,-0.1595,0.9227,-0.3511,0,0.0813,0.3667,0.9268,0,-0.0872,22.5476,3.6709,1]},
{"frame":12,"values":[0.9728,0.079,-0.2177,0,-0.1483,0.9344,-0.3238,0,0.1778,0.3473,0.9207,0,-0.0872,22.5476,3.6709,1]},
{"frame":13,"values":[0.9536,0.0364,-0.2987,0,-0.1417,0.93,-0.339,0,0.2655,0.3657,0.8921,0,-0.0872,22.5476,3.6709,1]},
{"frame":14,"values":[0.9656,-0.0067,-0.26,0,-0.0928,0.9251,-0.3683,0,0.243,0.3797,0.8926,0,-0.0872,22.5476,3.6709,1]},
{"frame":15,"values":[0.9743,-0.0492,-0.2198,0,-0.0428,0.9175,-0.3954,0,0.2211,0.3947,0.8918,0,-0.0872,22.5476,3.6709,1]},
{"frame":16,"values":[0.9798,-0.091,-0.1781,0,0.0079,0.9074,-0.4203,0,0.1998,0.4104,0.8898,0,-0.0872,22.5476,3.6709,1]},
{"frame":17,"values":[0.982,-0.1316,-0.1352,0,0.059,0.8947,-0.4427,0,0.1792,0.4268,0.8864,0,-0.0872,22.5476,3.6709,1]},
{"frame":18,"values":[0.9948,-0.0926,-0.0424,0,0.0665,0.9061,-0.4179,0,0.0771,0.4129,0.9075,0,-0.0872,22.5476,3.6709,1]}],"loopBehavior":1,"name":"anim","property":"_matrix"}},
{"name":"mixamorig:HeadTop_End","index":6,"matrix":[1,0,0,0,0,1,0,0,0,0,1,0,-0.8306,40.3552,7.8935,1],"rest":[1,0,0,0,0,1,0,0,0,0,1,0,-0.8306,40.3552,7.8935,1],"parentBoneIndex":5,"length":30.5923
,"animation":{"dataType":3,"framePerSecond":24,"keys":[
{"frame":1,"values":[1,0,0,0,0,1,0,0,0,0,1,0,-0.8306,40.3552,7.8935,1]},
{"frame":2,"values":[1,0,0,0,0,1,0,0,0,0,1,0,-0.8306,40.3551,7.8935,1]},
{"frame":3,"values":[1,0,0,0,0,1,0,0,0,0,1,0,-0.8306,40.3552,7.8935,1]},
{"frame":18,"values":[1,0,0,0,0,1,0,0,0,0,1,0,-0.8306,40.3552,7.8935,1]}],"loopBehavior":1,"name":"anim","property":"_matrix"}},
{"name":"mixamorig:RightEye","index":7,"matrix":[1,0,0,0,0,1,0,0,0,0,1,0,-6.3021,18.1186,16.1971,1],"rest":[1,0,0,0,0,1,0,0,0,0,1,0,-6.3021,18.1186,16.1971,1],"parentBoneIndex":5,"length":30.5923
,"animation":{"dataType":3,"framePerSecond":24,"keys":[
{"frame":1,"values":[1,0,0,0,0,1,0,0,0,0,1,0,-6.3021,18.1186,16.1971,1]},
{"frame":2,"values":[1,0,0,0,0,1,0,0,0,0,1,0,-6.3021,18.1185,16.1971,1]},
{"frame":3,"values":[1,0,0,0,0,1,0,0,0,0,1,0,-6.3021,18.1186,16.1971,1]},
{"frame":18,"values":[1,0,0,0,0,1,0,0,0,0,1,0,-6.3021,18.1186,16.1971,1]}],"loopBehavior":1,"name":"anim","property":"_matrix"}},
{"name":"mixamorig:LeftEye","index":8,"matrix":[1,0,0,0,0,1,0,0,0,0,1,0,6.7415,18.3827,16.4019,1],"rest":[1,0,0,0,0,1,0,0,0,0,1,0,6.7415,18.3827,16.4019,1],"parentBoneIndex":5,"length":30.5923
,"animation":{"dataType":3,"framePerSecond":24,"keys":[
{"frame":1,"values":[1,0,0,0,0,1,0,0,0,0,1,0,6.7415,18.3827,16.4019,1]},
{"frame":2,"values":[1,0,0,0,0,1,0,0,0,0,1,0,6.7415,18.3826,16.4019,1]},
{"frame":3,"values":[1,0,0,0,0,1,0,0,0,0,1,0,6.7415,18.3827,16.4019,1]},
{"frame":18,"values":[1,0,0,0,0,1,0,0,0,0,1,0,6.7415,18.3827,16.4019,1]}],"loopBehavior":1,"name":"anim","property":"_matrix"}},
{"name":"mixamorig:LeftShoulder","index":9,"matrix":[0.9767,-0.2075,-0.0554,0,0.2079,0.9781,0.0015,0,0.0539,-0.0129,0.9985,0,11.9249,18.2305,1.4254,1],"rest":[1,0.0062,0,0,-0.0062,1,0,0,0,0,1,0,11.9249,18.2305,1.4254,1],"parentBoneIndex":3,"length":25.9773
,"animation":{"dataType":3,"framePerSecond":24,"keys":[
{"frame":1,"values":[0.9767,-0.2075,-0.0554,0,0.2079,0.9781,0.0015,0,0.0539,-0.0129,0.9985,0,11.9249,18.2305,1.4254,1]},
{"frame":2,"values":[0.9848,-0.1669,-0.0477,0,0.1672,0.9859,0.0026,0,0.0466,-0.0106,0.9989,0,11.9249,18.2305,1.4254,1]},
{"frame":3,"values":[0.9881,-0.1532,0.0129,0,0.153,0.9881,0.0122,0,-0.0146,-0.01,0.9998,0,11.9249,18.2305,1.4254,1]},
{"frame":4,"values":[0.9863,-0.1633,0.0222,0,0.163,0.9865,0.014,0,-0.0242,-0.0102,0.9997,0,11.9249,18.2305,1.4254,1]},
{"frame":5,"values":[0.9773,-0.2114,0.0132,0,0.2112,0.9773,0.0143,0,-0.0159,-0.0112,0.9998,0,11.9249,18.2305,1.4254,1]},
{"frame":6,"values":[0.9625,-0.2697,0.0296,0,0.2692,0.9629,0.0201,0,-0.0339,-0.0114,0.9994,0,11.9249,18.2305,1.4254,1]},
{"frame":7,"values":[0.9439,-0.3269,0.0464,0,0.3259,0.945,0.027,0,-0.0527,-0.0103,0.9986,0,11.9249,18.2305,1.4254,1]},
{"frame":8,"values":[0.9317,-0.3512,0.0928,0,0.3489,0.9363,0.0405,0,-0.1011,-0.0053,0.9949,0,11.9249,18.2305,1.4254,1]},
{"frame":9,"values":[0.9495,-0.2918,0.1154,0,0.2881,0.9564,0.0485,0,-0.1245,-0.0128,0.9921,0,11.9249,18.2305,1.4254,1]},
{"frame":10,"values":[0.963,-0.2315,0.138,0,0.2286,0.9728,0.0363,0,-0.1426,-0.0034,0.9898,0,11.9249,18.2305,1.4254,1]},
{"frame":11,"values":[0.9777,-0.1715,0.121,0,0.1698,0.9852,0.0244,0,-0.1234,-0.0033,0.9924,0,11.9249,18.2305,1.4254,1]},
{"frame":12,"values":[0.9778,-0.1821,0.1039,0,0.181,0.9833,0.02,0,-0.1058,-0.0008,0.9944,0,11.9249,18.2305,1.4254,1]},
{"frame":13,"values":[0.9774,-0.1928,0.0869,0,0.1922,0.9812,0.0155,0,-0.0882,0.0015,0.9961,0,11.9249,18.2305,1.4254,1]},
{"frame":14,"values":[0.9719,-0.2249,0.0698,0,0.2241,0.9744,0.0189,0,-0.0723,-0.0027,0.9974,0,11.9249,18.2305,1.4254,1]},
{"frame":15,"values":[0.9656,-0.2569,0.0407,0,0.2562,0.9664,0.0224,0,-0.0451,-0.0112,0.9989,0,11.9249,18.2305,1.4254,1]},
{"frame":16,"values":[0.9688,-0.2475,0.0116,0,0.2473,0.9688,0.0151,0,-0.015,-0.0118,0.9998,0,11.9249,18.2305,1.4254,1]},
{"frame":17,"values":[0.9711,-0.2378,-0.0216,0,0.238,0.9712,0.0078,0,0.0192,-0.0127,0.9997,0,11.9249,18.2305,1.4254,1]},
{"frame":18,"values":[0.9767,-0.2075,-0.0554,0,0.2079,0.9781,0.0015,0,0.0539,-0.0129,0.9985,0,11.9249,18.2305,1.4254,1]}],"loopBehavior":1,"name":"anim","property":"_matrix"}},
{"name":"mixamorig:LeftArm","index":10,"matrix":[0.4077,-0.6323,-0.6588,0,0.8784,0.4686,0.094,0,0.2493,-0.617,0.7464,0,25.4312,-0.8546,-5.2293,1],"rest":[0.9983,0.0295,0.0512,0,-0.0294,0.9996,-0.0017,0,-0.0512,0.0002,0.9987,0,25.4312,-0.8546,-5.2293,1],"parentBoneIndex":9,"length":54.6848
,"animation":{"dataType":3,"framePerSecond":24,"keys":[
{"frame":1,"values":[0.4077,-0.6323,-0.6588,0,0.8784,0.4686,0.094,0,0.2493,-0.617,0.7464,0,25.4312,-0.8546,-5.2293,1]},
{"frame":2,"values":[0.4331,-0.4225,-0.7962,0,0.8235,0.5446,0.1589,0,0.3665,-0.7245,0.5838,0,25.4312,-0.8547,-5.2293,1]},
{"frame":3,"values":[0.4763,-0.243,-0.845,0,0.7529,0.6092,0.2492,0,0.4542,-0.7549,0.4731,0,25.4312,-0.8546,-5.2293,1]},
{"frame":4,"values":[0.533,-0.2318,-0.8138,0,0.7346,0.6041,0.309,0,0.4199,-0.7625,0.4922,0,25.4312,-0.8546,-5.2293,1]},
{"frame":5,"values":[0.5775,-0.3579,-0.7338,0,0.7442,0.6004,0.2928,0,0.3357,-0.7152,0.613,0,25.4312,-0.8546,-5.2293,1]},
{"frame":6,"values":[0.6665,-0.5468,-0.5067,0,0.7249,0.6341,0.2692,0,0.1741,-0.5467,0.8191,0,25.4312,-0.8546,-5.2293,1]},
{"frame":7,"values":[0.7313,-0.6751,-0.0968,0,0.6737,0.6931,0.2564,0,-0.106,-0.2528,0.9617,0,25.4312,-0.8546,-5.2293,1]},
{"frame":8,"values":[0.7122,-0.6146,0.3391,0,0.6044,0.7826,0.149,0,-0.3569,0.0988,0.9289,0,25.4312,-0.8546,-5.2293,1]},
{"frame":9,"values":[0.6642,-0.4566,0.5919,0,0.5376,0.8419,0.0463,0,-0.5194,0.2874,0.8047,0,25.4312,-0.8546,-5.2293,1]},
{"frame":10,"values":[0.6348,-0.4663,0.6161,0,0.5544,0.8303,0.0572,0,-0.5383,0.3053,0.7856,0,25.4312,-0.8547,-5.2293,1]},
{"frame":11,"values":[0.6674,-0.5231,0.53,0,0.5779,0.8127,0.0745,0,-0.4697,0.2565,0.8447,0,25.4312,-0.8546,-5.2293,1]},
{"frame":12,"values":[0.6971,-0.5896,0.4079,0,0.6071,0.7881,0.1017,0,-0.3814,0.1767,0.9074,0,25.4312,-0.8546,-5.2293,1]},
{"frame":13,"values":[0.7135,-0.6441,0.2759,0,0.6382,0.7599,0.1235,0,-0.2892,0.088,0.9532,0,25.4312,-0.8546,-5.2293,1]},
{"frame":14,"values":[0.7157,-0.6846,0.1381,0,0.6703,0.7289,0.1393,0,-0.196,-0.0071,0.9806,0,25.4312,-0.8546,-5.2293,1]},
{"frame":15,"values":[0.704,-0.7102,-0.0012,0,0.7025,0.696,0.1485,0,-0.1046,-0.1054,0.9889,0,25.4312,-0.8546,-5.2293,1]},
{"frame":16,"values":[0.5802,-0.8022,-0.1407,0,0.8144,0.5704,0.1066,0,-0.0053,-0.1765,0.9843,0,25.4312,-0.8547,-5.2293,1]},
{"frame":17,"values":[0.4148,-0.8136,-0.4074,0,0.9013,0.4289,0.061,0,0.1251,-0.3925,0.9112,0,25.4312,-0.8546,-5.2293,1]},
{"frame":18,"values":[0.4077,-0.6323,-0.6588,0,0.8784,0.4686,0.094,0,0.2493,-0.617,0.7464,0,25.4312,-0.8546,-5.2293,1]}],"loopBehavior":1,"name":"anim","property":"_matrix"}},
{"name":"mixamorig:LeftForeArm","index":11,"matrix":[0.5071,0.0087,0.8618,0,0.022,0.9995,-0.023,0,-0.8616,0.0306,0.5067,0,54.5783,-1.9463,-2.8009,1],"rest":[0.9943,-0.0088,-0.1062,0,0.0091,1,0.0028,0,0.1061,-0.0038,0.9943,0,54.5783,-1.9463,-2.8009,1],"parentBoneIndex":10,"length":55.0982
,"animation":{"dataType":3,"framePerSecond":24,"keys":[
{"frame":1,"values":[0.5071,0.0087,0.8618,0,0.022,0.9995,-0.023,0,-0.8616,0.0306,0.5067,0,54.5783,-1.9463,-2.8009,1]},
{"frame":2,"values":[0.3693,0.0136,0.9292,0,0.0257,0.9994,-0.0249,0,-0.9289,0.033,0.3687,0,54.5783,-1.9463,-2.8009,1]},
{"frame":3,"values":[0.2524,0.0178,0.9675,0,0.0288,0.9993,-0.0259,0,-0.9672,0.0344,0.2517,0,54.5783,-1.9463,-2.8009,1]},
{"frame":4,"values":[0.234,0.0185,0.9721,0,0.0293,0.9992,-0.026,0,-0.9718,0.0345,0.2333,0,54.5783,-1.9463,-2.8009,1]},
{"frame":5,"values":[0.2271,0.0187,0.9737,0,0.0295,0.9992,-0.0261,0,-0.9734,0.0346,0.2264,0,54.5783,-1.9463,-2.8009,1]},
{"frame":6,"values":[0.2431,0.0181,0.9698,0,0.029,0.9992,-0.026,0,-0.9696,0.0345,0.2424,0,54.5783,-1.9462,-2.8009,1]},
{"frame":7,"values":[0.3517,0.0143,0.936,0,0.0261,0.9993,-0.025,0,-0.9357,0.0333,0.3511,0,54.5783,-1.9462,-2.8009,1]},
{"frame":8,"values":[0.3996,0.0177,0.9165,0,0.0246,0.9992,-0.0301,0,-0.9163,0.0346,0.3989,0,54.5783,-1.9463,-2.8009,1]},
{"frame":9,"values":[0.3196,0.0154,0.9474,0,0.027,0.9993,-0.0254,0,-0.9472,0.0337,0.319,0,54.5783,-1.9463,-2.8009,1]},
{"frame":10,"values":[0.1066,0.023,0.994,0,0.0327,0.9991,-0.0266,0,-0.9938,0.0353,0.1058,0,54.5783,-1.9463,-2.8009,1]},
{"frame":11,"values":[-0.1035,0.0305,0.9942,0,0.0383,0.9989,-0.0267,0,-0.9939,0.0353,-0.1045,0,54.5783,-1.9463,-2.8009,1]},
{"frame":12,"values":[-0.1931,0.0337,0.9806,0,0.0407,0.9988,-0.0263,0,-0.9803,0.0348,-0.1943,0,54.5783,-1.9463,-2.8009,1]},
{"frame":13,"values":[-0.1516,0.0322,0.9879,0,0.0396,0.9989,-0.0265,0,-0.9877,0.0351,-0.1527,0,54.5783,-1.9463,-2.8009,1]},
{"frame":14,"values":[-0.0199,0.0275,0.9994,0,0.036,0.999,-0.0268,0,-0.9992,0.0355,-0.0209,0,54.5783,-1.9463,-2.8009,1]},
{"frame":15,"values":[0.227,0.0187,0.9737,0,0.0295,0.9992,-0.0261,0,-0.9734,0.0346,0.2263,0,54.5783,-1.9463,-2.8009,1]},
{"frame":16,"values":[0.5233,0.0081,0.8521,0,0.0216,0.9995,-0.0228,0,-0.8519,0.0303,0.5229,0,54.5783,-1.9463,-2.8009,1]},
{"frame":17,"values":[0.6035,0.0053,0.7973,0,0.0194,0.9996,-0.0213,0,-0.7971,0.0284,0.6032,0,54.5783,-1.9463,-2.8009,1]},
{"frame":18,"values":[0.5071,0.0087,0.8618,0,0.022,0.9995,-0.023,0,-0.8616,0.0306,0.5067,0,54.5783,-1.9463,-2.8009,1]}],"loopBehavior":1,"name":"anim","property":"_matrix"}},
{"name":"mixamorig:LeftHand","index":12,"matrix":[0.8777,0.3786,0.2938,0,-0.4596,0.8387,0.2923,0,-0.1358,-0.3916,0.9101,0,54.9948,-1.4671,3.0376,1],"rest":[0.9961,0.088,0.001,0,-0.0871,0.9842,0.154,0,0.0125,-0.1535,0.9881,0,54.9948,-1.4671,3.0376,1],"parentBoneIndex":11,"length":20.3347
,"animation":{"dataType":3,"framePerSecond":24,"keys":[
{"frame":1,"values":[0.8777,0.3786,0.2938,0,-0.4596,0.8387,0.2923,0,-0.1358,-0.3916,0.9101,0,54.9948,-1.4671,3.0376,1]},
{"frame":2,"values":[0.8882,0.3631,0.2815,0,-0.4382,0.8537,0.2814,0,-0.1381,-0.3733,0.9174,0,54.9948,-1.4671,3.0376,1]},
{"frame":3,"values":[0.9036,0.3287,0.2749,0,-0.4013,0.8739,0.2742,0,-0.1501,-0.3581,0.9215,0,54.9948,-1.4671,3.0376,1]},
{"frame":4,"values":[0.8923,0.3544,0.2798,0,-0.4264,0.8651,0.2642,0,-0.1484,-0.3551,0.923,0,54.9948,-1.4671,3.0376,1]},
{"frame":5,"values":[0.8776,0.3815,0.2903,0,-0.4566,0.8496,0.2639,0,-0.146,-0.3642,0.9198,0,54.9948,-1.4671,3.0376,1]},
{"frame":6,"values":[0.8501,0.3933,0.3501,0,-0.4863,0.8414,0.2356,0,-0.2019,-0.3705,0.9066,0,54.9948,-1.4671,3.0376,1]},
{"frame":7,"values":[0.8185,0.4045,0.408,0,-0.5139,0.8329,0.2052,0,-0.2568,-0.3777,0.8896,0,54.9948,-1.4671,3.0376,1]},
{"frame":8,"values":[0.7829,0.4149,0.4636,0,-0.5392,0.8242,0.1731,0,-0.3103,-0.3855,0.869,0,54.9948,-1.4671,3.0376,1]},
{"frame":9,"values":[0.7881,0.42,0.4501,0,-0.54,0.8227,0.1778,0,-0.2956,-0.3832,0.8751,0,54.9948,-1.4671,3.0376,1]},
{"frame":10,"values":[0.793,0.425,0.4364,0,-0.5406,0.8212,0.1826,0,-0.2808,-0.3808,0.881,0,54.9948,-1.4671,3.0376,1]},
{"frame":11,"values":[0.7977,0.4301,0.4227,0,-0.5412,0.8197,0.1874,0,-0.2659,-0.3782,0.8867,0,54.9948,-1.4671,3.0376,1]},
{"frame":12,"values":[0.8022,0.4351,0.4088,0,-0.5417,0.8183,0.1922,0,-0.2509,-0.3756,0.8921,0,54.9948,-1.4671,3.0376,1]},
{"frame":13,"values":[0.8065,0.44,0.3949,0,-0.5421,0.8169,0.197,0,-0.2359,-0.373,0.8974,0,54.9948,-1.4671,3.0376,1]},
{"frame":14,"values":[0.8105,0.4449,0.3809,0,-0.5425,0.8155,0.2018,0,-0.2208,-0.3702,0.9023,0,54.9948,-1.4671,3.0376,1]},
{"frame":15,"values":[0.8143,0.4498,0.3668,0,-0.5428,0.8141,0.2066,0,-0.2057,-0.3673,0.9071,0,54.9948,-1.4671,3.0376,1]},
{"frame":16,"values":[0.8179,0.4546,0.3526,0,-0.5429,0.8127,0.2115,0,-0.1905,-0.3644,0.9116,0,54.9948,-1.4671,3.0376,1]},
{"frame":17,"values":[0.8212,0.4594,0.3384,0,-0.5431,0.8114,0.2163,0,-0.1752,-0.3614,0.9158,0,54.9948,-1.4671,3.0376,1]},
{"frame":18,"values":[0.8777,0.3786,0.2938,0,-0.4596,0.8387,0.2923,0,-0.1358,-0.3916,0.9101,0,54.9948,-1.4671,3.0376,1]}],"loopBehavior":1,"name":"anim","property":"_matrix"}},
{"name":"mixamorig:LeftHandMiddle1","index":13,"matrix":[0.6123,-0.7686,0.1854,0,0.7778,0.6276,0.0334,0,-0.1421,0.1238,0.9821,0,23.1821,-2.445,1.6605,1],"rest":[0.9974,-0.0561,0.045,0,0.0561,0.9984,0.0005,0,-0.045,0.002,0.999,0,23.1821,-2.445,1.6605,1],"parentBoneIndex":12,"length":6.3787
,"animation":{"dataType":3,"framePerSecond":24,"keys":[
{"frame":1,"values":[0.6123,-0.7686,0.1854,0,0.7778,0.6276,0.0334,0,-0.1421,0.1238,0.9821,0,23.1821,-2.445,1.6605,1]},
{"frame":2,"values":[0.6124,-0.7642,0.2024,0,0.7758,0.6302,0.0322,0,-0.1522,0.1373,0.9788,0,23.1821,-2.445,1.6605,1]},
{"frame":3,"values":[0.6176,-0.7515,0.232,0,0.7677,0.6401,0.0297,0,-0.1708,0.1597,0.9723,0,23.1821,-2.445,1.6605,1]},
{"frame":4,"values":[0.6124,-0.7468,0.2594,0,0.7679,0.6399,0.0296,0,-0.1881,0.181,0.9653,0,23.1821,-2.445,1.6605,1]},
{"frame":5,"values":[0.6501,-0.7065,0.2796,0,0.7296,0.6832,0.0296,0,-0.212,0.1848,0.9596,0,23.1821,-2.445,1.6605,1]},
{"frame":6,"values":[0.6791,-0.6813,0.2732,0,0.702,0.7116,0.0298,0,-0.2147,0.1716,0.9615,0,23.1821,-2.445,1.6605,1]},
{"frame":7,"values":[0.621,-0.7344,0.2739,0,0.7577,0.6519,0.0299,0,-0.2005,0.1889,0.9613,0,23.1821,-2.445,1.6605,1]},
{"frame":8,"values":[0.5767,-0.7717,0.2681,0,0.7956,0.605,0.0301,0,-0.1854,0.196,0.9629,0,23.1821,-2.445,1.6605,1]},
{"frame":9,"values":[0.5154,-0.8136,0.2691,0,0.8391,0.543,0.0345,0,-0.1742,0.208,0.9625,0,23.1821,-2.445,1.6605,1]},
{"frame":10,"values":[0.5222,-0.8089,0.2701,0,0.8345,0.55,0.0339,0,-0.176,0.2077,0.9622,0,23.1821,-2.445,1.6605,1]},
{"frame":11,"values":[0.5585,-0.7837,0.2719,0,0.8088,0.5873,0.0311,0,-0.1841,0.2025,0.9618,0,23.1821,-2.445,1.6605,1]},
{"frame":12,"values":[0.5807,-0.7738,0.253,0,0.7949,0.6061,0.0292,0,-0.1759,0.1842,0.967,0,23.1821,-2.445,1.6605,1]},
{"frame":13,"values":[0.6024,-0.7631,0.234,0,0.7804,0.6246,0.0276,0,-0.1673,0.166,0.9718,0,23.1821,-2.445,1.6605,1]},
{"frame":14,"values":[0.6236,-0.7516,0.2149,0,0.7656,0.6428,0.0266,0,-0.1581,0.1479,0.9763,0,23.1821,-2.445,1.6605,1]},
{"frame":15,"values":[0.6443,-0.7393,0.1957,0,0.7502,0.6606,0.026,0,-0.1485,0.1301,0.9803,0,23.1821,-2.445,1.6605,1]},
{"frame":16,"values":[0.6646,-0.7261,0.1765,0,0.7339,0.6787,0.0286,0,-0.1405,0.1105,0.9839,0,23.1821,-2.445,1.6605,1]},
{"frame":17,"values":[0.6412,-0.7444,0.1865,0,0.7534,0.6568,0.0311,0,-0.1457,0.1206,0.982,0,23.1821,-2.445,1.6605,1]},
{"frame":18,"values":[0.6123,-0.7686,0.1854,0,0.7778,0.6276,0.0334,0,-0.1421,0.1238,0.9821,0,23.1821,-2.445,1.6605,1]}],"loopBehavior":1,"name":"anim","property":"_matrix"}},
{"name":"mixamorig:LeftHandMiddle2","index":14,"matrix":[0.5224,-0.8517,0.0402,0,0.8505,0.5239,0.0463,0,-0.0605,0.01,0.9981,0,6.3689,-0.3109,0.167,1],"rest":[0.991,0.1341,-0.0042,0,-0.1342,0.991,-0.0031,0,0.0038,0.0036,1,0,6.3689,-0.3109,0.167,1],"parentBoneIndex":13,"length":6.1483
,"animation":{"dataType":3,"framePerSecond":24,"keys":[
{"frame":1,"values":[0.5224,-0.8517,0.0402,0,0.8505,0.5239,0.0463,0,-0.0605,0.01,0.9981,0,6.3689,-0.3109,0.167,1]},
{"frame":2,"values":[0.5144,-0.8566,0.0402,0,0.8554,0.5159,0.0466,0,-0.0606,0.0104,0.9981,0,6.3689,-0.3109,0.167,1]},
{"frame":3,"values":[0.5107,-0.8588,0.0402,0,0.8576,0.5122,0.0469,0,-0.0608,0.0105,0.9981,0,6.3689,-0.3109,0.167,1]},
{"frame":4,"values":[0.5077,-0.8606,0.0402,0,0.8594,0.5092,0.0471,0,-0.061,0.0106,0.9981,0,6.3689,-0.3109,0.167,1]},
{"frame":5,"values":[0.4679,-0.8828,0.0402,0,0.8817,0.4695,0.0474,0,-0.0608,0.0133,0.9981,0,6.3689,-0.3109,0.167,1]},
{"frame":6,"values":[0.4502,-0.892,0.0403,0,0.8909,0.4518,0.0477,0,-0.0607,0.0144,0.9981,0,6.3689,-0.3109,0.167,1]},
{"frame":7,"values":[0.4638,-0.885,0.0403,0,0.8838,0.4653,0.048,0,-0.0612,0.0134,0.998,0,6.3689,-0.3109,0.167,1]},
{"frame":8,"values":[0.4773,-0.8778,0.0403,0,0.8766,0.4788,0.0482,0,-0.0616,0.0123,0.998,0,6.3689,-0.3109,0.167,1]},
{"frame":9,"values":[0.4907,-0.8704,0.0403,0,0.8691,0.4922,0.0485,0,-0.0621,0.0112,0.998,0,6.3689,-0.3109,0.167,1]},
{"frame":10,"values":[0.4958,-0.8675,0.0403,0,0.8662,0.4973,0.0483,0,-0.0619,0.011,0.998,0,6.3689,-0.3109,0.167,1]},
{"frame":11,"values":[0.501,-0.8645,0.0403,0,0.8633,0.5025,0.048,0,-0.0618,0.0108,0.998,0,6.3689,-0.3109,0.167,1]},
{"frame":12,"values":[0.5061,-0.8615,0.0403,0,0.8603,0.5076,0.0478,0,-0.0616,0.0105,0.998,0,6.3689,-0.3109,0.167,1]},
{"frame":13,"values":[0.5112,-0.8585,0.0403,0,0.8573,0.5127,0.0475,0,-0.0615,0.0102,0.9981,0,6.3689,-0.3109,0.167,1]},
{"frame":14,"values":[0.5163,-0.8555,0.0403,0,0.8542,0.5177,0.0473,0,-0.0613,0.01,0.9981,0,6.3689,-0.3109,0.167,1]},
{"frame":15,"values":[0.5213,-0.8524,0.0402,0,0.8512,0.5228,0.047,0,-0.0611,0.0097,0.9981,0,6.3689,-0.3109,0.167,1]},
{"frame":16,"values":[0.5264,-0.8493,0.0402,0,0.8481,0.5278,0.0468,0,-0.061,0.0095,0.9981,0,6.3689,-0.3109,0.167,1]},
{"frame":17,"values":[0.5314,-0.8462,0.0402,0,0.8449,0.5329,0.0465,0,-0.0608,0.0092,0.9981,0,6.3689,-0.3109,0.167,1]},
{"frame":18,"values":[0.5224,-0.8517,0.0402,0,0.8505,0.5239,0.0463,0,-0.0605,0.01,0.9981,0,6.3689,-0.3109,0.167,1]}],"loopBehavior":1,"name":"anim","property":"_matrix"}},
{"name":"mixamorig:LeftHandMiddle3","index":15,"matrix":[0.8295,-0.5578,0.0276,0,0.5574,0.8299,0.0214,0,-0.0349,-0.0023,0.9994,0,6.0425,-1.121,0.183,1],"rest":[1,-0.0048,-0.0038,0,0.0048,1,0.0008,0,0.0038,-0.0009,1,0,6.0425,-1.121,0.183,1],"parentBoneIndex":14,"length":6.5825
,"animation":{"dataType":3,"framePerSecond":24,"keys":[
{"frame":1,"values":[0.8296,-0.5579,0.0237,0,0.5575,0.8299,0.0213,0,-0.0315,-0.0045,0.9995,0,6.0425,-1.121,0.183,1]},
{"frame":2,"values":[0.8274,-0.5612,0.0243,0,0.5608,0.8277,0.0213,0,-0.0321,-0.004,0.9995,0,6.0425,-1.121,0.183,1]},
{"frame":3,"values":[0.8225,-0.5682,0.025,0,0.5678,0.8229,0.0213,0,-0.0327,-0.0034,0.9995,0,6.0425,-1.121,0.183,1]},
{"frame":4,"values":[0.8105,-0.5851,0.0256,0,0.5847,0.8109,0.0214,0,-0.0333,-0.0023,0.9994,0,6.0425,-1.121,0.183,1]},
{"frame":5,"values":[0.7896,-0.6131,0.0263,0,0.6127,0.79,0.0214,0,-0.0339,-0.0007,0.9994,0,6.0425,-1.121,0.183,1]},
{"frame":6,"values":[0.774,-0.6327,0.027,0,0.6323,0.7744,0.0214,0,-0.0344,0.0005,0.9994,0,6.0425,-1.121,0.183,1]},
{"frame":7,"values":[0.7541,-0.6561,0.0276,0,0.6558,0.7546,0.0214,0,-0.0349,0.002,0.9994,0,6.0425,-1.121,0.183,1]},
{"frame":8,"values":[0.748,-0.6631,0.0276,0,0.6628,0.7485,0.0214,0,-0.0348,0.0023,0.9994,0,6.0425,-1.121,0.183,1]},
{"frame":9,"values":[0.7516,-0.6591,0.0276,0,0.6588,0.7521,0.0214,0,-0.0349,0.0021,0.9994,0,6.0425,-1.121,0.183,1]},
{"frame":10,"values":[0.7587,-0.6509,0.0276,0,0.6505,0.7592,0.0214,0,-0.0349,0.0018,0.9994,0,6.0425,-1.121,0.183,1]},
{"frame":11,"values":[0.7657,-0.6425,0.0276,0,0.6422,0.7662,0.0214,0,-0.0349,0.0014,0.9994,0,6.0425,-1.121,0.183,1]},
{"frame":12,"values":[0.7727,-0.6342,0.0276,0,0.6338,0.7732,0.0214,0,-0.0349,0.001,0.9994,0,6.0425,-1.121,0.183,1]},
{"frame":13,"values":[0.7761,-0.6301,0.0276,0,0.6297,0.7765,0.0214,0,-0.0349,0.0008,0.9994,0,6.0425,-1.121,0.183,1]},
{"frame":14,"values":[0.7788,-0.6267,0.0276,0,0.6263,0.7793,0.0214,0,-0.0349,0.0007,0.9994,0,6.0425,-1.121,0.183,1]},
{"frame":15,"values":[0.7961,-0.6045,0.0276,0,0.6041,0.7966,0.0214,0,-0.0349,-0.0003,0.9994,0,6.0425,-1.121,0.183,1]},
{"frame":16,"values":[0.8128,-0.5818,0.0276,0,0.5815,0.8133,0.0214,0,-0.0349,-0.0013,0.9994,0,6.0425,-1.121,0.183,1]},
{"frame":17,"values":[0.8289,-0.5587,0.0276,0,0.5583,0.8293,0.0214,0,-0.0349,-0.0023,0.9994,0,6.0425,-1.121,0.183,1]},
{"frame":18,"values":[0.8295,-0.5578,0.0276,0,0.5574,0.8299,0.0214,0,-0.0349,-0.0023,0.9994,0,6.0425,-1.121,0.183,1]}],"loopBehavior":1,"name":"anim","property":"_matrix"}},
{"name":"mixamorig:LeftHandMiddle4","index":16,"matrix":[1,0,0,0,0,1,0,0,0,0,1,0,6.4741,-1.1689,0.2214,1],"rest":[1,0,0,0,0,1,0,0,0,0,1,0,6.4741,-1.1689,0.2214,1],"parentBoneIndex":15,"length":6.5825
,"animation":{"dataType":3,"framePerSecond":24,"keys":[
{"frame":1,"values":[1,0,0,0,0,1,0,0,0,0,1,0,6.4741,-1.1689,0.2214,1]},
{"frame":18,"values":[1,0,0,0,0,1,0,0,0,0,1,0,6.4741,-1.1689,0.2214,1]}],"loopBehavior":1,"name":"anim","property":"_matrix"}},
{"name":"mixamorig:LeftHandThumb1","index":17,"matrix":[0.9766,0.2151,-0.0087,0,-0.2152,0.9751,-0.0525,0,-0.0028,0.0532,0.9986,0,6.4451,-3.6637,6.4601,1],"rest":[0.993,-0.1184,-0.0054,0,0.1183,0.9883,0.0962,0,-0.006,-0.0961,0.9953,0,6.4451,-3.6637,6.4601,1],"parentBoneIndex":12,"length":8.4798
,"animation":{"dataType":3,"framePerSecond":24,"keys":[
{"frame":1,"values":[0.9766,0.2151,-0.0087,0,-0.2152,0.9751,-0.0525,0,-0.0028,0.0532,0.9986,0,6.4451,-3.6637,6.4601,1]},
{"frame":18,"values":[0.9766,0.2151,-0.0087,0,-0.2152,0.9751,-0.0525,0,-0.0028,0.0532,0.9986,0,6.4451,-3.6637,6.4601,1]}],"loopBehavior":1,"name":"anim","property":"_matrix"}},
{"name":"mixamorig:LeftHandThumb2","index":18,"matrix":[0.9244,-0.1987,-0.3255,0,0.2433,0.9646,0.1022,0,0.2937,-0.1736,0.94,0,6.2606,-2.6017,5.0935,1],"rest":[0.9927,0.0626,0.1035,0,-0.0529,0.9941,-0.0942,0,-0.1088,0.088,0.9902,0,6.2606,-2.6017,5.0935,1],"parentBoneIndex":17,"length":7.8274
,"animation":{"dataType":3,"framePerSecond":24,"keys":[
{"frame":1,"values":[0.9244,-0.1987,-0.3255,0,0.2395,0.9667,0.0902,0,0.2967,-0.1614,0.9412,0,6.2606,-2.6017,5.0935,1]},
{"frame":2,"values":[0.9268,-0.1966,-0.3199,0,0.2365,0.9674,0.0907,0,0.2916,-0.1597,0.9431,0,6.2606,-2.6017,5.0935,1]},
{"frame":3,"values":[0.9286,-0.195,-0.3156,0,0.2342,0.9679,0.0911,0,0.2877,-0.1585,0.9445,0,6.2606,-2.6017,5.0935,1]},
{"frame":4,"values":[0.9191,-0.2034,-0.3376,0,0.2468,0.9648,0.0906,0,0.3073,-0.1666,0.9369,0,6.2606,-2.6017,5.0935,1]},
{"frame":5,"values":[0.9094,-0.2112,-0.3584,0,0.2588,0.9617,0.0901,0,0.3256,-0.1747,0.9292,0,6.2606,-2.6017,5.0935,1]},
{"frame":6,"values":[0.9066,-0.2133,-0.3641,0,0.2622,0.9608,0.0901,0,0.3306,-0.1772,0.927,0,6.2606,-2.6017,5.0935,1]},
{"frame":7,"values":[0.9049,-0.2145,-0.3676,0,0.2643,0.9602,0.0902,0,0.3336,-0.1788,0.9256,0,6.2606,-2.6017,5.0935,1]},
{"frame":8,"values":[0.9111,-0.1979,-0.3616,0,0.2457,0.9651,0.0907,0,0.331,-0.1715,0.9279,0,6.2606,-2.6017,5.0935,1]},
{"frame":9,"values":[0.939,-0.1855,-0.2896,0,0.2206,0.9709,0.0934,0,0.2638,-0.1515,0.9526,0,6.2606,-2.6017,5.0935,1]},
{"frame":10,"values":[0.923,-0.2001,-0.3287,0,0.2422,0.9658,0.0924,0,0.2989,-0.1649,0.9399,0,6.2606,-2.6017,5.0935,1]},
{"frame":11,"values":[0.9144,-0.1866,-0.3591,0,0.2335,0.968,0.0915,0,0.3306,-0.1675,0.9288,0,6.2606,-2.6017,5.0935,1]},
{"frame":12,"values":[0.8979,-0.2057,-0.3892,0,0.26,0.9612,0.0919,0,0.3553,-0.1837,0.9165,0,6.2606,-2.6017,5.0935,1]},
{"frame":13,"values":[0.8764,-0.2377,-0.4189,0,0.3014,0.949,0.0921,0,0.3757,-0.207,0.9033,0,6.2606,-2.6017,5.0935,1]},
{"frame":14,"values":[0.8601,-0.2437,-0.4482,0,0.3157,0.9444,0.0923,0,0.4007,-0.2209,0.8892,0,6.2606,-2.6017,5.0935,1]},
{"frame":15,"values":[0.8429,-0.2492,-0.477,0,0.3298,0.9395,0.092,0,0.4252,-0.2349,0.8741,0,6.2606,-2.6017,5.0935,1]},
{"frame":16,"values":[0.8488,-0.2589,-0.461,0,0.337,0.9368,0.0944,0,0.4074,-0.2355,0.8824,0,6.2606,-2.6017,5.0935,1]},
{"frame":17,"values":[0.8634,-0.2381,-0.4448,0,0.3107,0.9456,0.0968,0,0.3976,-0.2218,0.8904,0,6.2606,-2.6017,5.0935,1]},
{"frame":18,"values":[0.9244,-0.1987,-0.3255,0,0.2433,0.9646,0.1022,0,0.2937,-0.1736,0.94,0,6.2606,-2.6017,5.0935,1]}],"loopBehavior":1,"name":"anim","property":"_matrix"}},
{"name":"mixamorig:LeftHandThumb3","index":19,"matrix":[0.8791,0.3487,0.325,0,-0.3004,0.9346,-0.1905,0,-0.3702,0.0698,0.9263,0,6.0726,-3.1361,3.8153,1],"rest":[0.9981,-0.0559,-0.0241,0,0.057,0.9973,0.0466,0,0.0214,-0.0479,0.9986,0,6.0726,-3.1361,3.8153,1],"parentBoneIndex":18,"length":6.188
,"animation":{"dataType":3,"framePerSecond":24,"keys":[
{"frame":1,"values":[0.8791,0.3487,0.325,0,-0.3004,0.9346,-0.1905,0,-0.3702,0.0698,0.9263,0,6.0726,-3.1361,3.8153,1]},
{"frame":2,"values":[0.8847,0.339,0.3199,0,-0.2918,0.938,-0.187,0,-0.3635,0.0721,0.9288,0,6.0726,-3.1361,3.8153,1]},
{"frame":3,"values":[0.8702,0.3643,0.3317,0,-0.3144,0.929,-0.1954,0,-0.3793,0.0657,0.9229,0,6.0726,-3.1361,3.8153,1]},
