{"producer":{"name":"Blender","version":"2.79 (sub 0)","exporter_version":"5.6.4","file":"lookingback.babylon"},
"autoClear":true,"clearColor":[0.0509,0.0509,0.0509],"ambientColor":[0,0,0],"gravity":[0,-9.81,0],
"materials":[{"name":"lookingback.Material","id":"lookingback.Material","ambient":[0,0,0],"diffuse":[0,0,0],"specular":[0,0,0],"emissive":[0,0,0],"specularPower":50,"alpha":0.001,"backFaceCulling":true,"checkReadyOnlyOnce":false,"maxSimultaneousLights":4}],
"multiMaterials":[],
"skeletons":[{"name":"Armature","id":0,"dimensionsAtRest":[379.1952,391.6652,55.677],"bones":[
{"name":"mixamorig:Hips","index":0,"matrix":[0.8342,0.0655,0.5476,0,-0.0574,0.9978,-0.0319,0,0.5485,0.0048,-0.8361,0,0.2515,197.5122,0.3326,1],"rest":[1,0,0,0,0,1,0,0,0,0,-1,0,0,201.6394,0,1],"parentBoneIndex":-1,"length":21.6784
,"animation":{"dataType":3,"framePerSecond":24,"keys":[
{"frame":1,"values":[0.8342,0.0655,0.5476,0,-0.0574,0.9978,-0.0319,0,0.5485,0.0048,-0.8361,0,0.2364,197.5121,0.3326,1]},
{"frame":2,"values":[0.8328,0.0721,0.5488,0,-0.0614,0.9974,-0.0379,0,0.5501,0.0021,-0.8351,0,0.6458,197.6986,-0.9773,1]},
{"frame":3,"values":[0.831,0.0776,0.5509,0,-0.0652,0.997,-0.0422,0,0.5525,0.0009,-0.8335,0,1.2514,197.8321,-2.2735,1]},
{"frame":4,"values":[0.8278,0.0802,0.5552,0,-0.0685,0.9968,-0.0419,0,0.5568,0.0033,-0.8306,0,2.0963,197.8698,-3.5403,1]},
{"frame":5,"values":[0.826,0.0797,0.558,0,-0.0706,0.9968,-0.0379,0,0.5592,0.0081,-0.829,0,3.2909,197.7898,-4.688,1]},
{"frame":6,"values":[0.8253,0.0766,0.5595,0,-0.0705,0.997,-0.0325,0,0.5603,0.0127,-0.8282,0,4.9215,197.718,-5.5445,1]},
{"frame":7,"values":[0.8247,0.0716,0.561,0,-0.0681,0.9973,-0.0271,0,0.5614,0.0158,-0.8274,0,6.5522,197.4425,-5.9631,1]},
{"frame":8,"values":[0.8262,0.067,0.5593,0,-0.0642,0.9976,-0.0246,0,0.5597,0.0156,-0.8286,0,8.1828,196.6234,-5.8979,1]},
{"frame":9,"values":[0.8305,0.0648,0.5532,0,-0.0602,0.9978,-0.0266,0,0.5537,0.0112,-0.8326,0,9.8135,195.9686,-4.7731,1]},
{"frame":10,"values":[0.8345,0.0658,0.547,0,-0.0581,0.9978,-0.0313,0,0.5479,0.0057,-0.8365,0,11.4441,195.3137,-3.6482,1]},
{"frame":11,"values":[0.8384,0.0685,0.5408,0,-0.0593,0.9976,-0.0344,0,0.5419,0.0032,-0.8405,0,13.0748,194.6588,-2.5234,1]},
{"frame":12,"values":[0.8428,0.0626,0.5346,0,-0.0548,0.998,-0.0304,0,0.5354,0.0037,-0.8446,0,14.7055,195.0991,-1.3986,1]},
{"frame":13,"values":[0.8471,0.0568,0.5283,0,-0.0504,0.9984,-0.0265,0,0.529,0.0042,-0.8486,0,16.3361,195.5394,-0.2737,1]},
{"frame":14,"values":[0.8514,0.0509,0.522,0,-0.0459,0.9987,-0.0225,0,0.5225,0.0048,-0.8526,0,17.9668,195.9797,0.8511,1]},
{"frame":15,"values":[0.8556,0.0451,0.5156,0,-0.0414,0.999,-0.0186,0,0.516,0.0054,-0.8566,0,19.5974,196.42,1.9759,1]},
{"frame":16,"values":[0.8597,0.039,0.5093,0,-0.0367,0.9992,-0.0146,0,0.5095,0.0062,-0.8605,0,21.2281,196.8602,1.0683,1]},
{"frame":17,"values":[0.8637,0.033,0.5029,0,-0.0321,0.9994,-0.0105,0,0.503,0.0071,-0.8643,0,22.8587,197.3005,0.1607,1]},
{"frame":18,"values":[0.8629,0.0267,0.5046,0,-0.0273,0.9996,-0.0064,0,0.5046,0.0083,-0.8633,0,24.4894,197.0155,-0.7469,1]},
{"frame":19,"values":[0.8621,0.0205,0.5063,0,-0.0225,0.9997,-0.0022,0,0.5062,0.0095,-0.8624,0,26.12,196.7306,-1.6546,1]},
{"frame":20,"values":[0.861,0.0246,0.5079,0,-0.0297,0.9996,0.0019,0,0.5077,0.0168,-0.8614,0,24.6164,196.4456,-2.5622,1]},
{"frame":21,"values":[0.8661,0.0291,0.4991,0,-0.0329,0.9995,-0.0012,0,0.4989,0.0154,-0.8665,0,23.1129,196.1606,-3.4698,1]},
{"frame":22,"values":[0.871,0.0335,0.4902,0,-0.0361,0.9993,-0.0042,0,0.49,0.014,-0.8716,0,21.6093,195.8756,-4.3775,1]},
{"frame":23,"values":[0.8758,0.0379,0.4812,0,-0.0393,0.9992,-0.0073,0,0.4811,0.0125,-0.8766,0,20.1057,195.5906,-5.2851,1]},
{"frame":24,"values":[0.8805,0.0423,0.4722,0,-0.0425,0.999,-0.0103,0,0.4722,0.011,-0.8814,0,18.6021,195.3056,-6.1927,1]},
{"frame":25,"values":[0.8851,0.0467,0.4631,0,-0.0458,0.9989,-0.0133,0,0.4632,0.0094,-0.8862,0,17.0986,195.0206,-7.1003,1]},
{"frame":26,"values":[0.8895,0.0513,0.454,0,-0.0492,0.9987,-0.0165,0,0.4542,0.0077,-0.8909,0,15.595,194.7356,-5.8264,1]},
{"frame":27,"values":[0.8939,0.0559,0.4448,0,-0.0527,0.9984,-0.0197,0,0.4452,0.0059,-0.8954,0,14.0914,194.4506,-4.5524,1]},
{"frame":28,"values":[0.8981,0.0605,0.4356,0,-0.0562,0.9982,-0.0228,0,0.4361,0.004,-0.8999,0,12.5878,194.1656,-3.2785,1]},
{"frame":29,"values":[0.8919,0.0468,0.4499,0,-0.0394,0.9989,-0.0257,0,0.4506,-0.0052,-0.8927,0,11.0842,193.8807,-2.0045,1]},
{"frame":30,"values":[0.8852,0.0334,0.4641,0,-0.0293,0.9994,-0.0161,0,0.4644,-0.0007,-0.8856,0,9.5807,193.5957,-0.7305,1]},
{"frame":31,"values":[0.8781,0.0199,0.4781,0,-0.0192,0.9998,-0.0064,0,0.4781,0.0036,-0.8783,0,8.0771,193.3107,0.5434,1]},
{"frame":32,"values":[0.8705,0.0068,0.4921,0,-0.0096,0.9999,0.0031,0,0.492,0.0074,-0.8706,0,6.5735,194.0953,1.8174,1]},
{"frame":33,"values":[0.8624,0.02,0.5059,0,-0.0209,0.9998,-0.004,0,0.5058,0.0071,-0.8626,0,5.0699,194.88,3.0914,1]},
{"frame":34,"values":[0.8538,0.0327,0.5197,0,-0.0318,0.9994,-0.0106,0,0.5197,0.0074,-0.8543,0,3.5664,195.6646,2.5278,1]},
{"frame":35,"values":[0.8448,0.0453,0.5332,0,-0.0426,0.9989,-0.0175,0,0.5334,0.008,-0.8458,0,2.0628,196.4493,1.9643,1]},
{"frame":36,"values":[0.8354,0.058,0.5465,0,-0.0533,0.9983,-0.0244,0,0.547,0.0087,-0.8371,0,0.5592,197.2339,1.4007,1]},
{"frame":37,"values":[0.8342,0.0655,0.5476,0,-0.0574,0.9978,-0.0319,0,0.5485,0.0048,-0.8361,0,0.2515,197.5122,0.3326,1]}],"loopBehavior":1,"name":"anim","property":"_matrix"}},
{"name":"mixamorig:Spine","index":1,"matrix":[0.9982,-0.0099,-0.0592,0,0.0121,0.9992,0.0378,0,0.0588,-0.0384,0.9975,0,0.0062,19.525,-2.4818,1],"rest":[1,0,0,0,0,1,0,0,0,0,1,0,0.0062,19.525,-2.4818,1],"parentBoneIndex":0,"length":23.0091
,"animation":{"dataType":3,"framePerSecond":24,"keys":[
{"frame":1,"values":[0.9982,-0.0099,-0.0592,0,0.0121,0.9992,0.0378,0,0.0588,-0.0384,0.9975,0,0.0062,19.525,-2.4818,1]},
{"frame":2,"values":[0.9979,-0.0144,-0.0628,0,0.0168,0.9991,0.0383,0,0.0622,-0.0393,0.9973,0,0.0062,19.525,-2.4818,1]},
{"frame":3,"values":[0.9977,-0.0188,-0.0653,0,0.0214,0.999,0.0383,0,0.0645,-0.0396,0.9971,0,0.0062,19.525,-2.4818,1]},
{"frame":4,"values":[0.9975,-0.0225,-0.0663,0,0.025,0.999,0.037,0,0.0654,-0.0386,0.9971,0,0.0062,19.525,-2.4818,1]},
{"frame":5,"values":[0.9975,-0.025,-0.066,0,0.0274,0.999,0.0346,0,0.0651,-0.0364,0.9972,0,0.0062,19.525,-2.4818,1]},
{"frame":6,"values":[0.9975,-0.026,-0.0651,0,0.0281,0.9991,0.0313,0,0.0642,-0.0331,0.9974,0,0.0062,19.525,-2.4818,1]},
{"frame":7,"values":[0.9976,-0.0257,-0.0644,0,0.0276,0.9992,0.0279,0,0.0636,-0.0296,0.9975,0,0.0062,19.525,-2.4818,1]},
{"frame":8,"values":[0.9976,-0.0247,-0.0643,0,0.0264,0.9993,0.0255,0,0.0637,-0.0271,0.9976,0,0.0062,19.525,-2.4818,1]},
{"frame":9,"values":[0.9976,-0.0241,-0.0648,0,0.0258,0.9994,0.0245,0,0.0642,-0.0261,0.9976,0,0.0062,19.525,-2.4818,1]},
{"frame":10,"values":[0.9976,-0.0249,-0.0652,0,0.0266,0.9993,0.0256,0,0.0645,-0.0273,0.9975,0,0.0062,19.525,-2.4818,1]},
{"frame":11,"values":[0.9975,-0.0273,-0.0651,0,0.0291,0.9992,0.0267,0,0.0643,-0.0285,0.9975,0,0.0062,19.525,-2.4818,1]},
{"frame":12,"values":[0.9975,-0.0298,-0.0646,0,0.0317,0.9991,0.0277,0,0.0637,-0.0297,0.9975,0,0.0062,19.525,-2.4818,1]},
{"frame":13,"values":[0.9974,-0.0323,-0.0642,0,0.0342,0.999,0.0288,0,0.0632,-0.0309,0.9975,0,0.0062,19.525,-2.4818,1]},
{"frame":14,"values":[0.9973,-0.0347,-0.065,0,0.0367,0.9989,0.0299,0,0.0639,-0.0322,0.9974,0,0.0062,19.525,-2.4818,1]},
{"frame":15,"values":[0.9973,-0.0315,-0.0658,0,0.0336,0.999,0.0309,0,0.0647,-0.033,0.9974,0,0.0062,19.525,-2.4818,1]},
{"frame":16,"values":[0.9974,-0.0282,-0.0665,0,0.0304,0.999,0.032,0,0.0656,-0.0339,0.9973,0,0.0062,19.525,-2.4818,1]},
{"frame":17,"values":[0.9974,-0.025,-0.0673,0,0.0272,0.9991,0.033,0,0.0664,-0.0348,0.9972,0,0.0062,19.525,-2.4818,1]},
{"frame":18,"values":[0.9974,-0.0217,-0.068,0,0.0241,0.9991,0.0341,0,0.0672,-0.0357,0.9971,0,0.0062,19.525,-2.4818,1]},
{"frame":19,"values":[0.9976,-0.0184,-0.0675,0,0.0207,0.9993,0.0326,0,0.0668,-0.0339,0.9972,0,0.0062,19.525,-2.4818,1]},
{"frame":20,"values":[0.9976,-0.0152,-0.0669,0,0.0173,0.9994,0.0311,0,0.0664,-0.0322,0.9973,0,0.0062,19.525,-2.4818,1]},
{"frame":21,"values":[0.9977,-0.0119,-0.0663,0,0.0139,0.9995,0.0296,0,0.0659,-0.0305,0.9974,0,0.0062,19.525,-2.4818,1]},
{"frame":22,"values":[0.9976,-0.0145,-0.0673,0,0.0164,0.9995,0.0281,0,0.0669,-0.0292,0.9973,0,0.0062,19.525,-2.4818,1]},
{"frame":23,"values":[0.9975,-0.017,-0.0683,0,0.0188,0.9995,0.0266,0,0.0678,-0.0278,0.9973,0,0.0062,19.525,-2.4818,1]},
{"frame":24,"values":[0.9974,-0.0195,-0.0693,0,0.0213,0.9995,0.0251,0,0.0688,-0.0265,0.9973,0,0.0062,19.525,-2.4818,1]},
{"frame":25,"values":[0.9973,-0.022,-0.0703,0,0.0238,0.9994,0.0236,0,0.0698,-0.0252,0.9972,0,0.0062,19.525,-2.4818,1]},
{"frame":26,"values":[0.9971,-0.0246,-0.0713,0,0.0262,0.9994,0.0221,0,0.0708,-0.0239,0.9972,0,0.0062,19.525,-2.4818,1]},
{"frame":27,"values":[0.9972,-0.017,-0.0723,0,0.0187,0.9995,0.0236,0,0.0719,-0.0249,0.9971,0,0.0062,19.525,-2.4818,1]},
{"frame":28,"values":[0.9973,-0.0094,-0.0733,0,0.0113,0.9996,0.0251,0,0.0731,-0.0259,0.997,0,0.0062,19.525,-2.4818,1]},
{"frame":29,"values":[0.9975,-0.0018,-0.0705,0,0.0037,0.9996,0.0266,0,0.0704,-0.0268,0.9972,0,0.0062,19.525,-2.4818,1]},
{"frame":30,"values":[0.9977,0.0058,-0.0676,0,-0.0039,0.9996,0.0282,0,0.0678,-0.0278,0.9973,0,0.0062,19.525,-2.4818,1]},
{"frame":31,"values":[0.9978,0.0134,-0.0648,0,-0.0115,0.9995,0.0296,0,0.0651,-0.0288,0.9975,0,0.0062,19.525,-2.4818,1]},
{"frame":32,"values":[0.9979,0.021,-0.0619,0,-0.0191,0.9993,0.0311,0,0.0625,-0.0299,0.9976,0,0.0062,19.525,-2.4818,1]},
{"frame":33,"values":[0.9982,0.0144,-0.059,0,-0.0125,0.9994,0.0326,0,0.0595,-0.0318,0.9977,0,0.0062,19.525,-2.4818,1]},
{"frame":34,"values":[0.9984,0.0078,-0.0562,0,-0.0058,0.9994,0.0341,0,0.0564,-0.0337,0.9978,0,0.0062,19.525,-2.4818,1]},
{"frame":35,"values":[0.9986,0.0011,-0.0533,0,0.0008,0.9994,0.0356,0,0.0533,-0.0356,0.9979,0,0.0062,19.525,-2.4818,1]},
{"frame":36,"values":[0.9985,-0.0055,-0.0554,0,0.0076,0.9993,0.0371,0,0.0551,-0.0375,0.9978,0,0.0062,19.525,-2.4818,1]},
{"frame":37,"values":[0.9982,-0.0099,-0.0592,0,0.0121,0.9992,0.0378,0,0.0588,-0.0384,0.9975,0,0.0062,19.525,-2.4818,1]}],"loopBehavior":1,"name":"anim","property":"_matrix"}},
{"name":"mixamorig:Spine1","index":2,"matrix":[0.9918,-0.0433,-0.12,0,0.0533,0.9952,0.0819,0,0.1159,-0.0877,0.9894,0,-0.0009,22.835,-2.8254,1],"rest":[1,0,0,0,0,1,0,0,0,0,1,0,-0.0009,22.835,-2.8254,1],"parentBoneIndex":1,"length":26.7438
,"animation":{"dataType":3,"framePerSecond":24,"keys":[
{"frame":1,"values":[0.9918,-0.0433,-0.12,0,0.0533,0.9952,0.0819,0,0.1159,-0.0877,0.9894,0,-0.0009,22.835,-2.8254,1]},
{"frame":2,"values":[0.9911,-0.0444,-0.1257,0,0.0549,0.9951,0.0817,0,0.1214,-0.0879,0.9887,0,-0.0009,22.835,-2.8254,1]},
{"frame":3,"values":[0.9906,-0.0464,-0.1289,0,0.0571,0.9951,0.081,0,0.1245,-0.0876,0.9883,0,-0.0009,22.835,-2.8254,1]},
{"frame":4,"values":[0.9904,-0.0492,-0.1291,0,0.0597,0.9951,0.0793,0,0.1246,-0.0862,0.9885,0,-0.0009,22.835,-2.8254,1]},
{"frame":5,"values":[0.9906,-0.052,-0.1268,0,0.0621,0.9951,0.0763,0,0.1222,-0.0835,0.989,0,-0.0009,22.835,-2.8254,1]},
{"frame":6,"values":[0.9909,-0.0542,-0.1233,0,0.0635,0.9954,0.0723,0,0.1188,-0.0795,0.9897,0,-0.0009,22.835,-2.8254,1]},
{"frame":7,"values":[0.9912,-0.0553,-0.1204,0,0.0638,0.9956,0.068,0,0.1161,-0.0751,0.9904,0,-0.0009,22.835,-2.8254,1]},
{"frame":8,"values":[0.9913,-0.0552,-0.1191,0,0.0633,0.9959,0.0653,0,0.115,-0.0723,0.9907,0,-0.0009,22.835,-2.8254,1]},
{"frame":9,"values":[0.9914,-0.0541,-0.1195,0,0.0619,0.9961,0.0626,0,0.1157,-0.0695,0.9909,0,-0.0009,22.835,-2.8254,1]},
{"frame":10,"values":[0.9913,-0.053,-0.1204,0,0.0609,0.9961,0.0635,0,0.1166,-0.0703,0.9907,0,-0.0009,22.835,-2.8254,1]},
{"frame":11,"values":[0.9913,-0.0518,-0.121,0,0.0599,0.9961,0.0643,0,0.1172,-0.071,0.9906,0,-0.0009,22.835,-2.8254,1]},
{"frame":12,"values":[0.9914,-0.0507,-0.121,0,0.0589,0.9961,0.0652,0,0.1172,-0.0717,0.9905,0,-0.0009,22.835,-2.8254,1]},
{"frame":13,"values":[0.991,-0.0496,-0.1242,0,0.0581,0.9961,0.066,0,0.1205,-0.0726,0.9901,0,-0.0009,22.835,-2.8254,1]},
{"frame":14,"values":[0.9907,-0.0485,-0.1274,0,0.0573,0.9961,0.0668,0,0.1237,-0.0735,0.9896,0,-0.0009,22.835,-2.8254,1]},
{"frame":15,"values":[0.9903,-0.0473,-0.1307,0,0.0565,0.9961,0.0676,0,0.127,-0.0743,0.9891,0,-0.0009,22.835,-2.8254,1]},
{"frame":16,"values":[0.9899,-0.0462,-0.1339,0,0.0557,0.9961,0.0684,0,0.1302,-0.0752,0.9886,0,-0.0009,22.835,-2.8254,1]},
{"frame":17,"values":[0.9895,-0.0451,-0.1371,0,0.055,0.9961,0.0692,0,0.1335,-0.076,0.9881,0,-0.0009,22.835,-2.8254,1]},
{"frame":18,"values":[0.9889,-0.0482,-0.1404,0,0.0581,0.9961,0.0671,0,0.1366,-0.0745,0.9878,0,-0.0009,22.835,-2.8254,1]},
{"frame":19,"values":[0.9883,-0.0513,-0.1437,0,0.0612,0.996,0.065,0,0.1397,-0.0731,0.9875,0,-0.0009,22.835,-2.8254,1]},
{"frame":20,"values":[0.9877,-0.0545,-0.1469,0,0.0643,0.9959,0.0629,0,0.1429,-0.0716,0.9871,0,-0.0009,22.835,-2.8254,1]},
{"frame":21,"values":[0.987,-0.0576,-0.1501,0,0.0674,0.9959,0.0608,0,0.146,-0.0701,0.9868,0,-0.0009,22.835,-2.8254,1]},
{"frame":22,"values":[0.9863,-0.0607,-0.1534,0,0.0704,0.9958,0.0587,0,0.1491,-0.0687,0.9864,0,-0.0009,22.835,-2.8254,1]},
{"frame":23,"values":[0.9856,-0.0639,-0.1566,0,0.0735,0.9957,0.0565,0,0.1523,-0.0672,0.986,0,-0.0009,22.835,-2.8254,1]},
{"frame":24,"values":[0.9849,-0.067,-0.1598,0,0.0766,0.9956,0.0544,0,0.1554,-0.0658,0.9857,0,-0.0009,22.835,-2.8254,1]},
{"frame":25,"values":[0.9841,-0.0702,-0.163,0,0.0796,0.9955,0.0522,0,0.1586,-0.0644,0.9852,0,-0.0009,22.835,-2.8254,1]},
{"frame":26,"values":[0.9834,-0.0733,-0.1662,0,0.0827,0.9953,0.0501,0,0.1617,-0.063,0.9848,0,-0.0009,22.835,-2.8254,1]},
{"frame":27,"values":[0.9832,-0.0675,-0.1694,0,0.0767,0.9959,0.0479,0,0.1655,-0.0601,0.9844,0,-0.0009,22.835,-2.8254,1]},
{"frame":28,"values":[0.9849,-0.0618,-0.162,0,0.071,0.9961,0.0518,0,0.1581,-0.0626,0.9854,0,-0.0009,22.835,-2.8254,1]},
{"frame":29,"values":[0.9864,-0.056,-0.1545,0,0.0653,0.9963,0.0557,0,0.1508,-0.065,0.9864,0,-0.0009,22.835,-2.8254,1]},
{"frame":30,"values":[0.9879,-0.0503,-0.147,0,0.0596,0.9964,0.0595,0,0.1435,-0.0676,0.9873,0,-0.0009,22.835,-2.8254,1]},
{"frame":31,"values":[0.9892,-0.0446,-0.1395,0,0.0538,0.9965,0.0633,0,0.1362,-0.0701,0.9882,0,-0.0009,22.835,-2.8254,1]},
{"frame":32,"values":[0.9905,-0.0389,-0.1319,0,0.048,0.9966,0.067,0,0.1289,-0.0727,0.989,0,-0.0009,22.835,-2.8254,1]},
{"frame":33,"values":[0.9914,-0.0401,-0.1244,0,0.0492,0.9963,0.0708,0,0.1211,-0.0763,0.9897,0,-0.0009,22.835,-2.8254,1]},
{"frame":34,"values":[0.9923,-0.0413,-0.1169,0,0.0502,0.9959,0.0747,0,0.1133,-0.08,0.9903,0,-0.0009,22.835,-2.8254,1]},
{"frame":35,"values":[0.9931,-0.0426,-0.1093,0,0.0513,0.9956,0.0785,0,0.1055,-0.0836,0.9909,0,-0.0009,22.835,-2.8254,1]},
{"frame":36,"values":[0.9926,-0.0437,-0.1134,0,0.0532,0.9952,0.0822,0,0.1092,-0.0876,0.9901,0,-0.0009,22.835,-2.8254,1]},
{"frame":37,"values":[0.9918,-0.0433,-0.12,0,0.0533,0.9952,0.0819,0,0.1159,-0.0877,0.9894,0,-0.0009,22.835,-2.8254,1]}],"loopBehavior":1,"name":"anim","property":"_matrix"}},
{"name":"mixamorig:Spine2","index":3,"matrix":[0.9919,-0.0433,-0.1196,0,0.0534,0.9952,0.0824,0,0.1155,-0.0882,0.9894,0,-0.0206,26.5525,-3.1933,1],"rest":[1,0,0,0,0,1,0,0,0,0,1,0,-0.0206,26.5525,-3.1933,1],"parentBoneIndex":2,"length":24.825
,"animation":{"dataType":3,"framePerSecond":24,"keys":[
{"frame":1,"values":[0.9919,-0.0433,-0.1196,0,0.0534,0.9952,0.0824,0,0.1155,-0.0882,0.9894,0,-0.0206,26.5525,-3.1933,1]},
{"frame":2,"values":[0.9911,-0.0444,-0.1253,0,0.055,0.9951,0.0823,0,0.121,-0.0884,0.9887,0,-0.0206,26.5525,-3.1933,1]},
{"frame":3,"values":[0.9906,-0.0464,-0.1285,0,0.0572,0.995,0.0817,0,0.124,-0.0883,0.9883,0,-0.0206,26.5525,-3.1933,1]},
{"frame":4,"values":[0.9905,-0.0492,-0.1285,0,0.0598,0.995,0.0801,0,0.1239,-0.0871,0.9885,0,-0.0206,26.5525,-3.1933,1]},
{"frame":5,"values":[0.9906,-0.0521,-0.1261,0,0.0622,0.9951,0.0774,0,0.1214,-0.0845,0.989,0,-0.0206,26.5525,-3.1933,1]},
{"frame":6,"values":[0.991,-0.0544,-0.1225,0,0.0637,0.9953,0.0735,0,0.1179,-0.0807,0.9897,0,-0.0206,26.5525,-3.1933,1]},
{"frame":7,"values":[0.9913,-0.0555,-0.1195,0,0.064,0.9955,0.0693,0,0.1152,-0.0763,0.9904,0,-0.0206,26.5525,-3.1933,1]},
{"frame":8,"values":[0.9914,-0.0554,-0.1183,0,0.0636,0.9958,0.0665,0,0.1142,-0.0734,0.9907,0,-0.0206,26.5525,-3.1933,1]},
{"frame":9,"values":[0.9914,-0.0543,-0.1188,0,0.0622,0.996,0.0637,0,0.1149,-0.0705,0.9909,0,-0.0206,26.5525,-3.1933,1]},
{"frame":10,"values":[0.9914,-0.0532,-0.1198,0,0.0612,0.996,0.0647,0,0.1159,-0.0715,0.9907,0,-0.0206,26.5525,-3.1933,1]},
{"frame":11,"values":[0.9914,-0.0521,-0.1204,0,0.0603,0.996,0.0657,0,0.1165,-0.0723,0.9905,0,-0.0206,26.5525,-3.1933,1]},
{"frame":12,"values":[0.9914,-0.0509,-0.1204,0,0.0593,0.996,0.0666,0,0.1166,-0.0732,0.9905,0,-0.0206,26.5525,-3.1933,1]},
{"frame":13,"values":[0.9911,-0.0498,-0.1237,0,0.0585,0.996,0.0676,0,0.1198,-0.0742,0.99,0,-0.0206,26.5525,-3.1933,1]},
{"frame":14,"values":[0.9907,-0.0487,-0.1269,0,0.0577,0.996,0.0685,0,0.1231,-0.0752,0.9895,0,-0.0206,26.5525,-3.1933,1]},
{"frame":15,"values":[0.9904,-0.0476,-0.1302,0,0.057,0.996,0.0695,0,0.1263,-0.0762,0.9891,0,-0.0206,26.5525,-3.1933,1]},
{"frame":16,"values":[0.99,-0.0464,-0.1334,0,0.0558,0.9961,0.0676,0,0.1297,-0.0744,0.9888,0,-0.0206,26.5525,-3.1933,1]},
{"frame":17,"values":[0.9896,-0.0453,-0.1366,0,0.0547,0.9963,0.0658,0,0.1332,-0.0726,0.9884,0,-0.0206,26.5525,-3.1933,1]},
{"frame":18,"values":[0.989,-0.0486,-0.1399,0,0.058,0.9963,0.064,0,0.1363,-0.0714,0.9881,0,-0.0206,26.5525,-3.1933,1]},
{"frame":19,"values":[0.9883,-0.0518,-0.1432,0,0.0613,0.9962,0.0622,0,0.1394,-0.0702,0.9877,0,-0.0206,26.5525,-3.1933,1]},
{"frame":20,"values":[0.9877,-0.0551,-0.1464,0,0.0645,0.9961,0.0604,0,0.1425,-0.0691,0.9874,0,-0.0206,26.5525,-3.1933,1]},
{"frame":21,"values":[0.987,-0.0584,-0.1496,0,0.0678,0.996,0.0585,0,0.1456,-0.0679,0.987,0,-0.0206,26.5525,-3.1933,1]},
{"frame":22,"values":[0.9863,-0.0617,-0.1529,0,0.0711,0.9959,0.0567,0,0.1488,-0.0668,0.9866,0,-0.0206,26.5525,-3.1933,1]},
{"frame":23,"values":[0.9856,-0.0649,-0.1561,0,0.0743,0.9957,0.0549,0,0.1519,-0.0657,0.9862,0,-0.0206,26.5525,-3.1933,1]},
{"frame":24,"values":[0.9849,-0.0682,-0.1593,0,0.0775,0.9956,0.053,0,0.155,-0.0645,0.9858,0,-0.0206,26.5525,-3.1933,1]},
{"frame":25,"values":[0.9841,-0.0715,-0.1625,0,0.0808,0.9954,0.0511,0,0.1581,-0.0634,0.9854,0,-0.0206,26.5525,-3.1933,1]},
{"frame":26,"values":[0.9833,-0.0748,-0.1657,0,0.084,0.9952,0.0492,0,0.1613,-0.0623,0.9849,0,-0.0206,26.5525,-3.1933,1]},
{"frame":27,"values":[0.9832,-0.0689,-0.169,0,0.0779,0.9958,0.0474,0,0.165,-0.0598,0.9845,0,-0.0206,26.5525,-3.1933,1]},
{"frame":28,"values":[0.9849,-0.063,-0.1615,0,0.0721,0.9961,0.0514,0,0.1577,-0.0623,0.9855,0,-0.0206,26.5525,-3.1933,1]},
{"frame":29,"values":[0.9864,-0.0571,-0.1541,0,0.0663,0.9963,0.0554,0,0.1504,-0.0648,0.9865,0,-0.0206,26.5525,-3.1933,1]},
{"frame":30,"values":[0.9879,-0.0512,-0.1466,0,0.0605,0.9964,0.0593,0,0.1431,-0.0674,0.9874,0,-0.0206,26.5525,-3.1933,1]},
{"frame":31,"values":[0.9892,-0.0454,-0.1391,0,0.0546,0.9965,0.0632,0,0.1358,-0.0701,0.9883,0,-0.0206,26.5525,-3.1933,1]},
{"frame":32,"values":[0.9905,-0.0396,-0.1316,0,0.0487,0.9966,0.067,0,0.1285,-0.0728,0.989,0,-0.0206,26.5525,-3.1933,1]},
{"frame":33,"values":[0.9914,-0.0406,-0.1241,0,0.0497,0.9962,0.0709,0,0.1207,-0.0765,0.9897,0,-0.0206,26.5525,-3.1933,1]},
{"frame":34,"values":[0.9923,-0.0417,-0.1166,0,0.0506,0.9959,0.0749,0,0.113,-0.0802,0.9904,0,-0.0206,26.5525,-3.1933,1]},
{"frame":35,"values":[0.9931,-0.0428,-0.1091,0,0.0515,0.9956,0.0788,0,0.1052,-0.0839,0.9909,0,-0.0206,26.5525,-3.1933,1]},
{"frame":36,"values":[0.9926,-0.0438,-0.113,0,0.0533,0.9952,0.0827,0,0.1089,-0.0881,0.9901,0,-0.0206,26.5525,-3.1933,1]},
{"frame":37,"values":[0.9919,-0.0433,-0.1196,0,0.0534,0.9952,0.0824,0,0.1155,-0.0882,0.9894,0,-0.0206,26.5525,-3.1933,1]}],"loopBehavior":1,"name":"anim","property":"_matrix"}},
{"name":"mixamorig:Neck","index":4,"matrix":[0.9832,0.0523,-0.1747,0,-0.0477,0.9984,0.0302,0,0.176,-0.0214,0.9842,0,-0.06,30.7018,1.3522,1],"rest":[1,0,0,0,0,1,0,0,0,0,1,0,-0.06,30.7018,1.3522,1],"parentBoneIndex":3,"length":22.8446
,"animation":{"dataType":3,"framePerSecond":24,"keys":[
{"frame":1,"values":[0.9828,0.0523,-0.1773,0,-0.0476,0.9984,0.0302,0,0.1786,-0.0213,0.9837,0,-0.06,30.7018,1.3522,1]},
{"frame":2,"values":[0.9831,0.0436,-0.1778,0,-0.0374,0.9986,0.038,0,0.1792,-0.0307,0.9833,0,-0.06,30.7018,1.3522,1]},
{"frame":3,"values":[0.9833,0.0383,-0.1782,0,-0.031,0.9986,0.0437,0,0.1796,-0.0375,0.983,0,-0.06,30.7018,1.3522,1]},
{"frame":4,"values":[0.9832,0.0368,-0.1786,0,-0.0287,0.9985,0.0473,0,0.18,-0.0414,0.9828,0,-0.06,30.7018,1.3522,1]},
{"frame":5,"values":[0.9831,0.0378,-0.179,0,-0.0294,0.9984,0.0491,0,0.1805,-0.043,0.9826,0,-0.06,30.7018,1.3522,1]},
{"frame":6,"values":[0.983,0.0398,-0.1794,0,-0.0315,0.9983,0.0493,0,0.181,-0.0429,0.9825,0,-0.06,30.7018,1.3522,1]},
{"frame":7,"values":[0.9828,0.0415,-0.1798,0,-0.0333,0.9983,0.0484,0,0.1815,-0.0416,0.9825,0,-0.06,30.7019,1.3522,1]},
{"frame":8,"values":[0.9827,0.042,-0.1802,0,-0.0342,0.9983,0.0464,0,0.1818,-0.0395,0.9825,0,-0.06,30.7018,1.3522,1]},
{"frame":9,"values":[0.9827,0.0417,-0.1806,0,-0.0343,0.9985,0.0437,0,0.1821,-0.0368,0.9826,0,-0.06,30.7018,1.3522,1]},
{"frame":10,"values":[0.9826,0.041,-0.181,0,-0.0342,0.9986,0.0408,0,0.1824,-0.0339,0.9826,0,-0.06,30.7018,1.3522,1]},
{"frame":11,"values":[0.9826,0.0399,-0.1814,0,-0.0333,0.9987,0.0392,0,0.1827,-0.0325,0.9826,0,-0.06,30.7018,1.3522,1]},
{"frame":12,"values":[0.9826,0.0388,-0.1818,0,-0.0325,0.9988,0.0376,0,0.183,-0.0311,0.9826,0,-0.06,30.7018,1.3522,1]},
{"frame":13,"values":[0.9825,0.0377,-0.1822,0,-0.0317,0.9988,0.036,0,0.1833,-0.0296,0.9826,0,-0.06,30.7018,1.3522,1]},
{"frame":14,"values":[0.9825,0.0366,-0.1826,0,-0.0308,0.9989,0.0345,0,0.1836,-0.0282,0.9826,0,-0.06,30.7018,1.3522,1]},
{"frame":15,"values":[0.9825,0.0355,-0.183,0,-0.03,0.999,0.0329,0,0.184,-0.0268,0.9826,0,-0.06,30.7018,1.3522,1]},
{"frame":16,"values":[0.9824,0.0344,-0.1834,0,-0.0292,0.9991,0.0313,0,0.1843,-0.0254,0.9825,0,-0.06,30.7018,1.3522,1]},
{"frame":17,"values":[0.9824,0.0333,-0.1838,0,-0.0279,0.9991,0.0317,0,0.1847,-0.026,0.9825,0,-0.06,30.7018,1.3522,1]},
{"frame":18,"values":[0.9824,0.0322,-0.1842,0,-0.0267,0.9991,0.0321,0,0.1851,-0.0266,0.9824,0,-0.06,30.7018,1.3522,1]},
{"frame":19,"values":[0.9823,0.0311,-0.1846,0,-0.0255,0.9991,0.0326,0,0.1854,-0.0273,0.9823,0,-0.06,30.7018,1.3522,1]},
{"frame":20,"values":[0.9825,0.03,-0.1839,0,-0.0243,0.9992,0.033,0,0.1848,-0.0279,0.9824,0,-0.06,30.7018,1.3522,1]},
{"frame":21,"values":[0.9826,0.0289,-0.1833,0,-0.0234,0.9992,0.0323,0,0.1841,-0.0274,0.9825,0,-0.06,30.7018,1.3522,1]},
{"frame":22,"values":[0.9828,0.0278,-0.1826,0,-0.0224,0.9993,0.0315,0,0.1834,-0.0269,0.9827,0,-0.06,30.7018,1.3522,1]},
{"frame":23,"values":[0.9829,0.0287,-0.182,0,-0.0234,0.9993,0.0308,0,0.1827,-0.026,0.9828,0,-0.06,30.7018,1.3522,1]},
{"frame":24,"values":[0.983,0.0295,-0.1813,0,-0.0244,0.9992,0.0301,0,0.182,-0.0252,0.983,0,-0.06,30.7018,1.3522,1]},
{"frame":25,"values":[0.9831,0.0304,-0.1806,0,-0.0255,0.9992,0.0294,0,0.1814,-0.0243,0.9831,0,-0.06,30.7018,1.3522,1]},
{"frame":26,"values":[0.9832,0.0296,-0.18,0,-0.0249,0.9993,0.0287,0,0.1807,-0.0237,0.9833,0,-0.06,30.7018,1.3522,1]},
{"frame":27,"values":[0.9834,0.0289,-0.1793,0,-0.0241,0.9993,0.0288,0,0.18,-0.024,0.9834,0,-0.06,30.7018,1.3522,1]},
{"frame":28,"values":[0.9835,0.0282,-0.1787,0,-0.0233,0.9993,0.029,0,0.1794,-0.0244,0.9835,0,-0.06,30.7018,1.3522,1]},
{"frame":29,"values":[0.9834,0.0364,-0.1779,0,-0.0324,0.9992,0.0254,0,0.1787,-0.0192,0.9837,0,-0.06,30.7018,1.3522,1]},
{"frame":30,"values":[0.9832,0.0447,-0.1772,0,-0.0414,0.9989,0.0218,0,0.178,-0.0141,0.9839,0,-0.06,30.7018,1.3522,1]},
{"frame":31,"values":[0.9829,0.0529,-0.1766,0,-0.0505,0.9986,0.0182,0,0.1773,-0.0089,0.9841,0,-0.06,30.7018,1.3522,1]},
{"frame":32,"values":[0.9825,0.0612,-0.1759,0,-0.0595,0.9981,0.0145,0,0.1765,-0.0038,0.9843,0,-0.06,30.7018,1.3522,1]},
{"frame":33,"values":[0.9821,0.0694,-0.1753,0,-0.0686,0.9976,0.0109,0,0.1756,0.0013,0.9845,0,-0.06,30.7018,1.3522,1]},
{"frame":34,"values":[0.9816,0.0777,-0.1747,0,-0.0776,0.997,0.0073,0,0.1748,0.0064,0.9846,0,-0.06,30.7018,1.3522,1]},
{"frame":35,"values":[0.9821,0.071,-0.1747,0,-0.0697,0.9975,0.0135,0,0.1752,-0.0011,0.9845,0,-0.06,30.7018,1.3522,1]},
{"frame":36,"values":[0.9825,0.0643,-0.1747,0,-0.0617,0.9979,0.0198,0,0.1756,-0.0087,0.9844,0,-0.06,30.7018,1.3522,1]},
{"frame":37,"values":[0.9832,0.0523,-0.1747,0,-0.0477,0.9984,0.0302,0,0.176,-0.0214,0.9842,0,-0.06,30.7018,1.3522,1]}],"loopBehavior":1,"name":"anim","property":"_matrix"}},
{"name":"mixamorig:Head","index":5,"matrix":[0.4991,-0.0959,-0.8612,0,0.3849,0.915,0.1211,0,0.7764,-0.3919,0.4936,0,-0.0872,22.5476,3.6709,1],"rest":[1,0,0,0,0,1,0,0,0,0,1,0,-0.0872,22.5476,3.6709,1],"parentBoneIndex":4,"length":30.5923
,"animation":{"dataType":3,"framePerSecond":24,"keys":[
{"frame":1,"values":[0.4991,-0.0959,-0.8612,0,0.3849,0.915,0.1211,0,0.7764,-0.3919,0.4936,0,-0.0872,22.5476,3.6709,1]},
{"frame":2,"values":[0.5013,-0.1012,-0.8593,0,0.3739,0.9209,0.1096,0,0.7803,-0.3763,0.4995,0,-0.0872,22.5476,3.6709,1]},
{"frame":3,"values":[0.5022,-0.1046,-0.8584,0,0.3655,0.9253,0.1011,0,0.7837,-0.3646,0.5029,0,-0.0872,22.5476,3.6709,1]},
{"frame":4,"values":[0.5023,-0.1054,-0.8582,0,0.3603,0.9278,0.0969,0,0.7861,-0.3579,0.504,0,-0.0872,22.5476,3.6709,1]},
{"frame":5,"values":[0.5023,-0.104,-0.8584,0,0.3578,0.9288,0.0968,0,0.7872,-0.3557,0.5038,0,-0.0872,22.5476,3.6709,1]},
{"frame":6,"values":[0.5024,-0.1014,-0.8587,0,0.3577,0.9285,0.0997,0,0.7872,-0.3572,0.5027,0,-0.0872,22.5477,3.6709,1]},
{"frame":7,"values":[0.5025,-0.0987,-0.8589,0,0.3594,0.9274,0.1037,0,0.7863,-0.3608,0.5015,0,-0.0872,22.5476,3.6709,1]},
{"frame":8,"values":[0.5022,-0.0973,-0.8593,0,0.3627,0.9257,0.1072,0,0.785,-0.3655,0.5002,0,-0.0872,22.5476,3.6709,1]},
{"frame":9,"values":[0.5012,-0.0973,-0.8598,0,0.3673,0.9236,0.1096,0,0.7835,-0.3708,0.4987,0,-0.0872,22.5476,3.6709,1]},
{"frame":10,"values":[0.4995,-0.0982,-0.8607,0,0.3727,0.9213,0.1112,0,0.782,-0.3763,0.4968,0,-0.0872,22.5476,3.6709,1]},
{"frame":11,"values":[0.4975,-0.099,-0.8618,0,0.3768,0.9195,0.112,0,0.7813,-0.3805,0.4948,0,-0.0872,22.5476,3.6709,1]},
{"frame":12,"values":[0.4955,-0.0998,-0.8629,0,0.381,0.9177,0.1127,0,0.7806,-0.3846,0.4927,0,-0.0872,22.5476,3.6709,1]},
{"frame":13,"values":[0.4934,-0.1005,-0.864,0,0.3851,0.9159,0.1134,0,0.7799,-0.3887,0.4906,0,-0.0872,22.5476,3.6709,1]},
{"frame":14,"values":[0.4914,-0.1013,-0.865,0,0.3893,0.914,0.1141,0,0.7791,-0.3928,0.4886,0,-0.0872,22.5476,3.6709,1]},
{"frame":15,"values":[0.4894,-0.102,-0.8661,0,0.3895,0.9141,0.1124,0,0.7803,-0.3923,0.4871,0,-0.0872,22.5476,3.6709,1]},
{"frame":16,"values":[0.4873,-0.1028,-0.8672,0,0.3897,0.9143,0.1107,0,0.7814,-0.3919,0.4856,0,-0.0872,22.5476,3.6709,1]},
{"frame":17,"values":[0.4882,-0.1041,-0.8665,0,0.3896,0.9145,0.1096,0,0.781,-0.3911,0.487,0,-0.0872,22.5476,3.6709,1]},
{"frame":18,"values":[0.4891,-0.1055,-0.8658,0,0.3894,0.9147,0.1085,0,0.7805,-0.3902,0.4884,0,-0.0872,22.5476,3.6709,1]},
{"frame":19,"values":[0.49,-0.1068,-0.8652,0,0.394,0.9125,0.1104,0,0.7776,-0.395,0.4892,0,-0.0872,22.5476,3.6709,1]},
{"frame":20,"values":[0.4915,-0.1051,-0.8645,0,0.3928,0.9127,0.1123,0,0.7773,-0.3948,0.4899,0,-0.0872,22.5476,3.6709,1]},
{"frame":21,"values":[0.491,-0.103,-0.8651,0,0.3919,0.913,0.1137,0,0.7781,-0.3948,0.4886,0,-0.0872,22.5476,3.6709,1]},
{"frame":22,"values":[0.4904,-0.1008,-0.8656,0,0.391,0.9132,0.1152,0,0.7789,-0.3949,0.4873,0,-0.0872,22.5476,3.6709,1]},
{"frame":23,"values":[0.4899,-0.0987,-0.8662,0,0.3901,0.9134,0.1166,0,0.7796,-0.395,0.4859,0,-0.0872,22.5476,3.6709,1]},
{"frame":24,"values":[0.4894,-0.0965,-0.8667,0,0.3892,0.9136,0.118,0,0.7804,-0.395,0.4846,0,-0.0872,22.5476,3.6709,1]},
{"frame":25,"values":[0.4876,-0.1002,-0.8673,0,0.3913,0.9131,0.1145,0,0.7805,-0.3952,0.4844,0,-0.0872,22.5476,3.6709,1]},
{"frame":26,"values":[0.4858,-0.1039,-0.8678,0,0.3934,0.9126,0.111,0,0.7805,-0.3954,0.4843,0,-0.0872,22.5476,3.6709,1]},
{"frame":27,"values":[0.4841,-0.1076,-0.8684,0,0.3956,0.9121,0.1075,0,0.7805,-0.3955,0.4841,0,-0.0872,22.5476,3.6709,1]},
{"frame":28,"values":[0.4836,-0.1116,-0.8681,0,0.3975,0.9117,0.1043,0,0.7798,-0.3955,0.4853,0,-0.0872,22.5477,3.6709,1]},
{"frame":29,"values":[0.4832,-0.1155,-0.8679,0,0.4169,0.902,0.112,0,0.7699,-0.4159,0.484,0,-0.0872,22.5476,3.6709,1]},
{"frame":30,"values":[0.4835,-0.1084,-0.8686,0,0.4162,0.9014,0.1192,0,0.77,-0.4192,0.481,0,-0.0872,22.5476,3.6709,1]},
{"frame":31,"values":[0.4839,-0.1012,-0.8692,0,0.4156,0.9007,0.1265,0,0.7701,-0.4224,0.4779,0,-0.0872,22.5476,3.6709,1]},
{"frame":32,"values":[0.4843,-0.094,-0.8698,0,0.4149,0.9,0.1337,0,0.7703,-0.4257,0.4749,0,-0.0872,22.5476,3.6709,1]},
{"frame":33,"values":[0.4846,-0.0868,-0.8704,0,0.4143,0.8992,0.1409,0,0.7704,-0.4289,0.4718,0,-0.0872,22.5476,3.6709,1]},
{"frame":34,"values":[0.4893,-0.0805,-0.8684,0,0.4129,0.8984,0.1494,0,0.7682,-0.4316,0.4728,0,-0.0872,22.5477,3.6709,1]},
{"frame":35,"values":[0.4922,-0.0845,-0.8664,0,0.4045,0.9035,0.1417,0,0.7708,-0.4202,0.4788,0,-0.0872,22.5476,3.6709,1]},
{"frame":36,"values":[0.495,-0.0885,-0.8644,0,0.3962,0.9084,0.1339,0,0.7733,-0.4087,0.4847,0,-0.0872,22.5476,3.6709,1]},
{"frame":37,"values":[0.4991,-0.0959,-0.8612,0,0.3849,0.915,0.1211,0,0.7764,-0.3919,0.4936,0,-0.0872,22.5476,3.6709,1]}],"loopBehavior":1,"name":"anim","property":"_matrix"}},
{"name":"mixamorig:HeadTop_End","index":6,"matrix":[1,0,0,0,0,1,0,0,0,0,1,0,-0.8306,40.3552,7.8935,1],"rest":[1,0,0,0,0,1,0,0,0,0,1,0,-0.8306,40.3552,7.8935,1],"parentBoneIndex":5,"length":30.5923
,"animation":{"dataType":3,"framePerSecond":24,"keys":[
{"frame":1,"values":[1,0,0,0,0,1,0,0,0,0,1,0,-0.8306,40.3552,7.8935,1]},
{"frame":37,"values":[1,0,0,0,0,1,0,0,0,0,1,0,-0.8306,40.3552,7.8935,1]}],"loopBehavior":1,"name":"anim","property":"_matrix"}},
{"name":"mixamorig:RightEye","index":7,"matrix":[1,0,0,0,0,1,0,0,0,0,1,0,-6.3021,18.1186,16.1971,1],"rest":[1,0,0,0,0,1,0,0,0,0,1,0,-6.3021,18.1186,16.1971,1],"parentBoneIndex":5,"length":30.5923
,"animation":{"dataType":3,"framePerSecond":24,"keys":[
{"frame":1,"values":[1,0,0,0,0,1,0,0,0,0,1,0,-6.3021,18.1186,16.1971,1]},
{"frame":2,"values":[1,0,0,0,0,1,0,0,0,0,1,0,-6.3021,18.1185,16.1971,1]},
{"frame":3,"values":[1,0,0,0,0,1,0,0,0,0,1,0,-6.3021,18.1186,16.1971,1]},
{"frame":8,"values":[1,0,0,0,0,1,0,0,0,0,1,0,-6.3021,18.1185,16.1971,1]},
{"frame":9,"values":[1,0,0,0,0,1,0,0,0,0,1,0,-6.3021,18.1186,16.1971,1]},
{"frame":37,"values":[1,0,0,0,0,1,0,0,0,0,1,0,-6.3021,18.1186,16.1971,1]}],"loopBehavior":1,"name":"anim","property":"_matrix"}},
{"name":"mixamorig:LeftEye","index":8,"matrix":[1,0,0,0,0,1,0,0,0,0,1,0,6.7415,18.3827,16.4019,1],"rest":[1,0,0,0,0,1,0,0,0,0,1,0,6.7415,18.3827,16.4019,1],"parentBoneIndex":5,"length":30.5923
,"animation":{"dataType":3,"framePerSecond":24,"keys":[
{"frame":1,"values":[1,0,0,0,0,1,0,0,0,0,1,0,6.7415,18.3827,16.4019,1]},
{"frame":37,"values":[1,0,0,0,0,1,0,0,0,0,1,0,6.7415,18.3827,16.4019,1]}],"loopBehavior":1,"name":"anim","property":"_matrix"}},
{"name":"mixamorig:LeftShoulder","index":9,"matrix":[0.9852,-0.1707,-0.0183,0,0.1708,0.9853,0.0044,0,0.0172,-0.0075,0.9998,0,11.9249,18.2305,1.4254,1],"rest":[1,0.0062,0,0,-0.0062,1,0,0,0,0,1,0,11.9249,18.2305,1.4254,1],"parentBoneIndex":3,"length":25.9773
,"animation":{"dataType":3,"framePerSecond":24,"keys":[
{"frame":1,"values":[0.9852,-0.1707,-0.0183,0,0.1708,0.9853,0.0044,0,0.0172,-0.0075,0.9998,0,11.9249,18.2305,1.4254,1]},
{"frame":2,"values":[0.985,-0.1719,-0.0131,0,0.172,0.9851,0.0062,0,0.0118,-0.0083,0.9999,0,11.9249,18.2305,1.4254,1]},
{"frame":3,"values":[0.9849,-0.1727,-0.0094,0,0.1728,0.9849,0.0074,0,0.0079,-0.009,0.9999,0,11.9249,18.2305,1.4254,1]},
{"frame":4,"values":[0.9849,-0.173,-0.0075,0,0.1731,0.9849,0.0081,0,0.006,-0.0092,0.9999,0,11.9249,18.2305,1.4254,1]},
{"frame":5,"values":[0.9849,-0.1731,-0.0073,0,0.1731,0.9849,0.0081,0,0.0058,-0.0093,0.9999,0,11.9249,18.2305,1.4254,1]},
{"frame":6,"values":[0.9849,-0.1728,-0.0083,0,0.1729,0.9849,0.0078,0,0.0069,-0.0091,0.9999,0,11.9249,18.2305,1.4254,1]},
{"frame":7,"values":[0.985,-0.1724,-0.0098,0,0.1725,0.985,0.0073,0,0.0084,-0.0088,0.9999,0,11.9249,18.2305,1.4254,1]},
{"frame":8,"values":[0.9851,-0.1718,-0.0106,0,0.1719,0.9851,0.0069,0,0.0092,-0.0086,0.9999,0,11.9249,18.2305,1.4254,1]},
{"frame":9,"values":[0.9852,-0.1711,-0.0098,0,0.1712,0.9852,0.0078,0,0.0083,-0.0094,0.9999,0,11.9249,18.2305,1.4254,1]},
{"frame":10,"values":[0.9853,-0.1706,-0.007,0,0.1707,0.9853,0.0087,0,0.0054,-0.0098,0.9999,0,11.9249,18.2305,1.4254,1]},
{"frame":11,"values":[0.9854,-0.1703,-0.0025,0,0.1703,0.9853,0.0096,0,0.0008,-0.0099,1,0,11.9249,18.2305,1.4254,1]},
{"frame":12,"values":[0.9853,-0.1707,0.0021,0,0.1706,0.9853,0.0106,0,-0.0039,-0.0101,0.9999,0,11.9249,18.2305,1.4254,1]},
{"frame":13,"values":[0.9852,-0.171,0.0067,0,0.171,0.9852,0.0115,0,-0.0086,-0.0102,0.9999,0,11.9249,18.2305,1.4254,1]},
{"frame":14,"values":[0.9851,-0.1714,0.0113,0,0.1713,0.9852,0.0114,0,-0.0131,-0.0093,0.9999,0,11.9249,18.2305,1.4254,1]},
{"frame":15,"values":[0.9851,-0.1718,0.0085,0,0.1717,0.9851,0.0114,0,-0.0103,-0.0098,0.9999,0,11.9249,18.2305,1.4254,1]},
{"frame":16,"values":[0.985,-0.1722,0.0057,0,0.1721,0.985,0.0113,0,-0.0075,-0.0102,0.9999,0,11.9249,18.2305,1.4254,1]},
{"frame":17,"values":[0.9846,-0.1746,0.0029,0,0.1746,0.9846,0.0113,0,-0.0048,-0.0106,0.9999,0,11.9249,18.2305,1.4254,1]},
{"frame":18,"values":[0.9842,-0.177,0.0001,0,0.177,0.9841,0.0112,0,-0.002,-0.011,0.9999,0,11.9249,18.2305,1.4254,1]},
{"frame":19,"values":[0.9838,-0.1794,-0.0027,0,0.1794,0.9837,0.0111,0,0.0007,-0.0114,0.9999,0,11.9249,18.2305,1.4254,1]},
{"frame":20,"values":[0.9833,-0.1818,-0.0055,0,0.1818,0.9833,0.0111,0,0.0034,-0.0119,0.9999,0,11.9249,18.2305,1.4254,1]},
{"frame":21,"values":[0.9829,-0.1841,-0.0083,0,0.1842,0.9828,0.011,0,0.0062,-0.0124,0.9999,0,11.9249,18.2305,1.4254,1]},
{"frame":22,"values":[0.9824,-0.1865,-0.0111,0,0.1866,0.9824,0.011,0,0.0089,-0.0128,0.9999,0,11.9249,18.2305,1.4254,1]},
{"frame":23,"values":[0.9819,-0.1889,-0.0139,0,0.189,0.9819,0.0109,0,0.0116,-0.0133,0.9998,0,11.9249,18.2305,1.4254,1]},
{"frame":24,"values":[0.9814,-0.1912,-0.0167,0,0.1914,0.9814,0.0108,0,0.0144,-0.0138,0.9998,0,11.9249,18.2305,1.4254,1]},
{"frame":25,"values":[0.9809,-0.1936,-0.0175,0,0.1938,0.981,0.0107,0,0.0151,-0.0139,0.9998,0,11.9249,18.2305,1.4254,1]},
{"frame":26,"values":[0.9804,-0.196,-0.0183,0,0.1962,0.9805,0.0096,0,0.016,-0.013,0.9998,0,11.9249,18.2305,1.4254,1]},
{"frame":27,"values":[0.98,-0.1983,-0.019,0,0.1985,0.9801,0.0085,0,0.017,-0.0121,0.9998,0,11.9249,18.2305,1.4254,1]},
{"frame":28,"values":[0.9795,-0.2007,-0.0198,0,0.2009,0.9796,0.0074,0,0.0179,-0.0112,0.9998,0,11.9249,18.2305,1.4254,1]},
{"frame":29,"values":[0.9806,-0.1947,-0.0205,0,0.1949,0.9808,0.0063,0,0.0189,-0.0101,0.9998,0,11.9249,18.2305,1.4254,1]},
{"frame":30,"values":[0.9818,-0.1887,-0.0226,0,0.1889,0.982,0.0051,0,0.0212,-0.0093,0.9997,0,11.9249,18.2305,1.4254,1]},
{"frame":31,"values":[0.9829,-0.1827,-0.0246,0,0.1829,0.9831,0.004,0,0.0235,-0.0084,0.9997,0,11.9249,18.2305,1.4254,1]},
{"frame":32,"values":[0.9839,-0.1767,-0.0267,0,0.1768,0.9842,0.0029,0,0.0257,-0.0076,0.9996,0,11.9249,18.2305,1.4254,1]},
{"frame":33,"values":[0.985,-0.1707,-0.0263,0,0.1708,0.9853,0.0018,0,0.0256,-0.0063,0.9997,0,11.9249,18.2305,1.4254,1]},
{"frame":34,"values":[0.986,-0.1647,-0.026,0,0.1647,0.9863,0.0007,0,0.0256,-0.0049,0.9997,0,11.9249,18.2305,1.4254,1]},
{"frame":35,"values":[0.9858,-0.1661,-0.0257,0,0.1661,0.9861,-0.0005,0,0.0254,-0.0038,0.9997,0,11.9249,18.2305,1.4254,1]},
{"frame":36,"values":[0.9856,-0.1674,-0.0254,0,0.1675,0.9859,0.0016,0,0.0247,-0.0058,0.9997,0,11.9249,18.2305,1.4254,1]},
{"frame":37,"values":[0.9852,-0.1707,-0.0183,0,0.1708,0.9853,0.0044,0,0.0172,-0.0075,0.9998,0,11.9249,18.2305,1.4254,1]}],"loopBehavior":1,"name":"anim","property":"_matrix"}},
{"name":"mixamorig:LeftArm","index":10,"matrix":[0.4288,-0.8988,-0.0912,0,0.9001,0.4164,0.1286,0,-0.0776,-0.1372,0.9875,0,25.4312,-0.8546,-5.2293,1],"rest":[0.9983,0.0295,0.0512,0,-0.0294,0.9996,-0.0017,0,-0.0512,0.0002,0.9987,0,25.4312,-0.8546,-5.2293,1],"parentBoneIndex":9,"length":54.6848
,"animation":{"dataType":3,"framePerSecond":24,"keys":[
{"frame":1,"values":[0.4288,-0.8988,-0.0912,0,0.9001,0.4164,0.1286,0,-0.0776,-0.1372,0.9875,0,25.4312,-0.8546,-5.2293,1]},
{"frame":2,"values":[0.4277,-0.8971,-0.1106,0,0.9014,0.4141,0.127,0,-0.0681,-0.154,0.9857,0,25.4312,-0.8546,-5.2293,1]},
{"frame":3,"values":[0.428,-0.8947,-0.1277,0,0.9017,0.4132,0.1268,0,-0.0607,-0.1694,0.9837,0,25.4312,-0.8546,-5.2293,1]},
{"frame":4,"values":[0.4299,-0.8915,-0.1427,0,0.9012,0.4141,0.1279,0,-0.0549,-0.1836,0.9815,0,25.4312,-0.8547,-5.2293,1]},
{"frame":5,"values":[0.432,-0.8883,-0.156,0,0.9005,0.4154,0.1284,0,-0.0492,-0.1959,0.9794,0,25.4312,-0.8546,-5.2293,1]},
{"frame":6,"values":[0.4315,-0.8866,-0.1664,0,0.9011,0.415,0.1255,0,-0.0423,-0.2041,0.978,0,25.4312,-0.8546,-5.2293,1]},
{"frame":7,"values":[0.4262,-0.8883,-0.1713,0,0.904,0.4111,0.1173,0,-0.0338,-0.2048,0.9782,0,25.4312,-0.8546,-5.2293,1]},
{"frame":8,"values":[0.4162,-0.8937,-0.1676,0,0.9089,0.4037,0.1042,0,-0.0255,-0.1957,0.9803,0,25.4312,-0.8546,-5.2293,1]},
{"frame":9,"values":[0.4198,-0.8944,-0.1542,0,0.907,0.4071,0.1083,0,-0.0341,-0.1854,0.9821,0,25.4312,-0.8546,-5.2293,1]},
{"frame":10,"values":[0.4235,-0.8947,-0.1418,0,0.9049,0.4104,0.1126,0,-0.0425,-0.176,0.9835,0,25.4312,-0.8546,-5.2293,1]},
{"frame":11,"values":[0.427,-0.8949,-0.1294,0,0.9028,0.4139,0.1168,0,-0.0509,-0.1667,0.9847,0,25.4312,-0.8546,-5.2293,1]},
{"frame":12,"values":[0.4304,-0.895,-0.1169,0,0.9007,0.4173,0.1209,0,-0.0594,-0.1573,0.9858,0,25.4312,-0.8546,-5.2293,1]},
{"frame":13,"values":[0.4337,-0.895,-0.1044,0,0.8985,0.4208,0.125,0,-0.0679,-0.148,0.9867,0,25.4312,-0.8546,-5.2293,1]},
{"frame":14,"values":[0.4369,-0.8948,-0.0919,0,0.8963,0.4243,0.129,0,-0.0764,-0.1387,0.9874,0,25.4312,-0.8547,-5.2293,1]},
{"frame":15,"values":[0.4547,-0.8871,-0.0798,0,0.8864,0.442,0.1374,0,-0.0866,-0.1332,0.9873,0,25.4312,-0.8546,-5.2293,1]},
{"frame":16,"values":[0.4722,-0.8789,-0.0675,0,0.8762,0.4595,0.1456,0,-0.097,-0.1279,0.987,0,25.4312,-0.8547,-5.2293,1]},
{"frame":17,"values":[0.4893,-0.8704,-0.055,0,0.8655,0.4769,0.1535,0,-0.1074,-0.1227,0.9866,0,25.4312,-0.8546,-5.2293,1]},
{"frame":18,"values":[0.5062,-0.8614,-0.0424,0,0.8543,0.4941,0.1612,0,-0.1179,-0.1178,0.986,0,25.4312,-0.8547,-5.2293,1]},
{"frame":19,"values":[0.5227,-0.852,-0.0296,0,0.8428,0.5112,0.1686,0,-0.1285,-0.113,0.9852,0,25.4312,-0.8546,-5.2293,1]},
{"frame":20,"values":[0.5389,-0.8422,-0.0167,0,0.8308,0.5281,0.1757,0,-0.1392,-0.1085,0.9843,0,25.4312,-0.8546,-5.2293,1]},
{"frame":21,"values":[0.5546,-0.8317,-0.0263,0,0.8206,0.5414,0.1829,0,-0.1378,-0.123,0.9828,0,25.4312,-0.8546,-5.2293,1]},
{"frame":22,"values":[0.5702,-0.8207,-0.0359,0,0.8102,0.5545,0.1902,0,-0.1362,-0.1375,0.9811,0,25.4312,-0.8546,-5.2293,1]},
{"frame":23,"values":[0.5855,-0.8094,-0.0453,0,0.7994,0.5673,0.1977,0,-0.1343,-0.1519,0.9792,0,25.4312,-0.8546,-5.2293,1]},
{"frame":24,"values":[0.6007,-0.7976,-0.0545,0,0.7885,0.5798,0.2053,0,-0.1321,-0.1663,0.9772,0,25.4312,-0.8546,-5.2293,1]},
{"frame":25,"values":[0.6156,-0.7855,-0.0636,0,0.7773,0.592,0.213,0,-0.1297,-0.1806,0.975,0,25.4312,-0.8546,-5.2293,1]},
{"frame":26,"values":[0.6303,-0.7729,-0.0725,0,0.7659,0.6039,0.2209,0,-0.127,-0.1948,0.9726,0,25.4312,-0.8547,-5.2293,1]},
{"frame":27,"values":[0.6453,-0.761,-0.0662,0,0.7522,0.618,0.2286,0,-0.133,-0.1973,0.9713,0,25.4312,-0.8547,-5.2293,1]},
