{"producer":{"name":"Blender","version":"2.79 (sub 0)","exporter_version":"5.6.4","file":"mediumrun.babylon"},
"autoClear":true,"clearColor":[0.0509,0.0509,0.0509],"ambientColor":[0,0,0],"gravity":[0,-9.81,0],
"materials":[{"name":"mediumrun.Material","id":"mediumrun.Material","ambient":[0,0,0],"diffuse":[0,0,0],"specular":[0,0,0],"emissive":[0,0,0],"specularPower":50,"alpha":0.001,"backFaceCulling":true,"checkReadyOnlyOnce":false,"maxSimultaneousLights":4}],
"multiMaterials":[],
"skeletons":[{"name":"Armature","id":0,"dimensionsAtRest":[379.1952,391.6652,55.677],"bones":[
{"name":"mixamorig:Hips","index":0,"matrix":[0.9859,-0.0707,-0.1519,0,0.037,0.9762,-0.2138,0,-0.1634,-0.2052,-0.965,0,0.1724,181.1489,-1.4784,1],"rest":[1,0,0,0,0,1,0,0,0,0,-1,0,0,201.6394,0,1],"parentBoneIndex":-1,"length":21.6784
,"animation":{"dataType":3,"framePerSecond":24,"keys":[
{"frame":1,"values":[0.9859,-0.0707,-0.1519,0,0.037,0.9762,-0.2138,0,-0.1634,-0.2052,-0.965,0,0.1724,181.1489,-1.4784,1]},
{"frame":2,"values":[0.9938,0.0895,-0.0662,0,-0.1011,0.9744,-0.201,0,-0.0465,-0.2064,-0.9774,0,-1.275,183.846,-0.084,1]},
{"frame":3,"values":[0.9852,0.1704,-0.0166,0,-0.17,0.9618,-0.2146,0,0.0206,-0.2142,-0.9766,0,-2.8954,184.5121,-0.406,1]},
{"frame":4,"values":[0.9955,0.0943,0.0131,0,-0.09,0.9765,-0.1959,0,0.0312,-0.1938,-0.9805,0,-4.4587,185.1613,-0.5441,1]},
{"frame":5,"values":[0.9953,0.0564,0.0786,0,-0.0417,0.9834,-0.1766,0,0.0873,-0.1725,-0.9811,0,-5.1121,182.5841,-0.3377,1]},
{"frame":6,"values":[0.9928,0.0722,0.0957,0,-0.0524,0.9794,-0.195,0,0.1078,-0.1886,-0.9761,0,-4.6465,176.7236,2.5826,1]},
{"frame":7,"values":[0.9905,0.0786,0.1127,0,-0.0501,0.9703,-0.2366,0,0.128,-0.2287,-0.9651,0,-4.6704,174.8207,6.3709,1]},
{"frame":8,"values":[0.9979,0.0129,0.0634,0,0.0019,0.9737,-0.2279,0,0.0646,-0.2276,-0.9716,0,-3.8534,179.0035,4.8149,1]},
{"frame":9,"values":[0.9928,-0.1189,0.0138,0,0.119,0.9679,-0.2212,0,-0.0129,-0.2213,-0.9751,0,-3.0364,183.1864,2.6886,1]},
{"frame":10,"values":[0.9952,-0.0915,-0.0357,0,0.0798,0.9653,-0.2486,0,-0.0572,-0.2445,-0.968,0,-2.2195,187.3692,0.5622,1]},
{"frame":11,"values":[0.9943,-0.0639,-0.0851,0,0.0457,0.9787,-0.2003,0,-0.0961,-0.1952,-0.976,0,-1.4025,184.6087,-1.5641,1]},
{"frame":12,"values":[0.987,-0.0884,-0.1344,0,0.0626,0.9807,-0.1855,0,-0.1482,-0.1747,-0.9734,0,-0.5855,181.8482,-3.6904,1]},
{"frame":13,"values":[0.9766,-0.1123,-0.1833,0,0.0722,0.9746,-0.212,0,-0.2024,-0.1938,-0.9599,0,0.2315,179.0877,-1.8137,1]},
{"frame":14,"values":[0.9859,-0.0707,-0.1519,0,0.037,0.9762,-0.2138,0,-0.1634,-0.2052,-0.965,0,0.1724,181.1489,-1.4784,1]}],"loopBehavior":1,"name":"anim","property":"_matrix"}},
{"name":"mixamorig:Spine","index":1,"matrix":[0.9893,0.1145,-0.0909,0,-0.1042,0.9883,0.1115,0,0.1026,-0.1009,0.9896,0,0.0062,19.525,-2.4818,1],"rest":[1,0,0,0,0,1,0,0,0,0,1,0,0.0062,19.525,-2.4818,1],"parentBoneIndex":0,"length":23.0091
,"animation":{"dataType":3,"framePerSecond":24,"keys":[
{"frame":1,"values":[0.9893,0.1145,-0.0909,0,-0.1042,0.9883,0.1115,0,0.1026,-0.1009,0.9896,0,0.0062,19.525,-2.4818,1]},
{"frame":2,"values":[0.9971,-0.0171,-0.0739,0,0.0254,0.9933,0.1132,0,0.0714,-0.1147,0.9908,0,0.0062,19.525,-2.4818,1]},
{"frame":3,"values":[0.989,-0.1095,-0.0997,0,0.12,0.9871,0.1064,0,0.0867,-0.1172,0.9893,0,0.0062,19.525,-2.4818,1]},
{"frame":4,"values":[0.9943,-0.0742,-0.0762,0,0.0814,0.9921,0.0957,0,0.0685,-0.1014,0.9925,0,0.0062,19.525,-2.4818,1]},
{"frame":5,"values":[0.9981,-0.0607,0.0051,0,0.0598,0.9919,0.1116,0,-0.0119,-0.1111,0.9937,0,0.0062,19.525,-2.4818,1]},
{"frame":6,"values":[0.9952,-0.0855,0.0485,0,0.0805,0.9919,0.0983,0,-0.0565,-0.0939,0.994,0,0.0062,19.525,-2.4818,1]},
{"frame":7,"values":[0.9909,-0.0932,0.0973,0,0.0847,0.9925,0.0884,0,-0.1048,-0.0794,0.9913,0,0.0062,19.525,-2.4818,1]},
{"frame":8,"values":[0.9919,-0.0395,0.1209,0,0.029,0.9957,0.0877,0,-0.1238,-0.0835,0.9888,0,0.0062,19.525,-2.4818,1]},
{"frame":9,"values":[0.9848,0.0968,0.1444,0,-0.1106,0.9897,0.091,0,-0.1341,-0.1056,0.9853,0,0.0062,19.525,-2.4818,1]},
{"frame":10,"values":[0.9902,0.1037,0.0939,0,-0.1098,0.992,0.0626,0,-0.0866,-0.0723,0.9936,0,0.0062,19.525,-2.4818,1]},
{"frame":11,"values":[0.994,0.1005,0.0431,0,-0.1035,0.9918,0.0755,0,-0.0351,-0.0795,0.9962,0,0.0062,19.525,-2.4818,1]},
{"frame":12,"values":[0.9926,0.121,-0.008,0,-0.1199,0.9889,0.0876,0,0.0185,-0.086,0.9961,0,0.0062,19.525,-2.4818,1]},
{"frame":13,"values":[0.9881,0.1419,-0.0587,0,-0.1356,0.9857,0.1006,0,0.0721,-0.0914,0.9932,0,0.0062,19.525,-2.4818,1]},
{"frame":14,"values":[0.9893,0.1145,-0.0909,0,-0.1042,0.9883,0.1115,0,0.1026,-0.1009,0.9896,0,0.0062,19.525,-2.4818,1]}],"loopBehavior":1,"name":"anim","property":"_matrix"}},
{"name":"mixamorig:Spine1","index":2,"matrix":[0.999,0.0053,-0.0445,0,-0.0021,0.9974,0.0715,0,0.0448,-0.0714,0.9964,0,-0.0009,22.835,-2.8254,1],"rest":[1,0,0,0,0,1,0,0,0,0,1,0,-0.0009,22.835,-2.8254,1],"parentBoneIndex":1,"length":26.7438
,"animation":{"dataType":3,"framePerSecond":24,"keys":[
{"frame":1,"values":[0.999,0.0053,-0.0445,0,-0.0019,0.997,0.0772,0,0.0448,-0.0771,0.996,0,-0.0009,22.835,-2.8254,1]},
{"frame":2,"values":[0.9988,-0.0224,-0.0443,0,0.0257,0.9969,0.0748,0,0.0425,-0.0759,0.9962,0,-0.0009,22.835,-2.8254,1]},
{"frame":3,"values":[0.9983,-0.0351,-0.0458,0,0.0384,0.9966,0.0725,0,0.0431,-0.0741,0.9963,0,-0.0009,22.835,-2.8254,1]},
{"frame":4,"values":[0.9994,-0.0222,-0.0256,0,0.0239,0.9973,0.0701,0,0.024,-0.0707,0.9972,0,-0.0009,22.835,-2.8254,1]},
{"frame":5,"values":[0.9997,-0.0236,-0.0107,0,0.0242,0.9974,0.0678,0,0.0091,-0.068,0.9976,0,-0.0009,22.835,-2.8254,1]},
{"frame":6,"values":[0.9995,-0.0319,0.0065,0,0.0314,0.9974,0.0654,0,-0.0085,-0.0651,0.9978,0,-0.0009,22.835,-2.8254,1]},
{"frame":7,"values":[0.999,-0.0209,0.0385,0,0.0184,0.9978,0.0629,0,-0.0397,-0.0622,0.9973,0,-0.0009,22.835,-2.8254,1]},
{"frame":8,"values":[0.9986,-0.0099,0.0516,0,0.0066,0.998,0.0634,0,-0.0522,-0.063,0.9966,0,-0.0009,22.835,-2.8254,1]},
{"frame":9,"values":[0.9993,0.0104,0.0361,0,-0.0127,0.9979,0.064,0,-0.0354,-0.0644,0.9973,0,-0.0009,22.835,-2.8254,1]},
{"frame":10,"values":[0.9998,0.0066,0.0206,0,-0.008,0.9978,0.066,0,-0.0201,-0.0661,0.9976,0,-0.0009,22.835,-2.8254,1]},
{"frame":11,"values":[1,0.0028,0.0051,0,-0.0032,0.9977,0.0678,0,-0.0049,-0.0678,0.9977,0,-0.0009,22.835,-2.8254,1]},
{"frame":12,"values":[0.9999,0.0088,-0.0104,0,-0.008,0.9975,0.0697,0,0.011,-0.0696,0.9975,0,-0.0009,22.835,-2.8254,1]},
{"frame":13,"values":[0.9996,0.0148,-0.0259,0,-0.0129,0.9974,0.0716,0,0.0269,-0.0712,0.9971,0,-0.0009,22.835,-2.8254,1]},
{"frame":14,"values":[0.999,0.0053,-0.0445,0,-0.0021,0.9974,0.0715,0,0.0448,-0.0714,0.9964,0,-0.0009,22.835,-2.8254,1]}],"loopBehavior":1,"name":"anim","property":"_matrix"}},
{"name":"mixamorig:Spine2","index":3,"matrix":[0.999,0.0068,-0.0445,0,-0.0036,0.9974,0.0715,0,0.0449,-0.0712,0.9964,0,-0.0206,26.5525,-3.1933,1],"rest":[1,0,0,0,0,1,0,0,0,0,1,0,-0.0206,26.5525,-3.1933,1],"parentBoneIndex":2,"length":24.825
,"animation":{"dataType":3,"framePerSecond":24,"keys":[
{"frame":1,"values":[0.999,0.0068,-0.0445,0,-0.0034,0.997,0.0774,0,0.0449,-0.0771,0.996,0,-0.0206,26.5525,-3.1933,1]},
{"frame":2,"values":[0.9988,-0.0203,-0.0455,0,0.0237,0.9969,0.0749,0,0.0438,-0.0759,0.9962,0,-0.0206,26.5525,-3.1933,1]},
{"frame":3,"values":[0.9984,-0.0329,-0.0465,0,0.0362,0.9967,0.0724,0,0.044,-0.074,0.9963,0,-0.0206,26.5525,-3.1933,1]},
{"frame":4,"values":[0.9995,-0.0203,-0.0256,0,0.0221,0.9973,0.07,0,0.0241,-0.0705,0.9972,0,-0.0206,26.5525,-3.1933,1]},
{"frame":5,"values":[0.9997,-0.0231,-0.0106,0,0.0238,0.9974,0.0676,0,0.009,-0.0678,0.9977,0,-0.0206,26.5525,-3.1933,1]},
{"frame":6,"values":[0.9995,-0.0318,0.0059,0,0.0314,0.9974,0.0651,0,-0.0079,-0.0649,0.9979,0,-0.0206,26.5525,-3.1933,1]},
{"frame":7,"values":[0.9994,-0.0214,0.0287,0,0.0196,0.9978,0.0626,0,-0.03,-0.062,0.9976,0,-0.0206,26.5525,-3.1933,1]},
{"frame":8,"values":[0.9986,-0.011,0.0516,0,0.0077,0.998,0.0632,0,-0.0522,-0.0627,0.9967,0,-0.0206,26.5525,-3.1933,1]},
{"frame":9,"values":[0.9993,0.0085,0.0361,0,-0.0108,0.9979,0.0638,0,-0.0355,-0.0642,0.9973,0,-0.0206,26.5525,-3.1933,1]},
{"frame":10,"values":[0.9998,0.0054,0.0207,0,-0.0067,0.9978,0.0658,0,-0.0203,-0.0659,0.9976,0,-0.0206,26.5525,-3.1933,1]},
{"frame":11,"values":[1,0.0023,0.0052,0,-0.0026,0.9977,0.0677,0,-0.0051,-0.0677,0.9977,0,-0.0206,26.5525,-3.1933,1]},
{"frame":12,"values":[0.9999,0.0088,-0.0102,0,-0.008,0.9975,0.0696,0,0.0108,-0.0695,0.9975,0,-0.0206,26.5525,-3.1933,1]},
{"frame":13,"values":[0.9996,0.0153,-0.0257,0,-0.0135,0.9973,0.0715,0,0.0267,-0.0711,0.9971,0,-0.0206,26.5525,-3.1933,1]},
{"frame":14,"values":[0.999,0.0068,-0.0445,0,-0.0036,0.9974,0.0715,0,0.0449,-0.0712,0.9964,0,-0.0206,26.5525,-3.1933,1]}],"loopBehavior":1,"name":"anim","property":"_matrix"}},
{"name":"mixamorig:Neck","index":4,"matrix":[1,-0.0031,-0.0083,0,0.0013,0.9785,-0.2063,0,0.0088,0.2063,0.9785,0,-0.06,30.7018,1.3522,1],"rest":[1,0,0,0,0,1,0,0,0,0,1,0,-0.06,30.7018,1.3522,1],"parentBoneIndex":3,"length":22.8446
,"animation":{"dataType":3,"framePerSecond":24,"keys":[
{"frame":1,"values":[1,-0.0031,-0.0083,0,0.0013,0.9785,-0.2063,0,0.0088,0.2063,0.9785,0,-0.06,30.7018,1.3522,1]},
{"frame":2,"values":[0.9995,-0.0253,0.0164,0,0.0284,0.9727,-0.2302,0,-0.0101,0.2305,0.973,0,-0.06,30.7018,1.3522,1]},
{"frame":3,"values":[0.999,-0.0351,0.0265,0,0.0404,0.9697,-0.241,0,-0.0172,0.2419,0.9702,0,-0.06,30.7018,1.3522,1]},
{"frame":4,"values":[0.9988,-0.0448,0.0171,0,0.0475,0.9739,-0.222,0,-0.0067,0.2226,0.9749,0,-0.06,30.7019,1.3522,1]},
{"frame":5,"values":[0.9996,-0.0246,0.0099,0,0.026,0.9803,-0.1958,0,-0.0049,0.196,0.9806,0,-0.06,30.7018,1.3522,1]},
{"frame":6,"values":[1,-0.0043,0.0064,0,0.0055,0.9806,-0.1957,0,-0.0054,0.1957,0.9806,0,-0.06,30.7018,1.3522,1]},
{"frame":7,"values":[0.9998,0.016,-0.0069,0,-0.0171,0.9762,-0.2161,0,0.0032,0.2162,0.9764,0,-0.06,30.7018,1.3522,1]},
{"frame":8,"values":[0.9992,0.0343,-0.0201,0,-0.0381,0.9709,-0.2363,0,0.0114,0.2369,0.9715,0,-0.06,30.7018,1.3522,1]},
{"frame":9,"values":[0.9982,0.0495,-0.0334,0,-0.0562,0.9676,-0.246,0,0.0201,0.2475,0.9687,0,-0.06,30.7018,1.3522,1]},
{"frame":10,"values":[0.9984,0.0323,-0.0466,0,-0.0421,0.9731,-0.2267,0,0.038,0.2283,0.9729,0,-0.06,30.7018,1.3522,1]},
{"frame":11,"values":[0.9992,0.0152,-0.0383,0,-0.0229,0.978,-0.2074,0,0.0343,0.2081,0.9775,0,-0.06,30.7018,1.3522,1]},
{"frame":12,"values":[0.9994,0.0159,-0.0299,0,-0.0213,0.9819,-0.1881,0,0.0264,0.1886,0.9817,0,-0.06,30.7018,1.3522,1]},
{"frame":13,"values":[0.9997,0.0094,-0.0216,0,-0.0134,0.9807,-0.1949,0,0.0193,0.1952,0.9806,0,-0.06,30.7019,1.3522,1]},
{"frame":14,"values":[1,-0.0031,-0.0083,0,0.0013,0.9785,-0.2063,0,0.0088,0.2063,0.9785,0,-0.06,30.7018,1.3522,1]}],"loopBehavior":1,"name":"anim","property":"_matrix"}},
{"name":"mixamorig:Head","index":5,"matrix":[0.9937,-0.1119,-0.0062,0,0.1087,0.9751,-0.1931,0,0.0277,0.1912,0.9812,0,-0.0872,22.5476,3.6709,1],"rest":[1,0,0,0,0,1,0,0,0,0,1,0,-0.0872,22.5476,3.6709,1],"parentBoneIndex":4,"length":30.5924
,"animation":{"dataType":3,"framePerSecond":24,"keys":[
{"frame":1,"values":[0.9937,-0.1119,-0.0062,0,0.1087,0.9751,-0.1931,0,0.0277,0.1912,0.9812,0,-0.0872,22.5476,3.6709,1]},
{"frame":2,"values":[0.9908,0.0217,0.1333,0,0.0031,0.9831,-0.1833,0,-0.135,0.182,0.974,0,-0.0872,22.5476,3.6709,1]},
{"frame":3,"values":[0.9776,0.0629,0.2009,0,-0.0291,0.9856,-0.1667,0,-0.2085,0.1571,0.9653,0,-0.0872,22.5476,3.6709,1]},
{"frame":4,"values":[0.985,0.0586,0.1626,0,-0.0304,0.9848,-0.1708,0,-0.1701,0.1633,0.9718,0,-0.0872,22.5477,3.6709,1]},
{"frame":5,"values":[0.9919,0.0733,0.1038,0,-0.0535,0.9818,-0.1822,0,-0.1153,0.1752,0.9778,0,-0.0872,22.5476,3.6709,1]},
{"frame":6,"values":[0.9943,0.0809,0.07,0,-0.0686,0.9844,-0.1622,0,-0.082,0.1565,0.9843,0,-0.0872,22.5476,3.6709,1]},
{"frame":7,"values":[0.9987,0.0507,0.0006,0,-0.0498,0.9829,-0.1773,0,-0.0096,0.1771,0.9842,0,-0.0872,22.5476,3.6709,1]},
{"frame":8,"values":[0.9975,0.0181,-0.0688,0,-0.0296,0.9849,-0.1706,0,0.0646,0.1722,0.9829,0,-0.0872,22.5476,3.6709,1]},
{"frame":9,"values":[0.9904,-0.0143,-0.1378,0,-0.0065,0.9888,-0.1493,0,0.1384,0.1488,0.9791,0,-0.0872,22.5476,3.6709,1]},
{"frame":10,"values":[0.9774,-0.046,-0.2062,0,0.0189,0.9911,-0.1316,0,0.2104,0.1247,0.9696,0,-0.0872,22.5476,3.6709,1]},
{"frame":11,"values":[0.9833,-0.0784,-0.1641,0,0.0596,0.9914,-0.1165,0,0.1719,0.1048,0.9795,0,-0.0872,22.5476,3.6709,1]},
{"frame":12,"values":[0.9862,-0.1119,-0.1224,0,0.0925,0.9837,-0.1543,0,0.1377,0.1408,0.9804,0,-0.0872,22.5476,3.6709,1]},
{"frame":13,"values":[0.9864,-0.1437,-0.0792,0,0.1266,0.9735,-0.1904,0,0.1045,0.1778,0.9785,0,-0.0872,22.5476,3.6709,1]},
{"frame":14,"values":[0.9937,-0.1119,-0.0062,0,0.1087,0.9751,-0.1931,0,0.0277,0.1912,0.9812,0,-0.0872,22.5476,3.6709,1]}],"loopBehavior":1,"name":"anim","property":"_matrix"}},
{"name":"mixamorig:HeadTop_End","index":6,"matrix":[1,0,0,0,0,1,0,0,0,0,1,0,-0.8306,40.3552,7.8935,1],"rest":[1,0,0,0,0,1,0,0,0,0,1,0,-0.8306,40.3552,7.8935,1],"parentBoneIndex":5,"length":30.5924
,"animation":{"dataType":3,"framePerSecond":24,"keys":[
{"frame":1,"values":[1,0,0,0,0,1,0,0,0,0,1,0,-0.8306,40.3553,7.8935,1]},
{"frame":2,"values":[1,0,0,0,0,1,0,0,0,0,1,0,-0.8306,40.3552,7.8935,1]},
{"frame":6,"values":[1,0,0,0,0,1,0,0,0,0,1,0,-0.8306,40.3553,7.8935,1]},
{"frame":7,"values":[1,0,0,0,0,1,0,0,0,0,1,0,-0.8306,40.3552,7.8935,1]},
{"frame":14,"values":[1,0,0,0,0,1,0,0,0,0,1,0,-0.8306,40.3552,7.8935,1]}],"loopBehavior":1,"name":"anim","property":"_matrix"}},
{"name":"mixamorig:RightEye","index":7,"matrix":[1,0,0,0,0,1,0,0,0,0,1,0,-6.3021,18.1186,16.1971,1],"rest":[1,0,0,0,0,1,0,0,0,0,1,0,-6.3021,18.1186,16.1971,1],"parentBoneIndex":5,"length":30.5924
,"animation":{"dataType":3,"framePerSecond":24,"keys":[
{"frame":1,"values":[1,0,0,0,0,1,0,0,0,0,1,0,-6.3021,18.1187,16.1971,1]},
{"frame":2,"values":[1,0,0,0,0,1,0,0,0,0,1,0,-6.3021,18.1186,16.1971,1]},
{"frame":14,"values":[1,0,0,0,0,1,0,0,0,0,1,0,-6.3021,18.1186,16.1971,1]}],"loopBehavior":1,"name":"anim","property":"_matrix"}},
{"name":"mixamorig:LeftEye","index":8,"matrix":[1,0,0,0,0,1,0,0,0,0,1,0,6.7415,18.3827,16.4019,1],"rest":[1,0,0,0,0,1,0,0,0,0,1,0,6.7415,18.3827,16.4019,1],"parentBoneIndex":5,"length":30.5924
,"animation":{"dataType":3,"framePerSecond":24,"keys":[
{"frame":1,"values":[1,0,0,0,0,1,0,0,0,0,1,0,6.7415,18.3827,16.4019,1]},
{"frame":6,"values":[1,0,0,0,0,1,0,0,0,0,1,0,6.7415,18.3828,16.4019,1]},
{"frame":7,"values":[1,0,0,0,0,1,0,0,0,0,1,0,6.7415,18.3827,16.4019,1]},
{"frame":14,"values":[1,0,0,0,0,1,0,0,0,0,1,0,6.7415,18.3827,16.4019,1]}],"loopBehavior":1,"name":"anim","property":"_matrix"}},
{"name":"mixamorig:LeftShoulder","index":9,"matrix":[0.8998,-0.1365,0.4143,0,0.1177,0.9905,0.0707,0,-0.42,-0.0149,0.9074,0,11.9249,18.2305,1.4254,1],"rest":[1,0.0062,0,0,-0.0062,1,0,0,0,0,1,0,11.9249,18.2305,1.4254,1],"parentBoneIndex":3,"length":25.9773
,"animation":{"dataType":3,"framePerSecond":24,"keys":[
{"frame":1,"values":[0.8998,-0.1365,0.4143,0,0.1177,0.9905,0.0707,0,-0.42,-0.0149,0.9074,0,11.9249,18.2305,1.4254,1]},
{"frame":2,"values":[0.9188,-0.0865,0.3853,0,0.0708,0.996,0.0547,0,-0.3884,-0.023,0.9212,0,11.9249,18.2305,1.4254,1]},
{"frame":3,"values":[0.9124,-0.1101,0.3942,0,0.0935,0.9937,0.0613,0,-0.3985,-0.019,0.917,0,11.9249,18.2305,1.4254,1]},
{"frame":4,"values":[0.9018,-0.1929,0.3867,0,0.176,0.9812,0.0791,0,-0.3947,-0.0033,0.9188,0,11.9249,18.2305,1.4254,1]},
{"frame":5,"values":[0.884,-0.252,0.3938,0,0.2341,0.9677,0.0936,0,-0.4046,0.0095,0.9144,0,11.9249,18.2305,1.4254,1]},
{"frame":6,"values":[0.8896,-0.2133,0.4038,0,0.1894,0.9769,0.0987,0,-0.4156,-0.0113,0.9095,0,11.9249,18.2305,1.4254,1]},
{"frame":7,"values":[0.9066,-0.1771,0.3831,0,0.161,0.9842,0.0738,0,-0.3901,-0.0052,0.9208,0,11.9249,18.2305,1.4254,1]},
{"frame":8,"values":[0.911,-0.1741,0.3738,0,0.1662,0.9846,0.0536,0,-0.3774,0.0133,0.926,0,11.9249,18.2305,1.4254,1]},
{"frame":9,"values":[0.9212,-0.1721,0.3491,0,0.1714,0.9846,0.0334,0,-0.3494,0.0291,0.9365,0,11.9249,18.2305,1.4254,1]},
{"frame":10,"values":[0.9306,-0.17,0.3241,0,0.1647,0.9854,0.0438,0,-0.3268,0.0126,0.945,0,11.9249,18.2305,1.4254,1]},
{"frame":11,"values":[0.9136,-0.163,0.3726,0,0.1514,0.9866,0.0606,0,-0.3775,0.001,0.926,0,11.9249,18.2305,1.4254,1]},
{"frame":12,"values":[0.894,-0.1558,0.4201,0,0.1409,0.9878,0.0666,0,-0.4253,-0.0004,0.905,0,11.9249,18.2305,1.4254,1]},
{"frame":13,"values":[0.8955,-0.1523,0.4181,0,0.1336,0.9883,0.074,0,-0.4245,-0.0104,0.9054,0,11.9249,18.2305,1.4254,1]},
{"frame":14,"values":[0.8998,-0.1365,0.4143,0,0.1177,0.9905,0.0707,0,-0.42,-0.0149,0.9074,0,11.9249,18.2305,1.4254,1]}],"loopBehavior":1,"name":"anim","property":"_matrix"}},
{"name":"mixamorig:LeftArm","index":10,"matrix":[0.4464,-0.8587,-0.2517,0,0.8734,0.357,0.3312,0,-0.1946,-0.3678,0.9093,0,25.4312,-0.8546,-5.2293,1],"rest":[0.9983,0.0295,0.0512,0,-0.0294,0.9996,-0.0017,0,-0.0512,0.0002,0.9987,0,25.4312,-0.8546,-5.2293,1],"parentBoneIndex":9,"length":54.6847
,"animation":{"dataType":3,"framePerSecond":24,"keys":[
{"frame":1,"values":[0.4464,-0.8587,-0.2517,0,0.8734,0.357,0.3312,0,-0.1946,-0.3678,0.9093,0,25.4312,-0.8546,-5.2293,1]},
{"frame":2,"values":[0.5545,-0.7232,-0.4117,0,0.7971,0.3196,0.5123,0,-0.2389,-0.6123,0.7537,0,25.4312,-0.8546,-5.2293,1]},
{"frame":3,"values":[0.6581,-0.5786,-0.4818,0,0.7464,0.4167,0.519,0,-0.0995,-0.7011,0.706,0,25.4312,-0.8546,-5.2293,1]},
{"frame":4,"values":[0.6352,-0.6161,-0.4657,0,0.7699,0.5537,0.3175,0,0.0623,-0.5602,0.826,0,25.4312,-0.8546,-5.2293,1]},
{"frame":5,"values":[0.6262,-0.7306,-0.272,0,0.773,0.6272,0.0949,0,0.1013,-0.2697,0.9576,0,25.4312,-0.8546,-5.2293,1]},
{"frame":6,"values":[0.614,-0.7882,-0.0429,0,0.7892,0.6119,0.0527,0,-0.0153,-0.0662,0.9977,0,25.4312,-0.8546,-5.2293,1]},
{"frame":7,"values":[0.5737,-0.7959,0.1936,0,0.8093,0.5872,0.0162,0,-0.1266,0.1474,0.9809,0,25.4312,-0.8547,-5.2293,1]},
{"frame":8,"values":[0.5088,-0.7531,0.4171,0,0.8315,0.5554,-0.0115,0,-0.223,0.3526,0.9088,0,25.4312,-0.8546,-5.2293,1]},
{"frame":9,"values":[0.4902,-0.807,0.3294,0,0.8443,0.5335,0.0507,0,-0.2167,0.2533,0.9428,0,25.4312,-0.8546,-5.2293,1]},
{"frame":10,"values":[0.4703,-0.8505,0.2354,0,0.8565,0.5042,0.1106,0,-0.2127,0.1496,0.9656,0,25.4312,-0.8546,-5.2293,1]},
{"frame":11,"values":[0.4496,-0.8827,0.1366,0,0.8679,0.4679,0.1669,0,-0.2112,0.0435,0.9765,0,25.4312,-0.8546,-5.2293,1]},
{"frame":12,"values":[0.4284,-0.9029,0.0352,0,0.8783,0.4253,0.2186,0,-0.2123,-0.0628,0.9752,0,25.4312,-0.8546,-5.2293,1]},
{"frame":13,"values":[0.4072,-0.9109,-0.0668,0,0.8875,0.3773,0.2646,0,-0.2158,-0.1671,0.962,0,25.4312,-0.8546,-5.2293,1]},
{"frame":14,"values":[0.4464,-0.8587,-0.2517,0,0.8734,0.357,0.3312,0,-0.1946,-0.3678,0.9093,0,25.4312,-0.8546,-5.2293,1]}],"loopBehavior":1,"name":"anim","property":"_matrix"}},
{"name":"mixamorig:LeftForeArm","index":11,"matrix":[0.8924,-0.0051,0.4512,0,0.0118,0.9999,-0.012,0,-0.4511,0.0161,0.8923,0,54.5783,-1.9463,-2.8009,1],"rest":[0.9943,-0.0088,-0.1062,0,0.0091,1,0.0028,0,0.1061,-0.0038,0.9943,0,54.5783,-1.9463,-2.8009,1],"parentBoneIndex":10,"length":55.0982
,"animation":{"dataType":3,"framePerSecond":24,"keys":[
{"frame":1,"values":[0.8924,-0.0051,0.4512,0,0.0118,0.9999,-0.012,0,-0.4511,0.0161,0.8923,0,54.5784,-1.9463,-2.8009,1]},
{"frame":2,"values":[0.6751,0.0027,0.7378,0,0.0175,0.9997,-0.0197,0,-0.7376,0.0262,0.6748,0,54.5783,-1.9463,-2.8009,1]},
{"frame":3,"values":[0.4633,0.0103,0.8861,0,0.0232,0.9995,-0.0237,0,-0.8859,0.0315,0.4628,0,54.5783,-1.9463,-2.8009,1]},
{"frame":4,"values":[0.467,0.0101,0.8842,0,0.0231,0.9995,-0.0236,0,-0.8839,0.0314,0.4665,0,54.5783,-1.9463,-2.8009,1]},
{"frame":5,"values":[0.5579,0.0069,0.8298,0,0.0206,0.9995,-0.0222,0,-0.8296,0.0295,0.5575,0,54.5783,-1.9463,-2.8009,1]},
{"frame":6,"values":[0.5651,0.0066,0.825,0,0.0205,0.9995,-0.0221,0,-0.8248,0.0293,0.5647,0,54.5783,-1.9463,-2.8009,1]},
{"frame":7,"values":[0.447,0.0109,0.8945,0,0.0236,0.9994,-0.0239,0,-0.8942,0.0318,0.4465,0,54.5783,-1.9463,-2.8009,1]},
{"frame":8,"values":[0.1766,0.0205,0.9841,0,0.0308,0.9992,-0.0264,0,-0.9838,0.035,0.1758,0,54.5783,-1.9463,-2.8009,1]},
{"frame":9,"values":[-0.1734,0.033,0.9843,0,0.0401,0.9988,-0.0264,0,-0.984,0.0349,-0.1745,0,54.5784,-1.9463,-2.8009,1]},
{"frame":10,"values":[-0.1813,0.0333,0.9829,0,0.0404,0.9988,-0.0264,0,-0.9826,0.0349,-0.1824,0,54.5783,-1.9463,-2.8009,1]},
{"frame":11,"values":[0.1542,0.0213,0.9878,0,0.0314,0.9992,-0.0265,0,-0.9875,0.0351,0.1534,0,54.5783,-1.9463,-2.8009,1]},
{"frame":12,"values":[0.677,0.0026,0.7359,0,0.0175,0.9997,-0.0197,0,-0.7357,0.0262,0.6768,0,54.5783,-1.9463,-2.8009,1]},
{"frame":13,"values":[0.9386,-0.0067,0.3449,0,0.0106,0.9999,-0.0092,0,-0.3448,0.0123,0.9386,0,54.5783,-1.9463,-2.8009,1]},
{"frame":14,"values":[0.8924,-0.0051,0.4512,0,0.0118,0.9999,-0.012,0,-0.4511,0.0161,0.8923,0,54.5783,-1.9463,-2.8009,1]}],"loopBehavior":1,"name":"anim","property":"_matrix"}},
{"name":"mixamorig:LeftHand","index":12,"matrix":[0.9755,0.0021,0.22,0,0.067,0.9496,-0.3063,0,-0.2095,0.3135,0.9262,0,54.9948,-1.4671,3.0376,1],"rest":[0.9961,0.088,0.001,0,-0.0871,0.9842,0.154,0,0.0125,-0.1535,0.9881,0,54.9948,-1.4671,3.0376,1],"parentBoneIndex":11,"length":20.3347
,"animation":{"dataType":3,"framePerSecond":24,"keys":[
{"frame":1,"values":[0.9755,0.0021,0.22,0,0.067,0.9496,-0.3063,0,-0.2095,0.3135,0.9262,0,54.9948,-1.4671,3.0376,1]},
{"frame":2,"values":[0.9935,0.074,0.0864,0,-0.0328,0.9137,-0.4051,0,-0.1089,0.3997,0.9102,0,54.9948,-1.4671,3.0376,1]},
{"frame":3,"values":[0.9893,0.1353,0.0553,0,-0.0956,0.8853,-0.4552,0,-0.1105,0.445,0.8887,0,54.9948,-1.4671,3.0376,1]},
{"frame":4,"values":[0.9805,0.1714,0.0958,0,-0.1118,0.8884,-0.4453,0,-0.1614,0.4259,0.8903,0,54.9948,-1.4671,3.0376,1]},
{"frame":5,"values":[0.9566,0.267,0.1168,0,-0.1948,0.8839,-0.4252,0,-0.2168,0.384,0.8975,0,54.9948,-1.4671,3.0376,1]},
{"frame":6,"values":[0.9301,0.2936,0.2207,0,-0.1929,0.9017,-0.3869,0,-0.3126,0.3173,0.8953,0,54.9948,-1.4671,3.0376,1]},
{"frame":7,"values":[0.8932,0.3125,0.3234,0,-0.1952,0.9172,-0.3473,0,-0.4052,0.2471,0.8802,0,54.9948,-1.4671,3.0376,1]},
{"frame":8,"values":[0.8465,0.3234,0.4229,0,-0.2017,0.9299,-0.3075,0,-0.4927,0.175,0.8524,0,54.9948,-1.4671,3.0376,1]},
{"frame":9,"values":[0.8877,0.2524,0.385,0,-0.1459,0.9474,-0.2848,0,-0.4366,0.1966,0.8779,0,54.9948,-1.4671,3.0376,1]},
{"frame":10,"values":[0.9218,0.1787,0.3439,0,-0.0875,0.9604,-0.2645,0,-0.3776,0.2137,0.901,0,54.9948,-1.4671,3.0376,1]},
{"frame":11,"values":[0.9483,0.1032,0.3001,0,-0.0273,0.9687,-0.2469,0,-0.3162,0.2259,0.9214,0,54.9948,-1.4671,3.0376,1]},
{"frame":12,"values":[0.9668,0.0269,0.2541,0,0.034,0.9721,-0.2322,0,-0.2533,0.2332,0.9389,0,54.9948,-1.4671,3.0376,1]},
{"frame":13,"values":[0.9772,-0.0493,0.2066,0,0.0957,0.9707,-0.2206,0,-0.1896,0.2354,0.9532,0,54.9948,-1.4671,3.0376,1]},
{"frame":14,"values":[0.9755,0.0021,0.22,0,0.067,0.9496,-0.3063,0,-0.2095,0.3135,0.9262,0,54.9948,-1.4671,3.0376,1]}],"loopBehavior":1,"name":"anim","property":"_matrix"}},
{"name":"mixamorig:LeftHandMiddle1","index":13,"matrix":[0.3192,-0.9447,0.0752,0,0.9442,0.3238,0.0607,0,-0.0817,0.0516,0.9953,0,23.1821,-2.445,1.6605,1],"rest":[0.9974,-0.0561,0.045,0,0.0561,0.9984,0.0005,0,-0.045,0.002,0.999,0,23.1821,-2.445,1.6605,1],"parentBoneIndex":12,"length":6.3787
,"animation":{"dataType":3,"framePerSecond":24,"keys":[
{"frame":1,"values":[0.3192,-0.9447,0.0753,0,0.9442,0.3238,0.0599,0,-0.081,0.052,0.9954,0,23.1821,-2.445,1.6605,1]},
{"frame":2,"values":[0.307,-0.9487,0.0753,0,0.9483,0.3116,0.06,0,-0.0804,0.053,0.9954,0,23.1821,-2.445,1.6605,1]},
{"frame":3,"values":[0.2769,-0.958,0.0753,0,0.9577,0.2815,0.0601,0,-0.0787,0.0555,0.9953,0,23.1821,-2.445,1.6605,1]},
{"frame":4,"values":[0.2356,-0.9689,0.0753,0,0.9689,0.2402,0.0601,0,-0.0764,0.0588,0.9953,0,23.1821,-2.445,1.6605,1]},
{"frame":5,"values":[0.1914,-0.9786,0.0753,0,0.9787,0.1961,0.0602,0,-0.0737,0.0622,0.9953,0,23.1821,-2.445,1.6605,1]},
{"frame":6,"values":[0.1694,-0.9827,0.0753,0,0.9829,0.1741,0.0603,0,-0.0723,0.0638,0.9953,0,23.1821,-2.445,1.6605,1]},
{"frame":7,"values":[0.1474,-0.9862,0.0753,0,0.9865,0.152,0.0603,0,-0.071,0.0654,0.9953,0,23.1821,-2.445,1.6605,1]},
{"frame":8,"values":[0.1252,-0.9893,0.0752,0,0.9897,0.1299,0.0604,0,-0.0695,0.0669,0.9953,0,23.1821,-2.445,1.6605,1]},
{"frame":9,"values":[0.162,-0.9839,0.0752,0,0.9842,0.1666,0.0605,0,-0.072,0.0642,0.9953,0,23.1821,-2.445,1.6605,1]},
{"frame":10,"values":[0.1985,-0.9772,0.0752,0,0.9773,0.2032,0.0605,0,-0.0744,0.0615,0.9953,0,23.1821,-2.445,1.6605,1]},
{"frame":11,"values":[0.2347,-0.9691,0.0752,0,0.969,0.2394,0.0606,0,-0.0767,0.0587,0.9953,0,23.1821,-2.445,1.6605,1]},
{"frame":12,"values":[0.2707,-0.9597,0.0752,0,0.9594,0.2753,0.0607,0,-0.0789,0.0557,0.9953,0,23.1821,-2.445,1.6605,1]},
{"frame":13,"values":[0.3062,-0.949,0.0752,0,0.9485,0.3108,0.0607,0,-0.081,0.0527,0.9953,0,23.1821,-2.445,1.6605,1]},
{"frame":14,"values":[0.3192,-0.9447,0.0752,0,0.9442,0.3238,0.0607,0,-0.0817,0.0516,0.9953,0,23.1821,-2.445,1.6605,1]}],"loopBehavior":1,"name":"anim","property":"_matrix"}},
{"name":"mixamorig:LeftHandMiddle2","index":14,"matrix":[0.6136,-0.7886,0.039,0,0.7876,0.6148,0.0405,0,-0.0559,0.0058,0.9984,0,6.3689,-0.3109,0.167,1],"rest":[0.991,0.1341,-0.0042,0,-0.1342,0.991,-0.0031,0,0.0038,0.0036,1,0,6.3689,-0.3109,0.167,1],"parentBoneIndex":13,"length":6.1483
,"animation":{"dataType":3,"framePerSecond":24,"keys":[
{"frame":1,"values":[0.6136,-0.7886,0.0388,0,0.7877,0.6148,0.0397,0,-0.0552,0.0062,0.9985,0,6.3689,-0.3109,0.167,1]},
{"frame":2,"values":[0.6034,-0.7965,0.0388,0,0.7955,0.6046,0.0398,0,-0.0551,0.0068,0.9985,0,6.3689,-0.3109,0.167,1]},
{"frame":3,"values":[0.578,-0.8151,0.0388,0,0.8142,0.5792,0.0399,0,-0.055,0.0086,0.9985,0,6.3689,-0.3109,0.167,1]},
{"frame":4,"values":[0.5425,-0.8392,0.0388,0,0.8383,0.5438,0.0399,0,-0.0546,0.0109,0.9984,0,6.3689,-0.3109,0.167,1]},
{"frame":5,"values":[0.5039,-0.8629,0.0388,0,0.8621,0.5052,0.04,0,-0.0541,0.0133,0.9984,0,6.3689,-0.3109,0.167,1]},
{"frame":6,"values":[0.4844,-0.874,0.0389,0,0.8732,0.4858,0.0401,0,-0.0539,0.0145,0.9984,0,6.3689,-0.3109,0.167,1]},
{"frame":7,"values":[0.4647,-0.8846,0.0389,0,0.8838,0.4661,0.0401,0,-0.0536,0.0157,0.9984,0,6.3689,-0.3109,0.167,1]},
{"frame":8,"values":[0.4448,-0.8948,0.0389,0,0.8941,0.4461,0.0402,0,-0.0533,0.0169,0.9984,0,6.3689,-0.3109,0.167,1]},
{"frame":9,"values":[0.4777,-0.8776,0.0389,0,0.8768,0.4791,0.0403,0,-0.054,0.0149,0.9984,0,6.3689,-0.3109,0.167,1]},
{"frame":10,"values":[0.5101,-0.8592,0.0389,0,0.8584,0.5114,0.0403,0,-0.0546,0.0128,0.9984,0,6.3689,-0.3109,0.167,1]},
{"frame":11,"values":[0.5418,-0.8396,0.0389,0,0.8387,0.5431,0.0404,0,-0.0551,0.0108,0.9984,0,6.3689,-0.3109,0.167,1]},
{"frame":12,"values":[0.5727,-0.8189,0.039,0,0.8179,0.5739,0.0405,0,-0.0555,0.0087,0.9984,0,6.3689,-0.3109,0.167,1]},
{"frame":13,"values":[0.6028,-0.797,0.039,0,0.796,0.604,0.0405,0,-0.0558,0.0066,0.9984,0,6.3689,-0.3109,0.167,1]},
{"frame":14,"values":[0.6136,-0.7886,0.039,0,0.7876,0.6148,0.0405,0,-0.0559,0.0058,0.9984,0,6.3689,-0.3109,0.167,1]}],"loopBehavior":1,"name":"anim","property":"_matrix"}},
{"name":"mixamorig:LeftHandMiddle3","index":15,"matrix":[0.6546,-0.7553,0.0315,0,0.7544,0.6554,0.0358,0,-0.0476,0.0003,0.9989,0,6.0425,-1.121,0.183,1],"rest":[1,-0.0048,-0.0038,0,0.0048,1,0.0008,0,0.0038,-0.0009,1,0,6.0425,-1.121,0.183,1],"parentBoneIndex":14,"length":6.5825
,"animation":{"dataType":3,"framePerSecond":24,"keys":[
{"frame":1,"values":[0.6546,-0.7553,0.0312,0,0.7545,0.6554,0.035,0,-0.0469,0.0006,0.9989,0,6.0425,-1.121,0.183,1]},
{"frame":2,"values":[0.6449,-0.7636,0.0312,0,0.7628,0.6456,0.0351,0,-0.0469,0.0012,0.9989,0,6.0425,-1.121,0.183,1]},
{"frame":3,"values":[0.6205,-0.7836,0.0312,0,0.7828,0.6213,0.0351,0,-0.0469,0.0026,0.9989,0,6.0425,-1.121,0.183,1]},
{"frame":4,"values":[0.5864,-0.8094,0.0312,0,0.8087,0.5872,0.0352,0,-0.0468,0.0046,0.9989,0,6.0425,-1.121,0.183,1]},
{"frame":5,"values":[0.5492,-0.8351,0.0313,0,0.8344,0.5501,0.0353,0,-0.0466,0.0067,0.9989,0,6.0425,-1.121,0.183,1]},
{"frame":6,"values":[0.5304,-0.8472,0.0313,0,0.8465,0.5312,0.0353,0,-0.0465,0.0078,0.9989,0,6.0425,-1.121,0.183,1]},
{"frame":7,"values":[0.5113,-0.8588,0.0313,0,0.8582,0.5122,0.0354,0,-0.0464,0.0088,0.9989,0,6.0425,-1.121,0.183,1]},
{"frame":8,"values":[0.4919,-0.8701,0.0313,0,0.8694,0.4928,0.0354,0,-0.0463,0.0098,0.9989,0,6.0425,-1.121,0.183,1]},
{"frame":9,"values":[0.5239,-0.8512,0.0314,0,0.8505,0.5248,0.0355,0,-0.0467,0.0081,0.9989,0,6.0425,-1.121,0.183,1]},
{"frame":10,"values":[0.5552,-0.8311,0.0314,0,0.8304,0.556,0.0356,0,-0.047,0.0063,0.9989,0,6.0425,-1.121,0.183,1]},
{"frame":11,"values":[0.5857,-0.8099,0.0314,0,0.8091,0.5865,0.0356,0,-0.0473,0.0045,0.9989,0,6.0425,-1.121,0.183,1]},
{"frame":12,"values":[0.6154,-0.7876,0.0314,0,0.7868,0.6162,0.0357,0,-0.0475,0.0028,0.9989,0,6.0425,-1.121,0.183,1]},
{"frame":13,"values":[0.6442,-0.7642,0.0315,0,0.7633,0.645,0.0358,0,-0.0476,0.001,0.9989,0,6.0425,-1.121,0.183,1]},
{"frame":14,"values":[0.6546,-0.7553,0.0315,0,0.7544,0.6554,0.0358,0,-0.0476,0.0003,0.9989,0,6.0425,-1.121,0.183,1]}],"loopBehavior":1,"name":"anim","property":"_matrix"}},
{"name":"mixamorig:LeftHandMiddle4","index":16,"matrix":[1,0,0,0,0,1,0,0,0,0,1,0,6.4741,-1.1689,0.2214,1],"rest":[1,0,0,0,0,1,0,0,0,0,1,0,6.4741,-1.1689,0.2214,1],"parentBoneIndex":15,"length":6.5825
,"animation":{"dataType":3,"framePerSecond":24,"keys":[
{"frame":1,"values":[1,0,0,0,0,1,0,0,0,0,1,0,6.4741,-1.1689,0.2214,1]},
{"frame":14,"values":[1,0,0,0,0,1,0,0,0,0,1,0,6.4741,-1.1689,0.2214,1]}],"loopBehavior":1,"name":"anim","property":"_matrix"}},
{"name":"mixamorig:LeftHandThumb1","index":17,"matrix":[0.9784,-0.2066,0.0088,0,0.2038,0.9707,0.1275,0,-0.0349,-0.123,0.9918,0,6.4451,-3.6637,6.4601,1],"rest":[0.993,-0.1184,-0.0054,0,0.1183,0.9883,0.0962,0,-0.006,-0.0961,0.9953,0,6.4451,-3.6637,6.4601,1],"parentBoneIndex":12,"length":8.4798
,"animation":{"dataType":3,"framePerSecond":24,"keys":[
{"frame":1,"values":[0.9784,-0.2066,0.0088,0,0.2038,0.9707,0.1275,0,-0.0349,-0.123,0.9918,0,6.4451,-3.6637,6.4601,1]},
{"frame":14,"values":[0.9784,-0.2066,0.0088,0,0.2038,0.9707,0.1275,0,-0.0349,-0.123,0.9918,0,6.4451,-3.6637,6.4601,1]}],"loopBehavior":1,"name":"anim","property":"_matrix"}},
{"name":"mixamorig:LeftHandThumb2","index":18,"matrix":[0.9535,0.1089,-0.2809,0,-0.0705,0.9872,0.1434,0,0.2929,-0.117,0.9489,0,6.2606,-2.6017,5.0935,1],"rest":[0.9927,0.0626,0.1035,0,-0.0529,0.9941,-0.0942,0,-0.1088,0.088,0.9902,0,6.2606,-2.6017,5.0935,1],"parentBoneIndex":17,"length":7.8274
,"animation":{"dataType":3,"framePerSecond":24,"keys":[
{"frame":1,"values":[0.9535,0.1089,-0.2809,0,-0.0705,0.9872,0.1434,0,0.2929,-0.117,0.9489,0,6.2606,-2.6017,5.0935,1]},
{"frame":14,"values":[0.9535,0.1089,-0.2809,0,-0.0705,0.9872,0.1434,0,0.2929,-0.117,0.9489,0,6.2606,-2.6017,5.0935,1]}],"loopBehavior":1,"name":"anim","property":"_matrix"}},
{"name":"mixamorig:LeftHandThumb3","index":19,"matrix":[0.9832,0.1164,0.1407,0,-0.0809,0.9684,-0.2358,0,-0.1637,0.2205,0.9615,0,6.0726,-3.1361,3.8153,1],"rest":[0.9981,-0.0559,-0.0241,0,0.057,0.9973,0.0466,0,0.0214,-0.0479,0.9986,0,6.0726,-3.1361,3.8153,1],"parentBoneIndex":18,"length":6.188
,"animation":{"dataType":3,"framePerSecond":24,"keys":[
{"frame":1,"values":[0.9832,0.1164,0.1407,0,-0.0809,0.9684,-0.2358,0,-0.1637,0.2205,0.9615,0,6.0726,-3.1361,3.8153,1]},
{"frame":14,"values":[0.9832,0.1164,0.1407,0,-0.0809,0.9684,-0.2358,0,-0.1637,0.2205,0.9615,0,6.0726,-3.1361,3.8153,1]}],"loopBehavior":1,"name":"anim","property":"_matrix"}},
{"name":"mixamorig:LeftHandThumb4","index":20,"matrix":[1,0,0,0,0,1,0,0,0,0,1,0,4.8579,-2.0584,3.2334,1],"rest":[1,0,0,0,0,1,0,0,0,0,1,0,4.8579,-2.0584,3.2334,1],"parentBoneIndex":19,"length":6.188
,"animation":{"dataType":3,"framePerSecond":24,"keys":[
{"frame":1,"values":[1,0,0,0,0,1,0,0,0,0,1,0,4.8579,-2.0584,3.2334,1]},
{"frame":14,"values":[1,0,0,0,0,1,0,0,0,0,1,0,4.8579,-2.0584,3.2334,1]}],"loopBehavior":1,"name":"anim","property":"_matrix"}},
{"name":"mixamorig:LeftHandIndex1","index":21,"matrix":[0.4591,-0.8687,0.1859,0,0.882,0.4707,0.0214,0,-0.1061,0.1542,0.9823,0,22.612,-1.921,6.6099,1],"rest":[0.9946,0.0835,0.0621,0,-0.0827,0.9965,-0.0152,0,-0.0631,0.0099,0.998,0,22.612,-1.921,6.6099,1],"parentBoneIndex":12,"length":6.2269
,"animation":{"dataType":3,"framePerSecond":24,"keys":[
{"frame":1,"values":[0.4591,-0.8687,0.1857,0,0.882,0.4707,0.0214,0,-0.106,0.154,0.9824,0,22.612,-1.921,6.6099,1]},
{"frame":2,"values":[0.4477,-0.8747,0.1857,0,0.8875,0.46,0.0268,0,-0.1089,0.1528,0.9822,0,22.612,-1.921,6.6099,1]},
{"frame":3,"values":[0.4194,-0.8886,0.1857,0,0.9012,0.4321,0.0322,0,-0.1088,0.1539,0.9821,0,22.612,-1.921,6.6099,1]},
{"frame":4,"values":[0.3804,-0.906,0.1858,0,0.9186,0.3934,0.0375,0,-0.1071,0.1564,0.9819,0,22.612,-1.921,6.6099,1]},
{"frame":5,"values":[0.3383,-0.9225,0.1858,0,0.9349,0.352,0.0459,0,-0.1078,0.1581,0.9815,0,22.612,-1.921,6.6099,1]},
{"frame":6,"values":[0.3171,-0.93,0.1859,0,0.9422,0.3313,0.05,0,-0.1081,0.1593,0.9813,0,22.612,-1.921,6.6099,1]},
{"frame":7,"values":[0.2959,-0.937,0.1859,0,0.949,0.3104,0.0542,0,-0.1085,0.1604,0.9811,0,22.612,-1.921,6.6099,1]},
{"frame":8,"values":[0.2744,-0.9435,0.1858,0,0.9554,0.2894,0.0583,0,-0.1088,0.1615,0.9808,0,22.612,-1.921,6.6099,1]},
{"frame":9,"values":[0.3099,-0.9323,0.1864,0,0.9446,0.3242,0.0515,0,-0.1084,0.1601,0.9811,0,22.612,-1.921,6.6099,1]},
{"frame":10,"values":[0.3449,-0.9199,0.1866,0,0.9324,0.3587,0.0446,0,-0.1079,0.1586,0.9814,0,22.612,-1.921,6.6099,1]},
{"frame":11,"values":[0.3795,-0.9062,0.1867,0,0.9189,0.3926,0.0377,0,-0.1074,0.1572,0.9817,0,22.612,-1.921,6.6099,1]},
{"frame":12,"values":[0.4135,-0.8912,0.1864,0,0.9042,0.426,0.0308,0,-0.1069,0.1558,0.982,0,22.612,-1.921,6.6099,1]},
{"frame":13,"values":[0.447,-0.875,0.1859,0,0.8882,0.4588,0.0239,0,-0.1062,0.1544,0.9823,0,22.612,-1.921,6.6099,1]},
{"frame":14,"values":[0.4591,-0.8687,0.1859,0,0.882,0.4707,0.0214,0,-0.1061,0.1542,0.9823,0,22.612,-1.921,6.6099,1]}],"loopBehavior":1,"name":"anim","property":"_matrix"}},
{"name":"mixamorig:LeftHandIndex2","index":22,"matrix":[0.5334,-0.8437,0.0598,0,0.8445,0.5352,0.0178,0,-0.047,0.041,0.9981,0,6.1164,-1.1669,0.0451,1],"rest":[0.9994,0.0305,0.0153,0,-0.0305,0.9995,-0.0034,0,-0.0154,0.0029,0.9999,0,6.1164,-1.1669,0.0451,1],"parentBoneIndex":21,"length":6.0943
,"animation":{"dataType":3,"framePerSecond":24,"keys":[
{"frame":1,"values":[0.5334,-0.8437,0.0594,0,0.8445,0.5352,0.0178,0,-0.0468,0.0407,0.9981,0,6.1164,-1.1669,0.0451,1]},
{"frame":2,"values":[0.5225,-0.8505,0.0602,0,0.8513,0.5243,0.0182,0,-0.047,0.0418,0.998,0,6.1164,-1.1669,0.0451,1]},
{"frame":3,"values":[0.4954,-0.8665,0.0611,0,0.8674,0.4972,0.0185,0,-0.0464,0.0438,0.998,0,6.1164,-1.1669,0.0451,1]},
{"frame":4,"values":[0.4578,-0.8869,0.0619,0,0.8879,0.4596,0.0189,0,-0.0452,0.0463,0.9979,0,6.1164,-1.1669,0.0451,1]},
{"frame":5,"values":[0.4171,-0.9067,0.0628,0,0.9078,0.419,0.0193,0,-0.0438,0.0489,0.9978,0,6.1164,-1.1669,0.0451,1]},
{"frame":6,"values":[0.3811,-0.9224,0.0624,0,0.9236,0.3829,0.0197,0,-0.042,0.0501,0.9979,0,6.1164,-1.1669,0.0451,1]},
{"frame":7,"values":[0.3577,-0.9318,0.062,0,0.9329,0.3595,0.0201,0,-0.041,0.0507,0.9979,0,6.1164,-1.1669,0.0451,1]},
{"frame":8,"values":[0.3669,-0.9282,0.0616,0,0.9293,0.3687,0.0205,0,-0.0417,0.0498,0.9979,0,6.1164,-1.1669,0.0451,1]},
{"frame":9,"values":[0.376,-0.9246,0.0613,0,0.9256,0.3778,0.0208,0,-0.0424,0.0489,0.9979,0,6.1164,-1.1669,0.0451,1]},
{"frame":10,"values":[0.4159,-0.9074,0.0609,0,0.9083,0.4177,0.0212,0,-0.0447,0.0465,0.9979,0,6.1164,-1.1669,0.0451,1]},
{"frame":11,"values":[0.4549,-0.8885,0.0605,0,0.8893,0.4568,0.0216,0,-0.0469,0.044,0.9979,0,6.1164,-1.1669,0.0451,1]},
{"frame":12,"values":[0.4931,-0.8679,0.0602,0,0.8687,0.495,0.0203,0,-0.0474,0.0422,0.998,0,6.1164,-1.1669,0.0451,1]},
{"frame":13,"values":[0.5218,-0.851,0.0598,0,0.8517,0.5236,0.019,0,-0.0475,0.041,0.998,0,6.1164,-1.1669,0.0451,1]},
{"frame":14,"values":[0.5334,-0.8437,0.0598,0,0.8445,0.5352,0.0178,0,-0.047,0.041,0.9981,0,6.1164,-1.1669,0.0451,1]}],"loopBehavior":1,"name":"anim","property":"_matrix"}},
{"name":"mixamorig:LeftHandIndex3","index":23,"matrix":[0.6908,-0.7223,0.0337,0,0.7226,0.6913,0.0023,0,-0.025,0.0228,0.9994,0,5.9485,-1.3242,-0.0511,1],"rest":[0.999,0.0444,-0.0079,0,-0.0444,0.999,0.0023,0,0.008,-0.002,1,0,5.9485,-1.3242,-0.0511,1],"parentBoneIndex":22,"length":5.4826
,"animation":{"dataType":3,"framePerSecond":24,"keys":[
{"frame":1,"values":[0.6908,-0.7223,0.0331,0,0.7226,0.6912,0.002,0,-0.0244,0.0225,0.9994,0,5.9485,-1.3242,-0.0511,1]},
{"frame":2,"values":[0.6746,-0.7374,0.0332,0,0.7377,0.6751,0.0027,0,-0.0244,0.0226,0.9994,0,5.9485,-1.3242,-0.0511,1]},
{"frame":3,"values":[0.6581,-0.7522,0.0332,0,0.7525,0.6586,0.0034,0,-0.0245,0.0227,0.9994,0,5.9485,-1.3242,-0.0511,1]},
{"frame":4,"values":[0.629,-0.7767,0.0333,0,0.7771,0.6294,0.0041,0,-0.0242,0.0233,0.9994,0,5.9485,-1.3242,-0.0511,1]},
{"frame":5,"values":[0.5989,-0.8001,0.0334,0,0.8005,0.5994,0.0048,0,-0.0239,0.0238,0.9994,0,5.9485,-1.3242,-0.0511,1]},
{"frame":6,"values":[0.5679,-0.8224,0.0334,0,0.8227,0.5684,0.0055,0,-0.0235,0.0243,0.9994,0,5.9485,-1.3242,-0.0511,1]},
{"frame":7,"values":[0.5362,-0.8434,0.0334,0,0.8438,0.5367,0.0062,0,-0.0232,0.0248,0.9994,0,5.9485,-1.3242,-0.0511,1]},
{"frame":8,"values":[0.534,-0.8448,0.0335,0,0.8452,0.5345,0.0069,0,-0.0237,0.0246,0.9994,0,5.9485,-1.3242,-0.0511,1]},
{"frame":9,"values":[0.5527,-0.8327,0.0335,0,0.8331,0.5531,0.006,0,-0.0235,0.0246,0.9994,0,5.9485,-1.3242,-0.0511,1]},
{"frame":10,"values":[0.5883,-0.808,0.0336,0,0.8083,0.5887,0.0051,0,-0.0239,0.0242,0.9994,0,5.9485,-1.3242,-0.0511,1]},
{"frame":11,"values":[0.6228,-0.7817,0.0337,0,0.782,0.6232,0.0042,0,-0.0242,0.0237,0.9994,0,5.9485,-1.3242,-0.0511,1]},
{"frame":12,"values":[0.6561,-0.7539,0.0337,0,0.7543,0.6565,0.0032,0,-0.0246,0.0233,0.9994,0,5.9485,-1.3242,-0.0511,1]},
{"frame":13,"values":[0.6809,-0.7316,0.0337,0,0.732,0.6813,0.0023,0,-0.0247,0.0231,0.9994,0,5.9485,-1.3242,-0.0511,1]},
{"frame":14,"values":[0.6908,-0.7223,0.0337,0,0.7226,0.6913,0.0023,0,-0.025,0.0228,0.9994,0,5.9485,-1.3242,-0.0511,1]}],"loopBehavior":1,"name":"anim","property":"_matrix"}},
{"name":"mixamorig:LeftHandIndex4","index":24,"matrix":[1,0,0,0,0,1,0,0,0,0,1,0,5.2934,-1.4279,-0.0007,1],"rest":[1,0,0,0,0,1,0,0,0,0,1,0,5.2934,-1.4279,-0.0007,1],"parentBoneIndex":23,"length":5.4826
,"animation":{"dataType":3,"framePerSecond":24,"keys":[
{"frame":1,"values":[1,0,0,0,0,1,0,0,0,0,1,0,5.2934,-1.4279,-0.0007,1]},
{"frame":14,"values":[1,0,0,0,0,1,0,0,0,0,1,0,5.2934,-1.4279,-0.0007,1]}],"loopBehavior":1,"name":"anim","property":"_matrix"}},
{"name":"mixamorig:LeftHandRing1","index":25,"matrix":[0.3441,-0.9359,0.0748,0,0.9356,0.3485,0.0561,0,-0.0786,0.0507,0.9956,0,22.3355,-2.9472,-2.326,1],"rest":[0.9948,-0.0318,0.0967,0,0.0325,0.9995,-0.0063,0,-0.0964,0.0094,0.9953,0,22.3355,-2.9472,-2.326,1],"parentBoneIndex":12,"length":6.3219
,"animation":{"dataType":3,"framePerSecond":24,"keys":[
{"frame":1,"values":[0.3441,-0.9359,0.0749,0,0.9356,0.3485,0.0561,0,-0.0786,0.0507,0.9956,0,22.3355,-2.9472,-2.326,1]},
{"frame":2,"values":[0.332,-0.9403,0.0749,0,0.9399,0.3365,0.0581,0,-0.0799,0.0511,0.9955,0,22.3355,-2.9472,-2.326,1]},
{"frame":3,"values":[0.3022,-0.9503,0.0749,0,0.9499,0.3068,0.0601,0,-0.0801,0.0529,0.9954,0,22.3355,-2.9472,-2.326,1]},
{"frame":4,"values":[0.2611,-0.9624,0.0749,0,0.962,0.2658,0.0621,0,-0.0797,0.0558,0.9953,0,22.3355,-2.9472,-2.326,1]},
{"frame":5,"values":[0.2172,-0.9732,0.0748,0,0.9729,0.2221,0.0641,0,-0.079,0.0589,0.9951,0,22.3355,-2.9472,-2.326,1]},
{"frame":6,"values":[0.1787,-0.9811,0.0748,0,0.9808,0.1837,0.0661,0,-0.0786,0.0616,0.995,0,22.3355,-2.9472,-2.326,1]},
{"frame":7,"values":[0.1539,-0.9853,0.0748,0,0.9852,0.1588,0.0649,0,-0.0758,0.0637,0.9951,0,22.3355,-2.9472,-2.326,1]},
