{"producer":{"name":"Blender","version":"2.79 (sub 0)","exporter_version":"5.6.4","file":"moonwalk.babylon"},
"autoClear":true,"clearColor":[0.0509,0.0509,0.0509],"ambientColor":[0,0,0],"gravity":[0,-9.81,0],
"materials":[{"name":"moonwalk.Material","id":"moonwalk.Material","ambient":[0,0,0],"diffuse":[0,0,0],"specular":[0,0,0],"emissive":[0,0,0],"specularPower":50,"alpha":0.001,"backFaceCulling":true,"checkReadyOnlyOnce":false,"maxSimultaneousLights":4}],
"multiMaterials":[],
"skeletons":[{"name":"Armature","id":0,"dimensionsAtRest":[379.1952,391.6652,55.677],"bones":[
{"name":"mixamorig:Hips","index":0,"matrix":[0.9822,-0.104,-0.1566,0,0.076,0.9815,-0.1756,0,-0.172,-0.1605,-0.9719,0,2.9991,198.9438,0.223,1],"rest":[1,0,0,0,0,1,0,0,0,0,-1,0,0,201.6394,0,1],"parentBoneIndex":-1,"length":21.6784
,"animation":{"dataType":3,"framePerSecond":24,"keys":[
{"frame":1,"values":[0.9822,-0.104,-0.1566,0,0.076,0.9815,-0.1756,0,-0.172,-0.1605,-0.9719,0,2.9991,198.9438,0.223,1]},
{"frame":2,"values":[0.9782,-0.1027,-0.1804,0,0.0721,0.9831,-0.1684,0,-0.1946,-0.1518,-0.9691,0,3.0681,199.0117,-1.4839,1]},
{"frame":3,"values":[0.973,-0.1001,-0.2081,0,0.0706,0.9869,-0.1448,0,-0.2199,-0.1262,-0.9673,0,2.7195,198.7501,-3.0512,1]},
{"frame":4,"values":[0.9709,-0.0933,-0.2208,0,0.0705,0.9915,-0.109,0,-0.2291,-0.0902,-0.9692,0,2.0728,197.6936,-4.5195,1]},
{"frame":5,"values":[0.9767,-0.0789,-0.1994,0,0.0644,0.9949,-0.0781,0,-0.2045,-0.0635,-0.9768,0,1.7261,195.9794,-5.5321,1]},
{"frame":6,"values":[0.9857,-0.0638,-0.1562,0,0.0548,0.9966,-0.0613,0,-0.1596,-0.0519,-0.9858,0,1.9423,194.6588,-4.9141,1]},
{"frame":7,"values":[0.99,-0.0483,-0.1322,0,0.0414,0.9977,-0.0544,0,-0.1345,-0.0484,-0.9897,0,1.9222,194.2538,-2.1005,1]},
{"frame":8,"values":[0.9936,-0.0326,-0.1081,0,0.027,0.9983,-0.0521,0,-0.1096,-0.0488,-0.9928,0,1.0732,194.5886,0.3399,1]},
{"frame":9,"values":[0.9963,-0.0167,-0.0839,0,0.0127,0.9987,-0.0486,0,-0.0847,-0.0473,-0.9953,0,0.0207,195.2424,2.7803,1]},
{"frame":10,"values":[0.9982,-0.0009,-0.0597,0,-0.0018,0.999,-0.045,0,-0.0597,-0.0451,-0.9972,0,-0.4109,195.5886,5.2207,1]},
{"frame":11,"values":[0.9993,0.0151,-0.0355,0,-0.0166,0.999,-0.0414,0,-0.0349,-0.042,-0.9985,0,-0.2885,195.9348,4.2506,1]},
{"frame":12,"values":[0.9995,0.0311,-0.0113,0,-0.0316,0.9984,-0.0473,0,-0.0098,-0.0476,-0.9988,0,-0.2535,195.4774,3.2805,1]},
{"frame":13,"values":[0.9988,0.047,0.013,0,-0.0462,0.9975,-0.053,0,0.0155,-0.0524,-0.9985,0,-0.4528,195.0202,2.3104,1]},
{"frame":14,"values":[0.9973,0.063,0.0371,0,-0.0616,0.9973,-0.0392,0,0.0395,-0.0368,-0.9985,0,-0.6521,194.5629,1.3403,1]},
{"frame":15,"values":[0.995,0.0787,0.0615,0,-0.0772,0.9967,-0.0257,0,0.0633,-0.0208,-0.9978,0,-0.8515,194.1055,0.3701,1]},
{"frame":16,"values":[0.9946,0.0592,0.0857,0,-0.0583,0.9982,-0.0121,0,0.0862,-0.007,-0.9962,0,-1.0508,193.6482,-0.6,1]},
{"frame":17,"values":[0.9932,0.0393,0.1095,0,-0.0348,0.9985,-0.0426,0,0.111,-0.0385,-0.9931,0,-0.3959,193.1909,-1.5701,1]},
{"frame":18,"values":[0.9908,0.0202,0.1339,0,-0.0106,0.9973,-0.0724,0,0.135,-0.0704,-0.9883,0,0.259,192.7336,-2.5402,1]},
{"frame":19,"values":[0.9875,0.0009,0.1579,0,0.0155,0.9946,-0.1022,0,0.1572,-0.1034,-0.9822,0,0.9139,194.0575,-3.5103,1]},
{"frame":20,"values":[0.995,-0.0168,0.0987,0,0.0299,0.9908,-0.1321,0,0.0956,-0.1344,-0.9863,0,1.5689,195.3813,-1.9765,1]},
{"frame":21,"values":[0.9986,-0.0364,0.0397,0,0.0424,0.9857,-0.1628,0,0.0332,-0.1642,-0.9859,0,2.2238,196.7051,-0.4427,1]},
{"frame":22,"values":[0.9982,-0.0576,-0.0188,0,0.0529,0.9796,-0.194,0,-0.0296,-0.1926,-0.9808,0,2.8787,198.0289,1.091,1]},
{"frame":23,"values":[0.994,-0.0768,-0.0779,0,0.0611,0.9804,-0.1871,0,-0.0908,-0.1812,-0.9793,0,3.5337,199.3527,2.6248,1]},
{"frame":24,"values":[0.986,-0.0956,-0.1367,0,0.0702,0.9812,-0.1796,0,-0.1513,-0.1674,-0.9742,0,3.3027,199.2173,4.1586,1]},
{"frame":25,"values":[0.9822,-0.104,-0.1566,0,0.076,0.9815,-0.1756,0,-0.172,-0.1605,-0.9719,0,2.9991,198.9438,0.223,1]}],"loopBehavior":1,"name":"anim","property":"_matrix"}},
{"name":"mixamorig:Spine","index":1,"matrix":[0.9983,0.0416,-0.0406,0,-0.0361,0.991,0.1289,0,0.0456,-0.1272,0.9908,0,0.0062,19.525,-2.4818,1],"rest":[1,0,0,0,0,1,0,0,0,0,1,0,0.0062,19.525,-2.4818,1],"parentBoneIndex":0,"length":23.0091
,"animation":{"dataType":3,"framePerSecond":24,"keys":[
{"frame":1,"values":[0.9982,0.0433,-0.0416,0,-0.0379,0.9917,0.1226,0,0.0465,-0.1208,0.9916,0,0.0062,19.525,-2.4818,1]},
{"frame":2,"values":[0.9964,0.0392,-0.0749,0,-0.0311,0.9938,0.1069,0,0.0786,-0.1041,0.9915,0,0.0062,19.525,-2.4818,1]},
{"frame":3,"values":[0.9934,0.0368,-0.109,0,-0.0261,0.9948,0.0982,0,0.112,-0.0947,0.9892,0,0.0062,19.525,-2.4818,1]},
{"frame":4,"values":[0.9907,0.0377,-0.131,0,-0.0255,0.9953,0.0939,0,0.134,-0.0897,0.9869,0,0.0062,19.525,-2.4818,1]},
{"frame":5,"values":[0.9906,0.0399,-0.1309,0,-0.0277,0.9952,0.0939,0,0.134,-0.0893,0.9869,0,0.0062,19.525,-2.4818,1]},
{"frame":6,"values":[0.9927,0.0366,-0.1151,0,-0.0244,0.9941,0.1055,0,0.1183,-0.1019,0.9877,0,0.0062,19.525,-2.4818,1]},
{"frame":7,"values":[0.9955,0.0231,-0.0921,0,-0.0109,0.9913,0.1313,0,0.0943,-0.1297,0.9871,0,0.0062,19.525,-2.4818,1]},
{"frame":8,"values":[0.9976,0.0032,-0.0689,0,0.0081,0.9867,0.1621,0,0.0685,-0.1623,0.9844,0,0.0062,19.525,-2.4818,1]},
{"frame":9,"values":[0.9989,-0.009,-0.0458,0,0.0175,0.982,0.1881,0,0.0432,-0.1887,0.9811,0,0.0062,19.525,-2.4818,1]},
{"frame":10,"values":[0.9995,-0.0211,-0.0225,0,0.0252,0.9791,0.2019,0,0.0178,-0.2024,0.9792,0,0.0062,19.525,-2.4818,1]},
{"frame":11,"values":[0.9994,-0.0334,0.0006,0,0.0325,0.9759,0.2158,0,-0.0078,-0.2157,0.9764,0,0.0062,19.525,-2.4818,1]},
{"frame":12,"values":[0.9987,-0.0456,0.0238,0,0.0395,0.9761,0.2139,0,-0.033,-0.2127,0.9766,0,0.0062,19.525,-2.4818,1]},
{"frame":13,"values":[0.9972,-0.0578,0.047,0,0.0465,0.9761,0.2122,0,-0.0581,-0.2094,0.9761,0,0.0062,19.525,-2.4818,1]},
{"frame":14,"values":[0.9951,-0.0694,0.0704,0,0.0518,0.9724,0.2275,0,-0.0842,-0.2228,0.9712,0,0.0062,19.525,-2.4818,1]},
{"frame":15,"values":[0.9923,-0.0814,0.0935,0,0.0565,0.9684,0.243,0,-0.1103,-0.2358,0.9655,0,0.0062,19.525,-2.4818,1]},
{"frame":16,"values":[0.9888,-0.0937,0.1164,0,0.0609,0.9641,0.2585,0,-0.1364,-0.2485,0.959,0,0.0062,19.525,-2.4818,1]},
{"frame":17,"values":[0.9883,-0.0595,0.1405,0,0.0265,0.9738,0.2259,0,-0.1503,-0.2195,0.964,0,0.0062,19.525,-2.4818,1]},
{"frame":18,"values":[0.9862,-0.0244,0.1635,0,-0.0076,0.9813,0.1922,0,-0.1651,-0.1908,0.9676,0,0.0062,19.525,-2.4818,1]},
{"frame":19,"values":[0.9826,0.0113,0.1852,0,-0.041,0.9866,0.1577,0,-0.1809,-0.1625,0.97,0,0.0062,19.525,-2.4818,1]},
{"frame":20,"values":[0.9885,0.0471,0.144,0,-0.0653,0.9901,0.1246,0,-0.1367,-0.1325,0.9817,0,0.0062,19.525,-2.4818,1]},
{"frame":21,"values":[0.9915,0.0816,0.1014,0,-0.091,0.9916,0.0924,0,-0.093,-0.1009,0.9905,0,0.0062,19.525,-2.4818,1]},
{"frame":22,"values":[0.996,0.0671,0.0594,0,-0.0731,0.9916,0.1063,0,-0.0518,-0.1103,0.9926,0,0.0062,19.525,-2.4818,1]},
{"frame":23,"values":[0.9985,0.053,0.0171,0,-0.0546,0.9913,0.1195,0,-0.0106,-0.1203,0.9927,0,0.0062,19.525,-2.4818,1]},
{"frame":24,"values":[0.9989,0.0393,-0.0254,0,-0.0356,0.9906,0.1318,0,0.0303,-0.1308,0.9909,0,0.0062,19.525,-2.4818,1]},
{"frame":25,"values":[0.9983,0.0416,-0.0406,0,-0.0361,0.991,0.1289,0,0.0456,-0.1272,0.9908,0,0.0062,19.525,-2.4818,1]}],"loopBehavior":1,"name":"anim","property":"_matrix"}},
{"name":"mixamorig:Spine1","index":2,"matrix":[0.9996,-0.0266,-0.0068,0,0.0266,0.9996,0.0025,0,0.0067,-0.0027,1,0,-0.0009,22.835,-2.8254,1],"rest":[1,0,0,0,0,1,0,0,0,0,1,0,-0.0009,22.835,-2.8254,1],"parentBoneIndex":1,"length":26.7438
,"animation":{"dataType":3,"framePerSecond":24,"keys":[
{"frame":1,"values":[0.9998,-0.0186,-0.0069,0,0.0186,0.9998,0.0022,0,0.0069,-0.0023,1,0,-0.0009,22.835,-2.8254,1]},
{"frame":2,"values":[0.9997,-0.0196,-0.0118,0,0.0196,0.9998,-0.0009,0,0.0118,0.0007,0.9999,0,-0.0009,22.835,-2.8254,1]},
{"frame":3,"values":[0.9996,-0.0207,-0.017,0,0.0206,0.9998,-0.0034,0,0.0171,0.003,0.9998,0,-0.0009,22.835,-2.8254,1]},
{"frame":4,"values":[0.9996,-0.0217,-0.0204,0,0.0216,0.9998,-0.0038,0,0.0205,0.0034,0.9998,0,-0.0009,22.835,-2.8254,1]},
{"frame":5,"values":[0.9995,-0.0227,-0.0205,0,0.0227,0.9997,-0.003,0,0.0206,0.0025,0.9998,0,-0.0009,22.835,-2.8254,1]},
{"frame":6,"values":[0.9996,-0.0238,-0.0182,0,0.0237,0.9997,-0.0034,0,0.0183,0.003,0.9998,0,-0.0009,22.835,-2.8254,1]},
{"frame":7,"values":[0.9996,-0.0248,-0.0148,0,0.0247,0.9997,-0.0064,0,0.0149,0.006,0.9999,0,-0.0009,22.835,-2.8254,1]},
{"frame":8,"values":[0.9996,-0.0259,-0.0113,0,0.0258,0.9996,-0.0096,0,0.0116,0.0093,0.9999,0,-0.0009,22.835,-2.8254,1]},
{"frame":9,"values":[0.9996,-0.0259,-0.0079,0,0.0259,0.9996,-0.0101,0,0.0081,0.0099,0.9999,0,-0.0009,22.835,-2.8254,1]},
{"frame":10,"values":[0.9997,-0.026,-0.0044,0,0.026,0.9996,-0.0079,0,0.0046,0.0078,1,0,-0.0009,22.835,-2.8254,1]},
{"frame":11,"values":[0.9997,-0.0261,-0.001,0,0.0261,0.9996,-0.0067,0,0.0012,0.0066,1,0,-0.0009,22.835,-2.8254,1]},
{"frame":12,"values":[0.9997,-0.0262,0.0025,0,0.0262,0.9996,-0.0054,0,-0.0023,0.0055,1,0,-0.0009,22.835,-2.8254,1]},
{"frame":13,"values":[0.9996,-0.0263,0.0059,0,0.0263,0.9996,-0.0078,0,-0.0057,0.008,1,0,-0.0009,22.835,-2.8254,1]},
{"frame":14,"values":[0.9996,-0.0264,0.0094,0,0.0265,0.9996,-0.0103,0,-0.0091,0.0105,0.9999,0,-0.0009,22.835,-2.8254,1]},
{"frame":15,"values":[0.9996,-0.0264,0.0128,0,0.0265,0.9996,-0.0059,0,-0.0126,0.0062,0.9999,0,-0.0009,22.835,-2.8254,1]},
{"frame":16,"values":[0.9995,-0.0265,0.0163,0,0.0265,0.9996,-0.0015,0,-0.0162,0.002,0.9999,0,-0.0009,22.835,-2.8254,1]},
{"frame":17,"values":[0.9995,-0.0266,0.0197,0,0.0266,0.9996,0.0028,0,-0.0198,-0.0023,0.9998,0,-0.0009,22.835,-2.8254,1]},
{"frame":18,"values":[0.9994,-0.0266,0.0231,0,0.0264,0.9996,0.0072,0,-0.0233,-0.0066,0.9997,0,-0.0009,22.835,-2.8254,1]},
{"frame":19,"values":[0.9993,-0.0266,0.0266,0,0.0263,0.9996,0.0115,0,-0.0269,-0.0108,0.9996,0,-0.0009,22.835,-2.8254,1]},
{"frame":20,"values":[0.9994,-0.0266,0.0204,0,0.0263,0.9995,0.0159,0,-0.0208,-0.0154,0.9997,0,-0.0009,22.835,-2.8254,1]},
{"frame":21,"values":[0.9995,-0.0266,0.0141,0,0.0264,0.9996,0.0127,0,-0.0145,-0.0123,0.9998,0,-0.0009,22.835,-2.8254,1]},
{"frame":22,"values":[0.9996,-0.0266,0.0079,0,0.0265,0.9996,0.0095,0,-0.0082,-0.0093,0.9999,0,-0.0009,22.835,-2.8254,1]},
{"frame":23,"values":[0.9996,-0.0266,0.0017,0,0.0266,0.9996,0.0063,0,-0.0018,-0.0063,1,0,-0.0009,22.835,-2.8254,1]},
{"frame":24,"values":[0.9996,-0.0266,-0.0046,0,0.0266,0.9996,0.0031,0,0.0045,-0.0032,1,0,-0.0009,22.835,-2.8254,1]},
{"frame":25,"values":[0.9996,-0.0266,-0.0068,0,0.0266,0.9996,0.0025,0,0.0067,-0.0027,1,0,-0.0009,22.835,-2.8254,1]}],"loopBehavior":1,"name":"anim","property":"_matrix"}},
{"name":"mixamorig:Spine2","index":3,"matrix":[0.9996,-0.026,-0.0065,0,0.026,0.9997,0.0027,0,0.0065,-0.0028,1,0,-0.0206,26.5525,-3.1933,1],"rest":[1,0,0,0,0,1,0,0,0,0,1,0,-0.0206,26.5525,-3.1933,1],"parentBoneIndex":2,"length":24.825
,"animation":{"dataType":3,"framePerSecond":24,"keys":[
{"frame":1,"values":[0.9998,-0.0187,-0.0067,0,0.0187,0.9998,0.0023,0,0.0066,-0.0024,1,0,-0.0206,26.5525,-3.1933,1]},
{"frame":2,"values":[0.9997,-0.0197,-0.0116,0,0.0197,0.9998,-0.0008,0,0.0117,0.0005,0.9999,0,-0.0206,26.5525,-3.1933,1]},
{"frame":3,"values":[0.9996,-0.0208,-0.0169,0,0.0208,0.9998,-0.0031,0,0.017,0.0028,0.9999,0,-0.0206,26.5525,-3.1933,1]},
{"frame":4,"values":[0.9996,-0.0219,-0.0204,0,0.0218,0.9998,-0.0035,0,0.0204,0.0031,0.9998,0,-0.0206,26.5525,-3.1933,1]},
{"frame":5,"values":[0.9995,-0.023,-0.0204,0,0.0229,0.9997,-0.0027,0,0.0205,0.0022,0.9998,0,-0.0206,26.5525,-3.1933,1]},
{"frame":6,"values":[0.9995,-0.0241,-0.018,0,0.024,0.9997,-0.0032,0,0.0181,0.0027,0.9998,0,-0.0206,26.5525,-3.1933,1]},
{"frame":7,"values":[0.9996,-0.0251,-0.0146,0,0.0251,0.9997,-0.0061,0,0.0147,0.0057,0.9999,0,-0.0206,26.5525,-3.1933,1]},
{"frame":8,"values":[0.9996,-0.0262,-0.0111,0,0.0261,0.9996,-0.0093,0,0.0113,0.009,0.9999,0,-0.0206,26.5525,-3.1933,1]},
{"frame":9,"values":[0.9996,-0.0262,-0.0076,0,0.0261,0.9996,-0.0099,0,0.0079,0.0097,0.9999,0,-0.0206,26.5525,-3.1933,1]},
{"frame":10,"values":[0.9996,-0.0262,-0.0042,0,0.0261,0.9996,-0.0078,0,0.0044,0.0076,1,0,-0.0206,26.5525,-3.1933,1]},
{"frame":11,"values":[0.9997,-0.0261,-0.0007,0,0.0261,0.9996,-0.0066,0,0.0008,0.0065,1,0,-0.0206,26.5525,-3.1933,1]},
{"frame":12,"values":[0.9997,-0.0261,0.0028,0,0.0261,0.9996,-0.0054,0,-0.0027,0.0054,1,0,-0.0206,26.5525,-3.1933,1]},
{"frame":13,"values":[0.9996,-0.0261,0.0063,0,0.0262,0.9996,-0.0079,0,-0.0061,0.008,0.9999,0,-0.0206,26.5525,-3.1933,1]},
{"frame":14,"values":[0.9996,-0.0261,0.0097,0,0.0262,0.9996,-0.0104,0,-0.0095,0.0107,0.9999,0,-0.0206,26.5525,-3.1933,1]},
{"frame":15,"values":[0.9996,-0.026,0.0132,0,0.0261,0.9996,-0.0062,0,-0.0131,0.0065,0.9999,0,-0.0206,26.5525,-3.1933,1]},
{"frame":16,"values":[0.9995,-0.026,0.0167,0,0.026,0.9997,-0.0019,0,-0.0166,0.0023,0.9999,0,-0.0206,26.5525,-3.1933,1]},
{"frame":17,"values":[0.9995,-0.026,0.0202,0,0.0259,0.9997,0.0024,0,-0.0202,-0.0018,0.9998,0,-0.0206,26.5525,-3.1933,1]},
{"frame":18,"values":[0.9994,-0.026,0.0236,0,0.0258,0.9996,0.0066,0,-0.0238,-0.006,0.9997,0,-0.0206,26.5525,-3.1933,1]},
{"frame":19,"values":[0.9993,-0.026,0.0271,0,0.0257,0.9996,0.0109,0,-0.0274,-0.0102,0.9996,0,-0.0206,26.5525,-3.1933,1]},
{"frame":20,"values":[0.9994,-0.026,0.0208,0,0.0257,0.9996,0.0151,0,-0.0212,-0.0146,0.9997,0,-0.0206,26.5525,-3.1933,1]},
{"frame":21,"values":[0.9996,-0.026,0.0146,0,0.0258,0.9996,0.0122,0,-0.0149,-0.0118,0.9998,0,-0.0206,26.5525,-3.1933,1]},
{"frame":22,"values":[0.9996,-0.026,0.0083,0,0.0259,0.9996,0.0092,0,-0.0085,-0.009,0.9999,0,-0.0206,26.5525,-3.1933,1]},
{"frame":23,"values":[0.9997,-0.026,0.002,0,0.0259,0.9996,0.0062,0,-0.0022,-0.0061,1,0,-0.0206,26.5525,-3.1933,1]},
{"frame":24,"values":[0.9997,-0.026,-0.0043,0,0.026,0.9997,0.0032,0,0.0042,-0.0033,1,0,-0.0206,26.5525,-3.1933,1]},
{"frame":25,"values":[0.9996,-0.026,-0.0065,0,0.026,0.9997,0.0027,0,0.0065,-0.0028,1,0,-0.0206,26.5525,-3.1933,1]}],"loopBehavior":1,"name":"anim","property":"_matrix"}},
{"name":"mixamorig:Neck","index":4,"matrix":[0.9983,0.0577,0.0028,0,-0.0578,0.9981,0.0225,0,-0.0015,-0.0227,0.9997,0,-0.06,30.7018,1.3522,1],"rest":[1,0,0,0,0,1,0,0,0,0,1,0,-0.06,30.7018,1.3522,1],"parentBoneIndex":3,"length":22.8446
,"animation":{"dataType":3,"framePerSecond":24,"keys":[
{"frame":1,"values":[0.9984,0.0571,0.0026,0,-0.0572,0.998,0.0278,0,-0.001,-0.0279,0.9996,0,-0.06,30.7018,1.3522,1]},
{"frame":2,"values":[0.9984,0.057,0.0033,0,-0.0571,0.9979,0.0292,0,-0.0016,-0.0293,0.9996,0,-0.06,30.7018,1.3522,1]},
{"frame":3,"values":[0.9984,0.0561,0.0039,0,-0.0562,0.9975,0.0425,0,-0.0015,-0.0427,0.9991,0,-0.06,30.7019,1.3522,1]},
{"frame":4,"values":[0.9988,0.0498,0.0046,0,-0.0499,0.9968,0.0619,0,-0.0015,-0.0621,0.9981,0,-0.06,30.7018,1.3522,1]},
{"frame":5,"values":[0.9992,0.0398,0.0052,0,-0.0401,0.9966,0.072,0,-0.0023,-0.0721,0.9974,0,-0.06,30.7018,1.3522,1]},
{"frame":6,"values":[0.9994,0.0337,0.0058,0,-0.034,0.9972,0.0668,0,-0.0036,-0.067,0.9977,0,-0.06,30.7018,1.3522,1]},
{"frame":7,"values":[0.9994,0.0343,0.0065,0,-0.0346,0.9977,0.0584,0,-0.0045,-0.0586,0.9983,0,-0.06,30.7018,1.3522,1]},
{"frame":8,"values":[0.9993,0.0365,0.0071,0,-0.0368,0.9977,0.0574,0,-0.005,-0.0576,0.9983,0,-0.06,30.7018,1.3522,1]},
{"frame":9,"values":[0.9993,0.0362,0.0078,0,-0.0365,0.9982,0.0486,0,-0.006,-0.0488,0.9988,0,-0.06,30.7018,1.3522,1]},
{"frame":10,"values":[0.9994,0.0346,0.0084,0,-0.0349,0.9986,0.0397,0,-0.007,-0.0399,0.9992,0,-0.06,30.7018,1.3522,1]},
{"frame":11,"values":[0.9994,0.034,0.0091,0,-0.0343,0.9989,0.0308,0,-0.008,-0.0311,0.9995,0,-0.06,30.7018,1.3522,1]},
{"frame":12,"values":[0.9992,0.0382,0.0082,0,-0.0384,0.999,0.0219,0,-0.0073,-0.0222,0.9997,0,-0.06,30.7018,1.3522,1]},
{"frame":13,"values":[0.9991,0.0423,0.0073,0,-0.0425,0.9986,0.0322,0,-0.0059,-0.0325,0.9995,0,-0.06,30.7018,1.3522,1]},
{"frame":14,"values":[0.9989,0.0465,0.0064,0,-0.0467,0.998,0.0425,0,-0.0044,-0.0427,0.9991,0,-0.06,30.7018,1.3522,1]},
{"frame":15,"values":[0.9987,0.0506,0.0055,0,-0.0508,0.998,0.0379,0,-0.0036,-0.0381,0.9993,0,-0.06,30.7018,1.3522,1]},
{"frame":16,"values":[0.999,0.0452,0.0046,0,-0.0453,0.9984,0.0333,0,-0.0031,-0.0335,0.9994,0,-0.06,30.7018,1.3522,1]},
{"frame":17,"values":[0.9992,0.0398,0.0037,0,-0.0399,0.9988,0.0287,0,-0.0025,-0.0288,0.9996,0,-0.06,30.7018,1.3522,1]},
{"frame":18,"values":[0.9994,0.0344,0.0028,0,-0.0345,0.9991,0.0241,0,-0.002,-0.0242,0.9997,0,-0.06,30.7018,1.3522,1]},
{"frame":19,"values":[0.999,0.0441,0.0029,0,-0.0442,0.9988,0.0195,0,-0.002,-0.0196,0.9998,0,-0.06,30.7018,1.3522,1]},
{"frame":20,"values":[0.9985,0.0538,0.0029,0,-0.0539,0.9984,0.0149,0,-0.0021,-0.015,0.9999,0,-0.06,30.7018,1.3522,1]},
{"frame":21,"values":[0.998,0.0635,0.0028,0,-0.0635,0.9979,0.0103,0,-0.0022,-0.0104,0.9999,0,-0.06,30.7018,1.3522,1]},
{"frame":22,"values":[0.9973,0.0732,0.0028,0,-0.0732,0.9972,0.0131,0,-0.0018,-0.0133,0.9999,0,-0.06,30.7018,1.3522,1]},
{"frame":23,"values":[0.9977,0.068,0.0028,0,-0.068,0.9976,0.0159,0,-0.0017,-0.0161,0.9999,0,-0.06,30.7018,1.3522,1]},
{"frame":24,"values":[0.998,0.0627,0.0028,0,-0.0628,0.9979,0.0187,0,-0.0016,-0.0189,0.9998,0,-0.06,30.7018,1.3522,1]},
{"frame":25,"values":[0.9983,0.0577,0.0028,0,-0.0578,0.9981,0.0225,0,-0.0015,-0.0227,0.9997,0,-0.06,30.7018,1.3522,1]}],"loopBehavior":1,"name":"anim","property":"_matrix"}},
{"name":"mixamorig:Head","index":5,"matrix":[0.9972,-0.0197,-0.0717,0,0.0193,0.9998,-0.0059,0,0.0718,0.0045,0.9974,0,-0.0872,22.5476,3.6709,1],"rest":[1,0,0,0,0,1,0,0,0,0,1,0,-0.0872,22.5476,3.6709,1],"parentBoneIndex":4,"length":30.5923
,"animation":{"dataType":3,"framePerSecond":24,"keys":[
{"frame":1,"values":[0.9972,-0.0213,-0.0722,0,0.0205,0.9997,-0.0116,0,0.0724,0.0101,0.9973,0,-0.0872,22.5476,3.6709,1]},
{"frame":2,"values":[0.9981,-0.0139,-0.06,0,0.0137,0.9999,-0.0037,0,0.0601,0.0029,0.9982,0,-0.0872,22.5476,3.6709,1]},
{"frame":3,"values":[0.9985,-0.0103,-0.053,0,0.0113,0.9998,0.0186,0,0.0528,-0.0192,0.9984,0,-0.0872,22.5476,3.6709,1]},
{"frame":4,"values":[0.9988,-0.015,-0.0455,0,0.0174,0.9985,0.052,0,0.0447,-0.0527,0.9976,0,-0.0872,22.5476,3.6709,1]},
{"frame":5,"values":[0.9991,-0.0254,-0.0349,0,0.0282,0.9962,0.0819,0,0.0327,-0.0828,0.996,0,-0.0872,22.5476,3.6709,1]},
{"frame":6,"values":[0.9993,-0.0311,-0.0225,0,0.0331,0.9947,0.0969,0,0.0194,-0.0976,0.995,0,-0.0872,22.5476,3.6709,1]},
{"frame":7,"values":[0.9996,-0.0259,-0.01,0,0.0268,0.995,0.096,0,0.0074,-0.0963,0.9953,0,-0.0872,22.5476,3.6709,1]},
{"frame":8,"values":[0.9998,-0.0167,-0.0049,0,0.0171,0.9963,0.084,0,0.0035,-0.0841,0.9965,0,-0.0872,22.5476,3.6709,1]},
{"frame":9,"values":[0.9999,-0.0121,0.0002,0,0.0121,0.9973,0.0719,0,-0.001,-0.0719,0.9974,0,-0.0872,22.5477,3.6709,1]},
{"frame":10,"values":[1,-0.0068,-0.0033,0,0.0069,0.9982,0.0599,0,0.0028,-0.0599,0.9982,0,-0.0872,22.5476,3.6709,1]},
{"frame":11,"values":[1,-0.0014,-0.0067,0,0.0017,0.9989,0.0478,0,0.0067,-0.0478,0.9988,0,-0.0872,22.5476,3.6709,1]},
{"frame":12,"values":[1,0.004,0.0061,0,-0.0044,0.9984,0.0564,0,-0.0059,-0.0565,0.9984,0,-0.0872,22.5476,3.6709,1]},
{"frame":13,"values":[0.9998,0.0094,0.019,0,-0.0106,0.9978,0.065,0,-0.0183,-0.0651,0.9977,0,-0.0872,22.5476,3.6709,1]},
{"frame":14,"values":[0.9994,0.0146,0.0319,0,-0.0169,0.9972,0.0734,0,-0.0307,-0.0739,0.9968,0,-0.0872,22.5476,3.6709,1]},
{"frame":15,"values":[0.9997,0.0082,0.0216,0,-0.0096,0.9978,0.0661,0,-0.021,-0.0663,0.9976,0,-0.0872,22.5477,3.6709,1]},
{"frame":16,"values":[0.9999,0.0017,0.0113,0,-0.0024,0.9983,0.0587,0,-0.0112,-0.0588,0.9982,0,-0.0872,22.5476,3.6709,1]},
{"frame":17,"values":[1,-0.0049,0.0011,0,0.0048,0.9987,0.0513,0,-0.0013,-0.0513,0.9987,0,-0.0872,22.5477,3.6709,1]},
{"frame":18,"values":[0.9999,-0.0115,-0.0091,0,0.0119,0.999,0.0438,0,0.0086,-0.0439,0.999,0,-0.0872,22.5476,3.6709,1]},
{"frame":19,"values":[0.9996,-0.0182,-0.0192,0,0.0189,0.9992,0.0362,0,0.0185,-0.0365,0.9992,0,-0.0872,22.5476,3.6709,1]},
{"frame":20,"values":[0.9995,-0.0142,-0.0294,0,0.015,0.9995,0.0287,0,0.029,-0.0291,0.9992,0,-0.0872,22.5476,3.6709,1]},
{"frame":21,"values":[0.9992,-0.0102,-0.0396,0,0.011,0.9997,0.0212,0,0.0394,-0.0216,0.999,0,-0.0872,22.5476,3.6709,1]},
{"frame":22,"values":[0.9987,-0.0063,-0.0498,0,0.007,0.9999,0.0138,0,0.0497,-0.0141,0.9987,0,-0.0872,22.5476,3.6709,1]},
{"frame":23,"values":[0.9981,-0.0114,-0.0601,0,0.0118,0.9999,0.0064,0,0.06,-0.0071,0.9982,0,-0.0872,22.5477,3.6709,1]},
{"frame":24,"values":[0.9974,-0.0167,-0.0702,0,0.0166,0.9999,-0.0011,0,0.0702,-0.0001,0.9975,0,-0.0872,22.5476,3.6709,1]},
{"frame":25,"values":[0.9972,-0.0197,-0.0717,0,0.0193,0.9998,-0.0059,0,0.0718,0.0045,0.9974,0,-0.0872,22.5476,3.6709,1]}],"loopBehavior":1,"name":"anim","property":"_matrix"}},
{"name":"mixamorig:HeadTop_End","index":6,"matrix":[1,0,0,0,0,1,0,0,0,0,1,0,-0.8306,40.3552,7.8935,1],"rest":[1,0,0,0,0,1,0,0,0,0,1,0,-0.8306,40.3552,7.8935,1],"parentBoneIndex":5,"length":30.5923
,"animation":{"dataType":3,"framePerSecond":24,"keys":[
{"frame":1,"values":[1,0,0,0,0,1,0,0,0,0,1,0,-0.8306,40.3552,7.8935,1]},
{"frame":13,"values":[1,0,0,0,0,1,0,0,0,0,1,0,-0.8306,40.3553,7.8935,1]},
{"frame":14,"values":[1,0,0,0,0,1,0,0,0,0,1,0,-0.8306,40.3552,7.8935,1]},
{"frame":25,"values":[1,0,0,0,0,1,0,0,0,0,1,0,-0.8306,40.3552,7.8935,1]}],"loopBehavior":1,"name":"anim","property":"_matrix"}},
{"name":"mixamorig:RightEye","index":7,"matrix":[1,0,0,0,0,1,0,0,0,0,1,0,-6.3021,18.1186,16.1971,1],"rest":[1,0,0,0,0,1,0,0,0,0,1,0,-6.3021,18.1186,16.1971,1],"parentBoneIndex":5,"length":30.5923
,"animation":{"dataType":3,"framePerSecond":24,"keys":[
{"frame":1,"values":[1,0,0,0,0,1,0,0,0,0,1,0,-6.3021,18.1186,16.1971,1]},
{"frame":10,"values":[1,0,0,0,0,1,0,0,0,0,1,0,-6.3021,18.1187,16.1971,1]},
{"frame":11,"values":[1,0,0,0,0,1,0,0,0,0,1,0,-6.3021,18.1186,16.1971,1]},
{"frame":23,"values":[1,0,0,0,0,1,0,0,0,0,1,0,-6.3021,18.1187,16.1971,1]},
{"frame":24,"values":[1,0,0,0,0,1,0,0,0,0,1,0,-6.3021,18.1186,16.1971,1]},
{"frame":25,"values":[1,0,0,0,0,1,0,0,0,0,1,0,-6.3021,18.1186,16.1971,1]}],"loopBehavior":1,"name":"anim","property":"_matrix"}},
{"name":"mixamorig:LeftEye","index":8,"matrix":[1,0,0,0,0,1,0,0,0,0,1,0,6.7415,18.3827,16.4019,1],"rest":[1,0,0,0,0,1,0,0,0,0,1,0,6.7415,18.3827,16.4019,1],"parentBoneIndex":5,"length":30.5923
,"animation":{"dataType":3,"framePerSecond":24,"keys":[
{"frame":1,"values":[1,0,0,0,0,1,0,0,0,0,1,0,6.7415,18.3827,16.4019,1]},
{"frame":10,"values":[1,0,0,0,0,1,0,0,0,0,1,0,6.7415,18.3828,16.4019,1]},
{"frame":11,"values":[1,0,0,0,0,1,0,0,0,0,1,0,6.7415,18.3827,16.4019,1]},
{"frame":13,"values":[1,0,0,0,0,1,0,0,0,0,1,0,6.7415,18.3828,16.4019,1]},
{"frame":14,"values":[1,0,0,0,0,1,0,0,0,0,1,0,6.7415,18.3827,16.4019,1]},
{"frame":25,"values":[1,0,0,0,0,1,0,0,0,0,1,0,6.7415,18.3827,16.4019,1]}],"loopBehavior":1,"name":"anim","property":"_matrix"}},
{"name":"mixamorig:LeftShoulder","index":9,"matrix":[0.9978,0.0455,-0.0488,0,-0.0455,0.999,0.0012,0,0.0488,0.001,0.9988,0,11.9249,18.2305,1.4254,1],"rest":[1,0.0062,0,0,-0.0062,1,0,0,0,0,1,0,11.9249,18.2305,1.4254,1],"parentBoneIndex":3,"length":25.9773
,"animation":{"dataType":3,"framePerSecond":24,"keys":[
{"frame":1,"values":[0.998,0.048,-0.0417,0,-0.048,0.9988,0.0018,0,0.0418,0.0002,0.9991,0,11.9249,18.2305,1.4254,1]},
{"frame":2,"values":[0.9969,0.0578,-0.0533,0,-0.0578,0.9983,0.0016,0,0.0533,0.0015,0.9986,0,11.9249,18.2305,1.4254,1]},
{"frame":3,"values":[0.9961,0.0602,-0.0647,0,-0.0602,0.9982,0.0009,0,0.0647,0.003,0.9979,0,11.9249,18.2305,1.4254,1]},
{"frame":4,"values":[0.9962,0.0457,-0.0743,0,-0.0459,0.9989,-0.0003,0,0.0742,0.0037,0.9972,0,11.9249,18.2305,1.4254,1]},
{"frame":5,"values":[0.9959,0.0223,-0.0877,0,-0.0226,0.9997,-0.0019,0,0.0876,0.0039,0.9961,0,11.9249,18.2305,1.4254,1]},
{"frame":6,"values":[0.9942,0.0131,-0.1066,0,-0.0136,0.9999,-0.0038,0,0.1065,0.0053,0.9943,0,11.9249,18.2305,1.4254,1]},
{"frame":7,"values":[0.9937,0.0198,-0.1103,0,-0.0201,0.9998,-0.0012,0,0.1103,0.0034,0.9939,0,11.9249,18.2305,1.4254,1]},
{"frame":8,"values":[0.997,0.0126,-0.0769,0,-0.0125,0.9999,0.0014,0,0.0769,-0.0005,0.997,0,11.9249,18.2305,1.4254,1]},
{"frame":9,"values":[0.9992,-0.0209,-0.0332,0,0.021,0.9998,0.0041,0,0.0331,-0.0048,0.9994,0,11.9249,18.2305,1.4254,1]},
{"frame":10,"values":[0.9977,-0.0497,-0.0469,0,0.05,0.9987,0.0048,0,0.0466,-0.0071,0.9989,0,11.9249,18.2305,1.4254,1]},
{"frame":11,"values":[0.9951,-0.0785,-0.0607,0,0.0789,0.9969,0.0051,0,0.0601,-0.0099,0.9981,0,11.9249,18.2305,1.4254,1]},
{"frame":12,"values":[0.9932,-0.1073,-0.0461,0,0.1076,0.9942,0.0052,0,0.0452,-0.0101,0.9989,0,11.9249,18.2305,1.4254,1]},
{"frame":13,"values":[0.9902,-0.136,-0.0314,0,0.1363,0.9907,0.0057,0,0.0304,-0.0099,0.9995,0,11.9249,18.2305,1.4254,1]},
{"frame":14,"values":[0.9862,-0.1646,-0.0168,0,0.1648,0.9863,0.0066,0,0.0155,-0.0093,0.9998,0,11.9249,18.2305,1.4254,1]},
{"frame":15,"values":[0.9832,-0.1825,-0.0022,0,0.1826,0.9832,0.007,0,0.0009,-0.0073,1,0,11.9249,18.2305,1.4254,1]},
{"frame":16,"values":[0.9796,-0.2004,0.0124,0,0.2003,0.9797,0.0076,0,-0.0137,-0.005,0.9999,0,11.9249,18.2305,1.4254,1]},
{"frame":17,"values":[0.9748,-0.2214,0.027,0,0.2212,0.9752,0.0081,0,-0.0281,-0.0019,0.9996,0,11.9249,18.2305,1.4254,1]},
{"frame":18,"values":[0.97,-0.2424,0.0189,0,0.2422,0.9702,0.0086,0,-0.0204,-0.0038,0.9998,0,11.9249,18.2305,1.4254,1]},
{"frame":19,"values":[0.9811,-0.1931,0.0107,0,0.193,0.9812,0.0087,0,-0.0122,-0.0065,0.9999,0,11.9249,18.2305,1.4254,1]},
{"frame":20,"values":[0.9897,-0.1433,0.0026,0,0.1433,0.9896,0.0092,0,-0.0039,-0.0087,1,0,11.9249,18.2305,1.4254,1]},
{"frame":21,"values":[0.9956,-0.0931,-0.0056,0,0.0932,0.9956,0.0101,0,0.0046,-0.0106,0.9999,0,11.9249,18.2305,1.4254,1]},
{"frame":22,"values":[0.999,-0.0427,-0.0137,0,0.0428,0.9991,0.0073,0,0.0134,-0.0079,0.9999,0,11.9249,18.2305,1.4254,1]},
{"frame":23,"values":[0.9995,0.0078,-0.0296,0,-0.0077,1,0.0045,0,0.0297,-0.0043,0.9996,0,11.9249,18.2305,1.4254,1]},
{"frame":24,"values":[0.9983,0.0355,-0.0456,0,-0.0355,0.9994,0.0017,0,0.0456,-0.0001,0.999,0,11.9249,18.2305,1.4254,1]},
{"frame":25,"values":[0.9978,0.0455,-0.0488,0,-0.0455,0.999,0.0012,0,0.0488,0.001,0.9988,0,11.9249,18.2305,1.4254,1]}],"loopBehavior":1,"name":"anim","property":"_matrix"}},
{"name":"mixamorig:LeftArm","index":10,"matrix":[0.3633,-0.9301,0.0544,0,0.8392,0.352,0.4145,0,-0.4047,-0.105,0.9084,0,25.4312,-0.8547,-5.2293,1],"rest":[0.9983,0.0295,0.0512,0,-0.0294,0.9996,-0.0017,0,-0.0512,0.0002,0.9987,0,25.4312,-0.8546,-5.2293,1],"parentBoneIndex":9,"length":54.6848
,"animation":{"dataType":3,"framePerSecond":24,"keys":[
{"frame":1,"values":[0.3633,-0.9301,0.0544,0,0.8392,0.352,0.4145,0,-0.4047,-0.105,0.9084,0,25.4312,-0.8546,-5.2293,1]},
{"frame":2,"values":[0.3543,-0.9351,0.0099,0,0.7866,0.3037,0.5377,0,-0.5058,-0.1827,0.8431,0,25.4312,-0.8546,-5.2293,1]},
{"frame":3,"values":[0.3733,-0.9264,-0.0499,0,0.7401,0.265,0.6181,0,-0.5593,-0.2676,0.7845,0,25.4312,-0.8547,-5.2293,1]},
{"frame":4,"values":[0.4153,-0.9022,-0.1168,0,0.7244,0.2504,0.6423,0,-0.5502,-0.3513,0.7575,0,25.4312,-0.8546,-5.2293,1]},
{"frame":5,"values":[0.469,-0.8651,-0.1777,0,0.7293,0.2658,0.6304,0,-0.4982,-0.4253,0.7556,0,25.4312,-0.8546,-5.2293,1]},
{"frame":6,"values":[0.5246,-0.8199,-0.2293,0,0.7389,0.3047,0.601,0,-0.4228,-0.4847,0.7657,0,25.4312,-0.8546,-5.2293,1]},
{"frame":7,"values":[0.5665,-0.7737,-0.2837,0,0.7637,0.3634,0.5336,0,-0.3097,-0.519,0.7967,0,25.4312,-0.8546,-5.2293,1]},
{"frame":8,"values":[0.5898,-0.7232,-0.3593,0,0.795,0.4418,0.4157,0,-0.1419,-0.5308,0.8355,0,25.4312,-0.8546,-5.2293,1]},
{"frame":9,"values":[0.5869,-0.6935,-0.4179,0,0.8097,0.5044,0.3,0,0.0027,-0.5144,0.8575,0,25.4312,-0.8546,-5.2293,1]},
{"frame":10,"values":[0.6011,-0.7299,-0.3255,0,0.7978,0.5244,0.2974,0,-0.0464,-0.4385,0.8975,0,25.4312,-0.8546,-5.2293,1]},
{"frame":11,"values":[0.6102,-0.7585,-0.2287,0,0.7863,0.5443,0.2924,0,-0.0973,-0.3583,0.9285,0,25.4312,-0.8546,-5.2293,1]},
{"frame":12,"values":[0.614,-0.7787,-0.1289,0,0.7751,0.5639,0.2851,0,-0.1493,-0.2749,0.9498,0,25.4312,-0.8546,-5.2293,1]},
{"frame":13,"values":[0.6123,-0.7901,-0.0276,0,0.7645,0.5828,0.2755,0,-0.2016,-0.1898,0.9609,0,25.4312,-0.8547,-5.2293,1]},
{"frame":14,"values":[0.6053,-0.7926,0.0735,0,0.7546,0.6008,0.2638,0,-0.2532,-0.1042,0.9618,0,25.4312,-0.8546,-5.2293,1]},
{"frame":15,"values":[0.5932,-0.7863,0.1728,0,0.7457,0.6176,0.2502,0,-0.3035,-0.0195,0.9526,0,25.4312,-0.8546,-5.2293,1]},
{"frame":16,"values":[0.5984,-0.7606,0.2518,0,0.7272,0.6475,0.228,0,-0.3364,0.0467,0.9406,0,25.4312,-0.8546,-5.2293,1]},
{"frame":17,"values":[0.6004,-0.729,0.3287,0,0.709,0.6754,0.2029,0,-0.3699,0.1112,0.9224,0,25.4312,-0.8547,-5.2293,1]},
{"frame":18,"values":[0.5653,-0.7498,0.3438,0,0.7347,0.6472,0.2033,0,-0.375,0.1376,0.9168,0,25.4312,-0.8546,-5.2293,1]},
{"frame":19,"values":[0.5293,-0.7689,0.3588,0,0.7592,0.618,0.2044,0,-0.3788,0.1642,0.9108,0,25.4312,-0.8546,-5.2293,1]},
{"frame":20,"values":[0.4994,-0.8075,0.3139,0,0.7762,0.5779,0.2521,0,-0.385,0.1177,0.9154,0,25.4312,-0.8546,-5.2293,1]},
{"frame":21,"values":[0.4686,-0.8424,0.266,0,0.7913,0.5342,0.2976,0,-0.3928,0.071,0.9169,0,25.4312,-0.8547,-5.2293,1]},
{"frame":22,"values":[0.4374,-0.873,0.2156,0,0.8043,0.487,0.3403,0,-0.4021,0.0246,0.9152,0,25.4312,-0.8547,-5.2293,1]},
{"frame":23,"values":[0.4059,-0.8993,0.1631,0,0.8153,0.4369,0.38,0,-0.413,-0.0213,0.9105,0,25.4312,-0.8547,-5.2293,1]},
{"frame":24,"values":[0.3743,-0.9209,0.1088,0,0.8241,0.3842,0.4163,0,-0.4251,-0.0661,0.9027,0,25.4312,-0.8547,-5.2293,1]},
{"frame":25,"values":[0.3633,-0.9301,0.0544,0,0.8392,0.352,0.4145,0,-0.4047,-0.105,0.9084,0,25.4312,-0.8547,-5.2293,1]}],"loopBehavior":1,"name":"anim","property":"_matrix"}},
{"name":"mixamorig:LeftForeArm","index":11,"matrix":[0.4568,0.0105,0.8895,0,0.0233,0.9994,-0.0238,0,-0.8893,0.0316,0.4563,0,54.5783,-1.9463,-2.8009,1],"rest":[0.9943,-0.0088,-0.1062,0,0.0091,1,0.0028,0,0.1061,-0.0038,0.9943,0,54.5783,-1.9463,-2.8009,1],"parentBoneIndex":10,"length":55.0982
,"animation":{"dataType":3,"framePerSecond":24,"keys":[
{"frame":1,"values":[0.4568,0.0105,0.8895,0,0.0233,0.9994,-0.0238,0,-0.8893,0.0316,0.4563,0,54.5783,-1.9463,-2.8009,1]},
{"frame":2,"values":[0.5771,0.0062,0.8166,0,0.0201,0.9996,-0.0218,0,-0.8164,0.029,0.5767,0,54.5783,-1.9463,-2.8009,1]},
{"frame":3,"values":[0.7045,0.0017,0.7097,0,0.0168,0.9997,-0.019,0,-0.7095,0.0252,0.7042,0,54.5783,-1.9463,-2.8009,1]},
{"frame":4,"values":[0.8322,-0.0029,0.5545,0,0.0134,0.9998,-0.0148,0,-0.5543,0.0197,0.8321,0,54.5783,-1.9463,-2.8009,1]},
{"frame":5,"values":[0.9259,-0.0063,0.3776,0,0.0109,0.9999,-0.0101,0,-0.3775,0.0134,0.9259,0,54.5783,-1.9463,-2.8009,1]},
{"frame":6,"values":[0.9633,-0.0076,0.2685,0,0.0099,0.9999,-0.0072,0,-0.2684,0.0095,0.9633,0,54.5783,-1.9463,-2.8009,1]},
{"frame":7,"values":[0.9553,-0.0073,0.2956,0,0.0101,0.9999,-0.0079,0,-0.2955,0.0105,0.9553,0,54.5783,-1.9463,-2.8009,1]},
{"frame":8,"values":[0.9076,-0.0056,0.4198,0,0.0114,0.9999,-0.0112,0,-0.4197,0.0149,0.9076,0,54.5783,-1.9463,-2.8009,1]},
{"frame":9,"values":[0.8555,-0.0038,0.5178,0,0.0127,0.9998,-0.0138,0,-0.5177,0.0184,0.8554,0,54.5783,-1.9463,-2.8009,1]},
{"frame":10,"values":[0.8445,-0.0034,0.5356,0,0.013,0.9998,-0.0143,0,-0.5354,0.0191,0.8444,0,54.5783,-1.9462,-2.8009,1]},
{"frame":11,"values":[0.8487,-0.0035,0.5289,0,0.0129,0.9998,-0.0141,0,-0.5288,0.0188,0.8486,0,54.5783,-1.9463,-2.8009,1]},
{"frame":12,"values":[0.8397,-0.0032,0.5431,0,0.0132,0.9998,-0.0145,0,-0.5429,0.0193,0.8396,0,54.5783,-1.9463,-2.8009,1]},
{"frame":13,"values":[0.8304,-0.0029,0.5571,0,0.0134,0.9998,-0.0149,0,-0.557,0.0198,0.8303,0,54.5783,-1.9463,-2.8009,1]},
{"frame":14,"values":[0.8119,-0.0022,0.5838,0,0.0139,0.9998,-0.0156,0,-0.5837,0.0208,0.8117,0,54.5783,-1.9463,-2.8009,1]},
{"frame":15,"values":[0.7652,-0.0005,0.6438,0,0.0151,0.9997,-0.0172,0,-0.6437,0.0229,0.765,0,54.5783,-1.9463,-2.8009,1]},
{"frame":16,"values":[0.714,0.0013,0.7001,0,0.0165,0.9997,-0.0187,0,-0.6999,0.0249,0.7138,0,54.5783,-1.9463,-2.8009,1]},
{"frame":17,"values":[0.6768,0.0026,0.7362,0,0.0175,0.9997,-0.0197,0,-0.736,0.0262,0.6765,0,54.5783,-1.9463,-2.8009,1]},
{"frame":18,"values":[0.6378,0.004,0.7702,0,0.0185,0.9996,-0.0206,0,-0.77,0.0274,0.6375,0,54.5783,-1.9463,-2.8009,1]},
{"frame":19,"values":[0.5282,0.008,0.8491,0,0.0214,0.9995,-0.0227,0,-0.8489,0.0302,0.5277,0,54.5783,-1.9463,-2.8009,1]},
{"frame":20,"values":[0.4933,0.0092,0.8698,0,0.0224,0.9995,-0.0233,0,-0.8696,0.0309,0.4929,0,54.5783,-1.9462,-2.8009,1]},
{"frame":21,"values":[0.4576,0.0105,0.8891,0,0.0233,0.9994,-0.0238,0,-0.8888,0.0316,0.4571,0,54.5783,-1.9463,-2.8009,1]},
{"frame":22,"values":[0.4211,0.0118,0.9069,0,0.0243,0.9994,-0.0243,0,-0.9067,0.0322,0.4206,0,54.5783,-1.9463,-2.8009,1]},
{"frame":23,"values":[0.384,0.0131,0.9232,0,0.0253,0.9994,-0.0247,0,-0.923,0.0328,0.3834,0,54.5783,-1.9463,-2.8009,1]},
{"frame":24,"values":[0.3463,0.0145,0.938,0,0.0263,0.9993,-0.0251,0,-0.9378,0.0333,0.3456,0,54.5783,-1.9463,-2.8009,1]},
{"frame":25,"values":[0.4568,0.0105,0.8895,0,0.0233,0.9994,-0.0238,0,-0.8893,0.0316,0.4563,0,54.5783,-1.9463,-2.8009,1]}],"loopBehavior":1,"name":"anim","property":"_matrix"}},
{"name":"mixamorig:LeftHand","index":12,"matrix":[0.9758,0.139,-0.169,0,-0.0085,0.7958,0.6055,0,0.2187,-0.5894,0.7777,0,54.9948,-1.4671,3.0376,1],"rest":[0.9961,0.088,0.001,0,-0.0871,0.9842,0.154,0,0.0125,-0.1535,0.9881,0,54.9948,-1.4671,3.0376,1],"parentBoneIndex":11,"length":20.3347
,"animation":{"dataType":3,"framePerSecond":24,"keys":[
{"frame":1,"values":[0.9758,0.139,-0.169,0,-0.0085,0.7958,0.6055,0,0.2187,-0.5894,0.7777,0,54.9948,-1.4671,3.0376,1]},
{"frame":2,"values":[0.9844,0.0311,-0.1734,0,0.0617,0.8612,0.5044,0,0.165,-0.5072,0.8459,0,54.9948,-1.4671,3.0376,1]},
{"frame":3,"values":[0.9852,-0.1232,-0.1188,0,0.1667,0.8484,0.5025,0,0.0389,-0.5148,0.8564,0,54.9948,-1.4671,3.0376,1]},
{"frame":4,"values":[0.9503,-0.2988,-0.0876,0,0.3013,0.8111,0.5014,0,-0.0788,-0.5028,0.8608,0,54.9948,-1.4671,3.0376,1]},
{"frame":5,"values":[0.8927,-0.4377,-0.107,0,0.4371,0.7834,0.4419,0,-0.1096,-0.4412,0.8907,0,54.9948,-1.4671,3.0376,1]},
{"frame":6,"values":[0.8581,-0.4906,-0.1516,0,0.5091,0.7744,0.3757,0,-0.0669,-0.3995,0.9143,0,54.9948,-1.4671,3.0376,1]},
{"frame":7,"values":[0.8718,-0.4479,-0.1983,0,0.4899,0.799,0.3487,0,0.0023,-0.4012,0.916,0,54.9948,-1.4671,3.0376,1]},
{"frame":8,"values":[0.922,-0.3043,-0.2393,0,0.3728,0.8645,0.337,0,0.1043,-0.4,0.9106,0,54.9948,-1.4671,3.0376,1]},
{"frame":9,"values":[0.96,-0.0577,-0.274,0,0.1488,0.9341,0.3246,0,0.2372,-0.3524,0.9053,0,54.9948,-1.4671,3.0376,1]},
{"frame":10,"values":[0.97,0.0124,-0.2427,0,0.076,0.9331,0.3514,0,0.2309,-0.3593,0.9042,0,54.9948,-1.4672,3.0376,1]},
{"frame":11,"values":[0.9744,0.0827,-0.2093,0,0.0021,0.9267,0.3758,0,0.225,-0.3666,0.9028,0,54.9948,-1.4671,3.0376,1]},
{"frame":12,"values":[0.9729,0.1523,-0.1739,0,-0.0721,0.9147,0.3976,0,0.2197,-0.3743,0.9009,0,54.9948,-1.4671,3.0376,1]},
{"frame":13,"values":[0.9656,0.2208,-0.137,0,-0.1461,0.8973,0.4165,0,0.2149,-0.3822,0.8987,0,54.9948,-1.4671,3.0376,1]},
{"frame":14,"values":[0.9527,0.2875,-0.0988,0,-0.2191,0.8746,0.4325,0,0.2108,-0.3904,0.8962,0,54.9948,-1.4671,3.0376,1]},
{"frame":15,"values":[0.9342,0.3518,-0.0598,0,-0.2904,0.847,0.4453,0,0.2073,-0.3986,0.8934,0,54.9948,-1.4671,3.0376,1]},
{"frame":16,"values":[0.9292,0.3678,-0.0347,0,-0.3094,0.8261,0.4711,0,0.2019,-0.427,0.8814,0,54.9948,-1.4671,3.0376,1]},
{"frame":17,"values":[0.9237,0.383,-0.0091,0,-0.3284,0.8039,0.4958,0,0.1972,-0.455,0.8684,0,54.9948,-1.4671,3.0376,1]},
{"frame":18,"values":[0.9236,0.38,-0.0499,0,-0.2841,0.7663,0.5763,0,0.2572,-0.5181,0.8157,0,54.9948,-1.4671,3.0376,1]},
{"frame":19,"values":[0.9205,0.38,-0.0907,0,-0.2343,0.7227,0.6503,0,0.3127,-0.5773,0.7543,0,54.9948,-1.4671,3.0376,1]},
{"frame":20,"values":[0.941,0.3147,-0.1247,0,-0.1615,0.741,0.6518,0,0.2975,-0.5932,0.7481,0,54.9948,-1.4671,3.0376,1]},
{"frame":21,"values":[0.9557,0.2477,-0.1589,0,-0.0873,0.7543,0.6507,0,0.281,-0.608,0.7425,0,54.9948,-1.4671,3.0376,1]},
{"frame":22,"values":[0.9646,0.1795,-0.1931,0,-0.0123,0.7624,0.647,0,0.2634,-0.6218,0.7376,0,54.9948,-1.4671,3.0376,1]},
{"frame":23,"values":[0.9676,0.1107,-0.227,0,0.0628,0.7652,0.6407,0,0.2447,-0.6342,0.7334,0,54.9948,-1.4671,3.0376,1]},
{"frame":24,"values":[0.9646,0.042,-0.2603,0,0.1373,0.7628,0.632,0,0.2251,-0.6453,0.73,0,54.9948,-1.4671,3.0376,1]},
{"frame":25,"values":[0.9758,0.139,-0.169,0,-0.0085,0.7958,0.6055,0,0.2187,-0.5894,0.7777,0,54.9948,-1.4671,3.0376,1]}],"loopBehavior":1,"name":"anim","property":"_matrix"}},
{"name":"mixamorig:LeftHandMiddle1","index":13,"matrix":[0.9719,-0.2301,0.0505,0,0.2297,0.9732,0.0133,0,-0.0522,-0.0013,0.9986,0,23.1821,-2.445,1.6605,1],"rest":[0.9974,-0.0561,0.045,0,0.0561,0.9984,0.0005,0,-0.045,0.002,0.999,0,23.1821,-2.445,1.6605,1],"parentBoneIndex":12,"length":6.3787
,"animation":{"dataType":3,"framePerSecond":24,"keys":[
{"frame":1,"values":[0.9833,-0.1751,0.049,0,0.1749,0.9846,0.0091,0,-0.0498,-0.0004,0.9988,0,23.1821,-2.445,1.6605,1]},
{"frame":2,"values":[0.9875,-0.15,0.0482,0,0.1499,0.9887,0.0072,0,-0.0488,0.0001,0.9988,0,23.1821,-2.445,1.6605,1]},
{"frame":3,"values":[0.9813,-0.186,0.0493,0,0.1857,0.9825,0.0099,0,-0.0503,-0.0006,0.9987,0,23.1821,-2.445,1.6605,1]},
{"frame":4,"values":[0.963,-0.2647,0.0513,0,0.2642,0.9643,0.0159,0,-0.0537,-0.0018,0.9986,0,23.1821,-2.445,1.6605,1]},
{"frame":5,"values":[0.9345,-0.3519,0.0531,0,0.3511,0.936,0.023,0,-0.0577,-0.0028,0.9983,0,23.1821,-2.445,1.6605,1]},
{"frame":6,"values":[0.9035,-0.4252,0.054,0,0.4242,0.9051,0.0292,0,-0.0613,-0.0034,0.9981,0,23.1821,-2.445,1.6605,1]},
{"frame":7,"values":[0.8848,-0.4628,0.0543,0,0.4617,0.8865,0.0325,0,-0.0632,-0.0036,0.998,0,23.1821,-2.445,1.6605,1]},
{"frame":8,"values":[0.8901,-0.4525,0.0543,0,0.4515,0.8917,0.0316,0,-0.0627,-0.0036,0.998,0,23.1821,-2.445,1.6605,1]},
{"frame":9,"values":[0.9193,-0.39,0.0536,0,0.3891,0.9208,0.0262,0,-0.0596,-0.0032,0.9982,0,23.1821,-2.445,1.6605,1]},
{"frame":10,"values":[0.9606,-0.273,0.0515,0,0.2725,0.962,0.0166,0,-0.0541,-0.0019,0.9985,0,23.1821,-2.445,1.6605,1]},
{"frame":11,"values":[0.9687,-0.2428,0.0508,0,0.2424,0.9701,0.0142,0,-0.0528,-0.0015,0.9986,0,23.1821,-2.445,1.6605,1]},
{"frame":12,"values":[0.9759,-0.2123,0.05,0,0.212,0.9772,0.0119,0,-0.0514,-0.001,0.9987,0,23.1821,-2.445,1.6605,1]},
{"frame":13,"values":[0.9821,-0.1816,0.0492,0,0.1813,0.9834,0.0096,0,-0.0501,-0.0005,0.9987,0,23.1821,-2.445,1.6605,1]},
{"frame":14,"values":[0.9874,-0.1507,0.0483,0,0.1505,0.9886,0.0073,0,-0.0488,0.0001,0.9988,0,23.1821,-2.445,1.6605,1]},
{"frame":15,"values":[0.9917,-0.1196,0.0472,0,0.1195,0.9928,0.005,0,-0.0475,0.0007,0.9989,0,23.1821,-2.445,1.6605,1]},
{"frame":16,"values":[0.995,-0.0885,0.0462,0,0.0884,0.9961,0.0028,0,-0.0462,0.0013,0.9989,0,23.1821,-2.445,1.6605,1]},
{"frame":17,"values":[0.9973,-0.0573,0.045,0,0.0573,0.9984,0.0006,0,-0.045,0.002,0.999,0,23.1821,-2.445,1.6605,1]},
{"frame":18,"values":[0.9987,-0.026,0.0438,0,0.0261,0.9997,-0.0015,0,-0.0438,0.0027,0.999,0,23.1821,-2.445,1.6605,1]},
{"frame":19,"values":[0.9991,0.0004,0.0428,0,-0.0002,1,-0.0033,0,-0.0428,0.0033,0.9991,0,23.1821,-2.445,1.6605,1]},
{"frame":20,"values":[0.9985,-0.0333,0.0441,0,0.0334,0.9994,-0.001,0,-0.0441,0.0025,0.999,0,23.1821,-2.445,1.6605,1]},
{"frame":21,"values":[0.9967,-0.067,0.0454,0,0.067,0.9978,0.0013,0,-0.0454,0.0017,0.999,0,23.1821,-2.445,1.6605,1]},
{"frame":22,"values":[0.9901,-0.1319,0.0477,0,0.1318,0.9913,0.0059,0,-0.048,0.0004,0.9988,0,23.1821,-2.445,1.6605,1]},
{"frame":23,"values":[0.9793,-0.1962,0.0496,0,0.1959,0.9806,0.0107,0,-0.0507,-0.0007,0.9987,0,23.1821,-2.445,1.6605,1]},
{"frame":24,"values":[0.9716,-0.231,0.0505,0,0.2306,0.973,0.0133,0,-0.0522,-0.0013,0.9986,0,23.1821,-2.445,1.6605,1]},
