{"producer":{"name":"Blender","version":"2.78 (sub 0)","exporter_version":"5.6.4","file":"quickwavehiphopdance.babylon"},
"autoClear":true,"clearColor":[0.0509,0.0509,0.0509],"ambientColor":[0,0,0],"gravity":[0,-9.81,0],
"materials":[{"name":"quickwavehiphopdance.Material","id":"quickwavehiphopdance.Material","ambient":[0,0,0],"diffuse":[0,0,0],"specular":[0,0,0],"emissive":[0,0,0],"specularPower":50,"alpha":0.001,"backFaceCulling":true,"checkReadyOnlyOnce":false,"maxSimultaneousLights":4}],
"multiMaterials":[],
"skeletons":[{"name":"Armature","id":0,"dimensionsAtRest":[379.1952,391.6652,55.677],"bones":[
{"name":"mixamorig:Hips","index":0,"matrix":[0.3881,-0.0876,-0.9174,0,0.2373,0.9714,0.0077,0,-0.8905,0.2207,-0.3978,0,-6.2809,182.2169,3.4492,1],"rest":[1,0,0,0,0,1,0,0,0,0,-1,0,0,201.6394,0,1],"parentBoneIndex":-1,"length":21.6784
,"animation":{"dataType":3,"framePerSecond":24,"keys":[
{"frame":1,"values":[0.3881,-0.0876,-0.9174,0,0.2373,0.9714,0.0077,0,-0.8905,0.2207,-0.3978,0,-6.2809,182.2169,3.4492,1]},
{"frame":2,"values":[0.3539,-0.0799,-0.9319,0,0.2421,0.9702,0.0088,0,-0.9034,0.2287,-0.3627,0,-6.1858,181.3188,3.4398,1]},
{"frame":3,"values":[0.3233,-0.0707,-0.9437,0,0.2461,0.9692,0.0116,0,-0.9138,0.236,-0.3307,0,-6.3032,180.0685,3.3855,1]},
{"frame":4,"values":[0.3132,-0.0653,-0.9474,0,0.2473,0.9688,0.015,0,-0.9169,0.239,-0.3196,0,-6.4994,179.0276,3.3059,1]},
{"frame":5,"values":[0.3209,-0.064,-0.9449,0,0.2455,0.9692,0.0177,0,-0.9148,0.2376,-0.3267,0,-6.7494,178.3237,3.1929,1]},
{"frame":6,"values":[0.3331,-0.064,-0.9407,0,0.2414,0.9702,0.0195,0,-0.9115,0.2336,-0.3386,0,-7.0486,177.9997,3.112,1]},
{"frame":7,"values":[0.3367,-0.0614,-0.9396,0,0.2356,0.9716,0.0209,0,-0.9117,0.2284,-0.3416,0,-7.5125,177.6756,3.0311,1]},
{"frame":8,"values":[0.329,-0.0556,-0.9427,0,0.2272,0.9736,0.0219,0,-0.9166,0.2213,-0.333,0,-8.1475,177.3516,2.9501,1]},
{"frame":9,"values":[0.3144,-0.049,-0.948,0,0.2189,0.9755,0.0222,0,-0.9237,0.2146,-0.3174,0,-8.552,177.0275,2.8692,1]},
{"frame":10,"values":[0.2989,-0.0426,-0.9533,0,0.2108,0.9773,0.0224,0,-0.9307,0.2076,-0.3011,0,-8.9565,176.7035,2.7883,1]},
{"frame":11,"values":[0.2912,-0.0378,-0.9559,0,0.2024,0.979,0.023,0,-0.935,0.2001,-0.2928,0,-9.361,176.3794,2.7074,1]},
{"frame":12,"values":[0.2834,-0.0331,-0.9584,0,0.194,0.9807,0.0235,0,-0.9392,0.1926,-0.2844,0,-9.7655,176.0554,2.6264,1]},
{"frame":13,"values":[0.2756,-0.0284,-0.9609,0,0.1856,0.9823,0.0242,0,-0.9432,0.185,-0.276,0,-10.1699,175.7313,2.5455,1]},
{"frame":14,"values":[0.3037,-0.0273,-0.9524,0,0.1763,0.9839,0.028,0,-0.9363,0.1764,-0.3036,0,-10.0821,175.4073,2.4646,1]},
{"frame":15,"values":[0.3315,-0.0255,-0.9431,0,0.1583,0.987,0.0289,0,-0.9301,0.1588,-0.3312,0,-9.9942,175.9015,2.3836,1]},
{"frame":16,"values":[0.3585,-0.0298,-0.9331,0,0.1587,0.9869,0.0295,0,-0.92,0.1586,-0.3585,0,-10.5926,176.3957,2.3027,1]},
{"frame":17,"values":[0.3852,-0.034,-0.9222,0,0.159,0.9868,0.03,0,-0.909,0.1582,-0.3855,0,-11.191,176.8899,2.2218,1]},
{"frame":18,"values":[0.365,-0.0343,-0.9304,0,0.1695,0.9851,0.0301,0,-0.9155,0.1687,-0.3654,0,-11.7893,177.3842,2.1408,1]},
{"frame":19,"values":[0.3449,-0.032,-0.9381,0,0.1732,0.9844,0.0301,0,-0.9225,0.1728,-0.345,0,-12.3877,177.8784,2.0599,1]},
{"frame":20,"values":[0.3241,-0.0345,-0.9454,0,0.1914,0.9811,0.0298,0,-0.9265,0.1906,-0.3245,0,-11.7667,178.3726,1.979,1]},
{"frame":21,"values":[0.337,-0.0408,-0.9406,0,0.1963,0.9802,0.0278,0,-0.9208,0.194,-0.3384,0,-11.1456,178.8669,1.8981,1]},
{"frame":22,"values":[0.3499,-0.0472,-0.9356,0,0.2012,0.9792,0.0258,0,-0.9149,0.1973,-0.3521,0,-10.5245,179.3611,1.8171,1]},
{"frame":23,"values":[0.3626,-0.0536,-0.9304,0,0.2061,0.9782,0.024,0,-0.9089,0.2005,-0.3658,0,-9.9035,179.8553,1.7362,1]},
{"frame":24,"values":[0.375,-0.0611,-0.925,0,0.2112,0.9772,0.0211,0,-0.9027,0.2033,-0.3793,0,-9.2824,180.3495,2.0518,1]},
{"frame":25,"values":[0.3872,-0.0687,-0.9194,0,0.2164,0.9761,0.0182,0,-0.8963,0.206,-0.3928,0,-8.6614,180.8438,2.3674,1]},
{"frame":26,"values":[0.3993,-0.0762,-0.9137,0,0.2216,0.975,0.0155,0,-0.8897,0.2086,-0.4062,0,-8.0403,181.338,2.683,1]},
{"frame":27,"values":[0.4112,-0.0838,-0.9077,0,0.2268,0.9739,0.0128,0,-0.8829,0.2111,-0.4195,0,-7.4192,181.8322,2.9986,1]},
{"frame":28,"values":[0.409,-0.0892,-0.9082,0,0.2323,0.9726,0.0091,0,-0.8825,0.2147,-0.4185,0,-6.7982,182.3265,3.3142,1]},
{"frame":29,"values":[0.3881,-0.0876,-0.9174,0,0.2373,0.9714,0.0077,0,-0.8905,0.2207,-0.3978,0,-6.2809,182.2169,3.4492,1]}],"loopBehavior":1,"name":"anim","property":"_matrix"}},
{"name":"mixamorig:Spine","index":1,"matrix":[0.9785,-0.0679,0.1946,0,0.0348,0.9851,0.1687,0,-0.2031,-0.1583,0.9663,0,0.0062,19.525,-2.4818,1],"rest":[1,0,0,0,0,1,0,0,0,0,1,0,0.0062,19.525,-2.4818,1],"parentBoneIndex":0,"length":23.0091
,"animation":{"dataType":3,"framePerSecond":24,"keys":[
{"frame":1,"values":[0.9785,-0.0679,0.1946,0,0.0348,0.9851,0.1687,0,-0.2031,-0.1583,0.9663,0,0.0062,19.525,-2.4818,1]},
{"frame":2,"values":[0.9818,-0.0796,0.1727,0,0.0482,0.9827,0.1789,0,-0.1839,-0.1673,0.9686,0,0.0062,19.525,-2.4818,1]},
{"frame":3,"values":[0.9839,-0.0811,0.1593,0,0.0497,0.9801,0.1921,0,-0.1718,-0.1811,0.9684,0,0.0062,19.525,-2.4818,1]},
{"frame":4,"values":[0.9837,-0.0673,0.1668,0,0.0328,0.9789,0.2015,0,-0.1769,-0.1928,0.9652,0,0.0062,19.525,-2.4818,1]},
{"frame":5,"values":[0.9803,-0.0443,0.1926,0,0.004,0.9789,0.2044,0,-0.1976,-0.1995,0.9598,0,0.0062,19.525,-2.4818,1]},
{"frame":6,"values":[0.9748,-0.0297,0.2213,0,-0.0188,0.9767,0.2137,0,-0.2225,-0.2125,0.9515,0,0.0062,19.525,-2.4818,1]},
{"frame":7,"values":[0.9706,-0.0266,0.2393,0,-0.029,0.9737,0.2259,0,-0.239,-0.2261,0.9443,0,0.0062,19.525,-2.4818,1]},
{"frame":8,"values":[0.9695,-0.0272,0.2435,0,-0.0322,0.9711,0.2365,0,-0.2429,-0.2372,0.9406,0,0.0062,19.525,-2.4818,1]},
{"frame":9,"values":[0.9712,-0.0336,0.2357,0,-0.0266,0.9684,0.2479,0,-0.2366,-0.2471,0.9397,0,0.0062,19.525,-2.4818,1]},
{"frame":10,"values":[0.9743,-0.0527,0.2189,0,-0.0062,0.9656,0.2598,0,-0.2251,-0.2545,0.9405,0,0.0062,19.525,-2.4818,1]},
{"frame":11,"values":[0.9761,-0.0719,0.205,0,0.0138,0.9623,0.2716,0,-0.2168,-0.2622,0.9403,0,0.0062,19.525,-2.4818,1]},
{"frame":12,"values":[0.9799,-0.0577,0.1908,0,0.0014,0.9591,0.283,0,-0.1993,-0.2771,0.9399,0,0.0062,19.525,-2.4818,1]},
{"frame":13,"values":[0.9833,-0.0434,0.1767,0,-0.0108,0.9556,0.2946,0,-0.1817,-0.2916,0.9391,0,0.0062,19.525,-2.4818,1]},
{"frame":14,"values":[0.9862,-0.0288,0.1628,0,-0.0227,0.9517,0.3063,0,-0.1637,-0.3058,0.9379,0,0.0062,19.525,-2.4818,1]},
{"frame":15,"values":[0.9887,-0.0141,0.149,0,-0.0345,0.9474,0.3181,0,-0.1456,-0.3196,0.9363,0,0.0062,19.525,-2.4818,1]},
{"frame":16,"values":[0.9909,0.0006,0.1349,0,-0.0429,0.9493,0.3113,0,-0.1279,-0.3143,0.9407,0,0.0062,19.525,-2.4818,1]},
{"frame":17,"values":[0.9904,-0.0145,0.1377,0,-0.0283,0.9523,0.3037,0,-0.1355,-0.3047,0.9428,0,0.0062,19.525,-2.4818,1]},
{"frame":18,"values":[0.9896,-0.0295,0.1407,0,-0.0136,0.955,0.2962,0,-0.1431,-0.295,0.9447,0,0.0062,19.525,-2.4818,1]},
{"frame":19,"values":[0.9893,-0.0446,0.1387,0,0.0011,0.9542,0.2991,0,-0.1457,-0.2958,0.9441,0,0.0062,19.525,-2.4818,1]},
{"frame":20,"values":[0.987,-0.0596,0.1491,0,0.0149,0.9586,0.2844,0,-0.1599,-0.2785,0.947,0,0.0062,19.525,-2.4818,1]},
{"frame":21,"values":[0.9864,-0.0377,0.16,0,-0.007,0.9628,0.2701,0,-0.1643,-0.2675,0.9495,0,0.0062,19.525,-2.4818,1]},
{"frame":22,"values":[0.9852,-0.0157,0.1706,0,-0.0288,0.9664,0.2554,0,-0.1688,-0.2565,0.9517,0,0.0062,19.525,-2.4818,1]},
{"frame":23,"values":[0.9835,0.0065,0.1808,0,-0.0506,0.9693,0.2405,0,-0.1737,-0.2456,0.9537,0,0.0062,19.525,-2.4818,1]},
{"frame":24,"values":[0.9812,0.0287,0.1906,0,-0.0722,0.9716,0.2253,0,-0.1787,-0.2348,0.9555,0,0.0062,19.525,-2.4818,1]},
{"frame":25,"values":[0.9796,0.0086,0.2006,0,-0.0516,0.9763,0.2103,0,-0.1941,-0.2163,0.9568,0,0.0062,19.525,-2.4818,1]},
{"frame":26,"values":[0.9774,-0.0113,0.2109,0,-0.0308,0.9802,0.1954,0,-0.209,-0.1975,0.9578,0,0.0062,19.525,-2.4818,1]},
{"frame":27,"values":[0.9747,-0.031,0.2215,0,-0.0098,0.9835,0.1807,0,-0.2234,-0.1783,0.9583,0,0.0062,19.525,-2.4818,1]},
{"frame":28,"values":[0.9757,-0.0509,0.2132,0,0.0151,0.9859,0.1666,0,-0.2187,-0.1593,0.9627,0,0.0062,19.525,-2.4818,1]},
{"frame":29,"values":[0.9785,-0.0679,0.1946,0,0.0348,0.9851,0.1687,0,-0.2031,-0.1583,0.9663,0,0.0062,19.525,-2.4818,1]}],"loopBehavior":1,"name":"anim","property":"_matrix"}},
{"name":"mixamorig:Spine1","index":2,"matrix":[0.9995,0.0145,0.0297,0,-0.0164,0.9979,0.0632,0,-0.0287,-0.0637,0.9976,0,-0.0009,22.835,-2.8254,1],"rest":[1,0,0,0,0,1,0,0,0,0,1,0,-0.0009,22.835,-2.8254,1],"parentBoneIndex":1,"length":26.7438
,"animation":{"dataType":3,"framePerSecond":24,"keys":[
{"frame":1,"values":[0.9995,0.0145,0.0288,0,-0.0163,0.9979,0.0632,0,-0.0278,-0.0637,0.9976,0,-0.0009,22.835,-2.8254,1]},
{"frame":2,"values":[0.9992,0.0273,0.0291,0,-0.029,0.9979,0.0587,0,-0.0274,-0.0595,0.9979,0,-0.0009,22.835,-2.8254,1]},
{"frame":3,"values":[0.9993,0.0238,0.0293,0,-0.0254,0.9982,0.0548,0,-0.028,-0.0555,0.9981,0,-0.0009,22.835,-2.8254,1]},
{"frame":4,"values":[0.9996,-0.001,0.0296,0,-0.0006,0.9985,0.0555,0,-0.0296,-0.0555,0.998,0,-0.0009,22.835,-2.8254,1]},
{"frame":5,"values":[0.999,-0.034,0.0299,0,0.0322,0.9977,0.0604,0,-0.0319,-0.0593,0.9977,0,-0.0009,22.835,-2.8254,1]},
{"frame":6,"values":[0.9981,-0.0533,0.0302,0,0.0515,0.997,0.0583,0,-0.0332,-0.0566,0.9978,0,-0.0009,22.835,-2.8254,1]},
{"frame":7,"values":[0.9978,-0.0594,0.0305,0,0.0578,0.997,0.0506,0,-0.0334,-0.0487,0.9983,0,-0.0009,22.835,-2.8254,1]},
{"frame":8,"values":[0.998,-0.0559,0.0308,0,0.0544,0.9974,0.0468,0,-0.0333,-0.045,0.9984,0,-0.0009,22.835,-2.8254,1]},
{"frame":9,"values":[0.9988,-0.0379,0.0311,0,0.0364,0.9982,0.0467,0,-0.0328,-0.0456,0.9984,0,-0.0009,22.835,-2.8254,1]},
{"frame":10,"values":[0.9995,-0.0045,0.0314,0,0.003,0.9989,0.0467,0,-0.0315,-0.0466,0.9984,0,-0.0009,22.835,-2.8254,1]},
{"frame":11,"values":[0.9994,0.0116,0.0316,0,-0.0129,0.9991,0.0393,0,-0.0312,-0.0397,0.9987,0,-0.0009,22.835,-2.8254,1]},
{"frame":12,"values":[0.9992,0.0277,0.0304,0,-0.0287,0.9991,0.0319,0,-0.0295,-0.0327,0.999,0,-0.0009,22.835,-2.8254,1]},
{"frame":13,"values":[0.9994,0.0194,0.0291,0,-0.0201,0.9995,0.0245,0,-0.0286,-0.025,0.9993,0,-0.0009,22.835,-2.8254,1]},
{"frame":14,"values":[0.9995,0.0111,0.0279,0,-0.0115,0.9998,0.017,0,-0.0277,-0.0174,0.9995,0,-0.0009,22.835,-2.8254,1]},
{"frame":15,"values":[0.9996,0.0027,0.0267,0,-0.003,0.9999,0.0096,0,-0.0267,-0.0097,0.9996,0,-0.0009,22.835,-2.8254,1]},
{"frame":16,"values":[0.9996,0.0128,0.0254,0,-0.0132,0.9998,0.018,0,-0.0251,-0.0183,0.9995,0,-0.0009,22.835,-2.8254,1]},
{"frame":17,"values":[0.9994,0.0229,0.0241,0,-0.0235,0.9994,0.0263,0,-0.0235,-0.0269,0.9994,0,-0.0009,22.835,-2.8254,1]},
{"frame":18,"values":[0.9992,0.0329,0.0229,0,-0.0337,0.9988,0.0347,0,-0.0217,-0.0354,0.9991,0,-0.0009,22.835,-2.8254,1]},
{"frame":19,"values":[0.9988,0.043,0.0218,0,-0.0439,0.9981,0.0431,0,-0.0199,-0.044,0.9988,0,-0.0009,22.835,-2.8254,1]},
{"frame":20,"values":[0.9997,0.0119,0.0209,0,-0.013,0.9986,0.0515,0,-0.0203,-0.0517,0.9985,0,-0.0009,22.835,-2.8254,1]},
{"frame":21,"values":[0.9996,-0.0193,0.0198,0,0.0181,0.998,0.0599,0,-0.021,-0.0595,0.998,0,-0.0009,22.835,-2.8254,1]},
{"frame":22,"values":[0.9986,-0.0504,0.0185,0,0.049,0.9965,0.0682,0,-0.0218,-0.0672,0.9975,0,-0.0009,22.835,-2.8254,1]},
{"frame":23,"values":[0.9965,-0.0815,0.0169,0,0.08,0.9939,0.0765,0,-0.023,-0.0749,0.9969,0,-0.0009,22.835,-2.8254,1]},
{"frame":24,"values":[0.9935,-0.1125,0.0194,0,0.1108,0.9912,0.0728,0,-0.0274,-0.0702,0.9972,0,-0.0009,22.835,-2.8254,1]},
{"frame":25,"values":[0.9961,-0.0857,0.022,0,0.084,0.9941,0.0692,0,-0.0278,-0.0671,0.9974,0,-0.0009,22.835,-2.8254,1]},
{"frame":26,"values":[0.998,-0.0589,0.0246,0,0.0572,0.9962,0.0655,0,-0.0283,-0.064,0.9976,0,-0.0009,22.835,-2.8254,1]},
{"frame":27,"values":[0.9991,-0.0321,0.0271,0,0.0303,0.9974,0.0657,0,-0.0292,-0.0648,0.9975,0,-0.0009,22.835,-2.8254,1]},
{"frame":28,"values":[0.9995,-0.0052,0.0297,0,0.0033,0.9978,0.0656,0,-0.03,-0.0655,0.9974,0,-0.0009,22.835,-2.8254,1]},
{"frame":29,"values":[0.9995,0.0145,0.0297,0,-0.0164,0.9979,0.0632,0,-0.0287,-0.0637,0.9976,0,-0.0009,22.835,-2.8254,1]}],"loopBehavior":1,"name":"anim","property":"_matrix"}},
{"name":"mixamorig:Spine2","index":3,"matrix":[0.9995,0.0136,0.0282,0,-0.0154,0.9979,0.0637,0,-0.0273,-0.0641,0.9976,0,-0.0206,26.5525,-3.1933,1],"rest":[1,0,0,0,0,1,0,0,0,0,1,0,-0.0206,26.5525,-3.1933,1],"parentBoneIndex":2,"length":24.825
,"animation":{"dataType":3,"framePerSecond":24,"keys":[
{"frame":1,"values":[0.9995,0.0136,0.0282,0,-0.0154,0.9979,0.0637,0,-0.0273,-0.0641,0.9976,0,-0.0206,26.5525,-3.1933,1]},
{"frame":2,"values":[0.9992,0.0266,0.0286,0,-0.0283,0.9978,0.0594,0,-0.027,-0.0601,0.9978,0,-0.0206,26.5525,-3.1933,1]},
{"frame":3,"values":[0.9993,0.0232,0.029,0,-0.0248,0.9982,0.0554,0,-0.0277,-0.0561,0.998,0,-0.0206,26.5525,-3.1933,1]},
{"frame":4,"values":[0.9996,-0.0015,0.0294,0,-0.0001,0.9985,0.0556,0,-0.0294,-0.0556,0.998,0,-0.0206,26.5525,-3.1933,1]},
{"frame":5,"values":[0.999,-0.0346,0.0298,0,0.0328,0.9977,0.0598,0,-0.0318,-0.0587,0.9978,0,-0.0206,26.5525,-3.1933,1]},
{"frame":6,"values":[0.9981,-0.0539,0.0302,0,0.0521,0.997,0.0571,0,-0.0332,-0.0555,0.9979,0,-0.0206,26.5525,-3.1933,1]},
{"frame":7,"values":[0.9977,-0.0598,0.0306,0,0.0583,0.9971,0.0492,0,-0.0335,-0.0473,0.9983,0,-0.0206,26.5525,-3.1933,1]},
{"frame":8,"values":[0.9979,-0.0561,0.031,0,0.0547,0.9975,0.0455,0,-0.0335,-0.0437,0.9985,0,-0.0206,26.5525,-3.1933,1]},
{"frame":9,"values":[0.9988,-0.0381,0.0302,0,0.0367,0.9983,0.0459,0,-0.0319,-0.0447,0.9985,0,-0.0206,26.5525,-3.1933,1]},
{"frame":10,"values":[0.9996,-0.0047,0.0295,0,0.0033,0.9989,0.0467,0,-0.0296,-0.0466,0.9985,0,-0.0206,26.5525,-3.1933,1]},
{"frame":11,"values":[0.9995,0.0115,0.0287,0,-0.0128,0.9988,0.0471,0,-0.0281,-0.0475,0.9985,0,-0.0206,26.5525,-3.1933,1]},
{"frame":12,"values":[0.9992,0.0276,0.0279,0,-0.0287,0.9989,0.0378,0,-0.0268,-0.0385,0.9989,0,-0.0206,26.5525,-3.1933,1]},
{"frame":13,"values":[0.9994,0.0195,0.0271,0,-0.0203,0.9994,0.0284,0,-0.0265,-0.0289,0.9992,0,-0.0206,26.5525,-3.1933,1]},
{"frame":14,"values":[0.9996,0.0114,0.0263,0,-0.0119,0.9997,0.019,0,-0.0261,-0.0193,0.9995,0,-0.0206,26.5525,-3.1933,1]},
{"frame":15,"values":[0.9997,0.0032,0.0256,0,-0.0035,0.9999,0.0096,0,-0.0256,-0.0097,0.9996,0,-0.0206,26.5525,-3.1933,1]},
{"frame":16,"values":[0.9996,0.0132,0.0247,0,-0.0136,0.9997,0.0178,0,-0.0245,-0.0181,0.9995,0,-0.0206,26.5525,-3.1933,1]},
{"frame":17,"values":[0.9994,0.0232,0.0239,0,-0.0238,0.9994,0.0259,0,-0.0233,-0.0265,0.9994,0,-0.0206,26.5525,-3.1933,1]},
{"frame":18,"values":[0.9992,0.0332,0.0232,0,-0.0339,0.9988,0.0341,0,-0.022,-0.0349,0.9992,0,-0.0206,26.5525,-3.1933,1]},
{"frame":19,"values":[0.9988,0.0432,0.0225,0,-0.0441,0.9981,0.0423,0,-0.0206,-0.0432,0.9989,0,-0.0206,26.5525,-3.1933,1]},
{"frame":20,"values":[0.9997,0.0118,0.0217,0,-0.0129,0.9986,0.0504,0,-0.0211,-0.0507,0.9985,0,-0.0206,26.5525,-3.1933,1]},
{"frame":21,"values":[0.9996,-0.0195,0.0227,0,0.0181,0.9981,0.0585,0,-0.0238,-0.0581,0.998,0,-0.0206,26.5525,-3.1933,1]},
{"frame":22,"values":[0.9984,-0.0508,0.0234,0,0.0491,0.9966,0.0667,0,-0.0267,-0.0654,0.9975,0,-0.0206,26.5525,-3.1933,1]},
{"frame":23,"values":[0.9963,-0.0821,0.0239,0,0.0801,0.994,0.0748,0,-0.0299,-0.0727,0.9969,0,-0.0206,26.5525,-3.1933,1]},
{"frame":24,"values":[0.9933,-0.1132,0.0246,0,0.1112,0.9912,0.0713,0,-0.0325,-0.0681,0.9972,0,-0.0206,26.5525,-3.1933,1]},
{"frame":25,"values":[0.9959,-0.0866,0.0254,0,0.0847,0.9941,0.0678,0,-0.0311,-0.0653,0.9974,0,-0.0206,26.5525,-3.1933,1]},
{"frame":26,"values":[0.9979,-0.0598,0.026,0,0.058,0.9962,0.0642,0,-0.0298,-0.0625,0.9976,0,-0.0206,26.5525,-3.1933,1]},
{"frame":27,"values":[0.9991,-0.033,0.0267,0,0.0312,0.9974,0.0649,0,-0.0288,-0.064,0.9975,0,-0.0206,26.5525,-3.1933,1]},
{"frame":28,"values":[0.9996,-0.0062,0.0275,0,0.0044,0.9978,0.0655,0,-0.0278,-0.0654,0.9975,0,-0.0206,26.5525,-3.1933,1]},
{"frame":29,"values":[0.9995,0.0136,0.0282,0,-0.0154,0.9979,0.0637,0,-0.0273,-0.0641,0.9976,0,-0.0206,26.5525,-3.1933,1]}],"loopBehavior":1,"name":"anim","property":"_matrix"}},
{"name":"mixamorig:Neck","index":4,"matrix":[0.9994,0.0225,0.0269,0,-0.0268,0.9844,0.1738,0,-0.0226,-0.1744,0.9844,0,-0.06,30.7018,1.3522,1],"rest":[1,0,0,0,0,1,0,0,0,0,1,0,-0.06,30.7018,1.3522,1],"parentBoneIndex":3,"length":22.8446
,"animation":{"dataType":3,"framePerSecond":24,"keys":[
{"frame":1,"values":[0.9994,0.0225,0.0269,0,-0.0268,0.9844,0.1738,0,-0.0226,-0.1744,0.9844,0,-0.06,30.7018,1.3522,1]},
{"frame":2,"values":[0.9996,0.0126,0.0243,0,-0.0169,0.9828,0.184,0,-0.0216,-0.1843,0.9826,0,-0.06,30.7018,1.3522,1]},
{"frame":3,"values":[0.9995,0.0195,0.0246,0,-0.0237,0.9829,0.1826,0,-0.0206,-0.1831,0.9829,0,-0.06,30.7018,1.3522,1]},
{"frame":4,"values":[0.9982,0.051,0.0301,0,-0.0554,0.984,0.1691,0,-0.021,-0.1705,0.9851,0,-0.06,30.7018,1.3522,1]},
{"frame":5,"values":[0.995,0.0928,0.0378,0,-0.0975,0.9839,0.1499,0,-0.0233,-0.1529,0.988,0,-0.06,30.7018,1.3522,1]},
{"frame":6,"values":[0.992,0.1186,0.0426,0,-0.1233,0.9829,0.1368,0,-0.0256,-0.141,0.9897,0,-0.06,30.7018,1.3522,1]},
{"frame":7,"values":[0.9905,0.1301,0.0451,0,-0.1345,0.9843,0.1145,0,-0.0295,-0.1195,0.9924,0,-0.06,30.7018,1.3522,1]},
{"frame":8,"values":[0.9902,0.132,0.0452,0,-0.1357,0.9865,0.0921,0,-0.0324,-0.0973,0.9947,0,-0.06,30.7018,1.3522,1]},
{"frame":9,"values":[0.9919,0.1204,0.0414,0,-0.1231,0.9899,0.0697,0,-0.0326,-0.0742,0.9967,0,-0.06,30.7018,1.3522,1]},
{"frame":10,"values":[0.9951,0.0923,0.0347,0,-0.0939,0.9945,0.0472,0,-0.0301,-0.0502,0.9983,0,-0.06,30.7019,1.3522,1]},
{"frame":11,"values":[0.9969,0.072,0.0301,0,-0.0728,0.997,0.0247,0,-0.0283,-0.0269,0.9992,0,-0.06,30.7018,1.3522,1]},
{"frame":12,"values":[0.9983,0.0517,0.0261,0,-0.0517,0.9987,0.0022,0,-0.0259,-0.0035,0.9997,0,-0.06,30.7018,1.3522,1]},
{"frame":13,"values":[0.9975,0.0609,0.0347,0,-0.0602,0.998,-0.0203,0,-0.0358,0.0181,0.9992,0,-0.06,30.7018,1.3522,1]},
{"frame":14,"values":[0.9966,0.0703,0.0431,0,-0.0684,0.9967,-0.0427,0,-0.0459,0.0397,0.9982,0,-0.06,30.7018,1.3522,1]},
{"frame":15,"values":[0.9955,0.0798,0.0512,0,-0.0764,0.9949,-0.0653,0,-0.0562,0.0611,0.9966,0,-0.06,30.7019,1.3522,1]},
{"frame":16,"values":[0.9966,0.057,0.0596,0,-0.0517,0.9948,-0.0877,0,-0.0643,0.0843,0.9944,0,-0.06,30.7018,1.3522,1]},
{"frame":17,"values":[0.998,0.0343,0.0531,0,-0.0283,0.9935,-0.1101,0,-0.0565,0.1084,0.9925,0,-0.06,30.7018,1.3522,1]},
{"frame":18,"values":[0.9988,0.0114,0.0469,0,-0.0073,0.9962,-0.0865,0,-0.0477,0.086,0.9952,0,-0.06,30.7018,1.3522,1]},
{"frame":19,"values":[0.9991,-0.0113,0.0401,0,0.0138,0.9979,-0.0629,0,-0.0393,0.0634,0.9972,0,-0.06,30.7018,1.3522,1]},
{"frame":20,"values":[0.9992,0.0204,0.0336,0,-0.0191,0.999,-0.0392,0,-0.0344,0.0385,0.9987,0,-0.06,30.7018,1.3522,1]},
{"frame":21,"values":[0.9978,0.0523,0.0404,0,-0.0517,0.9985,-0.0151,0,-0.0411,0.013,0.9991,0,-0.06,30.7018,1.3522,1]},
{"frame":22,"values":[0.9953,0.084,0.048,0,-0.0845,0.9964,0.0087,0,-0.0471,-0.0127,0.9988,0,-0.06,30.7018,1.3522,1]},
{"frame":23,"values":[0.9917,0.1154,0.0563,0,-0.1173,0.9926,0.0323,0,-0.0522,-0.0387,0.9979,0,-0.06,30.7018,1.3522,1]},
{"frame":24,"values":[0.9871,0.1464,0.0654,0,-0.1501,0.9871,0.0556,0,-0.0564,-0.0647,0.9963,0,-0.06,30.7018,1.3522,1]},
{"frame":25,"values":[0.9912,0.1189,0.0575,0,-0.1233,0.9892,0.0796,0,-0.0474,-0.086,0.9952,0,-0.06,30.7018,1.3522,1]},
{"frame":26,"values":[0.9946,0.0915,0.049,0,-0.0961,0.99,0.1034,0,-0.039,-0.1076,0.9934,0,-0.06,30.7018,1.3522,1]},
{"frame":27,"values":[0.9972,0.0641,0.0397,0,-0.0687,0.9895,0.1269,0,-0.0312,-0.1293,0.9911,0,-0.06,30.7018,1.3522,1]},
{"frame":28,"values":[0.9989,0.037,0.0299,0,-0.0411,0.9878,0.1501,0,-0.024,-0.1511,0.9882,0,-0.06,30.7018,1.3522,1]},
{"frame":29,"values":[0.9994,0.0225,0.0269,0,-0.0268,0.9844,0.1738,0,-0.0226,-0.1744,0.9844,0,-0.06,30.7018,1.3522,1]}],"loopBehavior":1,"name":"anim","property":"_matrix"}},
{"name":"mixamorig:Head","index":5,"matrix":[0.9927,0.0417,0.1134,0,-0.034,0.997,-0.0696,0,-0.116,0.0652,0.9911,0,-0.0872,22.5476,3.6709,1],"rest":[1,0,0,0,0,1,0,0,0,0,1,0,-0.0872,22.5476,3.6709,1],"parentBoneIndex":4,"length":30.5923
,"animation":{"dataType":3,"framePerSecond":24,"keys":[
{"frame":1,"values":[0.9927,0.0417,0.1134,0,-0.034,0.997,-0.0696,0,-0.116,0.0652,0.9911,0,-0.0872,22.5476,3.6709,1]},
{"frame":2,"values":[0.994,0.019,0.1076,0,-0.012,0.9978,-0.0652,0,-0.1086,0.0635,0.9921,0,-0.0872,22.5476,3.6709,1]},
{"frame":3,"values":[0.9958,0.008,0.0917,0,-0.0025,0.9982,-0.0596,0,-0.0921,0.0591,0.994,0,-0.0872,22.5476,3.6709,1]},
{"frame":4,"values":[0.9979,0.0069,0.0641,0,-0.0031,0.9983,-0.0586,0,-0.0644,0.0582,0.9962,0,-0.0872,22.5476,3.6709,1]},
{"frame":5,"values":[0.9994,0.0033,0.0334,0,-0.0011,0.9979,-0.0652,0,-0.0336,0.0652,0.9973,0,-0.0872,22.5476,3.6709,1]},
{"frame":6,"values":[0.9999,-0.0065,0.0149,0,0.0075,0.9976,-0.0692,0,-0.0144,0.0693,0.9975,0,-0.0872,22.5476,3.6709,1]},
{"frame":7,"values":[0.9998,-0.0158,0.0084,0,0.0163,0.9977,-0.0656,0,-0.0073,0.0658,0.9978,0,-0.0872,22.5476,3.6709,1]},
{"frame":8,"values":[0.9997,-0.0221,0.0095,0,0.0227,0.9971,-0.0723,0,-0.0078,0.0725,0.9973,0,-0.0872,22.5477,3.6709,1]},
{"frame":9,"values":[0.9988,-0.0349,0.0331,0,0.0374,0.9962,-0.079,0,-0.0302,0.0801,0.9963,0,-0.0872,22.5476,3.6709,1]},
{"frame":10,"values":[0.9973,-0.0477,0.0567,0,0.0527,0.9945,-0.0907,0,-0.0521,0.0935,0.9943,0,-0.0872,22.5476,3.6709,1]},
{"frame":11,"values":[0.9949,-0.0604,0.0803,0,0.0681,0.993,-0.0969,0,-0.0739,0.1019,0.992,0,-0.0872,22.5476,3.6709,1]},
{"frame":12,"values":[0.9919,-0.0731,0.1038,0,0.0834,0.9916,-0.0985,0,-0.0958,0.1064,0.9897,0,-0.0872,22.5476,3.6709,1]},
{"frame":13,"values":[0.9895,-0.0679,0.1273,0,0.0798,0.9927,-0.0909,0,-0.1202,0.1001,0.9877,0,-0.0872,22.5476,3.6709,1]},
{"frame":14,"values":[0.9857,-0.0757,0.1508,0,0.089,0.9925,-0.0834,0,-0.1433,0.0956,0.985,0,-0.0872,22.5476,3.6709,1]},
{"frame":15,"values":[0.9812,-0.0836,0.1741,0,0.098,0.9923,-0.0757,0,-0.1664,0.0914,0.9818,0,-0.0872,22.5476,3.6709,1]},
{"frame":16,"values":[0.9761,-0.0917,0.1972,0,0.1069,0.992,-0.0678,0,-0.1894,0.0873,0.978,0,-0.0872,22.5476,3.6709,1]},
{"frame":17,"values":[0.9724,-0.0767,0.2204,0,0.092,0.9939,-0.0602,0,-0.2144,0.0788,0.9736,0,-0.0872,22.5476,3.6709,1]},
{"frame":18,"values":[0.9766,-0.0624,0.206,0,0.0748,0.9958,-0.053,0,-0.2018,0.0672,0.9771,0,-0.0872,22.5476,3.6709,1]},
{"frame":19,"values":[0.9803,-0.0479,0.1916,0,0.0599,0.9966,-0.0572,0,-0.1882,0.0675,0.9798,0,-0.0872,22.5476,3.6709,1]},
{"frame":20,"values":[0.9836,-0.0334,0.1772,0,0.0449,0.9971,-0.0611,0,-0.1746,0.0681,0.9823,0,-0.0872,22.5476,3.6709,1]},
{"frame":21,"values":[0.9865,-0.0188,0.1627,0,0.0287,0.9979,-0.0584,0,-0.1612,0.0623,0.985,0,-0.0872,22.5476,3.6709,1]},
{"frame":22,"values":[0.989,-0.0041,0.1482,0,0.0125,0.9984,-0.0555,0,-0.1477,0.0567,0.9874,0,-0.0872,22.5477,3.6709,1]},
{"frame":23,"values":[0.9888,0.0106,0.149,0,-0.0028,0.9986,-0.0525,0,-0.1493,0.0515,0.9874,0,-0.0872,22.5477,3.6709,1]},
{"frame":24,"values":[0.9884,0.0254,0.1498,0,-0.0181,0.9986,-0.0495,0,-0.1509,0.0462,0.9875,0,-0.0872,22.5476,3.6709,1]},
{"frame":25,"values":[0.9891,0.0402,0.1414,0,-0.0339,0.9983,-0.0466,0,-0.1431,0.0413,0.9889,0,-0.0872,22.5476,3.6709,1]},
{"frame":26,"values":[0.9896,0.055,0.1331,0,-0.0482,0.9974,-0.0541,0,-0.1357,0.0471,0.9896,0,-0.0872,22.5476,3.6709,1]},
{"frame":27,"values":[0.9897,0.0698,0.1246,0,-0.0625,0.9961,-0.0615,0,-0.1285,0.0531,0.9903,0,-0.0872,22.5476,3.6709,1]},
{"frame":28,"values":[0.9912,0.0632,0.1162,0,-0.0554,0.9961,-0.0689,0,-0.1201,0.0619,0.9908,0,-0.0872,22.5476,3.6709,1]},
{"frame":29,"values":[0.9927,0.0417,0.1134,0,-0.034,0.997,-0.0696,0,-0.116,0.0652,0.9911,0,-0.0872,22.5476,3.6709,1]}],"loopBehavior":1,"name":"anim","property":"_matrix"}},
{"name":"mixamorig:HeadTop_End","index":6,"matrix":[1,0,0,0,0,1,0,0,0,0,1,0,-0.8306,40.3552,7.8935,1],"rest":[1,0,0,0,0,1,0,0,0,0,1,0,-0.8306,40.3552,7.8935,1],"parentBoneIndex":5,"length":30.5923
,"animation":{"dataType":3,"framePerSecond":24,"keys":[
{"frame":1,"values":[1,0,0,0,0,1,0,0,0,0,1,0,-0.8306,40.3552,7.8935,1]},
{"frame":11,"values":[1,0,0,0,0,1,0,0,0,0,1,0,-0.8306,40.3553,7.8935,1]},
{"frame":12,"values":[1,0,0,0,0,1,0,0,0,0,1,0,-0.8306,40.3552,7.8935,1]},
{"frame":15,"values":[1,0,0,0,0,1,0,0,0,0,1,0,-0.8306,40.3553,7.8935,1]},
{"frame":16,"values":[1,0,0,0,0,1,0,0,0,0,1,0,-0.8306,40.3552,7.8935,1]},
{"frame":27,"values":[1,0,0,0,0,1,0,0,0,0,1,0,-0.8306,40.3551,7.8935,1]},
{"frame":28,"values":[1,0,0,0,0,1,0,0,0,0,1,0,-0.8306,40.3552,7.8935,1]},
{"frame":29,"values":[1,0,0,0,0,1,0,0,0,0,1,0,-0.8306,40.3552,7.8935,1]}],"loopBehavior":1,"name":"anim","property":"_matrix"}},
{"name":"mixamorig:RightEye","index":7,"matrix":[1,0,0,0,0,1,0,0,0,0,1,0,-6.3021,18.1186,16.1971,1],"rest":[1,0,0,0,0,1,0,0,0,0,1,0,-6.3021,18.1186,16.1971,1],"parentBoneIndex":5,"length":30.5923
,"animation":{"dataType":3,"framePerSecond":24,"keys":[
{"frame":1,"values":[1,0,0,0,0,1,0,0,0,0,1,0,-6.3021,18.1186,16.1971,1]},
{"frame":4,"values":[1,0,0,0,0,1,0,0,0,0,1,0,-6.3021,18.1185,16.1971,1]},
{"frame":5,"values":[1,0,0,0,0,1,0,0,0,0,1,0,-6.3021,18.1186,16.1971,1]},
{"frame":11,"values":[1,0,0,0,0,1,0,0,0,0,1,0,-6.3021,18.1187,16.1971,1]},
{"frame":12,"values":[1,0,0,0,0,1,0,0,0,0,1,0,-6.3021,18.1186,16.1971,1]},
{"frame":27,"values":[1,0,0,0,0,1,0,0,0,0,1,0,-6.3021,18.1185,16.1971,1]},
{"frame":28,"values":[1,0,0,0,0,1,0,0,0,0,1,0,-6.3021,18.1186,16.1971,1]},
{"frame":29,"values":[1,0,0,0,0,1,0,0,0,0,1,0,-6.3021,18.1186,16.1971,1]}],"loopBehavior":1,"name":"anim","property":"_matrix"}},
{"name":"mixamorig:LeftEye","index":8,"matrix":[1,0,0,0,0,1,0,0,0,0,1,0,6.7415,18.3827,16.4019,1],"rest":[1,0,0,0,0,1,0,0,0,0,1,0,6.7415,18.3827,16.4019,1],"parentBoneIndex":5,"length":30.5923
,"animation":{"dataType":3,"framePerSecond":24,"keys":[
{"frame":1,"values":[1,0,0,0,0,1,0,0,0,0,1,0,6.7415,18.3827,16.4019,1]},
{"frame":11,"values":[1,0,0,0,0,1,0,0,0,0,1,0,6.7415,18.3828,16.4019,1]},
{"frame":12,"values":[1,0,0,0,0,1,0,0,0,0,1,0,6.7415,18.3827,16.4019,1]},
{"frame":16,"values":[1,0,0,0,0,1,0,0,0,0,1,0,6.7415,18.3826,16.4019,1]},
{"frame":17,"values":[1,0,0,0,0,1,0,0,0,0,1,0,6.7415,18.3827,16.4019,1]},
{"frame":27,"values":[1,0,0,0,0,1,0,0,0,0,1,0,6.7415,18.3826,16.4019,1]},
{"frame":28,"values":[1,0,0,0,0,1,0,0,0,0,1,0,6.7415,18.3827,16.4019,1]},
{"frame":29,"values":[1,0,0,0,0,1,0,0,0,0,1,0,6.7415,18.3827,16.4019,1]}],"loopBehavior":1,"name":"anim","property":"_matrix"}},
{"name":"mixamorig:LeftShoulder","index":9,"matrix":[0.9885,0.0081,0.1507,0,-0.0107,0.9998,0.0166,0,-0.1506,-0.018,0.9884,0,11.9249,18.2305,1.4254,1],"rest":[1,0.0062,0,0,-0.0062,1,0,0,0,0,1,0,11.9249,18.2305,1.4254,1],"parentBoneIndex":3,"length":25.9773
,"animation":{"dataType":3,"framePerSecond":24,"keys":[
{"frame":1,"values":[0.9885,0.0081,0.1507,0,-0.0107,0.9998,0.0166,0,-0.1506,-0.018,0.9884,0,11.9249,18.2305,1.4254,1]},
{"frame":2,"values":[0.9864,0.0083,0.1641,0,-0.0113,0.9998,0.0173,0,-0.164,-0.019,0.9863,0,11.9249,18.2305,1.4254,1]},
{"frame":3,"values":[0.9829,0.0094,0.1836,0,-0.013,0.9998,0.0181,0,-0.1834,-0.0201,0.9828,0,11.9249,18.2305,1.4254,1]},
{"frame":4,"values":[0.9795,0.0104,0.2009,0,-0.0144,0.9997,0.0188,0,-0.2007,-0.0213,0.9794,0,11.9249,18.2305,1.4254,1]},
{"frame":5,"values":[0.978,0.0113,0.2081,0,-0.0157,0.9997,0.0195,0,-0.2078,-0.0224,0.9779,0,11.9249,18.2305,1.4254,1]},
{"frame":6,"values":[0.9777,0.0123,0.2098,0,-0.0169,0.9997,0.0203,0,-0.2095,-0.0234,0.9775,0,11.9249,18.2305,1.4254,1]},
{"frame":7,"values":[0.9761,0.0117,0.2168,0,-0.0167,0.9996,0.021,0,-0.2165,-0.0241,0.976,0,11.9249,18.2305,1.4254,1]},
{"frame":8,"values":[0.9743,0.0112,0.2249,0,-0.0165,0.9996,0.0218,0,-0.2245,-0.0249,0.9741,0,11.9249,18.2305,1.4254,1]},
{"frame":9,"values":[0.9724,0.0101,0.233,0,-0.0158,0.9996,0.0225,0,-0.2327,-0.0255,0.9722,0,11.9249,18.2305,1.4254,1]},
{"frame":10,"values":[0.9695,0.0096,0.2449,0,-0.0158,0.9996,0.0232,0,-0.2445,-0.0263,0.9693,0,11.9249,18.2305,1.4254,1]},
{"frame":11,"values":[0.9671,0.0092,0.2542,0,-0.0157,0.9996,0.0239,0,-0.2539,-0.0271,0.9668,0,11.9249,18.2305,1.4254,1]},
{"frame":12,"values":[0.9661,0.0087,0.2582,0,-0.0156,0.9996,0.0246,0,-0.2579,-0.0278,0.9658,0,11.9249,18.2305,1.4254,1]},
{"frame":13,"values":[0.9638,0.0082,0.2664,0,-0.0155,0.9996,0.0253,0,-0.266,-0.0286,0.9635,0,11.9249,18.2305,1.4254,1]},
{"frame":14,"values":[0.9607,0.008,0.2773,0,-0.0158,0.9995,0.026,0,-0.277,-0.0294,0.9604,0,11.9249,18.2305,1.4254,1]},
{"frame":15,"values":[0.9575,0.0078,0.2882,0,-0.0161,0.9995,0.0267,0,-0.2879,-0.0302,0.9572,0,11.9249,18.2305,1.4254,1]},
{"frame":16,"values":[0.9542,0.0075,0.2991,0,-0.0164,0.9995,0.0274,0,-0.2987,-0.031,0.9538,0,11.9249,18.2305,1.4254,1]},
{"frame":17,"values":[0.961,0.0081,0.2763,0,-0.016,0.9995,0.0264,0,-0.276,-0.0297,0.9607,0,11.9249,18.2305,1.4254,1]},
{"frame":18,"values":[0.9673,0.0086,0.2534,0,-0.0155,0.9996,0.0254,0,-0.2531,-0.0285,0.967,0,11.9249,18.2305,1.4254,1]},
{"frame":19,"values":[0.9731,0.0091,0.2304,0,-0.0151,0.9996,0.0243,0,-0.2301,-0.0272,0.9728,0,11.9249,18.2305,1.4254,1]},
{"frame":20,"values":[0.9728,0.0096,0.2313,0,-0.0154,0.9996,0.0231,0,-0.231,-0.0261,0.9726,0,11.9249,18.2305,1.4254,1]},
{"frame":21,"values":[0.9726,0.0117,0.2321,0,-0.0173,0.9996,0.022,0,-0.2318,-0.0254,0.9724,0,11.9249,18.2305,1.4254,1]},
{"frame":22,"values":[0.9778,0.0139,0.2093,0,-0.0186,0.9996,0.0209,0,-0.2089,-0.0243,0.9776,0,11.9249,18.2305,1.4254,1]},
{"frame":23,"values":[0.9824,0.0161,0.1863,0,-0.0202,0.9996,0.0203,0,-0.1859,-0.0237,0.9823,0,11.9249,18.2305,1.4254,1]},
{"frame":24,"values":[0.9864,0.0182,0.1633,0,-0.0218,0.9996,0.0198,0,-0.1628,-0.0231,0.9864,0,11.9249,18.2305,1.4254,1]},
{"frame":25,"values":[0.9871,0.0204,0.159,0,-0.0237,0.9995,0.0192,0,-0.1585,-0.0227,0.9871,0,11.9249,18.2305,1.4254,1]},
{"frame":26,"values":[0.9878,0.0167,0.1547,0,-0.0198,0.9996,0.0185,0,-0.1544,-0.0214,0.9878,0,11.9249,18.2305,1.4254,1]},
{"frame":27,"values":[0.9885,0.013,0.1505,0,-0.0159,0.9997,0.0179,0,-0.1502,-0.0201,0.9885,0,11.9249,18.2305,1.4254,1]},
{"frame":28,"values":[0.9892,0.0093,0.1462,0,-0.012,0.9998,0.0173,0,-0.146,-0.0188,0.9891,0,11.9249,18.2305,1.4254,1]},
{"frame":29,"values":[0.9885,0.0081,0.1507,0,-0.0107,0.9998,0.0166,0,-0.1506,-0.018,0.9884,0,11.9249,18.2305,1.4254,1]}],"loopBehavior":1,"name":"anim","property":"_matrix"}},
{"name":"mixamorig:LeftArm","index":10,"matrix":[0.3325,-0.3229,0.8861,0,0.5188,0.8473,0.1141,0,-0.7876,0.4217,0.4493,0,25.4312,-0.8546,-5.2293,1],"rest":[0.9983,0.0295,0.0512,0,-0.0294,0.9996,-0.0017,0,-0.0512,0.0002,0.9987,0,25.4312,-0.8546,-5.2293,1],"parentBoneIndex":9,"length":54.6847
,"animation":{"dataType":3,"framePerSecond":24,"keys":[
{"frame":1,"values":[0.3325,-0.3229,0.8861,0,0.5188,0.8473,0.1141,0,-0.7876,0.4217,0.4493,0,25.4312,-0.8546,-5.2293,1]},
{"frame":2,"values":[0.3226,-0.2047,0.9241,0,0.2982,0.9486,0.106,0,-0.8983,0.2414,0.3671,0,25.4312,-0.8547,-5.2293,1]},
{"frame":3,"values":[0.2759,-0.1772,0.9447,0,0.0959,0.983,0.1564,0,-0.9564,0.0475,0.2882,0,25.4312,-0.8547,-5.2293,1]},
{"frame":4,"values":[0.221,-0.2493,0.9429,0,0.0085,0.9672,0.2538,0,-0.9752,-0.048,0.2159,0,25.4312,-0.8546,-5.2293,1]},
{"frame":5,"values":[0.1752,-0.32,0.9311,0,0.0731,0.9473,0.3119,0,-0.9818,0.0134,0.1894,0,25.4312,-0.8546,-5.2293,1]},
{"frame":6,"values":[0.1433,-0.3172,0.9375,0,0.2813,0.9212,0.2687,0,-0.9489,0.2251,0.2213,0,25.4312,-0.8546,-5.2293,1]},
{"frame":7,"values":[0.1518,-0.2483,0.9567,0,0.4722,0.8685,0.1505,0,-0.8683,0.429,0.249,0,25.4312,-0.8547,-5.2293,1]},
{"frame":8,"values":[0.2098,-0.1143,0.971,0,0.5239,0.8517,-0.0129,0,-0.8255,0.5114,0.2386,0,25.4312,-0.8547,-5.2293,1]},
{"frame":9,"values":[0.2642,0.0649,0.9623,0,0.4601,0.8684,-0.1849,0,-0.8476,0.4916,0.1996,0,25.4312,-0.8547,-5.2293,1]},
{"frame":10,"values":[0.2766,0.2322,0.9325,0,0.3982,0.8554,-0.3311,0,-0.8746,0.463,0.1442,0,25.4312,-0.8546,-5.2293,1]},
{"frame":11,"values":[0.217,0.2421,0.9457,0,0.2872,0.9101,-0.2988,0,-0.933,0.3364,0.1279,0,25.4312,-0.8546,-5.2293,1]},
{"frame":12,"values":[0.1552,0.2434,0.9574,0,0.167,0.9488,-0.2683,0,-0.9737,0.2015,0.1066,0,25.4312,-0.8547,-5.2293,1]},
{"frame":13,"values":[0.0933,0.2358,0.9673,0,0.0411,0.9698,-0.2404,0,-0.9948,0.0622,0.0808,0,25.4312,-0.8547,-5.2293,1]},
{"frame":14,"values":[0.033,0.2196,0.975,0,-0.0865,0.9725,-0.2161,0,-0.9957,-0.0772,0.0511,0,25.4312,-0.8547,-5.2293,1]},
{"frame":15,"values":[-0.0237,0.1956,0.9804,0,-0.2119,0.9574,-0.1961,0,-0.977,-0.2124,0.0187,0,25.4312,-0.8546,-5.2293,1]},
{"frame":16,"values":[-0.0313,0.2241,0.9741,0,-0.1885,0.9557,-0.2259,0,-0.9816,-0.1907,0.0123,0,25.4312,-0.8546,-5.2293,1]},
{"frame":17,"values":[-0.0382,0.2525,0.9668,0,-0.1647,0.9527,-0.2554,0,-0.9856,-0.169,0.0052,0,25.4312,-0.8547,-5.2293,1]},
{"frame":18,"values":[-0.0444,0.2809,0.9587,0,-0.1407,0.9483,-0.2844,0,-0.9891,-0.1475,-0.0026,0,25.4312,-0.8546,-5.2293,1]},
{"frame":19,"values":[0.0531,0.2934,0.9545,0,0.0417,0.9544,-0.2957,0,-0.9977,0.0555,0.0384,0,25.4312,-0.8547,-5.2293,1]},
{"frame":20,"values":[0.1519,0.2858,0.9462,0,0.2229,0.9227,-0.3144,0,-0.9629,0.2586,0.0765,0,25.4312,-0.8547,-5.2293,1]},
{"frame":21,"values":[0.2456,0.2584,0.9343,0,0.3911,0.8555,-0.3394,0,-0.887,0.4487,0.1091,0,25.4312,-0.8546,-5.2293,1]},
{"frame":22,"values":[0.2554,0.073,0.9641,0,0.4753,0.8588,-0.191,0,-0.8419,0.507,0.1847,0,25.4312,-0.8547,-5.2293,1]},
{"frame":23,"values":[0.2467,-0.1205,0.9616,0,0.5597,0.8277,-0.0399,0,-0.7911,0.5481,0.2716,0,25.4312,-0.8547,-5.2293,1]},
{"frame":24,"values":[0.2187,-0.3107,0.925,0,0.6392,0.7619,0.1047,0,-0.7373,0.5683,0.3652,0,25.4312,-0.8546,-5.2293,1]},
{"frame":25,"values":[0.1733,-0.4861,0.8566,0,0.7089,0.6654,0.2342,0,-0.6837,0.5666,0.4598,0,25.4312,-0.8546,-5.2293,1]},
{"frame":26,"values":[0.114,-0.6374,0.7621,0,0.7653,0.5455,0.3418,0,-0.6335,0.5442,0.5499,0,25.4312,-0.8547,-5.2293,1]},
{"frame":27,"values":[0.1996,-0.5575,0.8058,0,0.7312,0.6321,0.2563,0,-0.6523,0.5381,0.5339,0,25.4312,-0.8546,-5.2293,1]},
{"frame":28,"values":[0.28,-0.4677,0.8384,0,0.6865,0.708,0.1657,0,-0.6711,0.5291,0.5193,0,25.4312,-0.8546,-5.2293,1]},
{"frame":29,"values":[0.3325,-0.3229,0.8861,0,0.5188,0.8473,0.1141,0,-0.7876,0.4217,0.4493,0,25.4312,-0.8546,-5.2293,1]}],"loopBehavior":1,"name":"anim","property":"_matrix"}},
{"name":"mixamorig:LeftForeArm","index":11,"matrix":[0.659,0.0033,0.7521,0,0.018,0.9996,-0.0201,0,-0.7519,0.0268,0.6587,0,54.5783,-1.9463,-2.8009,1],"rest":[0.9943,-0.0088,-0.1062,0,0.0091,1,0.0028,0,0.1061,-0.0038,0.9943,0,54.5783,-1.9463,-2.8009,1],"parentBoneIndex":10,"length":55.0982
,"animation":{"dataType":3,"framePerSecond":24,"keys":[
{"frame":1,"values":[0.659,0.0033,0.7521,0,0.018,0.9996,-0.0201,0,-0.7519,0.0268,0.6587,0,54.5783,-1.9463,-2.8009,1]},
{"frame":2,"values":[0.7945,-0.0016,0.6072,0,0.0144,0.9998,-0.0162,0,-0.6071,0.0216,0.7944,0,54.5783,-1.9463,-2.8009,1]},
{"frame":3,"values":[0.9046,-0.0055,0.4263,0,0.0115,0.9999,-0.0114,0,-0.4262,0.0152,0.9045,0,54.5783,-1.9463,-2.8009,1]},
{"frame":4,"values":[0.956,-0.0074,0.2932,0,0.0101,0.9999,-0.0078,0,-0.2932,0.0104,0.956,0,54.5783,-1.9462,-2.8009,1]},
{"frame":5,"values":[0.9735,-0.008,0.2286,0,0.0096,0.9999,-0.0061,0,-0.2286,0.0081,0.9735,0,54.5783,-1.9463,-2.8009,1]},
{"frame":6,"values":[0.9792,-0.0082,0.2028,0,0.0095,0.9999,-0.0054,0,-0.2027,0.0072,0.9792,0,54.5783,-1.9463,-2.8009,1]},
{"frame":7,"values":[0.98,-0.0082,0.1987,0,0.0095,0.9999,-0.0053,0,-0.1987,0.0071,0.98,0,54.5783,-1.9463,-2.8009,1]},
{"frame":8,"values":[0.9739,-0.008,0.2269,0,0.0096,0.9999,-0.006,0,-0.2269,0.0081,0.9739,0,54.5783,-1.9463,-2.8009,1]},
{"frame":9,"values":[0.9648,-0.0077,0.2628,0,0.0099,0.9999,-0.007,0,-0.2628,0.0093,0.9648,0,54.5783,-1.9463,-2.8009,1]},
{"frame":10,"values":[0.9708,-0.0079,0.2396,0,0.0097,0.9999,-0.0064,0,-0.2395,0.0085,0.9709,0,54.5783,-1.9462,-2.8009,1]},
{"frame":11,"values":[0.9841,-0.0084,0.1772,0,0.0094,0.9999,-0.0047,0,-0.1771,0.0063,0.9842,0,54.5783,-1.9463,-2.8009,1]},
{"frame":12,"values":[0.9935,-0.0087,0.1139,0,0.0091,1,-0.003,0,-0.1139,0.004,0.9935,0,54.5783,-1.9463,-2.8009,1]},
{"frame":13,"values":[0.9987,-0.0089,0.0501,0,0.009,1,-0.0013,0,-0.0501,0.0018,0.9987,0,54.5783,-1.9463,-2.8009,1]},
{"frame":14,"values":[0.9999,-0.009,-0.0139,0,0.009,1,0.0004,0,0.0139,-0.0005,0.9999,0,54.5783,-1.9462,-2.8009,1]},
{"frame":15,"values":[0.9969,-0.0089,-0.0776,0,0.0091,1,0.0021,0,0.0776,-0.0028,0.997,0,54.5783,-1.9463,-2.8009,1]},
{"frame":16,"values":[0.997,-0.0089,-0.077,0,0.0091,1,0.0021,0,0.077,-0.0028,0.997,0,54.5783,-1.9462,-2.8009,1]},
{"frame":17,"values":[0.997,-0.0089,-0.0765,0,0.009,1,0.0021,0,0.0765,-0.0027,0.9971,0,54.5783,-1.9462,-2.8009,1]},
{"frame":18,"values":[0.9971,-0.0089,-0.076,0,0.009,1,0.002,0,0.076,-0.0027,0.9971,0,54.5783,-1.9463,-2.8009,1]},
{"frame":19,"values":[0.9971,-0.0089,-0.0754,0,0.009,1,0.002,0,0.0754,-0.0027,0.9971,0,54.5783,-1.9463,-2.8009,1]},
{"frame":20,"values":[0.9711,-0.0079,0.2384,0,0.0097,0.9999,-0.0063,0,-0.2383,0.0085,0.9711,0,54.5783,-1.9463,-2.8009,1]},
{"frame":21,"values":[0.8445,-0.0034,0.5356,0,0.013,0.9998,-0.0143,0,-0.5354,0.0191,0.8444,0,54.5783,-1.9463,-2.8009,1]},
{"frame":22,"values":[0.6361,0.0041,0.7716,0,0.0186,0.9996,-0.0206,0,-0.7714,0.0274,0.6358,0,54.5783,-1.9463,-2.8009,1]},
{"frame":23,"values":[0.6432,0.0038,0.7657,0,0.0184,0.9996,-0.0205,0,-0.7655,0.0272,0.6429,0,54.5783,-1.9463,-2.8009,1]},
{"frame":24,"values":[0.6503,0.0036,0.7597,0,0.0182,0.9996,-0.0203,0,-0.7595,0.027,0.65,0,54.5783,-1.9462,-2.8009,1]},
{"frame":25,"values":[0.6573,0.0033,0.7536,0,0.018,0.9996,-0.0201,0,-0.7534,0.0268,0.657,0,54.5783,-1.9462,-2.8009,1]},
{"frame":26,"values":[0.6643,0.0031,0.7475,0,0.0178,0.9996,-0.02,0,-0.7473,0.0266,0.664,0,54.5783,-1.9463,-2.8009,1]},
{"frame":27,"values":[0.6712,0.0028,0.7413,0,0.0176,0.9996,-0.0198,0,-0.7411,0.0264,0.6709,0,54.5783,-1.9463,-2.8009,1]},
{"frame":28,"values":[0.6083,0.0051,0.7937,0,0.0193,0.9996,-0.0212,0,-0.7935,0.0282,0.6079,0,54.5783,-1.9463,-2.8009,1]},
{"frame":29,"values":[0.659,0.0033,0.7521,0,0.018,0.9996,-0.0201,0,-0.7519,0.0268,0.6587,0,54.5783,-1.9463,-2.8009,1]}],"loopBehavior":1,"name":"anim","property":"_matrix"}},
{"name":"mixamorig:LeftHand","index":12,"matrix":[0.8285,-0.2168,-0.5164,0,0.5269,0.6139,0.5878,0,0.1896,-0.759,0.6228,0,54.9948,-1.4671,3.0376,1],"rest":[0.9961,0.088,0.001,0,-0.0871,0.9842,0.154,0,0.0125,-0.1535,0.9881,0,54.9948,-1.4671,3.0376,1],"parentBoneIndex":11,"length":20.3346
,"animation":{"dataType":3,"framePerSecond":24,"keys":[
{"frame":1,"values":[0.8285,-0.2168,-0.5164,0,0.5269,0.6139,0.5878,0,0.1896,-0.759,0.6228,0,54.9948,-1.4671,3.0376,1]},
{"frame":2,"values":[0.9274,-0.2987,-0.2254,0,0.3736,0.7055,0.6023,0,-0.0209,-0.6427,0.7658,0,54.9948,-1.4671,3.0376,1]},
{"frame":3,"values":[0.9675,-0.2528,-0.0038,0,0.2174,0.8241,0.5231,0,-0.129,-0.5069,0.8523,0,54.9948,-1.4671,3.0376,1]},
{"frame":4,"values":[0.9938,-0.1003,-0.0486,0,0.1109,0.93,0.3504,0,0.01,-0.3536,0.9353,0,54.9948,-1.4671,3.0376,1]},
{"frame":5,"values":[0.9412,0.1362,-0.3093,0,-0.0985,0.986,0.1345,0,0.3233,-0.0961,0.9414,0,54.9948,-1.4671,3.0376,1]},
{"frame":6,"values":[0.791,0.4327,-0.4326,0,-0.4664,0.884,0.0314,0,0.396,0.1769,0.9011,0,54.9948,-1.4671,3.0376,1]},
{"frame":7,"values":[0.6914,0.6932,-0.2036,0,-0.7006,0.7121,0.0453,0,0.1764,0.1113,0.978,0,54.9948,-1.4671,3.0376,1]},
{"frame":8,"values":[0.6606,0.7183,0.2182,0,-0.7498,0.6459,0.1438,0,-0.0376,-0.2586,0.9652,0,54.9948,-1.4671,3.0376,1]},
{"frame":9,"values":[0.7338,0.5547,0.3922,0,-0.6733,0.671,0.3107,0,-0.0909,-0.492,0.8658,0,54.9948,-1.4671,3.0376,1]},
{"frame":10,"values":[0.9112,0.34,0.2327,0,-0.409,0.6786,0.6101,0,0.0495,-0.6511,0.7574,0,54.9948,-1.4671,3.0376,1]},
