{"producer":{"name":"Blender","version":"2.79 (sub 0)","exporter_version":"5.6.4","file":"runningscared.babylon"},
"autoClear":true,"clearColor":[0.0509,0.0509,0.0509],"ambientColor":[0,0,0],"gravity":[0,-9.81,0],
"materials":[{"name":"runningscared.Material","id":"runningscared.Material","ambient":[0,0,0],"diffuse":[0,0,0],"specular":[0,0,0],"emissive":[0,0,0],"specularPower":50,"alpha":0.001,"backFaceCulling":true,"checkReadyOnlyOnce":false,"maxSimultaneousLights":4}],
"multiMaterials":[],
"skeletons":[{"name":"Armature","id":0,"dimensionsAtRest":[379.1952,391.6652,55.677],"bones":[
{"name":"mixamorig:Hips","index":0,"matrix":[0.9978,-0.062,-0.022,0,0.0566,0.9797,-0.1922,0,-0.0334,-0.1906,-0.9811,0,0.6906,187.8156,-1.583,1],"rest":[1,0,0,0,0,1,0,0,0,0,-1,0,0,201.6394,0,1],"parentBoneIndex":-1,"length":21.6784
,"animation":{"dataType":3,"framePerSecond":24,"keys":[
{"frame":1,"values":[0.9978,-0.062,-0.022,0,0.0566,0.9797,-0.1922,0,-0.0334,-0.1906,-0.9811,0,0.6906,187.8156,-1.583,1]},
{"frame":2,"values":[0.9918,-0.0494,-0.1178,0,0.026,0.9809,-0.1927,0,-0.1251,-0.188,-0.9742,0,1.9213,191.3569,1.5883,1]},
{"frame":3,"values":[0.9837,-0.0441,-0.1745,0,0.0091,0.9804,-0.1968,0,-0.1798,-0.192,-0.9648,0,1.4836,192.6608,6.6892,1]},
{"frame":4,"values":[0.9807,-0.0426,-0.1906,0,-0.006,0.9689,-0.2474,0,-0.1952,-0.2438,-0.95,0,1.0388,188.7759,14.5763,1]},
{"frame":5,"values":[0.9804,-0.0271,-0.1952,0,-0.0342,0.9519,-0.3044,0,-0.194,-0.3051,-0.9323,0,1.211,179.1726,20.924,1]},
{"frame":6,"values":[0.9814,0.0044,-0.1917,0,-0.066,0.9464,-0.3163,0,-0.18,-0.323,-0.9291,0,0.5493,181.9396,22.0406,1]},
{"frame":7,"values":[0.9865,0.0123,-0.1633,0,-0.0641,0.9467,-0.3156,0,-0.1507,-0.3218,-0.9347,0,-1.4611,188.2392,22.8061,1]},
{"frame":8,"values":[0.9931,-0.0104,-0.1171,0,-0.0251,0.9545,-0.297,0,-0.1148,-0.2979,-0.9477,0,-3.087,191.4241,23.0211,1]},
{"frame":9,"values":[0.9953,-0.0353,-0.0904,0,0.0086,0.96,-0.2798,0,-0.0967,-0.2777,-0.9558,0,-3.795,186.7443,24.9227,1]},
{"frame":10,"values":[0.9968,-0.0476,-0.0637,0,0.0291,0.9637,-0.2655,0,-0.074,-0.2628,-0.962,0,-3.9247,176.3636,27.2916,1]},
{"frame":11,"values":[0.9975,-0.0599,-0.0369,0,0.0487,0.966,-0.2538,0,-0.0509,-0.2514,-0.9665,0,-3.578,173.5884,29.6604,1]},
{"frame":12,"values":[0.9973,-0.0722,-0.0101,0,0.0677,0.9679,-0.2419,0,-0.0272,-0.2406,-0.9702,0,-2.0263,176.0174,27.6096,1]},
{"frame":13,"values":[0.9955,-0.0844,-0.0426,0,0.0725,0.9706,-0.2296,0,-0.0607,-0.2255,-0.9723,0,-0.1082,183.1384,25.5588,1]},
{"frame":14,"values":[0.9945,-0.0731,-0.0751,0,0.0552,0.9746,-0.2171,0,-0.0891,-0.2117,-0.9733,0,1.8099,190.2593,23.508,1]},
{"frame":15,"values":[0.9923,-0.0617,-0.1075,0,0.0386,0.9781,-0.2043,0,-0.1178,-0.1986,-0.973,0,1.1717,186.9272,21.4571,1]},
{"frame":16,"values":[0.9889,-0.0503,-0.1398,0,0.0228,0.9812,-0.1914,0,-0.1468,-0.1861,-0.9715,0,0.5334,183.5952,22.8371,1]},
{"frame":17,"values":[0.9832,-0.0613,-0.172,0,0.0239,0.9771,-0.2113,0,-0.181,-0.2037,-0.9622,0,-0.1048,180.2632,24.217,1]},
{"frame":18,"values":[0.9881,-0.0514,-0.1452,0,0.0163,0.9723,-0.2331,0,-0.1531,-0.228,-0.9615,0,-0.743,176.9311,21.5017,1]},
{"frame":19,"values":[0.9921,-0.0408,-0.1185,0,0.0145,0.9764,-0.2153,0,-0.1245,-0.2119,-0.9693,0,-1.3812,182.954,18.7864,1]},
{"frame":20,"values":[0.9953,-0.0308,-0.0915,0,0.0121,0.9802,-0.1975,0,-0.0957,-0.1954,-0.976,0,-2.0194,188.9768,16.0712,1]},
{"frame":21,"values":[0.9977,-0.0211,-0.0642,0,0.0093,0.9837,-0.1797,0,-0.067,-0.1786,-0.9816,0,-2.6576,194.9997,13.3559,1]},
{"frame":22,"values":[0.9993,-0.0109,-0.0371,0,0.0048,0.9869,-0.1612,0,-0.0384,-0.161,-0.9862,0,-2.0926,187.2164,10.6406,1]},
{"frame":23,"values":[1,-0.0006,-0.01,0,-0.001,0.9868,-0.162,0,-0.0099,-0.162,-0.9867,0,-1.5275,179.4331,11.0936,1]},
{"frame":24,"values":[0.9997,-0.0171,0.0172,0,0.0196,0.9875,-0.1563,0,0.0143,-0.1566,-0.9876,0,-1.6316,171.6497,8.5268,1]},
{"frame":25,"values":[0.9985,-0.0336,0.0443,0,0.0399,0.9878,-0.1506,0,0.0387,-0.1521,-0.9876,0,-0.7324,176.1848,5.96,1]},
{"frame":26,"values":[0.9984,-0.0501,0.025,0,0.0534,0.9866,-0.1539,0,0.017,-0.155,-0.9878,0,0.1669,180.7199,3.3931,1]},
{"frame":27,"values":[0.9978,-0.062,-0.022,0,0.0566,0.9797,-0.1922,0,-0.0334,-0.1906,-0.9811,0,0.6906,187.8156,-1.583,1]}],"loopBehavior":1,"name":"anim","property":"_matrix"}},
{"name":"mixamorig:Spine","index":1,"matrix":[0.9998,0.0073,0.021,0,-0.0074,1,0.0036,0,-0.0209,-0.0037,0.9998,0,0.0062,19.525,-2.4818,1],"rest":[1,0,0,0,0,1,0,0,0,0,1,0,0.0062,19.525,-2.4818,1],"parentBoneIndex":0,"length":23.0091
,"animation":{"dataType":3,"framePerSecond":24,"keys":[
{"frame":1,"values":[0.9998,0.0073,0.021,0,-0.0074,1,0.0036,0,-0.0209,-0.0037,0.9998,0,0.0062,19.525,-2.4818,1]},
{"frame":2,"values":[0.9999,0.0041,0.0123,0,-0.0042,1,0.0078,0,-0.0123,-0.0078,0.9999,0,0.0062,19.525,-2.4818,1]},
{"frame":3,"values":[1,0.0016,-0.0032,0,-0.0015,0.9999,0.0167,0,0.0032,-0.0167,0.9999,0,0.0062,19.525,-2.4818,1]},
{"frame":4,"values":[0.9998,0.0035,-0.0196,0,-0.0032,0.9998,0.0183,0,0.0196,-0.0182,0.9996,0,0.0062,19.525,-2.4818,1]},
{"frame":5,"values":[0.9994,0.0031,-0.0347,0,-0.0026,0.9999,0.0136,0,0.0348,-0.0135,0.9993,0,0.0062,19.525,-2.4818,1]},
{"frame":6,"values":[0.9989,-0.0075,-0.0469,0,0.0079,0.9999,0.0087,0,0.0469,-0.0091,0.9989,0,0.0062,19.525,-2.4818,1]},
{"frame":7,"values":[0.9984,-0.0143,-0.0543,0,0.0145,0.9999,0.0047,0,0.0543,-0.0055,0.9985,0,0.0062,19.525,-2.4818,1]},
{"frame":8,"values":[0.999,-0.0112,-0.0437,0,0.0116,0.9999,0.0081,0,0.0436,-0.0086,0.999,0,0.0062,19.525,-2.4818,1]},
{"frame":9,"values":[0.9994,-0.0101,-0.033,0,0.0105,0.9999,0.0119,0,0.0329,-0.0122,0.9994,0,0.0062,19.525,-2.4818,1]},
{"frame":10,"values":[0.9996,-0.0148,-0.0224,0,0.0152,0.9998,0.0156,0,0.0221,-0.016,0.9996,0,0.0062,19.525,-2.4818,1]},
{"frame":11,"values":[0.9998,-0.015,-0.0117,0,0.0152,0.9997,0.0194,0,0.0114,-0.0195,0.9997,0,0.0062,19.525,-2.4818,1]},
{"frame":12,"values":[1,-0.0036,-0.001,0,0.0036,0.9997,0.0231,0,0.0009,-0.0231,0.9997,0,0.0062,19.525,-2.4818,1]},
{"frame":13,"values":[0.9999,0.0089,0.0096,0,-0.0091,0.9998,0.0184,0,-0.0095,-0.0185,0.9998,0,0.0062,19.525,-2.4818,1]},
{"frame":14,"values":[0.9997,0.0113,0.0203,0,-0.0117,0.9998,0.0154,0,-0.0201,-0.0157,0.9997,0,0.0062,19.525,-2.4818,1]},
{"frame":15,"values":[1,0.0066,0.0063,0,-0.0067,0.9998,0.02,0,-0.0062,-0.02,0.9998,0,0.0062,19.525,-2.4818,1]},
{"frame":16,"values":[1,0.0019,-0.0077,0,-0.0017,0.9997,0.0244,0,0.0078,-0.0244,0.9997,0,0.0062,19.525,-2.4818,1]},
{"frame":17,"values":[0.9998,0.0043,-0.0217,0,-0.0038,0.9998,0.0187,0,0.0218,-0.0187,0.9996,0,0.0062,19.525,-2.4818,1]},
{"frame":18,"values":[0.9993,0.0065,-0.0358,0,-0.0061,0.9999,0.0131,0,0.0358,-0.0129,0.9993,0,0.0062,19.525,-2.4818,1]},
{"frame":19,"values":[0.9988,0.001,-0.0498,0,-0.0006,1,0.0075,0,0.0498,-0.0075,0.9987,0,0.0062,19.525,-2.4818,1]},
{"frame":20,"values":[0.998,-0.0047,-0.0637,0,0.0048,1,0.0019,0,0.0637,-0.0022,0.998,0,0.0062,19.525,-2.4818,1]},
{"frame":21,"values":[0.9987,-0.0103,-0.049,0,0.0106,0.9999,0.0048,0,0.049,-0.0053,0.9988,0,0.0062,19.525,-2.4818,1]},
{"frame":22,"values":[0.9993,-0.016,-0.0343,0,0.0162,0.9998,0.0078,0,0.0342,-0.0083,0.9994,0,0.0062,19.525,-2.4818,1]},
{"frame":23,"values":[0.9996,-0.0216,-0.0196,0,0.0217,0.9997,0.0064,0,0.0194,-0.0068,0.9998,0,0.0062,19.525,-2.4818,1]},
{"frame":24,"values":[0.9996,-0.0272,-0.0048,0,0.0273,0.9996,0.0099,0,0.0045,-0.01,0.9999,0,0.0062,19.525,-2.4818,1]},
{"frame":25,"values":[0.9998,-0.0146,0.0099,0,0.0145,0.9998,0.0134,0,-0.0101,-0.0133,0.9999,0,0.0062,19.525,-2.4818,1]},
{"frame":26,"values":[0.9997,-0.002,0.0247,0,0.0017,0.9999,0.0125,0,-0.0247,-0.0125,0.9996,0,0.0062,19.525,-2.4818,1]},
{"frame":27,"values":[0.9998,0.0073,0.021,0,-0.0074,1,0.0036,0,-0.0209,-0.0037,0.9998,0,0.0062,19.525,-2.4818,1]}],"loopBehavior":1,"name":"anim","property":"_matrix"}},
{"name":"mixamorig:Spine1","index":2,"matrix":[0.9985,0.0147,0.0535,0,-0.0151,0.9999,0.0069,0,-0.0534,-0.0077,0.9985,0,-0.0009,22.835,-2.8254,1],"rest":[1,0,0,0,0,1,0,0,0,0,1,0,-0.0009,22.835,-2.8254,1],"parentBoneIndex":1,"length":26.7438
,"animation":{"dataType":3,"framePerSecond":24,"keys":[
{"frame":1,"values":[0.9985,0.0147,0.0535,0,-0.0151,0.9999,0.0069,0,-0.0534,-0.0077,0.9985,0,-0.0009,22.835,-2.8254,1]},
{"frame":2,"values":[0.9995,0.0036,0.0327,0,-0.0041,0.9999,0.0155,0,-0.0326,-0.0156,0.9993,0,-0.0009,22.835,-2.8254,1]},
{"frame":3,"values":[1,-0.0038,-0.0025,0,0.0039,0.9994,0.0333,0,0.0023,-0.0333,0.9994,0,-0.0009,22.835,-2.8254,1]},
{"frame":4,"values":[0.9992,-0.0051,-0.0384,0,0.0065,0.9993,0.0365,0,0.0382,-0.0368,0.9986,0,-0.0009,22.835,-2.8254,1]},
{"frame":5,"values":[0.9977,-0.0115,-0.0674,0,0.0133,0.9995,0.027,0,0.067,-0.0278,0.9974,0,-0.0009,22.835,-2.8254,1]},
{"frame":6,"values":[0.9955,-0.0235,-0.0914,0,0.0251,0.9995,0.0169,0,0.091,-0.0191,0.9957,0,-0.0009,22.835,-2.8254,1]},
{"frame":7,"values":[0.9935,-0.03,-0.1094,0,0.0311,0.9995,0.0086,0,0.1091,-0.0119,0.994,0,-0.0009,22.835,-2.8254,1]},
{"frame":8,"values":[0.9935,-0.0225,-0.1116,0,0.0244,0.9996,0.0155,0,0.1112,-0.0181,0.9936,0,-0.0009,22.835,-2.8254,1]},
{"frame":9,"values":[0.9964,-0.0151,-0.084,0,0.0176,0.9994,0.0295,0,0.0835,-0.0309,0.996,0,-0.0009,22.835,-2.8254,1]},
{"frame":10,"values":[0.9984,-0.0076,-0.0563,0,0.0099,0.9991,0.0403,0,0.056,-0.0408,0.9976,0,-0.0009,22.835,-2.8254,1]},
{"frame":11,"values":[0.9996,-0.0001,-0.0286,0,0.0014,0.999,0.0457,0,0.0286,-0.0457,0.9985,0,-0.0009,22.835,-2.8254,1]},
{"frame":12,"values":[1,0.0074,-0.0009,0,-0.0074,0.9989,0.0462,0,0.0013,-0.0462,0.9989,0,-0.0009,22.835,-2.8254,1]},
{"frame":13,"values":[0.9995,0.015,0.0268,0,-0.0159,0.9992,0.0366,0,-0.0262,-0.037,0.999,0,-0.0009,22.835,-2.8254,1]},
{"frame":14,"values":[0.9983,0.0224,0.0545,0,-0.0241,0.9992,0.0304,0,-0.0537,-0.0317,0.9981,0,-0.0009,22.835,-2.8254,1]},
{"frame":15,"values":[0.9996,0.0161,0.0237,0,-0.017,0.9991,0.0397,0,-0.0231,-0.0401,0.9989,0,-0.0009,22.835,-2.8254,1]},
{"frame":16,"values":[0.9999,0.01,-0.0071,0,-0.0096,0.9988,0.0488,0,0.0076,-0.0487,0.9988,0,-0.0009,22.835,-2.8254,1]},
{"frame":17,"values":[0.9993,0.0043,-0.038,0,-0.0029,0.9993,0.0375,0,0.0381,-0.0374,0.9986,0,-0.0009,22.835,-2.8254,1]},
{"frame":18,"values":[0.9976,-0.0018,-0.0688,0,0.0036,0.9997,0.0261,0,0.0687,-0.0263,0.9973,0,-0.0009,22.835,-2.8254,1]},
{"frame":19,"values":[0.995,-0.0081,-0.0995,0,0.0096,0.9998,0.0145,0,0.0993,-0.0154,0.9949,0,-0.0009,22.835,-2.8254,1]},
{"frame":20,"values":[0.9914,-0.0149,-0.1299,0,0.0153,0.9999,0.0027,0,0.1299,-0.0047,0.9915,0,-0.0009,22.835,-2.8254,1]},
{"frame":21,"values":[0.9948,-0.021,-0.1,0,0.022,0.9997,0.0086,0,0.0998,-0.0108,0.995,0,-0.0009,22.835,-2.8254,1]},
{"frame":22,"values":[0.9972,-0.0274,-0.07,0,0.0285,0.9995,0.0147,0,0.0695,-0.0167,0.9974,0,-0.0009,22.835,-2.8254,1]},
{"frame":23,"values":[0.9986,-0.0337,-0.0398,0,0.0342,0.9993,0.0123,0,0.0394,-0.0136,0.9991,0,-0.0009,22.835,-2.8254,1]},
{"frame":24,"values":[0.9997,-0.0219,-0.0097,0,0.0221,0.9996,0.0198,0,0.0093,-0.02,0.9998,0,-0.0009,22.835,-2.8254,1]},
{"frame":25,"values":[0.9997,-0.0103,0.0205,0,0.0097,0.9996,0.0269,0,-0.0207,-0.0267,0.9994,0,-0.0009,22.835,-2.8254,1]},
{"frame":26,"values":[0.9987,0.0014,0.0506,0,-0.0027,0.9997,0.025,0,-0.0505,-0.0251,0.9984,0,-0.0009,22.835,-2.8254,1]},
{"frame":27,"values":[0.9985,0.0147,0.0535,0,-0.0151,0.9999,0.0069,0,-0.0534,-0.0077,0.9985,0,-0.0009,22.835,-2.8254,1]}],"loopBehavior":1,"name":"anim","property":"_matrix"}},
{"name":"mixamorig:Spine2","index":3,"matrix":[0.9985,0.0147,0.0535,0,-0.0151,0.9999,0.0069,0,-0.0534,-0.0077,0.9985,0,-0.0206,26.5525,-3.1933,1],"rest":[1,0,0,0,0,1,0,0,0,0,1,0,-0.0206,26.5525,-3.1933,1],"parentBoneIndex":2,"length":24.825
,"animation":{"dataType":3,"framePerSecond":24,"keys":[
{"frame":1,"values":[0.9985,0.0147,0.0535,0,-0.0151,0.9999,0.0069,0,-0.0534,-0.0077,0.9985,0,-0.0206,26.5525,-3.1933,1]},
{"frame":2,"values":[0.9995,0.0036,0.0327,0,-0.0041,0.9999,0.0155,0,-0.0326,-0.0156,0.9993,0,-0.0206,26.5525,-3.1933,1]},
{"frame":3,"values":[1,-0.0038,-0.0025,0,0.0039,0.9994,0.0333,0,0.0023,-0.0333,0.9994,0,-0.0206,26.5525,-3.1933,1]},
{"frame":4,"values":[0.9992,-0.0051,-0.0384,0,0.0065,0.9993,0.0365,0,0.0382,-0.0368,0.9986,0,-0.0206,26.5525,-3.1933,1]},
{"frame":5,"values":[0.9977,-0.0115,-0.0674,0,0.0133,0.9995,0.027,0,0.067,-0.0278,0.9974,0,-0.0206,26.5525,-3.1933,1]},
{"frame":6,"values":[0.9955,-0.0235,-0.0914,0,0.0251,0.9995,0.0169,0,0.091,-0.0191,0.9957,0,-0.0206,26.5525,-3.1933,1]},
{"frame":7,"values":[0.9935,-0.03,-0.1094,0,0.0311,0.9995,0.0086,0,0.1091,-0.0119,0.994,0,-0.0206,26.5525,-3.1933,1]},
{"frame":8,"values":[0.9935,-0.0225,-0.1116,0,0.0244,0.9996,0.0155,0,0.1112,-0.0181,0.9936,0,-0.0206,26.5525,-3.1933,1]},
{"frame":9,"values":[0.9964,-0.0151,-0.084,0,0.0176,0.9994,0.0295,0,0.0835,-0.0309,0.996,0,-0.0206,26.5525,-3.1933,1]},
{"frame":10,"values":[0.9984,-0.0076,-0.0563,0,0.0099,0.9991,0.0403,0,0.056,-0.0408,0.9976,0,-0.0206,26.5525,-3.1933,1]},
{"frame":11,"values":[0.9996,-0.0001,-0.0286,0,0.0014,0.999,0.0457,0,0.0286,-0.0457,0.9985,0,-0.0206,26.5525,-3.1933,1]},
{"frame":12,"values":[1,0.0074,-0.0009,0,-0.0074,0.9989,0.0462,0,0.0013,-0.0462,0.9989,0,-0.0206,26.5525,-3.1933,1]},
{"frame":13,"values":[0.9995,0.015,0.0268,0,-0.0159,0.9992,0.0366,0,-0.0262,-0.037,0.999,0,-0.0206,26.5525,-3.1933,1]},
{"frame":14,"values":[0.9983,0.0224,0.0545,0,-0.0241,0.9992,0.0304,0,-0.0537,-0.0317,0.9981,0,-0.0206,26.5525,-3.1933,1]},
{"frame":15,"values":[0.9996,0.0161,0.0237,0,-0.017,0.9991,0.0397,0,-0.0231,-0.0401,0.9989,0,-0.0206,26.5525,-3.1933,1]},
{"frame":16,"values":[0.9999,0.01,-0.0071,0,-0.0096,0.9988,0.0488,0,0.0076,-0.0487,0.9988,0,-0.0206,26.5525,-3.1933,1]},
{"frame":17,"values":[0.9993,0.0043,-0.038,0,-0.0029,0.9993,0.0375,0,0.0381,-0.0374,0.9986,0,-0.0206,26.5525,-3.1933,1]},
{"frame":18,"values":[0.9976,-0.0018,-0.0688,0,0.0036,0.9997,0.0261,0,0.0687,-0.0263,0.9973,0,-0.0206,26.5525,-3.1933,1]},
{"frame":19,"values":[0.995,-0.0081,-0.0995,0,0.0096,0.9998,0.0145,0,0.0993,-0.0154,0.9949,0,-0.0206,26.5525,-3.1933,1]},
{"frame":20,"values":[0.9914,-0.0149,-0.1299,0,0.0153,0.9999,0.0027,0,0.1299,-0.0047,0.9915,0,-0.0206,26.5525,-3.1933,1]},
{"frame":21,"values":[0.9948,-0.021,-0.1,0,0.022,0.9997,0.0086,0,0.0998,-0.0108,0.995,0,-0.0206,26.5525,-3.1933,1]},
{"frame":22,"values":[0.9972,-0.0274,-0.07,0,0.0285,0.9995,0.0147,0,0.0695,-0.0167,0.9974,0,-0.0206,26.5525,-3.1933,1]},
{"frame":23,"values":[0.9986,-0.0337,-0.0398,0,0.0342,0.9993,0.0123,0,0.0394,-0.0136,0.9991,0,-0.0206,26.5525,-3.1933,1]},
{"frame":24,"values":[0.9997,-0.0219,-0.0097,0,0.0221,0.9996,0.0198,0,0.0093,-0.02,0.9998,0,-0.0206,26.5525,-3.1933,1]},
{"frame":25,"values":[0.9997,-0.0103,0.0205,0,0.0097,0.9996,0.0269,0,-0.0207,-0.0267,0.9994,0,-0.0206,26.5525,-3.1933,1]},
{"frame":26,"values":[0.9987,0.0014,0.0506,0,-0.0027,0.9997,0.025,0,-0.0505,-0.0251,0.9984,0,-0.0206,26.5525,-3.1933,1]},
{"frame":27,"values":[0.9985,0.0147,0.0535,0,-0.0151,0.9999,0.0069,0,-0.0534,-0.0077,0.9985,0,-0.0206,26.5525,-3.1933,1]}],"loopBehavior":1,"name":"anim","property":"_matrix"}},
{"name":"mixamorig:Neck","index":4,"matrix":[0.9979,0.0633,0.0125,0,-0.0637,0.9974,0.0344,0,-0.0103,-0.0351,0.9993,0,-0.06,30.7018,1.3522,1],"rest":[1,0,0,0,0,1,0,0,0,0,1,0,-0.06,30.7018,1.3522,1],"parentBoneIndex":3,"length":22.8446
,"animation":{"dataType":3,"framePerSecond":24,"keys":[
{"frame":1,"values":[0.9979,0.0633,0.0125,0,-0.0637,0.9974,0.0344,0,-0.0103,-0.0351,0.9993,0,-0.06,30.7018,1.3522,1]},
{"frame":2,"values":[0.9979,0.0638,0.0113,0,-0.0641,0.9974,0.034,0,-0.0091,-0.0346,0.9994,0,-0.06,30.7018,1.3522,1]},
{"frame":3,"values":[0.9984,0.0551,0.0122,0,-0.0554,0.9981,0.0253,0,-0.0108,-0.0259,0.9996,0,-0.06,30.7018,1.3522,1]},
{"frame":4,"values":[0.9992,0.0378,0.0143,0,-0.0379,0.9993,0.0072,0,-0.014,-0.0077,0.9999,0,-0.06,30.7018,1.3522,1]},
{"frame":5,"values":[0.9996,0.0197,0.0179,0,-0.0195,0.9997,-0.0111,0,-0.0181,0.0107,0.9998,0,-0.06,30.7018,1.3522,1]},
{"frame":6,"values":[0.9997,-0.0015,0.0232,0,0.0018,0.9999,-0.016,0,-0.0232,0.016,0.9996,0,-0.06,30.7018,1.3522,1]},
{"frame":7,"values":[0.9993,-0.0234,0.0296,0,0.0237,0.9997,-0.0108,0,-0.0294,0.0114,0.9995,0,-0.06,30.7018,1.3522,1]},
{"frame":8,"values":[0.9988,-0.0355,0.0344,0,0.0357,0.9993,-0.0068,0,-0.0341,0.008,0.9994,0,-0.06,30.7018,1.3522,1]},
{"frame":9,"values":[0.9993,-0.0193,0.0334,0,0.0197,0.9997,-0.0112,0,-0.0332,0.0118,0.9994,0,-0.06,30.7018,1.3522,1]},
{"frame":10,"values":[0.9996,-0.0032,0.0292,0,0.0039,0.9997,-0.0231,0,-0.0291,0.0232,0.9993,0,-0.06,30.7018,1.3522,1]},
{"frame":11,"values":[0.9996,0.0129,0.0239,0,-0.0121,0.9994,-0.0314,0,-0.0242,0.0311,0.9992,0,-0.06,30.7018,1.3522,1]},
{"frame":12,"values":[0.9994,0.029,0.0185,0,-0.0285,0.9992,-0.0276,0,-0.0193,0.0271,0.9994,0,-0.06,30.7018,1.3522,1]},
{"frame":13,"values":[0.9989,0.0451,0.0132,0,-0.0448,0.9987,-0.0237,0,-0.0142,0.0231,0.9996,0,-0.06,30.7018,1.3522,1]},
{"frame":14,"values":[0.9981,0.0613,0.0079,0,-0.061,0.9977,-0.0299,0,-0.0097,0.0294,0.9995,0,-0.06,30.7018,1.3522,1]},
{"frame":15,"values":[0.997,0.0773,0.0025,0,-0.0772,0.9964,-0.036,0,-0.0053,0.0357,0.9993,0,-0.06,30.7018,1.3522,1]},
{"frame":16,"values":[0.9981,0.0615,0.0097,0,-0.0612,0.9978,-0.0265,0,-0.0113,0.0258,0.9996,0,-0.06,30.7018,1.3522,1]},
{"frame":17,"values":[0.9988,0.0455,0.0168,0,-0.0452,0.9988,-0.0168,0,-0.0175,0.016,0.9997,0,-0.06,30.7019,1.3522,1]},
{"frame":18,"values":[0.9993,0.0295,0.0237,0,-0.0293,0.9995,-0.007,0,-0.0239,0.0063,0.9997,0,-0.06,30.7018,1.3522,1]},
{"frame":19,"values":[0.9994,0.0134,0.0305,0,-0.0135,0.9999,0.0029,0,-0.0304,-0.0033,0.9995,0,-0.06,30.7018,1.3522,1]},
{"frame":20,"values":[0.9993,-0.0028,0.0371,0,0.0023,0.9999,0.0129,0,-0.0371,-0.0128,0.9992,0,-0.06,30.7018,1.3522,1]},
{"frame":21,"values":[0.9989,-0.019,0.0435,0,0.018,0.9996,0.023,0,-0.044,-0.0222,0.9988,0,-0.06,30.7018,1.3522,1]},
{"frame":22,"values":[0.9985,-0.0351,0.0412,0,0.0337,0.9989,0.0328,0,-0.0423,-0.0314,0.9986,0,-0.06,30.7018,1.3522,1]},
{"frame":23,"values":[0.9992,-0.0123,0.0389,0,0.0106,0.999,0.0427,0,-0.0394,-0.0422,0.9983,0,-0.06,30.7018,1.3522,1]},
{"frame":24,"values":[0.9991,0.0105,0.0401,0,-0.0121,0.9992,0.039,0,-0.0397,-0.0395,0.9984,0,-0.06,30.7018,1.3522,1]},
{"frame":25,"values":[0.999,0.0333,0.0297,0,-0.0344,0.9988,0.0353,0,-0.0285,-0.0363,0.9989,0,-0.06,30.7018,1.3522,1]},
{"frame":26,"values":[0.9982,0.0561,0.0192,0,-0.0567,0.9979,0.0318,0,-0.0174,-0.0328,0.9993,0,-0.06,30.7018,1.3522,1]},
{"frame":27,"values":[0.9979,0.0633,0.0125,0,-0.0637,0.9974,0.0344,0,-0.0103,-0.0351,0.9993,0,-0.06,30.7018,1.3522,1]}],"loopBehavior":1,"name":"anim","property":"_matrix"}},
{"name":"mixamorig:Head","index":5,"matrix":[0.9951,0.0158,-0.0974,0,-0.0372,0.9744,-0.2215,0,0.0914,0.2241,0.9703,0,-0.0872,22.5476,3.6709,1],"rest":[1,0,0,0,0,1,0,0,0,0,1,0,-0.0872,22.5476,3.6709,1],"parentBoneIndex":4,"length":30.5923
,"animation":{"dataType":3,"framePerSecond":24,"keys":[
{"frame":1,"values":[0.9951,0.0158,-0.0974,0,-0.0372,0.9744,-0.2215,0,0.0914,0.2241,0.9703,0,-0.0872,22.5476,3.6709,1]},
{"frame":2,"values":[0.9947,0.0099,-0.102,0,-0.0383,0.9592,-0.2803,0,0.095,0.2827,0.9545,0,-0.0872,22.5476,3.6709,1]},
{"frame":3,"values":[0.9961,0.0121,-0.0875,0,-0.0432,0.9308,-0.363,0,0.077,0.3654,0.9277,0,-0.0872,22.5476,3.6709,1]},
{"frame":4,"values":[0.9979,0.0269,-0.0596,0,-0.048,0.9204,-0.388,0,0.0444,0.39,0.9197,0,-0.0872,22.5476,3.6709,1]},
{"frame":5,"values":[0.9985,0.0486,-0.0242,0,-0.054,0.9338,-0.3537,0,0.0054,0.3545,0.935,0,-0.0872,22.5476,3.6709,1]},
{"frame":6,"values":[0.9965,0.0784,0.0303,0,-0.069,0.9687,-0.2384,0,-0.0481,0.2355,0.9707,0,-0.0872,22.5476,3.6709,1]},
{"frame":7,"values":[0.9902,0.1043,0.0932,0,-0.0869,0.9807,-0.175,0,-0.1097,0.1652,0.9801,0,-0.0872,22.5476,3.6709,1]},
{"frame":8,"values":[0.9839,0.1263,0.1267,0,-0.096,0.9704,-0.2217,0,-0.1509,0.2059,0.9669,0,-0.0872,22.5476,3.6709,1]},
{"frame":9,"values":[0.9864,0.1399,0.0866,0,-0.1031,0.9358,-0.3371,0,-0.1282,0.3236,0.9375,0,-0.0872,22.5476,3.6709,1]},
{"frame":10,"values":[0.9871,0.1533,0.0464,0,-0.1147,0.8784,-0.4639,0,-0.1118,0.4526,0.8847,0,-0.0872,22.5476,3.6709,1]},
{"frame":11,"values":[0.9922,0.1248,0.0061,0,-0.1085,0.8847,-0.4534,0,-0.0619,0.4492,0.8913,0,-0.0872,22.5476,3.6709,1]},
{"frame":12,"values":[0.9953,0.092,-0.0313,0,-0.0971,0.9274,-0.3614,0,-0.0043,0.3627,0.9319,0,-0.0872,22.5476,3.6709,1]},
{"frame":13,"values":[0.9954,0.0629,-0.0717,0,-0.0798,0.9606,-0.266,0,0.0522,0.2706,0.9613,0,-0.0872,22.5475,3.6709,1]},
{"frame":14,"values":[0.9927,0.0379,-0.1146,0,-0.0571,0.9839,-0.1693,0,0.1064,0.1746,0.9789,0,-0.0872,22.5476,3.6709,1]},
{"frame":15,"values":[0.9879,0.009,-0.1546,0,-0.0461,0.9701,-0.2381,0,0.1478,0.2423,0.9589,0,-0.0872,22.5476,3.6709,1]},
{"frame":16,"values":[0.995,-0.0198,-0.0983,0,-0.0116,0.951,-0.3088,0,0.0996,0.3084,0.946,0,-0.0872,22.5476,3.6709,1]},
{"frame":17,"values":[0.999,0.0148,-0.0417,0,-0.0294,0.9255,-0.3777,0,0.033,0.3786,0.925,0,-0.0872,22.5476,3.6709,1]},
{"frame":18,"values":[0.9985,0.0538,0.0122,0,-0.0477,0.9525,-0.3009,0,-0.0278,0.2998,0.9536,0,-0.0872,22.5476,3.6709,1]},
{"frame":19,"values":[0.9937,0.0882,0.0691,0,-0.0708,0.9723,-0.2229,0,-0.0869,0.2166,0.9724,0,-0.0872,22.5476,3.6709,1]},
{"frame":20,"values":[0.9848,0.1174,0.1283,0,-0.0984,0.9845,-0.1451,0,-0.1433,0.1303,0.9811,0,-0.0872,22.5477,3.6709,1]},
{"frame":21,"values":[0.9714,0.15,0.1843,0,-0.1125,0.9734,-0.1996,0,-0.2094,0.1731,0.9624,0,-0.0872,22.5476,3.6709,1]},
{"frame":22,"values":[0.9728,0.1864,0.1378,0,-0.1466,0.9551,-0.2576,0,-0.1796,0.2304,0.9564,0,-0.0872,22.5476,3.6709,1]},
{"frame":23,"values":[0.9715,0.2198,0.089,0,-0.1822,0.9321,-0.3131,0,-0.1518,0.2879,0.9456,0,-0.0872,22.5477,3.6709,1]},
{"frame":24,"values":[0.9866,0.1581,0.041,0,-0.1322,0.9203,-0.3681,0,-0.096,0.3578,0.9289,0,-0.0872,22.5476,3.6709,1]},
{"frame":25,"values":[0.9957,0.0931,-0.0043,0,-0.0904,0.9543,-0.2847,0,-0.0224,0.2839,0.9586,0,-0.0872,22.5476,3.6709,1]},
{"frame":26,"values":[0.998,0.0317,-0.0552,0,-0.0422,0.9786,-0.2014,0,0.0476,0.2033,0.978,0,-0.0872,22.5476,3.6709,1]},
{"frame":27,"values":[0.9951,0.0158,-0.0974,0,-0.0372,0.9744,-0.2215,0,0.0914,0.2241,0.9703,0,-0.0872,22.5476,3.6709,1]}],"loopBehavior":1,"name":"anim","property":"_matrix"}},
{"name":"mixamorig:HeadTop_End","index":6,"matrix":[1,0,0,0,0,1,0,0,0,0,1,0,-0.8306,40.3552,7.8935,1],"rest":[1,0,0,0,0,1,0,0,0,0,1,0,-0.8306,40.3552,7.8935,1],"parentBoneIndex":5,"length":30.5923
,"animation":{"dataType":3,"framePerSecond":24,"keys":[
{"frame":1,"values":[1,0,0,0,0,1,0,0,0,0,1,0,-0.8306,40.3552,7.8935,1]},
{"frame":10,"values":[1,0,0,0,0,1,0,0,0,0,1,0,-0.8306,40.3553,7.8935,1]},
{"frame":11,"values":[1,0,0,0,0,1,0,0,0,0,1,0,-0.8306,40.3552,7.8935,1]},
{"frame":21,"values":[1,0,0,0,0,1,0,0,0,0,1,0,-0.8306,40.3553,7.8935,1]},
{"frame":22,"values":[1,0,0,0,0,1,0,0,0,0,1,0,-0.8306,40.3552,7.8935,1]},
{"frame":27,"values":[1,0,0,0,0,1,0,0,0,0,1,0,-0.8306,40.3552,7.8935,1]}],"loopBehavior":1,"name":"anim","property":"_matrix"}},
{"name":"mixamorig:RightEye","index":7,"matrix":[1,0,0,0,0,1,0,0,0,0,1,0,-6.3021,18.1186,16.1971,1],"rest":[1,0,0,0,0,1,0,0,0,0,1,0,-6.3021,18.1186,16.1971,1],"parentBoneIndex":5,"length":30.5923
,"animation":{"dataType":3,"framePerSecond":24,"keys":[
{"frame":1,"values":[1,0,0,0,0,1,0,0,0,0,1,0,-6.3021,18.1186,16.1971,1]},
{"frame":2,"values":[1,0,0,0,0,1,0,0,0,0,1,0,-6.3021,18.1185,16.1971,1]},
{"frame":3,"values":[1,0,0,0,0,1,0,0,0,0,1,0,-6.3021,18.1186,16.1971,1]},
{"frame":5,"values":[1,0,0,0,0,1,0,0,0,0,1,0,-6.3021,18.1187,16.1971,1]},
{"frame":6,"values":[1,0,0,0,0,1,0,0,0,0,1,0,-6.3021,18.1186,16.1971,1]},
{"frame":8,"values":[1,0,0,0,0,1,0,0,0,0,1,0,-6.3021,18.1185,16.1971,1]},
{"frame":9,"values":[1,0,0,0,0,1,0,0,0,0,1,0,-6.3021,18.1186,16.1971,1]},
{"frame":27,"values":[1,0,0,0,0,1,0,0,0,0,1,0,-6.3021,18.1186,16.1971,1]}],"loopBehavior":1,"name":"anim","property":"_matrix"}},
{"name":"mixamorig:LeftEye","index":8,"matrix":[1,0,0,0,0,1,0,0,0,0,1,0,6.7415,18.3827,16.4019,1],"rest":[1,0,0,0,0,1,0,0,0,0,1,0,6.7415,18.3827,16.4019,1],"parentBoneIndex":5,"length":30.5923
,"animation":{"dataType":3,"framePerSecond":24,"keys":[
{"frame":1,"values":[1,0,0,0,0,1,0,0,0,0,1,0,6.7415,18.3827,16.4019,1]},
{"frame":2,"values":[1,0,0,0,0,1,0,0,0,0,1,0,6.7415,18.3826,16.4019,1]},
{"frame":3,"values":[1,0,0,0,0,1,0,0,0,0,1,0,6.7415,18.3827,16.4019,1]},
{"frame":10,"values":[1,0,0,0,0,1,0,0,0,0,1,0,6.7415,18.3828,16.4019,1]},
{"frame":11,"values":[1,0,0,0,0,1,0,0,0,0,1,0,6.7415,18.3827,16.4019,1]},
{"frame":27,"values":[1,0,0,0,0,1,0,0,0,0,1,0,6.7415,18.3827,16.4019,1]}],"loopBehavior":1,"name":"anim","property":"_matrix"}},
{"name":"mixamorig:LeftShoulder","index":9,"matrix":[1,0.0062,0,0,-0.0062,1,0,0,0,0,1,0,11.9249,18.2305,1.4254,1],"rest":[1,0.0062,0,0,-0.0062,1,0,0,0,0,1,0,11.9249,18.2305,1.4254,1],"parentBoneIndex":3,"length":25.9773
,"animation":{"dataType":3,"framePerSecond":24,"keys":[
{"frame":1,"values":[1,0.0062,0,0,-0.0062,1,0,0,0,0,1,0,11.9249,18.2305,1.4254,1]},
{"frame":27,"values":[1,0.0062,0,0,-0.0062,1,0,0,0,0,1,0,11.9249,18.2305,1.4254,1]}],"loopBehavior":1,"name":"anim","property":"_matrix"}},
{"name":"mixamorig:LeftArm","index":10,"matrix":[0.6005,-0.1388,0.7875,0,0.3958,0.9073,-0.142,0,-0.6948,0.397,0.5998,0,25.4312,-0.8546,-5.2293,1],"rest":[0.9983,0.0295,0.0512,0,-0.0294,0.9996,-0.0017,0,-0.0512,0.0002,0.9987,0,25.4312,-0.8546,-5.2293,1],"parentBoneIndex":9,"length":54.6848
,"animation":{"dataType":3,"framePerSecond":24,"keys":[
{"frame":1,"values":[0.5949,-0.1351,0.7924,0,0.3959,0.9071,-0.1427,0,-0.6995,0.3986,0.5931,0,25.4312,-0.8547,-5.2293,1]},
{"frame":2,"values":[0.6245,-0.1852,0.7588,0,0.4107,0.9042,-0.1174,0,-0.6643,0.3849,0.6407,0,25.4312,-0.8546,-5.2293,1]},
{"frame":3,"values":[0.6518,-0.2326,0.7219,0,0.4139,0.9067,-0.0815,0,-0.6355,0.3519,0.6872,0,25.4312,-0.8547,-5.2293,1]},
{"frame":4,"values":[0.6863,-0.2572,0.6803,0,0.3893,0.92,-0.0448,0,-0.6144,0.2956,0.7316,0,25.4312,-0.8546,-5.2293,1]},
{"frame":5,"values":[0.7363,-0.2593,0.625,0,0.3617,0.9314,-0.0397,0,-0.5719,0.2553,0.7796,0,25.4312,-0.8547,-5.2293,1]},
{"frame":6,"values":[0.7674,-0.2371,0.5958,0,0.3412,0.9376,-0.0665,0,-0.5429,0.2543,0.8004,0,25.4312,-0.8546,-5.2293,1]},
{"frame":7,"values":[0.7711,-0.1909,0.6074,0,0.3269,0.9374,-0.1204,0,-0.5463,0.2914,0.7852,0,25.4312,-0.8547,-5.2293,1]},
{"frame":8,"values":[0.7446,-0.1278,0.6552,0,0.3367,0.9194,-0.2034,0,-0.5764,0.372,0.7276,0,25.4312,-0.8546,-5.2293,1]},
{"frame":9,"values":[0.6784,-0.0644,0.7319,0,0.3728,0.8886,-0.2674,0,-0.6331,0.4542,0.6268,0,25.4312,-0.8546,-5.2293,1]},
{"frame":10,"values":[0.6176,-0.0065,0.7865,0,0.4057,0.8593,-0.3115,0,-0.6737,0.5115,0.5333,0,25.4312,-0.8546,-5.2293,1]},
{"frame":11,"values":[0.5515,0.027,0.8337,0,0.4333,0.8448,-0.314,0,-0.7128,0.5345,0.4542,0,25.4312,-0.8547,-5.2293,1]},
{"frame":12,"values":[0.4919,0.0146,0.8705,0,0.4384,0.8597,-0.2621,0,-0.7522,0.5106,0.4165,0,25.4312,-0.8547,-5.2293,1]},
{"frame":13,"values":[0.4884,-0.0441,0.8715,0,0.3947,0.9019,-0.1756,0,-0.7782,0.4298,0.4579,0,25.4312,-0.8546,-5.2293,1]},
{"frame":14,"values":[0.4879,-0.1027,0.8668,0,0.3487,0.9333,-0.0858,0,-0.8002,0.3441,0.4912,0,25.4312,-0.8547,-5.2293,1]},
{"frame":15,"values":[0.5459,-0.1607,0.8223,0,0.3606,0.9309,-0.0574,0,-0.7563,0.3279,0.5661,0,25.4312,-0.8546,-5.2293,1]},
{"frame":16,"values":[0.5996,-0.2173,0.7703,0,0.3745,0.9267,-0.0301,0,-0.7073,0.3065,0.637,0,25.4312,-0.8546,-5.2293,1]},
{"frame":17,"values":[0.6483,-0.2715,0.7113,0,0.3902,0.9207,-0.0041,0,-0.6538,0.2802,0.7028,0,25.4312,-0.8546,-5.2293,1]},
{"frame":18,"values":[0.6914,-0.3228,0.6463,0,0.4075,0.913,0.0202,0,-0.5966,0.2494,0.7628,0,25.4312,-0.8546,-5.2293,1]},
{"frame":19,"values":[0.7385,-0.2801,0.6133,0,0.3936,0.9176,-0.0549,0,-0.5474,0.2819,0.7879,0,25.4312,-0.8547,-5.2293,1]},
{"frame":20,"values":[0.7827,-0.2385,0.5749,0,0.3746,0.9182,-0.129,0,-0.4971,0.3163,0.808,0,25.4312,-0.8547,-5.2293,1]},
{"frame":21,"values":[0.8234,-0.1985,0.5315,0,0.3506,0.9146,-0.2015,0,-0.4461,0.3523,0.8227,0,25.4312,-0.8546,-5.2293,1]},
{"frame":22,"values":[0.7976,-0.1229,0.5906,0,0.3633,0.8794,-0.3076,0,-0.4815,0.4599,0.746,0,25.4312,-0.8546,-5.2293,1]},
{"frame":23,"values":[0.7435,-0.0895,0.6627,0,0.3774,0.8742,-0.3054,0,-0.552,0.4772,0.6838,0,25.4312,-0.8546,-5.2293,1]},
{"frame":24,"values":[0.6826,-0.0545,0.7287,0,0.3914,0.8694,-0.3016,0,-0.6171,0.4911,0.6148,0,25.4312,-0.8547,-5.2293,1]},
{"frame":25,"values":[0.6158,-0.0183,0.7877,0,0.405,0.8649,-0.2965,0,-0.6758,0.5016,0.5401,0,25.4312,-0.8547,-5.2293,1]},
{"frame":26,"values":[0.5648,-0.0629,0.8228,0,0.3953,0.8959,-0.2029,0,-0.7244,0.4398,0.5309,0,25.4312,-0.8546,-5.2293,1]},
{"frame":27,"values":[0.6005,-0.1388,0.7875,0,0.3958,0.9073,-0.142,0,-0.6948,0.397,0.5998,0,25.4312,-0.8546,-5.2293,1]}],"loopBehavior":1,"name":"anim","property":"_matrix"}},
{"name":"mixamorig:LeftForeArm","index":11,"matrix":[0.7296,0.0009,0.6839,0,0.0162,0.9997,-0.0187,0,-0.6837,0.0247,0.7294,0,54.5783,-1.9463,-2.8009,1],"rest":[0.9943,-0.0088,-0.1062,0,0.0091,1,0.0028,0,0.1061,-0.0038,0.9943,0,54.5783,-1.9463,-2.8009,1],"parentBoneIndex":10,"length":55.0982
,"animation":{"dataType":3,"framePerSecond":24,"keys":[
{"frame":1,"values":[0.74,0.0005,0.6727,0,0.016,0.9997,-0.0184,0,-0.6725,0.0243,0.7397,0,54.5783,-1.9463,-2.8009,1]},
{"frame":2,"values":[0.7612,0.0001,0.6485,0,0.015,0.9997,-0.0178,0,-0.6483,0.0233,0.761,0,54.5783,-1.9462,-2.8009,1]},
{"frame":3,"values":[0.8116,-0.0003,0.5842,0,0.0121,0.9998,-0.0163,0,-0.5841,0.0203,0.8114,0,54.5783,-1.9463,-2.8009,1]},
{"frame":4,"values":[0.8251,-0.0008,0.5651,0,0.0119,0.9998,-0.0159,0,-0.5649,0.0198,0.8249,0,54.5783,-1.9463,-2.8009,1]},
{"frame":5,"values":[0.8163,-0.0012,0.5777,0,0.0131,0.9998,-0.0164,0,-0.5775,0.021,0.8161,0,54.5783,-1.9462,-2.8009,1]},
{"frame":6,"values":[0.8424,-0.0018,0.5389,0,0.0121,0.9998,-0.0157,0,-0.5388,0.0198,0.8422,0,54.5783,-1.9463,-2.8009,1]},
{"frame":7,"values":[0.8623,-0.0023,0.5065,0,0.0115,0.9998,-0.015,0,-0.5063,0.0187,0.8621,0,54.5783,-1.9463,-2.8009,1]},
{"frame":8,"values":[0.8719,-0.0028,0.4896,0,0.0114,0.9998,-0.0146,0,-0.4895,0.0183,0.8718,0,54.5783,-1.9463,-2.8009,1]},
{"frame":9,"values":[0.9105,-0.0028,0.4136,0,0.0086,0.9999,-0.0123,0,-0.4135,0.0148,0.9104,0,54.5783,-1.9463,-2.8009,1]},
{"frame":10,"values":[0.9063,-0.0026,0.4227,0,0.0093,0.9999,-0.0138,0,-0.4226,0.0165,0.9062,0,54.5783,-1.9463,-2.8009,1]},
{"frame":11,"values":[0.8926,-0.0024,0.4508,0,0.0104,0.9998,-0.0152,0,-0.4507,0.0182,0.8925,0,54.5783,-1.9463,-2.8009,1]},
{"frame":12,"values":[0.8655,-0.0022,0.501,0,0.0119,0.9998,-0.0162,0,-0.5008,0.02,0.8653,0,54.5783,-1.9462,-2.8009,1]},
{"frame":13,"values":[0.8315,-0.0021,0.5555,0,0.0138,0.9998,-0.0169,0,-0.5553,0.0218,0.8313,0,54.5783,-1.9463,-2.8009,1]},
{"frame":14,"values":[0.7941,-0.0019,0.6078,0,0.0158,0.9997,-0.0175,0,-0.6076,0.0235,0.7939,0,54.5783,-1.9463,-2.8009,1]},
{"frame":15,"values":[0.7534,-0.0016,0.6575,0,0.0178,0.9997,-0.018,0,-0.6573,0.0253,0.7532,0,54.5783,-1.9463,-2.8009,1]},
{"frame":16,"values":[0.7577,-0.0014,0.6526,0,0.0174,0.9997,-0.018,0,-0.6524,0.025,0.7575,0,54.5783,-1.9463,-2.8009,1]},
{"frame":17,"values":[0.7619,-0.0013,0.6477,0,0.0171,0.9997,-0.0181,0,-0.6475,0.0248,0.7617,0,54.5783,-1.9463,-2.8009,1]},
{"frame":18,"values":[0.7661,-0.0012,0.6428,0,0.0167,0.9997,-0.0181,0,-0.6425,0.0246,0.7659,0,54.5783,-1.9462,-2.8009,1]},
{"frame":19,"values":[0.7326,-0.001,0.6807,0,0.0195,0.9996,-0.0194,0,-0.6804,0.0275,0.7323,0,54.5783,-1.9463,-2.8009,1]},
{"frame":20,"values":[0.6894,-0.0009,0.7244,0,0.0231,0.9995,-0.0208,0,-0.724,0.0311,0.6891,0,54.5783,-1.9463,-2.8009,1]},
{"frame":21,"values":[0.6905,-0.0007,0.7233,0,0.0229,0.9995,-0.0209,0,-0.7229,0.031,0.6902,0,54.5783,-1.9462,-2.8009,1]},
{"frame":22,"values":[0.7054,-0.0007,0.7088,0,0.0214,0.9996,-0.0203,0,-0.7085,0.0295,0.7051,0,54.5783,-1.9463,-2.8009,1]},
{"frame":23,"values":[0.72,-0.0005,0.694,0,0.0198,0.9996,-0.0198,0,-0.6937,0.028,0.7197,0,54.5783,-1.9463,-2.8009,1]},
{"frame":24,"values":[0.7395,-0.0005,0.6732,0,0.0179,0.9997,-0.019,0,-0.6729,0.0261,0.7392,0,54.5783,-1.9462,-2.8009,1]},
{"frame":25,"values":[0.7584,-0.0004,0.6518,0,0.0161,0.9997,-0.0182,0,-0.6516,0.0243,0.7582,0,54.5783,-1.9463,-2.8009,1]},
{"frame":26,"values":[0.7767,-0.0002,0.6299,0,0.0143,0.9997,-0.0173,0,-0.6297,0.0224,0.7765,0,54.5783,-1.9463,-2.8009,1]},
{"frame":27,"values":[0.7296,0.0009,0.6839,0,0.0162,0.9997,-0.0187,0,-0.6837,0.0247,0.7294,0,54.5783,-1.9463,-2.8009,1]}],"loopBehavior":1,"name":"anim","property":"_matrix"}},
{"name":"mixamorig:LeftHand","index":12,"matrix":[0.586,0.7832,0.208,0,-0.7868,0.4884,0.3775,0,0.1941,-0.3849,0.9023,0,54.9948,-1.4671,3.0376,1],"rest":[0.9961,0.088,0.001,0,-0.0871,0.9842,0.154,0,0.0125,-0.1535,0.9881,0,54.9948,-1.4671,3.0376,1],"parentBoneIndex":11,"length":20.3347
,"animation":{"dataType":3,"framePerSecond":24,"keys":[
{"frame":1,"values":[0.5849,0.783,0.2118,0,-0.7891,0.4889,0.3719,0,0.1876,-0.3847,0.9038,0,54.9948,-1.4671,3.0376,1]},
{"frame":2,"values":[0.6774,0.655,0.3349,0,-0.727,0.5268,0.4404,0,0.112,-0.5418,0.833,0,54.9948,-1.4671,3.0376,1]},
{"frame":3,"values":[0.6792,0.6008,0.4217,0,-0.7317,0.5089,0.4535,0,0.0578,-0.6165,0.7852,0,54.9948,-1.4671,3.0376,1]},
{"frame":4,"values":[0.6493,0.6381,0.4138,0,-0.7598,0.5682,0.3161,0,-0.0334,-0.5196,0.8538,0,54.9948,-1.4671,3.0376,1]},
{"frame":5,"values":[0.878,0.3527,0.3236,0,-0.4643,0.792,0.3965,0,-0.1164,-0.4983,0.8591,0,54.9948,-1.4671,3.0376,1]},
{"frame":6,"values":[0.9178,0.3307,0.2196,0,-0.3961,0.7992,0.4521,0,-0.026,-0.5019,0.8645,0,54.9948,-1.4671,3.0376,1]},
{"frame":7,"values":[0.8345,0.5075,0.2145,0,-0.5383,0.6679,0.514,0,0.1175,-0.5444,0.8306,0,54.9948,-1.4671,3.0376,1]},
{"frame":8,"values":[0.6299,0.7394,0.2378,0,-0.7303,0.4596,0.5055,0,0.2644,-0.4921,0.8294,0,54.9948,-1.4671,3.0376,1]},
{"frame":9,"values":[0.3864,0.8836,0.2645,0,-0.86,0.2415,0.4496,0,0.3334,-0.4012,0.8532,0,54.9948,-1.4671,3.0376,1]},
{"frame":10,"values":[0.2192,0.9442,0.2457,0,-0.9002,0.0987,0.4241,0,0.3762,-0.3142,0.8717,0,54.9948,-1.4671,3.0376,1]},
{"frame":11,"values":[0.0672,0.9831,0.1702,0,-0.8991,-0.0142,0.4374,0,0.4325,-0.1825,0.883,0,54.9948,-1.4671,3.0376,1]},
{"frame":12,"values":[-0.0721,0.9959,0.0555,0,-0.9209,-0.0878,0.3797,0,0.383,-0.0238,0.9234,0,54.9948,-1.4671,3.0376,1]},
{"frame":13,"values":[0.1453,0.9854,0.0892,0,-0.937,0.1081,0.3321,0,0.3175,-0.1318,0.939,0,54.9948,-1.4671,3.0376,1]},
{"frame":14,"values":[0.4854,0.8729,0.0495,0,-0.8425,0.4518,0.2932,0,0.2335,-0.184,0.9548,0,54.9948,-1.4671,3.0376,1]},
{"frame":15,"values":[0.7253,0.6545,0.2137,0,-0.6883,0.682,0.2473,0,0.0162,-0.3264,0.9451,0,54.9948,-1.4671,3.0376,1]},
{"frame":16,"values":[0.7817,0.5865,0.2119,0,-0.6234,0.7254,0.292,0,0.0176,-0.3604,0.9326,0,54.9948,-1.4671,3.0376,1]},
{"frame":17,"values":[0.8326,0.5142,0.206,0,-0.5537,0.7619,0.3361,0,0.0159,-0.3939,0.919,0,54.9948,-1.4671,3.0376,1]},
{"frame":18,"values":[0.8771,0.4385,0.1961,0,-0.4802,0.791,0.379,0,0.0111,-0.4266,0.9044,0,54.9948,-1.4671,3.0376,1]},
{"frame":19,"values":[0.8329,0.521,0.1869,0,-0.547,0.7235,0.4212,0,0.0842,-0.453,0.8875,0,54.9948,-1.4671,3.0376,1]},
{"frame":20,"values":[0.7795,0.5994,0.1819,0,-0.6056,0.6471,0.4631,0,0.1599,-0.4711,0.8675,0,54.9948,-1.4671,3.0376,1]},
{"frame":21,"values":[0.7179,0.6721,0.1813,0,-0.6547,0.5634,0.5039,0,0.2365,-0.4805,0.8445,0,54.9948,-1.4671,3.0376,1]},
{"frame":22,"values":[0.6493,0.7376,0.1852,0,-0.6932,0.4739,0.543,0,0.3127,-0.481,0.8191,0,54.9948,-1.4671,3.0376,1]},
{"frame":23,"values":[0.5752,0.7949,0.1934,0,-0.7207,0.3806,0.5794,0,0.387,-0.4726,0.7918,0,54.9948,-1.4671,3.0376,1]},
{"frame":24,"values":[0.3703,0.9111,0.1809,0,-0.8395,0.2449,0.4851,0,0.3977,-0.3315,0.8555,0,54.9948,-1.4671,3.0376,1]},
{"frame":25,"values":[0.1477,0.9788,0.1422,0,-0.9165,0.0814,0.3916,0,0.3717,-0.1882,0.9091,0,54.9948,-1.4671,3.0376,1]},
{"frame":26,"values":[0.3654,0.898,0.245,0,-0.9116,0.292,0.2893,0,0.1883,-0.329,0.9254,0,54.9948,-1.4671,3.0376,1]},
{"frame":27,"values":[0.586,0.7832,0.208,0,-0.7868,0.4884,0.3775,0,0.1941,-0.3849,0.9023,0,54.9948,-1.4671,3.0376,1]}],"loopBehavior":1,"name":"anim","property":"_matrix"}},
{"name":"mixamorig:LeftHandMiddle1","index":13,"matrix":[0.845,-0.5187,0.1302,0,0.5204,0.8536,0.0233,0,-0.1232,0.048,0.9912,0,23.1821,-2.445,1.6605,1],"rest":[0.9974,-0.0561,0.045,0,0.0561,0.9984,0.0005,0,-0.045,0.002,0.999,0,23.1821,-2.445,1.6605,1],"parentBoneIndex":12,"length":6.3787
,"animation":{"dataType":3,"framePerSecond":24,"keys":[
{"frame":1,"values":[0.845,-0.5187,0.1302,0,0.5204,0.8536,0.0233,0,-0.1232,0.048,0.9912,0,23.1821,-2.445,1.6605,1]},
{"frame":2,"values":[0.8561,-0.5013,0.1257,0,0.5028,0.8641,0.0219,0,-0.1196,0.0445,0.9918,0,23.1821,-2.445,1.6605,1]},
{"frame":3,"values":[0.8772,-0.4643,0.122,0,0.4658,0.8847,0.0178,0,-0.1163,0.0412,0.9924,0,23.1821,-2.445,1.6605,1]},
{"frame":4,"values":[0.8934,-0.4312,0.1261,0,0.4331,0.9013,0.0139,0,-0.1197,0.0422,0.9919,0,23.1821,-2.445,1.6605,1]},
{"frame":5,"values":[0.8913,-0.4379,0.1179,0,0.4394,0.8982,0.0147,0,-0.1123,0.0387,0.9929,0,23.1821,-2.445,1.6605,1]},
{"frame":6,"values":[0.8787,-0.465,0.1078,0,0.4659,0.8846,0.018,0,-0.1037,0.0344,0.994,0,23.1821,-2.445,1.6605,1]},
{"frame":7,"values":[0.8572,-0.5035,0.1081,0,0.5042,0.8633,0.0226,0,-0.1047,0.0351,0.9939,0,23.1821,-2.445,1.6605,1]},
{"frame":8,"values":[0.838,-0.5379,0.0916,0,0.5378,0.8426,0.0282,0,-0.0923,0.0256,0.9954,0,23.1821,-2.445,1.6605,1]},
{"frame":9,"values":[0.8511,-0.5164,0.0951,0,0.5165,0.8559,0.0251,0,-0.0944,0.0278,0.9952,0,23.1821,-2.445,1.6605,1]},
{"frame":10,"values":[0.87,-0.4794,0.1152,0,0.4805,0.8768,0.0192,0,-0.1102,0.0387,0.9932,0,23.1821,-2.445,1.6605,1]},
{"frame":11,"values":[0.8736,-0.4693,0.1285,0,0.4712,0.8819,0.0171,0,-0.1214,0.0456,0.9916,0,23.1821,-2.445,1.6605,1]},
{"frame":12,"values":[0.8704,-0.4767,0.1233,0,0.4783,0.878,0.0184,0,-0.117,0.043,0.9922,0,23.1821,-2.445,1.6605,1]},
{"frame":13,"values":[0.863,-0.4908,0.1194,0,0.4921,0.8703,0.0204,0,-0.1139,0.0412,0.9926,0,23.1821,-2.445,1.6605,1]},
{"frame":14,"values":[0.8507,-0.5128,0.1155,0,0.514,0.8575,0.0211,0,-0.1098,0.0414,0.9931,0,23.1821,-2.445,1.6605,1]},
{"frame":15,"values":[0.8428,-0.5266,0.1115,0,0.5277,0.8491,0.0218,0,-0.1062,0.0405,0.9935,0,23.1821,-2.445,1.6605,1]},
{"frame":16,"values":[0.8519,-0.5123,0.1087,0,0.5131,0.858,0.0225,0,-0.1048,0.0366,0.9938,0,23.1821,-2.445,1.6605,1]},
{"frame":17,"values":[0.8527,-0.5116,0.1058,0,0.5122,0.8586,0.0232,0,-0.1027,0.0344,0.9941,0,23.1821,-2.445,1.6605,1]},
{"frame":18,"values":[0.8535,-0.5109,0.103,0,0.5113,0.8591,0.0239,0,-0.1006,0.0323,0.9944,0,23.1821,-2.445,1.6605,1]},
{"frame":19,"values":[0.8365,-0.534,0.1229,0,0.5352,0.8443,0.0263,0,-0.1178,0.0438,0.9921,0,23.1821,-2.445,1.6605,1]},
{"frame":20,"values":[0.8158,-0.5605,0.1427,0,0.5626,0.8262,0.0287,0,-0.134,0.0569,0.9893,0,23.1821,-2.445,1.6605,1]},
{"frame":21,"values":[0.8199,-0.5545,0.1424,0,0.5571,0.8301,0.025,0,-0.132,0.0589,0.9895,0,23.1821,-2.445,1.6605,1]},
{"frame":22,"values":[0.824,-0.5486,0.142,0,0.5511,0.8341,0.0244,0,-0.1319,0.0582,0.9896,0,23.1821,-2.445,1.6605,1]},
{"frame":23,"values":[0.828,-0.5426,0.1417,0,0.5451,0.8381,0.0239,0,-0.1317,0.0575,0.9896,0,23.1821,-2.445,1.6605,1]},
{"frame":24,"values":[0.832,-0.5365,0.1414,0,0.539,0.842,0.0233,0,-0.1315,0.0568,0.9897,0,23.1821,-2.445,1.6605,1]},
{"frame":25,"values":[0.8359,-0.5304,0.141,0,0.5329,0.8459,0.0228,0,-0.1313,0.0561,0.9897,0,23.1821,-2.445,1.6605,1]},
{"frame":26,"values":[0.8468,-0.5148,0.134,0,0.5168,0.8558,0.0222,0,-0.1261,0.0504,0.9907,0,23.1821,-2.445,1.6605,1]},
