{"producer":{"name":"Blender","version":"2.79 (sub 0)","exporter_version":"5.6.4","file":"sadidle.babylon"},
"autoClear":true,"clearColor":[0.0509,0.0509,0.0509],"ambientColor":[0,0,0],"gravity":[0,-9.81,0],
"materials":[{"name":"sadidle.Material","id":"sadidle.Material","ambient":[0,0,0],"diffuse":[0,0,0],"specular":[0,0,0],"emissive":[0,0,0],"specularPower":50,"alpha":0.001,"backFaceCulling":true,"checkReadyOnlyOnce":false,"maxSimultaneousLights":4}],
"multiMaterials":[],
"skeletons":[{"name":"Armature","id":0,"dimensionsAtRest":[379.1952,391.6652,55.677],"bones":[
{"name":"mixamorig:Hips","index":0,"matrix":[0.9977,-0.0405,-0.0546,0,0.046,0.9935,0.104,0,-0.05,0.1063,-0.9931,0,0.3253,198.9705,0.7031,1],"rest":[1,0,0,0,0,1,0,0,0,0,-1,0,0,201.6394,0,1],"parentBoneIndex":-1,"length":21.6784
,"animation":{"dataType":3,"framePerSecond":24,"keys":[
{"frame":1,"values":[0.9977,-0.0405,-0.0546,0,0.0461,0.9935,0.104,0,-0.05,0.1063,-0.9931,0,0.3257,198.9705,0.7031,1]},
{"frame":2,"values":[0.9977,-0.0406,-0.0545,0,0.0462,0.9934,0.1053,0,-0.0498,0.1076,-0.9929,0,0.1998,198.9438,0.6043,1]},
{"frame":3,"values":[0.9977,-0.0409,-0.0536,0,0.0465,0.9932,0.1071,0,-0.0488,0.1093,-0.9928,0,-0.0047,198.894,0.4486,1]},
{"frame":4,"values":[0.9978,-0.0414,-0.0518,0,0.0469,0.9928,0.1103,0,-0.0468,0.1125,-0.9925,0,-0.3081,198.785,0.175,1]},
{"frame":5,"values":[0.998,-0.0422,-0.0475,0,0.0474,0.9923,0.1145,0,-0.0423,0.1165,-0.9923,0,-0.7064,198.599,-0.2765,1]},
{"frame":6,"values":[0.9982,-0.0429,-0.0409,0,0.0474,0.9919,0.1176,0,-0.0356,0.1193,-0.9922,0,-1.0651,198.4587,-0.8045,1]},
{"frame":7,"values":[0.9985,-0.0424,-0.036,0,0.0464,0.9918,0.1193,0,-0.0307,0.1208,-0.9922,0,-1.3078,198.4993,-1.3144,1]},
{"frame":8,"values":[0.9986,-0.0408,-0.0342,0,0.0446,0.9918,0.1197,0,-0.029,0.121,-0.9922,0,-1.3948,198.6961,-1.8321,1]},
{"frame":9,"values":[0.9987,-0.0388,-0.0334,0,0.0425,0.9922,0.1175,0,-0.0286,0.1188,-0.9925,0,-1.4818,198.9113,-2.1556,1]},
{"frame":10,"values":[0.9988,-0.0375,-0.0329,0,0.0409,0.9928,0.1127,0,-0.0284,0.1139,-0.9931,0,-1.5688,199.0701,-2.4792,1]},
{"frame":11,"values":[0.9988,-0.0369,-0.0331,0,0.0403,0.9933,0.1086,0,-0.0289,0.1098,-0.9935,0,-1.398,199.229,-2.8027,1]},
{"frame":12,"values":[0.9988,-0.0354,-0.0339,0,0.0388,0.9936,0.1065,0,-0.0299,0.1077,-0.9937,0,-1.2272,199.4516,-3.1263,1]},
{"frame":13,"values":[0.9988,-0.0339,-0.0343,0,0.0373,0.9939,0.104,0,-0.0305,0.1051,-0.994,0,-1.0564,199.6733,-3.4499,1]},
{"frame":14,"values":[0.9989,-0.0324,-0.0337,0,0.0357,0.9942,0.1014,0,-0.0302,0.1025,-0.9943,0,-0.8856,199.7227,-3.7734,1]},
{"frame":15,"values":[0.999,-0.031,-0.0332,0,0.0341,0.9945,0.0991,0,-0.0299,0.1001,-0.9945,0,-0.7148,199.7721,-4.097,1]},
{"frame":16,"values":[0.9989,-0.0295,-0.0361,0,0.0328,0.9948,0.0968,0,-0.0331,0.0979,-0.9946,0,-0.544,199.8215,-4.4205,1]},
{"frame":17,"values":[0.9988,-0.028,-0.0391,0,0.0316,0.995,0.0945,0,-0.0362,0.0956,-0.9948,0,-0.3733,199.8709,-4.7441,1]},
{"frame":18,"values":[0.9988,-0.0265,-0.042,0,0.0303,0.9953,0.0921,0,-0.0394,0.0933,-0.9949,0,-0.2025,199.9204,-5.0677,1]},
{"frame":19,"values":[0.9987,-0.025,-0.0449,0,0.029,0.9955,0.0898,0,-0.0425,0.091,-0.9949,0,-0.0317,199.9698,-5.3912,1]},
{"frame":20,"values":[0.9986,-0.0235,-0.0479,0,0.0277,0.9958,0.0875,0,-0.0456,0.0887,-0.995,0,0.1391,200.0192,-5.7148,1]},
{"frame":21,"values":[0.9985,-0.0221,-0.0508,0,0.0263,0.996,0.0852,0,-0.0487,0.0864,-0.9951,0,0.3099,200.0686,-6.0383,1]},
{"frame":22,"values":[0.9983,-0.0206,-0.0538,0,0.025,0.9962,0.0829,0,-0.0519,0.0841,-0.9951,0,0.4807,200.118,-6.3619,1]},
{"frame":23,"values":[0.9982,-0.0191,-0.0567,0,0.0237,0.9965,0.0806,0,-0.055,0.0818,-0.9951,0,0.6515,200.0893,-6.6855,1]},
{"frame":24,"values":[0.998,-0.0198,-0.0596,0,0.0246,0.9964,0.0811,0,-0.0578,0.0824,-0.9949,0,0.6012,200.0606,-7.009,1]},
{"frame":25,"values":[0.9978,-0.0205,-0.0626,0,0.0256,0.9963,0.0816,0,-0.0607,0.0831,-0.9947,0,0.551,200.0319,-7.3326,1]},
{"frame":26,"values":[0.9976,-0.0212,-0.0655,0,0.0266,0.9963,0.0822,0,-0.0635,0.0837,-0.9945,0,0.5007,200.0032,-7.0155,1]},
{"frame":27,"values":[0.9974,-0.0219,-0.0684,0,0.0275,0.9964,0.0808,0,-0.0664,0.0825,-0.9944,0,0.4504,200.0187,-6.6984,1]},
{"frame":28,"values":[0.9972,-0.0226,-0.0714,0,0.0283,0.9964,0.0794,0,-0.0693,0.0812,-0.9943,0,0.4002,200.0341,-6.3814,1]},
{"frame":29,"values":[0.9972,-0.0233,-0.0709,0,0.0289,0.9965,0.078,0,-0.0689,0.0799,-0.9944,0,0.3499,200.0496,-6.0643,1]},
{"frame":30,"values":[0.9972,-0.024,-0.0705,0,0.0294,0.9966,0.0766,0,-0.0684,0.0785,-0.9946,0,0.2997,200.065,-5.7472,1]},
{"frame":31,"values":[0.9972,-0.0248,-0.0711,0,0.0301,0.9967,0.0753,0,-0.069,0.0772,-0.9946,0,0.2494,200.0805,-5.4301,1]},
{"frame":32,"values":[0.9971,-0.0255,-0.0717,0,0.0309,0.9966,0.0761,0,-0.0695,0.0781,-0.9945,0,0.1991,200.0598,-5.1131,1]},
{"frame":33,"values":[0.997,-0.0262,-0.0723,0,0.0317,0.9965,0.077,0,-0.0701,0.0791,-0.9944,0,0.1489,200.0392,-4.796,1]},
{"frame":34,"values":[0.997,-0.0269,-0.0729,0,0.0325,0.9964,0.0779,0,-0.0706,0.08,-0.9943,0,0.0986,200.0816,-4.4789,1]},
{"frame":35,"values":[0.9969,-0.0276,-0.0736,0,0.0334,0.9963,0.0788,0,-0.0711,0.081,-0.9942,0,0.0484,200.1241,-4.1618,1]},
{"frame":36,"values":[0.9968,-0.0283,-0.0742,0,0.0341,0.9964,0.0781,0,-0.0717,0.0804,-0.9942,0,-0.0019,200.1666,-3.8447,1]},
{"frame":37,"values":[0.9968,-0.029,-0.0748,0,0.0348,0.9964,0.0774,0,-0.0723,0.0797,-0.9942,0,-0.0521,200.209,-3.5277,1]},
{"frame":38,"values":[0.9969,-0.0297,-0.0734,0,0.0353,0.9964,0.0767,0,-0.0708,0.0791,-0.9943,0,-0.1024,200.2515,-3.2106,1]},
{"frame":39,"values":[0.9969,-0.0304,-0.072,0,0.0362,0.9961,0.081,0,-0.0692,0.0834,-0.9941,0,-0.1527,199.8938,-2.8935,1]},
{"frame":40,"values":[0.997,-0.0311,-0.0706,0,0.0371,0.9957,0.0854,0,-0.0676,0.0877,-0.9938,0,-0.2029,199.5361,-2.5764,1]},
{"frame":41,"values":[0.9971,-0.0318,-0.0692,0,0.038,0.9952,0.0897,0,-0.066,0.092,-0.9936,0,-0.2532,199.1784,-2.2594,1]},
{"frame":42,"values":[0.9972,-0.0313,-0.0678,0,0.0376,0.9949,0.094,0,-0.0645,0.0963,-0.9933,0,-0.3034,198.8207,-1.9423,1]},
{"frame":43,"values":[0.9973,-0.0308,-0.0664,0,0.0373,0.9945,0.0983,0,-0.063,0.1005,-0.9929,0,-0.3537,198.463,-1.6252,1]},
{"frame":44,"values":[0.9973,-0.0332,-0.065,0,0.0398,0.9939,0.1026,0,-0.0611,0.1049,-0.9926,0,-0.4039,198.1053,-1.3081,1]},
{"frame":45,"values":[0.9973,-0.0356,-0.0635,0,0.0423,0.9934,0.1069,0,-0.0593,0.1093,-0.9922,0,-0.4542,197.7476,-0.9911,1]},
{"frame":46,"values":[0.9973,-0.038,-0.0621,0,0.0448,0.9928,0.1113,0,-0.0575,0.1137,-0.9918,0,-0.5045,197.3899,-0.674,1]},
{"frame":47,"values":[0.9973,-0.0404,-0.0607,0,0.0472,0.9922,0.1156,0,-0.0556,0.1181,-0.9914,0,-0.5547,197.0322,-0.3569,1]},
{"frame":48,"values":[0.9973,-0.0428,-0.0594,0,0.0497,0.9915,0.1199,0,-0.0537,0.1225,-0.991,0,-0.605,196.6745,-0.0398,1]},
{"frame":49,"values":[0.9974,-0.0418,-0.058,0,0.0487,0.9911,0.1242,0,-0.0523,0.1267,-0.9906,0,-0.6552,196.3168,0.2772,1]},
{"frame":50,"values":[0.9976,-0.0407,-0.0566,0,0.0473,0.9916,0.12,0,-0.0512,0.1224,-0.9912,0,-0.7055,196.8304,0.5943,1]},
{"frame":51,"values":[0.9977,-0.0396,-0.0552,0,0.0458,0.9922,0.1159,0,-0.0501,0.1182,-0.9917,0,-0.6353,197.3439,0.9114,1]},
{"frame":52,"values":[0.9978,-0.0386,-0.0538,0,0.0444,0.9927,0.1118,0,-0.0491,0.1139,-0.9923,0,-0.5651,197.8575,1.2285,1]},
{"frame":53,"values":[0.9979,-0.0375,-0.0524,0,0.043,0.9933,0.1076,0,-0.048,0.1096,-0.9928,0,-0.4949,198.371,1.2036,1]},
{"frame":54,"values":[0.998,-0.038,-0.0509,0,0.0431,0.9937,0.1035,0,-0.0467,0.1054,-0.9933,0,-0.4247,198.8846,1.1788,1]},
{"frame":55,"values":[0.9979,-0.0385,-0.0525,0,0.0436,0.9941,0.0993,0,-0.0483,0.1014,-0.9937,0,-0.3545,198.7016,1.2193,1]},
{"frame":56,"values":[0.9978,-0.0391,-0.054,0,0.0444,0.9938,0.102,0,-0.0497,0.1042,-0.9933,0,-0.2843,198.5187,1.2599,1]},
{"frame":57,"values":[0.9977,-0.0396,-0.0555,0,0.0453,0.9935,0.1047,0,-0.051,0.107,-0.9929,0,-0.2141,198.3357,1.3004,1]},
{"frame":58,"values":[0.9977,-0.0401,-0.0551,0,0.0459,0.9931,0.1075,0,-0.0504,0.1098,-0.9927,0,-0.1439,198.1528,1.2252,1]},
{"frame":59,"values":[0.9977,-0.0407,-0.0547,0,0.0465,0.9928,0.1102,0,-0.0498,0.1125,-0.9924,0,-0.0736,198.2934,1.15,1]},
{"frame":60,"values":[0.9977,-0.0412,-0.0543,0,0.0469,0.993,0.1083,0,-0.0494,0.1106,-0.9926,0,-0.0034,198.4341,1.0748,1]},
{"frame":61,"values":[0.9977,-0.041,-0.0545,0,0.0467,0.9932,0.1063,0,-0.0497,0.1086,-0.9928,0,0.0668,198.5748,0.9996,1]},
{"frame":62,"values":[0.9977,-0.0409,-0.0547,0,0.0464,0.9935,0.1043,0,-0.05,0.1066,-0.993,0,0.137,198.7155,0.9243,1]},
{"frame":63,"values":[0.9977,-0.0407,-0.0549,0,0.0462,0.9937,0.1023,0,-0.0504,0.1046,-0.9932,0,0.2072,198.8561,0.8491,1]},
{"frame":64,"values":[0.9977,-0.0405,-0.0551,0,0.046,0.9937,0.1025,0,-0.0506,0.1048,-0.9932,0,0.2774,198.9968,0.7739,1]},
{"frame":65,"values":[0.9977,-0.0405,-0.0546,0,0.046,0.9935,0.104,0,-0.05,0.1063,-0.9931,0,0.3253,198.9705,0.7031,1]}],"loopBehavior":1,"name":"anim","property":"_matrix"}},
{"name":"mixamorig:Spine","index":1,"matrix":[0.9967,0.0258,-0.077,0,-0.0148,0.9902,0.1391,0,0.0799,-0.1375,0.9873,0,0.0062,19.525,-2.4818,1],"rest":[1,0,0,0,0,1,0,0,0,0,1,0,0.0062,19.525,-2.4818,1],"parentBoneIndex":0,"length":23.0091
,"animation":{"dataType":3,"framePerSecond":24,"keys":[
{"frame":1,"values":[0.9967,0.0258,-0.077,0,-0.0148,0.9902,0.1391,0,0.0799,-0.1375,0.9873,0,0.0062,19.525,-2.4818,1]},
{"frame":2,"values":[0.9967,0.0259,-0.0772,0,-0.0149,0.9901,0.1398,0,0.08,-0.1381,0.9872,0,0.0062,19.525,-2.4818,1]},
{"frame":3,"values":[0.9967,0.0264,-0.077,0,-0.0154,0.9899,0.1407,0,0.08,-0.139,0.9871,0,0.0062,19.525,-2.4818,1]},
{"frame":4,"values":[0.9967,0.0272,-0.0768,0,-0.0161,0.9897,0.142,0,0.0799,-0.1403,0.9869,0,0.0062,19.525,-2.4818,1]},
{"frame":5,"values":[0.9967,0.0281,-0.0763,0,-0.017,0.9896,0.1425,0,0.0795,-0.1407,0.9869,0,0.0062,19.525,-2.4818,1]},
{"frame":6,"values":[0.9967,0.0287,-0.0758,0,-0.0178,0.9899,0.1408,0,0.0791,-0.139,0.9871,0,0.0062,19.525,-2.4818,1]},
{"frame":7,"values":[0.9967,0.028,-0.0766,0,-0.0173,0.9903,0.1379,0,0.0797,-0.1361,0.9875,0,0.0062,19.525,-2.4818,1]},
{"frame":8,"values":[0.9966,0.0262,-0.0784,0,-0.0155,0.9909,0.1336,0,0.0812,-0.1319,0.9879,0,0.0062,19.525,-2.4818,1]},
{"frame":9,"values":[0.9965,0.0237,-0.0802,0,-0.0134,0.9919,0.1264,0,0.0826,-0.1249,0.9887,0,0.0062,19.525,-2.4818,1]},
{"frame":10,"values":[0.9964,0.0215,-0.0818,0,-0.0115,0.9926,0.1206,0,0.0838,-0.1193,0.9893,0,0.0062,19.525,-2.4818,1]},
{"frame":11,"values":[0.9963,0.0198,-0.0839,0,-0.0101,0.9933,0.1149,0,0.0856,-0.1136,0.9898,0,0.0062,19.525,-2.4818,1]},
{"frame":12,"values":[0.9961,0.0177,-0.086,0,-0.0083,0.994,0.1092,0,0.0874,-0.108,0.9903,0,0.0062,19.525,-2.4818,1]},
{"frame":13,"values":[0.9961,0.0154,-0.0869,0,-0.0063,0.9946,0.1034,0,0.088,-0.1025,0.9908,0,0.0062,19.525,-2.4818,1]},
{"frame":14,"values":[0.9962,0.0138,-0.0855,0,-0.0054,0.9952,0.0977,0,0.0865,-0.0969,0.9915,0,0.0062,19.525,-2.4818,1]},
{"frame":15,"values":[0.9965,0.0129,-0.0829,0,-0.0052,0.9957,0.092,0,0.0837,-0.0912,0.9923,0,0.0062,19.525,-2.4818,1]},
{"frame":16,"values":[0.9966,0.0121,-0.0815,0,-0.005,0.9963,0.0863,0,0.0823,-0.0856,0.9929,0,0.0062,19.525,-2.4818,1]},
{"frame":17,"values":[0.9967,0.0115,-0.0802,0,-0.005,0.9967,0.0805,0,0.0809,-0.0799,0.9935,0,0.0062,19.525,-2.4818,1]},
{"frame":18,"values":[0.9968,0.0111,-0.0788,0,-0.0052,0.9972,0.0748,0,0.0794,-0.0742,0.9941,0,0.0062,19.525,-2.4818,1]},
{"frame":19,"values":[0.9969,0.0107,-0.0775,0,-0.0053,0.9976,0.0691,0,0.078,-0.0684,0.9946,0,0.0062,19.525,-2.4818,1]},
{"frame":20,"values":[0.997,0.0102,-0.0761,0,-0.0054,0.998,0.0633,0,0.0766,-0.0627,0.9951,0,0.0062,19.525,-2.4818,1]},
{"frame":21,"values":[0.9971,0.0105,-0.0748,0,-0.0062,0.9983,0.0576,0,0.0753,-0.0569,0.9955,0,0.0062,19.525,-2.4818,1]},
{"frame":22,"values":[0.9972,0.0109,-0.0734,0,-0.0071,0.9986,0.0518,0,0.0739,-0.0512,0.996,0,0.0062,19.525,-2.4818,1]},
{"frame":23,"values":[0.9973,0.0112,-0.0721,0,-0.0079,0.9989,0.0461,0,0.0725,-0.0454,0.9963,0,0.0062,19.525,-2.4818,1]},
{"frame":24,"values":[0.9974,0.0115,-0.0707,0,-0.008,0.9987,0.0505,0,0.0712,-0.0498,0.9962,0,0.0062,19.525,-2.4818,1]},
{"frame":25,"values":[0.9975,0.0119,-0.0694,0,-0.0081,0.9985,0.055,0,0.0699,-0.0543,0.9961,0,0.0062,19.525,-2.4818,1]},
{"frame":26,"values":[0.9974,0.0112,-0.0705,0,-0.007,0.9982,0.0594,0,0.0711,-0.0588,0.9957,0,0.0062,19.525,-2.4818,1]},
{"frame":27,"values":[0.9974,0.0105,-0.0717,0,-0.0059,0.9979,0.0638,0,0.0722,-0.0633,0.9954,0,0.0062,19.525,-2.4818,1]},
{"frame":28,"values":[0.9973,0.0098,-0.0729,0,-0.0048,0.9977,0.0683,0,0.0734,-0.0678,0.995,0,0.0062,19.525,-2.4818,1]},
{"frame":29,"values":[0.9974,0.0091,-0.0721,0,-0.0038,0.9973,0.0727,0,0.0726,-0.0723,0.9947,0,0.0062,19.525,-2.4818,1]},
{"frame":30,"values":[0.9974,0.0084,-0.0714,0,-0.0029,0.997,0.0772,0,0.0718,-0.0768,0.9945,0,0.0062,19.525,-2.4818,1]},
{"frame":31,"values":[0.9975,0.0077,-0.0706,0,-0.0019,0.9967,0.0816,0,0.071,-0.0813,0.9942,0,0.0062,19.525,-2.4818,1]},
{"frame":32,"values":[0.9975,0.007,-0.0708,0,-0.0009,0.9963,0.086,0,0.0711,-0.0858,0.9938,0,0.0062,19.525,-2.4818,1]},
{"frame":33,"values":[0.9975,0.007,-0.0702,0,-0.0006,0.9959,0.0905,0,0.0706,-0.0902,0.9934,0,0.0062,19.525,-2.4818,1]},
{"frame":34,"values":[0.9975,0.0069,-0.0697,0,-0.0003,0.9955,0.0949,0,0.07,-0.0947,0.993,0,0.0062,19.525,-2.4818,1]},
{"frame":35,"values":[0.9976,0.0069,-0.0691,0,0,0.9951,0.0994,0,0.0694,-0.0991,0.9926,0,0.0062,19.525,-2.4818,1]},
{"frame":36,"values":[0.9975,0.0071,-0.0704,0,0.0003,0.9946,0.1038,0,0.0708,-0.1035,0.9921,0,0.0062,19.525,-2.4818,1]},
{"frame":37,"values":[0.9974,0.0072,-0.0717,0,0.0006,0.9941,0.1082,0,0.0721,-0.108,0.9915,0,0.0062,19.525,-2.4818,1]},
{"frame":38,"values":[0.9973,0.007,-0.073,0,0.0013,0.9936,0.1126,0,0.0733,-0.1124,0.991,0,0.0062,19.525,-2.4818,1]},
{"frame":39,"values":[0.9972,0.0067,-0.0743,0,0.002,0.9931,0.117,0,0.0746,-0.1168,0.9903,0,0.0062,19.525,-2.4818,1]},
{"frame":40,"values":[0.9971,0.0067,-0.0756,0,0.0025,0.9926,0.1214,0,0.0759,-0.1213,0.9897,0,0.0062,19.525,-2.4818,1]},
{"frame":41,"values":[0.997,0.0058,-0.0769,0,0.0039,0.992,0.1258,0,0.077,-0.1258,0.9891,0,0.0062,19.525,-2.4818,1]},
{"frame":42,"values":[0.9969,0.005,-0.0782,0,0.0053,0.9915,0.1302,0,0.0782,-0.1302,0.9884,0,0.0062,19.525,-2.4818,1]},
{"frame":43,"values":[0.9968,0.0041,-0.0795,0,0.0066,0.9909,0.1346,0,0.0794,-0.1347,0.9877,0,0.0062,19.525,-2.4818,1]},
{"frame":44,"values":[0.9967,0.0068,-0.0809,0,0.0045,0.9903,0.139,0,0.081,-0.1389,0.987,0,0.0062,19.525,-2.4818,1]},
{"frame":45,"values":[0.9966,0.0094,-0.0822,0,0.0025,0.9897,0.1434,0,0.0827,-0.1431,0.9862,0,0.0062,19.525,-2.4818,1]},
{"frame":46,"values":[0.9964,0.0121,-0.0835,0,0.0004,0.989,0.1478,0,0.0844,-0.1473,0.9855,0,0.0062,19.525,-2.4818,1]},
{"frame":47,"values":[0.9963,0.0148,-0.0848,0,-0.0017,0.9884,0.1521,0,0.086,-0.1514,0.9847,0,0.0062,19.525,-2.4818,1]},
{"frame":48,"values":[0.9961,0.0174,-0.0861,0,-0.0038,0.9877,0.1565,0,0.0877,-0.1556,0.9839,0,0.0062,19.525,-2.4818,1]},
{"frame":49,"values":[0.996,0.0201,-0.0873,0,-0.0058,0.987,0.1609,0,0.0894,-0.1598,0.9831,0,0.0062,19.525,-2.4818,1]},
{"frame":50,"values":[0.9959,0.0194,-0.0886,0,-0.0053,0.9876,0.157,0,0.0906,-0.1559,0.9836,0,0.0062,19.525,-2.4818,1]},
{"frame":51,"values":[0.996,0.02,-0.0874,0,-0.0064,0.9882,0.1532,0,0.0894,-0.152,0.9843,0,0.0062,19.525,-2.4818,1]},
{"frame":52,"values":[0.9961,0.0205,-0.0862,0,-0.0075,0.9888,0.1494,0,0.0883,-0.1482,0.985,0,0.0062,19.525,-2.4818,1]},
{"frame":53,"values":[0.9962,0.0211,-0.085,0,-0.0085,0.9893,0.1455,0,0.0871,-0.1443,0.9857,0,0.0062,19.525,-2.4818,1]},
{"frame":54,"values":[0.9962,0.0217,-0.0838,0,-0.0096,0.9899,0.1417,0,0.086,-0.1404,0.9864,0,0.0062,19.525,-2.4818,1]},
{"frame":55,"values":[0.9963,0.0222,-0.0826,0,-0.0102,0.9896,0.1434,0,0.0849,-0.142,0.9862,0,0.0062,19.525,-2.4818,1]},
{"frame":56,"values":[0.9964,0.0228,-0.0813,0,-0.0108,0.9894,0.1451,0,0.0838,-0.1437,0.9861,0,0.0062,19.525,-2.4818,1]},
{"frame":57,"values":[0.9965,0.0234,-0.0801,0,-0.0114,0.9891,0.1468,0,0.0827,-0.1454,0.9859,0,0.0062,19.525,-2.4818,1]},
{"frame":58,"values":[0.9966,0.0239,-0.0789,0,-0.012,0.9888,0.1485,0,0.0816,-0.1471,0.9858,0,0.0062,19.525,-2.4818,1]},
{"frame":59,"values":[0.9967,0.0245,-0.0777,0,-0.0126,0.9886,0.1502,0,0.0805,-0.1487,0.9856,0,0.0062,19.525,-2.4818,1]},
{"frame":60,"values":[0.9968,0.025,-0.0765,0,-0.0135,0.9889,0.1481,0,0.0793,-0.1466,0.986,0,0.0062,19.525,-2.4818,1]},
{"frame":61,"values":[0.9967,0.025,-0.0767,0,-0.0136,0.9892,0.1459,0,0.0795,-0.1444,0.9863,0,0.0062,19.525,-2.4818,1]},
{"frame":62,"values":[0.9967,0.025,-0.0769,0,-0.0137,0.9895,0.1437,0,0.0797,-0.1422,0.9866,0,0.0062,19.525,-2.4818,1]},
{"frame":63,"values":[0.9967,0.0252,-0.0771,0,-0.014,0.9898,0.1416,0,0.0799,-0.14,0.9869,0,0.0062,19.525,-2.4818,1]},
{"frame":64,"values":[0.9967,0.0253,-0.0771,0,-0.0144,0.9901,0.1394,0,0.0799,-0.1378,0.9872,0,0.0062,19.525,-2.4818,1]},
{"frame":65,"values":[0.9967,0.0258,-0.077,0,-0.0148,0.9902,0.1391,0,0.0799,-0.1375,0.9873,0,0.0062,19.525,-2.4818,1]}],"loopBehavior":1,"name":"anim","property":"_matrix"}},
{"name":"mixamorig:Spine1","index":2,"matrix":[0.9997,0.0016,-0.023,0,0.0047,0.9636,0.2673,0,0.0226,-0.2673,0.9633,0,-0.0009,22.835,-2.8254,1],"rest":[1,0,0,0,0,1,0,0,0,0,1,0,-0.0009,22.835,-2.8254,1],"parentBoneIndex":1,"length":26.7438
,"animation":{"dataType":3,"framePerSecond":24,"keys":[
{"frame":1,"values":[0.9997,0.0023,-0.0232,0,0.004,0.9636,0.2672,0,0.0229,-0.2673,0.9633,0,-0.0009,22.835,-2.8254,1]},
{"frame":2,"values":[0.9997,0.0023,-0.0232,0,0.004,0.9636,0.2675,0,0.0229,-0.2675,0.9633,0,-0.0009,22.835,-2.8254,1]},
{"frame":3,"values":[0.9997,0.0022,-0.0231,0,0.004,0.9635,0.2678,0,0.0229,-0.2678,0.9632,0,-0.0009,22.835,-2.8254,1]},
{"frame":4,"values":[0.9997,0.0022,-0.0231,0,0.0041,0.9633,0.2685,0,0.0228,-0.2685,0.963,0,-0.0009,22.835,-2.8254,1]},
{"frame":5,"values":[0.9997,0.0022,-0.023,0,0.0041,0.963,0.2695,0,0.0227,-0.2695,0.9627,0,-0.0009,22.835,-2.8254,1]},
{"frame":6,"values":[0.9997,0.0022,-0.0229,0,0.0041,0.9629,0.2699,0,0.0227,-0.27,0.9626,0,-0.0009,22.835,-2.8254,1]},
{"frame":7,"values":[0.9997,0.0021,-0.0231,0,0.0042,0.963,0.2696,0,0.0228,-0.2697,0.9627,0,-0.0009,22.835,-2.8254,1]},
{"frame":8,"values":[0.9997,0.0021,-0.0236,0,0.0043,0.9633,0.2684,0,0.0233,-0.2685,0.963,0,-0.0009,22.835,-2.8254,1]},
{"frame":9,"values":[0.9997,0.0021,-0.024,0,0.0044,0.964,0.2659,0,0.0236,-0.2659,0.9637,0,-0.0009,22.835,-2.8254,1]},
{"frame":10,"values":[0.9997,0.0021,-0.0242,0,0.0044,0.9645,0.264,0,0.0239,-0.264,0.9642,0,-0.0009,22.835,-2.8254,1]},
{"frame":11,"values":[0.9997,0.002,-0.0246,0,0.0045,0.9651,0.262,0,0.0243,-0.262,0.9648,0,-0.0009,22.835,-2.8254,1]},
{"frame":12,"values":[0.9997,0.002,-0.0251,0,0.0046,0.9656,0.26,0,0.0247,-0.2601,0.9653,0,-0.0009,22.835,-2.8254,1]},
{"frame":13,"values":[0.9997,0.002,-0.0252,0,0.0046,0.9661,0.2581,0,0.0249,-0.2581,0.9658,0,-0.0009,22.835,-2.8254,1]},
{"frame":14,"values":[0.9997,0.002,-0.0248,0,0.0045,0.9666,0.2561,0,0.0244,-0.2561,0.9663,0,-0.0009,22.835,-2.8254,1]},
{"frame":15,"values":[0.9997,0.0019,-0.0243,0,0.0043,0.9672,0.2541,0,0.024,-0.2542,0.9669,0,-0.0009,22.835,-2.8254,1]},
{"frame":16,"values":[0.9997,0.0019,-0.0238,0,0.0042,0.9677,0.2522,0,0.0235,-0.2522,0.9674,0,-0.0009,22.835,-2.8254,1]},
{"frame":17,"values":[0.9997,0.0019,-0.0234,0,0.004,0.9682,0.2502,0,0.0231,-0.2502,0.9679,0,-0.0009,22.835,-2.8254,1]},
{"frame":18,"values":[0.9997,0.0018,-0.0229,0,0.0039,0.9687,0.2482,0,0.0226,-0.2483,0.9684,0,-0.0009,22.835,-2.8254,1]},
{"frame":19,"values":[0.9997,0.0018,-0.0224,0,0.0038,0.9692,0.2463,0,0.0222,-0.2463,0.9689,0,-0.0009,22.835,-2.8254,1]},
{"frame":20,"values":[0.9998,0.0018,-0.022,0,0.0036,0.9697,0.2443,0,0.0217,-0.2443,0.9695,0,-0.0009,22.835,-2.8254,1]},
{"frame":21,"values":[0.9998,0.0018,-0.0215,0,0.0035,0.9702,0.2423,0,0.0213,-0.2423,0.97,0,-0.0009,22.835,-2.8254,1]},
{"frame":22,"values":[0.9998,0.0018,-0.021,0,0.0034,0.9707,0.2404,0,0.0208,-0.2404,0.9705,0,-0.0009,22.835,-2.8254,1]},
{"frame":23,"values":[0.9998,0.0017,-0.0206,0,0.0032,0.9712,0.2384,0,0.0204,-0.2384,0.971,0,-0.0009,22.835,-2.8254,1]},
{"frame":24,"values":[0.9998,0.0017,-0.0201,0,0.0031,0.9716,0.2364,0,0.0199,-0.2364,0.9714,0,-0.0009,22.835,-2.8254,1]},
{"frame":25,"values":[0.9998,0.0017,-0.0196,0,0.003,0.9721,0.2344,0,0.0195,-0.2345,0.9719,0,-0.0009,22.835,-2.8254,1]},
{"frame":26,"values":[0.9998,0.0016,-0.02,0,0.0031,0.9726,0.2325,0,0.0198,-0.2325,0.9724,0,-0.0009,22.835,-2.8254,1]},
{"frame":27,"values":[0.9998,0.0016,-0.0203,0,0.0031,0.9731,0.2305,0,0.0201,-0.2305,0.9729,0,-0.0009,22.835,-2.8254,1]},
{"frame":28,"values":[0.9998,0.0016,-0.0207,0,0.0032,0.9735,0.2285,0,0.0205,-0.2285,0.9733,0,-0.0009,22.835,-2.8254,1]},
{"frame":29,"values":[0.9998,0.0015,-0.0204,0,0.0032,0.974,0.2265,0,0.0202,-0.2265,0.9738,0,-0.0009,22.835,-2.8254,1]},
{"frame":30,"values":[0.9998,0.0015,-0.0202,0,0.0032,0.9735,0.2288,0,0.02,-0.2288,0.9733,0,-0.0009,22.835,-2.8254,1]},
{"frame":31,"values":[0.9998,0.0014,-0.0202,0,0.0033,0.9729,0.2311,0,0.02,-0.2311,0.9727,0,-0.0009,22.835,-2.8254,1]},
{"frame":32,"values":[0.9998,0.0014,-0.0201,0,0.0033,0.9724,0.2334,0,0.0199,-0.2334,0.9722,0,-0.0009,22.835,-2.8254,1]},
{"frame":33,"values":[0.9998,0.0014,-0.02,0,0.0034,0.9718,0.2357,0,0.0198,-0.2357,0.9716,0,-0.0009,22.835,-2.8254,1]},
{"frame":34,"values":[0.9998,0.0013,-0.0199,0,0.0035,0.9713,0.238,0,0.0197,-0.238,0.9711,0,-0.0009,22.835,-2.8254,1]},
{"frame":35,"values":[0.9998,0.0013,-0.0198,0,0.0035,0.9707,0.2403,0,0.0196,-0.2403,0.9705,0,-0.0009,22.835,-2.8254,1]},
{"frame":36,"values":[0.9998,0.0013,-0.0203,0,0.0036,0.9701,0.2426,0,0.02,-0.2426,0.9699,0,-0.0009,22.835,-2.8254,1]},
{"frame":37,"values":[0.9998,0.0013,-0.0207,0,0.0038,0.9695,0.2449,0,0.0204,-0.2449,0.9693,0,-0.0009,22.835,-2.8254,1]},
{"frame":38,"values":[0.9998,0.0014,-0.0212,0,0.0039,0.969,0.2472,0,0.0208,-0.2472,0.9687,0,-0.0009,22.835,-2.8254,1]},
{"frame":39,"values":[0.9998,0.0014,-0.0216,0,0.0041,0.9684,0.2495,0,0.0213,-0.2495,0.9681,0,-0.0009,22.835,-2.8254,1]},
{"frame":40,"values":[0.9998,0.0014,-0.022,0,0.0042,0.9678,0.2517,0,0.0217,-0.2518,0.9675,0,-0.0009,22.835,-2.8254,1]},
{"frame":41,"values":[0.9997,0.0014,-0.0225,0,0.0044,0.9672,0.254,0,0.0221,-0.254,0.9669,0,-0.0009,22.835,-2.8254,1]},
{"frame":42,"values":[0.9997,0.0014,-0.0229,0,0.0045,0.9666,0.2563,0,0.0225,-0.2563,0.9663,0,-0.0009,22.835,-2.8254,1]},
{"frame":43,"values":[0.9997,0.0014,-0.0234,0,0.0047,0.966,0.2586,0,0.023,-0.2586,0.9657,0,-0.0009,22.835,-2.8254,1]},
{"frame":44,"values":[0.9997,0.0014,-0.0238,0,0.0048,0.9654,0.2609,0,0.0234,-0.2609,0.9651,0,-0.0009,22.835,-2.8254,1]},
{"frame":45,"values":[0.9997,0.0014,-0.0243,0,0.005,0.9647,0.2631,0,0.0238,-0.2632,0.9645,0,-0.0009,22.835,-2.8254,1]},
{"frame":46,"values":[0.9997,0.0015,-0.0247,0,0.0052,0.9641,0.2654,0,0.0242,-0.2654,0.9638,0,-0.0009,22.835,-2.8254,1]},
{"frame":47,"values":[0.9997,0.0015,-0.0252,0,0.0053,0.9635,0.2677,0,0.0246,-0.2677,0.9632,0,-0.0009,22.835,-2.8254,1]},
{"frame":48,"values":[0.9997,0.0015,-0.0256,0,0.0055,0.9629,0.2699,0,0.0251,-0.27,0.9625,0,-0.0009,22.835,-2.8254,1]},
{"frame":49,"values":[0.9997,0.0015,-0.0261,0,0.0056,0.9622,0.2722,0,0.0255,-0.2723,0.9619,0,-0.0009,22.835,-2.8254,1]},
{"frame":50,"values":[0.9996,0.0015,-0.0265,0,0.0058,0.9616,0.2745,0,0.0259,-0.2745,0.9612,0,-0.0009,22.835,-2.8254,1]},
{"frame":51,"values":[0.9997,0.0015,-0.0262,0,0.0057,0.9621,0.2726,0,0.0257,-0.2726,0.9618,0,-0.0009,22.835,-2.8254,1]},
{"frame":52,"values":[0.9997,0.0016,-0.026,0,0.0055,0.9627,0.2707,0,0.0255,-0.2707,0.9623,0,-0.0009,22.835,-2.8254,1]},
{"frame":53,"values":[0.9997,0.0016,-0.0258,0,0.0054,0.9632,0.2687,0,0.0252,-0.2688,0.9629,0,-0.0009,22.835,-2.8254,1]},
{"frame":54,"values":[0.9997,0.0016,-0.0255,0,0.0053,0.9637,0.2668,0,0.025,-0.2669,0.9634,0,-0.0009,22.835,-2.8254,1]},
{"frame":55,"values":[0.9997,0.0016,-0.0253,0,0.0052,0.9635,0.2677,0,0.0248,-0.2677,0.9632,0,-0.0009,22.835,-2.8254,1]},
{"frame":56,"values":[0.9997,0.0016,-0.025,0,0.0052,0.9633,0.2685,0,0.0245,-0.2685,0.963,0,-0.0009,22.835,-2.8254,1]},
{"frame":57,"values":[0.9997,0.0016,-0.0248,0,0.0051,0.963,0.2693,0,0.0243,-0.2694,0.9627,0,-0.0009,22.835,-2.8254,1]},
{"frame":58,"values":[0.9997,0.0016,-0.0245,0,0.0051,0.9628,0.2702,0,0.024,-0.2702,0.9625,0,-0.0009,22.835,-2.8254,1]},
{"frame":59,"values":[0.9997,0.0016,-0.0243,0,0.0051,0.9626,0.271,0,0.0238,-0.2711,0.9623,0,-0.0009,22.835,-2.8254,1]},
{"frame":60,"values":[0.9997,0.0016,-0.024,0,0.005,0.9628,0.2703,0,0.0236,-0.2703,0.9625,0,-0.0009,22.835,-2.8254,1]},
{"frame":61,"values":[0.9997,0.0016,-0.0238,0,0.0049,0.963,0.2695,0,0.0233,-0.2696,0.9627,0,-0.0009,22.835,-2.8254,1]},
{"frame":62,"values":[0.9997,0.0016,-0.0235,0,0.0048,0.9632,0.2688,0,0.0231,-0.2688,0.9629,0,-0.0009,22.835,-2.8254,1]},
{"frame":63,"values":[0.9997,0.0016,-0.0233,0,0.0047,0.9634,0.268,0,0.0229,-0.2681,0.9631,0,-0.0009,22.835,-2.8254,1]},
{"frame":64,"values":[0.9997,0.0016,-0.023,0,0.0047,0.9636,0.2673,0,0.0226,-0.2673,0.9633,0,-0.0009,22.835,-2.8254,1]},
{"frame":65,"values":[0.9997,0.0016,-0.023,0,0.0047,0.9636,0.2673,0,0.0226,-0.2673,0.9633,0,-0.0009,22.835,-2.8254,1]}],"loopBehavior":1,"name":"anim","property":"_matrix"}},
{"name":"mixamorig:Spine2","index":3,"matrix":[0.9997,0.0012,-0.0231,0,0.005,0.9636,0.2674,0,0.0226,-0.2674,0.9633,0,-0.0206,26.5525,-3.1933,1],"rest":[1,0,0,0,0,1,0,0,0,0,1,0,-0.0206,26.5525,-3.1933,1],"parentBoneIndex":2,"length":24.825
,"animation":{"dataType":3,"framePerSecond":24,"keys":[
{"frame":1,"values":[0.9997,0.0014,-0.0232,0,0.0049,0.9636,0.2673,0,0.0227,-0.2674,0.9633,0,-0.0206,26.5525,-3.1933,1]},
{"frame":2,"values":[0.9997,0.0014,-0.0232,0,0.0049,0.9635,0.2676,0,0.0227,-0.2676,0.9633,0,-0.0206,26.5525,-3.1933,1]},
{"frame":3,"values":[0.9997,0.0014,-0.0231,0,0.0049,0.9634,0.2679,0,0.0226,-0.2679,0.9632,0,-0.0206,26.5525,-3.1933,1]},
{"frame":4,"values":[0.9997,0.0014,-0.0231,0,0.0049,0.9632,0.2686,0,0.0226,-0.2686,0.963,0,-0.0206,26.5525,-3.1933,1]},
{"frame":5,"values":[0.9997,0.0014,-0.0231,0,0.0049,0.963,0.2695,0,0.0226,-0.2696,0.9627,0,-0.0206,26.5525,-3.1933,1]},
{"frame":6,"values":[0.9997,0.0014,-0.023,0,0.0049,0.9628,0.27,0,0.0225,-0.2701,0.9626,0,-0.0206,26.5525,-3.1933,1]},
{"frame":7,"values":[0.9997,0.0014,-0.0232,0,0.0049,0.9629,0.2697,0,0.0227,-0.2698,0.9627,0,-0.0206,26.5525,-3.1933,1]},
{"frame":8,"values":[0.9997,0.0014,-0.0236,0,0.005,0.9633,0.2685,0,0.0231,-0.2685,0.963,0,-0.0206,26.5525,-3.1933,1]},
{"frame":9,"values":[0.9997,0.0014,-0.024,0,0.0051,0.964,0.266,0,0.0235,-0.266,0.9637,0,-0.0206,26.5525,-3.1933,1]},
{"frame":10,"values":[0.9997,0.0014,-0.0242,0,0.0051,0.9645,0.264,0,0.0237,-0.2641,0.9642,0,-0.0206,26.5525,-3.1933,1]},
{"frame":11,"values":[0.9997,0.0013,-0.0245,0,0.0051,0.965,0.2621,0,0.024,-0.2621,0.9647,0,-0.0206,26.5524,-3.1933,1]},
{"frame":12,"values":[0.9997,0.0013,-0.025,0,0.0052,0.9656,0.2601,0,0.0245,-0.2601,0.9653,0,-0.0206,26.5525,-3.1933,1]},
{"frame":13,"values":[0.9997,0.0013,-0.0251,0,0.0052,0.9661,0.2581,0,0.0246,-0.2582,0.9658,0,-0.0206,26.5525,-3.1933,1]},
{"frame":14,"values":[0.9997,0.0013,-0.0246,0,0.005,0.9666,0.2562,0,0.0241,-0.2562,0.9663,0,-0.0206,26.5525,-3.1933,1]},
{"frame":15,"values":[0.9997,0.0013,-0.0241,0,0.0048,0.9671,0.2542,0,0.0237,-0.2542,0.9668,0,-0.0206,26.5525,-3.1933,1]},
{"frame":16,"values":[0.9997,0.0013,-0.0236,0,0.0047,0.9677,0.2522,0,0.0232,-0.2523,0.9674,0,-0.0206,26.5525,-3.1933,1]},
{"frame":17,"values":[0.9997,0.0013,-0.0232,0,0.0045,0.9682,0.2503,0,0.0228,-0.2503,0.9679,0,-0.0206,26.5525,-3.1933,1]},
{"frame":18,"values":[0.9997,0.0013,-0.0227,0,0.0044,0.9687,0.2483,0,0.0223,-0.2483,0.9684,0,-0.0206,26.5525,-3.1933,1]},
{"frame":19,"values":[0.9998,0.0013,-0.0222,0,0.0042,0.9692,0.2463,0,0.0218,-0.2464,0.9689,0,-0.0206,26.5525,-3.1933,1]},
{"frame":20,"values":[0.9998,0.0013,-0.0217,0,0.004,0.9697,0.2444,0,0.0214,-0.2444,0.9694,0,-0.0206,26.5525,-3.1933,1]},
{"frame":21,"values":[0.9998,0.0013,-0.0212,0,0.0039,0.9702,0.2424,0,0.0209,-0.2424,0.9699,0,-0.0206,26.5525,-3.1933,1]},
{"frame":22,"values":[0.9998,0.0013,-0.0207,0,0.0037,0.9707,0.2404,0,0.0205,-0.2405,0.9704,0,-0.0206,26.5525,-3.1933,1]},
{"frame":23,"values":[0.9998,0.0013,-0.0203,0,0.0036,0.9711,0.2385,0,0.02,-0.2385,0.9709,0,-0.0206,26.5525,-3.1933,1]},
{"frame":24,"values":[0.9998,0.0013,-0.0198,0,0.0034,0.9716,0.2365,0,0.0195,-0.2365,0.9714,0,-0.0206,26.5525,-3.1933,1]},
{"frame":25,"values":[0.9998,0.0013,-0.0193,0,0.0033,0.9721,0.2345,0,0.0191,-0.2345,0.9719,0,-0.0206,26.5525,-3.1933,1]},
{"frame":26,"values":[0.9998,0.0013,-0.0196,0,0.0033,0.9726,0.2325,0,0.0194,-0.2325,0.9724,0,-0.0206,26.5525,-3.1933,1]},
{"frame":27,"values":[0.9998,0.0012,-0.02,0,0.0034,0.9731,0.2305,0,0.0197,-0.2306,0.9729,0,-0.0206,26.5525,-3.1933,1]},
{"frame":28,"values":[0.9998,0.0012,-0.0203,0,0.0035,0.9735,0.2286,0,0.02,-0.2286,0.9733,0,-0.0206,26.5525,-3.1933,1]},
{"frame":29,"values":[0.9998,0.0012,-0.0202,0,0.0034,0.974,0.2266,0,0.0199,-0.2266,0.9738,0,-0.0206,26.5525,-3.1933,1]},
{"frame":30,"values":[0.9998,0.0011,-0.0201,0,0.0035,0.9734,0.2289,0,0.0198,-0.2289,0.9732,0,-0.0206,26.5525,-3.1933,1]},
{"frame":31,"values":[0.9998,0.0011,-0.02,0,0.0036,0.9729,0.2312,0,0.0197,-0.2312,0.9727,0,-0.0206,26.5525,-3.1933,1]},
{"frame":32,"values":[0.9998,0.0011,-0.0199,0,0.0036,0.9724,0.2335,0,0.0196,-0.2335,0.9722,0,-0.0206,26.5525,-3.1933,1]},
{"frame":33,"values":[0.9998,0.001,-0.0198,0,0.0037,0.9718,0.2358,0,0.0195,-0.2358,0.9716,0,-0.0206,26.5525,-3.1933,1]},
{"frame":34,"values":[0.9998,0.001,-0.0197,0,0.0037,0.9712,0.2381,0,0.0193,-0.2381,0.971,0,-0.0206,26.5525,-3.1933,1]},
{"frame":35,"values":[0.9998,0.001,-0.0196,0,0.0038,0.9707,0.2404,0,0.0192,-0.2404,0.9705,0,-0.0206,26.5525,-3.1933,1]},
{"frame":36,"values":[0.9998,0.0009,-0.02,0,0.004,0.9701,0.2427,0,0.0197,-0.2427,0.9699,0,-0.0206,26.5525,-3.1933,1]},
{"frame":37,"values":[0.9998,0.0009,-0.0205,0,0.0042,0.9695,0.245,0,0.0201,-0.245,0.9693,0,-0.0206,26.5525,-3.1933,1]},
{"frame":38,"values":[0.9998,0.0009,-0.0209,0,0.0044,0.9689,0.2472,0,0.0205,-0.2473,0.9687,0,-0.0206,26.5525,-3.1933,1]},
{"frame":39,"values":[0.9998,0.0008,-0.0214,0,0.0046,0.9684,0.2495,0,0.0209,-0.2496,0.9681,0,-0.0206,26.5525,-3.1933,1]},
{"frame":40,"values":[0.9998,0.0008,-0.0219,0,0.0048,0.9678,0.2518,0,0.0214,-0.2519,0.9675,0,-0.0206,26.5525,-3.1933,1]},
{"frame":41,"values":[0.9998,0.0007,-0.0223,0,0.005,0.9672,0.2541,0,0.0218,-0.2541,0.9669,0,-0.0206,26.5525,-3.1933,1]},
{"frame":42,"values":[0.9997,0.0007,-0.0228,0,0.0052,0.9666,0.2564,0,0.0222,-0.2564,0.9663,0,-0.0206,26.5525,-3.1933,1]},
{"frame":43,"values":[0.9997,0.0007,-0.0232,0,0.0054,0.966,0.2587,0,0.0226,-0.2587,0.9657,0,-0.0206,26.5525,-3.1933,1]},
{"frame":44,"values":[0.9997,0.0006,-0.0237,0,0.0056,0.9653,0.2609,0,0.0231,-0.261,0.9651,0,-0.0206,26.5525,-3.1933,1]},
{"frame":45,"values":[0.9997,0.0006,-0.0242,0,0.0058,0.9647,0.2632,0,0.0235,-0.2633,0.9644,0,-0.0206,26.5525,-3.1933,1]},
{"frame":46,"values":[0.9997,0.0006,-0.0246,0,0.006,0.9641,0.2655,0,0.0239,-0.2656,0.9638,0,-0.0206,26.5525,-3.1933,1]},
{"frame":47,"values":[0.9997,0.0005,-0.0251,0,0.0062,0.9635,0.2678,0,0.0243,-0.2678,0.9632,0,-0.0206,26.5525,-3.1933,1]},
{"frame":48,"values":[0.9997,0.0005,-0.0255,0,0.0064,0.9628,0.27,0,0.0247,-0.2701,0.9625,0,-0.0206,26.5525,-3.1933,1]},
{"frame":49,"values":[0.9997,0.0005,-0.026,0,0.0066,0.9622,0.2723,0,0.0252,-0.2724,0.9619,0,-0.0206,26.5525,-3.1933,1]},
{"frame":50,"values":[0.9996,0.0005,-0.0265,0,0.0068,0.9615,0.2746,0,0.0256,-0.2747,0.9612,0,-0.0206,26.5525,-3.1933,1]},
{"frame":51,"values":[0.9997,0.0004,-0.0262,0,0.0067,0.9621,0.2727,0,0.0253,-0.2727,0.9618,0,-0.0206,26.5525,-3.1933,1]},
{"frame":52,"values":[0.9997,0.0004,-0.0258,0,0.0066,0.9626,0.2707,0,0.025,-0.2708,0.9623,0,-0.0206,26.5525,-3.1933,1]},
{"frame":53,"values":[0.9997,0.0004,-0.0255,0,0.0065,0.9632,0.2688,0,0.0247,-0.2689,0.9629,0,-0.0206,26.5525,-3.1933,1]},
{"frame":54,"values":[0.9997,0.0005,-0.0252,0,0.0063,0.9637,0.2669,0,0.0244,-0.267,0.9634,0,-0.0206,26.5525,-3.1933,1]},
{"frame":55,"values":[0.9997,0.0005,-0.0249,0,0.0062,0.9635,0.2677,0,0.0241,-0.2678,0.9632,0,-0.0206,26.5525,-3.1933,1]},
{"frame":56,"values":[0.9997,0.0006,-0.0246,0,0.006,0.9632,0.2686,0,0.0239,-0.2686,0.9629,0,-0.0206,26.5525,-3.1933,1]},
{"frame":57,"values":[0.9997,0.0007,-0.0243,0,0.0059,0.963,0.2694,0,0.0236,-0.2695,0.9627,0,-0.0206,26.5525,-3.1933,1]},
{"frame":58,"values":[0.9997,0.0008,-0.024,0,0.0057,0.9628,0.2703,0,0.0233,-0.2703,0.9625,0,-0.0206,26.5525,-3.1933,1]},
{"frame":59,"values":[0.9997,0.0009,-0.0237,0,0.0056,0.9625,0.2711,0,0.023,-0.2712,0.9623,0,-0.0206,26.5525,-3.1933,1]},
{"frame":60,"values":[0.9997,0.0009,-0.0234,0,0.0054,0.9627,0.2703,0,0.0227,-0.2704,0.9625,0,-0.0206,26.5525,-3.1933,1]},
{"frame":61,"values":[0.9997,0.001,-0.023,0,0.0052,0.963,0.2696,0,0.0225,-0.2697,0.9627,0,-0.0206,26.5525,-3.1933,1]},
{"frame":62,"values":[0.9997,0.0011,-0.0231,0,0.0052,0.9632,0.2689,0,0.0225,-0.2689,0.9629,0,-0.0206,26.5525,-3.1933,1]},
{"frame":63,"values":[0.9997,0.0012,-0.0231,0,0.0051,0.9634,0.2681,0,0.0225,-0.2682,0.9631,0,-0.0206,26.5525,-3.1933,1]},
{"frame":64,"values":[0.9997,0.0012,-0.0231,0,0.005,0.9636,0.2674,0,0.0226,-0.2674,0.9633,0,-0.0206,26.5525,-3.1933,1]},
{"frame":65,"values":[0.9997,0.0012,-0.0231,0,0.005,0.9636,0.2674,0,0.0226,-0.2674,0.9633,0,-0.0206,26.5525,-3.1933,1]}],"loopBehavior":1,"name":"anim","property":"_matrix"}},
{"name":"mixamorig:Neck","index":4,"matrix":[0.9999,-0.0008,0.0143,0,0.0001,0.9989,0.0473,0,-0.0144,-0.0473,0.9988,0,-0.06,30.7018,1.3522,1],"rest":[1,0,0,0,0,1,0,0,0,0,1,0,-0.06,30.7018,1.3522,1],"parentBoneIndex":3,"length":22.8446
,"animation":{"dataType":3,"framePerSecond":24,"keys":[
{"frame":1,"values":[0.9999,-0.0008,0.0144,0,0.0001,0.9989,0.0473,0,-0.0144,-0.0473,0.9988,0,-0.06,30.7018,1.3522,1]},
{"frame":2,"values":[0.9999,-0.0012,0.0145,0,0.0005,0.9989,0.0476,0,-0.0145,-0.0476,0.9988,0,-0.06,30.7018,1.3522,1]},
{"frame":3,"values":[0.9999,-0.0019,0.0145,0,0.0012,0.9988,0.0482,0,-0.0146,-0.0482,0.9987,0,-0.06,30.7018,1.3522,1]},
{"frame":4,"values":[0.9999,-0.0031,0.0146,0,0.0024,0.9988,0.0495,0,-0.0147,-0.0494,0.9987,0,-0.06,30.7018,1.3522,1]},
{"frame":5,"values":[0.9999,-0.0045,0.0146,0,0.0038,0.9987,0.0513,0,-0.0148,-0.0513,0.9986,0,-0.06,30.7018,1.3522,1]},
{"frame":6,"values":[0.9999,-0.0062,0.0147,0,0.0054,0.9986,0.0532,0,-0.015,-0.0531,0.9985,0,-0.06,30.7018,1.3522,1]},
{"frame":7,"values":[0.9999,-0.008,0.0142,0,0.0072,0.9985,0.0543,0,-0.0146,-0.0542,0.9984,0,-0.06,30.7018,1.3522,1]},
{"frame":8,"values":[0.9999,-0.0099,0.0137,0,0.0091,0.9985,0.0546,0,-0.0142,-0.0545,0.9984,0,-0.06,30.7018,1.3522,1]},
{"frame":9,"values":[0.9998,-0.0114,0.0133,0,0.0107,0.9985,0.0542,0,-0.0139,-0.0541,0.9984,0,-0.06,30.7018,1.3522,1]},
{"frame":10,"values":[0.9998,-0.0125,0.0129,0,0.0118,0.9985,0.0532,0,-0.0135,-0.0531,0.9985,0,-0.06,30.7018,1.3522,1]},
{"frame":11,"values":[0.9998,-0.0133,0.0124,0,0.0127,0.9986,0.0504,0,-0.0131,-0.0503,0.9986,0,-0.06,30.7018,1.3522,1]},
{"frame":12,"values":[0.9998,-0.0139,0.012,0,0.0133,0.9988,0.0477,0,-0.0127,-0.0475,0.9988,0,-0.06,30.7018,1.3522,1]},
{"frame":13,"values":[0.9998,-0.0141,0.0116,0,0.0136,0.9989,0.0449,0,-0.0123,-0.0447,0.9989,0,-0.06,30.7018,1.3522,1]},
{"frame":14,"values":[0.9998,-0.0143,0.0112,0,0.0138,0.999,0.0421,0,-0.0118,-0.0419,0.9991,0,-0.06,30.7018,1.3522,1]},
{"frame":15,"values":[0.9999,-0.0135,0.0108,0,0.0131,0.9991,0.0393,0,-0.0113,-0.0392,0.9992,0,-0.06,30.7018,1.3522,1]},
{"frame":16,"values":[0.9999,-0.0127,0.0104,0,0.0124,0.9993,0.0365,0,-0.0109,-0.0364,0.9993,0,-0.06,30.7018,1.3522,1]},
{"frame":17,"values":[0.9999,-0.012,0.0109,0,0.0116,0.9994,0.0338,0,-0.0113,-0.0336,0.9994,0,-0.06,30.7018,1.3522,1]},
{"frame":18,"values":[0.9999,-0.0112,0.0114,0,0.0109,0.9995,0.031,0,-0.0117,-0.0308,0.9995,0,-0.06,30.7018,1.3522,1]},
{"frame":19,"values":[0.9999,-0.0105,0.0118,0,0.0101,0.9996,0.0282,0,-0.0121,-0.0281,0.9995,0,-0.06,30.7018,1.3522,1]},
{"frame":20,"values":[0.9999,-0.0097,0.0123,0,0.0094,0.9996,0.0254,0,-0.0125,-0.0253,0.9996,0,-0.06,30.7018,1.3522,1]},
{"frame":21,"values":[0.9999,-0.009,0.0127,0,0.0087,0.9997,0.0226,0,-0.0129,-0.0225,0.9997,0,-0.06,30.7018,1.3522,1]},
{"frame":22,"values":[0.9999,-0.0082,0.0132,0,0.0079,0.9998,0.0199,0,-0.0134,-0.0197,0.9997,0,-0.06,30.7018,1.3522,1]},
{"frame":23,"values":[0.9999,-0.0074,0.0137,0,0.0072,0.9998,0.0171,0,-0.0138,-0.017,0.9998,0,-0.06,30.7019,1.3522,1]},
{"frame":24,"values":[0.9999,-0.0067,0.0141,0,0.0065,0.9999,0.0143,0,-0.0142,-0.0142,0.9998,0,-0.06,30.7018,1.3522,1]},
{"frame":25,"values":[0.9999,-0.0059,0.0146,0,0.0057,0.9999,0.0115,0,-0.0146,-0.0114,0.9998,0,-0.06,30.7018,1.3522,1]},
{"frame":26,"values":[0.9999,-0.0051,0.015,0,0.005,0.9999,0.0087,0,-0.0151,-0.0086,0.9998,0,-0.06,30.7018,1.3522,1]},
{"frame":27,"values":[0.9999,-0.0043,0.0155,0,0.0043,1,0.0059,0,-0.0155,-0.0059,0.9999,0,-0.06,30.7018,1.3522,1]},
{"frame":28,"values":[0.9999,-0.0036,0.0159,0,0.0035,1,0.0032,0,-0.0159,-0.0031,0.9999,0,-0.06,30.7018,1.3522,1]},
{"frame":29,"values":[0.9999,-0.0028,0.0164,0,0.0028,1,0.0004,0,-0.0164,-0.0003,0.9999,0,-0.06,30.7018,1.3522,1]},
{"frame":30,"values":[0.9999,-0.002,0.0168,0,0.0021,1,-0.0024,0,-0.0168,0.0025,0.9999,0,-0.06,30.7018,1.3522,1]},
{"frame":31,"values":[0.9999,-0.0013,0.0172,0,0.0013,1,-0.0052,0,-0.0172,0.0052,0.9998,0,-0.06,30.7018,1.3522,1]},
{"frame":32,"values":[0.9998,-0.0005,0.0177,0,0.0006,1,-0.008,0,-0.0177,0.008,0.9998,0,-0.06,30.7018,1.3522,1]},
{"frame":33,"values":[0.9998,0.0003,0.0181,0,-0.0002,1,-0.0054,0,-0.0181,0.0054,0.9998,0,-0.06,30.7018,1.3522,1]},
{"frame":34,"values":[0.9998,0.0011,0.0186,0,-0.001,1,-0.0028,0,-0.0186,0.0028,0.9998,0,-0.06,30.7018,1.3522,1]},
{"frame":35,"values":[0.9998,0.0018,0.019,0,-0.0018,1,-0.0002,0,-0.019,0.0002,0.9998,0,-0.06,30.7018,1.3522,1]},
{"frame":36,"values":[0.9998,0.0026,0.0189,0,-0.0026,1,0.0024,0,-0.0188,-0.0025,0.9998,0,-0.06,30.7018,1.3522,1]},
{"frame":37,"values":[0.9998,0.0025,0.0187,0,-0.0026,1,0.005,0,-0.0187,-0.0051,0.9998,0,-0.06,30.7018,1.3522,1]},
{"frame":38,"values":[0.9998,0.0026,0.0185,0,-0.0028,1,0.0076,0,-0.0185,-0.0077,0.9998,0,-0.06,30.7018,1.3522,1]},
{"frame":39,"values":[0.9998,0.0027,0.0183,0,-0.0029,0.9999,0.0102,0,-0.0183,-0.0103,0.9998,0,-0.06,30.7018,1.3522,1]},
{"frame":40,"values":[0.9998,0.0023,0.0181,0,-0.0025,0.9999,0.0128,0,-0.0181,-0.0128,0.9998,0,-0.06,30.7018,1.3522,1]},
{"frame":41,"values":[0.9998,0.0018,0.0179,0,-0.0021,0.9999,0.0154,0,-0.0179,-0.0154,0.9997,0,-0.06,30.7018,1.3522,1]},
{"frame":42,"values":[0.9998,0.0013,0.0177,0,-0.0016,0.9998,0.018,0,-0.0177,-0.018,0.9997,0,-0.06,30.7018,1.3522,1]},
{"frame":43,"values":[0.9998,0.0009,0.0175,0,-0.0012,0.9998,0.0206,0,-0.0175,-0.0206,0.9996,0,-0.06,30.7018,1.3522,1]},
{"frame":44,"values":[0.9998,0.0004,0.0173,0,-0.0008,0.9997,0.0232,0,-0.0173,-0.0232,0.9996,0,-0.06,30.7018,1.3522,1]},
{"frame":45,"values":[0.9999,0.0006,0.0171,0,-0.001,0.9997,0.0258,0,-0.0171,-0.0258,0.9995,0,-0.06,30.7018,1.3522,1]},
{"frame":46,"values":[0.9999,0.0007,0.0169,0,-0.0012,0.9996,0.0284,0,-0.0169,-0.0284,0.9995,0,-0.06,30.7018,1.3522,1]},
{"frame":47,"values":[0.9999,0.0009,0.0167,0,-0.0014,0.9995,0.031,0,-0.0167,-0.031,0.9994,0,-0.06,30.7018,1.3522,1]},
{"frame":48,"values":[0.9999,0.0011,0.0168,0,-0.0016,0.9994,0.0336,0,-0.0168,-0.0336,0.9993,0,-0.06,30.7018,1.3522,1]},
{"frame":49,"values":[0.9999,0.0009,0.0169,0,-0.0015,0.9993,0.0362,0,-0.0169,-0.0362,0.9992,0,-0.06,30.7018,1.3522,1]},
{"frame":50,"values":[0.9999,0.0008,0.0165,0,-0.0014,0.9992,0.0388,0,-0.0165,-0.0388,0.9991,0,-0.06,30.7018,1.3522,1]},
