{"producer":{"name":"Blender","version":"2.79 (sub 0)","exporter_version":"5.6.4","file":"sadturnright.babylon"},
"autoClear":true,"clearColor":[0.0509,0.0509,0.0509],"ambientColor":[0,0,0],"gravity":[0,-9.81,0],
"materials":[{"name":"sadturnright.Material","id":"sadturnright.Material","ambient":[0,0,0],"diffuse":[0,0,0],"specular":[0,0,0],"emissive":[0,0,0],"specularPower":50,"alpha":0.001,"backFaceCulling":true,"checkReadyOnlyOnce":false,"maxSimultaneousLights":4}],
"multiMaterials":[],
"skeletons":[{"name":"Armature","id":0,"dimensionsAtRest":[379.1952,391.6652,55.677],"bones":[
{"name":"mixamorig:Hips","index":0,"matrix":[-0.3079,-0.0685,-0.9489,0,0.0076,0.9972,-0.0744,0,-0.9514,0.0301,0.3065,0,-16.7519,198.0589,-12.1085,1],"rest":[1,0,0,0,0,1,0,0,0,0,-1,0,0,201.6394,0,1],"parentBoneIndex":-1,"length":21.6784
,"animation":{"dataType":3,"framePerSecond":24,"keys":[
{"frame":1,"values":[0.9912,-0.0685,-0.1135,0,0.0714,0.9972,0.0222,0,-0.1117,0.0301,-0.9933,0,0.5129,198.0592,0.1128,1]},
{"frame":2,"values":[0.9819,-0.0667,-0.1773,0,0.0707,0.9974,0.0159,0,-0.1758,0.0281,-0.984,0,3.2389,198.32,-0.767,1]},
{"frame":3,"values":[0.9693,-0.0638,-0.2375,0,0.0671,0.9977,0.006,0,-0.2366,0.0218,-0.9714,0,5.8957,198.5651,-1.3554,1]},
{"frame":4,"values":[0.9505,-0.0631,-0.3043,0,0.0651,0.9979,-0.0038,0,-0.3039,0.0162,-0.9526,0,8.0984,198.4892,-1.7584,1]},
{"frame":5,"values":[0.9289,-0.0644,-0.3648,0,0.0649,0.9978,-0.0108,0,-0.3647,0.0137,-0.931,0,9.7134,198.6786,-1.9401,1]},
{"frame":6,"values":[0.9062,-0.0675,-0.4174,0,0.0668,0.9976,-0.0163,0,-0.4175,0.0131,-0.9086,0,10.3779,199.0457,-2.0557,1]},
{"frame":7,"values":[0.8807,-0.0689,-0.4686,0,0.0674,0.9975,-0.0202,0,-0.4689,0.0138,-0.8832,0,11.0423,199.0584,-2.2452,1]},
{"frame":8,"values":[0.8524,-0.0686,-0.5183,0,0.0659,0.9975,-0.0238,0,-0.5187,0.0139,-0.8549,0,11.7068,199.0339,-2.4347,1]},
{"frame":9,"values":[0.8214,-0.068,-0.5663,0,0.0639,0.9976,-0.027,0,-0.5668,0.0141,-0.8237,0,12.3713,199.2163,-2.6242,1]},
{"frame":10,"values":[0.7876,-0.0669,-0.6125,0,0.0616,0.9977,-0.0298,0,-0.6131,0.0143,-0.7899,0,10.9147,199.4734,-2.8136,1]},
{"frame":11,"values":[0.7513,-0.0655,-0.6567,0,0.0589,0.9977,-0.0321,0,-0.6573,0.0146,-0.7535,0,9.4581,199.7197,-2.3689,1]},
{"frame":12,"values":[0.7129,-0.0604,-0.6987,0,0.0564,0.998,-0.0287,0,-0.699,0.0189,-0.7149,0,8.0016,199.9151,-1.9241,1]},
{"frame":13,"values":[0.6721,-0.0551,-0.7384,0,0.0541,0.9982,-0.0252,0,-0.7385,0.023,-0.6739,0,6.545,200.1106,-1.4793,1]},
{"frame":14,"values":[0.6082,-0.1682,-0.7757,0,0.2403,0.9704,-0.0219,0,-0.7565,0.1731,-0.6307,0,5.0884,200.3061,-1.0345,1]},
{"frame":15,"values":[0.5226,-0.2054,-0.8275,0,0.2428,0.9662,-0.0864,0,-0.8173,0.1558,-0.5548,0,3.6318,199.6998,-0.5897,1]},
{"frame":16,"values":[0.4308,-0.2441,-0.8688,0,0.2384,0.9593,-0.1512,0,-0.8704,0.142,-0.4715,0,2.1752,199.0936,-0.1449,1]},
{"frame":17,"values":[0.3347,-0.2835,-0.8987,0,0.2271,0.9498,-0.2151,0,-0.9145,0.1321,-0.3823,0,0.7187,198.4873,0.2999,1]},
{"frame":18,"values":[0.236,-0.323,-0.9165,0,0.2092,0.9379,-0.2767,0,-0.949,0.1264,-0.2889,0,-0.7379,197.8811,0.7447,1]},
{"frame":19,"values":[0.1367,-0.3618,-0.9222,0,0.1849,0.9239,-0.3351,0,-0.9732,0.1247,-0.1932,0,-2.1945,197.2748,1.1894,1]},
{"frame":20,"values":[0.1107,-0.3094,-0.9445,0,0.1629,0.9431,-0.2898,0,-0.9804,0.1218,-0.1548,0,-3.6511,197.4291,-0.0007,1]},
{"frame":21,"values":[0.0833,-0.256,-0.9631,0,0.1421,0.9596,-0.2427,0,-0.9863,0.1166,-0.1163,0,-5.1077,197.5833,-1.1908,1]},
{"frame":22,"values":[0.0545,-0.2019,-0.9779,0,0.1226,0.9733,-0.1941,0,-0.991,0.1093,-0.0778,0,-6.5642,197.7376,-2.3809,1]},
{"frame":23,"values":[0.0247,-0.1474,-0.9888,0,0.1045,0.984,-0.1441,0,-0.9942,0.0998,-0.0397,0,-8.0208,197.8918,-3.571,1]},
{"frame":24,"values":[-0.0061,-0.093,-0.9956,0,0.088,0.9918,-0.0932,0,-0.9961,0.0882,-0.0022,0,-9.4774,198.0461,-4.7612,1]},
{"frame":25,"values":[-0.0375,-0.039,-0.9985,0,0.0731,0.9965,-0.0416,0,-0.9966,0.0746,0.0346,0,-10.934,198.2004,-5.9513,1]},
{"frame":26,"values":[-0.0992,-0.0702,-0.9926,0,0.0555,0.9956,-0.076,0,-0.9935,0.0627,0.0949,0,-12.3906,198.3546,-7.1414,1]},
{"frame":27,"values":[-0.1736,-0.0649,-0.9827,0,0.0384,0.9966,-0.0726,0,-0.9841,0.0503,0.1705,0,-13.8471,198.2168,-8.3315,1]},
{"frame":28,"values":[-0.2471,-0.0605,-0.9671,0,0.0216,0.9975,-0.0679,0,-0.9687,0.0376,0.2452,0,-15.3037,198.079,-9.5217,1]},
{"frame":29,"values":[-0.3079,-0.0685,-0.9489,0,0.0076,0.9972,-0.0744,0,-0.9514,0.0301,0.3065,0,-16.7519,198.0589,-12.1085,1]}],"loopBehavior":1,"name":"anim","property":"_matrix"}},
{"name":"mixamorig:Spine","index":1,"matrix":[0.9944,0.0759,-0.0732,0,-0.0645,0.987,0.1472,0,0.0834,-0.1416,0.9864,0,0.0062,19.525,-2.4818,1],"rest":[1,0,0,0,0,1,0,0,0,0,1,0,0.0062,19.525,-2.4818,1],"parentBoneIndex":0,"length":23.0091
,"animation":{"dataType":3,"framePerSecond":24,"keys":[
{"frame":1,"values":[0.9944,0.0759,-0.0732,0,-0.0645,0.987,0.1472,0,0.0834,-0.1416,0.9864,0,0.0062,19.525,-2.4818,1]},
{"frame":2,"values":[0.9956,0.0683,-0.0638,0,-0.0585,0.9879,0.1435,0,0.0729,-0.1391,0.9876,0,0.0062,19.525,-2.4818,1]},
{"frame":3,"values":[0.9965,0.0612,-0.057,0,-0.0528,0.9889,0.1386,0,0.0648,-0.1351,0.9887,0,0.0062,19.525,-2.4818,1]},
{"frame":4,"values":[0.9966,0.0561,-0.061,0,-0.0475,0.9898,0.1346,0,0.0679,-0.1312,0.989,0,0.0062,19.525,-2.4818,1]},
{"frame":5,"values":[0.9965,0.0518,-0.0648,0,-0.0428,0.9901,0.1334,0,0.0711,-0.1301,0.9889,0,0.0062,19.525,-2.4818,1]},
{"frame":6,"values":[0.9963,0.0513,-0.069,0,-0.0418,0.9902,0.1331,0,0.0751,-0.1297,0.9887,0,0.0062,19.525,-2.4818,1]},
{"frame":7,"values":[0.9957,0.0509,-0.0778,0,-0.0404,0.9905,0.1318,0,0.0838,-0.1281,0.9882,0,0.0062,19.525,-2.4818,1]},
{"frame":8,"values":[0.995,0.0491,-0.0874,0,-0.0375,0.9908,0.13,0,0.093,-0.1261,0.9876,0,0.0062,19.525,-2.4818,1]},
{"frame":9,"values":[0.9948,0.0473,-0.0898,0,-0.0355,0.9911,0.1285,0,0.0951,-0.1246,0.9876,0,0.0062,19.525,-2.4818,1]},
{"frame":10,"values":[0.9949,0.0508,-0.0868,0,-0.0396,0.9912,0.1264,0,0.0925,-0.1224,0.9882,0,0.0062,19.525,-2.4818,1]},
{"frame":11,"values":[0.9948,0.0543,-0.0856,0,-0.0434,0.9913,0.1244,0,0.0916,-0.12,0.9885,0,0.0062,19.525,-2.4818,1]},
{"frame":12,"values":[0.9947,0.0578,-0.0844,0,-0.0473,0.9914,0.1223,0,0.0908,-0.1177,0.9889,0,0.0062,19.525,-2.4818,1]},
{"frame":13,"values":[0.9944,0.0613,-0.0863,0,-0.0507,0.9915,0.1202,0,0.093,-0.1151,0.989,0,0.0062,19.525,-2.4818,1]},
{"frame":14,"values":[0.9947,0.0649,-0.0793,0,-0.055,0.991,0.1218,0,0.0865,-0.1168,0.9894,0,0.0062,19.525,-2.4818,1]},
{"frame":15,"values":[0.995,0.0684,-0.0722,0,-0.0592,0.9906,0.1233,0,0.0799,-0.1185,0.9897,0,0.0062,19.525,-2.4818,1]},
{"frame":16,"values":[0.9953,0.072,-0.0651,0,-0.0637,0.9905,0.1219,0,0.0732,-0.1172,0.9904,0,0.0062,19.525,-2.4818,1]},
{"frame":17,"values":[0.9955,0.0755,-0.058,0,-0.0678,0.9899,0.1249,0,0.0668,-0.1204,0.9905,0,0.0062,19.525,-2.4818,1]},
{"frame":18,"values":[0.9949,0.079,-0.0626,0,-0.0705,0.9893,0.1277,0,0.0721,-0.1227,0.9898,0,0.0062,19.525,-2.4818,1]},
{"frame":19,"values":[0.9948,0.0765,-0.0673,0,-0.0672,0.9892,0.1306,0,0.0765,-0.1254,0.9892,0,0.0062,19.525,-2.4818,1]},
{"frame":20,"values":[0.9947,0.074,-0.0719,0,-0.064,0.989,0.1335,0,0.081,-0.1281,0.9884,0,0.0062,19.525,-2.4818,1]},
{"frame":21,"values":[0.9945,0.0716,-0.0765,0,-0.0607,0.9888,0.1363,0,0.0854,-0.1309,0.9877,0,0.0062,19.525,-2.4818,1]},
{"frame":22,"values":[0.9943,0.0691,-0.0812,0,-0.0574,0.9886,0.1391,0,0.0899,-0.1337,0.9869,0,0.0062,19.525,-2.4818,1]},
{"frame":23,"values":[0.9941,0.0667,-0.0858,0,-0.054,0.9884,0.1419,0,0.0943,-0.1364,0.9862,0,0.0062,19.525,-2.4818,1]},
{"frame":24,"values":[0.9938,0.0642,-0.0905,0,-0.0512,0.9889,0.1395,0,0.0984,-0.134,0.9861,0,0.0062,19.525,-2.4818,1]},
{"frame":25,"values":[0.9933,0.0664,-0.0951,0,-0.0525,0.9886,0.1413,0,0.1034,-0.1353,0.9854,0,0.0062,19.525,-2.4818,1]},
{"frame":26,"values":[0.9926,0.0685,-0.0997,0,-0.0539,0.9882,0.1431,0,0.1084,-0.1367,0.9847,0,0.0062,19.525,-2.4818,1]},
{"frame":27,"values":[0.9931,0.0708,-0.0933,0,-0.0568,0.9878,0.1451,0,0.1025,-0.1388,0.985,0,0.0062,19.525,-2.4818,1]},
{"frame":28,"values":[0.9935,0.073,-0.0869,0,-0.0597,0.9873,0.147,0,0.0966,-0.1409,0.9853,0,0.0062,19.525,-2.4818,1]},
{"frame":29,"values":[0.9944,0.0759,-0.0732,0,-0.0645,0.987,0.1472,0,0.0834,-0.1416,0.9864,0,0.0062,19.525,-2.4818,1]}],"loopBehavior":1,"name":"anim","property":"_matrix"}},
{"name":"mixamorig:Spine1","index":2,"matrix":[0.9997,0.0131,-0.0218,0,-0.0068,0.9638,0.2667,0,0.0245,-0.2665,0.9635,0,-0.0009,22.835,-2.8254,1],"rest":[1,0,0,0,0,1,0,0,0,0,1,0,-0.0009,22.835,-2.8254,1],"parentBoneIndex":1,"length":26.7438
,"animation":{"dataType":3,"framePerSecond":24,"keys":[
{"frame":1,"values":[0.9996,0.0153,-0.0218,0,-0.009,0.9637,0.2667,0,0.0251,-0.2664,0.9635,0,-0.0009,22.835,-2.8254,1]},
{"frame":2,"values":[0.9997,0.015,-0.019,0,-0.0094,0.9638,0.2664,0,0.0223,-0.2661,0.9637,0,-0.0009,22.835,-2.8254,1]},
{"frame":3,"values":[0.9997,0.0146,-0.0169,0,-0.0096,0.9639,0.266,0,0.0202,-0.2658,0.9638,0,-0.0009,22.835,-2.8254,1]},
{"frame":4,"values":[0.9997,0.0143,-0.0179,0,-0.009,0.964,0.2657,0,0.0211,-0.2655,0.9639,0,-0.0009,22.835,-2.8254,1]},
{"frame":5,"values":[0.9997,0.014,-0.019,0,-0.0084,0.9641,0.2653,0,0.022,-0.2651,0.964,0,-0.0009,22.835,-2.8254,1]},
{"frame":6,"values":[0.9997,0.0136,-0.0208,0,-0.0077,0.9642,0.265,0,0.0237,-0.2648,0.964,0,-0.0009,22.835,-2.8254,1]},
{"frame":7,"values":[0.9997,0.0133,-0.0226,0,-0.0069,0.9643,0.2646,0,0.0253,-0.2644,0.9641,0,-0.0009,22.835,-2.8254,1]},
{"frame":8,"values":[0.9996,0.0136,-0.0253,0,-0.0064,0.9644,0.2643,0,0.028,-0.264,0.9641,0,-0.0009,22.835,-2.8254,1]},
{"frame":9,"values":[0.9996,0.0138,-0.0259,0,-0.0065,0.9645,0.2639,0,0.0286,-0.2637,0.9642,0,-0.0009,22.835,-2.8254,1]},
{"frame":10,"values":[0.9996,0.0141,-0.0254,0,-0.0069,0.9646,0.2636,0,0.0282,-0.2633,0.9643,0,-0.0009,22.835,-2.8254,1]},
{"frame":11,"values":[0.9996,0.0144,-0.0249,0,-0.0073,0.9647,0.2633,0,0.0278,-0.263,0.9644,0,-0.0009,22.835,-2.8254,1]},
{"frame":12,"values":[0.9996,0.0146,-0.0244,0,-0.0077,0.9648,0.2629,0,0.0274,-0.2626,0.9645,0,-0.0009,22.835,-2.8254,1]},
{"frame":13,"values":[0.9996,0.0149,-0.025,0,-0.0078,0.9649,0.2626,0,0.028,-0.2623,0.9646,0,-0.0009,22.835,-2.8254,1]},
{"frame":14,"values":[0.9996,0.0151,-0.0231,0,-0.0085,0.965,0.2623,0,0.0263,-0.262,0.9647,0,-0.0009,22.835,-2.8254,1]},
{"frame":15,"values":[0.9997,0.0154,-0.0212,0,-0.0093,0.9649,0.2626,0,0.0245,-0.2623,0.9647,0,-0.0009,22.835,-2.8254,1]},
{"frame":16,"values":[0.9997,0.0157,-0.0194,0,-0.01,0.9648,0.2629,0,0.0228,-0.2627,0.9646,0,-0.0009,22.835,-2.8254,1]},
{"frame":17,"values":[0.9997,0.0159,-0.0175,0,-0.0108,0.9647,0.2633,0,0.0211,-0.263,0.9646,0,-0.0009,22.835,-2.8254,1]},
{"frame":18,"values":[0.9997,0.0162,-0.0188,0,-0.0107,0.9646,0.2636,0,0.0224,-0.2633,0.9644,0,-0.0009,22.835,-2.8254,1]},
{"frame":19,"values":[0.9997,0.0164,-0.02,0,-0.0106,0.9645,0.2639,0,0.0237,-0.2636,0.9643,0,-0.0009,22.835,-2.8254,1]},
{"frame":20,"values":[0.9996,0.0159,-0.0213,0,-0.0097,0.9644,0.2643,0,0.0248,-0.264,0.9642,0,-0.0009,22.835,-2.8254,1]},
{"frame":21,"values":[0.9996,0.0153,-0.0226,0,-0.0088,0.9643,0.2646,0,0.0258,-0.2643,0.9641,0,-0.0009,22.835,-2.8254,1]},
{"frame":22,"values":[0.9996,0.0147,-0.0239,0,-0.0079,0.9642,0.2649,0,0.0269,-0.2646,0.964,0,-0.0009,22.835,-2.8254,1]},
{"frame":23,"values":[0.9996,0.0142,-0.0252,0,-0.007,0.9642,0.2652,0,0.028,-0.2649,0.9639,0,-0.0009,22.835,-2.8254,1]},
{"frame":24,"values":[0.9996,0.0136,-0.0264,0,-0.0061,0.9641,0.2655,0,0.0291,-0.2653,0.9637,0,-0.0009,22.835,-2.8254,1]},
{"frame":25,"values":[0.9995,0.013,-0.0277,0,-0.0052,0.964,0.266,0,0.0302,-0.2657,0.9636,0,-0.0009,22.835,-2.8254,1]},
{"frame":26,"values":[0.9995,0.013,-0.029,0,-0.0048,0.9638,0.2664,0,0.0314,-0.2661,0.9634,0,-0.0009,22.835,-2.8254,1]},
{"frame":27,"values":[0.9995,0.013,-0.0273,0,-0.0053,0.9637,0.2669,0,0.0298,-0.2666,0.9633,0,-0.0009,22.835,-2.8254,1]},
{"frame":28,"values":[0.9996,0.013,-0.0256,0,-0.0058,0.9637,0.2668,0,0.0281,-0.2665,0.9634,0,-0.0009,22.835,-2.8254,1]},
{"frame":29,"values":[0.9997,0.0131,-0.0218,0,-0.0068,0.9638,0.2667,0,0.0245,-0.2665,0.9635,0,-0.0009,22.835,-2.8254,1]}],"loopBehavior":1,"name":"anim","property":"_matrix"}},
{"name":"mixamorig:Spine2","index":3,"matrix":[0.9997,0.0139,-0.0218,0,-0.0076,0.9637,0.2669,0,0.0247,-0.2667,0.9635,0,-0.0206,26.5525,-3.1933,1],"rest":[1,0,0,0,0,1,0,0,0,0,1,0,-0.0206,26.5525,-3.1933,1],"parentBoneIndex":2,"length":24.825
,"animation":{"dataType":3,"framePerSecond":24,"keys":[
{"frame":1,"values":[0.9997,0.0147,-0.0218,0,-0.0083,0.9637,0.2669,0,0.0249,-0.2667,0.9635,0,-0.0206,26.5525,-3.1933,1]},
{"frame":2,"values":[0.9997,0.0143,-0.019,0,-0.0088,0.9638,0.2666,0,0.0221,-0.2664,0.9636,0,-0.0206,26.5525,-3.1933,1]},
{"frame":3,"values":[0.9998,0.014,-0.0169,0,-0.009,0.9639,0.2663,0,0.02,-0.2661,0.9637,0,-0.0206,26.5525,-3.1933,1]},
{"frame":4,"values":[0.9997,0.0137,-0.0179,0,-0.0084,0.964,0.2659,0,0.0209,-0.2657,0.9638,0,-0.0206,26.5525,-3.1933,1]},
{"frame":5,"values":[0.9997,0.0133,-0.0189,0,-0.0079,0.9641,0.2656,0,0.0217,-0.2654,0.9639,0,-0.0206,26.5525,-3.1933,1]},
{"frame":6,"values":[0.9997,0.013,-0.0207,0,-0.0071,0.9642,0.2653,0,0.0234,-0.265,0.964,0,-0.0206,26.5525,-3.1933,1]},
{"frame":7,"values":[0.9997,0.0127,-0.0225,0,-0.0063,0.9643,0.2649,0,0.0251,-0.2647,0.964,0,-0.0206,26.5525,-3.1933,1]},
{"frame":8,"values":[0.9996,0.0129,-0.0251,0,-0.0058,0.9644,0.2645,0,0.0277,-0.2643,0.964,0,-0.0206,26.5525,-3.1933,1]},
{"frame":9,"values":[0.9996,0.0132,-0.0258,0,-0.0059,0.9644,0.2642,0,0.0284,-0.2639,0.9641,0,-0.0206,26.5525,-3.1933,1]},
{"frame":10,"values":[0.9996,0.0135,-0.0253,0,-0.0063,0.9645,0.2639,0,0.028,-0.2636,0.9642,0,-0.0206,26.5525,-3.1933,1]},
{"frame":11,"values":[0.9996,0.0137,-0.0249,0,-0.0067,0.9646,0.2635,0,0.0276,-0.2633,0.9643,0,-0.0206,26.5525,-3.1933,1]},
{"frame":12,"values":[0.9996,0.014,-0.0244,0,-0.0071,0.9647,0.2632,0,0.0272,-0.2629,0.9644,0,-0.0206,26.5525,-3.1933,1]},
{"frame":13,"values":[0.9996,0.0143,-0.0249,0,-0.0072,0.9648,0.2629,0,0.0278,-0.2626,0.9645,0,-0.0206,26.5525,-3.1933,1]},
{"frame":14,"values":[0.9996,0.0145,-0.0231,0,-0.008,0.9649,0.2625,0,0.0261,-0.2622,0.9647,0,-0.0206,26.5525,-3.1933,1]},
{"frame":15,"values":[0.9997,0.0148,-0.0212,0,-0.0087,0.9648,0.2629,0,0.0244,-0.2626,0.9646,0,-0.0206,26.5525,-3.1933,1]},
{"frame":16,"values":[0.9997,0.0151,-0.0194,0,-0.0094,0.9647,0.2632,0,0.0227,-0.2629,0.9645,0,-0.0206,26.5525,-3.1933,1]},
{"frame":17,"values":[0.9997,0.0153,-0.0175,0,-0.0102,0.9646,0.2635,0,0.021,-0.2633,0.9645,0,-0.0206,26.5525,-3.1933,1]},
{"frame":18,"values":[0.9997,0.0156,-0.0188,0,-0.0101,0.9645,0.2639,0,0.0223,-0.2636,0.9644,0,-0.0206,26.5525,-3.1933,1]},
{"frame":19,"values":[0.9997,0.0159,-0.0201,0,-0.01,0.9644,0.2642,0,0.0236,-0.2639,0.9643,0,-0.0206,26.5525,-3.1933,1]},
{"frame":20,"values":[0.9996,0.0157,-0.0214,0,-0.0095,0.9643,0.2645,0,0.0247,-0.2642,0.9641,0,-0.0206,26.5525,-3.1933,1]},
{"frame":21,"values":[0.9996,0.0154,-0.0226,0,-0.0089,0.9642,0.2648,0,0.0259,-0.2645,0.964,0,-0.0206,26.5525,-3.1933,1]},
{"frame":22,"values":[0.9996,0.0152,-0.0239,0,-0.0083,0.9642,0.2652,0,0.0271,-0.2649,0.9639,0,-0.0206,26.5525,-3.1933,1]},
{"frame":23,"values":[0.9996,0.015,-0.0252,0,-0.0078,0.9641,0.2655,0,0.0282,-0.2652,0.9638,0,-0.0206,26.5525,-3.1933,1]},
{"frame":24,"values":[0.9995,0.0148,-0.0264,0,-0.0072,0.964,0.2658,0,0.0294,-0.2655,0.9637,0,-0.0206,26.5525,-3.1933,1]},
{"frame":25,"values":[0.9995,0.0146,-0.0277,0,-0.0067,0.9639,0.2663,0,0.0306,-0.2659,0.9635,0,-0.0206,26.5525,-3.1933,1]},
{"frame":26,"values":[0.9995,0.0143,-0.029,0,-0.0061,0.9638,0.2667,0,0.0317,-0.2664,0.9633,0,-0.0206,26.5525,-3.1933,1]},
{"frame":27,"values":[0.9995,0.0141,-0.0273,0,-0.0063,0.9636,0.2672,0,0.03,-0.2669,0.9633,0,-0.0206,26.5525,-3.1933,1]},
{"frame":28,"values":[0.9996,0.0139,-0.0256,0,-0.0066,0.9637,0.267,0,0.0284,-0.2668,0.9633,0,-0.0206,26.5525,-3.1933,1]},
{"frame":29,"values":[0.9997,0.0139,-0.0218,0,-0.0076,0.9637,0.2669,0,0.0247,-0.2667,0.9635,0,-0.0206,26.5525,-3.1933,1]}],"loopBehavior":1,"name":"anim","property":"_matrix"}},
{"name":"mixamorig:Neck","index":4,"matrix":[0.9981,0.0294,0.055,0,-0.0333,0.9969,0.0709,0,-0.0528,-0.0726,0.996,0,-0.06,30.7018,1.3522,1],"rest":[1,0,0,0,0,1,0,0,0,0,1,0,-0.06,30.7018,1.3522,1],"parentBoneIndex":3,"length":22.8446
,"animation":{"dataType":3,"framePerSecond":24,"keys":[
{"frame":1,"values":[0.9982,0.0294,0.0522,0,-0.0331,0.9969,0.0709,0,-0.0499,-0.0725,0.9961,0,-0.06,30.7018,1.3522,1]},
{"frame":2,"values":[0.9982,0.0292,0.0522,0,-0.0328,0.997,0.0705,0,-0.05,-0.0721,0.9961,0,-0.06,30.7018,1.3522,1]},
{"frame":3,"values":[0.9982,0.0289,0.0522,0,-0.0325,0.997,0.0701,0,-0.0501,-0.0717,0.9962,0,-0.06,30.7018,1.3522,1]},
{"frame":4,"values":[0.9982,0.0286,0.0523,0,-0.0323,0.997,0.0698,0,-0.0501,-0.0713,0.9962,0,-0.06,30.7018,1.3522,1]},
{"frame":5,"values":[0.9982,0.0284,0.0523,0,-0.032,0.9971,0.0694,0,-0.0502,-0.0709,0.9962,0,-0.06,30.7018,1.3522,1]},
{"frame":6,"values":[0.9982,0.0281,0.0523,0,-0.0317,0.9971,0.069,0,-0.0502,-0.0705,0.9962,0,-0.06,30.7018,1.3522,1]},
{"frame":7,"values":[0.9982,0.0279,0.0523,0,-0.0314,0.9972,0.0686,0,-0.0503,-0.0701,0.9963,0,-0.06,30.7018,1.3522,1]},
{"frame":8,"values":[0.9982,0.0276,0.0523,0,-0.0311,0.9972,0.0682,0,-0.0503,-0.0697,0.9963,0,-0.06,30.7018,1.3522,1]},
{"frame":9,"values":[0.9982,0.0273,0.0525,0,-0.0309,0.9972,0.0687,0,-0.0505,-0.0702,0.9963,0,-0.06,30.7018,1.3522,1]},
{"frame":10,"values":[0.9982,0.0271,0.0527,0,-0.0307,0.9971,0.0692,0,-0.0507,-0.0707,0.9962,0,-0.06,30.7018,1.3522,1]},
{"frame":11,"values":[0.9982,0.0271,0.0529,0,-0.0308,0.9971,0.0697,0,-0.0509,-0.0712,0.9962,0,-0.06,30.7018,1.3522,1]},
{"frame":12,"values":[0.9982,0.0272,0.0531,0,-0.0309,0.9971,0.0702,0,-0.051,-0.0717,0.9961,0,-0.06,30.7018,1.3522,1]},
{"frame":13,"values":[0.9982,0.0272,0.0533,0,-0.031,0.997,0.0707,0,-0.0512,-0.0722,0.9961,0,-0.06,30.7018,1.3522,1]},
{"frame":14,"values":[0.9982,0.0273,0.0535,0,-0.0311,0.997,0.0712,0,-0.0514,-0.0728,0.996,0,-0.06,30.7018,1.3522,1]},
{"frame":15,"values":[0.9982,0.0274,0.0537,0,-0.0312,0.9969,0.0717,0,-0.0516,-0.0733,0.996,0,-0.06,30.7018,1.3522,1]},
{"frame":16,"values":[0.9982,0.0274,0.0539,0,-0.0313,0.9969,0.0717,0,-0.0517,-0.0733,0.996,0,-0.06,30.7018,1.3522,1]},
{"frame":17,"values":[0.9982,0.0275,0.0541,0,-0.0313,0.9969,0.0717,0,-0.0519,-0.0733,0.996,0,-0.06,30.7018,1.3522,1]},
{"frame":18,"values":[0.9981,0.0275,0.0543,0,-0.0314,0.9969,0.0717,0,-0.0521,-0.0732,0.996,0,-0.06,30.7018,1.3522,1]},
{"frame":19,"values":[0.9981,0.0276,0.0545,0,-0.0315,0.9969,0.0716,0,-0.0523,-0.0732,0.9959,0,-0.06,30.7018,1.3522,1]},
{"frame":20,"values":[0.9981,0.0277,0.0546,0,-0.0315,0.9969,0.0716,0,-0.0525,-0.0732,0.9959,0,-0.06,30.7018,1.3522,1]},
{"frame":21,"values":[0.9981,0.0277,0.0548,0,-0.0316,0.9969,0.0716,0,-0.0527,-0.0732,0.9959,0,-0.06,30.7018,1.3522,1]},
{"frame":22,"values":[0.9981,0.0278,0.055,0,-0.0317,0.9969,0.0716,0,-0.0528,-0.0732,0.9959,0,-0.06,30.7018,1.3522,1]},
{"frame":23,"values":[0.9981,0.0278,0.055,0,-0.0317,0.9969,0.0715,0,-0.0528,-0.0732,0.9959,0,-0.06,30.7018,1.3522,1]},
{"frame":24,"values":[0.9981,0.0281,0.055,0,-0.032,0.9969,0.0715,0,-0.0528,-0.0731,0.9959,0,-0.06,30.7018,1.3522,1]},
{"frame":25,"values":[0.9981,0.0284,0.055,0,-0.0323,0.9969,0.0715,0,-0.0528,-0.0731,0.9959,0,-0.06,30.7018,1.3522,1]},
{"frame":26,"values":[0.9981,0.0286,0.055,0,-0.0325,0.9969,0.0715,0,-0.0528,-0.0731,0.9959,0,-0.06,30.7018,1.3522,1]},
{"frame":27,"values":[0.9981,0.0289,0.055,0,-0.0328,0.9969,0.0713,0,-0.0528,-0.073,0.9959,0,-0.06,30.7018,1.3522,1]},
{"frame":28,"values":[0.9981,0.0291,0.055,0,-0.033,0.9969,0.0711,0,-0.0528,-0.0728,0.996,0,-0.06,30.7018,1.3522,1]},
{"frame":29,"values":[0.9981,0.0294,0.055,0,-0.0333,0.9969,0.0709,0,-0.0528,-0.0726,0.996,0,-0.06,30.7018,1.3522,1]}],"loopBehavior":1,"name":"anim","property":"_matrix"}},
{"name":"mixamorig:Head","index":5,"matrix":[0.9182,0.1891,0.3481,0,-0.2952,0.9126,0.2829,0,-0.2642,-0.3625,0.8938,0,-0.0872,22.5476,3.6709,1],"rest":[1,0,0,0,0,1,0,0,0,0,1,0,-0.0872,22.5476,3.6709,1],"parentBoneIndex":4,"length":30.5923
,"animation":{"dataType":3,"framePerSecond":24,"keys":[
{"frame":1,"values":[0.9182,0.1891,0.3481,0,-0.2952,0.9126,0.283,0,-0.2641,-0.3626,0.8937,0,-0.0872,22.5476,3.6709,1]},
{"frame":2,"values":[0.9176,0.1908,0.3487,0,-0.2969,0.9123,0.2821,0,-0.2643,-0.3623,0.8938,0,-0.0872,22.5476,3.6709,1]},
{"frame":3,"values":[0.9179,0.1906,0.3479,0,-0.2954,0.9139,0.2786,0,-0.2648,-0.3585,0.8952,0,-0.0872,22.5476,3.6709,1]},
{"frame":4,"values":[0.9182,0.1904,0.3475,0,-0.2939,0.9154,0.2751,0,-0.2657,-0.3547,0.8964,0,-0.0872,22.5476,3.6709,1]},
{"frame":5,"values":[0.9178,0.1914,0.348,0,-0.2938,0.9167,0.2707,0,-0.2672,-0.3507,0.8976,0,-0.0872,22.5476,3.6709,1]},
{"frame":6,"values":[0.9172,0.1899,0.3502,0,-0.293,0.9172,0.2701,0,-0.2699,-0.3503,0.8969,0,-0.0872,22.5476,3.6709,1]},
{"frame":7,"values":[0.9173,0.1866,0.3517,0,-0.2914,0.9166,0.2738,0,-0.2712,-0.3536,0.8952,0,-0.0872,22.5476,3.6709,1]},
{"frame":8,"values":[0.9177,0.1859,0.351,0,-0.2912,0.9159,0.2763,0,-0.2701,-0.3558,0.8947,0,-0.0872,22.5476,3.6709,1]},
{"frame":9,"values":[0.918,0.1874,0.3494,0,-0.292,0.9157,0.2761,0,-0.2682,-0.3555,0.8954,0,-0.0872,22.5476,3.6709,1]},
{"frame":10,"values":[0.9173,0.1878,0.3511,0,-0.2928,0.9156,0.2754,0,-0.2697,-0.3555,0.8949,0,-0.0872,22.5476,3.6709,1]},
{"frame":11,"values":[0.917,0.1864,0.3527,0,-0.292,0.916,0.2751,0,-0.2718,-0.3552,0.8944,0,-0.0872,22.5476,3.6709,1]},
{"frame":12,"values":[0.9165,0.1857,0.3544,0,-0.2922,0.9157,0.2759,0,-0.2733,-0.3564,0.8935,0,-0.0872,22.5476,3.6709,1]},
{"frame":13,"values":[0.9161,0.1844,0.356,0,-0.2925,0.9146,0.2792,0,-0.2741,-0.3599,0.8918,0,-0.0872,22.5476,3.6709,1]},
{"frame":14,"values":[0.9157,0.183,0.3576,0,-0.2929,0.9134,0.2825,0,-0.275,-0.3635,0.8901,0,-0.0872,22.5476,3.6709,1]},
{"frame":15,"values":[0.9154,0.1817,0.3593,0,-0.2933,0.9123,0.2859,0,-0.2758,-0.367,0.8884,0,-0.0872,22.5476,3.6709,1]},
{"frame":16,"values":[0.9144,0.1834,0.3609,0,-0.2944,0.9132,0.2819,0,-0.2779,-0.364,0.889,0,-0.0872,22.5476,3.6709,1]},
{"frame":17,"values":[0.9134,0.1851,0.3626,0,-0.2956,0.914,0.2779,0,-0.2799,-0.361,0.8896,0,-0.0872,22.5476,3.6709,1]},
{"frame":18,"values":[0.9124,0.1869,0.3642,0,-0.2967,0.9149,0.2739,0,-0.282,-0.3579,0.8901,0,-0.0872,22.5476,3.6709,1]},
{"frame":19,"values":[0.9114,0.1886,0.3658,0,-0.2998,0.9132,0.276,0,-0.282,-0.3612,0.8888,0,-0.0872,22.5476,3.6709,1]},
{"frame":20,"values":[0.9104,0.1903,0.3675,0,-0.3028,0.9116,0.2781,0,-0.282,-0.3644,0.8875,0,-0.0872,22.5476,3.6709,1]},
{"frame":21,"values":[0.91,0.1889,0.3691,0,-0.3016,0.9125,0.2765,0,-0.2845,-0.363,0.8873,0,-0.0872,22.5476,3.6709,1]},
{"frame":22,"values":[0.9112,0.1878,0.3666,0,-0.2991,0.9136,0.2755,0,-0.2832,-0.3607,0.8887,0,-0.0872,22.5476,3.6709,1]},
{"frame":23,"values":[0.9125,0.1867,0.3641,0,-0.2976,0.9135,0.2775,0,-0.2808,-0.3616,0.8891,0,-0.0872,22.5476,3.6709,1]},
{"frame":24,"values":[0.9137,0.1856,0.3616,0,-0.2962,0.9133,0.2795,0,-0.2783,-0.3625,0.8895,0,-0.0872,22.5476,3.6709,1]},
{"frame":25,"values":[0.9149,0.1845,0.3591,0,-0.2947,0.9132,0.2815,0,-0.2759,-0.3633,0.8899,0,-0.0872,22.5476,3.6709,1]},
{"frame":26,"values":[0.9161,0.1834,0.3565,0,-0.2926,0.9139,0.2815,0,-0.2742,-0.3622,0.8909,0,-0.0872,22.5476,3.6709,1]},
{"frame":27,"values":[0.9168,0.1849,0.354,0,-0.2929,0.9138,0.2815,0,-0.2715,-0.3617,0.8919,0,-0.0872,22.5476,3.6709,1]},
{"frame":28,"values":[0.9175,0.1863,0.3515,0,-0.2937,0.9131,0.2827,0,-0.2683,-0.3626,0.8925,0,-0.0872,22.5476,3.6709,1]},
{"frame":29,"values":[0.9182,0.1891,0.3481,0,-0.2952,0.9126,0.2829,0,-0.2642,-0.3625,0.8938,0,-0.0872,22.5476,3.6709,1]}],"loopBehavior":1,"name":"anim","property":"_matrix"}},
{"name":"mixamorig:HeadTop_End","index":6,"matrix":[1,0,0,0,0,1,0,0,0,0,1,0,-0.8306,40.3552,7.8935,1],"rest":[1,0,0,0,0,1,0,0,0,0,1,0,-0.8306,40.3552,7.8935,1],"parentBoneIndex":5,"length":30.5923
,"animation":{"dataType":3,"framePerSecond":24,"keys":[
{"frame":1,"values":[1,0,0,0,0,1,0,0,0,0,1,0,-0.8306,40.3552,7.8935,1]},
{"frame":29,"values":[1,0,0,0,0,1,0,0,0,0,1,0,-0.8306,40.3552,7.8935,1]}],"loopBehavior":1,"name":"anim","property":"_matrix"}},
{"name":"mixamorig:RightEye","index":7,"matrix":[1,0,0,0,0,1,0,0,0,0,1,0,-6.3021,18.1186,16.1971,1],"rest":[1,0,0,0,0,1,0,0,0,0,1,0,-6.3021,18.1186,16.1971,1],"parentBoneIndex":5,"length":30.5923
,"animation":{"dataType":3,"framePerSecond":24,"keys":[
{"frame":1,"values":[1,0,0,0,0,1,0,0,0,0,1,0,-6.3021,18.1186,16.1971,1]},
{"frame":29,"values":[1,0,0,0,0,1,0,0,0,0,1,0,-6.3021,18.1186,16.1971,1]}],"loopBehavior":1,"name":"anim","property":"_matrix"}},
{"name":"mixamorig:LeftEye","index":8,"matrix":[1,0,0,0,0,1,0,0,0,0,1,0,6.7415,18.3827,16.4019,1],"rest":[1,0,0,0,0,1,0,0,0,0,1,0,6.7415,18.3827,16.4019,1],"parentBoneIndex":5,"length":30.5923
,"animation":{"dataType":3,"framePerSecond":24,"keys":[
{"frame":1,"values":[1,0,0,0,0,1,0,0,0,0,1,0,6.7415,18.3827,16.4019,1]},
{"frame":29,"values":[1,0,0,0,0,1,0,0,0,0,1,0,6.7415,18.3827,16.4019,1]}],"loopBehavior":1,"name":"anim","property":"_matrix"}},
{"name":"mixamorig:LeftShoulder","index":9,"matrix":[0.8883,-0.4129,0.2013,0,0.3965,0.9104,0.1177,0,-0.2319,-0.0247,0.9724,0,11.9249,18.2305,1.4254,1],"rest":[1,0.0062,0,0,-0.0062,1,0,0,0,0,1,0,11.9249,18.2305,1.4254,1],"parentBoneIndex":3,"length":25.9773
,"animation":{"dataType":3,"framePerSecond":24,"keys":[
{"frame":1,"values":[0.8883,-0.4129,0.2013,0,0.3965,0.9104,0.1177,0,-0.2319,-0.0247,0.9724,0,11.9249,18.2305,1.4254,1]},
{"frame":2,"values":[0.8894,-0.4094,0.2031,0,0.393,0.912,0.1175,0,-0.2333,-0.0247,0.9721,0,11.9249,18.2305,1.4254,1]},
{"frame":3,"values":[0.8911,-0.404,0.2068,0,0.3874,0.9144,0.1173,0,-0.2365,-0.0243,0.9713,0,11.9249,18.2305,1.4254,1]},
{"frame":4,"values":[0.8906,-0.4037,0.2093,0,0.3869,0.9146,0.1178,0,-0.239,-0.0239,0.9707,0,11.9249,18.2305,1.4254,1]},
{"frame":5,"values":[0.8909,-0.4036,0.2082,0,0.3868,0.9146,0.1175,0,-0.2379,-0.0241,0.971,0,11.9249,18.2305,1.4254,1]},
{"frame":6,"values":[0.8896,-0.4069,0.2073,0,0.39,0.9131,0.1186,0,-0.2376,-0.0246,0.9711,0,11.9249,18.2305,1.4254,1]},
{"frame":7,"values":[0.8899,-0.4068,0.2064,0,0.39,0.9132,0.1182,0,-0.2366,-0.0247,0.9713,0,11.9249,18.2305,1.4254,1]},
{"frame":8,"values":[0.8915,-0.4073,0.1985,0,0.3913,0.9129,0.1159,0,-0.2284,-0.0256,0.9732,0,11.9249,18.2305,1.4254,1]},
{"frame":9,"values":[0.8941,-0.4036,0.1943,0,0.388,0.9146,0.1141,0,-0.2238,-0.0266,0.9743,0,11.9249,18.2305,1.4254,1]},
{"frame":10,"values":[0.8961,-0.3995,0.1932,0,0.3841,0.9163,0.113,0,-0.2222,-0.027,0.9746,0,11.9249,18.2305,1.4254,1]},
{"frame":11,"values":[0.8966,-0.3995,0.1911,0,0.3843,0.9163,0.1125,0,-0.22,-0.0274,0.9751,0,11.9249,18.2305,1.4254,1]},
{"frame":12,"values":[0.8986,-0.3957,0.1898,0,0.3803,0.9179,0.1131,0,-0.2189,-0.0294,0.9753,0,11.9249,18.2305,1.4254,1]},
{"frame":13,"values":[0.8945,-0.4035,0.1925,0,0.3881,0.9146,0.1135,0,-0.2219,-0.0268,0.9747,0,11.9249,18.2305,1.4254,1]},
{"frame":14,"values":[0.8915,-0.4092,0.1943,0,0.3938,0.9121,0.114,0,-0.2239,-0.0251,0.9743,0,11.9249,18.2305,1.4254,1]},
{"frame":15,"values":[0.8931,-0.4055,0.195,0,0.3899,0.9137,0.1146,0,-0.2247,-0.0263,0.9741,0,11.9249,18.2305,1.4254,1]},
{"frame":16,"values":[0.8925,-0.4051,0.1986,0,0.3889,0.9139,0.1163,0,-0.2286,-0.0266,0.9732,0,11.9249,18.2305,1.4254,1]},
{"frame":17,"values":[0.8901,-0.4083,0.2024,0,0.3917,0.9125,0.1181,0,-0.2329,-0.0258,0.9722,0,11.9249,18.2305,1.4254,1]},
{"frame":18,"values":[0.8878,-0.4115,0.2062,0,0.3945,0.9111,0.1198,0,-0.2371,-0.0251,0.9712,0,11.9249,18.2305,1.4254,1]},
{"frame":19,"values":[0.8846,-0.4155,0.2116,0,0.398,0.9093,0.1215,0,-0.2429,-0.0233,0.9698,0,11.9249,18.2305,1.4254,1]},
{"frame":20,"values":[0.8815,-0.4194,0.217,0,0.4019,0.9076,0.1215,0,-0.2479,-0.0199,0.9686,0,11.9249,18.2305,1.4254,1]},
{"frame":21,"values":[0.8821,-0.4195,0.2144,0,0.402,0.9075,0.1217,0,-0.2456,-0.0211,0.9691,0,11.9249,18.2305,1.4254,1]},
{"frame":22,"values":[0.8827,-0.4195,0.2118,0,0.4021,0.9075,0.1219,0,-0.2434,-0.0224,0.9697,0,11.9249,18.2305,1.4254,1]},
{"frame":23,"values":[0.8833,-0.4196,0.2093,0,0.4021,0.9074,0.1222,0,-0.2412,-0.0237,0.9702,0,11.9249,18.2305,1.4254,1]},
{"frame":24,"values":[0.8823,-0.4216,0.2094,0,0.4041,0.9065,0.1224,0,-0.2414,-0.0233,0.9701,0,11.9249,18.2305,1.4254,1]},
{"frame":25,"values":[0.8812,-0.4236,0.2096,0,0.4062,0.9055,0.1226,0,-0.2417,-0.0229,0.9701,0,11.9249,18.2305,1.4254,1]},
{"frame":26,"values":[0.8804,-0.4257,0.209,0,0.4085,0.9046,0.122,0,-0.241,-0.022,0.9703,0,11.9249,18.2305,1.4254,1]},
{"frame":27,"values":[0.8811,-0.4246,0.2084,0,0.4074,0.9051,0.1214,0,-0.2401,-0.022,0.9705,0,11.9249,18.2305,1.4254,1]},
{"frame":28,"values":[0.8832,-0.4213,0.206,0,0.4043,0.9066,0.1208,0,-0.2376,-0.0234,0.9711,0,11.9249,18.2305,1.4254,1]},
{"frame":29,"values":[0.8883,-0.4129,0.2013,0,0.3965,0.9104,0.1177,0,-0.2319,-0.0247,0.9724,0,11.9249,18.2305,1.4254,1]}],"loopBehavior":1,"name":"anim","property":"_matrix"}},
{"name":"mixamorig:LeftArm","index":10,"matrix":[0.5673,-0.6345,0.5249,0,0.7797,0.6189,-0.0946,0,-0.2649,0.4629,0.8459,0,25.4312,-0.8546,-5.2293,1],"rest":[0.9983,0.0295,0.0512,0,-0.0294,0.9996,-0.0017,0,-0.0512,0.0002,0.9987,0,25.4312,-0.8546,-5.2293,1],"parentBoneIndex":9,"length":54.6848
,"animation":{"dataType":3,"framePerSecond":24,"keys":[
{"frame":1,"values":[0.5673,-0.6345,0.5249,0,0.7797,0.6189,-0.0946,0,-0.2649,0.4629,0.8459,0,25.4312,-0.8546,-5.2293,1]},
{"frame":2,"values":[0.5651,-0.6455,0.5138,0,0.7781,0.6241,-0.0716,0,-0.2744,0.4403,0.8549,0,25.4312,-0.8547,-5.2293,1]},
{"frame":3,"values":[0.5624,-0.6572,0.5018,0,0.7747,0.6309,-0.0421,0,-0.2889,0.4124,0.864,0,25.4312,-0.8547,-5.2293,1]},
{"frame":4,"values":[0.5652,-0.6631,0.4908,0,0.7641,0.645,-0.0086,0,-0.3108,0.3799,0.8712,0,25.4312,-0.8546,-5.2293,1]},
{"frame":5,"values":[0.5717,-0.6597,0.4879,0,0.7496,0.6616,0.0162,0,-0.3335,0.3565,0.8727,0,25.4312,-0.8547,-5.2293,1]},
{"frame":6,"values":[0.5858,-0.6452,0.4905,0,0.7372,0.6756,0.0082,0,-0.3367,0.3568,0.8714,0,25.4312,-0.8546,-5.2293,1]},
{"frame":7,"values":[0.6022,-0.6298,0.4905,0,0.7287,0.6846,-0.0156,0,-0.326,0.3668,0.8713,0,25.4312,-0.8546,-5.2293,1]},
{"frame":8,"values":[0.6142,-0.6189,0.4897,0,0.7257,0.6867,-0.0424,0,-0.31,0.3814,0.8709,0,25.4312,-0.8547,-5.2293,1]},
{"frame":9,"values":[0.6252,-0.6103,0.4865,0,0.7239,0.6865,-0.0691,0,-0.2918,0.3954,0.8709,0,25.4312,-0.8546,-5.2293,1]},
{"frame":10,"values":[0.6317,-0.6036,0.4864,0,0.7226,0.6857,-0.0875,0,-0.2807,0.4068,0.8693,0,25.4312,-0.8546,-5.2293,1]},
{"frame":11,"values":[0.6351,-0.6001,0.4864,0,0.7206,0.687,-0.0932,0,-0.2783,0.4097,0.8688,0,25.4312,-0.8546,-5.2293,1]},
{"frame":12,"values":[0.6346,-0.6007,0.4863,0,0.7221,0.6851,-0.0959,0,-0.2756,0.412,0.8685,0,25.4312,-0.8546,-5.2293,1]},
{"frame":13,"values":[0.6401,-0.5949,0.4863,0,0.7175,0.6891,-0.1015,0,-0.2747,0.4139,0.8679,0,25.4312,-0.8546,-5.2293,1]},
{"frame":14,"values":[0.6428,-0.5919,0.4862,0,0.7177,0.6873,-0.1121,0,-0.2678,0.421,0.8666,0,25.4312,-0.8546,-5.2293,1]},
{"frame":15,"values":[0.6361,-0.5992,0.4862,0,0.7269,0.6766,-0.1172,0,-0.2587,0.428,0.866,0,25.4312,-0.8546,-5.2293,1]},
{"frame":16,"values":[0.6311,-0.6045,0.4861,0,0.7341,0.668,-0.1223,0,-0.2508,0.434,0.8653,0,25.4312,-0.8547,-5.2293,1]},
{"frame":17,"values":[0.6268,-0.609,0.4861,0,0.7402,0.6602,-0.1274,0,-0.2433,0.4396,0.8646,0,25.4312,-0.8546,-5.2293,1]},
{"frame":18,"values":[0.6225,-0.6135,0.486,0,0.7473,0.6503,-0.1363,0,-0.2324,0.4481,0.8632,0,25.4312,-0.8546,-5.2293,1]},
{"frame":19,"values":[0.6143,-0.6217,0.486,0,0.7552,0.6416,-0.1339,0,-0.2286,0.4493,0.8637,0,25.4312,-0.8546,-5.2293,1]},
{"frame":20,"values":[0.6043,-0.6281,0.4902,0,0.7635,0.6324,-0.1311,0,-0.2277,0.4535,0.8617,0,25.4312,-0.8546,-5.2293,1]},
{"frame":21,"values":[0.5943,-0.6343,0.4944,0,0.7701,0.6261,-0.1226,0,-0.2318,0.4536,0.8605,0,25.4312,-0.8546,-5.2293,1]},
{"frame":22,"values":[0.5881,-0.6368,0.4987,0,0.7728,0.6243,-0.1141,0,-0.2386,0.4525,0.8592,0,25.4312,-0.8546,-5.2293,1]},
{"frame":23,"values":[0.5818,-0.6393,0.5029,0,0.7754,0.6225,-0.1057,0,-0.2455,0.4514,0.8579,0,25.4312,-0.8547,-5.2293,1]},
{"frame":24,"values":[0.5811,-0.6366,0.5071,0,0.7724,0.6276,-0.0973,0,-0.2563,0.4482,0.8564,0,25.4312,-0.8547,-5.2293,1]},
{"frame":25,"values":[0.5805,-0.6338,0.5112,0,0.767,0.6365,-0.0817,0,-0.2736,0.4395,0.8555,0,25.4312,-0.8547,-5.2293,1]},
{"frame":26,"values":[0.5798,-0.631,0.5154,0,0.7676,0.6351,-0.0859,0,-0.2732,0.4454,0.8526,0,25.4312,-0.8547,-5.2293,1]},
{"frame":27,"values":[0.5771,-0.6301,0.5195,0,0.7703,0.6314,-0.0899,0,-0.2713,0.4521,0.8497,0,25.4312,-0.8546,-5.2293,1]},
{"frame":28,"values":[0.5745,-0.6291,0.5237,0,0.7729,0.6275,-0.094,0,-0.2695,0.4588,0.8467,0,25.4312,-0.8546,-5.2293,1]},
{"frame":29,"values":[0.5673,-0.6345,0.5249,0,0.7797,0.6189,-0.0946,0,-0.2649,0.4629,0.8459,0,25.4312,-0.8546,-5.2293,1]}],"loopBehavior":1,"name":"anim","property":"_matrix"}},
{"name":"mixamorig:LeftForeArm","index":11,"matrix":[0.9961,-0.0088,0.0878,0,0.009,1,-0.0023,0,-0.0877,0.0031,0.9961,0,54.5783,-1.9463,-2.8009,1],"rest":[0.9943,-0.0088,-0.1062,0,0.0091,1,0.0028,0,0.1061,-0.0038,0.9943,0,54.5783,-1.9463,-2.8009,1],"parentBoneIndex":10,"length":55.0982
,"animation":{"dataType":3,"framePerSecond":24,"keys":[
{"frame":1,"values":[0.9961,-0.0088,0.0878,0,0.0091,1,-0.0023,0,-0.0877,0.0031,0.9961,0,54.5783,-1.9463,-2.8009,1]},
{"frame":2,"values":[0.9957,-0.0088,0.0926,0,0.0091,1,-0.0025,0,-0.0926,0.0033,0.9957,0,54.5783,-1.9463,-2.8009,1]},
{"frame":3,"values":[0.9939,-0.0088,0.1101,0,0.0092,1,-0.0029,0,-0.1101,0.0039,0.9939,0,54.5783,-1.9463,-2.8009,1]},
{"frame":4,"values":[0.9913,-0.0088,0.1311,0,0.0093,1,-0.0029,0,-0.131,0.0041,0.9914,0,54.5783,-1.9463,-2.8009,1]},
{"frame":5,"values":[0.9919,-0.0088,0.1264,0,0.0092,1,-0.0028,0,-0.1264,0.004,0.992,0,54.5783,-1.9463,-2.8009,1]},
{"frame":6,"values":[0.9944,-0.0088,0.1058,0,0.0092,1,-0.0028,0,-0.1057,0.0038,0.9944,0,54.5783,-1.9463,-2.8009,1]},
{"frame":7,"values":[0.9954,-0.0089,0.0959,0,0.0091,1,-0.0025,0,-0.0958,0.0034,0.9954,0,54.5783,-1.9463,-2.8009,1]},
{"frame":8,"values":[0.997,-0.0089,0.0763,0,0.0091,1,-0.0021,0,-0.0763,0.0028,0.9971,0,54.5783,-1.9463,-2.8009,1]},
{"frame":9,"values":[0.9984,-0.0089,0.0567,0,0.009,1,-0.0015,0,-0.0567,0.002,0.9984,0,54.5783,-1.9463,-2.8009,1]},
{"frame":10,"values":[0.9993,-0.0089,0.0371,0,0.009,1,-0.0011,0,-0.0371,0.0014,0.9993,0,54.5783,-1.9463,-2.8009,1]},
{"frame":11,"values":[0.9998,-0.0089,0.0175,0,0.0089,1,-0.0006,0,-0.0175,0.0008,0.9998,0,54.5783,-1.9463,-2.8009,1]},
{"frame":12,"values":[1,-0.0089,-0.0021,0,0.0089,1,-0.0006,0,0.0022,0.0006,1,0,54.5783,-1.9463,-2.8009,1]},
{"frame":13,"values":[0.9997,-0.0089,-0.0218,0,0.0089,1,-0.0006,0,0.0218,0.0004,0.9998,0,54.5783,-1.9463,-2.8009,1]},
{"frame":14,"values":[0.9996,-0.0089,-0.0282,0,0.0089,1,-0.0005,0,0.0282,0.0003,0.9996,0,54.5783,-1.9463,-2.8009,1]},
{"frame":15,"values":[0.9994,-0.0089,-0.0346,0,0.0089,1,-0.0005,0,0.0346,0.0002,0.9994,0,54.5783,-1.9463,-2.8009,1]},
{"frame":16,"values":[0.9998,-0.009,-0.0161,0,0.0089,1,-0.0005,0,0.0161,0.0003,0.9999,0,54.5783,-1.9463,-2.8009,1]},
{"frame":17,"values":[0.9999,-0.009,-0.0061,0,0.009,1,-0.0005,0,0.0061,0.0004,1,0,54.5783,-1.9463,-2.8009,1]},
{"frame":18,"values":[1,-0.0089,0.0039,0,0.0089,1,-0.0004,0,-0.0039,0.0005,1,0,54.5783,-1.9463,-2.8009,1]},
{"frame":19,"values":[0.9999,-0.0089,0.0139,0,0.0089,1,-0.0004,0,-0.0139,0.0005,0.9999,0,54.5783,-1.9463,-2.8009,1]},
{"frame":20,"values":[0.9997,-0.0089,0.0239,0,0.0089,1,-0.0009,0,-0.0239,0.0011,0.9997,0,54.5783,-1.9463,-2.8009,1]},
{"frame":21,"values":[0.9994,-0.0089,0.0339,0,0.0089,1,-0.0014,0,-0.0339,0.0017,0.9994,0,54.5783,-1.9463,-2.8009,1]},
{"frame":22,"values":[0.999,-0.0089,0.0439,0,0.0089,1,-0.0019,0,-0.0438,0.0023,0.999,0,54.5783,-1.9463,-2.8009,1]},
{"frame":23,"values":[0.9985,-0.0088,0.0539,0,0.009,1,-0.0024,0,-0.0538,0.0029,0.9985,0,54.5783,-1.9463,-2.8009,1]},
{"frame":24,"values":[0.9979,-0.0088,0.0638,0,0.009,1,-0.0026,0,-0.0638,0.0031,0.998,0,54.5783,-1.9463,-2.8009,1]},
{"frame":25,"values":[0.9972,-0.0088,0.0738,0,0.009,1,-0.0027,0,-0.0738,0.0034,0.9973,0,54.5783,-1.9463,-2.8009,1]},
{"frame":26,"values":[0.9964,-0.0088,0.0838,0,0.0091,1,-0.0029,0,-0.0838,0.0036,0.9965,0,54.5784,-1.9463,-2.8009,1]},
{"frame":27,"values":[0.9956,-0.0088,0.0938,0,0.0091,1,-0.0031,0,-0.0937,0.0039,0.9956,0,54.5783,-1.9463,-2.8009,1]},
{"frame":28,"values":[0.9946,-0.0088,0.1037,0,0.0091,1,-0.0028,0,-0.1037,0.0037,0.9946,0,54.5783,-1.9463,-2.8009,1]},
{"frame":29,"values":[0.9961,-0.0088,0.0878,0,0.009,1,-0.0023,0,-0.0877,0.0031,0.9961,0,54.5783,-1.9463,-2.8009,1]}],"loopBehavior":1,"name":"anim","property":"_matrix"}},
{"name":"mixamorig:LeftHand","index":12,"matrix":[0.9799,0.1298,0.1514,0,-0.1613,0.9623,0.2188,0,-0.1173,-0.2388,0.9639,0,54.9948,-1.4671,3.0376,1],"rest":[0.9961,0.088,0.001,0,-0.0871,0.9842,0.154,0,0.0125,-0.1535,0.9881,0,54.9948,-1.4671,3.0376,1],"parentBoneIndex":11,"length":20.3347
,"animation":{"dataType":3,"framePerSecond":24,"keys":[
{"frame":1,"values":[0.9799,0.1298,0.1514,0,-0.1613,0.9623,0.2188,0,-0.1173,-0.2388,0.9639,0,54.9948,-1.4671,3.0376,1]},
{"frame":2,"values":[0.9834,0.1171,0.1385,0,-0.1483,0.9588,0.2423,0,-0.1045,-0.2589,0.9602,0,54.9948,-1.4671,3.0376,1]},
{"frame":3,"values":[0.9895,0.0875,0.1148,0,-0.1172,0.9512,0.2854,0,-0.0842,-0.2958,0.9515,0,54.9948,-1.4671,3.0376,1]},
{"frame":4,"values":[0.9929,0.0632,0.1009,0,-0.0918,0.9459,0.3113,0,-0.0757,-0.3184,0.9449,0,54.9948,-1.4671,3.0376,1]},
{"frame":5,"values":[0.9923,0.0607,0.1082,0,-0.0919,0.9454,0.3126,0,-0.0833,-0.3202,0.9437,0,54.9948,-1.4671,3.0376,1]},
{"frame":6,"values":[0.9905,0.0698,0.1183,0,-0.1036,0.9452,0.3097,0,-0.0902,-0.319,0.9434,0,54.9948,-1.4671,3.0376,1]},
{"frame":7,"values":[0.9891,0.0868,0.1194,0,-0.1188,0.948,0.2953,0,-0.0875,-0.3062,0.9479,0,54.9948,-1.4671,3.0376,1]},
{"frame":8,"values":[0.9866,0.1071,0.1229,0,-0.1368,0.9538,0.2676,0,-0.0886,-0.2808,0.9557,0,54.9948,-1.4671,3.0376,1]},
{"frame":9,"values":[0.9832,0.1261,0.1316,0,-0.1547,0.9592,0.2368,0,-0.0964,-0.2532,0.9626,0,54.9948,-1.4671,3.0376,1]},
{"frame":10,"values":[0.981,0.1354,0.1388,0,-0.1633,0.9629,0.2147,0,-0.1046,-0.2333,0.9668,0,54.9948,-1.4671,3.0376,1]},
{"frame":11,"values":[0.981,0.1347,0.1395,0,-0.1622,0.9643,0.2093,0,-0.1063,-0.228,0.9678,0,54.9948,-1.4671,3.0376,1]},
{"frame":12,"values":[0.9826,0.1257,0.1369,0,-0.1543,0.9623,0.2239,0,-0.1036,-0.2411,0.965,0,54.9948,-1.4671,3.0376,1]},
{"frame":13,"values":[0.9811,0.1312,0.1422,0,-0.1617,0.9596,0.2304,0,-0.1063,-0.249,0.9626,0,54.9948,-1.4671,3.0376,1]},
{"frame":14,"values":[0.9796,0.1366,0.1477,0,-0.1691,0.9567,0.2368,0,-0.1089,-0.257,0.9603,0,54.9948,-1.4671,3.0376,1]},
{"frame":15,"values":[0.979,0.1397,0.1486,0,-0.172,0.9571,0.2333,0,-0.1096,-0.254,0.961,0,54.9948,-1.4671,3.0376,1]},
{"frame":16,"values":[0.9784,0.1427,0.1495,0,-0.1748,0.9574,0.2298,0,-0.1104,-0.251,0.9617,0,54.9948,-1.4671,3.0376,1]},
{"frame":17,"values":[0.9778,0.1458,0.1505,0,-0.1776,0.9577,0.2263,0,-0.1111,-0.248,0.9624,0,54.9948,-1.4671,3.0376,1]},
{"frame":18,"values":[0.9779,0.1476,0.1483,0,-0.1778,0.9598,0.2172,0,-0.1102,-0.2388,0.9648,0,54.9948,-1.4671,3.0376,1]},
{"frame":19,"values":[0.9779,0.1493,0.146,0,-0.1779,0.9618,0.2082,0,-0.1094,-0.2295,0.9671,0,54.9948,-1.4671,3.0376,1]},
{"frame":20,"values":[0.9779,0.149,0.1467,0,-0.1776,0.9622,0.2067,0,-0.1103,-0.2282,0.9674,0,54.9948,-1.4671,3.0376,1]},
{"frame":21,"values":[0.9779,0.1486,0.1473,0,-0.1772,0.9625,0.2052,0,-0.1113,-0.2268,0.9676,0,54.9948,-1.4671,3.0376,1]},
{"frame":22,"values":[0.9778,0.1483,0.1479,0,-0.1768,0.9629,0.2038,0,-0.1122,-0.2254,0.9678,0,54.9948,-1.4671,3.0376,1]},
