{"producer":{"name":"Blender","version":"2.79 (sub 0)","exporter_version":"5.6.4","file":"sadwalk.babylon"},
"autoClear":true,"clearColor":[0.0509,0.0509,0.0509],"ambientColor":[0,0,0],"gravity":[0,-9.81,0],
"materials":[{"name":"sadwalk.Material","id":"sadwalk.Material","ambient":[0,0,0],"diffuse":[0,0,0],"specular":[0,0,0],"emissive":[0,0,0],"specularPower":50,"alpha":0.001,"backFaceCulling":true,"checkReadyOnlyOnce":false,"maxSimultaneousLights":4}],
"multiMaterials":[],
"skeletons":[{"name":"Armature","id":0,"dimensionsAtRest":[379.1952,391.6652,55.677],"bones":[
{"name":"mixamorig:Hips","index":0,"matrix":[0.991,0.0241,0.1315,0,-0.0157,0.9978,-0.0646,0,0.1327,-0.062,-0.9892,0,-0.0867,195.6431,-0.4799,1],"rest":[1,0,0,0,0,1,0,0,0,0,-1,0,0,201.6394,0,1],"parentBoneIndex":-1,"length":21.6784
,"animation":{"dataType":3,"framePerSecond":24,"keys":[
{"frame":1,"values":[0.991,0.0241,0.1315,0,-0.0157,0.9978,-0.0646,0,0.1327,-0.062,-0.9892,0,-0.0867,195.6432,-0.4799,1]},
{"frame":2,"values":[0.9896,0.0343,0.1395,0,-0.0242,0.997,-0.0739,0,0.1416,-0.0698,-0.9875,0,-0.3173,196.1724,0.3692,1]},
{"frame":3,"values":[0.9887,0.0398,0.1444,0,-0.0278,0.9961,-0.0841,0,0.1472,-0.0791,-0.9859,0,-0.2378,196.5321,1.0945,1]},
{"frame":4,"values":[0.9894,0.0392,0.1401,0,-0.0258,0.995,-0.0966,0,0.1432,-0.0919,-0.9854,0,0.1347,196.6413,1.6489,1]},
{"frame":5,"values":[0.9916,0.0311,0.1256,0,-0.0177,0.9941,-0.1068,0,0.1281,-0.1036,-0.9863,0,0.9154,193.8972,0.8387,1]},
{"frame":6,"values":[0.9948,0.0152,0.1009,0,-0.0041,0.994,-0.1097,0,0.102,-0.1087,-0.9888,0,1.8273,192.6568,-0.3502,1]},
{"frame":7,"values":[0.9973,0.0048,0.0739,0,0.0033,0.994,-0.1092,0,0.074,-0.1092,-0.9913,0,2.8404,191.9347,-1.5385,1]},
{"frame":8,"values":[0.9989,0.0099,0.0459,0,-0.0051,0.9947,-0.1026,0,0.0467,-0.1023,-0.9937,0,3.8536,190.5947,-3.3525,1]},
{"frame":9,"values":[0.9998,0.0163,0.0087,0,-0.0154,0.9955,-0.0934,0,0.0102,-0.0933,-0.9956,0,4.8667,191.5371,-4.1386,1]},
{"frame":10,"values":[0.9992,0.028,-0.0285,0,-0.0306,0.9951,-0.0945,0,-0.0257,-0.0953,-0.9951,0,5.8798,193.6319,-4.9247,1]},
{"frame":11,"values":[0.9975,0.0259,-0.0657,0,-0.032,0.9951,-0.0933,0,-0.063,-0.0952,-0.9935,0,6.8929,194.1555,-5.7108,1]},
{"frame":12,"values":[0.9946,0.0157,-0.1028,0,-0.0246,0.996,-0.086,0,-0.1011,-0.0881,-0.991,0,7.906,194.6791,-6.4969,1]},
{"frame":13,"values":[0.9901,0.0108,-0.1398,0,-0.0223,0.9964,-0.0813,0,-0.1384,-0.0836,-0.9868,0,8.9191,195.2027,-7.283,1]},
{"frame":14,"values":[0.9843,0.0061,-0.1765,0,-0.0199,0.9969,-0.0767,0,-0.1755,-0.0791,-0.9813,0,9.9322,195.7263,-8.069,1]},
{"frame":15,"values":[0.987,0.0014,-0.1609,0,-0.0132,0.9973,-0.0728,0,-0.1604,-0.0739,-0.9843,0,10.9454,196.2499,-6.9918,1]},
{"frame":16,"values":[0.9894,-0.0035,-0.1452,0,-0.0083,0.9967,-0.0806,0,-0.1451,-0.081,-0.9861,0,11.9585,196.7735,-5.9145,1]},
{"frame":17,"values":[0.9915,-0.0083,-0.1295,0,-0.0032,0.9961,-0.0884,0,-0.1298,-0.0881,-0.9876,0,12.9716,197.297,-4.8372,1]},
{"frame":18,"values":[0.9934,-0.0129,-0.1137,0,0.002,0.9954,-0.0961,0,-0.1145,-0.0953,-0.9888,0,13.9847,197.8206,-3.7599,1]},
{"frame":19,"values":[0.995,-0.0177,-0.098,0,0.0075,0.9946,-0.1039,0,-0.0993,-0.1027,-0.9897,0,14.9978,196.9706,-2.6827,1]},
{"frame":20,"values":[0.9964,-0.0226,-0.0822,0,0.0133,0.9936,-0.1118,0,-0.0842,-0.1103,-0.9903,0,14.0604,196.1205,-1.6054,1]},
{"frame":21,"values":[0.9974,-0.0274,-0.0663,0,0.0193,0.9926,-0.1195,0,-0.0691,-0.1179,-0.9906,0,13.123,195.2704,-0.5281,1]},
{"frame":22,"values":[0.9985,-0.0197,-0.0505,0,0.0132,0.9918,-0.1272,0,-0.0526,-0.1264,-0.9906,0,12.1857,194.4203,0.5492,1]},
{"frame":23,"values":[0.9993,-0.0119,-0.0346,0,0.0072,0.9908,-0.135,0,-0.0359,-0.1347,-0.9902,0,11.2483,193.5703,1.6265,1]},
{"frame":24,"values":[0.9998,-0.0042,-0.0188,0,0.0015,0.9898,-0.1427,0,-0.0192,-0.1426,-0.9896,0,10.3109,192.7202,0.6989,1]},
{"frame":25,"values":[1,0.0035,-0.0029,0,-0.0039,0.9915,-0.1301,0,-0.0024,-0.1301,-0.9915,0,9.3735,191.8701,-0.2287,1]},
{"frame":26,"values":[0.9998,-0.0126,0.013,0,0.0141,0.993,-0.1175,0,0.0114,-0.1177,-0.993,0,8.4361,191.0201,-1.1563,1]},
{"frame":27,"values":[0.9992,-0.0288,0.0288,0,0.0321,0.9921,-0.1217,0,0.0251,-0.1225,-0.9921,0,7.4987,191.923,-2.0839,1]},
{"frame":28,"values":[0.9987,-0.0449,0.0222,0,0.0471,0.9926,-0.1122,0,0.017,-0.1131,-0.9934,0,6.5613,192.826,-3.0115,1]},
{"frame":29,"values":[0.9988,-0.0348,0.0345,0,0.0382,0.994,-0.1025,0,0.0307,-0.1037,-0.9941,0,5.624,193.729,-3.9391,1]},
{"frame":30,"values":[0.9986,-0.0249,0.0469,0,0.0291,0.9952,-0.093,0,0.0443,-0.0942,-0.9946,0,4.6866,194.632,-4.8667,1]},
{"frame":31,"values":[0.9979,-0.0264,0.0592,0,0.0312,0.996,-0.0833,0,0.0567,-0.085,-0.9948,0,3.7492,195.535,-5.7943,1]},
{"frame":32,"values":[0.9973,-0.0184,0.0714,0,0.0236,0.997,-0.0736,0,0.0698,-0.0751,-0.9947,0,2.8118,195.3667,-4.8838,1]},
{"frame":33,"values":[0.9964,-0.0105,0.0837,0,0.0159,0.9978,-0.064,0,0.0828,-0.0651,-0.9944,0,1.8744,195.1984,-3.9732,1]},
{"frame":34,"values":[0.9954,-0.0028,0.0961,0,0.008,0.9985,-0.0545,0,0.0958,-0.055,-0.9939,0,0.937,195.0301,-3.0626,1]},
{"frame":35,"values":[0.9941,0.0051,0.1083,0,0.0012,0.9983,-0.0578,0,0.1084,-0.0576,-0.9924,0,-0.0004,195.2666,-2.152,1]},
{"frame":36,"values":[0.991,0.0241,0.1315,0,-0.0157,0.9978,-0.0646,0,0.1327,-0.062,-0.9892,0,-0.0867,195.6431,-0.4799,1]}],"loopBehavior":1,"name":"anim","property":"_matrix"}},
{"name":"mixamorig:Spine","index":1,"matrix":[0.9993,0.0161,0.0338,0,-0.0199,0.9931,0.1159,0,-0.0317,-0.1165,0.9927,0,0.0062,19.525,-2.4818,1],"rest":[1,0,0,0,0,1,0,0,0,0,1,0,0.0062,19.525,-2.4818,1],"parentBoneIndex":0,"length":23.0091
,"animation":{"dataType":3,"framePerSecond":24,"keys":[
{"frame":1,"values":[0.9993,0.0161,0.0338,0,-0.0199,0.9931,0.1159,0,-0.0317,-0.1165,0.9927,0,0.0062,19.525,-2.4818,1]},
{"frame":2,"values":[0.9997,0.0092,0.021,0,-0.0116,0.9934,0.1144,0,-0.0199,-0.1146,0.9932,0,0.0062,19.525,-2.4818,1]},
{"frame":3,"values":[0.9999,0.0056,0.0103,0,-0.0066,0.9945,0.1048,0,-0.0097,-0.1049,0.9944,0,0.0062,19.525,-2.4818,1]},
{"frame":4,"values":[1,0.0048,-0.0004,0,-0.0047,0.9954,0.0952,0,0.0009,-0.0952,0.9955,0,0.0062,19.525,-2.4818,1]},
{"frame":5,"values":[0.9999,0.0065,-0.0108,0,-0.0055,0.9963,0.0856,0,0.0113,-0.0855,0.9963,0,0.0062,19.525,-2.4818,1]},
{"frame":6,"values":[0.9998,0.0084,-0.0166,0,-0.0071,0.9972,0.075,0,0.0172,-0.0748,0.997,0,0.0062,19.525,-2.4818,1]},
{"frame":7,"values":[0.9998,0.0043,-0.0184,0,-0.0029,0.9972,0.0748,0,0.0187,-0.0747,0.997,0,0.0062,19.525,-2.4818,1]},
{"frame":8,"values":[0.9997,-0.0114,-0.0239,0,0.0133,0.9966,0.0814,0,0.0229,-0.0817,0.9964,0,0.0062,19.525,-2.4818,1]},
{"frame":9,"values":[0.9989,-0.036,-0.0311,0,0.0386,0.9952,0.0897,0,0.0278,-0.0908,0.9955,0,0.0062,19.525,-2.4818,1]},
{"frame":10,"values":[0.9975,-0.0597,-0.0384,0,0.0632,0.9932,0.0979,0,0.0323,-0.1001,0.9945,0,0.0062,19.525,-2.4818,1]},
{"frame":11,"values":[0.9969,-0.0645,-0.0456,0,0.069,0.992,0.1053,0,0.0385,-0.1081,0.9934,0,0.0062,19.525,-2.4818,1]},
{"frame":12,"values":[0.9965,-0.0693,-0.0456,0,0.074,0.9912,0.1095,0,0.0376,-0.1125,0.9929,0,0.0062,19.525,-2.4818,1]},
{"frame":13,"values":[0.9962,-0.0742,-0.0459,0,0.0788,0.9909,0.1094,0,0.0374,-0.1126,0.9929,0,0.0062,19.525,-2.4818,1]},
{"frame":14,"values":[0.9962,-0.0791,-0.0363,0,0.0826,0.9907,0.1079,0,0.0274,-0.1105,0.9935,0,0.0062,19.525,-2.4818,1]},
{"frame":15,"values":[0.9973,-0.0683,-0.0267,0,0.0707,0.9918,0.1064,0,0.0192,-0.108,0.994,0,0.0062,19.525,-2.4818,1]},
{"frame":16,"values":[0.9982,-0.0574,-0.0171,0,0.0589,0.9923,0.1085,0,0.0108,-0.1093,0.9939,0,0.0062,19.525,-2.4818,1]},
{"frame":17,"values":[0.9989,-0.0466,-0.0075,0,0.0471,0.9928,0.1106,0,0.0023,-0.1108,0.9938,0,0.0062,19.525,-2.4818,1]},
{"frame":18,"values":[0.9994,-0.0357,0.0021,0,0.0353,0.993,0.1125,0,-0.0061,-0.1124,0.9936,0,0.0062,19.525,-2.4818,1]},
{"frame":19,"values":[0.9996,-0.0249,0.0117,0,0.0234,0.9932,0.1143,0,-0.0145,-0.114,0.9934,0,0.0062,19.525,-2.4818,1]},
{"frame":20,"values":[0.9997,-0.0141,0.0214,0,0.0115,0.9932,0.1161,0,-0.0229,-0.1158,0.993,0,0.0062,19.525,-2.4818,1]},
{"frame":21,"values":[0.9995,-0.0033,0.031,0,-0.0004,0.9931,0.1177,0,-0.0312,-0.1176,0.9926,0,0.0062,19.525,-2.4818,1]},
{"frame":22,"values":[0.9991,0.0076,0.0407,0,-0.0122,0.9933,0.1149,0,-0.0395,-0.1153,0.9925,0,0.0062,19.525,-2.4818,1]},
{"frame":23,"values":[0.9986,0.0184,0.0503,0,-0.0239,0.9934,0.1121,0,-0.0479,-0.1131,0.9924,0,0.0062,19.525,-2.4818,1]},
{"frame":24,"values":[0.9978,0.0292,0.0599,0,-0.0357,0.9934,0.1091,0,-0.0563,-0.111,0.9922,0,0.0062,19.525,-2.4818,1]},
{"frame":25,"values":[0.9968,0.04,0.0695,0,-0.0475,0.9929,0.1092,0,-0.0646,-0.1122,0.9916,0,0.0062,19.525,-2.4818,1]},
{"frame":26,"values":[0.9956,0.0508,0.0791,0,-0.0591,0.9926,0.1065,0,-0.0731,-0.1107,0.9912,0,0.0062,19.525,-2.4818,1]},
{"frame":27,"values":[0.9942,0.0616,0.0887,0,-0.0707,0.9921,0.1036,0,-0.0816,-0.1093,0.9907,0,0.0062,19.525,-2.4818,1]},
{"frame":28,"values":[0.9925,0.0723,0.0982,0,-0.0827,0.9909,0.1061,0,-0.0897,-0.1134,0.9895,0,0.0062,19.525,-2.4818,1]},
{"frame":29,"values":[0.9921,0.0634,0.1078,0,-0.0752,0.9912,0.1086,0,-0.1,-0.1158,0.9882,0,0.0062,19.525,-2.4818,1]},
{"frame":30,"values":[0.9916,0.0546,0.1174,0,-0.0671,0.9922,0.1053,0,-0.1107,-0.1123,0.9875,0,0.0062,19.525,-2.4818,1]},
{"frame":31,"values":[0.9926,0.061,0.1049,0,-0.0718,0.9922,0.1022,0,-0.0979,-0.1089,0.9892,0,0.0062,19.525,-2.4818,1]},
{"frame":32,"values":[0.9934,0.0673,0.0925,0,-0.0764,0.9921,0.0991,0,-0.0851,-0.1055,0.9908,0,0.0062,19.525,-2.4818,1]},
{"frame":33,"values":[0.9952,0.0559,0.0801,0,-0.0641,0.9925,0.1037,0,-0.0737,-0.1083,0.9914,0,0.0062,19.525,-2.4818,1]},
{"frame":34,"values":[0.9967,0.0446,0.0676,0,-0.0517,0.9928,0.108,0,-0.0623,-0.1112,0.9918,0,0.0062,19.525,-2.4818,1]},
{"frame":35,"values":[0.9979,0.0333,0.055,0,-0.0393,0.9929,0.1123,0,-0.0509,-0.1142,0.9922,0,0.0062,19.525,-2.4818,1]},
{"frame":36,"values":[0.9993,0.0161,0.0338,0,-0.0199,0.9931,0.1159,0,-0.0317,-0.1165,0.9927,0,0.0062,19.525,-2.4818,1]}],"loopBehavior":1,"name":"anim","property":"_matrix"}},
{"name":"mixamorig:Spine1","index":2,"matrix":[1,0.0034,0.0094,0,-0.0057,0.967,0.2548,0,-0.0082,-0.2548,0.967,0,-0.0009,22.835,-2.8254,1],"rest":[1,0,0,0,0,1,0,0,0,0,1,0,-0.0009,22.835,-2.8254,1],"parentBoneIndex":1,"length":26.7438
,"animation":{"dataType":3,"framePerSecond":24,"keys":[
{"frame":1,"values":[1,0.0034,0.0094,0,-0.0057,0.967,0.2548,0,-0.0082,-0.2548,0.967,0,-0.0009,22.835,-2.8254,1]},
{"frame":2,"values":[1,0.0013,0.0059,0,-0.0027,0.967,0.2548,0,-0.0054,-0.2548,0.967,0,-0.0009,22.835,-2.8254,1]},
{"frame":3,"values":[1,-0.0001,0.003,0,-0.0007,0.967,0.2548,0,-0.0029,-0.2548,0.967,0,-0.0009,22.835,-2.8254,1]},
{"frame":4,"values":[1,0,-0.0001,0,0,0.9662,0.258,0,0.0001,-0.258,0.9662,0,-0.0009,22.835,-2.8254,1]},
{"frame":5,"values":[1,0.0012,-0.0031,0,-0.0004,0.9653,0.2611,0,0.0034,-0.2611,0.9653,0,-0.0009,22.835,-2.8254,1]},
{"frame":6,"values":[1,0.0019,-0.0047,0,-0.0006,0.9643,0.2647,0,0.0051,-0.2647,0.9643,0,-0.0009,22.835,-2.8254,1]},
{"frame":7,"values":[1,0.0005,-0.0051,0,0.0009,0.964,0.266,0,0.005,-0.266,0.964,0,-0.0009,22.835,-2.8254,1]},
{"frame":8,"values":[1,-0.0035,-0.0064,0,0.0051,0.9641,0.2654,0,0.0053,-0.2655,0.9641,0,-0.0009,22.835,-2.8254,1]},
{"frame":9,"values":[0.9999,-0.0069,-0.0084,0,0.0089,0.9647,0.2631,0,0.0062,-0.2632,0.9647,0,-0.0009,22.835,-2.8254,1]},
{"frame":10,"values":[0.9999,-0.0103,-0.0103,0,0.0126,0.9656,0.2598,0,0.0072,-0.2599,0.9656,0,-0.0009,22.835,-2.8254,1]},
{"frame":11,"values":[0.9998,-0.0137,-0.0122,0,0.0164,0.9657,0.2593,0,0.0082,-0.2595,0.9657,0,-0.0009,22.835,-2.8254,1]},
{"frame":12,"values":[0.9998,-0.0171,-0.0122,0,0.0196,0.9657,0.2588,0,0.0073,-0.259,0.9659,0,-0.0009,22.835,-2.8254,1]},
{"frame":13,"values":[0.9998,-0.0149,-0.0123,0,0.0175,0.9659,0.2583,0,0.008,-0.2584,0.966,0,-0.0009,22.835,-2.8254,1]},
{"frame":14,"values":[0.9999,-0.0127,-0.0097,0,0.0147,0.9661,0.2578,0,0.0061,-0.2579,0.9662,0,-0.0009,22.835,-2.8254,1]},
{"frame":15,"values":[0.9999,-0.0105,-0.007,0,0.0119,0.9663,0.2572,0,0.0041,-0.2573,0.9663,0,-0.0009,22.835,-2.8254,1]},
{"frame":16,"values":[1,-0.0083,-0.0044,0,0.0091,0.9664,0.2567,0,0.0021,-0.2568,0.9665,0,-0.0009,22.835,-2.8254,1]},
{"frame":17,"values":[1,-0.0061,-0.0018,0,0.0063,0.9666,0.2562,0,0.0001,-0.2562,0.9666,0,-0.0009,22.835,-2.8254,1]},
{"frame":18,"values":[1,-0.0039,0.0009,0,0.0035,0.9668,0.2557,0,-0.0018,-0.2557,0.9668,0,-0.0009,22.835,-2.8254,1]},
{"frame":19,"values":[1,-0.0017,0.0035,0,0.0007,0.9666,0.2561,0,-0.0038,-0.2561,0.9666,0,-0.0009,22.835,-2.8254,1]},
{"frame":20,"values":[1,0.0005,0.0061,0,-0.0021,0.9665,0.2566,0,-0.0058,-0.2566,0.9665,0,-0.0009,22.835,-2.8254,1]},
{"frame":21,"values":[1,0.0027,0.0088,0,-0.0049,0.9664,0.257,0,-0.0078,-0.257,0.9664,0,-0.0009,22.835,-2.8254,1]},
{"frame":22,"values":[0.9999,0.0049,0.0114,0,-0.0077,0.9665,0.2566,0,-0.0098,-0.2567,0.9664,0,-0.0009,22.835,-2.8254,1]},
{"frame":23,"values":[0.9999,0.0071,0.014,0,-0.0104,0.9666,0.2562,0,-0.0118,-0.2564,0.9665,0,-0.0009,22.835,-2.8254,1]},
{"frame":24,"values":[0.9998,0.0093,0.0167,0,-0.0132,0.9664,0.2568,0,-0.0137,-0.257,0.9663,0,-0.0009,22.835,-2.8254,1]},
{"frame":25,"values":[0.9997,0.0115,0.0193,0,-0.0161,0.9662,0.2574,0,-0.0157,-0.2576,0.9661,0,-0.0009,22.835,-2.8254,1]},
{"frame":26,"values":[0.9997,0.0137,0.0219,0,-0.0189,0.966,0.2579,0,-0.0177,-0.2582,0.9659,0,-0.0009,22.835,-2.8254,1]},
{"frame":27,"values":[0.9996,0.0159,0.0246,0,-0.0216,0.9663,0.2564,0,-0.0197,-0.2568,0.9663,0,-0.0009,22.835,-2.8254,1]},
{"frame":28,"values":[0.9995,0.018,0.0272,0,-0.0244,0.9667,0.2549,0,-0.0217,-0.2554,0.9666,0,-0.0009,22.835,-2.8254,1]},
{"frame":29,"values":[0.9994,0.0164,0.0298,0,-0.0234,0.9671,0.2533,0,-0.0247,-0.2539,0.9669,0,-0.0009,22.835,-2.8254,1]},
{"frame":30,"values":[0.9994,0.0147,0.0325,0,-0.0224,0.9675,0.2518,0,-0.0277,-0.2524,0.9672,0,-0.0009,22.835,-2.8254,1]},
{"frame":31,"values":[0.9995,0.0131,0.029,0,-0.0199,0.968,0.2503,0,-0.0248,-0.2508,0.9677,0,-0.0009,22.835,-2.8254,1]},
{"frame":32,"values":[0.9996,0.0114,0.0256,0,-0.0175,0.9677,0.2513,0,-0.0219,-0.2517,0.9676,0,-0.0009,22.835,-2.8254,1]},
{"frame":33,"values":[0.9997,0.0097,0.0221,0,-0.015,0.9675,0.2523,0,-0.0189,-0.2525,0.9674,0,-0.0009,22.835,-2.8254,1]},
{"frame":34,"values":[0.9998,0.0081,0.0187,0,-0.0125,0.9673,0.2532,0,-0.016,-0.2534,0.9672,0,-0.0009,22.835,-2.8254,1]},
{"frame":35,"values":[0.9999,0.0064,0.0152,0,-0.0101,0.9671,0.2542,0,-0.0131,-0.2543,0.967,0,-0.0009,22.835,-2.8254,1]},
{"frame":36,"values":[1,0.0034,0.0094,0,-0.0057,0.967,0.2548,0,-0.0082,-0.2548,0.967,0,-0.0009,22.835,-2.8254,1]}],"loopBehavior":1,"name":"anim","property":"_matrix"}},
{"name":"mixamorig:Spine2","index":3,"matrix":[0.9999,0.0035,0.0094,0,-0.0058,0.967,0.2548,0,-0.0082,-0.2548,0.967,0,-0.0206,26.5525,-3.1933,1],"rest":[1,0,0,0,0,1,0,0,0,0,1,0,-0.0206,26.5525,-3.1933,1],"parentBoneIndex":2,"length":24.825
,"animation":{"dataType":3,"framePerSecond":24,"keys":[
{"frame":1,"values":[0.9999,0.0035,0.0094,0,-0.0058,0.967,0.2548,0,-0.0082,-0.2548,0.967,0,-0.0206,26.5525,-3.1933,1]},
{"frame":2,"values":[1,0.0013,0.0059,0,-0.0028,0.967,0.2548,0,-0.0054,-0.2548,0.967,0,-0.0206,26.5525,-3.1933,1]},
{"frame":3,"values":[1,-0.0001,0.0029,0,-0.0007,0.967,0.2548,0,-0.0029,-0.2548,0.967,0,-0.0206,26.5525,-3.1933,1]},
{"frame":4,"values":[1,0,-0.0002,0,0,0.9662,0.258,0,0.0002,-0.258,0.9662,0,-0.0206,26.5525,-3.1933,1]},
{"frame":5,"values":[1,0.0012,-0.0032,0,-0.0003,0.9653,0.2611,0,0.0034,-0.2611,0.9653,0,-0.0206,26.5525,-3.1933,1]},
{"frame":6,"values":[1,0.0019,-0.0047,0,-0.0006,0.9643,0.2647,0,0.0051,-0.2647,0.9643,0,-0.0206,26.5525,-3.1933,1]},
{"frame":7,"values":[1,0.0005,-0.0058,0,0.0011,0.964,0.266,0,0.0057,-0.266,0.964,0,-0.0206,26.5525,-3.1933,1]},
{"frame":8,"values":[1,-0.0036,-0.0069,0,0.0053,0.9641,0.2654,0,0.0057,-0.2655,0.9641,0,-0.0206,26.5525,-3.1933,1]},
{"frame":9,"values":[0.9999,-0.007,-0.008,0,0.0088,0.9647,0.263,0,0.0058,-0.2631,0.9648,0,-0.0206,26.5525,-3.1933,1]},
{"frame":10,"values":[0.9999,-0.0104,-0.009,0,0.0124,0.9656,0.2597,0,0.006,-0.2598,0.9656,0,-0.0206,26.5525,-3.1933,1]},
{"frame":11,"values":[0.9999,-0.0138,-0.0101,0,0.016,0.9657,0.2592,0,0.0062,-0.2594,0.9658,0,-0.0206,26.5525,-3.1933,1]},
{"frame":12,"values":[0.9998,-0.0173,-0.0112,0,0.0196,0.9658,0.2587,0,0.0063,-0.2589,0.9659,0,-0.0206,26.5525,-3.1933,1]},
{"frame":13,"values":[0.9998,-0.015,-0.0122,0,0.0177,0.9659,0.2582,0,0.0079,-0.2584,0.966,0,-0.0206,26.5525,-3.1933,1]},
{"frame":14,"values":[0.9999,-0.0128,-0.0096,0,0.0149,0.9661,0.2577,0,0.006,-0.2578,0.9662,0,-0.0206,26.5525,-3.1933,1]},
{"frame":15,"values":[0.9999,-0.0106,-0.007,0,0.012,0.9663,0.2572,0,0.004,-0.2573,0.9663,0,-0.0206,26.5525,-3.1933,1]},
{"frame":16,"values":[1,-0.0083,-0.0044,0,0.0092,0.9664,0.2567,0,0.0021,-0.2567,0.9665,0,-0.0206,26.5525,-3.1933,1]},
{"frame":17,"values":[1,-0.0061,-0.0017,0,0.0063,0.9666,0.2562,0,0.0001,-0.2562,0.9666,0,-0.0206,26.5525,-3.1933,1]},
{"frame":18,"values":[1,-0.0039,0.0009,0,0.0035,0.9668,0.2557,0,-0.0019,-0.2557,0.9668,0,-0.0206,26.5525,-3.1933,1]},
{"frame":19,"values":[1,-0.0016,0.0035,0,0.0007,0.9666,0.2561,0,-0.0038,-0.2561,0.9666,0,-0.0206,26.5525,-3.1933,1]},
{"frame":20,"values":[1,0.0006,0.0062,0,-0.0022,0.9665,0.2566,0,-0.0058,-0.2566,0.9665,0,-0.0206,26.5525,-3.1933,1]},
{"frame":21,"values":[1,0.0028,0.0088,0,-0.005,0.9664,0.257,0,-0.0078,-0.2571,0.9664,0,-0.0206,26.5525,-3.1933,1]},
{"frame":22,"values":[0.9999,0.0051,0.0114,0,-0.0078,0.9665,0.2567,0,-0.0097,-0.2567,0.9664,0,-0.0206,26.5525,-3.1933,1]},
{"frame":23,"values":[0.9999,0.0073,0.0141,0,-0.0107,0.9665,0.2563,0,-0.0117,-0.2564,0.9665,0,-0.0206,26.5525,-3.1933,1]},
{"frame":24,"values":[0.9998,0.0095,0.0167,0,-0.0135,0.9664,0.2568,0,-0.0137,-0.257,0.9663,0,-0.0206,26.5525,-3.1933,1]},
{"frame":25,"values":[0.9997,0.0118,0.0193,0,-0.0163,0.9662,0.2573,0,-0.0156,-0.2576,0.9661,0,-0.0206,26.5525,-3.1933,1]},
{"frame":26,"values":[0.9997,0.014,0.022,0,-0.0192,0.966,0.2579,0,-0.0176,-0.2582,0.9659,0,-0.0206,26.5525,-3.1933,1]},
{"frame":27,"values":[0.9996,0.0162,0.0246,0,-0.022,0.9663,0.2563,0,-0.0196,-0.2568,0.9663,0,-0.0206,26.5525,-3.1933,1]},
{"frame":28,"values":[0.9995,0.0185,0.0272,0,-0.0248,0.9667,0.2548,0,-0.0216,-0.2553,0.9666,0,-0.0206,26.5525,-3.1933,1]},
{"frame":29,"values":[0.9994,0.0168,0.0298,0,-0.0238,0.9671,0.2533,0,-0.0246,-0.2538,0.9669,0,-0.0206,26.5525,-3.1933,1]},
{"frame":30,"values":[0.9994,0.0151,0.0325,0,-0.0228,0.9675,0.2517,0,-0.0276,-0.2523,0.9673,0,-0.0206,26.5525,-3.1933,1]},
{"frame":31,"values":[0.9995,0.0134,0.029,0,-0.0202,0.968,0.2502,0,-0.0247,-0.2507,0.9677,0,-0.0206,26.5525,-3.1933,1]},
{"frame":32,"values":[0.9996,0.0117,0.0256,0,-0.0177,0.9678,0.2512,0,-0.0218,-0.2516,0.9676,0,-0.0206,26.5525,-3.1933,1]},
{"frame":33,"values":[0.9997,0.01,0.0221,0,-0.0152,0.9676,0.2522,0,-0.0189,-0.2525,0.9674,0,-0.0206,26.5525,-3.1933,1]},
{"frame":34,"values":[0.9998,0.0083,0.0186,0,-0.0128,0.9673,0.2532,0,-0.0159,-0.2534,0.9672,0,-0.0206,26.5525,-3.1933,1]},
{"frame":35,"values":[0.9999,0.0066,0.0152,0,-0.0103,0.9671,0.2541,0,-0.013,-0.2543,0.967,0,-0.0206,26.5525,-3.1933,1]},
{"frame":36,"values":[0.9999,0.0035,0.0094,0,-0.0058,0.967,0.2548,0,-0.0082,-0.2548,0.967,0,-0.0206,26.5525,-3.1933,1]}],"loopBehavior":1,"name":"anim","property":"_matrix"}},
{"name":"mixamorig:Neck","index":4,"matrix":[0.9999,0.0096,0.0136,0,-0.0103,0.9986,0.0512,0,-0.0131,-0.0513,0.9986,0,-0.06,30.7018,1.3522,1],"rest":[1,0,0,0,0,1,0,0,0,0,1,0,-0.06,30.7018,1.3522,1],"parentBoneIndex":3,"length":22.8446
,"animation":{"dataType":3,"framePerSecond":24,"keys":[
{"frame":1,"values":[0.9999,0.0096,0.0136,0,-0.0103,0.9984,0.0548,0,-0.013,-0.0549,0.9984,0,-0.06,30.7018,1.3522,1]},
{"frame":2,"values":[0.9999,0.0081,0.0141,0,-0.0089,0.9985,0.0547,0,-0.0136,-0.0549,0.9984,0,-0.06,30.7018,1.3522,1]},
{"frame":3,"values":[0.9999,0.0066,0.0144,0,-0.0074,0.9985,0.0547,0,-0.0141,-0.0548,0.9984,0,-0.06,30.7018,1.3522,1]},
{"frame":4,"values":[0.9999,0.0058,0.0148,0,-0.0066,0.9985,0.0546,0,-0.0144,-0.0547,0.9984,0,-0.06,30.7018,1.3522,1]},
{"frame":5,"values":[0.9999,0.006,0.0148,0,-0.0068,0.9985,0.0545,0,-0.0145,-0.0546,0.9984,0,-0.06,30.7018,1.3522,1]},
{"frame":6,"values":[0.9999,0.007,0.0143,0,-0.0078,0.9985,0.0544,0,-0.0139,-0.0545,0.9984,0,-0.06,30.7018,1.3522,1]},
{"frame":7,"values":[0.9999,0.0082,0.013,0,-0.0089,0.9985,0.0544,0,-0.0125,-0.0545,0.9984,0,-0.06,30.7018,1.3522,1]},
{"frame":8,"values":[0.9999,0.009,0.0117,0,-0.0096,0.9985,0.0543,0,-0.0112,-0.0544,0.9985,0,-0.06,30.7018,1.3522,1]},
{"frame":9,"values":[0.9999,0.0085,0.0104,0,-0.009,0.9985,0.0542,0,-0.0099,-0.0543,0.9985,0,-0.06,30.7018,1.3522,1]},
{"frame":10,"values":[0.9999,0.0058,0.0091,0,-0.0063,0.9985,0.0541,0,-0.0087,-0.0542,0.9985,0,-0.06,30.7018,1.3522,1]},
{"frame":11,"values":[1,0.0031,0.0078,0,-0.0035,0.9985,0.0541,0,-0.0076,-0.0541,0.9985,0,-0.06,30.7018,1.3522,1]},
{"frame":12,"values":[1,0.0003,0.0064,0,-0.0007,0.9985,0.054,0,-0.0064,-0.054,0.9985,0,-0.06,30.7018,1.3522,1]},
{"frame":13,"values":[1,-0.0024,0.0051,0,0.0021,0.9985,0.0539,0,-0.0053,-0.0539,0.9985,0,-0.06,30.7018,1.3522,1]},
{"frame":14,"values":[1,-0.0012,0.0038,0,0.001,0.9986,0.0538,0,-0.0039,-0.0538,0.9985,0,-0.06,30.7018,1.3522,1]},
{"frame":15,"values":[1,0.0001,0.0025,0,-0.0002,0.9986,0.0537,0,-0.0025,-0.0537,0.9986,0,-0.06,30.7018,1.3522,1]},
{"frame":16,"values":[1,0.0013,0.0012,0,-0.0013,0.9986,0.0537,0,-0.0011,-0.0537,0.9986,0,-0.06,30.7018,1.3522,1]},
{"frame":17,"values":[1,0.0025,-0.0001,0,-0.0025,0.9986,0.0536,0,0.0002,-0.0536,0.9986,0,-0.06,30.7018,1.3522,1]},
{"frame":18,"values":[1,0.0037,-0.0014,0,-0.0036,0.9986,0.0535,0,0.0016,-0.0535,0.9986,0,-0.06,30.7018,1.3522,1]},
{"frame":19,"values":[1,0.0049,-0.0027,0,-0.0048,0.9986,0.0534,0,0.003,-0.0534,0.9986,0,-0.06,30.7018,1.3522,1]},
{"frame":20,"values":[1,0.0062,-0.0019,0,-0.0061,0.9986,0.0534,0,0.0022,-0.0534,0.9986,0,-0.06,30.7018,1.3522,1]},
{"frame":21,"values":[1,0.0074,-0.001,0,-0.0073,0.9986,0.0532,0,0.0014,-0.0532,0.9986,0,-0.06,30.7018,1.3522,1]},
{"frame":22,"values":[1,0.0086,-0.0001,0,-0.0086,0.9986,0.053,0,0.0006,-0.053,0.9986,0,-0.06,30.7018,1.3522,1]},
{"frame":23,"values":[1,0.0098,0.0007,0,-0.0098,0.9986,0.0528,0,-0.0002,-0.0528,0.9986,0,-0.06,30.7018,1.3522,1]},
{"frame":24,"values":[0.9999,0.011,0.0016,0,-0.0111,0.9986,0.0526,0,-0.001,-0.0527,0.9986,0,-0.06,30.7018,1.3522,1]},
{"frame":25,"values":[0.9999,0.0123,0.0025,0,-0.0124,0.9985,0.0525,0,-0.0018,-0.0525,0.9986,0,-0.06,30.7018,1.3522,1]},
{"frame":26,"values":[0.9999,0.0135,0.0033,0,-0.0136,0.9985,0.0523,0,-0.0026,-0.0523,0.9986,0,-0.06,30.7018,1.3522,1]},
{"frame":27,"values":[0.9999,0.0147,0.0042,0,-0.0149,0.9985,0.0521,0,-0.0034,-0.0521,0.9986,0,-0.06,30.7018,1.3522,1]},
{"frame":28,"values":[0.9999,0.0159,0.0051,0,-0.0162,0.9985,0.0519,0,-0.0042,-0.052,0.9986,0,-0.06,30.7018,1.3522,1]},
{"frame":29,"values":[0.9998,0.0171,0.0059,0,-0.0174,0.9985,0.0517,0,-0.005,-0.0518,0.9986,0,-0.06,30.7018,1.3522,1]},
{"frame":30,"values":[0.9999,0.0157,0.0068,0,-0.0161,0.9985,0.0515,0,-0.006,-0.0516,0.9986,0,-0.06,30.7018,1.3522,1]},
{"frame":31,"values":[0.9999,0.0143,0.0077,0,-0.0147,0.9986,0.0513,0,-0.0069,-0.0514,0.9987,0,-0.06,30.7018,1.3522,1]},
{"frame":32,"values":[0.9999,0.0129,0.0085,0,-0.0133,0.9986,0.0512,0,-0.0079,-0.0513,0.9987,0,-0.06,30.7018,1.3522,1]},
{"frame":33,"values":[0.9999,0.0115,0.0094,0,-0.012,0.9986,0.0512,0,-0.0088,-0.0513,0.9986,0,-0.06,30.7018,1.3522,1]},
{"frame":34,"values":[0.9999,0.0101,0.0103,0,-0.0106,0.9986,0.0512,0,-0.0097,-0.0513,0.9986,0,-0.06,30.7018,1.3522,1]},
{"frame":35,"values":[0.9999,0.0101,0.0111,0,-0.0107,0.9986,0.0512,0,-0.0106,-0.0513,0.9986,0,-0.06,30.7018,1.3522,1]},
{"frame":36,"values":[0.9999,0.0096,0.0136,0,-0.0103,0.9986,0.0512,0,-0.0131,-0.0513,0.9986,0,-0.06,30.7018,1.3522,1]}],"loopBehavior":1,"name":"anim","property":"_matrix"}},
{"name":"mixamorig:Head","index":5,"matrix":[0.9964,0.029,0.0802,0,-0.0561,0.931,0.3606,0,-0.0642,-0.3637,0.9293,0,-0.0872,22.5476,3.6709,1],"rest":[1,0,0,0,0,1,0,0,0,0,1,0,-0.0872,22.5476,3.6709,1],"parentBoneIndex":4,"length":30.5923
,"animation":{"dataType":3,"framePerSecond":24,"keys":[
{"frame":1,"values":[0.9964,0.029,0.0802,0,-0.0561,0.931,0.3606,0,-0.0642,-0.3638,0.9293,0,-0.0872,22.5476,3.6709,1]},
{"frame":2,"values":[0.9963,0.0255,0.0822,0,-0.0532,0.933,0.356,0,-0.0676,-0.359,0.9309,0,-0.0872,22.5476,3.6709,1]},
{"frame":3,"values":[0.9963,0.0211,0.0834,0,-0.0494,0.9337,0.3546,0,-0.0704,-0.3574,0.9313,0,-0.0872,22.5476,3.6709,1]},
{"frame":4,"values":[0.9964,0.0173,0.0832,0,-0.046,0.9327,0.3577,0,-0.0714,-0.3602,0.9301,0,-0.0872,22.5476,3.6709,1]},
{"frame":5,"values":[0.9966,0.0159,0.0803,0,-0.0441,0.9306,0.3634,0,-0.0689,-0.3657,0.9282,0,-0.0872,22.5476,3.6709,1]},
{"frame":6,"values":[0.9971,0.0175,0.0745,0,-0.0438,0.9285,0.3687,0,-0.0628,-0.3709,0.9266,0,-0.0872,22.5476,3.6709,1]},
{"frame":7,"values":[0.9974,0.0203,0.069,0,-0.0448,0.9265,0.3737,0,-0.0564,-0.3758,0.925,0,-0.0872,22.5476,3.6709,1]},
{"frame":8,"values":[0.9976,0.0219,0.0659,0,-0.0454,0.9232,0.3816,0,-0.0525,-0.3837,0.922,0,-0.0872,22.5476,3.6709,1]},
{"frame":9,"values":[0.9983,0.0192,0.0544,0,-0.039,0.9192,0.3919,0,-0.0425,-0.3934,0.9184,0,-0.0872,22.5476,3.6709,1]},
{"frame":10,"values":[0.999,0.0111,0.0429,0,-0.0273,0.9169,0.3982,0,-0.0349,-0.399,0.9163,0,-0.0872,22.5476,3.6709,1]},
{"frame":11,"values":[0.9995,0.0009,0.0314,0,-0.0133,0.9177,0.397,0,-0.0285,-0.3972,0.9173,0,-0.0872,22.5476,3.6709,1]},
{"frame":12,"values":[0.9998,-0.0041,0.0199,0,-0.004,0.9193,0.3936,0,-0.0199,-0.3936,0.919,0,-0.0872,22.5476,3.6709,1]},
{"frame":13,"values":[0.9999,-0.0092,0.0084,0,0.0052,0.9207,0.3902,0,-0.0113,-0.3901,0.9207,0,-0.0872,22.5476,3.6709,1]},
{"frame":14,"values":[1,-0.0077,-0.0031,0,0.0083,0.9205,0.3906,0,-0.0002,-0.3906,0.9205,0,-0.0872,22.5476,3.6709,1]},
{"frame":15,"values":[0.9999,-0.0063,-0.0146,0,0.0115,0.9218,0.3875,0,0.011,-0.3876,0.9218,0,-0.0872,22.5476,3.6709,1]},
{"frame":16,"values":[0.9999,-0.0048,-0.0146,0,0.0101,0.9231,0.3844,0,0.0116,-0.3845,0.923,0,-0.0872,22.5476,3.6709,1]},
{"frame":17,"values":[0.9999,-0.0034,-0.0156,0,0.0091,0.9244,0.3813,0,0.0132,-0.3814,0.9243,0,-0.0872,22.5476,3.6709,1]},
{"frame":18,"values":[0.9999,-0.0035,-0.0167,0,0.0095,0.9257,0.3782,0,0.0141,-0.3783,0.9256,0,-0.0872,22.5476,3.6709,1]},
{"frame":19,"values":[0.9998,0.0009,-0.0177,0,0.0058,0.927,0.3751,0,0.0168,-0.3751,0.9268,0,-0.0872,22.5476,3.6709,1]},
{"frame":20,"values":[0.9999,0.0053,-0.0126,0,-0.0002,0.9282,0.372,0,0.0137,-0.372,0.9281,0,-0.0872,22.5476,3.6709,1]},
{"frame":21,"values":[0.9999,0.0097,-0.0075,0,-0.0062,0.9266,0.376,0,0.0106,-0.376,0.9266,0,-0.0872,22.5476,3.6709,1]},
{"frame":22,"values":[0.9999,0.0142,-0.0024,0,-0.0122,0.9249,0.38,0,0.0077,-0.38,0.925,0,-0.0872,22.5476,3.6709,1]},
{"frame":23,"values":[0.9998,0.0186,0.0027,0,-0.0182,0.9231,0.384,0,0.0047,-0.384,0.9233,0,-0.0872,22.5476,3.6709,1]},
{"frame":24,"values":[0.9997,0.023,0.0078,0,-0.0242,0.9214,0.3879,0,0.0018,-0.388,0.9216,0,-0.0872,22.5476,3.6709,1]},
{"frame":25,"values":[0.9995,0.0274,0.0129,0,-0.0302,0.9195,0.3918,0,-0.0012,-0.3921,0.9199,0,-0.0872,22.5476,3.6709,1]},
{"frame":26,"values":[0.9993,0.0317,0.0181,0,-0.0363,0.9177,0.3957,0,-0.004,-0.3961,0.9182,0,-0.0872,22.5476,3.6709,1]},
{"frame":27,"values":[0.9991,0.036,0.0232,0,-0.0423,0.9158,0.3995,0,-0.0069,-0.4001,0.9164,0,-0.0872,22.5476,3.6709,1]},
{"frame":28,"values":[0.9988,0.0403,0.0284,0,-0.0484,0.9138,0.4033,0,-0.0097,-0.4042,0.9146,0,-0.0872,22.5476,3.6709,1]},
{"frame":29,"values":[0.9984,0.0447,0.0336,0,-0.0543,0.9178,0.3932,0,-0.0132,-0.3944,0.9188,0,-0.0872,22.5476,3.6709,1]},
{"frame":30,"values":[0.9985,0.0381,0.0386,0,-0.05,0.9224,0.3831,0,-0.021,-0.3844,0.9229,0,-0.0872,22.5476,3.6709,1]},
{"frame":31,"values":[0.9985,0.0315,0.0437,0,-0.0455,0.9268,0.3729,0,-0.0287,-0.3743,0.9269,0,-0.0872,22.5476,3.6709,1]},
{"frame":32,"values":[0.9985,0.025,0.0488,0,-0.041,0.931,0.3627,0,-0.0364,-0.3641,0.9306,0,-0.0872,22.5476,3.6709,1]},
{"frame":33,"values":[0.9984,0.0185,0.0541,0,-0.0364,0.9351,0.3524,0,-0.044,-0.3538,0.9343,0,-0.0872,22.5476,3.6709,1]},
{"frame":34,"values":[0.998,0.0215,0.0592,0,-0.0413,0.9334,0.3565,0,-0.0475,-0.3583,0.9324,0,-0.0872,22.5476,3.6709,1]},
{"frame":35,"values":[0.9976,0.0245,0.0643,0,-0.0462,0.9316,0.3606,0,-0.051,-0.3627,0.9305,0,-0.0872,22.5476,3.6709,1]},
{"frame":36,"values":[0.9964,0.029,0.0802,0,-0.0561,0.931,0.3606,0,-0.0642,-0.3637,0.9293,0,-0.0872,22.5476,3.6709,1]}],"loopBehavior":1,"name":"anim","property":"_matrix"}},
{"name":"mixamorig:HeadTop_End","index":6,"matrix":[1,0,0,0,0,1,0,0,0,0,1,0,-0.8306,40.3552,7.8935,1],"rest":[1,0,0,0,0,1,0,0,0,0,1,0,-0.8306,40.3552,7.8935,1],"parentBoneIndex":5,"length":30.5923
,"animation":{"dataType":3,"framePerSecond":24,"keys":[
{"frame":1,"values":[1,0,0,0,0,1,0,0,0,0,1,0,-0.8306,40.3552,7.8935,1]},
{"frame":36,"values":[1,0,0,0,0,1,0,0,0,0,1,0,-0.8306,40.3552,7.8935,1]}],"loopBehavior":1,"name":"anim","property":"_matrix"}},
{"name":"mixamorig:RightEye","index":7,"matrix":[1,0,0,0,0,1,0,0,0,0,1,0,-6.3021,18.1186,16.1971,1],"rest":[1,0,0,0,0,1,0,0,0,0,1,0,-6.3021,18.1186,16.1971,1],"parentBoneIndex":5,"length":30.5923
,"animation":{"dataType":3,"framePerSecond":24,"keys":[
{"frame":1,"values":[1,0,0,0,0,1,0,0,0,0,1,0,-6.3021,18.1186,16.1971,1]},
{"frame":36,"values":[1,0,0,0,0,1,0,0,0,0,1,0,-6.3021,18.1186,16.1971,1]}],"loopBehavior":1,"name":"anim","property":"_matrix"}},
{"name":"mixamorig:LeftEye","index":8,"matrix":[1,0,0,0,0,1,0,0,0,0,1,0,6.7415,18.3827,16.4019,1],"rest":[1,0,0,0,0,1,0,0,0,0,1,0,6.7415,18.3827,16.4019,1],"parentBoneIndex":5,"length":30.5923
,"animation":{"dataType":3,"framePerSecond":24,"keys":[
{"frame":1,"values":[1,0,0,0,0,1,0,0,0,0,1,0,6.7415,18.3827,16.4019,1]},
{"frame":36,"values":[1,0,0,0,0,1,0,0,0,0,1,0,6.7415,18.3827,16.4019,1]}],"loopBehavior":1,"name":"anim","property":"_matrix"}},
{"name":"mixamorig:LeftShoulder","index":9,"matrix":[0.913,-0.3685,0.1751,0,0.3626,0.9296,0.0656,0,-0.187,0.0036,0.9824,0,11.9249,18.2305,1.4254,1],"rest":[1,0.0062,0,0,-0.0062,1,0,0,0,0,1,0,11.9249,18.2305,1.4254,1],"parentBoneIndex":3,"length":25.9773
,"animation":{"dataType":3,"framePerSecond":24,"keys":[
{"frame":1,"values":[0.913,-0.3685,0.1751,0,0.3626,0.9296,0.0656,0,-0.187,0.0036,0.9824,0,11.9249,18.2305,1.4254,1]},
{"frame":2,"values":[0.9127,-0.371,0.1714,0,0.3653,0.9286,0.0649,0,-0.1832,0.0033,0.9831,0,11.9249,18.2305,1.4254,1]},
{"frame":3,"values":[0.9136,-0.3712,0.166,0,0.3657,0.9286,0.0635,0,-0.1777,0.0027,0.9841,0,11.9249,18.2305,1.4254,1]},
{"frame":4,"values":[0.9155,-0.3697,0.1589,0,0.3645,0.9292,0.0613,0,-0.1703,0.0018,0.9854,0,11.9249,18.2305,1.4254,1]},
{"frame":5,"values":[0.9185,-0.3657,0.1505,0,0.361,0.9307,0.0585,0,-0.1614,0.0006,0.9869,0,11.9249,18.2305,1.4254,1]},
{"frame":6,"values":[0.9221,-0.3594,0.1433,0,0.3551,0.9332,0.0558,0,-0.1538,-0.0006,0.9881,0,11.9249,18.2305,1.4254,1]},
{"frame":7,"values":[0.924,-0.3556,0.1409,0,0.3514,0.9346,0.0547,0,-0.1512,-0.001,0.9885,0,11.9249,18.2305,1.4254,1]},
{"frame":8,"values":[0.9215,-0.3607,0.144,0,0.3564,0.9327,0.0559,0,-0.1544,-0.0002,0.988,0,11.9249,18.2305,1.4254,1]},
{"frame":9,"values":[0.9154,-0.3748,0.147,0,0.3702,0.9271,0.0585,0,-0.1582,0.0009,0.9874,0,11.9249,18.2305,1.4254,1]},
{"frame":10,"values":[0.9095,-0.3877,0.15,0,0.383,0.9218,0.0599,0,-0.1615,0.003,0.9869,0,11.9249,18.2305,1.4254,1]},
{"frame":11,"values":[0.9081,-0.3897,0.1531,0,0.3849,0.9209,0.0612,0,-0.1648,0.0033,0.9863,0,11.9249,18.2305,1.4254,1]},
{"frame":12,"values":[0.9078,-0.3892,0.1561,0,0.3841,0.9212,0.0626,0,-0.1681,0.0031,0.9858,0,11.9249,18.2305,1.4254,1]},
{"frame":13,"values":[0.9079,-0.3889,0.1565,0,0.3836,0.9213,0.0638,0,-0.1689,0.0021,0.9856,0,11.9249,18.2305,1.4254,1]},
{"frame":14,"values":[0.9079,-0.3887,0.1568,0,0.3832,0.9214,0.0649,0,-0.1697,0.0011,0.9855,0,11.9249,18.2305,1.4254,1]},
{"frame":15,"values":[0.9079,-0.3885,0.1572,0,0.3828,0.9214,0.0661,0,-0.1705,0.0001,0.9853,0,11.9249,18.2305,1.4254,1]},
{"frame":16,"values":[0.9079,-0.3883,0.1576,0,0.3825,0.9215,0.0673,0,-0.1713,-0.0009,0.9852,0,11.9249,18.2305,1.4254,1]},
{"frame":17,"values":[0.9091,-0.3854,0.1579,0,0.3793,0.9227,0.0685,0,-0.1721,-0.0024,0.9851,0,11.9249,18.2305,1.4254,1]},
{"frame":18,"values":[0.9103,-0.3825,0.1583,0,0.3762,0.9239,0.0697,0,-0.1729,-0.0039,0.9849,0,11.9249,18.2305,1.4254,1]},
{"frame":19,"values":[0.9093,-0.3846,0.1587,0,0.3781,0.9231,0.0709,0,-0.1737,-0.0044,0.9848,0,11.9249,18.2305,1.4254,1]},
{"frame":20,"values":[0.9084,-0.3867,0.1591,0,0.38,0.9222,0.072,0,-0.1745,-0.005,0.9846,0,11.9249,18.2305,1.4254,1]},
{"frame":21,"values":[0.9074,-0.3888,0.1594,0,0.3819,0.9213,0.0732,0,-0.1753,-0.0056,0.9845,0,11.9249,18.2305,1.4254,1]},
{"frame":22,"values":[0.9077,-0.3879,0.1598,0,0.3808,0.9217,0.0744,0,-0.1761,-0.0067,0.9843,0,11.9249,18.2305,1.4254,1]},
{"frame":23,"values":[0.9081,-0.387,0.1602,0,0.3796,0.9221,0.0756,0,-0.1769,-0.0078,0.9842,0,11.9249,18.2305,1.4254,1]},
{"frame":24,"values":[0.9089,-0.3849,0.1605,0,0.3773,0.9229,0.0768,0,-0.1777,-0.0092,0.984,0,11.9249,18.2305,1.4254,1]},
{"frame":25,"values":[0.9097,-0.3829,0.1609,0,0.375,0.9237,0.0779,0,-0.1785,-0.0106,0.9839,0,11.9249,18.2305,1.4254,1]},
{"frame":26,"values":[0.9105,-0.3808,0.1613,0,0.3732,0.9246,0.0761,0,-0.1781,-0.0091,0.984,0,11.9249,18.2305,1.4254,1]},
{"frame":27,"values":[0.9113,-0.3787,0.1617,0,0.3715,0.9255,0.0742,0,-0.1777,-0.0075,0.9841,0,11.9249,18.2305,1.4254,1]},
{"frame":28,"values":[0.9121,-0.3766,0.162,0,0.3697,0.9263,0.0723,0,-0.1773,-0.006,0.9841,0,11.9249,18.2305,1.4254,1]},
{"frame":29,"values":[0.9129,-0.3746,0.1624,0,0.3679,0.9272,0.0704,0,-0.177,-0.0045,0.9842,0,11.9249,18.2305,1.4254,1]},
{"frame":30,"values":[0.9136,-0.3725,0.1628,0,0.3661,0.928,0.0685,0,-0.1766,-0.003,0.9843,0,11.9249,18.2305,1.4254,1]},
{"frame":31,"values":[0.9144,-0.3704,0.1631,0,0.3644,0.9289,0.0666,0,-0.1762,-0.0015,0.9843,0,11.9249,18.2305,1.4254,1]},
{"frame":32,"values":[0.9152,-0.3683,0.1635,0,0.3626,0.9297,0.0648,0,-0.1759,0,0.9844,0,11.9249,18.2305,1.4254,1]},
{"frame":33,"values":[0.916,-0.3662,0.1639,0,0.3608,0.9305,0.0629,0,-0.1755,0.0015,0.9845,0,11.9249,18.2305,1.4254,1]},
{"frame":34,"values":[0.9164,-0.3651,0.1642,0,0.3596,0.931,0.0629,0,-0.1759,0.0014,0.9844,0,11.9249,18.2305,1.4254,1]},
{"frame":35,"values":[0.9163,-0.3638,0.1675,0,0.3583,0.9315,0.063,0,-0.1789,0.0023,0.9839,0,11.9249,18.2305,1.4254,1]},
{"frame":36,"values":[0.913,-0.3685,0.1751,0,0.3626,0.9296,0.0656,0,-0.187,0.0036,0.9824,0,11.9249,18.2305,1.4254,1]}],"loopBehavior":1,"name":"anim","property":"_matrix"}},
{"name":"mixamorig:LeftArm","index":10,"matrix":[0.5119,-0.616,0.5988,0,0.7712,0.6366,-0.0044,0,-0.3785,0.464,0.8009,0,25.4312,-0.8547,-5.2293,1],"rest":[0.9983,0.0295,0.0512,0,-0.0294,0.9996,-0.0017,0,-0.0512,0.0002,0.9987,0,25.4312,-0.8546,-5.2293,1],"parentBoneIndex":9,"length":54.6847
,"animation":{"dataType":3,"framePerSecond":24,"keys":[
{"frame":1,"values":[0.5119,-0.616,0.5988,0,0.7712,0.6366,-0.0044,0,-0.3785,0.464,0.8009,0,25.4312,-0.8546,-5.2293,1]},
{"frame":2,"values":[0.5243,-0.6063,0.5979,0,0.7563,0.6543,0.0004,0,-0.3914,0.452,0.8016,0,25.4312,-0.8547,-5.2293,1]},
{"frame":3,"values":[0.5342,-0.6059,0.5895,0,0.7488,0.6628,0.0027,0,-0.3924,0.4399,0.8078,0,25.4312,-0.8546,-5.2293,1]},
{"frame":4,"values":[0.5423,-0.6182,0.569,0,0.7513,0.66,0.001,0,-0.3762,0.4269,0.8223,0,25.4312,-0.8546,-5.2293,1]},
{"frame":5,"values":[0.549,-0.6416,0.5357,0,0.7617,0.6479,-0.0045,0,-0.3442,0.4105,0.8444,0,25.4312,-0.8546,-5.2293,1]},
{"frame":6,"values":[0.5531,-0.6705,0.4945,0,0.7736,0.6336,-0.0063,0,-0.3091,0.386,0.8691,0,25.4312,-0.8547,-5.2293,1]},
{"frame":7,"values":[0.5562,-0.6938,0.4574,0,0.7788,0.6273,0.0044,0,-0.29,0.3538,0.8892,0,25.4312,-0.8546,-5.2293,1]},
{"frame":8,"values":[0.5638,-0.7023,0.4347,0,0.773,0.634,0.0217,0,-0.2908,0.3238,0.9003,0,25.4312,-0.8546,-5.2293,1]},
{"frame":9,"values":[0.5784,-0.6978,0.4225,0,0.7607,0.6485,0.0296,0,-0.2946,0.3042,0.9059,0,25.4312,-0.8546,-5.2293,1]},
{"frame":10,"values":[0.5874,-0.6999,0.4063,0,0.7563,0.6535,0.0322,0,-0.288,0.2883,0.9132,0,25.4312,-0.8547,-5.2293,1]},
{"frame":11,"values":[0.5989,-0.7047,0.3805,0,0.7468,0.663,0.0525,0,-0.2893,0.2527,0.9233,0,25.4312,-0.8546,-5.2293,1]},
{"frame":12,"values":[0.6065,-0.7011,0.3749,0,0.7276,0.6796,0.0938,0,-0.3205,0.2159,0.9223,0,25.4312,-0.8546,-5.2293,1]},
{"frame":13,"values":[0.6142,-0.6974,0.3693,0,0.7261,0.6827,0.0817,0,-0.3091,0.218,0.9257,0,25.4312,-0.8547,-5.2293,1]},
{"frame":14,"values":[0.6218,-0.6937,0.3636,0,0.7244,0.6858,0.0695,0,-0.2976,0.2202,0.929,0,25.4312,-0.8546,-5.2293,1]},
{"frame":15,"values":[0.6206,-0.6801,0.3903,0,0.7212,0.6905,0.0565,0,-0.3079,0.2464,0.9189,0,25.4312,-0.8547,-5.2293,1]},
{"frame":16,"values":[0.6138,-0.664,0.4271,0,0.7189,0.6937,0.0453,0,-0.3263,0.2792,0.9031,0,25.4312,-0.8546,-5.2293,1]},
{"frame":17,"values":[0.6062,-0.6465,0.4632,0,0.7168,0.6965,0.0339,0,-0.3445,0.3115,0.8856,0,25.4312,-0.8546,-5.2293,1]},
{"frame":18,"values":[0.598,-0.6276,0.4985,0,0.7149,0.6988,0.0224,0,-0.3624,0.343,0.8666,0,25.4312,-0.8547,-5.2293,1]},
{"frame":19,"values":[0.5889,-0.6076,0.5329,0,0.7133,0.7008,0.0107,0,-0.38,0.3738,0.8461,0,25.4312,-0.8547,-5.2293,1]},
{"frame":20,"values":[0.5792,-0.5862,0.5664,0,0.7119,0.7023,-0.0011,0,-0.3972,0.4038,0.8241,0,25.4312,-0.8547,-5.2293,1]},
{"frame":21,"values":[0.5688,-0.5638,0.5989,0,0.7107,0.7034,-0.0129,0,-0.414,0.4329,0.8008,0,25.4312,-0.8546,-5.2293,1]},
{"frame":22,"values":[0.5578,-0.5402,0.6302,0,0.7097,0.704,-0.0247,0,-0.4303,0.461,0.7761,0,25.4312,-0.8546,-5.2293,1]},
{"frame":23,"values":[0.5438,-0.5174,0.6608,0,0.7014,0.7125,-0.0193,0,-0.4608,0.474,0.7503,0,25.4312,-0.8546,-5.2293,1]},
{"frame":24,"values":[0.5285,-0.4941,0.6903,0,0.6929,0.7209,-0.0145,0,-0.4905,0.486,0.7233,0,25.4312,-0.8547,-5.2293,1]},
{"frame":25,"values":[0.512,-0.4703,0.7188,0,0.6841,0.7294,-0.0101,0,-0.5195,0.4969,0.6951,0,25.4312,-0.8546,-5.2293,1]},
{"frame":26,"values":[0.5281,-0.4766,0.7029,0,0.6711,0.7414,-0.0015,0,-0.5204,0.4724,0.7113,0,25.4312,-0.8547,-5.2293,1]},
{"frame":27,"values":[0.544,-0.4823,0.6866,0,0.658,0.753,0.0076,0,-0.5207,0.4476,0.727,0,25.4312,-0.8547,-5.2293,1]},
{"frame":28,"values":[0.534,-0.5156,0.67,0,0.6898,0.7239,0.0073,0,-0.4888,0.4583,0.7423,0,25.4312,-0.8547,-5.2293,1]},
{"frame":29,"values":[0.5236,-0.5506,0.6501,0,0.7205,0.6935,0.007,0,-0.4547,0.4647,0.7598,0,25.4312,-0.8546,-5.2293,1]},
{"frame":30,"values":[0.5173,-0.5795,0.6297,0,0.7421,0.6702,0.0071,0,-0.4262,0.4637,0.7768,0,25.4312,-0.8546,-5.2293,1]},
{"frame":31,"values":[0.5097,-0.6078,0.6089,0,0.763,0.6463,0.0063,0,-0.3974,0.4614,0.7932,0,25.4312,-0.8547,-5.2293,1]},
{"frame":32,"values":[0.5003,-0.6358,0.5877,0,0.7845,0.6201,0.003,0,-0.3664,0.4595,0.8091,0,25.4312,-0.8546,-5.2293,1]},
{"frame":33,"values":[0.4819,-0.6534,0.5839,0,0.805,0.5933,-0.0004,0,-0.3462,0.4702,0.8118,0,25.4312,-0.8546,-5.2293,1]},
{"frame":34,"values":[0.488,-0.6522,0.5801,0,0.8024,0.5968,-0.0039,0,-0.3437,0.4673,0.8146,0,25.4312,-0.8546,-5.2293,1]},
{"frame":35,"values":[0.494,-0.6511,0.5762,0,0.7997,0.6003,-0.0073,0,-0.3411,0.4645,0.8172,0,25.4312,-0.8547,-5.2293,1]},
{"frame":36,"values":[0.5119,-0.616,0.5988,0,0.7712,0.6366,-0.0044,0,-0.3785,0.464,0.8009,0,25.4312,-0.8547,-5.2293,1]}],"loopBehavior":1,"name":"anim","property":"_matrix"}},
{"name":"mixamorig:LeftForeArm","index":11,"matrix":[0.9644,-0.0078,0.2645,0,0.01,0.9999,-0.007,0,-0.2644,0.0094,0.9644,0,54.5783,-1.9463,-2.8009,1],"rest":[0.9943,-0.0088,-0.1062,0,0.0091,1,0.0028,0,0.1061,-0.0038,0.9943,0,54.5783,-1.9463,-2.8009,1],"parentBoneIndex":10,"length":55.0981
