{"producer":{"name":"Blender","version":"2.79 (sub 0)","exporter_version":"5.6.4","file":"slowjogback.babylon"},
"autoClear":true,"clearColor":[0.0509,0.0509,0.0509],"ambientColor":[0,0,0],"gravity":[0,-9.81,0],
"materials":[{"name":"slowjogback.Material","id":"slowjogback.Material","ambient":[0,0,0],"diffuse":[0,0,0],"specular":[0,0,0],"emissive":[0,0,0],"specularPower":50,"alpha":0.001,"backFaceCulling":true,"checkReadyOnlyOnce":false,"maxSimultaneousLights":4}],
"multiMaterials":[],
"skeletons":[{"name":"Armature","id":0,"dimensionsAtRest":[379.1952,391.6652,55.677],"bones":[
{"name":"mixamorig:Hips","index":0,"matrix":[0.9528,0.0371,-0.3014,0,-0.0071,0.995,0.1,0,-0.3035,0.0931,-0.9483,0,-8.3068,180.3118,0.6037,1],"rest":[1,0,0,0,0,1,0,0,0,0,-1,0,0,201.6394,0,1],"parentBoneIndex":-1,"length":21.6784
,"animation":{"dataType":3,"framePerSecond":24,"keys":[
{"frame":1,"values":[0.9528,0.0371,-0.3014,0,-0.0071,0.995,0.1,0,-0.3035,0.0931,-0.9483,0,-8.3068,180.3118,0.6037,1]},
{"frame":2,"values":[0.9665,0.0315,-0.2546,0,-0.0115,0.9967,0.0799,0,-0.2562,0.0743,-0.9637,0,-7.5953,184.3695,0.2223,1]},
{"frame":3,"values":[0.9646,0.0231,-0.2629,0,-0.008,0.9983,0.0583,0,-0.2638,0.0541,-0.9631,0,-5.3497,189.6325,0.4712,1]},
{"frame":4,"values":[0.9557,0.0081,-0.2942,0,-0.0031,0.9998,0.0177,0,-0.2942,0.016,-0.9556,0,-2.5284,193.5548,0.679,1]},
{"frame":5,"values":[0.9473,-0.0089,-0.3202,0,0.0099,1,0.0012,0,-0.3201,0.0043,-0.9474,0,0.011,193.8151,0.6548,1]},
{"frame":6,"values":[0.9417,-0.0177,-0.336,0,0.0173,0.9998,-0.0042,0,-0.336,0.0018,-0.9419,0,1.5002,191.078,0.8281,1]},
{"frame":7,"values":[0.9398,-0.0145,-0.3414,0,0.0145,0.9999,-0.0025,0,-0.3414,0.0026,-0.9399,0,2.9894,186.4574,1.2054,1]},
{"frame":8,"values":[0.9312,-0.0001,-0.3645,0,0.0067,0.9998,0.0167,0,-0.3645,0.018,-0.931,0,4.4787,183.4677,0.784,1]},
{"frame":9,"values":[0.9218,0.014,-0.3875,0,-0.0002,0.9994,0.0356,0,-0.3877,0.0327,-0.9212,0,5.9679,180.4781,-0.9271,1]},
{"frame":10,"values":[0.9116,0.0278,-0.4102,0,-0.0062,0.9985,0.054,0,-0.4111,0.0466,-0.9104,0,7.4571,183.5494,-2.635,1]},
{"frame":11,"values":[0.9006,0.0413,-0.4326,0,-0.0112,0.9973,0.0719,0,-0.4345,0.0599,-0.8987,0,5.2395,186.6208,-4.3429,1]},
{"frame":12,"values":[0.9135,0.0323,-0.4056,0,-0.0092,0.9982,0.0587,0,-0.4068,0.0499,-0.9122,0,3.0218,189.6921,-3.438,1]},
{"frame":13,"values":[0.9255,0.0235,-0.3781,0,-0.0068,0.9989,0.0455,0,-0.3787,0.0396,-0.9247,0,0.8042,192.7634,-2.533,1]},
{"frame":14,"values":[0.9365,0.0142,-0.3503,0,0.0066,0.9983,0.0583,0,-0.3505,0.0569,-0.9348,0,-1.4135,189.4365,-1.6281,1]},
{"frame":15,"values":[0.9464,0.0227,-0.3221,0,0.0003,0.9975,0.0712,0,-0.3229,0.0675,-0.944,0,-3.6311,186.1096,-0.7231,1]},
{"frame":16,"values":[0.9428,0.0309,-0.3319,0,-0.0034,0.9965,0.0832,0,-0.3333,0.0773,-0.9396,0,-5.8487,182.7827,0.1818,1]},
{"frame":17,"values":[0.939,0.0392,-0.3416,0,-0.0069,0.9954,0.0952,0,-0.3437,0.087,-0.935,0,-8.0664,179.4557,1.0868,1]},
{"frame":18,"values":[0.9528,0.0371,-0.3014,0,-0.0071,0.995,0.1,0,-0.3035,0.0931,-0.9483,0,-8.3068,180.3118,0.6037,1]}],"loopBehavior":1,"name":"anim","property":"_matrix"}},
{"name":"mixamorig:Spine","index":1,"matrix":[0.998,-0.0366,-0.0517,0,0.0498,0.9579,0.2826,0,0.0391,-0.2846,0.9578,0,0.0062,19.525,-2.4818,1],"rest":[1,0,0,0,0,1,0,0,0,0,1,0,0.0062,19.525,-2.4818,1],"parentBoneIndex":0,"length":23.0091
,"animation":{"dataType":3,"framePerSecond":24,"keys":[
{"frame":1,"values":[0.998,-0.0366,-0.0517,0,0.0498,0.9579,0.2826,0,0.0391,-0.2846,0.9578,0,0.0062,19.525,-2.4818,1]},
{"frame":2,"values":[0.9989,-0.0427,-0.0174,0,0.046,0.9564,0.2884,0,0.0044,-0.2889,0.9574,0,0.0062,19.525,-2.4818,1]},
{"frame":3,"values":[0.9985,-0.0502,0.0198,0,0.043,0.9624,0.2682,0,-0.0325,-0.2669,0.9632,0,0.0062,19.525,-2.4818,1]},
{"frame":4,"values":[0.9978,-0.0468,0.0461,0,0.0345,0.9705,0.2388,0,-0.0559,-0.2367,0.97,0,0.0062,19.525,-2.4818,1]},
{"frame":5,"values":[0.9973,-0.0394,0.0617,0,0.0241,0.9726,0.231,0,-0.0691,-0.2289,0.971,0,0.0062,19.525,-2.4818,1]},
{"frame":6,"values":[0.9975,-0.0376,0.0605,0,0.022,0.9704,0.2404,0,-0.0677,-0.2385,0.9688,0,0.0062,19.525,-2.4818,1]},
{"frame":7,"values":[0.9987,-0.0412,0.0314,0,0.0318,0.9658,0.2573,0,-0.041,-0.2559,0.9658,0,0.0062,19.525,-2.4818,1]},
{"frame":8,"values":[0.9991,-0.0432,0.0024,0,0.0409,0.9609,0.274,0,-0.0141,-0.2736,0.9617,0,0.0062,19.525,-2.4818,1]},
{"frame":9,"values":[0.999,-0.0347,-0.0267,0,0.0409,0.9574,0.286,0,0.0156,-0.2868,0.9579,0,0.0062,19.525,-2.4818,1]},
{"frame":10,"values":[0.9979,-0.0331,-0.0557,0,0.0471,0.961,0.2726,0,0.0445,-0.2746,0.9605,0,0.0062,19.525,-2.4818,1]},
{"frame":11,"values":[0.9958,-0.0345,-0.0847,0,0.0555,0.9643,0.259,0,0.0728,-0.2626,0.9622,0,0.0062,19.525,-2.4818,1]},
{"frame":12,"values":[0.9932,-0.0252,-0.1137,0,0.0526,0.9681,0.2451,0,0.1039,-0.2495,0.9628,0,0.0062,19.525,-2.4818,1]},
{"frame":13,"values":[0.9942,-0.0159,-0.1064,0,0.0404,0.9718,0.2322,0,0.0997,-0.2352,0.9668,0,0.0062,19.525,-2.4818,1]},
{"frame":14,"values":[0.9951,-0.0067,-0.0991,0,0.0307,0.9697,0.2423,0,0.0945,-0.2442,0.9651,0,0.0062,19.525,-2.4818,1]},
{"frame":15,"values":[0.9957,-0.0149,-0.0918,0,0.0377,0.9669,0.2524,0,0.085,-0.2547,0.9633,0,0.0062,19.525,-2.4818,1]},
{"frame":16,"values":[0.9962,-0.0231,-0.0845,0,0.0446,0.9639,0.2624,0,0.0754,-0.2652,0.9612,0,0.0062,19.525,-2.4818,1]},
{"frame":17,"values":[0.9965,-0.0315,-0.0773,0,0.0515,0.9608,0.2725,0,0.0657,-0.2755,0.959,0,0.0062,19.525,-2.4818,1]},
{"frame":18,"values":[0.998,-0.0366,-0.0517,0,0.0498,0.9579,0.2826,0,0.0391,-0.2846,0.9578,0,0.0062,19.525,-2.4818,1]}],"loopBehavior":1,"name":"anim","property":"_matrix"}},
{"name":"mixamorig:Spine1","index":2,"matrix":[0.9995,-0.0273,-0.0138,0,0.0279,0.9984,0.049,0,0.0125,-0.0494,0.9987,0,-0.0009,22.835,-2.8254,1],"rest":[1,0,0,0,0,1,0,0,0,0,1,0,-0.0009,22.835,-2.8254,1],"parentBoneIndex":1,"length":26.7438
,"animation":{"dataType":3,"framePerSecond":24,"keys":[
{"frame":1,"values":[0.9995,-0.0273,-0.0138,0,0.0279,0.9984,0.049,0,0.0125,-0.0494,0.9987,0,-0.0009,22.835,-2.8254,1]},
{"frame":2,"values":[0.9996,-0.0287,-0.0042,0,0.0288,0.9985,0.0464,0,0.0028,-0.0465,0.9989,0,-0.0009,22.835,-2.8254,1]},
{"frame":3,"values":[0.9997,-0.0214,0.0067,0,0.0211,0.9992,0.0332,0,-0.0074,-0.033,0.9994,0,-0.0009,22.835,-2.8254,1]},
{"frame":4,"values":[0.9998,-0.0157,0.0139,0,0.0153,0.9994,0.0298,0,-0.0144,-0.0296,0.9995,0,-0.0009,22.835,-2.8254,1]},
{"frame":5,"values":[0.9998,-0.0101,0.0178,0,0.0094,0.9992,0.0393,0,-0.0182,-0.0391,0.9991,0,-0.0009,22.835,-2.8254,1]},
{"frame":6,"values":[0.9998,-0.0045,0.0173,0,0.0038,0.999,0.0435,0,-0.0175,-0.0435,0.9989,0,-0.0009,22.835,-2.8254,1]},
{"frame":7,"values":[0.9999,-0.0045,0.0092,0,0.0041,0.9991,0.0433,0,-0.0094,-0.0433,0.999,0,-0.0009,22.835,-2.8254,1]},
{"frame":8,"values":[1,-0.0081,0.001,0,0.0081,0.9989,0.0464,0,-0.0014,-0.0464,0.9989,0,-0.0009,22.835,-2.8254,1]},
{"frame":9,"values":[0.9999,-0.0154,-0.0071,0,0.0157,0.9987,0.0493,0,0.0063,-0.0494,0.9988,0,-0.0009,22.835,-2.8254,1]},
{"frame":10,"values":[0.9997,-0.018,-0.0152,0,0.0188,0.9985,0.0505,0,0.0143,-0.0507,0.9986,0,-0.0009,22.835,-2.8254,1]},
{"frame":11,"values":[0.9995,-0.0206,-0.0233,0,0.0217,0.9987,0.0461,0,0.0223,-0.0465,0.9987,0,-0.0009,22.835,-2.8254,1]},
{"frame":12,"values":[0.9993,-0.0195,-0.0314,0,0.0208,0.9989,0.0417,0,0.0306,-0.0423,0.9986,0,-0.0009,22.835,-2.8254,1]},
{"frame":13,"values":[0.9993,-0.0221,-0.0294,0,0.0232,0.999,0.0373,0,0.0285,-0.0379,0.9989,0,-0.0009,22.835,-2.8254,1]},
{"frame":14,"values":[0.9993,-0.0248,-0.0273,0,0.0257,0.9991,0.0329,0,0.0265,-0.0336,0.9991,0,-0.0009,22.835,-2.8254,1]},
{"frame":15,"values":[0.9993,-0.0274,-0.0253,0,0.0283,0.9989,0.0365,0,0.0243,-0.0372,0.999,0,-0.0009,22.835,-2.8254,1]},
{"frame":16,"values":[0.9993,-0.03,-0.0233,0,0.0309,0.9987,0.0401,0,0.022,-0.0408,0.9989,0,-0.0009,22.835,-2.8254,1]},
{"frame":17,"values":[0.9994,-0.0271,-0.0212,0,0.028,0.9987,0.0438,0,0.02,-0.0443,0.9988,0,-0.0009,22.835,-2.8254,1]},
{"frame":18,"values":[0.9995,-0.0273,-0.0138,0,0.0279,0.9984,0.049,0,0.0125,-0.0494,0.9987,0,-0.0009,22.835,-2.8254,1]}],"loopBehavior":1,"name":"anim","property":"_matrix"}},
{"name":"mixamorig:Spine2","index":3,"matrix":[0.9995,-0.0275,-0.013,0,0.0282,0.9984,0.0491,0,0.0116,-0.0495,0.9987,0,-0.0206,26.5525,-3.1933,1],"rest":[1,0,0,0,0,1,0,0,0,0,1,0,-0.0206,26.5525,-3.1933,1],"parentBoneIndex":2,"length":24.825
,"animation":{"dataType":3,"framePerSecond":24,"keys":[
{"frame":1,"values":[0.9995,-0.0275,-0.013,0,0.0282,0.9984,0.0491,0,0.0116,-0.0495,0.9987,0,-0.0206,26.5525,-3.1933,1]},
{"frame":2,"values":[0.9996,-0.0287,-0.0033,0,0.0288,0.9985,0.0464,0,0.0019,-0.0465,0.9989,0,-0.0206,26.5525,-3.1933,1]},
{"frame":3,"values":[0.9997,-0.0212,0.0073,0,0.0209,0.9992,0.0332,0,-0.008,-0.033,0.9994,0,-0.0206,26.5525,-3.1933,1]},
{"frame":4,"values":[0.9998,-0.0155,0.0141,0,0.0151,0.9994,0.0298,0,-0.0145,-0.0296,0.9995,0,-0.0206,26.5525,-3.1933,1]},
{"frame":5,"values":[0.9998,-0.0099,0.0178,0,0.0092,0.9992,0.0393,0,-0.0182,-0.0391,0.9991,0,-0.0206,26.5525,-3.1933,1]},
{"frame":6,"values":[0.9998,-0.0043,0.0173,0,0.0035,0.999,0.0436,0,-0.0175,-0.0435,0.9989,0,-0.0206,26.5525,-3.1933,1]},
{"frame":7,"values":[0.9999,-0.0043,0.0093,0,0.0039,0.9991,0.0433,0,-0.0094,-0.0433,0.999,0,-0.0206,26.5525,-3.1933,1]},
{"frame":8,"values":[1,-0.0081,0.0012,0,0.008,0.9989,0.0464,0,-0.0016,-0.0464,0.9989,0,-0.0206,26.5525,-3.1933,1]},
{"frame":9,"values":[0.9999,-0.0156,-0.0068,0,0.0159,0.9987,0.0494,0,0.006,-0.0495,0.9988,0,-0.0206,26.5525,-3.1933,1]},
{"frame":10,"values":[0.9997,-0.0183,-0.0149,0,0.0191,0.9985,0.0506,0,0.0139,-0.0509,0.9986,0,-0.0206,26.5525,-3.1933,1]},
{"frame":11,"values":[0.9995,-0.0211,-0.0229,0,0.0221,0.9987,0.0462,0,0.0219,-0.0467,0.9987,0,-0.0206,26.5525,-3.1933,1]},
{"frame":12,"values":[0.9993,-0.02,-0.031,0,0.0213,0.9989,0.0419,0,0.0301,-0.0425,0.9986,0,-0.0206,26.5525,-3.1933,1]},
{"frame":13,"values":[0.9993,-0.0226,-0.0289,0,0.0237,0.999,0.0375,0,0.028,-0.0382,0.9989,0,-0.0206,26.5525,-3.1933,1]},
{"frame":14,"values":[0.9993,-0.0253,-0.0267,0,0.0261,0.9991,0.0332,0,0.0259,-0.0339,0.9991,0,-0.0206,26.5525,-3.1933,1]},
{"frame":15,"values":[0.9993,-0.0279,-0.0246,0,0.0288,0.9989,0.0368,0,0.0236,-0.0374,0.999,0,-0.0206,26.5525,-3.1933,1]},
{"frame":16,"values":[0.9993,-0.0305,-0.0225,0,0.0314,0.9987,0.0404,0,0.0213,-0.041,0.9989,0,-0.0206,26.5525,-3.1933,1]},
{"frame":17,"values":[0.9994,-0.0275,-0.0204,0,0.0283,0.9986,0.0439,0,0.0192,-0.0445,0.9988,0,-0.0206,26.5525,-3.1933,1]},
{"frame":18,"values":[0.9995,-0.0275,-0.013,0,0.0282,0.9984,0.0491,0,0.0116,-0.0495,0.9987,0,-0.0206,26.5525,-3.1933,1]}],"loopBehavior":1,"name":"anim","property":"_matrix"}},
{"name":"mixamorig:Neck","index":4,"matrix":[0.9974,0.0295,0.066,0,-0.025,0.9974,-0.068,0,-0.0678,0.0661,0.9955,0,-0.06,30.7018,1.3522,1],"rest":[1,0,0,0,0,1,0,0,0,0,1,0,-0.06,30.7018,1.3522,1],"parentBoneIndex":3,"length":22.8446
,"animation":{"dataType":3,"framePerSecond":24,"keys":[
{"frame":1,"values":[0.9974,0.0295,0.066,0,-0.025,0.9974,-0.068,0,-0.0678,0.0661,0.9955,0,-0.06,30.7019,1.3522,1]},
{"frame":2,"values":[0.9964,0.0487,0.0693,0,-0.0438,0.9966,-0.0702,0,-0.0725,0.0669,0.9951,0,-0.06,30.7018,1.3522,1]},
{"frame":3,"values":[0.9969,0.05,0.0601,0,-0.0462,0.997,-0.062,0,-0.063,0.0591,0.9963,0,-0.06,30.7018,1.3522,1]},
{"frame":4,"values":[0.9978,0.0453,0.0479,0,-0.0421,0.9969,-0.0666,0,-0.0508,0.0644,0.9966,0,-0.06,30.7019,1.3522,1]},
{"frame":5,"values":[0.998,0.0484,0.0398,0,-0.0452,0.996,-0.0772,0,-0.0434,0.0753,0.9962,0,-0.06,30.7018,1.3522,1]},
{"frame":6,"values":[0.9979,0.0517,0.0378,0,-0.0486,0.9956,-0.0804,0,-0.0417,0.0784,0.996,0,-0.06,30.7018,1.3522,1]},
{"frame":7,"values":[0.9981,0.0475,0.0397,0,-0.0441,0.9955,-0.0836,0,-0.0435,0.0817,0.9957,0,-0.06,30.7018,1.3522,1]},
{"frame":8,"values":[0.9982,0.0408,0.0437,0,-0.0367,0.9952,-0.0908,0,-0.0472,0.089,0.9949,0,-0.06,30.7018,1.3522,1]},
{"frame":9,"values":[0.9981,0.0383,0.0477,0,-0.0343,0.996,-0.0827,0,-0.0507,0.081,0.9954,0,-0.06,30.7018,1.3522,1]},
{"frame":10,"values":[0.9981,0.033,0.0519,0,-0.0291,0.9968,-0.0747,0,-0.0542,0.0731,0.9959,0,-0.06,30.7018,1.3522,1]},
{"frame":11,"values":[0.9981,0.0277,0.0559,0,-0.024,0.9975,-0.0667,0,-0.0576,0.0652,0.9962,0,-0.06,30.7018,1.3522,1]},
{"frame":12,"values":[0.998,0.0224,0.0599,0,-0.0189,0.9981,-0.0586,0,-0.0611,0.0573,0.9965,0,-0.06,30.7018,1.3522,1]},
{"frame":13,"values":[0.9978,0.017,0.0639,0,-0.0138,0.9986,-0.0505,0,-0.0647,0.0495,0.9967,0,-0.06,30.7018,1.3522,1]},
{"frame":14,"values":[0.9975,0.0205,0.068,0,-0.0176,0.9989,-0.0424,0,-0.0687,0.0411,0.9968,0,-0.06,30.7018,1.3522,1]},
{"frame":15,"values":[0.9971,0.0239,0.072,0,-0.0214,0.9992,-0.0344,0,-0.0728,0.0327,0.9968,0,-0.06,30.7018,1.3522,1]},
{"frame":16,"values":[0.9975,0.0208,0.0676,0,-0.0179,0.9989,-0.0441,0,-0.0684,0.0427,0.9967,0,-0.06,30.7018,1.3522,1]},
{"frame":17,"values":[0.9978,0.0177,0.0631,0,-0.0143,0.9985,-0.0538,0,-0.064,0.0527,0.9966,0,-0.06,30.7018,1.3522,1]},
{"frame":18,"values":[0.9974,0.0295,0.066,0,-0.025,0.9974,-0.068,0,-0.0678,0.0661,0.9955,0,-0.06,30.7018,1.3522,1]}],"loopBehavior":1,"name":"anim","property":"_matrix"}},
{"name":"mixamorig:Head","index":5,"matrix":[0.9379,0.1802,0.2965,0,-0.1026,0.9603,-0.2593,0,-0.3315,0.2128,0.9192,0,-0.0872,22.5476,3.6709,1],"rest":[1,0,0,0,0,1,0,0,0,0,1,0,-0.0872,22.5476,3.6709,1],"parentBoneIndex":4,"length":30.5924
,"animation":{"dataType":3,"framePerSecond":24,"keys":[
{"frame":1,"values":[0.9379,0.1802,0.2965,0,-0.1026,0.9603,-0.2593,0,-0.3315,0.2128,0.9192,0,-0.0872,22.5476,3.6709,1]},
{"frame":2,"values":[0.9377,0.1815,0.2964,0,-0.1045,0.9606,-0.2574,0,-0.3315,0.2104,0.9197,0,-0.0872,22.5476,3.6709,1]},
{"frame":3,"values":[0.954,0.1613,0.2526,0,-0.1021,0.9673,-0.2321,0,-0.2818,0.1956,0.9393,0,-0.0872,22.5477,3.6709,1]},
{"frame":4,"values":[0.9692,0.1468,0.1978,0,-0.1016,0.9697,-0.222,0,-0.2244,0.1951,0.9548,0,-0.0872,22.5476,3.6709,1]},
{"frame":5,"values":[0.9791,0.1311,0.1557,0,-0.0916,0.9668,-0.2385,0,-0.1818,0.2193,0.9586,0,-0.0872,22.5476,3.6709,1]},
{"frame":6,"values":[0.9811,0.1309,0.1425,0,-0.0918,0.9632,-0.2527,0,-0.1704,0.2349,0.957,0,-0.0872,22.5476,3.6709,1]},
{"frame":7,"values":[0.9774,0.1336,0.1639,0,-0.0868,0.9603,-0.2653,0,-0.1929,0.245,0.9501,0,-0.0872,22.5476,3.6709,1]},
{"frame":8,"values":[0.9726,0.1404,0.1853,0,-0.0853,0.957,-0.2772,0,-0.2162,0.2538,0.9428,0,-0.0872,22.5476,3.6709,1]},
{"frame":9,"values":[0.9674,0.1466,0.2065,0,-0.0829,0.9538,-0.2889,0,-0.2394,0.2624,0.9348,0,-0.0872,22.5476,3.6709,1]},
{"frame":10,"values":[0.9622,0.1491,0.2277,0,-0.0841,0.9585,-0.2722,0,-0.2589,0.2428,0.9349,0,-0.0872,22.5476,3.6709,1]},
{"frame":11,"values":[0.9578,0.1439,0.2488,0,-0.0784,0.9636,-0.2555,0,-0.2765,0.2252,0.9343,0,-0.0872,22.5476,3.6709,1]},
{"frame":12,"values":[0.9513,0.1492,0.2696,0,-0.084,0.9674,-0.2387,0,-0.2965,0.2045,0.9329,0,-0.0872,22.5476,3.6709,1]},
{"frame":13,"values":[0.9444,0.1539,0.2905,0,-0.0899,0.9709,-0.222,0,-0.3162,0.1836,0.9308,0,-0.0872,22.5477,3.6709,1]},
{"frame":14,"values":[0.937,0.1587,0.3112,0,-0.0884,0.9696,-0.2282,0,-0.3379,0.1863,0.9225,0,-0.0872,22.5476,3.6709,1]},
{"frame":15,"values":[0.9309,0.153,0.3317,0,-0.0759,0.9692,-0.2342,0,-0.3573,0.1928,0.9139,0,-0.0872,22.5476,3.6709,1]},
{"frame":16,"values":[0.9358,0.1623,0.3131,0,-0.086,0.9661,-0.2435,0,-0.342,0.201,0.918,0,-0.0872,22.5476,3.6709,1]},
{"frame":17,"values":[0.9402,0.1713,0.2943,0,-0.0963,0.9627,-0.2527,0,-0.3266,0.2092,0.9217,0,-0.0872,22.5476,3.6709,1]},
{"frame":18,"values":[0.9379,0.1802,0.2965,0,-0.1026,0.9603,-0.2593,0,-0.3315,0.2128,0.9192,0,-0.0872,22.5476,3.6709,1]}],"loopBehavior":1,"name":"anim","property":"_matrix"}},
{"name":"mixamorig:HeadTop_End","index":6,"matrix":[1,0,0,0,0,1,0,0,0,0,1,0,-0.8306,40.3552,7.8935,1],"rest":[1,0,0,0,0,1,0,0,0,0,1,0,-0.8306,40.3552,7.8935,1],"parentBoneIndex":5,"length":30.5924
,"animation":{"dataType":3,"framePerSecond":24,"keys":[
{"frame":1,"values":[1,0,0,0,0,1,0,0,0,0,1,0,-0.8306,40.3552,7.8935,1]},
{"frame":18,"values":[1,0,0,0,0,1,0,0,0,0,1,0,-0.8306,40.3552,7.8935,1]}],"loopBehavior":1,"name":"anim","property":"_matrix"}},
{"name":"mixamorig:RightEye","index":7,"matrix":[1,0,0,0,0,1,0,0,0,0,1,0,-6.3021,18.1186,16.1971,1],"rest":[1,0,0,0,0,1,0,0,0,0,1,0,-6.3021,18.1186,16.1971,1],"parentBoneIndex":5,"length":30.5924
,"animation":{"dataType":3,"framePerSecond":24,"keys":[
{"frame":1,"values":[1,0,0,0,0,1,0,0,0,0,1,0,-6.3021,18.1186,16.1971,1]},
{"frame":4,"values":[1,0,0,0,0,1,0,0,0,0,1,0,-6.3021,18.1185,16.1971,1]},
{"frame":5,"values":[1,0,0,0,0,1,0,0,0,0,1,0,-6.3021,18.1186,16.1971,1]},
{"frame":18,"values":[1,0,0,0,0,1,0,0,0,0,1,0,-6.3021,18.1186,16.1971,1]}],"loopBehavior":1,"name":"anim","property":"_matrix"}},
{"name":"mixamorig:LeftEye","index":8,"matrix":[1,0,0,0,0,1,0,0,0,0,1,0,6.7415,18.3827,16.4019,1],"rest":[1,0,0,0,0,1,0,0,0,0,1,0,6.7415,18.3827,16.4019,1],"parentBoneIndex":5,"length":30.5924
,"animation":{"dataType":3,"framePerSecond":24,"keys":[
{"frame":1,"values":[1,0,0,0,0,1,0,0,0,0,1,0,6.7415,18.3827,16.4019,1]},
{"frame":4,"values":[1,0,0,0,0,1,0,0,0,0,1,0,6.7415,18.3826,16.4019,1]},
{"frame":5,"values":[1,0,0,0,0,1,0,0,0,0,1,0,6.7415,18.3827,16.4019,1]},
{"frame":18,"values":[1,0,0,0,0,1,0,0,0,0,1,0,6.7415,18.3827,16.4019,1]}],"loopBehavior":1,"name":"anim","property":"_matrix"}},
{"name":"mixamorig:LeftShoulder","index":9,"matrix":[0.9917,0.0016,-0.1287,0,-0.0033,0.9999,-0.013,0,0.1287,0.0133,0.9916,0,11.9249,18.2305,1.4254,1],"rest":[1,0.0062,0,0,-0.0062,1,0,0,0,0,1,0,11.9249,18.2305,1.4254,1],"parentBoneIndex":3,"length":25.9773
,"animation":{"dataType":3,"framePerSecond":24,"keys":[
{"frame":1,"values":[0.9917,0.0016,-0.1287,0,-0.0033,0.9999,-0.013,0,0.1287,0.0133,0.9916,0,11.9249,18.2305,1.4254,1]},
{"frame":2,"values":[0.9912,0.0167,-0.1317,0,-0.0186,0.9997,-0.0135,0,0.1314,0.0159,0.9912,0,11.9249,18.2305,1.4254,1]},
{"frame":3,"values":[0.9902,0.0187,-0.1387,0,-0.0208,0.9997,-0.0141,0,0.1384,0.0168,0.9902,0,11.9249,18.2305,1.4254,1]},
{"frame":4,"values":[0.9893,0.0035,-0.1462,0,-0.0059,0.9999,-0.0161,0,0.1461,0.0168,0.9891,0,11.9249,18.2305,1.4254,1]},
{"frame":5,"values":[0.9891,-0.0079,-0.1472,0,0.0056,0.9998,-0.0165,0,0.1473,0.0155,0.989,0,11.9249,18.2305,1.4254,1]},
{"frame":6,"values":[0.9894,-0.006,-0.1449,0,0.0038,0.9999,-0.0156,0,0.145,0.0148,0.9893,0,11.9249,18.2305,1.4254,1]},
{"frame":7,"values":[0.9904,-0.0051,-0.1381,0,0.003,0.9999,-0.0153,0,0.1382,0.0148,0.9903,0,11.9249,18.2305,1.4254,1]},
{"frame":8,"values":[0.9913,-0.0106,-0.1312,0,0.0087,0.9998,-0.0151,0,0.1314,0.0138,0.9912,0,11.9249,18.2305,1.4254,1]},
{"frame":9,"values":[0.9921,-0.0136,-0.1244,0,0.0118,0.9998,-0.0149,0,0.1246,0.0133,0.9921,0,11.9249,18.2305,1.4254,1]},
{"frame":10,"values":[0.993,-0.0085,-0.1175,0,0.0068,0.9999,-0.0146,0,0.1176,0.0137,0.993,0,11.9249,18.2305,1.4254,1]},
{"frame":11,"values":[0.9939,-0.0034,-0.1107,0,0.0018,0.9999,-0.0144,0,0.1107,0.0141,0.9938,0,11.9249,18.2305,1.4254,1]},
{"frame":12,"values":[0.9946,0.0018,-0.1038,0,-0.003,0.9999,-0.0112,0,0.1038,0.0115,0.9945,0,11.9249,18.2305,1.4254,1]},
{"frame":13,"values":[0.9953,0.0069,-0.0969,0,-0.0077,0.9999,-0.0081,0,0.0969,0.0088,0.9953,0,11.9249,18.2305,1.4254,1]},
{"frame":14,"values":[0.9948,0.012,-0.1007,0,-0.0123,0.9999,-0.0021,0,0.1007,0.0034,0.9949,0,11.9249,18.2305,1.4254,1]},
{"frame":15,"values":[0.9942,0.0235,-0.1045,0,-0.0239,0.9997,-0.0028,0,0.1044,0.0053,0.9945,0,11.9249,18.2305,1.4254,1]},
{"frame":16,"values":[0.994,0.0132,-0.1083,0,-0.0137,0.9999,-0.0034,0,0.1082,0.0049,0.9941,0,11.9249,18.2305,1.4254,1]},
{"frame":17,"values":[0.9937,0.003,-0.112,0,-0.0042,0.9999,-0.0104,0,0.112,0.0108,0.9937,0,11.9249,18.2305,1.4254,1]},
{"frame":18,"values":[0.9917,0.0016,-0.1287,0,-0.0033,0.9999,-0.013,0,0.1287,0.0133,0.9916,0,11.9249,18.2305,1.4254,1]}],"loopBehavior":1,"name":"anim","property":"_matrix"}},
{"name":"mixamorig:LeftArm","index":10,"matrix":[0.5423,-0.8363,0.0802,0,0.7633,0.5303,0.369,0,-0.3512,-0.1389,0.9259,0,25.4312,-0.8546,-5.2293,1],"rest":[0.9983,0.0295,0.0512,0,-0.0294,0.9996,-0.0017,0,-0.0512,0.0002,0.9987,0,25.4312,-0.8546,-5.2293,1],"parentBoneIndex":9,"length":54.6848
,"animation":{"dataType":3,"framePerSecond":24,"keys":[
{"frame":1,"values":[0.5423,-0.8363,0.0802,0,0.7633,0.5303,0.369,0,-0.3512,-0.1389,0.9259,0,25.4312,-0.8547,-5.2293,1]},
{"frame":2,"values":[0.5125,-0.8439,0.1587,0,0.7673,0.533,0.3565,0,-0.3855,-0.0609,0.9207,0,25.4312,-0.8547,-5.2293,1]},
{"frame":3,"values":[0.4934,-0.8445,0.2083,0,0.7596,0.535,0.3697,0,-0.4237,-0.0242,0.9055,0,25.4312,-0.8547,-5.2293,1]},
{"frame":4,"values":[0.4972,-0.83,0.2529,0,0.7504,0.5577,0.3549,0,-0.4356,0.0133,0.9001,0,25.4312,-0.8546,-5.2293,1]},
{"frame":5,"values":[0.5206,-0.7989,0.3012,0,0.7369,0.5986,0.314,0,-0.4312,0.0585,0.9004,0,25.4312,-0.8547,-5.2293,1]},
{"frame":6,"values":[0.5342,-0.7814,0.3225,0,0.7335,0.6181,0.2828,0,-0.4204,0.0855,0.9033,0,25.4312,-0.8546,-5.2293,1]},
{"frame":7,"values":[0.5317,-0.7903,0.3046,0,0.7363,0.609,0.2949,0,-0.4185,0.0675,0.9057,0,25.4312,-0.8546,-5.2293,1]},
{"frame":8,"values":[0.5288,-0.8074,0.2616,0,0.7226,0.59,0.3602,0,-0.4452,-0.0014,0.8954,0,25.4312,-0.8547,-5.2293,1]},
{"frame":9,"values":[0.5393,-0.8225,0.1807,0,0.6947,0.5558,0.4566,0,-0.476,-0.1207,0.8711,0,25.4312,-0.8546,-5.2293,1]},
{"frame":10,"values":[0.5632,-0.8245,0.0548,0,0.6769,0.4984,0.5417,0,-0.474,-0.268,0.8388,0,25.4312,-0.8546,-5.2293,1]},
{"frame":11,"values":[0.577,-0.8158,-0.039,0,0.6735,0.4483,0.5877,0,-0.462,-0.3653,0.8082,0,25.4312,-0.8547,-5.2293,1]},
{"frame":12,"values":[0.5899,-0.7967,-0.1313,0,0.6714,0.3936,0.628,0,-0.4486,-0.4586,0.7671,0,25.4312,-0.8546,-5.2293,1]},
{"frame":13,"values":[0.5898,-0.7922,-0.157,0,0.7007,0.4053,0.5872,0,-0.4015,-0.4563,0.7941,0,25.4312,-0.8546,-5.2293,1]},
{"frame":14,"values":[0.5882,-0.7878,-0.1827,0,0.7276,0.417,0.5447,0,-0.3529,-0.4534,0.8185,0,25.4312,-0.8547,-5.2293,1]},
{"frame":15,"values":[0.5852,-0.7836,-0.2083,0,0.752,0.4285,0.5008,0,-0.3032,-0.4498,0.8401,0,25.4312,-0.8546,-5.2293,1]},
{"frame":16,"values":[0.5803,-0.8068,-0.111,0,0.7484,0.4746,0.4633,0,-0.3211,-0.3519,0.8793,0,25.4312,-0.8547,-5.2293,1]},
{"frame":17,"values":[0.5735,-0.8191,-0.0117,0,0.7459,0.5163,0.4208,0,-0.3386,-0.2501,0.9071,0,25.4312,-0.8546,-5.2293,1]},
{"frame":18,"values":[0.5423,-0.8363,0.0802,0,0.7633,0.5303,0.369,0,-0.3512,-0.1389,0.9259,0,25.4312,-0.8546,-5.2293,1]}],"loopBehavior":1,"name":"anim","property":"_matrix"}},
{"name":"mixamorig:LeftForeArm","index":11,"matrix":[0.3846,0.0131,0.923,0,0.0253,0.9994,-0.0247,0,-0.9227,0.0328,0.384,0,54.5783,-1.9463,-2.8009,1],"rest":[0.9943,-0.0088,-0.1062,0,0.0091,1,0.0028,0,0.1061,-0.0038,0.9943,0,54.5783,-1.9463,-2.8009,1],"parentBoneIndex":10,"length":55.0982
,"animation":{"dataType":3,"framePerSecond":24,"keys":[
{"frame":1,"values":[0.3846,0.0131,0.923,0,0.0253,0.9994,-0.0247,0,-0.9227,0.0328,0.384,0,54.5783,-1.9463,-2.8009,1]},
{"frame":2,"values":[0.3237,0.0153,0.946,0,0.0269,0.9993,-0.0253,0,-0.9458,0.0336,0.323,0,54.5783,-1.9463,-2.8009,1]},
{"frame":3,"values":[0.2546,0.0177,0.9669,0,0.0287,0.9993,-0.0259,0,-0.9666,0.0344,0.2539,0,54.5783,-1.9463,-2.8009,1]},
{"frame":4,"values":[0.1753,0.0206,0.9843,0,0.0308,0.9992,-0.0264,0,-0.984,0.035,0.1746,0,54.5783,-1.9463,-2.8009,1]},
{"frame":5,"values":[0.1019,0.0232,0.9945,0,0.0328,0.9991,-0.0266,0,-0.9943,0.0353,0.101,0,54.5783,-1.9463,-2.8009,1]},
{"frame":6,"values":[0.0939,0.0235,0.9953,0,0.033,0.9991,-0.0267,0,-0.995,0.0354,0.0931,0,54.5783,-1.9462,-2.8009,1]},
{"frame":7,"values":[0.1317,0.0168,0.9911,0,0.0319,0.9993,-0.0212,0,-0.9908,0.0344,0.1311,0,54.5783,-1.9463,-2.8009,1]},
{"frame":8,"values":[0.1683,0.0098,0.9857,0,0.0303,0.9994,-0.0151,0,-0.9853,0.0325,0.1679,0,54.5783,-1.9463,-2.8009,1]},
{"frame":9,"values":[0.2041,0.0063,0.9789,0,0.0508,0.9986,-0.0171,0,-0.9776,0.0532,0.2035,0,54.5783,-1.9463,-2.8009,1]},
{"frame":10,"values":[0.2394,0.0062,0.9709,0,0.0477,0.9987,-0.0182,0,-0.9697,0.0507,0.2388,0,54.5783,-1.9463,-2.8009,1]},
{"frame":11,"values":[0.2745,0.0062,0.9616,0,0.0445,0.9988,-0.0192,0,-0.9606,0.0481,0.2739,0,54.5783,-1.9463,-2.8009,1]},
{"frame":12,"values":[0.3091,0.0063,0.951,0,0.0413,0.9989,-0.02,0,-0.9501,0.0455,0.3085,0,54.5783,-1.9463,-2.8009,1]},
{"frame":13,"values":[0.3434,0.0064,0.9392,0,0.0381,0.9991,-0.0208,0,-0.9384,0.0429,0.3428,0,54.5783,-1.9463,-2.8009,1]},
{"frame":14,"values":[0.3771,0.0096,0.9261,0,0.0253,0.9995,-0.0206,0,-0.9258,0.0312,0.3766,0,54.5783,-1.9463,-2.8009,1]},
{"frame":15,"values":[0.4104,0.0108,0.9119,0,0.028,0.9993,-0.0244,0,-0.9115,0.0355,0.4098,0,54.5783,-1.9463,-2.8009,1]},
{"frame":16,"values":[0.4158,0.0113,0.9094,0,0.0264,0.9994,-0.0245,0,-0.9091,0.0342,0.4152,0,54.5783,-1.9463,-2.8009,1]},
{"frame":17,"values":[0.4211,0.0118,0.9069,0,0.0243,0.9994,-0.0243,0,-0.9067,0.0322,0.4206,0,54.5783,-1.9463,-2.8009,1]},
{"frame":18,"values":[0.3846,0.0131,0.923,0,0.0253,0.9994,-0.0247,0,-0.9227,0.0328,0.384,0,54.5783,-1.9463,-2.8009,1]}],"loopBehavior":1,"name":"anim","property":"_matrix"}},
{"name":"mixamorig:LeftHand","index":12,"matrix":[0.982,0.1763,-0.0674,0,-0.17,0.9813,0.0898,0,0.082,-0.0767,0.9937,0,54.9948,-1.4671,3.0376,1],"rest":[0.9961,0.088,0.001,0,-0.0871,0.9842,0.154,0,0.0125,-0.1535,0.9881,0,54.9948,-1.4671,3.0376,1],"parentBoneIndex":11,"length":20.3347
,"animation":{"dataType":3,"framePerSecond":24,"keys":[
{"frame":1,"values":[0.982,0.1763,-0.0674,0,-0.17,0.9813,0.0898,0,0.082,-0.0767,0.9937,0,54.9948,-1.4671,3.0376,1]},
{"frame":2,"values":[0.9689,0.2358,-0.0746,0,-0.2207,0.9605,0.1692,0,0.1115,-0.1475,0.9828,0,54.9948,-1.4671,3.0376,1]},
{"frame":3,"values":[0.9672,0.2423,-0.076,0,-0.2154,0.9412,0.2603,0,0.1346,-0.2354,0.9625,0,54.9948,-1.4671,3.0376,1]},
{"frame":4,"values":[0.9794,0.1964,-0.0457,0,-0.1709,0.9288,0.3287,0,0.107,-0.3141,0.9433,0,54.9948,-1.4671,3.0376,1]},
{"frame":5,"values":[0.9915,0.1256,-0.0327,0,-0.1053,0.926,0.3626,0,0.0758,-0.3561,0.9314,0,54.9948,-1.4671,3.0376,1]},
{"frame":6,"values":[0.9947,0.0996,-0.0259,0,-0.0835,0.9284,0.3621,0,0.0601,-0.358,0.9318,0,54.9948,-1.4671,3.0376,1]},
{"frame":7,"values":[0.9881,0.1537,-0.0103,0,-0.1399,0.9238,0.3564,0,0.0643,-0.3507,0.9343,0,54.9948,-1.4671,3.0376,1]},
{"frame":8,"values":[0.9849,0.1732,0.0008,0,-0.1662,0.9434,0.2869,0,0.0489,-0.2827,0.958,0,54.9948,-1.4671,3.0376,1]},
{"frame":9,"values":[0.981,0.1935,0.0106,0,-0.1912,0.9576,0.2153,0,0.0315,-0.2133,0.9765,0,54.9948,-1.4671,3.0376,1]},
{"frame":10,"values":[0.9766,0.2143,0.0188,0,-0.2148,0.9662,0.1424,0,0.0124,-0.1431,0.9896,0,54.9948,-1.4671,3.0376,1]},
{"frame":11,"values":[0.9716,0.2355,0.0253,0,-0.2367,0.9692,0.0687,0,-0.0084,-0.0728,0.9973,0,54.9948,-1.4671,3.0376,1]},
{"frame":12,"values":[0.9758,0.2176,0.0233,0,-0.2188,0.973,0.0732,0,-0.0067,-0.0766,0.997,0,54.9948,-1.4671,3.0376,1]},
{"frame":13,"values":[0.9796,0.1997,0.0212,0,-0.2008,0.9765,0.0777,0,-0.0052,-0.0804,0.9968,0,54.9948,-1.4671,3.0376,1]},
{"frame":14,"values":[0.9832,0.1818,0.0191,0,-0.1827,0.9797,0.0821,0,-0.0037,-0.0842,0.9964,0,54.9948,-1.4671,3.0376,1]},
{"frame":15,"values":[0.9864,0.1638,0.0168,0,-0.1646,0.9826,0.0865,0,-0.0023,-0.0881,0.9961,0,54.9948,-1.4671,3.0376,1]},
{"frame":16,"values":[0.9887,0.1492,-0.0172,0,-0.1477,0.9865,0.0709,0,0.0276,-0.0675,0.9973,0,54.9948,-1.4671,3.0376,1]},
{"frame":17,"values":[0.9897,0.134,-0.051,0,-0.1312,0.9899,0.0547,0,0.0578,-0.0474,0.9972,0,54.9948,-1.4671,3.0376,1]},
{"frame":18,"values":[0.982,0.1763,-0.0674,0,-0.17,0.9813,0.0898,0,0.082,-0.0767,0.9937,0,54.9948,-1.4671,3.0376,1]}],"loopBehavior":1,"name":"anim","property":"_matrix"}},
{"name":"mixamorig:LeftHandMiddle1","index":13,"matrix":[0.8981,-0.4364,0.0541,0,0.4354,0.8997,0.0301,0,-0.0619,-0.0035,0.9981,0,23.1821,-2.445,1.6605,1],"rest":[0.9974,-0.0561,0.045,0,0.0561,0.9984,0.0005,0,-0.045,0.002,0.999,0,23.1821,-2.445,1.6605,1],"parentBoneIndex":12,"length":6.3787
,"animation":{"dataType":3,"framePerSecond":24,"keys":[
{"frame":1,"values":[0.8981,-0.4364,0.0541,0,0.4354,0.8997,0.0301,0,-0.0619,-0.0035,0.9981,0,23.1821,-2.445,1.6605,1]},
{"frame":18,"values":[0.8981,-0.4364,0.0541,0,0.4354,0.8997,0.0301,0,-0.0619,-0.0035,0.9981,0,23.1821,-2.445,1.6605,1]}],"loopBehavior":1,"name":"anim","property":"_matrix"}},
{"name":"mixamorig:LeftHandMiddle2","index":14,"matrix":[0.986,-0.1666,0.0071,0,0.1665,0.986,0.0045,0,-0.0078,-0.0032,1,0,6.3689,-0.3109,0.167,1],"rest":[0.991,0.1341,-0.0042,0,-0.1342,0.991,-0.0031,0,0.0038,0.0036,1,0,6.3689,-0.3109,0.167,1],"parentBoneIndex":13,"length":6.1483
,"animation":{"dataType":3,"framePerSecond":24,"keys":[
{"frame":1,"values":[0.986,-0.1666,0.0071,0,0.1665,0.986,0.0045,0,-0.0078,-0.0032,1,0,6.3689,-0.3109,0.167,1]},
{"frame":18,"values":[0.986,-0.1666,0.0071,0,0.1665,0.986,0.0045,0,-0.0078,-0.0032,1,0,6.3689,-0.3109,0.167,1]}],"loopBehavior":1,"name":"anim","property":"_matrix"}},
{"name":"mixamorig:LeftHandMiddle3","index":15,"matrix":[0.9879,-0.155,0.0016,0,0.155,0.9879,0.0048,0,-0.0024,-0.0045,1,0,6.0425,-1.121,0.183,1],"rest":[1,-0.0048,-0.0038,0,0.0048,1,0.0008,0,0.0038,-0.0009,1,0,6.0425,-1.121,0.183,1],"parentBoneIndex":14,"length":6.5825
,"animation":{"dataType":3,"framePerSecond":24,"keys":[
{"frame":1,"values":[0.9879,-0.155,0.0016,0,0.155,0.9879,0.0048,0,-0.0024,-0.0045,1,0,6.0425,-1.121,0.183,1]},
{"frame":18,"values":[0.9879,-0.155,0.0016,0,0.155,0.9879,0.0048,0,-0.0024,-0.0045,1,0,6.0425,-1.121,0.183,1]}],"loopBehavior":1,"name":"anim","property":"_matrix"}},
{"name":"mixamorig:LeftHandMiddle4","index":16,"matrix":[1,0,0,0,0,1,0,0,0,0,1,0,6.4741,-1.1689,0.2214,1],"rest":[1,0,0,0,0,1,0,0,0,0,1,0,6.4741,-1.1689,0.2214,1],"parentBoneIndex":15,"length":6.5825
,"animation":{"dataType":3,"framePerSecond":24,"keys":[
{"frame":1,"values":[1,0,0,0,0,1,0,0,0,0,1,0,6.4741,-1.1689,0.2214,1]},
{"frame":18,"values":[1,0,0,0,0,1,0,0,0,0,1,0,6.4741,-1.1689,0.2214,1]}],"loopBehavior":1,"name":"anim","property":"_matrix"}},
{"name":"mixamorig:LeftHandThumb1","index":17,"matrix":[0.9829,0.0188,-0.1833,0,0.04,0.9493,0.3118,0,0.1799,-0.3138,0.9323,0,6.4451,-3.6637,6.4601,1],"rest":[0.993,-0.1184,-0.0054,0,0.1183,0.9883,0.0962,0,-0.006,-0.0961,0.9953,0,6.4451,-3.6637,6.4601,1],"parentBoneIndex":12,"length":8.4798
,"animation":{"dataType":3,"framePerSecond":24,"keys":[
{"frame":1,"values":[0.9829,0.0188,-0.1833,0,0.04,0.9493,0.3118,0,0.1799,-0.3138,0.9323,0,6.4451,-3.6637,6.4601,1]},
{"frame":18,"values":[0.9829,0.0188,-0.1833,0,0.04,0.9493,0.3118,0,0.1799,-0.3138,0.9323,0,6.4451,-3.6637,6.4601,1]}],"loopBehavior":1,"name":"anim","property":"_matrix"}},
{"name":"mixamorig:LeftHandThumb2","index":18,"matrix":[0.9983,0.0484,-0.0322,0,-0.049,0.9986,-0.0194,0,0.0312,0.021,0.9993,0,6.2606,-2.6017,5.0935,1],"rest":[0.9927,0.0626,0.1035,0,-0.0529,0.9941,-0.0942,0,-0.1088,0.088,0.9902,0,6.2606,-2.6017,5.0935,1],"parentBoneIndex":17,"length":7.8274
,"animation":{"dataType":3,"framePerSecond":24,"keys":[
{"frame":1,"values":[0.9983,0.0484,-0.0322,0,-0.049,0.9986,-0.0194,0,0.0312,0.021,0.9993,0,6.2606,-2.6017,5.0935,1]},
{"frame":18,"values":[0.9983,0.0484,-0.0322,0,-0.049,0.9986,-0.0194,0,0.0312,0.021,0.9993,0,6.2606,-2.6017,5.0935,1]}],"loopBehavior":1,"name":"anim","property":"_matrix"}},
{"name":"mixamorig:LeftHandThumb3","index":19,"matrix":[0.9981,-0.0168,-0.0585,0,0.0191,0.9991,0.0384,0,0.0578,-0.0394,0.9976,0,6.0726,-3.1361,3.8153,1],"rest":[0.9981,-0.0559,-0.0241,0,0.057,0.9973,0.0466,0,0.0214,-0.0479,0.9986,0,6.0726,-3.1361,3.8153,1],"parentBoneIndex":18,"length":6.188
,"animation":{"dataType":3,"framePerSecond":24,"keys":[
{"frame":1,"values":[0.9981,-0.0168,-0.0585,0,0.0191,0.9991,0.0384,0,0.0578,-0.0394,0.9976,0,6.0726,-3.1361,3.8153,1]},
{"frame":18,"values":[0.9981,-0.0168,-0.0585,0,0.0191,0.9991,0.0384,0,0.0578,-0.0394,0.9976,0,6.0726,-3.1361,3.8153,1]}],"loopBehavior":1,"name":"anim","property":"_matrix"}},
{"name":"mixamorig:LeftHandThumb4","index":20,"matrix":[1,0,0,0,0,1,0,0,0,0,1,0,4.8579,-2.0584,3.2334,1],"rest":[1,0,0,0,0,1,0,0,0,0,1,0,4.8579,-2.0584,3.2334,1],"parentBoneIndex":19,"length":6.188
,"animation":{"dataType":3,"framePerSecond":24,"keys":[
{"frame":1,"values":[1,0,0,0,0,1,0,0,0,0,1,0,4.8579,-2.0584,3.2334,1]},
{"frame":18,"values":[1,0,0,0,0,1,0,0,0,0,1,0,4.8579,-2.0584,3.2334,1]}],"loopBehavior":1,"name":"anim","property":"_matrix"}},
{"name":"mixamorig:LeftHandIndex1","index":21,"matrix":[0.9487,-0.3072,0.0752,0,0.3071,0.9516,0.0129,0,-0.0756,0.0109,0.9971,0,22.612,-1.921,6.6099,1],"rest":[0.9946,0.0835,0.0621,0,-0.0827,0.9965,-0.0152,0,-0.0631,0.0099,0.998,0,22.612,-1.921,6.6099,1],"parentBoneIndex":12,"length":6.2269
,"animation":{"dataType":3,"framePerSecond":24,"keys":[
{"frame":1,"values":[0.9487,-0.3072,0.0752,0,0.3071,0.9516,0.0129,0,-0.0756,0.0109,0.9971,0,22.612,-1.921,6.6099,1]},
{"frame":18,"values":[0.9487,-0.3072,0.0752,0,0.3071,0.9516,0.0129,0,-0.0756,0.0109,0.9971,0,22.612,-1.921,6.6099,1]}],"loopBehavior":1,"name":"anim","property":"_matrix"}},
{"name":"mixamorig:LeftHandIndex2","index":22,"matrix":[0.9631,-0.2678,0.0247,0,0.268,0.9634,-0.0018,0,-0.0233,0.0084,0.9997,0,6.1164,-1.1669,0.0451,1],"rest":[0.9994,0.0305,0.0153,0,-0.0305,0.9995,-0.0034,0,-0.0154,0.0029,0.9999,0,6.1164,-1.1669,0.0451,1],"parentBoneIndex":21,"length":6.0943
,"animation":{"dataType":3,"framePerSecond":24,"keys":[
{"frame":1,"values":[0.9631,-0.2678,0.0247,0,0.268,0.9634,-0.0018,0,-0.0233,0.0084,0.9997,0,6.1164,-1.1669,0.0451,1]},
{"frame":18,"values":[0.9631,-0.2678,0.0247,0,0.268,0.9634,-0.0018,0,-0.0233,0.0084,0.9997,0,6.1164,-1.1669,0.0451,1]}],"loopBehavior":1,"name":"anim","property":"_matrix"}},
{"name":"mixamorig:LeftHandIndex3","index":23,"matrix":[0.9943,-0.1062,-0.0036,0,0.1062,0.9943,0.0002,0,0.0035,-0.0006,1,0,5.9485,-1.3242,-0.0511,1],"rest":[0.999,0.0444,-0.0079,0,-0.0444,0.999,0.0023,0,0.008,-0.002,1,0,5.9485,-1.3242,-0.0511,1],"parentBoneIndex":22,"length":5.4826
,"animation":{"dataType":3,"framePerSecond":24,"keys":[
{"frame":1,"values":[0.9943,-0.1062,-0.0036,0,0.1062,0.9943,0.0002,0,0.0035,-0.0006,1,0,5.9485,-1.3242,-0.0511,1]},
{"frame":18,"values":[0.9943,-0.1062,-0.0036,0,0.1062,0.9943,0.0002,0,0.0035,-0.0006,1,0,5.9485,-1.3242,-0.0511,1]}],"loopBehavior":1,"name":"anim","property":"_matrix"}},
{"name":"mixamorig:LeftHandIndex4","index":24,"matrix":[1,0,0,0,0,1,0,0,0,0,1,0,5.2934,-1.4279,-0.0007,1],"rest":[1,0,0,0,0,1,0,0,0,0,1,0,5.2934,-1.4279,-0.0007,1],"parentBoneIndex":23,"length":5.4826
,"animation":{"dataType":3,"framePerSecond":24,"keys":[
{"frame":1,"values":[1,0,0,0,0,1,0,0,0,0,1,0,5.2934,-1.4279,-0.0007,1]},
{"frame":18,"values":[1,0,0,0,0,1,0,0,0,0,1,0,5.2934,-1.4279,-0.0007,1]}],"loopBehavior":1,"name":"anim","property":"_matrix"}},
{"name":"mixamorig:LeftHandRing1","index":25,"matrix":[0.9038,-0.4144,0.1064,0,0.4144,0.9098,0.0231,0,-0.1064,0.0232,0.9941,0,22.3355,-2.9472,-2.326,1],"rest":[0.9948,-0.0318,0.0967,0,0.0325,0.9995,-0.0063,0,-0.0964,0.0094,0.9953,0,22.3355,-2.9472,-2.326,1],"parentBoneIndex":12,"length":6.3219
,"animation":{"dataType":3,"framePerSecond":24,"keys":[
{"frame":1,"values":[0.9038,-0.4144,0.1064,0,0.4144,0.9098,0.0231,0,-0.1064,0.0232,0.9941,0,22.3355,-2.9472,-2.326,1]},
{"frame":18,"values":[0.9038,-0.4144,0.1064,0,0.4144,0.9098,0.0231,0,-0.1064,0.0232,0.9941,0,22.3355,-2.9472,-2.326,1]}],"loopBehavior":1,"name":"anim","property":"_matrix"}},
{"name":"mixamorig:LeftHandRing2","index":26,"matrix":[0.9621,-0.2727,0.005,0,0.2728,0.9621,-0.0061,0,-0.0032,0.0072,1,0,6.303,-0.4598,-0.1637,1],"rest":[0.9997,0.0254,-0.0059,0,-0.0254,0.9997,0.0012,0,0.0059,-0.001,1,0,6.303,-0.4597,-0.1637,1],"parentBoneIndex":25,"length":5.8998
,"animation":{"dataType":3,"framePerSecond":24,"keys":[
{"frame":1,"values":[0.9621,-0.2727,0.005,0,0.2728,0.9621,-0.0061,0,-0.0032,0.0072,1,0,6.303,-0.4598,-0.1637,1]},
{"frame":18,"values":[0.9621,-0.2727,0.005,0,0.2728,0.9621,-0.0061,0,-0.0032,0.0072,1,0,6.303,-0.4598,-0.1637,1]}],"loopBehavior":1,"name":"anim","property":"_matrix"}},
{"name":"mixamorig:LeftHandRing3","index":27,"matrix":[1,0.0048,-0.0086,0,-0.0048,1,0.0016,0,0.0086,-0.0016,1,0,5.8702,-0.5784,-0.1176,1],"rest":[0.9878,0.1551,-0.0133,0,-0.155,0.9879,0.0055,0,0.014,-0.0034,0.9999,0,5.8702,-0.5785,-0.1176,1],"parentBoneIndex":26,"length":6.5179
,"animation":{"dataType":3,"framePerSecond":24,"keys":[
{"frame":1,"values":[1,0.0048,-0.0086,0,-0.0048,1,0.0016,0,0.0086,-0.0016,1,0,5.8702,-0.5784,-0.1176,1]},
{"frame":18,"values":[1,0.0048,-0.0086,0,-0.0048,1,0.0016,0,0.0086,-0.0016,1,0,5.8702,-0.5784,-0.1176,1]}],"loopBehavior":1,"name":"anim","property":"_matrix"}},
{"name":"mixamorig:LeftHandRing4","index":28,"matrix":[1,0,0,0,0,1,0,0,0,0,1,0,6.3088,-1.6373,-0.0369,1],"rest":[1,0,0,0,0,1,0,0,0,0,1,0,6.3088,-1.6373,-0.0369,1],"parentBoneIndex":27,"length":6.5179
,"animation":{"dataType":3,"framePerSecond":24,"keys":[
{"frame":1,"values":[1,0,0,0,0,1,0,0,0,0,1,0,6.3088,-1.6373,-0.0369,1]},
{"frame":18,"values":[1,0,0,0,0,1,0,0,0,0,1,0,6.3088,-1.6373,-0.0369,1]}],"loopBehavior":1,"name":"anim","property":"_matrix"}},
{"name":"mixamorig:LeftHandPinky1","index":29,"matrix":[0.9168,-0.399,-0.0187,0,0.3994,0.9162,0.0327,0,0.0041,-0.0374,0.9993,0,20.7247,-3.8092,-6.9388,1],"rest":[0.999,-0.0141,0.0419,0,0.0142,0.9999,-0.0031,0,-0.0418,0.0037,0.9991,0,20.7247,-3.8092,-6.9388,1],"parentBoneIndex":12,"length":6.9086
,"animation":{"dataType":3,"framePerSecond":24,"keys":[
{"frame":1,"values":[0.9168,-0.399,-0.0187,0,0.3994,0.9162,0.0327,0,0.0041,-0.0374,0.9993,0,20.7247,-3.8092,-6.9388,1]},
{"frame":18,"values":[0.9168,-0.399,-0.0187,0,0.3994,0.9162,0.0327,0,0.0041,-0.0374,0.9993,0,20.7247,-3.8092,-6.9388,1]}],"loopBehavior":1,"name":"anim","property":"_matrix"}},
{"name":"mixamorig:LeftHandPinky2","index":30,"matrix":[0.9551,-0.2884,0.0685,0,0.2874,0.9575,0.0244,0,-0.0727,-0.0036,0.9973,0,6.8772,-0.6269,0.201,1],"rest":[0.9999,0.0067,-0.0112,0,-0.0067,1,0.0009,0,0.0113,-0.0008,0.9999,0,6.8772,-0.6269,0.201,1],"parentBoneIndex":29,"length":4.6228
,"animation":{"dataType":3,"framePerSecond":24,"keys":[
{"frame":1,"values":[0.9551,-0.2884,0.0685,0,0.2874,0.9575,0.0244,0,-0.0727,-0.0036,0.9973,0,6.8772,-0.6269,0.201,1]},
{"frame":18,"values":[0.9551,-0.2884,0.0685,0,0.2874,0.9575,0.0244,0,-0.0727,-0.0036,0.9973,0,6.8772,-0.6269,0.201,1]}],"loopBehavior":1,"name":"anim","property":"_matrix"}},
{"name":"mixamorig:LeftHandPinky3","index":31,"matrix":[0.9912,-0.1314,0.0124,0,0.1314,0.9913,0.0044,0,-0.0128,-0.0027,0.9999,0,4.5971,-0.45,0.1866,1],"rest":[0.9998,0.019,0.0069,0,-0.019,0.9998,-0.0015,0,-0.0069,0.0014,1,0,4.5971,-0.45,0.1866,1],"parentBoneIndex":30,"length":5.2161
,"animation":{"dataType":3,"framePerSecond":24,"keys":[
{"frame":1,"values":[0.9912,-0.1314,0.0124,0,0.1314,0.9913,0.0044,0,-0.0128,-0.0027,0.9999,0,4.5971,-0.45,0.1866,1]},
{"frame":18,"values":[0.9912,-0.1314,0.0124,0,0.1314,0.9913,0.0044,0,-0.0128,-0.0027,0.9999,0,4.5971,-0.45,0.1866,1]}],"loopBehavior":1,"name":"anim","property":"_matrix"}},
{"name":"mixamorig:LeftHandPinky4","index":32,"matrix":[1,0,0,0,0,1,0,0,0,0,1,0,5.1778,-0.6063,0.174,1],"rest":[1,0,0,0,0,1,0,0,0,0,1,0,5.1778,-0.6063,0.174,1],"parentBoneIndex":31,"length":5.2161
,"animation":{"dataType":3,"framePerSecond":24,"keys":[
{"frame":1,"values":[1,0,0,0,0,1,0,0,0,0,1,0,5.1778,-0.6063,0.174,1]},
{"frame":18,"values":[1,0,0,0,0,1,0,0,0,0,1,0,5.1778,-0.6063,0.174,1]}],"loopBehavior":1,"name":"anim","property":"_matrix"}},
{"name":"mixamorig:RightShoulder","index":33,"matrix":[0.9677,0.1163,0.2239,0,-0.1049,0.9925,-0.0624,0,-0.2294,0.0369,0.9726,0,-12.0013,18.2841,1.3489,1],"rest":[1,-0.0063,0,0,0.0063,1,0,0,0,0,1,0,-12.0013,18.2841,1.3489,1],"parentBoneIndex":3,"length":25.841
,"animation":{"dataType":3,"framePerSecond":24,"keys":[
