{"producer":{"name":"Blender","version":"2.79 (sub 0)","exporter_version":"5.6.4","file":"slowrun.babylon"},
"autoClear":true,"clearColor":[0.0509,0.0509,0.0509],"ambientColor":[0,0,0],"gravity":[0,-9.81,0],
"materials":[{"name":"slowrun.Material","id":"slowrun.Material","ambient":[0,0,0],"diffuse":[0,0,0],"specular":[0,0,0],"emissive":[0,0,0],"specularPower":50,"alpha":0.001,"backFaceCulling":true,"checkReadyOnlyOnce":false,"maxSimultaneousLights":4}],
"multiMaterials":[],
"skeletons":[{"name":"Armature","id":0,"dimensionsAtRest":[379.1952,391.6652,55.677],"bones":[
{"name":"mixamorig:Hips","index":0,"matrix":[0.996,0.0464,-0.0765,0,-0.0684,0.946,-0.3168,0,-0.0577,-0.3208,-0.9454,0,-0.3885,171.4437,-2.0433,1],"rest":[1,0,0,0,0,1,0,0,0,0,-1,0,0,201.6394,0,1],"parentBoneIndex":-1,"length":21.6784
,"animation":{"dataType":3,"framePerSecond":24,"keys":[
{"frame":1,"values":[0.996,0.0464,-0.0765,0,-0.0684,0.946,-0.3168,0,-0.0577,-0.3208,-0.9454,0,-0.3905,171.4437,-2.0433,1]},
{"frame":2,"values":[0.9961,0.0625,-0.0627,0,-0.0787,0.9499,-0.3025,0,-0.0407,-0.3063,-0.9511,0,-0.885,178.1433,0.5612,1]},
{"frame":3,"values":[0.9919,0.1226,-0.0323,0,-0.1268,0.9532,-0.2745,0,0.0028,-0.2764,-0.961,0,-1.7587,184.843,3.3939,1]},
{"frame":4,"values":[0.9894,0.1445,-0.0167,0,-0.1432,0.9479,-0.2844,0,0.0253,-0.2838,-0.9585,0,-2.8489,188.5817,5.9204,1]},
{"frame":5,"values":[0.999,0.0408,-0.016,0,-0.0437,0.9602,-0.276,0,-0.0041,-0.2764,-0.961,0,-3.4961,191.1634,4.5638,1]},
{"frame":6,"values":[0.9999,-0.0083,-0.009,0,0.006,0.9727,-0.2319,0,-0.0107,-0.2318,-0.9727,0,-3.9669,189.5354,4.9335,1]},
{"frame":7,"values":[1,0.0082,-0.0018,0,-0.0084,0.9755,-0.2199,0,0,-0.2199,-0.9755,0,-4.4377,183.6928,7.014,1]},
{"frame":8,"values":[0.9996,0.0258,-0.0068,0,-0.0266,0.9678,-0.2502,0,-0.0002,-0.2502,-0.9682,0,-4.9085,177.8503,10.2641,1]},
{"frame":9,"values":[0.9989,0.0452,-0.0118,0,-0.0467,0.9588,-0.2802,0,0.0014,-0.2804,-0.9599,0,-5.3793,172.0078,13.3357,1]},
{"frame":10,"values":[0.9998,-0.0101,-0.0168,0,0.0048,0.9578,-0.2873,0,-0.0189,-0.2871,-0.9577,0,-4.6393,174.5041,10.7109,1]},
{"frame":11,"values":[0.9976,-0.0653,-0.0217,0,0.0565,0.9573,-0.2834,0,-0.0393,-0.2815,-0.9588,0,-3.8994,177.0004,8.0862,1]},
{"frame":12,"values":[0.9927,-0.1204,0.0028,0,0.1157,0.947,-0.2997,0,-0.0334,-0.2978,-0.954,0,-3.1594,179.4967,5.4615,1]},
{"frame":13,"values":[0.9958,-0.0909,-0.0136,0,0.082,0.9453,-0.3158,0,-0.0416,-0.3134,-0.9487,0,-2.4195,181.9931,2.8368,1]},
{"frame":14,"values":[0.9976,-0.0615,-0.0302,0,0.0497,0.953,-0.2987,0,-0.0472,-0.2965,-0.9539,0,-1.6796,177.9445,0.212,1]},
{"frame":15,"values":[0.9984,-0.0318,-0.0464,0,0.0175,0.9596,-0.2809,0,-0.0534,-0.2797,-0.9586,0,-0.9396,173.8959,-2.4127,1]},
{"frame":16,"values":[0.998,-0.0021,-0.0624,0,-0.0169,0.9532,-0.3017,0,-0.0601,-0.3022,-0.9513,0,-0.1997,169.8473,-1.3131,1]},
{"frame":17,"values":[0.9965,0.0273,-0.0791,0,-0.0514,0.9454,-0.3218,0,-0.066,-0.3248,-0.9435,0,0.5403,165.7987,-0.2135,1]},
{"frame":18,"values":[0.996,0.0464,-0.0765,0,-0.0684,0.946,-0.3168,0,-0.0577,-0.3208,-0.9454,0,-0.3885,171.4437,-2.0433,1]}],"loopBehavior":1,"name":"anim","property":"_matrix"}},
{"name":"mixamorig:Spine","index":1,"matrix":[0.9982,-0.0029,-0.0592,0,0.0073,0.9972,0.0739,0,0.0588,-0.0742,0.9955,0,0.0062,19.525,-2.4818,1],"rest":[1,0,0,0,0,1,0,0,0,0,1,0,0.0062,19.525,-2.4818,1],"parentBoneIndex":0,"length":23.0091
,"animation":{"dataType":3,"framePerSecond":24,"keys":[
{"frame":1,"values":[0.9982,-0.0029,-0.0592,0,0.0072,0.9974,0.0716,0,0.0588,-0.0719,0.9957,0,0.0062,19.525,-2.4818,1]},
{"frame":2,"values":[0.9953,-0.0165,-0.0951,0,0.0235,0.9971,0.0723,0,0.0936,-0.0742,0.9928,0,0.0062,19.525,-2.4818,1]},
{"frame":3,"values":[0.9907,-0.0741,-0.1139,0,0.0827,0.9939,0.073,0,0.1078,-0.0817,0.9908,0,0.0062,19.525,-2.4818,1]},
{"frame":4,"values":[0.9857,-0.1166,-0.1217,0,0.1263,0.9892,0.075,0,0.1116,-0.0893,0.9897,0,0.0062,19.525,-2.4818,1]},
{"frame":5,"values":[0.9895,-0.0388,-0.139,0,0.0499,0.9958,0.0769,0,0.1354,-0.0831,0.9873,0,0.0062,19.525,-2.4818,1]},
{"frame":6,"values":[0.9927,-0.0102,-0.1203,0,0.0199,0.9967,0.0792,0,0.1191,-0.081,0.9896,0,0.0062,19.525,-2.4818,1]},
{"frame":7,"values":[0.9954,-0.0442,-0.0849,0,0.0512,0.9953,0.0816,0,0.0809,-0.0856,0.993,0,0.0062,19.525,-2.4818,1]},
{"frame":8,"values":[0.9961,-0.0728,-0.0493,0,0.0767,0.9935,0.0839,0,0.0429,-0.0874,0.9953,0,0.0062,19.525,-2.4818,1]},
{"frame":9,"values":[0.9945,-0.1041,-0.0137,0,0.1049,0.991,0.0829,0,0.005,-0.0839,0.9965,0,0.0062,19.525,-2.4818,1]},
{"frame":10,"values":[0.9984,-0.0531,0.0219,0,0.0511,0.9951,0.0845,0,-0.0263,-0.0833,0.9962,0,0.0062,19.525,-2.4818,1]},
{"frame":11,"values":[0.9983,-0.0018,0.0576,0,-0.003,0.9964,0.0842,0,-0.0575,-0.0842,0.9948,0,0.0062,19.525,-2.4818,1]},
{"frame":12,"values":[0.9944,0.0494,0.0932,0,-0.0571,0.995,0.082,0,-0.0887,-0.0868,0.9923,0,0.0062,19.525,-2.4818,1]},
{"frame":13,"values":[0.9866,0.1002,0.1284,0,-0.1107,0.9908,0.0778,0,-0.1194,-0.091,0.9887,0,0.0062,19.525,-2.4818,1]},
{"frame":14,"values":[0.9921,0.0815,0.0958,0,-0.0891,0.993,0.0779,0,-0.0888,-0.0858,0.9923,0,0.0062,19.525,-2.4818,1]},
{"frame":15,"values":[0.996,0.0627,0.0631,0,-0.0675,0.9947,0.0773,0,-0.0579,-0.0813,0.995,0,0.0062,19.525,-2.4818,1]},
{"frame":16,"values":[0.9986,0.0436,0.0303,0,-0.0458,0.9961,0.076,0,-0.0269,-0.0773,0.9966,0,0.0062,19.525,-2.4818,1]},
{"frame":17,"values":[0.9997,0.0245,-0.0024,0,-0.0242,0.997,0.074,0,0.0042,-0.0739,0.9973,0,0.0062,19.525,-2.4818,1]},
{"frame":18,"values":[0.9982,-0.0029,-0.0592,0,0.0073,0.9972,0.0739,0,0.0588,-0.0742,0.9955,0,0.0062,19.525,-2.4818,1]}],"loopBehavior":1,"name":"anim","property":"_matrix"}},
{"name":"mixamorig:Spine1","index":2,"matrix":[0.999,0.0141,-0.0418,0,-0.0118,0.9985,0.0531,0,0.0425,-0.0526,0.9977,0,-0.0009,22.835,-2.8254,1],"rest":[1,0,0,0,0,1,0,0,0,0,1,0,-0.0009,22.835,-2.8254,1],"parentBoneIndex":1,"length":26.7438
,"animation":{"dataType":3,"framePerSecond":24,"keys":[
{"frame":1,"values":[0.999,0.0141,-0.0418,0,-0.0118,0.9985,0.0542,0,0.0425,-0.0536,0.9977,0,-0.0009,22.835,-2.8254,1]},
{"frame":2,"values":[0.9982,0.0005,-0.0598,0,0.0028,0.9984,0.056,0,0.0597,-0.0561,0.9966,0,-0.0009,22.835,-2.8254,1]},
{"frame":3,"values":[0.9978,-0.0096,-0.0654,0,0.0134,0.9982,0.0579,0,0.0647,-0.0587,0.9962,0,-0.0009,22.835,-2.8254,1]},
{"frame":4,"values":[0.998,-0.0186,-0.0612,0,0.0221,0.998,0.0584,0,0.06,-0.0596,0.9964,0,-0.0009,22.835,-2.8254,1]},
{"frame":5,"values":[0.9978,-0.0144,-0.064,0,0.0182,0.9981,0.0588,0,0.063,-0.0599,0.9962,0,-0.0009,22.835,-2.8254,1]},
{"frame":6,"values":[0.9981,-0.0117,-0.0605,0,0.0153,0.9981,0.0593,0,0.0597,-0.0601,0.9964,0,-0.0009,22.835,-2.8254,1]},
{"frame":7,"values":[0.9988,-0.0188,-0.0457,0,0.0216,0.998,0.0598,0,0.0445,-0.0607,0.9972,0,-0.0009,22.835,-2.8254,1]},
{"frame":8,"values":[0.9991,-0.0273,-0.0313,0,0.0291,0.9978,0.0603,0,0.0296,-0.0612,0.9977,0,-0.0009,22.835,-2.8254,1]},
{"frame":9,"values":[0.9995,-0.028,-0.0169,0,0.029,0.9978,0.0595,0,0.0152,-0.06,0.9981,0,-0.0009,22.835,-2.8254,1]},
{"frame":10,"values":[0.9999,-0.013,-0.0026,0,0.0131,0.9982,0.0587,0,0.0018,-0.0588,0.9983,0,-0.0009,22.835,-2.8254,1]},
{"frame":11,"values":[0.9999,0.0038,0.0118,0,-0.0045,0.9983,0.0582,0,-0.0115,-0.0582,0.9982,0,-0.0009,22.835,-2.8254,1]},
{"frame":12,"values":[0.9994,0.0205,0.0261,0,-0.022,0.9981,0.0574,0,-0.0249,-0.0579,0.998,0,-0.0009,22.835,-2.8254,1]},
{"frame":13,"values":[0.9985,0.0373,0.0404,0,-0.0395,0.9976,0.0563,0,-0.0383,-0.0578,0.9976,0,-0.0009,22.835,-2.8254,1]},
{"frame":14,"values":[0.9992,0.0281,0.0266,0,-0.0296,0.998,0.0555,0,-0.025,-0.0563,0.9981,0,-0.0009,22.835,-2.8254,1]},
{"frame":15,"values":[0.9994,0.0332,0.0128,0,-0.0338,0.9979,0.0547,0,-0.011,-0.0551,0.9984,0,-0.0009,22.835,-2.8254,1]},
{"frame":16,"values":[0.9993,0.0382,-0.001,0,-0.0381,0.9978,0.054,0,0.003,-0.0539,0.9985,0,-0.0009,22.835,-2.8254,1]},
{"frame":17,"values":[0.9993,0.0345,-0.0148,0,-0.0337,0.998,0.0532,0,0.0166,-0.0526,0.9985,0,-0.0009,22.835,-2.8254,1]},
{"frame":18,"values":[0.999,0.0141,-0.0418,0,-0.0118,0.9985,0.0531,0,0.0425,-0.0526,0.9977,0,-0.0009,22.835,-2.8254,1]}],"loopBehavior":1,"name":"anim","property":"_matrix"}},
{"name":"mixamorig:Spine2","index":3,"matrix":[0.999,0.0156,-0.0424,0,-0.0134,0.9986,0.0517,0,0.0431,-0.0511,0.9978,0,-0.0206,26.5525,-3.1933,1],"rest":[1,0,0,0,0,1,0,0,0,0,1,0,-0.0206,26.5525,-3.1933,1],"parentBoneIndex":2,"length":24.825
,"animation":{"dataType":3,"framePerSecond":24,"keys":[
{"frame":1,"values":[0.999,0.0156,-0.0424,0,-0.0133,0.9985,0.0529,0,0.0431,-0.0523,0.9977,0,-0.0206,26.5525,-3.1933,1]},
{"frame":2,"values":[0.9982,0.0023,-0.0607,0,0.001,0.9985,0.0548,0,0.0607,-0.0548,0.9967,0,-0.0206,26.5525,-3.1933,1]},
{"frame":3,"values":[0.9977,-0.0074,-0.0669,0,0.0112,0.9983,0.0567,0,0.0663,-0.0573,0.9962,0,-0.0206,26.5525,-3.1933,1]},
{"frame":4,"values":[0.9979,-0.0167,-0.0624,0,0.0203,0.9982,0.0572,0,0.0614,-0.0584,0.9964,0,-0.0206,26.5525,-3.1933,1]},
{"frame":5,"values":[0.9978,-0.0136,-0.0651,0,0.0174,0.9982,0.0578,0,0.0642,-0.0588,0.9962,0,-0.0206,26.5524,-3.1933,1]},
{"frame":6,"values":[0.998,-0.0108,-0.0618,0,0.0144,0.9982,0.0584,0,0.061,-0.0591,0.9964,0,-0.0206,26.5525,-3.1933,1]},
{"frame":7,"values":[0.9987,-0.0179,-0.0471,0,0.0206,0.998,0.059,0,0.0459,-0.0599,0.9971,0,-0.0206,26.5525,-3.1933,1]},
{"frame":8,"values":[0.9991,-0.0267,-0.033,0,0.0287,0.9978,0.0596,0,0.0314,-0.0605,0.9977,0,-0.0206,26.5525,-3.1933,1]},
{"frame":9,"values":[0.9994,-0.0279,-0.0185,0,0.029,0.9979,0.0587,0,0.0168,-0.0592,0.9981,0,-0.0206,26.5525,-3.1933,1]},
{"frame":10,"values":[0.9999,-0.0134,-0.004,0,0.0136,0.9982,0.0579,0,0.0032,-0.0579,0.9983,0,-0.0206,26.5525,-3.1933,1]},
{"frame":11,"values":[0.9999,0.0033,0.0106,0,-0.0039,0.9984,0.0572,0,-0.0104,-0.0573,0.9983,0,-0.0206,26.5525,-3.1933,1]},
{"frame":12,"values":[0.9995,0.0201,0.0251,0,-0.0215,0.9982,0.0563,0,-0.0239,-0.0568,0.9981,0,-0.0206,26.5525,-3.1933,1]},
{"frame":13,"values":[0.9985,0.0369,0.0396,0,-0.039,0.9977,0.0552,0,-0.0375,-0.0567,0.9977,0,-0.0206,26.5525,-3.1933,1]},
{"frame":14,"values":[0.9993,0.0277,0.0258,0,-0.0291,0.9981,0.0543,0,-0.0243,-0.0551,0.9982,0,-0.0206,26.5525,-3.1933,1]},
{"frame":15,"values":[0.9994,0.0331,0.0121,0,-0.0337,0.998,0.0534,0,-0.0103,-0.0538,0.9985,0,-0.0206,26.5525,-3.1933,1]},
{"frame":16,"values":[0.9993,0.0385,-0.0017,0,-0.0384,0.9979,0.0526,0,0.0038,-0.0525,0.9986,0,-0.0206,26.5525,-3.1933,1]},
{"frame":17,"values":[0.9992,0.0356,-0.0155,0,-0.0347,0.9981,0.0517,0,0.0173,-0.0512,0.9985,0,-0.0206,26.5525,-3.1933,1]},
{"frame":18,"values":[0.999,0.0156,-0.0424,0,-0.0134,0.9986,0.0517,0,0.0431,-0.0511,0.9978,0,-0.0206,26.5525,-3.1933,1]}],"loopBehavior":1,"name":"anim","property":"_matrix"}},
{"name":"mixamorig:Neck","index":4,"matrix":[0.9997,0.0239,0.0015,0,-0.0235,0.9921,-0.1231,0,-0.0044,0.123,0.9924,0,-0.06,30.7018,1.3522,1],"rest":[1,0,0,0,0,1,0,0,0,0,1,0,-0.06,30.7018,1.3522,1],"parentBoneIndex":3,"length":22.8446
,"animation":{"dataType":3,"framePerSecond":24,"keys":[
{"frame":1,"values":[0.9997,0.0239,0.0015,0,-0.0235,0.9921,-0.1231,0,-0.0044,0.123,0.9924,0,-0.06,30.7018,1.3522,1]},
{"frame":2,"values":[0.9997,0.0207,0.0102,0,-0.0195,0.9943,-0.1049,0,-0.0123,0.1047,0.9944,0,-0.06,30.7018,1.3522,1]},
{"frame":3,"values":[0.9998,0.011,0.0189,0,-0.0093,0.9962,-0.0867,0,-0.0198,0.0865,0.9961,0,-0.06,30.7018,1.3522,1]},
{"frame":4,"values":[0.9996,-0.0013,0.0276,0,0.0033,0.9974,-0.0723,0,-0.0275,0.0723,0.997,0,-0.06,30.7018,1.3522,1]},
{"frame":5,"values":[0.9995,0.0053,0.0296,0,-0.003,0.997,-0.0768,0,-0.0299,0.0767,0.9966,0,-0.06,30.7018,1.3522,1]},
{"frame":6,"values":[0.9996,0.0121,0.0264,0,-0.0106,0.9983,-0.0575,0,-0.027,0.0572,0.998,0,-0.06,30.7018,1.3522,1]},
{"frame":7,"values":[0.9994,0.0258,0.0212,0,-0.025,0.999,-0.0381,0,-0.0221,0.0375,0.9991,0,-0.06,30.7018,1.3522,1]},
{"frame":8,"values":[0.9983,0.0523,0.0239,0,-0.051,0.9972,-0.0555,0,-0.0267,0.0542,0.9982,0,-0.06,30.7018,1.3522,1]},
{"frame":9,"values":[0.9981,0.0584,0.0183,0,-0.0569,0.9956,-0.0748,0,-0.0226,0.0736,0.997,0,-0.06,30.7018,1.3522,1]},
{"frame":10,"values":[0.9983,0.057,0.0127,0,-0.0559,0.9959,-0.0714,0,-0.0168,0.0705,0.9974,0,-0.06,30.7018,1.3522,1]},
{"frame":11,"values":[0.9984,0.0556,0.0072,0,-0.055,0.9962,-0.0679,0,-0.0109,0.0674,0.9977,0,-0.06,30.7018,1.3522,1]},
{"frame":12,"values":[0.9976,0.0692,0.0017,0,-0.0688,0.994,-0.0847,0,-0.0076,0.0843,0.9964,0,-0.06,30.7018,1.3522,1]},
{"frame":13,"values":[0.9966,0.0826,-0.0039,0,-0.0826,0.9914,-0.1013,0,-0.0045,0.1013,0.9948,0,-0.06,30.7018,1.3522,1]},
{"frame":14,"values":[0.9976,0.0689,-0.0035,0,-0.0689,0.9928,-0.0979,0,-0.0033,0.0979,0.9952,0,-0.06,30.7018,1.3522,1]},
{"frame":15,"values":[0.9985,0.0551,-0.0051,0,-0.0553,0.9922,-0.1118,0,-0.0011,0.1119,0.9937,0,-0.06,30.7018,1.3522,1]},
{"frame":16,"values":[0.9991,0.0413,-0.0064,0,-0.0418,0.9912,-0.1257,0,0.0012,0.1258,0.9921,0,-0.06,30.7018,1.3522,1]},
{"frame":17,"values":[0.9996,0.0276,-0.0076,0,-0.0283,0.9898,-0.1395,0,0.0037,0.1397,0.9902,0,-0.06,30.7018,1.3522,1]},
{"frame":18,"values":[0.9997,0.0239,0.0015,0,-0.0235,0.9921,-0.1231,0,-0.0044,0.123,0.9924,0,-0.06,30.7018,1.3522,1]}],"loopBehavior":1,"name":"anim","property":"_matrix"}},
{"name":"mixamorig:Head","index":5,"matrix":[0.9977,-0.0632,-0.0242,0,0.058,0.9824,-0.1778,0,0.035,0.176,0.9838,0,-0.0872,22.5476,3.6709,1],"rest":[1,0,0,0,0,1,0,0,0,0,1,0,-0.0872,22.5476,3.6709,1],"parentBoneIndex":4,"length":30.5923
,"animation":{"dataType":3,"framePerSecond":24,"keys":[
{"frame":1,"values":[0.9977,-0.0632,-0.0242,0,0.058,0.9824,-0.1778,0,0.035,0.176,0.9838,0,-0.0872,22.5476,3.6709,1]},
{"frame":2,"values":[0.9992,-0.0236,0.0314,0,0.0279,0.9891,-0.1448,0,-0.0277,0.1456,0.989,0,-0.0872,22.5476,3.6709,1]},
{"frame":3,"values":[0.995,0.012,0.0993,0,-0.0013,0.9943,-0.1069,0,-0.1,0.1062,0.9893,0,-0.0872,22.5476,3.6709,1]},
{"frame":4,"values":[0.9896,0.0426,0.1372,0,-0.0284,0.9942,-0.1033,0,-0.1408,0.0983,0.9851,0,-0.0872,22.5476,3.6709,1]},
{"frame":5,"values":[0.9894,0.044,0.1386,0,-0.0275,0.9926,-0.1187,0,-0.1427,0.1136,0.9832,0,-0.0872,22.5476,3.6709,1]},
{"frame":6,"values":[0.9923,0.0439,0.1158,0,-0.0291,0.9915,-0.127,0,-0.1204,0.1226,0.9851,0,-0.0872,22.5476,3.6709,1]},
{"frame":7,"values":[0.9951,0.058,0.08,0,-0.0458,0.9882,-0.1465,0,-0.0876,0.1421,0.986,0,-0.0872,22.5476,3.6709,1]},
{"frame":8,"values":[0.9973,0.0585,0.0442,0,-0.0504,0.9848,-0.1661,0,-0.0532,0.1634,0.9851,0,-0.0872,22.5476,3.6709,1]},
{"frame":9,"values":[0.9981,0.0605,0.0082,0,-0.0586,0.9873,-0.1475,0,-0.017,0.1468,0.989,0,-0.0872,22.5476,3.6709,1]},
{"frame":10,"values":[0.9995,0.0162,-0.0269,0,-0.0195,0.9917,-0.1272,0,0.0246,0.1277,0.9915,0,-0.0872,22.5476,3.6709,1]},
{"frame":11,"values":[0.9976,-0.0273,-0.0629,0,0.0204,0.9939,-0.1082,0,0.0654,0.1067,0.9921,0,-0.0872,22.5476,3.6709,1]},
{"frame":12,"values":[0.9926,-0.07,-0.0995,0,0.061,0.994,-0.0907,0,0.1052,0.0839,0.9909,0,-0.0872,22.5476,3.6709,1]},
{"frame":13,"values":[0.9844,-0.1127,-0.1352,0,0.0984,0.9892,-0.1082,0,0.1459,0.0932,0.9849,0,-0.0872,22.5476,3.6709,1]},
{"frame":14,"values":[0.9872,-0.1058,-0.1195,0,0.0906,0.9878,-0.1263,0,0.1314,0.1139,0.9848,0,-0.0872,22.5476,3.6709,1]},
{"frame":15,"values":[0.9897,-0.0985,-0.1039,0,0.083,0.986,-0.1445,0,0.1167,0.1344,0.984,0,-0.0872,22.5476,3.6709,1]},
{"frame":16,"values":[0.9903,-0.1075,-0.0884,0,0.0921,0.9824,-0.1627,0,0.1043,0.153,0.9827,0,-0.0872,22.5476,3.6709,1]},
{"frame":17,"values":[0.9906,-0.1161,-0.0726,0,0.1014,0.9783,-0.1807,0,0.092,0.1716,0.9809,0,-0.0872,22.5476,3.6709,1]},
{"frame":18,"values":[0.9977,-0.0632,-0.0242,0,0.058,0.9824,-0.1778,0,0.035,0.176,0.9838,0,-0.0872,22.5476,3.6709,1]}],"loopBehavior":1,"name":"anim","property":"_matrix"}},
{"name":"mixamorig:HeadTop_End","index":6,"matrix":[1,0,0,0,0,1,0,0,0,0,1,0,-0.8306,40.3552,7.8935,1],"rest":[1,0,0,0,0,1,0,0,0,0,1,0,-0.8306,40.3552,7.8935,1],"parentBoneIndex":5,"length":30.5923
,"animation":{"dataType":3,"framePerSecond":24,"keys":[
{"frame":1,"values":[1,0,0,0,0,1,0,0,0,0,1,0,-0.8306,40.3551,7.8935,1]},
{"frame":2,"values":[1,0,0,0,0,1,0,0,0,0,1,0,-0.8306,40.3552,7.8935,1]},
{"frame":8,"values":[1,0,0,0,0,1,0,0,0,0,1,0,-0.8306,40.3553,7.8935,1]},
{"frame":9,"values":[1,0,0,0,0,1,0,0,0,0,1,0,-0.8306,40.3552,7.8935,1]},
{"frame":18,"values":[1,0,0,0,0,1,0,0,0,0,1,0,-0.8306,40.3552,7.8935,1]}],"loopBehavior":1,"name":"anim","property":"_matrix"}},
{"name":"mixamorig:RightEye","index":7,"matrix":[1,0,0,0,0,1,0,0,0,0,1,0,-6.3021,18.1186,16.1971,1],"rest":[1,0,0,0,0,1,0,0,0,0,1,0,-6.3021,18.1186,16.1971,1],"parentBoneIndex":5,"length":30.5923
,"animation":{"dataType":3,"framePerSecond":24,"keys":[
{"frame":1,"values":[1,0,0,0,0,1,0,0,0,0,1,0,-6.3021,18.1186,16.1971,1]},
{"frame":18,"values":[1,0,0,0,0,1,0,0,0,0,1,0,-6.3021,18.1186,16.1971,1]}],"loopBehavior":1,"name":"anim","property":"_matrix"}},
{"name":"mixamorig:LeftEye","index":8,"matrix":[1,0,0,0,0,1,0,0,0,0,1,0,6.7415,18.3827,16.4019,1],"rest":[1,0,0,0,0,1,0,0,0,0,1,0,6.7415,18.3827,16.4019,1],"parentBoneIndex":5,"length":30.5923
,"animation":{"dataType":3,"framePerSecond":24,"keys":[
{"frame":1,"values":[1,0,0,0,0,1,0,0,0,0,1,0,6.7415,18.3827,16.4019,1]},
{"frame":18,"values":[1,0,0,0,0,1,0,0,0,0,1,0,6.7415,18.3827,16.4019,1]}],"loopBehavior":1,"name":"anim","property":"_matrix"}},
{"name":"mixamorig:LeftShoulder","index":9,"matrix":[0.9651,-0.1982,0.171,0,0.1926,0.9801,0.049,0,-0.1773,-0.0143,0.9841,0,11.9249,18.2305,1.4254,1],"rest":[1,0.0062,0,0,-0.0062,1,0,0,0,0,1,0,11.9249,18.2305,1.4254,1],"parentBoneIndex":3,"length":25.9773
,"animation":{"dataType":3,"framePerSecond":24,"keys":[
{"frame":1,"values":[0.9651,-0.1982,0.171,0,0.1938,0.9801,0.0422,0,-0.176,-0.0076,0.9844,0,11.9249,18.2305,1.4254,1]},
{"frame":2,"values":[0.9738,-0.1825,0.1354,0,0.1784,0.9831,0.0417,0,-0.1407,-0.0165,0.9899,0,11.9249,18.2305,1.4254,1]},
{"frame":3,"values":[0.9802,-0.1662,0.1071,0,0.1627,0.9858,0.0412,0,-0.1125,-0.023,0.9934,0,11.9249,18.2305,1.4254,1]},
{"frame":4,"values":[0.9855,-0.1523,0.0747,0,0.1496,0.9879,0.0407,0,-0.08,-0.0289,0.9964,0,11.9249,18.2305,1.4254,1]},
{"frame":5,"values":[0.9833,-0.1781,0.0386,0,0.1765,0.9835,0.0401,0,-0.0451,-0.0326,0.9984,0,11.9249,18.2305,1.4254,1]},
{"frame":6,"values":[0.9741,-0.2224,0.0423,0,0.2207,0.9745,0.0394,0,-0.05,-0.0291,0.9983,0,11.9249,18.2305,1.4254,1]},
{"frame":7,"values":[0.9654,-0.2526,0.0647,0,0.2506,0.9673,0.0387,0,-0.0723,-0.0212,0.9972,0,11.9249,18.2305,1.4254,1]},
{"frame":8,"values":[0.9667,-0.236,0.0989,0,0.2333,0.9717,0.0379,0,-0.1051,-0.0136,0.9944,0,11.9249,18.2305,1.4254,1]},
{"frame":9,"values":[0.9645,-0.2186,0.1484,0,0.2135,0.9757,0.0492,0,-0.1556,-0.0157,0.9877,0,11.9249,18.2305,1.4254,1]},
{"frame":10,"values":[0.9639,-0.2018,0.1736,0,0.1961,0.9793,0.0492,0,-0.18,-0.0133,0.9836,0,11.9249,18.2305,1.4254,1]},
{"frame":11,"values":[0.9625,-0.1848,0.1987,0,0.1787,0.9827,0.0487,0,-0.2043,-0.0114,0.9789,0,11.9249,18.2305,1.4254,1]},
{"frame":12,"values":[0.9624,-0.1684,0.2132,0,0.1617,0.9856,0.0487,0,-0.2184,-0.0124,0.9758,0,11.9249,18.2305,1.4254,1]},
{"frame":13,"values":[0.9618,-0.1519,0.2277,0,0.1446,0.9883,0.0484,0,-0.2324,-0.0136,0.9725,0,11.9249,18.2305,1.4254,1]},
{"frame":14,"values":[0.956,-0.1659,0.2421,0,0.1589,0.9861,0.0482,0,-0.2468,-0.0076,0.969,0,11.9249,18.2305,1.4254,1]},
{"frame":15,"values":[0.9527,-0.1803,0.2445,0,0.1737,0.9836,0.0482,0,-0.2492,-0.0035,0.9685,0,11.9249,18.2305,1.4254,1]},
{"frame":16,"values":[0.9483,-0.1997,0.2468,0,0.1938,0.9799,0.0482,0,-0.2515,0.0022,0.9679,0,11.9249,18.2305,1.4254,1]},
{"frame":17,"values":[0.9479,-0.2201,0.2302,0,0.2147,0.9755,0.0484,0,-0.2352,0.0036,0.9719,0,11.9249,18.2305,1.4254,1]},
{"frame":18,"values":[0.9651,-0.1982,0.171,0,0.1926,0.9801,0.049,0,-0.1773,-0.0143,0.9841,0,11.9249,18.2305,1.4254,1]}],"loopBehavior":1,"name":"anim","property":"_matrix"}},
{"name":"mixamorig:LeftArm","index":10,"matrix":[0.6242,-0.7808,-0.0252,0,0.7256,0.5675,0.3891,0,-0.2895,-0.2612,0.9209,0,25.4312,-0.8546,-5.2293,1],"rest":[0.9983,0.0295,0.0512,0,-0.0294,0.9996,-0.0017,0,-0.0512,0.0002,0.9987,0,25.4312,-0.8546,-5.2293,1],"parentBoneIndex":9,"length":54.6847
,"animation":{"dataType":3,"framePerSecond":24,"keys":[
{"frame":1,"values":[0.6242,-0.7808,-0.0252,0,0.7256,0.5675,0.3891,0,-0.2895,-0.2612,0.9209,0,25.4312,-0.8546,-5.2293,1]},
{"frame":2,"values":[0.6703,-0.7394,-0.0633,0,0.681,0.579,0.4483,0,-0.2948,-0.3436,0.8916,0,25.4312,-0.8546,-5.2293,1]},
{"frame":3,"values":[0.7219,-0.6869,-0.0838,0,0.6321,0.6054,0.4837,0,-0.2815,-0.4021,0.8712,0,25.4312,-0.8546,-5.2293,1]},
{"frame":4,"values":[0.7448,-0.6556,-0.1246,0,0.6141,0.6002,0.5126,0,-0.2612,-0.4583,0.8496,0,25.4312,-0.8547,-5.2293,1]},
{"frame":5,"values":[0.7315,-0.6661,-0.146,0,0.6279,0.5745,0.5251,0,-0.2658,-0.4758,0.8384,0,25.4312,-0.8546,-5.2293,1]},
{"frame":6,"values":[0.7086,-0.6953,-0.1201,0,0.6642,0.6,0.4459,0,-0.238,-0.3957,0.887,0,25.4312,-0.8546,-5.2293,1]},
{"frame":7,"values":[0.705,-0.7064,-0.0633,0,0.6729,0.638,0.3744,0,-0.224,-0.3066,0.9251,0,25.4312,-0.8546,-5.2293,1]},
{"frame":8,"values":[0.7023,-0.7119,-0.0052,0,0.6805,0.6691,0.2986,0,-0.2091,-0.2133,0.9544,0,25.4312,-0.8546,-5.2293,1]},
{"frame":9,"values":[0.7005,-0.7116,0.0536,0,0.6869,0.6927,0.2197,0,-0.1934,-0.1171,0.9741,0,25.4312,-0.8546,-5.2293,1]},
{"frame":10,"values":[0.6997,-0.7056,0.112,0,0.6921,0.7084,0.1387,0,-0.1772,-0.0195,0.984,0,25.4312,-0.8546,-5.2293,1]},
{"frame":11,"values":[0.7,-0.6938,0.1693,0,0.6959,0.7159,0.0569,0,-0.1607,0.078,0.9839,0,25.4312,-0.8546,-5.2293,1]},
{"frame":12,"values":[0.7012,-0.6767,0.2246,0,0.6983,0.7154,-0.0245,0,-0.1441,0.174,0.9741,0,25.4312,-0.8546,-5.2293,1]},
{"frame":13,"values":[0.6732,-0.7109,0.2035,0,0.7195,0.6933,0.0414,0,-0.1705,0.1185,0.9782,0,25.4312,-0.8546,-5.2293,1]},
{"frame":14,"values":[0.6449,-0.7429,0.1794,0,0.738,0.6663,0.1067,0,-0.1988,0.0635,0.978,0,25.4312,-0.8546,-5.2293,1]},
{"frame":15,"values":[0.6164,-0.7726,0.1524,0,0.7535,0.6348,0.1709,0,-0.2287,0.0095,0.9734,0,25.4312,-0.8546,-5.2293,1]},
{"frame":16,"values":[0.5879,-0.7996,0.1227,0,0.766,0.599,0.2333,0,-0.26,-0.0431,0.9646,0,25.4312,-0.8546,-5.2293,1]},
{"frame":17,"values":[0.5598,-0.8237,0.0908,0,0.7753,0.5593,0.2934,0,-0.2924,-0.0939,0.9517,0,25.4312,-0.8546,-5.2293,1]},
{"frame":18,"values":[0.6242,-0.7808,-0.0252,0,0.7256,0.5675,0.3891,0,-0.2895,-0.2612,0.9209,0,25.4312,-0.8546,-5.2293,1]}],"loopBehavior":1,"name":"anim","property":"_matrix"}},
{"name":"mixamorig:LeftForeArm","index":11,"matrix":[0.3806,0.0132,0.9247,0,0.0254,0.9994,-0.0247,0,-0.9244,0.0329,0.38,0,54.5783,-1.9463,-2.8009,1],"rest":[0.9943,-0.0088,-0.1062,0,0.0091,1,0.0028,0,0.1061,-0.0038,0.9943,0,54.5783,-1.9463,-2.8009,1],"parentBoneIndex":10,"length":55.0982
,"animation":{"dataType":3,"framePerSecond":24,"keys":[
{"frame":1,"values":[0.3806,0.0132,0.9247,0,0.0254,0.9994,-0.0247,0,-0.9244,0.0329,0.38,0,54.5783,-1.9463,-2.8009,1]},
{"frame":2,"values":[0.2724,0.0171,0.962,0,0.0282,0.9993,-0.0258,0,-0.9618,0.0342,0.2717,0,54.5783,-1.9463,-2.8009,1]},
{"frame":3,"values":[0.1419,0.0217,0.9896,0,0.0317,0.9991,-0.0265,0,-0.9894,0.0352,0.1411,0,54.5783,-1.9463,-2.8009,1]},
{"frame":4,"values":[0.0354,0.0255,0.999,0,0.0346,0.999,-0.0268,0,-0.9988,0.0355,0.0345,0,54.5783,-1.9463,-2.8009,1]},
{"frame":5,"values":[0.058,0.0247,0.998,0,0.034,0.9991,-0.0267,0,-0.9977,0.0354,0.0571,0,54.5783,-1.9463,-2.8009,1]},
{"frame":6,"values":[0.154,0.0213,0.9878,0,0.0314,0.9992,-0.0265,0,-0.9876,0.0351,0.1532,0,54.5783,-1.9463,-2.8009,1]},
{"frame":7,"values":[0.2784,0.0169,0.9603,0,0.0281,0.9993,-0.0257,0,-0.9601,0.0341,0.2777,0,54.5783,-1.9463,-2.8009,1]},
{"frame":8,"values":[0.352,0.0142,0.9359,0,0.0261,0.9993,-0.025,0,-0.9356,0.0333,0.3514,0,54.5783,-1.9463,-2.8009,1]},
{"frame":9,"values":[0.2934,0.0163,0.9558,0,0.0277,0.9993,-0.0256,0,-0.9556,0.034,0.2928,0,54.5783,-1.9463,-2.8009,1]},
{"frame":10,"values":[0.1144,0.0227,0.9932,0,0.0325,0.9991,-0.0266,0,-0.9929,0.0353,0.1136,0,54.5783,-1.9463,-2.8009,1]},
{"frame":11,"values":[-0.1051,0.0306,0.994,0,0.0383,0.9989,-0.0267,0,-0.9937,0.0353,-0.1062,0,54.5783,-1.9463,-2.8009,1]},
{"frame":12,"values":[-0.2992,0.0375,0.9535,0,0.0435,0.9987,-0.0256,0,-0.9532,0.0338,-0.3005,0,54.5783,-1.9463,-2.8009,1]},
{"frame":13,"values":[-0.3869,0.0406,0.9212,0,0.0458,0.9986,-0.0247,0,-0.921,0.0327,-0.3882,0,54.5783,-1.9463,-2.8009,1]},
{"frame":14,"values":[-0.2592,0.036,0.9651,0,0.0424,0.9988,-0.0259,0,-0.9649,0.0342,-0.2604,0,54.5783,-1.9463,-2.8009,1]},
{"frame":15,"values":[0.0729,0.0242,0.997,0,0.0336,0.9991,-0.0267,0,-0.9968,0.0354,0.0721,0,54.5783,-1.9463,-2.8009,1]},
{"frame":16,"values":[0.4555,0.0106,0.8902,0,0.0234,0.9994,-0.0238,0,-0.8899,0.0316,0.455,0,54.5783,-1.9463,-2.8009,1]},
{"frame":17,"values":[0.5662,0.0066,0.8242,0,0.0204,0.9995,-0.022,0,-0.824,0.0293,0.5658,0,54.5783,-1.9463,-2.8009,1]},
{"frame":18,"values":[0.3806,0.0132,0.9247,0,0.0254,0.9994,-0.0247,0,-0.9244,0.0329,0.38,0,54.5783,-1.9463,-2.8009,1]}],"loopBehavior":1,"name":"anim","property":"_matrix"}},
{"name":"mixamorig:LeftHand","index":12,"matrix":[0.9502,0.1448,0.2761,0,-0.0958,0.9783,-0.1836,0,-0.2967,0.148,0.9434,0,54.9948,-1.4671,3.0376,1],"rest":[0.9961,0.088,0.001,0,-0.0871,0.9842,0.154,0,0.0125,-0.1535,0.9881,0,54.9948,-1.4671,3.0376,1],"parentBoneIndex":11,"length":20.3347
,"animation":{"dataType":3,"framePerSecond":24,"keys":[
{"frame":1,"values":[0.9502,0.1448,0.2761,0,-0.0958,0.9783,-0.1836,0,-0.2967,0.148,0.9434,0,54.9948,-1.4671,3.0376,1]},
{"frame":2,"values":[0.9594,0.0359,0.2797,0,-0.0247,0.9988,-0.0433,0,-0.2809,0.0346,0.9591,0,54.9948,-1.4671,3.0376,1]},
{"frame":3,"values":[0.9684,0.0094,0.249,0,-0.0018,0.9995,-0.0309,0,-0.2492,0.0295,0.968,0,54.9948,-1.4671,3.0376,1]},
{"frame":4,"values":[0.9775,-0.0673,0.2001,0,0.0831,0.9939,-0.0719,0,-0.1941,0.0869,0.9771,0,54.9948,-1.4671,3.0376,1]},
{"frame":5,"values":[0.9729,-0.1013,0.2079,0,0.1192,0.99,-0.0754,0,-0.1982,0.0982,0.9752,0,54.9948,-1.4671,3.0376,1]},
{"frame":6,"values":[0.9676,-0.0829,0.2386,0,0.0994,0.9933,-0.0581,0,-0.2322,0.0799,0.9694,0,54.9948,-1.4671,3.0376,1]},
{"frame":7,"values":[0.967,-0.0545,0.249,0,0.0609,0.998,-0.0179,0,-0.2476,0.0325,0.9683,0,54.9948,-1.4671,3.0376,1]},
{"frame":8,"values":[0.9651,-0.0265,0.2606,0,0.0215,0.9995,0.022,0,-0.261,-0.0156,0.9652,0,54.9948,-1.4671,3.0376,1]},
{"frame":9,"values":[0.962,0.0009,0.2732,0,-0.0184,0.9979,0.0614,0,-0.2726,-0.0641,0.96,0,54.9948,-1.4671,3.0376,1]},
{"frame":10,"values":[0.9576,0.0277,0.2868,0,-0.0588,0.9932,0.1001,0,-0.2821,-0.1127,0.9527,0,54.9948,-1.4671,3.0376,1]},
{"frame":11,"values":[0.952,0.0537,0.3014,0,-0.0993,0.9854,0.138,0,-0.2896,-0.1613,0.9435,0,54.9948,-1.4671,3.0376,1]},
{"frame":12,"values":[0.9452,0.0788,0.3169,0,-0.1399,0.9746,0.1748,0,-0.295,-0.2096,0.9322,0,54.9948,-1.4671,3.0376,1]},
{"frame":13,"values":[0.9424,0.1091,0.316,0,-0.1477,0.9839,0.1006,0,-0.3,-0.1415,0.9434,0,54.9948,-1.4671,3.0376,1]},
{"frame":14,"values":[0.9395,0.1394,0.3129,0,-0.155,0.9876,0.0256,0,-0.3055,-0.0725,0.9494,0,54.9948,-1.4671,3.0376,1]},
{"frame":15,"values":[0.9364,0.1693,0.3075,0,-0.1619,0.9856,-0.0497,0,-0.3115,-0.0032,0.9502,0,54.9948,-1.4671,3.0376,1]},
{"frame":16,"values":[0.9331,0.1987,0.2998,0,-0.1682,0.9778,-0.1246,0,-0.318,0.0658,0.9458,0,54.9948,-1.4671,3.0376,1]},
{"frame":17,"values":[0.9296,0.2273,0.29,0,-0.174,0.9646,-0.1984,0,-0.3248,0.1339,0.9362,0,54.9948,-1.4671,3.0376,1]},
{"frame":18,"values":[0.9502,0.1448,0.2761,0,-0.0958,0.9783,-0.1836,0,-0.2967,0.148,0.9434,0,54.9948,-1.4671,3.0376,1]}],"loopBehavior":1,"name":"anim","property":"_matrix"}},
{"name":"mixamorig:LeftHandMiddle1","index":13,"matrix":[-0.0318,-0.9975,0.0629,0,0.9964,-0.0267,0.0803,0,-0.0784,0.0652,0.9948,0,23.1821,-2.445,1.6605,1],"rest":[0.9974,-0.0561,0.045,0,0.0561,0.9984,0.0005,0,-0.045,0.002,0.999,0,23.1821,-2.445,1.6605,1],"parentBoneIndex":12,"length":6.3787
,"animation":{"dataType":3,"framePerSecond":24,"keys":[
{"frame":1,"values":[-0.0318,-0.9973,0.0658,0,0.9964,-0.0265,0.0803,0,-0.0783,0.0681,0.9946,0,23.1821,-2.445,1.6605,1]},
{"frame":2,"values":[-0.1043,-0.9925,0.0633,0,0.9916,-0.0988,0.0839,0,-0.077,0.0715,0.9945,0,23.1821,-2.445,1.6605,1]},
{"frame":3,"values":[-0.1238,-0.9904,0.0608,0,0.9893,-0.1185,0.0849,0,-0.0768,0.0707,0.9945,0,23.1821,-2.445,1.6605,1]},
{"frame":4,"values":[-0.0685,-0.9959,0.0584,0,0.9948,-0.0638,0.0798,0,-0.0758,0.0635,0.9951,0,23.1821,-2.445,1.6605,1]},
{"frame":5,"values":[0.0175,-0.9983,0.0559,0,0.997,0.0217,0.0748,0,-0.0759,0.0544,0.9956,0,23.1821,-2.445,1.6605,1]},
{"frame":6,"values":[0.1257,-0.9906,0.0534,0,0.9891,0.1293,0.0698,0,-0.076,0.0441,0.9961,0,23.1821,-2.445,1.6605,1]},
{"frame":7,"values":[0.2205,-0.974,0.0522,0,0.9726,0.2236,0.0642,0,-0.0742,0.0366,0.9966,0,23.1821,-2.445,1.6605,1]},
{"frame":8,"values":[0.3141,-0.948,0.0505,0,0.9467,0.3168,0.0588,0,-0.0717,0.0293,0.997,0,23.1821,-2.445,1.6605,1]},
{"frame":9,"values":[0.4052,-0.913,0.0482,0,0.9117,0.4074,0.0535,0,-0.0685,0.0223,0.9974,0,23.1821,-2.445,1.6605,1]},
{"frame":10,"values":[0.4924,-0.8692,0.0454,0,0.868,0.4942,0.0485,0,-0.0646,0.0156,0.9978,0,23.1821,-2.445,1.6605,1]},
{"frame":11,"values":[0.5745,-0.8174,0.0422,0,0.8163,0.576,0.0438,0,-0.0601,0.0093,0.9982,0,23.1821,-2.445,1.6605,1]},
{"frame":12,"values":[0.6505,-0.7585,0.0385,0,0.7575,0.6517,0.0394,0,-0.055,0.0035,0.9985,0,23.1821,-2.445,1.6605,1]},
{"frame":13,"values":[0.557,-0.8293,0.0449,0,0.8282,0.5587,0.0448,0,-0.0622,0.0122,0.998,0,23.1821,-2.445,1.6605,1]},
{"frame":14,"values":[0.4547,-0.8892,0.0506,0,0.888,0.4569,0.0509,0,-0.0683,0.0218,0.9974,0,23.1821,-2.445,1.6605,1]},
{"frame":15,"values":[0.3455,-0.9368,0.0556,0,0.9355,0.3485,0.0576,0,-0.0733,0.0321,0.9968,0,23.1821,-2.445,1.6605,1]},
{"frame":16,"values":[0.2319,-0.9709,0.0597,0,0.9697,0.2356,0.0649,0,-0.077,0.0428,0.9961,0,23.1821,-2.445,1.6605,1]},
{"frame":17,"values":[0.1162,-0.9912,0.0629,0,0.99,0.1206,0.0725,0,-0.0794,0.0538,0.9954,0,23.1821,-2.445,1.6605,1]},
{"frame":18,"values":[-0.0318,-0.9975,0.0629,0,0.9964,-0.0267,0.0803,0,-0.0784,0.0652,0.9948,0,23.1821,-2.445,1.6605,1]}],"loopBehavior":1,"name":"anim","property":"_matrix"}},
{"name":"mixamorig:LeftHandMiddle2","index":14,"matrix":[0.6422,-0.7656,0.0371,0,0.7649,0.6433,0.0345,0,-0.0503,0.0062,0.9987,0,6.3689,-0.3109,0.167,1],"rest":[0.991,0.1341,-0.0042,0,-0.1342,0.991,-0.0031,0,0.0038,0.0036,1,0,6.3689,-0.3109,0.167,1],"parentBoneIndex":13,"length":6.1483
,"animation":{"dataType":3,"framePerSecond":24,"keys":[
{"frame":1,"values":[0.6422,-0.7656,0.0381,0,0.7647,0.6433,0.0376,0,-0.0533,0.005,0.9986,0,6.3689,-0.3109,0.167,1]},
{"frame":2,"values":[0.622,-0.7821,0.0381,0,0.7812,0.6231,0.0374,0,-0.053,0.0065,0.9986,0,6.3689,-0.3109,0.167,1]},
{"frame":3,"values":[0.6164,-0.7865,0.038,0,0.7857,0.6175,0.0372,0,-0.0527,0.0069,0.9986,0,6.3689,-0.3109,0.167,1]},
{"frame":4,"values":[0.632,-0.774,0.0379,0,0.7732,0.6331,0.037,0,-0.0527,0.006,0.9986,0,6.3689,-0.3109,0.167,1]},
{"frame":5,"values":[0.6557,-0.7541,0.0379,0,0.7532,0.6568,0.0368,0,-0.0526,0.0044,0.9986,0,6.3689,-0.3109,0.167,1]},
{"frame":6,"values":[0.6846,-0.7279,0.0378,0,0.727,0.6856,0.0366,0,-0.0526,0.0024,0.9986,0,6.3689,-0.3109,0.167,1]},
{"frame":7,"values":[0.7096,-0.7036,0.0378,0,0.7027,0.7106,0.0364,0,-0.0525,0.0007,0.9986,0,6.3689,-0.3109,0.167,1]},
{"frame":8,"values":[0.7337,-0.6784,0.0377,0,0.6775,0.7347,0.0362,0,-0.0523,-0.001,0.9986,0,6.3689,-0.3109,0.167,1]},
{"frame":9,"values":[0.757,-0.6524,0.0376,0,0.6514,0.7579,0.036,0,-0.052,-0.0028,0.9986,0,6.3689,-0.3109,0.167,1]},
{"frame":10,"values":[0.7793,-0.6256,0.0376,0,0.6245,0.7802,0.0358,0,-0.0517,-0.0045,0.9987,0,6.3689,-0.3109,0.167,1]},
{"frame":11,"values":[0.8006,-0.598,0.0375,0,0.5969,0.8015,0.0357,0,-0.0514,-0.0062,0.9987,0,6.3689,-0.3109,0.167,1]},
{"frame":12,"values":[0.821,-0.5697,0.0374,0,0.5686,0.8218,0.0355,0,-0.051,-0.0078,0.9987,0,6.3689,-0.3109,0.167,1]},
{"frame":13,"values":[0.796,-0.6041,0.0373,0,0.6031,0.7969,0.0353,0,-0.0511,-0.0056,0.9987,0,6.3689,-0.3109,0.167,1]},
{"frame":14,"values":[0.7696,-0.6374,0.0373,0,0.6365,0.7705,0.0351,0,-0.0511,-0.0033,0.9987,0,6.3689,-0.3109,0.167,1]},
{"frame":15,"values":[0.7417,-0.6697,0.0372,0,0.6687,0.7427,0.0349,0,-0.051,-0.001,0.9987,0,6.3689,-0.3109,0.167,1]},
{"frame":16,"values":[0.7126,-0.7006,0.0371,0,0.6998,0.7135,0.0347,0,-0.0508,0.0013,0.9987,0,6.3689,-0.3109,0.167,1]},
{"frame":17,"values":[0.6821,-0.7303,0.0371,0,0.7295,0.6831,0.0345,0,-0.0505,0.0035,0.9987,0,6.3689,-0.3109,0.167,1]},
{"frame":18,"values":[0.6422,-0.7656,0.0371,0,0.7649,0.6433,0.0345,0,-0.0503,0.0062,0.9987,0,6.3689,-0.3109,0.167,1]}],"loopBehavior":1,"name":"anim","property":"_matrix"}},
{"name":"mixamorig:LeftHandMiddle3","index":15,"matrix":[0.6655,-0.7457,0.0304,0,0.745,0.6662,0.0331,0,-0.045,0.0006,0.999,0,6.0425,-1.121,0.183,1],"rest":[1,-0.0048,-0.0038,0,0.0048,1,0.0008,0,0.0038,-0.0009,1,0,6.0425,-1.121,0.183,1],"parentBoneIndex":14,"length":6.5825
,"animation":{"dataType":3,"framePerSecond":24,"keys":[
{"frame":1,"values":[0.6655,-0.7457,0.0309,0,0.7449,0.6663,0.0342,0,-0.0461,0.0002,0.9989,0,6.0425,-1.121,0.183,1]},
{"frame":2,"values":[0.6584,-0.7521,0.0308,0,0.7513,0.6591,0.0341,0,-0.046,0.0007,0.9989,0,6.0425,-1.121,0.183,1]},
{"frame":3,"values":[0.6564,-0.7538,0.0308,0,0.753,0.6571,0.0341,0,-0.0459,0.0008,0.9989,0,6.0425,-1.121,0.183,1]},
{"frame":4,"values":[0.6619,-0.7489,0.0308,0,0.7482,0.6626,0.034,0,-0.0459,0.0005,0.9989,0,6.0425,-1.121,0.183,1]},
{"frame":5,"values":[0.6704,-0.7414,0.0307,0,0.7406,0.6711,0.0339,0,-0.0458,0,0.999,0,6.0425,-1.121,0.183,1]},
{"frame":6,"values":[0.6799,-0.7326,0.0307,0,0.7318,0.6806,0.0339,0,-0.0457,-0.0005,0.999,0,6.0425,-1.121,0.183,1]},
{"frame":7,"values":[0.6894,-0.7237,0.0307,0,0.7229,0.6901,0.0338,0,-0.0456,-0.0011,0.999,0,6.0425,-1.121,0.183,1]},
{"frame":8,"values":[0.6987,-0.7147,0.0307,0,0.7139,0.6994,0.0337,0,-0.0456,-0.0017,0.999,0,6.0425,-1.121,0.183,1]},
{"frame":9,"values":[0.708,-0.7056,0.0306,0,0.7048,0.7086,0.0337,0,-0.0455,-0.0022,0.999,0,6.0425,-1.121,0.183,1]},
{"frame":10,"values":[0.7171,-0.6963,0.0306,0,0.6955,0.7177,0.0336,0,-0.0454,-0.0028,0.999,0,6.0425,-1.121,0.183,1]},
{"frame":11,"values":[0.726,-0.687,0.0306,0,0.6862,0.7267,0.0335,0,-0.0453,-0.0034,0.999,0,6.0425,-1.121,0.183,1]},
{"frame":12,"values":[0.7349,-0.6775,0.0306,0,0.6767,0.7355,0.0335,0,-0.0452,-0.0039,0.999,0,6.0425,-1.121,0.183,1]},
{"frame":13,"values":[0.7243,-0.6888,0.0305,0,0.688,0.7249,0.0334,0,-0.0451,-0.0032,0.999,0,6.0425,-1.121,0.183,1]},
{"frame":14,"values":[0.7134,-0.7,0.0305,0,0.6993,0.7141,0.0333,0,-0.0451,-0.0025,0.999,0,6.0425,-1.121,0.183,1]},
{"frame":15,"values":[0.7025,-0.7111,0.0305,0,0.7103,0.7031,0.0333,0,-0.0451,-0.0017,0.999,0,6.0425,-1.121,0.183,1]},
{"frame":16,"values":[0.6913,-0.7219,0.0304,0,0.7212,0.692,0.0332,0,-0.045,-0.001,0.999,0,6.0425,-1.121,0.183,1]},
{"frame":17,"values":[0.68,-0.7326,0.0304,0,0.7319,0.6806,0.0331,0,-0.045,-0.0003,0.999,0,6.0425,-1.121,0.183,1]},
{"frame":18,"values":[0.6655,-0.7457,0.0304,0,0.745,0.6662,0.0331,0,-0.045,0.0006,0.999,0,6.0425,-1.121,0.183,1]}],"loopBehavior":1,"name":"anim","property":"_matrix"}},
{"name":"mixamorig:LeftHandMiddle4","index":16,"matrix":[1,0,0,0,0,1,0,0,0,0,1,0,6.4741,-1.1689,0.2214,1],"rest":[1,0,0,0,0,1,0,0,0,0,1,0,6.4741,-1.1689,0.2214,1],"parentBoneIndex":15,"length":6.5825
,"animation":{"dataType":3,"framePerSecond":24,"keys":[
{"frame":1,"values":[1,0,0,0,0,1,0,0,0,0,1,0,6.4741,-1.1689,0.2214,1]},
{"frame":18,"values":[1,0,0,0,0,1,0,0,0,0,1,0,6.4741,-1.1689,0.2214,1]}],"loopBehavior":1,"name":"anim","property":"_matrix"}},
{"name":"mixamorig:LeftHandThumb1","index":17,"matrix":[0.9878,0.1554,-0.0126,0,-0.1556,0.9878,-0.011,0,0.0107,0.0129,0.9999,0,6.4451,-3.6637,6.4601,1],"rest":[0.993,-0.1184,-0.0054,0,0.1183,0.9883,0.0962,0,-0.006,-0.0961,0.9953,0,6.4451,-3.6637,6.4601,1],"parentBoneIndex":12,"length":8.4798
,"animation":{"dataType":3,"framePerSecond":24,"keys":[
{"frame":1,"values":[0.9878,0.1554,-0.0126,0,-0.1556,0.9878,-0.011,0,0.0107,0.0129,0.9999,0,6.4451,-3.6637,6.4601,1]},
{"frame":2,"values":[0.9835,0.1803,-0.0149,0,-0.1807,0.9833,-0.0239,0,0.0104,0.0262,0.9996,0,6.4451,-3.6637,6.4601,1]},
{"frame":3,"values":[0.9822,0.1871,-0.0156,0,-0.1874,0.9819,-0.0273,0,0.0102,0.0298,0.9995,0,6.4451,-3.6637,6.4601,1]},
{"frame":4,"values":[0.9857,0.168,-0.0137,0,-0.1683,0.9856,-0.0175,0,0.0105,0.0196,0.9998,0,6.4451,-3.6637,6.4601,1]},
{"frame":5,"values":[0.9903,0.1384,-0.0113,0,-0.1384,0.9904,-0.0023,0,0.0108,0.0038,0.9999,0,6.4451,-3.6637,6.4601,1]},
{"frame":6,"values":[0.9949,0.1008,-0.0092,0,-0.1006,0.9948,0.0152,0,0.0107,-0.0142,0.9998,0,6.4451,-3.6637,6.4601,1]},
{"frame":7,"values":[0.9977,0.0669,-0.009,0,-0.0665,0.9972,0.0328,0,0.0112,-0.0321,0.9994,0,6.4451,-3.6637,6.4601,1]},
{"frame":8,"values":[0.9994,0.0329,-0.0094,0,-0.0323,0.9982,0.0504,0,0.011,-0.05,0.9987,0,6.4451,-3.6637,6.4601,1]},
{"frame":9,"values":[0.9999,-0.0012,-0.0104,0,0.0019,0.9977,0.0679,0,0.0103,-0.0679,0.9976,0,6.4451,-3.6637,6.4601,1]},
{"frame":10,"values":[0.9993,-0.0353,-0.012,0,0.0361,0.9957,0.0854,0,0.0089,-0.0858,0.9963,0,6.4451,-3.6637,6.4601,1]},
{"frame":11,"values":[0.9975,-0.0692,-0.0141,0,0.0703,0.9922,0.1028,0,0.0069,-0.1035,0.9946,0,6.4451,-3.6637,6.4601,1]},
{"frame":12,"values":[0.9945,-0.103,-0.0169,0,0.1042,0.9873,0.12,0,0.0043,-0.1211,0.9926,0,6.4451,-3.6637,6.4601,1]},
{"frame":13,"values":[0.998,-0.0617,-0.0137,0,0.0628,0.9931,0.0993,0,0.0074,-0.1,0.995,0,6.4451,-3.6637,6.4601,1]},
{"frame":14,"values":[0.9997,-0.0203,-0.0113,0,0.0211,0.9967,0.0784,0,0.0096,-0.0787,0.9969,0,6.4451,-3.6637,6.4601,1]},
{"frame":15,"values":[0.9997,0.0212,-0.0098,0,-0.0206,0.9981,0.0574,0,0.011,-0.0572,0.9983,0,6.4451,-3.6637,6.4601,1]},
{"frame":16,"values":[0.998,0.0627,-0.0091,0,-0.0624,0.9974,0.0364,0,0.0114,-0.0357,0.9993,0,6.4451,-3.6637,6.4601,1]},
{"frame":17,"values":[0.9945,0.1041,-0.0094,0,-0.1039,0.9945,0.0153,0,0.0109,-0.0142,0.9998,0,6.4451,-3.6637,6.4601,1]},
{"frame":18,"values":[0.9878,0.1554,-0.0126,0,-0.1556,0.9878,-0.011,0,0.0107,0.0129,0.9999,0,6.4451,-3.6637,6.4601,1]}],"loopBehavior":1,"name":"anim","property":"_matrix"}},
{"name":"mixamorig:LeftHandThumb2","index":18,"matrix":[0.9586,0.1028,-0.2657,0,-0.0695,0.9889,0.1316,0,0.2763,-0.1077,0.955,0,6.2606,-2.6017,5.0935,1],"rest":[0.9927,0.0626,0.1035,0,-0.0529,0.9941,-0.0942,0,-0.1088,0.088,0.9902,0,6.2606,-2.6017,5.0935,1],"parentBoneIndex":17,"length":7.8274
,"animation":{"dataType":3,"framePerSecond":24,"keys":[
{"frame":1,"values":[0.9557,0.1063,-0.2746,0,-0.0701,0.9879,0.1384,0,0.286,-0.1131,0.9516,0,6.2606,-2.6017,5.0935,1]},
{"frame":2,"values":[0.9559,0.1061,-0.274,0,-0.0701,0.9879,0.138,0,0.2853,-0.1127,0.9518,0,6.2606,-2.6017,5.0935,1]},
{"frame":3,"values":[0.956,0.1059,-0.2735,0,-0.0701,0.988,0.1376,0,0.2847,-0.1124,0.952,0,6.2606,-2.6017,5.0935,1]},
{"frame":4,"values":[0.9562,0.1056,-0.2729,0,-0.07,0.9881,0.1372,0,0.2841,-0.1121,0.9522,0,6.2606,-2.6017,5.0935,1]},
{"frame":5,"values":[0.9564,0.1054,-0.2724,0,-0.07,0.9881,0.1367,0,0.2835,-0.1117,0.9524,0,6.2606,-2.6017,5.0935,1]},
{"frame":6,"values":[0.9566,0.1052,-0.2718,0,-0.0699,0.9882,0.1363,0,0.2829,-0.1114,0.9526,0,6.2606,-2.6017,5.0935,1]},
{"frame":7,"values":[0.9568,0.105,-0.2713,0,-0.0699,0.9883,0.1359,0,0.2823,-0.1111,0.9529,0,6.2606,-2.6017,5.0935,1]},
{"frame":8,"values":[0.9569,0.1048,-0.2707,0,-0.0699,0.9883,0.1355,0,0.2817,-0.1107,0.9531,0,6.2606,-2.6017,5.0935,1]},
{"frame":9,"values":[0.9571,0.1045,-0.2702,0,-0.0698,0.9884,0.135,0,0.2811,-0.1104,0.9533,0,6.2606,-2.6017,5.0935,1]},
{"frame":10,"values":[0.9573,0.1043,-0.2696,0,-0.0698,0.9884,0.1346,0,0.2805,-0.11,0.9535,0,6.2606,-2.6017,5.0935,1]},
