{"producer":{"name":"Blender","version":"2.79 (sub 0)","exporter_version":"5.6.4","file":"sneakywalk.babylon"},
"autoClear":true,"clearColor":[0.0509,0.0509,0.0509],"ambientColor":[0,0,0],"gravity":[0,-9.81,0],
"materials":[{"name":"sneakywalk.Material","id":"sneakywalk.Material","ambient":[0,0,0],"diffuse":[0,0,0],"specular":[0,0,0],"emissive":[0,0,0],"specularPower":50,"alpha":0.001,"backFaceCulling":true,"checkReadyOnlyOnce":false,"maxSimultaneousLights":4}],
"multiMaterials":[],
"skeletons":[{"name":"Armature","id":0,"dimensionsAtRest":[379.1952,391.6652,55.677],"bones":[
{"name":"mixamorig:Hips","index":0,"matrix":[0.9911,-0.0137,0.1327,0,0.002,0.9961,0.088,0,0.1334,0.087,-0.9872,0,1.4623,176.4748,0.6347,1],"rest":[1,0,0,0,0,1,0,0,0,0,-1,0,0,201.6394,0,1],"parentBoneIndex":-1,"length":21.6784
,"animation":{"dataType":3,"framePerSecond":24,"keys":[
{"frame":1,"values":[0.991,-0.0141,0.1327,0,0.0024,0.9961,0.0881,0,0.1335,0.087,-0.9872,0,1.4798,176.4395,0.7307,1]},
{"frame":2,"values":[0.993,-0.0172,0.117,0,0.0062,0.9956,0.0938,0,0.1181,0.0924,-0.9887,0,0.6452,176.2979,-0.8904,1]},
{"frame":3,"values":[0.9941,-0.0222,0.1059,0,0.0115,0.9949,0.1001,0,0.1076,0.0983,-0.9893,0,-0.1002,175.5126,-1.0874,1]},
{"frame":4,"values":[0.993,-0.026,0.1152,0,0.014,0.9945,0.1041,0,0.1173,0.1017,-0.9879,0,-0.8466,175.1473,-0.3273,1]},
{"frame":5,"values":[0.991,-0.0245,0.1318,0,0.0095,0.9935,0.1131,0,0.1338,0.1108,-0.9848,0,-1.7075,175.0494,0.6248,1]},
{"frame":6,"values":[0.99,-0.0131,0.1408,0,-0.0058,0.9911,0.1331,0,0.1413,0.1326,-0.981,0,-2.7805,175.1586,1.223,1]},
{"frame":7,"values":[0.9897,0.0006,0.1429,0,-0.0235,0.987,0.159,0,0.141,0.1607,-0.9769,0,-3.3167,175.2047,2.0466,1]},
{"frame":8,"values":[0.9925,0.0117,0.1219,0,-0.0333,0.9838,0.1761,0,0.1178,0.1789,-0.9768,0,-3.8529,175.3152,3.2715,1]},
{"frame":9,"values":[0.9947,0.0219,0.1008,0,-0.0412,0.9803,0.1932,0,0.0946,0.1964,-0.976,0,-4.389,175.5372,4.0217,1]},
{"frame":10,"values":[0.9963,0.0313,0.0797,0,-0.0475,0.9765,0.2103,0,0.0712,0.2133,-0.9744,0,-4.9252,175.6569,4.7719,1]},
{"frame":11,"values":[0.9976,0.0367,0.0585,0,-0.0491,0.9726,0.2272,0,0.0486,0.2295,-0.9721,0,-5.4614,175.6124,5.5221,1]},
{"frame":12,"values":[0.9984,0.0421,0.0373,0,-0.05,0.9685,0.244,0,0.0259,0.2455,-0.9691,0,-5.9975,175.1148,6.2723,1]},
{"frame":13,"values":[0.9991,0.0405,0.0161,0,-0.0433,0.9644,0.2607,0,0.005,0.2612,-0.9653,0,-5.3136,174.6172,7.0225,1]},
{"frame":14,"values":[0.9992,0.0391,-0.0051,0,-0.0362,0.9601,0.2772,0,-0.0158,0.2768,-0.9608,0,-4.6297,174.1196,7.7727,1]},
{"frame":15,"values":[0.9989,0.0376,-0.0263,0,-0.0295,0.9651,0.2601,0,-0.0352,0.2591,-0.9652,0,-3.9458,173.6219,6.5175,1]},
{"frame":16,"values":[0.9976,0.0506,-0.0473,0,-0.0377,0.9694,0.2426,0,-0.0581,0.2403,-0.969,0,-3.2619,173.1243,5.2623,1]},
{"frame":17,"values":[0.9956,0.0632,-0.0685,0,-0.0463,0.9732,0.2253,0,-0.0809,0.2211,-0.9719,0,-2.578,172.6267,4.0072,1]},
{"frame":18,"values":[0.9931,0.0753,-0.0899,0,-0.0553,0.9766,0.208,0,-0.1034,0.2016,-0.974,0,-1.8941,172.1291,2.752,1]},
{"frame":19,"values":[0.9899,0.0883,-0.1106,0,-0.0661,0.9795,0.1901,0,-0.1251,0.1809,-0.9755,0,-1.2102,172.8841,1.4969,1]},
{"frame":20,"values":[0.9862,0.1008,-0.1316,0,-0.0773,0.982,0.1723,0,-0.1466,0.1598,-0.9762,0,-0.5263,173.639,0.2417,1]},
{"frame":21,"values":[0.9818,0.1128,-0.1527,0,-0.0889,0.9839,0.1547,0,-0.1677,0.1383,-0.9761,0,0.1576,174.3939,-1.0134,1]},
{"frame":22,"values":[0.9769,0.1243,-0.1739,0,-0.1009,0.9854,0.1374,0,-0.1885,0.1166,-0.9751,0,0.8416,175.1488,-2.2686,1]},
{"frame":23,"values":[0.9713,0.1361,-0.1948,0,-0.1142,0.9862,0.1197,0,-0.2084,0.094,-0.9735,0,1.5255,174.7117,-3.5238,1]},
{"frame":24,"values":[0.9652,0.1478,-0.2156,0,-0.1283,0.9865,0.1021,0,-0.2277,0.0709,-0.9711,0,2.2094,174.2746,-2.4054,1]},
{"frame":25,"values":[0.9674,0.1608,-0.1957,0,-0.1408,0.9837,0.1119,0,-0.2105,0.0807,-0.9743,0,2.8933,173.8374,-1.2869,1]},
{"frame":26,"values":[0.9728,0.1509,-0.1757,0,-0.1307,0.9839,0.1216,0,-0.1912,0.0954,-0.9769,0,3.5772,173.4003,-0.1685,1]},
{"frame":27,"values":[0.9777,0.1408,-0.1557,0,-0.1207,0.9839,0.1316,0,-0.1717,0.1098,-0.979,0,4.2611,172.9632,0.9499,1]},
{"frame":28,"values":[0.9821,0.1307,-0.1355,0,-0.1115,0.9837,0.1412,0,-0.1517,0.1236,-0.9807,0,4.945,173.1456,2.0683,1]},
{"frame":29,"values":[0.986,0.1204,-0.1153,0,-0.1024,0.9832,0.151,0,-0.1315,0.1371,-0.9818,0,5.6289,173.328,3.1867,1]},
{"frame":30,"values":[0.9894,0.1098,-0.0952,0,-0.0935,0.9825,0.161,0,-0.1112,0.1504,-0.9824,0,6.3128,173.5104,4.3051,1]},
{"frame":31,"values":[0.9922,0.0992,-0.0749,0,-0.0853,0.9816,0.1707,0,-0.0905,0.163,-0.9825,0,6.9967,173.2844,5.4235,1]},
{"frame":32,"values":[0.9946,0.0888,-0.0546,0,-0.0777,0.9806,0.1802,0,-0.0695,0.175,-0.9821,0,6.5248,173.0585,6.5419,1]},
{"frame":33,"values":[0.9964,0.0781,-0.0343,0,-0.0702,0.9793,0.1898,0,-0.0484,0.1867,-0.9812,0,6.0528,172.8326,7.6603,1]},
{"frame":34,"values":[0.9976,0.0671,-0.014,0,-0.063,0.9779,0.1996,0,-0.0271,0.1982,-0.9798,0,5.5808,172.6066,8.7787,1]},
{"frame":35,"values":[0.9984,0.0563,0.0063,0,-0.0564,0.9763,0.209,0,-0.0056,0.209,-0.9779,0,5.1088,173.0659,9.8971,1]},
{"frame":36,"values":[0.998,0.057,0.0266,0,-0.0614,0.9739,0.2183,0,0.0135,0.2195,-0.9755,0,4.6369,173.5252,11.0155,1]},
{"frame":37,"values":[0.998,0.0426,0.0462,0,-0.0508,0.98,0.1926,0,0.0371,0.1945,-0.9802,0,4.1649,173.9845,9.3288,1]},
{"frame":38,"values":[0.9974,0.0287,0.0662,0,-0.0395,0.9852,0.1669,0,0.0604,0.1691,-0.9838,0,3.6929,174.4438,7.6421,1]},
{"frame":39,"values":[0.9961,0.0154,0.0865,0,-0.0275,0.9896,0.1413,0,0.0834,0.1432,-0.9862,0,3.2209,174.9031,5.9554,1]},
{"frame":40,"values":[0.9943,0.0025,0.107,0,-0.015,0.9931,0.1159,0,0.106,0.1169,-0.9875,0,2.749,175.3624,4.2687,1]},
{"frame":41,"values":[0.9917,-0.0097,0.1279,0,-0.002,0.9959,0.0908,0,0.1282,0.0903,-0.9876,0,2.277,175.8217,2.5819,1]},
{"frame":42,"values":[0.9911,-0.0137,0.1327,0,0.002,0.9961,0.088,0,0.1334,0.087,-0.9872,0,1.4623,176.4748,0.6347,1]}],"loopBehavior":1,"name":"anim","property":"_matrix"}},
{"name":"mixamorig:Spine","index":1,"matrix":[0.9978,-0.021,0.0629,0,0.0171,0.9979,0.0624,0,-0.064,-0.0612,0.9961,0,0.0062,19.525,-2.4818,1],"rest":[1,0,0,0,0,1,0,0,0,0,1,0,0.0062,19.525,-2.4818,1],"parentBoneIndex":0,"length":23.0091
,"animation":{"dataType":3,"framePerSecond":24,"keys":[
{"frame":1,"values":[0.9978,-0.0206,0.063,0,0.0166,0.9979,0.0624,0,-0.0641,-0.0612,0.9961,0,0.0062,19.525,-2.4818,1]},
{"frame":2,"values":[0.998,-0.0072,0.0628,0,0.003,0.9978,0.066,0,-0.0631,-0.0657,0.9958,0,0.0062,19.525,-2.4818,1]},
{"frame":3,"values":[0.9978,0.0108,0.0657,0,-0.0155,0.9974,0.0709,0,-0.0648,-0.0717,0.9953,0,0.0062,19.525,-2.4818,1]},
{"frame":4,"values":[0.9973,0.0268,0.0683,0,-0.0321,0.9965,0.077,0,-0.066,-0.079,0.9947,0,0.0062,19.525,-2.4818,1]},
{"frame":5,"values":[0.9971,0.0375,0.0659,0,-0.0429,0.9956,0.0832,0,-0.0625,-0.0858,0.9944,0,0.0062,19.525,-2.4818,1]},
{"frame":6,"values":[0.9977,0.0386,0.0558,0,-0.0434,0.9951,0.0889,0,-0.0521,-0.0912,0.9945,0,0.0062,19.525,-2.4818,1]},
{"frame":7,"values":[0.9984,0.0357,0.0438,0,-0.0397,0.9947,0.0947,0,-0.0402,-0.0963,0.9945,0,0.0062,19.525,-2.4818,1]},
{"frame":8,"values":[0.9988,0.0336,0.0342,0,-0.0369,0.9943,0.1002,0,-0.0306,-0.1013,0.9944,0,0.0062,19.525,-2.4818,1]},
{"frame":9,"values":[0.9991,0.0324,0.0255,0,-0.0349,0.9939,0.1045,0,-0.0219,-0.1053,0.9942,0,0.0062,19.525,-2.4818,1]},
{"frame":10,"values":[0.9993,0.0319,0.0188,0,-0.0338,0.9936,0.1075,0,-0.0153,-0.1081,0.994,0,0.0062,19.525,-2.4818,1]},
{"frame":11,"values":[0.9994,0.0338,0.0122,0,-0.0349,0.9934,0.109,0,-0.0084,-0.1094,0.994,0,0.0062,19.525,-2.4818,1]},
{"frame":12,"values":[0.9993,0.0357,0.0055,0,-0.036,0.9938,0.1054,0,-0.0017,-0.1056,0.9944,0,0.0062,19.525,-2.4818,1]},
{"frame":13,"values":[0.9993,0.0375,-0.0011,0,-0.0372,0.9941,0.1019,0,0.005,-0.1018,0.9948,0,0.0062,19.525,-2.4818,1]},
{"frame":14,"values":[0.9992,0.0394,-0.0078,0,-0.0384,0.9944,0.0983,0,0.0116,-0.098,0.9951,0,0.0062,19.525,-2.4818,1]},
{"frame":15,"values":[0.9994,0.0311,-0.0145,0,-0.0296,0.9951,0.0948,0,0.0173,-0.0943,0.9954,0,0.0062,19.525,-2.4818,1]},
{"frame":16,"values":[0.9997,0.0228,-0.0132,0,-0.0215,0.9956,0.0912,0,0.0152,-0.0909,0.9957,0,0.0062,19.525,-2.4818,1]},
{"frame":17,"values":[0.9998,0.0145,-0.0119,0,-0.0134,0.9961,0.0876,0,0.0131,-0.0874,0.9961,0,0.0062,19.525,-2.4818,1]},
{"frame":18,"values":[0.9999,0.0062,-0.0105,0,-0.0053,0.9964,0.0841,0,0.011,-0.084,0.9964,0,0.0062,19.525,-2.4818,1]},
{"frame":19,"values":[0.9998,-0.002,-0.0204,0,0.0036,0.9967,0.0807,0,0.0202,-0.0807,0.9965,0,0.0062,19.525,-2.4818,1]},
{"frame":20,"values":[0.9995,-0.0102,-0.0303,0,0.0125,0.9969,0.0772,0,0.0294,-0.0775,0.9966,0,0.0062,19.525,-2.4818,1]},
{"frame":21,"values":[0.999,-0.0184,-0.0401,0,0.0214,0.9971,0.0736,0,0.0386,-0.0744,0.9965,0,0.0062,19.525,-2.4818,1]},
{"frame":22,"values":[0.9984,-0.0267,-0.0499,0,0.0302,0.9971,0.07,0,0.0479,-0.0714,0.9963,0,0.0062,19.525,-2.4818,1]},
{"frame":23,"values":[0.9976,-0.035,-0.0597,0,0.039,0.997,0.0663,0,0.0572,-0.0684,0.996,0,0.0062,19.525,-2.4818,1]},
{"frame":24,"values":[0.9966,-0.0434,-0.0694,0,0.0477,0.9969,0.0625,0,0.0665,-0.0656,0.9956,0,0.0062,19.525,-2.4818,1]},
{"frame":25,"values":[0.9968,-0.0516,-0.0616,0,0.0556,0.9964,0.0635,0,0.0581,-0.0667,0.9961,0,0.0062,19.525,-2.4818,1]},
{"frame":26,"values":[0.9967,-0.0599,-0.0539,0,0.0633,0.996,0.0628,0,0.0499,-0.066,0.9966,0,0.0062,19.525,-2.4818,1]},
{"frame":27,"values":[0.9974,-0.0555,-0.0461,0,0.0583,0.9964,0.0621,0,0.0425,-0.0647,0.997,0,0.0062,19.525,-2.4818,1]},
{"frame":28,"values":[0.998,-0.0511,-0.0383,0,0.0534,0.9967,0.0614,0,0.0351,-0.0634,0.9974,0,0.0062,19.525,-2.4818,1]},
{"frame":29,"values":[0.9984,-0.0466,-0.0306,0,0.0485,0.9968,0.063,0,0.0275,-0.0644,0.9975,0,0.0062,19.525,-2.4818,1]},
{"frame":30,"values":[0.9989,-0.0422,-0.0228,0,0.0436,0.997,0.0645,0,0.02,-0.0654,0.9977,0,0.0062,19.525,-2.4818,1]},
{"frame":31,"values":[0.9992,-0.0377,-0.015,0,0.0386,0.9972,0.0635,0,0.0126,-0.064,0.9979,0,0.0062,19.525,-2.4818,1]},
{"frame":32,"values":[0.9992,-0.0405,-0.0073,0,0.0409,0.9972,0.0625,0,0.0047,-0.0627,0.998,0,0.0062,19.525,-2.4818,1]},
{"frame":33,"values":[0.9991,-0.0434,0.0005,0,0.0432,0.9972,0.0615,0,-0.0032,-0.0614,0.9981,0,0.0062,19.525,-2.4818,1]},
{"frame":34,"values":[0.9989,-0.0462,0.0083,0,0.0456,0.9971,0.0605,0,-0.0111,-0.0601,0.9981,0,0.0062,19.525,-2.4818,1]},
{"frame":35,"values":[0.9987,-0.049,0.0161,0,0.0479,0.9971,0.0596,0,-0.0189,-0.0587,0.9981,0,0.0062,19.525,-2.4818,1]},
{"frame":36,"values":[0.9984,-0.0518,0.0238,0,0.0503,0.997,0.0586,0,-0.0268,-0.0573,0.998,0,0.0062,19.525,-2.4818,1]},
{"frame":37,"values":[0.9984,-0.0469,0.0316,0,0.0451,0.9973,0.0577,0,-0.0342,-0.0561,0.9978,0,0.0062,19.525,-2.4818,1]},
{"frame":38,"values":[0.9983,-0.0421,0.0394,0,0.0399,0.9976,0.0566,0,-0.0417,-0.055,0.9976,0,0.0062,19.525,-2.4818,1]},
{"frame":39,"values":[0.9982,-0.0373,0.0472,0,0.0346,0.9977,0.0576,0,-0.0492,-0.0559,0.9972,0,0.0062,19.525,-2.4818,1]},
{"frame":40,"values":[0.998,-0.0325,0.0549,0,0.0293,0.9979,0.0586,0,-0.0567,-0.0569,0.9968,0,0.0062,19.525,-2.4818,1]},
{"frame":41,"values":[0.9976,-0.0277,0.0627,0,0.0239,0.9979,0.0595,0,-0.0642,-0.0579,0.9963,0,0.0062,19.525,-2.4818,1]},
{"frame":42,"values":[0.9978,-0.021,0.0629,0,0.0171,0.9979,0.0624,0,-0.064,-0.0612,0.9961,0,0.0062,19.525,-2.4818,1]}],"loopBehavior":1,"name":"anim","property":"_matrix"}},
{"name":"mixamorig:Spine1","index":2,"matrix":[0.9907,0.001,0.1361,0,-0.0194,0.9907,0.1344,0,-0.1347,-0.1358,0.9815,0,-0.0009,22.835,-2.8254,1],"rest":[1,0,0,0,0,1,0,0,0,0,1,0,-0.0009,22.835,-2.8254,1],"parentBoneIndex":1,"length":26.7438
,"animation":{"dataType":3,"framePerSecond":24,"keys":[
{"frame":1,"values":[0.9907,0.001,0.1361,0,-0.0194,0.9907,0.1344,0,-0.1347,-0.1358,0.9815,0,-0.0009,22.835,-2.8254,1]},
{"frame":2,"values":[0.9911,0.0059,0.1328,0,-0.0248,0.9896,0.1414,0,-0.1306,-0.1434,0.981,0,-0.0009,22.835,-2.8254,1]},
{"frame":3,"values":[0.9915,0.0109,0.1294,0,-0.0301,0.9886,0.1478,0,-0.1263,-0.1504,0.9805,0,-0.0009,22.835,-2.8254,1]},
{"frame":4,"values":[0.992,0.0157,0.1249,0,-0.0351,0.9873,0.1551,0,-0.1209,-0.1582,0.98,0,-0.0009,22.835,-2.8254,1]},
{"frame":5,"values":[0.9931,0.0199,0.1156,0,-0.0389,0.9856,0.1648,0,-0.1107,-0.1681,0.9795,0,-0.0009,22.835,-2.8254,1]},
{"frame":6,"values":[0.9947,0.0222,0.1003,0,-0.0398,0.9834,0.177,0,-0.0948,-0.18,0.9791,0,-0.0009,22.835,-2.8254,1]},
{"frame":7,"values":[0.9964,0.0193,0.0825,0,-0.0347,0.9813,0.1894,0,-0.0773,-0.1915,0.9784,0,-0.0009,22.835,-2.8254,1]},
{"frame":8,"values":[0.9977,0.0164,0.0659,0,-0.0293,0.9795,0.1993,0,-0.0612,-0.2007,0.9777,0,-0.0009,22.835,-2.8254,1]},
{"frame":9,"values":[0.9987,0.0135,0.0492,0,-0.0234,0.9782,0.2065,0,-0.0453,-0.2074,0.9772,0,-0.0009,22.835,-2.8254,1]},
{"frame":10,"values":[0.9994,0.0106,0.0324,0,-0.0173,0.977,0.2126,0,-0.0294,-0.213,0.9766,0,-0.0009,22.835,-2.8254,1]},
{"frame":11,"values":[0.9998,0.0077,0.0157,0,-0.0109,0.9764,0.2155,0,-0.0137,-0.2157,0.9764,0,-0.0009,22.835,-2.8254,1]},
{"frame":12,"values":[1,0.0048,-0.001,0,-0.0045,0.9758,0.2184,0,0.002,-0.2184,0.9759,0,-0.0009,22.835,-2.8254,1]},
{"frame":13,"values":[0.9998,0.0021,-0.0178,0,0.0017,0.9776,0.2104,0,0.0178,-0.2104,0.9775,0,-0.0009,22.835,-2.8254,1]},
{"frame":14,"values":[0.9994,-0.0008,-0.0345,0,0.0078,0.9793,0.2022,0,0.0336,-0.2024,0.9787,0,-0.0009,22.835,-2.8254,1]},
{"frame":15,"values":[0.9987,-0.0039,-0.0512,0,0.0137,0.9809,0.194,0,0.0495,-0.1944,0.9797,0,-0.0009,22.835,-2.8254,1]},
{"frame":16,"values":[0.9988,-0.0068,-0.0492,0,0.0158,0.9824,0.1859,0,0.0471,-0.1864,0.9813,0,-0.0009,22.835,-2.8254,1]},
{"frame":17,"values":[0.9988,-0.0097,-0.0472,0,0.0179,0.9839,0.1778,0,0.0448,-0.1785,0.9829,0,-0.0009,22.835,-2.8254,1]},
{"frame":18,"values":[0.9981,-0.0123,-0.06,0,0.0224,0.9852,0.1697,0,0.0571,-0.1707,0.9837,0,-0.0009,22.835,-2.8254,1]},
{"frame":19,"values":[0.9972,-0.015,-0.0728,0,0.0267,0.9865,0.1615,0,0.0694,-0.163,0.9842,0,-0.0009,22.835,-2.8254,1]},
{"frame":20,"values":[0.9962,-0.0179,-0.0855,0,0.0309,0.9877,0.1532,0,0.0817,-0.1553,0.9845,0,-0.0009,22.835,-2.8254,1]},
{"frame":21,"values":[0.9949,-0.0208,-0.0982,0,0.035,0.9888,0.1449,0,0.0941,-0.1476,0.9846,0,-0.0009,22.835,-2.8254,1]},
{"frame":22,"values":[0.9935,-0.0238,-0.1109,0,0.039,0.9899,0.1366,0,0.1065,-0.14,0.9844,0,-0.0009,22.835,-2.8254,1]},
{"frame":23,"values":[0.992,-0.0269,-0.1235,0,0.0428,0.9908,0.1281,0,0.1189,-0.1324,0.984,0,-0.0009,22.835,-2.8254,1]},
{"frame":24,"values":[0.9936,-0.0299,-0.1092,0,0.043,0.9918,0.1202,0,0.1047,-0.1241,0.9867,0,-0.0009,22.835,-2.8254,1]},
{"frame":25,"values":[0.9949,-0.0328,-0.0949,0,0.0444,0.9915,0.1224,0,0.0901,-0.126,0.9879,0,-0.0009,22.835,-2.8254,1]},
{"frame":26,"values":[0.9963,-0.031,-0.0806,0,0.0409,0.9914,0.1247,0,0.076,-0.1275,0.9889,0,-0.0009,22.835,-2.8254,1]},
{"frame":27,"values":[0.9974,-0.0292,-0.0663,0,0.0372,0.9917,0.1232,0,0.0621,-0.1254,0.9902,0,-0.0009,22.835,-2.8254,1]},
{"frame":28,"values":[0.9983,-0.0273,-0.0519,0,0.0335,0.992,0.1217,0,0.0482,-0.1233,0.9912,0,-0.0009,22.835,-2.8254,1]},
{"frame":29,"values":[0.999,-0.0254,-0.0376,0,0.0299,0.9918,0.1241,0,0.0341,-0.1251,0.9916,0,-0.0009,22.835,-2.8254,1]},
{"frame":30,"values":[0.9995,-0.0235,-0.0232,0,0.0263,0.9916,0.1264,0,0.02,-0.1269,0.9917,0,-0.0009,22.835,-2.8254,1]},
{"frame":31,"values":[0.9997,-0.0216,-0.0088,0,0.0226,0.9914,0.1286,0,0.006,-0.1288,0.9917,0,-0.0009,22.835,-2.8254,1]},
{"frame":32,"values":[0.9998,-0.0198,0.0055,0,0.0189,0.9912,0.1308,0,-0.0081,-0.1307,0.9914,0,-0.0009,22.835,-2.8254,1]},
{"frame":33,"values":[0.9996,-0.018,0.0199,0,0.0152,0.991,0.133,0,-0.0221,-0.1326,0.9909,0,-0.0009,22.835,-2.8254,1]},
{"frame":34,"values":[0.9993,-0.0162,0.0343,0,0.0114,0.9908,0.1351,0,-0.0362,-0.1346,0.9902,0,-0.0009,22.835,-2.8254,1]},
{"frame":35,"values":[0.9987,-0.0144,0.0487,0,0.0076,0.9905,0.1371,0,-0.0502,-0.1366,0.9894,0,-0.0009,22.835,-2.8254,1]},
{"frame":36,"values":[0.9979,-0.0126,0.063,0,0.004,0.9909,0.1348,0,-0.0641,-0.1343,0.9889,0,-0.0009,22.835,-2.8254,1]},
{"frame":37,"values":[0.9969,-0.0108,0.0774,0,0.0004,0.9912,0.1325,0,-0.0781,-0.1321,0.9882,0,-0.0009,22.835,-2.8254,1]},
{"frame":38,"values":[0.9957,-0.0089,0.0917,0,-0.0031,0.9915,0.1301,0,-0.0921,-0.1298,0.9873,0,-0.0009,22.835,-2.8254,1]},
{"frame":39,"values":[0.9943,-0.007,0.106,0,-0.0066,0.9918,0.1277,0,-0.106,-0.1276,0.9861,0,-0.0009,22.835,-2.8254,1]},
{"frame":40,"values":[0.9927,-0.0051,0.1203,0,-0.01,0.9921,0.1252,0,-0.12,-0.1255,0.9848,0,-0.0009,22.835,-2.8254,1]},
{"frame":41,"values":[0.9909,-0.0033,0.1345,0,-0.0141,0.9917,0.1281,0,-0.1338,-0.1288,0.9826,0,-0.0009,22.835,-2.8254,1]},
{"frame":42,"values":[0.9907,0.001,0.1361,0,-0.0194,0.9907,0.1344,0,-0.1347,-0.1358,0.9815,0,-0.0009,22.835,-2.8254,1]}],"loopBehavior":1,"name":"anim","property":"_matrix"}},
{"name":"mixamorig:Spine2","index":3,"matrix":[0.9906,0.0014,0.1368,0,-0.0198,0.9909,0.1335,0,-0.1354,-0.1349,0.9816,0,-0.0206,26.5525,-3.1933,1],"rest":[1,0,0,0,0,1,0,0,0,0,1,0,-0.0206,26.5525,-3.1933,1],"parentBoneIndex":2,"length":24.825
,"animation":{"dataType":3,"framePerSecond":24,"keys":[
{"frame":1,"values":[0.9906,0.0014,0.1368,0,-0.0198,0.9909,0.1335,0,-0.1354,-0.1349,0.9816,0,-0.0206,26.5525,-3.1933,1]},
{"frame":2,"values":[0.991,0.0062,0.1335,0,-0.0251,0.9898,0.1405,0,-0.1312,-0.1426,0.981,0,-0.0206,26.5525,-3.1933,1]},
{"frame":3,"values":[0.9915,0.0111,0.1299,0,-0.0304,0.9886,0.1472,0,-0.1268,-0.1499,0.9805,0,-0.0206,26.5525,-3.1933,1]},
{"frame":4,"values":[0.992,0.0158,0.125,0,-0.0352,0.9873,0.1549,0,-0.1209,-0.1581,0.98,0,-0.0206,26.5525,-3.1933,1]},
{"frame":5,"values":[0.9931,0.0198,0.1154,0,-0.0389,0.9855,0.1649,0,-0.1105,-0.1683,0.9795,0,-0.0206,26.5525,-3.1933,1]},
{"frame":6,"values":[0.9947,0.0221,0.1002,0,-0.0397,0.9834,0.1771,0,-0.0946,-0.1801,0.9791,0,-0.0206,26.5525,-3.1933,1]},
{"frame":7,"values":[0.9964,0.0193,0.0826,0,-0.0347,0.9813,0.1893,0,-0.0774,-0.1915,0.9784,0,-0.0206,26.5525,-3.1933,1]},
{"frame":8,"values":[0.9977,0.0164,0.0656,0,-0.0292,0.9795,0.1993,0,-0.061,-0.2007,0.9777,0,-0.0206,26.5525,-3.1933,1]},
{"frame":9,"values":[0.9987,0.0136,0.0486,0,-0.0233,0.9781,0.2066,0,-0.0447,-0.2075,0.9772,0,-0.0206,26.5525,-3.1933,1]},
{"frame":10,"values":[0.9994,0.0107,0.0315,0,-0.0171,0.977,0.2126,0,-0.0285,-0.2131,0.9766,0,-0.0206,26.5525,-3.1933,1]},
{"frame":11,"values":[0.9999,0.0078,0.0145,0,-0.0107,0.9765,0.2155,0,-0.0125,-0.2156,0.9764,0,-0.0206,26.5525,-3.1933,1]},
{"frame":12,"values":[1,0.0049,-0.0025,0,-0.0042,0.9759,0.2182,0,0.0035,-0.2181,0.9759,0,-0.0206,26.5525,-3.1933,1]},
{"frame":13,"values":[0.9998,0.0021,-0.0196,0,0.002,0.9777,0.2102,0,0.0196,-0.2102,0.9775,0,-0.0206,26.5525,-3.1933,1]},
{"frame":14,"values":[0.9993,-0.0008,-0.0366,0,0.0082,0.9793,0.2021,0,0.0357,-0.2022,0.9787,0,-0.0206,26.5525,-3.1933,1]},
{"frame":15,"values":[0.9986,-0.0038,-0.0536,0,0.0141,0.9809,0.1939,0,0.0519,-0.1943,0.9796,0,-0.0206,26.5525,-3.1933,1]},
{"frame":16,"values":[0.9987,-0.0067,-0.0514,0,0.0162,0.9824,0.1858,0,0.0493,-0.1864,0.9812,0,-0.0206,26.5525,-3.1933,1]},
{"frame":17,"values":[0.9987,-0.0096,-0.0492,0,0.0182,0.9839,0.1778,0,0.0467,-0.1785,0.9828,0,-0.0206,26.5525,-3.1933,1]},
{"frame":18,"values":[0.998,-0.0122,-0.0617,0,0.0225,0.9852,0.1698,0,0.0587,-0.1708,0.9836,0,-0.0206,26.5525,-3.1933,1]},
{"frame":19,"values":[0.9971,-0.0149,-0.0741,0,0.0268,0.9865,0.1617,0,0.0707,-0.1632,0.9841,0,-0.0206,26.5525,-3.1933,1]},
{"frame":20,"values":[0.9961,-0.0177,-0.0864,0,0.0309,0.9877,0.1535,0,0.0827,-0.1555,0.9844,0,-0.0206,26.5525,-3.1933,1]},
{"frame":21,"values":[0.9949,-0.0207,-0.0988,0,0.0349,0.9888,0.1452,0,0.0947,-0.1479,0.9845,0,-0.0206,26.5525,-3.1933,1]},
{"frame":22,"values":[0.9935,-0.0237,-0.1111,0,0.0389,0.9898,0.1369,0,0.1067,-0.1403,0.9843,0,-0.0206,26.5525,-3.1933,1]},
{"frame":23,"values":[0.992,-0.0268,-0.1233,0,0.0427,0.9908,0.1285,0,0.1188,-0.1328,0.984,0,-0.0206,26.5525,-3.1933,1]},
{"frame":24,"values":[0.9936,-0.0297,-0.109,0,0.0429,0.9918,0.1207,0,0.1046,-0.1246,0.9867,0,-0.0206,26.5525,-3.1933,1]},
{"frame":25,"values":[0.995,-0.0326,-0.0947,0,0.0442,0.9915,0.1228,0,0.0899,-0.1263,0.9879,0,-0.0206,26.5525,-3.1933,1]},
{"frame":26,"values":[0.9963,-0.0308,-0.0804,0,0.0407,0.9913,0.1248,0,0.0758,-0.1276,0.9889,0,-0.0206,26.5525,-3.1933,1]},
{"frame":27,"values":[0.9974,-0.029,-0.066,0,0.037,0.9917,0.1233,0,0.0619,-0.1254,0.9902,0,-0.0206,26.5525,-3.1933,1]},
{"frame":28,"values":[0.9983,-0.0271,-0.0516,0,0.0332,0.992,0.1218,0,0.0479,-0.1233,0.9912,0,-0.0206,26.5525,-3.1933,1]},
{"frame":29,"values":[0.999,-0.0252,-0.0372,0,0.0296,0.9918,0.124,0,0.0338,-0.125,0.9916,0,-0.0206,26.5525,-3.1933,1]},
{"frame":30,"values":[0.9995,-0.0233,-0.0229,0,0.026,0.9917,0.1263,0,0.0197,-0.1268,0.9917,0,-0.0206,26.5525,-3.1933,1]},
{"frame":31,"values":[0.9997,-0.0214,-0.0085,0,0.0223,0.9915,0.1284,0,0.0056,-0.1286,0.9917,0,-0.0206,26.5525,-3.1933,1]},
{"frame":32,"values":[0.9998,-0.0195,0.0059,0,0.0186,0.9913,0.1305,0,-0.0084,-0.1304,0.9914,0,-0.0206,26.5525,-3.1933,1]},
{"frame":33,"values":[0.9996,-0.0177,0.0204,0,0.0148,0.9911,0.1326,0,-0.0225,-0.1323,0.991,0,-0.0206,26.5525,-3.1933,1]},
{"frame":34,"values":[0.9993,-0.0158,0.0348,0,0.011,0.9908,0.1346,0,-0.0366,-0.1341,0.9903,0,-0.0206,26.5525,-3.1933,1]},
{"frame":35,"values":[0.9987,-0.0141,0.0492,0,0.0072,0.9906,0.1366,0,-0.0506,-0.136,0.9894,0,-0.0206,26.5525,-3.1933,1]},
{"frame":36,"values":[0.9979,-0.0123,0.0635,0,0.0036,0.9909,0.1342,0,-0.0646,-0.1337,0.9889,0,-0.0206,26.5525,-3.1933,1]},
{"frame":37,"values":[0.9969,-0.0104,0.0779,0,0.0001,0.9913,0.1318,0,-0.0786,-0.1314,0.9882,0,-0.0206,26.5525,-3.1933,1]},
{"frame":38,"values":[0.9957,-0.0086,0.0923,0,-0.0035,0.9916,0.1294,0,-0.0926,-0.1291,0.9873,0,-0.0206,26.5525,-3.1933,1]},
{"frame":39,"values":[0.9943,-0.0066,0.1066,0,-0.007,0.9919,0.1268,0,-0.1066,-0.1269,0.9862,0,-0.0206,26.5525,-3.1933,1]},
{"frame":40,"values":[0.9927,-0.0047,0.1209,0,-0.0104,0.9922,0.1243,0,-0.1205,-0.1246,0.9849,0,-0.0206,26.5525,-3.1933,1]},
{"frame":41,"values":[0.9908,-0.0028,0.1352,0,-0.0145,0.9918,0.1272,0,-0.1344,-0.1279,0.9826,0,-0.0206,26.5525,-3.1933,1]},
{"frame":42,"values":[0.9906,0.0014,0.1368,0,-0.0198,0.9909,0.1335,0,-0.1354,-0.1349,0.9816,0,-0.0206,26.5525,-3.1933,1]}],"loopBehavior":1,"name":"anim","property":"_matrix"}},
{"name":"mixamorig:Neck","index":4,"matrix":[0.9993,-0.006,-0.0368,0,0.004,0.9985,-0.0537,0,0.0371,0.0535,0.9979,0,-0.06,30.7018,1.3522,1],"rest":[1,0,0,0,0,1,0,0,0,0,1,0,-0.06,30.7018,1.3522,1],"parentBoneIndex":3,"length":22.8446
,"animation":{"dataType":3,"framePerSecond":24,"keys":[
{"frame":1,"values":[0.9993,-0.006,-0.0368,0,0.004,0.9985,-0.0537,0,0.0371,0.0535,0.9979,0,-0.06,30.7018,1.3522,1]},
{"frame":2,"values":[0.9993,-0.0083,-0.0368,0,0.0063,0.9985,-0.0539,0,0.0372,0.0537,0.9979,0,-0.06,30.7018,1.3522,1]},
{"frame":3,"values":[0.9994,-0.008,-0.0329,0,0.0064,0.9987,-0.0511,0,0.0332,0.0509,0.9982,0,-0.06,30.7018,1.3522,1]},
{"frame":4,"values":[0.9997,-0.0059,-0.0246,0,0.0048,0.9989,-0.047,0,0.0248,0.0468,0.9986,0,-0.06,30.7018,1.3522,1]},
{"frame":5,"values":[0.9998,-0.0073,-0.0163,0,0.0065,0.9988,-0.0489,0,0.0167,0.0488,0.9987,0,-0.06,30.7018,1.3522,1]},
{"frame":6,"values":[0.9999,-0.0125,-0.0107,0,0.0119,0.9983,-0.0575,0,0.0114,0.0573,0.9983,0,-0.06,30.7018,1.3522,1]},
{"frame":7,"values":[0.9999,-0.0133,-0.0053,0,0.013,0.998,-0.062,0,0.0061,0.062,0.9981,0,-0.06,30.7018,1.3522,1]},
{"frame":8,"values":[1,-0.0071,0.002,0,0.0072,0.9984,-0.0569,0,-0.0016,0.0569,0.9984,0,-0.06,30.7018,1.3522,1]},
{"frame":9,"values":[1,-0.0052,0.0085,0,0.0057,0.9987,-0.0506,0,-0.0082,0.0506,0.9987,0,-0.06,30.7018,1.3522,1]},
{"frame":10,"values":[0.9998,-0.0184,0.0095,0,0.0189,0.9985,-0.0519,0,-0.0085,0.0521,0.9986,0,-0.06,30.7018,1.3522,1]},
{"frame":11,"values":[0.9992,-0.0401,0.0058,0,0.0404,0.9975,-0.0581,0,-0.0035,0.0582,0.9983,0,-0.06,30.7018,1.3522,1]},
{"frame":12,"values":[0.9985,-0.0548,0.0038,0,0.0549,0.9966,-0.0612,0,-0.0004,0.0613,0.9981,0,-0.06,30.7018,1.3522,1]},
{"frame":13,"values":[0.9984,-0.0557,0.0017,0,0.0557,0.9967,-0.0599,0,0.0016,0.0599,0.9982,0,-0.06,30.7018,1.3522,1]},
{"frame":14,"values":[0.9988,-0.0479,0.0031,0,0.048,0.9971,-0.0589,0,-0.0002,0.059,0.9983,0,-0.06,30.7018,1.3522,1]},
{"frame":15,"values":[0.9992,-0.04,0.0001,0,0.04,0.9973,-0.0619,0,0.0024,0.0618,0.9981,0,-0.06,30.7018,1.3522,1]},
{"frame":16,"values":[0.9995,-0.0322,-0.0029,0,0.0319,0.997,-0.0701,0,0.0051,0.07,0.9975,0,-0.06,30.7018,1.3522,1]},
{"frame":17,"values":[0.9997,-0.0244,-0.0059,0,0.0238,0.9966,-0.0783,0,0.0078,0.0781,0.9969,0,-0.06,30.7019,1.3522,1]},
{"frame":18,"values":[0.9998,-0.0166,-0.0089,0,0.0157,0.9961,-0.0865,0,0.0103,0.0863,0.9962,0,-0.06,30.7018,1.3522,1]},
{"frame":19,"values":[1,-0.0088,-0.004,0,0.0083,0.9955,-0.0947,0,0.0048,0.0946,0.9955,0,-0.06,30.7018,1.3522,1]},
{"frame":20,"values":[1,-0.0009,0.0009,0,0.001,0.9947,-0.1029,0,-0.0008,0.1029,0.9947,0,-0.06,30.7018,1.3522,1]},
{"frame":21,"values":[1,-0.0056,0.0058,0,0.0062,0.995,-0.0998,0,-0.0052,0.0998,0.995,0,-0.06,30.7018,1.3522,1]},
{"frame":22,"values":[0.9999,-0.0104,0.0107,0,0.0114,0.9953,-0.0966,0,-0.0097,0.0967,0.9953,0,-0.06,30.7018,1.3522,1]},
{"frame":23,"values":[0.9998,-0.0151,0.0157,0,0.0167,0.9943,-0.1054,0,-0.014,0.1056,0.9943,0,-0.06,30.7018,1.3522,1]},
{"frame":24,"values":[0.9997,-0.0198,0.0115,0,0.021,0.9932,-0.1142,0,-0.0092,0.1144,0.9934,0,-0.06,30.7018,1.3522,1]},
{"frame":25,"values":[0.9997,-0.0245,0.0074,0,0.0253,0.9921,-0.123,0,-0.0043,0.1231,0.9924,0,-0.06,30.7019,1.3522,1]},
{"frame":26,"values":[0.9996,-0.0293,0.0033,0,0.0295,0.9908,-0.1317,0,0.0006,0.1318,0.9913,0,-0.06,30.7018,1.3522,1]},
{"frame":27,"values":[0.9994,-0.034,-0.0008,0,0.0336,0.9914,-0.1267,0,0.0051,0.1266,0.9919,0,-0.06,30.7018,1.3522,1]},
{"frame":28,"values":[0.9996,-0.029,-0.005,0,0.0282,0.9922,-0.1217,0,0.0085,0.1215,0.9926,0,-0.06,30.7018,1.3522,1]},
{"frame":29,"values":[0.9997,-0.024,-0.0091,0,0.0227,0.9929,-0.1167,0,0.0118,0.1164,0.9931,0,-0.06,30.7018,1.3522,1]},
{"frame":30,"values":[0.9998,-0.0189,-0.0072,0,0.018,0.9936,-0.1116,0,0.0092,0.1115,0.9937,0,-0.06,30.7018,1.3522,1]},
{"frame":31,"values":[0.9999,-0.0139,-0.0053,0,0.0132,0.9942,-0.1066,0,0.0067,0.1065,0.9943,0,-0.06,30.7018,1.3522,1]},
{"frame":32,"values":[1,-0.0089,-0.0033,0,0.0085,0.9948,-0.1016,0,0.0042,0.1016,0.9948,0,-0.06,30.7018,1.3522,1]},
{"frame":33,"values":[1,-0.0038,-0.007,0,0.0031,0.9953,-0.0966,0,0.0073,0.0966,0.9953,0,-0.06,30.7018,1.3522,1]},
{"frame":34,"values":[0.9999,0.0012,-0.0106,0,-0.0022,0.9958,-0.0915,0,0.0104,0.0916,0.9957,0,-0.06,30.7018,1.3522,1]},
{"frame":35,"values":[0.9999,0.0063,-0.0142,0,-0.0075,0.9962,-0.0865,0,0.0136,0.0866,0.9962,0,-0.06,30.7018,1.3522,1]},
{"frame":36,"values":[0.9998,-0.0038,-0.0178,0,0.0021,0.9956,-0.0935,0,0.0181,0.0934,0.9955,0,-0.06,30.7018,1.3522,1]},
{"frame":37,"values":[0.9997,-0.0139,-0.0215,0,0.0116,0.9949,-0.1005,0,0.0227,0.1002,0.9947,0,-0.06,30.7018,1.3522,1]},
{"frame":38,"values":[0.9994,-0.0239,-0.025,0,0.0211,0.994,-0.1075,0,0.0274,0.1069,0.9939,0,-0.06,30.7018,1.3522,1]},
{"frame":39,"values":[0.9994,-0.0181,-0.0287,0,0.0154,0.9958,-0.0908,0,0.0302,0.0903,0.9955,0,-0.06,30.7018,1.3522,1]},
{"frame":40,"values":[0.9994,-0.0122,-0.0323,0,0.0098,0.9972,-0.0739,0,0.0331,0.0736,0.9967,0,-0.06,30.7018,1.3522,1]},
{"frame":41,"values":[0.9993,-0.0063,-0.0358,0,0.0042,0.9984,-0.0571,0,0.0361,0.0569,0.9977,0,-0.06,30.7018,1.3522,1]},
{"frame":42,"values":[0.9993,-0.006,-0.0368,0,0.004,0.9985,-0.0537,0,0.0371,0.0535,0.9979,0,-0.06,30.7018,1.3522,1]}],"loopBehavior":1,"name":"anim","property":"_matrix"}},
{"name":"mixamorig:Head","index":5,"matrix":[0.9846,0.0083,-0.1748,0,-0.0933,0.8699,-0.4843,0,0.148,0.4932,0.8572,0,-0.0872,22.5476,3.6709,1],"rest":[1,0,0,0,0,1,0,0,0,0,1,0,-0.0872,22.5476,3.6709,1],"parentBoneIndex":4,"length":30.5923
,"animation":{"dataType":3,"framePerSecond":24,"keys":[
{"frame":1,"values":[0.9846,0.0083,-0.1748,0,-0.0933,0.8699,-0.4843,0,0.148,0.4932,0.8572,0,-0.0872,22.5476,3.6709,1]},
{"frame":2,"values":[0.9854,-0.021,-0.1688,0,-0.071,0.851,-0.5204,0,0.1546,0.5248,0.8371,0,-0.0872,22.5477,3.6709,1]},
{"frame":3,"values":[0.9882,-0.051,-0.1446,0,-0.0401,0.8242,-0.5648,0,0.1479,0.564,0.8124,0,-0.0872,22.5476,3.6709,1]},
{"frame":4,"values":[0.9919,-0.0712,-0.1048,0,-0.0061,0.7996,-0.6005,0,0.1266,0.5963,0.7927,0,-0.0872,22.5477,3.6709,1]},
{"frame":5,"values":[0.9946,-0.082,-0.064,0,0.0251,0.786,-0.6177,0,0.101,0.6127,0.7838,0,-0.0872,22.5476,3.6709,1]},
{"frame":6,"values":[0.9957,-0.0876,-0.031,0,0.0499,0.7858,-0.6165,0,0.0784,0.6123,0.7868,0,-0.0872,22.5476,3.6709,1]},
{"frame":7,"values":[0.9962,-0.0867,-0.002,0,0.0679,0.7936,-0.6047,0,0.054,0.6023,0.7965,0,-0.0872,22.5476,3.6709,1]},
{"frame":8,"values":[0.997,-0.0732,0.0267,0,0.0749,0.807,-0.5857,0,0.0213,0.5859,0.8101,0,-0.0872,22.5476,3.6709,1]},
{"frame":9,"values":[0.9977,-0.0464,0.0487,0,0.0658,0.8266,-0.5589,0,-0.0143,0.5609,0.8278,0,-0.0872,22.5476,3.6709,1]},
{"frame":10,"values":[0.9984,-0.0112,0.0554,0,0.0386,0.8516,-0.5228,0,-0.0413,0.5241,0.8507,0,-0.0872,22.5476,3.6709,1]},
{"frame":11,"values":[0.9984,0.023,0.0513,0,0.0059,0.8651,-0.5015,0,-0.056,0.5011,0.8636,0,-0.0872,22.5476,3.6709,1]},
{"frame":12,"values":[0.9978,0.0464,0.0471,0,-0.0181,0.8771,-0.48,0,-0.0636,0.4781,0.876,0,-0.0872,22.5476,3.6709,1]},
{"frame":13,"values":[0.9974,0.0542,0.0478,0,-0.0263,0.8885,-0.458,0,-0.0673,0.4556,0.8876,0,-0.0872,22.5476,3.6709,1]},
{"frame":14,"values":[0.998,0.0409,0.0485,0,-0.0157,0.8999,-0.4358,0,-0.0615,0.4342,0.8987,0,-0.0872,22.5476,3.6709,1]},
{"frame":15,"values":[0.9992,0.0273,0.0302,0,-0.0124,0.9104,-0.4135,0,-0.0388,0.4128,0.91,0,-0.0872,22.5476,3.6709,1]},
{"frame":16,"values":[0.9998,0.0142,0.0115,0,-0.0086,0.9204,-0.391,0,-0.0161,0.3908,0.9203,0,-0.0872,22.5476,3.6709,1]},
{"frame":17,"values":[1,0.001,-0.0071,0,-0.0038,0.9139,-0.4059,0,0.0061,0.4059,0.9139,0,-0.0872,22.5476,3.6709,1]},
{"frame":18,"values":[0.9996,-0.0125,-0.0255,0,0.0007,0.9072,-0.4208,0,0.0284,0.4206,0.9068,0,-0.0872,22.5476,3.6709,1]},
{"frame":19,"values":[0.9997,-0.0259,-0.0031,0,0.022,0.8998,-0.4357,0,0.0141,0.4355,0.9001,0,-0.0872,22.5476,3.6709,1]},
{"frame":20,"values":[0.9998,-0.0043,0.0192,0,0.0125,0.8928,-0.4503,0,-0.0152,0.4504,0.8927,0,-0.0872,22.5476,3.6709,1]},
{"frame":21,"values":[0.999,0.0175,0.0414,0,0.0025,0.8982,-0.4397,0,-0.0448,0.4393,0.8972,0,-0.0872,22.5476,3.6709,1]},
{"frame":22,"values":[0.9972,0.039,0.0637,0,-0.0079,0.9032,-0.4292,0,-0.0743,0.4275,0.901,0,-0.0872,22.5476,3.6709,1]},
{"frame":23,"values":[0.9945,0.0602,0.0863,0,-0.0186,0.9078,-0.4189,0,-0.1035,0.415,0.9039,0,-0.0872,22.5476,3.6709,1]},
{"frame":24,"values":[0.9943,0.0817,0.0688,0,-0.0465,0.9111,-0.4097,0,-0.0962,0.4041,0.9096,0,-0.0872,22.5476,3.6709,1]},
{"frame":25,"values":[0.9933,0.1033,0.0516,0,-0.0742,0.9136,-0.3998,0,-0.0885,0.3933,0.9151,0,-0.0872,22.5476,3.6709,1]},
{"frame":26,"values":[0.9944,0.0995,0.0343,0,-0.0784,0.9175,-0.3899,0,-0.0702,0.3851,0.9202,0,-0.0872,22.5476,3.6709,1]},
{"frame":27,"values":[0.9953,0.0959,0.0169,0,-0.0823,0.9213,-0.38,0,-0.052,0.3768,0.9248,0,-0.0872,22.5476,3.6709,1]},
{"frame":28,"values":[0.9949,0.1005,-0.0005,0,-0.0936,0.9244,-0.3698,0,-0.0367,0.368,0.9291,0,-0.0872,22.5476,3.6709,1]},
{"frame":29,"values":[0.9943,0.1053,-0.0179,0,-0.1047,0.9273,-0.3595,0,-0.0212,0.3593,0.933,0,-0.0872,22.5476,3.6709,1]},
{"frame":30,"values":[0.9933,0.1102,-0.0352,0,-0.1156,0.93,-0.3489,0,-0.0057,0.3507,0.9365,0,-0.0872,22.5476,3.6709,1]},
{"frame":31,"values":[0.9929,0.1151,-0.0298,0,-0.1184,0.9335,-0.3386,0,-0.0111,0.3397,0.9405,0,-0.0872,22.5476,3.6709,1]},
{"frame":32,"values":[0.9925,0.1199,-0.0244,0,-0.1212,0.9368,-0.3283,0,-0.0165,0.3287,0.9443,0,-0.0872,22.5476,3.6709,1]},
{"frame":33,"values":[0.9923,0.1169,-0.041,0,-0.1239,0.9352,-0.3318,0,-0.0004,0.3343,0.9425,0,-0.0872,22.5476,3.6709,1]},
{"frame":34,"values":[0.9918,0.1139,-0.0576,0,-0.1266,0.9336,-0.3352,0,0.0156,0.3398,0.9404,0,-0.0872,22.5476,3.6709,1]},
{"frame":35,"values":[0.9899,0.1209,-0.0743,0,-0.1385,0.937,-0.3207,0,0.0309,0.3278,0.9443,0,-0.0872,22.5476,3.6709,1]},
{"frame":36,"values":[0.9876,0.1282,-0.0909,0,-0.1502,0.9401,-0.306,0,0.0463,0.3158,0.9477,0,-0.0872,22.5476,3.6709,1]},
{"frame":37,"values":[0.9849,0.1356,-0.1074,0,-0.1616,0.943,-0.291,0,0.0618,0.3039,0.9507,0,-0.0872,22.5476,3.6709,1]},
{"frame":38,"values":[0.9861,0.1107,-0.1239,0,-0.1414,0.9507,-0.276,0,0.0873,0.2897,0.9531,0,-0.0872,22.5476,3.6709,1]},
{"frame":39,"values":[0.9861,0.0868,-0.1419,0,-0.1301,0.9342,-0.3323,0,0.1037,0.3461,0.9324,0,-0.0872,22.5476,3.6709,1]},
{"frame":40,"values":[0.9854,0.0619,-0.1584,0,-0.1197,0.914,-0.3876,0,0.1208,0.401,0.9081,0,-0.0872,22.5476,3.6709,1]},
{"frame":41,"values":[0.9842,0.036,-0.1733,0,-0.1104,0.8903,-0.4417,0,0.1384,0.4539,0.8803,0,-0.0872,22.5476,3.6709,1]},
{"frame":42,"values":[0.9846,0.0083,-0.1748,0,-0.0933,0.8699,-0.4843,0,0.148,0.4932,0.8572,0,-0.0872,22.5476,3.6709,1]}],"loopBehavior":1,"name":"anim","property":"_matrix"}},
{"name":"mixamorig:HeadTop_End","index":6,"matrix":[1,0,0,0,0,1,0,0,0,0,1,0,-0.8306,40.3552,7.8935,1],"rest":[1,0,0,0,0,1,0,0,0,0,1,0,-0.8306,40.3552,7.8935,1],"parentBoneIndex":5,"length":30.5923
,"animation":{"dataType":3,"framePerSecond":24,"keys":[
{"frame":1,"values":[1,0,0,0,0,1,0,0,0,0,1,0,-0.8306,40.3551,7.8935,1]},
{"frame":2,"values":[1,0,0,0,0,1,0,0,0,0,1,0,-0.8306,40.3552,7.8935,1]},
{"frame":21,"values":[1,0,0,0,0,1,0,0,0,0,1,0,-0.8306,40.3551,7.8935,1]},
{"frame":22,"values":[1,0,0,0,0,1,0,0,0,0,1,0,-0.8306,40.3552,7.8935,1]},
{"frame":29,"values":[1,0,0,0,0,1,0,0,0,0,1,0,-0.8306,40.3553,7.8935,1]},
{"frame":30,"values":[1,0,0,0,0,1,0,0,0,0,1,0,-0.8306,40.3552,7.8935,1]},
{"frame":32,"values":[1,0,0,0,0,1,0,0,0,0,1,0,-0.8306,40.3553,7.8935,1]},
{"frame":33,"values":[1,0,0,0,0,1,0,0,0,0,1,0,-0.8306,40.3552,7.8935,1]},
{"frame":35,"values":[1,0,0,0,0,1,0,0,0,0,1,0,-0.8306,40.3551,7.8935,1]},
{"frame":36,"values":[1,0,0,0,0,1,0,0,0,0,1,0,-0.8306,40.3552,7.8935,1]},
{"frame":42,"values":[1,0,0,0,0,1,0,0,0,0,1,0,-0.8306,40.3552,7.8935,1]}],"loopBehavior":1,"name":"anim","property":"_matrix"}},
{"name":"mixamorig:RightEye","index":7,"matrix":[1,0,0,0,0,1,0,0,0,0,1,0,-6.3021,18.1186,16.1971,1],"rest":[1,0,0,0,0,1,0,0,0,0,1,0,-6.3021,18.1186,16.1971,1],"parentBoneIndex":5,"length":30.5923
,"animation":{"dataType":3,"framePerSecond":24,"keys":[
{"frame":1,"values":[1,0,0,0,0,1,0,0,0,0,1,0,-6.3021,18.1186,16.1971,1]},
{"frame":5,"values":[1,0,0,0,0,1,0,0,0,0,1,0,-6.3021,18.1187,16.1971,1]},
{"frame":6,"values":[1,0,0,0,0,1,0,0,0,0,1,0,-6.3021,18.1186,16.1971,1]},
{"frame":21,"values":[1,0,0,0,0,1,0,0,0,0,1,0,-6.3021,18.1185,16.1971,1]},
{"frame":22,"values":[1,0,0,0,0,1,0,0,0,0,1,0,-6.3021,18.1186,16.1971,1]},
{"frame":30,"values":[1,0,0,0,0,1,0,0,0,0,1,0,-6.3021,18.1185,16.1971,1]},
{"frame":31,"values":[1,0,0,0,0,1,0,0,0,0,1,0,-6.3021,18.1186,16.1971,1]},
{"frame":33,"values":[1,0,0,0,0,1,0,0,0,0,1,0,-6.3021,18.1185,16.1971,1]},
{"frame":36,"values":[1,0,0,0,0,1,0,0,0,0,1,0,-6.3021,18.1186,16.1971,1]},
{"frame":37,"values":[1,0,0,0,0,1,0,0,0,0,1,0,-6.3021,18.1185,16.1971,1]},
{"frame":38,"values":[1,0,0,0,0,1,0,0,0,0,1,0,-6.3021,18.1186,16.1971,1]},
{"frame":42,"values":[1,0,0,0,0,1,0,0,0,0,1,0,-6.3021,18.1186,16.1971,1]}],"loopBehavior":1,"name":"anim","property":"_matrix"}},
{"name":"mixamorig:LeftEye","index":8,"matrix":[1,0,0,0,0,1,0,0,0,0,1,0,6.7415,18.3826,16.4019,1],"rest":[1,0,0,0,0,1,0,0,0,0,1,0,6.7415,18.3827,16.4019,1],"parentBoneIndex":5,"length":30.5923
,"animation":{"dataType":3,"framePerSecond":24,"keys":[
{"frame":1,"values":[1,0,0,0,0,1,0,0,0,0,1,0,6.7415,18.3827,16.4019,1]},
{"frame":5,"values":[1,0,0,0,0,1,0,0,0,0,1,0,6.7415,18.3828,16.4019,1]},
{"frame":6,"values":[1,0,0,0,0,1,0,0,0,0,1,0,6.7415,18.3827,16.4019,1]},
{"frame":7,"values":[1,0,0,0,0,1,0,0,0,0,1,0,6.7415,18.3826,16.4019,1]},
{"frame":8,"values":[1,0,0,0,0,1,0,0,0,0,1,0,6.7415,18.3827,16.4019,1]},
{"frame":21,"values":[1,0,0,0,0,1,0,0,0,0,1,0,6.7415,18.3826,16.4019,1]},
{"frame":22,"values":[1,0,0,0,0,1,0,0,0,0,1,0,6.7415,18.3827,16.4019,1]},
{"frame":29,"values":[1,0,0,0,0,1,0,0,0,0,1,0,6.7415,18.3828,16.4019,1]},
{"frame":30,"values":[1,0,0,0,0,1,0,0,0,0,1,0,6.7415,18.3827,16.4019,1]},
{"frame":32,"values":[1,0,0,0,0,1,0,0,0,0,1,0,6.7415,18.3828,16.4019,1]},
{"frame":33,"values":[1,0,0,0,0,1,0,0,0,0,1,0,6.7415,18.3826,16.4019,1]},
{"frame":34,"values":[1,0,0,0,0,1,0,0,0,0,1,0,6.7415,18.3827,16.4019,1]},
{"frame":42,"values":[1,0,0,0,0,1,0,0,0,0,1,0,6.7415,18.3826,16.4019,1]}],"loopBehavior":1,"name":"anim","property":"_matrix"}},
{"name":"mixamorig:LeftShoulder","index":9,"matrix":[0.988,-0.1016,-0.116,0,0.1013,0.9948,-0.0086,0,0.1163,-0.0033,0.9932,0,11.9249,18.2305,1.4254,1],"rest":[1,0.0062,0,0,-0.0062,1,0,0,0,0,1,0,11.9249,18.2305,1.4254,1],"parentBoneIndex":3,"length":25.9773
,"animation":{"dataType":3,"framePerSecond":24,"keys":[
{"frame":1,"values":[0.988,-0.1016,-0.116,0,0.1013,0.9948,-0.0086,0,0.1163,-0.0033,0.9932,0,11.9249,18.2305,1.4254,1]},
{"frame":2,"values":[0.9886,-0.0996,-0.1133,0,0.0993,0.995,-0.0078,0,0.1135,-0.0035,0.9935,0,11.9249,18.2305,1.4254,1]},
{"frame":3,"values":[0.9887,-0.0992,-0.1119,0,0.099,0.9951,-0.0075,0,0.1121,-0.0036,0.9937,0,11.9249,18.2305,1.4254,1]},
{"frame":4,"values":[0.9888,-0.1026,-0.1088,0,0.1024,0.9947,-0.0073,0,0.109,-0.0039,0.994,0,11.9249,18.2305,1.4254,1]},
{"frame":5,"values":[0.9887,-0.1098,-0.1021,0,0.1097,0.9939,-0.0067,0,0.1022,-0.0045,0.9948,0,11.9249,18.2305,1.4254,1]},
{"frame":6,"values":[0.9884,-0.1187,-0.0951,0,0.1187,0.9929,-0.0061,0,0.0951,-0.0053,0.9955,0,11.9249,18.2305,1.4254,1]},
{"frame":7,"values":[0.9876,-0.1269,-0.0921,0,0.1269,0.9919,-0.006,0,0.0922,-0.0057,0.9957,0,11.9249,18.2305,1.4254,1]},
{"frame":8,"values":[0.9863,-0.135,-0.0949,0,0.135,0.9908,-0.007,0,0.095,-0.0059,0.9955,0,11.9249,18.2305,1.4254,1]},
{"frame":9,"values":[0.9841,-0.1455,-0.1022,0,0.1453,0.9893,-0.0092,0,0.1025,-0.0058,0.9947,0,11.9249,18.2305,1.4254,1]},
{"frame":10,"values":[0.9807,-0.1593,-0.1133,0,0.1589,0.9872,-0.013,0,0.1139,-0.0053,0.9935,0,11.9249,18.2305,1.4254,1]},
{"frame":11,"values":[0.9765,-0.1748,-0.1264,0,0.1739,0.9846,-0.018,0,0.1276,-0.0044,0.9918,0,11.9249,18.2305,1.4254,1]},
{"frame":12,"values":[0.9722,-0.1883,-0.139,0,0.187,0.9821,-0.0219,0,0.1406,-0.0047,0.9901,0,11.9249,18.2305,1.4254,1]},
{"frame":13,"values":[0.97,-0.1939,-0.1468,0,0.1922,0.981,-0.0258,0,0.149,-0.0032,0.9888,0,11.9249,18.2305,1.4254,1]},
{"frame":14,"values":[0.9676,-0.1995,-0.1546,0,0.1973,0.9799,-0.0297,0,0.1574,-0.0017,0.9875,0,11.9249,18.2305,1.4254,1]},
{"frame":15,"values":[0.9697,-0.1921,-0.1509,0,0.1902,0.9814,-0.0271,0,0.1533,-0.0025,0.9882,0,11.9249,18.2305,1.4254,1]},
{"frame":16,"values":[0.9717,-0.1847,-0.1471,0,0.1832,0.9828,-0.0244,0,0.1491,-0.0032,0.9888,0,11.9249,18.2305,1.4254,1]},
{"frame":17,"values":[0.9737,-0.1774,-0.1433,0,0.1761,0.9841,-0.0218,0,0.1449,-0.004,0.9894,0,11.9249,18.2305,1.4254,1]},
{"frame":18,"values":[0.9755,-0.17,-0.1395,0,0.1689,0.9854,-0.0192,0,0.1407,-0.0049,0.99,0,11.9249,18.2305,1.4254,1]},
{"frame":19,"values":[0.9773,-0.1626,-0.1357,0,0.1618,0.9867,-0.0166,0,0.1366,-0.0057,0.9906,0,11.9249,18.2305,1.4254,1]},
{"frame":20,"values":[0.978,-0.1549,-0.1397,0,0.1538,0.9879,-0.0187,0,0.1409,-0.0032,0.99,0,11.9249,18.2305,1.4254,1]},
{"frame":21,"values":[0.9786,-0.1473,-0.1437,0,0.1459,0.9891,-0.0207,0,0.1452,-0.0007,0.9894,0,11.9249,18.2305,1.4254,1]},
{"frame":22,"values":[0.9763,-0.1583,-0.1477,0,0.1567,0.9874,-0.0227,0,0.1494,-0.001,0.9888,0,11.9249,18.2305,1.4254,1]},
