{"producer":{"name":"Blender","version":"2.79 (sub 0)","exporter_version":"5.6.4","file":"strutwalk.babylon"},
"autoClear":true,"clearColor":[0.0509,0.0509,0.0509],"ambientColor":[0,0,0],"gravity":[0,-9.81,0],
"materials":[{"name":"strutwalk.Material","id":"strutwalk.Material","ambient":[0,0,0],"diffuse":[0,0,0],"specular":[0,0,0],"emissive":[0,0,0],"specularPower":50,"alpha":0.001,"backFaceCulling":true,"checkReadyOnlyOnce":false,"maxSimultaneousLights":4}],
"multiMaterials":[],
"skeletons":[{"name":"Armature","id":0,"dimensionsAtRest":[379.1952,391.6652,55.677],"bones":[
{"name":"mixamorig:Hips","index":0,"matrix":[0.9996,-0.0157,0.0246,0,0.0141,0.9978,0.0643,0,0.0256,0.0639,-0.9976,0,-0.4756,196.4144,0.3501,1],"rest":[1,0,0,0,0,1,0,0,0,0,-1,0,0,201.6394,0,1],"parentBoneIndex":-1,"length":21.6784
,"animation":{"dataType":3,"framePerSecond":24,"keys":[
{"frame":1,"values":[0.9996,-0.0157,0.0246,0,0.0141,0.9978,0.0643,0,0.0256,0.0639,-0.9976,0,-0.4619,196.4145,0.3501,1]},
{"frame":2,"values":[0.9991,-0.0164,0.0379,0,0.0136,0.9973,0.0723,0,0.039,0.0718,-0.9967,0,-0.8618,198.3487,1.9195,1]},
{"frame":3,"values":[0.9986,-0.0201,0.0496,0,0.0163,0.997,0.076,0,0.051,0.0751,-0.9959,0,-1.235,199.7219,3.4402,1]},
{"frame":4,"values":[0.9978,-0.0314,0.0584,0,0.0274,0.9973,0.0688,0,0.0604,0.0671,-0.9959,0,-1.5255,199.693,4.4156,1]},
{"frame":5,"values":[0.9966,-0.0523,0.0641,0,0.0486,0.9972,0.0574,0,0.0669,0.0541,-0.9963,0,-1.4944,197.745,4.4877,1]},
{"frame":6,"values":[0.9952,-0.0686,0.0698,0,0.0652,0.9966,0.0498,0,0.073,0.045,-0.9963,0,-1.1349,195.4179,4.093,1]},
{"frame":7,"values":[0.9944,-0.071,0.0788,0,0.0679,0.9968,0.0424,0,0.0816,0.0368,-0.996,0,0.4678,193.8416,3.5518,1]},
{"frame":8,"values":[0.9944,-0.06,0.0867,0,0.0571,0.9978,0.0348,0,0.0886,0.0296,-0.9956,0,2.0704,193.266,2.3498,1]},
{"frame":9,"values":[0.9965,-0.0442,0.0715,0,0.0423,0.9987,0.0286,0,0.0727,0.0255,-0.997,0,3.673,193.1636,0.3981,1]},
{"frame":10,"values":[0.998,-0.0279,0.0563,0,0.0266,0.9994,0.0224,0,0.0569,0.0208,-0.9982,0,5.2756,193.4151,-1.5536,1]},
{"frame":11,"values":[0.9991,-0.0115,0.0412,0,0.0101,0.9994,0.0326,0,0.0415,0.0321,-0.9986,0,6.8782,193.9271,-3.5053,1]},
{"frame":12,"values":[0.9997,0.0049,0.026,0,-0.0061,0.9991,0.0427,0,0.0257,0.0429,-0.9987,0,8.4808,193.9263,-5.457,1]},
{"frame":13,"values":[0.9997,0.0214,0.0108,0,-0.0219,0.9984,0.0529,0,0.0096,0.0531,-0.9985,0,10.0835,193.5236,-7.4088,1]},
{"frame":14,"values":[0.9993,0.0377,-0.0045,0,-0.0374,0.9973,0.063,0,-0.0069,0.0627,-0.998,0,11.6861,193.121,-6.2219,1]},
{"frame":15,"values":[0.9983,0.0542,-0.0196,0,-0.0526,0.9959,0.0732,0,-0.0235,0.0721,-0.9971,0,13.2887,192.7184,-5.0351,1]},
{"frame":16,"values":[0.9969,0.0706,-0.0348,0,-0.0675,0.9942,0.0833,0,-0.0405,0.0807,-0.9959,0,14.8913,193.8608,-3.8483,1]},
{"frame":17,"values":[0.9966,0.065,-0.0499,0,-0.0601,0.9938,0.0935,0,-0.0557,0.0902,-0.9944,0,16.4939,195.0032,-2.6615,1]},
{"frame":18,"values":[0.9961,0.0596,-0.0651,0,-0.0526,0.9932,0.1035,0,-0.0708,0.0997,-0.9925,0,18.0965,196.1456,-1.4747,1]},
{"frame":19,"values":[0.9953,0.0543,-0.0803,0,-0.045,0.9925,0.1134,0,-0.0859,0.1092,-0.9903,0,19.6992,197.2881,-0.2878,1]},
{"frame":20,"values":[0.9942,0.0489,-0.0955,0,-0.0399,0.9948,0.0941,0,-0.0996,0.0897,-0.991,0,21.3018,198.4305,0.899,1]},
{"frame":21,"values":[0.9922,0.0567,-0.1106,0,-0.0486,0.996,0.0747,0,-0.1144,0.0688,-0.9911,0,22.9044,197.2424,2.0858,1]},
{"frame":22,"values":[0.9922,0.0646,-0.1062,0,-0.0589,0.9967,0.0556,0,-0.1094,0.0489,-0.9928,0,21.1446,196.0544,3.2726,1]},
{"frame":23,"values":[0.9921,0.0726,-0.1019,0,-0.0692,0.9969,0.0363,0,-0.1043,0.029,-0.9941,0,19.3849,194.8663,4.4595,1]},
{"frame":24,"values":[0.992,0.0805,-0.0976,0,-0.0792,0.9967,0.0171,0,-0.0987,0.0092,-0.9951,0,17.6251,193.6783,3.1685,1]},
{"frame":25,"values":[0.9928,0.0657,-0.1003,0,-0.0663,0.9978,-0.0022,0,-0.0999,-0.0088,-0.995,0,15.8653,192.4902,1.8775,1]},
{"frame":26,"values":[0.9934,0.051,-0.103,0,-0.0534,0.9983,-0.0214,0,-0.1017,-0.0268,-0.9945,0,14.1056,192.5861,0.5864,1]},
{"frame":27,"values":[0.9954,0.0362,-0.0888,0,-0.0374,0.9992,-0.0119,0,-0.0883,-0.0151,-0.996,0,12.3458,192.682,-0.7046,1]},
{"frame":28,"values":[0.997,0.0216,-0.0744,0,-0.0218,0.9998,-0.0024,0,-0.0744,-0.0041,-0.9972,0,10.586,192.1396,-1.9956,1]},
{"frame":29,"values":[0.9982,0.0067,-0.0602,0,-0.0063,1,0.0072,0,-0.0602,0.0068,-0.9982,0,8.8263,191.5971,-3.2866,1]},
{"frame":30,"values":[0.9989,-0.0082,-0.0461,0,0.009,0.9998,0.017,0,-0.046,0.0174,-0.9988,0,7.0665,191.0547,-4.5776,1]},
{"frame":31,"values":[0.9992,-0.0231,-0.0319,0,0.0239,0.9994,0.0267,0,-0.0312,0.0274,-0.9991,0,5.3067,190.5123,-3.7137,1]},
{"frame":32,"values":[0.9996,-0.0207,-0.0176,0,0.0213,0.9991,0.0364,0,-0.0169,0.0367,-0.9992,0,3.5469,191.8075,-2.8499,1]},
{"frame":33,"values":[0.9998,-0.0184,-0.0034,0,0.0185,0.9988,0.046,0,-0.0025,0.0461,-0.9989,0,1.7872,193.1027,-1.9861,1]},
{"frame":34,"values":[0.9998,-0.0162,0.0109,0,0.0156,0.9983,0.0556,0,0.0118,0.0555,-0.9984,0,0.0274,194.3979,-1.1222,1]},
{"frame":35,"values":[0.9996,-0.0157,0.0246,0,0.0141,0.9978,0.0643,0,0.0256,0.0639,-0.9976,0,-0.4756,196.4144,0.3501,1]}],"loopBehavior":1,"name":"anim","property":"_matrix"}},
{"name":"mixamorig:Spine","index":1,"matrix":[0.9997,-0.0101,-0.0224,0,0.0115,0.9978,0.0647,0,0.0217,-0.065,0.9977,0,0.0062,19.525,-2.4818,1],"rest":[1,0,0,0,0,1,0,0,0,0,1,0,0.0062,19.525,-2.4818,1],"parentBoneIndex":0,"length":23.0091
,"animation":{"dataType":3,"framePerSecond":24,"keys":[
{"frame":1,"values":[0.9997,-0.0101,-0.0224,0,0.0115,0.9978,0.0647,0,0.0217,-0.065,0.9977,0,0.0062,19.525,-2.4818,1]},
{"frame":2,"values":[0.9988,-0.0167,-0.0453,0,0.0199,0.9974,0.0691,0,0.0441,-0.0699,0.9966,0,0.0062,19.525,-2.4818,1]},
{"frame":3,"values":[0.9976,-0.0207,-0.0664,0,0.0254,0.9972,0.0698,0,0.0648,-0.0713,0.9953,0,0.0062,19.525,-2.4818,1]},
{"frame":4,"values":[0.9963,-0.0188,-0.0839,0,0.0242,0.9977,0.0641,0,0.0825,-0.0659,0.9944,0,0.0062,19.525,-2.4818,1]},
{"frame":5,"values":[0.9953,-0.0114,-0.0961,0,0.0169,0.9983,0.0562,0,0.0953,-0.0575,0.9938,0,0.0062,19.525,-2.4818,1]},
{"frame":6,"values":[0.9944,-0.0072,-0.105,0,0.0125,0.9987,0.0497,0,0.1045,-0.0507,0.9932,0,0.0062,19.525,-2.4818,1]},
{"frame":7,"values":[0.9936,-0.0128,-0.112,0,0.0177,0.9989,0.0435,0,0.1114,-0.0452,0.9928,0,0.0062,19.525,-2.4818,1]},
{"frame":8,"values":[0.9925,-0.0285,-0.1191,0,0.0329,0.9989,0.0349,0,0.1179,-0.0385,0.9923,0,0.0062,19.525,-2.4818,1]},
{"frame":9,"values":[0.9909,-0.0473,-0.1261,0,0.0507,0.9984,0.0233,0,0.1248,-0.0295,0.9917,0,0.0062,19.525,-2.4818,1]},
{"frame":10,"values":[0.9891,-0.0622,-0.1331,0,0.0643,0.9979,0.0118,0,0.1321,-0.0202,0.991,0,0.0062,19.525,-2.4818,1]},
{"frame":11,"values":[0.9879,-0.0667,-0.1401,0,0.0674,0.9977,0.0003,0,0.1398,-0.0097,0.9901,0,0.0062,19.525,-2.4818,1]},
{"frame":12,"values":[0.99,-0.0715,-0.1219,0,0.0731,0.9973,0.0088,0,0.121,-0.0176,0.9925,0,0.0062,19.525,-2.4818,1]},
{"frame":13,"values":[0.9927,-0.0614,-0.1039,0,0.0636,0.9978,0.0178,0,0.1026,-0.0243,0.9944,0,0.0062,19.525,-2.4818,1]},
{"frame":14,"values":[0.995,-0.0514,-0.0858,0,0.0538,0.9982,0.0268,0,0.0843,-0.0312,0.996,0,0.0062,19.525,-2.4818,1]},
{"frame":15,"values":[0.9969,-0.0415,-0.0676,0,0.044,0.9984,0.0355,0,0.066,-0.0383,0.9971,0,0.0062,19.525,-2.4818,1]},
{"frame":16,"values":[0.9983,-0.0317,-0.0492,0,0.0339,0.9985,0.044,0,0.0477,-0.0456,0.9978,0,0.0062,19.525,-2.4818,1]},
{"frame":17,"values":[0.9993,-0.0221,-0.0308,0,0.0237,0.9983,0.0524,0,0.0296,-0.0531,0.9982,0,0.0062,19.525,-2.4818,1]},
{"frame":18,"values":[0.9998,-0.0126,-0.0122,0,0.0134,0.9981,0.0605,0,0.0114,-0.0607,0.9981,0,0.0062,19.525,-2.4818,1]},
{"frame":19,"values":[1,-0.0033,0.0064,0,0.0029,0.9976,0.0685,0,-0.0066,-0.0685,0.9976,0,0.0062,19.525,-2.4818,1]},
{"frame":20,"values":[0.9997,0.0064,0.0248,0,-0.0079,0.9981,0.0608,0,-0.0243,-0.0609,0.9978,0,0.0062,19.525,-2.4818,1]},
{"frame":21,"values":[0.9989,0.0163,0.0431,0,-0.0186,0.9984,0.0528,0,-0.0422,-0.0536,0.9977,0,0.0062,19.525,-2.4818,1]},
{"frame":22,"values":[0.998,0.0138,0.0614,0,-0.0165,0.9989,0.045,0,-0.0607,-0.0459,0.9971,0,0.0062,19.525,-2.4818,1]},
{"frame":23,"values":[0.9967,0.0114,0.0798,0,-0.0144,0.9992,0.0371,0,-0.0793,-0.0382,0.9961,0,0.0062,19.525,-2.4818,1]},
{"frame":24,"values":[0.9951,0.0159,0.0981,0,-0.0189,0.9994,0.0294,0,-0.0975,-0.0311,0.9947,0,0.0062,19.525,-2.4818,1]},
{"frame":25,"values":[0.993,0.0206,0.1163,0,-0.0232,0.9995,0.0215,0,-0.1158,-0.024,0.993,0,0.0062,19.525,-2.4818,1]},
{"frame":26,"values":[0.9943,0.0253,0.1036,0,-0.0269,0.9995,0.0137,0,-0.1032,-0.0164,0.9945,0,0.0062,19.525,-2.4818,1]},
{"frame":27,"values":[0.9954,0.0299,0.0909,0,-0.0306,0.9995,0.006,0,-0.0907,-0.0087,0.9958,0,0.0062,19.525,-2.4818,1]},
{"frame":28,"values":[0.9963,0.0346,0.0781,0,-0.0358,0.9993,0.0134,0,-0.0776,-0.0162,0.9969,0,0.0062,19.525,-2.4818,1]},
{"frame":29,"values":[0.9975,0.0283,0.0655,0,-0.0298,0.9993,0.0211,0,-0.0649,-0.023,0.9976,0,0.0062,19.525,-2.4818,1]},
{"frame":30,"values":[0.9984,0.0221,0.0528,0,-0.0236,0.9993,0.0288,0,-0.0521,-0.03,0.9982,0,0.0062,19.525,-2.4818,1]},
{"frame":31,"values":[0.9991,0.016,0.0401,0,-0.0174,0.9992,0.0363,0,-0.0394,-0.037,0.9985,0,0.0062,19.525,-2.4818,1]},
{"frame":32,"values":[0.9996,0.01,0.0273,0,-0.0111,0.999,0.0438,0,-0.0268,-0.044,0.9987,0,0.0062,19.525,-2.4818,1]},
{"frame":33,"values":[0.9999,0.004,0.0144,0,-0.0048,0.9987,0.0511,0,-0.0142,-0.0512,0.9986,0,0.0062,19.525,-2.4818,1]},
{"frame":34,"values":[1,-0.0018,0.0015,0,0.0017,0.9983,0.0584,0,-0.0016,-0.0584,0.9983,0,0.0062,19.525,-2.4818,1]},
{"frame":35,"values":[0.9997,-0.0101,-0.0224,0,0.0115,0.9978,0.0647,0,0.0217,-0.065,0.9977,0,0.0062,19.525,-2.4818,1]}],"loopBehavior":1,"name":"anim","property":"_matrix"}},
{"name":"mixamorig:Spine1","index":2,"matrix":[0.9996,-0.0222,-0.017,0,0.0228,0.999,0.0387,0,0.0161,-0.0391,0.9991,0,-0.0009,22.835,-2.8254,1],"rest":[1,0,0,0,0,1,0,0,0,0,1,0,-0.0009,22.835,-2.8254,1],"parentBoneIndex":1,"length":26.7438
,"animation":{"dataType":3,"framePerSecond":24,"keys":[
{"frame":1,"values":[0.9996,-0.0222,-0.017,0,0.0228,0.999,0.0387,0,0.0161,-0.0391,0.9991,0,-0.0009,22.835,-2.8254,1]},
{"frame":2,"values":[0.999,-0.0262,-0.037,0,0.0278,0.9987,0.0422,0,0.0359,-0.0431,0.9984,0,-0.0009,22.835,-2.8254,1]},
{"frame":3,"values":[0.9981,-0.0295,-0.0547,0,0.0319,0.9986,0.0425,0,0.0534,-0.0442,0.9976,0,-0.0009,22.835,-2.8254,1]},
{"frame":4,"values":[0.9972,-0.0316,-0.0677,0,0.0342,0.9987,0.0374,0,0.0664,-0.0396,0.997,0,-0.0009,22.835,-2.8254,1]},
{"frame":5,"values":[0.9966,-0.0329,-0.0756,0,0.0352,0.9989,0.0297,0,0.0745,-0.0323,0.9967,0,-0.0009,22.835,-2.8254,1]},
{"frame":6,"values":[0.9961,-0.0349,-0.0813,0,0.0369,0.9991,0.0229,0,0.0804,-0.0258,0.9964,0,-0.0009,22.835,-2.8254,1]},
{"frame":7,"values":[0.9955,-0.0389,-0.0869,0,0.0405,0.999,0.0165,0,0.0861,-0.02,0.9961,0,-0.0009,22.835,-2.8254,1]},
{"frame":8,"values":[0.9948,-0.0428,-0.0924,0,0.0438,0.999,0.0088,0,0.0919,-0.0128,0.9957,0,-0.0009,22.835,-2.8254,1]},
{"frame":9,"values":[0.9941,-0.0467,-0.098,0,0.047,0.9989,0.0001,0,0.0979,-0.0047,0.9952,0,-0.0009,22.835,-2.8254,1]},
{"frame":10,"values":[0.9933,-0.0507,-0.1035,0,0.05,0.9987,-0.0087,0,0.1038,0.0034,0.9946,0,-0.0009,22.835,-2.8254,1]},
{"frame":11,"values":[0.9925,-0.0546,-0.109,0,0.0531,0.9984,-0.0175,0,0.1098,0.0115,0.9939,0,-0.0009,22.835,-2.8254,1]},
{"frame":12,"values":[0.9922,-0.049,-0.1145,0,0.0482,0.9988,-0.01,0,0.1149,0.0044,0.9934,0,-0.0009,22.835,-2.8254,1]},
{"frame":13,"values":[0.9939,-0.0432,-0.1017,0,0.0432,0.9991,-0.0022,0,0.1017,-0.0022,0.9948,0,-0.0009,22.835,-2.8254,1]},
{"frame":14,"values":[0.9954,-0.0374,-0.0888,0,0.038,0.9993,0.0054,0,0.0885,-0.0088,0.996,0,-0.0009,22.835,-2.8254,1]},
{"frame":15,"values":[0.9966,-0.0317,-0.0758,0,0.0328,0.9994,0.013,0,0.0753,-0.0155,0.997,0,-0.0009,22.835,-2.8254,1]},
{"frame":16,"values":[0.9977,-0.0261,-0.0628,0,0.0274,0.9994,0.0206,0,0.0622,-0.0222,0.9978,0,-0.0009,22.835,-2.8254,1]},
{"frame":17,"values":[0.9986,-0.0206,-0.0497,0,0.022,0.9994,0.028,0,0.0491,-0.0291,0.9984,0,-0.0009,22.835,-2.8254,1]},
{"frame":18,"values":[0.9992,-0.0152,-0.0366,0,0.0165,0.9992,0.0354,0,0.036,-0.036,0.9987,0,-0.0009,22.835,-2.8254,1]},
{"frame":19,"values":[0.9997,-0.0098,-0.0234,0,0.0108,0.999,0.0427,0,0.0229,-0.043,0.9988,0,-0.0009,22.835,-2.8254,1]},
{"frame":20,"values":[0.9999,-0.0045,-0.0102,0,0.0048,0.9993,0.0358,0,0.0101,-0.0359,0.9993,0,-0.0009,22.835,-2.8254,1]},
{"frame":21,"values":[1,0.001,0.0029,0,-0.0011,0.9996,0.0288,0,-0.0029,-0.0288,0.9996,0,-0.0009,22.835,-2.8254,1]},
{"frame":22,"values":[0.9999,0.0065,0.016,0,-0.0069,0.9997,0.0218,0,-0.0159,-0.0219,0.9996,0,-0.0009,22.835,-2.8254,1]},
{"frame":23,"values":[0.9995,0.0122,0.0291,0,-0.0126,0.9998,0.0146,0,-0.0289,-0.015,0.9995,0,-0.0009,22.835,-2.8254,1]},
{"frame":24,"values":[0.999,0.0179,0.0421,0,-0.0182,0.9998,0.0074,0,-0.0419,-0.0082,0.9991,0,-0.0009,22.835,-2.8254,1]},
{"frame":25,"values":[0.9982,0.0237,0.055,0,-0.0238,0.9997,0.0002,0,-0.055,-0.0015,0.9985,0,-0.0009,22.835,-2.8254,1]},
{"frame":26,"values":[0.9972,0.0296,0.0679,0,-0.0292,0.9995,-0.0072,0,-0.0681,0.0052,0.9977,0,-0.0009,22.835,-2.8254,1]},
{"frame":27,"values":[0.9964,0.0237,0.081,0,-0.0226,0.9996,-0.0143,0,-0.0813,0.0124,0.9966,0,-0.0009,22.835,-2.8254,1]},
{"frame":28,"values":[0.9954,0.0178,0.094,0,-0.0172,0.9998,-0.0075,0,-0.0941,0.0058,0.9955,0,-0.0009,22.835,-2.8254,1]},
{"frame":29,"values":[0.9968,0.0117,0.0791,0,-0.0117,0.9999,-0.0004,0,-0.0791,-0.0005,0.9969,0,-0.0009,22.835,-2.8254,1]},
{"frame":30,"values":[0.9979,0.0057,0.0642,0,-0.0061,1,0.0066,0,-0.0642,-0.0069,0.9979,0,-0.0009,22.835,-2.8254,1]},
{"frame":31,"values":[0.9988,-0.0002,0.0492,0,-0.0004,0.9999,0.0134,0,-0.0492,-0.0134,0.9987,0,-0.0009,22.835,-2.8254,1]},
{"frame":32,"values":[0.9994,-0.0061,0.0342,0,0.0054,0.9998,0.0202,0,-0.0343,-0.02,0.9992,0,-0.0009,22.835,-2.8254,1]},
{"frame":33,"values":[0.9997,-0.0118,0.0192,0,0.0113,0.9996,0.0269,0,-0.0195,-0.0267,0.9995,0,-0.0009,22.835,-2.8254,1]},
{"frame":34,"values":[0.9998,-0.0174,0.0041,0,0.0173,0.9993,0.0336,0,-0.0046,-0.0335,0.9994,0,-0.0009,22.835,-2.8254,1]},
{"frame":35,"values":[0.9996,-0.0222,-0.017,0,0.0228,0.999,0.0387,0,0.0161,-0.0391,0.9991,0,-0.0009,22.835,-2.8254,1]}],"loopBehavior":1,"name":"anim","property":"_matrix"}},
{"name":"mixamorig:Spine2","index":3,"matrix":[0.9996,-0.0227,-0.0164,0,0.0233,0.999,0.0384,0,0.0155,-0.0387,0.9991,0,-0.0206,26.5525,-3.1933,1],"rest":[1,0,0,0,0,1,0,0,0,0,1,0,-0.0206,26.5525,-3.1933,1],"parentBoneIndex":2,"length":24.825
,"animation":{"dataType":3,"framePerSecond":24,"keys":[
{"frame":1,"values":[0.9996,-0.0227,-0.0164,0,0.0233,0.999,0.0384,0,0.0155,-0.0387,0.9991,0,-0.0206,26.5525,-3.1933,1]},
{"frame":2,"values":[0.999,-0.0274,-0.0365,0,0.0289,0.9987,0.0416,0,0.0353,-0.0426,0.9985,0,-0.0206,26.5525,-3.1933,1]},
{"frame":3,"values":[0.998,-0.0313,-0.0543,0,0.0336,0.9986,0.0416,0,0.053,-0.0434,0.9977,0,-0.0206,26.5525,-3.1933,1]},
{"frame":4,"values":[0.9972,-0.034,-0.0672,0,0.0365,0.9987,0.036,0,0.0659,-0.0383,0.9971,0,-0.0206,26.5525,-3.1933,1]},
{"frame":5,"values":[0.9965,-0.036,-0.0748,0,0.0382,0.9989,0.0279,0,0.0737,-0.0307,0.9968,0,-0.0206,26.5525,-3.1933,1]},
{"frame":6,"values":[0.996,-0.0386,-0.0801,0,0.0404,0.999,0.0209,0,0.0792,-0.0241,0.9966,0,-0.0206,26.5525,-3.1933,1]},
{"frame":7,"values":[0.9954,-0.0428,-0.0854,0,0.0442,0.9989,0.0145,0,0.0847,-0.0182,0.9962,0,-0.0206,26.5525,-3.1933,1]},
{"frame":8,"values":[0.9948,-0.047,-0.0907,0,0.0478,0.9988,0.0068,0,0.0903,-0.0111,0.9959,0,-0.0206,26.5525,-3.1933,1]},
{"frame":9,"values":[0.9941,-0.0511,-0.0961,0,0.0511,0.9987,-0.0022,0,0.0961,-0.0028,0.9954,0,-0.0206,26.5525,-3.1933,1]},
{"frame":10,"values":[0.9933,-0.0552,-0.1014,0,0.0544,0.9985,-0.0111,0,0.1018,0.0056,0.9948,0,-0.0206,26.5525,-3.1933,1]},
{"frame":11,"values":[0.9925,-0.0594,-0.1067,0,0.0576,0.9981,-0.0201,0,0.1077,0.0139,0.9941,0,-0.0206,26.5525,-3.1933,1]},
{"frame":12,"values":[0.9923,-0.0532,-0.112,0,0.0521,0.9986,-0.0124,0,0.1125,0.0064,0.9936,0,-0.0206,26.5525,-3.1933,1]},
{"frame":13,"values":[0.994,-0.0467,-0.0994,0,0.0465,0.9989,-0.0043,0,0.0995,-0.0003,0.995,0,-0.0206,26.5525,-3.1933,1]},
{"frame":14,"values":[0.9954,-0.0403,-0.0868,0,0.0408,0.9992,0.0036,0,0.0865,-0.0072,0.9962,0,-0.0206,26.5525,-3.1933,1]},
{"frame":15,"values":[0.9967,-0.034,-0.0741,0,0.035,0.9993,0.0115,0,0.0736,-0.0141,0.9972,0,-0.0206,26.5525,-3.1933,1]},
{"frame":16,"values":[0.9977,-0.0278,-0.0613,0,0.0291,0.9994,0.0194,0,0.0607,-0.0211,0.9979,0,-0.0206,26.5525,-3.1933,1]},
{"frame":17,"values":[0.9986,-0.0217,-0.0485,0,0.023,0.9994,0.0271,0,0.0479,-0.0282,0.9985,0,-0.0206,26.5525,-3.1933,1]},
{"frame":18,"values":[0.9992,-0.0157,-0.0356,0,0.0169,0.9993,0.0348,0,0.035,-0.0353,0.9988,0,-0.0206,26.5525,-3.1933,1]},
{"frame":19,"values":[0.9997,-0.0097,-0.0227,0,0.0107,0.999,0.0423,0,0.0222,-0.0426,0.9988,0,-0.0206,26.5525,-3.1933,1]},
{"frame":20,"values":[0.9999,-0.0038,-0.0097,0,0.0041,0.9994,0.0351,0,0.0096,-0.0352,0.9993,0,-0.0206,26.5525,-3.1933,1]},
{"frame":21,"values":[1,0.0023,0.0031,0,-0.0024,0.9996,0.0278,0,-0.0031,-0.0278,0.9996,0,-0.0206,26.5525,-3.1933,1]},
{"frame":22,"values":[0.9998,0.0085,0.016,0,-0.0088,0.9998,0.0204,0,-0.0158,-0.0206,0.9997,0,-0.0206,26.5525,-3.1933,1]},
{"frame":23,"values":[0.9995,0.0147,0.0288,0,-0.0151,0.9998,0.0129,0,-0.0286,-0.0134,0.9995,0,-0.0206,26.5525,-3.1933,1]},
{"frame":24,"values":[0.9989,0.0211,0.0415,0,-0.0213,0.9998,0.0054,0,-0.0414,-0.0063,0.9991,0,-0.0206,26.5525,-3.1933,1]},
{"frame":25,"values":[0.9982,0.0275,0.0542,0,-0.0274,0.9996,-0.0022,0,-0.0542,0.0008,0.9985,0,-0.0206,26.5525,-3.1933,1]},
{"frame":26,"values":[0.9972,0.034,0.0668,0,-0.0334,0.9994,-0.0099,0,-0.0671,0.0077,0.9977,0,-0.0206,26.5525,-3.1933,1]},
{"frame":27,"values":[0.9964,0.0276,0.0796,0,-0.0263,0.9995,-0.0174,0,-0.08,0.0152,0.9967,0,-0.0206,26.5525,-3.1933,1]},
{"frame":28,"values":[0.9955,0.0212,0.0923,0,-0.0203,0.9997,-0.0101,0,-0.0925,0.0082,0.9957,0,-0.0206,26.5525,-3.1933,1]},
{"frame":29,"values":[0.9969,0.0145,0.0779,0,-0.0144,0.9999,-0.0027,0,-0.0779,0.0015,0.997,0,-0.0206,26.5525,-3.1933,1]},
{"frame":30,"values":[0.998,0.008,0.0633,0,-0.0083,1,0.0047,0,-0.0633,-0.0052,0.998,0,-0.0206,26.5525,-3.1933,1]},
{"frame":31,"values":[0.9988,0.0015,0.0488,0,-0.0021,0.9999,0.012,0,-0.0487,-0.0121,0.9987,0,-0.0206,26.5525,-3.1933,1]},
{"frame":32,"values":[0.9994,-0.0048,0.0341,0,0.0042,0.9998,0.0192,0,-0.0342,-0.0191,0.9992,0,-0.0206,26.5525,-3.1933,1]},
{"frame":33,"values":[0.9997,-0.0111,0.0195,0,0.0106,0.9996,0.0263,0,-0.0197,-0.0261,0.9995,0,-0.0206,26.5525,-3.1933,1]},
{"frame":34,"values":[0.9998,-0.0172,0.0047,0,0.0171,0.9993,0.0333,0,-0.0053,-0.0333,0.9994,0,-0.0206,26.5525,-3.1933,1]},
{"frame":35,"values":[0.9996,-0.0227,-0.0164,0,0.0233,0.999,0.0384,0,0.0155,-0.0387,0.9991,0,-0.0206,26.5525,-3.1933,1]}],"loopBehavior":1,"name":"anim","property":"_matrix"}},
{"name":"mixamorig:Neck","index":4,"matrix":[0.9993,-0.037,-0.0023,0,0.0366,0.9941,-0.102,0,0.0061,0.1019,0.9948,0,-0.06,30.7018,1.3522,1],"rest":[1,0,0,0,0,1,0,0,0,0,1,0,-0.06,30.7018,1.3522,1],"parentBoneIndex":3,"length":22.8446
,"animation":{"dataType":3,"framePerSecond":24,"keys":[
{"frame":1,"values":[0.9993,-0.037,-0.0023,0,0.0366,0.9941,-0.102,0,0.0061,0.1019,0.9948,0,-0.06,30.7018,1.3522,1]},
{"frame":2,"values":[0.9993,-0.0363,0.0084,0,0.0369,0.9947,-0.0955,0,-0.0049,0.0957,0.9954,0,-0.06,30.7018,1.3522,1]},
{"frame":3,"values":[0.9992,-0.0358,0.0179,0,0.0373,0.9951,-0.0913,0,-0.0146,0.0919,0.9957,0,-0.06,30.7018,1.3522,1]},
{"frame":4,"values":[0.9991,-0.0357,0.0247,0,0.0379,0.9949,-0.0938,0,-0.0213,0.0946,0.9953,0,-0.06,30.7018,1.3522,1]},
{"frame":5,"values":[0.9989,-0.0359,0.0294,0,0.0387,0.994,-0.1022,0,-0.0255,0.1032,0.9943,0,-0.06,30.7018,1.3522,1]},
{"frame":6,"values":[0.9988,-0.0356,0.0336,0,0.0392,0.993,-0.1116,0,-0.0294,0.1128,0.9932,0,-0.06,30.7018,1.3522,1]},
{"frame":7,"values":[0.9987,-0.0336,0.0377,0,0.0378,0.9922,-0.1184,0,-0.0334,0.1197,0.9923,0,-0.06,30.7018,1.3522,1]},
{"frame":8,"values":[0.9987,-0.0291,0.0418,0,0.0339,0.9922,-0.1196,0,-0.038,0.1208,0.9919,0,-0.06,30.7018,1.3522,1]},
{"frame":9,"values":[0.9986,-0.0268,0.0458,0,0.032,0.9928,-0.1151,0,-0.0424,0.1164,0.9923,0,-0.06,30.7018,1.3522,1]},
{"frame":10,"values":[0.9985,-0.0245,0.0499,0,0.0298,0.9937,-0.1077,0,-0.047,0.109,0.9929,0,-0.06,30.7018,1.3522,1]},
{"frame":11,"values":[0.9988,-0.0222,0.0425,0,0.0265,0.9944,-0.102,0,-0.04,0.103,0.9939,0,-0.06,30.7018,1.3522,1]},
{"frame":12,"values":[0.9992,-0.0199,0.0351,0,0.0234,0.9946,-0.1011,0,-0.0329,0.1018,0.9943,0,-0.06,30.7018,1.3522,1]},
{"frame":13,"values":[0.9995,-0.0176,0.0277,0,0.0205,0.9942,-0.1059,0,-0.0257,0.1064,0.994,0,-0.06,30.7018,1.3522,1]},
{"frame":14,"values":[0.9997,-0.0153,0.0203,0,0.0175,0.9937,-0.1107,0,-0.0185,0.111,0.9936,0,-0.06,30.7018,1.3522,1]},
{"frame":15,"values":[0.9998,-0.0131,0.0129,0,0.0145,0.9932,-0.1155,0,-0.0113,0.1156,0.9932,0,-0.06,30.7018,1.3522,1]},
{"frame":16,"values":[0.9999,-0.0109,0.0054,0,0.0115,0.9943,-0.1063,0,-0.0042,0.1064,0.9943,0,-0.06,30.7019,1.3522,1]},
{"frame":17,"values":[1,-0.0087,-0.002,0,0.0085,0.9952,-0.0971,0,0.0029,0.0971,0.9953,0,-0.06,30.7018,1.3522,1]},
{"frame":18,"values":[0.9999,-0.0065,-0.0095,0,0.0056,0.9961,-0.0879,0,0.01,0.0879,0.9961,0,-0.06,30.7018,1.3522,1]},
{"frame":19,"values":[0.9998,-0.0041,-0.0169,0,0.0028,0.9969,-0.0787,0,0.0171,0.0786,0.9968,0,-0.06,30.7018,1.3522,1]},
{"frame":20,"values":[0.9997,-0.0017,-0.0242,0,0.0001,0.9976,-0.0694,0,0.0243,0.0694,0.9973,0,-0.06,30.7018,1.3522,1]},
{"frame":21,"values":[0.9995,0.0007,-0.0316,0,-0.0026,0.9982,-0.0601,0,0.0315,0.0602,0.9977,0,-0.06,30.7019,1.3522,1]},
{"frame":22,"values":[0.9992,-0.0025,-0.039,0,-0.0001,0.9978,-0.0657,0,0.0391,0.0656,0.9971,0,-0.06,30.7018,1.3522,1]},
{"frame":23,"values":[0.9989,-0.0058,-0.0464,0,0.0025,0.9975,-0.0713,0,0.0467,0.0711,0.9964,0,-0.06,30.7018,1.3522,1]},
{"frame":24,"values":[0.9985,-0.0091,-0.0538,0,0.0049,0.997,-0.0769,0,0.0544,0.0765,0.9956,0,-0.06,30.7018,1.3522,1]},
{"frame":25,"values":[0.998,-0.0124,-0.0612,0,0.0074,0.9966,-0.0825,0,0.062,0.0819,0.9947,0,-0.06,30.7018,1.3522,1]},
{"frame":26,"values":[0.9983,-0.0157,-0.0559,0,0.0108,0.9961,-0.0881,0,0.0571,0.0874,0.9945,0,-0.06,30.7018,1.3522,1]},
{"frame":27,"values":[0.9985,-0.019,-0.0506,0,0.0145,0.996,-0.0881,0,0.0521,0.0872,0.9948,0,-0.06,30.7018,1.3522,1]},
{"frame":28,"values":[0.9987,-0.0223,-0.0453,0,0.0183,0.996,-0.088,0,0.047,0.0871,0.9951,0,-0.06,30.7019,1.3522,1]},
{"frame":29,"values":[0.9989,-0.0257,-0.04,0,0.0219,0.9954,-0.0932,0,0.0422,0.0923,0.9948,0,-0.06,30.7018,1.3522,1]},
{"frame":30,"values":[0.999,-0.029,-0.0347,0,0.0255,0.9948,-0.0985,0,0.0374,0.0975,0.9945,0,-0.06,30.7018,1.3522,1]},
{"frame":31,"values":[0.999,-0.0323,-0.0294,0,0.0291,0.9942,-0.1037,0,0.0325,0.1027,0.9942,0,-0.06,30.7018,1.3522,1]},
{"frame":32,"values":[0.9991,-0.0356,-0.024,0,0.0328,0.9935,-0.1088,0,0.0277,0.108,0.9938,0,-0.06,30.7018,1.3522,1]},
{"frame":33,"values":[0.9991,-0.0388,-0.0187,0,0.0365,0.9928,-0.114,0,0.023,0.1132,0.9933,0,-0.06,30.7018,1.3522,1]},
{"frame":34,"values":[0.9992,-0.0379,-0.0133,0,0.0363,0.9934,-0.1086,0,0.0174,0.108,0.994,0,-0.06,30.7018,1.3522,1]},
{"frame":35,"values":[0.9993,-0.037,-0.0023,0,0.0366,0.9941,-0.102,0,0.0061,0.1019,0.9948,0,-0.06,30.7018,1.3522,1]}],"loopBehavior":1,"name":"anim","property":"_matrix"}},
{"name":"mixamorig:Head","index":5,"matrix":[0.9998,0.0082,0.0203,0,-0.0038,0.9783,-0.2072,0,-0.0216,0.207,0.9781,0,-0.0872,22.5476,3.6709,1],"rest":[1,0,0,0,0,1,0,0,0,0,1,0,-0.0872,22.5476,3.6709,1],"parentBoneIndex":4,"length":30.5923
,"animation":{"dataType":3,"framePerSecond":24,"keys":[
{"frame":1,"values":[0.9998,0.0082,0.0203,0,-0.0038,0.9783,-0.2072,0,-0.0216,0.207,0.9781,0,-0.0872,22.5477,3.6709,1]},
{"frame":2,"values":[0.9961,0.0474,0.0741,0,-0.0318,0.9794,-0.1994,0,-0.082,0.1963,0.9771,0,-0.0872,22.5476,3.6709,1]},
{"frame":3,"values":[0.989,0.0827,0.1223,0,-0.058,0.9795,-0.1931,0,-0.1358,0.1839,0.9735,0,-0.0872,22.5477,3.6709,1]},
{"frame":4,"values":[0.9815,0.1109,0.1562,0,-0.0799,0.9781,-0.1923,0,-0.1741,0.1763,0.9688,0,-0.0872,22.5476,3.6709,1]},
{"frame":5,"values":[0.9749,0.1357,0.1766,0,-0.0983,0.9736,-0.2059,0,-0.1999,0.1834,0.9625,0,-0.0872,22.5476,3.6709,1]},
{"frame":6,"values":[0.9682,0.1594,0.1927,0,-0.1141,0.9673,-0.2267,0,-0.2225,0.1975,0.9547,0,-0.0872,22.5476,3.6709,1]},
{"frame":7,"values":[0.9626,0.172,0.2094,0,-0.1193,0.9627,-0.2428,0,-0.2434,0.2087,0.9472,0,-0.0872,22.5476,3.6709,1]},
{"frame":8,"values":[0.9565,0.1845,0.2261,0,-0.1276,0.9612,-0.2446,0,-0.2624,0.2051,0.9429,0,-0.0872,22.5476,3.6709,1]},
{"frame":9,"values":[0.9499,0.1967,0.2427,0,-0.1409,0.9631,-0.2291,0,-0.2788,0.1834,0.9427,0,-0.0872,22.5476,3.6709,1]},
{"frame":10,"values":[0.943,0.2088,0.2592,0,-0.1589,0.9667,-0.2006,0,-0.2925,0.148,0.9448,0,-0.0872,22.5476,3.6709,1]},
{"frame":11,"values":[0.9584,0.182,0.2201,0,-0.1453,0.9742,-0.1725,0,-0.2458,0.1334,0.9601,0,-0.0872,22.5476,3.6709,1]},
{"frame":12,"values":[0.9714,0.1541,0.1806,0,-0.1271,0.9801,-0.1526,0,-0.2005,0.1253,0.9716,0,-0.0872,22.5476,3.6709,1]},
{"frame":13,"values":[0.982,0.1255,0.1408,0,-0.1047,0.9837,-0.1462,0,-0.1569,0.1288,0.9792,0,-0.0872,22.5476,3.6709,1]},
{"frame":14,"values":[0.9902,0.0962,0.1008,0,-0.0806,0.9856,-0.1485,0,-0.1136,0.139,0.9838,0,-0.0872,22.5476,3.6709,1]},
{"frame":15,"values":[0.9959,0.0664,0.0607,0,-0.0565,0.9868,-0.1518,0,-0.0699,0.1478,0.9865,0,-0.0872,22.5476,3.6709,1]},
{"frame":16,"values":[0.9991,0.036,0.0206,0,-0.0326,0.9888,-0.1459,0,-0.0257,0.1451,0.9891,0,-0.0872,22.5477,3.6709,1]},
{"frame":17,"values":[0.9998,0.0057,-0.0196,0,-0.0084,0.99,-0.141,0,0.0186,0.1411,0.9898,0,-0.0872,22.5476,3.6709,1]},
{"frame":18,"values":[0.9979,-0.0244,-0.06,0,0.016,0.9904,-0.137,0,0.0628,0.1358,0.9888,0,-0.0872,22.5476,3.6709,1]},
{"frame":19,"values":[0.9935,-0.0542,-0.1003,0,0.0405,0.9902,-0.134,0,0.1066,0.1291,0.9859,0,-0.0872,22.5476,3.6709,1]},
{"frame":20,"values":[0.9866,-0.0821,-0.1411,0,0.0613,0.9874,-0.1458,0,0.1513,0.1352,0.9792,0,-0.0872,22.5476,3.6709,1]},
{"frame":21,"values":[0.9772,-0.1103,-0.1814,0,0.0816,0.984,-0.1585,0,0.196,0.1401,0.9705,0,-0.0872,22.5476,3.6709,1]},
{"frame":22,"values":[0.9654,-0.1386,-0.221,0,0.1013,0.9799,-0.172,0,0.2404,0.1437,0.96,0,-0.0872,22.5476,3.6709,1]},
{"frame":23,"values":[0.9512,-0.1669,-0.2597,0,0.1202,0.9751,-0.1863,0,0.2843,0.1459,0.9476,0,-0.0872,22.5476,3.6709,1]},
{"frame":24,"values":[0.9346,-0.1951,-0.2974,0,0.1384,0.9697,-0.2012,0,0.3277,0.1469,0.9333,0,-0.0872,22.5476,3.6709,1]},
{"frame":25,"values":[0.9357,-0.2251,-0.2718,0,0.1682,0.9615,-0.2173,0,0.3102,0.1576,0.9375,0,-0.0872,22.5476,3.6709,1]},
{"frame":26,"values":[0.9473,-0.2047,-0.2462,0,0.1542,0.9656,-0.2094,0,0.2806,0.1604,0.9463,0,-0.0872,22.5476,3.6709,1]},
{"frame":27,"values":[0.9579,-0.1842,-0.2203,0,0.14,0.9694,-0.2018,0,0.2507,0.1625,0.9543,0,-0.0872,22.5476,3.6709,1]},
{"frame":28,"values":[0.9673,-0.1636,-0.194,0,0.1255,0.9728,-0.1947,0,0.2206,0.1639,0.9615,0,-0.0872,22.5477,3.6709,1]},
{"frame":29,"values":[0.9755,-0.1429,-0.1674,0,0.1107,0.9759,-0.1879,0,0.1902,0.1647,0.9678,0,-0.0872,22.5476,3.6709,1]},
{"frame":30,"values":[0.9826,-0.1214,-0.1407,0,0.0928,0.9765,-0.1944,0,0.161,0.178,0.9708,0,-0.0872,22.5476,3.6709,1]},
{"frame":31,"values":[0.9885,-0.0996,-0.1141,0,0.0751,0.9766,-0.2015,0,0.1315,0.1906,0.9728,0,-0.0872,22.5476,3.6709,1]},
{"frame":32,"values":[0.9932,-0.0773,-0.0875,0,0.0576,0.9762,-0.209,0,0.1016,0.2025,0.974,0,-0.0872,22.5476,3.6709,1]},
{"frame":33,"values":[0.9966,-0.0547,-0.0611,0,0.0402,0.9754,-0.2169,0,0.0715,0.2137,0.9743,0,-0.0872,22.5476,3.6709,1]},
{"frame":34,"values":[0.9989,-0.0322,-0.0344,0,0.024,0.9764,-0.2147,0,0.0405,0.2137,0.9761,0,-0.0872,22.5476,3.6709,1]},
{"frame":35,"values":[0.9998,0.0082,0.0203,0,-0.0038,0.9783,-0.2072,0,-0.0216,0.207,0.9781,0,-0.0872,22.5476,3.6709,1]}],"loopBehavior":1,"name":"anim","property":"_matrix"}},
{"name":"mixamorig:HeadTop_End","index":6,"matrix":[1,0,0,0,0,1,0,0,0,0,1,0,-0.8306,40.3552,7.8935,1],"rest":[1,0,0,0,0,1,0,0,0,0,1,0,-0.8306,40.3552,7.8935,1],"parentBoneIndex":5,"length":30.5923
,"animation":{"dataType":3,"framePerSecond":24,"keys":[
{"frame":1,"values":[1,0,0,0,0,1,0,0,0,0,1,0,-0.8306,40.3552,7.8935,1]},
{"frame":5,"values":[1,0,0,0,0,1,0,0,0,0,1,0,-0.8306,40.3553,7.8935,1]},
{"frame":6,"values":[1,0,0,0,0,1,0,0,0,0,1,0,-0.8306,40.3552,7.8935,1]},
{"frame":21,"values":[1,0,0,0,0,1,0,0,0,0,1,0,-0.8306,40.3551,7.8935,1]},
{"frame":22,"values":[1,0,0,0,0,1,0,0,0,0,1,0,-0.8306,40.3552,7.8935,1]},
{"frame":26,"values":[1,0,0,0,0,1,0,0,0,0,1,0,-0.8306,40.3551,7.8935,1]},
{"frame":27,"values":[1,0,0,0,0,1,0,0,0,0,1,0,-0.8306,40.3552,7.8935,1]},
{"frame":35,"values":[1,0,0,0,0,1,0,0,0,0,1,0,-0.8306,40.3552,7.8935,1]}],"loopBehavior":1,"name":"anim","property":"_matrix"}},
{"name":"mixamorig:RightEye","index":7,"matrix":[1,0,0,0,0,1,0,0,0,0,1,0,-6.3021,18.1186,16.1971,1],"rest":[1,0,0,0,0,1,0,0,0,0,1,0,-6.3021,18.1186,16.1971,1],"parentBoneIndex":5,"length":30.5923
,"animation":{"dataType":3,"framePerSecond":24,"keys":[
{"frame":1,"values":[1,0,0,0,0,1,0,0,0,0,1,0,-6.3021,18.1186,16.1971,1]},
{"frame":22,"values":[1,0,0,0,0,1,0,0,0,0,1,0,-6.3021,18.1185,16.1971,1]},
{"frame":23,"values":[1,0,0,0,0,1,0,0,0,0,1,0,-6.3021,18.1186,16.1971,1]},
{"frame":35,"values":[1,0,0,0,0,1,0,0,0,0,1,0,-6.3021,18.1186,16.1971,1]}],"loopBehavior":1,"name":"anim","property":"_matrix"}},
{"name":"mixamorig:LeftEye","index":8,"matrix":[1,0,0,0,0,1,0,0,0,0,1,0,6.7415,18.3827,16.4019,1],"rest":[1,0,0,0,0,1,0,0,0,0,1,0,6.7415,18.3827,16.4019,1],"parentBoneIndex":5,"length":30.5923
,"animation":{"dataType":3,"framePerSecond":24,"keys":[
{"frame":1,"values":[1,0,0,0,0,1,0,0,0,0,1,0,6.7415,18.3827,16.4019,1]},
{"frame":4,"values":[1,0,0,0,0,1,0,0,0,0,1,0,6.7415,18.3828,16.4019,1]},
{"frame":5,"values":[1,0,0,0,0,1,0,0,0,0,1,0,6.7415,18.3827,16.4019,1]},
{"frame":22,"values":[1,0,0,0,0,1,0,0,0,0,1,0,6.7415,18.3826,16.4019,1]},
{"frame":23,"values":[1,0,0,0,0,1,0,0,0,0,1,0,6.7415,18.3827,16.4019,1]},
{"frame":35,"values":[1,0,0,0,0,1,0,0,0,0,1,0,6.7415,18.3827,16.4019,1]}],"loopBehavior":1,"name":"anim","property":"_matrix"}},
{"name":"mixamorig:LeftShoulder","index":9,"matrix":[0.9798,-0.1946,-0.0459,0,0.1949,0.9808,0.0041,0,0.0442,-0.0129,0.9989,0,11.9249,18.2305,1.4254,1],"rest":[1,0.0062,0,0,-0.0062,1,0,0,0,0,1,0,11.9249,18.2305,1.4254,1],"parentBoneIndex":3,"length":25.9773
,"animation":{"dataType":3,"framePerSecond":24,"keys":[
{"frame":1,"values":[0.9798,-0.1946,-0.0459,0,0.1949,0.9808,0.0041,0,0.0442,-0.0129,0.9989,0,11.9249,18.2305,1.4254,1]},
{"frame":2,"values":[0.9798,-0.1949,-0.0457,0,0.1953,0.9807,0.0041,0,0.044,-0.013,0.9989,0,11.9249,18.2305,1.4254,1]},
{"frame":3,"values":[0.9797,-0.195,-0.0455,0,0.1954,0.9807,0.0042,0,0.0438,-0.013,0.999,0,11.9249,18.2305,1.4254,1]},
{"frame":4,"values":[0.9798,-0.1949,-0.045,0,0.1953,0.9807,0.0043,0,0.0433,-0.013,0.999,0,11.9249,18.2304,1.4254,1]},
{"frame":5,"values":[0.9797,-0.1956,-0.0448,0,0.1959,0.9806,0.0044,0,0.0431,-0.0131,0.999,0,11.9249,18.2305,1.4254,1]},
{"frame":6,"values":[0.9794,-0.1968,-0.0451,0,0.1972,0.9804,0.0044,0,0.0433,-0.0132,0.999,0,11.9249,18.2305,1.4254,1]},
{"frame":7,"values":[0.9792,-0.1977,-0.0456,0,0.198,0.9802,0.0042,0,0.0438,-0.0132,0.999,0,11.9249,18.2305,1.4254,1]},
{"frame":8,"values":[0.9791,-0.1979,-0.0466,0,0.1983,0.9801,0.004,0,0.0449,-0.0131,0.9989,0,11.9249,18.2305,1.4254,1]},
{"frame":9,"values":[0.979,-0.1979,-0.0484,0,0.1983,0.9801,0.0034,0,0.0468,-0.0129,0.9988,0,11.9249,18.2305,1.4254,1]},
{"frame":10,"values":[0.9789,-0.1981,-0.0507,0,0.1985,0.9801,0.0027,0,0.0491,-0.0127,0.9987,0,11.9249,18.2305,1.4254,1]},
{"frame":11,"values":[0.9787,-0.1983,-0.0529,0,0.1987,0.9801,0.0029,0,0.0512,-0.0134,0.9986,0,11.9249,18.2305,1.4254,1]},
{"frame":12,"values":[0.9786,-0.1984,-0.0551,0,0.1989,0.98,0.0031,0,0.0534,-0.014,0.9985,0,11.9249,18.2305,1.4254,1]},
{"frame":13,"values":[0.9786,-0.1987,-0.0544,0,0.1991,0.98,0.0033,0,0.0526,-0.0141,0.9985,0,11.9249,18.2305,1.4254,1]},
{"frame":14,"values":[0.9788,-0.1975,-0.0537,0,0.198,0.9802,0.0035,0,0.0519,-0.0141,0.9986,0,11.9249,18.2305,1.4254,1]},
{"frame":15,"values":[0.9791,-0.1964,-0.053,0,0.1969,0.9804,0.0037,0,0.0512,-0.0141,0.9986,0,11.9249,18.2305,1.4254,1]},
{"frame":16,"values":[0.9793,-0.1953,-0.0523,0,0.1958,0.9806,0.0039,0,0.0505,-0.0141,0.9986,0,11.9249,18.2305,1.4254,1]},
{"frame":17,"values":[0.9796,-0.1942,-0.0516,0,0.1947,0.9809,0.0041,0,0.0498,-0.0141,0.9987,0,11.9249,18.2305,1.4254,1]},
{"frame":18,"values":[0.9801,-0.1921,-0.0509,0,0.1926,0.9813,0.0043,0,0.0491,-0.014,0.9987,0,11.9249,18.2305,1.4254,1]},
{"frame":19,"values":[0.9805,-0.1901,-0.0502,0,0.1905,0.9817,0.0045,0,0.0484,-0.014,0.9987,0,11.9249,18.2305,1.4254,1]},
{"frame":20,"values":[0.9809,-0.188,-0.0495,0,0.1884,0.9821,0.0047,0,0.0477,-0.0139,0.9988,0,11.9249,18.2305,1.4254,1]},
{"frame":21,"values":[0.9814,-0.1859,-0.0488,0,0.1864,0.9825,0.0049,0,0.047,-0.0139,0.9988,0,11.9249,18.2306,1.4254,1]},
{"frame":22,"values":[0.9818,-0.1838,-0.0481,0,0.1843,0.9829,0.0051,0,0.0463,-0.0139,0.9988,0,11.9249,18.2305,1.4254,1]},
{"frame":23,"values":[0.9822,-0.1818,-0.0474,0,0.1822,0.9832,0.0053,0,0.0456,-0.0138,0.9989,0,11.9249,18.2305,1.4254,1]},
{"frame":24,"values":[0.9826,-0.1797,-0.0467,0,0.1801,0.9836,0.005,0,0.045,-0.0133,0.9989,0,11.9249,18.2305,1.4254,1]},
{"frame":25,"values":[0.983,-0.1776,-0.046,0,0.178,0.984,0.0048,0,0.0444,-0.0129,0.9989,0,11.9249,18.2305,1.4254,1]},
{"frame":26,"values":[0.9834,-0.1755,-0.0453,0,0.1759,0.9844,0.0045,0,0.0438,-0.0124,0.999,0,11.9249,18.2305,1.4254,1]},
{"frame":27,"values":[0.983,-0.1782,-0.0446,0,0.1785,0.9839,0.0042,0,0.0431,-0.0121,0.999,0,11.9249,18.2304,1.4254,1]},
{"frame":28,"values":[0.9825,-0.1808,-0.0452,0,0.1812,0.9834,0.004,0,0.0438,-0.0121,0.999,0,11.9249,18.2305,1.4254,1]},
{"frame":29,"values":[0.9819,-0.1835,-0.0464,0,0.1838,0.9829,0.0037,0,0.045,-0.0122,0.9989,0,11.9249,18.2305,1.4254,1]},
{"frame":30,"values":[0.9814,-0.1861,-0.0476,0,0.1865,0.9825,0.0034,0,0.0462,-0.0122,0.9989,0,11.9249,18.2305,1.4254,1]},
{"frame":31,"values":[0.9808,-0.1888,-0.0489,0,0.1891,0.9819,0.0032,0,0.0474,-0.0123,0.9988,0,11.9249,18.2305,1.4254,1]},
{"frame":32,"values":[0.9805,-0.1906,-0.048,0,0.1909,0.9816,0.0034,0,0.0465,-0.0125,0.9988,0,11.9249,18.2305,1.4254,1]},
{"frame":33,"values":[0.9802,-0.1924,-0.0472,0,0.1927,0.9812,0.0037,0,0.0456,-0.0127,0.9989,0,11.9249,18.2305,1.4254,1]},
{"frame":34,"values":[0.9799,-0.1942,-0.0463,0,0.1945,0.9809,0.0039,0,0.0447,-0.0129,0.9989,0,11.9249,18.2305,1.4254,1]},
{"frame":35,"values":[0.9798,-0.1946,-0.0459,0,0.1949,0.9808,0.0041,0,0.0442,-0.0129,0.9989,0,11.9249,18.2305,1.4254,1]}],"loopBehavior":1,"name":"anim","property":"_matrix"}},
{"name":"mixamorig:LeftArm","index":10,"matrix":[0.5855,-0.7553,0.2945,0,0.7043,0.6538,0.2765,0,-0.4014,0.0455,0.9148,0,25.4312,-0.8546,-5.2293,1],"rest":[0.9983,0.0295,0.0512,0,-0.0294,0.9996,-0.0017,0,-0.0512,0.0002,0.9987,0,25.4312,-0.8546,-5.2293,1],"parentBoneIndex":9,"length":54.6848
,"animation":{"dataType":3,"framePerSecond":24,"keys":[
{"frame":1,"values":[0.5855,-0.7553,0.2945,0,0.7043,0.6538,0.2765,0,-0.4014,0.0455,0.9148,0,25.4312,-0.8546,-5.2293,1]},
{"frame":2,"values":[0.588,-0.7573,0.2842,0,0.7035,0.6522,0.2822,0,-0.3991,0.034,0.9163,0,25.4312,-0.8547,-5.2293,1]},
{"frame":3,"values":[0.5949,-0.7582,0.2668,0,0.6992,0.6519,0.2936,0,-0.3965,0.0119,0.9179,0,25.4312,-0.8546,-5.2293,1]},
{"frame":4,"values":[0.61,-0.7563,0.2364,0,0.6908,0.6537,0.309,0,-0.3882,-0.0251,0.9212,0,25.4312,-0.8546,-5.2293,1]},
{"frame":5,"values":[0.6259,-0.7534,0.2016,0,0.6851,0.6546,0.3194,0,-0.3726,-0.0618,0.9259,0,25.4312,-0.8546,-5.2293,1]},
{"frame":6,"values":[0.6349,-0.7527,0.1744,0,0.6875,0.6534,0.317,0,-0.3526,-0.0814,0.9322,0,25.4312,-0.8546,-5.2293,1]},
{"frame":7,"values":[0.6329,-0.758,0.1576,0,0.6991,0.647,0.3043,0,-0.3327,-0.0824,0.9394,0,25.4312,-0.8547,-5.2293,1]},
{"frame":8,"values":[0.6303,-0.7623,0.1471,0,0.709,0.6424,0.2909,0,-0.3162,-0.079,0.9454,0,25.4312,-0.8547,-5.2293,1]},
{"frame":9,"values":[0.6275,-0.7666,0.1367,0,0.7187,0.6377,0.2772,0,-0.2997,-0.0757,0.951,0,25.4312,-0.8547,-5.2293,1]},
{"frame":10,"values":[0.6244,-0.7708,0.1263,0,0.728,0.6329,0.2634,0,-0.283,-0.0725,0.9564,0,25.4312,-0.8547,-5.2293,1]},
{"frame":11,"values":[0.6257,-0.7714,0.1158,0,0.7334,0.6324,0.2495,0,-0.2657,-0.0712,0.9614,0,25.4312,-0.8547,-5.2293,1]},
{"frame":12,"values":[0.627,-0.7719,0.1053,0,0.7322,0.6301,0.2587,0,-0.2661,-0.0851,0.9602,0,25.4312,-0.8546,-5.2293,1]},
{"frame":13,"values":[0.6263,-0.7676,0.1365,0,0.7231,0.6373,0.2664,0,-0.2915,-0.0681,0.9541,0,25.4312,-0.8546,-5.2293,1]},
{"frame":14,"values":[0.6247,-0.7627,0.1677,0,0.7137,0.6447,0.2737,0,-0.3169,-0.0513,0.9471,0,25.4312,-0.8546,-5.2293,1]},
{"frame":15,"values":[0.6222,-0.7572,0.1987,0,0.7041,0.6523,0.2806,0,-0.3421,-0.0347,0.939,0,25.4312,-0.8546,-5.2293,1]},
{"frame":16,"values":[0.6189,-0.7511,0.2296,0,0.6943,0.6599,0.2872,0,-0.3672,-0.0183,0.9299,0,25.4312,-0.8546,-5.2293,1]},
{"frame":17,"values":[0.6147,-0.7445,0.2604,0,0.6843,0.6676,0.2933,0,-0.3922,-0.0021,0.9199,0,25.4312,-0.8546,-5.2293,1]},
{"frame":18,"values":[0.6097,-0.7373,0.2908,0,0.6741,0.6754,0.299,0,-0.4169,0.0138,0.9089,0,25.4312,-0.8547,-5.2293,1]},
{"frame":19,"values":[0.6039,-0.7296,0.321,0,0.6638,0.6832,0.3043,0,-0.4413,0.0293,0.8969,0,25.4312,-0.8546,-5.2293,1]},
{"frame":20,"values":[0.5972,-0.7213,0.3508,0,0.6533,0.6912,0.3091,0,-0.4655,0.0446,0.8839,0,25.4312,-0.8546,-5.2293,1]},
{"frame":21,"values":[0.5897,-0.7125,0.3803,0,0.6426,0.6991,0.3135,0,-0.4893,0.0595,0.8701,0,25.4312,-0.8546,-5.2293,1]},
{"frame":22,"values":[0.5813,-0.7032,0.4093,0,0.6318,0.7071,0.3175,0,-0.5127,0.074,0.8554,0,25.4312,-0.8546,-5.2293,1]},
{"frame":23,"values":[0.5722,-0.6934,0.4378,0,0.621,0.7151,0.321,0,-0.5357,0.0882,0.8398,0,25.4312,-0.8546,-5.2293,1]},
{"frame":24,"values":[0.5764,-0.6975,0.4257,0,0.6183,0.7129,0.3309,0,-0.5343,0.0725,0.8422,0,25.4312,-0.8547,-5.2293,1]},
{"frame":25,"values":[0.5805,-0.7014,0.4136,0,0.6247,0.7094,0.3263,0,-0.5223,0.069,0.85,0,25.4312,-0.8547,-5.2293,1]},
{"frame":26,"values":[0.5845,-0.7052,0.4014,0,0.631,0.706,0.3215,0,-0.5101,0.0654,0.8576,0,25.4312,-0.8547,-5.2293,1]},
{"frame":27,"values":[0.5853,-0.7114,0.389,0,0.6403,0.6999,0.3167,0,-0.4975,0.0637,0.8651,0,25.4312,-0.8546,-5.2293,1]},
{"frame":28,"values":[0.5859,-0.7176,0.3766,0,0.6494,0.6937,0.3116,0,-0.4849,0.062,0.8724,0,25.4312,-0.8546,-5.2293,1]},
{"frame":29,"values":[0.5862,-0.7237,0.3641,0,0.6584,0.6875,0.3064,0,-0.4721,0.0601,0.8795,0,25.4312,-0.8547,-5.2293,1]},
{"frame":30,"values":[0.5864,-0.7297,0.3516,0,0.6673,0.6812,0.3011,0,-0.4592,0.0581,0.8864,0,25.4312,-0.8546,-5.2293,1]},
{"frame":31,"values":[0.5863,-0.7357,0.3391,0,0.676,0.675,0.2956,0,-0.4463,0.0559,0.8931,0,25.4312,-0.8547,-5.2293,1]},
{"frame":32,"values":[0.586,-0.7416,0.3265,0,0.6847,0.6687,0.2899,0,-0.4333,0.0537,0.8997,0,25.4312,-0.8546,-5.2293,1]},
{"frame":33,"values":[0.5856,-0.7474,0.3139,0,0.6932,0.6624,0.2841,0,-0.4202,0.0513,0.906,0,25.4312,-0.8546,-5.2293,1]},
{"frame":34,"values":[0.5848,-0.7531,0.3013,0,0.7016,0.6561,0.2781,0,-0.4071,0.0487,0.9121,0,25.4312,-0.8547,-5.2293,1]},
{"frame":35,"values":[0.5855,-0.7553,0.2945,0,0.7043,0.6538,0.2765,0,-0.4014,0.0455,0.9148,0,25.4312,-0.8546,-5.2293,1]}],"loopBehavior":1,"name":"anim","property":"_matrix"}},
