{"producer":{"name":"Blender","version":"2.79 (sub 0)","exporter_version":"5.6.4","file":"swaggerwalk.babylon"},
"autoClear":true,"clearColor":[0.0509,0.0509,0.0509],"ambientColor":[0,0,0],"gravity":[0,-9.81,0],
"materials":[{"name":"swaggerwalk.Material","id":"swaggerwalk.Material","ambient":[0,0,0],"diffuse":[0,0,0],"specular":[0,0,0],"emissive":[0,0,0],"specularPower":50,"alpha":0.001,"backFaceCulling":true,"checkReadyOnlyOnce":false,"maxSimultaneousLights":4}],
"multiMaterials":[],
"skeletons":[{"name":"Armature","id":0,"dimensionsAtRest":[379.1952,391.6652,55.677],"bones":[
{"name":"mixamorig:Hips","index":0,"matrix":[0.9975,-0.0075,0.0697,0,0.0046,0.9991,0.0414,0,0.07,0.041,-0.9967,0,-0.7438,195.1896,-0.0317,1],"rest":[1,0,0,0,0,1,0,0,0,0,-1,0,0,201.6394,0,1],"parentBoneIndex":-1,"length":21.6784
,"animation":{"dataType":3,"framePerSecond":24,"keys":[
{"frame":1,"values":[0.9975,-0.0075,0.0697,0,0.0046,0.9991,0.0414,0,0.07,0.041,-0.9967,0,-0.7441,195.1917,-0.0314,1]},
{"frame":2,"values":[0.9987,0.0061,0.0504,0,-0.008,0.9993,0.0377,0,0.0501,0.038,-0.998,0,-0.6672,196.4361,0.8671,1]},
{"frame":3,"values":[0.9993,0.0114,0.0356,0,-0.0124,0.9995,0.0274,0,0.0353,0.0278,-0.999,0,-0.427,196.864,1.8886,1]},
{"frame":4,"values":[0.9998,0.0121,0.0187,0,-0.0124,0.9998,0.0137,0,0.0185,0.0139,-0.9997,0,-0.2117,196.5502,3.0003,1]},
{"frame":5,"values":[1,0.0059,0.005,0,-0.0059,1,-0.0028,0,0.005,-0.0028,-1,0,-0.0301,195.6024,4.1206,1]},
{"frame":6,"values":[1,-0.0019,-0.0076,0,0.0018,0.9998,-0.0182,0,-0.0076,-0.0182,-0.9998,0,0.2782,194.3249,4.7896,1]},
{"frame":7,"values":[0.9997,-0.0086,-0.0228,0,0.0078,0.9994,-0.0335,0,-0.0231,-0.0333,-0.9992,0,0.8839,192.5691,4.765,1]},
{"frame":8,"values":[0.9991,-0.0106,-0.0422,0,0.0086,0.9989,-0.0461,0,-0.0427,-0.0457,-0.998,0,1.7204,191.1523,3.921,1]},
{"frame":9,"values":[0.9984,-0.0033,-0.0569,0,0.0003,0.9986,-0.0521,0,-0.057,-0.052,-0.997,0,2.5568,190.397,1.7162,1]},
{"frame":10,"values":[0.9973,0.0151,-0.0715,0,-0.0187,0.9985,-0.0513,0,-0.0707,-0.0525,-0.9961,0,3.3933,190.3328,-1.5954,1]},
{"frame":11,"values":[0.9956,0.0365,-0.0862,0,-0.0406,0.9981,-0.0455,0,-0.0843,-0.0488,-0.9952,0,4.2297,191.0012,-4.5406,1]},
{"frame":12,"values":[0.9934,0.0554,-0.1008,0,-0.0594,0.9975,-0.0372,0,-0.0985,-0.0429,-0.9942,0,5.0662,191.7147,-6.3219,1]},
{"frame":13,"values":[0.9935,0.0683,-0.0909,0,-0.0712,0.997,-0.0289,0,-0.0887,-0.0352,-0.9954,0,5.9026,192.3354,-6.8178,1]},
{"frame":14,"values":[0.9939,0.0744,-0.0811,0,-0.0763,0.9969,-0.0206,0,-0.0793,-0.0266,-0.9965,0,6.739,192.956,-6.3433,1]},
{"frame":15,"values":[0.9946,0.0752,-0.0712,0,-0.0763,0.997,-0.0122,0,-0.07,-0.0176,-0.9974,0,7.5755,193.5766,-5.8687,1]},
{"frame":16,"values":[0.9958,0.0686,-0.0613,0,-0.069,0.9976,-0.0039,0,-0.0609,-0.0081,-0.9981,0,8.4119,194.1972,-5.3942,1]},
{"frame":17,"values":[0.997,0.0572,-0.0514,0,-0.057,0.9984,0.0045,0,-0.0516,0.0015,-0.9987,0,9.2484,194.8178,-4.9197,1]},
{"frame":18,"values":[0.9981,0.0457,-0.0415,0,-0.0459,0.9989,-0.0037,0,-0.0413,-0.0056,-0.9991,0,10.0848,195.4384,-4.4452,1]},
{"frame":19,"values":[0.9989,0.0343,-0.0316,0,-0.0347,0.9993,-0.0118,0,-0.0312,-0.0128,-0.9994,0,10.9213,196.059,-3.9706,1]},
{"frame":20,"values":[0.9995,0.0228,-0.0217,0,-0.0233,0.9995,-0.0199,0,-0.0212,-0.0204,-0.9996,0,10.0062,195.0903,-3.4961,1]},
{"frame":21,"values":[0.9995,0.029,-0.0118,0,-0.0294,0.9992,-0.028,0,-0.0109,-0.0283,-0.9995,0,9.0912,194.1216,-3.0216,1]},
{"frame":22,"values":[0.9994,0.0353,-0.0019,0,-0.0354,0.9987,-0.0361,0,-0.0006,-0.0362,-0.9993,0,8.1761,193.1528,-2.5471,1]},
{"frame":23,"values":[0.9991,0.0415,0.008,0,-0.0412,0.9982,-0.0442,0,0.0099,-0.0438,-0.999,0,7.2611,192.1841,-3.9366,1]},
{"frame":24,"values":[0.9994,0.0287,0.0179,0,-0.0277,0.9982,-0.0524,0,0.0194,-0.0519,-0.9985,0,6.3461,191.2154,-5.3262,1]},
{"frame":25,"values":[0.9995,0.0158,0.0278,0,-0.0141,0.9981,-0.0604,0,0.0288,-0.06,-0.9978,0,5.431,190.2466,-6.7158,1]},
{"frame":26,"values":[0.9993,0.003,0.0378,0,-0.0012,0.9988,-0.0484,0,0.0379,-0.0483,-0.9981,0,4.516,189.2779,-8.1054,1]},
{"frame":27,"values":[0.9988,-0.0097,0.0479,0,0.0114,0.9993,-0.0365,0,0.0475,-0.037,-0.9982,0,3.6009,189.9733,-9.4949,1]},
{"frame":28,"values":[0.9981,-0.0224,0.0579,0,0.0239,0.9994,-0.0245,0,0.0573,-0.0259,-0.998,0,2.6859,190.6687,-10.8845,1]},
{"frame":29,"values":[0.9971,-0.0353,0.0677,0,0.0362,0.9993,-0.0124,0,0.0672,-0.0148,-0.9976,0,1.7709,191.3641,-12.2741,1]},
{"frame":30,"values":[0.9958,-0.0483,0.0773,0,0.0484,0.9988,-0.0002,0,0.0772,-0.0039,-0.997,0,0.8558,192.0595,-13.6636,1]},
{"frame":31,"values":[0.9943,-0.061,0.0872,0,0.0602,0.9981,0.0118,0,0.0878,0.0065,-0.9961,0,-0.0592,192.7549,-12.934,1]},
{"frame":32,"values":[0.9959,-0.051,0.0743,0,0.0494,0.9985,0.0238,0,0.0754,0.02,-0.9969,0,-0.9743,193.4502,-12.2044,1]},
{"frame":33,"values":[0.9973,-0.0409,0.0616,0,0.0387,0.9986,0.0358,0,0.063,0.0333,-0.9975,0,-1.8893,194.1456,-11.4747,1]},
{"frame":34,"values":[0.9983,-0.0305,0.049,0,0.0282,0.9985,0.048,0,0.0504,0.0465,-0.9976,0,-2.8043,194.841,-10.7451,1]},
{"frame":35,"values":[0.9991,-0.0203,0.0362,0,0.0189,0.999,0.0401,0,0.037,0.0394,-0.9985,0,-3.7194,195.5364,-10.0155,1]},
{"frame":36,"values":[0.9997,-0.0101,0.0234,0,0.0093,0.9994,0.0321,0,0.0238,0.0319,-0.9992,0,-2.9269,196.2318,-9.2859,1]},
{"frame":37,"values":[0.9998,-0.0148,0.0106,0,0.0145,0.9996,0.0243,0,0.011,0.0241,-0.9996,0,-2.1345,195.3937,-8.5562,1]},
{"frame":38,"values":[0.9998,-0.0196,-0.0022,0,0.0196,0.9997,0.0164,0,-0.0018,0.0164,-0.9999,0,-1.342,194.5557,-7.8266,1]},
{"frame":39,"values":[0.9996,-0.0244,-0.0149,0,0.0246,0.9997,0.0084,0,-0.0147,0.0088,-0.9999,0,-0.5495,193.7176,-7.097,1]},
{"frame":40,"values":[0.9992,-0.0294,-0.0276,0,0.0294,0.9996,0.0004,0,-0.0276,0.0012,-0.9996,0,0.2429,192.8796,-6.3673,1]},
{"frame":41,"values":[0.9986,-0.0342,-0.0404,0,0.034,0.9994,-0.0076,0,-0.0406,-0.0062,-0.9992,0,1.0354,192.0415,-7.9937,1]},
{"frame":42,"values":[0.9984,-0.0207,-0.0531,0,0.0199,0.9997,-0.0156,0,-0.0534,-0.0145,-0.9985,0,1.8278,191.2035,-9.6202,1]},
{"frame":43,"values":[0.9978,-0.0072,-0.0659,0,0.0057,0.9997,-0.0234,0,-0.066,-0.023,-0.9976,0,2.6203,190.3655,-11.2466,1]},
{"frame":44,"values":[0.9969,0.0062,-0.0787,0,-0.0078,0.9998,-0.0195,0,-0.0785,-0.0201,-0.9967,0,3.4127,191.211,-12.873,1]},
{"frame":45,"values":[0.9956,0.0197,-0.0914,0,-0.0212,0.9997,-0.0155,0,-0.091,-0.0174,-0.9957,0,4.2052,192.0566,-14.4994,1]},
{"frame":46,"values":[0.9962,0.0332,-0.0803,0,-0.0342,0.9993,-0.0114,0,-0.0799,-0.0141,-0.9967,0,4.9977,192.9022,-13.4042,1]},
{"frame":47,"values":[0.9965,0.0467,-0.0692,0,-0.0473,0.9989,-0.0075,0,-0.0688,-0.0107,-0.9976,0,5.7901,193.7478,-12.309,1]},
{"frame":48,"values":[0.9965,0.0601,-0.0581,0,-0.0604,0.9982,-0.0037,0,-0.0578,-0.0072,-0.9983,0,6.5826,194.5933,-11.2138,1]},
{"frame":49,"values":[0.9976,0.0501,-0.0469,0,-0.0501,0.9987,0.0002,0,-0.0469,-0.0022,-0.9989,0,7.375,195.4389,-10.1185,1]},
{"frame":50,"values":[0.9986,0.04,-0.0359,0,-0.0398,0.9992,0.0042,0,-0.036,0.0028,-0.9993,0,8.1675,196.2845,-9.0233,1]},
{"frame":51,"values":[0.9992,0.0297,-0.0248,0,-0.0299,0.9995,-0.0053,0,-0.0247,-0.0061,-0.9997,0,8.9599,197.1301,-7.9281,1]},
{"frame":52,"values":[0.9997,0.0196,-0.0137,0,-0.0198,0.9997,-0.0147,0,-0.0134,-0.015,-0.9998,0,9.7524,197.9756,-6.8329,1]},
{"frame":53,"values":[1,0.0096,-0.0025,0,-0.0096,0.9997,-0.024,0,-0.0023,-0.024,-0.9997,0,10.5449,198.8212,-5.7377,1]},
{"frame":54,"values":[0.9999,0.0146,0.0086,0,-0.0143,0.9993,-0.0334,0,0.0091,-0.0333,-0.9994,0,11.3373,197.7672,-4.6424,1]},
{"frame":55,"values":[0.9996,0.0195,0.0198,0,-0.0187,0.9989,-0.0428,0,0.0206,-0.0424,-0.9989,0,10.4064,196.7132,-3.5472,1]},
{"frame":56,"values":[0.9992,0.0246,0.0309,0,-0.023,0.9984,-0.0522,0,0.0321,-0.0515,-0.9982,0,9.4754,195.6592,-2.452,1]},
{"frame":57,"values":[0.9987,0.0295,0.042,0,-0.0269,0.9977,-0.0615,0,0.0438,-0.0603,-0.9972,0,8.5445,194.6052,-3.399,1]},
{"frame":58,"values":[0.998,0.0346,0.0531,0,-0.0308,0.997,-0.0709,0,0.0554,-0.0691,-0.9961,0,7.6135,193.5512,-4.3461,1]},
{"frame":59,"values":[0.9976,0.0242,0.0642,0,-0.019,0.9966,-0.0802,0,0.0659,-0.0788,-0.9947,0,6.6826,192.4972,-5.2931,1]},
{"frame":60,"values":[0.9971,0.0138,0.0753,0,-0.0088,0.9978,-0.0657,0,0.0761,-0.0648,-0.995,0,5.7516,191.4432,-6.2401,1]},
{"frame":61,"values":[0.9962,0.0035,0.0865,0,0.001,0.9987,-0.0512,0,0.0865,-0.0511,-0.9949,0,4.8207,191.9288,-7.1871,1]},
{"frame":62,"values":[0.9952,-0.007,0.0975,0,0.0106,0.9993,-0.0366,0,0.0972,-0.0375,-0.9946,0,3.8897,192.4144,-8.1341,1]},
{"frame":63,"values":[0.9939,-0.0172,0.1087,0,0.0197,0.9996,-0.0222,0,0.1083,-0.0242,-0.9938,0,2.9588,192.9,-7.326,1]},
{"frame":64,"values":[0.9924,-0.0275,0.1198,0,0.0286,0.9996,-0.0077,0,0.1195,-0.0111,-0.9928,0,2.0278,193.3856,-6.518,1]},
{"frame":65,"values":[0.9907,-0.0379,0.1306,0,0.0373,0.9993,0.0069,0,0.1308,0.0019,-0.9914,0,1.0969,193.8712,-5.7099,1]},
{"frame":66,"values":[0.9934,-0.0285,0.1112,0,0.0263,0.9994,0.0213,0,0.1118,0.0182,-0.9936,0,0.1659,194.3568,-4.9018,1]},
{"frame":67,"values":[0.9956,-0.0188,0.0919,0,0.0155,0.9992,0.0359,0,0.0925,0.0343,-0.9951,0,-0.765,194.8424,-4.0937,1]},
{"frame":68,"values":[0.9975,-0.0075,0.0697,0,0.0046,0.9991,0.0414,0,0.07,0.041,-0.9967,0,-0.7438,195.1896,-0.0317,1]}],"loopBehavior":1,"name":"anim","property":"_matrix"}},
{"name":"mixamorig:Spine","index":1,"matrix":[0.9998,0.0123,-0.0143,0,-0.0117,0.9992,0.0387,0,0.0148,-0.0385,0.9991,0,0.0062,19.525,-2.4818,1],"rest":[1,0,0,0,0,1,0,0,0,0,1,0,0.0062,19.525,-2.4818,1],"parentBoneIndex":0,"length":23.0091
,"animation":{"dataType":3,"framePerSecond":24,"keys":[
{"frame":1,"values":[0.9998,0.0123,-0.0143,0,-0.0117,0.9992,0.0387,0,0.0148,-0.0385,0.9991,0,0.0062,19.525,-2.4818,1]},
{"frame":2,"values":[0.9998,0.0082,-0.0201,0,-0.0075,0.9992,0.0381,0,0.0204,-0.038,0.9991,0,0.0062,19.525,-2.4818,1]},
{"frame":3,"values":[0.9997,0.0059,-0.0241,0,-0.005,0.9993,0.037,0,0.0243,-0.0368,0.999,0,0.0062,19.525,-2.4818,1]},
{"frame":4,"values":[0.9996,0.0047,-0.0282,0,-0.0037,0.9994,0.0352,0,0.0283,-0.035,0.999,0,0.0062,19.525,-2.4818,1]},
{"frame":5,"values":[0.9995,0.0047,-0.0309,0,-0.0037,0.9994,0.0331,0,0.031,-0.033,0.999,0,0.0062,19.525,-2.4818,1]},
{"frame":6,"values":[0.9995,0.0044,-0.0327,0,-0.0034,0.9995,0.0307,0,0.0328,-0.0306,0.999,0,0.0062,19.525,-2.4818,1]},
{"frame":7,"values":[0.9994,0.003,-0.0346,0,-0.0021,0.9996,0.0272,0,0.0346,-0.0271,0.999,0,0.0062,19.525,-2.4818,1]},
{"frame":8,"values":[0.9993,0,-0.0367,0,0.0009,0.9997,0.0236,0,0.0367,-0.0236,0.999,0,0.0062,19.525,-2.4818,1]},
{"frame":9,"values":[0.9993,-0.0054,-0.0378,0,0.0061,0.9998,0.0203,0,0.0377,-0.0205,0.9991,0,0.0062,19.525,-2.4818,1]},
{"frame":10,"values":[0.9993,-0.013,-0.0337,0,0.0136,0.9997,0.0181,0,0.0334,-0.0185,0.9993,0,0.0062,19.525,-2.4818,1]},
{"frame":11,"values":[0.9993,-0.021,-0.0295,0,0.0216,0.9996,0.0173,0,0.0291,-0.0179,0.9994,0,0.0062,19.525,-2.4818,1]},
{"frame":12,"values":[0.9993,-0.0275,-0.0253,0,0.028,0.9994,0.0195,0,0.0247,-0.0201,0.9995,0,0.0062,19.525,-2.4818,1]},
{"frame":13,"values":[0.9993,-0.0298,-0.0211,0,0.0303,0.9993,0.0216,0,0.0205,-0.0222,0.9995,0,0.0062,19.525,-2.4818,1]},
{"frame":14,"values":[0.9993,-0.0322,-0.0169,0,0.0326,0.9992,0.0237,0,0.0162,-0.0243,0.9996,0,0.0062,19.525,-2.4818,1]},
{"frame":15,"values":[0.9993,-0.0346,-0.0128,0,0.035,0.9991,0.0259,0,0.0118,-0.0263,0.9996,0,0.0062,19.525,-2.4818,1]},
{"frame":16,"values":[0.9995,-0.0303,-0.0086,0,0.0305,0.9991,0.028,0,0.0077,-0.0283,0.9996,0,0.0062,19.525,-2.4818,1]},
{"frame":17,"values":[0.9997,-0.026,-0.0044,0,0.0261,0.9992,0.0302,0,0.0036,-0.0303,0.9995,0,0.0062,19.525,-2.4818,1]},
{"frame":18,"values":[0.9998,-0.0217,-0.0002,0,0.0217,0.9992,0.0323,0,-0.0005,-0.0323,0.9995,0,0.0062,19.525,-2.4818,1]},
{"frame":19,"values":[0.9998,-0.0174,0.004,0,0.0172,0.9993,0.0344,0,-0.0046,-0.0343,0.9994,0,0.0062,19.525,-2.4818,1]},
{"frame":20,"values":[0.9999,-0.0131,0.0082,0,0.0128,0.9994,0.0332,0,-0.0086,-0.0331,0.9994,0,0.0062,19.525,-2.4818,1]},
{"frame":21,"values":[0.9999,-0.0088,0.0123,0,0.0084,0.9995,0.032,0,-0.0126,-0.0319,0.9994,0,0.0062,19.525,-2.4818,1]},
{"frame":22,"values":[0.9999,-0.0045,0.0165,0,0.004,0.9995,0.0307,0,-0.0167,-0.0307,0.9994,0,0.0062,19.525,-2.4818,1]},
{"frame":23,"values":[0.9998,-0.0002,0.0207,0,-0.0005,0.9996,0.0295,0,-0.0207,-0.0295,0.9994,0,0.0062,19.525,-2.4818,1]},
{"frame":24,"values":[0.9998,0.0042,0.0174,0,-0.0047,0.9996,0.0282,0,-0.0173,-0.0283,0.9995,0,0.0062,19.525,-2.4818,1]},
{"frame":25,"values":[0.9999,0.0085,0.0141,0,-0.0089,0.9996,0.027,0,-0.0138,-0.0271,0.9995,0,0.0062,19.525,-2.4818,1]},
{"frame":26,"values":[0.9999,0.0128,0.0107,0,-0.0131,0.9996,0.0257,0,-0.0104,-0.0259,0.9996,0,0.0062,19.525,-2.4818,1]},
{"frame":27,"values":[0.9998,0.0171,0.0074,0,-0.0173,0.9995,0.0245,0,-0.007,-0.0247,0.9997,0,0.0062,19.525,-2.4818,1]},
{"frame":28,"values":[0.9998,0.0214,0.0041,0,-0.0215,0.9994,0.0272,0,-0.0035,-0.0273,0.9996,0,0.0062,19.525,-2.4818,1]},
{"frame":29,"values":[0.9997,0.0257,0.0007,0,-0.0257,0.9992,0.0299,0,0,-0.03,0.9996,0,0.0062,19.525,-2.4818,1]},
{"frame":30,"values":[0.9995,0.03,-0.0026,0,-0.0299,0.999,0.0327,0,0.0035,-0.0326,0.9995,0,0.0062,19.525,-2.4818,1]},
{"frame":31,"values":[0.9994,0.0343,-0.0059,0,-0.0341,0.9988,0.0354,0,0.0071,-0.0352,0.9994,0,0.0062,19.525,-2.4818,1]},
{"frame":32,"values":[0.9995,0.0304,-0.0092,0,-0.03,0.9988,0.0382,0,0.0103,-0.0379,0.9992,0,0.0062,19.525,-2.4818,1]},
{"frame":33,"values":[0.9996,0.0265,-0.0125,0,-0.0259,0.9988,0.0409,0,0.0136,-0.0405,0.9991,0,0.0062,19.525,-2.4818,1]},
{"frame":34,"values":[0.9996,0.0225,-0.0158,0,-0.0218,0.9988,0.0436,0,0.0168,-0.0432,0.9989,0,0.0062,19.525,-2.4818,1]},
{"frame":35,"values":[0.9996,0.0186,-0.0192,0,-0.0178,0.999,0.042,0,0.0199,-0.0416,0.9989,0,0.0062,19.525,-2.4818,1]},
{"frame":36,"values":[0.9996,0.0147,-0.0225,0,-0.0138,0.9991,0.0404,0,0.0231,-0.0401,0.9989,0,0.0062,19.525,-2.4818,1]},
{"frame":37,"values":[0.9996,0.0108,-0.0258,0,-0.0098,0.9992,0.0388,0,0.0262,-0.0385,0.9989,0,0.0062,19.525,-2.4818,1]},
{"frame":38,"values":[0.9996,0.0068,-0.0292,0,-0.0058,0.9993,0.0371,0,0.0294,-0.0369,0.9989,0,0.0062,19.525,-2.4818,1]},
{"frame":39,"values":[0.9995,0.0029,-0.0325,0,-0.0018,0.9994,0.0355,0,0.0326,-0.0354,0.9988,0,0.0062,19.525,-2.4818,1]},
{"frame":40,"values":[0.9994,-0.001,-0.0358,0,0.0022,0.9994,0.0338,0,0.0357,-0.0339,0.9988,0,0.0062,19.525,-2.4818,1]},
{"frame":41,"values":[0.9992,-0.005,-0.0391,0,0.0062,0.9995,0.0321,0,0.0389,-0.0324,0.9987,0,0.0062,19.525,-2.4818,1]},
{"frame":42,"values":[0.9991,-0.0089,-0.0424,0,0.0102,0.9995,0.0304,0,0.0421,-0.0308,0.9986,0,0.0062,19.525,-2.4818,1]},
{"frame":43,"values":[0.9991,-0.0129,-0.0392,0,0.014,0.9995,0.0288,0,0.0388,-0.0293,0.9988,0,0.0062,19.525,-2.4818,1]},
{"frame":44,"values":[0.9992,-0.0168,-0.036,0,0.0178,0.9995,0.0272,0,0.0355,-0.0278,0.999,0,0.0062,19.525,-2.4818,1]},
{"frame":45,"values":[0.9992,-0.0207,-0.0328,0,0.0216,0.9994,0.0255,0,0.0323,-0.0262,0.9991,0,0.0062,19.525,-2.4818,1]},
{"frame":46,"values":[0.9993,-0.0246,-0.0296,0,0.0255,0.9993,0.0271,0,0.0289,-0.0278,0.9992,0,0.0062,19.525,-2.4818,1]},
{"frame":47,"values":[0.9992,-0.0286,-0.0264,0,0.0293,0.9992,0.0287,0,0.0256,-0.0295,0.9992,0,0.0062,19.525,-2.4818,1]},
{"frame":48,"values":[0.9992,-0.0325,-0.0232,0,0.0332,0.999,0.0303,0,0.0222,-0.0311,0.9993,0,0.0062,19.525,-2.4818,1]},
{"frame":49,"values":[0.9994,-0.0282,-0.02,0,0.0288,0.9991,0.0319,0,0.0191,-0.0325,0.9993,0,0.0062,19.525,-2.4818,1]},
{"frame":50,"values":[0.9996,-0.0238,-0.0168,0,0.0244,0.9991,0.0335,0,0.016,-0.0339,0.9993,0,0.0062,19.525,-2.4818,1]},
{"frame":51,"values":[0.9997,-0.0195,-0.0136,0,0.0199,0.9992,0.0351,0,0.0129,-0.0353,0.9993,0,0.0062,19.525,-2.4818,1]},
{"frame":52,"values":[0.9998,-0.0151,-0.0104,0,0.0155,0.9993,0.0334,0,0.0099,-0.0335,0.9994,0,0.0062,19.525,-2.4818,1]},
{"frame":53,"values":[0.9999,-0.0108,-0.0072,0,0.011,0.9994,0.0317,0,0.0069,-0.0318,0.9995,0,0.0062,19.525,-2.4818,1]},
{"frame":54,"values":[1,-0.0064,-0.004,0,0.0065,0.9995,0.03,0,0.0038,-0.03,0.9995,0,0.0062,19.525,-2.4818,1]},
{"frame":55,"values":[1,-0.0073,-0.0008,0,0.0073,0.9996,0.0283,0,0.0006,-0.0283,0.9996,0,0.0062,19.525,-2.4818,1]},
{"frame":56,"values":[1,-0.0082,0.0023,0,0.0081,0.9996,0.0266,0,-0.0026,-0.0266,0.9996,0,0.0062,19.525,-2.4818,1]},
{"frame":57,"values":[0.9999,-0.009,0.0055,0,0.0089,0.9997,0.0249,0,-0.0058,-0.0248,0.9997,0,0.0062,19.525,-2.4818,1]},
{"frame":58,"values":[0.9999,-0.0051,0.0087,0,0.0049,0.9997,0.0232,0,-0.0089,-0.0232,0.9997,0,0.0062,19.525,-2.4818,1]},
{"frame":59,"values":[0.9999,-0.0011,0.0119,0,0.0009,0.9998,0.0215,0,-0.012,-0.0215,0.9997,0,0.0062,19.525,-2.4818,1]},
{"frame":60,"values":[0.9999,0.0028,0.0151,0,-0.0031,0.9998,0.0198,0,-0.0151,-0.0198,0.9997,0,0.0062,19.525,-2.4818,1]},
{"frame":61,"values":[0.9998,0.0068,0.0183,0,-0.0072,0.9997,0.0223,0,-0.0182,-0.0224,0.9996,0,0.0062,19.525,-2.4818,1]},
{"frame":62,"values":[0.9997,0.0107,0.0215,0,-0.0113,0.9996,0.0248,0,-0.0213,-0.0251,0.9995,0,0.0062,19.525,-2.4818,1]},
{"frame":63,"values":[0.9998,0.0147,0.0157,0,-0.0151,0.9995,0.0273,0,-0.0153,-0.0275,0.9995,0,0.0062,19.525,-2.4818,1]},
{"frame":64,"values":[0.9998,0.0186,0.0099,0,-0.0189,0.9994,0.0298,0,-0.0094,-0.03,0.9995,0,0.0062,19.525,-2.4818,1]},
{"frame":65,"values":[0.9997,0.0226,0.0041,0,-0.0227,0.9992,0.0324,0,-0.0034,-0.0325,0.9995,0,0.0062,19.525,-2.4818,1]},
{"frame":66,"values":[0.9998,0.0195,-0.0017,0,-0.0194,0.9992,0.0349,0,0.0023,-0.0349,0.9994,0,0.0062,19.525,-2.4818,1]},
{"frame":67,"values":[0.9998,0.0164,-0.0075,0,-0.0161,0.9992,0.0374,0,0.0081,-0.0373,0.9993,0,0.0062,19.525,-2.4818,1]},
{"frame":68,"values":[0.9998,0.0123,-0.0143,0,-0.0117,0.9992,0.0387,0,0.0148,-0.0385,0.9991,0,0.0062,19.525,-2.4818,1]}],"loopBehavior":1,"name":"anim","property":"_matrix"}},
{"name":"mixamorig:Spine1","index":2,"matrix":[0.9994,0.018,-0.029,0,-0.0157,0.9969,0.0774,0,0.0303,-0.0769,0.9966,0,-0.0009,22.835,-2.8254,1],"rest":[1,0,0,0,0,1,0,0,0,0,1,0,-0.0009,22.835,-2.8254,1],"parentBoneIndex":1,"length":26.7438
,"animation":{"dataType":3,"framePerSecond":24,"keys":[
{"frame":1,"values":[0.9994,0.018,-0.029,0,-0.0157,0.9969,0.0774,0,0.0303,-0.0769,0.9966,0,-0.0009,22.835,-2.8254,1]},
{"frame":2,"values":[0.9991,0.0135,-0.0401,0,-0.0104,0.997,0.0763,0,0.041,-0.0758,0.9963,0,-0.0009,22.835,-2.8254,1]},
{"frame":3,"values":[0.9988,0.0112,-0.0483,0,-0.0076,0.9972,0.0739,0,0.049,-0.0735,0.9961,0,-0.0009,22.835,-2.8254,1]},
{"frame":4,"values":[0.9983,0.0093,-0.0568,0,-0.0053,0.9975,0.0704,0,0.0574,-0.0699,0.9959,0,-0.0009,22.835,-2.8254,1]},
{"frame":5,"values":[0.998,0.0089,-0.0628,0,-0.0047,0.9978,0.0662,0,0.0632,-0.0658,0.9958,0,-0.0009,22.835,-2.8254,1]},
{"frame":6,"values":[0.9977,0.0073,-0.067,0,-0.0032,0.9981,0.0615,0,0.0674,-0.0611,0.9959,0,-0.0009,22.835,-2.8254,1]},
{"frame":7,"values":[0.9974,0.004,-0.0714,0,-0.0001,0.9985,0.0544,0,0.0715,-0.0543,0.996,0,-0.0009,22.835,-2.8254,1]},
{"frame":8,"values":[0.9971,-0.0022,-0.076,0,0.0058,0.9989,0.0471,0,0.0758,-0.0474,0.996,0,-0.0009,22.835,-2.8254,1]},
{"frame":9,"values":[0.9968,-0.012,-0.0787,0,0.0152,0.9991,0.0403,0,0.0782,-0.0413,0.9961,0,-0.0009,22.835,-2.8254,1]},
{"frame":10,"values":[0.9972,-0.026,-0.0701,0,0.0285,0.999,0.0356,0,0.0691,-0.0375,0.9969,0,-0.0009,22.835,-2.8254,1]},
{"frame":11,"values":[0.9975,-0.0341,-0.0614,0,0.0362,0.9988,0.0338,0,0.0602,-0.0359,0.9975,0,-0.0009,22.835,-2.8254,1]},
{"frame":12,"values":[0.9977,-0.0422,-0.0527,0,0.0443,0.9983,0.0381,0,0.051,-0.0404,0.9979,0,-0.0009,22.835,-2.8254,1]},
{"frame":13,"values":[0.9978,-0.0504,-0.044,0,0.0522,0.9977,0.0425,0,0.0418,-0.0447,0.9981,0,-0.0009,22.835,-2.8254,1]},
{"frame":14,"values":[0.9977,-0.0585,-0.0354,0,0.0602,0.9971,0.047,0,0.0325,-0.049,0.9983,0,-0.0009,22.835,-2.8254,1]},
{"frame":15,"values":[0.9983,-0.0513,-0.0268,0,0.0526,0.9973,0.0515,0,0.0241,-0.0528,0.9983,0,-0.0009,22.835,-2.8254,1]},
{"frame":16,"values":[0.9989,-0.044,-0.0181,0,0.045,0.9974,0.0559,0,0.0156,-0.0567,0.9983,0,-0.0009,22.835,-2.8254,1]},
{"frame":17,"values":[0.9993,-0.0368,-0.0094,0,0.0373,0.9975,0.0603,0,0.0072,-0.0606,0.9981,0,-0.0009,22.835,-2.8254,1]},
{"frame":18,"values":[0.9996,-0.0297,-0.0007,0,0.0297,0.9975,0.0646,0,-0.0012,-0.0646,0.9979,0,-0.0009,22.835,-2.8254,1]},
{"frame":19,"values":[0.9997,-0.0225,0.008,0,0.0219,0.9974,0.0689,0,-0.0095,-0.0687,0.9976,0,-0.0009,22.835,-2.8254,1]},
{"frame":20,"values":[0.9997,-0.0154,0.0167,0,0.0142,0.9977,0.0664,0,-0.0177,-0.0662,0.9977,0,-0.0009,22.835,-2.8254,1]},
{"frame":21,"values":[0.9996,-0.0081,0.0254,0,0.0065,0.9979,0.0639,0,-0.0259,-0.0637,0.9976,0,-0.0009,22.835,-2.8254,1]},
{"frame":22,"values":[0.9994,-0.0009,0.0341,0,-0.0012,0.9981,0.0614,0,-0.0341,-0.0614,0.9975,0,-0.0009,22.835,-2.8254,1]},
{"frame":23,"values":[0.9991,0.0063,0.0427,0,-0.0088,0.9982,0.0587,0,-0.0423,-0.059,0.9974,0,-0.0009,22.835,-2.8254,1]},
{"frame":24,"values":[0.9993,0.0136,0.0359,0,-0.0156,0.9983,0.0561,0,-0.0351,-0.0566,0.9978,0,-0.0009,22.835,-2.8254,1]},
{"frame":25,"values":[0.9994,0.0208,0.029,0,-0.0223,0.9983,0.0536,0,-0.0279,-0.0542,0.9981,0,-0.0009,22.835,-2.8254,1]},
{"frame":26,"values":[0.9994,0.028,0.0221,0,-0.0291,0.9983,0.0511,0,-0.0207,-0.0517,0.9984,0,-0.0009,22.835,-2.8254,1]},
{"frame":27,"values":[0.9993,0.0352,0.0152,0,-0.0359,0.9982,0.0486,0,-0.0135,-0.0492,0.9987,0,-0.0009,22.835,-2.8254,1]},
{"frame":28,"values":[0.9991,0.0424,0.0083,0,-0.0428,0.9976,0.0541,0,-0.006,-0.0544,0.9985,0,-0.0009,22.835,-2.8254,1]},
{"frame":29,"values":[0.9988,0.0496,0.0014,0,-0.0496,0.997,0.0597,0,0.0015,-0.0597,0.9982,0,-0.0009,22.835,-2.8254,1]},
{"frame":30,"values":[0.9984,0.0568,-0.0054,0,-0.0563,0.9963,0.0653,0,0.0091,-0.0649,0.9979,0,-0.0009,22.835,-2.8254,1]},
{"frame":31,"values":[0.9987,0.0502,-0.0122,0,-0.0492,0.9963,0.0709,0,0.0157,-0.0702,0.9974,0,-0.0009,22.835,-2.8254,1]},
{"frame":32,"values":[0.9989,0.0437,-0.0191,0,-0.0421,0.9962,0.0764,0,0.0224,-0.0755,0.9969,0,-0.0009,22.835,-2.8254,1]},
{"frame":33,"values":[0.999,0.0372,-0.026,0,-0.0349,0.996,0.0819,0,0.0289,-0.0809,0.9963,0,-0.0009,22.835,-2.8254,1]},
{"frame":34,"values":[0.999,0.0307,-0.0329,0,-0.0277,0.9958,0.0874,0,0.0355,-0.0864,0.9956,0,-0.0009,22.835,-2.8254,1]},
{"frame":35,"values":[0.9989,0.0242,-0.0399,0,-0.0208,0.9962,0.0841,0,0.0418,-0.0832,0.9957,0,-0.0009,22.835,-2.8254,1]},
{"frame":36,"values":[0.9987,0.0177,-0.0468,0,-0.0139,0.9966,0.0808,0,0.0481,-0.0801,0.9956,0,-0.0009,22.835,-2.8254,1]},
{"frame":37,"values":[0.9985,0.0112,-0.0537,0,-0.0071,0.997,0.0775,0,0.0544,-0.077,0.9955,0,-0.0009,22.835,-2.8254,1]},
{"frame":38,"values":[0.9982,0.0047,-0.0606,0,-0.0002,0.9973,0.0741,0,0.0608,-0.074,0.9954,0,-0.0009,22.835,-2.8254,1]},
{"frame":39,"values":[0.9977,-0.0018,-0.0674,0,0.0066,0.9975,0.0707,0,0.0671,-0.071,0.9952,0,-0.0009,22.835,-2.8254,1]},
{"frame":40,"values":[0.9972,-0.0084,-0.0743,0,0.0134,0.9977,0.0672,0,0.0735,-0.068,0.995,0,-0.0009,22.835,-2.8254,1]},
{"frame":41,"values":[0.9966,-0.0149,-0.0811,0,0.0201,0.9978,0.0637,0,0.0799,-0.0651,0.9947,0,-0.0009,22.835,-2.8254,1]},
{"frame":42,"values":[0.9959,-0.0215,-0.0878,0,0.0269,0.9978,0.0601,0,0.0864,-0.0622,0.9943,0,-0.0009,22.835,-2.8254,1]},
{"frame":43,"values":[0.9963,-0.0281,-0.0812,0,0.0328,0.9979,0.0567,0,0.0795,-0.0592,0.9951,0,-0.0009,22.835,-2.8254,1]},
{"frame":44,"values":[0.9966,-0.0346,-0.0746,0,0.0387,0.9978,0.0534,0,0.0726,-0.0561,0.9958,0,-0.0009,22.835,-2.8254,1]},
{"frame":45,"values":[0.9968,-0.0411,-0.068,0,0.0446,0.9978,0.0501,0,0.0658,-0.0529,0.9964,0,-0.0009,22.835,-2.8254,1]},
{"frame":46,"values":[0.997,-0.0477,-0.0613,0,0.051,0.9973,0.0534,0,0.0586,-0.0563,0.9967,0,-0.0009,22.835,-2.8254,1]},
{"frame":47,"values":[0.997,-0.0542,-0.0547,0,0.0573,0.9967,0.0567,0,0.0515,-0.0597,0.9969,0,-0.0009,22.835,-2.8254,1]},
{"frame":48,"values":[0.9977,-0.0479,-0.0481,0,0.0508,0.9969,0.0601,0,0.0451,-0.0624,0.997,0,-0.0009,22.835,-2.8254,1]},
{"frame":49,"values":[0.9983,-0.0416,-0.0415,0,0.0442,0.997,0.0635,0,0.0387,-0.0652,0.9971,0,-0.0009,22.835,-2.8254,1]},
{"frame":50,"values":[0.9988,-0.0354,-0.0348,0,0.0376,0.9971,0.0668,0,0.0324,-0.068,0.9972,0,-0.0009,22.835,-2.8254,1]},
{"frame":51,"values":[0.9992,-0.0291,-0.0282,0,0.031,0.9971,0.07,0,0.026,-0.0709,0.9971,0,-0.0009,22.835,-2.8254,1]},
{"frame":52,"values":[0.9995,-0.0229,-0.0215,0,0.0242,0.9975,0.0667,0,0.0199,-0.0672,0.9975,0,-0.0009,22.835,-2.8254,1]},
{"frame":53,"values":[0.9998,-0.0166,-0.0148,0,0.0175,0.9978,0.0633,0,0.0138,-0.0636,0.9979,0,-0.0009,22.835,-2.8254,1]},
{"frame":54,"values":[0.9999,-0.0102,-0.0082,0,0.0107,0.9981,0.0599,0,0.0076,-0.06,0.9982,0,-0.0009,22.835,-2.8254,1]},
{"frame":55,"values":[0.9999,-0.0113,-0.0016,0,0.0114,0.9983,0.0565,0,0.0009,-0.0565,0.9984,0,-0.0009,22.835,-2.8254,1]},
{"frame":56,"values":[0.9999,-0.0124,0.0051,0,0.0121,0.9985,0.0531,0,-0.0057,-0.053,0.9986,0,-0.0009,22.835,-2.8254,1]},
{"frame":57,"values":[0.9998,-0.0135,0.0117,0,0.0129,0.9987,0.0497,0,-0.0124,-0.0495,0.9987,0,-0.0009,22.835,-2.8254,1]},
{"frame":58,"values":[0.9998,-0.0064,0.0184,0,0.0055,0.9989,0.0463,0,-0.0187,-0.0462,0.9988,0,-0.0009,22.835,-2.8254,1]},
{"frame":59,"values":[0.9997,0.0007,0.025,0,-0.0017,0.9991,0.0429,0,-0.025,-0.043,0.9988,0,-0.0009,22.835,-2.8254,1]},
{"frame":60,"values":[0.9995,0.0078,0.0316,0,-0.009,0.9992,0.0395,0,-0.0313,-0.0397,0.9987,0,-0.0009,22.835,-2.8254,1]},
{"frame":61,"values":[0.9992,0.0148,0.0383,0,-0.0165,0.9989,0.0445,0,-0.0376,-0.0451,0.9983,0,-0.0009,22.835,-2.8254,1]},
{"frame":62,"values":[0.9988,0.0219,0.0449,0,-0.0241,0.9985,0.0496,0,-0.0438,-0.0506,0.9978,0,-0.0009,22.835,-2.8254,1]},
{"frame":63,"values":[0.999,0.0289,0.0328,0,-0.0307,0.998,0.0546,0,-0.0312,-0.0556,0.998,0,-0.0009,22.835,-2.8254,1]},
{"frame":64,"values":[0.9991,0.036,0.0207,0,-0.0372,0.9975,0.0597,0,-0.0185,-0.0604,0.998,0,-0.0009,22.835,-2.8254,1]},
{"frame":65,"values":[0.9995,0.0319,0.0087,0,-0.0324,0.9974,0.0648,0,-0.0066,-0.0651,0.9979,0,-0.0009,22.835,-2.8254,1]},
{"frame":66,"values":[0.9996,0.0279,-0.0034,0,-0.0276,0.9972,0.0699,0,0.0054,-0.0698,0.9975,0,-0.0009,22.835,-2.8254,1]},
{"frame":67,"values":[0.9996,0.0239,-0.0155,0,-0.0227,0.9969,0.0749,0,0.0173,-0.0745,0.9971,0,-0.0009,22.835,-2.8254,1]},
{"frame":68,"values":[0.9994,0.018,-0.029,0,-0.0157,0.9969,0.0774,0,0.0303,-0.0769,0.9966,0,-0.0009,22.835,-2.8254,1]}],"loopBehavior":1,"name":"anim","property":"_matrix"}},
{"name":"mixamorig:Spine2","index":3,"matrix":[0.9994,0.018,-0.029,0,-0.0157,0.9969,0.0774,0,0.0303,-0.0769,0.9966,0,-0.0206,26.5525,-3.1933,1],"rest":[1,0,0,0,0,1,0,0,0,0,1,0,-0.0206,26.5525,-3.1933,1],"parentBoneIndex":2,"length":24.825
,"animation":{"dataType":3,"framePerSecond":24,"keys":[
{"frame":1,"values":[0.9994,0.018,-0.029,0,-0.0157,0.9969,0.0774,0,0.0303,-0.0769,0.9966,0,-0.0206,26.5525,-3.1933,1]},
{"frame":2,"values":[0.9991,0.0135,-0.0401,0,-0.0104,0.997,0.0763,0,0.041,-0.0758,0.9963,0,-0.0206,26.5525,-3.1933,1]},
{"frame":3,"values":[0.9988,0.0112,-0.0483,0,-0.0076,0.9972,0.0739,0,0.049,-0.0735,0.9961,0,-0.0206,26.5525,-3.1933,1]},
{"frame":4,"values":[0.9983,0.0093,-0.0568,0,-0.0053,0.9975,0.0704,0,0.0574,-0.0699,0.9959,0,-0.0206,26.5525,-3.1933,1]},
{"frame":5,"values":[0.998,0.0089,-0.0628,0,-0.0047,0.9978,0.0662,0,0.0632,-0.0658,0.9958,0,-0.0206,26.5525,-3.1933,1]},
{"frame":6,"values":[0.9977,0.0073,-0.067,0,-0.0032,0.9981,0.0615,0,0.0674,-0.0611,0.9959,0,-0.0206,26.5525,-3.1933,1]},
{"frame":7,"values":[0.9974,0.004,-0.0714,0,-0.0001,0.9985,0.0544,0,0.0715,-0.0543,0.996,0,-0.0206,26.5524,-3.1933,1]},
{"frame":8,"values":[0.9971,-0.0022,-0.076,0,0.0058,0.9989,0.0471,0,0.0758,-0.0474,0.996,0,-0.0206,26.5525,-3.1933,1]},
{"frame":9,"values":[0.9968,-0.012,-0.0787,0,0.0152,0.9991,0.0403,0,0.0782,-0.0413,0.9961,0,-0.0206,26.5525,-3.1933,1]},
{"frame":10,"values":[0.9972,-0.026,-0.0701,0,0.0285,0.999,0.0356,0,0.0691,-0.0375,0.9969,0,-0.0206,26.5525,-3.1933,1]},
{"frame":11,"values":[0.9975,-0.0341,-0.0614,0,0.0362,0.9988,0.0338,0,0.0602,-0.0359,0.9975,0,-0.0206,26.5525,-3.1933,1]},
{"frame":12,"values":[0.9977,-0.0422,-0.0527,0,0.0443,0.9983,0.0381,0,0.051,-0.0404,0.9979,0,-0.0206,26.5525,-3.1933,1]},
{"frame":13,"values":[0.9978,-0.0504,-0.044,0,0.0522,0.9977,0.0425,0,0.0418,-0.0447,0.9981,0,-0.0206,26.5525,-3.1933,1]},
{"frame":14,"values":[0.9977,-0.0585,-0.0354,0,0.0602,0.9971,0.047,0,0.0325,-0.049,0.9983,0,-0.0206,26.5525,-3.1933,1]},
{"frame":15,"values":[0.9983,-0.0513,-0.0268,0,0.0526,0.9973,0.0515,0,0.0241,-0.0528,0.9983,0,-0.0206,26.5525,-3.1933,1]},
{"frame":16,"values":[0.9989,-0.044,-0.0181,0,0.045,0.9974,0.0559,0,0.0156,-0.0567,0.9983,0,-0.0206,26.5525,-3.1933,1]},
{"frame":17,"values":[0.9993,-0.0368,-0.0094,0,0.0373,0.9975,0.0603,0,0.0072,-0.0606,0.9981,0,-0.0206,26.5525,-3.1933,1]},
{"frame":18,"values":[0.9996,-0.0297,-0.0007,0,0.0297,0.9975,0.0646,0,-0.0012,-0.0646,0.9979,0,-0.0206,26.5524,-3.1933,1]},
{"frame":19,"values":[0.9997,-0.0225,0.008,0,0.0219,0.9974,0.0689,0,-0.0095,-0.0687,0.9976,0,-0.0206,26.5525,-3.1933,1]},
{"frame":20,"values":[0.9997,-0.0154,0.0167,0,0.0142,0.9977,0.0664,0,-0.0177,-0.0662,0.9977,0,-0.0206,26.5525,-3.1933,1]},
{"frame":21,"values":[0.9996,-0.0081,0.0254,0,0.0065,0.9979,0.0639,0,-0.0259,-0.0637,0.9976,0,-0.0206,26.5525,-3.1933,1]},
{"frame":22,"values":[0.9994,-0.0009,0.0341,0,-0.0012,0.9981,0.0614,0,-0.0341,-0.0614,0.9975,0,-0.0206,26.5525,-3.1933,1]},
{"frame":23,"values":[0.9991,0.0063,0.0427,0,-0.0088,0.9982,0.0587,0,-0.0423,-0.059,0.9974,0,-0.0206,26.5525,-3.1933,1]},
{"frame":24,"values":[0.9993,0.0136,0.0359,0,-0.0156,0.9983,0.0561,0,-0.0351,-0.0566,0.9978,0,-0.0206,26.5525,-3.1933,1]},
{"frame":25,"values":[0.9994,0.0208,0.029,0,-0.0223,0.9983,0.0536,0,-0.0279,-0.0542,0.9981,0,-0.0206,26.5525,-3.1933,1]},
{"frame":26,"values":[0.9994,0.028,0.0221,0,-0.0291,0.9983,0.0511,0,-0.0207,-0.0517,0.9984,0,-0.0206,26.5525,-3.1933,1]},
{"frame":27,"values":[0.9993,0.0352,0.0152,0,-0.0359,0.9982,0.0486,0,-0.0135,-0.0492,0.9987,0,-0.0206,26.5525,-3.1933,1]},
{"frame":28,"values":[0.9991,0.0424,0.0083,0,-0.0428,0.9976,0.0541,0,-0.006,-0.0544,0.9985,0,-0.0206,26.5525,-3.1933,1]},
{"frame":29,"values":[0.9988,0.0496,0.0014,0,-0.0496,0.997,0.0597,0,0.0015,-0.0597,0.9982,0,-0.0206,26.5525,-3.1933,1]},
{"frame":30,"values":[0.9984,0.0568,-0.0054,0,-0.0563,0.9963,0.0653,0,0.0091,-0.0649,0.9979,0,-0.0206,26.5525,-3.1933,1]},
{"frame":31,"values":[0.9987,0.0502,-0.0122,0,-0.0492,0.9963,0.0709,0,0.0157,-0.0702,0.9974,0,-0.0206,26.5525,-3.1933,1]},
{"frame":32,"values":[0.9989,0.0437,-0.0191,0,-0.0421,0.9962,0.0764,0,0.0224,-0.0755,0.9969,0,-0.0206,26.5525,-3.1933,1]},
{"frame":33,"values":[0.999,0.0372,-0.026,0,-0.0349,0.996,0.0819,0,0.0289,-0.0809,0.9963,0,-0.0206,26.5525,-3.1933,1]},
{"frame":34,"values":[0.999,0.0307,-0.0329,0,-0.0277,0.9958,0.0874,0,0.0355,-0.0864,0.9956,0,-0.0206,26.5525,-3.1933,1]},
{"frame":35,"values":[0.9989,0.0242,-0.0399,0,-0.0208,0.9962,0.0841,0,0.0418,-0.0832,0.9957,0,-0.0206,26.5525,-3.1933,1]},
{"frame":36,"values":[0.9987,0.0177,-0.0468,0,-0.0139,0.9966,0.0808,0,0.0481,-0.0801,0.9956,0,-0.0206,26.5525,-3.1933,1]},
{"frame":37,"values":[0.9985,0.0112,-0.0537,0,-0.0071,0.997,0.0775,0,0.0544,-0.077,0.9955,0,-0.0206,26.5525,-3.1933,1]},
{"frame":38,"values":[0.9982,0.0047,-0.0606,0,-0.0002,0.9973,0.0741,0,0.0608,-0.074,0.9954,0,-0.0206,26.5525,-3.1933,1]},
{"frame":39,"values":[0.9977,-0.0018,-0.0674,0,0.0066,0.9975,0.0707,0,0.0671,-0.071,0.9952,0,-0.0206,26.5525,-3.1933,1]},
{"frame":40,"values":[0.9972,-0.0084,-0.0743,0,0.0134,0.9977,0.0672,0,0.0735,-0.068,0.995,0,-0.0206,26.5525,-3.1933,1]},
{"frame":41,"values":[0.9966,-0.0149,-0.0811,0,0.0201,0.9978,0.0637,0,0.0799,-0.0651,0.9947,0,-0.0206,26.5525,-3.1933,1]},
{"frame":42,"values":[0.9959,-0.0215,-0.0878,0,0.0269,0.9978,0.0601,0,0.0864,-0.0622,0.9943,0,-0.0206,26.5525,-3.1933,1]},
{"frame":43,"values":[0.9963,-0.0281,-0.0812,0,0.0328,0.9979,0.0567,0,0.0795,-0.0592,0.9951,0,-0.0206,26.5525,-3.1933,1]},
{"frame":44,"values":[0.9966,-0.0346,-0.0746,0,0.0387,0.9978,0.0534,0,0.0726,-0.0561,0.9958,0,-0.0206,26.5525,-3.1933,1]},
{"frame":45,"values":[0.9968,-0.0411,-0.068,0,0.0446,0.9978,0.0501,0,0.0658,-0.0529,0.9964,0,-0.0206,26.5525,-3.1933,1]},
{"frame":46,"values":[0.997,-0.0477,-0.0613,0,0.051,0.9973,0.0534,0,0.0586,-0.0563,0.9967,0,-0.0206,26.5525,-3.1933,1]},
{"frame":47,"values":[0.997,-0.0542,-0.0547,0,0.0573,0.9967,0.0567,0,0.0515,-0.0597,0.9969,0,-0.0206,26.5525,-3.1933,1]},
{"frame":48,"values":[0.9977,-0.0479,-0.0481,0,0.0508,0.9969,0.0601,0,0.0451,-0.0624,0.997,0,-0.0206,26.5525,-3.1933,1]},
{"frame":49,"values":[0.9983,-0.0416,-0.0415,0,0.0442,0.997,0.0635,0,0.0387,-0.0652,0.9971,0,-0.0206,26.5525,-3.1933,1]},
{"frame":50,"values":[0.9988,-0.0354,-0.0348,0,0.0376,0.9971,0.0668,0,0.0324,-0.068,0.9972,0,-0.0206,26.5525,-3.1933,1]},
{"frame":51,"values":[0.9992,-0.0291,-0.0282,0,0.031,0.9971,0.07,0,0.026,-0.0709,0.9971,0,-0.0206,26.5525,-3.1933,1]},
{"frame":52,"values":[0.9995,-0.0229,-0.0215,0,0.0242,0.9975,0.0667,0,0.0199,-0.0672,0.9975,0,-0.0206,26.5525,-3.1933,1]},
{"frame":53,"values":[0.9998,-0.0166,-0.0148,0,0.0175,0.9978,0.0633,0,0.0138,-0.0636,0.9979,0,-0.0206,26.5525,-3.1933,1]},
{"frame":54,"values":[0.9999,-0.0102,-0.0082,0,0.0107,0.9981,0.0599,0,0.0076,-0.06,0.9982,0,-0.0206,26.5525,-3.1933,1]},
{"frame":55,"values":[0.9999,-0.0113,-0.0016,0,0.0114,0.9983,0.0565,0,0.0009,-0.0565,0.9984,0,-0.0206,26.5525,-3.1933,1]},
{"frame":56,"values":[0.9999,-0.0124,0.0051,0,0.0121,0.9985,0.0531,0,-0.0057,-0.053,0.9986,0,-0.0206,26.5525,-3.1933,1]},
{"frame":57,"values":[0.9998,-0.0135,0.0117,0,0.0129,0.9987,0.0497,0,-0.0124,-0.0495,0.9987,0,-0.0206,26.5525,-3.1933,1]},
{"frame":58,"values":[0.9998,-0.0064,0.0184,0,0.0055,0.9989,0.0463,0,-0.0187,-0.0462,0.9988,0,-0.0206,26.5525,-3.1933,1]},
{"frame":59,"values":[0.9997,0.0007,0.025,0,-0.0017,0.9991,0.0429,0,-0.025,-0.043,0.9988,0,-0.0206,26.5525,-3.1933,1]},
{"frame":60,"values":[0.9995,0.0078,0.0316,0,-0.009,0.9992,0.0395,0,-0.0313,-0.0397,0.9987,0,-0.0206,26.5525,-3.1933,1]},
{"frame":61,"values":[0.9992,0.0148,0.0383,0,-0.0165,0.9989,0.0445,0,-0.0376,-0.0451,0.9983,0,-0.0206,26.5525,-3.1933,1]},
{"frame":62,"values":[0.9988,0.0219,0.0449,0,-0.0241,0.9985,0.0496,0,-0.0438,-0.0506,0.9978,0,-0.0206,26.5525,-3.1933,1]},
{"frame":63,"values":[0.999,0.0289,0.0328,0,-0.0307,0.998,0.0546,0,-0.0312,-0.0556,0.998,0,-0.0206,26.5525,-3.1933,1]},
{"frame":64,"values":[0.9991,0.036,0.0207,0,-0.0372,0.9975,0.0597,0,-0.0185,-0.0604,0.998,0,-0.0206,26.5525,-3.1933,1]},
{"frame":65,"values":[0.9995,0.0319,0.0087,0,-0.0324,0.9974,0.0648,0,-0.0066,-0.0651,0.9979,0,-0.0206,26.5525,-3.1933,1]},
{"frame":66,"values":[0.9996,0.0279,-0.0034,0,-0.0276,0.9972,0.0699,0,0.0054,-0.0698,0.9975,0,-0.0206,26.5525,-3.1933,1]},
{"frame":67,"values":[0.9996,0.0239,-0.0155,0,-0.0227,0.9969,0.0749,0,0.0173,-0.0745,0.9971,0,-0.0206,26.5525,-3.1933,1]},
{"frame":68,"values":[0.9994,0.018,-0.029,0,-0.0157,0.9969,0.0774,0,0.0303,-0.0769,0.9966,0,-0.0206,26.5525,-3.1933,1]}],"loopBehavior":1,"name":"anim","property":"_matrix"}},
{"name":"mixamorig:Neck","index":4,"matrix":[0.9998,-0.0074,0.0207,0,0.0115,0.9781,-0.2078,0,-0.0187,0.208,0.9779,0,-0.06,30.7018,1.3522,1],"rest":[1,0,0,0,0,1,0,0,0,0,1,0,-0.06,30.7018,1.3522,1],"parentBoneIndex":3,"length":22.8446
,"animation":{"dataType":3,"framePerSecond":24,"keys":[
{"frame":1,"values":[0.9998,-0.0074,0.0207,0,0.0115,0.9781,-0.2078,0,-0.0187,0.208,0.9779,0,-0.06,30.7018,1.3522,1]},
{"frame":2,"values":[0.9997,-0.0117,0.0218,0,0.0159,0.9789,-0.2037,0,-0.019,0.204,0.9788,0,-0.06,30.7018,1.3522,1]},
{"frame":3,"values":[0.9996,-0.0155,0.0235,0,0.02,0.9786,-0.2046,0,-0.0198,0.205,0.9786,0,-0.06,30.7018,1.3522,1]},
{"frame":4,"values":[0.9995,-0.0187,0.0251,0,0.0235,0.9779,-0.2077,0,-0.0207,0.2082,0.9779,0,-0.06,30.7018,1.3522,1]},
{"frame":5,"values":[0.9995,-0.0203,0.0259,0,0.0253,0.9771,-0.2114,0,-0.021,0.212,0.977,0,-0.06,30.7018,1.3522,1]},
{"frame":6,"values":[0.9995,-0.02,0.0254,0,0.0251,0.9759,-0.2166,0,-0.0205,0.2171,0.9759,0,-0.06,30.7018,1.3522,1]},
{"frame":7,"values":[0.9995,-0.0194,0.0246,0,0.0244,0.9742,-0.2242,0,-0.0196,0.2247,0.9742,0,-0.06,30.7018,1.3522,1]},
{"frame":8,"values":[0.9996,-0.0186,0.0233,0,0.0235,0.9721,-0.2334,0,-0.0183,0.2339,0.9721,0,-0.06,30.7018,1.3522,1]},
{"frame":9,"values":[0.9996,-0.0177,0.0214,0,0.0223,0.9709,-0.2386,0,-0.0165,0.239,0.9709,0,-0.06,30.7018,1.3522,1]},
{"frame":10,"values":[0.9997,-0.0169,0.0194,0,0.0211,0.9699,-0.2426,0,-0.0147,0.2429,0.9699,0,-0.06,30.7018,1.3522,1]},
{"frame":11,"values":[0.9997,-0.0162,0.0175,0,0.02,0.969,-0.2464,0,-0.013,0.2466,0.969,0,-0.06,30.7018,1.3522,1]},
{"frame":12,"values":[0.9997,-0.0174,0.0165,0,0.0209,0.9681,-0.2499,0,-0.0116,0.2501,0.9681,0,-0.06,30.7018,1.3522,1]},
{"frame":13,"values":[0.9996,-0.0228,0.0163,0,0.0262,0.9671,-0.2531,0,-0.0099,0.2534,0.9673,0,-0.06,30.7018,1.3522,1]},
{"frame":14,"values":[0.9995,-0.0297,0.0141,0,0.0324,0.9662,-0.2556,0,-0.006,0.2559,0.9667,0,-0.06,30.7018,1.3522,1]},
{"frame":15,"values":[0.9994,-0.0325,0.0119,0,0.0345,0.9669,-0.2527,0,-0.0033,0.253,0.9675,0,-0.06,30.7018,1.3522,1]},
{"frame":16,"values":[0.9995,-0.0295,0.0098,0,0.031,0.9687,-0.2465,0,-0.0022,0.2467,0.9691,0,-0.06,30.7018,1.3522,1]},
{"frame":17,"values":[0.9997,-0.0244,0.0076,0,0.0255,0.9703,-0.2405,0,-0.0015,0.2406,0.9706,0,-0.06,30.7019,1.3522,1]},
{"frame":18,"values":[0.9998,-0.0213,0.0055,0,0.022,0.9714,-0.2364,0,-0.0003,0.2364,0.9716,0,-0.06,30.7018,1.3522,1]},
{"frame":19,"values":[0.9998,-0.0191,0.0033,0,0.0193,0.9717,-0.2353,0,0.0013,0.2353,0.9719,0,-0.06,30.7018,1.3522,1]},
{"frame":20,"values":[0.9999,-0.0168,0.0011,0,0.0166,0.9707,-0.2395,0,0.0029,0.2395,0.9709,0,-0.06,30.7018,1.3522,1]},
{"frame":21,"values":[0.9999,-0.0146,-0.001,0,0.0139,0.9697,-0.2438,0,0.0045,0.2437,0.9698,0,-0.06,30.7018,1.3522,1]},
{"frame":22,"values":[0.9999,-0.0123,0,0,0.0119,0.9687,-0.248,0,0.003,0.248,0.9688,0,-0.06,30.7018,1.3522,1]},
{"frame":23,"values":[0.9999,-0.0125,0.0011,0,0.0124,0.9676,-0.2522,0,0.0021,0.2522,0.9677,0,-0.06,30.7018,1.3522,1]},
{"frame":24,"values":[0.9999,-0.0111,0.0021,0,0.0113,0.9665,-0.2564,0,0.0008,0.2564,0.9666,0,-0.06,30.7018,1.3522,1]},
{"frame":25,"values":[0.9999,-0.0097,0.0031,0,0.0102,0.9654,-0.2607,0,-0.0005,0.2607,0.9654,0,-0.06,30.7018,1.3522,1]},
{"frame":26,"values":[1,-0.0082,0.0042,0,0.009,0.9656,-0.2598,0,-0.0019,0.2598,0.9657,0,-0.06,30.7018,1.3522,1]},
{"frame":27,"values":[1,-0.0068,0.0052,0,0.0079,0.9659,-0.259,0,-0.0033,0.259,0.9659,0,-0.06,30.7018,1.3522,1]},
{"frame":28,"values":[1,-0.0054,0.0048,0,0.0064,0.9655,-0.2603,0,-0.0033,0.2604,0.9655,0,-0.06,30.7018,1.3522,1]},
{"frame":29,"values":[1,-0.0039,0.0065,0,0.0055,0.9651,-0.2617,0,-0.0052,0.2618,0.9651,0,-0.06,30.7018,1.3522,1]},
{"frame":30,"values":[1,-0.0025,0.0081,0,0.0045,0.9675,-0.253,0,-0.0072,0.253,0.9674,0,-0.06,30.7018,1.3522,1]},
{"frame":31,"values":[1,-0.0011,0.0097,0,0.0034,0.9697,-0.2442,0,-0.0092,0.2442,0.9697,0,-0.06,30.7018,1.3522,1]},
{"frame":32,"values":[0.9999,0.0004,0.0114,0,0.0023,0.9719,-0.2354,0,-0.0111,0.2354,0.9718,0,-0.06,30.7018,1.3522,1]},
{"frame":33,"values":[0.9999,-0.0016,0.013,0,0.0045,0.974,-0.2266,0,-0.0123,0.2266,0.9739,0,-0.06,30.7018,1.3522,1]},
{"frame":34,"values":[0.9999,-0.0035,0.0147,0,0.0066,0.976,-0.2178,0,-0.0136,0.2178,0.9759,0,-0.06,30.7018,1.3522,1]},
{"frame":35,"values":[0.9999,-0.0054,0.0163,0,0.0087,0.9779,-0.2089,0,-0.0148,0.209,0.9778,0,-0.06,30.7018,1.3522,1]},
{"frame":36,"values":[0.9998,-0.0074,0.0179,0,0.0108,0.9797,-0.2,0,-0.0161,0.2002,0.9796,0,-0.06,30.7018,1.3522,1]},
{"frame":37,"values":[0.9998,-0.0093,0.0196,0,0.0131,0.979,-0.2035,0,-0.0173,0.2037,0.9789,0,-0.06,30.7018,1.3522,1]},
