{"producer":{"name":"Blender","version":"2.79 (sub 0)","exporter_version":"5.6.4","file":"tiredrun.babylon"},
"autoClear":true,"clearColor":[0.0509,0.0509,0.0509],"ambientColor":[0,0,0],"gravity":[0,-9.81,0],
"materials":[{"name":"tiredrun.Material","id":"tiredrun.Material","ambient":[0,0,0],"diffuse":[0,0,0],"specular":[0,0,0],"emissive":[0,0,0],"specularPower":50,"alpha":0.001,"backFaceCulling":true,"checkReadyOnlyOnce":false,"maxSimultaneousLights":4}],
"multiMaterials":[],
"skeletons":[{"name":"Armature","id":0,"dimensionsAtRest":[379.1952,391.6652,55.677],"bones":[
{"name":"mixamorig:Hips","index":0,"matrix":[0.9998,0.0183,0.0011,0,-0.0168,0.9381,-0.3459,0,0.0074,-0.3458,-0.9383,0,-0.0596,183.747,-2.31,1],"rest":[1,0,0,0,0,1,0,0,0,0,-1,0,0,201.6394,0,1],"parentBoneIndex":-1,"length":21.6784
,"animation":{"dataType":3,"framePerSecond":24,"keys":[
{"frame":1,"values":[0.9998,0.0183,0.0011,0,-0.0168,0.9381,-0.3459,0,0.0074,-0.3458,-0.9383,0,-0.0596,183.747,-2.31,1]},
{"frame":2,"values":[0.9981,0.0609,0.0033,0,-0.0559,0.9355,-0.3488,0,0.0244,-0.348,-0.9372,0,0.4956,187.4368,-6.701,1]},
{"frame":3,"values":[0.9952,0.0972,0.0061,0,-0.0886,0.9302,-0.3563,0,0.0403,-0.354,-0.9344,0,0.9619,187.8049,-10.459,1]},
{"frame":4,"values":[0.9949,0.1007,-0.0071,0,-0.0968,0.9315,-0.3507,0,0.0287,-0.3496,-0.9365,0,1.6399,183.6737,-13.691,1]},
{"frame":5,"values":[0.9959,0.078,-0.0448,0,-0.0883,0.9424,-0.3225,0,-0.0171,-0.3251,-0.9455,0,3.298,176.0365,-16.5237,1]},
{"frame":6,"values":[0.9848,0.1324,-0.1125,0,-0.1594,0.9462,-0.2816,0,-0.0692,-0.2953,-0.9529,0,4.3052,173.4241,-14.566,1]},
{"frame":7,"values":[0.9777,0.1568,-0.1394,0,-0.1906,0.9417,-0.2773,0,-0.0878,-0.2977,-0.9506,0,5.3123,173.7701,-11.1445,1]},
{"frame":8,"values":[0.985,0.1157,-0.128,0,-0.1497,0.942,-0.3002,0,-0.0859,-0.3149,-0.9452,0,6.3194,178.0244,-9.7051,1]},
{"frame":9,"values":[0.9917,0.0828,-0.0987,0,-0.11,0.9431,-0.3138,0,-0.0671,-0.3221,-0.9443,0,7.3266,182.2788,-8.2657,1]},
{"frame":10,"values":[0.9966,0.0447,-0.0693,0,-0.065,0.9427,-0.3272,0,-0.0507,-0.3305,-0.9424,0,6.3174,186.5331,-9.5919,1]},
{"frame":11,"values":[0.9989,0.0234,-0.0399,0,-0.0356,0.9397,-0.3402,0,-0.0295,-0.3412,-0.9395,0,5.3083,190.7875,-10.9182,1]},
{"frame":12,"values":[0.9999,0.002,-0.0104,0,-0.0055,0.9356,-0.3529,0,-0.009,-0.3529,-0.9356,0,4.2991,185.8501,-12.2444,1]},
{"frame":13,"values":[0.9994,0.0203,-0.0297,0,-0.0292,0.9404,-0.3388,0,-0.0211,-0.3395,-0.9404,0,3.29,180.9128,-13.5707,1]},
{"frame":14,"values":[0.9987,-0.0136,-0.0488,0,-0.003,0.946,-0.3243,0,-0.0506,-0.324,-0.9447,0,2.2808,175.9754,-10.7873,1]},
{"frame":15,"values":[0.9965,-0.0471,-0.0684,0,0.0236,0.9504,-0.3101,0,-0.0796,-0.3074,-0.9482,0,1.2717,171.0381,-8.0039,1]},
{"frame":16,"values":[0.9961,-0.0808,-0.0366,0,0.0664,0.9527,-0.2965,0,-0.0588,-0.2929,-0.9543,0,0.2625,174.5591,-5.2206,1]},
{"frame":17,"values":[0.9991,-0.0411,-0.0048,0,0.0374,0.9468,-0.3198,0,-0.0176,-0.3193,-0.9475,0,-0.7466,178.0802,-2.4372,1]},
{"frame":18,"values":[0.9998,0.0183,0.0011,0,-0.0168,0.9381,-0.3459,0,0.0074,-0.3458,-0.9383,0,-0.0596,183.747,-2.31,1]}],"loopBehavior":1,"name":"anim","property":"_matrix"}},
{"name":"mixamorig:Spine","index":1,"matrix":[0.9992,0.0111,-0.039,0,-0.001,0.9679,0.2511,0,0.0406,-0.2509,0.9672,0,0.0062,19.525,-2.4818,1],"rest":[1,0,0,0,0,1,0,0,0,0,1,0,0.0062,19.525,-2.4818,1],"parentBoneIndex":0,"length":23.0091
,"animation":{"dataType":3,"framePerSecond":24,"keys":[
{"frame":1,"values":[0.9992,0.0111,-0.039,0,-0.001,0.9679,0.2511,0,0.0406,-0.2509,0.9672,0,0.0062,19.525,-2.4818,1]},
{"frame":2,"values":[0.9983,-0.0373,-0.0441,0,0.0465,0.9715,0.2324,0,0.0341,-0.2341,0.9716,0,0.0062,19.525,-2.4818,1]},
{"frame":3,"values":[0.9959,-0.0825,-0.0366,0,0.0885,0.9718,0.2186,0,0.0176,-0.221,0.9751,0,0.0062,19.525,-2.4818,1]},
{"frame":4,"values":[0.9951,-0.0968,-0.0217,0,0.0992,0.9731,0.2077,0,0.001,-0.2088,0.978,0,0.0062,19.525,-2.4818,1]},
{"frame":5,"values":[0.9968,-0.0786,-0.016,0,0.0802,0.9758,0.2036,0,-0.0004,-0.2042,0.9789,0,0.0062,19.525,-2.4818,1]},
{"frame":6,"values":[0.9913,-0.1314,-0.0045,0,0.1281,0.9575,0.2583,0,-0.0296,-0.2567,0.966,0,0.0062,19.525,-2.4818,1]},
{"frame":7,"values":[0.9901,-0.1403,-0.0081,0,0.137,0.9506,0.2787,0,-0.0314,-0.277,0.9603,0,0.0062,19.525,-2.4818,1]},
{"frame":8,"values":[0.9978,-0.0647,0.0148,0,0.0582,0.9604,0.2726,0,-0.0318,-0.2711,0.962,0,0.0062,19.525,-2.4818,1]},
{"frame":9,"values":[0.9995,0.0056,0.0301,0,-0.013,0.9674,0.253,0,-0.0277,-0.2533,0.967,0,0.0062,19.525,-2.4818,1]},
{"frame":10,"values":[0.996,0.0775,0.0455,0,-0.086,0.9686,0.2333,0,-0.026,-0.2363,0.9713,0,0.0062,19.525,-2.4818,1]},
{"frame":11,"values":[0.993,0.1015,0.0611,0,-0.1123,0.9704,0.2137,0,-0.0376,-0.2191,0.975,0,0.0062,19.525,-2.4818,1]},
{"frame":12,"values":[0.9891,0.1257,0.0762,0,-0.1383,0.9713,0.1936,0,-0.0497,-0.202,0.9781,0,0.0062,19.525,-2.4818,1]},
{"frame":13,"values":[0.9898,0.1092,0.0915,0,-0.1238,0.977,0.1736,0,-0.0705,-0.1832,0.9806,0,0.0062,19.525,-2.4818,1]},
{"frame":14,"values":[0.9936,0.093,0.0642,0,-0.1042,0.9736,0.203,0,-0.0436,-0.2084,0.9771,0,0.0062,19.525,-2.4818,1]},
{"frame":15,"values":[0.99,0.1365,0.0368,0,-0.1413,0.9623,0.2322,0,-0.0037,-0.2351,0.972,0,0.0062,19.525,-2.4818,1]},
{"frame":16,"values":[0.9942,0.1068,0.0094,0,-0.1055,0.9595,0.2611,0,0.0189,-0.2606,0.9653,0,0.0062,19.525,-2.4818,1]},
{"frame":17,"values":[0.9969,0.0769,-0.018,0,-0.0696,0.9634,0.259,0,0.0373,-0.257,0.9657,0,0.0062,19.525,-2.4818,1]},
{"frame":18,"values":[0.9992,0.0111,-0.039,0,-0.001,0.9679,0.2511,0,0.0406,-0.2509,0.9672,0,0.0062,19.525,-2.4818,1]}],"loopBehavior":1,"name":"anim","property":"_matrix"}},
{"name":"mixamorig:Spine1","index":2,"matrix":[0.9999,-0.0034,-0.0108,0,0.0048,0.9908,0.1351,0,0.0102,-0.1352,0.9908,0,-0.0009,22.835,-2.8254,1],"rest":[1,0,0,0,0,1,0,0,0,0,1,0,-0.0009,22.835,-2.8254,1],"parentBoneIndex":1,"length":26.7438
,"animation":{"dataType":3,"framePerSecond":24,"keys":[
{"frame":1,"values":[0.9999,-0.0034,-0.0108,0,0.0049,0.9895,0.1444,0,0.0102,-0.1444,0.9895,0,-0.0009,22.835,-2.8254,1]},
{"frame":2,"values":[0.9999,-0.0093,-0.0114,0,0.0108,0.9896,0.1437,0,0.0099,-0.1438,0.9896,0,-0.0009,22.835,-2.8254,1]},
{"frame":3,"values":[0.9998,-0.0149,-0.0093,0,0.016,0.9896,0.143,0,0.007,-0.1431,0.9897,0,-0.0009,22.835,-2.8254,1]},
{"frame":4,"values":[0.9998,-0.0174,-0.0053,0,0.018,0.9897,0.1423,0,0.0028,-0.1423,0.9898,0,-0.0009,22.835,-2.8254,1]},
{"frame":5,"values":[0.9999,-0.0156,-0.0032,0,0.0158,0.9898,0.1415,0,0.0009,-0.1416,0.9899,0,-0.0009,22.835,-2.8254,1]},
{"frame":6,"values":[0.9997,-0.0239,0.0003,0,0.0236,0.9898,0.1408,0,-0.0037,-0.1408,0.99,0,-0.0009,22.835,-2.8254,1]},
{"frame":7,"values":[0.9997,-0.0243,-0.0008,0,0.0242,0.9898,0.1401,0,-0.0026,-0.1401,0.9901,0,-0.0009,22.835,-2.8254,1]},
{"frame":8,"values":[0.9999,-0.0145,0.004,0,0.0138,0.9901,0.1394,0,-0.006,-0.1394,0.9902,0,-0.0009,22.835,-2.8254,1]},
{"frame":9,"values":[1,-0.0027,0.0082,0,0.0016,0.9903,0.1387,0,-0.0085,-0.1387,0.9903,0,-0.0009,22.835,-2.8254,1]},
{"frame":10,"values":[0.9999,0.0091,0.0124,0,-0.0107,0.9904,0.138,0,-0.011,-0.1381,0.9904,0,-0.0009,22.835,-2.8254,1]},
{"frame":11,"values":[0.9998,0.0118,0.0166,0,-0.014,0.9904,0.1373,0,-0.0148,-0.1375,0.9904,0,-0.0009,22.835,-2.8254,1]},
{"frame":12,"values":[0.9997,0.0145,0.0207,0,-0.0172,0.9905,0.1366,0,-0.0186,-0.1369,0.9904,0,-0.0009,22.835,-2.8254,1]},
{"frame":13,"values":[0.9996,0.0106,0.0249,0,-0.0139,0.9906,0.1358,0,-0.0233,-0.1361,0.9904,0,-0.0009,22.835,-2.8254,1]},
{"frame":14,"values":[0.9998,0.0066,0.0173,0,-0.0089,0.9908,0.1351,0,-0.0163,-0.1352,0.9907,0,-0.0009,22.835,-2.8254,1]},
{"frame":15,"values":[0.9999,0.0114,0.0097,0,-0.0126,0.9908,0.1351,0,-0.0081,-0.1352,0.9908,0,-0.0009,22.835,-2.8254,1]},
{"frame":16,"values":[0.9999,0.0162,0.0021,0,-0.0163,0.9907,0.1351,0,0.0001,-0.1351,0.9908,0,-0.0009,22.835,-2.8254,1]},
{"frame":17,"values":[1,0.0065,-0.0055,0,-0.0057,0.9908,0.1351,0,0.0063,-0.1351,0.9908,0,-0.0009,22.835,-2.8254,1]},
{"frame":18,"values":[0.9999,-0.0034,-0.0108,0,0.0048,0.9908,0.1351,0,0.0102,-0.1352,0.9908,0,-0.0009,22.835,-2.8254,1]}],"loopBehavior":1,"name":"anim","property":"_matrix"}},
{"name":"mixamorig:Spine2","index":3,"matrix":[0.9999,-0.0036,-0.0109,0,0.0051,0.9908,0.1351,0,0.0103,-0.1351,0.9908,0,-0.0206,26.5525,-3.1933,1],"rest":[1,0,0,0,0,1,0,0,0,0,1,0,-0.0206,26.5525,-3.1933,1],"parentBoneIndex":2,"length":24.825
,"animation":{"dataType":3,"framePerSecond":24,"keys":[
{"frame":1,"values":[0.9999,-0.0036,-0.0109,0,0.0052,0.9895,0.1443,0,0.0103,-0.1444,0.9895,0,-0.0206,26.5525,-3.1933,1]},
{"frame":2,"values":[0.9999,-0.0095,-0.0115,0,0.011,0.9896,0.1436,0,0.0101,-0.1437,0.9896,0,-0.0206,26.5525,-3.1933,1]},
{"frame":3,"values":[0.9998,-0.015,-0.0095,0,0.0162,0.9896,0.1429,0,0.0073,-0.143,0.9897,0,-0.0206,26.5525,-3.1933,1]},
{"frame":4,"values":[0.9998,-0.0175,-0.0056,0,0.0181,0.9897,0.1422,0,0.003,-0.1423,0.9898,0,-0.0206,26.5525,-3.1933,1]},
{"frame":5,"values":[0.9999,-0.0157,-0.0034,0,0.016,0.9898,0.1415,0,0.0012,-0.1415,0.9899,0,-0.0206,26.5525,-3.1933,1]},
{"frame":6,"values":[0.9997,-0.024,-0.0003,0,0.0238,0.9898,0.1407,0,-0.0031,-0.1407,0.99,0,-0.0206,26.5525,-3.1933,1]},
{"frame":7,"values":[0.9997,-0.0245,-0.0014,0,0.0244,0.9898,0.14,0,-0.002,-0.14,0.9901,0,-0.0206,26.5525,-3.1933,1]},
{"frame":8,"values":[0.9999,-0.0146,0.0035,0,0.014,0.9902,0.1393,0,-0.0055,-0.1392,0.9902,0,-0.0206,26.5525,-3.1933,1]},
{"frame":9,"values":[1,-0.0027,0.0077,0,0.0016,0.9904,0.1386,0,-0.008,-0.1385,0.9903,0,-0.0206,26.5525,-3.1933,1]},
{"frame":10,"values":[0.9999,0.0092,0.012,0,-0.0108,0.9904,0.1378,0,-0.0106,-0.138,0.9904,0,-0.0206,26.5525,-3.1933,1]},
{"frame":11,"values":[0.9998,0.0119,0.0163,0,-0.014,0.9905,0.1371,0,-0.0145,-0.1373,0.9904,0,-0.0206,26.5525,-3.1933,1]},
{"frame":12,"values":[0.9997,0.0146,0.0205,0,-0.0173,0.9905,0.1364,0,-0.0184,-0.1367,0.9904,0,-0.0206,26.5525,-3.1933,1]},
{"frame":13,"values":[0.9996,0.0106,0.0248,0,-0.0139,0.9907,0.1357,0,-0.0231,-0.136,0.9904,0,-0.0206,26.5525,-3.1933,1]},
{"frame":14,"values":[0.9998,0.0066,0.0173,0,-0.0088,0.9908,0.135,0,-0.0162,-0.1352,0.9907,0,-0.0206,26.5525,-3.1933,1]},
{"frame":15,"values":[0.9999,0.0114,0.0097,0,-0.0126,0.9908,0.135,0,-0.0081,-0.1351,0.9908,0,-0.0206,26.5525,-3.1933,1]},
{"frame":16,"values":[0.9999,0.0162,0.0021,0,-0.0163,0.9907,0.1351,0,0.0001,-0.1351,0.9908,0,-0.0206,26.5525,-3.1933,1]},
{"frame":17,"values":[1,0.0064,-0.0054,0,-0.0056,0.9908,0.1351,0,0.0063,-0.135,0.9908,0,-0.0206,26.5525,-3.1933,1]},
{"frame":18,"values":[0.9999,-0.0036,-0.0109,0,0.0051,0.9908,0.1351,0,0.0103,-0.1351,0.9908,0,-0.0206,26.5525,-3.1933,1]}],"loopBehavior":1,"name":"anim","property":"_matrix"}},
{"name":"mixamorig:Neck","index":4,"matrix":[0.9998,0.0054,0.0167,0,-0.0049,0.9995,-0.0298,0,-0.0168,0.0297,0.9994,0,-0.06,30.7018,1.3522,1],"rest":[1,0,0,0,0,1,0,0,0,0,1,0,-0.06,30.7018,1.3522,1],"parentBoneIndex":3,"length":22.8446
,"animation":{"dataType":3,"framePerSecond":24,"keys":[
{"frame":1,"values":[0.9998,0.0054,0.0167,0,-0.0049,0.9995,-0.0298,0,-0.0168,0.0297,0.9994,0,-0.06,30.7018,1.3522,1]},
{"frame":2,"values":[0.9999,0.0048,0.0146,0,-0.0043,0.9994,-0.0343,0,-0.0148,0.0343,0.9993,0,-0.06,30.7018,1.3522,1]},
{"frame":3,"values":[0.9999,0.0044,0.0126,0,-0.0038,0.9989,-0.0472,0,-0.0128,0.0471,0.9988,0,-0.06,30.7018,1.3522,1]},
{"frame":4,"values":[0.9999,0.0056,0.0105,0,-0.0049,0.998,-0.0634,0,-0.0108,0.0634,0.9979,0,-0.06,30.7018,1.3522,1]},
{"frame":5,"values":[1,0.0037,0.0085,0,-0.0031,0.998,-0.0624,0,-0.0087,0.0623,0.998,0,-0.06,30.7018,1.3522,1]},
{"frame":6,"values":[1,0.0022,0.0064,0,-0.0019,0.9983,-0.0579,0,-0.0065,0.0579,0.9983,0,-0.06,30.7018,1.3522,1]},
{"frame":7,"values":[1,-0.0038,0.0044,0,0.004,0.9989,-0.0472,0,-0.0042,0.0472,0.9989,0,-0.06,30.7018,1.3522,1]},
{"frame":8,"values":[1,-0.008,0.0024,0,0.0081,0.9993,-0.0364,0,-0.0021,0.0364,0.9993,0,-0.06,30.7018,1.3522,1]},
{"frame":9,"values":[0.9999,-0.0122,0.0003,0,0.0122,0.9996,-0.0256,0,0,0.0256,0.9997,0,-0.06,30.7018,1.3522,1]},
{"frame":10,"values":[0.9999,-0.0163,-0.0018,0,0.0163,0.9998,-0.0148,0,0.002,0.0148,0.9999,0,-0.06,30.7018,1.3522,1]},
{"frame":11,"values":[0.9999,-0.013,0.0006,0,0.013,0.9999,-0.0041,0,-0.0005,0.0041,1,0,-0.06,30.7018,1.3522,1]},
{"frame":12,"values":[0.9999,-0.0097,0.003,0,0.0096,0.9999,0.0067,0,-0.0031,-0.0067,1,0,-0.06,30.7018,1.3522,1]},
{"frame":13,"values":[1,-0.0063,0.0055,0,0.0063,1,0.0006,0,-0.0055,-0.0006,1,0,-0.06,30.7018,1.3522,1]},
{"frame":14,"values":[1,-0.003,0.0079,0,0.0031,1,-0.0055,0,-0.0079,0.0055,1,0,-0.06,30.7018,1.3522,1]},
{"frame":15,"values":[0.9999,0.0003,0.0103,0,-0.0002,0.9999,-0.0116,0,-0.0103,0.0116,0.9999,0,-0.06,30.7018,1.3522,1]},
{"frame":16,"values":[0.9999,0.0037,0.0127,0,-0.0034,0.9998,-0.0177,0,-0.0127,0.0177,0.9998,0,-0.06,30.7018,1.3522,1]},
{"frame":17,"values":[0.9999,0.007,0.0151,0,-0.0067,0.9997,-0.0239,0,-0.0152,0.0238,0.9996,0,-0.06,30.7018,1.3522,1]},
{"frame":18,"values":[0.9998,0.0054,0.0167,0,-0.0049,0.9995,-0.0298,0,-0.0168,0.0297,0.9994,0,-0.06,30.7018,1.3522,1]}],"loopBehavior":1,"name":"anim","property":"_matrix"}},
{"name":"mixamorig:Head","index":5,"matrix":[0.996,0.0321,0.0832,0,-0.0343,0.9991,0.0251,0,-0.0823,-0.0279,0.9962,0,-0.0872,22.5476,3.6709,1],"rest":[1,0,0,0,0,1,0,0,0,0,1,0,-0.0872,22.5476,3.6709,1],"parentBoneIndex":4,"length":30.5923
,"animation":{"dataType":3,"framePerSecond":24,"keys":[
{"frame":1,"values":[0.996,0.0321,0.0832,0,-0.0343,0.9991,0.0251,0,-0.0823,-0.0279,0.9962,0,-0.0872,22.5476,3.6709,1]},
{"frame":2,"values":[0.995,0.0371,0.093,0,-0.0387,0.9991,0.0148,0,-0.0924,-0.0183,0.9956,0,-0.0872,22.5476,3.6709,1]},
{"frame":3,"values":[0.9946,0.0463,0.0926,0,-0.0448,0.9988,-0.0178,0,-0.0933,0.0136,0.9955,0,-0.0872,22.5476,3.6709,1]},
{"frame":4,"values":[0.9958,0.0492,0.0772,0,-0.0445,0.9971,-0.0622,0,-0.08,0.0585,0.9951,0,-0.0872,22.5476,3.6709,1]},
{"frame":5,"values":[0.9977,0.0358,0.0568,0,-0.0313,0.9964,-0.0788,0,-0.0594,0.0769,0.9953,0,-0.0872,22.5476,3.6709,1]},
{"frame":6,"values":[0.999,0.0305,0.0336,0,-0.028,0.997,-0.072,0,-0.0357,0.0709,0.9968,0,-0.0872,22.5476,3.6709,1]},
{"frame":7,"values":[0.9993,0.0073,0.0369,0,-0.0067,0.9998,-0.0179,0,-0.0371,0.0176,0.9992,0,-0.0872,22.5476,3.6709,1]},
{"frame":8,"values":[0.9996,-0.0158,0.0226,0,0.015,0.9992,0.0363,0,-0.0232,-0.0359,0.9991,0,-0.0872,22.5476,3.6709,1]},
{"frame":9,"values":[0.9992,-0.039,0.0043,0,0.0384,0.9952,0.0903,0,-0.0078,-0.0901,0.9959,0,-0.0872,22.5476,3.6709,1]},
{"frame":10,"values":[0.9981,-0.0621,0.0014,0,0.0612,0.9877,0.1441,0,-0.0103,-0.1438,0.9896,0,-0.0872,22.5476,3.6709,1]},
{"frame":11,"values":[0.9987,-0.0497,0.0057,0,0.0476,0.9792,0.1975,0,-0.0154,-0.197,0.9803,0,-0.0872,22.5476,3.6709,1]},
{"frame":12,"values":[0.9993,-0.0373,-0.0043,0,0.0372,0.9675,0.2503,0,-0.0051,-0.2503,0.9682,0,-0.0872,22.5476,3.6709,1]},
{"frame":13,"values":[0.9996,-0.0248,-0.0144,0,0.0273,0.9769,0.2117,0,0.0088,-0.212,0.9772,0,-0.0872,22.5476,3.6709,1]},
{"frame":14,"values":[0.9999,-0.0137,0.0073,0,0.0122,0.9848,0.1733,0,-0.0095,-0.1732,0.9848,0,-0.0872,22.5476,3.6709,1]},
{"frame":15,"values":[0.9996,-0.0017,0.0285,0,-0.0022,0.9909,0.1343,0,-0.0285,-0.1343,0.9905,0,-0.0872,22.5476,3.6709,1]},
{"frame":16,"values":[0.9987,0.0112,0.0492,0,-0.0158,0.9954,0.0948,0,-0.048,-0.0955,0.9943,0,-0.0872,22.5476,3.6709,1]},
{"frame":17,"values":[0.9973,0.0248,0.0694,0,-0.0286,0.9981,0.0549,0,-0.0679,-0.0567,0.9961,0,-0.0872,22.5476,3.6709,1]},
{"frame":18,"values":[0.996,0.0321,0.0832,0,-0.0343,0.9991,0.0251,0,-0.0823,-0.0279,0.9962,0,-0.0872,22.5476,3.6709,1]}],"loopBehavior":1,"name":"anim","property":"_matrix"}},
{"name":"mixamorig:HeadTop_End","index":6,"matrix":[1,0,0,0,0,1,0,0,0,0,1,0,-0.8306,40.3552,7.8935,1],"rest":[1,0,0,0,0,1,0,0,0,0,1,0,-0.8306,40.3552,7.8935,1],"parentBoneIndex":5,"length":30.5924
,"animation":{"dataType":3,"framePerSecond":24,"keys":[
{"frame":1,"values":[1,0,0,0,0,1,0,0,0,0,1,0,-0.8306,40.3552,7.8935,1]},
{"frame":18,"values":[1,0,0,0,0,1,0,0,0,0,1,0,-0.8306,40.3552,7.8935,1]}],"loopBehavior":1,"name":"anim","property":"_matrix"}},
{"name":"mixamorig:RightEye","index":7,"matrix":[1,0,0,0,0,1,0,0,0,0,1,0,-6.3021,18.1186,16.1971,1],"rest":[1,0,0,0,0,1,0,0,0,0,1,0,-6.3021,18.1186,16.1971,1],"parentBoneIndex":5,"length":30.5923
,"animation":{"dataType":3,"framePerSecond":24,"keys":[
{"frame":1,"values":[1,0,0,0,0,1,0,0,0,0,1,0,-6.3021,18.1186,16.1971,1]},
{"frame":18,"values":[1,0,0,0,0,1,0,0,0,0,1,0,-6.3021,18.1186,16.1971,1]}],"loopBehavior":1,"name":"anim","property":"_matrix"}},
{"name":"mixamorig:LeftEye","index":8,"matrix":[1,0,0,0,0,1,0,0,0,0,1,0,6.7415,18.3827,16.4019,1],"rest":[1,0,0,0,0,1,0,0,0,0,1,0,6.7415,18.3827,16.4019,1],"parentBoneIndex":5,"length":30.5923
,"animation":{"dataType":3,"framePerSecond":24,"keys":[
{"frame":1,"values":[1,0,0,0,0,1,0,0,0,0,1,0,6.7415,18.3827,16.4019,1]},
{"frame":18,"values":[1,0,0,0,0,1,0,0,0,0,1,0,6.7415,18.3827,16.4019,1]}],"loopBehavior":1,"name":"anim","property":"_matrix"}},
{"name":"mixamorig:LeftShoulder","index":9,"matrix":[0.928,-0.3505,0.1261,0,0.3469,0.9366,0.0501,0,-0.1357,-0.0028,0.9907,0,11.9249,18.2305,1.4254,1],"rest":[1,0.0062,0,0,-0.0062,1,0,0,0,0,1,0,11.9249,18.2305,1.4254,1],"parentBoneIndex":3,"length":25.9773
,"animation":{"dataType":3,"framePerSecond":24,"keys":[
{"frame":1,"values":[0.928,-0.3505,0.1261,0,0.3469,0.9366,0.0501,0,-0.1357,-0.0028,0.9907,0,11.9249,18.2305,1.4254,1]},
{"frame":2,"values":[0.9135,-0.3857,0.1293,0,0.381,0.9226,0.0598,0,-0.1423,-0.0054,0.9898,0,11.9249,18.2305,1.4254,1]},
{"frame":3,"values":[0.8887,-0.43,0.159,0,0.4244,0.9028,0.0692,0,-0.1733,0.006,0.9849,0,11.9249,18.2305,1.4254,1]},
{"frame":4,"values":[0.8938,-0.4153,0.169,0,0.4094,0.9097,0.0702,0,-0.183,0.0064,0.9831,0,11.9249,18.2305,1.4254,1]},
{"frame":5,"values":[0.9153,-0.3708,0.1574,0,0.3657,0.9287,0.0609,0,-0.1688,0.0018,0.9856,0,11.9249,18.2305,1.4254,1]},
{"frame":6,"values":[0.9131,-0.3779,0.1533,0,0.373,0.9258,0.0606,0,-0.1648,0.0018,0.9863,0,11.9249,18.2305,1.4254,1]},
{"frame":7,"values":[0.9002,-0.3986,0.1756,0,0.3936,0.917,0.064,0,-0.1865,0.0115,0.9824,0,11.9249,18.2305,1.4254,1]},
{"frame":8,"values":[0.9034,-0.3931,0.1712,0,0.3873,0.9195,0.0675,0,-0.184,0.0053,0.9829,0,11.9249,18.2305,1.4254,1]},
{"frame":9,"values":[0.9052,-0.3971,0.151,0,0.3922,0.9178,0.0623,0,-0.1633,0.0029,0.9866,0,11.9249,18.2305,1.4254,1]},
{"frame":10,"values":[0.909,-0.3973,0.1262,0,0.3935,0.9177,0.0552,0,-0.1378,-0.0005,0.9905,0,11.9249,18.2305,1.4254,1]},
{"frame":11,"values":[0.9194,-0.3789,0.1051,0,0.3759,0.9254,0.0478,0,-0.1154,-0.0045,0.9933,0,11.9249,18.2305,1.4254,1]},
{"frame":12,"values":[0.9289,-0.3607,0.0839,0,0.3585,0.9326,0.0404,0,-0.0928,-0.0074,0.9957,0,11.9249,18.2305,1.4254,1]},
{"frame":13,"values":[0.9369,-0.3418,0.0734,0,0.3401,0.9397,0.0352,0,-0.081,-0.008,0.9967,0,11.9249,18.2305,1.4254,1]},
{"frame":14,"values":[0.9528,-0.2978,0.0596,0,0.2965,0.9546,0.0301,0,-0.0659,-0.011,0.9978,0,11.9249,18.2305,1.4254,1]},
{"frame":15,"values":[0.9537,-0.2939,0.0637,0,0.2925,0.9558,0.0301,0,-0.0698,-0.01,0.9975,0,11.9249,18.2305,1.4254,1]},
{"frame":16,"values":[0.9546,-0.29,0.0679,0,0.2882,0.9569,0.0341,0,-0.0748,-0.013,0.9971,0,11.9249,18.2305,1.4254,1]},
{"frame":17,"values":[0.9492,-0.2999,0.0949,0,0.2975,0.9539,0.0381,0,-0.102,-0.0079,0.9948,0,11.9249,18.2305,1.4254,1]},
{"frame":18,"values":[0.928,-0.3505,0.1261,0,0.3469,0.9366,0.0501,0,-0.1357,-0.0028,0.9907,0,11.9249,18.2305,1.4254,1]}],"loopBehavior":1,"name":"anim","property":"_matrix"}},
{"name":"mixamorig:LeftArm","index":10,"matrix":[0.5447,-0.7016,0.4595,0,0.8023,0.5955,-0.0418,0,-0.2443,0.3914,0.8872,0,25.4312,-0.8546,-5.2293,1],"rest":[0.9983,0.0295,0.0512,0,-0.0294,0.9996,-0.0017,0,-0.0512,0.0002,0.9987,0,25.4312,-0.8546,-5.2293,1],"parentBoneIndex":9,"length":54.6847
,"animation":{"dataType":3,"framePerSecond":24,"keys":[
{"frame":1,"values":[0.5447,-0.7016,0.4595,0,0.8023,0.5955,-0.0418,0,-0.2443,0.3914,0.8872,0,25.4312,-0.8546,-5.2293,1]},
{"frame":2,"values":[0.5475,-0.6736,0.4964,0,0.7706,0.6372,0.0148,0,-0.3263,0.3744,0.868,0,25.4312,-0.8547,-5.2293,1]},
{"frame":3,"values":[0.6217,-0.6753,0.3967,0,0.7331,0.6801,0.0089,0,-0.2758,0.2853,0.9179,0,25.4312,-0.8546,-5.2293,1]},
{"frame":4,"values":[0.6324,-0.7372,0.2378,0,0.7401,0.6657,0.0955,0,-0.2287,0.1156,0.9666,0,25.4312,-0.8546,-5.2293,1]},
{"frame":5,"values":[0.6013,-0.7837,0.1559,0,0.785,0.6158,0.068,0,-0.1493,0.0815,0.9854,0,25.4312,-0.8546,-5.2293,1]},
{"frame":6,"values":[0.6177,-0.764,0.1863,0,0.7784,0.6278,-0.0062,0,-0.1122,0.1489,0.9825,0,25.4312,-0.8546,-5.2293,1]},
{"frame":7,"values":[0.6221,-0.7176,0.3131,0,0.754,0.6568,0.007,0,-0.2106,0.2318,0.9497,0,25.4312,-0.8546,-5.2293,1]},
{"frame":8,"values":[0.5812,-0.672,0.4588,0,0.7506,0.6606,0.0168,0,-0.3144,0.3346,0.8884,0,25.4312,-0.8546,-5.2293,1]},
{"frame":9,"values":[0.5439,-0.6129,0.5732,0,0.7482,0.6635,-0.0005,0,-0.38,0.4291,0.8194,0,25.4312,-0.8546,-5.2293,1]},
{"frame":10,"values":[0.5291,-0.5799,0.6195,0,0.7559,0.6538,-0.0335,0,-0.3856,0.486,0.7843,0,25.4312,-0.8546,-5.2293,1]},
{"frame":11,"values":[0.5293,-0.5781,0.6211,0,0.7704,0.6341,-0.0664,0,-0.3554,0.5136,0.7809,0,25.4312,-0.8546,-5.2293,1]},
{"frame":12,"values":[0.5295,-0.5762,0.6226,0,0.7837,0.6132,-0.099,0,-0.3247,0.5404,0.7762,0,25.4312,-0.8546,-5.2293,1]},
{"frame":13,"values":[0.5585,-0.6034,0.5692,0,0.7887,0.5988,-0.1391,0,-0.2569,0.5266,0.8103,0,25.4312,-0.8546,-5.2293,1]},
{"frame":14,"values":[0.583,-0.6299,0.5132,0,0.7906,0.5853,-0.1798,0,-0.1871,0.5106,0.8392,0,25.4312,-0.8546,-5.2293,1]},
{"frame":15,"values":[0.578,-0.6775,0.4549,0,0.803,0.5714,-0.1694,0,-0.1452,0.4632,0.8743,0,25.4312,-0.8546,-5.2293,1]},
{"frame":16,"values":[0.5544,-0.7056,0.4414,0,0.8213,0.5495,-0.1532,0,-0.1344,0.4475,0.8841,0,25.4312,-0.8546,-5.2293,1]},
{"frame":17,"values":[0.5214,-0.7218,0.4552,0,0.8416,0.523,-0.1347,0,-0.1408,0.4533,0.8802,0,25.4312,-0.8547,-5.2293,1]},
{"frame":18,"values":[0.5447,-0.7016,0.4595,0,0.8023,0.5955,-0.0418,0,-0.2443,0.3914,0.8872,0,25.4312,-0.8546,-5.2293,1]}],"loopBehavior":1,"name":"anim","property":"_matrix"}},
{"name":"mixamorig:LeftForeArm","index":11,"matrix":[0.8849,-0.0048,0.4658,0,0.012,0.9999,-0.0124,0,-0.4656,0.0166,0.8848,0,54.5783,-1.9463,-2.8009,1],"rest":[0.9943,-0.0088,-0.1062,0,0.0091,1,0.0028,0,0.1061,-0.0038,0.9943,0,54.5783,-1.9463,-2.8009,1],"parentBoneIndex":10,"length":55.0981
,"animation":{"dataType":3,"framePerSecond":24,"keys":[
{"frame":1,"values":[0.8849,-0.0048,0.4658,0,0.012,0.9999,-0.0124,0,-0.4656,0.0166,0.8848,0,54.5783,-1.9463,-2.8009,1]},
{"frame":2,"values":[0.9999,-0.0079,0.0111,0,0.0079,0.9999,-0.0076,0,-0.011,0.0076,0.9999,0,54.5783,-1.9463,-2.8009,1]},
{"frame":3,"values":[0.9999,-0.0081,0.0069,0,0.0081,0.9999,-0.0067,0,-0.0068,0.0067,1,0,54.5783,-1.9463,-2.8009,1]},
{"frame":4,"values":[0.9773,-0.0081,0.2119,0,0.0095,0.9999,-0.0056,0,-0.2118,0.0075,0.9773,0,54.5783,-1.9463,-2.8009,1]},
{"frame":5,"values":[0.9735,-0.008,0.2284,0,0.0096,0.9999,-0.0061,0,-0.2284,0.0082,0.9735,0,54.5783,-1.9463,-2.8009,1]},
{"frame":6,"values":[0.9938,-0.008,0.1107,0,0.0088,0.9999,-0.0068,0,-0.1107,0.0077,0.9938,0,54.5783,-1.9463,-2.8009,1]},
{"frame":7,"values":[0.9928,-0.0078,0.1197,0,0.0088,0.9999,-0.0073,0,-0.1196,0.0083,0.9928,0,54.5783,-1.9463,-2.8009,1]},
{"frame":8,"values":[0.9844,-0.0076,0.1759,0,0.0091,0.9999,-0.0078,0,-0.1758,0.0093,0.9844,0,54.5783,-1.9462,-2.8009,1]},
{"frame":9,"values":[0.953,-0.0073,0.3028,0,0.0102,0.9999,-0.0081,0,-0.3027,0.0108,0.953,0,54.5783,-1.9463,-2.8009,1]},
{"frame":10,"values":[0.7694,0.0019,0.6387,0,0.0137,0.9997,-0.0195,0,-0.6386,0.0238,0.7692,0,54.5783,-1.9463,-2.8009,1]},
{"frame":11,"values":[0.4479,0.0108,0.894,0,0.0252,0.9994,-0.0247,0,-0.8937,0.0337,0.4473,0,54.5783,-1.9463,-2.8009,1]},
{"frame":12,"values":[0.121,0.0255,0.9923,0,0.5795,0.8098,-0.0915,0,-0.8059,0.5861,0.0832,0,54.5783,-1.9463,-2.8009,1]},
{"frame":13,"values":[-0.1167,0.0316,0.9927,0,0.0387,0.9989,-0.0273,0,-0.9924,0.0352,-0.1178,0,54.5783,-1.9463,-2.8009,1]},
{"frame":14,"values":[-0.2302,0.035,0.9725,0,0.0417,0.9988,-0.0261,0,-0.9723,0.0345,-0.2313,0,54.5783,-1.9463,-2.8009,1]},
{"frame":15,"values":[-0.1243,0.0322,0.9917,0,0.0389,0.9989,-0.0276,0,-0.9915,0.0351,-0.1254,0,54.5783,-1.9463,-2.8009,1]},
{"frame":16,"values":[0.1861,0.0212,0.9823,0,0.0304,0.9992,-0.0273,0,-0.9821,0.035,0.1853,0,54.5783,-1.9463,-2.8009,1]},
{"frame":17,"values":[0.5939,0.0064,0.8045,0,0.0194,0.9996,-0.0223,0,-0.8043,0.0288,0.5935,0,54.5783,-1.9463,-2.8009,1]},
{"frame":18,"values":[0.8849,-0.0048,0.4658,0,0.012,0.9999,-0.0124,0,-0.4656,0.0166,0.8848,0,54.5783,-1.9463,-2.8009,1]}],"loopBehavior":1,"name":"anim","property":"_matrix"}},
{"name":"mixamorig:LeftHand","index":12,"matrix":[0.9635,0.0368,0.2651,0,-0.1659,0.8593,0.4838,0,-0.2099,-0.5102,0.8341,0,54.9948,-1.4671,3.0376,1],"rest":[0.9961,0.088,0.001,0,-0.0871,0.9842,0.154,0,0.0125,-0.1535,0.9881,0,54.9948,-1.4671,3.0376,1],"parentBoneIndex":11,"length":20.3347
,"animation":{"dataType":3,"framePerSecond":24,"keys":[
{"frame":1,"values":[0.9635,0.0368,0.2651,0,-0.1659,0.8593,0.4838,0,-0.2099,-0.5102,0.8341,0,54.9948,-1.4671,3.0376,1]},
{"frame":2,"values":[0.991,-0.0759,0.1101,0,-0.0236,0.7112,0.7026,0,-0.1316,-0.6989,0.703,0,54.9948,-1.4671,3.0376,1]},
{"frame":3,"values":[0.8966,-0.2489,-0.3663,0,0.4358,0.3486,0.8298,0,-0.0789,-0.9036,0.421,0,54.9948,-1.4671,3.0376,1]},
{"frame":4,"values":[0.5902,-0.4583,-0.6645,0,0.7571,0.0285,0.6527,0,-0.2802,-0.8883,0.3638,0,54.9948,-1.4671,3.0376,1]},
{"frame":5,"values":[0.6004,-0.5473,-0.5831,0,0.752,0.1383,0.6445,0,-0.2721,-0.8254,0.4946,0,54.9948,-1.4671,3.0376,1]},
{"frame":6,"values":[0.8077,-0.4616,-0.3668,0,0.5581,0.3976,0.7283,0,-0.1903,-0.793,0.5788,0,54.9948,-1.4671,3.0376,1]},
{"frame":7,"values":[0.984,-0.1628,-0.0725,0,0.1549,0.5799,0.7999,0,-0.0882,-0.7983,0.5958,0,54.9948,-1.4671,3.0376,1]},
{"frame":8,"values":[0.9721,0.0911,0.2164,0,-0.2293,0.5658,0.792,0,-0.0503,-0.8195,0.5709,0,54.9948,-1.4671,3.0376,1]},
{"frame":9,"values":[0.924,0.1602,0.3473,0,-0.3612,0.664,0.6547,0,-0.1257,-0.7304,0.6714,0,54.9948,-1.4671,3.0376,1]},
{"frame":10,"values":[0.9157,0.1953,0.3511,0,-0.3701,0.75,0.5482,0,-0.1562,-0.6319,0.7591,0,54.9948,-1.4671,3.0376,1]},
{"frame":11,"values":[0.9078,0.2314,0.3498,0,-0.3747,0.8223,0.4284,0,-0.1885,-0.5199,0.8332,0,54.9948,-1.4671,3.0376,1]},
{"frame":12,"values":[0.9004,0.2675,0.3432,0,-0.3745,0.8779,0.2984,0,-0.2215,-0.3972,0.8906,0,54.9948,-1.4671,3.0376,1]},
{"frame":13,"values":[0.8937,0.3023,0.3315,0,-0.3696,0.915,0.162,0,-0.2543,-0.2673,0.9294,0,54.9948,-1.4671,3.0376,1]},
{"frame":14,"values":[0.888,0.3349,0.3151,0,-0.3601,0.9326,0.0235,0,-0.286,-0.1343,0.9488,0,54.9948,-1.4671,3.0376,1]},
{"frame":15,"values":[0.8834,0.3645,0.2946,0,-0.3465,0.9312,-0.1131,0,-0.3155,-0.0022,0.9489,0,54.9948,-1.4671,3.0376,1]},
{"frame":16,"values":[0.8977,0.3058,0.3172,0,-0.3486,0.9333,0.0868,0,-0.2695,-0.1884,0.9444,0,54.9948,-1.4671,3.0376,1]},
{"frame":17,"values":[0.9129,0.2439,0.3272,0,-0.3409,0.8965,0.283,0,-0.2243,-0.37,0.9016,0,54.9948,-1.4671,3.0376,1]},
{"frame":18,"values":[0.9635,0.0368,0.2651,0,-0.1659,0.8593,0.4838,0,-0.2099,-0.5102,0.8341,0,54.9948,-1.4671,3.0376,1]}],"loopBehavior":1,"name":"anim","property":"_matrix"}},
{"name":"mixamorig:LeftHandMiddle1","index":13,"matrix":[0.9367,-0.3474,-0.043,0,0.3484,0.9372,0.0172,0,0.0344,-0.0311,0.9989,0,23.1821,-2.445,1.6605,1],"rest":[0.9974,-0.0561,0.045,0,0.0561,0.9984,0.0005,0,-0.045,0.002,0.999,0,23.1821,-2.445,1.6605,1],"parentBoneIndex":12,"length":6.3787
,"animation":{"dataType":3,"framePerSecond":24,"keys":[
{"frame":1,"values":[0.9367,-0.3474,-0.043,0,0.3484,0.9372,0.0172,0,0.0344,-0.0311,0.9989,0,23.1821,-2.445,1.6605,1]},
{"frame":2,"values":[0.974,-0.1883,-0.126,0,0.1914,0.9814,0.013,0,0.1212,-0.0368,0.9919,0,23.1821,-2.445,1.6605,1]},
{"frame":3,"values":[0.8597,-0.4585,0.2251,0,0.4687,0.8833,0.0091,0,-0.203,0.0977,0.9743,0,23.1821,-2.445,1.6605,1]},
{"frame":4,"values":[0.9085,-0.3954,0.135,0,0.3979,0.9174,0.0092,0,-0.1275,0.0454,0.9908,0,23.1821,-2.445,1.6605,1]},
{"frame":5,"values":[0.8586,-0.5114,0.0354,0,0.5109,0.8593,0.0219,0,-0.0416,-0.0007,0.9991,0,23.1821,-2.445,1.6605,1]},
{"frame":6,"values":[0.7087,-0.7014,0.0754,0,0.7013,0.7121,0.0329,0,-0.0768,0.0296,0.9966,0,23.1821,-2.445,1.6605,1]},
{"frame":7,"values":[0.6799,-0.7281,0.0872,0,0.7284,0.6843,0.0345,0,-0.0848,0.0401,0.9956,0,23.1821,-2.445,1.6605,1]},
{"frame":8,"values":[0.7058,-0.6998,0.1099,0,0.7013,0.7122,0.0311,0,-0.1,0.0551,0.9935,0,23.1821,-2.445,1.6605,1]},
{"frame":9,"values":[0.6977,-0.7002,0.1515,0,0.7049,0.7087,0.0289,0,-0.1276,0.0867,0.988,0,23.1821,-2.445,1.6605,1]},
{"frame":10,"values":[0.6884,-0.6993,0.1929,0,0.7087,0.705,0.0269,0,-0.1548,0.1182,0.9808,0,23.1821,-2.445,1.6605,1]},
{"frame":11,"values":[0.6377,-0.7487,0.181,0,0.7569,0.6527,0.0332,0,-0.143,0.1158,0.9829,0,23.1821,-2.445,1.6605,1]},
{"frame":12,"values":[0.5835,-0.7944,0.1686,0,0.8014,0.5968,0.0385,0,-0.1312,0.1126,0.9849,0,23.1821,-2.445,1.6605,1]},
{"frame":13,"values":[0.5262,-0.836,0.1559,0,0.8419,0.5379,0.043,0,-0.1198,0.1086,0.9868,0,23.1821,-2.445,1.6605,1]},
{"frame":14,"values":[0.4661,-0.8731,0.1428,0,0.878,0.4764,0.0465,0,-0.1086,0.1037,0.9887,0,23.1821,-2.445,1.6605,1]},
{"frame":15,"values":[0.5785,-0.8074,0.1157,0,0.8099,0.5855,0.0365,0,-0.0972,0.0726,0.9926,0,23.1821,-2.445,1.6605,1]},
{"frame":16,"values":[0.6812,-0.7269,0.0872,0,0.7275,0.6854,0.0301,0,-0.0816,0.0429,0.9957,0,23.1821,-2.445,1.6605,1]},
{"frame":17,"values":[0.7715,-0.6336,0.0582,0,0.6332,0.7735,0.0274,0,-0.0624,0.0157,0.9979,0,23.1821,-2.445,1.6605,1]},
{"frame":18,"values":[0.9367,-0.3474,-0.043,0,0.3484,0.9372,0.0172,0,0.0344,-0.0311,0.9989,0,23.1821,-2.445,1.6605,1]}],"loopBehavior":1,"name":"anim","property":"_matrix"}},
{"name":"mixamorig:LeftHandMiddle2","index":14,"matrix":[0.9655,-0.2599,0.0173,0,0.2599,0.9656,0.0076,0,-0.0187,-0.0029,0.9998,0,6.3689,-0.3109,0.167,1],"rest":[0.991,0.1341,-0.0042,0,-0.1342,0.991,-0.0031,0,0.0038,0.0036,1,0,6.3689,-0.3109,0.167,1],"parentBoneIndex":13,"length":6.1483
,"animation":{"dataType":3,"framePerSecond":24,"keys":[
{"frame":1,"values":[0.9655,-0.2599,0.0173,0,0.2599,0.9656,0.0076,0,-0.0187,-0.0029,0.9998,0,6.3689,-0.3109,0.167,1]},
{"frame":2,"values":[0.9665,-0.2562,0.0177,0,0.2561,0.9666,0.0077,0,-0.019,-0.0029,0.9998,0,6.3689,-0.3109,0.167,1]},
{"frame":3,"values":[0.9483,-0.3168,0.018,0,0.3167,0.9485,0.0077,0,-0.0195,-0.0016,0.9998,0,6.3689,-0.3109,0.167,1]},
{"frame":4,"values":[0.9472,-0.3202,0.0183,0,0.3201,0.9474,0.0078,0,-0.0199,-0.0015,0.9998,0,6.3689,-0.3109,0.167,1]},
{"frame":5,"values":[0.9663,-0.2566,0.0187,0,0.2565,0.9665,0.0078,0,-0.02,-0.0028,0.9998,0,6.3689,-0.3109,0.167,1]},
{"frame":6,"values":[0.9634,-0.2672,0.019,0,0.2671,0.9636,0.0079,0,-0.0204,-0.0025,0.9998,0,6.3689,-0.3109,0.167,1]},
{"frame":7,"values":[0.9644,-0.2636,0.0193,0,0.2635,0.9646,0.0085,0,-0.0209,-0.0031,0.9998,0,6.3689,-0.3109,0.167,1]},
{"frame":8,"values":[0.9641,-0.2647,0.0197,0,0.2646,0.9643,0.009,0,-0.0213,-0.0035,0.9998,0,6.3689,-0.3109,0.167,1]},
{"frame":9,"values":[0.9595,-0.2811,0.02,0,0.281,0.9597,0.0096,0,-0.0219,-0.0036,0.9998,0,6.3689,-0.3109,0.167,1]},
{"frame":10,"values":[0.9545,-0.2975,0.0203,0,0.2973,0.9547,0.0101,0,-0.0224,-0.0036,0.9997,0,6.3689,-0.3109,0.167,1]},
{"frame":11,"values":[0.9493,-0.3137,0.0207,0,0.3136,0.9495,0.0107,0,-0.023,-0.0036,0.9997,0,6.3689,-0.3109,0.167,1]},
{"frame":12,"values":[0.9438,-0.3299,0.0211,0,0.3297,0.944,0.0112,0,-0.0236,-0.0036,0.9997,0,6.3689,-0.3109,0.167,1]},
{"frame":13,"values":[0.938,-0.3459,0.0215,0,0.3458,0.9383,0.0106,0,-0.0239,-0.0025,0.9997,0,6.3689,-0.3109,0.167,1]},
{"frame":14,"values":[0.9463,-0.3227,0.0198,0,0.3226,0.9465,0.01,0,-0.022,-0.0031,0.9998,0,6.3689,-0.3109,0.167,1]},
{"frame":15,"values":[0.9591,-0.2824,0.0181,0,0.2822,0.9593,0.0094,0,-0.02,-0.0039,0.9998,0,6.3689,-0.3109,0.167,1]},
{"frame":16,"values":[0.9703,-0.2415,0.0164,0,0.2414,0.9704,0.0088,0,-0.018,-0.0046,0.9998,0,6.3689,-0.3109,0.167,1]},
{"frame":17,"values":[0.9683,-0.2492,0.0169,0,0.2491,0.9684,0.0082,0,-0.0184,-0.0038,0.9998,0,6.3689,-0.3109,0.167,1]},
{"frame":18,"values":[0.9655,-0.2599,0.0173,0,0.2599,0.9656,0.0076,0,-0.0187,-0.0029,0.9998,0,6.3689,-0.3109,0.167,1]}],"loopBehavior":1,"name":"anim","property":"_matrix"}},
{"name":"mixamorig:LeftHandMiddle3","index":15,"matrix":[0.9282,-0.3719,0.0152,0,0.3717,0.9283,0.0122,0,-0.0187,-0.0056,0.9998,0,6.0425,-1.121,0.183,1],"rest":[1,-0.0048,-0.0038,0,0.0048,1,0.0008,0,0.0038,-0.0009,1,0,6.0425,-1.121,0.183,1],"parentBoneIndex":14,"length":6.5825
,"animation":{"dataType":3,"framePerSecond":24,"keys":[
{"frame":1,"values":[0.9282,-0.3719,0.0152,0,0.3717,0.9283,0.0122,0,-0.0187,-0.0056,0.9998,0,6.0425,-1.121,0.183,1]},
{"frame":2,"values":[0.9457,-0.3246,0.0154,0,0.3244,0.9459,0.0102,0,-0.0179,-0.0047,0.9998,0,6.0425,-1.121,0.183,1]},
{"frame":3,"values":[0.9686,-0.2481,0.0156,0,0.248,0.9687,0.0074,0,-0.0169,-0.0033,0.9999,0,6.0425,-1.121,0.183,1]},
{"frame":4,"values":[0.9652,-0.2609,0.0157,0,0.2608,0.9654,0.0079,0,-0.0172,-0.0035,0.9998,0,6.0425,-1.121,0.183,1]},
{"frame":5,"values":[0.9319,-0.3623,0.0159,0,0.3621,0.9321,0.0118,0,-0.019,-0.0052,0.9998,0,6.0425,-1.121,0.183,1]},
{"frame":6,"values":[0.9197,-0.3923,0.016,0,0.3921,0.9198,0.0121,0,-0.0195,-0.0048,0.9998,0,6.0425,-1.121,0.183,1]},
{"frame":7,"values":[0.9169,-0.3988,0.0162,0,0.3986,0.917,0.0124,0,-0.0198,-0.0049,0.9998,0,6.0425,-1.121,0.183,1]},
{"frame":8,"values":[0.9158,-0.4012,0.0163,0,0.4011,0.916,0.0128,0,-0.0201,-0.0051,0.9998,0,6.0425,-1.121,0.183,1]},
{"frame":9,"values":[0.9174,-0.3976,0.0165,0,0.3974,0.9176,0.0131,0,-0.0203,-0.0055,0.9998,0,6.0425,-1.121,0.183,1]},
{"frame":10,"values":[0.916,-0.4008,0.0166,0,0.4006,0.9161,0.0134,0,-0.0206,-0.0056,0.9998,0,6.0425,-1.121,0.183,1]},
{"frame":11,"values":[0.9129,-0.4078,0.0165,0,0.4077,0.913,0.0138,0,-0.0206,-0.0059,0.9998,0,6.0425,-1.121,0.183,1]},
{"frame":12,"values":[0.9101,-0.4141,0.0163,0,0.4139,0.9102,0.0141,0,-0.0207,-0.0061,0.9998,0,6.0425,-1.121,0.183,1]},
{"frame":13,"values":[0.9058,-0.4234,0.0161,0,0.4232,0.9059,0.0144,0,-0.0207,-0.0063,0.9998,0,6.0425,-1.121,0.183,1]},
{"frame":14,"values":[0.9021,-0.4312,0.0159,0,0.431,0.9022,0.0145,0,-0.0206,-0.0062,0.9998,0,6.0425,-1.121,0.183,1]},
{"frame":15,"values":[0.8984,-0.439,0.0158,0,0.4388,0.8985,0.0145,0,-0.0205,-0.0061,0.9998,0,6.0425,-1.121,0.183,1]},
{"frame":16,"values":[0.9,-0.4356,0.0156,0,0.4354,0.9001,0.0145,0,-0.0204,-0.0063,0.9998,0,6.0425,-1.121,0.183,1]},
{"frame":17,"values":[0.9044,-0.4265,0.0154,0,0.4263,0.9045,0.0146,0,-0.0202,-0.0066,0.9998,0,6.0425,-1.121,0.183,1]},
{"frame":18,"values":[0.9282,-0.3719,0.0152,0,0.3717,0.9283,0.0122,0,-0.0187,-0.0056,0.9998,0,6.0425,-1.121,0.183,1]}],"loopBehavior":1,"name":"anim","property":"_matrix"}},
{"name":"mixamorig:LeftHandMiddle4","index":16,"matrix":[1,0,0,0,0,1,0,0,0,0,1,0,6.4741,-1.1689,0.2214,1],"rest":[1,0,0,0,0,1,0,0,0,0,1,0,6.4741,-1.1689,0.2214,1],"parentBoneIndex":15,"length":6.5825
,"animation":{"dataType":3,"framePerSecond":24,"keys":[
{"frame":1,"values":[1,0,0,0,0,1,0,0,0,0,1,0,6.4741,-1.1689,0.2214,1]},
{"frame":18,"values":[1,0,0,0,0,1,0,0,0,0,1,0,6.4741,-1.1689,0.2214,1]}],"loopBehavior":1,"name":"anim","property":"_matrix"}},
{"name":"mixamorig:LeftHandThumb1","index":17,"matrix":[0.9921,0.0544,-0.113,0,-0.0439,0.9946,0.094,0,0.1175,-0.0883,0.9891,0,6.4451,-3.6637,6.4601,1],"rest":[0.993,-0.1184,-0.0054,0,0.1183,0.9883,0.0962,0,-0.006,-0.0961,0.9953,0,6.4451,-3.6637,6.4601,1],"parentBoneIndex":12,"length":8.4798
,"animation":{"dataType":3,"framePerSecond":24,"keys":[
{"frame":1,"values":[0.9921,0.0544,-0.113,0,-0.0439,0.9946,0.094,0,0.1175,-0.0883,0.9891,0,6.4451,-3.6637,6.4601,1]},
{"frame":18,"values":[0.9921,0.0544,-0.113,0,-0.0439,0.9946,0.094,0,0.1175,-0.0883,0.9891,0,6.4451,-3.6637,6.4601,1]}],"loopBehavior":1,"name":"anim","property":"_matrix"}},
{"name":"mixamorig:LeftHandThumb2","index":18,"matrix":[0.9708,0.2397,0.0044,0,-0.2373,0.958,0.1609,0,0.0343,-0.1572,0.987,0,6.2606,-2.6017,5.0935,1],"rest":[0.9927,0.0626,0.1035,0,-0.0529,0.9941,-0.0942,0,-0.1088,0.088,0.9902,0,6.2606,-2.6017,5.0935,1],"parentBoneIndex":17,"length":7.8274
,"animation":{"dataType":3,"framePerSecond":24,"keys":[
{"frame":1,"values":[0.9708,0.2397,0.0044,0,-0.2373,0.958,0.1609,0,0.0343,-0.1572,0.987,0,6.2606,-2.6017,5.0935,1]},
{"frame":2,"values":[0.9501,0.2909,0.1125,0,-0.3019,0.9483,0.0976,0,-0.0783,-0.1267,0.9888,0,6.2606,-2.6017,5.0935,1]},
{"frame":3,"values":[0.9226,0.3343,0.1926,0,-0.3463,0.9376,0.0315,0,-0.1701,-0.0957,0.9808,0,6.2606,-2.6017,5.0935,1]},
{"frame":4,"values":[0.9278,0.3269,0.1796,0,-0.3393,0.9397,0.0428,0,-0.1548,-0.1006,0.9828,0,6.2606,-2.6017,5.0935,1]},
{"frame":5,"values":[0.9736,0.2271,-0.023,0,-0.2198,0.9599,0.1741,0,0.0616,-0.1644,0.9845,0,6.2606,-2.6017,5.0935,1]},
{"frame":6,"values":[0.9666,0.1327,-0.2192,0,-0.0835,0.9719,0.2199,0,0.2422,-0.1943,0.9506,0,6.2606,-2.6017,5.0935,1]},
{"frame":7,"values":[0.9638,0.1253,-0.2354,0,-0.0722,0.9723,0.2223,0,0.2567,-0.1973,0.9461,0,6.2606,-2.6017,5.0935,1]},
{"frame":8,"values":[0.966,0.1338,-0.2212,0,-0.0842,0.9718,0.2202,0,0.2445,-0.1941,0.95,0,6.2606,-2.6017,5.0935,1]},
{"frame":9,"values":[0.9604,0.1676,-0.2226,0,-0.1209,0.9705,0.2088,0,0.251,-0.1736,0.9523,0,6.2606,-2.6017,5.0935,1]},
{"frame":10,"values":[0.9631,0.1491,-0.2239,0,-0.1051,0.9747,0.1973,0,0.2476,-0.1665,0.9544,0,6.2606,-2.6017,5.0935,1]},
{"frame":11,"values":[0.9655,0.1306,-0.2251,0,-0.0827,0.974,0.2107,0,0.2468,-0.1849,0.9513,0,6.2606,-2.6017,5.0935,1]},
{"frame":12,"values":[0.9675,0.1121,-0.2265,0,-0.0603,0.9727,0.2241,0,0.2455,-0.2032,0.9479,0,6.2606,-2.6017,5.0935,1]},
{"frame":13,"values":[0.9684,0.0935,-0.2312,0,-0.0371,0.9707,0.2373,0,0.2466,-0.2212,0.9435,0,6.2606,-2.6017,5.0935,1]},
{"frame":14,"values":[0.9688,0.0749,-0.2361,0,-0.0139,0.9681,0.2502,0,0.2473,-0.2392,0.939,0,6.2606,-2.6017,5.0935,1]},
{"frame":15,"values":[0.9662,0.0922,-0.2407,0,-0.0322,0.9697,0.242,0,0.2557,-0.226,0.94,0,6.2606,-2.6017,5.0935,1]},
{"frame":16,"values":[0.9632,0.1093,-0.2454,0,-0.0507,0.971,0.2338,0,0.2639,-0.2127,0.9408,0,6.2606,-2.6017,5.0935,1]},
{"frame":17,"values":[0.9599,0.1264,-0.2503,0,-0.0691,0.9718,0.2256,0,0.2718,-0.1993,0.9415,0,6.2606,-2.6017,5.0935,1]},
{"frame":18,"values":[0.9708,0.2397,0.0044,0,-0.2373,0.958,0.1609,0,0.0343,-0.1572,0.987,0,6.2606,-2.6017,5.0935,1]}],"loopBehavior":1,"name":"anim","property":"_matrix"}},
{"name":"mixamorig:LeftHandThumb3","index":19,"matrix":[0.8873,0.2932,0.3561,0,-0.2782,0.9559,-0.0938,0,-0.3679,-0.0158,0.9297,0,6.0726,-3.1361,3.8153,1],"rest":[0.9981,-0.0559,-0.0241,0,0.057,0.9973,0.0466,0,0.0214,-0.0479,0.9986,0,6.0726,-3.1361,3.8153,1],"parentBoneIndex":18,"length":6.188
,"animation":{"dataType":3,"framePerSecond":24,"keys":[
{"frame":1,"values":[0.8873,0.2932,0.3561,0,-0.2782,0.9559,-0.0938,0,-0.3679,-0.0158,0.9297,0,6.0726,-3.1361,3.8153,1]},
{"frame":2,"values":[0.9328,-0.0015,0.3604,0,0.0156,0.9992,-0.0361,0,-0.3601,0.0392,0.9321,0,6.0726,-3.1361,3.8153,1]},
{"frame":3,"values":[0.9297,-0.0519,0.3646,0,0.0688,0.9971,-0.0335,0,-0.3618,0.0562,0.9306,0,6.0726,-3.1361,3.8153,1]},
{"frame":4,"values":[0.9281,0.0399,0.3702,0,-0.0258,0.9987,-0.0428,0,-0.3714,0.0302,0.928,0,6.0726,-3.1361,3.8153,1]},
{"frame":5,"values":[0.7757,0.5489,0.3114,0,-0.4774,0.8331,-0.2793,0,-0.4127,0.068,0.9083,0,6.0726,-3.1361,3.8153,1]},
{"frame":6,"values":[0.7563,0.5489,0.356,0,-0.507,0.8356,-0.2113,0,-0.4135,-0.0206,0.9103,0,6.0726,-3.1361,3.8153,1]},
{"frame":7,"values":[0.7217,0.5981,0.3485,0,-0.5443,0.8014,-0.2482,0,-0.4277,-0.0105,0.9039,0,6.0726,-3.1361,3.8153,1]},
