{"producer":{"name":"Blender","version":"2.79 (sub 0)","exporter_version":"5.6.4","file":"zombierun.babylon"},
"autoClear":true,"clearColor":[0.0509,0.0509,0.0509],"ambientColor":[0,0,0],"gravity":[0,-9.81,0],
"materials":[{"name":"zombierun.Material","id":"zombierun.Material","ambient":[0,0,0],"diffuse":[0,0,0],"specular":[0,0,0],"emissive":[0,0,0],"specularPower":50,"alpha":0.001,"backFaceCulling":true,"checkReadyOnlyOnce":false,"maxSimultaneousLights":4}],
"multiMaterials":[],
"skeletons":[{"name":"Armature","id":0,"dimensionsAtRest":[379.1952,391.6652,55.677],"bones":[
{"name":"mixamorig:Hips","index":0,"matrix":[0.9988,0.035,-0.0328,0,-0.0334,0.9983,0.0482,0,-0.0344,0.0471,-0.9983,0,0.5051,168.6347,0.3665,1],"rest":[1,0,0,0,0,1,0,0,0,0,-1,0,0,201.6394,0,1],"parentBoneIndex":-1,"length":21.6784
,"animation":{"dataType":3,"framePerSecond":24,"keys":[
{"frame":1,"values":[0.9988,0.0361,-0.0328,0,-0.0345,0.9983,0.0476,0,-0.0344,0.0464,-0.9983,0,0.4967,168.6355,0.366,1]},
{"frame":2,"values":[0.9941,0.0666,-0.086,0,-0.0649,0.9976,0.0229,0,-0.0874,0.0172,-0.996,0,0.0693,171.0633,1.5735,1]},
{"frame":3,"values":[0.9884,0.0855,-0.1258,0,-0.088,0.996,-0.0142,0,-0.1241,-0.0251,-0.992,0,0.5818,173.9761,1.8807,1]},
{"frame":4,"values":[0.9861,0.0822,-0.1446,0,-0.0926,0.9934,-0.067,0,-0.1381,-0.0795,-0.9872,0,1.862,176.4189,0.3111,1]},
{"frame":5,"values":[0.9861,0.0726,-0.1493,0,-0.0889,0.9905,-0.1054,0,-0.1402,-0.1172,-0.9832,0,3.7225,177.2733,-3.1194,1]},
{"frame":6,"values":[0.9853,0.0678,-0.1568,0,-0.0853,0.9905,-0.1083,0,-0.1479,-0.1201,-0.9817,0,5.6324,176.1319,-6.4043,1]},
{"frame":7,"values":[0.9835,0.0676,-0.1677,0,-0.084,0.9922,-0.0927,0,-0.1601,-0.1052,-0.9815,0,7.2996,173.7809,-8.0192,1]},
{"frame":8,"values":[0.9919,0.072,-0.105,0,-0.0804,0.9937,-0.0779,0,-0.0988,-0.0858,-0.9914,0,8.9669,171.5727,-7.8247,1]},
{"frame":9,"values":[0.9962,0.077,-0.0419,0,-0.0795,0.9949,-0.0627,0,-0.0369,-0.0657,-0.9972,0,10.6341,169.3646,-5.427,1]},
{"frame":10,"values":[0.9975,0.068,0.0214,0,-0.067,0.9966,-0.047,0,0.0245,-0.0455,-0.9987,0,12.3013,167.1564,-3.0292,1]},
{"frame":11,"values":[0.9946,0.0594,0.0846,0,-0.0569,0.9979,-0.0316,0,0.0863,-0.0266,-0.9959,0,13.9685,168.712,-0.6314,1]},
{"frame":12,"values":[0.9878,0.0495,0.1474,0,-0.0478,0.9987,-0.0155,0,0.148,-0.0082,-0.9889,0,15.6357,170.2675,1.7664,1]},
{"frame":13,"values":[0.9907,0.0407,0.1297,0,-0.0411,0.9992,0,0,0.1296,0.0054,-0.9915,0,13.578,171.8231,4.1642,1]},
{"frame":14,"values":[0.9932,0.0317,0.112,0,-0.0337,0.9993,0.0157,0,0.1115,0.0194,-0.9936,0,11.5202,173.3786,2.2107,1]},
{"frame":15,"values":[0.9953,0.023,0.0942,0,-0.026,0.9992,0.0313,0,0.0934,0.0336,-0.9951,0,9.4624,174.9342,0.2573,1]},
{"frame":16,"values":[0.997,0.0139,0.0764,0,-0.0175,0.9987,0.0471,0,0.0757,0.0483,-0.996,0,7.4047,173.0524,-1.6961,1]},
{"frame":17,"values":[0.9983,0.005,0.0585,0,-0.0087,0.998,0.0627,0,0.0581,0.0631,-0.9963,0,5.3469,171.1706,-3.6496,1]},
{"frame":18,"values":[0.9992,-0.0039,0.0407,0,0.0014,0.9981,0.0618,0,0.0408,0.0617,-0.9973,0,3.2892,169.2888,-2.5562,1]},
{"frame":19,"values":[0.9997,0.0072,0.0228,0,-0.0086,0.9981,0.0609,0,0.0223,0.0611,-0.9979,0,1.2314,167.407,-1.4629,1]},
{"frame":20,"values":[0.9988,0.035,-0.0328,0,-0.0334,0.9983,0.0482,0,-0.0344,0.0471,-0.9983,0,0.5051,168.6347,0.3665,1]}],"loopBehavior":1,"name":"anim","property":"_matrix"}},
{"name":"mixamorig:Spine","index":1,"matrix":[0.9888,0.1317,0.0699,0,-0.1454,0.7476,0.6481,0,0.0331,-0.651,0.7584,0,0.0062,19.525,-2.4818,1],"rest":[1,0,0,0,0,1,0,0,0,0,1,0,0.0062,19.525,-2.4818,1],"parentBoneIndex":0,"length":23.0091
,"animation":{"dataType":3,"framePerSecond":24,"keys":[
{"frame":1,"values":[0.9888,0.1317,0.0699,0,-0.1454,0.7476,0.6481,0,0.0331,-0.651,0.7584,0,0.0062,19.525,-2.4818,1]},
{"frame":2,"values":[0.9931,0.1165,-0.0126,0,-0.0823,0.7699,0.6329,0,0.0834,-0.6275,0.7741,0,0.0062,19.525,-2.4818,1]},
{"frame":3,"values":[0.9917,0.089,-0.0929,0,-0.0174,0.8081,0.5888,0,0.1274,-0.5823,0.8029,0,0.0062,19.525,-2.4818,1]},
{"frame":4,"values":[0.9852,0.0511,-0.1638,0,0.0412,0.8564,0.5147,0,0.1665,-0.5138,0.8416,0,0.0062,19.525,-2.4818,1]},
{"frame":5,"values":[0.9745,-0.003,-0.2245,0,0.1039,0.8925,0.439,0,0.1991,-0.4511,0.87,0,0.0062,19.525,-2.4818,1]},
{"frame":6,"values":[0.9616,-0.0406,-0.2716,0,0.1489,0.9081,0.3914,0,0.2308,-0.4168,0.8792,0,0.0062,19.525,-2.4818,1]},
{"frame":7,"values":[0.9536,-0.0776,-0.2908,0,0.1915,0.9018,0.3873,0,0.2322,-0.425,0.8749,0,0.0062,19.525,-2.4818,1]},
{"frame":8,"values":[0.9439,-0.1141,-0.3099,0,0.2461,0.8688,0.4296,0,0.2202,-0.4818,0.8482,0,0.0062,19.525,-2.4818,1]},
{"frame":9,"values":[0.9578,-0.154,-0.2428,0,0.257,0.8372,0.4828,0,0.129,-0.5248,0.8414,0,0.0062,19.525,-2.4818,1]},
{"frame":10,"values":[0.9765,-0.1241,-0.1761,0,0.2009,0.8201,0.5359,0,0.0779,-0.5586,0.8257,0,0.0062,19.525,-2.4818,1]},
{"frame":11,"values":[0.9895,-0.0968,-0.1069,0,0.1413,0.7995,0.5838,0,0.0289,-0.5928,0.8048,0,0.0062,19.525,-2.4818,1]},
{"frame":12,"values":[0.9967,-0.0724,-0.0359,0,0.0789,0.7757,0.6262,0,-0.0175,-0.627,0.7788,0,0.0062,19.525,-2.4818,1]},
{"frame":13,"values":[0.9983,-0.0462,0.0348,0,0.0154,0.792,0.6103,0,-0.0558,-0.6087,0.7914,0,0.0062,19.525,-2.4818,1]},
{"frame":14,"values":[0.9943,-0.0182,0.1049,0,-0.0474,0.8063,0.5895,0,-0.0953,-0.5912,0.8009,0,0.0062,19.525,-2.4818,1]},
{"frame":15,"values":[0.9847,0.0113,0.1738,0,-0.109,0.8184,0.5642,0,-0.1359,-0.5745,0.8072,0,0.0062,19.525,-2.4818,1]},
{"frame":16,"values":[0.9696,0.042,0.241,0,-0.1687,0.8282,0.5344,0,-0.1771,-0.5588,0.8102,0,0.0062,19.525,-2.4818,1]},
{"frame":17,"values":[0.9759,0.0696,0.2069,0,-0.1776,0.8043,0.5671,0,-0.1269,-0.5902,0.7972,0,0.0062,19.525,-2.4818,1]},
{"frame":18,"values":[0.9799,0.0985,0.1735,0,-0.1844,0.779,0.5993,0,-0.0761,-0.6193,0.7815,0,0.0062,19.525,-2.4818,1]},
{"frame":19,"values":[0.9816,0.1285,0.141,0,-0.1891,0.7524,0.6309,0,-0.025,-0.646,0.7629,0,0.0062,19.525,-2.4818,1]},
{"frame":20,"values":[0.9888,0.1317,0.0699,0,-0.1454,0.7476,0.6481,0,0.0331,-0.651,0.7584,0,0.0062,19.525,-2.4818,1]}],"loopBehavior":1,"name":"anim","property":"_matrix"}},
{"name":"mixamorig:Spine1","index":2,"matrix":[0.9991,0.0346,0.0246,0,-0.0375,0.9912,0.1271,0,-0.02,-0.1279,0.9916,0,-0.0009,22.835,-2.8254,1],"rest":[1,0,0,0,0,1,0,0,0,0,1,0,-0.0009,22.835,-2.8254,1],"parentBoneIndex":1,"length":26.7438
,"animation":{"dataType":3,"framePerSecond":24,"keys":[
{"frame":1,"values":[0.9991,0.0346,0.0246,0,-0.0375,0.9912,0.1271,0,-0.02,-0.1279,0.9916,0,-0.0009,22.835,-2.8254,1]},
{"frame":2,"values":[0.9997,0.0221,0.0047,0,-0.0225,0.9932,0.1139,0,-0.0022,-0.1139,0.9935,0,-0.0009,22.835,-2.8254,1]},
{"frame":3,"values":[0.9999,0.005,-0.014,0,-0.0036,0.995,0.0999,0,0.0144,-0.0999,0.9949,0,-0.0009,22.835,-2.8254,1]},
{"frame":4,"values":[0.9994,-0.0131,-0.0312,0,0.0158,0.9961,0.0872,0,0.0299,-0.0877,0.9957,0,-0.0009,22.835,-2.8254,1]},
{"frame":5,"values":[0.9985,-0.0277,-0.0464,0,0.0314,0.9962,0.0812,0,0.044,-0.0825,0.9956,0,-0.0009,22.835,-2.8254,1]},
{"frame":6,"values":[0.9977,-0.0358,-0.0573,0,0.0407,0.9953,0.0875,0,0.0539,-0.0896,0.9945,0,-0.0009,22.835,-2.8254,1]},
{"frame":7,"values":[0.9974,-0.0373,-0.0616,0,0.0436,0.9937,0.1033,0,0.0574,-0.1057,0.9927,0,-0.0009,22.835,-2.8254,1]},
{"frame":8,"values":[0.9986,-0.0275,-0.0444,0,0.0327,0.9919,0.1224,0,0.0406,-0.1237,0.9915,0,-0.0009,22.835,-2.8254,1]},
{"frame":9,"values":[0.9995,-0.0173,-0.0273,0,0.0208,0.9908,0.1335,0,0.0247,-0.134,0.9907,0,-0.0009,22.835,-2.8254,1]},
{"frame":10,"values":[0.9999,-0.0073,-0.01,0,0.0087,0.9895,0.1444,0,0.0089,-0.1445,0.9895,0,-0.0009,22.835,-2.8254,1]},
{"frame":11,"values":[1,0.0025,0.0073,0,-0.0036,0.9879,0.155,0,-0.0068,-0.1551,0.9879,0,-0.0009,22.835,-2.8254,1]},
{"frame":12,"values":[0.9996,0.0121,0.0247,0,-0.016,0.9861,0.1654,0,-0.0224,-0.1658,0.9859,0,-0.0009,22.835,-2.8254,1]},
{"frame":13,"values":[0.9991,0.0099,0.042,0,-0.0166,0.9868,0.161,0,-0.0398,-0.1616,0.9861,0,-0.0009,22.835,-2.8254,1]},
{"frame":14,"values":[0.9982,0.0078,0.0592,0,-0.017,0.9875,0.1566,0,-0.0573,-0.1573,0.9859,0,-0.0009,22.835,-2.8254,1]},
{"frame":15,"values":[0.997,0.0143,0.0765,0,-0.0258,0.988,0.1521,0,-0.0734,-0.1536,0.9854,0,-0.0009,22.835,-2.8254,1]},
{"frame":16,"values":[0.9954,0.0207,0.0937,0,-0.0345,0.9885,0.1475,0,-0.0895,-0.1501,0.9846,0,-0.0009,22.835,-2.8254,1]},
{"frame":17,"values":[0.9966,0.0272,0.0777,0,-0.0385,0.9882,0.148,0,-0.0728,-0.1505,0.9859,0,-0.0009,22.835,-2.8254,1]},
{"frame":18,"values":[0.9975,0.0338,0.0618,0,-0.0424,0.9887,0.1436,0,-0.0562,-0.1458,0.9877,0,-0.0009,22.835,-2.8254,1]},
{"frame":19,"values":[0.9981,0.0402,0.0458,0,-0.0463,0.9892,0.1391,0,-0.0397,-0.141,0.9892,0,-0.0009,22.835,-2.8254,1]},
{"frame":20,"values":[0.9991,0.0346,0.0246,0,-0.0375,0.9912,0.1271,0,-0.02,-0.1279,0.9916,0,-0.0009,22.835,-2.8254,1]}],"loopBehavior":1,"name":"anim","property":"_matrix"}},
{"name":"mixamorig:Spine2","index":3,"matrix":[0.9992,0.0317,0.0223,0,-0.0343,0.9912,0.128,0,-0.0181,-0.1287,0.9915,0,-0.0206,26.5525,-3.1933,1],"rest":[1,0,0,0,0,1,0,0,0,0,1,0,-0.0206,26.5525,-3.1933,1],"parentBoneIndex":2,"length":24.825
,"animation":{"dataType":3,"framePerSecond":24,"keys":[
{"frame":1,"values":[0.9992,0.0317,0.0223,0,-0.0343,0.9912,0.128,0,-0.0181,-0.1287,0.9915,0,-0.0206,26.5525,-3.1933,1]},
{"frame":2,"values":[0.9998,0.0194,0.0029,0,-0.0196,0.9932,0.1146,0,-0.0006,-0.1146,0.9934,0,-0.0206,26.5525,-3.1933,1]},
{"frame":3,"values":[0.9999,0.0027,-0.0148,0,-0.0012,0.9949,0.1005,0,0.015,-0.1005,0.9948,0,-0.0206,26.5525,-3.1933,1]},
{"frame":4,"values":[0.9994,-0.015,-0.0308,0,0.0176,0.996,0.0879,0,0.0293,-0.0884,0.9957,0,-0.0206,26.5525,-3.1933,1]},
{"frame":5,"values":[0.9986,-0.0291,-0.0452,0,0.0327,0.9961,0.0821,0,0.0426,-0.0834,0.9956,0,-0.0206,26.5525,-3.1933,1]},
{"frame":6,"values":[0.9978,-0.0368,-0.0559,0,0.0417,0.9952,0.0885,0,0.0523,-0.0906,0.9945,0,-0.0206,26.5525,-3.1933,1]},
{"frame":7,"values":[0.9974,-0.0384,-0.0605,0,0.0445,0.9936,0.1042,0,0.0561,-0.1066,0.9927,0,-0.0206,26.5525,-3.1933,1]},
{"frame":8,"values":[0.9986,-0.0296,-0.0433,0,0.0347,0.9918,0.1227,0,0.0393,-0.1241,0.9915,0,-0.0206,26.5525,-3.1933,1]},
{"frame":9,"values":[0.9994,-0.0204,-0.0263,0,0.0238,0.9907,0.1339,0,0.0233,-0.1344,0.9907,0,-0.0206,26.5525,-3.1933,1]},
{"frame":10,"values":[0.9999,-0.0115,-0.0091,0,0.0127,0.9894,0.1448,0,0.0074,-0.1449,0.9894,0,-0.0206,26.5525,-3.1933,1]},
{"frame":11,"values":[1,-0.0027,0.0081,0,0.0014,0.9878,0.1555,0,-0.0084,-0.1555,0.9878,0,-0.0206,26.5525,-3.1933,1]},
{"frame":12,"values":[0.9997,0.0058,0.0254,0,-0.01,0.9861,0.166,0,-0.0241,-0.1662,0.9858,0,-0.0206,26.5525,-3.1933,1]},
{"frame":13,"values":[0.9991,0.0033,0.0426,0,-0.0102,0.9868,0.1618,0,-0.0415,-0.162,0.9859,0,-0.0206,26.5525,-3.1933,1]},
{"frame":14,"values":[0.9982,0.0009,0.0598,0,-0.0103,0.9875,0.1575,0,-0.0589,-0.1578,0.9857,0,-0.0206,26.5525,-3.1933,1]},
{"frame":15,"values":[0.997,0.008,0.077,0,-0.0198,0.988,0.1532,0,-0.0748,-0.1543,0.9852,0,-0.0206,26.5525,-3.1933,1]},
{"frame":16,"values":[0.9954,0.0152,0.0941,0,-0.0292,0.9884,0.1488,0,-0.0907,-0.1508,0.9844,0,-0.0206,26.5525,-3.1933,1]},
{"frame":17,"values":[0.9967,0.0224,0.0774,0,-0.0338,0.9882,0.1491,0,-0.0732,-0.1512,0.9858,0,-0.0206,26.5525,-3.1933,1]},
{"frame":18,"values":[0.9977,0.0297,0.0607,0,-0.0382,0.9887,0.1447,0,-0.0558,-0.1466,0.9876,0,-0.0206,26.5525,-3.1933,1]},
{"frame":19,"values":[0.9984,0.0368,0.044,0,-0.0427,0.9892,0.1403,0,-0.0384,-0.1419,0.9891,0,-0.0206,26.5525,-3.1933,1]},
{"frame":20,"values":[0.9992,0.0317,0.0223,0,-0.0343,0.9912,0.128,0,-0.0181,-0.1287,0.9915,0,-0.0206,26.5525,-3.1933,1]}],"loopBehavior":1,"name":"anim","property":"_matrix"}},
{"name":"mixamorig:Neck","index":4,"matrix":[0.9981,-0.0405,-0.0457,0,0.0357,0.9942,-0.1019,0,0.0495,0.1,0.9937,0,-0.06,30.7018,1.3522,1],"rest":[1,0,0,0,0,1,0,0,0,0,1,0,-0.06,30.7018,1.3522,1],"parentBoneIndex":3,"length":22.8446
,"animation":{"dataType":3,"framePerSecond":24,"keys":[
{"frame":1,"values":[0.9981,-0.0405,-0.0457,0,0.0357,0.9942,-0.1019,0,0.0495,0.1,0.9937,0,-0.06,30.7018,1.3522,1]},
{"frame":2,"values":[0.9978,-0.0554,-0.0355,0,0.0526,0.9958,-0.0751,0,0.0395,0.0731,0.9965,0,-0.06,30.7018,1.3522,1]},
{"frame":3,"values":[0.9973,-0.0694,-0.0257,0,0.0681,0.9964,-0.0506,0,0.0291,0.0487,0.9984,0,-0.06,30.7018,1.3522,1]},
{"frame":4,"values":[0.9963,-0.0838,-0.0164,0,0.0832,0.9959,-0.0364,0,0.0194,0.0349,0.9992,0,-0.06,30.7018,1.3522,1]},
{"frame":5,"values":[0.995,-0.1001,-0.0075,0,0.0998,0.9944,-0.0358,0,0.011,0.0349,0.9993,0,-0.06,30.7018,1.3522,1]},
{"frame":6,"values":[0.993,-0.1181,0.0012,0,0.118,0.9917,-0.0505,0,0.0047,0.0503,0.9987,0,-0.06,30.7018,1.3522,1]},
{"frame":7,"values":[0.9915,-0.1298,0.009,0,0.1301,0.9888,-0.0733,0,0.0007,0.0739,0.9973,0,-0.06,30.7018,1.3522,1]},
{"frame":8,"values":[0.9898,-0.1415,0.0166,0,0.1424,0.986,-0.0871,0,-0.004,0.0885,0.9961,0,-0.06,30.7018,1.3522,1]},
{"frame":9,"values":[0.9879,-0.1531,0.0244,0,0.1548,0.9828,-0.1007,0,-0.0086,0.1033,0.9946,0,-0.06,30.7018,1.3522,1]},
{"frame":10,"values":[0.9905,-0.1373,0.0128,0,0.1379,0.9872,-0.0801,0,-0.0017,0.0811,0.9967,0,-0.06,30.7018,1.3522,1]},
{"frame":11,"values":[0.9926,-0.1211,0.0016,0,0.121,0.9909,-0.0593,0,0.0056,0.0591,0.9982,0,-0.06,30.7018,1.3522,1]},
{"frame":12,"values":[0.9945,-0.1046,-0.0093,0,0.1042,0.9938,-0.0383,0,0.0133,0.0371,0.9992,0,-0.06,30.7018,1.3522,1]},
{"frame":13,"values":[0.9959,-0.0879,-0.0198,0,0.0876,0.996,-0.0171,0,0.0213,0.0153,0.9997,0,-0.06,30.7018,1.3522,1]},
{"frame":14,"values":[0.997,-0.071,-0.03,0,0.0711,0.9975,0.0043,0,0.0296,-0.0064,0.9995,0,-0.06,30.7018,1.3522,1]},
{"frame":15,"values":[0.9977,-0.0542,-0.0405,0,0.0534,0.9984,-0.0209,0,0.0416,0.0187,0.999,0,-0.06,30.7018,1.3522,1]},
{"frame":16,"values":[0.998,-0.0377,-0.0514,0,0.0353,0.9983,-0.046,0,0.053,0.0441,0.9976,0,-0.06,30.7018,1.3522,1]},
{"frame":17,"values":[0.9978,-0.0214,-0.0626,0,0.0169,0.9973,-0.0708,0,0.064,0.0696,0.9955,0,-0.06,30.7018,1.3522,1]},
{"frame":18,"values":[0.9979,-0.026,-0.0587,0,0.0203,0.9952,-0.0959,0,0.0609,0.0945,0.9937,0,-0.06,30.7018,1.3522,1]},
{"frame":19,"values":[0.998,-0.0306,-0.0546,0,0.0238,0.9924,-0.1208,0,0.0579,0.1193,0.9912,0,-0.06,30.7018,1.3522,1]},
{"frame":20,"values":[0.9981,-0.0405,-0.0457,0,0.0357,0.9942,-0.1019,0,0.0495,0.1,0.9937,0,-0.06,30.7018,1.3522,1]}],"loopBehavior":1,"name":"anim","property":"_matrix"}},
{"name":"mixamorig:Head","index":5,"matrix":[0.9504,-0.2485,-0.1871,0,0.0879,0.7915,-0.6048,0,0.2984,0.5583,0.7741,0,-0.0872,22.5476,3.6709,1],"rest":[1,0,0,0,0,1,0,0,0,0,1,0,-0.0872,22.5476,3.6709,1],"parentBoneIndex":4,"length":30.5924
,"animation":{"dataType":3,"framePerSecond":24,"keys":[
{"frame":1,"values":[0.9504,-0.2485,-0.1871,0,0.0879,0.7915,-0.6048,0,0.2984,0.5583,0.7741,0,-0.0872,22.5476,3.6709,1]},
{"frame":2,"values":[0.9632,-0.2319,-0.136,0,0.1047,0.7896,-0.6046,0,0.2475,0.5681,0.7848,0,-0.0872,22.5476,3.6709,1]},
{"frame":3,"values":[0.9777,-0.1881,-0.0931,0,0.0965,0.7968,-0.5965,0,0.1864,0.5742,0.7972,0,-0.0872,22.5476,3.6709,1]},
{"frame":4,"values":[0.9922,-0.1109,-0.0574,0,0.058,0.8165,-0.5745,0,0.1106,0.5666,0.8165,0,-0.0872,22.5476,3.6709,1]},
{"frame":5,"values":[0.9997,-0.0131,-0.0188,0,0.0007,0.8367,-0.5476,0,0.0229,0.5475,0.8365,0,-0.0872,22.5476,3.6709,1]},
{"frame":6,"values":[0.9964,0.0808,0.0255,0,-0.0544,0.8406,-0.539,0,-0.065,0.5357,0.8419,0,-0.0872,22.5476,3.6709,1]},
{"frame":7,"values":[0.9913,0.1184,0.0567,0,-0.0654,0.8197,-0.5691,0,-0.1139,0.5604,0.8203,0,-0.0872,22.5476,3.6709,1]},
{"frame":8,"values":[0.9838,0.1568,0.0865,0,-0.0745,0.7975,-0.5987,0,-0.1629,0.5826,0.7963,0,-0.0872,22.5476,3.6709,1]},
{"frame":9,"values":[0.9795,0.1951,0.0508,0,-0.1202,0.7674,-0.6299,0,-0.1619,0.6108,0.7751,0,-0.0872,22.5476,3.6709,1]},
{"frame":10,"values":[0.9891,0.1471,0.0124,0,-0.1028,0.7466,-0.6573,0,-0.1059,0.6488,0.7536,0,-0.0872,22.5476,3.6709,1]},
{"frame":11,"values":[0.995,0.097,-0.0244,0,-0.0874,0.7239,-0.6844,0,-0.0487,0.6831,0.7287,0,-0.0872,22.5476,3.6709,1]},
{"frame":12,"values":[0.9972,0.0452,-0.0593,0,-0.074,0.6993,-0.711,0,0.0093,0.7134,0.7007,0,-0.0872,22.5476,3.6709,1]},
{"frame":13,"values":[0.9957,-0.0078,-0.0919,0,-0.0627,0.6731,-0.7369,0,0.0676,0.7395,0.6698,0,-0.0872,22.5477,3.6709,1]},
{"frame":14,"values":[0.9904,-0.0597,-0.1245,0,-0.0476,0.699,-0.7136,0,0.1297,0.7127,0.6894,0,-0.0872,22.5476,3.6709,1]},
{"frame":15,"values":[0.9812,-0.1104,-0.1586,0,-0.0302,0.7232,-0.69,0,0.1909,0.6817,0.7063,0,-0.0872,22.5476,3.6709,1]},
{"frame":16,"values":[0.968,-0.1594,-0.194,0,-0.0107,0.7458,-0.6661,0,0.2508,0.6469,0.7202,0,-0.0872,22.5476,3.6709,1]},
{"frame":17,"values":[0.951,-0.2063,-0.2303,0,0.0107,0.7664,-0.6423,0,0.309,0.6084,0.731,0,-0.0872,22.5476,3.6709,1]},
{"frame":18,"values":[0.9304,-0.2509,-0.2674,0,0.0339,0.7849,-0.6187,0,0.3651,0.5666,0.7387,0,-0.0872,22.5476,3.6709,1]},
{"frame":19,"values":[0.9387,-0.2524,-0.2349,0,0.0627,0.7948,-0.6036,0,0.3391,0.5519,0.7619,0,-0.0872,22.5476,3.6709,1]},
{"frame":20,"values":[0.9504,-0.2485,-0.1871,0,0.0879,0.7915,-0.6048,0,0.2984,0.5583,0.7741,0,-0.0872,22.5476,3.6709,1]}],"loopBehavior":1,"name":"anim","property":"_matrix"}},
{"name":"mixamorig:HeadTop_End","index":6,"matrix":[1,0,0,0,0,1,0,0,0,0,1,0,-0.8306,40.3552,7.8935,1],"rest":[1,0,0,0,0,1,0,0,0,0,1,0,-0.8306,40.3552,7.8935,1],"parentBoneIndex":5,"length":30.5924
,"animation":{"dataType":3,"framePerSecond":24,"keys":[
{"frame":1,"values":[1,0,0,0,0,1,0,0,0,0,1,0,-0.8306,40.3552,7.8935,1]},
{"frame":20,"values":[1,0,0,0,0,1,0,0,0,0,1,0,-0.8306,40.3552,7.8935,1]}],"loopBehavior":1,"name":"anim","property":"_matrix"}},
{"name":"mixamorig:RightEye","index":7,"matrix":[1,0,0,0,0,1,0,0,0,0,1,0,-6.3021,18.1186,16.1971,1],"rest":[1,0,0,0,0,1,0,0,0,0,1,0,-6.3021,18.1186,16.1971,1],"parentBoneIndex":5,"length":30.5924
,"animation":{"dataType":3,"framePerSecond":24,"keys":[
{"frame":1,"values":[1,0,0,0,0,1,0,0,0,0,1,0,-6.3021,18.1186,16.1971,1]},
{"frame":20,"values":[1,0,0,0,0,1,0,0,0,0,1,0,-6.3021,18.1186,16.1971,1]}],"loopBehavior":1,"name":"anim","property":"_matrix"}},
{"name":"mixamorig:LeftEye","index":8,"matrix":[1,0,0,0,0,1,0,0,0,0,1,0,6.7415,18.3827,16.4019,1],"rest":[1,0,0,0,0,1,0,0,0,0,1,0,6.7415,18.3827,16.4019,1],"parentBoneIndex":5,"length":30.5924
,"animation":{"dataType":3,"framePerSecond":24,"keys":[
{"frame":1,"values":[1,0,0,0,0,1,0,0,0,0,1,0,6.7415,18.3827,16.4019,1]},
{"frame":14,"values":[1,0,0,0,0,1,0,0,0,0,1,0,6.7415,18.3828,16.4019,1]},
{"frame":15,"values":[1,0,0,0,0,1,0,0,0,0,1,0,6.7415,18.3827,16.4019,1]},
{"frame":20,"values":[1,0,0,0,0,1,0,0,0,0,1,0,6.7415,18.3827,16.4019,1]}],"loopBehavior":1,"name":"anim","property":"_matrix"}},
{"name":"mixamorig:LeftShoulder","index":9,"matrix":[0.989,-0.1475,-0.0078,0,0.1476,0.9887,0.0279,0,0.0036,-0.0287,0.9996,0,11.9249,18.2305,1.4254,1],"rest":[1,0.0062,0,0,-0.0062,1,0,0,0,0,1,0,11.9249,18.2305,1.4254,1],"parentBoneIndex":3,"length":25.9773
,"animation":{"dataType":3,"framePerSecond":24,"keys":[
{"frame":1,"values":[0.989,-0.1474,-0.0078,0,0.1476,0.9887,0.0279,0,0.0036,-0.0287,0.9996,0,11.9249,18.2305,1.4254,1]},
{"frame":2,"values":[0.9921,-0.1226,0.0274,0,0.1216,0.9919,0.0377,0,-0.0318,-0.0341,0.9989,0,11.9249,18.2305,1.4254,1]},
{"frame":3,"values":[0.9946,-0.0914,0.05,0,0.0892,0.995,0.0456,0,-0.0539,-0.0409,0.9977,0,11.9249,18.2305,1.4254,1]},
{"frame":4,"values":[0.9963,-0.0592,0.0619,0,0.056,0.9971,0.0524,0,-0.0649,-0.0488,0.9967,0,11.9249,18.2305,1.4254,1]},
{"frame":5,"values":[0.9974,-0.0342,0.0638,0,0.0306,0.9979,0.0578,0,-0.0657,-0.0557,0.9963,0,11.9249,18.2305,1.4254,1]},
{"frame":6,"values":[0.9985,-0.024,0.0486,0,0.0211,0.998,0.0594,0,-0.0499,-0.0582,0.9971,0,11.9249,18.2305,1.4254,1]},
{"frame":7,"values":[0.9993,-0.0286,0.0239,0,0.0273,0.9982,0.0535,0,-0.0254,-0.0528,0.9983,0,11.9249,18.2305,1.4254,1]},
{"frame":8,"values":[0.999,-0.0457,-0.0008,0,0.0456,0.9978,0.0477,0,-0.0014,-0.0477,0.9989,0,11.9249,18.2305,1.4254,1]},
{"frame":9,"values":[0.9977,-0.0627,-0.0254,0,0.0637,0.9972,0.0399,0,0.0229,-0.0415,0.9989,0,11.9249,18.2305,1.4254,1]},
{"frame":10,"values":[0.9957,-0.0773,-0.0502,0,0.0789,0.9963,0.0325,0,0.0475,-0.0364,0.9982,0,11.9249,18.2305,1.4254,1]},
{"frame":11,"values":[0.993,-0.0919,-0.0748,0,0.094,0.9953,0.0247,0,0.0721,-0.0316,0.9969,0,11.9249,18.2305,1.4254,1]},
{"frame":12,"values":[0.9894,-0.1062,-0.0995,0,0.1076,0.9942,0.0087,0,0.098,-0.0193,0.995,0,11.9249,18.2305,1.4254,1]},
{"frame":13,"values":[0.9849,-0.1207,-0.1239,0,0.1207,0.9927,-0.0076,0,0.1239,-0.0075,0.9923,0,11.9249,18.2305,1.4254,1]},
{"frame":14,"values":[0.9797,-0.1348,-0.1484,0,0.1337,0.9909,-0.0171,0,0.1493,-0.0031,0.9888,0,11.9249,18.2305,1.4254,1]},
{"frame":15,"values":[0.9801,-0.1496,-0.1303,0,0.1474,0.9887,-0.0268,0,0.1328,0.007,0.9911,0,11.9249,18.2305,1.4254,1]},
{"frame":16,"values":[0.98,-0.1644,-0.1122,0,0.1637,0.9864,-0.0156,0,0.1132,-0.0031,0.9936,0,11.9249,18.2305,1.4254,1]},
{"frame":17,"values":[0.9819,-0.1644,-0.094,0,0.1647,0.9863,-0.0044,0,0.0934,-0.0112,0.9956,0,11.9249,18.2305,1.4254,1]},
{"frame":18,"values":[0.9835,-0.1645,-0.0758,0,0.1655,0.9862,0.0068,0,0.0736,-0.0193,0.9971,0,11.9249,18.2305,1.4254,1]},
{"frame":19,"values":[0.9846,-0.1648,-0.0576,0,0.1661,0.9859,0.0181,0,0.0538,-0.0274,0.9982,0,11.9249,18.2305,1.4254,1]},
{"frame":20,"values":[0.989,-0.1475,-0.0078,0,0.1476,0.9887,0.0279,0,0.0036,-0.0287,0.9996,0,11.9249,18.2305,1.4254,1]}],"loopBehavior":1,"name":"anim","property":"_matrix"}},
{"name":"mixamorig:LeftArm","index":10,"matrix":[0.7472,-0.3811,0.5445,0,0.4681,0.8834,-0.0241,0,-0.4719,0.2729,0.8384,0,25.4312,-0.8546,-5.2293,1],"rest":[0.9983,0.0295,0.0512,0,-0.0294,0.9996,-0.0017,0,-0.0512,0.0002,0.9987,0,25.4312,-0.8546,-5.2293,1],"parentBoneIndex":9,"length":54.6847
,"animation":{"dataType":3,"framePerSecond":24,"keys":[
{"frame":1,"values":[0.7472,-0.3811,0.5445,0,0.4681,0.8834,-0.0241,0,-0.4719,0.2729,0.8384,0,25.4312,-0.8546,-5.2293,1]},
{"frame":2,"values":[0.7853,-0.4877,0.3814,0,0.516,0.856,0.0322,0,-0.3422,0.1715,0.9238,0,25.4312,-0.8547,-5.2293,1]},
{"frame":3,"values":[0.7985,-0.5541,0.2354,0,0.5559,0.8287,0.0649,0,-0.2311,0.079,0.9697,0,25.4312,-0.8546,-5.2293,1]},
{"frame":4,"values":[0.799,-0.585,0.1396,0,0.5799,0.8109,0.0792,0,-0.1595,0.0177,0.987,0,25.4312,-0.8547,-5.2293,1]},
{"frame":5,"values":[0.8041,-0.5825,0.1183,0,0.5758,0.8128,0.0885,0,-0.1477,-0.003,0.989,0,25.4312,-0.8546,-5.2293,1]},
{"frame":6,"values":[0.8159,-0.5428,0.1992,0,0.5365,0.8392,0.0891,0,-0.2155,0.0342,0.9759,0,25.4312,-0.8546,-5.2293,1]},
{"frame":7,"values":[0.8029,-0.4722,0.364,0,0.4875,0.8714,0.0551,0,-0.3431,0.1332,0.9298,0,25.4312,-0.8546,-5.2293,1]},
{"frame":8,"values":[0.7395,-0.373,0.5603,0,0.4685,0.8829,-0.0305,0,-0.4834,0.285,0.8277,0,25.4312,-0.8546,-5.2293,1]},
{"frame":9,"values":[0.6643,-0.2716,0.6963,0,0.5017,0.8526,-0.1461,0,-0.554,0.4464,0.7027,0,25.4312,-0.8546,-5.2293,1]},
{"frame":10,"values":[0.5785,-0.143,0.8031,0,0.5459,0.7994,-0.2509,0,-0.6061,0.5836,0.5405,0,25.4312,-0.8546,-5.2293,1]},
{"frame":11,"values":[0.4882,0.0034,0.8727,0,0.5979,0.7271,-0.3373,0,-0.6357,0.6865,0.3529,0,25.4312,-0.8546,-5.2293,1]},
{"frame":12,"values":[0.5061,-0.0236,0.8622,0,0.5866,0.7423,-0.3239,0,-0.6323,0.6697,0.3895,0,25.4312,-0.8546,-5.2293,1]},
{"frame":13,"values":[0.5239,-0.0502,0.8503,0,0.5753,0.757,-0.3098,0,-0.6281,0.6515,0.4255,0,25.4312,-0.8547,-5.2293,1]},
{"frame":14,"values":[0.5417,-0.0763,0.8371,0,0.5643,0.7711,-0.2949,0,-0.623,0.6321,0.4608,0,25.4312,-0.8547,-5.2293,1]},
{"frame":15,"values":[0.5594,-0.1018,0.8226,0,0.5535,0.7846,-0.2793,0,-0.617,0.6116,0.4953,0,25.4312,-0.8546,-5.2293,1]},
{"frame":16,"values":[0.5769,-0.1267,0.8069,0,0.543,0.7975,-0.263,0,-0.6102,0.5899,0.5289,0,25.4312,-0.8547,-5.2293,1]},
{"frame":17,"values":[0.5942,-0.1508,0.79,0,0.5327,0.8097,-0.2461,0,-0.6026,0.5671,0.5615,0,25.4312,-0.8546,-5.2293,1]},
{"frame":18,"values":[0.6113,-0.1742,0.772,0,0.5227,0.8213,-0.2286,0,-0.5942,0.5433,0.5931,0,25.4312,-0.8546,-5.2293,1]},
{"frame":19,"values":[0.6806,-0.2719,0.6804,0,0.4814,0.866,-0.1355,0,-0.5524,0.4197,0.7202,0,25.4312,-0.8547,-5.2293,1]},
{"frame":20,"values":[0.7472,-0.3811,0.5445,0,0.4681,0.8834,-0.0241,0,-0.4719,0.2729,0.8384,0,25.4312,-0.8546,-5.2293,1]}],"loopBehavior":1,"name":"anim","property":"_matrix"}},
{"name":"mixamorig:LeftForeArm","index":11,"matrix":[0.9193,-0.006,0.3934,0,0.0111,0.9999,-0.0105,0,-0.3933,0.014,0.9193,0,54.5783,-1.9463,-2.8009,1],"rest":[0.9943,-0.0088,-0.1062,0,0.0091,1,0.0028,0,0.1061,-0.0038,0.9943,0,54.5783,-1.9463,-2.8009,1],"parentBoneIndex":10,"length":55.0981
,"animation":{"dataType":3,"framePerSecond":24,"keys":[
{"frame":1,"values":[0.9193,-0.006,0.3934,0,0.0111,0.9999,-0.0105,0,-0.3933,0.014,0.9193,0,54.5783,-1.9463,-2.8009,1]},
{"frame":2,"values":[0.8782,-0.0046,0.4783,0,0.0121,0.9998,-0.0128,0,-0.4781,0.017,0.8781,0,54.5783,-1.9463,-2.8009,1]},
{"frame":3,"values":[0.8431,-0.0033,0.5377,0,0.0131,0.9998,-0.0144,0,-0.5375,0.0191,0.843,0,54.5783,-1.9463,-2.8009,1]},
{"frame":4,"values":[0.836,-0.0036,0.5488,0,0.0139,0.9998,-0.0146,0,-0.5486,0.0199,0.8359,0,54.5783,-1.9462,-2.8009,1]},
{"frame":5,"values":[0.8472,-0.0039,0.5313,0,0.0135,0.9998,-0.0142,0,-0.5312,0.0192,0.847,0,54.5783,-1.9463,-2.8009,1]},
{"frame":6,"values":[0.86,-0.0043,0.5102,0,0.0131,0.9998,-0.0136,0,-0.5101,0.0184,0.8599,0,54.5783,-1.9463,-2.8009,1]},
{"frame":7,"values":[0.8833,-0.0047,0.4687,0,0.012,0.9998,-0.0125,0,-0.4686,0.0167,0.8833,0,54.5783,-1.9463,-2.8009,1]},
{"frame":8,"values":[0.9183,-0.0054,0.3959,0,0.0104,0.9999,-0.0106,0,-0.3958,0.0138,0.9182,0,54.5783,-1.9463,-2.8009,1]},
{"frame":9,"values":[0.9258,-0.0058,0.3781,0,0.0104,0.9999,-0.0101,0,-0.378,0.0133,0.9257,0,54.5783,-1.9463,-2.8009,1]},
{"frame":10,"values":[0.9329,-0.0063,0.3601,0,0.0105,0.9999,-0.0096,0,-0.36,0.0127,0.9328,0,54.5783,-1.9463,-2.8009,1]},
{"frame":11,"values":[0.9397,-0.0068,0.3421,0,0.0105,0.9999,-0.0091,0,-0.342,0.0122,0.9396,0,54.5783,-1.9463,-2.8009,1]},
{"frame":12,"values":[0.9406,-0.0068,0.3394,0,0.0105,0.9999,-0.009,0,-0.3393,0.0121,0.9406,0,54.5783,-1.9463,-2.8009,1]},
{"frame":13,"values":[0.9416,-0.0068,0.3367,0,0.0105,0.9999,-0.009,0,-0.3366,0.012,0.9416,0,54.5783,-1.9462,-2.8009,1]},
{"frame":14,"values":[0.9426,-0.0069,0.334,0,0.0104,0.9999,-0.0089,0,-0.3339,0.0119,0.9425,0,54.5783,-1.9463,-2.8009,1]},
{"frame":15,"values":[0.9435,-0.0069,0.3312,0,0.0104,0.9999,-0.0088,0,-0.3311,0.0118,0.9435,0,54.5783,-1.9463,-2.8009,1]},
{"frame":16,"values":[0.9445,-0.0069,0.3285,0,0.0104,0.9999,-0.0088,0,-0.3284,0.0117,0.9445,0,54.5783,-1.9463,-2.8009,1]},
{"frame":17,"values":[0.9454,-0.007,0.3258,0,0.0104,0.9999,-0.0087,0,-0.3257,0.0116,0.9454,0,54.5783,-1.9463,-2.8009,1]},
{"frame":18,"values":[0.9463,-0.007,0.3231,0,0.0103,0.9999,-0.0086,0,-0.323,0.0115,0.9463,0,54.5783,-1.9463,-2.8009,1]},
{"frame":19,"values":[0.9441,-0.0069,0.3297,0,0.0104,0.9999,-0.0088,0,-0.3296,0.0117,0.944,0,54.5783,-1.9462,-2.8009,1]},
{"frame":20,"values":[0.9193,-0.006,0.3934,0,0.0111,0.9999,-0.0105,0,-0.3933,0.014,0.9193,0,54.5783,-1.9463,-2.8009,1]}],"loopBehavior":1,"name":"anim","property":"_matrix"}},
{"name":"mixamorig:LeftHand","index":12,"matrix":[0.9894,0.0834,0.1188,0,0.0279,0.6943,-0.7192,0,-0.1425,0.7149,0.6846,0,54.9948,-1.4671,3.0376,1],"rest":[0.9961,0.088,0.001,0,-0.0871,0.9842,0.154,0,0.0125,-0.1535,0.9881,0,54.9948,-1.4671,3.0376,1],"parentBoneIndex":11,"length":20.3347
,"animation":{"dataType":3,"framePerSecond":24,"keys":[
{"frame":1,"values":[0.9894,0.0834,0.1188,0,0.0279,0.6943,-0.7192,0,-0.1425,0.7149,0.6846,0,54.9948,-1.4671,3.0376,1]},
{"frame":2,"values":[0.9938,0.0665,0.0891,0,-0.0011,0.8068,-0.5908,0,-0.1112,0.587,0.8019,0,54.9948,-1.4671,3.0376,1]},
{"frame":3,"values":[0.9965,0.0386,0.0738,0,-0.0034,0.9044,-0.4266,0,-0.0832,0.4249,0.9014,0,54.9948,-1.4671,3.0376,1]},
{"frame":4,"values":[0.9971,0.0102,0.0754,0,0.0122,0.9567,-0.2908,0,-0.0751,0.2908,0.9538,0,54.9948,-1.4671,3.0376,1]},
{"frame":5,"values":[0.9963,-0.0012,0.086,0,0.0223,0.9695,-0.2441,0,-0.0831,0.2451,0.9659,0,54.9948,-1.4671,3.0376,1]},
{"frame":6,"values":[0.9952,0.0138,0.0966,0,0.0162,0.9526,-0.3036,0,-0.0962,0.3038,0.9479,0,54.9948,-1.4671,3.0376,1]},
{"frame":7,"values":[0.9934,0.0409,0.1068,0,0.0047,0.9184,-0.3956,0,-0.1143,0.3935,0.9122,0,54.9948,-1.4671,3.0376,1]},
{"frame":8,"values":[0.9908,0.0627,0.1201,0,-0.003,0.8962,-0.4436,0,-0.1355,0.4392,0.8881,0,54.9948,-1.4671,3.0376,1]},
{"frame":9,"values":[0.9884,0.0602,0.1397,0,0.0043,0.9072,-0.4207,0,-0.1521,0.4164,0.8964,0,54.9948,-1.4671,3.0376,1]},
{"frame":10,"values":[0.9856,0.0571,0.1592,0,0.011,0.9176,-0.3974,0,-0.1688,0.3934,0.9037,0,54.9948,-1.4671,3.0376,1]},
{"frame":11,"values":[0.9825,0.0536,0.1786,0,0.0174,0.9274,-0.3737,0,-0.1857,0.3703,0.9102,0,54.9948,-1.4671,3.0376,1]},
{"frame":12,"values":[0.9829,0.0439,0.1787,0,0.0354,0.908,-0.4175,0,-0.1806,0.4166,0.891,0,54.9948,-1.4671,3.0376,1]},
{"frame":13,"values":[0.9832,0.0342,0.1793,0,0.0531,0.8862,-0.4603,0,-0.1746,0.4621,0.8695,0,54.9948,-1.4671,3.0376,1]},
{"frame":14,"values":[0.9833,0.0245,0.1803,0,0.0706,0.8619,-0.5021,0,-0.1677,0.5064,0.8458,0,54.9948,-1.4671,3.0376,1]},
{"frame":15,"values":[0.9832,0.0149,0.1818,0,0.0877,0.8354,-0.5426,0,-0.16,0.5495,0.8201,0,54.9948,-1.4671,3.0376,1]},
{"frame":16,"values":[0.983,0.0053,0.1838,0,0.1044,0.8066,-0.5818,0,-0.1514,0.591,0.7923,0,54.9948,-1.4671,3.0376,1]},
{"frame":17,"values":[0.9825,-0.0041,0.1862,0,0.1206,0.7758,-0.6194,0,-0.1419,0.631,0.7627,0,54.9948,-1.4671,3.0376,1]},
{"frame":18,"values":[0.9819,-0.0133,0.189,0,0.1362,0.743,-0.6553,0,-0.1317,0.6692,0.7313,0,54.9948,-1.4671,3.0376,1]},
{"frame":19,"values":[0.9862,0.0457,0.1592,0,0.0868,0.6761,-0.7317,0,-0.1411,0.7354,0.6628,0,54.9948,-1.4671,3.0376,1]},
{"frame":20,"values":[0.9894,0.0834,0.1188,0,0.0279,0.6943,-0.7192,0,-0.1425,0.7149,0.6846,0,54.9948,-1.4671,3.0376,1]}],"loopBehavior":1,"name":"anim","property":"_matrix"}},
{"name":"mixamorig:LeftHandMiddle1","index":13,"matrix":[0.9972,0.0636,0.04,0,-0.0634,0.998,-0.0075,0,-0.0404,0.0049,0.9992,0,23.1821,-2.445,1.6605,1],"rest":[0.9974,-0.0561,0.045,0,0.0561,0.9984,0.0005,0,-0.045,0.002,0.999,0,23.1821,-2.445,1.6605,1],"parentBoneIndex":12,"length":6.3787
,"animation":{"dataType":3,"framePerSecond":24,"keys":[
{"frame":1,"values":[0.9972,0.0636,0.04,0,-0.0634,0.998,-0.0075,0,-0.0404,0.0049,0.9992,0,23.1821,-2.445,1.6605,1]},
{"frame":2,"values":[0.9824,0.1836,0.034,0,-0.1832,0.983,-0.0149,0,-0.0362,0.0084,0.9993,0,23.1821,-2.445,1.6605,1]},
{"frame":3,"values":[0.9632,0.2671,0.0293,0,-0.2667,0.9636,-0.0197,0,-0.0335,0.0112,0.9994,0,23.1821,-2.445,1.6605,1]},
{"frame":4,"values":[0.9699,0.2414,0.0308,0,-0.241,0.9704,-0.0183,0,-0.0343,0.0103,0.9994,0,23.1821,-2.445,1.6605,1]},
{"frame":5,"values":[0.9851,0.1684,0.0348,0,-0.168,0.9857,-0.014,0,-0.0367,0.0079,0.9993,0,23.1821,-2.445,1.6605,1]},
{"frame":6,"values":[0.995,0.0925,0.0387,0,-0.0922,0.9957,-0.0093,0,-0.0394,0.0057,0.9992,0,23.1821,-2.445,1.6605,1]},
{"frame":7,"values":[0.998,0.0476,0.0407,0,-0.0473,0.9988,-0.0083,0,-0.0411,0.0063,0.9991,0,23.1821,-2.445,1.6605,1]},
{"frame":8,"values":[0.9974,0.0603,0.0402,0,-0.06,0.9982,-0.0073,0,-0.0405,0.0048,0.9992,0,23.1821,-2.445,1.6605,1]},
{"frame":9,"values":[0.9927,0.1139,0.0403,0,-0.1137,0.9935,-0.0071,0,-0.0408,0.0025,0.9992,0,23.1821,-2.445,1.6605,1]},
{"frame":10,"values":[0.9941,0.1007,0.0404,0,-0.1005,0.9949,-0.007,0,-0.0409,0.0029,0.9992,0,23.1821,-2.445,1.6605,1]},
{"frame":11,"values":[0.9954,0.0874,0.0405,0,-0.0872,0.9962,-0.0068,0,-0.0409,0.0032,0.9992,0,23.1821,-2.445,1.6605,1]},
{"frame":12,"values":[0.9964,0.0741,0.0406,0,-0.0739,0.9972,-0.0066,0,-0.041,0.0036,0.9992,0,23.1821,-2.445,1.6605,1]},
{"frame":13,"values":[0.9973,0.0608,0.0407,0,-0.0605,0.9981,-0.0065,0,-0.041,0.004,0.9991,0,23.1821,-2.445,1.6605,1]},
{"frame":14,"values":[0.998,0.0474,0.0408,0,-0.0472,0.9989,-0.0063,0,-0.0411,0.0044,0.9991,0,23.1821,-2.445,1.6605,1]},
{"frame":15,"values":[0.9986,0.0341,0.0409,0,-0.0339,0.9994,-0.0062,0,-0.0411,0.0048,0.9991,0,23.1821,-2.445,1.6605,1]},
{"frame":16,"values":[0.9989,0.0208,0.041,0,-0.0205,0.9998,-0.006,0,-0.0411,0.0052,0.9991,0,23.1821,-2.445,1.6605,1]},
{"frame":17,"values":[0.9991,0.0074,0.0411,0,-0.0072,1,-0.0058,0,-0.0412,0.0055,0.9991,0,23.1821,-2.445,1.6605,1]},
{"frame":18,"values":[0.9991,-0.0059,0.0424,0,0.0061,1,-0.0039,0,-0.0423,0.0042,0.9991,0,23.1821,-2.445,1.6605,1]},
{"frame":19,"values":[0.9989,-0.0193,0.0436,0,0.0194,0.9998,-0.002,0,-0.0435,0.0028,0.999,0,23.1821,-2.445,1.6605,1]},
{"frame":20,"values":[0.9972,0.0636,0.04,0,-0.0634,0.998,-0.0075,0,-0.0404,0.0049,0.9992,0,23.1821,-2.445,1.6605,1]}],"loopBehavior":1,"name":"anim","property":"_matrix"}},
{"name":"mixamorig:LeftHandMiddle2","index":14,"matrix":[0.9098,-0.4148,0.0148,0,0.4146,0.9099,0.0134,0,-0.019,-0.0061,0.9998,0,6.3689,-0.3109,0.167,1],"rest":[0.991,0.1341,-0.0042,0,-0.1342,0.991,-0.0031,0,0.0038,0.0036,1,0,6.3689,-0.3109,0.167,1],"parentBoneIndex":13,"length":6.1483
,"animation":{"dataType":3,"framePerSecond":24,"keys":[
{"frame":1,"values":[0.9098,-0.4148,0.0148,0,0.4146,0.9099,0.0134,0,-0.019,-0.0061,0.9998,0,6.3689,-0.3109,0.167,1]},
{"frame":20,"values":[0.9098,-0.4148,0.0148,0,0.4146,0.9099,0.0134,0,-0.019,-0.0061,0.9998,0,6.3689,-0.3109,0.167,1]}],"loopBehavior":1,"name":"anim","property":"_matrix"}},
{"name":"mixamorig:LeftHandMiddle3","index":15,"matrix":[0.9594,-0.2819,0.0058,0,0.2819,0.9594,0.0088,0,-0.0081,-0.0068,0.9999,0,6.0425,-1.121,0.183,1],"rest":[1,-0.0048,-0.0038,0,0.0048,1,0.0008,0,0.0038,-0.0009,1,0,6.0425,-1.121,0.183,1],"parentBoneIndex":14,"length":6.5825
,"animation":{"dataType":3,"framePerSecond":24,"keys":[
{"frame":1,"values":[0.9594,-0.2819,0.0058,0,0.2819,0.9594,0.0088,0,-0.0081,-0.0068,0.9999,0,6.0425,-1.121,0.183,1]},
{"frame":20,"values":[0.9594,-0.2819,0.0058,0,0.2819,0.9594,0.0088,0,-0.0081,-0.0068,0.9999,0,6.0425,-1.121,0.183,1]}],"loopBehavior":1,"name":"anim","property":"_matrix"}},
{"name":"mixamorig:LeftHandMiddle4","index":16,"matrix":[1,0,0,0,0,1,0,0,0,0,1,0,6.4741,-1.1689,0.2214,1],"rest":[1,0,0,0,0,1,0,0,0,0,1,0,6.4741,-1.1689,0.2214,1],"parentBoneIndex":15,"length":6.5825
,"animation":{"dataType":3,"framePerSecond":24,"keys":[
{"frame":1,"values":[1,0,0,0,0,1,0,0,0,0,1,0,6.4741,-1.1689,0.2214,1]},
{"frame":20,"values":[1,0,0,0,0,1,0,0,0,0,1,0,6.4741,-1.1689,0.2214,1]}],"loopBehavior":1,"name":"anim","property":"_matrix"}},
{"name":"mixamorig:LeftHandThumb1","index":17,"matrix":[0.9825,0.0272,0.1845,0,-0.0102,0.9956,-0.0926,0,-0.1862,0.0891,0.9785,0,6.4451,-3.6637,6.4601,1],"rest":[0.993,-0.1184,-0.0054,0,0.1183,0.9883,0.0962,0,-0.006,-0.0961,0.9953,0,6.4451,-3.6637,6.4601,1],"parentBoneIndex":12,"length":8.4798
,"animation":{"dataType":3,"framePerSecond":24,"keys":[
{"frame":1,"values":[0.9825,0.0272,0.1845,0,-0.0102,0.9956,-0.0926,0,-0.1862,0.0891,0.9785,0,6.4451,-3.6637,6.4601,1]},
{"frame":20,"values":[0.9825,0.0272,0.1845,0,-0.0102,0.9956,-0.0926,0,-0.1862,0.0891,0.9785,0,6.4451,-3.6637,6.4601,1]}],"loopBehavior":1,"name":"anim","property":"_matrix"}},
{"name":"mixamorig:LeftHandThumb2","index":18,"matrix":[0.9377,0.1304,-0.3219,0,-0.0691,0.9784,0.195,0,0.3404,-0.1606,0.9265,0,6.2606,-2.6017,5.0935,1],"rest":[0.9927,0.0626,0.1035,0,-0.0529,0.9941,-0.0942,0,-0.1088,0.088,0.9902,0,6.2606,-2.6017,5.0935,1],"parentBoneIndex":17,"length":7.8274
,"animation":{"dataType":3,"framePerSecond":24,"keys":[
{"frame":1,"values":[0.9377,0.1304,-0.3219,0,-0.0691,0.9784,0.195,0,0.3404,-0.1606,0.9265,0,6.2606,-2.6017,5.0935,1]},
{"frame":20,"values":[0.9377,0.1304,-0.3219,0,-0.0691,0.9784,0.195,0,0.3404,-0.1606,0.9265,0,6.2606,-2.6017,5.0935,1]}],"loopBehavior":1,"name":"anim","property":"_matrix"}},
{"name":"mixamorig:LeftHandThumb3","index":19,"matrix":[0.978,0.0207,-0.2074,0,0.0094,0.9897,0.1432,0,0.2082,-0.142,0.9677,0,6.0726,-3.1361,3.8153,1],"rest":[0.9981,-0.0559,-0.0241,0,0.057,0.9973,0.0466,0,0.0214,-0.0479,0.9986,0,6.0726,-3.1361,3.8153,1],"parentBoneIndex":18,"length":6.188
,"animation":{"dataType":3,"framePerSecond":24,"keys":[
{"frame":1,"values":[0.978,0.0207,-0.2074,0,0.0094,0.9897,0.1432,0,0.2082,-0.142,0.9677,0,6.0726,-3.1361,3.8153,1]},
{"frame":20,"values":[0.978,0.0207,-0.2074,0,0.0094,0.9897,0.1432,0,0.2082,-0.142,0.9677,0,6.0726,-3.1361,3.8153,1]}],"loopBehavior":1,"name":"anim","property":"_matrix"}},
{"name":"mixamorig:LeftHandThumb4","index":20,"matrix":[1,0,0,0,0,1,0,0,0,0,1,0,4.8579,-2.0584,3.2334,1],"rest":[1,0,0,0,0,1,0,0,0,0,1,0,4.8579,-2.0584,3.2334,1],"parentBoneIndex":19,"length":6.188
,"animation":{"dataType":3,"framePerSecond":24,"keys":[
{"frame":1,"values":[1,0,0,0,0,1,0,0,0,0,1,0,4.8579,-2.0584,3.2334,1]},
{"frame":20,"values":[1,0,0,0,0,1,0,0,0,0,1,0,4.8579,-2.0584,3.2334,1]}],"loopBehavior":1,"name":"anim","property":"_matrix"}},
{"name":"mixamorig:LeftHandIndex1","index":21,"matrix":[0.9796,0.193,0.0565,0,-0.192,0.9811,-0.0219,0,-0.0597,0.0106,0.9982,0,22.612,-1.921,6.6099,1],"rest":[0.9946,0.0835,0.0621,0,-0.0827,0.9965,-0.0152,0,-0.0631,0.0099,0.998,0,22.612,-1.921,6.6099,1],"parentBoneIndex":12,"length":6.2269
,"animation":{"dataType":3,"framePerSecond":24,"keys":[
{"frame":1,"values":[0.9796,0.193,0.0565,0,-0.192,0.9811,-0.0219,0,-0.0597,0.0106,0.9982,0,22.612,-1.921,6.6099,1]},
{"frame":2,"values":[0.9412,0.3345,0.0481,0,-0.3334,0.9423,-0.0298,0,-0.0553,0.012,0.9984,0,22.612,-1.921,6.6099,1]},
{"frame":3,"values":[0.9016,0.4305,0.0414,0,-0.4293,0.9025,-0.0346,0,-0.0523,0.0134,0.9985,0,22.612,-1.921,6.6099,1]},
{"frame":4,"values":[0.915,0.4012,0.0435,0,-0.4,0.9159,-0.0332,0,-0.0532,0.0129,0.9985,0,22.612,-1.921,6.6099,1]},
{"frame":5,"values":[0.9473,0.3167,0.0492,0,-0.3156,0.9485,-0.0288,0,-0.0558,0.0118,0.9984,0,22.612,-1.921,6.6099,1]},
{"frame":6,"values":[0.9723,0.2273,0.0546,0,-0.2263,0.9738,-0.0239,0,-0.0586,0.0109,0.9982,0,22.612,-1.921,6.6099,1]},
{"frame":7,"values":[0.9831,0.1738,0.0576,0,-0.1729,0.9847,-0.0207,0,-0.0603,0.0104,0.9981,0,22.612,-1.921,6.6099,1]},
{"frame":8,"values":[0.9803,0.189,0.0567,0,-0.188,0.9819,-0.0216,0,-0.0598,0.0105,0.9982,0,22.612,-1.921,6.6099,1]},
{"frame":9,"values":[0.966,0.2527,0.0545,0,-0.2517,0.9675,-0.0237,0,-0.0587,0.0092,0.9982,0,22.612,-1.921,6.6099,1]},
{"frame":10,"values":[0.948,0.3141,0.0523,0,-0.3131,0.9494,-0.0258,0,-0.0578,0.0081,0.9983,0,22.612,-1.921,6.6099,1]},
{"frame":11,"values":[0.9508,0.3056,0.0501,0,-0.3045,0.9521,-0.0279,0,-0.0562,0.0112,0.9984,0,22.612,-1.921,6.6099,1]},
{"frame":12,"values":[0.9536,0.2971,0.0479,0,-0.2959,0.9547,-0.0299,0,-0.0546,0.0144,0.9984,0,22.612,-1.921,6.6099,1]},
{"frame":13,"values":[0.9562,0.2885,0.0493,0,-0.2874,0.9574,-0.0286,0,-0.0554,0.0132,0.9984,0,22.612,-1.921,6.6099,1]},
{"frame":14,"values":[0.9587,0.2799,0.0507,0,-0.2789,0.9599,-0.0272,0,-0.0563,0.012,0.9983,0,22.612,-1.921,6.6099,1]},
{"frame":15,"values":[0.9686,0.2432,0.0521,0,-0.2422,0.9699,-0.0259,0,-0.0568,0.0125,0.9983,0,22.612,-1.921,6.6099,1]},
{"frame":16,"values":[0.977,0.2061,0.0551,0,-0.2051,0.9784,-0.0245,0,-0.059,0.0127,0.9982,0,22.612,-1.921,6.6099,1]},
{"frame":17,"values":[0.9839,0.1688,0.0581,0,-0.1678,0.9856,-0.0216,0,-0.0609,0.0115,0.9981,0,22.612,-1.921,6.6099,1]},
{"frame":18,"values":[0.9895,0.1312,0.0599,0,-0.1303,0.9913,-0.0187,0,-0.0619,0.0107,0.998,0,22.612,-1.921,6.6099,1]},
{"frame":19,"values":[0.9937,0.0934,0.0616,0,-0.0926,0.9956,-0.0158,0,-0.0628,0.01,0.998,0,22.612,-1.921,6.6099,1]},
{"frame":20,"values":[0.9796,0.193,0.0565,0,-0.192,0.9811,-0.0219,0,-0.0597,0.0106,0.9982,0,22.612,-1.921,6.6099,1]}],"loopBehavior":1,"name":"anim","property":"_matrix"}},
