{"producer":{"name":"Blender","version":"2.79 (sub 0)","exporter_version":"5.6.4","file":"femalewalk.babylon"},
"autoClear":true,"clearColor":[0.0509,0.0509,0.0509],"ambientColor":[0,0,0],"gravity":[0,-9.81,0],
"materials":[{"name":"femalewalk.Beta_Joints_MAT","id":"femalewalk.Beta_Joints_MAT","ambient":[0.3333,0.1245,0.101],"diffuse":[0.2667,0.0996,0.0808],"specular":[0.1496,0.1496,0.1496],"emissive":[0,0,0],"specularPower":11,"alpha":1,"backFaceCulling":true,"checkReadyOnlyOnce":false,"maxSimultaneousLights":4},
{"name":"femalewalk.asdf1:Beta_HighLimbsGeoSG2","id":"femalewalk.asdf1:Beta_HighLimbsGeoSG2","ambient":[0.837,0.3023,0.2637],"diffuse":[0.6696,0.2418,0.2109],"specular":[0.2436,0.2436,0.2436],"emissive":[0,0,0],"specularPower":19,"alpha":1,"backFaceCulling":true,"checkReadyOnlyOnce":false,"maxSimultaneousLights":4}],
"multiMaterials":[],
"skeletons":[{"name":"Armature","id":0,"dimensionsAtRest":[180.6984,191.5436,26.6004],"bones":[
{"name":"mixamorig:Hips","index":0,"matrix":[0.9996,-0.0194,-0.0203,0,0.0204,0.9986,0.0491,0,-0.0193,0.0495,-0.9986,0,-3.7992,101.7386,-1.6266,1],"rest":[1,0,0,0,0,1,0,0,0,0,-1,0,0,103.9915,-2.0761,1],"parentBoneIndex":-1,"length":10.5592
,"animation":{"dataType":3,"framePerSecond":30,"keys":[
{"frame":1,"values":[0.9996,-0.0194,-0.0203,0,0.0204,0.9986,0.0491,0,-0.0193,0.0495,-0.9986,0,-3.7993,101.7388,-1.6265,1]},
{"frame":2,"values":[0.9997,-0.0205,-0.0151,0,0.021,0.999,0.0382,0,-0.0143,0.0386,-0.9992,0,-3.5369,101.8256,-1.5433,1]},
{"frame":3,"values":[0.9997,-0.0225,-0.0138,0,0.0229,0.9993,0.031,0,-0.0131,0.0313,-0.9994,0,-3.1269,101.4766,-1.4939,1]},
{"frame":4,"values":[0.9993,-0.0328,-0.0178,0,0.0333,0.9991,0.0258,0,-0.017,0.0264,-0.9995,0,-2.658,100.3873,-1.7869,1]},
{"frame":5,"values":[0.9982,-0.0545,-0.0259,0,0.0552,0.9982,0.0245,0,-0.0245,0.0259,-0.9994,0,-2.1259,98.7555,-2.576,1]},
{"frame":6,"values":[0.9977,-0.0588,-0.0342,0,0.0596,0.9979,0.0238,0,-0.0328,0.0258,-0.9991,0,-1.7288,97.7281,-3.1513,1]},
{"frame":7,"values":[0.9978,-0.0518,-0.041,0,0.0529,0.9983,0.0247,0,-0.0396,0.0268,-0.9989,0,-1.2995,97.0664,-3.6358,1]},
{"frame":8,"values":[0.9984,-0.0372,-0.0437,0,0.0384,0.9989,0.0268,0,-0.0426,0.0285,-0.9987,0,-0.7914,96.7201,-4.2701,1]},
{"frame":9,"values":[0.9991,-0.0121,-0.0398,0,0.0131,0.9996,0.0265,0,-0.0395,0.027,-0.9989,0,-0.3516,96.7768,-4.9148,1]},
{"frame":10,"values":[0.9993,0.0254,-0.0285,0,-0.0246,0.9993,0.0292,0,-0.0292,0.0285,-0.9992,0,-0.0508,97.263,-5.2773,1]},
{"frame":11,"values":[0.9983,0.0563,-0.0142,0,-0.0556,0.9973,0.0475,0,-0.0169,0.0466,-0.9988,0,0.2878,97.5551,-5.7239,1]},
{"frame":12,"values":[0.997,0.077,-0.0079,0,-0.0762,0.9946,0.07,0,-0.0132,0.0692,-0.9975,0,0.6875,97.9497,-6.1063,1]},
{"frame":13,"values":[0.9959,0.0895,-0.0161,0,-0.088,0.9932,0.0762,0,-0.0228,0.0744,-0.997,0,1.0345,98.4225,-6.2248,1]},
{"frame":14,"values":[0.9949,0.0959,-0.0323,0,-0.0935,0.9933,0.0677,0,-0.0386,0.0644,-0.9972,0,1.1955,99.0546,-6.2004,1]},
{"frame":15,"values":[0.9946,0.0943,-0.0432,0,-0.0917,0.9941,0.0583,0,-0.0484,0.054,-0.9974,0,1.1828,99.7718,-6.0006,1]},
{"frame":16,"values":[0.9955,0.0849,-0.0416,0,-0.0825,0.9951,0.0554,0,-0.0461,0.0517,-0.9976,0,1.1107,100.4956,-5.6345,1]},
{"frame":17,"values":[0.9968,0.0734,-0.0306,0,-0.0716,0.9958,0.0564,0,-0.0346,0.054,-0.9979,0,1.0099,101.144,-5.131,1]},
{"frame":18,"values":[0.9977,0.0658,-0.0166,0,-0.0649,0.9965,0.053,0,-0.0201,0.0518,-0.9985,0,0.8899,101.5563,-4.4963,1]},
{"frame":19,"values":[0.9979,0.0653,-0.0036,0,-0.0651,0.9969,0.0431,0,-0.0064,0.0428,-0.9991,0,0.7308,101.5218,-3.8421,1]},
{"frame":20,"values":[0.9974,0.0711,0.0077,0,-0.0713,0.9969,0.034,0,0.0052,0.0344,-0.9994,0,0.543,100.9394,-3.4345,1]},
{"frame":21,"values":[0.9964,0.0828,0.018,0,-0.0834,0.996,0.0318,0,0.0153,0.0332,-0.9993,0,0.3055,100.0105,-3.3999,1]},
{"frame":22,"values":[0.9943,0.1031,0.0282,0,-0.104,0.994,0.0343,0,0.0245,0.037,-0.999,0,-0.033,98.6804,-3.7522,1]},
{"frame":23,"values":[0.993,0.1129,0.0349,0,-0.1141,0.9929,0.0342,0,0.0308,0.0379,-0.9988,0,-0.3608,97.7243,-3.91,1]},
{"frame":24,"values":[0.9928,0.1142,0.0373,0,-0.1155,0.9927,0.0349,0,0.0331,0.039,-0.9987,0,-0.6617,96.9741,-3.8985,1]},
{"frame":25,"values":[0.9938,0.1055,0.0356,0,-0.1069,0.9935,0.0399,0,0.0312,0.0435,-0.9986,0,-1.0021,96.558,-4.0512,1]},
{"frame":26,"values":[0.9959,0.0861,0.0294,0,-0.0873,0.9953,0.0423,0,0.0256,0.0447,-0.9987,0,-1.4919,96.576,-4.6147,1]},
{"frame":27,"values":[0.9983,0.056,0.015,0,-0.0566,0.9976,0.0397,0,0.0128,0.0405,-0.9991,0,-1.9923,96.9918,-5.0956,1]},
{"frame":28,"values":[0.9996,0.0253,-0.0095,0,-0.0248,0.9988,0.0417,0,-0.0105,0.0414,-0.9991,0,-2.3185,97.2745,-5.3357,1]},
{"frame":29,"values":[0.9992,-0.0002,-0.0393,0,0.0022,0.9986,0.0521,0,-0.0393,0.0521,-0.9979,0,-2.588,97.5252,-5.5224,1]},
{"frame":30,"values":[0.9979,-0.0181,-0.0615,0,0.0216,0.9981,0.0579,0,-0.0604,0.0591,-0.9964,0,-2.9606,97.9953,-5.5417,1]},
{"frame":31,"values":[0.9974,-0.0261,-0.0666,0,0.0296,0.9982,0.0519,0,-0.0651,0.0537,-0.9964,0,-3.3507,98.6407,-5.2131,1]},
{"frame":32,"values":[0.998,-0.0268,-0.0577,0,0.0294,0.9986,0.0434,0,-0.0565,0.045,-0.9974,0,-3.6246,99.3909,-4.6669,1]},
{"frame":33,"values":[0.9986,-0.0259,-0.0453,0,0.0279,0.9986,0.0448,0,-0.0441,0.046,-0.998,0,-3.8041,100.1236,-4.0207,1]},
{"frame":34,"values":[0.9991,-0.0232,-0.0354,0,0.0251,0.9982,0.0542,0,-0.034,0.055,-0.9979,0,-3.9249,100.8232,-3.3317,1]},
{"frame":35,"values":[0.9994,-0.0192,-0.0274,0,0.0208,0.9981,0.0579,0,-0.0262,0.0585,-0.9979,0,-3.9576,101.4566,-2.5188,1]},
{"frame":36,"values":[0.9996,-0.0194,-0.0203,0,0.0204,0.9986,0.0491,0,-0.0193,0.0495,-0.9986,0,-3.7992,101.7386,-1.6266,1]}],"loopBehavior":1,"name":"anim","property":"_matrix"}},
{"name":"mixamorig:Spine","index":1,"matrix":[0.9986,0.0295,-0.0445,0,-0.029,0.9995,0.0108,0,0.0448,-0.0095,0.999,0,0,10.1816,0.1315,1],"rest":[1,0,0,0,0,1,0,0,0,0,1,0,0,10.1816,0.1315,1],"parentBoneIndex":0,"length":10.133
,"animation":{"dataType":3,"framePerSecond":30,"keys":[
{"frame":1,"values":[0.9986,0.0295,-0.0445,0,-0.029,0.9995,0.0108,0,0.0448,-0.0095,0.999,0,0,10.1816,0.1315,1]},
{"frame":2,"values":[0.9977,0.0393,-0.0543,0,-0.039,0.9992,0.0073,0,0.0546,-0.0052,0.9985,0,0,10.1816,0.1315,1]},
{"frame":3,"values":[0.9967,0.0509,-0.0638,0,-0.0509,0.9987,0.0025,0,0.0639,0.0008,0.998,0,0,10.1816,0.1315,1]},
{"frame":4,"values":[0.9953,0.0635,-0.0734,0,-0.0639,0.998,-0.0031,0,0.073,0.0077,0.9973,0,0,10.1816,0.1315,1]},
{"frame":5,"values":[0.9935,0.0795,-0.0812,0,-0.0805,0.9967,-0.0086,0,0.0803,0.0151,0.9967,0,0,10.1816,0.1315,1]},
{"frame":6,"values":[0.9926,0.0873,-0.0847,0,-0.0887,0.996,-0.0129,0,0.0832,0.0203,0.9963,0,0,10.1816,0.1315,1]},
{"frame":7,"values":[0.993,0.0839,-0.0834,0,-0.0854,0.9962,-0.0155,0,0.0818,0.0225,0.9964,0,0,10.1816,0.1315,1]},
{"frame":8,"values":[0.9948,0.0663,-0.0772,0,-0.0676,0.9976,-0.0147,0,0.0761,0.0199,0.9969,0,0,10.1816,0.1315,1]},
{"frame":9,"values":[0.9968,0.0413,-0.0691,0,-0.0421,0.9991,-0.0101,0,0.0686,0.013,0.9976,0,0,10.1816,0.1315,1]},
{"frame":10,"values":[0.9981,0.0133,-0.0609,0,-0.0135,0.9999,-0.0025,0,0.0609,0.0034,0.9981,0,0,10.1816,0.1315,1]},
{"frame":11,"values":[0.9985,-0.0112,-0.054,0,0.0115,0.9999,0.0057,0,0.0539,-0.0063,0.9985,0,0,10.1816,0.1315,1]},
{"frame":12,"values":[0.9984,-0.0289,-0.0493,0,0.0295,0.9995,0.0112,0,0.0489,-0.0126,0.9987,0,0,10.1816,0.1315,1]},
{"frame":13,"values":[0.9982,-0.0386,-0.0451,0,0.0392,0.9991,0.0131,0,0.0445,-0.0148,0.9989,0,0,10.1816,0.1315,1]},
{"frame":14,"values":[0.9984,-0.0409,-0.0391,0,0.0414,0.9991,0.0124,0,0.0386,-0.014,0.9992,0,0,10.1816,0.1315,1]},
{"frame":15,"values":[0.9988,-0.0384,-0.0301,0,0.0387,0.9992,0.0115,0,0.0297,-0.0127,0.9995,0,0,10.1816,0.1315,1]},
{"frame":16,"values":[0.9993,-0.0331,-0.018,0,0.0334,0.9994,0.012,0,0.0176,-0.0126,0.9998,0,0,10.1816,0.1315,1]},
{"frame":17,"values":[0.9996,-0.0279,-0.0038,0,0.0279,0.9995,0.0136,0,0.0035,-0.0137,0.9999,0,0,10.1816,0.1315,1]},
{"frame":18,"values":[0.9996,-0.0265,0.0105,0,0.0263,0.9996,0.0143,0,-0.0109,-0.014,0.9998,0,0,10.1816,0.1315,1]},
{"frame":19,"values":[0.9992,-0.032,0.0234,0,0.0317,0.9994,0.0122,0,-0.0238,-0.0115,0.9997,0,0,10.1816,0.1315,1]},
{"frame":20,"values":[0.9984,-0.0446,0.034,0,0.0443,0.999,0.0072,0,-0.0343,-0.0056,0.9994,0,0,10.1816,0.1315,1]},
{"frame":21,"values":[0.9972,-0.0615,0.0425,0,0.0616,0.9981,0.0009,0,-0.0425,0.0018,0.9991,0,0,10.1816,0.1315,1]},
{"frame":22,"values":[0.9956,-0.08,0.0494,0,0.0803,0.9968,-0.0043,0,-0.0488,0.0082,0.9988,0,0,10.1816,0.1315,1]},
{"frame":23,"values":[0.9944,-0.0913,0.0533,0,0.0918,0.9958,-0.0068,0,-0.0525,0.0117,0.9986,0,0,10.1816,0.1315,1]},
{"frame":24,"values":[0.9945,-0.09,0.0544,0,0.0905,0.9959,-0.0067,0,-0.0535,0.0116,0.9985,0,0,10.1816,0.1315,1]},
{"frame":25,"values":[0.9957,-0.0756,0.0528,0,0.076,0.9971,-0.0045,0,-0.0523,0.0085,0.9986,0,0,10.1816,0.1315,1]},
{"frame":26,"values":[0.9973,-0.055,0.0495,0,0.0551,0.9985,-0.0013,0,-0.0494,0.004,0.9988,0,0,10.1816,0.1315,1]},
{"frame":27,"values":[0.9986,-0.0304,0.0441,0,0.0304,0.9995,0.0023,0,-0.0442,-0.001,0.999,0,0,10.1816,0.1315,1]},
{"frame":28,"values":[0.9993,-0.008,0.0367,0,0.0078,1,0.0059,0,-0.0367,-0.0056,0.9993,0,0,10.1816,0.1315,1]},
{"frame":29,"values":[0.9996,0.0095,0.0281,0,-0.0097,0.9999,0.0081,0,-0.028,-0.0083,0.9996,0,0,10.1816,0.1315,1]},
{"frame":30,"values":[0.9996,0.0202,0.0192,0,-0.0203,0.9998,0.0082,0,-0.019,-0.0086,0.9998,0,0,10.1816,0.1315,1]},
{"frame":31,"values":[0.9997,0.024,0.0095,0,-0.0241,0.9997,0.0073,0,-0.0093,-0.0076,0.9999,0,0,10.1816,0.1315,1]},
{"frame":32,"values":[0.9997,0.024,-0.001,0,-0.024,0.9997,0.0068,0,0.0011,-0.0068,1,0,0,10.1816,0.1315,1]},
{"frame":33,"values":[0.9997,0.0235,-0.0119,0,-0.0234,0.9997,0.0078,0,0.0121,-0.0075,0.9999,0,0,10.1816,0.1315,1]},
{"frame":34,"values":[0.9995,0.0229,-0.023,0,-0.0226,0.9997,0.0102,0,0.0232,-0.0097,0.9997,0,0,10.1816,0.1315,1]},
{"frame":35,"values":[0.9991,0.0238,-0.0341,0,-0.0235,0.9997,0.012,0,0.0344,-0.0111,0.9993,0,0,10.1816,0.1315,1]},
{"frame":36,"values":[0.9986,0.0295,-0.0445,0,-0.029,0.9995,0.0108,0,0.0448,-0.0095,0.999,0,0,10.1816,0.1315,1]}],"loopBehavior":1,"name":"anim","property":"_matrix"}},
{"name":"mixamorig:Spine1","index":2,"matrix":[0.9994,0.0168,-0.0307,0,-0.0167,0.9999,0.0044,0,0.0308,-0.0039,0.9995,0,0,10.0835,-1.0008,1],"rest":[1,0,0,0,0,1,0,0,0,0,1,0,0,10.0835,-1.0008,1],"parentBoneIndex":1,"length":9.2031
,"animation":{"dataType":3,"framePerSecond":30,"keys":[
{"frame":1,"values":[0.9994,0.0168,-0.0307,0,-0.0167,0.9999,0.0044,0,0.0308,-0.0039,0.9995,0,0,10.0835,-1.0008,1]},
{"frame":2,"values":[0.9991,0.0183,-0.0388,0,-0.0183,0.9998,0.0014,0,0.0388,-0.0007,0.9992,0,0,10.0834,-1.0008,1]},
{"frame":3,"values":[0.9987,0.0202,-0.0466,0,-0.0204,0.9998,-0.0032,0,0.0465,0.0042,0.9989,0,0,10.0835,-1.0008,1]},
{"frame":4,"values":[0.9983,0.0227,-0.0535,0,-0.0232,0.9997,-0.0091,0,0.0532,0.0103,0.9985,0,0,10.0835,-1.0008,1]},
{"frame":5,"values":[0.998,0.0254,-0.0582,0,-0.0263,0.9995,-0.0154,0,0.0578,0.0169,0.9982,0,0,10.0835,-1.0008,1]},
{"frame":6,"values":[0.9978,0.0268,-0.0602,0,-0.028,0.9994,-0.0202,0,0.0596,0.0218,0.998,0,0,10.0835,-1.0008,1]},
{"frame":7,"values":[0.9979,0.0263,-0.0598,0,-0.0277,0.9994,-0.0225,0,0.0592,0.0241,0.998,0,0,10.0835,-1.0008,1]},
{"frame":8,"values":[0.9981,0.0224,-0.0572,0,-0.0236,0.9995,-0.0207,0,0.0567,0.022,0.9981,0,0,10.0835,-1.0008,1]},
{"frame":9,"values":[0.9985,0.0157,-0.0528,0,-0.0166,0.9997,-0.0154,0,0.0525,0.0162,0.9985,0,0,10.0835,-1.0008,1]},
{"frame":10,"values":[0.9989,0.0078,-0.0473,0,-0.0082,0.9999,-0.0077,0,0.0472,0.0081,0.9989,0,0,10.0835,-1.0008,1]},
{"frame":11,"values":[0.9991,0.0003,-0.042,0,-0.0003,1,0.0001,0,0.042,-0.0001,0.9991,0,0,10.0834,-1.0008,1]},
{"frame":12,"values":[0.9993,-0.0055,-0.0378,0,0.0057,1,0.0052,0,0.0377,-0.0054,0.9993,0,0,10.0834,-1.0008,1]},
{"frame":13,"values":[0.9994,-0.009,-0.0343,0,0.0092,0.9999,0.0069,0,0.0342,-0.0072,0.9994,0,0,10.0834,-1.0008,1]},
{"frame":14,"values":[0.9995,-0.0103,-0.0299,0,0.0105,0.9999,0.0062,0,0.0299,-0.0065,0.9995,0,0,10.0834,-1.0008,1]},
{"frame":15,"values":[0.9997,-0.0097,-0.0231,0,0.0098,0.9999,0.0051,0,0.0231,-0.0053,0.9997,0,0,10.0835,-1.0008,1]},
{"frame":16,"values":[0.9999,-0.0077,-0.0134,0,0.0077,1,0.0054,0,0.0134,-0.0055,0.9999,0,0,10.0835,-1.0008,1]},
{"frame":17,"values":[1,-0.0053,-0.0018,0,0.0053,1,0.0069,0,0.0018,-0.0069,1,0,0,10.0834,-1.0008,1]},
{"frame":18,"values":[0.9999,-0.0039,0.0094,0,0.0039,1,0.0077,0,-0.0094,-0.0077,0.9999,0,0,10.0835,-1.0008,1]},
{"frame":19,"values":[0.9998,-0.0047,0.0185,0,0.0046,1,0.0058,0,-0.0185,-0.0057,0.9998,0,0,10.0834,-1.0008,1]},
{"frame":20,"values":[0.9997,-0.0083,0.0246,0,0.0083,1,0.0006,0,-0.0246,-0.0004,0.9997,0,0,10.0835,-1.0008,1]},
{"frame":21,"values":[0.9995,-0.014,0.0283,0,0.0142,0.9999,-0.0064,0,-0.0282,0.0068,0.9996,0,0,10.0835,-1.0008,1]},
{"frame":22,"values":[0.9993,-0.0202,0.0305,0,0.0206,0.9997,-0.0127,0,-0.0303,0.0133,0.9995,0,0,10.0834,-1.0008,1]},
{"frame":23,"values":[0.9992,-0.0248,0.0323,0,0.0253,0.9995,-0.0162,0,-0.0319,0.017,0.9993,0,0,10.0835,-1.0008,1]},
{"frame":24,"values":[0.9991,-0.026,0.034,0,0.0265,0.9995,-0.0166,0,-0.0336,0.0175,0.9993,0,0,10.0835,-1.0008,1]},
{"frame":25,"values":[0.9991,-0.0229,0.0354,0,0.0234,0.9996,-0.0142,0,-0.0351,0.015,0.9993,0,0,10.0834,-1.0008,1]},
{"frame":26,"values":[0.9992,-0.0164,0.0355,0,0.0167,0.9998,-0.0106,0,-0.0353,0.0111,0.9993,0,0,10.0835,-1.0008,1]},
{"frame":27,"values":[0.9994,-0.0079,0.0335,0,0.0081,0.9999,-0.0065,0,-0.0335,0.0068,0.9994,0,0,10.0835,-1.0008,1]},
{"frame":28,"values":[0.9996,0.0011,0.0292,0,-0.001,1,-0.0027,0,-0.0292,0.0026,0.9996,0,0,10.0835,-1.0008,1]},
{"frame":29,"values":[0.9997,0.0086,0.0231,0,-0.0086,1,-0.0004,0,-0.0232,0.0002,0.9997,0,0,10.0834,-1.0008,1]},
{"frame":30,"values":[0.9998,0.0135,0.0162,0,-0.0135,0.9999,0.0001,0,-0.0162,-0.0003,0.9999,0,0,10.0834,-1.0008,1]},
{"frame":31,"values":[0.9998,0.0157,0.0087,0,-0.0157,0.9999,-0.0005,0,-0.0087,0.0004,1,0,0,10.0835,-1.0008,1]},
{"frame":32,"values":[0.9999,0.0159,0.001,0,-0.0159,0.9999,-0.0008,0,-0.001,0.0007,1,0,0,10.0834,-1.0008,1]},
{"frame":33,"values":[0.9999,0.0155,-0.0069,0,-0.0154,0.9999,0.0003,0,0.0069,-0.0002,1,0,0,10.0834,-1.0008,1]},
{"frame":34,"values":[0.9998,0.0152,-0.0149,0,-0.0152,0.9999,0.0028,0,0.015,-0.0025,0.9999,0,0,10.0835,-1.0008,1]},
{"frame":35,"values":[0.9996,0.0158,-0.0228,0,-0.0156,0.9999,0.0049,0,0.0229,-0.0046,0.9997,0,0,10.0834,-1.0008,1]},
{"frame":36,"values":[0.9994,0.0168,-0.0307,0,-0.0167,0.9999,0.0044,0,0.0308,-0.0039,0.9995,0,0,10.0835,-1.0008,1]}],"loopBehavior":1,"name":"anim","property":"_matrix"}},
{"name":"mixamorig:Spine2","index":3,"matrix":[0.9994,0.0165,-0.0312,0,-0.0164,0.9999,0.0045,0,0.0313,-0.004,0.9995,0,0,9.1,-1.3734,1],"rest":[1,0,0,0,0,1,0,0,0,0,1,0,0,9.1,-1.3734,1],"parentBoneIndex":2,"length":13.7198
,"animation":{"dataType":3,"framePerSecond":30,"keys":[
{"frame":1,"values":[0.9994,0.0165,-0.0312,0,-0.0164,0.9999,0.0045,0,0.0313,-0.004,0.9995,0,0,9.1,-1.3734,1]},
{"frame":2,"values":[0.9991,0.0178,-0.0392,0,-0.0178,0.9998,0.0014,0,0.0392,-0.0007,0.9992,0,0,9.1,-1.3734,1]},
{"frame":3,"values":[0.9987,0.0195,-0.047,0,-0.0196,0.9998,-0.0034,0,0.0469,0.0043,0.9989,0,0,9.1,-1.3734,1]},
{"frame":4,"values":[0.9983,0.0216,-0.0539,0,-0.0221,0.9997,-0.0094,0,0.0536,0.0106,0.9985,0,0,9.1,-1.3734,1]},
{"frame":5,"values":[0.998,0.0239,-0.0587,0,-0.0249,0.9996,-0.0159,0,0.0583,0.0174,0.9981,0,0,9.1,-1.3734,1]},
{"frame":6,"values":[0.9978,0.025,-0.0607,0,-0.0263,0.9994,-0.0208,0,0.0602,0.0223,0.9979,0,0,9.1,-1.3734,1]},
{"frame":7,"values":[0.9979,0.0245,-0.0603,0,-0.0259,0.9994,-0.0231,0,0.0597,0.0246,0.9979,0,0,9.1,-1.3734,1]},
{"frame":8,"values":[0.9981,0.0209,-0.0576,0,-0.0221,0.9995,-0.0212,0,0.0572,0.0224,0.9981,0,0,9.1,-1.3734,1]},
{"frame":9,"values":[0.9985,0.0146,-0.053,0,-0.0155,0.9998,-0.0156,0,0.0528,0.0164,0.9985,0,0,9.1,-1.3734,1]},
{"frame":10,"values":[0.9989,0.0071,-0.0474,0,-0.0075,0.9999,-0.0078,0,0.0473,0.0081,0.9988,0,0,9.1,-1.3734,1]},
{"frame":11,"values":[0.9991,-0.0002,-0.042,0,0.0002,1,0.0002,0,0.042,-0.0002,0.9991,0,0,9.1,-1.3734,1]},
{"frame":12,"values":[0.9993,-0.0058,-0.0377,0,0.006,1,0.0053,0,0.0376,-0.0056,0.9993,0,0,9.1,-1.3734,1]},
{"frame":13,"values":[0.9994,-0.0093,-0.0341,0,0.0096,0.9999,0.007,0,0.034,-0.0073,0.9994,0,0,9.1,-1.3734,1]},
{"frame":14,"values":[0.9995,-0.0106,-0.0298,0,0.0108,0.9999,0.0063,0,0.0297,-0.0066,0.9995,0,0,9.1,-1.3734,1]},
{"frame":15,"values":[0.9997,-0.01,-0.023,0,0.0101,0.9999,0.0052,0,0.0229,-0.0054,0.9997,0,0,9.1,-1.3734,1]},
{"frame":16,"values":[0.9999,-0.0078,-0.0132,0,0.0079,1,0.0055,0,0.0132,-0.0056,0.9999,0,0,9.1,-1.3734,1]},
{"frame":17,"values":[1,-0.0054,-0.0017,0,0.0054,1,0.0069,0,0.0017,-0.0069,1,0,0,9.1,-1.3734,1]},
{"frame":18,"values":[0.9999,-0.0039,0.0095,0,0.0038,1,0.0076,0,-0.0096,-0.0076,0.9999,0,0,9.1,-1.3734,1]},
{"frame":19,"values":[0.9998,-0.0045,0.0186,0,0.0044,1,0.0055,0,-0.0186,-0.0054,0.9998,0,0,9.1,-1.3734,1]},
{"frame":20,"values":[0.9997,-0.0079,0.0248,0,0.0079,1,0.0001,0,-0.0248,0.0001,0.9997,0,0,9.1,-1.3734,1]},
{"frame":21,"values":[0.9995,-0.0134,0.0285,0,0.0136,0.9999,-0.007,0,-0.0284,0.0074,0.9996,0,0,9.1,-1.3734,1]},
{"frame":22,"values":[0.9993,-0.0194,0.0309,0,0.0198,0.9997,-0.0135,0,-0.0307,0.0141,0.9994,0,0,9.1,-1.3734,1]},
{"frame":23,"values":[0.9992,-0.0237,0.0329,0,0.0243,0.9996,-0.0171,0,-0.0325,0.0179,0.9993,0,0,9.1,-1.3734,1]},
{"frame":24,"values":[0.9991,-0.0248,0.0347,0,0.0254,0.9995,-0.0176,0,-0.0342,0.0184,0.9992,0,0,9.1,-1.3734,1]},
{"frame":25,"values":[0.9991,-0.0217,0.0359,0,0.0223,0.9996,-0.0152,0,-0.0356,0.0159,0.9992,0,0,9.1,-1.3734,1]},
{"frame":26,"values":[0.9992,-0.0153,0.0359,0,0.0158,0.9998,-0.0114,0,-0.0357,0.012,0.9993,0,0,9.1,-1.3734,1]},
{"frame":27,"values":[0.9994,-0.007,0.0337,0,0.0073,0.9999,-0.0072,0,-0.0336,0.0075,0.9994,0,0,9.1,-1.3734,1]},
{"frame":28,"values":[0.9996,0.0017,0.0292,0,-0.0016,1,-0.0032,0,-0.0292,0.0032,0.9996,0,0,9.1,-1.3734,1]},
{"frame":29,"values":[0.9997,0.0091,0.023,0,-0.0091,1,-0.0007,0,-0.023,0.0005,0.9997,0,0,9.1,-1.3734,1]},
{"frame":30,"values":[0.9998,0.0139,0.0159,0,-0.0139,0.9999,-0.0002,0,-0.0159,0,0.9999,0,0,9.1,-1.3734,1]},
{"frame":31,"values":[0.9998,0.0159,0.0084,0,-0.0159,0.9999,-0.0007,0,-0.0084,0.0005,1,0,0,9.1,-1.3734,1]},
{"frame":32,"values":[0.9999,0.0161,0.0006,0,-0.0161,0.9999,-0.0009,0,-0.0006,0.0009,1,0,0,9.1,-1.3734,1]},
{"frame":33,"values":[0.9999,0.0155,-0.0074,0,-0.0155,0.9999,0.0002,0,0.0074,-0.0001,1,0,0,9.1,-1.3734,1]},
{"frame":34,"values":[0.9998,0.0152,-0.0154,0,-0.0152,0.9999,0.0028,0,0.0154,-0.0026,0.9999,0,0,9.1,-1.3734,1]},
{"frame":35,"values":[0.9996,0.0156,-0.0233,0,-0.0155,0.9999,0.0051,0,0.0234,-0.0047,0.9997,0,0,9.1,-1.3734,1]},
{"frame":36,"values":[0.9994,0.0165,-0.0312,0,-0.0164,0.9999,0.0045,0,0.0313,-0.004,0.9995,0,0,9.1,-1.3734,1]}],"loopBehavior":1,"name":"anim","property":"_matrix"}},
{"name":"mixamorig:Neck","index":4,"matrix":[0.9998,-0.0195,0.0095,0,0.0198,0.9992,-0.0336,0,-0.0089,0.0338,0.9994,0,0,16.6717,-2.5162,1],"rest":[1,0,0,0,0,1,0,0,0,0,1,0,0,16.6717,-2.5162,1],"parentBoneIndex":3,"length":9.7644
,"animation":{"dataType":3,"framePerSecond":30,"keys":[
{"frame":1,"values":[0.9998,-0.0195,0.0095,0,0.0198,0.9992,-0.0336,0,-0.0089,0.0338,0.9994,0,0,16.6717,-2.5162,1]},
{"frame":2,"values":[0.9997,-0.021,0.0124,0,0.0213,0.9994,-0.0265,0,-0.0118,0.0267,0.9996,0,0,16.6717,-2.5162,1]},
{"frame":3,"values":[0.9996,-0.0224,0.015,0,0.0227,0.9995,-0.0208,0,-0.0145,0.0212,0.9997,0,0,16.6717,-2.5162,1]},
{"frame":4,"values":[0.9996,-0.0236,0.0168,0,0.0239,0.9996,-0.0176,0,-0.0163,0.0179,0.9997,0,0,16.6717,-2.5162,1]},
{"frame":5,"values":[0.9996,-0.0243,0.0173,0,0.0246,0.9995,-0.0175,0,-0.0168,0.0179,0.9997,0,0,16.6717,-2.5162,1]},
{"frame":6,"values":[0.9996,-0.0246,0.0166,0,0.0249,0.9995,-0.02,0,-0.0161,0.0204,0.9997,0,0,16.6716,-2.5162,1]},
{"frame":7,"values":[0.9996,-0.0249,0.0154,0,0.0252,0.9994,-0.0231,0,-0.0149,0.0235,0.9996,0,0,16.6717,-2.5162,1]},
{"frame":8,"values":[0.9996,-0.0258,0.0144,0,0.0262,0.9993,-0.0252,0,-0.0138,0.0256,0.9996,0,0,16.6717,-2.5162,1]},
{"frame":9,"values":[0.9995,-0.0279,0.0139,0,0.0283,0.9992,-0.0266,0,-0.0132,0.027,0.9995,0,0,16.6717,-2.5162,1]},
{"frame":10,"values":[0.9994,-0.0309,0.0137,0,0.0313,0.9991,-0.0273,0,-0.0129,0.0278,0.9995,0,0,16.6717,-2.5162,1]},
{"frame":11,"values":[0.9993,-0.034,0.0134,0,0.0343,0.999,-0.0278,0,-0.0124,0.0282,0.9995,0,0,16.6717,-2.5162,1]},
{"frame":12,"values":[0.9993,-0.0363,0.0123,0,0.0366,0.9989,-0.0285,0,-0.0113,0.0289,0.9995,0,0,16.6717,-2.5162,1]},
{"frame":13,"values":[0.9993,-0.0372,0.0102,0,0.0375,0.9988,-0.0302,0,-0.0091,0.0306,0.9995,0,0,16.6716,-2.5162,1]},
{"frame":14,"values":[0.9993,-0.0368,0.007,0,0.037,0.9988,-0.0331,0,-0.0058,0.0334,0.9994,0,0,16.6717,-2.5162,1]},
{"frame":15,"values":[0.9994,-0.0355,0.0035,0,0.0356,0.9987,-0.0362,0,-0.0022,0.0363,0.9993,0,0,16.6717,-2.5162,1]},
{"frame":16,"values":[0.9994,-0.0342,0.0004,0,0.0342,0.9987,-0.038,0,0.0009,0.038,0.9993,0,0,16.6717,-2.5162,1]},
{"frame":17,"values":[0.9994,-0.0334,-0.0016,0,0.0333,0.9987,-0.0377,0,0.0028,0.0376,0.9993,0,0,16.6717,-2.5162,1]},
{"frame":18,"values":[0.9995,-0.0327,-0.0024,0,0.0326,0.9988,-0.0358,0,0.0036,0.0358,0.9994,0,0,16.6716,-2.5162,1]},
{"frame":19,"values":[0.9995,-0.0314,-0.0024,0,0.0313,0.9989,-0.0339,0,0.0034,0.0338,0.9994,0,0,16.6717,-2.5162,1]},
{"frame":20,"values":[0.9996,-0.0294,-0.0019,0,0.0293,0.999,-0.0328,0,0.0029,0.0328,0.9995,0,0,16.6717,-2.5162,1]},
{"frame":21,"values":[0.9996,-0.0272,-0.0014,0,0.0271,0.9991,-0.0333,0,0.0023,0.0332,0.9994,0,0,16.6717,-2.5162,1]},
{"frame":22,"values":[0.9997,-0.0258,-0.001,0,0.0257,0.9991,-0.0351,0,0.0019,0.035,0.9994,0,0,16.6717,-2.5162,1]},
{"frame":23,"values":[0.9997,-0.026,-0.0011,0,0.0259,0.9989,-0.0379,0,0.002,0.0378,0.9993,0,0,16.6717,-2.5162,1]},
{"frame":24,"values":[0.9996,-0.0272,-0.0017,0,0.0271,0.9988,-0.0414,0,0.0028,0.0413,0.9991,0,0,16.6716,-2.5162,1]},
{"frame":25,"values":[0.9996,-0.028,-0.0031,0,0.0279,0.9986,-0.0454,0,0.0044,0.0453,0.999,0,0,16.6717,-2.5162,1]},
{"frame":26,"values":[0.9996,-0.0269,-0.0051,0,0.0266,0.9984,-0.0498,0,0.0064,0.0496,0.9987,0,0,16.6717,-2.5162,1]},
{"frame":27,"values":[0.9997,-0.0234,-0.0071,0,0.023,0.9982,-0.0547,0,0.0084,0.0545,0.9985,0,0,16.6717,-2.5162,1]},
{"frame":28,"values":[0.9998,-0.0189,-0.0084,0,0.0183,0.998,-0.06,0,0.0095,0.0598,0.9982,0,0,16.6717,-2.5162,1]},
{"frame":29,"values":[0.9998,-0.0151,-0.0085,0,0.0145,0.9978,-0.065,0,0.0095,0.0649,0.9978,0,0,16.6716,-2.5162,1]},
{"frame":30,"values":[0.9999,-0.0134,-0.0074,0,0.0128,0.9976,-0.0685,0,0.0083,0.0684,0.9976,0,0,16.6717,-2.5162,1]},
{"frame":31,"values":[0.9999,-0.0135,-0.0053,0,0.0131,0.9975,-0.0692,0,0.0063,0.0691,0.9976,0,0,16.6717,-2.5162,1]},
{"frame":32,"values":[0.9999,-0.0145,-0.0027,0,0.0143,0.9977,-0.0666,0,0.0037,0.0666,0.9978,0,0,16.6716,-2.5162,1]},
{"frame":33,"values":[0.9999,-0.0157,0.0003,0,0.0156,0.998,-0.0608,0,0.0007,0.0608,0.9982,0,0,16.6716,-2.5162,1]},
{"frame":34,"values":[0.9999,-0.0168,0.0034,0,0.017,0.9985,-0.0522,0,-0.0025,0.0522,0.9986,0,0,16.6716,-2.5162,1]},
{"frame":35,"values":[0.9998,-0.0181,0.0066,0,0.0184,0.9989,-0.0422,0,-0.0058,0.0423,0.9991,0,0,16.6717,-2.5162,1]},
{"frame":36,"values":[0.9998,-0.0195,0.0095,0,0.0198,0.9992,-0.0336,0,-0.0089,0.0338,0.9994,0,0,16.6717,-2.5162,1]}],"loopBehavior":1,"name":"anim","property":"_matrix"}},
{"name":"mixamorig:Head","index":5,"matrix":[0.9967,-0.062,0.0526,0,0.0714,0.977,-0.2011,0,-0.0389,0.2042,0.9781,0,0,9.6179,1.685,1],"rest":[1,0,0,0,0,1,0,0,0,0,1,0,0,9.6179,1.685,1],"parentBoneIndex":4,"length":13.7945
,"animation":{"dataType":3,"framePerSecond":30,"keys":[
{"frame":1,"values":[0.9967,-0.062,0.0526,0,0.0714,0.977,-0.2011,0,-0.0389,0.2042,0.9781,0,0,9.6179,1.685,1]},
{"frame":2,"values":[0.9959,-0.0589,0.0691,0,0.0717,0.9768,-0.202,0,-0.0556,0.2061,0.977,0,0,9.6179,1.685,1]},
{"frame":3,"values":[0.9948,-0.0559,0.085,0,0.0722,0.9766,-0.2027,0,-0.0717,0.2078,0.9755,0,0,9.6179,1.685,1]},
{"frame":4,"values":[0.9938,-0.0537,0.0974,0,0.0726,0.9766,-0.2024,0,-0.0843,0.2082,0.9745,0,0,9.6179,1.685,1]},
{"frame":5,"values":[0.9933,-0.053,0.1031,0,0.0729,0.9771,-0.2,0,-0.0901,0.2062,0.9744,0,0,9.6179,1.685,1]},
{"frame":6,"values":[0.9934,-0.0539,0.1015,0,0.0732,0.9778,-0.1962,0,-0.0887,0.2023,0.9753,0,0,9.6179,1.685,1]},
{"frame":7,"values":[0.9938,-0.0556,0.0962,0,0.0734,0.9786,-0.1922,0,-0.0835,0.198,0.9766,0,0,9.6179,1.685,1]},
{"frame":8,"values":[0.9941,-0.0574,0.092,0,0.0741,0.979,-0.1901,0,-0.0791,0.1958,0.9775,0,0,9.6179,1.685,1]},
{"frame":9,"values":[0.9941,-0.059,0.0915,0,0.0757,0.9787,-0.1911,0,-0.0783,0.1969,0.9773,0,0,9.6179,1.685,1]},
{"frame":10,"values":[0.9938,-0.0601,0.0934,0,0.0773,0.9781,-0.1933,0,-0.0798,0.1994,0.9767,0,0,9.6179,1.685,1]},
{"frame":11,"values":[0.9937,-0.0601,0.095,0,0.0776,0.978,-0.1934,0,-0.0813,0.1996,0.9765,0,0,9.6179,1.685,1]},
{"frame":12,"values":[0.994,-0.0592,0.0924,0,0.0758,0.9792,-0.1883,0,-0.0794,0.1942,0.9777,0,0,9.6179,1.685,1]},
{"frame":13,"values":[0.9948,-0.0582,0.0832,0,0.0723,0.9815,-0.1775,0,-0.0714,0.1826,0.9806,0,0,9.6179,1.685,1]},
{"frame":14,"values":[0.996,-0.0581,0.0675,0,0.0685,0.9841,-0.1636,0,-0.057,0.1676,0.9842,0,0,9.6179,1.685,1]},
{"frame":15,"values":[0.997,-0.0594,0.0488,0,0.0661,0.9864,-0.1505,0,-0.0392,0.1533,0.9874,0,0,9.6179,1.685,1]},
{"frame":16,"values":[0.9976,-0.0621,0.032,0,0.066,0.9877,-0.1415,0,-0.0229,0.1432,0.9894,0,0,9.6179,1.685,1]},
{"frame":17,"values":[0.9977,-0.0649,0.021,0,0.0672,0.9882,-0.1374,0,-0.0118,0.1385,0.9903,0,0,9.6179,1.685,1]},
{"frame":18,"values":[0.9977,-0.0664,0.016,0,0.068,0.9881,-0.1376,0,-0.0067,0.1384,0.9904,0,0,9.6179,1.685,1]},
{"frame":19,"values":[0.9978,-0.0651,0.0151,0,0.0665,0.9878,-0.1406,0,-0.0057,0.1412,0.99,0,0,9.6179,1.685,1]},
{"frame":20,"values":[0.998,-0.061,0.0155,0,0.0626,0.9874,-0.145,0,-0.0065,0.1457,0.9893,0,0,9.6179,1.685,1]},
{"frame":21,"values":[0.9983,-0.0562,0.0162,0,0.058,0.9869,-0.1504,0,-0.0075,0.1511,0.9885,0,0,9.6179,1.685,1]},
{"frame":22,"values":[0.9984,-0.0536,0.0167,0,0.0556,0.9861,-0.1566,0,-0.0081,0.1572,0.9875,0,0,9.6179,1.685,1]},
{"frame":23,"values":[0.9983,-0.0559,0.0166,0,0.0578,0.9848,-0.1635,0,-0.0072,0.1642,0.9864,0,0,9.6179,1.685,1]},
{"frame":24,"values":[0.9979,-0.0639,0.014,0,0.0653,0.9831,-0.1713,0,-0.0028,0.1718,0.9851,0,0,9.6179,1.685,1]},
{"frame":25,"values":[0.9971,-0.0756,0.0071,0,0.0756,0.9808,-0.1796,0,0.0067,0.1796,0.9837,0,0,9.6179,1.685,1]},
{"frame":26,"values":[0.9962,-0.0866,-0.0045,0,0.0842,0.9785,-0.1883,0,0.0207,0.1872,0.9821,0,0,9.6179,1.685,1]},
{"frame":27,"values":[0.9955,-0.0927,-0.018,0,0.0874,0.9766,-0.1964,0,0.0358,0.1939,0.9804,0,0,9.6179,1.685,1]},
{"frame":28,"values":[0.9953,-0.0922,-0.0287,0,0.0846,0.9758,-0.2019,0,0.0466,0.1985,0.979,0,0,9.6179,1.685,1]},
{"frame":29,"values":[0.9957,-0.0871,-0.0323,0,0.0788,0.9759,-0.2036,0,0.0493,0.2002,0.9785,0,0,9.6179,1.685,1]},
{"frame":30,"values":[0.9963,-0.0812,-0.0276,0,0.074,0.9765,-0.2024,0,0.0434,0.1996,0.9789,0,0,9.6179,1.685,1]},
{"frame":31,"values":[0.9969,-0.0767,-0.0164,0,0.0719,0.9771,-0.2004,0,0.0314,0.1986,0.9796,0,0,9.6179,1.685,1]},
{"frame":32,"values":[0.9973,-0.0735,-0.0027,0,0.0715,0.9773,-0.1996,0,0.0173,0.1989,0.9799,0,0,9.6179,1.685,1]},
{"frame":33,"values":[0.9974,-0.0708,0.0104,0,0.0715,0.9772,-0.2001,0,0.004,0.2003,0.9797,0,0,9.6179,1.685,1]},
{"frame":34,"values":[0.9974,-0.0681,0.0228,0,0.0713,0.977,-0.2008,0,-0.0086,0.2019,0.9794,0,0,9.6179,1.685,1]},
{"frame":35,"values":[0.9972,-0.0651,0.037,0,0.0713,0.977,-0.2008,0,-0.0231,0.2029,0.9789,0,0,9.6179,1.685,1]},
{"frame":36,"values":[0.9967,-0.062,0.0526,0,0.0714,0.977,-0.2011,0,-0.0389,0.2042,0.9781,0,0,9.6179,1.685,1]}],"loopBehavior":1,"name":"anim","property":"_matrix"}},
{"name":"mixamorig:HeadTop_End","index":6,"matrix":[1,0,0,0,0,1,0,0,0,0,1,0,0,17.8152,2.585,1],"rest":[1,0,0,0,0,1,0,0,0,0,1,0,0,17.8152,2.585,1],"parentBoneIndex":5,"length":13.7945
,"animation":{"dataType":3,"framePerSecond":30,"keys":[
{"frame":1,"values":[1,0,0,0,0,1,0,0,0,0,1,0,0,17.8152,2.585,1]},
{"frame":5,"values":[1,0,0,0,0,1,0,0,0,0,1,0,0,17.8151,2.585,1]},
{"frame":6,"values":[1,0,0,0,0,1,0,0,0,0,1,0,0,17.8152,2.585,1]},
{"frame":9,"values":[1,0,0,0,0,1,0,0,0,0,1,0,0,17.8151,2.585,1]},
{"frame":10,"values":[1,0,0,0,0,1,0,0,0,0,1,0,0,17.8152,2.585,1]},
{"frame":14,"values":[1,0,0,0,0,1,0,0,0,0,1,0,0,17.8151,2.585,1]},
{"frame":15,"values":[1,0,0,0,0,1,0,0,0,0,1,0,0,17.8152,2.585,1]},
{"frame":27,"values":[1,0,0,0,0,1,0,0,0,0,1,0,0,17.8151,2.585,1]},
{"frame":29,"values":[1,0,0,0,0,1,0,0,0,0,1,0,0,17.8152,2.585,1]},
{"frame":30,"values":[1,0,0,0,0,1,0,0,0,0,1,0,0,17.8151,2.585,1]},
{"frame":31,"values":[1,0,0,0,0,1,0,0,0,0,1,0,0,17.8152,2.585,1]},
{"frame":32,"values":[1,0,0,0,0,1,0,0,0,0,1,0,0,17.8151,2.585,1]},
{"frame":34,"values":[1,0,0,0,0,1,0,0,0,0,1,0,0,17.8152,2.585,1]},
{"frame":36,"values":[1,0,0,0,0,1,0,0,0,0,1,0,0,17.8152,2.585,1]}],"loopBehavior":1,"name":"anim","property":"_matrix"}},
{"name":"mixamorig:LeftEye","index":7,"matrix":[1,0,0,0,0,1,0,0,0,0,1,0,3.0676,6.4095,9.2836,1],"rest":[1,0,0,0,0,1,0,0,0,0,1,0,3.0676,6.4095,9.2836,1],"parentBoneIndex":5,"length":13.7945
,"animation":{"dataType":3,"framePerSecond":30,"keys":[
{"frame":1,"values":[1,0,0,0,0,1,0,0,0,0,1,0,3.0676,6.4095,9.2836,1]},
{"frame":13,"values":[1,0,0,0,0,1,0,0,0,0,1,0,3.0676,6.4095,9.2835,1]},
{"frame":14,"values":[1,0,0,0,0,1,0,0,0,0,1,0,3.0676,6.4095,9.2836,1]},
{"frame":23,"values":[1,0,0,0,0,1,0,0,0,0,1,0,3.0676,6.4095,9.2835,1]},
{"frame":24,"values":[1,0,0,0,0,1,0,0,0,0,1,0,3.0676,6.4095,9.2836,1]},
{"frame":36,"values":[1,0,0,0,0,1,0,0,0,0,1,0,3.0676,6.4095,9.2836,1]}],"loopBehavior":1,"name":"anim","property":"_matrix"}},
{"name":"mixamorig:RightEye","index":8,"matrix":[1,0,0,0,0,1,0,0,0,0,1,0,-3.0675,6.4095,9.2835,1],"rest":[1,0,0,0,0,1,0,0,0,0,1,0,-3.0676,6.4095,9.2835,1],"parentBoneIndex":5,"length":13.7945
,"animation":{"dataType":3,"framePerSecond":30,"keys":[
{"frame":1,"values":[1,0,0,0,0,1,0,0,0,0,1,0,-3.0676,6.4095,9.2836,1]},
{"frame":2,"values":[1,0,0,0,0,1,0,0,0,0,1,0,-3.0676,6.4095,9.2835,1]},
{"frame":3,"values":[1,0,0,0,0,1,0,0,0,0,1,0,-3.0676,6.4095,9.2836,1]},
{"frame":4,"values":[1,0,0,0,0,1,0,0,0,0,1,0,-3.0676,6.4095,9.2835,1]},
{"frame":5,"values":[1,0,0,0,0,1,0,0,0,0,1,0,-3.0676,6.4095,9.2836,1]},
{"frame":6,"values":[1,0,0,0,0,1,0,0,0,0,1,0,-3.0676,6.4095,9.2835,1]},
{"frame":7,"values":[1,0,0,0,0,1,0,0,0,0,1,0,-3.0675,6.4095,9.2835,1]},
{"frame":8,"values":[1,0,0,0,0,1,0,0,0,0,1,0,-3.0676,6.4095,9.2835,1]},
{"frame":9,"values":[1,0,0,0,0,1,0,0,0,0,1,0,-3.0676,6.4095,9.2836,1]},
{"frame":11,"values":[1,0,0,0,0,1,0,0,0,0,1,0,-3.0675,6.4095,9.2835,1]},
{"frame":12,"values":[1,0,0,0,0,1,0,0,0,0,1,0,-3.0676,6.4095,9.2835,1]},
{"frame":15,"values":[1,0,0,0,0,1,0,0,0,0,1,0,-3.0675,6.4095,9.2836,1]},
{"frame":16,"values":[1,0,0,0,0,1,0,0,0,0,1,0,-3.0675,6.4095,9.2835,1]},
{"frame":17,"values":[1,0,0,0,0,1,0,0,0,0,1,0,-3.0676,6.4095,9.2835,1]},
{"frame":18,"values":[1,0,0,0,0,1,0,0,0,0,1,0,-3.0675,6.4095,9.2835,1]},
{"frame":19,"values":[1,0,0,0,0,1,0,0,0,0,1,0,-3.0676,6.4095,9.2835,1]},
{"frame":20,"values":[1,0,0,0,0,1,0,0,0,0,1,0,-3.0675,6.4095,9.2835,1]},
{"frame":21,"values":[1,0,0,0,0,1,0,0,0,0,1,0,-3.0675,6.4095,9.2836,1]},
{"frame":22,"values":[1,0,0,0,0,1,0,0,0,0,1,0,-3.0675,6.4095,9.2835,1]},
{"frame":26,"values":[1,0,0,0,0,1,0,0,0,0,1,0,-3.0676,6.4095,9.2836,1]},
{"frame":27,"values":[1,0,0,0,0,1,0,0,0,0,1,0,-3.0675,6.4095,9.2835,1]},
{"frame":28,"values":[1,0,0,0,0,1,0,0,0,0,1,0,-3.0676,6.4095,9.2835,1]},
{"frame":29,"values":[1,0,0,0,0,1,0,0,0,0,1,0,-3.0675,6.4095,9.2835,1]},
{"frame":30,"values":[1,0,0,0,0,1,0,0,0,0,1,0,-3.0676,6.4095,9.2835,1]},
{"frame":31,"values":[1,0,0,0,0,1,0,0,0,0,1,0,-3.0676,6.4095,9.2836,1]},
{"frame":32,"values":[1,0,0,0,0,1,0,0,0,0,1,0,-3.0676,6.4095,9.2835,1]},
{"frame":33,"values":[1,0,0,0,0,1,0,0,0,0,1,0,-3.0675,6.4095,9.2835,1]},
{"frame":34,"values":[1,0,0,0,0,1,0,0,0,0,1,0,-3.0676,6.4095,9.2835,1]},
{"frame":36,"values":[1,0,0,0,0,1,0,0,0,0,1,0,-3.0675,6.4095,9.2835,1]}],"loopBehavior":1,"name":"anim","property":"_matrix"}},
{"name":"mixamorig:LeftShoulder","index":9,"matrix":[0.9625,-0.1799,0.2033,0,0.1678,0.9829,0.0751,0,-0.2133,-0.0381,0.9762,0,4.5704,10.946,-2.628,1],"rest":[1,0,0,0,0,1,0,0,0,0,1,0,4.5704,10.946,-2.628,1],"parentBoneIndex":3,"length":10.8377
,"animation":{"dataType":3,"framePerSecond":30,"keys":[
{"frame":1,"values":[0.9625,-0.1799,0.2033,0,0.1678,0.9829,0.0751,0,-0.2133,-0.0381,0.9762,0,4.5704,10.946,-2.628,1]},
{"frame":2,"values":[0.9588,-0.1813,0.2185,0,0.1676,0.9826,0.0801,0,-0.2292,-0.0402,0.9725,0,4.5704,10.946,-2.628,1]},
{"frame":3,"values":[0.9556,-0.1835,0.2304,0,0.1682,0.9821,0.0846,0,-0.2418,-0.0421,0.9694,0,4.5704,10.946,-2.628,1]},
{"frame":4,"values":[0.9533,-0.1857,0.2382,0,0.1692,0.9816,0.0879,0,-0.2501,-0.0435,0.9672,0,4.5704,10.946,-2.628,1]},
{"frame":5,"values":[0.9521,-0.1874,0.2417,0,0.1704,0.9813,0.0898,0,-0.254,-0.0443,0.9662,0,4.5704,10.946,-2.628,1]},
{"frame":6,"values":[0.9517,-0.1888,0.2421,0,0.1715,0.981,0.0906,0,-0.2547,-0.0447,0.966,0,4.5704,10.946,-2.628,1]},
{"frame":7,"values":[0.9515,-0.1905,0.2416,0,0.1731,0.9807,0.0914,0,-0.2543,-0.0451,0.9661,0,4.5704,10.946,-2.628,1]},
{"frame":8,"values":[0.951,-0.1929,0.2416,0,0.1753,0.9802,0.0927,0,-0.2547,-0.0458,0.9659,0,4.5704,10.946,-2.628,1]},
{"frame":9,"values":[0.9502,-0.1957,0.2426,0,0.1777,0.9795,0.0945,0,-0.2562,-0.0466,0.9655,0,4.5704,10.946,-2.628,1]},
{"frame":10,"values":[0.9493,-0.1982,0.2441,0,0.1797,0.979,0.0962,0,-0.258,-0.0475,0.965,0,4.5704,10.946,-2.628,1]},
{"frame":11,"values":[0.9486,-0.1999,0.2452,0,0.1811,0.9786,0.0974,0,-0.2595,-0.048,0.9646,0,4.5704,10.946,-2.628,1]},
{"frame":12,"values":[0.9485,-0.2008,0.245,0,0.1819,0.9784,0.0979,0,-0.2594,-0.0482,0.9646,0,4.5704,10.946,-2.628,1]},
{"frame":13,"values":[0.9492,-0.2011,0.2422,0,0.1826,0.9784,0.0971,0,-0.2565,-0.0479,0.9654,0,4.5704,10.946,-2.628,1]},
{"frame":14,"values":[0.9508,-0.2005,0.236,0,0.1828,0.9786,0.0948,0,-0.2499,-0.047,0.9671,0,4.5704,10.946,-2.628,1]},
{"frame":15,"values":[0.9534,-0.1986,0.2271,0,0.1823,0.979,0.0911,0,-0.2405,-0.0455,0.9696,0,4.5704,10.946,-2.628,1]},
{"frame":16,"values":[0.9562,-0.1956,0.2179,0,0.1807,0.9797,0.0868,0,-0.2305,-0.0436,0.9721,0,4.5704,10.946,-2.628,1]},
{"frame":17,"values":[0.9585,-0.1923,0.2107,0,0.1785,0.9804,0.0829,0,-0.2225,-0.0419,0.974,0,4.5704,10.946,-2.628,1]},
{"frame":18,"values":[0.9599,-0.1894,0.2067,0,0.1762,0.9811,0.0803,0,-0.218,-0.0407,0.9751,0,4.5704,10.946,-2.628,1]},
{"frame":19,"values":[0.9606,-0.1873,0.2053,0,0.1745,0.9815,0.079,0,-0.2163,-0.0401,0.9755,0,4.5704,10.946,-2.628,1]},
{"frame":20,"values":[0.9609,-0.1859,0.2052,0,0.1732,0.9818,0.0784,0,-0.216,-0.0398,0.9756,0,4.5704,10.946,-2.628,1]},
{"frame":21,"values":[0.9611,-0.1852,0.2049,0,0.1726,0.9819,0.078,0,-0.2157,-0.0396,0.9757,0,4.5704,10.946,-2.628,1]},
{"frame":22,"values":[0.9614,-0.1852,0.2033,0,0.1728,0.9819,0.0775,0,-0.214,-0.0394,0.976,0,4.5704,10.946,-2.628,1]},
{"frame":23,"values":[0.962,-0.1861,0.2,0,0.174,0.9817,0.0769,0,-0.2107,-0.0392,0.9768,0,4.5704,10.946,-2.628,1]},
{"frame":24,"values":[0.9626,-0.1877,0.1956,0,0.1759,0.9815,0.0763,0,-0.2063,-0.039,0.9777,0,4.5704,10.946,-2.628,1]},
{"frame":25,"values":[0.9632,-0.1889,0.1914,0,0.1774,0.9812,0.0756,0,-0.2021,-0.0388,0.9786,0,4.5704,10.946,-2.628,1]},
{"frame":26,"values":[0.9638,-0.1883,0.1887,0,0.1771,0.9814,0.0745,0,-0.1992,-0.0384,0.9792,0,4.5704,10.946,-2.628,1]},
{"frame":27,"values":[0.9647,-0.1852,0.1875,0,0.1744,0.982,0.0729,0,-0.1976,-0.0376,0.9796,0,4.5704,10.946,-2.628,1]},
{"frame":28,"values":[0.9657,-0.1806,0.1869,0,0.1701,0.9829,0.0708,0,-0.1964,-0.0365,0.9798,0,4.5704,10.946,-2.628,1]},
{"frame":29,"values":[0.9666,-0.1763,0.1862,0,0.1662,0.9837,0.0688,0,-0.1953,-0.0356,0.9801,0,4.5704,10.946,-2.628,1]},
{"frame":30,"values":[0.967,-0.1745,0.1856,0,0.1645,0.984,0.0678,0,-0.1944,-0.0351,0.9803,0,4.5704,10.946,-2.628,1]},
{"frame":31,"values":[0.9669,-0.1755,0.1853,0,0.1655,0.9838,0.0682,0,-0.1943,-0.0353,0.9803,0,4.5704,10.946,-2.628,1]},
{"frame":32,"values":[0.9663,-0.1783,0.1858,0,0.1681,0.9833,0.0695,0,-0.1951,-0.036,0.9801,0,4.5704,10.946,-2.628,1]},
{"frame":33,"values":[0.9655,-0.1811,0.1871,0,0.1705,0.9828,0.071,0,-0.1967,-0.0367,0.9798,0,4.5704,10.946,-2.628,1]},
{"frame":34,"values":[0.9648,-0.1823,0.1895,0,0.1715,0.9825,0.0722,0,-0.1994,-0.0372,0.9792,0,4.5704,10.946,-2.628,1]},
{"frame":35,"values":[0.9639,-0.1818,0.1945,0,0.1705,0.9826,0.0734,0,-0.2045,-0.0376,0.9782,0,4.5704,10.946,-2.628,1]},
{"frame":36,"values":[0.9625,-0.1799,0.2033,0,0.1678,0.9829,0.0751,0,-0.2133,-0.0381,0.9762,0,4.5704,10.946,-2.628,1]}],"loopBehavior":1,"name":"anim","property":"_matrix"}},
{"name":"mixamorig:LeftArm","index":10,"matrix":[0.4398,-0.8979,-0.0195,0,0.8662,0.4183,0.2735,0,-0.2374,-0.1371,0.9617,0,10.5924,-0.5246,-2.2321,1],"rest":[1,0,0,0,0,1,0,0,0,0,1,0,10.5924,-0.5246,-2.2321,1],"parentBoneIndex":9,"length":27.8415
,"animation":{"dataType":3,"framePerSecond":30,"keys":[
{"frame":1,"values":[0.4398,-0.8979,-0.0195,0,0.8662,0.4183,0.2735,0,-0.2374,-0.1371,0.9617,0,10.5924,-0.5246,-2.2321,1]},
{"frame":2,"values":[0.4503,-0.8923,-0.0329,0,0.8612,0.4243,0.2799,0,-0.2358,-0.1543,0.9595,0,10.5924,-0.5246,-2.2321,1]},
{"frame":3,"values":[0.4583,-0.8867,-0.0607,0,0.8626,0.4273,0.2707,0,-0.2141,-0.1764,0.9607,0,10.5924,-0.5246,-2.2321,1]},
{"frame":4,"values":[0.461,-0.8824,-0.0941,0,0.8684,0.4268,0.2524,0,-0.1825,-0.198,0.963,0,10.5924,-0.5246,-2.2321,1]},
{"frame":5,"values":[0.4578,-0.8807,-0.1215,0,0.8758,0.4233,0.2321,0,-0.153,-0.2126,0.9651,0,10.5924,-0.5246,-2.2321,1]},
{"frame":6,"values":[0.4516,-0.8824,-0.1317,0,0.8819,0.4192,0.2158,0,-0.1352,-0.2136,0.9675,0,10.5924,-0.5246,-2.2321,1]},
{"frame":7,"values":[0.4467,-0.8862,-0.1224,0,0.885,0.4177,0.2054,0,-0.1309,-0.2001,0.971,0,10.5924,-0.5246,-2.2321,1]},
{"frame":8,"values":[0.4464,-0.8891,-0.1016,0,0.8846,0.4213,0.2001,0,-0.1351,-0.1792,0.9745,0,10.5924,-0.5246,-2.2321,1]},
{"frame":9,"values":[0.452,-0.8884,-0.0804,0,0.8806,0.43,0.1989,0,-0.1422,-0.1607,0.9767,0,10.5924,-0.5246,-2.2321,1]},
{"frame":10,"values":[0.4627,-0.884,-0.0663,0,0.8738,0.4422,0.2023,0,-0.1496,-0.1515,0.9771,0,10.5924,-0.5246,-2.2321,1]},
{"frame":11,"values":[0.4759,-0.8775,-0.0595,0,0.8651,0.4549,0.2115,0,-0.1585,-0.1522,0.9756,0,10.5924,-0.5246,-2.2321,1]},
{"frame":12,"values":[0.4888,-0.8708,-0.0539,0,0.8552,0.466,0.2269,0,-0.1725,-0.157,0.9724,0,10.5924,-0.5246,-2.2321,1]},
{"frame":13,"values":[0.4993,-0.8655,-0.0413,0,0.8442,0.4751,0.2482,0,-0.1952,-0.1588,0.9678,0,10.5924,-0.5246,-2.2321,1]},
{"frame":14,"values":[0.5069,-0.8618,-0.0162,0,0.831,0.4836,0.2751,0,-0.2292,-0.153,0.9613,0,10.5924,-0.5246,-2.2321,1]},
{"frame":15,"values":[0.5123,-0.8585,0.0208,0,0.8143,0.4933,0.3059,0,-0.2728,-0.1398,0.9519,0,10.5924,-0.5246,-2.2321,1]},
{"frame":16,"values":[0.5176,-0.8532,0.0637,0,0.7941,0.5068,0.3356,0,-0.3186,-0.1231,0.9399,0,10.5924,-0.5246,-2.2321,1]},
{"frame":17,"values":[0.5268,-0.8437,0.1031,0,0.772,0.5256,0.3575,0,-0.3558,-0.1087,0.9282,0,10.5924,-0.5246,-2.2321,1]},
{"frame":18,"values":[0.5436,-0.8292,0.1304,0,0.7503,0.5497,0.3672,0,-0.3762,-0.1018,0.9209,0,10.5924,-0.5246,-2.2321,1]},
{"frame":19,"values":[0.5684,-0.8105,0.1415,0,0.731,0.5764,0.3652,0,-0.3775,-0.1041,0.9201,0,10.5924,-0.5246,-2.2321,1]},
{"frame":20,"values":[0.5968,-0.7905,0.1379,0,0.7154,0.602,0.3548,0,-0.3635,-0.113,0.9247,0,10.5924,-0.5246,-2.2321,1]},
