{"producer":{"name":"Blender","version":"2.79 (sub 0)","exporter_version":"5.6.4","file":"femaleidle.babylon"},
"autoClear":true,"clearColor":[0.0509,0.0509,0.0509],"ambientColor":[0,0,0],"gravity":[0,-9.81,0],
"materials":[{"name":"femaleidle.Beta_Joints_MAT","id":"femaleidle.Beta_Joints_MAT","ambient":[0.3333,0.1245,0.101],"diffuse":[0.2667,0.0996,0.0808],"specular":[0.1496,0.1496,0.1496],"emissive":[0,0,0],"specularPower":11,"alpha":1,"backFaceCulling":true,"checkReadyOnlyOnce":false,"maxSimultaneousLights":4},
{"name":"femaleidle.asdf1:Beta_HighLimbsGeoSG2","id":"femaleidle.asdf1:Beta_HighLimbsGeoSG2","ambient":[0.837,0.3023,0.2637],"diffuse":[0.6696,0.2418,0.2109],"specular":[0.2436,0.2436,0.2436],"emissive":[0,0,0],"specularPower":19,"alpha":1,"backFaceCulling":true,"checkReadyOnlyOnce":false,"maxSimultaneousLights":4}],
"multiMaterials":[],
"skeletons":[{"name":"Armature","id":0,"dimensionsAtRest":[180.6984,191.5436,26.6004],"bones":[
{"name":"mixamorig:Hips","index":0,"matrix":[0.9979,-0.0071,-0.0641,0,0.0028,0.9978,-0.0667,0,-0.0644,-0.0664,-0.9957,0,-0.093,102.8386,-1.8044,1],"rest":[1,0,0,0,0,1,0,0,0,0,-1,0,0,103.9915,-2.0761,1],"parentBoneIndex":-1,"length":10.5592
,"animation":{"dataType":3,"framePerSecond":30,"keys":[
{"frame":1,"values":[0.9979,-0.0071,-0.0641,0,0.0028,0.9978,-0.0667,0,-0.0644,-0.0664,-0.9957,0,-0.093,102.8386,-1.8044,1]},
{"frame":2,"values":[0.9979,-0.0072,-0.0641,0,0.0029,0.9978,-0.0665,0,-0.0645,-0.0662,-0.9957,0,-0.0952,102.8396,-1.8213,1]},
{"frame":3,"values":[0.9979,-0.0071,-0.0641,0,0.0028,0.9978,-0.0662,0,-0.0644,-0.0659,-0.9958,0,-0.0945,102.8418,-1.8268,1]},
{"frame":4,"values":[0.9979,-0.007,-0.064,0,0.0028,0.9978,-0.0659,0,-0.0643,-0.0656,-0.9958,0,-0.0954,102.8425,-1.8218,1]},
{"frame":5,"values":[0.9979,-0.0069,-0.0639,0,0.0027,0.9978,-0.0657,0,-0.0642,-0.0654,-0.9958,0,-0.0995,102.8426,-1.8076,1]},
{"frame":6,"values":[0.9979,-0.0067,-0.0638,0,0.0025,0.9978,-0.066,0,-0.0641,-0.0657,-0.9958,0,-0.105,102.8442,-1.789,1]},
{"frame":7,"values":[0.998,-0.0066,-0.0636,0,0.0023,0.9977,-0.0672,0,-0.0639,-0.0669,-0.9957,0,-0.1119,102.8468,-1.7729,1]},
{"frame":8,"values":[0.998,-0.0067,-0.0633,0,0.0023,0.9976,-0.0693,0,-0.0636,-0.069,-0.9956,0,-0.1233,102.8454,-1.7599,1]},
{"frame":9,"values":[0.998,-0.007,-0.0625,0,0.0025,0.9974,-0.0717,0,-0.0628,-0.0714,-0.9955,0,-0.1393,102.8338,-1.7408,1]},
{"frame":10,"values":[0.9981,-0.0073,-0.0613,0,0.0028,0.9972,-0.0742,0,-0.0617,-0.0739,-0.9954,0,-0.1541,102.8181,-1.7202,1]},
{"frame":11,"values":[0.9982,-0.0075,-0.06,0,0.0029,0.997,-0.0767,0,-0.0604,-0.0764,-0.9952,0,-0.162,102.8092,-1.7193,1]},
{"frame":12,"values":[0.9982,-0.0077,-0.0588,0,0.003,0.9969,-0.0789,0,-0.0593,-0.0785,-0.9951,0,-0.1647,102.8071,-1.7392,1]},
{"frame":13,"values":[0.9983,-0.0077,-0.0583,0,0.003,0.9968,-0.08,0,-0.0587,-0.0797,-0.9951,0,-0.1643,102.8078,-1.7635,1]},
{"frame":14,"values":[0.9983,-0.0071,-0.0586,0,0.0024,0.9968,-0.0801,0,-0.059,-0.0799,-0.9951,0,-0.1539,102.8124,-1.7866,1]},
{"frame":15,"values":[0.9982,-0.0064,-0.0594,0,0.0016,0.9968,-0.0802,0,-0.0597,-0.08,-0.995,0,-0.1373,102.8176,-1.8053,1]},
{"frame":16,"values":[0.9982,-0.006,-0.0602,0,0.0012,0.9967,-0.0806,0,-0.0605,-0.0804,-0.9949,0,-0.1258,102.8178,-1.8188,1]},
{"frame":17,"values":[0.9981,-0.0058,-0.0609,0,0.0009,0.9967,-0.0807,0,-0.0612,-0.0805,-0.9949,0,-0.1152,102.8162,-1.8321,1]},
{"frame":18,"values":[0.9981,-0.0056,-0.0615,0,0.0006,0.9968,-0.0803,0,-0.0617,-0.0801,-0.9949,0,-0.1026,102.8171,-1.8442,1]},
{"frame":19,"values":[0.9981,-0.0052,-0.0618,0,0.0003,0.9968,-0.0797,0,-0.062,-0.0795,-0.9949,0,-0.094,102.8196,-1.8518,1]},
{"frame":20,"values":[0.9981,-0.005,-0.062,0,0.0001,0.9969,-0.0791,0,-0.0622,-0.0789,-0.9949,0,-0.0903,102.8214,-1.8534,1]},
{"frame":21,"values":[0.998,-0.005,-0.0624,0,0,0.9969,-0.0785,0,-0.0626,-0.0783,-0.995,0,-0.0874,102.8205,-1.845,1]},
{"frame":22,"values":[0.998,-0.0051,-0.0629,0,0.0002,0.997,-0.0777,0,-0.0631,-0.0776,-0.995,0,-0.0817,102.8175,-1.8236,1]},
{"frame":23,"values":[0.998,-0.0052,-0.0631,0,0.0003,0.997,-0.0768,0,-0.0634,-0.0766,-0.995,0,-0.0759,102.8145,-1.7924,1]},
{"frame":24,"values":[0.998,-0.0052,-0.0633,0,0.0004,0.9971,-0.0758,0,-0.0635,-0.0756,-0.9951,0,-0.0743,102.8143,-1.7559,1]},
{"frame":25,"values":[0.998,-0.0052,-0.0633,0,0.0005,0.9972,-0.0749,0,-0.0635,-0.0748,-0.9952,0,-0.0755,102.8158,-1.7176,1]},
{"frame":26,"values":[0.998,-0.0052,-0.0634,0,0.0004,0.9972,-0.0744,0,-0.0636,-0.0743,-0.9952,0,-0.0739,102.8162,-1.6808,1]},
{"frame":27,"values":[0.998,-0.0051,-0.0633,0,0.0004,0.9972,-0.0742,0,-0.0635,-0.074,-0.9952,0,-0.0683,102.8162,-1.6448,1]},
{"frame":28,"values":[0.998,-0.0051,-0.0633,0,0.0005,0.9973,-0.0735,0,-0.0635,-0.0733,-0.9953,0,-0.0634,102.8167,-1.6066,1]},
{"frame":29,"values":[0.998,-0.0052,-0.0633,0,0.0006,0.9974,-0.0723,0,-0.0635,-0.0721,-0.9954,0,-0.0614,102.8178,-1.5623,1]},
{"frame":30,"values":[0.998,-0.0052,-0.0632,0,0.0007,0.9975,-0.0708,0,-0.0635,-0.0706,-0.9955,0,-0.0604,102.8191,-1.5045,1]},
{"frame":31,"values":[0.998,-0.0053,-0.0631,0,0.001,0.9976,-0.0693,0,-0.0633,-0.0691,-0.9956,0,-0.0608,102.8206,-1.4345,1]},
{"frame":32,"values":[0.998,-0.0055,-0.0628,0,0.0012,0.9977,-0.0684,0,-0.0631,-0.0682,-0.9957,0,-0.0627,102.8232,-1.3683,1]},
{"frame":33,"values":[0.998,-0.0055,-0.0627,0,0.0012,0.9977,-0.0681,0,-0.0629,-0.0679,-0.9957,0,-0.0664,102.827,-1.3126,1]},
{"frame":34,"values":[0.998,-0.0055,-0.0627,0,0.0012,0.9977,-0.0683,0,-0.0629,-0.0681,-0.9957,0,-0.0727,102.8301,-1.2606,1]},
{"frame":35,"values":[0.998,-0.0056,-0.0626,0,0.0013,0.9976,-0.0687,0,-0.0628,-0.0684,-0.9957,0,-0.08,102.8303,-1.2099,1]},
{"frame":36,"values":[0.998,-0.0057,-0.0627,0,0.0013,0.9976,-0.069,0,-0.0629,-0.0688,-0.9956,0,-0.0858,102.8287,-1.1581,1]},
{"frame":37,"values":[0.998,-0.0057,-0.0629,0,0.0014,0.9976,-0.0693,0,-0.0631,-0.0691,-0.9956,0,-0.0911,102.828,-1.1079,1]},
{"frame":38,"values":[0.998,-0.0059,-0.0633,0,0.0014,0.9976,-0.0695,0,-0.0636,-0.0692,-0.9956,0,-0.0974,102.8304,-1.068,1]},
{"frame":39,"values":[0.9979,-0.0061,-0.064,0,0.0016,0.9976,-0.0698,0,-0.0642,-0.0696,-0.9955,0,-0.1048,102.8344,-1.0491,1]},
{"frame":40,"values":[0.9979,-0.0062,-0.0646,0,0.0016,0.9975,-0.0706,0,-0.0648,-0.0703,-0.9954,0,-0.1128,102.8355,-1.0564,1]},
{"frame":41,"values":[0.9979,-0.0062,-0.0652,0,0.0015,0.9975,-0.071,0,-0.0655,-0.0708,-0.9953,0,-0.1187,102.8377,-1.0819,1]},
{"frame":42,"values":[0.9978,-0.0061,-0.0663,0,0.0014,0.9975,-0.0707,0,-0.0666,-0.0705,-0.9953,0,-0.124,102.8422,-1.1139,1]},
{"frame":43,"values":[0.9977,-0.0062,-0.0675,0,0.0014,0.9976,-0.0698,0,-0.0678,-0.0695,-0.9953,0,-0.1329,102.8469,-1.1479,1]},
{"frame":44,"values":[0.9976,-0.0062,-0.0686,0,0.0015,0.9977,-0.0682,0,-0.0689,-0.0679,-0.9953,0,-0.141,102.853,-1.1827,1]},
{"frame":45,"values":[0.9975,-0.0061,-0.0697,0,0.0015,0.9978,-0.0663,0,-0.0699,-0.0661,-0.9954,0,-0.1437,102.8587,-1.2168,1]},
{"frame":46,"values":[0.9975,-0.0059,-0.0708,0,0.0014,0.9979,-0.0644,0,-0.071,-0.0642,-0.9954,0,-0.1425,102.8629,-1.2515,1]},
{"frame":47,"values":[0.9974,-0.0055,-0.0718,0,0.0011,0.998,-0.0625,0,-0.072,-0.0623,-0.9955,0,-0.1397,102.8672,-1.2865,1]},
{"frame":48,"values":[0.9974,-0.0053,-0.0725,0,0.0009,0.9981,-0.0609,0,-0.0727,-0.0607,-0.9955,0,-0.1404,102.8713,-1.3196,1]},
{"frame":49,"values":[0.9973,-0.0056,-0.0728,0,0.0012,0.9982,-0.06,0,-0.073,-0.0598,-0.9955,0,-0.15,102.8727,-1.3504,1]},
{"frame":50,"values":[0.9973,-0.0059,-0.0733,0,0.0015,0.9982,-0.0596,0,-0.0735,-0.0593,-0.9955,0,-0.1604,102.8727,-1.3754,1]},
{"frame":51,"values":[0.9973,-0.0061,-0.0736,0,0.0017,0.9982,-0.0592,0,-0.0739,-0.059,-0.9955,0,-0.1655,102.8724,-1.3933,1]},
{"frame":52,"values":[0.9973,-0.0066,-0.073,0,0.0023,0.9982,-0.0591,0,-0.0732,-0.0588,-0.9956,0,-0.1701,102.8672,-1.4043,1]},
{"frame":53,"values":[0.9974,-0.0073,-0.0722,0,0.003,0.9982,-0.0596,0,-0.0725,-0.0592,-0.9956,0,-0.1737,102.8583,-1.4027,1]},
{"frame":54,"values":[0.9974,-0.0079,-0.0718,0,0.0035,0.9982,-0.0607,0,-0.0722,-0.0602,-0.9956,0,-0.1754,102.8496,-1.3933,1]},
{"frame":55,"values":[0.9974,-0.0083,-0.0716,0,0.0039,0.9981,-0.062,0,-0.0719,-0.0616,-0.9955,0,-0.1765,102.8404,-1.3827,1]},
{"frame":56,"values":[0.9974,-0.0087,-0.0716,0,0.0042,0.998,-0.0631,0,-0.072,-0.0626,-0.9954,0,-0.1799,102.833,-1.3676,1]},
{"frame":57,"values":[0.9973,-0.0088,-0.0725,0,0.0042,0.998,-0.0638,0,-0.0729,-0.0634,-0.9953,0,-0.1874,102.8296,-1.3469,1]},
{"frame":58,"values":[0.9973,-0.0089,-0.0735,0,0.0041,0.9979,-0.0654,0,-0.074,-0.0649,-0.9951,0,-0.1999,102.8265,-1.3261,1]},
{"frame":59,"values":[0.9972,-0.0092,-0.0738,0,0.0041,0.9977,-0.0683,0,-0.0743,-0.0678,-0.9949,0,-0.2166,102.8185,-1.311,1]},
{"frame":60,"values":[0.9973,-0.0094,-0.0734,0,0.0041,0.9974,-0.0715,0,-0.0739,-0.071,-0.9947,0,-0.2315,102.8084,-1.3064,1]},
{"frame":61,"values":[0.9973,-0.0095,-0.0726,0,0.0041,0.9972,-0.0744,0,-0.0731,-0.0739,-0.9946,0,-0.2434,102.8011,-1.3172,1]},
{"frame":62,"values":[0.9974,-0.0098,-0.071,0,0.0043,0.9971,-0.0766,0,-0.0715,-0.0761,-0.9945,0,-0.2541,102.7958,-1.3412,1]},
{"frame":63,"values":[0.9976,-0.0101,-0.069,0,0.0047,0.997,-0.0777,0,-0.0696,-0.0772,-0.9946,0,-0.2605,102.7932,-1.3683,1]},
{"frame":64,"values":[0.9976,-0.01,-0.0679,0,0.0047,0.997,-0.0769,0,-0.0684,-0.0764,-0.9947,0,-0.2558,102.7964,-1.3901,1]},
{"frame":65,"values":[0.9976,-0.0097,-0.0679,0,0.0046,0.9972,-0.0749,0,-0.0684,-0.0744,-0.9949,0,-0.2419,102.8009,-1.3939,1]},
{"frame":66,"values":[0.9976,-0.0097,-0.0683,0,0.0047,0.9973,-0.0732,0,-0.0689,-0.0727,-0.995,0,-0.2304,102.7996,-1.3715,1]},
{"frame":67,"values":[0.9976,-0.0098,-0.0688,0,0.0048,0.9974,-0.072,0,-0.0693,-0.0715,-0.995,0,-0.2239,102.7945,-1.3351,1]},
{"frame":68,"values":[0.9976,-0.0098,-0.069,0,0.0049,0.9974,-0.0713,0,-0.0695,-0.0708,-0.9951,0,-0.2194,102.7908,-1.2966,1]},
{"frame":69,"values":[0.9976,-0.0099,-0.069,0,0.005,0.9974,-0.0714,0,-0.0696,-0.0709,-0.9951,0,-0.2135,102.7889,-1.256,1]},
{"frame":70,"values":[0.9975,-0.0099,-0.0693,0,0.0049,0.9974,-0.0719,0,-0.0699,-0.0714,-0.995,0,-0.208,102.7868,-1.2095,1]},
{"frame":71,"values":[0.9975,-0.0097,-0.0697,0,0.0046,0.9974,-0.0726,0,-0.0702,-0.0721,-0.9949,0,-0.2056,102.7859,-1.1582,1]},
{"frame":72,"values":[0.9975,-0.0094,-0.0698,0,0.0043,0.9973,-0.0732,0,-0.0703,-0.0727,-0.9949,0,-0.2061,102.7873,-1.1054,1]},
{"frame":73,"values":[0.9975,-0.0092,-0.07,0,0.004,0.9973,-0.0739,0,-0.0705,-0.0735,-0.9948,0,-0.2069,102.7864,-1.0502,1]},
{"frame":74,"values":[0.9975,-0.0091,-0.0705,0,0.0039,0.9972,-0.0747,0,-0.071,-0.0742,-0.9947,0,-0.2063,102.7823,-0.9927,1]},
{"frame":75,"values":[0.9975,-0.0092,-0.0705,0,0.0039,0.9971,-0.0754,0,-0.0709,-0.075,-0.9947,0,-0.2052,102.7757,-0.9367,1]},
{"frame":76,"values":[0.9975,-0.0095,-0.07,0,0.0042,0.9971,-0.0763,0,-0.0705,-0.0758,-0.9946,0,-0.2034,102.7658,-0.8837,1]},
{"frame":77,"values":[0.9976,-0.0099,-0.0692,0,0.0046,0.997,-0.0768,0,-0.0698,-0.0762,-0.9946,0,-0.2002,102.7569,-0.8315,1]},
{"frame":78,"values":[0.9976,-0.0102,-0.0687,0,0.005,0.9971,-0.0761,0,-0.0693,-0.0756,-0.9947,0,-0.1978,102.7541,-0.7777,1]},
{"frame":79,"values":[0.9976,-0.0104,-0.0685,0,0.0053,0.9972,-0.0752,0,-0.0691,-0.0746,-0.9948,0,-0.1986,102.7546,-0.7285,1]},
{"frame":80,"values":[0.9976,-0.0106,-0.068,0,0.0055,0.9972,-0.075,0,-0.0686,-0.0744,-0.9949,0,-0.2002,102.7546,-0.6978,1]},
{"frame":81,"values":[0.9977,-0.0108,-0.067,0,0.0057,0.9971,-0.0753,0,-0.0677,-0.0747,-0.9949,0,-0.2024,102.7539,-0.6857,1]},
{"frame":82,"values":[0.9978,-0.0109,-0.066,0,0.0059,0.9971,-0.0753,0,-0.0666,-0.0748,-0.995,0,-0.2101,102.7533,-0.677,1]},
{"frame":83,"values":[0.9978,-0.011,-0.065,0,0.0061,0.9972,-0.075,0,-0.0656,-0.0744,-0.9951,0,-0.2189,102.7543,-0.6629,1]},
{"frame":84,"values":[0.9979,-0.011,-0.0641,0,0.0062,0.9972,-0.0745,0,-0.0647,-0.0739,-0.9952,0,-0.2231,102.7576,-0.6462,1]},
{"frame":85,"values":[0.9979,-0.0111,-0.0635,0,0.0063,0.9972,-0.0745,0,-0.0642,-0.0739,-0.9952,0,-0.2263,102.7605,-0.6387,1]},
{"frame":86,"values":[0.9979,-0.0111,-0.0633,0,0.0064,0.9972,-0.0751,0,-0.064,-0.0745,-0.9952,0,-0.2334,102.7599,-0.6499,1]},
{"frame":87,"values":[0.9979,-0.0112,-0.0635,0,0.0064,0.9971,-0.0757,0,-0.0641,-0.0752,-0.9951,0,-0.2412,102.7578,-0.674,1]},
{"frame":88,"values":[0.9979,-0.0112,-0.0635,0,0.0063,0.9971,-0.0758,0,-0.0642,-0.0753,-0.9951,0,-0.2423,102.7609,-0.7024,1]},
{"frame":89,"values":[0.9979,-0.011,-0.0633,0,0.0062,0.9971,-0.0755,0,-0.064,-0.075,-0.9951,0,-0.2397,102.7664,-0.7412,1]},
{"frame":90,"values":[0.9979,-0.0111,-0.063,0,0.0063,0.9971,-0.0752,0,-0.0637,-0.0747,-0.9952,0,-0.2384,102.7695,-0.7967,1]},
{"frame":91,"values":[0.998,-0.0111,-0.0628,0,0.0064,0.9972,-0.075,0,-0.0635,-0.0744,-0.9952,0,-0.2355,102.773,-0.8666,1]},
{"frame":92,"values":[0.998,-0.0108,-0.0627,0,0.0061,0.9972,-0.0744,0,-0.0634,-0.0739,-0.9953,0,-0.2285,102.7813,-0.9533,1]},
{"frame":93,"values":[0.998,-0.0104,-0.0627,0,0.0057,0.9973,-0.0737,0,-0.0633,-0.0732,-0.9953,0,-0.2183,102.7924,-1.0626,1]},
{"frame":94,"values":[0.998,-0.01,-0.0625,0,0.0054,0.9973,-0.0728,0,-0.0631,-0.0723,-0.9954,0,-0.2042,102.8019,-1.1847,1]},
{"frame":95,"values":[0.998,-0.0095,-0.0625,0,0.005,0.9974,-0.0717,0,-0.063,-0.0713,-0.9955,0,-0.1842,102.8101,-1.3044,1]},
{"frame":96,"values":[0.998,-0.009,-0.0627,0,0.0045,0.9975,-0.0707,0,-0.0632,-0.0703,-0.9955,0,-0.1644,102.8157,-1.4182,1]},
{"frame":97,"values":[0.998,-0.0084,-0.0629,0,0.004,0.9976,-0.0698,0,-0.0634,-0.0694,-0.9956,0,-0.1449,102.8215,-1.526,1]},
{"frame":98,"values":[0.998,-0.0079,-0.0632,0,0.0036,0.9976,-0.0688,0,-0.0636,-0.0684,-0.9956,0,-0.1232,102.8297,-1.6281,1]},
{"frame":99,"values":[0.9979,-0.0075,-0.0637,0,0.0032,0.9977,-0.0676,0,-0.064,-0.0673,-0.9957,0,-0.1061,102.8348,-1.7222,1]},
{"frame":100,"values":[0.9979,-0.0071,-0.0641,0,0.0028,0.9978,-0.0667,0,-0.0644,-0.0664,-0.9957,0,-0.093,102.8386,-1.8044,1]}],"loopBehavior":1,"name":"anim","property":"_matrix"}},
{"name":"mixamorig:Spine","index":1,"matrix":[1,-0.0001,-0.0055,0,0.0002,1,0.003,0,0.0055,-0.003,1,0,0,10.1816,0.1315,1],"rest":[1,0,0,0,0,1,0,0,0,0,1,0,0,10.1816,0.1315,1],"parentBoneIndex":0,"length":10.133
,"animation":{"dataType":3,"framePerSecond":30,"keys":[
{"frame":1,"values":[1,-0.0001,-0.0055,0,0.0002,1,0.003,0,0.0055,-0.003,1,0,0,10.1816,0.1315,1]},
{"frame":2,"values":[1,-0.0002,-0.0055,0,0.0002,1,0.0022,0,0.0055,-0.0022,1,0,0,10.1816,0.1315,1]},
{"frame":3,"values":[1,-0.0001,-0.0056,0,0.0001,1,0.0004,0,0.0056,-0.0004,1,0,0,10.1816,0.1315,1]},
{"frame":4,"values":[1,0.0002,-0.0057,0,-0.0002,1,-0.0025,0,0.0057,0.0025,1,0,0,10.1816,0.1315,1]},
{"frame":5,"values":[1,0.0005,-0.0059,0,-0.0005,1,-0.0063,0,0.0058,0.0063,1,0,0,10.1816,0.1315,1]},
{"frame":6,"values":[1,0.0009,-0.006,0,-0.001,0.9999,-0.0111,0,0.006,0.0111,0.9999,0,0,10.1816,0.1315,1]},
{"frame":7,"values":[1,0.0015,-0.0062,0,-0.0016,0.9999,-0.0165,0,0.0062,0.0165,0.9998,0,0,10.1816,0.1315,1]},
{"frame":8,"values":[1,0.0021,-0.0064,0,-0.0022,0.9997,-0.0223,0,0.0063,0.0223,0.9997,0,0,10.1816,0.1315,1]},
{"frame":9,"values":[1,0.0028,-0.0065,0,-0.003,0.9996,-0.0284,0,0.0064,0.0284,0.9996,0,0,10.1816,0.1315,1]},
{"frame":10,"values":[1,0.0037,-0.0065,0,-0.0039,0.9994,-0.0349,0,0.0063,0.0349,0.9994,0,0,10.1816,0.1315,1]},
{"frame":11,"values":[1,0.0045,-0.0063,0,-0.0047,0.9991,-0.0416,0,0.0061,0.0416,0.9991,0,0,10.1816,0.1315,1]},
{"frame":12,"values":[1,0.0051,-0.0061,0,-0.0054,0.9988,-0.0484,0,0.0058,0.0484,0.9988,0,0,10.1816,0.1315,1]},
{"frame":13,"values":[1,0.0057,-0.006,0,-0.006,0.9985,-0.055,0,0.0057,0.055,0.9985,0,0,10.1816,0.1315,1]},
{"frame":14,"values":[1,0.0061,-0.0062,0,-0.0065,0.9981,-0.0612,0,0.0058,0.0613,0.9981,0,0,10.1816,0.1315,1]},
{"frame":15,"values":[1,0.0065,-0.0064,0,-0.0069,0.9977,-0.0672,0,0.006,0.0673,0.9977,0,0,10.1816,0.1315,1]},
{"frame":16,"values":[1,0.0069,-0.0067,0,-0.0073,0.9973,-0.0729,0,0.0062,0.0729,0.9973,0,0,10.1816,0.1315,1]},
{"frame":17,"values":[0.9999,0.0072,-0.007,0,-0.0077,0.9969,-0.0779,0,0.0064,0.078,0.9969,0,0,10.1816,0.1315,1]},
{"frame":18,"values":[0.9999,0.0074,-0.0072,0,-0.008,0.9966,-0.0823,0,0.0066,0.0824,0.9966,0,0,10.1816,0.1315,1]},
{"frame":19,"values":[0.9999,0.0076,-0.0074,0,-0.0082,0.9963,-0.0858,0,0.0067,0.0859,0.9963,0,0,10.1816,0.1315,1]},
{"frame":20,"values":[0.9999,0.0076,-0.0076,0,-0.0082,0.9961,-0.0881,0,0.0069,0.0881,0.9961,0,0,10.1816,0.1315,1]},
{"frame":21,"values":[0.9999,0.0075,-0.0079,0,-0.0082,0.996,-0.0889,0,0.0072,0.0889,0.996,0,0,10.1816,0.1315,1]},
{"frame":22,"values":[0.9999,0.0074,-0.0082,0,-0.0081,0.9961,-0.0884,0,0.0075,0.0884,0.9961,0,0,10.1816,0.1315,1]},
{"frame":23,"values":[0.9999,0.0072,-0.0085,0,-0.0079,0.9962,-0.0868,0,0.0078,0.0869,0.9962,0,0,10.1816,0.1315,1]},
{"frame":24,"values":[0.9999,0.007,-0.0088,0,-0.0077,0.9964,-0.0843,0,0.0082,0.0844,0.9964,0,0,10.1816,0.1315,1]},
{"frame":25,"values":[0.9999,0.0067,-0.0089,0,-0.0074,0.9967,-0.0811,0,0.0084,0.0812,0.9967,0,0,10.1816,0.1315,1]},
{"frame":26,"values":[0.9999,0.0064,-0.0089,0,-0.0071,0.997,-0.0774,0,0.0084,0.0775,0.997,0,0,10.1816,0.1315,1]},
{"frame":27,"values":[0.9999,0.0062,-0.0089,0,-0.0068,0.9973,-0.0733,0,0.0084,0.0734,0.9973,0,0,10.1816,0.1315,1]},
{"frame":28,"values":[0.9999,0.006,-0.0088,0,-0.0066,0.9976,-0.0686,0,0.0084,0.0687,0.9976,0,0,10.1816,0.1315,1]},
{"frame":29,"values":[0.9999,0.0057,-0.0087,0,-0.0063,0.998,-0.0636,0,0.0083,0.0636,0.9979,0,0,10.1816,0.1315,1]},
{"frame":30,"values":[0.9999,0.0055,-0.0085,0,-0.006,0.9983,-0.0584,0,0.0082,0.0584,0.9983,0,0,10.1816,0.1315,1]},
{"frame":31,"values":[1,0.0055,-0.0084,0,-0.0059,0.9986,-0.0532,0,0.0081,0.0533,0.9985,0,0,10.1816,0.1315,1]},
{"frame":32,"values":[1,0.0053,-0.0081,0,-0.0057,0.9988,-0.0483,0,0.0078,0.0483,0.9988,0,0,10.1816,0.1315,1]},
{"frame":33,"values":[1,0.005,-0.0078,0,-0.0053,0.999,-0.0435,0,0.0076,0.0436,0.999,0,0,10.1816,0.1315,1]},
{"frame":34,"values":[1,0.0045,-0.0075,0,-0.0048,0.9992,-0.0388,0,0.0073,0.0388,0.9992,0,0,10.1816,0.1315,1]},
{"frame":35,"values":[1,0.0041,-0.0073,0,-0.0044,0.9994,-0.034,0,0.0071,0.034,0.9994,0,0,10.1816,0.1315,1]},
{"frame":36,"values":[1,0.0038,-0.0071,0,-0.004,0.9996,-0.0293,0,0.007,0.0293,0.9995,0,0,10.1816,0.1315,1]},
{"frame":37,"values":[1,0.0033,-0.0069,0,-0.0035,0.9997,-0.0249,0,0.0068,0.0249,0.9997,0,0,10.1816,0.1315,1]},
{"frame":38,"values":[1,0.0029,-0.0067,0,-0.0031,0.9998,-0.0209,0,0.0067,0.0209,0.9998,0,0,10.1816,0.1315,1]},
{"frame":39,"values":[1,0.0026,-0.0066,0,-0.0027,0.9998,-0.0173,0,0.0066,0.0174,0.9998,0,0,10.1816,0.1315,1]},
{"frame":40,"values":[1,0.0021,-0.0065,0,-0.0022,0.9999,-0.0142,0,0.0064,0.0142,0.9999,0,0,10.1816,0.1315,1]},
{"frame":41,"values":[1,0.0016,-0.0062,0,-0.0017,0.9999,-0.0112,0,0.0062,0.0112,0.9999,0,0,10.1816,0.1315,1]},
{"frame":42,"values":[1,0.0012,-0.0061,0,-0.0013,1,-0.0083,0,0.0061,0.0083,0.9999,0,0,10.1816,0.1315,1]},
{"frame":43,"values":[1,0.0009,-0.0061,0,-0.0009,1,-0.0057,0,0.0061,0.0057,1,0,0,10.1816,0.1315,1]},
{"frame":44,"values":[1,0.0006,-0.0061,0,-0.0006,1,-0.0036,0,0.0061,0.0036,1,0,0,10.1816,0.1315,1]},
{"frame":45,"values":[1,0.0004,-0.0062,0,-0.0005,1,-0.002,0,0.0062,0.002,1,0,0,10.1816,0.1315,1]},
{"frame":46,"values":[1,0.0003,-0.0062,0,-0.0003,1,-0.0013,0,0.0062,0.0013,1,0,0,10.1816,0.1315,1]},
{"frame":47,"values":[1,0.0001,-0.0063,0,-0.0001,1,-0.0013,0,0.0063,0.0013,1,0,0,10.1816,0.1315,1]},
{"frame":48,"values":[1,0,-0.0065,0,0,1,-0.0022,0,0.0065,0.0022,1,0,0,10.1816,0.1315,1]},
{"frame":49,"values":[1,-0.0001,-0.0065,0,0.0001,1,-0.0038,0,0.0065,0.0038,1,0,0,10.1816,0.1315,1]},
{"frame":50,"values":[1,-0.0001,-0.0067,0,0.0001,1,-0.0058,0,0.0067,0.0058,1,0,0,10.1816,0.1315,1]},
{"frame":51,"values":[1,-0.0001,-0.0068,0,0.0001,1,-0.0082,0,0.0068,0.0082,0.9999,0,0,10.1816,0.1315,1]},
{"frame":52,"values":[1,0.0001,-0.0067,0,-0.0002,0.9999,-0.0108,0,0.0067,0.0109,0.9999,0,0,10.1816,0.1315,1]},
{"frame":53,"values":[1,0.0005,-0.0066,0,-0.0006,0.9999,-0.0139,0,0.0066,0.0139,0.9999,0,0,10.1816,0.1315,1]},
{"frame":54,"values":[1,0.001,-0.0065,0,-0.0011,0.9999,-0.0171,0,0.0065,0.0171,0.9998,0,0,10.1816,0.1315,1]},
{"frame":55,"values":[1,0.0014,-0.0065,0,-0.0015,0.9998,-0.0203,0,0.0065,0.0203,0.9998,0,0,10.1816,0.1315,1]},
{"frame":56,"values":[1,0.0017,-0.0066,0,-0.0019,0.9997,-0.0235,0,0.0066,0.0236,0.9997,0,0,10.1816,0.1315,1]},
{"frame":57,"values":[1,0.002,-0.007,0,-0.0022,0.9996,-0.0267,0,0.0069,0.0267,0.9996,0,0,10.1816,0.1315,1]},
{"frame":58,"values":[1,0.0024,-0.0074,0,-0.0026,0.9995,-0.03,0,0.0073,0.03,0.9995,0,0,10.1816,0.1315,1]},
{"frame":59,"values":[1,0.0028,-0.0076,0,-0.0031,0.9994,-0.0336,0,0.0075,0.0336,0.9994,0,0,10.1816,0.1315,1]},
{"frame":60,"values":[1,0.0033,-0.0076,0,-0.0036,0.9993,-0.0372,0,0.0075,0.0373,0.9993,0,0,10.1816,0.1315,1]},
{"frame":61,"values":[1,0.0039,-0.0075,0,-0.0042,0.9992,-0.0408,0,0.0073,0.0408,0.9991,0,0,10.1816,0.1315,1]},
{"frame":62,"values":[1,0.0044,-0.0071,0,-0.0047,0.999,-0.0441,0,0.0069,0.0442,0.999,0,0,10.1816,0.1315,1]},
{"frame":63,"values":[1,0.0048,-0.0066,0,-0.0051,0.9989,-0.0471,0,0.0064,0.0471,0.9989,0,0,10.1816,0.1315,1]},
{"frame":64,"values":[1,0.0051,-0.0065,0,-0.0054,0.9988,-0.0494,0,0.0062,0.0495,0.9988,0,0,10.1816,0.1315,1]},
{"frame":65,"values":[1,0.0052,-0.0068,0,-0.0056,0.9987,-0.0511,0,0.0065,0.0511,0.9987,0,0,10.1816,0.1315,1]},
{"frame":66,"values":[1,0.0054,-0.0072,0,-0.0058,0.9986,-0.0523,0,0.0069,0.0523,0.9986,0,0,10.1816,0.1315,1]},
{"frame":67,"values":[1,0.0056,-0.0077,0,-0.006,0.9986,-0.0534,0,0.0074,0.0534,0.9985,0,0,10.1816,0.1315,1]},
{"frame":68,"values":[1,0.0057,-0.008,0,-0.0062,0.9985,-0.0544,0,0.0077,0.0545,0.9985,0,0,10.1816,0.1315,1]},
{"frame":69,"values":[0.9999,0.0059,-0.0083,0,-0.0064,0.9984,-0.0554,0,0.0079,0.0555,0.9984,0,0,10.1816,0.1315,1]},
{"frame":70,"values":[0.9999,0.0061,-0.0085,0,-0.0065,0.9984,-0.0562,0,0.0081,0.0562,0.9984,0,0,10.1816,0.1315,1]},
{"frame":71,"values":[0.9999,0.0061,-0.0087,0,-0.0066,0.9984,-0.0564,0,0.0083,0.0565,0.9984,0,0,10.1816,0.1315,1]},
{"frame":72,"values":[0.9999,0.006,-0.0089,0,-0.0065,0.9984,-0.0562,0,0.0085,0.0562,0.9984,0,0,10.1816,0.1315,1]},
{"frame":73,"values":[0.9999,0.0059,-0.0092,0,-0.0064,0.9984,-0.0553,0,0.0088,0.0554,0.9984,0,0,10.1816,0.1315,1]},
{"frame":74,"values":[0.9999,0.0059,-0.0095,0,-0.0064,0.9985,-0.0539,0,0.0091,0.0539,0.9985,0,0,10.1816,0.1315,1]},
{"frame":75,"values":[0.9999,0.0059,-0.0096,0,-0.0064,0.9986,-0.0521,0,0.0093,0.0521,0.9986,0,0,10.1816,0.1315,1]},
{"frame":76,"values":[0.9999,0.006,-0.0096,0,-0.0065,0.9987,-0.0502,0,0.0093,0.0502,0.9987,0,0,10.1816,0.1315,1]},
{"frame":77,"values":[0.9999,0.0061,-0.0096,0,-0.0066,0.9988,-0.0482,0,0.0093,0.0483,0.9988,0,0,10.1816,0.1315,1]},
{"frame":78,"values":[0.9999,0.0061,-0.0096,0,-0.0066,0.9989,-0.0461,0,0.0093,0.0461,0.9989,0,0,10.1816,0.1315,1]},
{"frame":79,"values":[0.9999,0.0061,-0.0097,0,-0.0065,0.999,-0.0437,0,0.0094,0.0438,0.999,0,0,10.1816,0.1315,1]},
{"frame":80,"values":[0.9999,0.006,-0.0097,0,-0.0064,0.9991,-0.0413,0,0.0095,0.0414,0.9991,0,0,10.1816,0.1315,1]},
{"frame":81,"values":[0.9999,0.0058,-0.0095,0,-0.0062,0.9992,-0.0388,0,0.0093,0.0388,0.9992,0,0,10.1816,0.1315,1]},
{"frame":82,"values":[0.9999,0.0054,-0.0091,0,-0.0057,0.9993,-0.0359,0,0.0089,0.036,0.9993,0,0,10.1816,0.1315,1]},
{"frame":83,"values":[0.9999,0.0049,-0.0088,0,-0.0052,0.9994,-0.0329,0,0.0086,0.033,0.9994,0,0,10.1816,0.1315,1]},
{"frame":84,"values":[1,0.0045,-0.0084,0,-0.0048,0.9995,-0.0299,0,0.0083,0.0299,0.9995,0,0,10.1816,0.1315,1]},
{"frame":85,"values":[1,0.004,-0.0082,0,-0.0042,0.9996,-0.0269,0,0.0081,0.0269,0.9996,0,0,10.1816,0.1315,1]},
{"frame":86,"values":[1,0.0034,-0.008,0,-0.0036,0.9997,-0.0239,0,0.008,0.024,0.9997,0,0,10.1816,0.1315,1]},
{"frame":87,"values":[1,0.0029,-0.0079,0,-0.003,0.9998,-0.0209,0,0.0078,0.0209,0.9998,0,0,10.1816,0.1315,1]},
{"frame":88,"values":[1,0.0025,-0.0077,0,-0.0026,0.9998,-0.0179,0,0.0077,0.0179,0.9998,0,0,10.1816,0.1315,1]},
{"frame":89,"values":[1,0.0021,-0.0075,0,-0.0022,0.9999,-0.0149,0,0.0075,0.0149,0.9999,0,0,10.1816,0.1315,1]},
{"frame":90,"values":[1,0.0017,-0.0072,0,-0.0018,0.9999,-0.012,0,0.0072,0.0121,0.9999,0,0,10.1816,0.1315,1]},
{"frame":91,"values":[1,0.0014,-0.0068,0,-0.0014,1,-0.0096,0,0.0068,0.0096,0.9999,0,0,10.1816,0.1315,1]},
{"frame":92,"values":[1,0.001,-0.0064,0,-0.0011,1,-0.0074,0,0.0064,0.0074,1,0,0,10.1816,0.1315,1]},
{"frame":93,"values":[1,0.0006,-0.0061,0,-0.0007,1,-0.0054,0,0.006,0.0054,1,0,0,10.1816,0.1315,1]},
{"frame":94,"values":[1,0.0003,-0.0057,0,-0.0004,1,-0.0035,0,0.0057,0.0035,1,0,0,10.1816,0.1315,1]},
{"frame":95,"values":[1,0.0001,-0.0054,0,-0.0001,1,-0.0017,0,0.0054,0.0017,1,0,0,10.1816,0.1315,1]},
{"frame":96,"values":[1,-0.0001,-0.0052,0,0.0001,1,-0.0003,0,0.0052,0.0003,1,0,0,10.1816,0.1315,1]},
{"frame":97,"values":[1,-0.0002,-0.0051,0,0.0002,1,0.0009,0,0.0051,-0.0009,1,0,0,10.1816,0.1315,1]},
{"frame":98,"values":[1,-0.0002,-0.0052,0,0.0002,1,0.0018,0,0.0052,-0.0018,1,0,0,10.1816,0.1315,1]},
{"frame":99,"values":[1,-0.0001,-0.0053,0,0.0001,1,0.0026,0,0.0053,-0.0026,1,0,0,10.1816,0.1315,1]},
{"frame":100,"values":[1,-0.0001,-0.0055,0,0.0002,1,0.003,0,0.0055,-0.003,1,0,0,10.1816,0.1315,1]}],"loopBehavior":1,"name":"anim","property":"_matrix"}},
{"name":"mixamorig:Spine1","index":2,"matrix":[0.9999,-0.0025,-0.0097,0,0.0026,1,0.0089,0,0.0097,-0.0089,0.9999,0,0,10.0835,-1.0008,1],"rest":[1,0,0,0,0,1,0,0,0,0,1,0,0,10.0835,-1.0008,1],"parentBoneIndex":1,"length":9.2031
,"animation":{"dataType":3,"framePerSecond":30,"keys":[
{"frame":1,"values":[0.9999,-0.0025,-0.0097,0,0.0026,1,0.0089,0,0.0097,-0.0089,0.9999,0,0,10.0835,-1.0008,1]},
{"frame":2,"values":[0.9999,-0.0026,-0.0098,0,0.0027,1,0.0089,0,0.0098,-0.0089,0.9999,0,0,10.0835,-1.0008,1]},
{"frame":3,"values":[0.9999,-0.0028,-0.0099,0,0.0029,1,0.0094,0,0.0099,-0.0094,0.9999,0,0,10.0835,-1.0008,1]},
{"frame":4,"values":[0.9999,-0.0028,-0.01,0,0.0029,0.9999,0.0102,0,0.01,-0.0102,0.9999,0,0,10.0834,-1.0008,1]},
{"frame":5,"values":[0.9999,-0.0027,-0.0103,0,0.0028,0.9999,0.0112,0,0.0103,-0.0112,0.9999,0,0,10.0835,-1.0008,1]},
{"frame":6,"values":[0.9999,-0.0026,-0.0106,0,0.0028,0.9999,0.0123,0,0.0105,-0.0123,0.9999,0,0,10.0834,-1.0008,1]},
{"frame":7,"values":[0.9999,-0.0025,-0.0108,0,0.0026,0.9999,0.0135,0,0.0108,-0.0135,0.9998,0,0,10.0835,-1.0008,1]},
{"frame":8,"values":[0.9999,-0.0022,-0.0111,0,0.0023,0.9999,0.0151,0,0.0111,-0.0152,0.9998,0,0,10.0834,-1.0008,1]},
{"frame":9,"values":[0.9999,-0.0017,-0.0113,0,0.0019,0.9999,0.0171,0,0.0113,-0.0171,0.9998,0,0,10.0834,-1.0008,1]},
{"frame":10,"values":[0.9999,-0.0012,-0.0113,0,0.0014,0.9998,0.019,0,0.0112,-0.019,0.9998,0,0,10.0835,-1.0008,1]},
{"frame":11,"values":[0.9999,-0.0006,-0.0109,0,0.0009,0.9998,0.0208,0,0.0109,-0.0208,0.9997,0,0,10.0834,-1.0008,1]},
{"frame":12,"values":[0.9999,-0.0002,-0.0105,0,0.0005,0.9997,0.0226,0,0.0105,-0.0226,0.9997,0,0,10.0835,-1.0008,1]},
{"frame":13,"values":[0.9999,0.0001,-0.0105,0,0.0002,0.9997,0.0245,0,0.0105,-0.0245,0.9996,0,0,10.0835,-1.0008,1]},
{"frame":14,"values":[0.9999,0,-0.0107,0,0.0002,0.9997,0.0264,0,0.0107,-0.0264,0.9996,0,0,10.0835,-1.0008,1]},
{"frame":15,"values":[0.9999,-0.0002,-0.011,0,0.0005,0.9996,0.0282,0,0.0109,-0.0282,0.9995,0,0,10.0834,-1.0008,1]},
{"frame":16,"values":[0.9999,-0.0003,-0.0113,0,0.0006,0.9996,0.0295,0,0.0113,-0.0295,0.9995,0,0,10.0834,-1.0008,1]},
{"frame":17,"values":[0.9999,-0.0003,-0.0117,0,0.0007,0.9995,0.0306,0,0.0116,-0.0307,0.9995,0,0,10.0834,-1.0008,1]},
{"frame":18,"values":[0.9999,-0.0005,-0.0119,0,0.0009,0.9995,0.0315,0,0.0119,-0.0315,0.9994,0,0,10.0835,-1.0008,1]},
{"frame":19,"values":[0.9999,-0.0007,-0.0121,0,0.0011,0.9995,0.0321,0,0.0121,-0.0321,0.9994,0,0,10.0835,-1.0008,1]},
{"frame":20,"values":[0.9999,-0.001,-0.0124,0,0.0014,0.9995,0.0328,0,0.0124,-0.0328,0.9994,0,0,10.0834,-1.0008,1]},
{"frame":21,"values":[0.9999,-0.0013,-0.0129,0,0.0018,0.9994,0.0338,0,0.0128,-0.0338,0.9993,0,0,10.0834,-1.0008,1]},
{"frame":22,"values":[0.9999,-0.0017,-0.0133,0,0.0021,0.9994,0.0348,0,0.0133,-0.0348,0.9993,0,0,10.0834,-1.0008,1]},
{"frame":23,"values":[0.9999,-0.002,-0.0138,0,0.0025,0.9994,0.0358,0,0.0137,-0.0358,0.9993,0,0,10.0834,-1.0008,1]},
{"frame":24,"values":[0.9999,-0.0022,-0.0143,0,0.0027,0.9993,0.0368,0,0.0142,-0.0368,0.9992,0,0,10.0835,-1.0008,1]},
{"frame":25,"values":[0.9999,-0.0024,-0.0146,0,0.0029,0.9993,0.0375,0,0.0145,-0.0376,0.9992,0,0,10.0834,-1.0008,1]},
{"frame":26,"values":[0.9999,-0.0025,-0.0147,0,0.0031,0.9993,0.0379,0,0.0145,-0.0379,0.9992,0,0,10.0834,-1.0008,1]},
{"frame":27,"values":[0.9999,-0.0026,-0.0146,0,0.0032,0.9993,0.0378,0,0.0145,-0.0379,0.9992,0,0,10.0834,-1.0008,1]},
{"frame":28,"values":[0.9999,-0.0025,-0.0146,0,0.003,0.9993,0.0377,0,0.0145,-0.0377,0.9992,0,0,10.0834,-1.0008,1]},
{"frame":29,"values":[0.9999,-0.0022,-0.0145,0,0.0027,0.9993,0.0374,0,0.0144,-0.0374,0.9992,0,0,10.0834,-1.0008,1]},
{"frame":30,"values":[0.9999,-0.0019,-0.0143,0,0.0025,0.9993,0.0365,0,0.0142,-0.0366,0.9992,0,0,10.0835,-1.0008,1]},
{"frame":31,"values":[0.9999,-0.0015,-0.014,0,0.002,0.9994,0.035,0,0.014,-0.0351,0.9993,0,0,10.0834,-1.0008,1]},
{"frame":32,"values":[0.9999,-0.0011,-0.0137,0,0.0015,0.9995,0.0329,0,0.0136,-0.0329,0.9994,0,0,10.0834,-1.0008,1]},
{"frame":33,"values":[0.9999,-0.0009,-0.0133,0,0.0013,0.9995,0.0302,0,0.0132,-0.0302,0.9995,0,0,10.0835,-1.0008,1]},
{"frame":34,"values":[0.9999,-0.0009,-0.0128,0,0.0013,0.9996,0.0273,0,0.0128,-0.0273,0.9995,0,0,10.0835,-1.0008,1]},
{"frame":35,"values":[0.9999,-0.0009,-0.0125,0,0.0012,0.9997,0.0245,0,0.0125,-0.0245,0.9996,0,0,10.0834,-1.0008,1]},
{"frame":36,"values":[0.9999,-0.0008,-0.0122,0,0.0011,0.9998,0.0217,0,0.0122,-0.0217,0.9997,0,0,10.0835,-1.0008,1]},
{"frame":37,"values":[0.9999,-0.0009,-0.012,0,0.0011,0.9998,0.0187,0,0.012,-0.0187,0.9998,0,0,10.0835,-1.0008,1]},
{"frame":38,"values":[0.9999,-0.0008,-0.0117,0,0.001,0.9999,0.0155,0,0.0117,-0.0155,0.9998,0,0,10.0835,-1.0008,1]},
{"frame":39,"values":[0.9999,-0.0007,-0.0116,0,0.0008,0.9999,0.0122,0,0.0116,-0.0122,0.9999,0,0,10.0834,-1.0008,1]},
{"frame":40,"values":[0.9999,-0.0006,-0.0114,0,0.0007,1,0.009,0,0.0114,-0.009,0.9999,0,0,10.0835,-1.0008,1]},
{"frame":41,"values":[0.9999,-0.0008,-0.011,0,0.0009,1,0.0063,0,0.011,-0.0063,0.9999,0,0,10.0835,-1.0008,1]},
{"frame":42,"values":[0.9999,-0.001,-0.0109,0,0.001,1,0.0045,0,0.0109,-0.0045,0.9999,0,0,10.0835,-1.0008,1]},
{"frame":43,"values":[0.9999,-0.001,-0.0109,0,0.0011,1,0.0032,0,0.0109,-0.0032,0.9999,0,0,10.0835,-1.0008,1]},
{"frame":44,"values":[0.9999,-0.0011,-0.0109,0,0.0011,1,0.0025,0,0.0109,-0.0026,0.9999,0,0,10.0835,-1.0008,1]},
{"frame":45,"values":[0.9999,-0.0013,-0.0109,0,0.0013,1,0.0023,0,0.0109,-0.0023,0.9999,0,0,10.0834,-1.0008,1]},
{"frame":46,"values":[0.9999,-0.0016,-0.0109,0,0.0017,1,0.0023,0,0.0109,-0.0023,0.9999,0,0,10.0835,-1.0008,1]},
{"frame":47,"values":[0.9999,-0.002,-0.0111,0,0.002,1,0.0024,0,0.0111,-0.0025,0.9999,0,0,10.0834,-1.0008,1]},
{"frame":48,"values":[0.9999,-0.0023,-0.0113,0,0.0024,1,0.0025,0,0.0113,-0.0026,0.9999,0,0,10.0834,-1.0008,1]},
{"frame":49,"values":[0.9999,-0.0025,-0.0113,0,0.0025,1,0.0026,0,0.0113,-0.0026,0.9999,0,0,10.0834,-1.0008,1]},
{"frame":50,"values":[0.9999,-0.0025,-0.0116,0,0.0026,1,0.0029,0,0.0116,-0.0029,0.9999,0,0,10.0834,-1.0008,1]},
{"frame":51,"values":[0.9999,-0.0026,-0.0118,0,0.0026,1,0.0035,0,0.0118,-0.0035,0.9999,0,0,10.0835,-1.0008,1]},
{"frame":52,"values":[0.9999,-0.0025,-0.0117,0,0.0026,1,0.0043,0,0.0117,-0.0044,0.9999,0,0,10.0834,-1.0008,1]},
{"frame":53,"values":[0.9999,-0.0024,-0.0115,0,0.0025,1,0.0054,0,0.0115,-0.0054,0.9999,0,0,10.0835,-1.0008,1]},
{"frame":54,"values":[0.9999,-0.0024,-0.0115,0,0.0024,1,0.0067,0,0.0115,-0.0067,0.9999,0,0,10.0834,-1.0008,1]},
{"frame":55,"values":[0.9999,-0.0023,-0.0115,0,0.0024,1,0.0083,0,0.0115,-0.0084,0.9999,0,0,10.0834,-1.0008,1]},
{"frame":56,"values":[0.9999,-0.0023,-0.0117,0,0.0025,0.9999,0.0105,0,0.0116,-0.0105,0.9999,0,0,10.0834,-1.0008,1]},
{"frame":57,"values":[0.9999,-0.0024,-0.0122,0,0.0025,0.9999,0.013,0,0.0122,-0.013,0.9998,0,0,10.0834,-1.0008,1]},
{"frame":58,"values":[0.9999,-0.0024,-0.0129,0,0.0026,0.9999,0.0155,0,0.0129,-0.0155,0.9998,0,0,10.0835,-1.0008,1]},
{"frame":59,"values":[0.9999,-0.0021,-0.0132,0,0.0024,0.9998,0.0176,0,0.0132,-0.0176,0.9998,0,0,10.0834,-1.0008,1]},
{"frame":60,"values":[0.9999,-0.0017,-0.0133,0,0.002,0.9998,0.0196,0,0.0133,-0.0197,0.9997,0,0,10.0835,-1.0008,1]},
{"frame":61,"values":[0.9999,-0.0013,-0.0132,0,0.0016,0.9998,0.0218,0,0.0132,-0.0218,0.9997,0,0,10.0834,-1.0008,1]},
{"frame":62,"values":[0.9999,-0.0009,-0.0126,0,0.0012,0.9997,0.024,0,0.0126,-0.024,0.9996,0,0,10.0834,-1.0008,1]},
{"frame":63,"values":[0.9999,-0.0007,-0.0119,0,0.001,0.9996,0.0265,0,0.0119,-0.0265,0.9996,0,0,10.0834,-1.0008,1]},
{"frame":64,"values":[0.9999,-0.0008,-0.0117,0,0.0012,0.9996,0.0296,0,0.0117,-0.0296,0.9995,0,0,10.0835,-1.0008,1]},
{"frame":65,"values":[0.9999,-0.0011,-0.0121,0,0.0015,0.9994,0.0333,0,0.012,-0.0333,0.9994,0,0,10.0835,-1.0008,1]},
{"frame":66,"values":[0.9999,-0.0012,-0.0128,0,0.0016,0.9993,0.037,0,0.0127,-0.037,0.9992,0,0,10.0834,-1.0008,1]},
{"frame":67,"values":[0.9999,-0.0012,-0.0135,0,0.0017,0.9992,0.0403,0,0.0134,-0.0403,0.9991,0,0,10.0834,-1.0008,1]},
{"frame":68,"values":[0.9999,-0.0013,-0.014,0,0.0019,0.9991,0.0428,0,0.014,-0.0428,0.999,0,0,10.0834,-1.0008,1]},
{"frame":69,"values":[0.9999,-0.0012,-0.0144,0,0.0019,0.999,0.0446,0,0.0143,-0.0446,0.9989,0,0,10.0834,-1.0008,1]},
{"frame":70,"values":[0.9999,-0.001,-0.0148,0,0.0017,0.9989,0.0458,0,0.0147,-0.0458,0.9988,0,0,10.0834,-1.0008,1]},
{"frame":71,"values":[0.9999,-0.0009,-0.0151,0,0.0016,0.9989,0.0467,0,0.0151,-0.0467,0.9988,0,0,10.0835,-1.0008,1]},
{"frame":72,"values":[0.9999,-0.001,-0.0155,0,0.0018,0.9989,0.0473,0,0.0154,-0.0473,0.9988,0,0,10.0834,-1.0008,1]},
{"frame":73,"values":[0.9999,-0.0012,-0.0159,0,0.002,0.9989,0.0479,0,0.0158,-0.0479,0.9987,0,0,10.0834,-1.0008,1]},
{"frame":74,"values":[0.9999,-0.0012,-0.0164,0,0.002,0.9988,0.0485,0,0.0163,-0.0485,0.9987,0,0,10.0835,-1.0008,1]},
{"frame":75,"values":[0.9999,-0.001,-0.0167,0,0.0019,0.9988,0.0488,0,0.0166,-0.0489,0.9987,0,0,10.0835,-1.0008,1]},
{"frame":76,"values":[0.9999,-0.0009,-0.0167,0,0.0017,0.9988,0.0486,0,0.0166,-0.0486,0.9987,0,0,10.0834,-1.0008,1]},
{"frame":77,"values":[0.9999,-0.0008,-0.0166,0,0.0016,0.9989,0.0478,0,0.0165,-0.0478,0.9987,0,0,10.0834,-1.0008,1]},
{"frame":78,"values":[0.9999,-0.0006,-0.0166,0,0.0014,0.9989,0.0466,0,0.0166,-0.0466,0.9988,0,0,10.0834,-1.0008,1]},
{"frame":79,"values":[0.9999,-0.0004,-0.0168,0,0.0012,0.999,0.0451,0,0.0168,-0.0451,0.9988,0,0,10.0834,-1.0008,1]},
{"frame":80,"values":[0.9999,-0.0001,-0.0168,0,0.0009,0.9991,0.0433,0,0.0168,-0.0433,0.9989,0,0,10.0834,-1.0008,1]},
{"frame":81,"values":[0.9999,0,-0.0165,0,0.0007,0.9991,0.0414,0,0.0165,-0.0414,0.999,0,0,10.0835,-1.0008,1]},
{"frame":82,"values":[0.9999,0,-0.0159,0,0.0007,0.9992,0.0395,0,0.0159,-0.0395,0.9991,0,0,10.0835,-1.0008,1]},
{"frame":83,"values":[0.9999,-0.0002,-0.0154,0,0.0008,0.9993,0.0377,0,0.0153,-0.0377,0.9992,0,0,10.0834,-1.0008,1]},
{"frame":84,"values":[0.9999,-0.0004,-0.0148,0,0.0009,0.9994,0.0357,0,0.0148,-0.0357,0.9993,0,0,10.0834,-1.0008,1]},
{"frame":85,"values":[0.9999,-0.0006,-0.0145,0,0.0011,0.9994,0.0335,0,0.0144,-0.0335,0.9993,0,0,10.0834,-1.0008,1]},
{"frame":86,"values":[0.9999,-0.0009,-0.0142,0,0.0013,0.9995,0.0312,0,0.0142,-0.0312,0.9994,0,0,10.0834,-1.0008,1]},
{"frame":87,"values":[0.9999,-0.0011,-0.014,0,0.0015,0.9996,0.029,0,0.0139,-0.029,0.9995,0,0,10.0835,-1.0008,1]},
{"frame":88,"values":[0.9999,-0.0014,-0.0137,0,0.0018,0.9996,0.0269,0,0.0137,-0.0269,0.9995,0,0,10.0834,-1.0008,1]},
{"frame":89,"values":[0.9999,-0.0017,-0.0133,0,0.002,0.9997,0.0249,0,0.0133,-0.0249,0.9996,0,0,10.0834,-1.0008,1]},
{"frame":90,"values":[0.9999,-0.0019,-0.0128,0,0.0022,0.9997,0.0229,0,0.0127,-0.0229,0.9997,0,0,10.0835,-1.0008,1]},
{"frame":91,"values":[0.9999,-0.002,-0.0122,0,0.0023,0.9998,0.0205,0,0.0121,-0.0206,0.9997,0,0,10.0835,-1.0008,1]},
{"frame":92,"values":[0.9999,-0.0022,-0.0115,0,0.0024,0.9998,0.0181,0,0.0115,-0.0181,0.9998,0,0,10.0834,-1.0008,1]},
{"frame":93,"values":[0.9999,-0.0023,-0.0109,0,0.0025,0.9999,0.0159,0,0.0109,-0.0159,0.9998,0,0,10.0834,-1.0008,1]},
{"frame":94,"values":[0.9999,-0.0023,-0.0103,0,0.0024,0.9999,0.014,0,0.0103,-0.014,0.9998,0,0,10.0835,-1.0008,1]},
{"frame":95,"values":[0.9999,-0.0023,-0.0098,0,0.0024,0.9999,0.0124,0,0.0097,-0.0124,0.9999,0,0,10.0834,-1.0008,1]},
{"frame":96,"values":[1,-0.0025,-0.0095,0,0.0026,0.9999,0.011,0,0.0094,-0.011,0.9999,0,0,10.0834,-1.0008,1]},
{"frame":97,"values":[1,-0.0026,-0.0093,0,0.0027,0.9999,0.0098,0,0.0093,-0.0098,0.9999,0,0,10.0835,-1.0008,1]},
{"frame":98,"values":[1,-0.0026,-0.0093,0,0.0027,1,0.009,0,0.0093,-0.009,0.9999,0,0,10.0835,-1.0008,1]},
{"frame":99,"values":[1,-0.0026,-0.0094,0,0.0026,1,0.0088,0,0.0094,-0.0088,0.9999,0,0,10.0834,-1.0008,1]},
{"frame":100,"values":[0.9999,-0.0025,-0.0097,0,0.0026,1,0.0089,0,0.0097,-0.0089,0.9999,0,0,10.0835,-1.0008,1]}],"loopBehavior":1,"name":"anim","property":"_matrix"}},
{"name":"mixamorig:Spine2","index":3,"matrix":[0.9999,-0.0026,-0.0097,0,0.0027,1,0.0088,0,0.0097,-0.0089,0.9999,0,0,9.1,-1.3734,1],"rest":[1,0,0,0,0,1,0,0,0,0,1,0,0,9.1,-1.3734,1],"parentBoneIndex":2,"length":13.7198
,"animation":{"dataType":3,"framePerSecond":30,"keys":[
{"frame":1,"values":[0.9999,-0.0026,-0.0097,0,0.0027,1,0.0088,0,0.0097,-0.0089,0.9999,0,0,9.1,-1.3734,1]},
{"frame":2,"values":[0.9999,-0.0027,-0.0098,0,0.0028,1,0.0089,0,0.0098,-0.0089,0.9999,0,0,9.1,-1.3734,1]},
{"frame":3,"values":[0.9999,-0.0029,-0.0099,0,0.003,1,0.0093,0,0.0099,-0.0094,0.9999,0,0,9.1,-1.3734,1]},
{"frame":4,"values":[0.9999,-0.0029,-0.0101,0,0.003,0.9999,0.0101,0,0.01,-0.0102,0.9999,0,0,9.1,-1.3734,1]},
{"frame":5,"values":[0.9999,-0.0028,-0.0103,0,0.0029,0.9999,0.0111,0,0.0103,-0.0111,0.9999,0,0,9.1,-1.3734,1]},
{"frame":6,"values":[0.9999,-0.0027,-0.0106,0,0.0029,0.9999,0.0122,0,0.0106,-0.0122,0.9999,0,0,9.1,-1.3734,1]},
{"frame":7,"values":[0.9999,-0.0026,-0.0109,0,0.0027,0.9999,0.0135,0,0.0108,-0.0135,0.9999,0,0,9.1,-1.3734,1]},
{"frame":8,"values":[0.9999,-0.0023,-0.0111,0,0.0024,0.9999,0.0151,0,0.0111,-0.0151,0.9998,0,0,9.1,-1.3734,1]},
{"frame":9,"values":[0.9999,-0.0018,-0.0113,0,0.002,0.9999,0.017,0,0.0113,-0.017,0.9998,0,0,9.1,-1.3734,1]},
{"frame":10,"values":[0.9999,-0.0013,-0.0113,0,0.0015,0.9998,0.0189,0,0.0112,-0.019,0.9998,0,0,9.1,-1.3734,1]},
{"frame":11,"values":[0.9999,-0.0007,-0.0109,0,0.001,0.9998,0.0208,0,0.0109,-0.0208,0.9997,0,0,9.1,-1.3734,1]},
{"frame":12,"values":[0.9999,-0.0003,-0.0106,0,0.0006,0.9997,0.0226,0,0.0105,-0.0226,0.9997,0,0,9.1,-1.3734,1]},
{"frame":13,"values":[0.9999,0,-0.0105,0,0.0003,0.9997,0.0245,0,0.0105,-0.0245,0.9996,0,0,9.1,-1.3734,1]},
{"frame":14,"values":[0.9999,-0.0001,-0.0107,0,0.0004,0.9997,0.0264,0,0.0107,-0.0264,0.9996,0,0,9.1,-1.3734,1]},
{"frame":15,"values":[0.9999,-0.0003,-0.011,0,0.0006,0.9996,0.0281,0,0.011,-0.0281,0.9995,0,0,9.1,-1.3734,1]},
{"frame":16,"values":[0.9999,-0.0004,-0.0113,0,0.0007,0.9996,0.0295,0,0.0113,-0.0295,0.9995,0,0,9.1,-1.3734,1]},
{"frame":17,"values":[0.9999,-0.0005,-0.0117,0,0.0008,0.9995,0.0306,0,0.0116,-0.0306,0.9995,0,0,9.1,-1.3734,1]},
{"frame":18,"values":[0.9999,-0.0006,-0.0119,0,0.001,0.9995,0.0314,0,0.0119,-0.0314,0.9994,0,0,9.1,-1.3734,1]},
{"frame":19,"values":[0.9999,-0.0009,-0.0121,0,0.0012,0.9995,0.032,0,0.0121,-0.032,0.9994,0,0,9.1,-1.3734,1]},
{"frame":20,"values":[0.9999,-0.0011,-0.0125,0,0.0015,0.9995,0.0327,0,0.0124,-0.0328,0.9994,0,0,9.1,-1.3734,1]},
{"frame":21,"values":[0.9999,-0.0015,-0.0129,0,0.0019,0.9994,0.0337,0,0.0128,-0.0337,0.9993,0,0,9.1,-1.3734,1]},
{"frame":22,"values":[0.9999,-0.0018,-0.0134,0,0.0023,0.9994,0.0347,0,0.0133,-0.0347,0.9993,0,0,9.1,-1.3734,1]},
