{"producer":{"name":"Blender","version":"2.79 (sub 0)","exporter_version":"5.6.4","file":"femaleturnleft.babylon"},
"autoClear":true,"clearColor":[0.0509,0.0509,0.0509],"ambientColor":[0,0,0],"gravity":[0,-9.81,0],
"materials":[{"name":"femaleturnleft.Beta_Joints_MAT","id":"femaleturnleft.Beta_Joints_MAT","ambient":[0.3333,0.1245,0.101],"diffuse":[0.2667,0.0996,0.0808],"specular":[0.1496,0.1496,0.1496],"emissive":[0,0,0],"specularPower":11,"alpha":1,"backFaceCulling":true,"checkReadyOnlyOnce":false,"maxSimultaneousLights":4},
{"name":"femaleturnleft.asdf1:Beta_HighLimbsGeoSG2","id":"femaleturnleft.asdf1:Beta_HighLimbsGeoSG2","ambient":[0.837,0.3023,0.2637],"diffuse":[0.6696,0.2418,0.2109],"specular":[0.2436,0.2436,0.2436],"emissive":[0,0,0],"specularPower":19,"alpha":1,"backFaceCulling":true,"checkReadyOnlyOnce":false,"maxSimultaneousLights":4}],
"multiMaterials":[],
"skeletons":[{"name":"Armature","id":0,"dimensionsAtRest":[180.6984,191.5436,26.6004],"bones":[
{"name":"mixamorig:Hips","index":0,"matrix":[0.9954,-0.0936,0.0215,0,0.0933,0.9955,0.0177,0,0.0231,0.0156,-0.9996,0,0.4681,101.6518,-1.5565,1],"rest":[1,0,0,0,0,1,0,0,0,0,-1,0,0,103.9915,-2.0761,1],"parentBoneIndex":-1,"length":10.5592
,"animation":{"dataType":3,"framePerSecond":30,"keys":[
{"frame":1,"values":[0.9953,-0.0936,0.0227,0,0.0932,0.9955,0.0178,0,0.0243,0.0156,-0.9996,0,0.47,101.6518,-1.556,1]},
{"frame":2,"values":[0.9953,-0.0939,0.0227,0,0.0935,0.9955,0.0178,0,0.0243,0.0156,-0.9996,0,-0.1967,101.4684,-2.1815,1]},
{"frame":3,"values":[0.9953,-0.0941,0.0227,0,0.0937,0.9954,0.0178,0,0.0243,0.0156,-0.9996,0,-0.9118,101.2976,-2.5549,1]},
{"frame":4,"values":[0.9953,-0.0943,0.0227,0,0.0939,0.9954,0.0178,0,0.0242,0.0156,-0.9996,0,-1.6345,101.1459,-2.6365,1]},
{"frame":5,"values":[0.9953,-0.0942,0.0226,0,0.0938,0.9954,0.0178,0,0.0242,0.0156,-0.9996,0,-2.3215,101.0186,-2.4172,1]},
{"frame":6,"values":[0.9953,-0.0941,0.0225,0,0.0937,0.9954,0.0178,0,0.0241,0.0156,-0.9996,0,-2.9344,100.9172,-1.9406,1]},
{"frame":7,"values":[0.9953,-0.094,0.0224,0,0.0936,0.9955,0.0178,0,0.0239,0.0156,-0.9996,0,-3.4429,100.8392,-1.275,1]},
{"frame":8,"values":[0.9953,-0.0942,0.0222,0,0.0938,0.9954,0.0178,0,0.0238,0.0156,-0.9996,0,-3.8214,100.7824,-0.4705,1]},
{"frame":9,"values":[0.9953,-0.0947,0.022,0,0.0944,0.9954,0.0178,0,0.0236,0.0156,-0.9996,0,-4.0478,100.7434,0.4584,1]},
{"frame":10,"values":[0.9952,-0.0957,0.0218,0,0.0954,0.9953,0.0178,0,0.0234,0.0157,-0.9996,0,-4.1031,100.7083,1.5113,1]},
{"frame":11,"values":[0.995,-0.0972,0.0216,0,0.0968,0.9951,0.0179,0,0.0233,0.0157,-0.9996,0,-3.963,100.6639,2.6716,1]},
{"frame":12,"values":[0.9949,-0.0988,0.0216,0,0.0984,0.995,0.0179,0,0.0232,0.0157,-0.9996,0,-3.5881,100.6229,3.895,1]},
{"frame":13,"values":[0.9948,-0.0997,0.0218,0,0.0993,0.9949,0.0179,0,0.0235,0.0157,-0.9996,0,-2.9346,100.6226,5.1145,1]},
{"frame":14,"values":[0.9948,-0.0993,0.0221,0,0.099,0.9949,0.0179,0,0.0238,0.0156,-0.9996,0,-1.9882,100.6849,6.2564,1]},
{"frame":15,"values":[0.9949,-0.0982,0.0224,0,0.0978,0.995,0.0179,0,0.0241,0.0156,-0.9996,0,-0.7838,100.79,7.2601,1]},
{"frame":16,"values":[0.995,-0.0969,0.0226,0,0.0965,0.9952,0.0179,0,0.0242,0.0156,-0.9996,0,0.616,100.9055,8.0738,1]},
{"frame":17,"values":[0.9951,-0.0957,0.0227,0,0.0953,0.9953,0.0178,0,0.0243,0.0156,-0.9996,0,2.1569,101.018,8.6382,1]},
{"frame":18,"values":[0.9952,-0.0949,0.0227,0,0.0945,0.9954,0.0178,0,0.0242,0.0156,-0.9996,0,3.8001,101.1239,8.8956,1]},
{"frame":19,"values":[0.9953,-0.0942,0.0226,0,0.0938,0.9954,0.0178,0,0.0242,0.0156,-0.9996,0,5.5021,101.2234,8.8162,1]},
{"frame":20,"values":[0.9954,-0.0935,0.0226,0,0.0931,0.9955,0.0178,0,0.0242,0.0156,-0.9996,0,7.2007,101.3199,8.4088,1]},
{"frame":21,"values":[0.9954,-0.0928,0.0227,0,0.0924,0.9956,0.0178,0,0.0242,0.0156,-0.9996,0,8.8199,101.4137,7.7084,1]},
{"frame":22,"values":[0.9955,-0.0921,0.0227,0,0.0917,0.9956,0.0178,0,0.0243,0.0156,-0.9996,0,10.2793,101.4989,6.7633,1]},
{"frame":23,"values":[0.9955,-0.0916,0.0228,0,0.0912,0.9957,0.0177,0,0.0243,0.0156,-0.9996,0,11.4987,101.5711,5.6366,1]},
{"frame":24,"values":[0.9956,-0.0912,0.0229,0,0.0908,0.9957,0.0177,0,0.0244,0.0156,-0.9996,0,12.401,101.6286,4.3992,1]},
{"frame":25,"values":[0.9956,-0.091,0.0229,0,0.0907,0.9957,0.0177,0,0.0244,0.0156,-0.9996,0,12.8756,101.6678,3.0901,1]},
{"frame":26,"values":[0.9956,-0.091,0.023,0,0.0907,0.9957,0.0177,0,0.0245,0.0156,-0.9996,0,12.8608,101.6882,1.7513,1]},
{"frame":27,"values":[0.9956,-0.0912,0.023,0,0.0908,0.9957,0.0177,0,0.0245,0.0156,-0.9996,0,12.3881,101.6954,0.453,1]},
{"frame":28,"values":[0.9955,-0.0916,0.0231,0,0.0912,0.9957,0.0177,0,0.0246,0.0156,-0.9996,0,11.5114,101.696,-0.718,1]},
{"frame":29,"values":[0.9955,-0.0919,0.0231,0,0.0915,0.9956,0.0177,0,0.0246,0.0156,-0.9996,0,10.3018,101.6937,-1.665,1]},
{"frame":30,"values":[0.9955,-0.0923,0.0231,0,0.0919,0.9956,0.0178,0,0.0247,0.0156,-0.9996,0,8.8487,101.6885,-2.3259,1]},
{"frame":31,"values":[0.9954,-0.0927,0.0231,0,0.0923,0.9956,0.0178,0,0.0247,0.0156,-0.9996,0,7.256,101.6811,-2.7061,1]},
{"frame":32,"values":[0.9954,-0.0931,0.0231,0,0.0927,0.9955,0.0178,0,0.0246,0.0156,-0.9996,0,5.6252,101.6738,-2.852,1]},
{"frame":33,"values":[0.9954,-0.0933,0.023,0,0.0929,0.9955,0.0178,0,0.0246,0.0156,-0.9996,0,4.0478,101.6679,-2.7986,1]},
{"frame":34,"values":[0.9954,-0.0935,0.0229,0,0.0931,0.9955,0.0178,0,0.0245,0.0156,-0.9996,0,2.6108,101.6633,-2.5528,1]},
{"frame":35,"values":[0.9953,-0.0936,0.0229,0,0.0932,0.9955,0.0178,0,0.0244,0.0156,-0.9996,0,1.3965,101.6587,-2.1256,1]},
{"frame":36,"values":[0.9954,-0.0936,0.0215,0,0.0933,0.9955,0.0177,0,0.0231,0.0156,-0.9996,0,0.4681,101.6518,-1.5565,1]}],"loopBehavior":1,"name":"anim","property":"_matrix"}},
{"name":"mixamorig:Spine","index":1,"matrix":[0.9984,0.052,0.0221,0,-0.0524,0.9984,0.0215,0,-0.0209,-0.0226,0.9995,0,0,10.1816,0.1315,1],"rest":[1,0,0,0,0,1,0,0,0,0,1,0,0,10.1816,0.1315,1],"parentBoneIndex":0,"length":10.133
,"animation":{"dataType":3,"framePerSecond":30,"keys":[
{"frame":1,"values":[0.9984,0.052,0.0221,0,-0.0524,0.9984,0.0215,0,-0.0209,-0.0226,0.9995,0,0,10.1816,0.1315,1]},
{"frame":2,"values":[0.9985,0.0532,0.014,0,-0.0535,0.9984,0.0202,0,-0.0129,-0.0209,0.9997,0,0,10.1816,0.1315,1]},
{"frame":3,"values":[0.9985,0.0541,0.006,0,-0.0542,0.9983,0.0191,0,-0.0049,-0.0194,0.9998,0,0,10.1816,0.1315,1]},
{"frame":4,"values":[0.9985,0.0542,-0.0019,0,-0.0542,0.9984,0.0184,0,0.0029,-0.0183,0.9998,0,0,10.1816,0.1315,1]},
{"frame":5,"values":[0.9986,0.0528,-0.0099,0,-0.0526,0.9984,0.0185,0,0.0109,-0.018,0.9998,0,0,10.1816,0.1315,1]},
{"frame":6,"values":[0.9986,0.0497,-0.0187,0,-0.0493,0.9986,0.0194,0,0.0196,-0.0185,0.9996,0,0,10.1816,0.1315,1]},
{"frame":7,"values":[0.9986,0.0451,-0.0286,0,-0.0445,0.9988,0.021,0,0.0295,-0.0197,0.9994,0,0,10.1816,0.1315,1]},
{"frame":8,"values":[0.9984,0.0398,-0.0395,0,-0.0389,0.999,0.023,0,0.0404,-0.0214,0.999,0,0,10.1816,0.1315,1]},
{"frame":9,"values":[0.9981,0.0342,-0.0507,0,-0.0329,0.9991,0.0253,0,0.0516,-0.0235,0.9984,0,0,10.1816,0.1315,1]},
{"frame":10,"values":[0.9977,0.029,-0.0611,0,-0.0274,0.9992,0.0275,0,0.0618,-0.0257,0.9978,0,0,10.1816,0.1315,1]},
{"frame":11,"values":[0.9973,0.0253,-0.0693,0,-0.0233,0.9993,0.0292,0,0.07,-0.0275,0.9972,0,0,10.1816,0.1315,1]},
{"frame":12,"values":[0.997,0.0236,-0.0742,0,-0.0214,0.9993,0.0301,0,0.0749,-0.0284,0.9968,0,0,10.1816,0.1315,1]},
{"frame":13,"values":[0.9969,0.0237,-0.075,0,-0.0215,0.9993,0.0297,0,0.0757,-0.028,0.9967,0,0,10.1816,0.1315,1]},
{"frame":14,"values":[0.9971,0.0253,-0.0718,0,-0.0233,0.9993,0.0282,0,0.0725,-0.0265,0.997,0,0,10.1816,0.1315,1]},
{"frame":15,"values":[0.9975,0.0278,-0.0654,0,-0.0262,0.9993,0.0261,0,0.0661,-0.0243,0.9975,0,0,10.1816,0.1315,1]},
{"frame":16,"values":[0.9979,0.0308,-0.0571,0,-0.0295,0.9993,0.024,0,0.0578,-0.0222,0.9981,0,0,10.1816,0.1315,1]},
{"frame":17,"values":[0.9983,0.0335,-0.0479,0,-0.0324,0.9992,0.0224,0,0.0486,-0.0209,0.9986,0,0,10.1816,0.1315,1]},
{"frame":18,"values":[0.9986,0.0354,-0.0383,0,-0.0346,0.9992,0.0219,0,0.039,-0.0205,0.999,0,0,10.1816,0.1315,1]},
{"frame":19,"values":[0.9989,0.0369,-0.0278,0,-0.0363,0.9991,0.0223,0,0.0286,-0.0212,0.9994,0,0,10.1816,0.1315,1]},
{"frame":20,"values":[0.9991,0.0384,-0.0159,0,-0.0381,0.999,0.0232,0,0.0168,-0.0225,0.9996,0,0,10.1816,0.1315,1]},
{"frame":21,"values":[0.9992,0.0407,-0.0023,0,-0.0406,0.9989,0.0241,0,0.0032,-0.024,0.9997,0,0,10.1816,0.1315,1]},
{"frame":22,"values":[0.999,0.0437,0.0124,0,-0.044,0.9987,0.0247,0,-0.0113,-0.0252,0.9996,0,0,10.1816,0.1315,1]},
{"frame":23,"values":[0.9985,0.0471,0.0269,0,-0.0478,0.9985,0.0247,0,-0.0257,-0.026,0.9993,0,0,10.1816,0.1315,1]},
{"frame":24,"values":[0.9979,0.0503,0.0397,0,-0.0513,0.9984,0.0243,0,-0.0384,-0.0262,0.9989,0,0,10.1816,0.1315,1]},
{"frame":25,"values":[0.9974,0.0527,0.05,0,-0.0539,0.9983,0.0234,0,-0.0486,-0.0261,0.9985,0,0,10.1816,0.1315,1]},
{"frame":26,"values":[0.9969,0.0542,0.0574,0,-0.0556,0.9982,0.0226,0,-0.056,-0.0257,0.9981,0,0,10.1816,0.1315,1]},
{"frame":27,"values":[0.9966,0.0549,0.0621,0,-0.0563,0.9982,0.0221,0,-0.0608,-0.0255,0.9978,0,0,10.1816,0.1315,1]},
{"frame":28,"values":[0.9964,0.0547,0.0645,0,-0.0563,0.9982,0.0222,0,-0.0632,-0.0258,0.9977,0,0,10.1816,0.1315,1]},
{"frame":29,"values":[0.9965,0.0538,0.0645,0,-0.0554,0.9982,0.023,0,-0.0631,-0.0265,0.9977,0,0,10.1816,0.1315,1]},
{"frame":30,"values":[0.9967,0.0525,0.0619,0,-0.0541,0.9982,0.0239,0,-0.0606,-0.0272,0.9978,0,0,10.1816,0.1315,1]},
{"frame":31,"values":[0.997,0.0514,0.0573,0,-0.0529,0.9983,0.0245,0,-0.0559,-0.0275,0.9981,0,0,10.1816,0.1315,1]},
{"frame":32,"values":[0.9974,0.0509,0.0511,0,-0.0522,0.9983,0.0245,0,-0.0498,-0.0271,0.9984,0,0,10.1816,0.1315,1]},
{"frame":33,"values":[0.9977,0.0509,0.0443,0,-0.052,0.9984,0.024,0,-0.043,-0.0263,0.9987,0,0,10.1816,0.1315,1]},
{"frame":34,"values":[0.998,0.0513,0.0371,0,-0.0521,0.9984,0.0233,0,-0.0359,-0.0251,0.999,0,0,10.1816,0.1315,1]},
{"frame":35,"values":[0.9982,0.0516,0.0297,0,-0.0523,0.9984,0.0224,0,-0.0285,-0.0239,0.9993,0,0,10.1816,0.1315,1]},
{"frame":36,"values":[0.9984,0.052,0.0221,0,-0.0524,0.9984,0.0215,0,-0.0209,-0.0226,0.9995,0,0,10.1816,0.1315,1]}],"loopBehavior":1,"name":"anim","property":"_matrix"}},
{"name":"mixamorig:Spine1","index":2,"matrix":[0.9946,0.1036,-0.0033,0,-0.1036,0.9945,0.0131,0,0.0046,-0.0127,0.9999,0,0,10.0834,-1.0008,1],"rest":[1,0,0,0,0,1,0,0,0,0,1,0,0,10.0835,-1.0008,1],"parentBoneIndex":1,"length":9.2031
,"animation":{"dataType":3,"framePerSecond":30,"keys":[
{"frame":1,"values":[0.9946,0.1036,-0.0033,0,-0.1036,0.9945,0.0131,0,0.0046,-0.0127,0.9999,0,0,10.0834,-1.0008,1]},
{"frame":2,"values":[0.9947,0.1018,-0.0112,0,-0.1017,0.9947,0.0136,0,0.0125,-0.0124,0.9998,0,0,10.0834,-1.0008,1]},
{"frame":3,"values":[0.9948,0.0998,-0.0194,0,-0.0995,0.9949,0.0141,0,0.0207,-0.0121,0.9997,0,0,10.0835,-1.0008,1]},
{"frame":4,"values":[0.9948,0.0974,-0.0284,0,-0.097,0.9952,0.0148,0,0.0297,-0.012,0.9995,0,0,10.0835,-1.0008,1]},
{"frame":5,"values":[0.9948,0.0942,-0.0389,0,-0.0937,0.9955,0.0158,0,0.0402,-0.0121,0.9991,0,0,10.0835,-1.0008,1]},
{"frame":6,"values":[0.9946,0.0903,-0.0514,0,-0.0895,0.9958,0.0173,0,0.0528,-0.0126,0.9985,0,0,10.0835,-1.0008,1]},
{"frame":7,"values":[0.9941,0.0859,-0.0657,0,-0.0848,0.9962,0.019,0,0.0671,-0.0134,0.9977,0,0,10.0834,-1.0008,1]},
{"frame":8,"values":[0.9934,0.0815,-0.0807,0,-0.08,0.9966,0.021,0,0.0822,-0.0144,0.9965,0,0,10.0835,-1.0008,1]},
{"frame":9,"values":[0.9924,0.0775,-0.0953,0,-0.0757,0.9969,0.0229,0,0.0967,-0.0155,0.9952,0,0,10.0834,-1.0008,1]},
{"frame":10,"values":[0.9913,0.0744,-0.1082,0,-0.0722,0.9971,0.0247,0,0.1097,-0.0167,0.9938,0,0,10.0834,-1.0008,1]},
{"frame":11,"values":[0.9903,0.0725,-0.1184,0,-0.0698,0.9972,0.0261,0,0.12,-0.0176,0.9926,0,0,10.0834,-1.0008,1]},
{"frame":12,"values":[0.9895,0.072,-0.1252,0,-0.0691,0.9972,0.027,0,0.1268,-0.018,0.9918,0,0,10.0835,-1.0008,1]},
{"frame":13,"values":[0.9891,0.0732,-0.1277,0,-0.0702,0.9972,0.0271,0,0.1293,-0.0179,0.9914,0,0,10.0835,-1.0008,1]},
{"frame":14,"values":[0.9892,0.076,-0.1255,0,-0.0732,0.997,0.0266,0,0.1271,-0.0172,0.9917,0,0,10.0834,-1.0008,1]},
{"frame":15,"values":[0.9897,0.0799,-0.1188,0,-0.0774,0.9967,0.0256,0,0.1204,-0.0161,0.9926,0,0,10.0835,-1.0008,1]},
{"frame":16,"values":[0.9906,0.0837,-0.1083,0,-0.0816,0.9964,0.0242,0,0.11,-0.0151,0.9938,0,0,10.0835,-1.0008,1]},
{"frame":17,"values":[0.9917,0.0864,-0.0948,0,-0.0846,0.9962,0.0227,0,0.0964,-0.0144,0.9952,0,0,10.0834,-1.0008,1]},
{"frame":18,"values":[0.9931,0.0869,-0.079,0,-0.0855,0.9961,0.0212,0,0.0805,-0.0143,0.9966,0,0,10.0834,-1.0008,1]},
{"frame":19,"values":[0.9945,0.0854,-0.0613,0,-0.0844,0.9962,0.02,0,0.0627,-0.0147,0.9979,0,0,10.0834,-1.0008,1]},
{"frame":20,"values":[0.9957,0.0827,-0.0421,0,-0.082,0.9965,0.0188,0,0.0435,-0.0153,0.9989,0,0,10.0835,-1.0008,1]},
{"frame":21,"values":[0.9965,0.0801,-0.0222,0,-0.0797,0.9967,0.0176,0,0.0236,-0.0158,0.9996,0,0,10.0835,-1.0008,1]},
{"frame":22,"values":[0.9969,0.0787,-0.0028,0,-0.0787,0.9968,0.0163,0,0.0041,-0.016,0.9999,0,0,10.0835,-1.0008,1]},
{"frame":23,"values":[0.9967,0.0794,0.0148,0,-0.0796,0.9967,0.0147,0,-0.0136,-0.0158,0.9998,0,0,10.0834,-1.0008,1]},
{"frame":24,"values":[0.9962,0.082,0.0295,0,-0.0824,0.9965,0.0129,0,-0.0283,-0.0153,0.9995,0,0,10.0834,-1.0008,1]},
{"frame":25,"values":[0.9955,0.0861,0.0405,0,-0.0866,0.9962,0.0112,0,-0.0394,-0.0146,0.9991,0,0,10.0834,-1.0008,1]},
{"frame":26,"values":[0.9947,0.0911,0.0477,0,-0.0917,0.9957,0.0096,0,-0.0466,-0.014,0.9988,0,0,10.0834,-1.0008,1]},
{"frame":27,"values":[0.994,0.0965,0.0512,0,-0.0971,0.9952,0.0085,0,-0.0502,-0.0134,0.9987,0,0,10.0835,-1.0008,1]},
{"frame":28,"values":[0.9935,0.1017,0.0515,0,-0.1022,0.9947,0.0079,0,-0.0505,-0.0131,0.9986,0,0,10.0835,-1.0008,1]},
{"frame":29,"values":[0.9932,0.1059,0.0489,0,-0.1064,0.9943,0.008,0,-0.0477,-0.0131,0.9988,0,0,10.0834,-1.0008,1]},
{"frame":30,"values":[0.9931,0.1085,0.0437,0,-0.109,0.994,0.0086,0,-0.0425,-0.0133,0.999,0,0,10.0835,-1.0008,1]},
{"frame":31,"values":[0.9933,0.1095,0.0368,0,-0.1099,0.9939,0.0094,0,-0.0356,-0.0134,0.9993,0,0,10.0834,-1.0008,1]},
{"frame":32,"values":[0.9936,0.1092,0.0291,0,-0.1095,0.9939,0.0103,0,-0.0278,-0.0134,0.9995,0,0,10.0834,-1.0008,1]},
{"frame":33,"values":[0.9939,0.1082,0.0211,0,-0.1084,0.994,0.0111,0,-0.0198,-0.0133,0.9997,0,0,10.0835,-1.0008,1]},
{"frame":34,"values":[0.9942,0.1069,0.0132,0,-0.107,0.9942,0.0118,0,-0.0118,-0.0131,0.9998,0,0,10.0834,-1.0008,1]},
{"frame":35,"values":[0.9944,0.1054,0.0051,0,-0.1054,0.9943,0.0125,0,-0.0037,-0.0129,0.9999,0,0,10.0835,-1.0008,1]},
{"frame":36,"values":[0.9946,0.1036,-0.0033,0,-0.1036,0.9945,0.0131,0,0.0046,-0.0127,0.9999,0,0,10.0834,-1.0008,1]}],"loopBehavior":1,"name":"anim","property":"_matrix"}},
{"name":"mixamorig:Spine2","index":3,"matrix":[0.9947,0.1021,-0.0123,0,-0.1019,0.9947,0.0137,0,0.0136,-0.0124,0.9998,0,0,9.1,-1.3734,1],"rest":[1,0,0,0,0,1,0,0,0,0,1,0,0,9.1,-1.3734,1],"parentBoneIndex":2,"length":13.7198
,"animation":{"dataType":3,"framePerSecond":30,"keys":[
{"frame":1,"values":[0.9947,0.1021,-0.0123,0,-0.1019,0.9947,0.0137,0,0.0136,-0.0124,0.9998,0,0,9.1,-1.3734,1]},
{"frame":2,"values":[0.9948,0.1002,-0.0201,0,-0.0999,0.9949,0.0148,0,0.0215,-0.0127,0.9997,0,0,9.1,-1.3734,1]},
{"frame":3,"values":[0.9948,0.0981,-0.0283,0,-0.0977,0.9951,0.0159,0,0.0297,-0.013,0.9995,0,0,9.1,-1.3734,1]},
{"frame":4,"values":[0.9947,0.0955,-0.0371,0,-0.0949,0.9953,0.0172,0,0.0386,-0.0136,0.9992,0,0,9.1,-1.3734,1]},
{"frame":5,"values":[0.9946,0.0922,-0.0475,0,-0.0914,0.9956,0.0191,0,0.049,-0.0146,0.9987,0,0,9.1,-1.3734,1]},
{"frame":6,"values":[0.9943,0.0882,-0.0599,0,-0.087,0.996,0.0215,0,0.0615,-0.0161,0.998,0,0,9.1,-1.3734,1]},
{"frame":7,"values":[0.9938,0.0836,-0.074,0,-0.082,0.9963,0.0243,0,0.0757,-0.0181,0.997,0,0,9.1,-1.3734,1]},
{"frame":8,"values":[0.9929,0.0791,-0.0888,0,-0.0769,0.9967,0.0273,0,0.0907,-0.0203,0.9957,0,0,9.1,-1.3734,1]},
{"frame":9,"values":[0.9918,0.0751,-0.1031,0,-0.0723,0.9969,0.0302,0,0.1051,-0.0225,0.9942,0,0,9.1,-1.3734,1]},
{"frame":10,"values":[0.9907,0.0719,-0.1159,0,-0.0685,0.9971,0.0328,0,0.1179,-0.0246,0.9927,0,0,9.1,-1.3734,1]},
{"frame":11,"values":[0.9896,0.0699,-0.126,0,-0.066,0.9972,0.0349,0,0.1281,-0.0262,0.9914,0,0,9.1,-1.3734,1]},
{"frame":12,"values":[0.9887,0.0694,-0.1327,0,-0.0651,0.9972,0.0362,0,0.1349,-0.0271,0.9905,0,0,9.1,-1.3734,1]},
{"frame":13,"values":[0.9883,0.0706,-0.1352,0,-0.0662,0.9971,0.0365,0,0.1374,-0.0271,0.9901,0,0,9.1,-1.3734,1]},
{"frame":14,"values":[0.9884,0.0734,-0.133,0,-0.0692,0.997,0.0359,0,0.1353,-0.0263,0.9905,0,0,9.1,-1.3734,1]},
{"frame":15,"values":[0.989,0.0773,-0.1265,0,-0.0735,0.9967,0.0344,0,0.1287,-0.0247,0.9914,0,0,9.1,-1.3734,1]},
{"frame":16,"values":[0.9899,0.0812,-0.1161,0,-0.0779,0.9964,0.0323,0,0.1183,-0.023,0.9927,0,0,9.1,-1.3734,1]},
{"frame":17,"values":[0.9912,0.0839,-0.1028,0,-0.0812,0.9962,0.0299,0,0.1049,-0.0213,0.9943,0,0,9.1,-1.3734,1]},
{"frame":18,"values":[0.9926,0.0846,-0.0871,0,-0.0825,0.9962,0.0272,0,0.089,-0.0199,0.9958,0,0,9.1,-1.3734,1]},
{"frame":19,"values":[0.9941,0.0832,-0.0694,0,-0.0817,0.9964,0.0245,0,0.0712,-0.0187,0.9973,0,0,9.1,-1.3734,1]},
{"frame":20,"values":[0.9955,0.0807,-0.0504,0,-0.0797,0.9966,0.0218,0,0.052,-0.0176,0.9985,0,0,9.1,-1.3734,1]},
{"frame":21,"values":[0.9965,0.0783,-0.0306,0,-0.0778,0.9968,0.019,0,0.032,-0.0165,0.9994,0,0,9.1,-1.3734,1]},
{"frame":22,"values":[0.9969,0.0773,-0.0113,0,-0.0771,0.9969,0.0161,0,0.0125,-0.0152,0.9998,0,0,9.1,-1.3734,1]},
{"frame":23,"values":[0.9969,0.0782,0.0062,0,-0.0783,0.9968,0.0132,0,-0.0051,-0.0137,0.9999,0,0,9.1,-1.3734,1]},
{"frame":24,"values":[0.9965,0.0811,0.0207,0,-0.0813,0.9966,0.0105,0,-0.0198,-0.0121,0.9997,0,0,9.1,-1.3734,1]},
{"frame":25,"values":[0.9959,0.0854,0.0315,0,-0.0857,0.9963,0.008,0,-0.0307,-0.0106,0.9995,0,0,9.1,-1.3734,1]},
{"frame":26,"values":[0.9952,0.0905,0.0384,0,-0.0908,0.9958,0.0059,0,-0.0378,-0.0094,0.9992,0,0,9.1,-1.3734,1]},
{"frame":27,"values":[0.9945,0.096,0.0418,0,-0.0963,0.9953,0.0046,0,-0.0412,-0.0086,0.9991,0,0,9.1,-1.3734,1]},
{"frame":28,"values":[0.994,0.1011,0.042,0,-0.1014,0.9948,0.004,0,-0.0414,-0.0082,0.9991,0,0,9.1,-1.3734,1]},
{"frame":29,"values":[0.9937,0.1053,0.0393,0,-0.1055,0.9944,0.0043,0,-0.0386,-0.0085,0.9992,0,0,9.1,-1.3734,1]},
{"frame":30,"values":[0.9936,0.1078,0.0341,0,-0.1081,0.9941,0.0054,0,-0.0333,-0.009,0.9994,0,0,9.1,-1.3734,1]},
{"frame":31,"values":[0.9937,0.1087,0.0273,0,-0.1089,0.994,0.0069,0,-0.0264,-0.0098,0.9996,0,0,9.1,-1.3734,1]},
{"frame":32,"values":[0.9939,0.1082,0.0196,0,-0.1084,0.9941,0.0084,0,-0.0186,-0.0105,0.9998,0,0,9.1,-1.3734,1]},
{"frame":33,"values":[0.9942,0.1071,0.0118,0,-0.1072,0.9942,0.0098,0,-0.0107,-0.011,0.9999,0,0,9.1,-1.3734,1]},
{"frame":34,"values":[0.9944,0.1056,0.0039,0,-0.1057,0.9943,0.0111,0,-0.0027,-0.0115,0.9999,0,0,9.1,-1.3734,1]},
{"frame":35,"values":[0.9946,0.104,-0.0041,0,-0.104,0.9945,0.0124,0,0.0053,-0.0119,0.9999,0,0,9.1,-1.3734,1]},
{"frame":36,"values":[0.9947,0.1021,-0.0123,0,-0.1019,0.9947,0.0137,0,0.0136,-0.0124,0.9998,0,0,9.1,-1.3734,1]}],"loopBehavior":1,"name":"anim","property":"_matrix"}},
{"name":"mixamorig:Neck","index":4,"matrix":[0.9993,-0.0379,0.0046,0,0.0378,0.9991,0.0184,0,-0.0053,-0.0182,0.9998,0,0,16.6717,-2.5162,1],"rest":[1,0,0,0,0,1,0,0,0,0,1,0,0,16.6717,-2.5162,1],"parentBoneIndex":3,"length":9.7644
,"animation":{"dataType":3,"framePerSecond":30,"keys":[
{"frame":1,"values":[0.9993,-0.0379,0.0046,0,0.0378,0.9991,0.0184,0,-0.0053,-0.0182,0.9998,0,0,16.6717,-2.5162,1]},
{"frame":2,"values":[0.999,-0.0401,0.0197,0,0.0398,0.9991,0.0142,0,-0.0203,-0.0134,0.9997,0,0,16.6717,-2.5162,1]},
{"frame":3,"values":[0.9985,-0.0427,0.0331,0,0.0424,0.999,0.0102,0,-0.0335,-0.0088,0.9994,0,0,16.6717,-2.5162,1]},
{"frame":4,"values":[0.998,-0.0462,0.0422,0,0.0459,0.9989,0.0066,0,-0.0425,-0.0046,0.9991,0,0,16.6716,-2.5162,1]},
{"frame":5,"values":[0.9977,-0.0512,0.0444,0,0.0511,0.9987,0.0035,0,-0.0446,-0.0012,0.999,0,0,16.6717,-2.5162,1]},
{"frame":6,"values":[0.9976,-0.0579,0.039,0,0.0579,0.9983,0.0008,0,-0.039,0.0014,0.9992,0,0,16.6717,-2.5162,1]},
{"frame":7,"values":[0.9974,-0.0658,0.0284,0,0.0659,0.9978,-0.0014,0,-0.0282,0.0033,0.9996,0,0,16.6716,-2.5162,1]},
{"frame":8,"values":[0.9971,-0.0742,0.0163,0,0.0743,0.9972,-0.0034,0,-0.016,0.0046,0.9999,0,0,16.6717,-2.5162,1]},
{"frame":9,"values":[0.9966,-0.0825,0.0052,0,0.0826,0.9966,-0.0051,0,-0.0048,0.0055,1,0,0,16.6717,-2.5162,1]},
{"frame":10,"values":[0.9959,-0.0904,-0.005,0,0.0904,0.9959,-0.0064,0,0.0056,0.0059,1,0,0,16.6717,-2.5162,1]},
{"frame":11,"values":[0.9951,-0.0975,-0.0159,0,0.0974,0.9952,-0.0073,0,0.0165,0.0057,0.9998,0,0,16.6717,-2.5162,1]},
{"frame":12,"values":[0.9942,-0.1034,-0.0282,0,0.1032,0.9946,-0.0076,0,0.0289,0.0046,0.9996,0,0,16.6717,-2.5162,1]},
{"frame":13,"values":[0.9933,-0.1079,-0.0416,0,0.1077,0.9942,-0.0072,0,0.0422,0.0027,0.9991,0,0,16.6716,-2.5162,1]},
{"frame":14,"values":[0.9923,-0.1109,-0.0546,0,0.1107,0.9938,-0.0061,0,0.0549,0,0.9985,0,0,16.6717,-2.5162,1]},
{"frame":15,"values":[0.9915,-0.112,-0.0658,0,0.112,0.9937,-0.0046,0,0.0659,-0.0029,0.9978,0,0,16.6717,-2.5162,1]},
{"frame":16,"values":[0.991,-0.1108,-0.0746,0,0.1109,0.9938,-0.0027,0,0.0744,-0.0056,0.9972,0,0,16.6717,-2.5162,1]},
{"frame":17,"values":[0.991,-0.1067,-0.0809,0,0.107,0.9943,-0.0004,0,0.0805,-0.0083,0.9967,0,0,16.6717,-2.5162,1]},
{"frame":18,"values":[0.9913,-0.0996,-0.0857,0,0.1002,0.995,0.0029,0,0.085,-0.0114,0.9963,0,0,16.6717,-2.5162,1]},
{"frame":19,"values":[0.9918,-0.0902,-0.0903,0,0.0913,0.9958,0.0074,0,0.0892,-0.0156,0.9959,0,0,16.6717,-2.5162,1]},
{"frame":20,"values":[0.9922,-0.0797,-0.0959,0,0.0813,0.9966,0.0134,0,0.0945,-0.0211,0.9953,0,0,16.6717,-2.5162,1]},
{"frame":21,"values":[0.9923,-0.0694,-0.103,0,0.0719,0.9972,0.0208,0,0.1013,-0.028,0.9945,0,0,16.6717,-2.5162,1]},
{"frame":22,"values":[0.992,-0.0604,-0.1112,0,0.0639,0.9975,0.029,0,0.1092,-0.0359,0.9934,0,0,16.6717,-2.5162,1]},
{"frame":23,"values":[0.9915,-0.0527,-0.1191,0,0.0575,0.9977,0.0372,0,0.1168,-0.0437,0.9922,0,0,16.6717,-2.5162,1]},
{"frame":24,"values":[0.9911,-0.0459,-0.125,0,0.0518,0.9977,0.0446,0,0.1226,-0.0507,0.9912,0,0,16.6716,-2.5162,1]},
{"frame":25,"values":[0.991,-0.0396,-0.1275,0,0.0463,0.9977,0.0503,0,0.1252,-0.0557,0.9906,0,0,16.6716,-2.5162,1]},
{"frame":26,"values":[0.9915,-0.0343,-0.1258,0,0.0413,0.9977,0.0536,0,0.1237,-0.0584,0.9906,0,0,16.6716,-2.5162,1]},
{"frame":27,"values":[0.9923,-0.0307,-0.1197,0,0.0374,0.9978,0.0544,0,0.1178,-0.0585,0.9913,0,0,16.6716,-2.5162,1]},
{"frame":28,"values":[0.9936,-0.029,-0.1096,0,0.0349,0.998,0.0529,0,0.1079,-0.0564,0.9926,0,0,16.6717,-2.5162,1]},
{"frame":29,"values":[0.9949,-0.0285,-0.0965,0,0.0334,0.9982,0.0497,0,0.0949,-0.0526,0.9941,0,0,16.6717,-2.5162,1]},
{"frame":30,"values":[0.9963,-0.0285,-0.0817,0,0.0323,0.9984,0.0455,0,0.0803,-0.0479,0.9956,0,0,16.6717,-2.5162,1]},
{"frame":31,"values":[0.9974,-0.0289,-0.0665,0,0.0317,0.9987,0.0408,0,0.0652,-0.0428,0.997,0,0,16.6717,-2.5162,1]},
{"frame":32,"values":[0.9982,-0.0299,-0.0517,0,0.0318,0.9988,0.0362,0,0.0505,-0.0378,0.998,0,0,16.6717,-2.5162,1]},
{"frame":33,"values":[0.9988,-0.0315,-0.0372,0,0.0327,0.999,0.0316,0,0.0361,-0.0328,0.9988,0,0,16.6716,-2.5162,1]},
{"frame":34,"values":[0.9992,-0.0335,-0.0229,0,0.0341,0.999,0.0272,0,0.0219,-0.0279,0.9994,0,0,16.6716,-2.5162,1]},
{"frame":35,"values":[0.9993,-0.0356,-0.0089,0,0.0358,0.9991,0.0227,0,0.008,-0.0231,0.9997,0,0,16.6717,-2.5162,1]},
{"frame":36,"values":[0.9993,-0.0379,0.0046,0,0.0378,0.9991,0.0184,0,-0.0053,-0.0182,0.9998,0,0,16.6717,-2.5162,1]}],"loopBehavior":1,"name":"anim","property":"_matrix"}},
{"name":"mixamorig:Head","index":5,"matrix":[0.9899,-0.1413,-0.0133,0,0.1416,0.9896,0.026,0,0.0095,-0.0277,0.9996,0,0,9.6179,1.685,1],"rest":[1,0,0,0,0,1,0,0,0,0,1,0,0,9.6179,1.685,1],"parentBoneIndex":4,"length":13.7945
,"animation":{"dataType":3,"framePerSecond":30,"keys":[
{"frame":1,"values":[0.9899,-0.1413,-0.0133,0,0.1416,0.9896,0.026,0,0.0095,-0.0277,0.9996,0,0,9.6179,1.685,1]},
{"frame":2,"values":[0.9904,-0.1372,0.0188,0,0.1367,0.9903,0.0256,0,-0.0222,-0.0228,0.9995,0,0,9.6179,1.685,1]},
{"frame":3,"values":[0.9899,-0.1336,0.0479,0,0.1326,0.9909,0.024,0,-0.0507,-0.0174,0.9986,0,0,9.6179,1.685,1]},
{"frame":4,"values":[0.9888,-0.1314,0.0703,0,0.1303,0.9913,0.0201,0,-0.0723,-0.0107,0.9973,0,0,9.6179,1.685,1]},
{"frame":5,"values":[0.988,-0.1312,0.0819,0,0.1306,0.9913,0.0128,0,-0.0829,-0.0019,0.9966,0,0,9.6179,1.685,1]},
{"frame":6,"values":[0.9877,-0.1332,0.0823,0,0.1335,0.9911,0.0019,0,-0.0818,0.0091,0.9966,0,0,9.6179,1.685,1]},
{"frame":7,"values":[0.9878,-0.1364,0.0758,0,0.1376,0.9904,-0.0115,0,-0.0735,0.0218,0.9971,0,0,9.6179,1.685,1]},
{"frame":8,"values":[0.9878,-0.1399,0.0691,0,0.1419,0.9895,-0.0257,0,-0.0648,0.0352,0.9973,0,0,9.6179,1.685,1]},
{"frame":9,"values":[0.9875,-0.1436,0.0656,0,0.1464,0.9884,-0.0402,0,-0.0591,0.0493,0.997,0,0,9.6179,1.685,1]},
{"frame":10,"values":[0.9869,-0.1484,0.0635,0,0.1519,0.9868,-0.0555,0,-0.0544,0.0644,0.9964,0,0,9.6179,1.685,1]},
{"frame":11,"values":[0.9862,-0.1555,0.0573,0,0.1594,0.9846,-0.0717,0,-0.0452,0.0799,0.9958,0,0,9.6179,1.685,1]},
{"frame":12,"values":[0.9852,-0.1663,0.0422,0,0.1694,0.9816,-0.0875,0,-0.0269,0.0934,0.9953,0,0,9.6179,1.685,1]},
{"frame":13,"values":[0.9832,-0.1817,0.0162,0,0.1824,0.9781,-0.1007,0,0.0024,0.1019,0.9948,0,0,9.6179,1.685,1]},
{"frame":14,"values":[0.9792,-0.2019,-0.0199,0,0.1985,0.974,-0.1095,0,0.0414,0.1033,0.9938,0,0,9.6179,1.685,1]},
{"frame":15,"values":[0.9722,-0.2253,-0.0635,0,0.2172,0.9694,-0.114,0,0.0873,0.0971,0.9914,0,0,9.6179,1.685,1]},
{"frame":16,"values":[0.962,-0.2492,-0.1114,0,0.2366,0.9647,-0.1156,0,0.1363,0.0849,0.987,0,0,9.6179,1.685,1]},
{"frame":17,"values":[0.9493,-0.2708,-0.1597,0,0.2544,0.9601,-0.1158,0,0.1847,0.0693,0.9804,0,0,9.6179,1.685,1]},
{"frame":18,"values":[0.9354,-0.2878,-0.2052,0,0.2688,0.9562,-0.1156,0,0.2295,0.0529,0.9719,0,0,9.6179,1.685,1]},
{"frame":19,"values":[0.9217,-0.2995,-0.2465,0,0.2791,0.9534,-0.1149,0,0.2694,0.0371,0.9623,0,0,9.6179,1.685,1]},
{"frame":20,"values":[0.9089,-0.3062,-0.283,0,0.2854,0.9517,-0.1132,0,0.3041,0.0221,0.9524,0,0,9.6179,1.685,1]},
{"frame":21,"values":[0.8976,-0.3082,-0.3151,0,0.2882,0.9513,-0.1094,0,0.3335,0.0073,0.9427,0,0,9.6179,1.685,1]},
{"frame":22,"values":[0.8886,-0.3052,-0.3423,0,0.2877,0.9522,-0.1022,0,0.3572,-0.0077,0.934,0,0,9.6179,1.685,1]},
{"frame":23,"values":[0.8831,-0.297,-0.3632,0,0.2835,0.9546,-0.0914,0,0.3738,-0.0223,0.9272,0,0,9.6179,1.685,1]},
{"frame":24,"values":[0.8824,-0.2834,-0.3755,0,0.275,0.9584,-0.0772,0,0.3818,-0.0351,0.9236,0,0,9.6179,1.685,1]},
{"frame":25,"values":[0.8872,-0.2656,-0.3773,0,0.2624,0.963,-0.061,0,0.3795,-0.0449,0.9241,0,0,9.6179,1.685,1]},
{"frame":26,"values":[0.897,-0.2463,-0.3671,0,0.2476,0.9679,-0.0443,0,0.3662,-0.0511,0.9291,0,0,9.6179,1.685,1]},
{"frame":27,"values":[0.9105,-0.2281,-0.3449,0,0.2328,0.9721,-0.0283,0,0.3417,-0.0545,0.9382,0,0,9.6179,1.685,1]},
{"frame":28,"values":[0.9261,-0.2122,-0.3119,0,0.219,0.9756,-0.0134,0,0.3072,-0.0559,0.95,0,0,9.6179,1.685,1]},
{"frame":29,"values":[0.9419,-0.198,-0.2712,0,0.2056,0.9786,-0.0002,0,0.2654,-0.0556,0.9625,0,0,9.6179,1.685,1]},
{"frame":30,"values":[0.9561,-0.1849,-0.2273,0,0.1923,0.9813,0.0104,0,0.2211,-0.0537,0.9738,0,0,9.6179,1.685,1]},
{"frame":31,"values":[0.9673,-0.1735,-0.1849,0,0.1798,0.9835,0.0177,0,0.1787,-0.0504,0.9826,0,0,9.6179,1.685,1]},
{"frame":32,"values":[0.9755,-0.1645,-0.1462,0,0.1694,0.9853,0.0221,0,0.1404,-0.0463,0.989,0,0,9.6179,1.685,1]},
{"frame":33,"values":[0.9813,-0.1575,-0.1107,0,0.1611,0.9866,0.0246,0,0.1054,-0.042,0.9935,0,0,9.6179,1.685,1]},
{"frame":34,"values":[0.9854,-0.1516,-0.077,0,0.154,0.9877,0.026,0,0.0721,-0.0375,0.9967,0,0,9.6179,1.685,1]},
{"frame":35,"values":[0.9882,-0.1463,-0.0444,0,0.1475,0.9887,0.0265,0,0.0401,-0.0327,0.9987,0,0,9.6179,1.685,1]},
{"frame":36,"values":[0.9899,-0.1413,-0.0133,0,0.1416,0.9896,0.026,0,0.0095,-0.0277,0.9996,0,0,9.6179,1.685,1]}],"loopBehavior":1,"name":"anim","property":"_matrix"}},
{"name":"mixamorig:HeadTop_End","index":6,"matrix":[1,0,0,0,0,1,0,0,0,0,1,0,0,17.8151,2.585,1],"rest":[1,0,0,0,0,1,0,0,0,0,1,0,0,17.8152,2.585,1],"parentBoneIndex":5,"length":13.7945
,"animation":{"dataType":3,"framePerSecond":30,"keys":[
{"frame":1,"values":[1,0,0,0,0,1,0,0,0,0,1,0,0,17.8152,2.585,1]},
{"frame":5,"values":[1,0,0,0,0,1,0,0,0,0,1,0,0,17.8151,2.585,1]},
{"frame":6,"values":[1,0,0,0,0,1,0,0,0,0,1,0,0,17.8152,2.585,1]},
{"frame":18,"values":[1,0,0,0,0,1,0,0,0,0,1,0,0,17.8151,2.585,1]},
{"frame":19,"values":[1,0,0,0,0,1,0,0,0,0,1,0,0,17.8152,2.585,1]},
{"frame":20,"values":[1,0,0,0,0,1,0,0,0,0,1,0,0,17.8151,2.585,1]},
{"frame":23,"values":[1,0,0,0,0,1,0,0,0,0,1,0,0,17.8152,2.585,1]},
{"frame":25,"values":[1,0,0,0,0,1,0,0,0,0,1,0,0,17.8151,2.585,1]},
{"frame":26,"values":[1,0,0,0,0,1,0,0,0,0,1,0,0,17.8152,2.585,1]},
{"frame":27,"values":[1,0,0,0,0,1,0,0,0,0,1,0,0,17.8151,2.585,1]},
{"frame":28,"values":[1,0,0,0,0,1,0,0,0,0,1,0,0,17.8152,2.585,1]},
{"frame":30,"values":[1,0,0,0,0,1,0,0,0,0,1,0,0,17.8151,2.585,1]},
{"frame":33,"values":[1,0,0,0,0,1,0,0,0,0,1,0,0,17.8152,2.585,1]},
{"frame":36,"values":[1,0,0,0,0,1,0,0,0,0,1,0,0,17.8151,2.585,1]}],"loopBehavior":1,"name":"anim","property":"_matrix"}},
{"name":"mixamorig:LeftEye","index":7,"matrix":[1,0,0,0,0,1,0,0,0,0,1,0,3.0676,6.4095,9.2836,1],"rest":[1,0,0,0,0,1,0,0,0,0,1,0,3.0676,6.4095,9.2836,1],"parentBoneIndex":5,"length":13.7945
,"animation":{"dataType":3,"framePerSecond":30,"keys":[
{"frame":1,"values":[1,0,0,0,0,1,0,0,0,0,1,0,3.0676,6.4095,9.2836,1]},
{"frame":36,"values":[1,0,0,0,0,1,0,0,0,0,1,0,3.0676,6.4095,9.2836,1]}],"loopBehavior":1,"name":"anim","property":"_matrix"}},
{"name":"mixamorig:RightEye","index":8,"matrix":[1,0,0,0,0,1,0,0,0,0,1,0,-3.0676,6.4095,9.2835,1],"rest":[1,0,0,0,0,1,0,0,0,0,1,0,-3.0676,6.4095,9.2835,1],"parentBoneIndex":5,"length":13.7945
,"animation":{"dataType":3,"framePerSecond":30,"keys":[
{"frame":1,"values":[1,0,0,0,0,1,0,0,0,0,1,0,-3.0676,6.4095,9.2835,1]},
{"frame":2,"values":[1,0,0,0,0,1,0,0,0,0,1,0,-3.0675,6.4095,9.2836,1]},
{"frame":3,"values":[1,0,0,0,0,1,0,0,0,0,1,0,-3.0676,6.4095,9.2835,1]},
{"frame":11,"values":[1,0,0,0,0,1,0,0,0,0,1,0,-3.0675,6.4095,9.2835,1]},
{"frame":12,"values":[1,0,0,0,0,1,0,0,0,0,1,0,-3.0675,6.4095,9.2836,1]},
{"frame":13,"values":[1,0,0,0,0,1,0,0,0,0,1,0,-3.0675,6.4095,9.2835,1]},
{"frame":14,"values":[1,0,0,0,0,1,0,0,0,0,1,0,-3.0676,6.4095,9.2835,1]},
{"frame":15,"values":[1,0,0,0,0,1,0,0,0,0,1,0,-3.0675,6.4095,9.2835,1]},
{"frame":16,"values":[1,0,0,0,0,1,0,0,0,0,1,0,-3.0676,6.4095,9.2835,1]},
{"frame":17,"values":[1,0,0,0,0,1,0,0,0,0,1,0,-3.0675,6.4095,9.2835,1]},
{"frame":19,"values":[1,0,0,0,0,1,0,0,0,0,1,0,-3.0676,6.4095,9.2835,1]},
{"frame":24,"values":[1,0,0,0,0,1,0,0,0,0,1,0,-3.0675,6.4095,9.2835,1]},
{"frame":27,"values":[1,0,0,0,0,1,0,0,0,0,1,0,-3.0676,6.4095,9.2836,1]},
{"frame":28,"values":[1,0,0,0,0,1,0,0,0,0,1,0,-3.0675,6.4095,9.2836,1]},
{"frame":31,"values":[1,0,0,0,0,1,0,0,0,0,1,0,-3.0676,6.4095,9.2835,1]},
{"frame":36,"values":[1,0,0,0,0,1,0,0,0,0,1,0,-3.0676,6.4095,9.2835,1]}],"loopBehavior":1,"name":"anim","property":"_matrix"}},
{"name":"mixamorig:LeftShoulder","index":9,"matrix":[0.9675,-0.1026,0.231,0,0.0854,0.9929,0.0831,0,-0.2379,-0.0607,0.9694,0,4.5704,10.946,-2.628,1],"rest":[1,0,0,0,0,1,0,0,0,0,1,0,4.5704,10.946,-2.628,1],"parentBoneIndex":3,"length":10.8377
,"animation":{"dataType":3,"framePerSecond":30,"keys":[
{"frame":1,"values":[0.9675,-0.1026,0.231,0,0.0854,0.9929,0.0831,0,-0.2379,-0.0607,0.9694,0,4.5704,10.946,-2.628,1]},
{"frame":2,"values":[0.9677,-0.1088,0.2275,0,0.0917,0.9922,0.0847,0,-0.235,-0.0611,0.9701,0,4.5704,10.946,-2.628,1]},
{"frame":3,"values":[0.9678,-0.1147,0.2241,0,0.0976,0.9915,0.0862,0,-0.2321,-0.0615,0.9707,0,4.5704,10.946,-2.628,1]},
{"frame":4,"values":[0.9678,-0.1199,0.2215,0,0.1027,0.9909,0.0875,0,-0.23,-0.0619,0.9712,0,4.5704,10.946,-2.628,1]},
{"frame":5,"values":[0.9674,-0.1244,0.2204,0,0.1071,0.9903,0.0885,0,-0.2293,-0.062,0.9714,0,4.5704,10.946,-2.628,1]},
{"frame":6,"values":[0.9667,-0.129,0.2211,0,0.1116,0.9897,0.0895,0,-0.2303,-0.0618,0.9711,0,4.5704,10.946,-2.628,1]},
{"frame":7,"values":[0.9656,-0.1343,0.2227,0,0.1166,0.989,0.0905,0,-0.2324,-0.0614,0.9707,0,4.5704,10.946,-2.628,1]},
{"frame":8,"values":[0.9646,-0.1392,0.2239,0,0.1214,0.9884,0.0915,0,-0.2341,-0.0611,0.9703,0,4.5704,10.946,-2.628,1]},
{"frame":9,"values":[0.9641,-0.1416,0.2245,0,0.1237,0.988,0.092,0,-0.2348,-0.061,0.9701,0,4.5704,10.946,-2.628,1]},
{"frame":10,"values":[0.9641,-0.1401,0.2256,0,0.1221,0.9883,0.0917,0,-0.2358,-0.0608,0.9699,0,4.5704,10.946,-2.628,1]},
{"frame":11,"values":[0.9639,-0.1354,0.2293,0,0.1174,0.989,0.0905,0,-0.239,-0.0603,0.9691,0,4.5704,10.946,-2.628,1]},
{"frame":12,"values":[0.9631,-0.13,0.2358,0,0.1118,0.9897,0.089,0,-0.245,-0.0593,0.9677,0,4.5704,10.946,-2.628,1]},
{"frame":13,"values":[0.9619,-0.1259,0.2426,0,0.1074,0.9903,0.0877,0,-0.2513,-0.0583,0.9662,0,4.5704,10.946,-2.628,1]},
{"frame":14,"values":[0.9615,-0.123,0.2459,0,0.1045,0.9907,0.0869,0,-0.2543,-0.0579,0.9654,0,4.5704,10.946,-2.628,1]},
{"frame":15,"values":[0.9622,-0.1198,0.2444,0,0.1015,0.9911,0.0863,0,-0.2526,-0.0583,0.9658,0,4.5704,10.946,-2.628,1]},
{"frame":16,"values":[0.9638,-0.1151,0.2407,0,0.097,0.9916,0.0855,0,-0.2485,-0.059,0.9668,0,4.5704,10.946,-2.628,1]},
{"frame":17,"values":[0.9652,-0.1085,0.238,0,0.0908,0.9923,0.0841,0,-0.2453,-0.0596,0.9676,0,4.5704,10.946,-2.628,1]},
{"frame":18,"values":[0.9663,-0.1004,0.2368,0,0.083,0.9931,0.0823,0,-0.2435,-0.0599,0.9681,0,4.5704,10.946,-2.628,1]},
{"frame":19,"values":[0.968,-0.0912,0.2338,0,0.0742,0.994,0.0805,0,-0.2398,-0.0606,0.9689,0,4.5704,10.946,-2.628,1]},
{"frame":20,"values":[0.9709,-0.0815,0.2251,0,0.0651,0.9947,0.0791,0,-0.2304,-0.0621,0.9711,0,4.5704,10.946,-2.628,1]},
{"frame":21,"values":[0.9747,-0.0729,0.2115,0,0.0575,0.9953,0.0783,0,-0.2162,-0.0641,0.9742,0,4.5704,10.946,-2.628,1]},
{"frame":22,"values":[0.9776,-0.0677,0.1992,0,0.053,0.9955,0.0781,0,-0.2036,-0.0658,0.9768,0,4.5704,10.946,-2.628,1]},
{"frame":23,"values":[0.9784,-0.0665,0.1957,0,0.052,0.9956,0.0781,0,-0.2001,-0.0662,0.9775,0,4.5704,10.946,-2.628,1]},
{"frame":24,"values":[0.9767,-0.0674,0.2036,0,0.0525,0.9956,0.0777,0,-0.2079,-0.0652,0.976,0,4.5704,10.946,-2.628,1]},
{"frame":25,"values":[0.9736,-0.0676,0.2181,0,0.052,0.9957,0.0766,0,-0.2224,-0.0633,0.9729,0,4.5704,10.946,-2.628,1]},
{"frame":26,"values":[0.9706,-0.066,0.2314,0,0.0497,0.9959,0.0752,0,-0.2354,-0.0615,0.9699,0,4.5704,10.946,-2.628,1]},
{"frame":27,"values":[0.9691,-0.064,0.2382,0,0.0475,0.9961,0.0743,0,-0.242,-0.0607,0.9684,0,4.5704,10.946,-2.628,1]},
{"frame":28,"values":[0.9688,-0.0642,0.2392,0,0.0477,0.9961,0.0743,0,-0.243,-0.0605,0.9681,0,4.5704,10.946,-2.628,1]},
{"frame":29,"values":[0.9688,-0.0675,0.2383,0,0.051,0.9959,0.0751,0,-0.2424,-0.0606,0.9683,0,4.5704,10.946,-2.628,1]},
{"frame":30,"values":[0.9685,-0.0727,0.2383,0,0.056,0.9955,0.0762,0,-0.2427,-0.0605,0.9682,0,4.5704,10.946,-2.628,1]},
{"frame":31,"values":[0.9679,-0.0781,0.2391,0,0.0612,0.9951,0.0773,0,-0.244,-0.0602,0.9679,0,4.5704,10.946,-2.628,1]},
{"frame":32,"values":[0.9674,-0.083,0.2393,0,0.0659,0.9947,0.0784,0,-0.2445,-0.06,0.9678,0,4.5704,10.946,-2.628,1]},
{"frame":33,"values":[0.9673,-0.0876,0.2381,0,0.0705,0.9943,0.0795,0,-0.2437,-0.0601,0.968,0,4.5704,10.946,-2.628,1]},
{"frame":34,"values":[0.9674,-0.0925,0.2359,0,0.0753,0.9939,0.0806,0,-0.242,-0.0602,0.9684,0,4.5704,10.946,-2.628,1]},
{"frame":35,"values":[0.9675,-0.0975,0.2335,0,0.0804,0.9934,0.0819,0,-0.2399,-0.0604,0.9689,0,4.5704,10.946,-2.628,1]},
{"frame":36,"values":[0.9675,-0.1026,0.231,0,0.0854,0.9929,0.0831,0,-0.2379,-0.0607,0.9694,0,4.5704,10.946,-2.628,1]}],"loopBehavior":1,"name":"anim","property":"_matrix"}},
{"name":"mixamorig:LeftArm","index":10,"matrix":[0.1099,-0.991,-0.0766,0,0.992,0.1141,-0.053,0,0.0613,-0.0702,0.9956,0,10.5924,-0.5246,-2.2321,1],"rest":[1,0,0,0,0,1,0,0,0,0,1,0,10.5924,-0.5246,-2.2321,1],"parentBoneIndex":9,"length":27.8415
,"animation":{"dataType":3,"framePerSecond":30,"keys":[
{"frame":1,"values":[0.1099,-0.991,-0.0766,0,0.9921,0.1141,-0.053,0,0.0613,-0.0702,0.9956,0,10.5924,-0.5246,-2.2321,1]},
{"frame":2,"values":[0.1152,-0.9901,-0.0796,0,0.9908,0.1203,-0.0621,0,0.0711,-0.0717,0.9949,0,10.5924,-0.5246,-2.2321,1]},
{"frame":3,"values":[0.1205,-0.9893,-0.0825,0,0.9893,0.1266,-0.073,0,0.0826,-0.0728,0.9939,0,10.5924,-0.5246,-2.2321,1]},
{"frame":4,"values":[0.1256,-0.9884,-0.0853,0,0.9872,0.133,-0.088,0,0.0983,-0.0732,0.9925,0,10.5924,-0.5246,-2.2321,1]},
{"frame":5,"values":[0.1307,-0.9876,-0.0876,0,0.9841,0.1399,-0.1098,0,0.1207,-0.0719,0.9901,0,10.5924,-0.5246,-2.2321,1]},
{"frame":6,"values":[0.1362,-0.9867,-0.0885,0,0.9793,0.1476,-0.1384,0,0.1496,-0.0678,0.9864,0,10.5924,-0.5246,-2.2321,1]},
{"frame":7,"values":[0.1423,-0.986,-0.087,0,0.973,0.1555,-0.1706,0,0.1817,-0.0603,0.9815,0,10.5924,-0.5246,-2.2321,1]},
{"frame":8,"values":[0.1478,-0.9855,-0.0828,0,0.9661,0.1618,-0.2012,0,0.2117,-0.0503,0.976,0,10.5924,-0.5246,-2.2321,1]},
{"frame":9,"values":[0.1506,-0.9856,-0.0774,0,0.96,0.1645,-0.2267,0,0.2362,-0.0402,0.9709,0,10.5924,-0.5246,-2.2321,1]},
{"frame":10,"values":[0.1487,-0.9861,-0.0735,0,0.9554,0.1625,-0.2468,0,0.2553,-0.0335,0.9663,0,10.5924,-0.5246,-2.2321,1]},
{"frame":11,"values":[0.1414,-0.9872,-0.0736,0,0.9522,0.156,-0.2626,0,0.2707,-0.033,0.9621,0,10.5924,-0.5246,-2.2321,1]},
{"frame":12,"values":[0.1298,-0.9884,-0.0786,0,0.9504,0.1466,-0.2743,0,0.2826,-0.0391,0.9584,0,10.5924,-0.5246,-2.2321,1]},
{"frame":13,"values":[0.1159,-0.9894,-0.0871,0,0.9507,0.1359,-0.2787,0,0.2876,-0.0505,0.9564,0,10.5924,-0.5246,-2.2321,1]},
{"frame":14,"values":[0.1018,-0.9902,-0.0959,0,0.9544,0.1244,-0.2713,0,0.2805,-0.0639,0.9577,0,10.5924,-0.5246,-2.2321,1]},
{"frame":15,"values":[0.0884,-0.9908,-0.1021,0,0.9616,0.1116,-0.2506,0,0.2597,-0.076,0.9627,0,10.5924,-0.5246,-2.2321,1]},
{"frame":16,"values":[0.0752,-0.9917,-0.1039,0,0.9704,0.0968,-0.2212,0,0.2294,-0.0842,0.9697,0,10.5924,-0.5246,-2.2321,1]},
{"frame":17,"values":[0.0602,-0.9929,-0.1026,0,0.9782,0.0792,-0.1919,0,0.1987,-0.0888,0.976,0,10.5924,-0.5246,-2.2321,1]},
{"frame":18,"values":[0.0419,-0.9939,-0.1022,0,0.9839,0.0588,-0.1685,0,0.1735,-0.0935,0.9804,0,10.5924,-0.5246,-2.2321,1]},
{"frame":19,"values":[0.0206,-0.994,-0.1078,0,0.9881,0.0366,-0.1492,0,0.1522,-0.1034,0.9829,0,10.5924,-0.5246,-2.2321,1]},
{"frame":20,"values":[-0.0003,-0.9926,-0.1212,0,0.9918,0.0152,-0.1271,0,0.128,-0.1203,0.9844,0,10.5924,-0.5246,-2.2321,1]},
{"frame":21,"values":[-0.0148,-0.9903,-0.1383,0,0.9952,-0.0011,-0.0983,0,0.0972,-0.139,0.9855,0,10.5924,-0.5246,-2.2321,1]},
{"frame":22,"values":[-0.0176,-0.9885,-0.1504,0,0.9978,-0.0076,-0.0665,0,0.0646,-0.1512,0.9864,0,10.5924,-0.5246,-2.2321,1]},
{"frame":23,"values":[-0.008,-0.9884,-0.1515,0,0.9992,-0.0019,-0.0405,0,0.0397,-0.1516,0.9876,0,10.5924,-0.5246,-2.2321,1]},
{"frame":24,"values":[0.0108,-0.9897,-0.1425,0,0.9996,0.0146,-0.0259,0,0.0277,-0.1421,0.9895,0,10.5924,-0.5246,-2.2321,1]},
{"frame":25,"values":[0.0346,-0.9909,-0.1301,0,0.9991,0.0376,-0.0208,0,0.0255,-0.1293,0.9913,0,10.5924,-0.5246,-2.2321,1]},
{"frame":26,"values":[0.0595,-0.991,-0.1201,0,0.9979,0.0621,-0.0185,0,0.0258,-0.1187,0.9926,0,10.5924,-0.5246,-2.2321,1]},
{"frame":27,"values":[0.0819,-0.9903,-0.1124,0,0.9964,0.0841,-0.0143,0,0.0236,-0.1109,0.9936,0,10.5924,-0.5246,-2.2321,1]},
{"frame":28,"values":[0.0985,-0.9897,-0.1037,0,0.995,0.0999,-0.0085,0,0.0187,-0.1023,0.9946,0,10.5924,-0.5246,-2.2321,1]},
{"frame":29,"values":[0.1066,-0.99,-0.0921,0,0.9942,0.1075,-0.0047,0,0.0146,-0.0911,0.9957,0,10.5924,-0.5246,-2.2321,1]},
