{"producer":{"name":"Blender","version":"2.79 (sub 0)","exporter_version":"5.6.4","file":"femalestraferight.babylon"},
"autoClear":true,"clearColor":[0.0509,0.0509,0.0509],"ambientColor":[0,0,0],"gravity":[0,-9.81,0],
"materials":[{"name":"femalestraferight.Beta_Joints_MAT","id":"femalestraferight.Beta_Joints_MAT","ambient":[0.3333,0.1245,0.101],"diffuse":[0.2667,0.0996,0.0808],"specular":[0.1496,0.1496,0.1496],"emissive":[0,0,0],"specularPower":11,"alpha":1,"backFaceCulling":true,"checkReadyOnlyOnce":false,"maxSimultaneousLights":4},
{"name":"femalestraferight.asdf1:Beta_HighLimbsGeoSG2","id":"femalestraferight.asdf1:Beta_HighLimbsGeoSG2","ambient":[0.837,0.3023,0.2637],"diffuse":[0.6696,0.2418,0.2109],"specular":[0.2436,0.2436,0.2436],"emissive":[0,0,0],"specularPower":19,"alpha":1,"backFaceCulling":true,"checkReadyOnlyOnce":false,"maxSimultaneousLights":4}],
"multiMaterials":[],
"skeletons":[{"name":"Armature","id":0,"dimensionsAtRest":[180.6984,191.5436,26.6004],"bones":[
{"name":"mixamorig:Hips","index":0,"matrix":[0.16,-0.0753,-0.9842,0,0.0075,0.9972,-0.075,0,-0.9871,-0.0046,-0.1601,0,-1.4131,101.7231,-0.5312,1],"rest":[1,0,0,0,0,1,0,0,0,0,-1,0,0,103.9915,-2.0761,1],"parentBoneIndex":-1,"length":10.5592
,"animation":{"dataType":3,"framePerSecond":30,"keys":[
{"frame":1,"values":[0.16,-0.0753,-0.9842,0,0.0075,0.9972,-0.075,0,-0.9871,-0.0046,-0.1601,0,-1.4131,101.7231,-0.5312,1]},
{"frame":29,"values":[0.16,-0.0753,-0.9842,0,0.0075,0.9972,-0.075,0,-0.9871,-0.0046,-0.1601,0,-1.4131,101.7231,-0.5312,1]}],"loopBehavior":1,"name":"anim","property":"_matrix"}},
{"name":"mixamorig:Spine","index":1,"matrix":[0.9941,0.0324,-0.1038,0,-0.0258,0.9976,0.0641,0,0.1056,-0.0611,0.9925,0,0,10.1816,0.1315,1],"rest":[1,0,0,0,0,1,0,0,0,0,1,0,0,10.1816,0.1315,1],"parentBoneIndex":0,"length":10.133
,"animation":{"dataType":3,"framePerSecond":30,"keys":[
{"frame":1,"values":[0.9941,0.0324,-0.1038,0,-0.0258,0.9976,0.0641,0,0.1056,-0.0611,0.9925,0,0,10.1816,0.1315,1]},
{"frame":2,"values":[0.9927,0.0235,-0.1184,0,-0.0159,0.9978,0.0648,0,0.1197,-0.0624,0.9908,0,0,10.1816,0.1315,1]},
{"frame":3,"values":[0.9903,0.0174,-0.1382,0,-0.0085,0.9979,0.0646,0,0.139,-0.0628,0.9883,0,0,10.1816,0.1315,1]},
{"frame":4,"values":[0.9868,0.0178,-0.1607,0,-0.0076,0.9979,0.064,0,0.1615,-0.062,0.9849,0,0,10.1816,0.1315,1]},
{"frame":5,"values":[0.9828,0.0237,-0.1832,0,-0.0123,0.9979,0.0629,0,0.1843,-0.0596,0.9811,0,0,10.1816,0.1315,1]},
{"frame":6,"values":[0.9788,0.0297,-0.2029,0,-0.0176,0.998,0.0609,0,0.2043,-0.056,0.9773,0,0,10.1816,0.1315,1]},
{"frame":7,"values":[0.9756,0.0289,-0.2178,0,-0.0166,0.9982,0.0583,0,0.2191,-0.0533,0.9742,0,0,10.1816,0.1315,1]},
{"frame":8,"values":[0.9737,0.0174,-0.2272,0,-0.0048,0.9984,0.0559,0,0.2278,-0.0534,0.9722,0,0,10.1816,0.1315,1]},
{"frame":9,"values":[0.9728,-0.0052,-0.2316,0,0.0185,0.9983,0.0553,0,0.2309,-0.058,0.9712,0,0,10.1816,0.1315,1]},
{"frame":10,"values":[0.9721,-0.0331,-0.2323,0,0.0477,0.9972,0.0574,0,0.2298,-0.0669,0.9709,0,0,10.1816,0.1315,1]},
{"frame":11,"values":[0.9714,-0.057,-0.2307,0,0.0731,0.9954,0.062,0,0.2261,-0.0771,0.971,0,0,10.1816,0.1315,1]},
{"frame":12,"values":[0.9714,-0.071,-0.2265,0,0.0882,0.9939,0.0669,0,0.2204,-0.0849,0.9717,0,0,10.1816,0.1315,1]},
{"frame":13,"values":[0.9728,-0.0761,-0.2189,0,0.0933,0.9932,0.0694,0,0.2122,-0.0879,0.9733,0,0,10.1816,0.1315,1]},
{"frame":14,"values":[0.9751,-0.077,-0.2082,0,0.093,0.9933,0.0682,0,0.2015,-0.0858,0.9757,0,0,10.1816,0.1315,1]},
{"frame":15,"values":[0.9799,-0.0676,-0.1877,0,0.0811,0.9946,0.0653,0,0.1823,-0.0792,0.98,0,0,10.1816,0.1315,1]},
{"frame":16,"values":[0.9851,-0.0582,-0.162,0,0.0694,0.9955,0.0642,0,0.1575,-0.0745,0.9847,0,0,10.1816,0.1315,1]},
{"frame":17,"values":[0.9897,-0.0514,-0.1334,0,0.0602,0.9962,0.063,0,0.1297,-0.0704,0.9891,0,0,10.1816,0.1315,1]},
{"frame":18,"values":[0.9934,-0.0477,-0.1041,0,0.0541,0.9967,0.0598,0,0.1009,-0.065,0.9928,0,0,10.1816,0.1315,1]},
{"frame":19,"values":[0.996,-0.0455,-0.0773,0,0.0498,0.9973,0.0541,0,0.0747,-0.0578,0.9955,0,0,10.1816,0.1315,1]},
{"frame":20,"values":[0.9975,-0.0434,-0.0561,0,0.0461,0.9978,0.0478,0,0.0539,-0.0502,0.9973,0,0,10.1816,0.1315,1]},
{"frame":21,"values":[0.9983,-0.0396,-0.0419,0,0.0414,0.9982,0.0428,0,0.0401,-0.0445,0.9982,0,0,10.1816,0.1315,1]},
{"frame":22,"values":[0.9989,-0.0318,-0.035,0,0.0332,0.9987,0.0397,0,0.0337,-0.0409,0.9986,0,0,10.1816,0.1315,1]},
{"frame":23,"values":[0.9992,-0.018,-0.0354,0,0.0193,0.9991,0.0377,0,0.0347,-0.0384,0.9987,0,0,10.1816,0.1315,1]},
{"frame":24,"values":[0.9991,0.0015,-0.0429,0,0.0001,0.9993,0.0372,0,0.043,-0.0372,0.9984,0,0,10.1816,0.1315,1]},
{"frame":25,"values":[0.9982,0.0216,-0.056,0,-0.0194,0.999,0.04,0,0.0568,-0.0389,0.9976,0,0,10.1816,0.1315,1]},
{"frame":26,"values":[0.9968,0.0359,-0.0712,0,-0.0326,0.9984,0.0467,0,0.0728,-0.0443,0.9964,0,0,10.1816,0.1315,1]},
{"frame":27,"values":[0.9956,0.0414,-0.084,0,-0.0368,0.9978,0.0549,0,0.0861,-0.0516,0.995,0,0,10.1816,0.1315,1]},
{"frame":28,"values":[0.9948,0.0391,-0.0936,0,-0.0335,0.9976,0.0612,0,0.0958,-0.0577,0.9937,0,0,10.1816,0.1315,1]},
{"frame":29,"values":[0.9941,0.0324,-0.1038,0,-0.0258,0.9976,0.0641,0,0.1056,-0.0611,0.9925,0,0,10.1816,0.1315,1]}],"loopBehavior":1,"name":"anim","property":"_matrix"}},
{"name":"mixamorig:Spine1","index":2,"matrix":[0.9658,-0.0215,-0.2583,0,0.0279,0.9994,0.0211,0,0.2577,-0.0276,0.9658,0,0,10.0835,-1.0008,1],"rest":[1,0,0,0,0,1,0,0,0,0,1,0,0,10.0835,-1.0008,1],"parentBoneIndex":1,"length":9.2031
,"animation":{"dataType":3,"framePerSecond":30,"keys":[
{"frame":1,"values":[0.9658,-0.0215,-0.2583,0,0.0279,0.9994,0.0211,0,0.2577,-0.0276,0.9658,0,0,10.0835,-1.0008,1]},
{"frame":2,"values":[0.9645,-0.024,-0.2631,0,0.031,0.9993,0.0225,0,0.2624,-0.0298,0.9645,0,0,10.0835,-1.0008,1]},
{"frame":3,"values":[0.9626,-0.0257,-0.2697,0,0.0331,0.9992,0.023,0,0.2688,-0.0311,0.9627,0,0,10.0834,-1.0008,1]},
{"frame":4,"values":[0.9605,-0.0266,-0.2769,0,0.034,0.9992,0.022,0,0.2761,-0.0306,0.9607,0,0,10.0834,-1.0008,1]},
{"frame":5,"values":[0.9586,-0.0271,-0.2836,0,0.0339,0.9992,0.0192,0,0.2829,-0.028,0.9587,0,0,10.0834,-1.0008,1]},
{"frame":6,"values":[0.9569,-0.0272,-0.2892,0,0.0331,0.9993,0.0155,0,0.2886,-0.0244,0.9571,0,0,10.0835,-1.0008,1]},
{"frame":7,"values":[0.9556,-0.0273,-0.2936,0,0.0325,0.9994,0.0126,0,0.293,-0.0215,0.9559,0,0,10.0835,-1.0008,1]},
{"frame":8,"values":[0.9546,-0.0279,-0.2965,0,0.033,0.9994,0.0119,0,0.296,-0.0212,0.955,0,0,10.0835,-1.0008,1]},
{"frame":9,"values":[0.9541,-0.0296,-0.298,0,0.0353,0.9993,0.0137,0,0.2973,-0.0236,0.9545,0,0,10.0835,-1.0008,1]},
{"frame":10,"values":[0.954,-0.0323,-0.2981,0,0.0391,0.9991,0.017,0,0.2972,-0.0278,0.9544,0,0,10.0834,-1.0008,1]},
{"frame":11,"values":[0.9542,-0.0351,-0.2971,0,0.043,0.9989,0.0201,0,0.2961,-0.032,0.9546,0,0,10.0834,-1.0008,1]},
{"frame":12,"values":[0.9547,-0.0372,-0.2954,0,0.0458,0.9987,0.022,0,0.2942,-0.0345,0.9551,0,0,10.0835,-1.0008,1]},
{"frame":13,"values":[0.9554,-0.038,-0.2929,0,0.0465,0.9987,0.0222,0,0.2917,-0.0349,0.9559,0,0,10.0834,-1.0008,1]},
{"frame":14,"values":[0.9563,-0.0375,-0.2898,0,0.0455,0.9987,0.0209,0,0.2887,-0.0332,0.9568,0,0,10.0834,-1.0008,1]},
{"frame":15,"values":[0.9583,-0.0351,-0.2837,0,0.0426,0.9989,0.0203,0,0.2827,-0.0316,0.9587,0,0,10.0834,-1.0008,1]},
{"frame":16,"values":[0.9606,-0.033,-0.2759,0,0.0403,0.999,0.0209,0,0.2749,-0.0312,0.961,0,0,10.0835,-1.0008,1]},
{"frame":17,"values":[0.9631,-0.0319,-0.2674,0,0.0389,0.999,0.021,0,0.2665,-0.0307,0.9633,0,0,10.0834,-1.0008,1]},
{"frame":18,"values":[0.9654,-0.0318,-0.259,0,0.0382,0.9991,0.0197,0,0.2581,-0.0289,0.9657,0,0,10.0835,-1.0008,1]},
{"frame":19,"values":[0.9673,-0.0325,-0.2514,0,0.0378,0.9991,0.0164,0,0.2506,-0.0254,0.9677,0,0,10.0835,-1.0008,1]},
{"frame":20,"values":[0.9689,-0.0333,-0.2454,0,0.0375,0.9992,0.0126,0,0.2448,-0.0214,0.9693,0,0,10.0834,-1.0008,1]},
{"frame":21,"values":[0.9699,-0.0337,-0.2411,0,0.0372,0.9993,0.0101,0,0.2406,-0.0188,0.9704,0,0,10.0835,-1.0008,1]},
{"frame":22,"values":[0.9705,-0.0331,-0.2387,0,0.0365,0.9993,0.0098,0,0.2382,-0.0182,0.971,0,0,10.0835,-1.0008,1]},
{"frame":23,"values":[0.9707,-0.0309,-0.2382,0,0.0345,0.9993,0.0112,0,0.2377,-0.0191,0.9712,0,0,10.0835,-1.0008,1]},
{"frame":24,"values":[0.9704,-0.0271,-0.2399,0,0.0312,0.9994,0.0131,0,0.2395,-0.0202,0.9707,0,0,10.0834,-1.0008,1]},
{"frame":25,"values":[0.9696,-0.0228,-0.2436,0,0.0272,0.9995,0.0148,0,0.2431,-0.0209,0.9698,0,0,10.0835,-1.0008,1]},
{"frame":26,"values":[0.9686,-0.0194,-0.248,0,0.0242,0.9996,0.0163,0,0.2476,-0.0218,0.9686,0,0,10.0835,-1.0008,1]},
{"frame":27,"values":[0.9676,-0.0181,-0.2518,0,0.0234,0.9996,0.0179,0,0.2514,-0.0232,0.9676,0,0,10.0835,-1.0008,1]},
{"frame":28,"values":[0.9668,-0.0192,-0.2549,0,0.025,0.9995,0.0195,0,0.2544,-0.0252,0.9668,0,0,10.0835,-1.0008,1]},
{"frame":29,"values":[0.9658,-0.0215,-0.2583,0,0.0279,0.9994,0.0211,0,0.2577,-0.0276,0.9658,0,0,10.0835,-1.0008,1]}],"loopBehavior":1,"name":"anim","property":"_matrix"}},
{"name":"mixamorig:Spine2","index":3,"matrix":[0.9659,-0.0275,-0.2574,0,0.033,0.9993,0.0169,0,0.2568,-0.0248,0.9661,0,0,9.1,-1.3734,1],"rest":[1,0,0,0,0,1,0,0,0,0,1,0,0,9.1,-1.3734,1],"parentBoneIndex":2,"length":13.7198
,"animation":{"dataType":3,"framePerSecond":30,"keys":[
{"frame":1,"values":[0.9659,-0.0275,-0.2574,0,0.033,0.9993,0.0169,0,0.2568,-0.0248,0.9661,0,0,9.1,-1.3734,1]},
{"frame":2,"values":[0.9645,-0.0299,-0.2623,0,0.0359,0.9992,0.0183,0,0.2616,-0.0271,0.9648,0,0,9.1,-1.3734,1]},
{"frame":3,"values":[0.9627,-0.0316,-0.2689,0,0.038,0.9991,0.0189,0,0.2681,-0.0284,0.963,0,0,9.1,-1.3734,1]},
{"frame":4,"values":[0.9606,-0.0325,-0.2762,0,0.039,0.9991,0.0178,0,0.2753,-0.0279,0.9609,0,0,9.1,-1.3734,1]},
{"frame":5,"values":[0.9586,-0.0331,-0.283,0,0.0389,0.9991,0.015,0,0.2822,-0.0254,0.959,0,0,9.1,-1.3734,1]},
{"frame":6,"values":[0.9569,-0.0334,-0.2886,0,0.0383,0.9992,0.0112,0,0.288,-0.0218,0.9574,0,0,9.1,-1.3734,1]},
{"frame":7,"values":[0.9556,-0.0336,-0.2929,0,0.0377,0.9993,0.0083,0,0.2924,-0.019,0.9561,0,0,9.1,-1.3734,1]},
{"frame":8,"values":[0.9546,-0.0342,-0.2958,0,0.0382,0.9992,0.0077,0,0.2953,-0.0186,0.9552,0,0,9.1,-1.3734,1]},
{"frame":9,"values":[0.9541,-0.0358,-0.2973,0,0.0404,0.9991,0.0095,0,0.2967,-0.021,0.9547,0,0,9.1,-1.3734,1]},
{"frame":10,"values":[0.954,-0.0383,-0.2975,0,0.0441,0.9989,0.0127,0,0.2967,-0.0252,0.9546,0,0,9.1,-1.3734,1]},
{"frame":11,"values":[0.9541,-0.0411,-0.2966,0,0.0479,0.9987,0.0158,0,0.2955,-0.0293,0.9549,0,0,9.1,-1.3734,1]},
{"frame":12,"values":[0.9546,-0.0432,-0.2949,0,0.0506,0.9986,0.0176,0,0.2937,-0.0318,0.9554,0,0,9.1,-1.3734,1]},
{"frame":13,"values":[0.9553,-0.044,-0.2924,0,0.0515,0.9985,0.0178,0,0.2912,-0.032,0.9561,0,0,9.1,-1.3734,1]},
{"frame":14,"values":[0.9562,-0.0436,-0.2893,0,0.0505,0.9986,0.0165,0,0.2882,-0.0304,0.9571,0,0,9.1,-1.3734,1]},
{"frame":15,"values":[0.9582,-0.0411,-0.2832,0,0.0476,0.9987,0.016,0,0.2821,-0.0288,0.9589,0,0,9.1,-1.3734,1]},
{"frame":16,"values":[0.9606,-0.039,-0.2753,0,0.0453,0.9988,0.0166,0,0.2743,-0.0284,0.9612,0,0,9.1,-1.3734,1]},
{"frame":17,"values":[0.963,-0.0379,-0.2668,0,0.044,0.9989,0.0168,0,0.2658,-0.0279,0.9636,0,0,9.1,-1.3734,1]},
{"frame":18,"values":[0.9653,-0.0379,-0.2582,0,0.0433,0.9989,0.0154,0,0.2574,-0.0261,0.966,0,0,9.1,-1.3734,1]},
{"frame":19,"values":[0.9673,-0.0385,-0.2506,0,0.0429,0.999,0.0122,0,0.2499,-0.0225,0.968,0,0,9.1,-1.3734,1]},
{"frame":20,"values":[0.9688,-0.0393,-0.2446,0,0.0426,0.9991,0.0083,0,0.244,-0.0185,0.9696,0,0,9.1,-1.3734,1]},
{"frame":21,"values":[0.9699,-0.0397,-0.2403,0,0.0423,0.9991,0.0058,0,0.2399,-0.0158,0.9707,0,0,9.1,-1.3734,1]},
{"frame":22,"values":[0.9705,-0.039,-0.2379,0,0.0415,0.9991,0.0055,0,0.2375,-0.0152,0.9713,0,0,9.1,-1.3734,1]},
{"frame":23,"values":[0.9707,-0.0369,-0.2375,0,0.0396,0.9992,0.0069,0,0.237,-0.0161,0.9714,0,0,9.1,-1.3734,1]},
{"frame":24,"values":[0.9704,-0.0332,-0.2393,0,0.0363,0.9993,0.0088,0,0.2388,-0.0172,0.9709,0,0,9.1,-1.3734,1]},
{"frame":25,"values":[0.9696,-0.0289,-0.2429,0,0.0324,0.9994,0.0105,0,0.2425,-0.018,0.97,0,0,9.1,-1.3734,1]},
{"frame":26,"values":[0.9686,-0.0254,-0.2472,0,0.0293,0.9995,0.012,0,0.2468,-0.0189,0.9689,0,0,9.1,-1.3734,1]},
{"frame":27,"values":[0.9677,-0.0241,-0.2511,0,0.0284,0.9995,0.0136,0,0.2506,-0.0203,0.9679,0,0,9.1,-1.3734,1]},
{"frame":28,"values":[0.9668,-0.0252,-0.2541,0,0.03,0.9994,0.0153,0,0.2536,-0.0224,0.9671,0,0,9.1,-1.3734,1]},
{"frame":29,"values":[0.9659,-0.0275,-0.2574,0,0.033,0.9993,0.0169,0,0.2568,-0.0248,0.9661,0,0,9.1,-1.3734,1]}],"loopBehavior":1,"name":"anim","property":"_matrix"}},
{"name":"mixamorig:Neck","index":4,"matrix":[0.9947,0.0162,-0.1013,0,-0.0093,0.9976,0.069,0,0.1021,-0.0677,0.9925,0,0,16.6717,-2.5162,1],"rest":[1,0,0,0,0,1,0,0,0,0,1,0,0,16.6717,-2.5162,1],"parentBoneIndex":3,"length":9.7644
,"animation":{"dataType":3,"framePerSecond":30,"keys":[
{"frame":1,"values":[0.9947,0.0162,-0.1013,0,-0.0093,0.9976,0.069,0,0.1021,-0.0677,0.9925,0,0,16.6717,-2.5162,1]},
{"frame":2,"values":[0.9953,0.0168,-0.0958,0,-0.0093,0.9969,0.0781,0,0.0968,-0.0768,0.9923,0,0,16.6717,-2.5162,1]},
{"frame":3,"values":[0.9958,0.0144,-0.0909,0,-0.0069,0.9966,0.0827,0,0.0918,-0.0817,0.9924,0,0,16.6717,-2.5162,1]},
{"frame":4,"values":[0.9961,0.0104,-0.0878,0,-0.0033,0.9967,0.0812,0,0.0883,-0.0806,0.9928,0,0,16.6717,-2.5162,1]},
{"frame":5,"values":[0.9962,0.0061,-0.0864,0,0.0004,0.9972,0.0754,0,0.0866,-0.0752,0.9934,0,0,16.6717,-2.5162,1]},
{"frame":6,"values":[0.9963,0.0033,-0.0858,0,0.0026,0.9977,0.0679,0,0.0859,-0.0679,0.994,0,0,16.6717,-2.5162,1]},
{"frame":7,"values":[0.9964,0.0033,-0.085,0,0.0019,0.9981,0.061,0,0.085,-0.0609,0.9945,0,0,16.6717,-2.5162,1]},
{"frame":8,"values":[0.9965,0.006,-0.0836,0,-0.0014,0.9984,0.0557,0,0.0838,-0.0554,0.9949,0,0,16.6717,-2.5162,1]},
{"frame":9,"values":[0.9966,0.0091,-0.0821,0,-0.0048,0.9986,0.0522,0,0.0824,-0.0516,0.9953,0,0,16.6716,-2.5162,1]},
{"frame":10,"values":[0.9967,0.0095,-0.0811,0,-0.0054,0.9987,0.0503,0,0.0815,-0.0497,0.9954,0,0,16.6717,-2.5162,1]},
{"frame":11,"values":[0.9967,0.0058,-0.0814,0,-0.0018,0.9988,0.0497,0,0.0816,-0.0494,0.9954,0,0,16.6716,-2.5162,1]},
{"frame":12,"values":[0.9965,-0.0009,-0.0832,0,0.0051,0.9987,0.0508,0,0.083,-0.0511,0.9952,0,0,16.6717,-2.5162,1]},
{"frame":13,"values":[0.9962,-0.0081,-0.0868,0,0.0128,0.9985,0.0537,0,0.0863,-0.0546,0.9948,0,0,16.6717,-2.5162,1]},
{"frame":14,"values":[0.9956,-0.014,-0.0922,0,0.0194,0.9981,0.0581,0,0.0912,-0.0596,0.994,0,0,16.6717,-2.5162,1]},
{"frame":15,"values":[0.995,-0.017,-0.0981,0,0.0237,0.9974,0.0677,0,0.0967,-0.0697,0.9929,0,0,16.6717,-2.5162,1]},
{"frame":16,"values":[0.9945,-0.0178,-0.1036,0,0.0257,0.9968,0.0755,0,0.1019,-0.0777,0.9918,0,0,16.6717,-2.5162,1]},
{"frame":17,"values":[0.994,-0.0156,-0.108,0,0.0243,0.9966,0.0793,0,0.1064,-0.0814,0.991,0,0,16.6717,-2.5162,1]},
{"frame":18,"values":[0.9938,-0.0099,-0.1109,0,0.0187,0.9967,0.0792,0,0.1098,-0.0808,0.9907,0,0,16.6717,-2.5162,1]},
{"frame":19,"values":[0.9937,-0.0016,-0.1124,0,0.0103,0.997,0.0764,0,0.1119,-0.0771,0.9907,0,0,16.6717,-2.5162,1]},
{"frame":20,"values":[0.9936,0.006,-0.113,0,0.0022,0.9974,0.0725,0,0.1132,-0.0723,0.9909,0,0,16.6717,-2.5162,1]},
{"frame":21,"values":[0.9935,0.0095,-0.1135,0,-0.0016,0.9976,0.0696,0,0.1139,-0.069,0.9911,0,0,16.6716,-2.5162,1]},
{"frame":22,"values":[0.9934,0.0071,-0.1141,0,0.0008,0.9976,0.0689,0,0.1143,-0.0686,0.9911,0,0,16.6717,-2.5162,1]},
{"frame":23,"values":[0.9934,0.0007,-0.1144,0,0.0073,0.9976,0.0693,0,0.1142,-0.0697,0.991,0,0,16.6717,-2.5162,1]},
{"frame":24,"values":[0.9935,-0.0053,-0.1141,0,0.0132,0.9976,0.0682,0,0.1135,-0.0693,0.9911,0,0,16.6717,-2.5162,1]},
{"frame":25,"values":[0.9936,-0.0069,-0.113,0,0.0142,0.9979,0.0639,0,0.1123,-0.0651,0.9915,0,0,16.6717,-2.5162,1]},
{"frame":26,"values":[0.9938,-0.0027,-0.1112,0,0.0093,0.9983,0.0584,0,0.1109,-0.059,0.9921,0,0,16.6717,-2.5162,1]},
{"frame":27,"values":[0.994,0.0048,-0.109,0,0.0013,0.9984,0.056,0,0.1091,-0.0558,0.9925,0,0,16.6717,-2.5162,1]},
{"frame":28,"values":[0.9943,0.012,-0.1058,0,-0.0057,0.9982,0.06,0,0.1064,-0.0591,0.9926,0,0,16.6717,-2.5162,1]},
{"frame":29,"values":[0.9947,0.0162,-0.1013,0,-0.0093,0.9976,0.069,0,0.1021,-0.0677,0.9925,0,0,16.6717,-2.5162,1]}],"loopBehavior":1,"name":"anim","property":"_matrix"}},
{"name":"mixamorig:Head","index":5,"matrix":[0.7794,-0.1052,-0.6176,0,-0.0219,0.9806,-0.1948,0,0.6261,0.1654,0.762,0,0,9.6179,1.685,1],"rest":[1,0,0,0,0,1,0,0,0,0,1,0,0,9.6179,1.685,1],"parentBoneIndex":4,"length":13.7945
,"animation":{"dataType":3,"framePerSecond":30,"keys":[
{"frame":1,"values":[0.7794,-0.1052,-0.6176,0,-0.0219,0.9806,-0.1948,0,0.6261,0.1654,0.762,0,0,9.6179,1.685,1]},
{"frame":2,"values":[0.7901,-0.1041,-0.6041,0,-0.0207,0.9804,-0.196,0,0.6127,0.1673,0.7724,0,0,9.6179,1.685,1]},
{"frame":3,"values":[0.7985,-0.1097,-0.5919,0,-0.0143,0.9795,-0.2008,0,0.6018,0.1689,0.7806,0,0,9.6179,1.685,1]},
{"frame":4,"values":[0.8021,-0.1208,-0.5849,0,-0.0053,0.9779,-0.2092,0,0.5972,0.1709,0.7837,0,0,9.6179,1.685,1]},
{"frame":5,"values":[0.8015,-0.1323,-0.5832,0,0.0029,0.976,-0.2175,0,0.598,0.1727,0.7826,0,0,9.6179,1.685,1]},
{"frame":6,"values":[0.7997,-0.139,-0.5841,0,0.0075,0.9751,-0.2218,0,0.6003,0.173,0.7808,0,0,9.6179,1.685,1]},
{"frame":7,"values":[0.7992,-0.1388,-0.5848,0,0.0081,0.9754,-0.2204,0,0.601,0.1714,0.7807,0,0,9.6179,1.685,1]},
{"frame":8,"values":[0.8005,-0.1337,-0.5842,0,0.0058,0.9765,-0.2156,0,0.5992,0.1693,0.7825,0,0,9.6178,1.685,1]},
{"frame":9,"values":[0.8032,-0.1282,-0.5818,0,0.0026,0.9773,-0.2118,0,0.5957,0.1686,0.7853,0,0,9.6179,1.685,1]},
{"frame":10,"values":[0.8064,-0.1257,-0.5778,0,0.0008,0.9774,-0.2116,0,0.5913,0.1702,0.7883,0,0,9.6179,1.685,1]},
{"frame":11,"values":[0.809,-0.1276,-0.5739,0,0.002,0.9768,-0.2143,0,0.5879,0.1722,0.7904,0,0,9.6179,1.685,1]},
{"frame":12,"values":[0.8084,-0.1325,-0.5735,0,0.0065,0.9763,-0.2164,0,0.5886,0.1712,0.7901,0,0,9.6179,1.685,1]},
{"frame":13,"values":[0.8027,-0.1381,-0.5801,0,0.0132,0.9767,-0.2142,0,0.5962,0.1643,0.7859,0,0,9.6179,1.685,1]},
{"frame":14,"values":[0.7913,-0.1426,-0.5946,0,0.021,0.9782,-0.2067,0,0.6111,0.151,0.777,0,0,9.6179,1.685,1]},
{"frame":15,"values":[0.7776,-0.1479,-0.6111,0,0.0292,0.9794,-0.1999,0,0.6281,0.1376,0.7659,0,0,9.6179,1.685,1]},
{"frame":16,"values":[0.7673,-0.1517,-0.6231,0,0.0292,0.9789,-0.2023,0,0.6407,0.1371,0.7555,0,0,9.6179,1.685,1]},
{"frame":17,"values":[0.761,-0.1514,-0.6308,0,0.02,0.9774,-0.2104,0,0.6484,0.1475,0.7469,0,0,9.6179,1.685,1]},
{"frame":18,"values":[0.759,-0.1455,-0.6346,0,0.0039,0.9757,-0.219,0,0.6511,0.1637,0.7411,0,0,9.6179,1.685,1]},
{"frame":19,"values":[0.7595,-0.1352,-0.6364,0,-0.0137,0.9747,-0.2233,0,0.6504,0.1783,0.7384,0,0,9.6179,1.685,1]},
{"frame":20,"values":[0.7607,-0.1243,-0.6371,0,-0.0274,0.9745,-0.2229,0,0.6485,0.187,0.7379,0,0,9.6178,1.685,1]},
{"frame":21,"values":[0.7623,-0.1169,-0.6366,0,-0.0345,0.9748,-0.2203,0,0.6463,0.1899,0.739,0,0,9.6179,1.685,1]},
{"frame":22,"values":[0.7644,-0.1139,-0.6346,0,-0.0346,0.9756,-0.2168,0,0.6438,0.1877,0.7418,0,0,9.6179,1.685,1]},
{"frame":23,"values":[0.767,-0.1137,-0.6314,0,-0.0294,0.9769,-0.2117,0,0.6409,0.1809,0.746,0,0,9.6179,1.685,1]},
{"frame":24,"values":[0.7693,-0.1143,-0.6286,0,-0.0217,0.9786,-0.2046,0,0.6385,0.1711,0.7503,0,0,9.6179,1.685,1]},
{"frame":25,"values":[0.7699,-0.115,-0.6277,0,-0.015,0.9801,-0.1978,0,0.638,0.1617,0.7529,0,0,9.6179,1.685,1]},
{"frame":26,"values":[0.7688,-0.1151,-0.6291,0,-0.0121,0.9809,-0.1942,0,0.6394,0.1569,0.7527,0,0,9.6179,1.685,1]},
{"frame":27,"values":[0.7681,-0.1136,-0.6301,0,-0.0141,0.9809,-0.194,0,0.6401,0.1579,0.7519,0,0,9.6179,1.685,1]},
{"frame":28,"values":[0.7713,-0.1098,-0.627,0,-0.0186,0.9807,-0.1947,0,0.6362,0.1618,0.7543,0,0,9.6179,1.685,1]},
{"frame":29,"values":[0.7794,-0.1052,-0.6176,0,-0.0219,0.9806,-0.1948,0,0.6261,0.1654,0.762,0,0,9.6179,1.685,1]}],"loopBehavior":1,"name":"anim","property":"_matrix"}},
{"name":"mixamorig:HeadTop_End","index":6,"matrix":[1,0,0,0,0,1,0,0,0,0,1,0,0,17.8152,2.585,1],"rest":[1,0,0,0,0,1,0,0,0,0,1,0,0,17.8152,2.585,1],"parentBoneIndex":5,"length":13.7945
,"animation":{"dataType":3,"framePerSecond":30,"keys":[
{"frame":1,"values":[1,0,0,0,0,1,0,0,0,0,1,0,0,17.8152,2.585,1]},
{"frame":3,"values":[1,0,0,0,0,1,0,0,0,0,1,0,0,17.8151,2.585,1]},
{"frame":4,"values":[1,0,0,0,0,1,0,0,0,0,1,0,0,17.8152,2.585,1]},
{"frame":10,"values":[1,0,0,0,0,1,0,0,0,0,1,0,0,17.8151,2.585,1]},
{"frame":11,"values":[1,0,0,0,0,1,0,0,0,0,1,0,0,17.8152,2.585,1]},
{"frame":13,"values":[1,0,0,0,0,1,0,0,0,0,1,0,0,17.8151,2.585,1]},
{"frame":15,"values":[1,0,0,0,0,1,0,0,0,0,1,0,0,17.8152,2.585,1]},
{"frame":16,"values":[1,0,0,0,0,1,0,0,0,0,1,0,0,17.8151,2.585,1]},
{"frame":18,"values":[1,0,0,0,0,1,0,0,0,0,1,0,0,17.8152,2.585,1]},
{"frame":24,"values":[1,0,0,0,0,1,0,0,0,0,1,0,0,17.8151,2.585,1]},
{"frame":25,"values":[1,0,0,0,0,1,0,0,0,0,1,0,0,17.8152,2.585,1]},
{"frame":27,"values":[1,0,0,0,0,1,0,0,0,0,1,0,0,17.8151,2.585,1]},
{"frame":29,"values":[1,0,0,0,0,1,0,0,0,0,1,0,0,17.8152,2.585,1]}],"loopBehavior":1,"name":"anim","property":"_matrix"}},
{"name":"mixamorig:LeftEye","index":7,"matrix":[1,0,0,0,0,1,0,0,0,0,1,0,3.0676,6.4095,9.2836,1],"rest":[1,0,0,0,0,1,0,0,0,0,1,0,3.0676,6.4095,9.2836,1],"parentBoneIndex":5,"length":13.7945
,"animation":{"dataType":3,"framePerSecond":30,"keys":[
{"frame":1,"values":[1,0,0,0,0,1,0,0,0,0,1,0,3.0676,6.4095,9.2836,1]},
{"frame":29,"values":[1,0,0,0,0,1,0,0,0,0,1,0,3.0676,6.4095,9.2836,1]}],"loopBehavior":1,"name":"anim","property":"_matrix"}},
{"name":"mixamorig:RightEye","index":8,"matrix":[1,0,0,0,0,1,0,0,0,0,1,0,-3.0676,6.4095,9.2835,1],"rest":[1,0,0,0,0,1,0,0,0,0,1,0,-3.0676,6.4095,9.2835,1],"parentBoneIndex":5,"length":13.7945
,"animation":{"dataType":3,"framePerSecond":30,"keys":[
{"frame":1,"values":[1,0,0,0,0,1,0,0,0,0,1,0,-3.0676,6.4095,9.2835,1]},
{"frame":13,"values":[1,0,0,0,0,1,0,0,0,0,1,0,-3.0675,6.4095,9.2836,1]},
{"frame":14,"values":[1,0,0,0,0,1,0,0,0,0,1,0,-3.0676,6.4095,9.2835,1]},
{"frame":15,"values":[1,0,0,0,0,1,0,0,0,0,1,0,-3.0675,6.4095,9.2835,1]},
{"frame":16,"values":[1,0,0,0,0,1,0,0,0,0,1,0,-3.0675,6.4095,9.2836,1]},
{"frame":17,"values":[1,0,0,0,0,1,0,0,0,0,1,0,-3.0676,6.4095,9.2835,1]},
{"frame":19,"values":[1,0,0,0,0,1,0,0,0,0,1,0,-3.0675,6.4095,9.2836,1]},
{"frame":20,"values":[1,0,0,0,0,1,0,0,0,0,1,0,-3.0676,6.4095,9.2835,1]},
{"frame":23,"values":[1,0,0,0,0,1,0,0,0,0,1,0,-3.0675,6.4095,9.2835,1]},
{"frame":24,"values":[1,0,0,0,0,1,0,0,0,0,1,0,-3.0676,6.4095,9.2835,1]},
{"frame":25,"values":[1,0,0,0,0,1,0,0,0,0,1,0,-3.0676,6.4095,9.2836,1]},
{"frame":26,"values":[1,0,0,0,0,1,0,0,0,0,1,0,-3.0675,6.4095,9.2835,1]},
{"frame":28,"values":[1,0,0,0,0,1,0,0,0,0,1,0,-3.0676,6.4095,9.2835,1]},
{"frame":29,"values":[1,0,0,0,0,1,0,0,0,0,1,0,-3.0675,6.4095,9.2835,1]}],"loopBehavior":1,"name":"anim","property":"_matrix"}},
{"name":"mixamorig:LeftShoulder","index":9,"matrix":[0.9891,-0.1354,0.0577,0,0.1313,0.9889,0.0695,0,-0.0664,-0.0611,0.9959,0,4.5704,10.946,-2.628,1],"rest":[1,0,0,0,0,1,0,0,0,0,1,0,4.5704,10.946,-2.628,1],"parentBoneIndex":3,"length":10.8377
,"animation":{"dataType":3,"framePerSecond":30,"keys":[
{"frame":1,"values":[0.9891,-0.1354,0.0577,0,0.1313,0.9889,0.0695,0,-0.0664,-0.0611,0.9959,0,4.5704,10.946,-2.628,1]},
{"frame":2,"values":[0.9868,-0.1482,0.065,0,0.1435,0.9871,0.0712,0,-0.0747,-0.061,0.9953,0,4.5704,10.946,-2.628,1]},
{"frame":3,"values":[0.9842,-0.1669,0.0596,0,0.1625,0.9841,0.0724,0,-0.0707,-0.0616,0.9956,0,4.5704,10.946,-2.628,1]},
{"frame":4,"values":[0.9813,-0.1891,0.037,0,0.1862,0.9799,0.0719,0,-0.0499,-0.0636,0.9967,0,4.5704,10.946,-2.628,1]},
{"frame":5,"values":[0.978,-0.2085,0.0005,0,0.208,0.9757,0.0693,0,-0.015,-0.0677,0.9976,0,4.5704,10.946,-2.628,1]},
{"frame":6,"values":[0.9751,-0.2181,-0.0408,0,0.2204,0.9732,0.0653,0,0.0254,-0.0727,0.997,0,4.5704,10.946,-2.628,1]},
{"frame":7,"values":[0.9733,-0.2165,-0.0761,0,0.2213,0.9733,0.0612,0,0.0608,-0.0764,0.9952,0,4.5704,10.946,-2.628,1]},
{"frame":8,"values":[0.973,-0.2088,-0.0979,0,0.2151,0.9748,0.0584,0,0.0832,-0.0779,0.9935,0,4.5704,10.946,-2.628,1]},
{"frame":9,"values":[0.9737,-0.2023,-0.1043,0,0.209,0.9762,0.0574,0,0.0902,-0.0777,0.9929,0,4.5704,10.946,-2.628,1]},
{"frame":10,"values":[0.9747,-0.2009,-0.0982,0,0.2072,0.9766,0.0581,0,0.0843,-0.077,0.9935,0,4.5704,10.946,-2.628,1]},
{"frame":11,"values":[0.9753,-0.2035,-0.0853,0,0.2089,0.9761,0.0597,0,0.0711,-0.076,0.9946,0,4.5704,10.946,-2.628,1]},
{"frame":12,"values":[0.9756,-0.2075,-0.0712,0,0.2119,0.9754,0.0614,0,0.0567,-0.075,0.9956,0,4.5704,10.946,-2.628,1]},
{"frame":13,"values":[0.9755,-0.2117,-0.0598,0,0.2153,0.9745,0.0628,0,0.045,-0.0742,0.9962,0,4.5704,10.946,-2.628,1]},
{"frame":14,"values":[0.9748,-0.2171,-0.0522,0,0.2202,0.9734,0.0639,0,0.037,-0.0738,0.9966,0,4.5704,10.946,-2.628,1]},
{"frame":15,"values":[0.9748,-0.219,-0.0418,0,0.2214,0.973,0.0652,0,0.0264,-0.0728,0.997,0,4.5704,10.946,-2.628,1]},
{"frame":16,"values":[0.9784,-0.2058,-0.0187,0,0.2066,0.9761,0.0668,0,0.0045,-0.0693,0.9976,0,4.5704,10.946,-2.628,1]},
{"frame":17,"values":[0.9838,-0.179,0.0131,0,0.1778,0.9817,0.0681,0,-0.025,-0.0646,0.9976,0,4.5704,10.946,-2.628,1]},
{"frame":18,"values":[0.9885,-0.144,0.0473,0,0.1406,0.9877,0.0683,0,-0.0566,-0.0609,0.9965,0,4.5704,10.946,-2.628,1]},
{"frame":19,"values":[0.991,-0.1099,0.0769,0,0.1048,0.9922,0.0674,0,-0.0837,-0.0587,0.9948,0,4.5704,10.946,-2.628,1]},
{"frame":20,"values":[0.9915,-0.0839,0.0989,0,0.0776,0.9948,0.0659,0,-0.104,-0.0577,0.9929,0,4.5704,10.946,-2.628,1]},
{"frame":21,"values":[0.9912,-0.0689,0.1132,0,0.0619,0.996,0.0647,0,-0.1172,-0.0572,0.9915,0,4.5704,10.946,-2.628,1]},
{"frame":22,"values":[0.9908,-0.0647,0.1187,0,0.0573,0.9963,0.0645,0,-0.1224,-0.0571,0.9908,0,4.5704,10.946,-2.628,1]},
{"frame":23,"values":[0.9912,-0.0697,0.113,0,0.0626,0.9959,0.065,0,-0.117,-0.0574,0.9915,0,4.5704,10.946,-2.628,1]},
{"frame":24,"values":[0.9921,-0.0812,0.0958,0,0.0751,0.995,0.0658,0,-0.1007,-0.0581,0.9932,0,4.5704,10.946,-2.628,1]},
{"frame":25,"values":[0.9928,-0.0954,0.0726,0,0.0906,0.9937,0.0664,0,-0.0784,-0.0594,0.9952,0,4.5704,10.946,-2.628,1]},
{"frame":26,"values":[0.9927,-0.1085,0.0525,0,0.1049,0.9922,0.0667,0,-0.0594,-0.0607,0.9964,0,4.5704,10.946,-2.628,1]},
{"frame":27,"values":[0.992,-0.1187,0.0436,0,0.1157,0.991,0.0671,0,-0.0511,-0.0615,0.9968,0,4.5704,10.946,-2.628,1]},
{"frame":28,"values":[0.9908,-0.1267,0.0471,0,0.1234,0.99,0.068,0,-0.0553,-0.0615,0.9966,0,4.5704,10.946,-2.628,1]},
{"frame":29,"values":[0.9891,-0.1354,0.0577,0,0.1313,0.9889,0.0695,0,-0.0664,-0.0611,0.9959,0,4.5704,10.946,-2.628,1]}],"loopBehavior":1,"name":"anim","property":"_matrix"}},
{"name":"mixamorig:LeftArm","index":10,"matrix":[0.4079,-0.8575,0.3134,0,0.7297,0.5126,0.4526,0,-0.5487,0.0441,0.8348,0,10.5924,-0.5246,-2.2321,1],"rest":[1,0,0,0,0,1,0,0,0,0,1,0,10.5924,-0.5246,-2.2321,1],"parentBoneIndex":9,"length":27.8415
,"animation":{"dataType":3,"framePerSecond":30,"keys":[
{"frame":1,"values":[0.4079,-0.8575,0.3134,0,0.7297,0.5126,0.4526,0,-0.5487,0.0441,0.8348,0,10.5924,-0.5246,-2.2321,1]},
{"frame":2,"values":[0.3978,-0.8773,0.2685,0,0.7982,0.4753,0.37,0,-0.4522,0.0671,0.8894,0,10.5924,-0.5246,-2.2321,1]},
{"frame":3,"values":[0.4068,-0.8888,0.2109,0,0.8461,0.4537,0.2797,0,-0.3443,0.0647,0.9366,0,10.5924,-0.5246,-2.2321,1]},
{"frame":4,"values":[0.4268,-0.8946,0.1321,0,0.8662,0.4464,0.2245,0,-0.2598,0.0186,0.9655,0,10.5924,-0.5246,-2.2321,1]},
{"frame":5,"values":[0.4447,-0.895,0.0333,0,0.8694,0.4403,0.224,0,-0.2151,-0.0707,0.974,0,10.5924,-0.5246,-2.2321,1]},
{"frame":6,"values":[0.4539,-0.888,-0.0738,0,0.8681,0.4221,0.2611,0,-0.2007,-0.1826,0.9625,0,10.5924,-0.5246,-2.2321,1]},
{"frame":7,"values":[0.4547,-0.8737,-0.1731,0,0.8695,0.3932,0.299,0,-0.1932,-0.2865,0.9384,0,10.5924,-0.5246,-2.2321,1]},
{"frame":8,"values":[0.4501,-0.8561,-0.2539,0,0.8761,0.3683,0.311,0,-0.1727,-0.3624,0.9159,0,10.5924,-0.5246,-2.2321,1]},
{"frame":9,"values":[0.4448,-0.8403,-0.3099,0,0.8851,0.3598,0.2951,0,-0.1365,-0.4055,0.9038,0,10.5924,-0.5246,-2.2321,1]},
{"frame":10,"values":[0.4438,-0.8316,-0.3338,0,0.8905,0.3678,0.2678,0,-0.1,-0.4161,0.9038,0,10.5924,-0.5246,-2.2321,1]},
{"frame":11,"values":[0.448,-0.8353,-0.3187,0,0.89,0.383,0.2472,0,-0.0844,-0.3944,0.915,0,10.5924,-0.5246,-2.2321,1]},
{"frame":12,"values":[0.4526,-0.8518,-0.2638,0,0.886,0.3961,0.241,0,-0.1008,-0.3428,0.934,0,10.5924,-0.5246,-2.2321,1]},
{"frame":13,"values":[0.4504,-0.8751,-0.1772,0,0.8811,0.4036,0.2465,0,-0.1442,-0.2671,0.9528,0,10.5924,-0.5246,-2.2321,1]},
{"frame":14,"values":[0.4381,-0.896,-0.0724,0,0.876,0.4075,0.2579,0,-0.2016,-0.1764,0.9635,0,10.5924,-0.5246,-2.2321,1]},
{"frame":15,"values":[0.4385,-0.898,0.0365,0,0.8568,0.43,0.2846,0,-0.2712,-0.0935,0.958,0,10.5924,-0.5246,-2.2321,1]},
{"frame":16,"values":[0.4479,-0.8847,0.1294,0,0.8187,0.464,0.3382,0,-0.3593,-0.0455,0.9321,0,10.5924,-0.5246,-2.2321,1]},
{"frame":17,"values":[0.459,-0.8637,0.2083,0,0.766,0.5034,0.3998,0,-0.4502,-0.024,0.8926,0,10.5924,-0.5246,-2.2321,1]},
{"frame":18,"values":[0.4709,-0.8367,0.2797,0,0.7091,0.5476,0.4442,0,-0.5249,-0.0109,0.8511,0,10.5924,-0.5246,-2.2321,1]},
{"frame":19,"values":[0.4811,-0.8035,0.3507,0,0.6648,0.5951,0.4515,0,-0.5715,0.0159,0.8205,0,10.5924,-0.5246,-2.2321,1]},
{"frame":20,"values":[0.4885,-0.765,0.4197,0,0.6415,0.6409,0.4216,0,-0.5915,0.0632,0.8038,0,10.5924,-0.5246,-2.2321,1]},
{"frame":21,"values":[0.4937,-0.7274,0.4767,0,0.6348,0.6761,0.3741,0,-0.5944,0.1179,0.7955,0,10.5924,-0.5246,-2.2321,1]},
{"frame":22,"values":[0.496,-0.7009,0.5126,0,0.6357,0.6952,0.3355,0,-0.5915,0.1594,0.7904,0,10.5924,-0.5246,-2.2321,1]},
{"frame":23,"values":[0.4942,-0.6921,0.5261,0,0.636,0.7004,0.3239,0,-0.5927,0.1746,0.7863,0,10.5924,-0.5246,-2.2321,1]},
{"frame":24,"values":[0.4884,-0.7005,0.5203,0,0.6314,0.6953,0.3434,0,-0.6023,0.1608,0.7819,0,10.5924,-0.5246,-2.2321,1]},
{"frame":25,"values":[0.4802,-0.7227,0.4971,0,0.6226,0.68,0.3872,0,-0.6179,0.1236,0.7765,0,10.5924,-0.5246,-2.2321,1]},
{"frame":26,"values":[0.4694,-0.755,0.4579,0,0.6173,0.6514,0.4412,0,-0.6313,0.0756,0.7718,0,10.5924,-0.5246,-2.2321,1]},
{"frame":27,"values":[0.4534,-0.7923,0.4082,0,0.6283,0.609,0.4842,0,-0.6322,0.0369,0.7739,0,10.5924,-0.5246,-2.2321,1]},
{"frame":28,"values":[0.4308,-0.8283,0.3581,0,0.6663,0.5596,0.4929,0,-0.6087,0.0263,0.793,0,10.5924,-0.5246,-2.2321,1]},
{"frame":29,"values":[0.4079,-0.8575,0.3134,0,0.7297,0.5126,0.4526,0,-0.5487,0.0441,0.8348,0,10.5924,-0.5246,-2.2321,1]}],"loopBehavior":1,"name":"anim","property":"_matrix"}},
{"name":"mixamorig:LeftForeArm","index":11,"matrix":[0.9166,0,0.3997,0,0,1,0,0,-0.3997,0,0.9166,0,27.8415,-0.0001,0,1],"rest":[1,0,0,0,0,1,0,0,0,0,1,0,27.8415,-0.0001,0,1],"parentBoneIndex":10,"length":28.3288
,"animation":{"dataType":3,"framePerSecond":30,"keys":[
{"frame":1,"values":[0.9166,0,0.3997,0,0,1,0,0,-0.3997,0,0.9166,0,27.8415,-0.0001,0,1]},
{"frame":2,"values":[0.9527,0,0.304,0,0,1,0,0,-0.304,0,0.9527,0,27.8415,-0.0001,0,1]},
{"frame":3,"values":[0.9688,0,0.2478,0,0,1,0,0,-0.2478,0,0.9688,0,27.8415,-0.0001,0,1]},
{"frame":4,"values":[0.9708,0,0.2398,0,0,1,0,0,-0.2398,0,0.9708,0,27.8415,-0.0001,0,1]},
{"frame":5,"values":[0.9639,0,0.2664,0,0,1,0,0,-0.2664,0,0.9639,0,27.8415,-0.0001,0,1]},
{"frame":6,"values":[0.9524,0,0.305,0,0,1,0,0,-0.305,0,0.9524,0,27.8415,-0.0001,0,1]},
{"frame":7,"values":[0.941,0,0.3383,0,0,1,0,0,-0.3383,0,0.941,0,27.8415,-0.0001,0,1]},
{"frame":8,"values":[0.9327,0,0.3606,0,0,1,0,0,-0.3606,0,0.9327,0,27.8415,-0.0001,0,1]},
{"frame":9,"values":[0.9275,0,0.3739,0,0,1,0,0,-0.3739,0,0.9275,0,27.8415,-0.0001,0,1]},
{"frame":10,"values":[0.9248,0,0.3804,0,0,1,0,0,-0.3804,0,0.9248,0,27.8415,-0.0001,0,1]},
{"frame":11,"values":[0.9256,0,0.3784,0,0,1,0,0,-0.3784,0,0.9256,0,27.8415,-0.0001,0,1]},
{"frame":12,"values":[0.9311,0,0.3649,0,0,1,0,0,-0.3649,0,0.9311,0,27.8415,-0.0001,0,1]},
{"frame":13,"values":[0.9406,0,0.3395,0,0,1,0,0,-0.3395,0,0.9406,0,27.8415,-0.0001,0,1]},
{"frame":14,"values":[0.9521,0,0.3057,0,0,1,0,0,-0.3057,0,0.9521,0,27.8415,-0.0001,0,1]},
{"frame":15,"values":[0.9536,0,0.3009,0,0,1,0,0,-0.3009,0,0.9536,0,27.8415,-0.0001,0,1]},
{"frame":16,"values":[0.9423,0,0.3348,0,0,1,0,0,-0.3348,0,0.9423,0,27.8415,-0.0001,0,1]},
{"frame":17,"values":[0.9202,0,0.3913,0,0,1,0,0,-0.3913,0,0.9202,0,27.8415,-0.0001,0,1]},
{"frame":18,"values":[0.8896,0,0.4567,0,0,1,0,0,-0.4567,0,0.8896,0,27.8415,-0.0001,0,1]},
{"frame":19,"values":[0.8559,0,0.5171,0,0,1,0,0,-0.5171,0,0.8559,0,27.8415,-0.0001,0,1]},
{"frame":20,"values":[0.8235,0,0.5673,0,0,1,0,0,-0.5673,0,0.8235,0,27.8415,-0.0001,0,1]},
{"frame":21,"values":[0.7944,0,0.6074,0,0,1,0,0,-0.6074,0,0.7944,0,27.8415,-0.0001,0,1]},
{"frame":22,"values":[0.7701,0,0.6379,0,0,1,0,0,-0.6379,0,0.7701,0,27.8415,-0.0001,0,1]},
{"frame":23,"values":[0.7527,0,0.6584,0,0,1,0,0,-0.6584,0,0.7527,0,27.8415,-0.0001,0,1]},
{"frame":24,"values":[0.7435,0,0.6687,0,0,1,0,0,-0.6687,0,0.7435,0,27.8415,-0.0001,0,1]},
{"frame":25,"values":[0.7456,0,0.6664,0,0,1,0,0,-0.6664,0,0.7456,0,27.8415,-0.0001,0,1]},
{"frame":26,"values":[0.765,0,0.644,0,0,1,0,0,-0.644,0,0.765,0,27.8415,-0.0001,0,1]},
{"frame":27,"values":[0.8062,0,0.5916,0,0,1,0,0,-0.5916,0,0.8062,0,27.8415,-0.0001,0,1]},
{"frame":28,"values":[0.8627,0,0.5057,0,0,1,0,0,-0.5057,0,0.8627,0,27.8415,-0.0001,0,1]},
{"frame":29,"values":[0.9166,0,0.3997,0,0,1,0,0,-0.3997,0,0.9166,0,27.8415,-0.0001,0,1]}],"loopBehavior":1,"name":"anim","property":"_matrix"}},
{"name":"mixamorig:LeftHand","index":12,"matrix":[0.8071,0.4259,0.4088,0,-0.5249,0.8347,0.1668,0,-0.2702,-0.3492,0.8972,0,28.3289,0,0,1],"rest":[1,0,0,0,0,1,0,0,0,0,1,0,28.3288,0,0,1],"parentBoneIndex":11,"length":8.2279
,"animation":{"dataType":3,"framePerSecond":30,"keys":[
{"frame":1,"values":[0.8071,0.4259,0.4088,0,-0.5249,0.8347,0.1668,0,-0.2702,-0.3492,0.8972,0,28.3289,0,0,1]},
{"frame":2,"values":[0.8329,0.3485,0.4299,0,-0.4999,0.8071,0.3143,0,-0.2374,-0.4767,0.8464,0,28.3288,0,0,1]},
{"frame":3,"values":[0.8783,0.2417,0.4124,0,-0.4382,0.752,0.4924,0,-0.1911,-0.6132,0.7664,0,28.3288,0,0,1]},
{"frame":4,"values":[0.9258,0.1426,0.3501,0,-0.3483,0.6816,0.6435,0,-0.1469,-0.7177,0.6807,0,28.3289,0,0,1]},
{"frame":5,"values":[0.9626,0.0767,0.2597,0,-0.2471,0.6411,0.7266,0,-0.1108,-0.7636,0.6361,0,28.3288,0,0,1]},
{"frame":6,"values":[0.9844,0.0458,0.1698,0,-0.1568,0.6663,0.729,0,-0.0798,-0.7443,0.6631,0,28.3288,0,0,1]},
{"frame":7,"values":[0.9946,0.0315,0.0988,0,-0.089,0.7483,0.6574,0,-0.0532,-0.6626,0.7471,0,28.3288,0,0,1]},
{"frame":8,"values":[0.999,0.0091,0.0432,0,-0.0309,0.8429,0.5372,0,-0.0315,-0.5381,0.8423,0,28.3288,0,0,1]},
{"frame":9,"values":[0.9992,-0.0384,-0.014,0,0.0407,0.9091,0.4146,0,-0.0032,-0.4149,0.9099,0,28.3288,0,0,1]},
{"frame":10,"values":[0.9901,-0.1113,-0.0853,0,0.1338,0.9317,0.3377,0,0.0419,-0.3458,0.9374,0,28.3288,0,0,1]},
{"frame":11,"values":[0.9677,-0.1911,-0.1645,0,0.2366,0.9137,0.3305,0,0.0871,-0.3587,0.9294,0,28.3288,0,0,1]},
{"frame":12,"values":[0.9404,-0.2526,-0.2277,0,0.3252,0.8638,0.3847,0,0.0995,-0.4358,0.8945,0,28.3288,0,0,1]},
{"frame":13,"values":[0.9257,-0.2818,-0.2523,0,0.3723,0.7971,0.4754,0,0.0671,-0.534,0.8428,0,28.3288,0,0,1]},
{"frame":14,"values":[0.9324,-0.2781,-0.2307,0,0.3613,0.7302,0.5799,0,0.0072,-0.624,0.7814,0,28.3288,0,0,1]},
{"frame":15,"values":[0.9623,-0.2249,-0.1532,0,0.2717,0.7621,0.5877,0,-0.0154,-0.6071,0.7944,0,28.3288,0,0,1]},
{"frame":16,"values":[0.9801,-0.181,-0.0817,0,0.1976,0.849,0.4901,0,-0.0193,-0.4965,0.8678,0,28.3288,0,0,1]},
{"frame":17,"values":[0.9875,-0.155,-0.0293,0,0.1559,0.9311,0.3298,0,-0.0239,-0.3302,0.9436,0,28.3288,0,0,1]},
{"frame":18,"values":[0.9903,-0.1386,0.0024,0,0.1363,0.9771,0.1634,0,-0.025,-0.1615,0.9866,0,28.3289,0,0,1]},
{"frame":19,"values":[0.9927,-0.1194,0.0178,0,0.1181,0.9911,0.062,0,-0.0251,-0.0595,0.9979,0,28.3288,0,0,1]},
{"frame":20,"values":[0.9957,-0.089,0.0253,0,0.0877,0.995,0.0486,0,-0.0295,-0.0462,0.9985,0,28.3288,0,0,1]},
{"frame":21,"values":[0.9982,-0.0461,0.0374,0,0.0424,0.9948,0.093,0,-0.0415,-0.0913,0.995,0,28.3288,0,0,1]},
{"frame":22,"values":[0.9977,0.0068,0.0681,0,-0.0169,0.9887,0.1487,0,-0.0663,-0.1495,0.9865,0,28.3288,0,0,1]},
{"frame":23,"values":[0.9902,0.0677,0.1224,0,-0.0898,0.9787,0.1847,0,-0.1072,-0.1939,0.9751,0,28.3288,0,0,1]},
{"frame":24,"values":[0.9721,0.1384,0.1895,0,-0.1747,0.966,0.1907,0,-0.1567,-0.2185,0.9632,0,28.3288,0,0,1]},
{"frame":25,"values":[0.9421,0.2224,0.2511,0,-0.2687,0.9485,0.1679,0,-0.2008,-0.2257,0.9533,0,28.3288,0,0,1]},
{"frame":26,"values":[0.9007,0.3167,0.2973,0,-0.3658,0.9221,0.1262,0,-0.2341,-0.2224,0.9464,0,28.3288,0,0,1]},
{"frame":27,"values":[0.8531,0.4013,0.3335,0,-0.4521,0.8875,0.0886,0,-0.2605,-0.2264,0.9386,0,28.3288,0,0,1]},
{"frame":28,"values":[0.8153,0.4448,0.3708,0,-0.5087,0.856,0.0916,0,-0.2767,-0.2633,0.9242,0,28.3288,0,0,1]},
{"frame":29,"values":[0.8071,0.4259,0.4088,0,-0.5249,0.8347,0.1668,0,-0.2702,-0.3492,0.8972,0,28.3288,0,0,1]}],"loopBehavior":1,"name":"anim","property":"_matrix"}},
{"name":"mixamorig:LeftHandThumb1","index":13,"matrix":[0.9983,-0.0557,0.0147,0,0.0523,0.9831,0.1752,0,-0.0242,-0.1741,0.9844,0,2.4661,-1.575,2.6824,1],"rest":[1,0,0,0,0,1,0,0,0,0,1,0,2.4661,-1.5751,2.6824,1],"parentBoneIndex":12,"length":4.1696
,"animation":{"dataType":3,"framePerSecond":30,"keys":[
{"frame":1,"values":[0.9983,-0.0557,0.0147,0,0.0523,0.9831,0.1752,0,-0.0242,-0.1741,0.9844,0,2.4661,-1.575,2.6824,1]},
{"frame":2,"values":[0.9989,-0.0221,-0.042,0,0.0289,0.9852,0.1689,0,0.0376,-0.1699,0.9847,0,2.4661,-1.575,2.6824,1]},
{"frame":3,"values":[0.997,-0.0017,-0.078,0,0.0147,0.9859,0.1669,0,0.0766,-0.1675,0.9829,0,2.4661,-1.5751,2.6824,1]},
{"frame":4,"values":[0.9961,0.001,-0.0884,0,0.0141,0.9854,0.1697,0,0.0873,-0.1702,0.9815,0,2.4661,-1.5751,2.6824,1]},
{"frame":5,"values":[0.9966,-0.0086,-0.0817,0,0.0229,0.9844,0.1746,0,0.0789,-0.1759,0.9812,0,2.4661,-1.5751,2.6824,1]},
{"frame":6,"values":[0.9973,-0.0197,-0.0713,0,0.0322,0.9835,0.1783,0,0.0666,-0.1801,0.9814,0,2.4661,-1.575,2.6824,1]},
{"frame":7,"values":[0.9975,-0.0236,-0.067,0,0.0353,0.9832,0.179,0,0.0616,-0.1809,0.9816,0,2.4661,-1.575,2.6824,1]},
{"frame":8,"values":[0.9973,-0.018,-0.071,0,0.0304,0.9837,0.177,0,0.0667,-0.1787,0.9816,0,2.4661,-1.575,2.6824,1]},
{"frame":9,"values":[0.9968,-0.0069,-0.0797,0,0.0206,0.9847,0.173,0,0.0773,-0.174,0.9817,0,2.4661,-1.575,2.6824,1]},
{"frame":10,"values":[0.9963,0.0032,-0.0858,0,0.0112,0.9858,0.1677,0,0.0851,-0.1681,0.9821,0,2.4661,-1.575,2.6824,1]},
{"frame":11,"values":[0.9966,0.0073,-0.0825,0,0.0061,0.9868,0.1619,0,0.0826,-0.1619,0.9834,0,2.4662,-1.575,2.6824,1]},
{"frame":12,"values":[0.9977,0.006,-0.0677,0,0.0045,0.9879,0.155,0,0.0678,-0.155,0.9856,0,2.4661,-1.575,2.6824,1]},
{"frame":13,"values":[0.999,0.0051,-0.0452,0,0.0015,0.9894,0.1455,0,0.0454,-0.1454,0.9883,0,2.4661,-1.575,2.6824,1]},
{"frame":14,"values":[0.9997,0.0108,-0.0211,0,-0.0079,0.9913,0.1316,0,0.0224,-0.1314,0.9911,0,2.4661,-1.575,2.6824,1]},
{"frame":15,"values":[0.9984,0.0454,-0.034,0,-0.0416,0.9935,0.1058,0,0.0386,-0.1042,0.9938,0,2.4661,-1.575,2.6824,1]},
{"frame":16,"values":[0.9973,0.058,-0.044,0,-0.0535,0.9937,0.098,0,0.0494,-0.0954,0.9942,0,2.4661,-1.575,2.6824,1]},
{"frame":17,"values":[0.9985,0.0425,-0.0354,0,-0.0384,0.9933,0.1089,0,0.0398,-0.1074,0.9934,0,2.4661,-1.575,2.6824,1]},
{"frame":18,"values":[0.9999,0.0092,-0.0088,0,-0.008,0.9917,0.1285,0,0.0099,-0.1284,0.9917,0,2.4661,-1.575,2.6824,1]},
{"frame":19,"values":[0.9993,-0.0249,0.0275,0,0.0207,0.9894,0.144,0,-0.0308,-0.1433,0.9892,0,2.4661,-1.5751,2.6824,1]},
{"frame":20,"values":[0.9968,-0.0489,0.0634,0,0.0389,0.9878,0.1508,0,-0.07,-0.1478,0.9865,0,2.4661,-1.575,2.6824,1]},
{"frame":21,"values":[0.9937,-0.0649,0.0919,0,0.0502,0.9868,0.1543,0,-0.1007,-0.1487,0.9837,0,2.4661,-1.575,2.6824,1]},
