{"producer":{"name":"Blender","version":"2.79 (sub 0)","exporter_version":"5.6.4","file":"femalewalkback.babylon"},
"autoClear":true,"clearColor":[0.0509,0.0509,0.0509],"ambientColor":[0,0,0],"gravity":[0,-9.81,0],
"materials":[{"name":"femalewalkback.Beta_Joints_MAT","id":"femalewalkback.Beta_Joints_MAT","ambient":[0.3333,0.1245,0.101],"diffuse":[0.2667,0.0996,0.0808],"specular":[0.1496,0.1496,0.1496],"emissive":[0,0,0],"specularPower":11,"alpha":1,"backFaceCulling":true,"checkReadyOnlyOnce":false,"maxSimultaneousLights":4},
{"name":"femalewalkback.asdf1:Beta_HighLimbsGeoSG2","id":"femalewalkback.asdf1:Beta_HighLimbsGeoSG2","ambient":[0.837,0.3023,0.2637],"diffuse":[0.6696,0.2418,0.2109],"specular":[0.2436,0.2436,0.2436],"emissive":[0,0,0],"specularPower":19,"alpha":1,"backFaceCulling":true,"checkReadyOnlyOnce":false,"maxSimultaneousLights":4}],
"multiMaterials":[],
"skeletons":[{"name":"Armature","id":0,"dimensionsAtRest":[180.6984,191.5436,26.6004],"bones":[
{"name":"mixamorig:Hips","index":0,"matrix":[0.9991,-0.0124,-0.0405,0,0.0101,0.9983,-0.057,0,-0.0411,-0.0565,-0.9976,0,0.0171,100.255,-1.9338,1],"rest":[1,0,0,0,0,1,0,0,0,0,-1,0,0,103.9915,-2.0761,1],"parentBoneIndex":-1,"length":10.5592
,"animation":{"dataType":3,"framePerSecond":30,"keys":[
{"frame":1,"values":[0.9991,-0.0124,-0.0405,0,0.0101,0.9983,-0.057,0,-0.0411,-0.0565,-0.9976,0,0.0171,100.255,-1.9338,1]},
{"frame":2,"values":[0.9982,-0.0074,-0.0595,0,0.004,0.9984,-0.0564,0,-0.0598,-0.0561,-0.9966,0,0.076,99.859,-2.512,1]},
{"frame":3,"values":[0.9967,-0.0038,-0.081,0,-0.0003,0.9987,-0.0508,0,-0.0811,-0.0507,-0.9954,0,0.235,99.1254,-3.1068,1]},
{"frame":4,"values":[0.9947,-0.0009,-0.1028,0,-0.0033,0.9991,-0.0412,0,-0.1027,-0.0413,-0.9939,0,0.5336,98.1275,-3.6665,1]},
{"frame":5,"values":[0.9927,0.0005,-0.1209,0,-0.0045,0.9995,-0.0327,0,-0.1208,-0.033,-0.9921,0,0.9595,97.1319,-4.0526,1]},
{"frame":6,"values":[0.9913,0.0016,-0.132,0,-0.0059,0.9994,-0.0328,0,-0.1318,-0.0333,-0.9907,0,1.4335,96.3924,-4.1356,1]},
{"frame":7,"values":[0.9908,0.0025,-0.1356,0,-0.0086,0.999,-0.0444,0,-0.1354,-0.0452,-0.9898,0,1.8777,96.2163,-3.7576,1]},
{"frame":8,"values":[0.9908,0.0088,-0.1348,0,-0.0172,0.9979,-0.0618,0,-0.134,-0.0635,-0.9889,0,2.2506,96.5103,-2.9623,1]},
{"frame":9,"values":[0.9905,0.0224,-0.1359,0,-0.0328,0.9967,-0.0743,0,-0.1338,-0.0781,-0.9879,0,2.5569,96.97,-1.9968,1]},
{"frame":10,"values":[0.9887,0.0402,-0.1446,0,-0.0515,0.9959,-0.0749,0,-0.141,-0.0815,-0.9867,0,2.8217,97.4456,-1.2583,1]},
{"frame":11,"values":[0.9856,0.0585,-0.1585,0,-0.0695,0.9955,-0.0645,0,-0.154,-0.0746,-0.9853,0,3.0486,97.9126,-1.0651,1]},
{"frame":12,"values":[0.9833,0.0712,-0.1675,0,-0.0808,0.9954,-0.0511,0,-0.1631,-0.0637,-0.9845,0,3.2244,98.4883,-1.2475,1]},
{"frame":13,"values":[0.984,0.0773,-0.1604,0,-0.0851,0.9955,-0.0418,0,-0.1565,-0.0548,-0.9862,0,3.3225,99.0066,-1.6129,1]},
{"frame":14,"values":[0.9878,0.0773,-0.1354,0,-0.0833,0.9958,-0.0387,0,-0.1318,-0.0495,-0.99,0,3.3426,99.3298,-2.0161,1]},
{"frame":15,"values":[0.9921,0.0743,-0.1006,0,-0.0786,0.9962,-0.0387,0,-0.0973,-0.0463,-0.9942,0,3.2995,99.3681,-2.4262,1]},
{"frame":16,"values":[0.9951,0.0712,-0.0681,0,-0.0739,0.9966,-0.0377,0,-0.0652,-0.0426,-0.997,0,3.2122,99.0774,-2.8484,1]},
{"frame":17,"values":[0.9965,0.0701,-0.0458,0,-0.0718,0.9968,-0.0343,0,-0.0432,-0.0375,-0.9984,0,3.0711,98.4725,-3.2551,1]},
{"frame":18,"values":[0.9969,0.0706,-0.0345,0,-0.0716,0.997,-0.0304,0,-0.0322,-0.0328,-0.9989,0,2.8465,97.6187,-3.5903,1]},
{"frame":19,"values":[0.997,0.0703,-0.0314,0,-0.0713,0.997,-0.0303,0,-0.0291,-0.0325,-0.999,0,2.5175,96.7456,-3.746,1]},
{"frame":20,"values":[0.9973,0.0648,-0.0332,0,-0.0661,0.9971,-0.0387,0,-0.0306,-0.0408,-0.9987,0,2.0955,96.0686,-3.6054,1]},
{"frame":21,"values":[0.9979,0.052,-0.0374,0,-0.054,0.997,-0.0557,0,-0.0344,-0.0576,-0.9977,0,1.6051,95.7244,-3.0863,1]},
{"frame":22,"values":[0.9986,0.0339,-0.0411,0,-0.0369,0.9965,-0.075,0,-0.0384,-0.0764,-0.9963,0,1.0904,95.6949,-2.2043,1]},
{"frame":23,"values":[0.9991,0.0136,-0.0405,0,-0.0171,0.996,-0.0877,0,-0.0391,-0.0883,-0.9953,0,0.6267,95.8763,-1.1431,1]},
{"frame":24,"values":[0.9995,-0.0081,-0.032,0,0.0052,0.9959,-0.0898,0,-0.0326,-0.0896,-0.9954,0,0.2855,96.2089,-0.2298,1]},
{"frame":25,"values":[0.9995,-0.0282,-0.0154,0,0.0268,0.9961,-0.0843,0,-0.0177,-0.0839,-0.9963,0,0.0776,96.6279,0.2889,1]},
{"frame":26,"values":[0.9991,-0.0422,0.0033,0,0.0423,0.9961,-0.0771,0,0,-0.0771,-0.997,0,-0.035,97.1825,0.371,1]},
{"frame":27,"values":[0.9989,-0.0457,0.0138,0,0.0466,0.9964,-0.0712,0,0.0105,-0.0718,-0.9974,0,-0.0919,97.9065,0.1214,1]},
{"frame":28,"values":[0.9992,-0.0389,0.0088,0,0.0394,0.997,-0.0666,0,0.0062,-0.0669,-0.9977,0,-0.1038,98.7495,-0.3782,1]},
{"frame":29,"values":[0.9996,-0.0261,-0.0111,0,0.0254,0.9978,-0.062,0,-0.0127,-0.0617,-0.998,0,-0.068,99.5804,-1.0762,1]},
{"frame":30,"values":[0.9991,-0.0124,-0.0405,0,0.0101,0.9983,-0.057,0,-0.0411,-0.0565,-0.9976,0,0.0171,100.255,-1.9338,1]}],"loopBehavior":1,"name":"anim","property":"_matrix"}},
{"name":"mixamorig:Spine","index":1,"matrix":[0.9996,-0.0081,-0.0272,0,0.0093,0.9989,0.0456,0,0.0268,-0.0459,0.9986,0,0,10.1816,0.1315,1],"rest":[1,0,0,0,0,1,0,0,0,0,1,0,0,10.1816,0.1315,1],"parentBoneIndex":0,"length":10.133
,"animation":{"dataType":3,"framePerSecond":30,"keys":[
{"frame":1,"values":[0.9996,-0.0081,-0.0272,0,0.0093,0.9989,0.0456,0,0.0268,-0.0459,0.9986,0,0,10.1816,0.1315,1]},
{"frame":2,"values":[0.9997,-0.014,-0.018,0,0.0147,0.999,0.0421,0,0.0174,-0.0423,0.999,0,0,10.1816,0.1315,1]},
{"frame":3,"values":[0.9998,-0.0167,-0.0091,0,0.017,0.999,0.0402,0,0.0084,-0.0404,0.9991,0,0,10.1816,0.1315,1]},
{"frame":4,"values":[0.9999,-0.0162,-0.0008,0,0.0162,0.9991,0.0399,0,0.0002,-0.0399,0.9992,0,0,10.1816,0.1315,1]},
{"frame":5,"values":[0.9999,-0.0127,0.0069,0,0.0124,0.9992,0.0392,0,-0.0074,-0.0391,0.9992,0,0,10.1816,0.1315,1]},
{"frame":6,"values":[0.9999,-0.0096,0.014,0,0.0091,0.9993,0.0364,0,-0.0143,-0.0363,0.9992,0,0,10.1816,0.1315,1]},
{"frame":7,"values":[0.9998,-0.0092,0.0199,0,0.0085,0.9994,0.0326,0,-0.0201,-0.0324,0.9993,0,0,10.1816,0.1315,1]},
{"frame":8,"values":[0.9996,-0.0163,0.0237,0,0.0155,0.9994,0.0314,0,-0.0242,-0.031,0.9992,0,0,10.1816,0.1315,1]},
{"frame":9,"values":[0.9992,-0.0313,0.0244,0,0.0304,0.9989,0.0353,0,-0.0255,-0.0346,0.9991,0,0,10.1816,0.1315,1]},
{"frame":10,"values":[0.9986,-0.0487,0.0212,0,0.0478,0.9979,0.0426,0,-0.0232,-0.0415,0.9989,0,0,10.1816,0.1315,1]},
{"frame":11,"values":[0.9978,-0.0639,0.0169,0,0.063,0.9968,0.0485,0,-0.0199,-0.0473,0.9987,0,0,10.1816,0.1315,1]},
{"frame":12,"values":[0.9974,-0.0711,0.0149,0,0.0703,0.9963,0.0491,0,-0.0184,-0.048,0.9987,0,0,10.1816,0.1315,1]},
{"frame":13,"values":[0.9973,-0.0718,0.0169,0,0.071,0.9965,0.0446,0,-0.02,-0.0433,0.9989,0,0,10.1816,0.1315,1]},
{"frame":14,"values":[0.9975,-0.068,0.0197,0,0.0672,0.997,0.0378,0,-0.0223,-0.0364,0.9991,0,0,10.1816,0.1315,1]},
{"frame":15,"values":[0.9978,-0.063,0.0199,0,0.0623,0.9976,0.0316,0,-0.0218,-0.0303,0.9993,0,0,10.1816,0.1315,1]},
{"frame":16,"values":[0.9981,-0.0592,0.0153,0,0.0588,0.9979,0.0275,0,-0.0169,-0.0265,0.9995,0,0,10.1816,0.1315,1]},
{"frame":17,"values":[0.9983,-0.0588,0.0065,0,0.0586,0.998,0.0252,0,-0.008,-0.0248,0.9997,0,0,10.1816,0.1315,1]},
{"frame":18,"values":[0.9981,-0.0608,-0.0044,0,0.0609,0.9979,0.0237,0,0.003,-0.0239,0.9997,0,0,10.1816,0.1315,1]},
{"frame":19,"values":[0.9979,-0.0625,-0.0154,0,0.0628,0.9978,0.0215,0,0.0141,-0.0224,0.9997,0,0,10.1816,0.1315,1]},
{"frame":20,"values":[0.9979,-0.0589,-0.0251,0,0.0594,0.9981,0.0178,0,0.024,-0.0192,0.9995,0,0,10.1816,0.1315,1]},
{"frame":21,"values":[0.9983,-0.049,-0.0319,0,0.0495,0.9987,0.0148,0,0.0312,-0.0163,0.9994,0,0,10.1816,0.1315,1]},
{"frame":22,"values":[0.9988,-0.0353,-0.035,0,0.0359,0.9992,0.0167,0,0.0344,-0.0179,0.9992,0,0,10.1816,0.1315,1]},
{"frame":23,"values":[0.9992,-0.0192,-0.0339,0,0.0201,0.9995,0.0256,0,0.0334,-0.0263,0.9991,0,0,10.1816,0.1315,1]},
{"frame":24,"values":[0.9996,0.0005,-0.0293,0,0.0006,0.9992,0.0389,0,0.0293,-0.0389,0.9988,0,0,10.1816,0.1315,1]},
{"frame":25,"values":[0.9995,0.0205,-0.0234,0,-0.0193,0.9985,0.051,0,0.0244,-0.0505,0.9984,0,0,10.1816,0.1315,1]},
{"frame":26,"values":[0.9992,0.0345,-0.0194,0,-0.0333,0.9978,0.0579,0,0.0213,-0.0573,0.9981,0,0,10.1816,0.1315,1]},
{"frame":27,"values":[0.9992,0.0363,-0.0195,0,-0.0351,0.9976,0.0594,0,0.0216,-0.0586,0.998,0,0,10.1816,0.1315,1]},
{"frame":28,"values":[0.9994,0.0262,-0.0229,0,-0.0249,0.9981,0.0568,0,0.0244,-0.0562,0.9981,0,0,10.1816,0.1315,1]},
{"frame":29,"values":[0.9996,0.0095,-0.0264,0,-0.0082,0.9986,0.0519,0,0.0268,-0.0517,0.9983,0,0,10.1816,0.1315,1]},
{"frame":30,"values":[0.9996,-0.0081,-0.0272,0,0.0093,0.9989,0.0456,0,0.0268,-0.0459,0.9986,0,0,10.1816,0.1315,1]}],"loopBehavior":1,"name":"anim","property":"_matrix"}},
{"name":"mixamorig:Spine1","index":2,"matrix":[0.9999,-0.0059,-0.0147,0,0.0064,0.9993,0.038,0,0.0145,-0.0381,0.9992,0,0,10.0835,-1.0008,1],"rest":[1,0,0,0,0,1,0,0,0,0,1,0,0,10.0835,-1.0008,1],"parentBoneIndex":1,"length":9.2031
,"animation":{"dataType":3,"framePerSecond":30,"keys":[
{"frame":1,"values":[0.9999,-0.0059,-0.0147,0,0.0064,0.9993,0.038,0,0.0145,-0.0381,0.9992,0,0,10.0835,-1.0008,1]},
{"frame":2,"values":[0.9999,-0.0059,-0.0108,0,0.0062,0.9994,0.0349,0,0.0106,-0.0349,0.9993,0,0,10.0835,-1.0008,1]},
{"frame":3,"values":[1,-0.005,-0.0069,0,0.0052,0.9995,0.0326,0,0.0067,-0.0326,0.9994,0,0,10.0835,-1.0008,1]},
{"frame":4,"values":[1,-0.0035,-0.0032,0,0.0036,0.9995,0.0312,0,0.0031,-0.0312,0.9995,0,0,10.0835,-1.0008,1]},
{"frame":5,"values":[1,-0.002,0.0004,0,0.002,0.9996,0.0298,0,-0.0005,-0.0298,0.9996,0,0,10.0835,-1.0008,1]},
{"frame":6,"values":[1,-0.0007,0.0042,0,0.0006,0.9996,0.0276,0,-0.0042,-0.0276,0.9996,0,0,10.0834,-1.0008,1]},
{"frame":7,"values":[1,-0.0009,0.0079,0,0.0007,0.9997,0.0253,0,-0.0079,-0.0253,0.9996,0,0,10.0834,-1.0008,1]},
{"frame":8,"values":[0.9999,-0.0037,0.0102,0,0.0035,0.9997,0.0249,0,-0.0103,-0.0249,0.9996,0,0,10.0834,-1.0008,1]},
{"frame":9,"values":[0.9999,-0.0089,0.0099,0,0.0086,0.9996,0.0276,0,-0.0101,-0.0275,0.9996,0,0,10.0834,-1.0008,1]},
{"frame":10,"values":[0.9999,-0.0135,0.0067,0,0.0133,0.9994,0.0316,0,-0.0071,-0.0315,0.9995,0,0,10.0835,-1.0008,1]},
{"frame":11,"values":[0.9999,-0.0147,0.0025,0,0.0146,0.9993,0.0344,0,-0.003,-0.0343,0.9994,0,0,10.0834,-1.0008,1]},
{"frame":12,"values":[0.9999,-0.0122,0.0005,0,0.0122,0.9993,0.0345,0,-0.0009,-0.0345,0.9994,0,0,10.0834,-1.0008,1]},
{"frame":13,"values":[1,-0.0088,0.0018,0,0.0087,0.9994,0.0328,0,-0.0021,-0.0327,0.9995,0,0,10.0835,-1.0008,1]},
{"frame":14,"values":[1,-0.0069,0.0052,0,0.0068,0.9995,0.0303,0,-0.0054,-0.0303,0.9995,0,0,10.0835,-1.0008,1]},
{"frame":15,"values":[0.9999,-0.0071,0.0075,0,0.0069,0.9996,0.0279,0,-0.0077,-0.0279,0.9996,0,0,10.0835,-1.0008,1]},
{"frame":16,"values":[0.9999,-0.0086,0.0071,0,0.0084,0.9996,0.0257,0,-0.0073,-0.0257,0.9996,0,0,10.0834,-1.0008,1]},
{"frame":17,"values":[0.9999,-0.0104,0.004,0,0.0103,0.9997,0.024,0,-0.0042,-0.024,0.9997,0,0,10.0835,-1.0008,1]},
{"frame":18,"values":[0.9999,-0.0122,-0.0003,0,0.0122,0.9997,0.0229,0,0,-0.0229,0.9997,0,0,10.0835,-1.0008,1]},
{"frame":19,"values":[0.9999,-0.014,-0.0049,0,0.0141,0.9997,0.0214,0,0.0046,-0.0214,0.9998,0,0,10.0834,-1.0008,1]},
{"frame":20,"values":[0.9998,-0.015,-0.0099,0,0.0151,0.9997,0.0187,0,0.0096,-0.0189,0.9998,0,0,10.0835,-1.0008,1]},
{"frame":21,"values":[0.9998,-0.0139,-0.0152,0,0.0142,0.9998,0.016,0,0.015,-0.0162,0.9998,0,0,10.0834,-1.0008,1]},
{"frame":22,"values":[0.9998,-0.0102,-0.0191,0,0.0105,0.9998,0.0161,0,0.0189,-0.0163,0.9997,0,0,10.0835,-1.0008,1]},
{"frame":23,"values":[0.9998,-0.0041,-0.0193,0,0.0045,0.9998,0.021,0,0.0192,-0.0211,0.9996,0,0,10.0835,-1.0008,1]},
{"frame":24,"values":[0.9999,0.0025,-0.0152,0,-0.002,0.9996,0.0288,0,0.0152,-0.0288,0.9995,0,0,10.0835,-1.0008,1]},
{"frame":25,"values":[0.9999,0.0074,-0.009,0,-0.007,0.9993,0.0357,0,0.0092,-0.0356,0.9993,0,0,10.0835,-1.0008,1]},
{"frame":26,"values":[0.9999,0.0093,-0.0048,0,-0.0091,0.9992,0.0393,0,0.0052,-0.0392,0.9992,0,0,10.0834,-1.0008,1]},
{"frame":27,"values":[1,0.0079,-0.005,0,-0.0077,0.9992,0.0402,0,0.0054,-0.0402,0.9992,0,0,10.0834,-1.0008,1]},
{"frame":28,"values":[1,0.0039,-0.0086,0,-0.0036,0.9992,0.0402,0,0.0088,-0.0401,0.9992,0,0,10.0834,-1.0008,1]},
{"frame":29,"values":[0.9999,-0.0012,-0.0126,0,0.0017,0.9992,0.0397,0,0.0125,-0.0397,0.9991,0,0,10.0834,-1.0008,1]},
{"frame":30,"values":[0.9999,-0.0059,-0.0147,0,0.0064,0.9993,0.038,0,0.0145,-0.0381,0.9992,0,0,10.0835,-1.0008,1]}],"loopBehavior":1,"name":"anim","property":"_matrix"}},
{"name":"mixamorig:Spine2","index":3,"matrix":[0.9999,-0.0054,-0.014,0,0.006,0.9992,0.0383,0,0.0138,-0.0384,0.9992,0,0,9.1,-1.3734,1],"rest":[1,0,0,0,0,1,0,0,0,0,1,0,0,9.1,-1.3734,1],"parentBoneIndex":2,"length":13.7198
,"animation":{"dataType":3,"framePerSecond":30,"keys":[
{"frame":1,"values":[0.9999,-0.0054,-0.014,0,0.006,0.9992,0.0383,0,0.0138,-0.0384,0.9992,0,0,9.1,-1.3734,1]},
{"frame":2,"values":[0.9999,-0.0056,-0.0101,0,0.0059,0.9994,0.0351,0,0.0099,-0.0351,0.9993,0,0,9.1,-1.3734,1]},
{"frame":3,"values":[1,-0.0047,-0.0062,0,0.0049,0.9995,0.0327,0,0.006,-0.0328,0.9994,0,0,9.1,-1.3734,1]},
{"frame":4,"values":[1,-0.0034,-0.0025,0,0.0035,0.9995,0.0313,0,0.0024,-0.0313,0.9995,0,0,9.1,-1.3734,1]},
{"frame":5,"values":[1,-0.0019,0.001,0,0.0019,0.9996,0.0298,0,-0.0011,-0.0298,0.9996,0,0,9.1,-1.3734,1]},
{"frame":6,"values":[1,-0.0007,0.0048,0,0.0006,0.9996,0.0275,0,-0.0048,-0.0275,0.9996,0,0,9.1,-1.3734,1]},
{"frame":7,"values":[1,-0.0009,0.0083,0,0.0007,0.9997,0.0252,0,-0.0084,-0.0252,0.9996,0,0,9.1,-1.3734,1]},
{"frame":8,"values":[0.9999,-0.0038,0.0106,0,0.0036,0.9997,0.0248,0,-0.0107,-0.0248,0.9996,0,0,9.1,-1.3734,1]},
{"frame":9,"values":[0.9999,-0.009,0.0102,0,0.0087,0.9996,0.0275,0,-0.0105,-0.0274,0.9996,0,0,9.1,-1.3734,1]},
{"frame":10,"values":[0.9999,-0.0136,0.007,0,0.0134,0.9994,0.0316,0,-0.0074,-0.0315,0.9995,0,0,9.1,-1.3734,1]},
{"frame":11,"values":[0.9999,-0.0147,0.0028,0,0.0146,0.9993,0.0344,0,-0.0033,-0.0343,0.9994,0,0,9.1,-1.3734,1]},
{"frame":12,"values":[0.9999,-0.0122,0.0008,0,0.0122,0.9993,0.0346,0,-0.0012,-0.0345,0.9994,0,0,9.1,-1.3734,1]},
{"frame":13,"values":[1,-0.0088,0.0021,0,0.0087,0.9994,0.0328,0,-0.0024,-0.0327,0.9995,0,0,9.1,-1.3734,1]},
{"frame":14,"values":[1,-0.007,0.0055,0,0.0068,0.9995,0.0303,0,-0.0057,-0.0303,0.9995,0,0,9.1,-1.3734,1]},
{"frame":15,"values":[0.9999,-0.0072,0.0078,0,0.007,0.9996,0.0279,0,-0.008,-0.0278,0.9996,0,0,9.1,-1.3734,1]},
{"frame":16,"values":[0.9999,-0.0087,0.0073,0,0.0085,0.9996,0.0257,0,-0.0075,-0.0256,0.9996,0,0,9.1,-1.3734,1]},
{"frame":17,"values":[0.9999,-0.0104,0.0041,0,0.0103,0.9997,0.024,0,-0.0044,-0.024,0.9997,0,0,9.1,-1.3734,1]},
{"frame":18,"values":[0.9999,-0.0122,-0.0002,0,0.0122,0.9997,0.0229,0,0,-0.0229,0.9997,0,0,9.1,-1.3734,1]},
{"frame":19,"values":[0.9999,-0.0139,-0.0049,0,0.014,0.9997,0.0214,0,0.0046,-0.0215,0.9998,0,0,9.1,-1.3734,1]},
{"frame":20,"values":[0.9998,-0.0148,-0.01,0,0.015,0.9997,0.0188,0,0.0097,-0.019,0.9998,0,0,9.1,-1.3734,1]},
{"frame":21,"values":[0.9998,-0.0138,-0.0153,0,0.014,0.9998,0.0161,0,0.015,-0.0163,0.9998,0,0,9.1,-1.3734,1]},
{"frame":22,"values":[0.9998,-0.01,-0.0191,0,0.0103,0.9998,0.0162,0,0.019,-0.0164,0.9997,0,0,9.1,-1.3734,1]},
{"frame":23,"values":[0.9998,-0.0039,-0.0193,0,0.0043,0.9998,0.0211,0,0.0192,-0.0211,0.9996,0,0,9.1,-1.3734,1]},
{"frame":24,"values":[0.9999,0.0026,-0.015,0,-0.0022,0.9996,0.0289,0,0.015,-0.0288,0.9995,0,0,9.1,-1.3734,1]},
{"frame":25,"values":[0.9999,0.0075,-0.0088,0,-0.0071,0.9993,0.0357,0,0.009,-0.0357,0.9993,0,0,9.1,-1.3734,1]},
{"frame":26,"values":[0.9999,0.0093,-0.0046,0,-0.0091,0.9992,0.0393,0,0.0049,-0.0392,0.9992,0,0,9.1,-1.3734,1]},
{"frame":27,"values":[1,0.0079,-0.0047,0,-0.0077,0.9992,0.0402,0,0.005,-0.0402,0.9992,0,0,9.1,-1.3734,1]},
{"frame":28,"values":[1,0.004,-0.0081,0,-0.0037,0.9992,0.0403,0,0.0083,-0.0402,0.9992,0,0,9.1,-1.3734,1]},
{"frame":29,"values":[0.9999,-0.0009,-0.012,0,0.0013,0.9992,0.0398,0,0.0119,-0.0399,0.9991,0,0,9.1,-1.3734,1]},
{"frame":30,"values":[0.9999,-0.0054,-0.014,0,0.006,0.9992,0.0383,0,0.0138,-0.0384,0.9992,0,0,9.1,-1.3734,1]}],"loopBehavior":1,"name":"anim","property":"_matrix"}},
{"name":"mixamorig:Neck","index":4,"matrix":[1,0.0008,0.0057,0,-0.0006,0.9995,-0.0313,0,-0.0057,0.0313,0.9995,0,0,16.6717,-2.5162,1],"rest":[1,0,0,0,0,1,0,0,0,0,1,0,0,16.6717,-2.5162,1],"parentBoneIndex":3,"length":9.7644
,"animation":{"dataType":3,"framePerSecond":30,"keys":[
{"frame":1,"values":[1,0.0008,0.0057,0,-0.0006,0.9995,-0.0313,0,-0.0057,0.0313,0.9995,0,0,16.6717,-2.5162,1]},
{"frame":2,"values":[1,0.0007,0.0025,0,-0.0006,0.9995,-0.0311,0,-0.0026,0.0311,0.9995,0,0,16.6717,-2.5162,1]},
{"frame":3,"values":[1,-0.0003,-0.0012,0,0.0003,0.9996,-0.0291,0,0.0012,0.0291,0.9996,0,0,16.6717,-2.5162,1]},
{"frame":4,"values":[1,-0.0019,-0.0048,0,0.0017,0.9997,-0.025,0,0.0048,0.025,0.9997,0,0,16.6717,-2.5162,1]},
{"frame":5,"values":[1,-0.0031,-0.0077,0,0.003,0.9998,-0.0203,0,0.0077,0.0202,0.9998,0,0,16.6717,-2.5162,1]},
{"frame":6,"values":[0.9999,-0.0035,-0.0096,0,0.0033,0.9998,-0.017,0,0.0097,0.017,0.9998,0,0,16.6717,-2.5162,1]},
{"frame":7,"values":[0.9999,-0.0025,-0.0107,0,0.0023,0.9999,-0.017,0,0.0107,0.0169,0.9998,0,0,16.6717,-2.5162,1]},
{"frame":8,"values":[0.9999,-0.0001,-0.0111,0,-0.0001,0.9998,-0.0199,0,0.0111,0.0199,0.9997,0,0,16.6717,-2.5162,1]},
{"frame":9,"values":[0.9999,0.0027,-0.0109,0,-0.003,0.9997,-0.0238,0,0.0109,0.0239,0.9997,0,0,16.6717,-2.5162,1]},
{"frame":10,"values":[0.9999,0.0041,-0.0104,0,-0.0044,0.9997,-0.0259,0,0.0103,0.0259,0.9996,0,0,16.6717,-2.5162,1]},
{"frame":11,"values":[0.9999,0.0025,-0.0101,0,-0.0027,0.9997,-0.0246,0,0.0101,0.0246,0.9996,0,0,16.6717,-2.5162,1]},
{"frame":12,"values":[0.9999,-0.0015,-0.0104,0,0.0013,0.9998,-0.0206,0,0.0104,0.0206,0.9997,0,0,16.6717,-2.5162,1]},
{"frame":13,"values":[0.9999,-0.0056,-0.0107,0,0.0054,0.9999,-0.0161,0,0.0108,0.0161,0.9998,0,0,16.6716,-2.5162,1]},
{"frame":14,"values":[0.9999,-0.0076,-0.0102,0,0.0075,0.9999,-0.0136,0,0.0103,0.0135,0.9999,0,0,16.6717,-2.5162,1]},
{"frame":15,"values":[0.9999,-0.0074,-0.0084,0,0.0073,0.9999,-0.0136,0,0.0085,0.0135,0.9999,0,0,16.6717,-2.5162,1]},
{"frame":16,"values":[1,-0.0059,-0.0056,0,0.0058,0.9999,-0.0154,0,0.0057,0.0153,0.9999,0,0,16.6717,-2.5162,1]},
{"frame":17,"values":[1,-0.004,-0.0027,0,0.0039,0.9998,-0.0174,0,0.0027,0.0174,0.9998,0,0,16.6717,-2.5162,1]},
{"frame":18,"values":[1,-0.0024,-0.0001,0,0.0024,0.9998,-0.0187,0,0.0002,0.0187,0.9998,0,0,16.6717,-2.5162,1]},
{"frame":19,"values":[1,-0.0017,0.0018,0,0.0018,0.9998,-0.0197,0,-0.0017,0.0197,0.9998,0,0,16.6717,-2.5162,1]},
{"frame":20,"values":[1,-0.0026,0.0031,0,0.0027,0.9998,-0.0216,0,-0.0031,0.0216,0.9998,0,0,16.6717,-2.5162,1]},
{"frame":21,"values":[1,-0.0048,0.0041,0,0.0049,0.9997,-0.0254,0,-0.004,0.0254,0.9997,0,0,16.6717,-2.5162,1]},
{"frame":22,"values":[1,-0.0077,0.0045,0,0.0078,0.9995,-0.0305,0,-0.0042,0.0306,0.9995,0,0,16.6716,-2.5162,1]},
{"frame":23,"values":[0.9999,-0.0106,0.0038,0,0.0107,0.9993,-0.0351,0,-0.0035,0.0352,0.9994,0,0,16.6716,-2.5162,1]},
{"frame":24,"values":[0.9999,-0.0132,0.0025,0,0.0133,0.9992,-0.0377,0,-0.002,0.0377,0.9993,0,0,16.6717,-2.5162,1]},
{"frame":25,"values":[0.9999,-0.0146,0.0017,0,0.0147,0.9992,-0.0382,0,-0.0011,0.0383,0.9993,0,0,16.6717,-2.5162,1]},
{"frame":26,"values":[0.9999,-0.0141,0.0023,0,0.0142,0.9992,-0.0377,0,-0.0017,0.0378,0.9993,0,0,16.6717,-2.5162,1]},
{"frame":27,"values":[0.9999,-0.0114,0.0041,0,0.0116,0.9993,-0.0369,0,-0.0037,0.037,0.9993,0,0,16.6717,-2.5162,1]},
{"frame":28,"values":[1,-0.0073,0.0059,0,0.0075,0.9993,-0.0357,0,-0.0057,0.0357,0.9993,0,0,16.6717,-2.5162,1]},
{"frame":29,"values":[1,-0.0029,0.0066,0,0.0031,0.9994,-0.0337,0,-0.0065,0.0338,0.9994,0,0,16.6717,-2.5162,1]},
{"frame":30,"values":[1,0.0008,0.0057,0,-0.0006,0.9995,-0.0313,0,-0.0057,0.0313,0.9995,0,0,16.6717,-2.5162,1]}],"loopBehavior":1,"name":"anim","property":"_matrix"}},
{"name":"mixamorig:Head","index":5,"matrix":[0.9953,0.0642,0.0729,0,-0.0541,0.9897,-0.1327,0,-0.0807,0.1281,0.9885,0,0,9.6179,1.685,1],"rest":[1,0,0,0,0,1,0,0,0,0,1,0,0,9.6179,1.685,1],"parentBoneIndex":4,"length":13.7945
,"animation":{"dataType":3,"framePerSecond":30,"keys":[
{"frame":1,"values":[0.9953,0.0642,0.0729,0,-0.0541,0.9897,-0.1327,0,-0.0807,0.1281,0.9885,0,0,9.6179,1.685,1]},
{"frame":2,"values":[0.9973,0.0593,0.0441,0,-0.0528,0.9893,-0.1358,0,-0.0517,0.1331,0.9897,0,0,9.6179,1.685,1]},
{"frame":3,"values":[0.9986,0.0514,0.0117,0,-0.0493,0.9891,-0.1387,0,-0.0187,0.1379,0.9903,0,0,9.6179,1.685,1]},
{"frame":4,"values":[0.999,0.0411,-0.0201,0,-0.0435,0.9893,-0.1392,0,0.0141,0.1399,0.9901,0,0,9.6179,1.685,1]},
{"frame":5,"values":[0.9985,0.0309,-0.0462,0,-0.0369,0.9901,-0.1356,0,0.0415,0.1371,0.9897,0,0,9.6179,1.685,1]},
{"frame":6,"values":[0.9976,0.0249,-0.0641,0,-0.0332,0.9909,-0.1307,0,0.0602,0.1325,0.9894,0,0,9.6179,1.685,1]},
{"frame":7,"values":[0.9969,0.0266,-0.0747,0,-0.0364,0.9904,-0.1331,0,0.0704,0.1354,0.9883,0,0,9.6179,1.685,1]},
{"frame":8,"values":[0.9961,0.0363,-0.0806,0,-0.0482,0.9875,-0.1499,0,0.0741,0.1532,0.9854,0,0,9.6179,1.685,1]},
{"frame":9,"values":[0.9953,0.0489,-0.0841,0,-0.0631,0.9825,-0.1754,0,0.0741,0.1798,0.9809,0,0,9.6179,1.685,1]},
{"frame":10,"values":[0.9947,0.0559,-0.086,0,-0.0715,0.979,-0.191,0,0.0735,0.1962,0.9778,0,0,9.6178,1.685,1]},
{"frame":11,"values":[0.9948,0.0535,-0.0862,0,-0.0684,0.9812,-0.1804,0,0.0749,0.1854,0.9798,0,0,9.6179,1.685,1]},
{"frame":12,"values":[0.9954,0.0465,-0.0836,0,-0.0583,0.9878,-0.1447,0,0.0759,0.1489,0.9859,0,0,9.6179,1.685,1]},
{"frame":13,"values":[0.9963,0.0425,-0.0752,0,-0.0501,0.9935,-0.1023,0,0.0704,0.1057,0.9919,0,0,9.6179,1.685,1]},
{"frame":14,"values":[0.9973,0.0445,-0.058,0,-0.0487,0.9962,-0.0728,0,0.0546,0.0754,0.9957,0,0,9.6179,1.685,1]},
{"frame":15,"values":[0.9982,0.0501,-0.0336,0,-0.0521,0.9967,-0.0622,0,0.0303,0.0638,0.9975,0,0,9.6179,1.685,1]},
{"frame":16,"values":[0.9984,0.0561,-0.0072,0,-0.0564,0.9963,-0.0653,0,0.0035,0.0656,0.9978,0,0,9.6179,1.685,1]},
{"frame":17,"values":[0.998,0.0618,0.0159,0,-0.0604,0.9953,-0.0755,0,-0.0205,0.0744,0.997,0,0,9.6179,1.685,1]},
{"frame":18,"values":[0.9971,0.0683,0.033,0,-0.0651,0.9939,-0.089,0,-0.0389,0.0866,0.9955,0,0,9.6179,1.685,1]},
{"frame":19,"values":[0.9961,0.0754,0.045,0,-0.0704,0.9921,-0.1038,0,-0.0524,0.1002,0.9936,0,0,9.6179,1.685,1]},
{"frame":20,"values":[0.9953,0.0808,0.0537,0,-0.0738,0.99,-0.1203,0,-0.0629,0.1157,0.9913,0,0,9.6179,1.685,1]},
{"frame":21,"values":[0.9949,0.0818,0.0594,0,-0.0727,0.9871,-0.1425,0,-0.0703,0.1375,0.988,0,0,9.6179,1.685,1]},
{"frame":22,"values":[0.9952,0.0775,0.0595,0,-0.0661,0.9825,-0.1739,0,-0.0719,0.1691,0.983,0,0,9.6179,1.685,1]},
{"frame":23,"values":[0.9962,0.0686,0.0531,0,-0.056,0.9761,-0.2101,0,-0.0662,0.2064,0.9762,0,0,9.6179,1.685,1]},
{"frame":24,"values":[0.9973,0.0575,0.0451,0,-0.0451,0.9698,-0.2398,0,-0.0575,0.2371,0.9698,0,0,9.6179,1.685,1]},
{"frame":25,"values":[0.9979,0.0484,0.044,0,-0.0357,0.9669,-0.2526,0,-0.0548,0.2505,0.9666,0,0,9.6179,1.685,1]},
{"frame":26,"values":[0.9975,0.0444,0.0548,0,-0.0297,0.9688,-0.2459,0,-0.064,0.2437,0.9677,0,0,9.6178,1.685,1]},
{"frame":27,"values":[0.9963,0.0462,0.0725,0,-0.0289,0.9741,-0.2241,0,-0.0809,0.2211,0.9719,0,0,9.6179,1.685,1]},
{"frame":28,"values":[0.995,0.0518,0.0858,0,-0.0343,0.9804,-0.194,0,-0.0942,0.1901,0.9772,0,0,9.6179,1.685,1]},
{"frame":29,"values":[0.9945,0.0585,0.0865,0,-0.0439,0.9858,-0.1621,0,-0.0948,0.1574,0.983,0,0,9.6179,1.685,1]},
{"frame":30,"values":[0.9953,0.0642,0.0729,0,-0.0541,0.9897,-0.1327,0,-0.0807,0.1281,0.9885,0,0,9.6179,1.685,1]}],"loopBehavior":1,"name":"anim","property":"_matrix"}},
{"name":"mixamorig:HeadTop_End","index":6,"matrix":[1,0,0,0,0,1,0,0,0,0,1,0,0,17.8152,2.585,1],"rest":[1,0,0,0,0,1,0,0,0,0,1,0,0,17.8152,2.585,1],"parentBoneIndex":5,"length":13.7945
,"animation":{"dataType":3,"framePerSecond":30,"keys":[
{"frame":1,"values":[1,0,0,0,0,1,0,0,0,0,1,0,0,17.8152,2.585,1]},
{"frame":2,"values":[1,0,0,0,0,1,0,0,0,0,1,0,0,17.8151,2.585,1]},
{"frame":4,"values":[1,0,0,0,0,1,0,0,0,0,1,0,0,17.8152,2.585,1]},
{"frame":5,"values":[1,0,0,0,0,1,0,0,0,0,1,0,0,17.8151,2.585,1]},
{"frame":6,"values":[1,0,0,0,0,1,0,0,0,0,1,0,0,17.8152,2.585,1]},
{"frame":13,"values":[1,0,0,0,0,1,0,0,0,0,1,0,0,17.8151,2.585,1]},
{"frame":14,"values":[1,0,0,0,0,1,0,0,0,0,1,0,0,17.8152,2.585,1]},
{"frame":16,"values":[1,0,0,0,0,1,0,0,0,0,1,0,0,17.8151,2.585,1]},
{"frame":18,"values":[1,0,0,0,0,1,0,0,0,0,1,0,0,17.8152,2.585,1]},
{"frame":20,"values":[1,0,0,0,0,1,0,0,0,0,1,0,0,17.8151,2.585,1]},
{"frame":21,"values":[1,0,0,0,0,1,0,0,0,0,1,0,0,17.8152,2.585,1]},
{"frame":22,"values":[1,0,0,0,0,1,0,0,0,0,1,0,0,17.8151,2.585,1]},
{"frame":23,"values":[1,0,0,0,0,1,0,0,0,0,1,0,0,17.8152,2.585,1]},
{"frame":24,"values":[1,0,0,0,0,1,0,0,0,0,1,0,0,17.8151,2.585,1]},
{"frame":27,"values":[1,0,0,0,0,1,0,0,0,0,1,0,0,17.8152,2.585,1]},
{"frame":30,"values":[1,0,0,0,0,1,0,0,0,0,1,0,0,17.8152,2.585,1]}],"loopBehavior":1,"name":"anim","property":"_matrix"}},
{"name":"mixamorig:LeftEye","index":7,"matrix":[1,0,0,0,0,1,0,0,0,0,1,0,3.0676,6.4095,9.2836,1],"rest":[1,0,0,0,0,1,0,0,0,0,1,0,3.0676,6.4095,9.2836,1],"parentBoneIndex":5,"length":13.7945
,"animation":{"dataType":3,"framePerSecond":30,"keys":[
{"frame":1,"values":[1,0,0,0,0,1,0,0,0,0,1,0,3.0676,6.4095,9.2836,1]},
{"frame":30,"values":[1,0,0,0,0,1,0,0,0,0,1,0,3.0676,6.4095,9.2836,1]}],"loopBehavior":1,"name":"anim","property":"_matrix"}},
{"name":"mixamorig:RightEye","index":8,"matrix":[1,0,0,0,0,1,0,0,0,0,1,0,-3.0676,6.4095,9.2835,1],"rest":[1,0,0,0,0,1,0,0,0,0,1,0,-3.0676,6.4095,9.2835,1],"parentBoneIndex":5,"length":13.7945
,"animation":{"dataType":3,"framePerSecond":30,"keys":[
{"frame":1,"values":[1,0,0,0,0,1,0,0,0,0,1,0,-3.0676,6.4095,9.2835,1]},
{"frame":4,"values":[1,0,0,0,0,1,0,0,0,0,1,0,-3.0676,6.4095,9.2836,1]},
{"frame":5,"values":[1,0,0,0,0,1,0,0,0,0,1,0,-3.0676,6.4095,9.2835,1]},
{"frame":10,"values":[1,0,0,0,0,1,0,0,0,0,1,0,-3.0675,6.4095,9.2835,1]},
{"frame":11,"values":[1,0,0,0,0,1,0,0,0,0,1,0,-3.0676,6.4095,9.2835,1]},
{"frame":13,"values":[1,0,0,0,0,1,0,0,0,0,1,0,-3.0675,6.4095,9.2835,1]},
{"frame":14,"values":[1,0,0,0,0,1,0,0,0,0,1,0,-3.0676,6.4095,9.2836,1]},
{"frame":15,"values":[1,0,0,0,0,1,0,0,0,0,1,0,-3.0676,6.4095,9.2835,1]},
{"frame":18,"values":[1,0,0,0,0,1,0,0,0,0,1,0,-3.0675,6.4095,9.2835,1]},
{"frame":19,"values":[1,0,0,0,0,1,0,0,0,0,1,0,-3.0676,6.4095,9.2835,1]},
{"frame":21,"values":[1,0,0,0,0,1,0,0,0,0,1,0,-3.0675,6.4095,9.2836,1]},
{"frame":23,"values":[1,0,0,0,0,1,0,0,0,0,1,0,-3.0676,6.4095,9.2835,1]},
{"frame":24,"values":[1,0,0,0,0,1,0,0,0,0,1,0,-3.0676,6.4095,9.2836,1]},
{"frame":25,"values":[1,0,0,0,0,1,0,0,0,0,1,0,-3.0676,6.4095,9.2835,1]},
{"frame":26,"values":[1,0,0,0,0,1,0,0,0,0,1,0,-3.0676,6.4095,9.2836,1]},
{"frame":27,"values":[1,0,0,0,0,1,0,0,0,0,1,0,-3.0676,6.4095,9.2835,1]},
{"frame":28,"values":[1,0,0,0,0,1,0,0,0,0,1,0,-3.0675,6.4095,9.2835,1]},
{"frame":30,"values":[1,0,0,0,0,1,0,0,0,0,1,0,-3.0676,6.4095,9.2835,1]}],"loopBehavior":1,"name":"anim","property":"_matrix"}},
{"name":"mixamorig:LeftShoulder","index":9,"matrix":[0.9837,-0.1778,0.0262,0,0.1774,0.984,0.0153,0,-0.0285,-0.0104,0.9995,0,4.5704,10.946,-2.628,1],"rest":[1,0,0,0,0,1,0,0,0,0,1,0,4.5704,10.946,-2.628,1],"parentBoneIndex":3,"length":10.8377
,"animation":{"dataType":3,"framePerSecond":30,"keys":[
{"frame":1,"values":[0.9837,-0.1778,0.0262,0,0.1774,0.984,0.0153,0,-0.0285,-0.0104,0.9995,0,4.5704,10.946,-2.628,1]},
{"frame":2,"values":[0.9846,-0.1731,0.0266,0,0.1727,0.9849,0.0152,0,-0.0288,-0.0103,0.9995,0,4.5704,10.946,-2.628,1]},
{"frame":3,"values":[0.985,-0.1701,0.028,0,0.1697,0.9854,0.0153,0,-0.0302,-0.0103,0.9995,0,4.5704,10.946,-2.628,1]},
{"frame":4,"values":[0.9851,-0.1692,0.0304,0,0.1688,0.9855,0.0156,0,-0.0326,-0.0103,0.9994,0,4.5704,10.946,-2.628,1]},
{"frame":5,"values":[0.9849,-0.1702,0.0326,0,0.1698,0.9853,0.0161,0,-0.0349,-0.0103,0.9993,0,4.5704,10.946,-2.628,1]},
{"frame":6,"values":[0.9844,-0.1727,0.0331,0,0.1722,0.9849,0.0163,0,-0.0354,-0.0103,0.9993,0,4.5704,10.946,-2.628,1]},
{"frame":7,"values":[0.984,-0.1753,0.0323,0,0.1748,0.9845,0.0163,0,-0.0346,-0.0104,0.9993,0,4.5704,10.946,-2.628,1]},
{"frame":8,"values":[0.9838,-0.1765,0.0323,0,0.176,0.9843,0.0163,0,-0.0347,-0.0104,0.9993,0,4.5704,10.946,-2.628,1]},
{"frame":9,"values":[0.9838,-0.1759,0.0346,0,0.1754,0.9844,0.0167,0,-0.037,-0.0104,0.9993,0,4.5704,10.946,-2.628,1]},
{"frame":10,"values":[0.9838,-0.1752,0.0374,0,0.1747,0.9845,0.0172,0,-0.0398,-0.0103,0.9992,0,4.5704,10.946,-2.628,1]},
{"frame":11,"values":[0.9836,-0.1764,0.0372,0,0.1759,0.9843,0.0172,0,-0.0396,-0.0104,0.9992,0,4.5704,10.946,-2.628,1]},
{"frame":12,"values":[0.9832,-0.1794,0.0328,0,0.1789,0.9837,0.0166,0,-0.0353,-0.0104,0.9993,0,4.5704,10.946,-2.628,1]},
{"frame":13,"values":[0.9829,-0.182,0.0279,0,0.1816,0.9832,0.0158,0,-0.0303,-0.0105,0.9995,0,4.5704,10.946,-2.628,1]},
{"frame":14,"values":[0.9828,-0.1825,0.0267,0,0.1821,0.9832,0.0156,0,-0.0291,-0.0105,0.9995,0,4.5704,10.946,-2.628,1]},
{"frame":15,"values":[0.9831,-0.1808,0.0299,0,0.1804,0.9835,0.0161,0,-0.0323,-0.0104,0.9994,0,4.5704,10.946,-2.628,1]},
{"frame":16,"values":[0.9835,-0.1779,0.0336,0,0.1774,0.984,0.0166,0,-0.036,-0.0104,0.9993,0,4.5704,10.946,-2.628,1]},
{"frame":17,"values":[0.9841,-0.1746,0.0336,0,0.1742,0.9846,0.0165,0,-0.036,-0.0104,0.9993,0,4.5704,10.946,-2.628,1]},
{"frame":18,"values":[0.9847,-0.1719,0.0291,0,0.1715,0.9851,0.0156,0,-0.0313,-0.0103,0.9995,0,4.5704,10.946,-2.628,1]},
{"frame":19,"values":[0.985,-0.171,0.0223,0,0.1707,0.9852,0.0144,0,-0.0245,-0.0103,0.9996,0,4.5704,10.946,-2.628,1]},
{"frame":20,"values":[0.9848,-0.173,0.0161,0,0.1728,0.9849,0.0134,0,-0.0182,-0.0104,0.9998,0,4.5704,10.946,-2.628,1]},
{"frame":21,"values":[0.9841,-0.1773,0.0116,0,0.1772,0.9841,0.0127,0,-0.0136,-0.0105,0.9999,0,4.5704,10.946,-2.628,1]},
{"frame":22,"values":[0.9832,-0.1823,0.0085,0,0.1822,0.9832,0.0124,0,-0.0107,-0.0106,0.9999,0,4.5704,10.946,-2.628,1]},
{"frame":23,"values":[0.9824,-0.1868,0.0073,0,0.1867,0.9823,0.0123,0,-0.0094,-0.0107,0.9999,0,4.5704,10.946,-2.628,1]},
{"frame":24,"values":[0.9817,-0.1901,0.0089,0,0.19,0.9817,0.0127,0,-0.0112,-0.0108,0.9999,0,4.5704,10.946,-2.628,1]},
{"frame":25,"values":[0.9814,-0.1917,0.0142,0,0.1915,0.9814,0.0137,0,-0.0166,-0.0107,0.9998,0,4.5704,10.946,-2.628,1]},
{"frame":26,"values":[0.9814,-0.1909,0.0216,0,0.1906,0.9816,0.015,0,-0.0241,-0.0106,0.9997,0,4.5704,10.946,-2.628,1]},
{"frame":27,"values":[0.9818,-0.1881,0.0276,0,0.1878,0.9821,0.016,0,-0.0301,-0.0105,0.9995,0,4.5704,10.946,-2.628,1]},
{"frame":28,"values":[0.9824,-0.1847,0.0298,0,0.1842,0.9827,0.0163,0,-0.0323,-0.0105,0.9994,0,4.5704,10.946,-2.628,1]},
{"frame":29,"values":[0.983,-0.1812,0.0287,0,0.1808,0.9834,0.0159,0,-0.0311,-0.0104,0.9995,0,4.5704,10.946,-2.628,1]},
{"frame":30,"values":[0.9837,-0.1778,0.0262,0,0.1774,0.984,0.0153,0,-0.0285,-0.0104,0.9995,0,4.5704,10.946,-2.628,1]}],"loopBehavior":1,"name":"anim","property":"_matrix"}},
{"name":"mixamorig:LeftArm","index":10,"matrix":[0.3078,-0.9444,-0.1153,0,0.8902,0.2431,0.3852,0,-0.3358,-0.2212,0.9156,0,10.5924,-0.5246,-2.2321,1],"rest":[1,0,0,0,0,1,0,0,0,0,1,0,10.5924,-0.5246,-2.2321,1],"parentBoneIndex":9,"length":27.8415
,"animation":{"dataType":3,"framePerSecond":30,"keys":[
{"frame":1,"values":[0.3078,-0.9444,-0.1153,0,0.8902,0.2431,0.3852,0,-0.3358,-0.2212,0.9156,0,10.5924,-0.5246,-2.2321,1]},
{"frame":2,"values":[0.2931,-0.9364,-0.1927,0,0.8986,0.201,0.39,0,-0.3264,-0.2875,0.9004,0,10.5924,-0.5246,-2.2321,1]},
{"frame":3,"values":[0.2727,-0.9267,-0.2585,0,0.9054,0.1562,0.3948,0,-0.3255,-0.3417,0.8817,0,10.5924,-0.5246,-2.2321,1]},
{"frame":4,"values":[0.253,-0.9194,-0.3012,0,0.9094,0.1198,0.3984,0,-0.3302,-0.3747,0.8663,0,10.5924,-0.5246,-2.2321,1]},
{"frame":5,"values":[0.2423,-0.9188,-0.3116,0,0.9099,0.1037,0.4016,0,-0.3367,-0.3809,0.8612,0,10.5924,-0.5246,-2.2321,1]},
{"frame":6,"values":[0.2448,-0.9259,-0.2877,0,0.9064,0.1132,0.4069,0,-0.3442,-0.3604,0.867,0,10.5924,-0.5246,-2.2321,1]},
{"frame":7,"values":[0.2607,-0.9364,-0.2349,0,0.8975,0.1454,0.4165,0,-0.3558,-0.3194,0.8783,0,10.5924,-0.5246,-2.2321,1]},
{"frame":8,"values":[0.2865,-0.9439,-0.1642,0,0.8822,0.193,0.4296,0,-0.3738,-0.2679,0.888,0,10.5924,-0.5246,-2.2321,1]},
{"frame":9,"values":[0.3189,-0.9439,-0.0853,0,0.8603,0.2505,0.444,0,-0.3978,-0.215,0.8919,0,10.5924,-0.5246,-2.2321,1]},
{"frame":10,"values":[0.3546,-0.935,-0.0025,0,0.8322,0.3144,0.4568,0,-0.4263,-0.1641,0.8896,0,10.5924,-0.5246,-2.2321,1]},
{"frame":11,"values":[0.3881,-0.9181,0.0802,0,0.7998,0.3788,0.4656,0,-0.4578,-0.1165,0.8814,0,10.5924,-0.5246,-2.2321,1]},
{"frame":12,"values":[0.4154,-0.8961,0.1562,0,0.7667,0.4373,0.4701,0,-0.4896,-0.0756,0.8687,0,10.5924,-0.5246,-2.2321,1]},
{"frame":13,"values":[0.4358,-0.8726,0.2207,0,0.7354,0.4866,0.4716,0,-0.5189,-0.0433,0.8537,0,10.5924,-0.5246,-2.2321,1]},
{"frame":14,"values":[0.4504,-0.8499,0.2735,0,0.7071,0.5266,0.4719,0,-0.5451,-0.0191,0.8381,0,10.5924,-0.5246,-2.2321,1]},
{"frame":15,"values":[0.4595,-0.8298,0.3167,0,0.6826,0.5581,0.4717,0,-0.5682,-0.0005,0.8229,0,10.5924,-0.5246,-2.2321,1]},
{"frame":16,"values":[0.4636,-0.8134,0.3514,0,0.6642,0.5815,0.4697,0,-0.5864,0.0156,0.8098,0,10.5924,-0.5246,-2.2321,1]},
{"frame":17,"values":[0.4638,-0.8023,0.3757,0,0.6554,0.5961,0.4639,0,-0.5962,0.0311,0.8023,0,10.5924,-0.5246,-2.2321,1]},
{"frame":18,"values":[0.4627,-0.7984,0.3854,0,0.6584,0.6006,0.4538,0,-0.5937,0.0438,0.8035,0,10.5924,-0.5246,-2.2321,1]},
{"frame":19,"values":[0.4622,-0.8023,0.3778,0,0.6719,0.5949,0.4412,0,-0.5787,0.0499,0.814,0,10.5924,-0.5246,-2.2321,1]},
{"frame":20,"values":[0.4615,-0.813,0.3549,0,0.6929,0.5802,0.4281,0,-0.554,0.0483,0.8311,0,10.5924,-0.5246,-2.2321,1]},
{"frame":21,"values":[0.457,-0.829,0.3224,0,0.72,0.5576,0.4132,0,-0.5223,0.0433,0.8516,0,10.5924,-0.5246,-2.2321,1]},
{"frame":22,"values":[0.4451,-0.8491,0.2845,0,0.7537,0.5268,0.393,0,-0.4835,0.0395,0.8744,0,10.5924,-0.5246,-2.2321,1]},
{"frame":23,"values":[0.4257,-0.8718,0.2424,0,0.7922,0.4885,0.3659,0,-0.4374,0.0362,0.8985,0,10.5924,-0.5246,-2.2321,1]},
{"frame":24,"values":[0.402,-0.8941,0.1975,0,0.8282,0.447,0.338,0,-0.3904,0.0277,0.9202,0,10.5924,-0.5246,-2.2321,1]},
{"frame":25,"values":[0.3785,-0.9126,0.1545,0,0.8542,0.4087,0.3215,0,-0.3565,0.0103,0.9342,0,10.5924,-0.5246,-2.2321,1]},
{"frame":26,"values":[0.3577,-0.9265,0.117,0,0.8675,0.376,0.3257,0,-0.3458,-0.015,0.9382,0,10.5924,-0.5246,-2.2321,1]},
{"frame":27,"values":[0.3407,-0.9367,0.081,0,0.8712,0.347,0.3474,0,-0.3535,-0.0478,0.9342,0,10.5924,-0.5246,-2.2321,1]},
{"frame":28,"values":[0.329,-0.9437,0.0355,0,0.872,0.318,0.3722,0,-0.3625,-0.0915,0.9275,0,10.5924,-0.5246,-2.2321,1]},
{"frame":29,"values":[0.3208,-0.9467,-0.0289,0,0.877,0.2853,0.3865,0,-0.3577,-0.1494,0.9218,0,10.5924,-0.5246,-2.2321,1]},
{"frame":30,"values":[0.3078,-0.9444,-0.1153,0,0.8902,0.2431,0.3852,0,-0.3358,-0.2212,0.9156,0,10.5924,-0.5246,-2.2321,1]}],"loopBehavior":1,"name":"anim","property":"_matrix"}},
{"name":"mixamorig:LeftForeArm","index":11,"matrix":[1,0,0,0,0,1,0,0,0,0,1,0,27.8415,-0.0001,0,1],"rest":[1,0,0,0,0,1,0,0,0,0,1,0,27.8415,-0.0001,0,1],"parentBoneIndex":10,"length":28.3288
,"animation":{"dataType":3,"framePerSecond":30,"keys":[
{"frame":1,"values":[1,0,0,0,0,1,0,0,0,0,1,0,27.8415,-0.0001,0,1]},
{"frame":2,"values":[1,0,0.0013,0,0,1,0,0,-0.0013,0,1,0,27.8415,-0.0001,0,1]},
{"frame":3,"values":[1,0,0.0053,0,0,1,0,0,-0.0053,0,1,0,27.8415,-0.0001,0,1]},
{"frame":4,"values":[1,0,0.007,0,0,1,0,0,-0.007,0,1,0,27.8415,-0.0001,0,1]},
{"frame":5,"values":[1,0,0.0046,0,0,1,0,0,-0.0046,0,1,0,27.8415,-0.0001,0,1]},
{"frame":6,"values":[1,0,0.0012,0,0,1,0,0,-0.0012,0,1,0,27.8415,-0.0001,0,1]},
{"frame":7,"values":[1,0,0,0,0,1,0,0,0,0,1,0,27.8415,-0.0001,0,1]},
{"frame":9,"values":[1,0,0.0032,0,0,1,0,0,-0.0032,0,1,0,27.8415,-0.0001,0,1]},
{"frame":10,"values":[0.9997,0,0.0255,0,0,1,0,0,-0.0255,0,0.9997,0,27.8415,-0.0001,0,1]},
{"frame":11,"values":[0.9981,0,0.0613,0,0,1,0,0,-0.0613,0,0.9981,0,27.8415,-0.0001,0,1]},
{"frame":12,"values":[0.9946,0,0.1036,0,0,1,0,0,-0.1036,0,0.9946,0,27.8415,-0.0001,0,1]},
{"frame":13,"values":[0.988,0,0.1547,0,0,1,0,0,-0.1547,0,0.988,0,27.8415,-0.0001,0,1]},
{"frame":14,"values":[0.9751,0,0.2219,0,0,1,0,0,-0.2219,0,0.9751,0,27.8415,-0.0001,0,1]},
{"frame":15,"values":[0.9524,0,0.3049,0,0,1,0,0,-0.3049,0,0.9524,0,27.8415,-0.0001,0,1]},
{"frame":16,"values":[0.9186,0,0.3951,0,0,1,0,0,-0.3951,0,0.9186,0,27.8415,-0.0001,0,1]},
{"frame":17,"values":[0.874,0,0.486,0,0,1,0,0,-0.486,0,0.874,0,27.8415,-0.0001,0,1]},
{"frame":18,"values":[0.818,0,0.5752,0,0,1,0,0,-0.5752,0,0.818,0,27.8415,-0.0001,0,1]},
{"frame":19,"values":[0.7516,0,0.6596,0,0,1,0,0,-0.6596,0,0.7516,0,27.8415,-0.0001,0,1]},
{"frame":20,"values":[0.6828,0,0.7306,0,0,1,0,0,-0.7306,0,0.6828,0,27.8415,-0.0001,0,1]},
{"frame":21,"values":[0.6297,0,0.7768,0,0,1,0,0,-0.7768,0,0.6297,0,27.8415,-0.0001,0,1]},
{"frame":22,"values":[0.6127,0,0.7903,0,0,1,0,0,-0.7903,0,0.6127,0,27.8415,-0.0001,0,1]},
{"frame":23,"values":[0.6413,0,0.7673,0,0,1,0,0,-0.7673,0,0.6413,0,27.8415,-0.0001,0,1]},
{"frame":24,"values":[0.7082,0,0.706,0,0,1,0,0,-0.706,0,0.7082,0,27.8415,-0.0001,0,1]},
{"frame":25,"values":[0.7966,0,0.6045,0,0,1,0,0,-0.6045,0,0.7966,0,27.8415,-0.0001,0,1]},
{"frame":26,"values":[0.8872,0,0.4614,0,0,1,0,0,-0.4614,0,0.8872,0,27.8415,-0.0001,0,1]},
{"frame":27,"values":[0.9577,0,0.2877,0,0,1,0,0,-0.2877,0,0.9577,0,27.8415,-0.0001,0,1]},
{"frame":28,"values":[0.9923,0,0.1236,0,0,1,0,0,-0.1236,0,0.9923,0,27.8415,-0.0001,0,1]},
{"frame":29,"values":[0.9998,0,0.0204,0,0,1,0,0,-0.0204,0,0.9998,0,27.8415,-0.0001,0,1]},
{"frame":30,"values":[1,0,0,0,0,1,0,0,0,0,1,0,27.8415,-0.0001,0,1]}],"loopBehavior":1,"name":"anim","property":"_matrix"}},
{"name":"mixamorig:LeftHand","index":12,"matrix":[0.969,0.1853,0.1631,0,-0.1022,0.9026,-0.4183,0,-0.2247,0.3886,0.8936,0,28.3288,0,0,1],"rest":[1,0,0,0,0,1,0,0,0,0,1,0,28.3288,0,0,1],"parentBoneIndex":11,"length":8.2279
,"animation":{"dataType":3,"framePerSecond":30,"keys":[
{"frame":1,"values":[0.969,0.1853,0.1631,0,-0.1022,0.9026,-0.4183,0,-0.2247,0.3886,0.8936,0,28.3288,0,0,1]},
{"frame":2,"values":[0.9606,0.2041,0.1889,0,-0.1123,0.9061,-0.4079,0,-0.2544,0.3706,0.8933,0,28.3288,0,0,1]},
{"frame":3,"values":[0.9508,0.2231,0.2148,0,-0.1162,0.8999,-0.4202,0,-0.2871,0.3746,0.8816,0,28.3288,0,0,1]},
{"frame":4,"values":[0.9482,0.219,0.2303,0,-0.0988,0.8919,-0.4414,0,-0.3021,0.3957,0.8673,0,28.3288,0,0,1]},
{"frame":5,"values":[0.956,0.1861,0.2267,0,-0.0633,0.8856,-0.4601,0,-0.2864,0.4255,0.8585,0,28.3288,0,0,1]},
{"frame":6,"values":[0.9675,0.1477,0.2053,0,-0.0324,0.8774,-0.4786,0,-0.2508,0.4564,0.8537,0,28.3288,0,0,1]},
{"frame":7,"values":[0.9736,0.1372,0.1826,0,-0.0261,0.8612,-0.5076,0,-0.2269,0.4894,0.842,0,28.3288,0,0,1]},
{"frame":8,"values":[0.9698,0.168,0.1768,0,-0.0444,0.8346,-0.549,0,-0.2398,0.5246,0.8169,0,28.3288,0,0,1]},
{"frame":9,"values":[0.9564,0.2234,0.188,0,-0.072,0.8046,-0.5894,0,-0.283,0.5501,0.7857,0,28.3288,0,0,1]},
{"frame":10,"values":[0.9399,0.2754,0.2016,0,-0.0988,0.785,-0.6116,0,-0.3267,0.5549,0.765,0,28.3288,0,0,1]},
{"frame":11,"values":[0.9277,0.3085,0.2103,0,-0.1231,0.7844,-0.6079,0,-0.3525,0.538,0.7657,0,28.3288,0,0,1]},
{"frame":12,"values":[0.9196,0.3269,0.2177,0,-0.1471,0.8006,-0.5809,0,-0.3642,0.5022,0.7843,0,28.3288,0,0,1]},
{"frame":13,"values":[0.9109,0.3459,0.225,0,-0.1776,0.8209,-0.5428,0,-0.3724,0.4545,0.8092,0,28.3288,0,0,1]},
{"frame":14,"values":[0.8973,0.3771,0.2296,0,-0.2185,0.8312,-0.5112,0,-0.3836,0.4085,0.8282,0,28.3288,0,0,1]},
