{"producer":{"name":"Blender","version":"2.79 (sub 0)","exporter_version":"5.6.4","file":"femaleturnright.babylon"},
"autoClear":true,"clearColor":[0.0509,0.0509,0.0509],"ambientColor":[0,0,0],"gravity":[0,-9.81,0],
"materials":[{"name":"femaleturnright.Beta_Joints_MAT","id":"femaleturnright.Beta_Joints_MAT","ambient":[0.3333,0.1245,0.101],"diffuse":[0.2667,0.0996,0.0808],"specular":[0.1496,0.1496,0.1496],"emissive":[0,0,0],"specularPower":11,"alpha":1,"backFaceCulling":true,"checkReadyOnlyOnce":false,"maxSimultaneousLights":4},
{"name":"femaleturnright.asdf1:Beta_HighLimbsGeoSG2","id":"femaleturnright.asdf1:Beta_HighLimbsGeoSG2","ambient":[0.837,0.3023,0.2637],"diffuse":[0.6696,0.2418,0.2109],"specular":[0.2436,0.2436,0.2436],"emissive":[0,0,0],"specularPower":19,"alpha":1,"backFaceCulling":true,"checkReadyOnlyOnce":false,"maxSimultaneousLights":4}],
"multiMaterials":[],
"skeletons":[{"name":"Armature","id":0,"dimensionsAtRest":[180.6984,191.5436,26.6004],"bones":[
{"name":"mixamorig:Hips","index":0,"matrix":[0.9953,-0.0936,0.026,0,0.0932,0.9955,0.0181,0,0.0275,0.0156,-0.9995,0,0.475,101.652,-1.5544,1],"rest":[1,0,0,0,0,1,0,0,0,0,-1,0,0,103.9915,-2.0761,1],"parentBoneIndex":-1,"length":10.5592
,"animation":{"dataType":3,"framePerSecond":30,"keys":[
{"frame":1,"values":[0.9953,-0.0936,0.026,0,0.0932,0.9955,0.0181,0,0.0275,0.0156,-0.9995,0,0.475,101.652,-1.5544,1]},
{"frame":2,"values":[0.9953,-0.0931,0.026,0,0.0926,0.9955,0.0181,0,0.0275,0.0156,-0.9995,0,1.787,101.4629,-0.958,1]},
{"frame":3,"values":[0.9953,-0.0928,0.026,0,0.0923,0.9956,0.0181,0,0.0275,0.0156,-0.9995,0,3.3185,101.2857,-0.3572,1]},
{"frame":4,"values":[0.9954,-0.0926,0.026,0,0.0922,0.9956,0.0181,0,0.0275,0.0156,-0.9995,0,5.0269,101.1205,0.1773,1]},
{"frame":5,"values":[0.9954,-0.0926,0.026,0,0.0921,0.9956,0.0181,0,0.0275,0.0156,-0.9995,0,6.7882,100.9754,0.5555,1]},
{"frame":6,"values":[0.9954,-0.0925,0.026,0,0.0921,0.9956,0.0181,0,0.0276,0.0156,-0.9995,0,8.4469,100.8583,0.7264,1]},
{"frame":7,"values":[0.9954,-0.0924,0.0261,0,0.092,0.9956,0.0181,0,0.0277,0.0156,-0.9995,0,9.874,100.7812,0.7165,1]},
{"frame":8,"values":[0.9954,-0.0923,0.0262,0,0.0918,0.9956,0.0181,0,0.0277,0.0156,-0.9995,0,10.9693,100.7479,0.6117,1]},
{"frame":9,"values":[0.9954,-0.0921,0.0262,0,0.0916,0.9956,0.018,0,0.0278,0.0156,-0.9995,0,11.6845,100.7566,0.4983,1]},
{"frame":10,"values":[0.9954,-0.0919,0.0263,0,0.0914,0.9957,0.018,0,0.0278,0.0156,-0.9995,0,12.0598,100.7968,0.4246,1]},
{"frame":11,"values":[0.9954,-0.0916,0.0263,0,0.0911,0.9957,0.018,0,0.0279,0.0156,-0.9995,0,12.2079,100.856,0.4077,1]},
{"frame":12,"values":[0.9955,-0.0913,0.0264,0,0.0908,0.9957,0.018,0,0.0279,0.0156,-0.9995,0,12.2336,100.9261,0.4502,1]},
{"frame":13,"values":[0.9955,-0.0909,0.0264,0,0.0905,0.9957,0.018,0,0.0279,0.0156,-0.9995,0,12.1694,101.0044,0.5404,1]},
{"frame":14,"values":[0.9955,-0.0905,0.0264,0,0.0901,0.9958,0.018,0,0.0279,0.0156,-0.9995,0,11.9954,101.0932,0.6507,1]},
{"frame":15,"values":[0.9956,-0.0901,0.0264,0,0.0896,0.9958,0.018,0,0.0279,0.0156,-0.9995,0,11.7055,101.1949,0.7497,1]},
{"frame":16,"values":[0.9956,-0.0896,0.0264,0,0.0892,0.9959,0.018,0,0.0279,0.0156,-0.9995,0,11.3263,101.3086,0.8105,1]},
{"frame":17,"values":[0.9957,-0.0891,0.0264,0,0.0887,0.9959,0.018,0,0.0279,0.0156,-0.9995,0,10.8914,101.4301,0.8114,1]},
{"frame":18,"values":[0.9957,-0.0886,0.0264,0,0.0882,0.9959,0.018,0,0.0279,0.0156,-0.9995,0,10.4297,101.5562,0.7389,1]},
{"frame":19,"values":[0.9958,-0.0882,0.0264,0,0.0878,0.996,0.0179,0,0.0279,0.0156,-0.9995,0,9.9787,101.6833,0.5958,1]},
{"frame":20,"values":[0.9958,-0.0879,0.0264,0,0.0874,0.996,0.0179,0,0.0278,0.0156,-0.9995,0,9.5778,101.8146,0.4057,1]},
{"frame":21,"values":[0.9958,-0.0877,0.0264,0,0.0872,0.996,0.0179,0,0.0278,0.0156,-0.9995,0,9.2342,101.9459,0.2059,1]},
{"frame":22,"values":[0.9958,-0.0877,0.0264,0,0.0872,0.996,0.0179,0,0.0278,0.0156,-0.9995,0,8.9083,102.0635,0.0294,1]},
{"frame":23,"values":[0.9957,-0.0886,0.0265,0,0.0882,0.9959,0.018,0,0.0279,0.0155,-0.9995,0,8.5619,102.1222,-0.1023,1]},
{"frame":24,"values":[0.9956,-0.0903,0.0266,0,0.0898,0.9958,0.018,0,0.0281,0.0155,-0.9995,0,8.1806,102.1204,-0.1924,1]},
{"frame":25,"values":[0.9954,-0.0921,0.0267,0,0.0916,0.9956,0.0181,0,0.0282,0.0155,-0.9995,0,7.7288,102.0851,-0.2755,1]},
{"frame":26,"values":[0.9953,-0.0936,0.0267,0,0.0931,0.9955,0.0181,0,0.0283,0.0155,-0.9995,0,7.1239,102.0439,-0.4323,1]},
{"frame":27,"values":[0.9952,-0.0946,0.0267,0,0.0941,0.9954,0.0181,0,0.0283,0.0155,-0.9995,0,6.3314,102.0231,-0.7568,1]},
{"frame":28,"values":[0.9951,-0.095,0.0266,0,0.0945,0.9954,0.0181,0,0.0282,0.0155,-0.9995,0,5.4553,102.0274,-1.2594,1]},
{"frame":29,"values":[0.9951,-0.0952,0.0266,0,0.0947,0.9953,0.0181,0,0.0282,0.0155,-0.9995,0,4.6603,102.0417,-1.8133,1]},
{"frame":30,"values":[0.9951,-0.0954,0.0266,0,0.0949,0.9953,0.0181,0,0.0282,0.0155,-0.9995,0,4.0168,102.0386,-2.2387,1]},
{"frame":31,"values":[0.9951,-0.0956,0.0265,0,0.0951,0.9953,0.0181,0,0.0281,0.0155,-0.9995,0,3.4648,102.0059,-2.4509,1]},
{"frame":32,"values":[0.9951,-0.0956,0.0264,0,0.0952,0.9953,0.0181,0,0.028,0.0155,-0.9995,0,2.9065,101.9504,-2.5037,1]},
{"frame":33,"values":[0.9951,-0.0954,0.0262,0,0.0949,0.9953,0.0181,0,0.0278,0.0156,-0.9995,0,2.3006,101.8861,-2.4785,1]},
{"frame":34,"values":[0.9951,-0.0949,0.0261,0,0.0944,0.9954,0.0181,0,0.0277,0.0156,-0.9995,0,1.6746,101.819,-2.363,1]},
{"frame":35,"values":[0.9952,-0.0942,0.026,0,0.0938,0.9954,0.0181,0,0.0276,0.0156,-0.9995,0,1.0648,101.7438,-2.0766,1]},
{"frame":36,"values":[0.9953,-0.0936,0.026,0,0.0932,0.9955,0.0181,0,0.0275,0.0156,-0.9995,0,0.475,101.652,-1.5544,1]}],"loopBehavior":1,"name":"anim","property":"_matrix"}},
{"name":"mixamorig:Spine","index":1,"matrix":[0.9984,0.052,0.0221,0,-0.0524,0.9984,0.0215,0,-0.0209,-0.0226,0.9995,0,0,10.1816,0.1315,1],"rest":[1,0,0,0,0,1,0,0,0,0,1,0,0,10.1816,0.1315,1],"parentBoneIndex":0,"length":10.133
,"animation":{"dataType":3,"framePerSecond":30,"keys":[
{"frame":1,"values":[0.9984,0.052,0.0221,0,-0.0524,0.9984,0.0215,0,-0.0209,-0.0226,0.9995,0,0,10.1816,0.1315,1]},
{"frame":2,"values":[0.9983,0.0509,0.0297,0,-0.0515,0.9985,0.0198,0,-0.0286,-0.0212,0.9994,0,0,10.1816,0.1315,1]},
{"frame":3,"values":[0.998,0.0503,0.0373,0,-0.051,0.9985,0.0182,0,-0.0363,-0.02,0.9991,0,0,10.1816,0.1315,1]},
{"frame":4,"values":[0.9977,0.05,0.045,0,-0.0508,0.9986,0.017,0,-0.0441,-0.0193,0.9988,0,0,10.1816,0.1315,1]},
{"frame":5,"values":[0.9973,0.0505,0.0532,0,-0.0515,0.9985,0.0167,0,-0.0523,-0.0194,0.9984,0,0,10.1816,0.1315,1]},
{"frame":6,"values":[0.9967,0.0518,0.0624,0,-0.053,0.9984,0.0172,0,-0.0614,-0.0205,0.9979,0,0,10.1816,0.1315,1]},
{"frame":7,"values":[0.9959,0.0539,0.0728,0,-0.0554,0.9983,0.0187,0,-0.0717,-0.0226,0.9972,0,0,10.1816,0.1315,1]},
{"frame":8,"values":[0.9948,0.0567,0.0843,0,-0.0586,0.9981,0.0207,0,-0.083,-0.0255,0.9962,0,0,10.1816,0.1315,1]},
{"frame":9,"values":[0.9936,0.0598,0.0962,0,-0.0623,0.9978,0.0231,0,-0.0946,-0.029,0.9951,0,0,10.1816,0.1315,1]},
{"frame":10,"values":[0.9923,0.0627,0.1072,0,-0.0658,0.9975,0.0256,0,-0.1053,-0.0325,0.9939,0,0,10.1816,0.1315,1]},
{"frame":11,"values":[0.9911,0.0646,0.1161,0,-0.0683,0.9973,0.0278,0,-0.114,-0.0355,0.9929,0,0,10.1816,0.1315,1]},
{"frame":12,"values":[0.9905,0.0648,0.1216,0,-0.0688,0.9972,0.0293,0,-0.1194,-0.0374,0.9921,0,0,10.1816,0.1315,1]},
{"frame":13,"values":[0.9904,0.0627,0.1231,0,-0.0669,0.9973,0.0298,0,-0.1209,-0.0378,0.9919,0,0,10.1816,0.1315,1]},
{"frame":14,"values":[0.991,0.0587,0.1206,0,-0.0626,0.9976,0.0293,0,-0.1186,-0.0366,0.9923,0,0,10.1816,0.1315,1]},
{"frame":15,"values":[0.992,0.0535,0.1147,0,-0.0571,0.998,0.0281,0,-0.113,-0.0344,0.993,0,0,10.1816,0.1315,1]},
{"frame":16,"values":[0.9931,0.0485,0.1066,0,-0.0516,0.9983,0.0266,0,-0.1051,-0.0319,0.9939,0,0,10.1816,0.1315,1]},
{"frame":17,"values":[0.9942,0.0447,0.0973,0,-0.0474,0.9986,0.0255,0,-0.096,-0.03,0.9949,0,0,10.1816,0.1315,1]},
{"frame":18,"values":[0.9953,0.0426,0.0873,0,-0.0449,0.9987,0.0252,0,-0.0861,-0.029,0.9959,0,0,10.1816,0.1315,1]},
{"frame":19,"values":[0.9962,0.0418,0.0764,0,-0.0439,0.9987,0.0256,0,-0.0752,-0.0288,0.9968,0,0,10.1816,0.1315,1]},
{"frame":20,"values":[0.9971,0.0415,0.0639,0,-0.0433,0.9987,0.0265,0,-0.0627,-0.0292,0.9976,0,0,10.1816,0.1315,1]},
{"frame":21,"values":[0.9979,0.041,0.0498,0,-0.0424,0.9987,0.0276,0,-0.0486,-0.0296,0.9984,0,0,10.1816,0.1315,1]},
{"frame":22,"values":[0.9986,0.0402,0.0347,0,-0.0412,0.9987,0.0284,0,-0.0335,-0.0298,0.999,0,0,10.1816,0.1315,1]},
{"frame":23,"values":[0.999,0.0402,0.0198,0,-0.0407,0.9988,0.0287,0,-0.0186,-0.0294,0.9994,0,0,10.1816,0.1315,1]},
{"frame":24,"values":[0.9991,0.0411,0.0066,0,-0.0413,0.9987,0.0284,0,-0.0054,-0.0286,0.9996,0,0,10.1816,0.1315,1]},
{"frame":25,"values":[0.9991,0.0429,-0.0042,0,-0.0427,0.9987,0.0276,0,0.0054,-0.0274,0.9996,0,0,10.1816,0.1315,1]},
{"frame":26,"values":[0.9989,0.045,-0.0121,0,-0.0447,0.9986,0.0269,0,0.0133,-0.0263,0.9996,0,0,10.1816,0.1315,1]},
{"frame":27,"values":[0.9987,0.047,-0.0173,0,-0.0465,0.9986,0.0265,0,0.0185,-0.0256,0.9995,0,0,10.1816,0.1315,1]},
{"frame":28,"values":[0.9986,0.0488,-0.0197,0,-0.0483,0.9985,0.0266,0,0.021,-0.0256,0.9995,0,0,10.1816,0.1315,1]},
{"frame":29,"values":[0.9985,0.0505,-0.0196,0,-0.05,0.9984,0.0272,0,0.0209,-0.0262,0.9994,0,0,10.1816,0.1315,1]},
{"frame":30,"values":[0.9985,0.0523,-0.017,0,-0.0518,0.9983,0.0279,0,0.0184,-0.027,0.9995,0,0,10.1816,0.1315,1]},
{"frame":31,"values":[0.9985,0.0539,-0.0124,0,-0.0535,0.9982,0.0281,0,0.0139,-0.0274,0.9995,0,0,10.1816,0.1315,1]},
{"frame":32,"values":[0.9985,0.0548,-0.0065,0,-0.0546,0.9981,0.0276,0,0.008,-0.0272,0.9996,0,0,10.1816,0.1315,1]},
{"frame":33,"values":[0.9985,0.0549,0.0002,0,-0.0549,0.9981,0.0265,0,0.0012,-0.0265,0.9996,0,0,10.1816,0.1315,1]},
{"frame":34,"values":[0.9985,0.0542,0.0073,0,-0.0544,0.9982,0.025,0,-0.006,-0.0254,0.9997,0,0,10.1816,0.1315,1]},
{"frame":35,"values":[0.9985,0.0531,0.0146,0,-0.0534,0.9983,0.0233,0,-0.0134,-0.024,0.9996,0,0,10.1816,0.1315,1]},
{"frame":36,"values":[0.9984,0.052,0.0221,0,-0.0524,0.9984,0.0215,0,-0.0209,-0.0226,0.9995,0,0,10.1816,0.1315,1]}],"loopBehavior":1,"name":"anim","property":"_matrix"}},
{"name":"mixamorig:Spine1","index":2,"matrix":[0.9946,0.1036,-0.0033,0,-0.1036,0.9945,0.0131,0,0.0046,-0.0127,0.9999,0,0,10.0834,-1.0008,1],"rest":[1,0,0,0,0,1,0,0,0,0,1,0,0,10.0835,-1.0008,1],"parentBoneIndex":1,"length":9.2031
,"animation":{"dataType":3,"framePerSecond":30,"keys":[
{"frame":1,"values":[0.9946,0.1036,-0.0033,0,-0.1036,0.9945,0.0131,0,0.0046,-0.0127,0.9999,0,0,10.0834,-1.0008,1]},
{"frame":2,"values":[0.9944,0.1055,0.0048,0,-0.1056,0.9943,0.012,0,-0.0035,-0.0124,0.9999,0,0,10.0834,-1.0008,1]},
{"frame":3,"values":[0.9941,0.1074,0.0131,0,-0.1075,0.9941,0.0108,0,-0.0118,-0.0122,0.9999,0,0,10.0835,-1.0008,1]},
{"frame":4,"values":[0.9938,0.1091,0.0223,0,-0.1093,0.994,0.0098,0,-0.0211,-0.0122,0.9997,0,0,10.0835,-1.0008,1]},
{"frame":5,"values":[0.9933,0.1105,0.0334,0,-0.1108,0.9938,0.0089,0,-0.0322,-0.0126,0.9994,0,0,10.0834,-1.0008,1]},
{"frame":6,"values":[0.9927,0.1113,0.0468,0,-0.1118,0.9937,0.0083,0,-0.0455,-0.0135,0.9989,0,0,10.0835,-1.0008,1]},
{"frame":7,"values":[0.9918,0.1114,0.0622,0,-0.1121,0.9937,0.0081,0,-0.0609,-0.015,0.998,0,0,10.0835,-1.0008,1]},
{"frame":8,"values":[0.9907,0.1106,0.0788,0,-0.1115,0.9937,0.0081,0,-0.0774,-0.0168,0.9969,0,0,10.0835,-1.0008,1]},
{"frame":9,"values":[0.9895,0.1088,0.0951,0,-0.1101,0.9939,0.0085,0,-0.0936,-0.0189,0.9954,0,0,10.0835,-1.0008,1]},
{"frame":10,"values":[0.9883,0.106,0.1098,0,-0.1077,0.9941,0.0093,0,-0.1082,-0.021,0.9939,0,0,10.0834,-1.0008,1]},
{"frame":11,"values":[0.9873,0.1021,0.1218,0,-0.1041,0.9945,0.0103,0,-0.1201,-0.0228,0.9925,0,0,10.0834,-1.0008,1]},
{"frame":12,"values":[0.9867,0.0971,0.1301,0,-0.0994,0.995,0.0113,0,-0.1283,-0.0241,0.9914,0,0,10.0835,-1.0008,1]},
{"frame":13,"values":[0.9868,0.0911,0.1338,0,-0.0936,0.9955,0.0123,0,-0.1321,-0.0247,0.9909,0,0,10.0834,-1.0008,1]},
{"frame":14,"values":[0.9876,0.0844,0.1326,0,-0.0869,0.9961,0.0132,0,-0.131,-0.0245,0.9911,0,0,10.0835,-1.0008,1]},
{"frame":15,"values":[0.9889,0.0781,0.1265,0,-0.0804,0.9967,0.0138,0,-0.125,-0.0238,0.9919,0,0,10.0834,-1.0008,1]},
{"frame":16,"values":[0.9905,0.0734,0.1163,0,-0.0755,0.997,0.0143,0,-0.1149,-0.0229,0.9931,0,0,10.0835,-1.0008,1]},
{"frame":17,"values":[0.9922,0.0716,0.1025,0,-0.0735,0.9972,0.0148,0,-0.1011,-0.0222,0.9946,0,0,10.0835,-1.0008,1]},
{"frame":18,"values":[0.9936,0.0736,0.0859,0,-0.0751,0.9971,0.0153,0,-0.0845,-0.0217,0.9962,0,0,10.0834,-1.0008,1]},
{"frame":19,"values":[0.9946,0.0789,0.0672,0,-0.0801,0.9967,0.0162,0,-0.0657,-0.0215,0.9976,0,0,10.0834,-1.0008,1]},
{"frame":20,"values":[0.9952,0.0864,0.0467,0,-0.0873,0.996,0.0173,0,-0.0451,-0.0213,0.9988,0,0,10.0835,-1.0008,1]},
{"frame":21,"values":[0.9952,0.0945,0.0255,0,-0.095,0.9953,0.0187,0,-0.0236,-0.021,0.9995,0,0,10.0835,-1.0008,1]},
{"frame":22,"values":[0.9948,0.1016,0.0046,0,-0.1017,0.9946,0.0199,0,-0.0026,-0.0203,0.9998,0,0,10.0835,-1.0008,1]},
{"frame":23,"values":[0.9942,0.107,-0.0146,0,-0.1066,0.9941,0.0209,0,0.0167,-0.0192,0.9997,0,0,10.0834,-1.0008,1]},
{"frame":24,"values":[0.9934,0.1101,-0.0308,0,-0.1095,0.9938,0.0213,0,0.033,-0.0178,0.9993,0,0,10.0835,-1.0008,1]},
{"frame":25,"values":[0.9928,0.1113,-0.0434,0,-0.1104,0.9937,0.0212,0,0.0455,-0.0163,0.9988,0,0,10.0835,-1.0008,1]},
{"frame":26,"values":[0.9925,0.1105,-0.052,0,-0.1095,0.9938,0.0207,0,0.0539,-0.0149,0.9984,0,0,10.0835,-1.0008,1]},
{"frame":27,"values":[0.9925,0.1081,-0.0565,0,-0.1071,0.994,0.0201,0,0.0584,-0.0139,0.9982,0,0,10.0835,-1.0008,1]},
{"frame":28,"values":[0.9929,0.1046,-0.0573,0,-0.1037,0.9944,0.0195,0,0.059,-0.0134,0.9982,0,0,10.0834,-1.0008,1]},
{"frame":29,"values":[0.9934,0.101,-0.0548,0,-0.1001,0.9948,0.0189,0,0.0564,-0.0133,0.9983,0,0,10.0834,-1.0008,1]},
{"frame":30,"values":[0.9939,0.0984,-0.0497,0,-0.0976,0.9951,0.0185,0,0.0512,-0.0135,0.9986,0,0,10.0834,-1.0008,1]},
{"frame":31,"values":[0.9943,0.0972,-0.0428,0,-0.0965,0.9952,0.0179,0,0.0443,-0.0137,0.9989,0,0,10.0834,-1.0008,1]},
{"frame":32,"values":[0.9946,0.0974,-0.035,0,-0.0969,0.9951,0.0172,0,0.0365,-0.0137,0.9992,0,0,10.0835,-1.0008,1]},
{"frame":33,"values":[0.9948,0.0986,-0.027,0,-0.0981,0.995,0.0163,0,0.0285,-0.0136,0.9995,0,0,10.0834,-1.0008,1]},
{"frame":34,"values":[0.9948,0.1001,-0.0191,0,-0.0998,0.9949,0.0153,0,0.0205,-0.0133,0.9997,0,0,10.0835,-1.0008,1]},
{"frame":35,"values":[0.9947,0.1018,-0.0112,0,-0.1017,0.9947,0.0142,0,0.0126,-0.013,0.9998,0,0,10.0835,-1.0008,1]},
{"frame":36,"values":[0.9946,0.1036,-0.0033,0,-0.1036,0.9945,0.0131,0,0.0046,-0.0127,0.9999,0,0,10.0834,-1.0008,1]}],"loopBehavior":1,"name":"anim","property":"_matrix"}},
{"name":"mixamorig:Spine2","index":3,"matrix":[0.9947,0.1021,-0.0123,0,-0.1019,0.9947,0.0137,0,0.0136,-0.0124,0.9998,0,0,9.1,-1.3734,1],"rest":[1,0,0,0,0,1,0,0,0,0,1,0,0,9.1,-1.3734,1],"parentBoneIndex":2,"length":13.7198
,"animation":{"dataType":3,"framePerSecond":30,"keys":[
{"frame":1,"values":[0.9947,0.1021,-0.0123,0,-0.1019,0.9947,0.0137,0,0.0136,-0.0124,0.9998,0,0,9.1,-1.3734,1]},
{"frame":2,"values":[0.9946,0.1041,-0.0042,0,-0.1041,0.9945,0.0132,0,0.0056,-0.0127,0.9999,0,0,9.1,-1.3734,1]},
{"frame":3,"values":[0.9943,0.1061,0.0041,0,-0.1062,0.9943,0.0127,0,-0.0027,-0.0131,0.9999,0,0,9.1,-1.3734,1]},
{"frame":4,"values":[0.9941,0.108,0.0134,0,-0.1081,0.9941,0.0123,0,-0.012,-0.0137,0.9998,0,0,9.1,-1.3734,1]},
{"frame":5,"values":[0.9937,0.1095,0.0245,0,-0.1098,0.9939,0.0121,0,-0.0231,-0.0147,0.9996,0,0,9.1,-1.3734,1]},
{"frame":6,"values":[0.9931,0.1105,0.038,0,-0.111,0.9937,0.012,0,-0.0364,-0.0162,0.9992,0,0,9.1,-1.3734,1]},
{"frame":7,"values":[0.9924,0.1108,0.0536,0,-0.1116,0.9937,0.0122,0,-0.0519,-0.0181,0.9985,0,0,9.1,-1.3734,1]},
{"frame":8,"values":[0.9914,0.1101,0.0703,0,-0.1113,0.9937,0.0127,0,-0.0685,-0.0204,0.9974,0,0,9.1,-1.3734,1]},
{"frame":9,"values":[0.9903,0.1084,0.0867,0,-0.11,0.9938,0.0134,0,-0.0847,-0.0228,0.9961,0,0,9.1,-1.3734,1]},
{"frame":10,"values":[0.9892,0.1057,0.1016,0,-0.1077,0.9941,0.0142,0,-0.0995,-0.025,0.9947,0,0,9.1,-1.3734,1]},
{"frame":11,"values":[0.9883,0.1019,0.1137,0,-0.1042,0.9944,0.0151,0,-0.1116,-0.0268,0.9934,0,0,9.1,-1.3734,1]},
{"frame":12,"values":[0.9878,0.0969,0.1221,0,-0.0995,0.9949,0.0158,0,-0.12,-0.0278,0.9924,0,0,9.1,-1.3734,1]},
{"frame":13,"values":[0.9879,0.0908,0.126,0,-0.0936,0.9955,0.0164,0,-0.1239,-0.028,0.9919,0,0,9.1,-1.3734,1]},
{"frame":14,"values":[0.9886,0.0841,0.1249,0,-0.0869,0.9961,0.0166,0,-0.123,-0.0272,0.992,0,0,9.1,-1.3734,1]},
{"frame":15,"values":[0.9899,0.0778,0.1189,0,-0.0803,0.9966,0.0165,0,-0.1173,-0.0259,0.9928,0,0,9.1,-1.3734,1]},
{"frame":16,"values":[0.9914,0.073,0.1087,0,-0.0752,0.997,0.0161,0,-0.1072,-0.0241,0.9939,0,0,9.1,-1.3734,1]},
{"frame":17,"values":[0.9929,0.0712,0.0948,0,-0.073,0.9972,0.0156,0,-0.0935,-0.0225,0.9954,0,0,9.1,-1.3734,1]},
{"frame":18,"values":[0.9943,0.073,0.0781,0,-0.0744,0.9971,0.0153,0,-0.0768,-0.021,0.9968,0,0,9.1,-1.3734,1]},
{"frame":19,"values":[0.9952,0.0782,0.0591,0,-0.0792,0.9967,0.0151,0,-0.0577,-0.0197,0.9981,0,0,9.1,-1.3734,1]},
{"frame":20,"values":[0.9956,0.0854,0.0384,0,-0.0861,0.9962,0.0153,0,-0.0369,-0.0185,0.9991,0,0,9.1,-1.3734,1]},
{"frame":21,"values":[0.9955,0.0933,0.0168,0,-0.0935,0.9955,0.0157,0,-0.0153,-0.0172,0.9997,0,0,9.1,-1.3734,1]},
{"frame":22,"values":[0.995,0.1001,-0.0044,0,-0.1,0.9949,0.0162,0,0.006,-0.0157,0.9999,0,0,9.1,-1.3734,1]},
{"frame":23,"values":[0.9942,0.1051,-0.0239,0,-0.1047,0.9944,0.0166,0,0.0255,-0.014,0.9996,0,0,9.1,-1.3734,1]},
{"frame":24,"values":[0.9933,0.108,-0.0403,0,-0.1074,0.9941,0.0167,0,0.0419,-0.0123,0.999,0,0,9.1,-1.3734,1]},
{"frame":25,"values":[0.9926,0.1089,-0.053,0,-0.1082,0.994,0.0166,0,0.0545,-0.0107,0.9985,0,0,9.1,-1.3734,1]},
{"frame":26,"values":[0.9922,0.108,-0.0615,0,-0.1072,0.9941,0.0162,0,0.0629,-0.0095,0.998,0,0,9.1,-1.3734,1]},
{"frame":27,"values":[0.9922,0.1055,-0.066,0,-0.1047,0.9944,0.0157,0,0.0673,-0.0087,0.9977,0,0,9.1,-1.3734,1]},
{"frame":28,"values":[0.9925,0.1021,-0.0667,0,-0.1013,0.9947,0.0154,0,0.068,-0.0085,0.9977,0,0,9.1,-1.3734,1]},
{"frame":29,"values":[0.9931,0.0986,-0.0641,0,-0.0978,0.9951,0.0151,0,0.0653,-0.0088,0.9978,0,0,9.1,-1.3734,1]},
{"frame":30,"values":[0.9936,0.096,-0.0589,0,-0.0953,0.9953,0.0151,0,0.0601,-0.0094,0.9981,0,0,9.1,-1.3734,1]},
{"frame":31,"values":[0.9941,0.0949,-0.0519,0,-0.0943,0.9954,0.0152,0,0.0531,-0.0102,0.9985,0,0,9.1,-1.3734,1]},
{"frame":32,"values":[0.9945,0.0953,-0.0442,0,-0.0948,0.9954,0.0151,0,0.0454,-0.0109,0.9989,0,0,9.1,-1.3734,1]},
{"frame":33,"values":[0.9947,0.0966,-0.0361,0,-0.0962,0.9953,0.0149,0,0.0374,-0.0114,0.9992,0,0,9.1,-1.3734,1]},
{"frame":34,"values":[0.9948,0.0984,-0.0282,0,-0.098,0.9951,0.0146,0,0.0295,-0.0118,0.9995,0,0,9.1,-1.3734,1]},
{"frame":35,"values":[0.9948,0.1002,-0.0202,0,-0.0999,0.9949,0.0142,0,0.0216,-0.0121,0.9997,0,0,9.1,-1.3734,1]},
{"frame":36,"values":[0.9947,0.1021,-0.0123,0,-0.1019,0.9947,0.0137,0,0.0136,-0.0124,0.9998,0,0,9.1,-1.3734,1]}],"loopBehavior":1,"name":"anim","property":"_matrix"}},
{"name":"mixamorig:Neck","index":4,"matrix":[0.9993,-0.0379,0.0046,0,0.0378,0.9991,0.0184,0,-0.0053,-0.0182,0.9998,0,0,16.6717,-2.5162,1],"rest":[1,0,0,0,0,1,0,0,0,0,1,0,0,16.6717,-2.5162,1],"parentBoneIndex":3,"length":9.7644
,"animation":{"dataType":3,"framePerSecond":30,"keys":[
{"frame":1,"values":[0.9993,-0.0379,0.0046,0,0.0378,0.9991,0.0184,0,-0.0053,-0.0182,0.9998,0,0,16.6717,-2.5162,1]},
{"frame":2,"values":[0.9993,-0.0356,-0.0091,0,0.0357,0.9993,0.0132,0,0.0087,-0.0135,0.9999,0,0,16.6717,-2.5162,1]},
{"frame":3,"values":[0.9992,-0.033,-0.0215,0,0.0331,0.9994,0.0082,0,0.0212,-0.0089,0.9997,0,0,16.6717,-2.5162,1]},
{"frame":4,"values":[0.9991,-0.0295,-0.0299,0,0.0296,0.9996,0.0039,0,0.0298,-0.0048,0.9995,0,0,16.6717,-2.5162,1]},
{"frame":5,"values":[0.9992,-0.0245,-0.0319,0,0.0246,0.9997,0.0006,0,0.0318,-0.0014,0.9995,0,0,16.6717,-2.5162,1]},
{"frame":6,"values":[0.9995,-0.0179,-0.0267,0,0.0179,0.9998,-0.0017,0,0.0268,0.0012,0.9996,0,0,16.6717,-2.5162,1]},
{"frame":7,"values":[0.9998,-0.01,-0.0164,0,0.0099,0.9999,-0.0031,0,0.0165,0.003,0.9999,0,0,16.6716,-2.5162,1]},
{"frame":8,"values":[1,-0.0015,-0.0043,0,0.0015,1,-0.0042,0,0.0043,0.0042,1,0,0,16.6717,-2.5162,1]},
{"frame":9,"values":[0.9999,0.0069,0.0073,0,-0.0069,1,-0.005,0,-0.0073,0.005,1,0,0,16.6717,-2.5162,1]},
{"frame":10,"values":[0.9997,0.0148,0.0179,0,-0.0147,0.9999,-0.0055,0,-0.018,0.0053,0.9998,0,0,16.6717,-2.5162,1]},
{"frame":11,"values":[0.9993,0.0218,0.0287,0,-0.0217,0.9997,-0.0056,0,-0.0288,0.005,0.9996,0,0,16.6717,-2.5162,1]},
{"frame":12,"values":[0.9988,0.0277,0.0409,0,-0.0276,0.9996,-0.0049,0,-0.041,0.0038,0.9992,0,0,16.6717,-2.5162,1]},
{"frame":13,"values":[0.998,0.0323,0.054,0,-0.0322,0.9995,-0.0035,0,-0.0541,0.0018,0.9985,0,0,16.6717,-2.5162,1]},
{"frame":14,"values":[0.9971,0.0353,0.0669,0,-0.0353,0.9994,-0.0015,0,-0.067,-0.0009,0.9978,0,0,16.6717,-2.5162,1]},
{"frame":15,"values":[0.9963,0.0364,0.0781,0,-0.0366,0.9993,0.0009,0,-0.078,-0.0037,0.9969,0,0,16.6717,-2.5162,1]},
{"frame":16,"values":[0.9956,0.0351,0.0867,0,-0.0355,0.9994,0.0034,0,-0.0865,-0.0064,0.9962,0,0,16.6717,-2.5162,1]},
{"frame":17,"values":[0.9952,0.0309,0.0928,0,-0.0316,0.9995,0.0062,0,-0.0925,-0.0091,0.9957,0,0,16.6717,-2.5162,1]},
{"frame":18,"values":[0.995,0.0237,0.0973,0,-0.0248,0.9996,0.0098,0,-0.097,-0.0122,0.9952,0,0,16.6717,-2.5162,1]},
{"frame":19,"values":[0.9947,0.0143,0.1015,0,-0.0159,0.9998,0.0147,0,-0.1013,-0.0162,0.9947,0,0,16.6717,-2.5162,1]},
{"frame":20,"values":[0.9943,0.0037,0.1067,0,-0.006,0.9998,0.0211,0,-0.1066,-0.0216,0.9941,0,0,16.6717,-2.5162,1]},
{"frame":21,"values":[0.9935,-0.0066,0.1132,0,0.0033,0.9996,0.029,0,-0.1134,-0.0284,0.9931,0,0,16.6717,-2.5162,1]},
{"frame":22,"values":[0.9926,-0.0157,0.1207,0,0.0112,0.9992,0.0378,0,-0.1212,-0.0361,0.992,0,0,16.6717,-2.5162,1]},
{"frame":23,"values":[0.9915,-0.0236,0.1279,0,0.0178,0.9988,0.0466,0,-0.1288,-0.0439,0.9907,0,0,16.6717,-2.5162,1]},
{"frame":24,"values":[0.9906,-0.0306,0.1332,0,0.0236,0.9982,0.0544,0,-0.1346,-0.0507,0.9896,0,0,16.6717,-2.5162,1]},
{"frame":25,"values":[0.9901,-0.0368,0.1353,0,0.0289,0.9978,0.0602,0,-0.1372,-0.0557,0.989,0,0,16.6717,-2.5162,1]},
{"frame":26,"values":[0.9902,-0.042,0.1334,0,0.0337,0.9974,0.0634,0,-0.1357,-0.0583,0.989,0,0,16.6717,-2.5162,1]},
{"frame":27,"values":[0.9908,-0.0455,0.1272,0,0.0376,0.9973,0.0638,0,-0.1298,-0.0584,0.9898,0,0,16.6717,-2.5162,1]},
{"frame":28,"values":[0.992,-0.0474,0.1173,0,0.0404,0.9973,0.0615,0,-0.1199,-0.0563,0.9912,0,0,16.6716,-2.5162,1]},
{"frame":29,"values":[0.9934,-0.048,0.1045,0,0.0422,0.9975,0.0573,0,-0.107,-0.0525,0.9929,0,0,16.6716,-2.5162,1]},
{"frame":30,"values":[0.9948,-0.0479,0.0901,0,0.0433,0.9977,0.052,0,-0.0924,-0.0478,0.9946,0,0,16.6717,-2.5162,1]},
{"frame":31,"values":[0.996,-0.0473,0.0754,0,0.0439,0.998,0.0462,0,-0.0774,-0.0427,0.9961,0,0,16.6717,-2.5162,1]},
{"frame":32,"values":[0.9971,-0.0462,0.0609,0,0.0438,0.9982,0.0405,0,-0.0627,-0.0377,0.9973,0,0,16.6717,-2.5162,1]},
{"frame":33,"values":[0.9979,-0.0446,0.0467,0,0.043,0.9985,0.0348,0,-0.0482,-0.0327,0.9983,0,0,16.6716,-2.5162,1]},
{"frame":34,"values":[0.9986,-0.0425,0.0327,0,0.0415,0.9987,0.0293,0,-0.0339,-0.0279,0.999,0,0,16.6717,-2.5162,1]},
{"frame":35,"values":[0.999,-0.0402,0.0187,0,0.0397,0.9989,0.0238,0,-0.0196,-0.0231,0.9995,0,0,16.6717,-2.5162,1]},
{"frame":36,"values":[0.9993,-0.0379,0.0046,0,0.0378,0.9991,0.0184,0,-0.0053,-0.0182,0.9998,0,0,16.6717,-2.5162,1]}],"loopBehavior":1,"name":"anim","property":"_matrix"}},
{"name":"mixamorig:Head","index":5,"matrix":[0.9899,-0.1413,-0.0133,0,0.1416,0.9896,0.026,0,0.0095,-0.0277,0.9996,0,0,9.6179,1.685,1],"rest":[1,0,0,0,0,1,0,0,0,0,1,0,0,9.6179,1.685,1],"parentBoneIndex":4,"length":13.7945
,"animation":{"dataType":3,"framePerSecond":30,"keys":[
{"frame":1,"values":[0.9899,-0.1413,-0.0133,0,0.1416,0.9896,0.026,0,0.0095,-0.0277,0.9996,0,0,9.6179,1.685,1]},
{"frame":2,"values":[0.9883,-0.1459,-0.0434,0,0.1468,0.989,0.0179,0,0.0403,-0.0241,0.9989,0,0,9.6179,1.685,1]},
{"frame":3,"values":[0.9862,-0.15,-0.0707,0,0.151,0.9885,0.0094,0,0.0684,-0.0199,0.9975,0,0,9.6179,1.685,1]},
{"frame":4,"values":[0.9841,-0.1527,-0.0911,0,0.1534,0.9882,0.0002,0,0.09,-0.0142,0.9958,0,0,9.6179,1.685,1]},
{"frame":5,"values":[0.983,-0.1534,-0.1008,0,0.1532,0.9881,-0.0094,0,0.101,-0.0062,0.9949,0,0,9.6179,1.685,1]},
{"frame":6,"values":[0.9834,-0.152,-0.0994,0,0.1508,0.9884,-0.0195,0,0.1012,0.0042,0.9949,0,0,9.6179,1.685,1]},
{"frame":7,"values":[0.9846,-0.1492,-0.091,0,0.147,0.9887,-0.0302,0,0.0945,0.0164,0.9954,0,0,9.6179,1.685,1]},
{"frame":8,"values":[0.9859,-0.1459,-0.0815,0,0.1429,0.9889,-0.0417,0,0.0867,0.0295,0.9958,0,0,9.6179,1.685,1]},
{"frame":9,"values":[0.987,-0.1424,-0.0745,0,0.1385,0.9889,-0.0545,0,0.0814,0.0435,0.9957,0,0,9.6179,1.685,1]},
{"frame":10,"values":[0.9881,-0.1379,-0.0686,0,0.1332,0.9887,-0.0683,0,0.0772,0.0583,0.9953,0,0,9.6179,1.685,1]},
{"frame":11,"values":[0.9896,-0.1312,-0.0592,0,0.1261,0.9886,-0.0819,0,0.0692,0.0736,0.9949,0,0,9.6179,1.685,1]},
{"frame":12,"values":[0.9918,-0.1207,-0.0416,0,0.1164,0.9888,-0.0932,0,0.0524,0.0876,0.9948,0,0,9.6179,1.685,1]},
{"frame":13,"values":[0.9944,-0.1053,-0.0138,0,0.1034,0.9896,-0.0997,0,0.0241,0.0978,0.9949,0,0,9.6179,1.685,1]},
{"frame":14,"values":[0.9961,-0.0849,0.0234,0,0.0868,0.9912,-0.1002,0,-0.0147,0.1018,0.9947,0,0,9.6179,1.685,1]},
{"frame":15,"values":[0.9959,-0.0611,0.0672,0,0.0673,0.9932,-0.0951,0,-0.0609,0.0992,0.9932,0,0,9.6179,1.685,1]},
{"frame":16,"values":[0.9928,-0.0364,0.1143,0,0.0465,0.9952,-0.0863,0,-0.1106,0.091,0.9897,0,0,9.6179,1.685,1]},
{"frame":17,"values":[0.9868,-0.0139,0.1615,0,0.0265,0.9967,-0.0763,0,-0.1599,0.0796,0.9839,0,0,9.6179,1.685,1]},
{"frame":18,"values":[0.9785,0.0043,0.206,0,0.0096,0.9977,-0.0665,0,-0.2058,0.067,0.9763,0,0,9.6179,1.685,1]},
{"frame":19,"values":[0.969,0.0174,0.2463,0,-0.0034,0.9984,-0.0572,0,-0.2469,0.0546,0.9675,0,0,9.6179,1.685,1]},
{"frame":20,"values":[0.9592,0.0252,0.2817,0,-0.0123,0.9988,-0.0476,0,-0.2826,0.0422,0.9583,0,0,9.6179,1.685,1]},
{"frame":21,"values":[0.9496,0.0281,0.3121,0,-0.0175,0.9992,-0.0366,0,-0.3129,0.0293,0.9493,0,0,9.6179,1.685,1]},
{"frame":22,"values":[0.9412,0.0257,0.3368,0,-0.0189,0.9995,-0.0233,0,-0.3373,0.0156,0.9413,0,0,9.6179,1.685,1]},
{"frame":23,"values":[0.9349,0.0175,0.3545,0,-0.0158,0.9998,-0.0077,0,-0.3545,0.0016,0.935,0,0,9.6179,1.685,1]},
{"frame":24,"values":[0.9317,0.0037,0.3631,0,-0.0075,0.9999,0.0091,0,-0.3631,-0.0112,0.9317,0,0,9.6179,1.685,1]},
{"frame":25,"values":[0.9325,-0.0143,0.361,0,0.0054,0.9997,0.0255,0,-0.3613,-0.0219,0.9322,0,0,9.6179,1.685,1]},
{"frame":26,"values":[0.9372,-0.0339,0.3471,0,0.0214,0.999,0.0397,0,-0.348,-0.0298,0.937,0,0,9.6179,1.685,1]},
{"frame":27,"values":[0.9455,-0.0527,0.3213,0,0.0385,0.998,0.0505,0,-0.3233,-0.0354,0.9456,0,0,9.6179,1.685,1]},
{"frame":28,"values":[0.9559,-0.0697,0.2854,0,0.0555,0.9968,0.0575,0,-0.2885,-0.0391,0.9567,0,0,9.6179,1.685,1]},
{"frame":29,"values":[0.9664,-0.0847,0.2428,0,0.0719,0.9955,0.0609,0,-0.2469,-0.0414,0.9682,0,0,9.6179,1.685,1]},
{"frame":30,"values":[0.9753,-0.098,0.198,0,0.0875,0.9943,0.0611,0,-0.2028,-0.0422,0.9783,0,0,9.6179,1.685,1]},
{"frame":31,"values":[0.9818,-0.1095,0.1551,0,0.1016,0.9931,0.0584,0,-0.1604,-0.0416,0.9862,0,0,9.6179,1.685,1]},
{"frame":32,"values":[0.9861,-0.119,0.1162,0,0.1134,0.9921,0.0537,0,-0.1217,-0.0397,0.9918,0,0,9.6179,1.685,1]},
{"frame":33,"values":[0.9887,-0.1262,0.0814,0,0.1226,0.9913,0.0477,0,-0.0867,-0.0371,0.9955,0,0,9.6179,1.685,1]},
{"frame":34,"values":[0.9901,-0.1318,0.049,0,0.1299,0.9907,0.0409,0,-0.0539,-0.0342,0.998,0,0,9.6179,1.685,1]},
{"frame":35,"values":[0.9905,-0.1366,0.0177,0,0.136,0.9901,0.0337,0,-0.0221,-0.031,0.9993,0,0,9.6179,1.685,1]},
{"frame":36,"values":[0.9899,-0.1413,-0.0133,0,0.1416,0.9896,0.026,0,0.0095,-0.0277,0.9996,0,0,9.6179,1.685,1]}],"loopBehavior":1,"name":"anim","property":"_matrix"}},
{"name":"mixamorig:HeadTop_End","index":6,"matrix":[1,0,0,0,0,1,0,0,0,0,1,0,0,17.8152,2.585,1],"rest":[1,0,0,0,0,1,0,0,0,0,1,0,0,17.8152,2.585,1],"parentBoneIndex":5,"length":13.7945
,"animation":{"dataType":3,"framePerSecond":30,"keys":[
{"frame":1,"values":[1,0,0,0,0,1,0,0,0,0,1,0,0,17.8152,2.585,1]},
{"frame":2,"values":[1,0,0,0,0,1,0,0,0,0,1,0,0,17.8151,2.585,1]},
{"frame":3,"values":[1,0,0,0,0,1,0,0,0,0,1,0,0,17.8152,2.585,1]},
{"frame":5,"values":[1,0,0,0,0,1,0,0,0,0,1,0,0,17.8151,2.585,1]},
{"frame":6,"values":[1,0,0,0,0,1,0,0,0,0,1,0,0,17.8152,2.585,1]},
{"frame":10,"values":[1,0,0,0,0,1,0,0,0,0,1,0,0,17.8151,2.585,1]},
{"frame":12,"values":[1,0,0,0,0,1,0,0,0,0,1,0,0,17.8152,2.585,1]},
{"frame":14,"values":[1,0,0,0,0,1,0,0,0,0,1,0,0,17.8151,2.585,1]},
{"frame":15,"values":[1,0,0,0,0,1,0,0,0,0,1,0,0,17.8152,2.585,1]},
{"frame":16,"values":[1,0,0,0,0,1,0,0,0,0,1,0,0,17.8151,2.585,1]},
{"frame":17,"values":[1,0,0,0,0,1,0,0,0,0,1,0,0,17.8152,2.585,1]},
{"frame":19,"values":[1,0,0,0,0,1,0,0,0,0,1,0,0,17.8151,2.585,1]},
{"frame":20,"values":[1,0,0,0,0,1,0,0,0,0,1,0,0,17.8152,2.585,1]},
{"frame":22,"values":[1,0,0,0,0,1,0,0,0,0,1,0,0,17.8151,2.585,1]},
{"frame":23,"values":[1,0,0,0,0,1,0,0,0,0,1,0,0,17.8152,2.585,1]},
{"frame":31,"values":[1,0,0,0,0,1,0,0,0,0,1,0,0,17.8151,2.585,1]},
{"frame":33,"values":[1,0,0,0,0,1,0,0,0,0,1,0,0,17.8152,2.585,1]},
{"frame":36,"values":[1,0,0,0,0,1,0,0,0,0,1,0,0,17.8152,2.585,1]}],"loopBehavior":1,"name":"anim","property":"_matrix"}},
{"name":"mixamorig:LeftEye","index":7,"matrix":[1,0,0,0,0,1,0,0,0,0,1,0,3.0676,6.4095,9.2836,1],"rest":[1,0,0,0,0,1,0,0,0,0,1,0,3.0676,6.4095,9.2836,1],"parentBoneIndex":5,"length":13.7945
,"animation":{"dataType":3,"framePerSecond":30,"keys":[
{"frame":1,"values":[1,0,0,0,0,1,0,0,0,0,1,0,3.0676,6.4095,9.2836,1]},
{"frame":36,"values":[1,0,0,0,0,1,0,0,0,0,1,0,3.0676,6.4095,9.2836,1]}],"loopBehavior":1,"name":"anim","property":"_matrix"}},
{"name":"mixamorig:RightEye","index":8,"matrix":[1,0,0,0,0,1,0,0,0,0,1,0,-3.0675,6.4095,9.2835,1],"rest":[1,0,0,0,0,1,0,0,0,0,1,0,-3.0676,6.4095,9.2835,1],"parentBoneIndex":5,"length":13.7945
,"animation":{"dataType":3,"framePerSecond":30,"keys":[
{"frame":1,"values":[1,0,0,0,0,1,0,0,0,0,1,0,-3.0675,6.4095,9.2835,1]},
{"frame":2,"values":[1,0,0,0,0,1,0,0,0,0,1,0,-3.0676,6.4095,9.2835,1]},
{"frame":7,"values":[1,0,0,0,0,1,0,0,0,0,1,0,-3.0675,6.4095,9.2835,1]},
{"frame":8,"values":[1,0,0,0,0,1,0,0,0,0,1,0,-3.0676,6.4095,9.2835,1]},
{"frame":12,"values":[1,0,0,0,0,1,0,0,0,0,1,0,-3.0676,6.4095,9.2836,1]},
{"frame":13,"values":[1,0,0,0,0,1,0,0,0,0,1,0,-3.0676,6.4095,9.2835,1]},
{"frame":18,"values":[1,0,0,0,0,1,0,0,0,0,1,0,-3.0675,6.4095,9.2835,1]},
{"frame":19,"values":[1,0,0,0,0,1,0,0,0,0,1,0,-3.0676,6.4095,9.2835,1]},
{"frame":20,"values":[1,0,0,0,0,1,0,0,0,0,1,0,-3.0675,6.4095,9.2835,1]},
{"frame":23,"values":[1,0,0,0,0,1,0,0,0,0,1,0,-3.0675,6.4095,9.2836,1]},
{"frame":25,"values":[1,0,0,0,0,1,0,0,0,0,1,0,-3.0676,6.4095,9.2835,1]},
{"frame":27,"values":[1,0,0,0,0,1,0,0,0,0,1,0,-3.0676,6.4095,9.2836,1]},
{"frame":28,"values":[1,0,0,0,0,1,0,0,0,0,1,0,-3.0675,6.4095,9.2835,1]},
{"frame":29,"values":[1,0,0,0,0,1,0,0,0,0,1,0,-3.0676,6.4095,9.2835,1]},
{"frame":32,"values":[1,0,0,0,0,1,0,0,0,0,1,0,-3.0676,6.4095,9.2836,1]},
{"frame":33,"values":[1,0,0,0,0,1,0,0,0,0,1,0,-3.0675,6.4095,9.2835,1]},
{"frame":34,"values":[1,0,0,0,0,1,0,0,0,0,1,0,-3.0676,6.4095,9.2835,1]},
{"frame":35,"values":[1,0,0,0,0,1,0,0,0,0,1,0,-3.0675,6.4095,9.2836,1]},
{"frame":36,"values":[1,0,0,0,0,1,0,0,0,0,1,0,-3.0676,6.4095,9.2836,1]}],"loopBehavior":1,"name":"anim","property":"_matrix"}},
{"name":"mixamorig:LeftShoulder","index":9,"matrix":[0.9675,-0.1026,0.231,0,0.0854,0.9929,0.0831,0,-0.2379,-0.0607,0.9694,0,4.5704,10.946,-2.628,1],"rest":[1,0,0,0,0,1,0,0,0,0,1,0,4.5704,10.946,-2.628,1],"parentBoneIndex":3,"length":10.8377
,"animation":{"dataType":3,"framePerSecond":30,"keys":[
{"frame":1,"values":[0.9675,-0.1026,0.231,0,0.0854,0.9929,0.0831,0,-0.2379,-0.0607,0.9694,0,4.5704,10.946,-2.628,1]},
{"frame":2,"values":[0.9671,-0.0992,0.2343,0,0.0818,0.9932,0.0828,0,-0.2409,-0.061,0.9686,0,4.5704,10.946,-2.628,1]},
{"frame":3,"values":[0.9666,-0.0957,0.2378,0,0.0781,0.9935,0.0826,0,-0.2442,-0.0612,0.9678,0,4.5705,10.946,-2.628,1]},
{"frame":4,"values":[0.966,-0.0925,0.2415,0,0.0746,0.9938,0.0823,0,-0.2476,-0.0615,0.9669,0,4.5704,10.946,-2.628,1]},
{"frame":5,"values":[0.9654,-0.0896,0.245,0,0.0714,0.9941,0.082,0,-0.2509,-0.0617,0.9661,0,4.5704,10.946,-2.628,1]},
{"frame":6,"values":[0.9649,-0.0869,0.2479,0,0.0685,0.9943,0.0817,0,-0.2536,-0.0619,0.9653,0,4.5704,10.946,-2.628,1]},
{"frame":7,"values":[0.9645,-0.0839,0.2504,0,0.0654,0.9945,0.0815,0,-0.2559,-0.0622,0.9647,0,4.5704,10.946,-2.628,1]},
{"frame":8,"values":[0.9641,-0.0799,0.2534,0,0.0612,0.9948,0.0811,0,-0.2586,-0.0627,0.964,0,4.5704,10.946,-2.628,1]},
{"frame":9,"values":[0.9633,-0.0748,0.2577,0,0.0557,0.9952,0.0805,0,-0.2625,-0.0632,0.9629,0,4.5704,10.946,-2.628,1]},
{"frame":10,"values":[0.9622,-0.069,0.2634,0,0.0495,0.9956,0.0799,0,-0.2677,-0.0638,0.9614,0,4.5704,10.946,-2.628,1]},
{"frame":11,"values":[0.961,-0.0637,0.2691,0,0.0438,0.9959,0.0792,0,-0.2731,-0.0643,0.9598,0,4.5704,10.946,-2.628,1]},
{"frame":12,"values":[0.9602,-0.06,0.273,0,0.0398,0.9961,0.0788,0,-0.2766,-0.0648,0.9588,0,4.5704,10.946,-2.628,1]},
{"frame":13,"values":[0.9602,-0.0581,0.2731,0,0.038,0.9962,0.0786,0,-0.2767,-0.0651,0.9588,0,4.5704,10.946,-2.628,1]},
{"frame":14,"values":[0.9614,-0.0585,0.269,0,0.0386,0.9961,0.0788,0,-0.2726,-0.0654,0.9599,0,4.5704,10.946,-2.628,1]},
{"frame":15,"values":[0.9633,-0.0614,0.2612,0,0.042,0.996,0.0793,0,-0.265,-0.0655,0.962,0,4.5704,10.946,-2.628,1]},
{"frame":16,"values":[0.9655,-0.0668,0.2517,0,0.0481,0.9956,0.0801,0,-0.256,-0.0652,0.9645,0,4.5704,10.946,-2.628,1]},
{"frame":17,"values":[0.967,-0.074,0.2438,0,0.0557,0.9952,0.0808,0,-0.2486,-0.0646,0.9664,0,4.5704,10.946,-2.628,1]},
{"frame":18,"values":[0.9673,-0.0807,0.2403,0,0.0628,0.9947,0.0814,0,-0.2456,-0.0637,0.9673,0,4.5704,10.946,-2.628,1]},
{"frame":19,"values":[0.9666,-0.0849,0.2419,0,0.0669,0.9944,0.0817,0,-0.2475,-0.0628,0.9668,0,4.5704,10.946,-2.628,1]},
{"frame":20,"values":[0.9654,-0.0863,0.2461,0,0.068,0.9943,0.0818,0,-0.2518,-0.0622,0.9658,0,4.5704,10.946,-2.628,1]},
{"frame":21,"values":[0.9648,-0.0868,0.2481,0,0.0685,0.9943,0.0818,0,-0.2537,-0.0619,0.9653,0,4.5704,10.946,-2.628,1]},
{"frame":22,"values":[0.9656,-0.09,0.2438,0,0.0719,0.994,0.0821,0,-0.2498,-0.0617,0.9663,0,4.5704,10.946,-2.628,1]},
{"frame":23,"values":[0.9675,-0.0977,0.2332,0,0.0803,0.9933,0.0827,0,-0.2398,-0.0613,0.9689,0,4.5704,10.946,-2.628,1]},
{"frame":24,"values":[0.9694,-0.1088,0.2201,0,0.0924,0.9922,0.0835,0,-0.2274,-0.0607,0.9719,0,4.5704,10.946,-2.628,1]},
{"frame":25,"values":[0.9704,-0.1197,0.2096,0,0.1041,0.991,0.0843,0,-0.2178,-0.06,0.9741,0,4.5704,10.946,-2.628,1]},
{"frame":26,"values":[0.9705,-0.127,0.205,0,0.1116,0.9901,0.0848,0,-0.2138,-0.0594,0.9751,0,4.5704,10.946,-2.628,1]},
{"frame":27,"values":[0.97,-0.1292,0.2058,0,0.1138,0.9899,0.0849,0,-0.2147,-0.059,0.9749,0,4.5704,10.946,-2.628,1]},
{"frame":28,"values":[0.9695,-0.1274,0.2092,0,0.1118,0.9901,0.0848,0,-0.2179,-0.0588,0.9742,0,4.5704,10.946,-2.628,1]},
{"frame":29,"values":[0.9693,-0.1239,0.2125,0,0.1081,0.9905,0.0846,0,-0.221,-0.0591,0.9735,0,4.5704,10.946,-2.628,1]},
{"frame":30,"values":[0.9692,-0.1205,0.2147,0,0.1044,0.9909,0.0845,0,-0.223,-0.0594,0.973,0,4.5704,10.946,-2.628,1]},
{"frame":31,"values":[0.9692,-0.1176,0.2166,0,0.1014,0.9913,0.0843,0,-0.2246,-0.0597,0.9726,0,4.5704,10.946,-2.628,1]},
{"frame":32,"values":[0.969,-0.1149,0.2187,0,0.0986,0.9916,0.0841,0,-0.2265,-0.0599,0.9722,0,4.5704,10.946,-2.628,1]},
{"frame":33,"values":[0.9687,-0.1122,0.2215,0,0.0957,0.9919,0.0839,0,-0.2291,-0.0601,0.9716,0,4.5704,10.946,-2.628,1]},
{"frame":34,"values":[0.9683,-0.1092,0.2246,0,0.0925,0.9922,0.0837,0,-0.232,-0.0602,0.9708,0,4.5704,10.946,-2.628,1]},
{"frame":35,"values":[0.9679,-0.1059,0.2279,0,0.089,0.9925,0.0834,0,-0.235,-0.0604,0.9701,0,4.5704,10.946,-2.628,1]},
{"frame":36,"values":[0.9675,-0.1026,0.231,0,0.0854,0.9929,0.0831,0,-0.2379,-0.0607,0.9694,0,4.5704,10.946,-2.628,1]}],"loopBehavior":1,"name":"anim","property":"_matrix"}},
{"name":"mixamorig:LeftArm","index":10,"matrix":[0.1099,-0.991,-0.0766,0,0.992,0.1141,-0.053,0,0.0613,-0.0702,0.9956,0,10.5924,-0.5246,-2.2321,1],"rest":[1,0,0,0,0,1,0,0,0,0,1,0,10.5924,-0.5246,-2.2321,1],"parentBoneIndex":9,"length":27.8415
,"animation":{"dataType":3,"framePerSecond":30,"keys":[
{"frame":1,"values":[0.1099,-0.991,-0.0766,0,0.992,0.1141,-0.053,0,0.0613,-0.0702,0.9956,0,10.5924,-0.5246,-2.2321,1]},
{"frame":2,"values":[0.1044,-0.9911,-0.0829,0,0.9925,0.1091,-0.0545,0,0.0631,-0.0766,0.9951,0,10.5924,-0.5246,-2.2321,1]},
{"frame":3,"values":[0.0986,-0.9911,-0.0899,0,0.993,0.1039,-0.0563,0,0.0652,-0.0837,0.9944,0,10.5924,-0.5246,-2.2321,1]},
{"frame":4,"values":[0.0927,-0.9908,-0.099,0,0.9934,0.0988,-0.0589,0,0.0682,-0.0928,0.9933,0,10.5924,-0.5246,-2.2321,1]},
{"frame":5,"values":[0.0871,-0.9899,-0.1114,0,0.9935,0.0945,-0.0631,0,0.073,-0.1052,0.9918,0,10.5924,-0.5246,-2.2321,1]},
{"frame":6,"values":[0.082,-0.9884,-0.1276,0,0.9934,0.0914,-0.0691,0,0.08,-0.1211,0.9894,0,10.5924,-0.5246,-2.2321,1]},
{"frame":7,"values":[0.077,-0.9863,-0.1462,0,0.9931,0.089,-0.0769,0,0.0889,-0.1392,0.9863,0,10.5924,-0.5246,-2.2321,1]},
{"frame":8,"values":[0.0712,-0.9838,-0.1644,0,0.9926,0.0862,-0.0859,0,0.0986,-0.1571,0.9826,0,10.5924,-0.5246,-2.2321,1]},
{"frame":9,"values":[0.0641,-0.9816,-0.1801,0,0.9921,0.0821,-0.0946,0,0.1076,-0.1726,0.9791,0,10.5924,-0.5246,-2.2321,1]},
{"frame":10,"values":[0.0561,-0.9799,-0.1916,0,0.9919,0.0766,-0.1015,0,0.1142,-0.1843,0.9762,0,10.5924,-0.5246,-2.2321,1]},
{"frame":11,"values":[0.0491,-0.9789,-0.1983,0,0.9919,0.0711,-0.1054,0,0.1173,-0.1915,0.9745,0,10.5924,-0.5246,-2.2321,1]},
{"frame":12,"values":[0.0451,-0.9787,-0.2001,0,0.9921,0.0673,-0.1059,0,0.1171,-0.1937,0.974,0,10.5924,-0.5246,-2.2321,1]},
{"frame":13,"values":[0.0456,-0.9794,-0.1969,0,0.9923,0.067,-0.1038,0,0.1149,-0.1906,0.9749,0,10.5924,-0.5246,-2.2321,1]},
{"frame":14,"values":[0.0512,-0.9807,-0.1889,0,0.9923,0.0712,-0.1008,0,0.1123,-0.1823,0.9768,0,10.5924,-0.5246,-2.2321,1]},
{"frame":15,"values":[0.062,-0.9823,-0.177,0,0.9919,0.0804,-0.0984,0,0.1109,-0.1694,0.9793,0,10.5924,-0.5246,-2.2321,1]},
{"frame":16,"values":[0.0773,-0.9837,-0.1621,0,0.9908,0.0939,-0.0973,0,0.1109,-0.153,0.982,0,10.5924,-0.5246,-2.2321,1]},
{"frame":17,"values":[0.0952,-0.9848,-0.1456,0,0.9892,0.11,-0.0972,0,0.1118,-0.1347,0.9846,0,10.5924,-0.5246,-2.2321,1]},
{"frame":18,"values":[0.1128,-0.9852,-0.1293,0,0.9872,0.1258,-0.0979,0,0.1127,-0.1166,0.9868,0,10.5924,-0.5246,-2.2321,1]},
{"frame":19,"values":[0.1274,-0.9852,-0.1151,0,0.9854,0.139,-0.0986,0,0.1132,-0.1008,0.9885,0,10.5924,-0.5246,-2.2321,1]},
{"frame":20,"values":[0.1386,-0.9849,-0.1041,0,0.9839,0.1489,-0.0986,0,0.1126,-0.0887,0.9897,0,10.5924,-0.5246,-2.2321,1]},
{"frame":21,"values":[0.1479,-0.9843,-0.0959,0,0.9828,0.1571,-0.097,0,0.1105,-0.0799,0.9907,0,10.5924,-0.5246,-2.2321,1]},
{"frame":22,"values":[0.157,-0.9836,-0.0887,0,0.9818,0.1651,-0.0934,0,0.1066,-0.0724,0.9917,0,10.5924,-0.5246,-2.2321,1]},
{"frame":23,"values":[0.1655,-0.9829,-0.0811,0,0.981,0.1725,-0.0883,0,0.1008,-0.0649,0.9928,0,10.5924,-0.5246,-2.2321,1]},
{"frame":24,"values":[0.1708,-0.9826,-0.0733,0,0.9809,0.1766,-0.082,0,0.0935,-0.0579,0.9939,0,10.5924,-0.5246,-2.2321,1]},
{"frame":25,"values":[0.17,-0.9831,-0.0672,0,0.9818,0.1749,-0.0743,0,0.0848,-0.0534,0.995,0,10.5924,-0.5246,-2.2321,1]},
{"frame":26,"values":[0.1633,-0.9845,-0.0641,0,0.9838,0.1674,-0.0647,0,0.0744,-0.0525,0.9958,0,10.5924,-0.5246,-2.2321,1]},
