{"producer":{"name":"Blender","version":"2.79 (sub 0)","exporter_version":"5.6.4","file":"femalestrafeleft.babylon"},
"autoClear":true,"clearColor":[0.0509,0.0509,0.0509],"ambientColor":[0,0,0],"gravity":[0,-9.81,0],
"materials":[{"name":"femalestrafeleft.asdf1:Beta_HighLimbsGeoSG2","id":"femalestrafeleft.asdf1:Beta_HighLimbsGeoSG2","ambient":[0.837,0.3023,0.2637],"diffuse":[0.6696,0.2418,0.2109],"specular":[0.2436,0.2436,0.2436],"emissive":[0,0,0],"specularPower":19,"alpha":1,"backFaceCulling":true,"checkReadyOnlyOnce":false,"maxSimultaneousLights":4},
{"name":"femalestrafeleft.Beta_Joints_MAT","id":"femalestrafeleft.Beta_Joints_MAT","ambient":[0.3333,0.1245,0.101],"diffuse":[0.2667,0.0996,0.0808],"specular":[0.1496,0.1496,0.1496],"emissive":[0,0,0],"specularPower":11,"alpha":1,"backFaceCulling":true,"checkReadyOnlyOnce":false,"maxSimultaneousLights":4}],
"multiMaterials":[],
"skeletons":[{"name":"Armature","id":0,"dimensionsAtRest":[180.6984,191.5436,26.6004],"bones":[
{"name":"mixamorig:Hips","index":0,"matrix":[0.0294,-0.1044,0.9941,0,0.026,0.9943,0.1036,0,0.9992,-0.0228,-0.032,0,1.4744,101.1021,0.3438,1],"rest":[1,0,0,0,0,1,0,0,0,0,-1,0,0,103.9915,-2.0761,1],"parentBoneIndex":-1,"length":10.5592
,"animation":{"dataType":3,"framePerSecond":30,"keys":[
{"frame":1,"values":[0.0535,-0.1044,0.9931,0,0.0285,0.9943,0.103,0,0.9982,-0.0228,-0.0562,0,1.4823,101.1021,0.308,1]},
{"frame":2,"values":[0.0585,-0.0921,0.994,0,0.0294,0.9955,0.0905,0,0.9979,-0.024,-0.0609,0,0.9742,102.2167,0.4849,1]},
{"frame":3,"values":[0.073,-0.0806,0.9941,0,0.0316,0.9964,0.0785,0,0.9968,-0.0257,-0.0753,0,0.5664,102.8105,0.7231,1]},
{"frame":4,"values":[0.0973,-0.069,0.9929,0,0.0373,0.9971,0.0656,0,0.9946,-0.0306,-0.0996,0,0.2773,102.8213,0.9927,1]},
{"frame":5,"values":[0.1285,-0.0579,0.99,0,0.0474,0.9975,0.0522,0,0.9906,-0.0402,-0.1309,0,0.1275,102.3019,1.2612,1]},
{"frame":6,"values":[0.16,-0.0478,0.986,0,0.0599,0.9975,0.0387,0,0.9853,-0.0529,-0.1624,0,0.0951,101.3622,1.5109,1]},
{"frame":7,"values":[0.1856,-0.0396,0.9818,0,0.0701,0.9972,0.0269,0,0.9801,-0.0638,-0.1879,0,0.1481,100.1722,1.7395,1]},
{"frame":8,"values":[0.203,-0.0327,0.9786,0,0.0735,0.9971,0.018,0,0.9764,-0.0682,-0.2048,0,0.338,98.9493,1.9488,1]},
{"frame":9,"values":[0.2134,-0.0238,0.9767,0,0.0678,0.9977,0.0095,0,0.9746,-0.0642,-0.2146,0,0.7878,97.92,2.1577,1]},
{"frame":10,"values":[0.2181,-0.0085,0.9759,0,0.054,0.9985,-0.0033,0,0.9744,-0.0535,-0.2182,0,1.5335,97.2745,2.4223,1]},
{"frame":11,"values":[0.2157,0.0149,0.9763,0,0.0357,0.9991,-0.0231,0,0.9758,-0.0398,-0.215,0,2.4478,97.1683,2.8057,1]},
{"frame":12,"values":[0.2048,0.0416,0.9779,0,0.0178,0.9988,-0.0462,0,0.9786,-0.0268,-0.2038,0,3.2986,97.6612,3.3243,1]},
{"frame":13,"values":[0.1877,0.0637,0.9802,0,0.0044,0.9978,-0.0657,0,0.9822,-0.0167,-0.187,0,3.7671,98.5778,3.8958,1]},
{"frame":14,"values":[0.1722,0.0763,0.9821,0,-0.0033,0.997,-0.0768,0,0.9851,-0.01,-0.1719,0,3.6904,99.7645,4.3602,1]},
{"frame":15,"values":[0.1633,0.079,0.9834,0,-0.0068,0.9969,-0.079,0,0.9866,-0.0062,-0.1633,0,3.1298,100.9825,4.6022,1]},
{"frame":16,"values":[0.159,0.073,0.9846,0,-0.0073,0.9973,-0.0728,0,0.9873,-0.0044,-0.1591,0,2.3893,101.9192,4.6046,1]},
{"frame":17,"values":[0.1512,0.0614,0.9866,0,-0.0051,0.9981,-0.0613,0,0.9885,-0.0042,-0.1513,0,1.7799,102.4924,4.418,1]},
{"frame":18,"values":[0.1332,0.0494,0.9899,0,-0.0001,0.9988,-0.0498,0,0.9911,-0.0065,-0.133,0,1.392,102.5141,4.1189,1]},
{"frame":19,"values":[0.104,0.0417,0.9937,0,0.0075,0.9991,-0.0428,0,0.9945,-0.0119,-0.1036,0,1.2597,101.8805,3.766,1]},
{"frame":20,"values":[0.0698,0.0393,0.9968,0,0.0169,0.999,-0.0406,0,0.9974,-0.0197,-0.0691,0,1.374,100.6974,3.402,1]},
{"frame":21,"values":[0.0395,0.0385,0.9985,0,0.0253,0.9989,-0.0395,0,0.9989,-0.0269,-0.0385,0,1.6518,99.3086,3.0513,1]},
{"frame":22,"values":[0.0191,0.0333,0.9993,0,0.0295,0.999,-0.0338,0,0.9994,-0.0301,-0.0181,0,2.0158,98.0383,2.7024,1]},
{"frame":23,"values":[0.0106,0.0182,0.9998,0,0.0272,0.9995,-0.0185,0,0.9996,-0.0274,-0.0101,0,2.4474,97.0987,2.3107,1]},
{"frame":24,"values":[0.013,-0.009,0.9999,0,0.0197,0.9998,0.0088,0,0.9997,-0.0196,-0.0132,0,2.8503,96.6309,1.8364,1]},
{"frame":25,"values":[0.0233,-0.0426,0.9988,0,0.0111,0.999,0.0423,0,0.9997,-0.0101,-0.0238,0,3.1384,96.768,1.2955,1]},
{"frame":26,"values":[0.0358,-0.0723,0.9967,0,0.0063,0.9974,0.0721,0,0.9993,-0.0037,-0.0362,0,3.2222,97.4446,0.7801,1]},
{"frame":27,"values":[0.0434,-0.0915,0.9949,0,0.0078,0.9958,0.0913,0,0.999,-0.0038,-0.044,0,2.969,98.4875,0.4179,1]},
{"frame":28,"values":[0.0417,-0.1008,0.994,0,0.015,0.9949,0.1002,0,0.999,-0.0107,-0.043,0,2.3387,99.7535,0.2728,1]},
{"frame":29,"values":[0.0294,-0.1044,0.9941,0,0.026,0.9943,0.1036,0,0.9992,-0.0228,-0.032,0,1.4744,101.1021,0.3438,1]}],"loopBehavior":1,"name":"anim","property":"_matrix"}},
{"name":"mixamorig:Spine","index":1,"matrix":[0.9757,0.0768,0.205,0,-0.0924,0.9934,0.0673,0,-0.1985,-0.0846,0.9764,0,0,10.1816,0.1315,1],"rest":[1,0,0,0,0,1,0,0,0,0,1,0,0,10.1816,0.1315,1],"parentBoneIndex":0,"length":10.133
,"animation":{"dataType":3,"framePerSecond":30,"keys":[
{"frame":1,"values":[0.9757,0.0768,0.205,0,-0.0924,0.9934,0.0673,0,-0.1985,-0.0846,0.9764,0,0,10.1816,0.1315,1]},
{"frame":2,"values":[0.9812,0.0649,0.182,0,-0.0779,0.9948,0.0649,0,-0.1768,-0.0779,0.9812,0,0,10.1816,0.1315,1]},
{"frame":3,"values":[0.9862,0.0562,0.1555,0,-0.0668,0.9957,0.064,0,-0.1512,-0.0735,0.9858,0,0,10.1816,0.1315,1]},
{"frame":4,"values":[0.9907,0.0502,0.1265,0,-0.0584,0.9963,0.0625,0,-0.1229,-0.0693,0.99,0,0,10.1816,0.1315,1]},
{"frame":5,"values":[0.9941,0.047,0.0974,0,-0.0529,0.9969,0.0587,0,-0.0943,-0.0635,0.9935,0,0,10.1816,0.1315,1]},
{"frame":6,"values":[0.9964,0.0451,0.0717,0,-0.0489,0.9974,0.0526,0,-0.0691,-0.0559,0.996,0,0,10.1816,0.1315,1]},
{"frame":7,"values":[0.9977,0.0427,0.052,0,-0.0452,0.9979,0.0464,0,-0.0499,-0.0487,0.9976,0,0,10.1816,0.1315,1]},
{"frame":8,"values":[0.9985,0.0382,0.0396,0,-0.0399,0.9983,0.042,0,-0.0379,-0.0435,0.9983,0,0,10.1816,0.1315,1]},
{"frame":9,"values":[0.999,0.0291,0.0345,0,-0.0304,0.9988,0.0392,0,-0.0333,-0.0402,0.9986,0,0,10.1816,0.1315,1]},
{"frame":10,"values":[0.9992,0.0137,0.0366,0,-0.0151,0.9992,0.0374,0,-0.0361,-0.038,0.9986,0,0,10.1816,0.1315,1]},
{"frame":11,"values":[0.9989,-0.0065,0.0457,0,0.0047,0.9993,0.0376,0,-0.0459,-0.0373,0.9982,0,0,10.1816,0.1315,1]},
{"frame":12,"values":[0.9979,-0.0257,0.0596,0,0.0232,0.9989,0.0414,0,-0.0606,-0.0399,0.9974,0,0,10.1816,0.1315,1]},
{"frame":13,"values":[0.9965,-0.0379,0.0745,0,0.0343,0.9982,0.0487,0,-0.0762,-0.046,0.996,0,0,10.1816,0.1315,1]},
{"frame":14,"values":[0.9954,-0.0413,0.0863,0,0.0365,0.9977,0.0566,0,-0.0885,-0.0532,0.9947,0,0,10.1816,0.1315,1]},
{"frame":15,"values":[0.9947,-0.038,0.0959,0,0.0321,0.9976,0.062,0,-0.098,-0.0586,0.9935,0,0,10.1816,0.1315,1]},
{"frame":16,"values":[0.9938,-0.0304,0.1069,0,0.0236,0.9976,0.0644,0,-0.1086,-0.0614,0.9922,0,0,10.1816,0.1315,1]},
{"frame":17,"values":[0.9922,-0.0218,0.1228,0,0.014,0.9978,0.0647,0,-0.124,-0.0625,0.9903,0,0,10.1816,0.1315,1]},
{"frame":18,"values":[0.9895,-0.0171,0.1434,0,0.0079,0.9979,0.0645,0,-0.1442,-0.0627,0.9876,0,0,10.1816,0.1315,1]},
{"frame":19,"values":[0.9859,-0.019,0.1661,0,0.0085,0.9979,0.0638,0,-0.167,-0.0615,0.984,0,0,10.1816,0.1315,1]},
{"frame":20,"values":[0.9818,-0.0254,0.1881,0,0.0138,0.998,0.0625,0,-0.1893,-0.0588,0.9802,0,0,10.1816,0.1315,1]},
{"frame":21,"values":[0.9779,-0.0302,0.2068,0,0.0181,0.998,0.0603,0,-0.2083,-0.0552,0.9765,0,0,10.1816,0.1315,1]},
{"frame":22,"values":[0.975,-0.0272,0.2205,0,0.0148,0.9982,0.0577,0,-0.2217,-0.053,0.9737,0,0,10.1816,0.1315,1]},
{"frame":23,"values":[0.9734,-0.013,0.2287,0,0.0003,0.9985,0.0556,0,-0.2291,-0.054,0.9719,0,0,10.1816,0.1315,1]},
{"frame":24,"values":[0.9726,0.0116,0.2321,0,-0.0251,0.9981,0.0555,0,-0.231,-0.0598,0.9711,0,0,10.1816,0.1315,1]},
{"frame":25,"values":[0.9719,0.0395,0.2321,0,-0.0544,0.9968,0.0583,0,-0.2291,-0.0693,0.9709,0,0,10.1816,0.1315,1]},
{"frame":26,"values":[0.9712,0.0614,0.23,0,-0.0779,0.995,0.0633,0,-0.225,-0.0794,0.9711,0,0,10.1816,0.1315,1]},
{"frame":27,"values":[0.9716,0.073,0.2251,0,-0.0904,0.9936,0.0678,0,-0.2187,-0.0862,0.972,0,0,10.1816,0.1315,1]},
{"frame":28,"values":[0.9732,0.0766,0.2168,0,-0.0937,0.9932,0.0696,0,-0.21,-0.088,0.9737,0,0,10.1816,0.1315,1]},
{"frame":29,"values":[0.9757,0.0768,0.205,0,-0.0924,0.9934,0.0673,0,-0.1985,-0.0846,0.9764,0,0,10.1816,0.1315,1]}],"loopBehavior":1,"name":"anim","property":"_matrix"}},
{"name":"mixamorig:Spine1","index":2,"matrix":[0.9566,0.0373,0.289,0,-0.0451,0.9988,0.0204,0,-0.2879,-0.0325,0.9571,0,0,10.0834,-1.0008,1],"rest":[1,0,0,0,0,1,0,0,0,0,1,0,0,10.0835,-1.0008,1],"parentBoneIndex":1,"length":9.2031
,"animation":{"dataType":3,"framePerSecond":30,"keys":[
{"frame":1,"values":[0.9566,0.0373,0.289,0,-0.0451,0.9988,0.0204,0,-0.2879,-0.0325,0.9571,0,0,10.0834,-1.0008,1]},
{"frame":2,"values":[0.9588,0.0345,0.282,0,-0.0419,0.9989,0.0204,0,-0.2809,-0.0314,0.9592,0,0,10.0835,-1.0008,1]},
{"frame":3,"values":[0.9612,0.0326,0.2739,0,-0.0399,0.999,0.021,0,-0.273,-0.0311,0.9615,0,0,10.0835,-1.0008,1]},
{"frame":4,"values":[0.9636,0.0318,0.2654,0,-0.0387,0.999,0.0209,0,-0.2645,-0.0304,0.9639,0,0,10.0834,-1.0008,1]},
{"frame":5,"values":[0.9659,0.0319,0.257,0,-0.0381,0.9991,0.0191,0,-0.2562,-0.0282,0.9662,0,0,10.0835,-1.0008,1]},
{"frame":6,"values":[0.9677,0.0327,0.2498,0,-0.0377,0.9992,0.0155,0,-0.2491,-0.0244,0.9682,0,0,10.0835,-1.0008,1]},
{"frame":7,"values":[0.9691,0.0335,0.2442,0,-0.0375,0.9992,0.0118,0,-0.2436,-0.0206,0.9696,0,0,10.0835,-1.0008,1]},
{"frame":8,"values":[0.9701,0.0337,0.2404,0,-0.0371,0.9993,0.0098,0,-0.2399,-0.0185,0.9706,0,0,10.0834,-1.0008,1]},
{"frame":9,"values":[0.9706,0.0327,0.2384,0,-0.0361,0.9993,0.0101,0,-0.2379,-0.0184,0.9711,0,0,10.0834,-1.0008,1]},
{"frame":10,"values":[0.9707,0.0301,0.2384,0,-0.0338,0.9994,0.0117,0,-0.2379,-0.0194,0.9711,0,0,10.0835,-1.0008,1]},
{"frame":11,"values":[0.9703,0.0261,0.2407,0,-0.0302,0.9995,0.0135,0,-0.2402,-0.0204,0.9705,0,0,10.0835,-1.0008,1]},
{"frame":12,"values":[0.9694,0.0218,0.2446,0,-0.0263,0.9995,0.0151,0,-0.2442,-0.0211,0.9695,0,0,10.0834,-1.0008,1]},
{"frame":13,"values":[0.9683,0.0189,0.249,0,-0.0238,0.9996,0.0167,0,-0.2485,-0.0221,0.9684,0,0,10.0834,-1.0008,1]},
{"frame":14,"values":[0.9674,0.0182,0.2526,0,-0.0236,0.9996,0.0183,0,-0.2522,-0.0236,0.9674,0,0,10.0834,-1.0008,1]},
{"frame":15,"values":[0.9666,0.0197,0.2557,0,-0.0256,0.9995,0.0199,0,-0.2551,-0.0258,0.9666,0,0,10.0835,-1.0008,1]},
{"frame":16,"values":[0.9655,0.0221,0.2593,0,-0.0287,0.9994,0.0215,0,-0.2587,-0.0282,0.9656,0,0,10.0835,-1.0008,1]},
{"frame":17,"values":[0.9641,0.0244,0.2646,0,-0.0315,0.9992,0.0227,0,-0.2638,-0.0302,0.9641,0,0,10.0834,-1.0008,1]},
{"frame":18,"values":[0.9621,0.0259,0.2714,0,-0.0334,0.9992,0.0229,0,-0.2705,-0.0311,0.9622,0,0,10.0834,-1.0008,1]},
{"frame":19,"values":[0.9601,0.0268,0.2785,0,-0.0341,0.9992,0.0215,0,-0.2777,-0.0301,0.9602,0,0,10.0834,-1.0008,1]},
{"frame":20,"values":[0.9581,0.0272,0.285,0,-0.0338,0.9993,0.0183,0,-0.2843,-0.0272,0.9583,0,0,10.0835,-1.0008,1]},
{"frame":21,"values":[0.9565,0.0272,0.2904,0,-0.0329,0.9994,0.0147,0,-0.2898,-0.0236,0.9568,0,0,10.0835,-1.0008,1]},
{"frame":22,"values":[0.9553,0.0274,0.2944,0,-0.0324,0.9994,0.0122,0,-0.2939,-0.0212,0.9556,0,0,10.0835,-1.0008,1]},
{"frame":23,"values":[0.9545,0.0282,0.297,0,-0.0333,0.9994,0.0122,0,-0.2964,-0.0215,0.9548,0,0,10.0834,-1.0008,1]},
{"frame":24,"values":[0.9541,0.0301,0.2981,0,-0.0361,0.9992,0.0144,0,-0.2974,-0.0245,0.9544,0,0,10.0834,-1.0008,1]},
{"frame":25,"values":[0.954,0.0329,0.2979,0,-0.0401,0.999,0.0178,0,-0.2971,-0.0289,0.9544,0,0,10.0835,-1.0008,1]},
{"frame":26,"values":[0.9543,0.0357,0.2968,0,-0.0439,0.9988,0.0208,0,-0.2957,-0.0328,0.9547,0,0,10.0834,-1.0008,1]},
{"frame":27,"values":[0.9548,0.0376,0.2949,0,-0.0462,0.9987,0.0223,0,-0.2936,-0.0349,0.9553,0,0,10.0835,-1.0008,1]},
{"frame":28,"values":[0.9556,0.038,0.2923,0,-0.0465,0.9987,0.0221,0,-0.291,-0.0347,0.9561,0,0,10.0834,-1.0008,1]},
{"frame":29,"values":[0.9566,0.0373,0.289,0,-0.0451,0.9988,0.0204,0,-0.2879,-0.0325,0.9571,0,0,10.0834,-1.0008,1]}],"loopBehavior":1,"name":"anim","property":"_matrix"}},
{"name":"mixamorig:Spine2","index":3,"matrix":[0.9565,0.0434,0.2885,0,-0.0501,0.9986,0.016,0,-0.2874,-0.0297,0.9574,0,0,9.1,-1.3734,1],"rest":[1,0,0,0,0,1,0,0,0,0,1,0,0,9.1,-1.3734,1],"parentBoneIndex":2,"length":13.7198
,"animation":{"dataType":3,"framePerSecond":30,"keys":[
{"frame":1,"values":[0.9565,0.0434,0.2885,0,-0.0501,0.9986,0.016,0,-0.2874,-0.0297,0.9574,0,0,9.1,-1.3734,1]},
{"frame":2,"values":[0.9587,0.0405,0.2814,0,-0.0469,0.9988,0.0161,0,-0.2804,-0.0286,0.9595,0,0,9.1,-1.3734,1]},
{"frame":3,"values":[0.9611,0.0386,0.2733,0,-0.0449,0.9989,0.0167,0,-0.2724,-0.0283,0.9618,0,0,9.1,-1.3734,1]},
{"frame":4,"values":[0.9636,0.0378,0.2647,0,-0.0438,0.9989,0.0167,0,-0.2638,-0.0277,0.9642,0,0,9.1,-1.3734,1]},
{"frame":5,"values":[0.9659,0.038,0.2563,0,-0.0432,0.999,0.0148,0,-0.2555,-0.0254,0.9665,0,0,9.1,-1.3734,1]},
{"frame":6,"values":[0.9677,0.0387,0.249,0,-0.0428,0.999,0.0112,0,-0.2483,-0.0215,0.9684,0,0,9.1,-1.3734,1]},
{"frame":7,"values":[0.9691,0.0394,0.2434,0,-0.0425,0.9991,0.0075,0,-0.2429,-0.0176,0.9699,0,0,9.1,-1.3734,1]},
{"frame":8,"values":[0.9701,0.0396,0.2396,0,-0.0422,0.9991,0.0055,0,-0.2391,-0.0154,0.9709,0,0,9.1,-1.3734,1]},
{"frame":9,"values":[0.9706,0.0387,0.2376,0,-0.0412,0.9991,0.0057,0,-0.2372,-0.0154,0.9713,0,0,9.1,-1.3734,1]},
{"frame":10,"values":[0.9707,0.0361,0.2377,0,-0.039,0.9992,0.0074,0,-0.2372,-0.0164,0.9713,0,0,9.1,-1.3734,1]},
{"frame":11,"values":[0.9702,0.0321,0.24,0,-0.0354,0.9993,0.0092,0,-0.2395,-0.0174,0.9707,0,0,9.1,-1.3734,1]},
{"frame":12,"values":[0.9694,0.0279,0.2439,0,-0.0315,0.9994,0.0108,0,-0.2435,-0.0182,0.9697,0,0,9.1,-1.3734,1]},
{"frame":13,"values":[0.9684,0.0249,0.2482,0,-0.0289,0.9995,0.0124,0,-0.2478,-0.0192,0.9686,0,0,9.1,-1.3734,1]},
{"frame":14,"values":[0.9675,0.0242,0.2518,0,-0.0287,0.9995,0.014,0,-0.2513,-0.0208,0.9677,0,0,9.1,-1.3734,1]},
{"frame":15,"values":[0.9666,0.0257,0.2548,0,-0.0307,0.9994,0.0157,0,-0.2543,-0.023,0.9669,0,0,9.1,-1.3734,1]},
{"frame":16,"values":[0.9656,0.0281,0.2585,0,-0.0337,0.9993,0.0173,0,-0.2578,-0.0254,0.9659,0,0,9.1,-1.3734,1]},
{"frame":17,"values":[0.9641,0.0303,0.2638,0,-0.0365,0.9992,0.0185,0,-0.263,-0.0275,0.9644,0,0,9.1,-1.3734,1]},
{"frame":18,"values":[0.9622,0.0318,0.2706,0,-0.0383,0.9991,0.0188,0,-0.2698,-0.0284,0.9625,0,0,9.1,-1.3734,1]},
{"frame":19,"values":[0.9601,0.0327,0.2778,0,-0.039,0.9991,0.0173,0,-0.277,-0.0274,0.9605,0,0,9.1,-1.3734,1]},
{"frame":20,"values":[0.9581,0.0332,0.2844,0,-0.0388,0.9991,0.0141,0,-0.2837,-0.0246,0.9586,0,0,9.1,-1.3734,1]},
{"frame":21,"values":[0.9565,0.0334,0.2897,0,-0.0381,0.9992,0.0104,0,-0.2891,-0.021,0.9571,0,0,9.1,-1.3734,1]},
{"frame":22,"values":[0.9553,0.0337,0.2937,0,-0.0377,0.9993,0.0079,0,-0.2932,-0.0186,0.9559,0,0,9.1,-1.3734,1]},
{"frame":23,"values":[0.9545,0.0345,0.2963,0,-0.0386,0.9992,0.0079,0,-0.2958,-0.0189,0.9551,0,0,9.1,-1.3734,1]},
{"frame":24,"values":[0.954,0.0363,0.2975,0,-0.0412,0.9991,0.0101,0,-0.2968,-0.0219,0.9547,0,0,9.1,-1.3734,1]},
{"frame":25,"values":[0.954,0.039,0.2974,0,-0.045,0.9989,0.0135,0,-0.2965,-0.0262,0.9547,0,0,9.1,-1.3734,1]},
{"frame":26,"values":[0.9542,0.0417,0.2962,0,-0.0487,0.9987,0.0164,0,-0.2952,-0.0301,0.955,0,0,9.1,-1.3734,1]},
{"frame":27,"values":[0.9547,0.0435,0.2944,0,-0.051,0.9985,0.0179,0,-0.2932,-0.0321,0.9555,0,0,9.1,-1.3734,1]},
{"frame":28,"values":[0.9555,0.0441,0.2918,0,-0.0514,0.9985,0.0176,0,-0.2906,-0.0319,0.9563,0,0,9.1,-1.3734,1]},
{"frame":29,"values":[0.9565,0.0434,0.2885,0,-0.0501,0.9986,0.016,0,-0.2874,-0.0297,0.9574,0,0,9.1,-1.3734,1]}],"loopBehavior":1,"name":"anim","property":"_matrix"}},
{"name":"mixamorig:Neck","index":4,"matrix":[0.9955,0.0151,0.0936,0,-0.0208,0.998,0.0593,0,-0.0926,-0.061,0.9938,0,0,16.6716,-2.5162,1],"rest":[1,0,0,0,0,1,0,0,0,0,1,0,0,16.6717,-2.5162,1],"parentBoneIndex":3,"length":9.7644
,"animation":{"dataType":3,"framePerSecond":30,"keys":[
{"frame":1,"values":[0.9955,0.0151,0.0936,0,-0.0208,0.998,0.0593,0,-0.0926,-0.061,0.9938,0,0,16.6716,-2.5162,1]},
{"frame":2,"values":[0.9949,0.0174,0.0995,0,-0.0245,0.9972,0.07,0,-0.098,-0.072,0.9926,0,0,16.6716,-2.5162,1]},
{"frame":3,"values":[0.9943,0.0177,0.1048,0,-0.0258,0.9967,0.0768,0,-0.1031,-0.0791,0.9915,0,0,16.6717,-2.5162,1]},
{"frame":4,"values":[0.9939,0.0147,0.1089,0,-0.0234,0.9965,0.0797,0,-0.1073,-0.0817,0.9909,0,0,16.6716,-2.5162,1]},
{"frame":5,"values":[0.9937,0.0081,0.1114,0,-0.0169,0.9967,0.0788,0,-0.1104,-0.0802,0.9907,0,0,16.6717,-2.5162,1]},
{"frame":6,"values":[0.9936,-0.0004,0.1126,0,-0.0082,0.9971,0.0755,0,-0.1123,-0.0759,0.9908,0,0,16.6717,-2.5162,1]},
{"frame":7,"values":[0.9936,-0.0074,0.1131,0,-0.0008,0.9974,0.0717,0,-0.1134,-0.0713,0.991,0,0,16.6717,-2.5162,1]},
{"frame":8,"values":[0.9935,-0.0095,0.1137,0,0.0016,0.9976,0.0693,0,-0.114,-0.0686,0.9911,0,0,16.6717,-2.5162,1]},
{"frame":9,"values":[0.9934,-0.0058,0.1142,0,-0.0021,0.9976,0.069,0,-0.1143,-0.0688,0.9911,0,0,16.6716,-2.5162,1]},
{"frame":10,"values":[0.9934,0.0009,0.1144,0,-0.0089,0.9976,0.0693,0,-0.114,-0.0699,0.991,0,0,16.6716,-2.5162,1]},
{"frame":11,"values":[0.9935,0.0061,0.1139,0,-0.0139,0.9976,0.0674,0,-0.1132,-0.0686,0.9912,0,0,16.6717,-2.5162,1]},
{"frame":12,"values":[0.9936,0.0063,0.1126,0,-0.0134,0.998,0.0626,0,-0.112,-0.0637,0.9917,0,0,16.6717,-2.5162,1]},
{"frame":13,"values":[0.9938,0.0011,0.1107,0,-0.0075,0.9983,0.0574,0,-0.1105,-0.0579,0.9922,0,0,16.6716,-2.5162,1]},
{"frame":14,"values":[0.9941,-0.0066,0.1083,0,0.0005,0.9984,0.0565,0,-0.1085,-0.0561,0.9925,0,0,16.6717,-2.5162,1]},
{"frame":15,"values":[0.9944,-0.0132,0.1048,0,0.0068,0.9981,0.062,0,-0.1054,-0.0609,0.9926,0,0,16.6716,-2.5162,1]},
{"frame":16,"values":[0.9949,-0.0166,0.1,0,0.0095,0.9974,0.0713,0,-0.1009,-0.07,0.9924,0,0,16.6717,-2.5162,1]},
{"frame":17,"values":[0.9954,-0.0164,0.0946,0,0.0088,0.9968,0.0796,0,-0.0956,-0.0783,0.9923,0,0,16.6716,-2.5162,1]},
{"frame":18,"values":[0.9958,-0.0136,0.09,0,0.0061,0.9966,0.0827,0,-0.0908,-0.0818,0.9925,0,0,16.6717,-2.5162,1]},
{"frame":19,"values":[0.9961,-0.0094,0.0873,0,0.0024,0.9968,0.0801,0,-0.0878,-0.0796,0.993,0,0,16.6716,-2.5162,1]},
{"frame":20,"values":[0.9963,-0.0053,0.0863,0,-0.0011,0.9973,0.0737,0,-0.0864,-0.0735,0.9935,0,0,16.6716,-2.5162,1]},
{"frame":21,"values":[0.9963,-0.003,0.0857,0,-0.0027,0.9978,0.0662,0,-0.0857,-0.0661,0.9941,0,0,16.6717,-2.5162,1]},
{"frame":22,"values":[0.9964,-0.0038,0.0847,0,-0.0013,0.9982,0.0595,0,-0.0848,-0.0594,0.9946,0,0,16.6717,-2.5162,1]},
{"frame":23,"values":[0.9965,-0.0068,0.0832,0,0.0023,0.9985,0.0547,0,-0.0835,-0.0543,0.995,0,0,16.6717,-2.5162,1]},
{"frame":24,"values":[0.9966,-0.0096,0.0818,0,0.0053,0.9987,0.0516,0,-0.0822,-0.051,0.9953,0,0,16.6717,-2.5162,1]},
{"frame":25,"values":[0.9967,-0.0091,0.0811,0,0.005,0.9987,0.05,0,-0.0814,-0.0494,0.9955,0,0,16.6716,-2.5162,1]},
{"frame":26,"values":[0.9967,-0.0045,0.0816,0,0.0004,0.9988,0.0498,0,-0.0817,-0.0496,0.9954,0,0,16.6717,-2.5162,1]},
{"frame":27,"values":[0.9965,0.0026,0.0838,0,-0.0069,0.9987,0.0513,0,-0.0836,-0.0517,0.9952,0,0,16.6717,-2.5162,1]},
{"frame":28,"values":[0.9961,0.0097,0.0879,0,-0.0145,0.9984,0.0545,0,-0.0872,-0.0556,0.9946,0,0,16.6717,-2.5162,1]},
{"frame":29,"values":[0.9955,0.0151,0.0936,0,-0.0208,0.998,0.0593,0,-0.0926,-0.061,0.9938,0,0,16.6716,-2.5162,1]}],"loopBehavior":1,"name":"anim","property":"_matrix"}},
{"name":"mixamorig:Head","index":5,"matrix":[0.7877,0.1434,0.5991,0,-0.0229,0.9787,-0.2042,0,-0.6156,0.1471,0.7742,0,0,9.6179,1.685,1],"rest":[1,0,0,0,0,1,0,0,0,0,1,0,0,9.6179,1.685,1],"parentBoneIndex":4,"length":13.7945
,"animation":{"dataType":3,"framePerSecond":30,"keys":[
{"frame":1,"values":[0.7877,0.1434,0.5991,0,-0.0229,0.9787,-0.2042,0,-0.6156,0.1471,0.7742,0,0,9.6179,1.685,1]},
{"frame":2,"values":[0.7748,0.1491,0.6144,0,-0.0302,0.9794,-0.1996,0,-0.6315,0.1361,0.7633,0,0,9.6179,1.685,1]},
{"frame":3,"values":[0.7653,0.1522,0.6255,0,-0.028,0.9786,-0.2038,0,-0.6431,0.1384,0.7532,0,0,9.6179,1.685,1]},
{"frame":4,"values":[0.7601,0.1506,0.6321,0,-0.0167,0.977,-0.2127,0,-0.6495,0.1511,0.7452,0,0,9.6179,1.685,1]},
{"frame":5,"values":[0.7589,0.1434,0.6352,0,0.0003,0.9754,-0.2205,0,-0.6512,0.1676,0.7402,0,0,9.6179,1.685,1]},
{"frame":6,"values":[0.7597,0.1324,0.6366,0,0.0175,0.9745,-0.2236,0,-0.65,0.181,0.7381,0,0,9.6179,1.685,1]},
{"frame":7,"values":[0.7611,0.1221,0.6371,0,0.0298,0.9745,-0.2224,0,-0.648,0.1882,0.738,0,0,9.6179,1.685,1]},
{"frame":8,"values":[0.7627,0.1158,0.6363,0,0.0351,0.975,-0.2195,0,-0.6458,0.1898,0.7395,0,0,9.6179,1.685,1]},
{"frame":9,"values":[0.765,0.1137,0.6339,0,0.0338,0.9759,-0.2157,0,-0.6432,0.1864,0.7427,0,0,9.6179,1.685,1]},
{"frame":10,"values":[0.7677,0.1138,0.6307,0,0.0277,0.9773,-0.2101,0,-0.6403,0.1788,0.7471,0,0,9.6179,1.685,1]},
{"frame":11,"values":[0.7696,0.1145,0.6282,0,0.0199,0.979,-0.2029,0,-0.6382,0.1686,0.7511,0,0,9.6179,1.685,1]},
{"frame":12,"values":[0.7697,0.115,0.6279,0,0.0139,0.9804,-0.1967,0,-0.6382,0.1601,0.753,0,0,9.6179,1.685,1]},
{"frame":13,"values":[0.7685,0.1149,0.6295,0,0.0123,0.9809,-0.194,0,-0.6398,0.1568,0.7524,0,0,9.6179,1.685,1]},
{"frame":14,"values":[0.7686,0.1129,0.6298,0,0.0151,0.9808,-0.1942,0,-0.6396,0.1587,0.7521,0,0,9.6179,1.685,1]},
{"frame":15,"values":[0.7729,0.1087,0.6251,0,0.0196,0.9807,-0.1947,0,-0.6342,0.1628,0.7559,0,0,9.6179,1.685,1]},
{"frame":16,"values":[0.782,0.1046,0.6145,0,0.022,0.9806,-0.1949,0,-0.6229,0.1659,0.7645,0,0,9.6179,1.685,1]},
{"frame":17,"values":[0.7923,0.105,0.601,0,0.0195,0.9802,-0.1969,0,-0.6098,0.1677,0.7746,0,0,9.6179,1.685,1]},
{"frame":18,"values":[0.7997,0.112,0.5898,0,0.0123,0.9792,-0.2026,0,-0.6002,0.1693,0.7817,0,0,9.6179,1.685,1]},
{"frame":19,"values":[0.8021,0.1237,0.5842,0,0.0032,0.9774,-0.2113,0,-0.5971,0.1714,0.7836,0,0,9.6179,1.685,1]},
{"frame":20,"values":[0.801,0.1344,0.5833,0,-0.0043,0.9757,-0.219,0,-0.5986,0.1729,0.7822,0,0,9.6179,1.685,1]},
{"frame":21,"values":[0.7994,0.1395,0.5843,0,-0.008,0.975,-0.2219,0,-0.6007,0.1727,0.7806,0,0,9.6179,1.685,1]},
{"frame":22,"values":[0.7994,0.1379,0.5848,0,-0.0078,0.9756,-0.2194,0,-0.6008,0.1709,0.7809,0,0,9.6179,1.685,1]},
{"frame":23,"values":[0.8011,0.1323,0.5838,0,-0.005,0.9767,-0.2145,0,-0.5986,0.1689,0.7831,0,0,9.6179,1.685,1]},
{"frame":24,"values":[0.8039,0.1272,0.581,0,-0.0019,0.9774,-0.2113,0,-0.5947,0.1688,0.786,0,0,9.6179,1.685,1]},
{"frame":25,"values":[0.8072,0.1258,0.5767,0,-0.0008,0.9773,-0.212,0,-0.5903,0.1707,0.7889,0,0,9.6179,1.685,1]},
{"frame":26,"values":[0.8092,0.1285,0.5732,0,-0.0027,0.9766,-0.215,0,-0.5875,0.1724,0.7907,0,0,9.6179,1.685,1]},
{"frame":27,"values":[0.8077,0.1338,0.5742,0,-0.0079,0.9763,-0.2164,0,-0.5896,0.1703,0.7896,0,0,9.6179,1.685,1]},
{"frame":28,"values":[0.8007,0.1394,0.5826,0,-0.015,0.9769,-0.2131,0,-0.5989,0.1619,0.7843,0,0,9.6179,1.685,1]},
{"frame":29,"values":[0.7877,0.1434,0.5991,0,-0.0229,0.9787,-0.2042,0,-0.6156,0.1471,0.7742,0,0,9.6179,1.685,1]}],"loopBehavior":1,"name":"anim","property":"_matrix"}},
{"name":"mixamorig:HeadTop_End","index":6,"matrix":[1,0,0,0,0,1,0,0,0,0,1,0,0,17.8152,2.585,1],"rest":[1,0,0,0,0,1,0,0,0,0,1,0,0,17.8152,2.585,1],"parentBoneIndex":5,"length":13.7945
,"animation":{"dataType":3,"framePerSecond":30,"keys":[
{"frame":1,"values":[1,0,0,0,0,1,0,0,0,0,1,0,0,17.8152,2.585,1]},
{"frame":3,"values":[1,0,0,0,0,1,0,0,0,0,1,0,0,17.8151,2.585,1]},
{"frame":4,"values":[1,0,0,0,0,1,0,0,0,0,1,0,0,17.8152,2.585,1]},
{"frame":9,"values":[1,0,0,0,0,1,0,0,0,0,1,0,0,17.8151,2.585,1]},
{"frame":10,"values":[1,0,0,0,0,1,0,0,0,0,1,0,0,17.8152,2.585,1]},
{"frame":18,"values":[1,0,0,0,0,1,0,0,0,0,1,0,0,17.8151,2.585,1]},
{"frame":19,"values":[1,0,0,0,0,1,0,0,0,0,1,0,0,17.8152,2.585,1]},
{"frame":23,"values":[1,0,0,0,0,1,0,0,0,0,1,0,0,17.8151,2.585,1]},
{"frame":24,"values":[1,0,0,0,0,1,0,0,0,0,1,0,0,17.8152,2.585,1]},
{"frame":26,"values":[1,0,0,0,0,1,0,0,0,0,1,0,0,17.8151,2.585,1]},
{"frame":27,"values":[1,0,0,0,0,1,0,0,0,0,1,0,0,17.8152,2.585,1]},
{"frame":29,"values":[1,0,0,0,0,1,0,0,0,0,1,0,0,17.8152,2.585,1]}],"loopBehavior":1,"name":"anim","property":"_matrix"}},
{"name":"mixamorig:LeftEye","index":7,"matrix":[1,0,0,0,0,1,0,0,0,0,1,0,3.0676,6.4095,9.2836,1],"rest":[1,0,0,0,0,1,0,0,0,0,1,0,3.0676,6.4095,9.2836,1],"parentBoneIndex":5,"length":13.7945
,"animation":{"dataType":3,"framePerSecond":30,"keys":[
{"frame":1,"values":[1,0,0,0,0,1,0,0,0,0,1,0,3.0676,6.4095,9.2836,1]},
{"frame":29,"values":[1,0,0,0,0,1,0,0,0,0,1,0,3.0676,6.4095,9.2836,1]}],"loopBehavior":1,"name":"anim","property":"_matrix"}},
{"name":"mixamorig:RightEye","index":8,"matrix":[1,0,0,0,0,1,0,0,0,0,1,0,-3.0675,6.4095,9.2835,1],"rest":[1,0,0,0,0,1,0,0,0,0,1,0,-3.0676,6.4095,9.2835,1],"parentBoneIndex":5,"length":13.7945
,"animation":{"dataType":3,"framePerSecond":30,"keys":[
{"frame":1,"values":[1,0,0,0,0,1,0,0,0,0,1,0,-3.0676,6.4095,9.2835,1]},
{"frame":2,"values":[1,0,0,0,0,1,0,0,0,0,1,0,-3.0675,6.4095,9.2835,1]},
{"frame":3,"values":[1,0,0,0,0,1,0,0,0,0,1,0,-3.0676,6.4095,9.2835,1]},
{"frame":7,"values":[1,0,0,0,0,1,0,0,0,0,1,0,-3.0675,6.4095,9.2836,1]},
{"frame":8,"values":[1,0,0,0,0,1,0,0,0,0,1,0,-3.0676,6.4095,9.2835,1]},
{"frame":11,"values":[1,0,0,0,0,1,0,0,0,0,1,0,-3.0675,6.4095,9.2835,1]},
{"frame":12,"values":[1,0,0,0,0,1,0,0,0,0,1,0,-3.0676,6.4095,9.2835,1]},
{"frame":22,"values":[1,0,0,0,0,1,0,0,0,0,1,0,-3.0675,6.4095,9.2836,1]},
{"frame":23,"values":[1,0,0,0,0,1,0,0,0,0,1,0,-3.0676,6.4095,9.2835,1]},
{"frame":24,"values":[1,0,0,0,0,1,0,0,0,0,1,0,-3.0675,6.4095,9.2835,1]},
{"frame":25,"values":[1,0,0,0,0,1,0,0,0,0,1,0,-3.0676,6.4095,9.2835,1]},
{"frame":29,"values":[1,0,0,0,0,1,0,0,0,0,1,0,-3.0675,6.4095,9.2835,1]}],"loopBehavior":1,"name":"anim","property":"_matrix"}},
{"name":"mixamorig:LeftShoulder","index":9,"matrix":[0.9016,-0.2339,0.364,0,0.2105,0.9721,0.1035,0,-0.378,-0.0167,0.9256,0,4.5704,10.946,-2.628,1],"rest":[1,0,0,0,0,1,0,0,0,0,1,0,4.5704,10.946,-2.628,1],"parentBoneIndex":3,"length":10.8377
,"animation":{"dataType":3,"framePerSecond":30,"keys":[
{"frame":1,"values":[0.9016,-0.2339,0.364,0,0.2105,0.9721,0.1035,0,-0.378,-0.0167,0.9256,0,4.5704,10.946,-2.628,1]},
{"frame":2,"values":[0.899,-0.2458,0.3624,0,0.2222,0.9692,0.1063,0,-0.3773,-0.015,0.926,0,4.5704,10.946,-2.628,1]},
{"frame":3,"values":[0.8975,-0.2569,0.3584,0,0.2333,0.9663,0.1085,0,-0.3742,-0.0138,0.9272,0,4.5704,10.946,-2.628,1]},
{"frame":4,"values":[0.898,-0.2664,0.3502,0,0.2431,0.9638,0.1098,0,-0.3668,-0.0135,0.9302,0,4.5704,10.946,-2.628,1]},
{"frame":5,"values":[0.9019,-0.2722,0.3355,0,0.2497,0.9621,0.1094,0,-0.3526,-0.0149,0.9357,0,4.5704,10.946,-2.628,1]},
{"frame":6,"values":[0.9102,-0.2706,0.3136,0,0.2494,0.9625,0.1065,0,-0.3307,-0.0188,0.9436,0,4.5704,10.946,-2.628,1]},
{"frame":7,"values":[0.9223,-0.2581,0.2876,0,0.2387,0.9658,0.1012,0,-0.3039,-0.0247,0.9524,0,4.5704,10.946,-2.628,1]},
{"frame":8,"values":[0.935,-0.2356,0.2652,0,0.218,0.9714,0.0946,0,-0.2799,-0.0306,0.9596,0,4.5704,10.946,-2.628,1]},
{"frame":9,"values":[0.9438,-0.211,0.2543,0,0.1945,0.9769,0.0889,0,-0.2671,-0.0344,0.963,0,4.5704,10.946,-2.628,1]},
{"frame":10,"values":[0.9459,-0.1969,0.2578,0,0.1803,0.9798,0.0866,0,-0.2697,-0.0354,0.9623,0,4.5704,10.946,-2.628,1]},
{"frame":11,"values":[0.941,-0.2021,0.2715,0,0.1846,0.9788,0.0888,0,-0.2837,-0.0335,0.9583,0,4.5704,10.946,-2.628,1]},
{"frame":12,"values":[0.931,-0.2252,0.2872,0,0.2063,0.9739,0.0948,0,-0.3011,-0.029,0.9532,0,4.5704,10.946,-2.628,1]},
{"frame":13,"values":[0.9195,-0.2552,0.2991,0,0.2351,0.9666,0.1021,0,-0.3152,-0.0235,0.9487,0,4.5704,10.946,-2.628,1]},
{"frame":14,"values":[0.9099,-0.2803,0.3056,0,0.2594,0.9597,0.1081,0,-0.3236,-0.0191,0.946,0,4.5704,10.946,-2.628,1]},
{"frame":15,"values":[0.904,-0.2954,0.3089,0,0.2739,0.9552,0.1118,0,-0.3281,-0.0165,0.9445,0,4.5704,10.946,-2.628,1]},
{"frame":16,"values":[0.9005,-0.3016,0.3134,0,0.2796,0.9533,0.1139,0,-0.3332,-0.015,0.9427,0,4.5704,10.946,-2.628,1]},
{"frame":17,"values":[0.8966,-0.3018,0.324,0,0.2791,0.9533,0.1154,0,-0.3437,-0.0131,0.939,0,4.5704,10.946,-2.628,1]},
{"frame":18,"values":[0.8909,-0.2973,0.3435,0,0.2736,0.9547,0.1168,0,-0.3627,-0.01,0.9319,0,4.5704,10.946,-2.628,1]},
{"frame":19,"values":[0.883,-0.2886,0.3702,0,0.2635,0.9574,0.1178,0,-0.3884,-0.0064,0.9215,0,4.5704,10.946,-2.628,1]},
{"frame":20,"values":[0.8744,-0.278,0.3977,0,0.2517,0.9606,0.1182,0,-0.4149,-0.0033,0.9099,0,4.5704,10.946,-2.628,1]},
{"frame":21,"values":[0.8672,-0.2697,0.4185,0,0.2424,0.9629,0.1184,0,-0.435,-0.0012,0.9005,0,4.5704,10.946,-2.628,1]},
{"frame":22,"values":[0.8636,-0.2666,0.428,0,0.2388,0.9638,0.1185,0,-0.4441,-0.0001,0.896,0,4.5704,10.946,-2.628,1]},
{"frame":23,"values":[0.8646,-0.2675,0.4254,0,0.2399,0.9636,0.1183,0,-0.4415,-0.0003,0.8973,0,4.5704,10.946,-2.628,1]},
{"frame":24,"values":[0.8702,-0.268,0.4135,0,0.241,0.9634,0.1171,0,-0.4298,-0.0023,0.9029,0,4.5704,10.946,-2.628,1]},
{"frame":25,"values":[0.8789,-0.2639,0.3973,0,0.2379,0.9645,0.1144,0,-0.4134,-0.006,0.9105,0,4.5704,10.946,-2.628,1]},
{"frame":26,"values":[0.8885,-0.2547,0.3818,0,0.2297,0.967,0.1104,0,-0.3973,-0.0104,0.9176,0,4.5704,10.946,-2.628,1]},
{"frame":27,"values":[0.8961,-0.244,0.3708,0,0.2199,0.9697,0.1066,0,-0.3856,-0.014,0.9226,0,4.5704,10.946,-2.628,1]},
{"frame":28,"values":[0.9004,-0.2362,0.3653,0,0.2126,0.9716,0.1041,0,-0.3795,-0.0161,0.9251,0,4.5704,10.946,-2.628,1]},
{"frame":29,"values":[0.9016,-0.2339,0.364,0,0.2105,0.9721,0.1035,0,-0.378,-0.0167,0.9256,0,4.5704,10.946,-2.628,1]}],"loopBehavior":1,"name":"anim","property":"_matrix"}},
{"name":"mixamorig:LeftArm","index":10,"matrix":[0.4844,-0.8693,0.0984,0,0.8663,0.4923,0.0847,0,-0.1221,0.0442,0.9915,0,10.5924,-0.5246,-2.2321,1],"rest":[1,0,0,0,0,1,0,0,0,0,1,0,10.5924,-0.5246,-2.2321,1],"parentBoneIndex":9,"length":27.8415
,"animation":{"dataType":3,"framePerSecond":30,"keys":[
{"frame":1,"values":[0.4844,-0.8693,0.0984,0,0.8663,0.4923,0.0847,0,-0.1221,0.0442,0.9915,0,10.5924,-0.5246,-2.2321,1]},
{"frame":2,"values":[0.4676,-0.883,0.0405,0,0.8839,0.4675,-0.0126,0,-0.0078,0.0417,0.9991,0,10.5924,-0.5246,-2.2321,1]},
{"frame":3,"values":[0.4533,-0.8909,-0.0269,0,0.8841,0.4533,-0.1141,0,0.1138,0.028,0.9931,0,10.5924,-0.5246,-2.2321,1]},
{"frame":4,"values":[0.4358,-0.8939,-0.1055,0,0.8692,0.4484,-0.2086,0,0.2337,-0.0008,0.9723,0,10.5924,-0.5246,-2.2321,1]},
{"frame":5,"values":[0.4077,-0.8925,-0.1927,0,0.8476,0.4484,-0.2837,0,0.3396,-0.0477,0.9393,0,10.5924,-0.5246,-2.2321,1]},
{"frame":6,"values":[0.3662,-0.8872,-0.2807,0,0.829,0.4481,-0.3346,0,0.4226,-0.1102,0.8996,0,10.5924,-0.5246,-2.2321,1]},
{"frame":7,"values":[0.315,-0.8784,-0.3593,0,0.8165,0.4438,-0.3693,0,0.4839,-0.177,0.8571,0,10.5924,-0.5246,-2.2321,1]},
{"frame":8,"values":[0.2594,-0.8695,-0.4202,0,0.806,0.4347,-0.4018,0,0.532,-0.2345,0.8136,0,10.5924,-0.5246,-2.2321,1]},
{"frame":9,"values":[0.2052,-0.8643,-0.4592,0,0.7932,0.4217,-0.4393,0,0.5733,-0.2741,0.7721,0,10.5924,-0.5246,-2.2321,1]},
{"frame":10,"values":[0.1625,-0.8641,-0.4763,0,0.7807,0.4078,-0.4734,0,0.6034,-0.2949,0.7409,0,10.5924,-0.5246,-2.2321,1]},
{"frame":11,"values":[0.1469,-0.868,-0.4743,0,0.7786,0.3972,-0.4858,0,0.6101,-0.2979,0.7342,0,10.5924,-0.5246,-2.2321,1]},
{"frame":12,"values":[0.1699,-0.8752,-0.4529,0,0.7952,0.3932,-0.4616,0,0.5821,-0.2817,0.7628,0,10.5924,-0.5246,-2.2321,1]},
{"frame":13,"values":[0.2272,-0.8855,-0.4052,0,0.8267,0.3953,-0.4004,0,0.5147,-0.244,0.8219,0,10.5924,-0.5246,-2.2321,1]},
{"frame":14,"values":[0.2989,-0.8968,-0.3262,0,0.8594,0.4016,-0.3166,0,0.4149,-0.1857,0.8907,0,10.5924,-0.5246,-2.2321,1]},
{"frame":15,"values":[0.3646,-0.9038,-0.2242,0,0.8816,0.4125,-0.2294,0,0.2998,-0.114,0.9472,0,10.5924,-0.5246,-2.2321,1]},
{"frame":16,"values":[0.4175,-0.9011,-0.1174,0,0.8898,0.4316,-0.1481,0,0.1841,-0.0426,0.982,0,10.5924,-0.5246,-2.2321,1]},
{"frame":17,"values":[0.4628,-0.8862,-0.021,0,0.8837,0.4631,-0.068,0,0.07,0.0129,0.9975,0,10.5924,-0.5246,-2.2321,1]},
{"frame":18,"values":[0.508,-0.8593,0.0593,0,0.8601,0.5098,0.0191,0,-0.0466,0.0413,0.9981,0,10.5924,-0.5246,-2.2321,1]},
{"frame":19,"values":[0.5574,-0.8208,0.125,0,0.8141,0.5699,0.1114,0,-0.1627,0.0397,0.9859,0,10.5924,-0.5246,-2.2321,1]},
{"frame":20,"values":[0.6102,-0.7715,0.1802,0,0.7467,0.636,0.1946,0,-0.2647,0.0158,0.9642,0,10.5924,-0.5246,-2.2321,1]},
{"frame":21,"values":[0.6599,-0.7163,0.227,0,0.6712,0.6977,0.2505,0,-0.3378,-0.0129,0.9411,0,10.5924,-0.5246,-2.2321,1]},
{"frame":22,"values":[0.698,-0.6656,0.2642,0,0.6094,0.7459,0.2689,0,-0.3761,-0.0267,0.9262,0,10.5924,-0.5246,-2.2321,1]},
{"frame":23,"values":[0.7182,-0.6339,0.287,0,0.5819,0.7733,0.252,0,-0.3817,-0.014,0.9242,0,10.5924,-0.5246,-2.2321,1]},
{"frame":24,"values":[0.7176,-0.6329,0.2905,0,0.5973,0.7739,0.2105,0,-0.3581,0.0224,0.9334,0,10.5924,-0.5246,-2.2321,1]},
{"frame":25,"values":[0.6957,-0.6642,0.2736,0,0.6483,0.7446,0.1593,0,-0.3095,0.0666,0.9486,0,10.5924,-0.5246,-2.2321,1]},
{"frame":26,"values":[0.654,-0.7173,0.2403,0,0.7151,0.6899,0.113,0,-0.2468,0.098,0.9641,0,10.5924,-0.5246,-2.2321,1]},
{"frame":27,"values":[0.5992,-0.776,0.1969,0,0.7785,0.6222,0.0831,0,-0.187,0.1035,0.9769,0,10.5924,-0.5246,-2.2321,1]},
{"frame":28,"values":[0.5403,-0.8283,0.1486,0,0.8291,0.5541,0.0741,0,-0.1438,0.0832,0.9861,0,10.5924,-0.5246,-2.2321,1]},
{"frame":29,"values":[0.4844,-0.8693,0.0984,0,0.8663,0.4923,0.0847,0,-0.1221,0.0442,0.9915,0,10.5924,-0.5246,-2.2321,1]}],"loopBehavior":1,"name":"anim","property":"_matrix"}},
{"name":"mixamorig:LeftForeArm","index":11,"matrix":[0.9277,0,0.3732,0,0,1,0,0,-0.3732,0,0.9277,0,27.8415,-0.0001,0,1],"rest":[1,0,0,0,0,1,0,0,0,0,1,0,27.8415,-0.0001,0,1],"parentBoneIndex":10,"length":28.3288
,"animation":{"dataType":3,"framePerSecond":30,"keys":[
{"frame":1,"values":[0.9277,0,0.3732,0,0,1,0,0,-0.3732,0,0.9277,0,27.8415,-0.0001,0,1]},
{"frame":2,"values":[0.9689,0,0.2475,0,0,1,0,0,-0.2475,0,0.9689,0,27.8415,-0.0001,0,1]},
{"frame":3,"values":[0.9897,0,0.1433,0,0,1,0,0,-0.1433,0,0.9897,0,27.8415,-0.0001,0,1]},
{"frame":4,"values":[0.9972,0,0.0742,0,0,1,0,0,-0.0742,0,0.9972,0,27.8415,-0.0001,0,1]},
{"frame":5,"values":[0.999,0,0.0453,0,0,1,0,0,-0.0453,0,0.999,0,27.8415,-0.0001,0,1]},
{"frame":6,"values":[0.9989,0,0.0473,0,0,1,0,0,-0.0473,0,0.9989,0,27.8415,-0.0001,0,1]},
{"frame":7,"values":[0.9981,0,0.0616,0,0,1,0,0,-0.0616,0,0.9981,0,27.8415,-0.0001,0,1]},
{"frame":8,"values":[0.9976,0,0.0697,0,0,1,0,0,-0.0697,0,0.9976,0,27.8415,-0.0001,0,1]},
{"frame":9,"values":[0.998,0,0.0627,0,0,1,0,0,-0.0627,0,0.998,0,27.8415,-0.0001,0,1]},
{"frame":10,"values":[0.9991,0,0.0435,0,0,1,0,0,-0.0435,0,0.9991,0,27.8415,-0.0001,0,1]},
{"frame":11,"values":[0.9998,0,0.0221,0,0,1,0,0,-0.0221,0,0.9998,0,27.8415,-0.0001,0,1]},
{"frame":12,"values":[1,0,0.0071,0,0,1,0,0,-0.0071,0,1,0,27.8415,-0.0001,0,1]},
{"frame":13,"values":[1,0,0.0006,0,0,1,0,0,-0.0006,0,1,0,27.8415,-0.0001,0,1]},
{"frame":14,"values":[1,0,0,0,0,1,0,0,0,0,1,0,27.8415,-0.0001,0,1]},
{"frame":15,"values":[1,0,0.002,0,0,1,0,0,-0.002,0,1,0,27.8415,-0.0001,0,1]},
{"frame":16,"values":[0.9999,0,0.0143,0,0,1,0,0,-0.0143,0,0.9999,0,27.8415,-0.0001,0,1]},
{"frame":17,"values":[0.9991,0,0.0434,0,0,1,0,0,-0.0434,0,0.9991,0,27.8415,-0.0001,0,1]},
{"frame":18,"values":[0.9957,0,0.0929,0,0,1,0,0,-0.0929,0,0.9957,0,27.8415,-0.0001,0,1]},
{"frame":19,"values":[0.9872,0,0.1593,0,0,1,0,0,-0.1593,0,0.9872,0,27.8415,-0.0001,0,1]},
{"frame":20,"values":[0.9726,0,0.2325,0,0,1,0,0,-0.2325,0,0.9726,0,27.8415,-0.0001,0,1]},
{"frame":21,"values":[0.9534,0,0.3016,0,0,1,0,0,-0.3016,0,0.9534,0,27.8415,-0.0001,0,1]},
{"frame":22,"values":[0.9325,0,0.3611,0,0,1,0,0,-0.3611,0,0.9325,0,27.8415,-0.0001,0,1]},
{"frame":23,"values":[0.9108,0,0.4129,0,0,1,0,0,-0.4129,0,0.9108,0,27.8415,-0.0001,0,1]},
{"frame":24,"values":[0.8871,0,0.4616,0,0,1,0,0,-0.4616,0,0.8871,0,27.8415,-0.0001,0,1]},
{"frame":25,"values":[0.863,0,0.5052,0,0,1,0,0,-0.5052,0,0.863,0,27.8415,-0.0001,0,1]},
{"frame":26,"values":[0.8471,0,0.5314,0,0,1,0,0,-0.5314,0,0.8471,0,27.8415,-0.0001,0,1]},
{"frame":27,"values":[0.852,0,0.5236,0,0,1,0,0,-0.5236,0,0.852,0,27.8415,-0.0001,0,1]},
{"frame":28,"values":[0.8818,0,0.4716,0,0,1,0,0,-0.4716,0,0.8818,0,27.8415,-0.0001,0,1]},
{"frame":29,"values":[0.9277,0,0.3732,0,0,1,0,0,-0.3732,0,0.9277,0,27.8415,-0.0001,0,1]}],"loopBehavior":1,"name":"anim","property":"_matrix"}},
{"name":"mixamorig:LeftHand","index":12,"matrix":[0.834,0.2648,0.4841,0,-0.3711,0.9184,0.1369,0,-0.4083,-0.2938,0.8643,0,28.3288,0,0,1],"rest":[1,0,0,0,0,1,0,0,0,0,1,0,28.3288,0,0,1],"parentBoneIndex":11,"length":8.2279
,"animation":{"dataType":3,"framePerSecond":30,"keys":[
{"frame":1,"values":[0.834,0.2648,0.4841,0,-0.3711,0.9184,0.1369,0,-0.4083,-0.2938,0.8643,0,28.3288,0,0,1]},
{"frame":2,"values":[0.8366,0.1988,0.5104,0,-0.3462,0.914,0.2115,0,-0.4245,-0.3536,0.8335,0,28.3288,0,0,1]},
{"frame":3,"values":[0.8368,0.1565,0.5246,0,-0.3509,0.8889,0.2946,0,-0.4202,-0.4306,0.7987,0,28.3289,0,0,1]},
{"frame":4,"values":[0.8507,0.1359,0.5077,0,-0.3591,0.8556,0.3728,0,-0.3837,-0.4995,0.7767,0,28.3289,0,0,1]},
{"frame":5,"values":[0.8862,0.1264,0.4458,0,-0.3352,0.8391,0.4285,0,-0.3199,-0.5291,0.7859,0,28.3288,0,0,1]},
{"frame":6,"values":[0.9332,0.1115,0.3417,0,-0.2646,0.8565,0.4432,0,-0.2433,-0.5039,0.8288,0,28.3288,0,0,1]},
{"frame":7,"values":[0.9728,0.0833,0.2162,0,-0.1685,0.8949,0.4132,0,-0.1591,-0.4384,0.8846,0,28.3288,0,0,1]},
{"frame":8,"values":[0.9941,0.0508,0.0957,0,-0.0822,0.929,0.3608,0,-0.0706,-0.3665,0.9277,0,28.3288,0,0,1]},
{"frame":9,"values":[0.9996,0.0263,-0.0057,0,-0.0231,0.9478,0.318,0,0.0137,-0.3178,0.9481,0,28.3288,0,0,1]},
{"frame":10,"values":[0.996,0.0072,-0.0896,0,0.0203,0.953,0.3024,0,0.0875,-0.303,0.949,0,28.3288,0,0,1]},
{"frame":11,"values":[0.9864,-0.0211,-0.163,0,0.072,0.9469,0.3133,0,0.1477,-0.3208,0.9356,0,28.3288,0,0,1]},
{"frame":12,"values":[0.9717,-0.0665,-0.2265,0,0.1435,0.9284,0.3427,0,0.1875,-0.3655,0.9117,0,28.3288,0,0,1]},
{"frame":13,"values":[0.9547,-0.1193,-0.2727,0,0.2213,0.8972,0.3822,0,0.199,-0.4252,0.8829,0,28.3288,0,0,1]},
{"frame":14,"values":[0.942,-0.1649,-0.2922,0,0.2819,0.8614,0.4226,0,0.182,-0.4805,0.8579,0,28.3289,0,0,1]},
{"frame":15,"values":[0.9376,-0.2028,-0.2824,0,0.3165,0.8339,0.4521,0,0.1438,-0.5132,0.8461,0,28.3288,0,0,1]},
{"frame":16,"values":[0.9365,-0.2474,-0.2486,0,0.3389,0.821,0.4594,0,0.0905,-0.5145,0.8527,0,28.3288,0,0,1]},
{"frame":17,"values":[0.9296,-0.3088,-0.2011,0,0.3674,0.8194,0.44,0,0.0289,-0.4829,0.8752,0,28.3288,0,0,1]},
{"frame":18,"values":[0.9151,-0.3748,-0.1487,0,0.4023,0.8242,0.3985,0,-0.0268,-0.4245,0.905,0,28.3289,0,0,1]},
{"frame":19,"values":[0.9028,-0.4192,-0.0961,0,0.4253,0.8365,0.3456,0,-0.0645,-0.3528,0.9335,0,28.3288,0,0,1]},
{"frame":20,"values":[0.9029,-0.4275,-0.0456,0,0.4211,0.8578,0.2946,0,-0.0868,-0.2852,0.9545,0,28.3288,0,0,1]},
{"frame":21,"values":[0.913,-0.4079,0.0025,0,0.393,0.8814,0.2622,0,-0.1092,-0.2384,0.965,0,28.3288,0,0,1]},
{"frame":22,"values":[0.9244,-0.3778,0.0526,0,0.3524,0.8985,0.2619,0,-0.1462,-0.2235,0.9637,0,28.3288,0,0,1]},
{"frame":23,"values":[0.9338,-0.3393,0.1139,0,0.2952,0.91,0.2911,0,-0.2024,-0.2382,0.9499,0,28.3288,0,0,1]},
{"frame":24,"values":[0.9429,-0.271,0.1938,0,0.1992,0.9249,0.3239,0,-0.267,-0.2668,0.926,0,28.3288,0,0,1]},
{"frame":25,"values":[0.9456,-0.1521,0.2875,0,0.0525,0.9437,0.3266,0,-0.321,-0.2938,0.9004,0,28.3288,0,0,1]},
{"frame":26,"values":[0.9265,0.0035,0.3762,0,-0.1198,0.9507,0.2861,0,-0.3567,-0.3102,0.8812,0,28.3288,0,0,1]},
{"frame":27,"values":[0.8857,0.1472,0.4404,0,-0.2661,0.9381,0.2216,0,-0.3805,-0.3135,0.87,0,28.3288,0,0,1]},
{"frame":28,"values":[0.8473,0.2388,0.4743,0,-0.3518,0.9215,0.1645,0,-0.3978,-0.3063,0.8648,0,28.3289,0,0,1]},
