{"producer":{"name":"Blender","version":"2.79 (sub 0)","exporter_version":"5.6.4","file":"acknowledgegesture.babylon"},
"autoClear":true,"clearColor":[0.0509,0.0509,0.0509],"ambientColor":[0,0,0],"gravity":[0,-9.81,0],
"materials":[{"name":"acknowledgegesture.Material","id":"acknowledgegesture.Material","ambient":[0,0,0],"diffuse":[0,0,0],"specular":[0,0,0],"emissive":[0,0,0],"specularPower":50,"alpha":0.001,"backFaceCulling":true,"checkReadyOnlyOnce":false,"maxSimultaneousLights":4}],
"multiMaterials":[],
"skeletons":[{"name":"Armature","id":0,"dimensionsAtRest":[379.1952,391.6652,55.677],"bones":[
{"name":"mixamorig:Hips","index":0,"matrix":[0.994,-0.0551,-0.0947,0,0.0609,0.9964,0.0598,0,-0.091,0.0652,-0.9937,0,0.3746,200.3129,0.3753,1],"rest":[1,0,0,0,0,1,0,0,0,0,-1,0,0,201.6394,0,1],"parentBoneIndex":-1,"length":21.6784
,"animation":{"dataType":3,"framePerSecond":24,"keys":[
{"frame":1,"values":[0.994,-0.0551,-0.0949,0,0.0609,0.9964,0.0596,0,-0.0912,0.0651,-0.9937,0,0.3745,200.3127,0.3743,1]},
{"frame":2,"values":[0.994,-0.0548,-0.0948,0,0.0606,0.9964,0.0596,0,-0.0912,0.065,-0.9937,0,0.3833,200.3107,0.3329,1]},
{"frame":3,"values":[0.994,-0.0544,-0.0949,0,0.0602,0.9964,0.0594,0,-0.0913,0.0648,-0.9937,0,0.396,200.3087,0.289,1]},
{"frame":4,"values":[0.994,-0.054,-0.095,0,0.0597,0.9965,0.0591,0,-0.0915,0.0644,-0.9937,0,0.4109,200.3067,0.2475,1]},
{"frame":5,"values":[0.994,-0.0537,-0.0952,0,0.0594,0.9965,0.0585,0,-0.0917,0.0638,-0.9937,0,0.4331,200.3047,0.2195,1]},
{"frame":6,"values":[0.9941,-0.0515,-0.0954,0,0.0571,0.9967,0.0573,0,-0.0921,0.0624,-0.9938,0,0.4732,200.3027,0.217,1]},
{"frame":7,"values":[0.9942,-0.0492,-0.0957,0,0.0547,0.997,0.0553,0,-0.0926,0.0602,-0.9939,0,0.5706,200.3114,0.3653,1]},
{"frame":8,"values":[0.9943,-0.047,-0.0959,0,0.0523,0.9972,0.0533,0,-0.0931,0.0581,-0.994,0,0.668,200.3202,0.5136,1]},
{"frame":9,"values":[0.9944,-0.0448,-0.0961,0,0.0499,0.9974,0.0514,0,-0.0935,0.0559,-0.994,0,0.7654,200.3289,0.6619,1]},
{"frame":10,"values":[0.9944,-0.0426,-0.0963,0,0.0475,0.9977,0.0494,0,-0.094,0.0537,-0.9941,0,0.8628,200.3376,0.8102,1]},
{"frame":11,"values":[0.9945,-0.0404,-0.0965,0,0.0451,0.9979,0.0474,0,-0.0944,0.0515,-0.9942,0,0.9603,200.3464,0.9585,1]},
{"frame":12,"values":[0.9946,-0.0381,-0.0967,0,0.0427,0.9981,0.0454,0,-0.0948,0.0493,-0.9943,0,1.0577,200.3551,1.1068,1]},
{"frame":13,"values":[0.9948,-0.0359,-0.0951,0,0.0402,0.9982,0.0434,0,-0.0934,0.047,-0.9945,0,1.1551,200.3638,1.2551,1]},
{"frame":14,"values":[0.995,-0.0337,-0.0935,0,0.0377,0.9984,0.0415,0,-0.092,0.0448,-0.9948,0,1.2525,200.3726,1.4035,1]},
{"frame":15,"values":[0.9953,-0.0315,-0.0919,0,0.0352,0.9986,0.0395,0,-0.0906,0.0425,-0.995,0,1.3499,200.3813,1.5518,1]},
{"frame":16,"values":[0.9955,-0.0293,-0.0904,0,0.0328,0.9988,0.0375,0,-0.0891,0.0403,-0.9952,0,1.4473,200.39,1.7001,1]},
{"frame":17,"values":[0.9957,-0.0271,-0.0888,0,0.0303,0.9989,0.0355,0,-0.0877,0.038,-0.9954,0,1.5447,200.3988,1.8484,1]},
{"frame":18,"values":[0.9959,-0.0248,-0.0872,0,0.0279,0.999,0.0335,0,-0.0862,0.0358,-0.9956,0,1.4912,200.4075,1.9967,1]},
{"frame":19,"values":[0.9961,-0.0226,-0.0856,0,0.0254,0.9992,0.0315,0,-0.0848,0.0336,-0.9958,0,1.4377,200.4163,2.145,1]},
{"frame":20,"values":[0.9963,-0.0204,-0.084,0,0.0229,0.9993,0.0296,0,-0.0833,0.0314,-0.996,0,1.3842,200.425,2.2933,1]},
{"frame":21,"values":[0.9964,-0.0217,-0.0824,0,0.0241,0.9993,0.0276,0,-0.0817,0.0295,-0.9962,0,1.3308,200.4338,2.2198,1]},
{"frame":22,"values":[0.9965,-0.023,-0.0808,0,0.0254,0.9993,0.0289,0,-0.08,0.0309,-0.9963,0,1.2773,200.4425,2.1462,1]},
{"frame":23,"values":[0.9966,-0.0244,-0.0792,0,0.0268,0.9992,0.0303,0,-0.0784,0.0323,-0.9964,0,1.2238,200.437,2.0727,1]},
{"frame":24,"values":[0.9967,-0.0257,-0.0776,0,0.0282,0.9991,0.0317,0,-0.0767,0.0338,-0.9965,0,1.1703,200.4315,1.9992,1]},
{"frame":25,"values":[0.9967,-0.027,-0.076,0,0.0296,0.999,0.0331,0,-0.075,0.0352,-0.9966,0,1.1169,200.426,1.9256,1]},
{"frame":26,"values":[0.9968,-0.0283,-0.0744,0,0.0309,0.9989,0.0344,0,-0.0733,0.0366,-0.9966,0,1.0634,200.4205,1.8521,1]},
{"frame":27,"values":[0.9969,-0.0296,-0.0728,0,0.0323,0.9988,0.0358,0,-0.0716,0.038,-0.9967,0,1.0099,200.415,1.7785,1]},
{"frame":28,"values":[0.9968,-0.031,-0.0739,0,0.0338,0.9987,0.0372,0,-0.0727,0.0396,-0.9966,0,0.9564,200.4095,1.705,1]},
{"frame":29,"values":[0.9967,-0.0323,-0.075,0,0.0353,0.9986,0.0386,0,-0.0737,0.0411,-0.9964,0,0.9029,200.404,1.6314,1]},
{"frame":30,"values":[0.9965,-0.0336,-0.0762,0,0.0367,0.9985,0.0399,0,-0.0747,0.0426,-0.9963,0,0.8495,200.3985,1.5579,1]},
{"frame":31,"values":[0.9964,-0.0349,-0.0773,0,0.0382,0.9984,0.0413,0,-0.0758,0.0441,-0.9961,0,0.796,200.393,1.4844,1]},
{"frame":32,"values":[0.9963,-0.0362,-0.0785,0,0.0397,0.9983,0.0427,0,-0.0768,0.0456,-0.996,0,0.7425,200.3875,1.4108,1]},
{"frame":33,"values":[0.9961,-0.0376,-0.0796,0,0.0412,0.9982,0.044,0,-0.0778,0.0471,-0.9959,0,0.689,200.382,1.3373,1]},
{"frame":34,"values":[0.996,-0.0389,-0.0808,0,0.0426,0.9981,0.0454,0,-0.0789,0.0486,-0.9957,0,0.6355,200.3765,1.2637,1]},
{"frame":35,"values":[0.9958,-0.0402,-0.0819,0,0.0441,0.9979,0.0467,0,-0.0799,0.0502,-0.9955,0,0.5821,200.371,1.1902,1]},
{"frame":36,"values":[0.9957,-0.0415,-0.0831,0,0.0456,0.9978,0.0481,0,-0.0809,0.0517,-0.9954,0,0.5286,200.3655,1.1166,1]},
{"frame":37,"values":[0.9955,-0.0428,-0.0843,0,0.0471,0.9977,0.0495,0,-0.082,0.0532,-0.9952,0,0.4751,200.36,1.0431,1]},
{"frame":38,"values":[0.9954,-0.0441,-0.0854,0,0.0486,0.9975,0.0508,0,-0.083,0.0547,-0.995,0,0.4216,200.3553,0.9696,1]},
{"frame":39,"values":[0.9952,-0.0454,-0.0866,0,0.0501,0.9974,0.0522,0,-0.084,0.0563,-0.9949,0,0.3681,200.3506,0.896,1]},
{"frame":40,"values":[0.995,-0.0467,-0.0877,0,0.0516,0.9972,0.0535,0,-0.085,0.0578,-0.9947,0,0.3147,200.3459,0.8225,1]},
{"frame":41,"values":[0.9949,-0.048,-0.0889,0,0.0531,0.9971,0.0549,0,-0.086,0.0593,-0.9945,0,0.2612,200.3412,0.7489,1]},
{"frame":42,"values":[0.9947,-0.0494,-0.09,0,0.0546,0.9969,0.0563,0,-0.087,0.0609,-0.9943,0,0.2077,200.3365,0.6754,1]},
{"frame":43,"values":[0.9945,-0.0507,-0.0912,0,0.0561,0.9968,0.0576,0,-0.0879,0.0624,-0.9942,0,0.2368,200.3317,0.6018,1]},
{"frame":44,"values":[0.9944,-0.052,-0.0923,0,0.0576,0.9966,0.059,0,-0.0889,0.064,-0.994,0,0.2658,200.327,0.5283,1]},
{"frame":45,"values":[0.9942,-0.0533,-0.0935,0,0.0591,0.9964,0.0603,0,-0.0899,0.0655,-0.9938,0,0.2948,200.3223,0.4547,1]},
{"frame":46,"values":[0.994,-0.0546,-0.0946,0,0.0604,0.9964,0.0601,0,-0.091,0.0655,-0.9937,0,0.3239,200.3176,0.3812,1]},
{"frame":47,"values":[0.994,-0.0551,-0.0947,0,0.0609,0.9964,0.0598,0,-0.091,0.0652,-0.9937,0,0.3746,200.3129,0.3753,1]}],"loopBehavior":1,"name":"anim","property":"_matrix"}},
{"name":"mixamorig:Spine","index":1,"matrix":[0.9987,0.0446,-0.0242,0,-0.0431,0.9973,0.0588,0,0.0268,-0.0577,0.998,0,0.0062,19.525,-2.4818,1],"rest":[1,0,0,0,0,1,0,0,0,0,1,0,0.0062,19.525,-2.4818,1],"parentBoneIndex":0,"length":23.0091
,"animation":{"dataType":3,"framePerSecond":24,"keys":[
{"frame":1,"values":[0.9987,0.0448,-0.0242,0,-0.0433,0.9973,0.0587,0,0.0268,-0.0576,0.998,0,0.0062,19.525,-2.4818,1]},
{"frame":2,"values":[0.9987,0.0448,-0.0244,0,-0.0433,0.9973,0.0587,0,0.027,-0.0576,0.998,0,0.0062,19.525,-2.4818,1]},
{"frame":3,"values":[0.9987,0.0448,-0.0245,0,-0.0432,0.9973,0.0587,0,0.0271,-0.0576,0.998,0,0.0062,19.525,-2.4818,1]},
{"frame":4,"values":[0.9987,0.0448,-0.0247,0,-0.0433,0.9973,0.0587,0,0.0273,-0.0576,0.998,0,0.0062,19.525,-2.4818,1]},
{"frame":5,"values":[0.9987,0.0449,-0.0249,0,-0.0434,0.9973,0.0587,0,0.0274,-0.0576,0.998,0,0.0062,19.525,-2.4818,1]},
{"frame":6,"values":[0.9987,0.0451,-0.025,0,-0.0436,0.9973,0.0587,0,0.0276,-0.0576,0.998,0,0.0062,19.525,-2.4818,1]},
{"frame":7,"values":[0.9986,0.0455,-0.0252,0,-0.0439,0.9973,0.0588,0,0.0278,-0.0576,0.998,0,0.0062,19.525,-2.4818,1]},
{"frame":8,"values":[0.9986,0.0463,-0.0253,0,-0.0447,0.9972,0.0596,0,0.028,-0.0584,0.9979,0,0.0062,19.525,-2.4818,1]},
{"frame":9,"values":[0.9986,0.0471,-0.0251,0,-0.0455,0.9971,0.0605,0,0.0278,-0.0592,0.9979,0,0.0062,19.525,-2.4818,1]},
{"frame":10,"values":[0.9985,0.0479,-0.0248,0,-0.0463,0.997,0.0613,0,0.0277,-0.0601,0.9978,0,0.0062,19.525,-2.4818,1]},
{"frame":11,"values":[0.9985,0.0487,-0.0246,0,-0.0471,0.997,0.0621,0,0.0275,-0.0609,0.9978,0,0.0062,19.525,-2.4818,1]},
{"frame":12,"values":[0.9985,0.0496,-0.0243,0,-0.0479,0.9969,0.063,0,0.0274,-0.0617,0.9977,0,0.0062,19.525,-2.4818,1]},
{"frame":13,"values":[0.9984,0.0504,-0.0241,0,-0.0488,0.9968,0.0638,0,0.0272,-0.0626,0.9977,0,0.0062,19.525,-2.4818,1]},
{"frame":14,"values":[0.9984,0.0512,-0.0238,0,-0.0496,0.9967,0.0647,0,0.0271,-0.0634,0.9976,0,0.0062,19.525,-2.4818,1]},
{"frame":15,"values":[0.9984,0.052,-0.0236,0,-0.0504,0.9966,0.0655,0,0.0269,-0.0642,0.9976,0,0.0062,19.525,-2.4818,1]},
{"frame":16,"values":[0.9983,0.0528,-0.0233,0,-0.0512,0.9965,0.0664,0,0.0268,-0.065,0.9975,0,0.0062,19.525,-2.4818,1]},
{"frame":17,"values":[0.9983,0.0536,-0.0231,0,-0.052,0.9964,0.0672,0,0.0266,-0.0659,0.9975,0,0.0062,19.525,-2.4818,1]},
{"frame":18,"values":[0.9982,0.0545,-0.0231,0,-0.0528,0.9963,0.068,0,0.0268,-0.0667,0.9974,0,0.0062,19.525,-2.4818,1]},
{"frame":19,"values":[0.9982,0.0553,-0.0232,0,-0.0536,0.9962,0.0689,0,0.0269,-0.0675,0.9974,0,0.0062,19.525,-2.4818,1]},
{"frame":20,"values":[0.9982,0.0561,-0.0232,0,-0.0543,0.9961,0.0697,0,0.027,-0.0683,0.9973,0,0.0062,19.525,-2.4818,1]},
{"frame":21,"values":[0.9982,0.0556,-0.0233,0,-0.0538,0.9961,0.0706,0,0.0271,-0.0692,0.9972,0,0.0062,19.525,-2.4818,1]},
{"frame":22,"values":[0.9982,0.0551,-0.0233,0,-0.0533,0.996,0.0714,0,0.0271,-0.07,0.9972,0,0.0062,19.525,-2.4818,1]},
{"frame":23,"values":[0.9982,0.0546,-0.0234,0,-0.0528,0.996,0.0722,0,0.0272,-0.0709,0.9971,0,0.0062,19.525,-2.4818,1]},
{"frame":24,"values":[0.9983,0.0541,-0.0234,0,-0.0523,0.9961,0.0715,0,0.0272,-0.0701,0.9972,0,0.0062,19.525,-2.4818,1]},
{"frame":25,"values":[0.9983,0.0537,-0.0234,0,-0.0519,0.9961,0.0707,0,0.0271,-0.0693,0.9972,0,0.0062,19.525,-2.4818,1]},
{"frame":26,"values":[0.9983,0.0532,-0.0235,0,-0.0514,0.9962,0.0699,0,0.0271,-0.0686,0.9973,0,0.0062,19.525,-2.4818,1]},
{"frame":27,"values":[0.9983,0.0527,-0.0235,0,-0.0509,0.9963,0.0691,0,0.0271,-0.0678,0.9973,0,0.0062,19.525,-2.4818,1]},
{"frame":28,"values":[0.9984,0.0522,-0.0236,0,-0.0505,0.9964,0.0683,0,0.0271,-0.067,0.9974,0,0.0062,19.525,-2.4818,1]},
{"frame":29,"values":[0.9984,0.0517,-0.0236,0,-0.05,0.9965,0.0676,0,0.027,-0.0663,0.9974,0,0.0062,19.525,-2.4818,1]},
{"frame":30,"values":[0.9984,0.0512,-0.0237,0,-0.0495,0.9965,0.0668,0,0.027,-0.0655,0.9975,0,0.0062,19.525,-2.4818,1]},
{"frame":31,"values":[0.9984,0.0507,-0.0237,0,-0.0491,0.9966,0.066,0,0.027,-0.0647,0.9975,0,0.0062,19.525,-2.4818,1]},
{"frame":32,"values":[0.9985,0.0503,-0.0238,0,-0.0486,0.9967,0.0652,0,0.027,-0.064,0.9976,0,0.0062,19.525,-2.4818,1]},
{"frame":33,"values":[0.9985,0.0498,-0.0238,0,-0.0481,0.9968,0.0644,0,0.0269,-0.0632,0.9976,0,0.0062,19.525,-2.4818,1]},
{"frame":34,"values":[0.9985,0.0493,-0.0239,0,-0.0477,0.9968,0.0636,0,0.0269,-0.0624,0.9977,0,0.0062,19.525,-2.4818,1]},
{"frame":35,"values":[0.9985,0.0488,-0.0239,0,-0.0472,0.9969,0.0629,0,0.0269,-0.0616,0.9977,0,0.0062,19.525,-2.4818,1]},
{"frame":36,"values":[0.9985,0.0483,-0.0239,0,-0.0467,0.997,0.0621,0,0.0269,-0.0609,0.9978,0,0.0062,19.525,-2.4818,1]},
{"frame":37,"values":[0.9986,0.0478,-0.024,0,-0.0463,0.997,0.0613,0,0.0268,-0.0601,0.9978,0,0.0062,19.525,-2.4818,1]},
{"frame":38,"values":[0.9986,0.0473,-0.024,0,-0.0458,0.9971,0.0605,0,0.0268,-0.0593,0.9979,0,0.0062,19.525,-2.4818,1]},
{"frame":39,"values":[0.9986,0.0468,-0.0241,0,-0.0453,0.9972,0.0597,0,0.0268,-0.0586,0.9979,0,0.0062,19.525,-2.4818,1]},
{"frame":40,"values":[0.9986,0.0464,-0.0241,0,-0.0449,0.9973,0.059,0,0.0268,-0.0578,0.998,0,0.0062,19.525,-2.4818,1]},
{"frame":41,"values":[0.9987,0.0459,-0.0241,0,-0.0444,0.9973,0.0582,0,0.0268,-0.057,0.998,0,0.0062,19.525,-2.4818,1]},
{"frame":42,"values":[0.9987,0.0454,-0.0242,0,-0.0439,0.9973,0.0584,0,0.0268,-0.0572,0.998,0,0.0062,19.525,-2.4818,1]},
{"frame":43,"values":[0.9987,0.0449,-0.0242,0,-0.0434,0.9973,0.0586,0,0.0268,-0.0575,0.998,0,0.0062,19.525,-2.4818,1]},
{"frame":44,"values":[0.9987,0.0444,-0.0242,0,-0.0429,0.9973,0.0588,0,0.0268,-0.0577,0.998,0,0.0062,19.525,-2.4818,1]},
{"frame":45,"values":[0.9987,0.0445,-0.0242,0,-0.043,0.9973,0.0588,0,0.0268,-0.0577,0.998,0,0.0062,19.525,-2.4818,1]},
{"frame":46,"values":[0.9987,0.0446,-0.0242,0,-0.0431,0.9973,0.0588,0,0.0268,-0.0577,0.998,0,0.0062,19.525,-2.4818,1]},
{"frame":47,"values":[0.9987,0.0446,-0.0242,0,-0.0431,0.9973,0.0588,0,0.0268,-0.0577,0.998,0,0.0062,19.525,-2.4818,1]}],"loopBehavior":1,"name":"anim","property":"_matrix"}},
{"name":"mixamorig:Spine1","index":2,"matrix":[0.9996,0.0271,-0.0055,0,-0.027,0.9994,0.0202,0,0.006,-0.02,0.9998,0,-0.0009,22.835,-2.8254,1],"rest":[1,0,0,0,0,1,0,0,0,0,1,0,-0.0009,22.835,-2.8254,1],"parentBoneIndex":1,"length":26.7438
,"animation":{"dataType":3,"framePerSecond":24,"keys":[
{"frame":1,"values":[0.9996,0.0274,-0.0053,0,-0.0273,0.9994,0.0203,0,0.0059,-0.0202,0.9998,0,-0.0009,22.835,-2.8254,1]},
{"frame":4,"values":[0.9996,0.0276,-0.0053,0,-0.0275,0.9994,0.0203,0,0.0059,-0.0202,0.9998,0,-0.0009,22.835,-2.8254,1]},
{"frame":5,"values":[0.9996,0.0279,-0.0053,0,-0.0278,0.9994,0.0203,0,0.0059,-0.0202,0.9998,0,-0.0009,22.835,-2.8254,1]},
{"frame":6,"values":[0.9996,0.0285,-0.0054,0,-0.0284,0.9994,0.0205,0,0.0059,-0.0203,0.9998,0,-0.0009,22.835,-2.8254,1]},
{"frame":7,"values":[0.9996,0.0293,-0.0054,0,-0.0291,0.9993,0.0219,0,0.006,-0.0217,0.9997,0,-0.0009,22.835,-2.8254,1]},
{"frame":8,"values":[0.9995,0.031,-0.0054,0,-0.0308,0.9993,0.0232,0,0.0061,-0.023,0.9997,0,-0.0009,22.835,-2.8254,1]},
{"frame":9,"values":[0.9995,0.0327,-0.0054,0,-0.0325,0.9992,0.0246,0,0.0062,-0.0244,0.9997,0,-0.0009,22.835,-2.8254,1]},
{"frame":10,"values":[0.9994,0.0344,-0.0054,0,-0.0342,0.9991,0.0259,0,0.0063,-0.0257,0.9996,0,-0.0009,22.835,-2.8254,1]},
{"frame":11,"values":[0.9993,0.0361,-0.0055,0,-0.0359,0.999,0.0273,0,0.0065,-0.0271,0.9996,0,-0.0009,22.835,-2.8254,1]},
{"frame":12,"values":[0.9993,0.0378,-0.0055,0,-0.0376,0.9989,0.0287,0,0.0066,-0.0285,0.9996,0,-0.0009,22.835,-2.8254,1]},
{"frame":13,"values":[0.9992,0.0395,-0.0055,0,-0.0393,0.9988,0.03,0,0.0067,-0.0298,0.9995,0,-0.0009,22.835,-2.8254,1]},
{"frame":14,"values":[0.9991,0.0412,-0.0055,0,-0.041,0.9987,0.0314,0,0.0068,-0.0312,0.9995,0,-0.0009,22.835,-2.8254,1]},
{"frame":15,"values":[0.9991,0.0429,-0.0055,0,-0.0427,0.9986,0.0328,0,0.0069,-0.0325,0.9994,0,-0.0009,22.835,-2.8254,1]},
{"frame":16,"values":[0.999,0.0446,-0.0055,0,-0.0444,0.9984,0.0341,0,0.0071,-0.0339,0.9994,0,-0.0009,22.835,-2.8254,1]},
{"frame":17,"values":[0.9989,0.0463,-0.0056,0,-0.0461,0.9983,0.0355,0,0.0072,-0.0352,0.9994,0,-0.0009,22.835,-2.8254,1]},
{"frame":18,"values":[0.9988,0.048,-0.0056,0,-0.0478,0.9982,0.0369,0,0.0073,-0.0366,0.9993,0,-0.0009,22.835,-2.8254,1]},
{"frame":19,"values":[0.9987,0.0497,-0.0056,0,-0.0495,0.998,0.0382,0,0.0075,-0.0379,0.9993,0,-0.0009,22.835,-2.8254,1]},
{"frame":20,"values":[0.9987,0.0514,-0.0056,0,-0.0511,0.9979,0.0396,0,0.0076,-0.0393,0.9992,0,-0.0009,22.835,-2.8254,1]},
{"frame":21,"values":[0.9987,0.0504,-0.0056,0,-0.0501,0.9979,0.041,0,0.0076,-0.0406,0.9991,0,-0.0009,22.835,-2.8254,1]},
{"frame":22,"values":[0.9988,0.0493,-0.0056,0,-0.0491,0.9979,0.0423,0,0.0077,-0.042,0.9991,0,-0.0009,22.835,-2.8254,1]},
{"frame":23,"values":[0.9988,0.0483,-0.0056,0,-0.048,0.998,0.0411,0,0.0076,-0.0408,0.9991,0,-0.0009,22.835,-2.8254,1]},
{"frame":24,"values":[0.9989,0.0473,-0.0056,0,-0.047,0.9981,0.0399,0,0.0075,-0.0396,0.9992,0,-0.0009,22.835,-2.8254,1]},
{"frame":25,"values":[0.9989,0.0463,-0.0056,0,-0.046,0.9982,0.0387,0,0.0074,-0.0384,0.9992,0,-0.0009,22.835,-2.8254,1]},
{"frame":26,"values":[0.999,0.0452,-0.0055,0,-0.045,0.9983,0.0374,0,0.0071,-0.0371,0.9993,0,-0.0009,22.835,-2.8254,1]},
{"frame":27,"values":[0.999,0.0442,-0.0053,0,-0.044,0.9984,0.0362,0,0.0069,-0.0359,0.9993,0,-0.0009,22.835,-2.8254,1]},
{"frame":28,"values":[0.9991,0.0432,-0.0051,0,-0.043,0.9985,0.035,0,0.0066,-0.0347,0.9994,0,-0.0009,22.835,-2.8254,1]},
{"frame":29,"values":[0.9991,0.0421,-0.0049,0,-0.042,0.9985,0.0338,0,0.0063,-0.0335,0.9994,0,-0.0009,22.835,-2.8254,1]},
{"frame":30,"values":[0.9991,0.0411,-0.0047,0,-0.0409,0.9986,0.0325,0,0.0061,-0.0323,0.9995,0,-0.0009,22.835,-2.8254,1]},
{"frame":31,"values":[0.9992,0.0401,-0.0045,0,-0.0399,0.9987,0.0313,0,0.0058,-0.0311,0.9995,0,-0.0009,22.835,-2.8254,1]},
{"frame":32,"values":[0.9992,0.0391,-0.0044,0,-0.0389,0.9988,0.0301,0,0.0055,-0.0299,0.9995,0,-0.0009,22.835,-2.8254,1]},
{"frame":33,"values":[0.9993,0.038,-0.0044,0,-0.0379,0.9989,0.0289,0,0.0055,-0.0287,0.9996,0,-0.0009,22.835,-2.8254,1]},
{"frame":34,"values":[0.9993,0.037,-0.0045,0,-0.0369,0.9989,0.0276,0,0.0056,-0.0274,0.9996,0,-0.0009,22.835,-2.8254,1]},
{"frame":35,"values":[0.9993,0.036,-0.0046,0,-0.0358,0.999,0.0264,0,0.0056,-0.0262,0.9996,0,-0.0009,22.835,-2.8254,1]},
{"frame":36,"values":[0.9994,0.0349,-0.0047,0,-0.0348,0.9991,0.0252,0,0.0056,-0.025,0.9997,0,-0.0009,22.835,-2.8254,1]},
{"frame":37,"values":[0.9994,0.0339,-0.0048,0,-0.0338,0.9991,0.024,0,0.0056,-0.0238,0.9997,0,-0.0009,22.835,-2.8254,1]},
{"frame":38,"values":[0.9994,0.0329,-0.0049,0,-0.0328,0.9992,0.0227,0,0.0056,-0.0226,0.9997,0,-0.0009,22.835,-2.8254,1]},
{"frame":39,"values":[0.9995,0.0319,-0.005,0,-0.0317,0.9993,0.0215,0,0.0057,-0.0213,0.9998,0,-0.0009,22.835,-2.8254,1]},
{"frame":40,"values":[0.9995,0.0308,-0.0051,0,-0.0307,0.9993,0.0203,0,0.0057,-0.0201,0.9998,0,-0.0009,22.835,-2.8254,1]},
{"frame":41,"values":[0.9995,0.0298,-0.0051,0,-0.0297,0.9994,0.0191,0,0.0057,-0.0189,0.9998,0,-0.0009,22.835,-2.8254,1]},
{"frame":42,"values":[0.9996,0.0288,-0.0052,0,-0.0287,0.9994,0.0193,0,0.0058,-0.0191,0.9998,0,-0.0009,22.835,-2.8254,1]},
{"frame":43,"values":[0.9996,0.0277,-0.0053,0,-0.0276,0.9994,0.0195,0,0.0059,-0.0193,0.9998,0,-0.0009,22.835,-2.8254,1]},
{"frame":44,"values":[0.9996,0.0267,-0.0054,0,-0.0266,0.9995,0.0197,0,0.0059,-0.0196,0.9998,0,-0.0009,22.835,-2.8254,1]},
{"frame":45,"values":[0.9996,0.0268,-0.0055,0,-0.0267,0.9994,0.0199,0,0.006,-0.0198,0.9998,0,-0.0009,22.835,-2.8254,1]},
{"frame":46,"values":[0.9996,0.0269,-0.0055,0,-0.0268,0.9994,0.0202,0,0.006,-0.02,0.9998,0,-0.0009,22.835,-2.8254,1]},
{"frame":47,"values":[0.9996,0.0271,-0.0055,0,-0.027,0.9994,0.0202,0,0.006,-0.02,0.9998,0,-0.0009,22.835,-2.8254,1]}],"loopBehavior":1,"name":"anim","property":"_matrix"}},
{"name":"mixamorig:Spine2","index":3,"matrix":[0.9996,0.0271,-0.006,0,-0.027,0.9994,0.0197,0,0.0065,-0.0196,0.9998,0,-0.0206,26.5525,-3.1933,1],"rest":[1,0,0,0,0,1,0,0,0,0,1,0,-0.0206,26.5525,-3.1933,1],"parentBoneIndex":2,"length":24.825
,"animation":{"dataType":3,"framePerSecond":24,"keys":[
{"frame":1,"values":[0.9996,0.0274,-0.0057,0,-0.0273,0.9994,0.0198,0,0.0062,-0.0197,0.9998,0,-0.0206,26.5525,-3.1933,1]},
{"frame":4,"values":[0.9996,0.0276,-0.0057,0,-0.0275,0.9994,0.0198,0,0.0062,-0.0197,0.9998,0,-0.0206,26.5525,-3.1933,1]},
{"frame":5,"values":[0.9996,0.028,-0.0057,0,-0.0279,0.9994,0.0198,0,0.0063,-0.0197,0.9998,0,-0.0206,26.5525,-3.1933,1]},
{"frame":6,"values":[0.9996,0.0286,-0.0057,0,-0.0284,0.9994,0.0201,0,0.0063,-0.0199,0.9998,0,-0.0206,26.5525,-3.1933,1]},
{"frame":7,"values":[0.9996,0.0293,-0.0058,0,-0.0292,0.9994,0.0205,0,0.0063,-0.0203,0.9998,0,-0.0206,26.5525,-3.1933,1]},
{"frame":8,"values":[0.9995,0.031,-0.0058,0,-0.0309,0.9993,0.0219,0,0.0065,-0.0217,0.9997,0,-0.0206,26.5525,-3.1933,1]},
{"frame":9,"values":[0.9994,0.0327,-0.0058,0,-0.0326,0.9992,0.0234,0,0.0066,-0.0232,0.9997,0,-0.0206,26.5525,-3.1933,1]},
{"frame":10,"values":[0.9994,0.0344,-0.0058,0,-0.0343,0.9991,0.0248,0,0.0067,-0.0246,0.9997,0,-0.0206,26.5525,-3.1933,1]},
{"frame":11,"values":[0.9993,0.0361,-0.0059,0,-0.036,0.999,0.0262,0,0.0068,-0.026,0.9996,0,-0.0206,26.5525,-3.1933,1]},
{"frame":12,"values":[0.9993,0.0378,-0.0059,0,-0.0376,0.9989,0.0276,0,0.0069,-0.0274,0.9996,0,-0.0206,26.5525,-3.1933,1]},
{"frame":13,"values":[0.9992,0.0395,-0.0059,0,-0.0393,0.9988,0.0291,0,0.007,-0.0288,0.9996,0,-0.0206,26.5525,-3.1933,1]},
{"frame":14,"values":[0.9991,0.0412,-0.0059,0,-0.041,0.9987,0.0305,0,0.0072,-0.0302,0.9995,0,-0.0206,26.5525,-3.1933,1]},
{"frame":15,"values":[0.9991,0.0429,-0.0059,0,-0.0427,0.9986,0.0319,0,0.0073,-0.0316,0.9995,0,-0.0206,26.5525,-3.1933,1]},
{"frame":16,"values":[0.999,0.0446,-0.0059,0,-0.0444,0.9985,0.0334,0,0.0074,-0.0331,0.9994,0,-0.0206,26.5525,-3.1933,1]},
{"frame":17,"values":[0.9989,0.0463,-0.0059,0,-0.0461,0.9983,0.0348,0,0.0075,-0.0345,0.9994,0,-0.0206,26.5525,-3.1933,1]},
{"frame":18,"values":[0.9988,0.0481,-0.0059,0,-0.0478,0.9982,0.0362,0,0.0077,-0.0359,0.9993,0,-0.0206,26.5525,-3.1933,1]},
{"frame":19,"values":[0.9987,0.0498,-0.0059,0,-0.0495,0.9981,0.0376,0,0.0078,-0.0373,0.9993,0,-0.0206,26.5525,-3.1933,1]},
{"frame":20,"values":[0.9987,0.0515,-0.0059,0,-0.0512,0.9979,0.0391,0,0.0079,-0.0387,0.9992,0,-0.0206,26.5525,-3.1933,1]},
{"frame":21,"values":[0.9987,0.0505,-0.006,0,-0.0502,0.9979,0.0405,0,0.008,-0.0401,0.9992,0,-0.0206,26.5525,-3.1933,1]},
{"frame":22,"values":[0.9988,0.0495,-0.006,0,-0.0492,0.9979,0.0419,0,0.008,-0.0416,0.9991,0,-0.0206,26.5525,-3.1933,1]},
{"frame":23,"values":[0.9988,0.0485,-0.006,0,-0.0482,0.998,0.0407,0,0.008,-0.0404,0.9992,0,-0.0206,26.5525,-3.1933,1]},
{"frame":24,"values":[0.9989,0.0475,-0.006,0,-0.0472,0.9981,0.0395,0,0.0079,-0.0391,0.9992,0,-0.0206,26.5525,-3.1933,1]},
{"frame":25,"values":[0.9989,0.0465,-0.006,0,-0.0463,0.9982,0.0382,0,0.0078,-0.0379,0.9993,0,-0.0206,26.5525,-3.1933,1]},
{"frame":26,"values":[0.9989,0.0455,-0.0058,0,-0.0453,0.9983,0.037,0,0.0075,-0.0367,0.9993,0,-0.0206,26.5525,-3.1933,1]},
{"frame":27,"values":[0.999,0.0445,-0.0056,0,-0.0443,0.9984,0.0358,0,0.0072,-0.0355,0.9993,0,-0.0206,26.5525,-3.1933,1]},
{"frame":28,"values":[0.999,0.0436,-0.0054,0,-0.0433,0.9985,0.0346,0,0.0069,-0.0343,0.9994,0,-0.0206,26.5525,-3.1933,1]},
{"frame":29,"values":[0.9991,0.0426,-0.0052,0,-0.0424,0.9985,0.0333,0,0.0066,-0.0331,0.9994,0,-0.0206,26.5525,-3.1933,1]},
{"frame":30,"values":[0.9991,0.0416,-0.005,0,-0.0414,0.9986,0.0321,0,0.0063,-0.0319,0.9995,0,-0.0206,26.5525,-3.1933,1]},
{"frame":31,"values":[0.9992,0.0406,-0.0048,0,-0.0404,0.9987,0.0309,0,0.006,-0.0307,0.9995,0,-0.0206,26.5525,-3.1933,1]},
{"frame":32,"values":[0.9992,0.0396,-0.0046,0,-0.0395,0.9988,0.0297,0,0.0057,-0.0295,0.9995,0,-0.0206,26.5525,-3.1933,1]},
{"frame":33,"values":[0.9992,0.0386,-0.0047,0,-0.0385,0.9989,0.0284,0,0.0058,-0.0282,0.9996,0,-0.0206,26.5525,-3.1933,1]},
{"frame":34,"values":[0.9993,0.0376,-0.0048,0,-0.0375,0.9989,0.0272,0,0.0058,-0.027,0.9996,0,-0.0206,26.5525,-3.1933,1]},
{"frame":35,"values":[0.9993,0.0366,-0.0049,0,-0.0365,0.999,0.026,0,0.0058,-0.0258,0.9997,0,-0.0206,26.5525,-3.1933,1]},
{"frame":36,"values":[0.9994,0.0357,-0.005,0,-0.0355,0.9991,0.0247,0,0.0059,-0.0246,0.9997,0,-0.0206,26.5525,-3.1933,1]},
{"frame":37,"values":[0.9994,0.0347,-0.0051,0,-0.0345,0.9991,0.0235,0,0.0059,-0.0233,0.9997,0,-0.0206,26.5525,-3.1933,1]},
{"frame":38,"values":[0.9994,0.0337,-0.0052,0,-0.0336,0.9992,0.0223,0,0.006,-0.0221,0.9997,0,-0.0206,26.5525,-3.1933,1]},
{"frame":39,"values":[0.9995,0.0327,-0.0053,0,-0.0326,0.9992,0.0211,0,0.006,-0.0209,0.9998,0,-0.0206,26.5525,-3.1933,1]},
{"frame":40,"values":[0.9995,0.0317,-0.0054,0,-0.0316,0.9993,0.0198,0,0.0061,-0.0197,0.9998,0,-0.0206,26.5525,-3.1933,1]},
{"frame":41,"values":[0.9995,0.0307,-0.0055,0,-0.0306,0.9994,0.0186,0,0.0061,-0.0184,0.9998,0,-0.0206,26.5525,-3.1933,1]},
{"frame":42,"values":[0.9995,0.0297,-0.0056,0,-0.0296,0.9994,0.0188,0,0.0062,-0.0187,0.9998,0,-0.0206,26.5525,-3.1933,1]},
{"frame":43,"values":[0.9996,0.0287,-0.0057,0,-0.0286,0.9994,0.0191,0,0.0063,-0.0189,0.9998,0,-0.0206,26.5525,-3.1933,1]},
{"frame":44,"values":[0.9996,0.0277,-0.0059,0,-0.0276,0.9994,0.0193,0,0.0064,-0.0191,0.9998,0,-0.0206,26.5525,-3.1933,1]},
{"frame":45,"values":[0.9996,0.0268,-0.006,0,-0.0266,0.9995,0.0195,0,0.0065,-0.0193,0.9998,0,-0.0206,26.5525,-3.1933,1]},
{"frame":46,"values":[0.9996,0.0269,-0.006,0,-0.0268,0.9994,0.0197,0,0.0065,-0.0196,0.9998,0,-0.0206,26.5525,-3.1933,1]},
{"frame":47,"values":[0.9996,0.0271,-0.006,0,-0.027,0.9994,0.0197,0,0.0065,-0.0196,0.9998,0,-0.0206,26.5525,-3.1933,1]}],"loopBehavior":1,"name":"anim","property":"_matrix"}},
{"name":"mixamorig:Neck","index":4,"matrix":[1,0.0079,0.0022,0,-0.0081,0.9951,0.0981,0,-0.0014,-0.0981,0.9952,0,-0.06,30.7018,1.3522,1],"rest":[1,0,0,0,0,1,0,0,0,0,1,0,-0.06,30.7018,1.3522,1],"parentBoneIndex":3,"length":22.8446
,"animation":{"dataType":3,"framePerSecond":24,"keys":[
{"frame":1,"values":[1,0.0077,0.0024,0,-0.0079,0.9952,0.098,0,-0.0016,-0.098,0.9952,0,-0.06,30.7018,1.3522,1]},
{"frame":2,"values":[1,0.0077,0.0024,0,-0.0078,0.9952,0.0979,0,-0.0016,-0.0979,0.9952,0,-0.06,30.7018,1.3522,1]},
{"frame":3,"values":[1,0.0074,0.0023,0,-0.0076,0.9952,0.0973,0,-0.0016,-0.0973,0.9953,0,-0.06,30.7018,1.3522,1]},
{"frame":4,"values":[1,0.0073,0.0024,0,-0.0075,0.9953,0.0963,0,-0.0017,-0.0963,0.9953,0,-0.06,30.7018,1.3522,1]},
{"frame":5,"values":[1,0.0079,0.0027,0,-0.0082,0.9954,0.0951,0,-0.0019,-0.0951,0.9955,0,-0.06,30.7018,1.3522,1]},
{"frame":6,"values":[0.9999,0.0105,0.0042,0,-0.0108,0.9955,0.094,0,-0.0032,-0.094,0.9956,0,-0.06,30.7018,1.3522,1]},
{"frame":7,"values":[0.9999,0.015,0.0069,0,-0.0156,0.9955,0.0937,0,-0.0055,-0.0938,0.9956,0,-0.06,30.7018,1.3522,1]},
{"frame":8,"values":[0.9997,0.021,0.0099,0,-0.0219,0.994,0.1071,0,-0.0076,-0.1073,0.9942,0,-0.06,30.7018,1.3522,1]},
{"frame":9,"values":[0.9996,0.0256,0.011,0,-0.0268,0.9924,0.1205,0,-0.0079,-0.1207,0.9927,0,-0.06,30.7018,1.3522,1]},
{"frame":10,"values":[0.9995,0.0302,0.0123,0,-0.0316,0.9905,0.1338,0,-0.0081,-0.1341,0.9909,0,-0.06,30.7018,1.3522,1]},
{"frame":11,"values":[0.9993,0.0348,0.0135,0,-0.0364,0.9884,0.1471,0,-0.0083,-0.1475,0.989,0,-0.06,30.7018,1.3522,1]},
{"frame":12,"values":[0.9992,0.0394,0.0101,0,-0.0405,0.9862,0.1604,0,-0.0036,-0.1607,0.987,0,-0.06,30.7018,1.3522,1]},
{"frame":13,"values":[0.999,0.044,0.0067,0,-0.0445,0.9838,0.1737,0,0.0011,-0.1738,0.9848,0,-0.06,30.7018,1.3522,1]},
{"frame":14,"values":[0.9993,0.0385,0.0034,0,-0.0385,0.9816,0.187,0,0.0038,-0.187,0.9824,0,-0.06,30.7018,1.3522,1]},
{"frame":15,"values":[0.9995,0.033,0.0001,0,-0.0323,0.9792,0.2002,0,0.0065,-0.2001,0.9797,0,-0.06,30.7018,1.3522,1]},
{"frame":16,"values":[0.9996,0.0275,-0.0033,0,-0.0262,0.9766,0.2134,0,0.0091,-0.2132,0.977,0,-0.06,30.7018,1.3522,1]},
{"frame":17,"values":[0.9997,0.0221,-0.0068,0,-0.02,0.9738,0.2265,0,0.0116,-0.2263,0.974,0,-0.06,30.7018,1.3522,1]},
{"frame":18,"values":[0.9998,0.0168,-0.0103,0,-0.0138,0.9708,0.2396,0,0.014,-0.2394,0.9708,0,-0.06,30.7018,1.3522,1]},
{"frame":19,"values":[0.9998,0.0115,-0.0139,0,-0.0076,0.9675,0.2526,0,0.0164,-0.2524,0.9675,0,-0.06,30.7018,1.3522,1]},
{"frame":20,"values":[0.9999,0.0061,-0.0111,0,-0.0029,0.9641,0.2656,0,0.0123,-0.2655,0.964,0,-0.06,30.7018,1.3522,1]},
{"frame":21,"values":[1,0.0006,-0.0082,0,0.0017,0.9604,0.2785,0,0.0081,-0.2785,0.9604,0,-0.06,30.7018,1.3522,1]},
{"frame":22,"values":[1,0.005,-0.0054,0,-0.0032,0.9566,0.2914,0,0.0066,-0.2914,0.9566,0,-0.06,30.7018,1.3522,1]},
{"frame":23,"values":[1,0.0094,-0.0024,0,-0.0083,0.9589,0.2836,0,0.005,-0.2836,0.9589,0,-0.06,30.7018,1.3522,1]},
{"frame":24,"values":[0.9999,0.0137,0.0005,0,-0.0133,0.9611,0.2758,0,0.0033,-0.2758,0.9612,0,-0.06,30.7018,1.3522,1]},
{"frame":25,"values":[0.9998,0.0181,0.0034,0,-0.0184,0.9633,0.2679,0,0.0015,-0.2679,0.9634,0,-0.06,30.7019,1.3522,1]},
{"frame":26,"values":[0.9997,0.0225,0.0063,0,-0.0234,0.9653,0.26,0,-0.0002,-0.2601,0.9656,0,-0.06,30.7018,1.3522,1]},
{"frame":27,"values":[0.9996,0.027,0.0091,0,-0.0284,0.9673,0.2521,0,-0.002,-0.2522,0.9677,0,-0.06,30.7018,1.3522,1]},
{"frame":28,"values":[0.9994,0.0314,0.0119,0,-0.0334,0.9692,0.2441,0,-0.0039,-0.2443,0.9697,0,-0.06,30.7018,1.3522,1]},
{"frame":29,"values":[0.9992,0.0359,0.0147,0,-0.0384,0.971,0.2361,0,-0.0058,-0.2365,0.9716,0,-0.06,30.7018,1.3522,1]},
{"frame":30,"values":[0.999,0.0404,0.0174,0,-0.0433,0.9727,0.228,0,-0.0077,-0.2286,0.9735,0,-0.06,30.7018,1.3522,1]},
{"frame":31,"values":[0.9989,0.0448,0.0165,0,-0.0473,0.9743,0.2201,0,-0.0062,-0.2206,0.9753,0,-0.06,30.7018,1.3522,1]},
{"frame":32,"values":[0.999,0.0424,0.0154,0,-0.0447,0.9762,0.2121,0,-0.006,-0.2125,0.9771,0,-0.06,30.7018,1.3522,1]},
{"frame":33,"values":[0.9991,0.04,0.0143,0,-0.0421,0.9781,0.2041,0,-0.0058,-0.2045,0.9789,0,-0.06,30.7018,1.3522,1]},
{"frame":34,"values":[0.9992,0.0376,0.0133,0,-0.0395,0.9798,0.196,0,-0.0056,-0.1964,0.9805,0,-0.06,30.7019,1.3522,1]},
{"frame":35,"values":[0.9993,0.0352,0.0122,0,-0.0369,0.9815,0.188,0,-0.0054,-0.1883,0.9821,0,-0.06,30.7019,1.3522,1]},
{"frame":36,"values":[0.9994,0.0328,0.0112,0,-0.0343,0.9831,0.18,0,-0.0051,-0.1802,0.9836,0,-0.06,30.7018,1.3522,1]},
{"frame":37,"values":[0.9995,0.0304,0.0102,0,-0.0317,0.9846,0.1719,0,-0.0048,-0.1721,0.9851,0,-0.06,30.7018,1.3522,1]},
{"frame":38,"values":[0.9996,0.0279,0.0092,0,-0.029,0.9861,0.1638,0,-0.0045,-0.164,0.9865,0,-0.06,30.7018,1.3522,1]},
{"frame":39,"values":[0.9996,0.0255,0.0083,0,-0.0264,0.9875,0.1557,0,-0.0042,-0.1559,0.9878,0,-0.06,30.7018,1.3522,1]},
{"frame":40,"values":[0.9997,0.023,0.0074,0,-0.0238,0.9888,0.1476,0,-0.0039,-0.1477,0.989,0,-0.06,30.7018,1.3522,1]},
{"frame":41,"values":[0.9998,0.0205,0.0064,0,-0.0212,0.99,0.1395,0,-0.0035,-0.1396,0.9902,0,-0.06,30.7018,1.3522,1]},
{"frame":42,"values":[0.9998,0.0181,0.0055,0,-0.0186,0.9912,0.1313,0,-0.0031,-0.1314,0.9913,0,-0.06,30.7018,1.3522,1]},
{"frame":43,"values":[0.9999,0.0156,0.0047,0,-0.0161,0.9923,0.1232,0,-0.0027,-0.1232,0.9924,0,-0.06,30.7018,1.3522,1]},
{"frame":44,"values":[0.9999,0.0131,0.0038,0,-0.0135,0.9933,0.115,0,-0.0023,-0.1151,0.9934,0,-0.06,30.7018,1.3522,1]},
{"frame":45,"values":[0.9999,0.0106,0.003,0,-0.0109,0.9942,0.1069,0,-0.0018,-0.1069,0.9943,0,-0.06,30.7018,1.3522,1]},
{"frame":46,"values":[1,0.0081,0.0022,0,-0.0083,0.9951,0.0987,0,-0.0014,-0.0987,0.9951,0,-0.06,30.7019,1.3522,1]},
{"frame":47,"values":[1,0.0079,0.0022,0,-0.0081,0.9951,0.0981,0,-0.0014,-0.0981,0.9952,0,-0.06,30.7018,1.3522,1]}],"loopBehavior":1,"name":"anim","property":"_matrix"}},
{"name":"mixamorig:Head","index":5,"matrix":[0.9997,-0.0045,-0.0235,0,0.0014,0.9913,-0.1316,0,0.0239,0.1316,0.991,0,-0.0872,22.5476,3.6709,1],"rest":[1,0,0,0,0,1,0,0,0,0,1,0,-0.0872,22.5476,3.6709,1],"parentBoneIndex":4,"length":30.5923
,"animation":{"dataType":3,"framePerSecond":24,"keys":[
{"frame":1,"values":[0.9997,-0.0046,-0.0235,0,0.0014,0.9913,-0.1317,0,0.0239,0.1316,0.991,0,-0.0872,22.5476,3.6709,1]},
{"frame":2,"values":[0.9997,-0.0051,-0.0229,0,0.0021,0.9914,-0.1308,0,0.0233,0.1307,0.9911,0,-0.0872,22.5476,3.6709,1]},
{"frame":3,"values":[0.9997,-0.0062,-0.0225,0,0.0032,0.9914,-0.1312,0,0.0231,0.1311,0.9911,0,-0.0872,22.5476,3.6709,1]},
{"frame":4,"values":[0.9997,-0.0076,-0.0225,0,0.0045,0.9911,-0.1334,0,0.0233,0.1333,0.9908,0,-0.0872,22.5476,3.6709,1]},
{"frame":5,"values":[0.9997,-0.0083,-0.0217,0,0.0052,0.9906,-0.1367,0,0.0226,0.1366,0.9904,0,-0.0872,22.5476,3.6709,1]},
{"frame":6,"values":[0.9998,-0.009,-0.0166,0,0.0063,0.9882,-0.1533,0,0.0178,0.1532,0.988,0,-0.0872,22.5476,3.6709,1]},
{"frame":7,"values":[0.9999,-0.0081,-0.0067,0,0.0067,0.982,-0.1885,0,0.0081,0.1885,0.982,0,-0.0872,22.5476,3.6709,1]},
{"frame":8,"values":[1,-0.0025,0.0042,0,0.0034,0.9721,-0.2344,0,-0.0035,0.2345,0.9721,0,-0.0872,22.5476,3.6709,1]},
{"frame":9,"values":[0.9999,0.0048,0.0108,0,-0.0016,0.9597,-0.2811,0,-0.0117,0.281,0.9596,0,-0.0872,22.5476,3.6709,1]},
{"frame":10,"values":[0.9999,0.0121,0.0117,0,-0.0079,0.9524,-0.3046,0,-0.0149,0.3045,0.9524,0,-0.0872,22.5476,3.6709,1]},
{"frame":11,"values":[0.9998,0.0194,-0.0054,0,-0.0201,0.9445,-0.328,0,-0.0012,0.328,0.9447,0,-0.0872,22.5476,3.6709,1]},
{"frame":12,"values":[0.9997,0.0097,-0.0226,0,-0.017,0.9362,-0.3511,0,0.0178,0.3514,0.9361,0,-0.0872,22.5476,3.6709,1]},
{"frame":13,"values":[0.9992,-0.0008,-0.0393,0,-0.0125,0.9416,-0.3365,0,0.0373,0.3367,0.9409,0,-0.0872,22.5476,3.6709,1]},
{"frame":14,"values":[0.9984,-0.011,-0.0562,0,-0.0077,0.9468,-0.3218,0,0.0567,0.3217,0.9451,0,-0.0872,22.5477,3.6709,1]},
{"frame":15,"values":[0.9971,-0.0209,-0.0732,0,-0.0026,0.9516,-0.3072,0,0.0761,0.3065,0.9488,0,-0.0872,22.5476,3.6709,1]},
{"frame":16,"values":[0.9954,-0.0305,-0.0903,0,0.0028,0.9562,-0.2926,0,0.0953,0.291,0.952,0,-0.0872,22.5476,3.6709,1]},
{"frame":17,"values":[0.9934,-0.0399,-0.1076,0,0.0085,0.9605,-0.278,0,0.1144,0.2753,0.9545,0,-0.0872,22.5477,3.6709,1]},
{"frame":18,"values":[0.991,-0.049,-0.1249,0,0.0144,0.9646,-0.2635,0,0.1334,0.2593,0.9565,0,-0.0872,22.5476,3.6709,1]},
{"frame":19,"values":[0.9881,-0.0577,-0.1423,0,0.0207,0.9683,-0.249,0,0.1522,0.2431,0.958,0,-0.0872,22.5476,3.6709,1]},
{"frame":20,"values":[0.9889,-0.0674,-0.1327,0,0.0346,0.9714,-0.235,0,0.1448,0.2278,0.9629,0,-0.0872,22.5476,3.6709,1]},
{"frame":21,"values":[0.9894,-0.0771,-0.1233,0,0.0484,0.9741,-0.2208,0,0.1371,0.2125,0.9675,0,-0.0872,22.5476,3.6709,1]},
{"frame":22,"values":[0.991,-0.0703,-0.1139,0,0.0457,0.9774,-0.2064,0,0.1259,0.1993,0.9718,0,-0.0872,22.5476,3.6709,1]},
{"frame":23,"values":[0.9925,-0.0637,-0.1045,0,0.0427,0.9805,-0.1919,0,0.1147,0.186,0.9758,0,-0.0872,22.5476,3.6709,1]},
{"frame":24,"values":[0.9938,-0.0572,-0.095,0,0.0396,0.9833,-0.1775,0,0.1035,0.1726,0.9795,0,-0.0872,22.5476,3.6709,1]},
{"frame":25,"values":[0.9951,-0.0508,-0.0853,0,0.0363,0.986,-0.163,0,0.0924,0.1591,0.9829,0,-0.0872,22.5476,3.6709,1]},
{"frame":26,"values":[0.9961,-0.0445,-0.0756,0,0.0329,0.9884,-0.1485,0,0.0813,0.1455,0.986,0,-0.0872,22.5476,3.6709,1]},
{"frame":27,"values":[0.9971,-0.0384,-0.0657,0,0.0293,0.9905,-0.1341,0,0.0703,0.1318,0.9888,0,-0.0872,22.5476,3.6709,1]},
{"frame":28,"values":[0.9979,-0.0319,-0.0561,0,0.024,0.9903,-0.1371,0,0.0599,0.1354,0.989,0,-0.0872,22.5476,3.6709,1]},
{"frame":29,"values":[0.9986,-0.0254,-0.0465,0,0.0187,0.99,-0.1401,0,0.0496,0.139,0.9891,0,-0.0872,22.5476,3.6709,1]},
{"frame":30,"values":[0.9991,-0.0189,-0.0369,0,0.0134,0.9896,-0.1431,0,0.0392,0.1425,0.989,0,-0.0872,22.5476,3.6709,1]},
{"frame":31,"values":[0.9996,-0.0123,-0.0273,0,0.0082,0.9892,-0.1463,0,0.0288,0.146,0.9889,0,-0.0872,22.5476,3.6709,1]},
{"frame":32,"values":[0.9998,-0.0057,-0.0176,0,0.0032,0.9902,-0.1399,0,0.0183,0.1398,0.99,0,-0.0872,22.5476,3.6709,1]},
{"frame":33,"values":[1,0.0008,-0.008,0,-0.0019,0.991,-0.1335,0,0.0078,0.1335,0.991,0,-0.0872,22.5476,3.6709,1]},
{"frame":34,"values":[0.9999,0.0074,-0.0093,0,-0.0085,0.9918,-0.1272,0,0.0082,0.1272,0.9918,0,-0.0872,22.5476,3.6709,1]},
{"frame":35,"values":[0.9998,0.0139,-0.0105,0,-0.0151,0.9926,-0.1207,0,0.0087,0.1209,0.9926,0,-0.0872,22.5476,3.6709,1]},
{"frame":36,"values":[0.9997,0.0205,-0.0116,0,-0.0217,0.9932,-0.1143,0,0.0092,0.1146,0.9934,0,-0.0872,22.5476,3.6709,1]},
{"frame":37,"values":[0.9996,0.027,-0.0128,0,-0.0282,0.9938,-0.1079,0,0.0098,0.1082,0.9941,0,-0.0872,22.5476,3.6709,1]},
{"frame":38,"values":[0.9996,0.0236,-0.014,0,-0.0249,0.9945,-0.1015,0,0.0115,0.1018,0.9947,0,-0.0872,22.5476,3.6709,1]},
{"frame":39,"values":[0.9997,0.0203,-0.0152,0,-0.0218,0.9942,-0.1049,0,0.013,0.1052,0.9944,0,-0.0872,22.5476,3.6709,1]},
{"frame":40,"values":[0.9997,0.0169,-0.0164,0,-0.0186,0.9939,-0.1083,0,0.0145,0.1086,0.994,0,-0.0872,22.5476,3.6709,1]},
{"frame":41,"values":[0.9998,0.0135,-0.0176,0,-0.0154,0.9936,-0.1118,0,0.016,0.112,0.9936,0,-0.0872,22.5476,3.6709,1]},
{"frame":42,"values":[0.9998,0.0102,-0.0188,0,-0.0123,0.9933,-0.1152,0,0.0175,0.1154,0.9932,0,-0.0872,22.5477,3.6709,1]},
{"frame":43,"values":[0.9998,0.0068,-0.02,0,-0.0091,0.9929,-0.1187,0,0.0191,0.1188,0.9927,0,-0.0872,22.5476,3.6709,1]},
{"frame":44,"values":[0.9998,0.0034,-0.0212,0,-0.006,0.9925,-0.1221,0,0.0206,0.1222,0.9923,0,-0.0872,22.5476,3.6709,1]},
{"frame":45,"values":[0.9998,0,-0.0223,0,-0.0028,0.9921,-0.1255,0,0.0222,0.1256,0.9918,0,-0.0872,22.5476,3.6709,1]},
{"frame":46,"values":[0.9997,-0.0034,-0.0235,0,0.0003,0.9916,-0.129,0,0.0237,0.129,0.9914,0,-0.0872,22.5476,3.6709,1]},
{"frame":47,"values":[0.9997,-0.0045,-0.0235,0,0.0014,0.9913,-0.1316,0,0.0239,0.1316,0.991,0,-0.0872,22.5476,3.6709,1]}],"loopBehavior":1,"name":"anim","property":"_matrix"}},
{"name":"mixamorig:HeadTop_End","index":6,"matrix":[1,0,0,0,0,1,0,0,0,0,1,0,-0.8306,40.3552,7.8935,1],"rest":[1,0,0,0,0,1,0,0,0,0,1,0,-0.8306,40.3552,7.8935,1],"parentBoneIndex":5,"length":30.5923
,"animation":{"dataType":3,"framePerSecond":24,"keys":[
{"frame":1,"values":[1,0,0,0,0,1,0,0,0,0,1,0,-0.8306,40.3551,7.8935,1]},
{"frame":2,"values":[1,0,0,0,0,1,0,0,0,0,1,0,-0.8306,40.3552,7.8935,1]},
{"frame":47,"values":[1,0,0,0,0,1,0,0,0,0,1,0,-0.8306,40.3552,7.8935,1]}],"loopBehavior":1,"name":"anim","property":"_matrix"}},
{"name":"mixamorig:RightEye","index":7,"matrix":[1,0,0,0,0,1,0,0,0,0,1,0,-6.3021,18.1186,16.1971,1],"rest":[1,0,0,0,0,1,0,0,0,0,1,0,-6.3021,18.1186,16.1971,1],"parentBoneIndex":5,"length":30.5923
,"animation":{"dataType":3,"framePerSecond":24,"keys":[
{"frame":1,"values":[1,0,0,0,0,1,0,0,0,0,1,0,-6.3021,18.1186,16.1971,1]},
{"frame":40,"values":[1,0,0,0,0,1,0,0,0,0,1,0,-6.3021,18.1185,16.1971,1]},
{"frame":41,"values":[1,0,0,0,0,1,0,0,0,0,1,0,-6.3021,18.1186,16.1971,1]},
{"frame":47,"values":[1,0,0,0,0,1,0,0,0,0,1,0,-6.3021,18.1186,16.1971,1]}],"loopBehavior":1,"name":"anim","property":"_matrix"}},
{"name":"mixamorig:LeftEye","index":8,"matrix":[1,0,0,0,0,1,0,0,0,0,1,0,6.7415,18.3827,16.4019,1],"rest":[1,0,0,0,0,1,0,0,0,0,1,0,6.7415,18.3827,16.4019,1],"parentBoneIndex":5,"length":30.5923
,"animation":{"dataType":3,"framePerSecond":24,"keys":[
{"frame":1,"values":[1,0,0,0,0,1,0,0,0,0,1,0,6.7415,18.3826,16.4019,1]},
{"frame":2,"values":[1,0,0,0,0,1,0,0,0,0,1,0,6.7415,18.3827,16.4019,1]},
{"frame":47,"values":[1,0,0,0,0,1,0,0,0,0,1,0,6.7415,18.3827,16.4019,1]}],"loopBehavior":1,"name":"anim","property":"_matrix"}},
{"name":"mixamorig:LeftShoulder","index":9,"matrix":[0.9334,-0.2125,0.2893,0,0.1976,0.977,0.0801,0,-0.2997,-0.0176,0.9539,0,11.9249,18.2305,1.4254,1],"rest":[1,0.0062,0,0,-0.0062,1,0,0,0,0,1,0,11.9249,18.2305,1.4254,1],"parentBoneIndex":3,"length":25.9773
,"animation":{"dataType":3,"framePerSecond":24,"keys":[
{"frame":1,"values":[0.9332,-0.2127,0.2896,0,0.1978,0.977,0.08,0,-0.2999,-0.0174,0.9538,0,11.9249,18.2305,1.4254,1]},
{"frame":4,"values":[0.9333,-0.2127,0.2895,0,0.1978,0.977,0.08,0,-0.2998,-0.0174,0.9538,0,11.9249,18.2305,1.4254,1]},
{"frame":5,"values":[0.9333,-0.213,0.289,0,0.1981,0.9769,0.08,0,-0.2994,-0.0174,0.954,0,11.9249,18.2305,1.4254,1]},
{"frame":6,"values":[0.9335,-0.2138,0.2879,0,0.1991,0.9767,0.08,0,-0.2983,-0.0174,0.9543,0,11.9249,18.2305,1.4254,1]},
{"frame":7,"values":[0.934,-0.2146,0.2858,0,0.2,0.9766,0.0796,0,-0.2961,-0.0172,0.955,0,11.9249,18.2305,1.4254,1]},
{"frame":8,"values":[0.9345,-0.2145,0.2841,0,0.1999,0.9766,0.0797,0,-0.2945,-0.0177,0.9555,0,11.9249,18.2305,1.4254,1]},
{"frame":9,"values":[0.9347,-0.2128,0.2846,0,0.1982,0.9769,0.0796,0,-0.2949,-0.0181,0.9553,0,11.9249,18.2305,1.4254,1]},
{"frame":10,"values":[0.935,-0.2092,0.2863,0,0.1944,0.9777,0.0796,0,-0.2966,-0.0188,0.9548,0,11.9249,18.2305,1.4254,1]},
{"frame":11,"values":[0.9354,-0.205,0.2881,0,0.1899,0.9786,0.0795,0,-0.2982,-0.0197,0.9543,0,11.9249,18.2305,1.4254,1]},
{"frame":12,"values":[0.9358,-0.2006,0.2898,0,0.1853,0.9795,0.0795,0,-0.2998,-0.0207,0.9538,0,11.9249,18.2305,1.4254,1]},
{"frame":13,"values":[0.9355,-0.1996,0.2916,0,0.1842,0.9797,0.0794,0,-0.3015,-0.0206,0.9532,0,11.9249,18.2305,1.4254,1]},
{"frame":14,"values":[0.9352,-0.1986,0.2933,0,0.1832,0.9799,0.0794,0,-0.3032,-0.0205,0.9527,0,11.9249,18.2305,1.4254,1]},
{"frame":15,"values":[0.9348,-0.1976,0.2951,0,0.1821,0.9801,0.0793,0,-0.3049,-0.0204,0.9522,0,11.9249,18.2305,1.4254,1]},
