{"producer":{"name":"Blender","version":"2.79 (sub 0)","exporter_version":"5.6.4","file":"annoyedheadshakegesture.babylon"},
"autoClear":true,"clearColor":[0.0509,0.0509,0.0509],"ambientColor":[0,0,0],"gravity":[0,-9.81,0],
"materials":[{"name":"annoyedheadshakegesture.Material","id":"annoyedheadshakegesture.Material","ambient":[0,0,0],"diffuse":[0,0,0],"specular":[0,0,0],"emissive":[0,0,0],"specularPower":50,"alpha":0.001,"backFaceCulling":true,"checkReadyOnlyOnce":false,"maxSimultaneousLights":4}],
"multiMaterials":[],
"skeletons":[{"name":"Armature","id":0,"dimensionsAtRest":[379.1952,391.6652,55.677],"bones":[
{"name":"mixamorig:Hips","index":0,"matrix":[0.9939,-0.056,-0.0947,0,0.0619,0.9963,0.0598,0,-0.091,0.0653,-0.9937,0,0.3753,200.2826,0.3752,1],"rest":[1,0,0,0,0,1,0,0,0,0,-1,0,0,201.6394,0,1],"parentBoneIndex":-1,"length":21.6784
,"animation":{"dataType":3,"framePerSecond":24,"keys":[
{"frame":1,"values":[0.994,-0.0551,-0.0947,0,0.0609,0.9963,0.0598,0,-0.0911,0.0653,-0.9937,0,0.3748,200.3126,0.3759,1]},
{"frame":2,"values":[0.994,-0.0558,-0.0944,0,0.0616,0.9963,0.06,0,-0.0907,0.0655,-0.9937,0,0.3802,200.3041,0.3711,1]},
{"frame":3,"values":[0.994,-0.0564,-0.0941,0,0.0623,0.9962,0.0604,0,-0.0903,0.0659,-0.9937,0,0.3875,200.2956,0.3574,1]},
{"frame":4,"values":[0.994,-0.0571,-0.0938,0,0.063,0.9961,0.0611,0,-0.09,0.0666,-0.9937,0,0.395,200.2871,0.3192,1]},
{"frame":5,"values":[0.994,-0.0578,-0.0931,0,0.0637,0.996,0.062,0,-0.0891,0.0675,-0.9937,0,0.4029,200.2786,0.235,1]},
{"frame":6,"values":[0.9941,-0.0584,-0.0917,0,0.0644,0.9959,0.0633,0,-0.0876,0.0688,-0.9938,0,0.4102,200.2701,0.0946,1]},
{"frame":7,"values":[0.9942,-0.0591,-0.0901,0,0.0651,0.9958,0.065,0,-0.0859,0.0705,-0.9938,0,0.4123,200.2616,-0.1044,1]},
{"frame":8,"values":[0.9943,-0.0598,-0.0885,0,0.0658,0.9956,0.0674,0,-0.0841,0.0728,-0.9938,0,0.4068,200.2531,-0.3017,1]},
{"frame":9,"values":[0.9944,-0.0604,-0.0867,0,0.0666,0.9953,0.0704,0,-0.082,0.0758,-0.9937,0,0.3915,200.2446,-0.4991,1]},
{"frame":10,"values":[0.9946,-0.0611,-0.0839,0,0.0674,0.995,0.0738,0,-0.079,0.0791,-0.9937,0,0.3633,200.2361,-0.6965,1]},
{"frame":11,"values":[0.9949,-0.0618,-0.0793,0,0.0678,0.9948,0.0759,0,-0.0742,0.0809,-0.994,0,0.3372,200.2276,-0.8938,1]},
{"frame":12,"values":[0.9952,-0.0625,-0.0747,0,0.0683,0.9946,0.078,0,-0.0695,0.0827,-0.9942,0,0.3111,200.2192,-1.0912,1]},
{"frame":13,"values":[0.9955,-0.0632,-0.0701,0,0.0687,0.9944,0.08,0,-0.0647,0.0845,-0.9943,0,0.2849,200.2107,-1.2885,1]},
{"frame":14,"values":[0.9958,-0.0638,-0.0656,0,0.0691,0.9942,0.0821,0,-0.0599,0.0863,-0.9945,0,0.2588,200.211,-1.4859,1]},
{"frame":15,"values":[0.9961,-0.0645,-0.061,0,0.0695,0.994,0.0842,0,-0.0552,0.0881,-0.9946,0,0.2327,200.212,-1.6832,1]},
{"frame":16,"values":[0.9963,-0.0652,-0.0564,0,0.0699,0.9938,0.0863,0,-0.0504,0.0899,-0.9947,0,0.2066,200.213,-1.8806,1]},
{"frame":17,"values":[0.9965,-0.0659,-0.0518,0,0.0701,0.9939,0.085,0,-0.0458,0.0884,-0.995,0,0.2543,200.214,-2.0779,1]},
{"frame":18,"values":[0.9963,-0.0665,-0.0535,0,0.0709,0.994,0.0838,0,-0.0476,0.0873,-0.995,0,0.3019,200.215,-1.9814,1]},
{"frame":19,"values":[0.9963,-0.0661,-0.0553,0,0.0706,0.9941,0.0825,0,-0.0495,0.0861,-0.9951,0,0.3496,200.216,-1.8848,1]},
{"frame":20,"values":[0.9962,-0.0657,-0.0571,0,0.0702,0.9942,0.0813,0,-0.0514,0.085,-0.9951,0,0.3973,200.217,-1.7883,1]},
{"frame":21,"values":[0.9961,-0.0653,-0.0589,0,0.0699,0.9943,0.08,0,-0.0533,0.0838,-0.9951,0,0.4449,200.218,-1.6917,1]},
{"frame":22,"values":[0.996,-0.0649,-0.0607,0,0.0696,0.9945,0.0788,0,-0.0552,0.0827,-0.995,0,0.4926,200.2189,-1.5952,1]},
{"frame":23,"values":[0.996,-0.0645,-0.0625,0,0.0692,0.9946,0.0775,0,-0.0571,0.0815,-0.995,0,0.5403,200.2199,-1.4986,1]},
{"frame":24,"values":[0.9959,-0.064,-0.0642,0,0.0689,0.9947,0.0763,0,-0.059,0.0804,-0.995,0,0.5304,200.2209,-1.402,1]},
{"frame":25,"values":[0.9958,-0.0636,-0.066,0,0.0685,0.9948,0.075,0,-0.0609,0.0792,-0.995,0,0.5205,200.2219,-1.3055,1]},
{"frame":26,"values":[0.9957,-0.0632,-0.0678,0,0.0683,0.9948,0.0751,0,-0.0627,0.0794,-0.9949,0,0.5106,200.2229,-1.2089,1]},
{"frame":27,"values":[0.9957,-0.0628,-0.0677,0,0.0679,0.9949,0.0751,0,-0.0627,0.0794,-0.9949,0,0.6111,200.2206,-1.1124,1]},
{"frame":28,"values":[0.9957,-0.0623,-0.0693,0,0.0674,0.995,0.0741,0,-0.0643,0.0785,-0.9948,0,0.7116,200.2183,-1.0158,1]},
{"frame":29,"values":[0.9956,-0.0618,-0.0708,0,0.067,0.9951,0.0731,0,-0.0659,0.0775,-0.9948,0,0.8121,200.216,-0.9193,1]},
{"frame":30,"values":[0.9955,-0.0614,-0.0723,0,0.0666,0.9952,0.0721,0,-0.0675,0.0766,-0.9948,0,0.9126,200.2136,-0.8227,1]},
{"frame":31,"values":[0.9954,-0.0609,-0.0738,0,0.0661,0.9953,0.0711,0,-0.0691,0.0757,-0.9947,0,1.0131,200.2113,-0.7261,1]},
{"frame":32,"values":[0.9953,-0.0604,-0.0753,0,0.0657,0.9954,0.0701,0,-0.0707,0.0747,-0.9947,0,1.1136,200.209,-0.6296,1]},
{"frame":33,"values":[0.9952,-0.0599,-0.0768,0,0.0653,0.9955,0.0691,0,-0.0723,0.0738,-0.9946,0,1.2141,200.2066,-0.533,1]},
{"frame":34,"values":[0.9952,-0.0594,-0.0783,0,0.0648,0.9956,0.0681,0,-0.0739,0.0729,-0.9946,0,1.3147,200.2043,-0.4365,1]},
{"frame":35,"values":[0.9951,-0.059,-0.0799,0,0.0644,0.9957,0.0671,0,-0.0756,0.0719,-0.9945,0,1.2537,200.202,-0.4725,1]},
{"frame":36,"values":[0.995,-0.0585,-0.0814,0,0.0639,0.9958,0.0661,0,-0.0772,0.071,-0.9945,0,1.1928,200.1997,-0.5085,1]},
{"frame":37,"values":[0.9949,-0.058,-0.0829,0,0.0635,0.9959,0.0651,0,-0.0788,0.07,-0.9944,0,1.1318,200.2091,-0.5445,1]},
{"frame":38,"values":[0.9948,-0.0575,-0.0844,0,0.063,0.996,0.0641,0,-0.0804,0.0691,-0.9944,0,1.0709,200.2185,-0.5805,1]},
{"frame":39,"values":[0.9947,-0.057,-0.0859,0,0.0626,0.996,0.0631,0,-0.082,0.0682,-0.9943,0,1.01,200.2278,-0.6165,1]},
{"frame":40,"values":[0.9946,-0.0565,-0.0874,0,0.0621,0.9961,0.0621,0,-0.0836,0.0672,-0.9942,0,0.949,200.2372,-0.6525,1]},
{"frame":41,"values":[0.9945,-0.0561,-0.0889,0,0.0616,0.9962,0.0611,0,-0.0852,0.0663,-0.9942,0,0.8881,200.2466,-0.6885,1]},
{"frame":42,"values":[0.9943,-0.0561,-0.0904,0,0.0616,0.9963,0.0601,0,-0.0867,0.0654,-0.9941,0,0.8272,200.256,-0.7245,1]},
{"frame":43,"values":[0.9942,-0.0561,-0.092,0,0.0616,0.9963,0.0591,0,-0.0883,0.0645,-0.994,0,0.7662,200.2654,-0.7605,1]},
{"frame":44,"values":[0.994,-0.056,-0.0935,0,0.0616,0.9964,0.0581,0,-0.0899,0.0635,-0.9939,0,0.7053,200.2748,-0.7033,1]},
{"frame":45,"values":[0.9939,-0.056,-0.095,0,0.0616,0.9965,0.0571,0,-0.0914,0.0626,-0.9938,0,0.6444,200.2842,-0.6462,1]},
{"frame":46,"values":[0.9938,-0.056,-0.0965,0,0.0616,0.9965,0.0561,0,-0.093,0.0617,-0.9937,0,0.5834,200.2826,-0.589,1]},
{"frame":47,"values":[0.9936,-0.056,-0.098,0,0.0616,0.9966,0.0551,0,-0.0946,0.0608,-0.9937,0,0.5225,200.2826,-0.5319,1]},
{"frame":48,"values":[0.9935,-0.056,-0.0995,0,0.0618,0.9965,0.0556,0,-0.0961,0.0613,-0.9935,0,0.4616,200.2826,-0.4747,1]},
{"frame":49,"values":[0.9936,-0.056,-0.0984,0,0.0617,0.9965,0.056,0,-0.095,0.0617,-0.9936,0,0.4006,200.2826,-0.4176,1]},
{"frame":50,"values":[0.9937,-0.056,-0.0974,0,0.0617,0.9965,0.0564,0,-0.0939,0.0621,-0.9936,0,0.3397,200.2826,-0.3604,1]},
{"frame":51,"values":[0.9938,-0.056,-0.0963,0,0.0617,0.9965,0.0569,0,-0.0928,0.0624,-0.9937,0,0.2788,200.2826,-0.3033,1]},
{"frame":52,"values":[0.9939,-0.056,-0.0952,0,0.0617,0.9965,0.0573,0,-0.0917,0.0628,-0.9938,0,0.2178,200.2826,-0.2461,1]},
{"frame":53,"values":[0.994,-0.056,-0.0941,0,0.0617,0.9964,0.0577,0,-0.0906,0.0632,-0.9939,0,0.1569,200.2826,-0.1889,1]},
{"frame":54,"values":[0.994,-0.056,-0.0945,0,0.0617,0.9964,0.0582,0,-0.0909,0.0636,-0.9938,0,0.1811,200.2826,-0.1318,1]},
{"frame":55,"values":[0.9939,-0.056,-0.0948,0,0.0618,0.9964,0.0586,0,-0.0911,0.0641,-0.9938,0,0.2053,200.2826,-0.0746,1]},
{"frame":56,"values":[0.9939,-0.056,-0.0951,0,0.0618,0.9963,0.059,0,-0.0914,0.0645,-0.9937,0,0.2296,200.2826,-0.0175,1]},
{"frame":57,"values":[0.9939,-0.056,-0.0954,0,0.0618,0.9963,0.059,0,-0.0918,0.0645,-0.9937,0,0.2538,200.2826,0.0397,1]},
{"frame":58,"values":[0.9938,-0.056,-0.0957,0,0.0619,0.9963,0.059,0,-0.0921,0.0645,-0.9937,0,0.278,200.2826,0.0968,1]},
{"frame":59,"values":[0.9939,-0.056,-0.0955,0,0.0619,0.9963,0.0591,0,-0.0918,0.0646,-0.9937,0,0.3022,200.2826,0.154,1]},
{"frame":60,"values":[0.9939,-0.056,-0.0952,0,0.0619,0.9963,0.0592,0,-0.0915,0.0648,-0.9937,0,0.3265,200.2826,0.2111,1]},
{"frame":61,"values":[0.9939,-0.056,-0.095,0,0.0618,0.9963,0.0594,0,-0.0913,0.0649,-0.9937,0,0.3507,200.2826,0.2683,1]},
{"frame":62,"values":[0.9939,-0.056,-0.0947,0,0.0619,0.9963,0.0598,0,-0.091,0.0653,-0.9937,0,0.3753,200.2826,0.3752,1]}],"loopBehavior":1,"name":"anim","property":"_matrix"}},
{"name":"mixamorig:Spine","index":1,"matrix":[0.9987,0.0453,-0.0243,0,-0.0439,0.9973,0.0586,0,0.0269,-0.0574,0.998,0,0.0062,19.525,-2.4818,1],"rest":[1,0,0,0,0,1,0,0,0,0,1,0,0.0062,19.525,-2.4818,1],"parentBoneIndex":0,"length":23.0091
,"animation":{"dataType":3,"framePerSecond":24,"keys":[
{"frame":1,"values":[0.9987,0.0449,-0.0242,0,-0.0434,0.9973,0.0587,0,0.0268,-0.0576,0.998,0,0.0062,19.525,-2.4818,1]},
{"frame":2,"values":[0.9987,0.0448,-0.0242,0,-0.0433,0.9973,0.0587,0,0.0268,-0.0576,0.998,0,0.0062,19.525,-2.4818,1]},
{"frame":4,"values":[0.9987,0.0448,-0.0242,0,-0.0433,0.9973,0.0586,0,0.0268,-0.0575,0.998,0,0.0062,19.525,-2.4818,1]},
{"frame":5,"values":[0.9987,0.0447,-0.0242,0,-0.0433,0.9974,0.0582,0,0.0268,-0.0571,0.998,0,0.0062,19.525,-2.4818,1]},
{"frame":6,"values":[0.9987,0.0447,-0.0242,0,-0.0432,0.9974,0.0575,0,0.0267,-0.0563,0.9981,0,0.0062,19.525,-2.4818,1]},
{"frame":7,"values":[0.9987,0.0447,-0.0242,0,-0.0432,0.9975,0.0566,0,0.0267,-0.0555,0.9981,0,0.0062,19.525,-2.4818,1]},
{"frame":8,"values":[0.9987,0.0446,-0.0242,0,-0.0432,0.9975,0.0558,0,0.0267,-0.0547,0.9981,0,0.0062,19.525,-2.4818,1]},
{"frame":9,"values":[0.9987,0.0446,-0.0242,0,-0.0432,0.9976,0.055,0,0.0266,-0.0539,0.9982,0,0.0062,19.525,-2.4818,1]},
{"frame":10,"values":[0.9987,0.0446,-0.0242,0,-0.0432,0.9976,0.0541,0,0.0266,-0.053,0.9982,0,0.0062,19.525,-2.4818,1]},
{"frame":11,"values":[0.9987,0.0445,-0.0242,0,-0.0432,0.9976,0.0533,0,0.0266,-0.0522,0.9983,0,0.0062,19.525,-2.4818,1]},
{"frame":12,"values":[0.9987,0.0445,-0.0242,0,-0.0432,0.9977,0.0525,0,0.0265,-0.0514,0.9983,0,0.0062,19.525,-2.4818,1]},
{"frame":13,"values":[0.9987,0.0445,-0.0242,0,-0.0432,0.9977,0.0517,0,0.0265,-0.0506,0.9984,0,0.0062,19.525,-2.4818,1]},
{"frame":14,"values":[0.9987,0.0444,-0.0242,0,-0.0432,0.9978,0.0508,0,0.0264,-0.0497,0.9984,0,0.0062,19.525,-2.4818,1]},
{"frame":15,"values":[0.9987,0.0444,-0.0242,0,-0.0431,0.9978,0.05,0,0.0264,-0.0489,0.9985,0,0.0062,19.525,-2.4818,1]},
{"frame":16,"values":[0.9987,0.0444,-0.0242,0,-0.0431,0.9979,0.0492,0,0.0264,-0.0481,0.9985,0,0.0062,19.525,-2.4818,1]},
{"frame":17,"values":[0.9987,0.0443,-0.0242,0,-0.0431,0.9978,0.0494,0,0.0264,-0.0483,0.9985,0,0.0062,19.525,-2.4818,1]},
{"frame":18,"values":[0.9987,0.0443,-0.0242,0,-0.0431,0.9978,0.0496,0,0.0264,-0.0485,0.9985,0,0.0062,19.525,-2.4818,1]},
{"frame":19,"values":[0.9987,0.0443,-0.0242,0,-0.043,0.9978,0.0498,0,0.0264,-0.0487,0.9985,0,0.0062,19.525,-2.4818,1]},
{"frame":20,"values":[0.9987,0.0442,-0.0242,0,-0.043,0.9978,0.05,0,0.0264,-0.0489,0.9985,0,0.0062,19.525,-2.4818,1]},
{"frame":21,"values":[0.9987,0.0442,-0.0242,0,-0.0429,0.9978,0.0502,0,0.0264,-0.0491,0.9984,0,0.0062,19.525,-2.4818,1]},
{"frame":22,"values":[0.9987,0.0442,-0.0242,0,-0.0429,0.9978,0.0504,0,0.0264,-0.0493,0.9984,0,0.0062,19.525,-2.4818,1]},
{"frame":23,"values":[0.9987,0.0441,-0.0243,0,-0.0429,0.9978,0.0507,0,0.0264,-0.0495,0.9984,0,0.0062,19.525,-2.4818,1]},
{"frame":24,"values":[0.9987,0.0441,-0.0243,0,-0.0428,0.9978,0.0509,0,0.0264,-0.0498,0.9984,0,0.0062,19.525,-2.4818,1]},
{"frame":25,"values":[0.9987,0.0441,-0.0243,0,-0.0428,0.9978,0.0511,0,0.0264,-0.05,0.9984,0,0.0062,19.525,-2.4818,1]},
{"frame":26,"values":[0.9987,0.044,-0.0243,0,-0.0427,0.9978,0.0513,0,0.0265,-0.0502,0.9984,0,0.0062,19.525,-2.4818,1]},
{"frame":27,"values":[0.9987,0.044,-0.0243,0,-0.0427,0.9978,0.0515,0,0.0265,-0.0504,0.9984,0,0.0062,19.525,-2.4818,1]},
{"frame":28,"values":[0.9987,0.044,-0.0243,0,-0.0427,0.9978,0.0517,0,0.0265,-0.0506,0.9984,0,0.0062,19.525,-2.4818,1]},
{"frame":29,"values":[0.9987,0.0439,-0.0243,0,-0.0426,0.9977,0.0519,0,0.0265,-0.0508,0.9984,0,0.0062,19.525,-2.4818,1]},
{"frame":30,"values":[0.9987,0.0439,-0.0243,0,-0.0426,0.9977,0.0521,0,0.0265,-0.051,0.9983,0,0.0062,19.525,-2.4818,1]},
{"frame":31,"values":[0.9987,0.0441,-0.0243,0,-0.0428,0.9977,0.0523,0,0.0265,-0.0512,0.9983,0,0.0062,19.525,-2.4818,1]},
{"frame":32,"values":[0.9987,0.0442,-0.0243,0,-0.0429,0.9977,0.0525,0,0.0265,-0.0514,0.9983,0,0.0062,19.525,-2.4818,1]},
{"frame":33,"values":[0.9987,0.0444,-0.0243,0,-0.0431,0.9977,0.0527,0,0.0265,-0.0516,0.9983,0,0.0062,19.525,-2.4818,1]},
{"frame":34,"values":[0.9987,0.0446,-0.0243,0,-0.0433,0.9977,0.053,0,0.0266,-0.0518,0.9983,0,0.0062,19.525,-2.4818,1]},
{"frame":35,"values":[0.9987,0.0448,-0.0243,0,-0.0434,0.9976,0.0532,0,0.0266,-0.052,0.9983,0,0.0062,19.525,-2.4818,1]},
{"frame":36,"values":[0.9987,0.0449,-0.0243,0,-0.0436,0.9976,0.0534,0,0.0266,-0.0522,0.9983,0,0.0062,19.525,-2.4818,1]},
{"frame":37,"values":[0.9987,0.0451,-0.0243,0,-0.0437,0.9976,0.0536,0,0.0266,-0.0524,0.9983,0,0.0062,19.525,-2.4818,1]},
{"frame":38,"values":[0.9987,0.0453,-0.0243,0,-0.0439,0.9976,0.0538,0,0.0266,-0.0527,0.9983,0,0.0062,19.525,-2.4818,1]},
{"frame":39,"values":[0.9987,0.0454,-0.0243,0,-0.0441,0.9976,0.054,0,0.0267,-0.0529,0.9982,0,0.0062,19.525,-2.4818,1]},
{"frame":40,"values":[0.9987,0.0454,-0.0243,0,-0.044,0.9976,0.0542,0,0.0267,-0.0531,0.9982,0,0.0062,19.525,-2.4818,1]},
{"frame":41,"values":[0.9987,0.0454,-0.0243,0,-0.044,0.9975,0.0544,0,0.0267,-0.0533,0.9982,0,0.0062,19.525,-2.4818,1]},
{"frame":42,"values":[0.9987,0.0454,-0.0243,0,-0.044,0.9975,0.0546,0,0.0267,-0.0535,0.9982,0,0.0062,19.525,-2.4818,1]},
{"frame":43,"values":[0.9987,0.0454,-0.0243,0,-0.044,0.9975,0.0548,0,0.0267,-0.0537,0.9982,0,0.0062,19.525,-2.4818,1]},
{"frame":44,"values":[0.9987,0.0453,-0.0243,0,-0.0439,0.9975,0.055,0,0.0267,-0.0539,0.9982,0,0.0062,19.525,-2.4818,1]},
{"frame":45,"values":[0.9987,0.0453,-0.0243,0,-0.0439,0.9975,0.0552,0,0.0267,-0.0541,0.9982,0,0.0062,19.525,-2.4818,1]},
{"frame":46,"values":[0.9987,0.0453,-0.0243,0,-0.0439,0.9975,0.0555,0,0.0267,-0.0543,0.9982,0,0.0062,19.525,-2.4818,1]},
{"frame":47,"values":[0.9987,0.0453,-0.0243,0,-0.0439,0.9975,0.0557,0,0.0267,-0.0545,0.9982,0,0.0062,19.525,-2.4818,1]},
{"frame":48,"values":[0.9987,0.0453,-0.0243,0,-0.0439,0.9975,0.0559,0,0.0267,-0.0547,0.9981,0,0.0062,19.525,-2.4818,1]},
{"frame":49,"values":[0.9987,0.0453,-0.0243,0,-0.0439,0.9975,0.0561,0,0.0268,-0.0549,0.9981,0,0.0062,19.525,-2.4818,1]},
{"frame":50,"values":[0.9987,0.0453,-0.0243,0,-0.0439,0.9974,0.0563,0,0.0268,-0.0552,0.9981,0,0.0062,19.525,-2.4818,1]},
{"frame":51,"values":[0.9987,0.0453,-0.0243,0,-0.0439,0.9974,0.0565,0,0.0268,-0.0554,0.9981,0,0.0062,19.525,-2.4818,1]},
{"frame":52,"values":[0.9987,0.0453,-0.0243,0,-0.0439,0.9974,0.0567,0,0.0268,-0.0556,0.9981,0,0.0062,19.525,-2.4818,1]},
{"frame":53,"values":[0.9987,0.0453,-0.0243,0,-0.0439,0.9974,0.0569,0,0.0268,-0.0558,0.9981,0,0.0062,19.525,-2.4818,1]},
{"frame":54,"values":[0.9987,0.0453,-0.0243,0,-0.0439,0.9974,0.0571,0,0.0268,-0.056,0.9981,0,0.0062,19.525,-2.4818,1]},
{"frame":55,"values":[0.9987,0.0453,-0.0243,0,-0.0439,0.9974,0.0573,0,0.0268,-0.0562,0.9981,0,0.0062,19.525,-2.4818,1]},
{"frame":56,"values":[0.9987,0.0453,-0.0243,0,-0.0439,0.9974,0.0575,0,0.0268,-0.0564,0.998,0,0.0062,19.525,-2.4818,1]},
{"frame":57,"values":[0.9987,0.0453,-0.0243,0,-0.0439,0.9974,0.0578,0,0.0268,-0.0566,0.998,0,0.0062,19.525,-2.4818,1]},
{"frame":58,"values":[0.9987,0.0453,-0.0243,0,-0.0439,0.9974,0.058,0,0.0269,-0.0568,0.998,0,0.0062,19.525,-2.4818,1]},
{"frame":59,"values":[0.9987,0.0453,-0.0243,0,-0.0439,0.9973,0.0582,0,0.0269,-0.057,0.998,0,0.0062,19.525,-2.4818,1]},
{"frame":60,"values":[0.9987,0.0453,-0.0243,0,-0.0439,0.9973,0.0584,0,0.0269,-0.0572,0.998,0,0.0062,19.525,-2.4818,1]},
{"frame":61,"values":[0.9987,0.0453,-0.0243,0,-0.0439,0.9973,0.0586,0,0.0269,-0.0574,0.998,0,0.0062,19.525,-2.4818,1]},
{"frame":62,"values":[0.9987,0.0453,-0.0243,0,-0.0439,0.9973,0.0586,0,0.0269,-0.0574,0.998,0,0.0062,19.525,-2.4818,1]}],"loopBehavior":1,"name":"anim","property":"_matrix"}},
{"name":"mixamorig:Spine1","index":2,"matrix":[0.9996,0.0274,-0.0055,0,-0.0273,0.9994,0.0202,0,0.0061,-0.0201,0.9998,0,-0.0009,22.835,-2.8254,1],"rest":[1,0,0,0,0,1,0,0,0,0,1,0,-0.0009,22.835,-2.8254,1],"parentBoneIndex":1,"length":26.7438
,"animation":{"dataType":3,"framePerSecond":24,"keys":[
{"frame":1,"values":[0.9996,0.0272,-0.0052,0,-0.0271,0.9994,0.0203,0,0.0057,-0.0201,0.9998,0,-0.0009,22.835,-2.8254,1]},
{"frame":2,"values":[0.9996,0.0272,-0.0055,0,-0.0271,0.9994,0.0203,0,0.0061,-0.0201,0.9998,0,-0.0009,22.835,-2.8254,1]},
{"frame":3,"values":[0.9996,0.0272,-0.0059,0,-0.0271,0.9994,0.0202,0,0.0064,-0.02,0.9998,0,-0.0009,22.835,-2.8254,1]},
{"frame":4,"values":[0.9996,0.0272,-0.0062,0,-0.0271,0.9994,0.0198,0,0.0068,-0.0196,0.9998,0,-0.0009,22.835,-2.8254,1]},
{"frame":5,"values":[0.9996,0.0272,-0.0066,0,-0.0271,0.9995,0.019,0,0.0071,-0.0188,0.9998,0,-0.0009,22.835,-2.8254,1]},
{"frame":6,"values":[0.9996,0.0268,-0.007,0,-0.0267,0.9995,0.0178,0,0.0074,-0.0176,0.9998,0,-0.0009,22.835,-2.8254,1]},
{"frame":7,"values":[0.9996,0.0263,-0.0073,0,-0.0262,0.9995,0.016,0,0.0077,-0.0158,0.9998,0,-0.0009,22.835,-2.8254,1]},
{"frame":8,"values":[0.9996,0.0259,-0.0077,0,-0.0258,0.9996,0.0138,0,0.008,-0.0136,0.9999,0,-0.0009,22.835,-2.8254,1]},
{"frame":9,"values":[0.9996,0.0255,-0.008,0,-0.0254,0.9996,0.012,0,0.0083,-0.0118,0.9999,0,-0.0009,22.835,-2.8254,1]},
{"frame":10,"values":[0.9997,0.025,-0.0084,0,-0.0249,0.9996,0.0105,0,0.0086,-0.0103,0.9999,0,-0.0009,22.835,-2.8254,1]},
{"frame":11,"values":[0.9997,0.0246,-0.0087,0,-0.0245,0.9997,0.0096,0,0.009,-0.0094,0.9999,0,-0.0009,22.835,-2.8254,1]},
{"frame":12,"values":[0.9997,0.0242,-0.0091,0,-0.0241,0.9997,0.0088,0,0.0093,-0.0086,0.9999,0,-0.0009,22.835,-2.8254,1]},
{"frame":13,"values":[0.9997,0.0237,-0.0094,0,-0.0237,0.9997,0.008,0,0.0096,-0.0077,0.9999,0,-0.0009,22.835,-2.8254,1]},
{"frame":14,"values":[0.9997,0.0233,-0.0098,0,-0.0232,0.9997,0.0071,0,0.01,-0.0069,0.9999,0,-0.0009,22.835,-2.8254,1]},
{"frame":15,"values":[0.9997,0.0229,-0.0101,0,-0.0228,0.9997,0.0063,0,0.0103,-0.0061,0.9999,0,-0.0009,22.835,-2.8254,1]},
{"frame":16,"values":[0.9997,0.0224,-0.0105,0,-0.0224,0.9997,0.0054,0,0.0106,-0.0052,0.9999,0,-0.0009,22.835,-2.8254,1]},
{"frame":17,"values":[0.9997,0.022,-0.0108,0,-0.0219,0.9997,0.0046,0,0.0109,-0.0044,0.9999,0,-0.0009,22.835,-2.8254,1]},
{"frame":18,"values":[0.9997,0.0225,-0.0112,0,-0.0224,0.9997,0.0051,0,0.0113,-0.0049,0.9999,0,-0.0009,22.835,-2.8254,1]},
{"frame":19,"values":[0.9997,0.023,-0.011,0,-0.0229,0.9997,0.0056,0,0.0112,-0.0054,0.9999,0,-0.0009,22.835,-2.8254,1]},
{"frame":20,"values":[0.9997,0.0235,-0.0109,0,-0.0234,0.9997,0.0061,0,0.011,-0.0059,0.9999,0,-0.0009,22.835,-2.8254,1]},
{"frame":21,"values":[0.9997,0.024,-0.0107,0,-0.0239,0.9997,0.0066,0,0.0109,-0.0063,0.9999,0,-0.0009,22.835,-2.8254,1]},
{"frame":22,"values":[0.9996,0.0245,-0.0106,0,-0.0244,0.9997,0.0071,0,0.0108,-0.0068,0.9999,0,-0.0009,22.835,-2.8254,1]},
{"frame":23,"values":[0.9996,0.0249,-0.0104,0,-0.0249,0.9997,0.0076,0,0.0106,-0.0073,0.9999,0,-0.0009,22.835,-2.8254,1]},
{"frame":24,"values":[0.9996,0.0248,-0.0103,0,-0.0247,0.9997,0.0081,0,0.0105,-0.0078,0.9999,0,-0.0009,22.835,-2.8254,1]},
{"frame":25,"values":[0.9996,0.0246,-0.0101,0,-0.0245,0.9997,0.0086,0,0.0103,-0.0083,0.9999,0,-0.0009,22.835,-2.8254,1]},
{"frame":26,"values":[0.9997,0.0245,-0.01,0,-0.0244,0.9997,0.0091,0,0.0102,-0.0089,0.9999,0,-0.0009,22.835,-2.8254,1]},
{"frame":27,"values":[0.9997,0.0243,-0.0098,0,-0.0242,0.9997,0.0096,0,0.0101,-0.0094,0.9999,0,-0.0009,22.835,-2.8254,1]},
{"frame":28,"values":[0.9996,0.0247,-0.0097,0,-0.0246,0.9996,0.0101,0,0.0099,-0.0099,0.9999,0,-0.0009,22.835,-2.8254,1]},
{"frame":29,"values":[0.9996,0.0251,-0.0095,0,-0.025,0.9996,0.0106,0,0.0098,-0.0104,0.9999,0,-0.0009,22.835,-2.8254,1]},
{"frame":30,"values":[0.9996,0.0255,-0.0094,0,-0.0254,0.9996,0.0111,0,0.0096,-0.0109,0.9999,0,-0.0009,22.835,-2.8254,1]},
{"frame":31,"values":[0.9996,0.0259,-0.0092,0,-0.0258,0.9996,0.0116,0,0.0095,-0.0114,0.9999,0,-0.0009,22.835,-2.8254,1]},
{"frame":32,"values":[0.9996,0.0263,-0.0091,0,-0.0262,0.9996,0.0121,0,0.0094,-0.0119,0.9999,0,-0.0009,22.835,-2.8254,1]},
{"frame":33,"values":[0.9996,0.0267,-0.0089,0,-0.0266,0.9996,0.0126,0,0.0092,-0.0123,0.9999,0,-0.0009,22.835,-2.8254,1]},
{"frame":34,"values":[0.9996,0.0271,-0.0088,0,-0.027,0.9995,0.0131,0,0.0091,-0.0128,0.9999,0,-0.0009,22.835,-2.8254,1]},
{"frame":35,"values":[0.9996,0.0275,-0.0086,0,-0.0274,0.9995,0.0136,0,0.009,-0.0133,0.9999,0,-0.0009,22.835,-2.8254,1]},
{"frame":36,"values":[0.9996,0.0279,-0.0084,0,-0.0278,0.9995,0.0141,0,0.0088,-0.0138,0.9999,0,-0.0009,22.835,-2.8254,1]},
{"frame":37,"values":[0.9996,0.0278,-0.0083,0,-0.0277,0.9995,0.0146,0,0.0087,-0.0143,0.9999,0,-0.0009,22.835,-2.8254,1]},
{"frame":38,"values":[0.9996,0.0278,-0.0081,0,-0.0276,0.9995,0.0151,0,0.0086,-0.0149,0.9999,0,-0.0009,22.835,-2.8254,1]},
{"frame":39,"values":[0.9996,0.0277,-0.008,0,-0.0275,0.9995,0.0156,0,0.0084,-0.0154,0.9998,0,-0.0009,22.835,-2.8254,1]},
{"frame":40,"values":[0.9996,0.0276,-0.0078,0,-0.0274,0.9995,0.0161,0,0.0083,-0.0159,0.9998,0,-0.0009,22.835,-2.8254,1]},
{"frame":41,"values":[0.9996,0.0275,-0.0077,0,-0.0274,0.9995,0.0166,0,0.0081,-0.0164,0.9998,0,-0.0009,22.835,-2.8254,1]},
{"frame":42,"values":[0.9996,0.0274,-0.0075,0,-0.0273,0.9995,0.0171,0,0.008,-0.0169,0.9998,0,-0.0009,22.835,-2.8254,1]},
{"frame":43,"values":[0.9996,0.0275,-0.0074,0,-0.0274,0.9995,0.0176,0,0.0079,-0.0174,0.9998,0,-0.0009,22.835,-2.8254,1]},
{"frame":44,"values":[0.9996,0.0276,-0.0072,0,-0.0275,0.9995,0.0181,0,0.0077,-0.0179,0.9998,0,-0.0009,22.835,-2.8254,1]},
{"frame":45,"values":[0.9996,0.0277,-0.0071,0,-0.0276,0.9994,0.0186,0,0.0076,-0.0184,0.9998,0,-0.0009,22.835,-2.8254,1]},
{"frame":46,"values":[0.9996,0.0279,-0.0069,0,-0.0277,0.9994,0.0186,0,0.0074,-0.0184,0.9998,0,-0.0009,22.835,-2.8254,1]},
{"frame":47,"values":[0.9996,0.028,-0.0068,0,-0.0278,0.9994,0.0186,0,0.0073,-0.0184,0.9998,0,-0.0009,22.835,-2.8254,1]},
{"frame":48,"values":[0.9996,0.0281,-0.0066,0,-0.028,0.9994,0.0188,0,0.0071,-0.0186,0.9998,0,-0.0009,22.835,-2.8254,1]},
{"frame":49,"values":[0.9996,0.0282,-0.0065,0,-0.0281,0.9994,0.019,0,0.007,-0.0188,0.9998,0,-0.0009,22.835,-2.8254,1]},
{"frame":50,"values":[0.9996,0.0281,-0.0063,0,-0.0279,0.9994,0.0192,0,0.0068,-0.019,0.9998,0,-0.0009,22.835,-2.8254,1]},
{"frame":51,"values":[0.9996,0.0279,-0.0062,0,-0.0278,0.9994,0.0194,0,0.0067,-0.0192,0.9998,0,-0.0009,22.835,-2.8254,1]},
{"frame":52,"values":[0.9996,0.0278,-0.006,0,-0.0277,0.9994,0.0196,0,0.0065,-0.0194,0.9998,0,-0.0009,22.835,-2.8254,1]},
{"frame":53,"values":[0.9996,0.0277,-0.0058,0,-0.0276,0.9994,0.0195,0,0.0064,-0.0193,0.9998,0,-0.0009,22.835,-2.8254,1]},
{"frame":54,"values":[0.9996,0.0276,-0.0057,0,-0.0274,0.9994,0.0193,0,0.0062,-0.0192,0.9998,0,-0.0009,22.835,-2.8254,1]},
{"frame":55,"values":[0.9996,0.0274,-0.0055,0,-0.0273,0.9994,0.0192,0,0.0061,-0.0191,0.9998,0,-0.0009,22.835,-2.8254,1]},
{"frame":56,"values":[0.9996,0.0274,-0.0055,0,-0.0273,0.9994,0.0194,0,0.0061,-0.0192,0.9998,0,-0.0009,22.835,-2.8254,1]},
{"frame":57,"values":[0.9996,0.0274,-0.0055,0,-0.0273,0.9994,0.0196,0,0.0061,-0.0194,0.9998,0,-0.0009,22.835,-2.8254,1]},
{"frame":58,"values":[0.9996,0.0274,-0.0055,0,-0.0273,0.9994,0.0197,0,0.0061,-0.0196,0.9998,0,-0.0009,22.835,-2.8254,1]},
{"frame":59,"values":[0.9996,0.0274,-0.0055,0,-0.0273,0.9994,0.0199,0,0.0061,-0.0197,0.9998,0,-0.0009,22.835,-2.8254,1]},
{"frame":60,"values":[0.9996,0.0274,-0.0055,0,-0.0273,0.9994,0.02,0,0.0061,-0.0199,0.9998,0,-0.0009,22.835,-2.8254,1]},
{"frame":61,"values":[0.9996,0.0274,-0.0055,0,-0.0273,0.9994,0.0202,0,0.0061,-0.02,0.9998,0,-0.0009,22.835,-2.8254,1]},
{"frame":62,"values":[0.9996,0.0274,-0.0055,0,-0.0273,0.9994,0.0202,0,0.0061,-0.0201,0.9998,0,-0.0009,22.835,-2.8254,1]}],"loopBehavior":1,"name":"anim","property":"_matrix"}},
{"name":"mixamorig:Spine2","index":3,"matrix":[0.9996,0.0275,-0.0059,0,-0.0274,0.9994,0.0198,0,0.0065,-0.0196,0.9998,0,-0.0206,26.5525,-3.1933,1],"rest":[1,0,0,0,0,1,0,0,0,0,1,0,-0.0206,26.5525,-3.1933,1],"parentBoneIndex":2,"length":24.825
,"animation":{"dataType":3,"framePerSecond":24,"keys":[
{"frame":1,"values":[0.9996,0.0273,-0.0056,0,-0.0272,0.9994,0.0198,0,0.0061,-0.0197,0.9998,0,-0.0206,26.5525,-3.1933,1]},
{"frame":3,"values":[0.9996,0.0273,-0.0056,0,-0.0272,0.9994,0.0197,0,0.0061,-0.0196,0.9998,0,-0.0206,26.5525,-3.1933,1]},
{"frame":4,"values":[0.9996,0.0273,-0.0056,0,-0.0272,0.9994,0.0193,0,0.0061,-0.0192,0.9998,0,-0.0206,26.5525,-3.1933,1]},
{"frame":5,"values":[0.9996,0.0273,-0.0056,0,-0.0272,0.9995,0.0186,0,0.0061,-0.0184,0.9998,0,-0.0206,26.5525,-3.1933,1]},
{"frame":6,"values":[0.9996,0.0273,-0.0056,0,-0.0272,0.9995,0.0173,0,0.0061,-0.0172,0.9998,0,-0.0206,26.5525,-3.1933,1]},
{"frame":7,"values":[0.9996,0.0268,-0.0056,0,-0.0267,0.9995,0.0155,0,0.006,-0.0154,0.9999,0,-0.0206,26.5525,-3.1933,1]},
{"frame":8,"values":[0.9996,0.0263,-0.0056,0,-0.0262,0.9996,0.0134,0,0.006,-0.0132,0.9999,0,-0.0206,26.5525,-3.1933,1]},
{"frame":9,"values":[0.9997,0.0259,-0.0056,0,-0.0258,0.9996,0.0115,0,0.0059,-0.0114,0.9999,0,-0.0206,26.5525,-3.1933,1]},
{"frame":10,"values":[0.9997,0.0254,-0.0056,0,-0.0253,0.9996,0.0106,0,0.0059,-0.0104,0.9999,0,-0.0206,26.5525,-3.1933,1]},
{"frame":11,"values":[0.9997,0.0249,-0.0056,0,-0.0249,0.9996,0.0097,0,0.0059,-0.0095,0.9999,0,-0.0206,26.5525,-3.1933,1]},
{"frame":12,"values":[0.9997,0.0244,-0.0056,0,-0.0244,0.9997,0.0088,0,0.0058,-0.0086,0.9999,0,-0.0206,26.5525,-3.1933,1]},
{"frame":13,"values":[0.9997,0.024,-0.0056,0,-0.0239,0.9997,0.0078,0,0.0058,-0.0077,1,0,-0.0206,26.5525,-3.1933,1]},
{"frame":14,"values":[0.9997,0.0235,-0.0056,0,-0.0235,0.9997,0.0069,0,0.0058,-0.0068,1,0,-0.0206,26.5525,-3.1933,1]},
{"frame":15,"values":[0.9997,0.023,-0.0056,0,-0.023,0.9997,0.006,0,0.0058,-0.0059,1,0,-0.0206,26.5525,-3.1933,1]},
{"frame":16,"values":[0.9997,0.0226,-0.0056,0,-0.0225,0.9997,0.0051,0,0.0058,-0.0049,1,0,-0.0206,26.5525,-3.1933,1]},
{"frame":17,"values":[0.9997,0.0221,-0.0056,0,-0.0221,0.9997,0.0042,0,0.0057,-0.004,1,0,-0.0206,26.5525,-3.1933,1]},
{"frame":18,"values":[0.9997,0.0226,-0.0056,0,-0.0225,0.9997,0.0047,0,0.0057,-0.0045,1,0,-0.0206,26.5525,-3.1933,1]},
{"frame":19,"values":[0.9997,0.0231,-0.0056,0,-0.023,0.9997,0.0052,0,0.0058,-0.005,1,0,-0.0206,26.5525,-3.1933,1]},
{"frame":20,"values":[0.9997,0.0236,-0.0056,0,-0.0235,0.9997,0.0057,0,0.0058,-0.0055,1,0,-0.0206,26.5525,-3.1933,1]},
{"frame":21,"values":[0.9997,0.024,-0.0056,0,-0.024,0.9997,0.0062,0,0.0058,-0.006,1,0,-0.0206,26.5525,-3.1933,1]},
{"frame":22,"values":[0.9997,0.0245,-0.0057,0,-0.0245,0.9997,0.0067,0,0.0058,-0.0065,1,0,-0.0206,26.5525,-3.1933,1]},
{"frame":23,"values":[0.9997,0.025,-0.0057,0,-0.025,0.9997,0.0072,0,0.0058,-0.007,1,0,-0.0206,26.5525,-3.1933,1]},
{"frame":24,"values":[0.9997,0.0249,-0.0057,0,-0.0248,0.9997,0.0077,0,0.0058,-0.0075,1,0,-0.0206,26.5525,-3.1933,1]},
{"frame":25,"values":[0.9997,0.0247,-0.0057,0,-0.0247,0.9997,0.0082,0,0.0059,-0.008,1,0,-0.0206,26.5525,-3.1933,1]},
{"frame":26,"values":[0.9997,0.0246,-0.0057,0,-0.0245,0.9997,0.0087,0,0.0059,-0.0085,0.9999,0,-0.0206,26.5525,-3.1933,1]},
{"frame":27,"values":[0.9997,0.0244,-0.0057,0,-0.0243,0.9997,0.0091,0,0.0059,-0.009,0.9999,0,-0.0206,26.5525,-3.1933,1]},
{"frame":28,"values":[0.9997,0.0248,-0.0057,0,-0.0247,0.9996,0.0096,0,0.0059,-0.0095,0.9999,0,-0.0206,26.5525,-3.1933,1]},
{"frame":29,"values":[0.9997,0.0251,-0.0057,0,-0.0251,0.9996,0.0101,0,0.0059,-0.01,0.9999,0,-0.0206,26.5525,-3.1933,1]},
{"frame":30,"values":[0.9997,0.0255,-0.0057,0,-0.0254,0.9996,0.0106,0,0.0059,-0.0105,0.9999,0,-0.0206,26.5525,-3.1933,1]},
{"frame":31,"values":[0.9997,0.0258,-0.0057,0,-0.0258,0.9996,0.0111,0,0.006,-0.011,0.9999,0,-0.0206,26.5525,-3.1933,1]},
{"frame":32,"values":[0.9996,0.0262,-0.0057,0,-0.0261,0.9996,0.0116,0,0.006,-0.0115,0.9999,0,-0.0206,26.5525,-3.1933,1]},
{"frame":33,"values":[0.9996,0.0265,-0.0057,0,-0.0265,0.9996,0.0121,0,0.006,-0.012,0.9999,0,-0.0206,26.5525,-3.1933,1]},
{"frame":34,"values":[0.9996,0.0269,-0.0057,0,-0.0268,0.9996,0.0126,0,0.006,-0.0125,0.9999,0,-0.0206,26.5525,-3.1933,1]},
{"frame":35,"values":[0.9996,0.0273,-0.0057,0,-0.0272,0.9995,0.0131,0,0.006,-0.013,0.9999,0,-0.0206,26.5525,-3.1933,1]},
{"frame":36,"values":[0.9996,0.0276,-0.0057,0,-0.0275,0.9995,0.0136,0,0.0061,-0.0135,0.9999,0,-0.0206,26.5525,-3.1933,1]},
{"frame":37,"values":[0.9996,0.028,-0.0057,0,-0.0279,0.9995,0.0141,0,0.0061,-0.014,0.9999,0,-0.0206,26.5525,-3.1933,1]},
{"frame":38,"values":[0.9996,0.0279,-0.0057,0,-0.0278,0.9995,0.0146,0,0.0061,-0.0145,0.9999,0,-0.0206,26.5525,-3.1933,1]},
{"frame":39,"values":[0.9996,0.0278,-0.0057,0,-0.0277,0.9995,0.0151,0,0.0061,-0.015,0.9999,0,-0.0206,26.5525,-3.1933,1]},
{"frame":40,"values":[0.9996,0.0277,-0.0057,0,-0.0276,0.9995,0.0156,0,0.0061,-0.0155,0.9999,0,-0.0206,26.5525,-3.1933,1]},
{"frame":41,"values":[0.9996,0.0276,-0.0057,0,-0.0275,0.9995,0.0161,0,0.0061,-0.016,0.9999,0,-0.0206,26.5525,-3.1933,1]},
{"frame":42,"values":[0.9996,0.0275,-0.0057,0,-0.0274,0.9995,0.0166,0,0.0062,-0.0165,0.9998,0,-0.0206,26.5525,-3.1933,1]},
{"frame":43,"values":[0.9996,0.0276,-0.0057,0,-0.0275,0.9995,0.0171,0,0.0062,-0.017,0.9998,0,-0.0206,26.5525,-3.1933,1]},
{"frame":44,"values":[0.9996,0.0277,-0.0057,0,-0.0276,0.9995,0.0176,0,0.0062,-0.0175,0.9998,0,-0.0206,26.5525,-3.1933,1]},
{"frame":45,"values":[0.9996,0.0278,-0.0057,0,-0.0277,0.9995,0.0181,0,0.0062,-0.018,0.9998,0,-0.0206,26.5525,-3.1933,1]},
{"frame":46,"values":[0.9996,0.0279,-0.0057,0,-0.0277,0.9995,0.0181,0,0.0062,-0.018,0.9998,0,-0.0206,26.5525,-3.1933,1]},
{"frame":47,"values":[0.9996,0.0279,-0.0058,0,-0.0278,0.9994,0.0181,0,0.0063,-0.0179,0.9998,0,-0.0206,26.5525,-3.1933,1]},
{"frame":48,"values":[0.9996,0.028,-0.0058,0,-0.0279,0.9994,0.0183,0,0.0063,-0.0181,0.9998,0,-0.0206,26.5525,-3.1933,1]},
{"frame":49,"values":[0.9996,0.0281,-0.0058,0,-0.028,0.9994,0.0185,0,0.0064,-0.0183,0.9998,0,-0.0206,26.5525,-3.1933,1]},
{"frame":50,"values":[0.9996,0.0282,-0.0059,0,-0.0281,0.9994,0.0187,0,0.0064,-0.0185,0.9998,0,-0.0206,26.5525,-3.1933,1]},
{"frame":51,"values":[0.9996,0.0281,-0.0059,0,-0.028,0.9994,0.0189,0,0.0064,-0.0187,0.9998,0,-0.0206,26.5525,-3.1933,1]},
{"frame":52,"values":[0.9996,0.028,-0.0059,0,-0.0279,0.9994,0.0191,0,0.0065,-0.019,0.9998,0,-0.0206,26.5525,-3.1933,1]},
{"frame":53,"values":[0.9996,0.0279,-0.006,0,-0.0277,0.9994,0.019,0,0.0065,-0.0188,0.9998,0,-0.0206,26.5525,-3.1933,1]},
{"frame":54,"values":[0.9996,0.0277,-0.006,0,-0.0276,0.9994,0.0189,0,0.0065,-0.0187,0.9998,0,-0.0206,26.5525,-3.1933,1]},
{"frame":55,"values":[0.9996,0.0276,-0.006,0,-0.0275,0.9994,0.0188,0,0.0065,-0.0186,0.9998,0,-0.0206,26.5525,-3.1933,1]},
{"frame":56,"values":[0.9996,0.0275,-0.006,0,-0.0274,0.9994,0.019,0,0.0065,-0.0188,0.9998,0,-0.0206,26.5525,-3.1933,1]},
{"frame":57,"values":[0.9996,0.0275,-0.006,0,-0.0274,0.9994,0.0191,0,0.0065,-0.0189,0.9998,0,-0.0206,26.5525,-3.1933,1]},
{"frame":58,"values":[0.9996,0.0275,-0.006,0,-0.0274,0.9994,0.0193,0,0.0065,-0.0191,0.9998,0,-0.0206,26.5525,-3.1933,1]},
{"frame":59,"values":[0.9996,0.0275,-0.0059,0,-0.0274,0.9994,0.0194,0,0.0065,-0.0193,0.9998,0,-0.0206,26.5525,-3.1933,1]},
{"frame":60,"values":[0.9996,0.0275,-0.0059,0,-0.0274,0.9994,0.0196,0,0.0065,-0.0194,0.9998,0,-0.0206,26.5525,-3.1933,1]},
{"frame":61,"values":[0.9996,0.0275,-0.0059,0,-0.0274,0.9994,0.0197,0,0.0065,-0.0196,0.9998,0,-0.0206,26.5525,-3.1933,1]},
{"frame":62,"values":[0.9996,0.0275,-0.0059,0,-0.0274,0.9994,0.0198,0,0.0065,-0.0196,0.9998,0,-0.0206,26.5525,-3.1933,1]}],"loopBehavior":1,"name":"anim","property":"_matrix"}},
{"name":"mixamorig:Neck","index":4,"matrix":[1,0.0078,0.0022,0,-0.008,0.9952,0.098,0,-0.0015,-0.098,0.9952,0,-0.06,30.7018,1.3522,1],"rest":[1,0,0,0,0,1,0,0,0,0,1,0,-0.06,30.7018,1.3522,1],"parentBoneIndex":3,"length":22.8446
,"animation":{"dataType":3,"framePerSecond":24,"keys":[
{"frame":1,"values":[1,0.0078,0.0022,0,-0.008,0.9952,0.098,0,-0.0014,-0.098,0.9952,0,-0.06,30.7018,1.3522,1]},
{"frame":2,"values":[1,0.0078,0.0021,0,-0.008,0.9952,0.0977,0,-0.0014,-0.0977,0.9952,0,-0.06,30.7018,1.3522,1]},
{"frame":3,"values":[1,0.0077,0.0019,0,-0.0079,0.9952,0.0975,0,-0.0011,-0.0976,0.9952,0,-0.06,30.7018,1.3522,1]},
{"frame":4,"values":[1,0.0071,0.0006,0,-0.0072,0.9953,0.0971,0,0.0001,-0.0971,0.9953,0,-0.06,30.7018,1.3522,1]},
{"frame":5,"values":[1,0.0052,-0.0025,0,-0.005,0.9955,0.095,0,0.003,-0.095,0.9955,0,-0.06,30.7018,1.3522,1]},
{"frame":6,"values":[1,0.0014,-0.0087,0,-0.0006,0.9959,0.0908,0,0.0088,-0.0908,0.9958,0,-0.06,30.7018,1.3522,1]},
{"frame":7,"values":[0.9998,-0.0036,-0.0187,0,0.0052,0.9963,0.0856,0,0.0183,-0.0857,0.9962,0,-0.06,30.7018,1.3522,1]},
{"frame":8,"values":[0.9994,-0.0092,-0.0331,0,0.0118,0.9967,0.0797,0,0.0322,-0.0801,0.9963,0,-0.06,30.7018,1.3522,1]},
{"frame":9,"values":[0.9986,-0.0151,-0.0509,0,0.0188,0.9971,0.0736,0,0.0496,-0.0744,0.996,0,-0.06,30.7019,1.3522,1]},
{"frame":10,"values":[0.9973,-0.0198,-0.0706,0,0.0246,0.9974,0.0674,0,0.0691,-0.069,0.9952,0,-0.06,30.7018,1.3522,1]},
{"frame":11,"values":[0.9963,-0.0245,-0.0826,0,0.0296,0.9977,0.0614,0,0.0809,-0.0636,0.9947,0,-0.06,30.7018,1.3522,1]},
{"frame":12,"values":[0.9951,-0.0292,-0.0945,0,0.0346,0.9979,0.0553,0,0.0927,-0.0583,0.994,0,-0.06,30.7018,1.3522,1]},
{"frame":13,"values":[0.9937,-0.034,-0.1063,0,0.0394,0.998,0.0492,0,0.1045,-0.0531,0.9931,0,-0.06,30.7018,1.3522,1]},
{"frame":14,"values":[0.9922,-0.0388,-0.1182,0,0.0442,0.9981,0.043,0,0.1163,-0.0479,0.9921,0,-0.06,30.7018,1.3522,1]},
{"frame":15,"values":[0.9934,-0.0358,-0.1087,0,0.04,0.9985,0.037,0,0.1072,-0.0411,0.9934,0,-0.06,30.7018,1.3522,1]},
{"frame":16,"values":[0.9945,-0.0327,-0.0992,0,0.0359,0.9989,0.031,0,0.0981,-0.0344,0.9946,0,-0.06,30.7018,1.3522,1]},
{"frame":17,"values":[0.9955,-0.0295,-0.0898,0,0.0319,0.9992,0.0249,0,0.0889,-0.0277,0.9957,0,-0.06,30.7018,1.3522,1]},
{"frame":18,"values":[0.9964,-0.0261,-0.0804,0,0.0285,0.9992,0.0292,0,0.0795,-0.0314,0.9963,0,-0.06,30.7018,1.3522,1]},
{"frame":19,"values":[0.9972,-0.0227,-0.071,0,0.0252,0.9991,0.0335,0,0.0701,-0.0352,0.9969,0,-0.06,30.7018,1.3522,1]},
{"frame":20,"values":[0.9979,-0.0194,-0.0615,0,0.0217,0.9991,0.0377,0,0.0607,-0.039,0.9974,0,-0.06,30.7018,1.3522,1]},
{"frame":21,"values":[0.9985,-0.0161,-0.0521,0,0.0183,0.999,0.0419,0,0.0513,-0.0428,0.9978,0,-0.06,30.7019,1.3522,1]},
{"frame":22,"values":[0.999,-0.0128,-0.0426,0,0.0148,0.9988,0.0461,0,0.0419,-0.0467,0.998,0,-0.06,30.7018,1.3522,1]},
{"frame":23,"values":[0.9994,-0.0096,-0.0331,0,0.0112,0.9987,0.0502,0,0.0325,-0.0506,0.9982,0,-0.06,30.7018,1.3522,1]},
{"frame":24,"values":[0.9997,-0.0064,-0.0236,0,0.0077,0.9985,0.0544,0,0.0232,-0.0545,0.9982,0,-0.06,30.7018,1.3522,1]},
{"frame":25,"values":[0.9999,-0.0032,-0.014,0,0.004,0.9983,0.0584,0,0.0138,-0.0585,0.9982,0,-0.06,30.7018,1.3522,1]},
{"frame":26,"values":[1,-0.0001,-0.0045,0,0.0004,0.998,0.0625,0,0.0045,-0.0625,0.998,0,-0.06,30.7018,1.3522,1]},
{"frame":27,"values":[1,0.003,0.0051,0,-0.0033,0.9978,0.0665,0,-0.0049,-0.0665,0.9978,0,-0.06,30.7019,1.3522,1]},
{"frame":28,"values":[0.9999,0.006,0.0146,0,-0.007,0.9975,0.0704,0,-0.0142,-0.0705,0.9974,0,-0.06,30.7018,1.3522,1]},
{"frame":29,"values":[0.9997,0.009,0.0242,0,-0.0108,0.9972,0.0743,0,-0.0235,-0.0746,0.9969,0,-0.06,30.7018,1.3522,1]},
{"frame":30,"values":[0.9994,0.012,0.0338,0,-0.0146,0.9968,0.0782,0,-0.0328,-0.0787,0.9964,0,-0.06,30.7018,1.3522,1]},
{"frame":31,"values":[0.9989,0.0149,0.0434,0,-0.0184,0.9965,0.0821,0,-0.042,-0.0828,0.9957,0,-0.06,30.7018,1.3522,1]},
{"frame":32,"values":[0.9984,0.0178,0.053,0,-0.0223,0.9961,0.0859,0,-0.0512,-0.0869,0.9949,0,-0.06,30.7018,1.3522,1]},
{"frame":33,"values":[0.9988,0.0209,0.0444,0,-0.0248,0.9956,0.0899,0,-0.0423,-0.0909,0.995,0,-0.06,30.7018,1.3522,1]},
{"frame":34,"values":[0.9991,0.024,0.0358,0,-0.0273,0.9952,0.094,0,-0.0334,-0.0948,0.9949,0,-0.06,30.7018,1.3522,1]},
{"frame":35,"values":[0.9993,0.0271,0.0272,0,-0.0297,0.9947,0.098,0,-0.0244,-0.0988,0.9948,0,-0.06,30.7018,1.3522,1]},
{"frame":36,"values":[0.9994,0.0303,0.0187,0,-0.0321,0.9943,0.1021,0,-0.0155,-0.1026,0.9946,0,-0.06,30.7018,1.3522,1]},
{"frame":37,"values":[0.9994,0.0335,0.0101,0,-0.0344,0.9937,0.1062,0,-0.0065,-0.1065,0.9943,0,-0.06,30.7018,1.3522,1]},
{"frame":38,"values":[0.9993,0.0368,0.0016,0,-0.0367,0.9932,0.1103,0,0.0025,-0.1103,0.9939,0,-0.06,30.7018,1.3522,1]},
{"frame":39,"values":[0.9994,0.0352,0.0071,0,-0.0358,0.9928,0.1144,0,-0.003,-0.1145,0.9934,0,-0.06,30.7018,1.3522,1]},
{"frame":40,"values":[0.9994,0.0336,0.0125,0,-0.0349,0.9929,0.1139,0,-0.0086,-0.1143,0.9934,0,-0.06,30.7018,1.3522,1]},
{"frame":41,"values":[0.9993,0.0321,0.018,0,-0.0339,0.993,0.1134,0,-0.0143,-0.114,0.9934,0,-0.06,30.7018,1.3522,1]},
{"frame":42,"values":[0.9993,0.0305,0.0235,0,-0.033,0.9931,0.113,0,-0.0199,-0.1137,0.9933,0,-0.06,30.7018,1.3522,1]},
{"frame":43,"values":[0.9992,0.0289,0.029,0,-0.032,0.9931,0.1125,0,-0.0255,-0.1134,0.9932,0,-0.06,30.7019,1.3522,1]},
{"frame":44,"values":[0.9993,0.0274,0.0242,0,-0.0299,0.9932,0.1121,0,-0.021,-0.1127,0.9934,0,-0.06,30.7018,1.3522,1]},
{"frame":45,"values":[0.9995,0.0258,0.0195,0,-0.0278,0.9934,0.1116,0,-0.0165,-0.1121,0.9936,0,-0.06,30.7018,1.3522,1]},
{"frame":46,"values":[0.9996,0.0242,0.0148,0,-0.0257,0.9934,0.1118,0,-0.012,-0.1121,0.9936,0,-0.06,30.7017,1.3522,1]},
{"frame":47,"values":[0.9997,0.0227,0.0101,0,-0.0236,0.9934,0.1119,0,-0.0075,-0.1121,0.9937,0,-0.06,30.7018,1.3522,1]},
{"frame":48,"values":[0.9998,0.0211,0.0053,0,-0.0215,0.9935,0.112,0,-0.0029,-0.1121,0.9937,0,-0.06,30.7018,1.3522,1]},
{"frame":49,"values":[0.9998,0.0195,0.0084,0,-0.0203,0.9936,0.111,0,-0.0062,-0.1111,0.9938,0,-0.06,30.7018,1.3522,1]},
{"frame":50,"values":[0.9998,0.0179,0.0116,0,-0.0191,0.9938,0.11,0,-0.0095,-0.1102,0.9939,0,-0.06,30.7019,1.3522,1]},
{"frame":51,"values":[0.9998,0.0164,0.0147,0,-0.0179,0.9939,0.1089,0,-0.0128,-0.1092,0.9939,0,-0.06,30.7018,1.3522,1]},
{"frame":52,"values":[0.9997,0.0148,0.0178,0,-0.0166,0.994,0.1079,0,-0.0161,-0.1082,0.994,0,-0.06,30.7018,1.3522,1]},
{"frame":53,"values":[0.9997,0.0132,0.021,0,-0.0154,0.9942,0.1069,0,-0.0194,-0.1072,0.994,0,-0.06,30.7018,1.3522,1]},
{"frame":54,"values":[0.9998,0.0117,0.0187,0,-0.0136,0.9943,0.1059,0,-0.0173,-0.1061,0.9942,0,-0.06,30.7018,1.3522,1]},
{"frame":55,"values":[0.9998,0.0117,0.0163,0,-0.0133,0.9944,0.1049,0,-0.015,-0.1051,0.9944,0,-0.06,30.7018,1.3522,1]},
{"frame":56,"values":[0.9998,0.0117,0.014,0,-0.0131,0.9945,0.1039,0,-0.0127,-0.104,0.9945,0,-0.06,30.7018,1.3522,1]},
{"frame":57,"values":[0.9999,0.0111,0.0117,0,-0.0122,0.9946,0.1028,0,-0.0105,-0.103,0.9946,0,-0.06,30.7018,1.3522,1]},
{"frame":58,"values":[0.9999,0.0104,0.0094,0,-0.0113,0.9947,0.1018,0,-0.0083,-0.1019,0.9948,0,-0.06,30.7018,1.3522,1]},
{"frame":59,"values":[0.9999,0.0098,0.007,0,-0.0104,0.9949,0.1008,0,-0.006,-0.1009,0.9949,0,-0.06,30.7018,1.3522,1]},
{"frame":60,"values":[0.9999,0.0091,0.0047,0,-0.0095,0.995,0.0998,0,-0.0038,-0.0998,0.995,0,-0.06,30.7018,1.3522,1]},
{"frame":61,"values":[1,0.0084,0.0024,0,-0.0086,0.9951,0.0987,0,-0.0016,-0.0988,0.9951,0,-0.06,30.7018,1.3522,1]},
{"frame":62,"values":[1,0.0078,0.0022,0,-0.008,0.9952,0.098,0,-0.0015,-0.098,0.9952,0,-0.06,30.7018,1.3522,1]}],"loopBehavior":1,"name":"anim","property":"_matrix"}},
