{"producer":{"name":"Blender","version":"2.79 (sub 0)","exporter_version":"5.6.4","file":"clappinggesture.babylon"},
"autoClear":true,"clearColor":[0.0509,0.0509,0.0509],"ambientColor":[0,0,0],"gravity":[0,-9.81,0],
"materials":[{"name":"clappinggesture.Material","id":"clappinggesture.Material","ambient":[0,0,0],"diffuse":[0,0,0],"specular":[0,0,0],"emissive":[0,0,0],"specularPower":50,"alpha":0.001,"backFaceCulling":true,"checkReadyOnlyOnce":false,"maxSimultaneousLights":4}],
"multiMaterials":[],
"skeletons":[{"name":"Armature","id":0,"dimensionsAtRest":[379.1952,391.6652,55.677],"bones":[
{"name":"mixamorig:Hips","index":0,"matrix":[0.9991,0.0071,-0.0409,0,-0.0053,0.999,0.0442,0,-0.0412,0.0439,-0.9982,0,-0.0578,196.3826,-0.2095,1],"rest":[1,0,0,0,0,1,0,0,0,0,-1,0,0,201.6394,0,1],"parentBoneIndex":-1,"length":21.6784
,"animation":{"dataType":3,"framePerSecond":24,"keys":[
{"frame":1,"values":[0.9991,0.0071,-0.0409,0,-0.0053,0.999,0.0442,0,-0.0412,0.0439,-0.9982,0,-0.0529,196.3753,-0.2095,1]},
{"frame":2,"values":[0.9992,0.0075,-0.0381,0,-0.0058,0.999,0.0439,0,-0.0384,0.0437,-0.9983,0,-0.0542,196.3881,-0.1257,1]},
{"frame":3,"values":[0.9993,0.0079,-0.0371,0,-0.0063,0.9991,0.0426,0,-0.0374,0.0424,-0.9984,0,-0.0554,196.4009,-0.0418,1]},
{"frame":4,"values":[0.9992,0.0082,-0.0392,0,-0.0066,0.9991,0.0414,0,-0.0395,0.0411,-0.9984,0,-0.0566,196.4137,0.0421,1]},
{"frame":5,"values":[0.999,0.0086,-0.0439,0,-0.0069,0.9992,0.0401,0,-0.0442,0.0397,-0.9982,0,-0.0578,196.4128,0.0503,1]},
{"frame":6,"values":[0.9988,0.009,-0.0487,0,-0.0071,0.9992,0.0388,0,-0.049,0.0384,-0.9981,0,-0.0591,196.412,-0.1097,1]},
{"frame":7,"values":[0.9987,0.0094,-0.0508,0,-0.0075,0.9993,0.0365,0,-0.0511,0.0361,-0.998,0,-0.0603,196.4111,-0.2698,1]},
{"frame":8,"values":[0.9987,0.0097,-0.0491,0,-0.0079,0.9993,0.0375,0,-0.0494,0.0371,-0.9981,0,-0.0615,196.4102,-0.4298,1]},
{"frame":9,"values":[0.999,0.0101,-0.043,0,-0.0083,0.9991,0.0422,0,-0.0434,0.0418,-0.9982,0,-0.0628,196.4093,-0.3914,1]},
{"frame":10,"values":[0.9993,0.0105,-0.037,0,-0.0089,0.999,0.0442,0,-0.0374,0.0439,-0.9983,0,-0.064,196.4085,-0.353,1]},
{"frame":11,"values":[0.9994,0.0109,-0.0334,0,-0.0093,0.9989,0.0463,0,-0.0339,0.0459,-0.9984,0,-0.0652,196.4076,-0.4282,1]},
{"frame":12,"values":[0.9993,0.0106,-0.0365,0,-0.009,0.999,0.0444,0,-0.037,0.044,-0.9983,0,-0.0665,196.4067,-0.5035,1]},
{"frame":13,"values":[0.9992,0.0104,-0.0397,0,-0.0087,0.9991,0.0424,0,-0.0401,0.0421,-0.9983,0,-0.0677,196.4059,-0.5787,1]},
{"frame":14,"values":[0.999,0.0102,-0.0429,0,-0.0084,0.9991,0.0405,0,-0.0432,0.0401,-0.9983,0,-0.0689,196.405,-0.654,1]},
{"frame":15,"values":[0.9989,0.0099,-0.046,0,-0.0082,0.9992,0.0386,0,-0.0464,0.0382,-0.9982,0,-0.0702,196.4041,-0.5545,1]},
{"frame":16,"values":[0.999,0.0097,-0.0428,0,-0.0081,0.9993,0.0367,0,-0.0431,0.0363,-0.9984,0,-0.0722,196.4033,-0.4551,1]},
{"frame":17,"values":[0.9992,0.0095,-0.0396,0,-0.008,0.9993,0.0373,0,-0.0399,0.0369,-0.9985,0,-0.0742,196.4024,-0.3556,1]},
{"frame":18,"values":[0.9993,0.0092,-0.0363,0,-0.0078,0.9992,0.0379,0,-0.0367,0.0376,-0.9986,0,-0.0762,196.4015,-0.2562,1]},
{"frame":19,"values":[0.9994,0.009,-0.0331,0,-0.0077,0.9992,0.0386,0,-0.0334,0.0383,-0.9987,0,-0.0783,196.4007,-0.2947,1]},
{"frame":20,"values":[0.9994,0.0088,-0.0347,0,-0.0074,0.9992,0.0383,0,-0.035,0.038,-0.9987,0,-0.0803,196.3998,-0.3333,1]},
{"frame":21,"values":[0.9993,0.0085,-0.0362,0,-0.0071,0.9993,0.0379,0,-0.0365,0.0377,-0.9986,0,-0.0775,196.3989,-0.3718,1]},
{"frame":22,"values":[0.9993,0.0083,-0.0378,0,-0.0069,0.9993,0.0376,0,-0.0381,0.0374,-0.9986,0,-0.0747,196.3981,-0.4104,1]},
{"frame":23,"values":[0.9992,0.008,-0.0393,0,-0.0065,0.9992,0.0387,0,-0.0396,0.0384,-0.9985,0,-0.0718,196.3972,-0.4489,1]},
{"frame":24,"values":[0.9991,0.0078,-0.0409,0,-0.0062,0.9992,0.0397,0,-0.0412,0.0394,-0.9984,0,-0.069,196.3963,-0.4063,1]},
{"frame":25,"values":[0.9991,0.0076,-0.0424,0,-0.0058,0.9992,0.0407,0,-0.0427,0.0404,-0.9983,0,-0.0662,196.3954,-0.3637,1]},
{"frame":26,"values":[0.9991,0.0073,-0.042,0,-0.0056,0.9991,0.0417,0,-0.0423,0.0414,-0.9982,0,-0.0634,196.3946,-0.3211,1]},
{"frame":27,"values":[0.9991,0.0071,-0.0416,0,-0.0053,0.9991,0.0427,0,-0.0418,0.0425,-0.9982,0,-0.0606,196.3937,-0.2786,1]},
{"frame":28,"values":[0.9991,0.0071,-0.0411,0,-0.0053,0.999,0.0437,0,-0.0414,0.0435,-0.9982,0,-0.0578,196.3826,-0.236,1]},
{"frame":29,"values":[0.9991,0.0071,-0.0409,0,-0.0053,0.999,0.0442,0,-0.0412,0.0439,-0.9982,0,-0.0578,196.3826,-0.2095,1]}],"loopBehavior":1,"name":"anim","property":"_matrix"}},
{"name":"mixamorig:Spine","index":1,"matrix":[0.9995,-0.0319,0.0038,0,0.0319,0.9995,-0.0086,0,-0.0036,0.0087,1,0,0.0062,19.525,-2.4818,1],"rest":[1,0,0,0,0,1,0,0,0,0,1,0,0.0062,19.525,-2.4818,1],"parentBoneIndex":0,"length":23.0091
,"animation":{"dataType":3,"framePerSecond":24,"keys":[
{"frame":1,"values":[0.9995,-0.0319,0.0027,0,0.0319,0.9995,-0.0026,0,-0.0027,0.0027,1,0,0.0062,19.525,-2.4818,1]},
{"frame":2,"values":[0.9995,-0.032,0.0025,0,0.032,0.9995,-0.0032,0,-0.0024,0.0033,1,0,0.0062,19.525,-2.4818,1]},
{"frame":3,"values":[0.9995,-0.0321,0.0022,0,0.0321,0.9995,-0.0039,0,-0.0021,0.0039,1,0,0.0062,19.525,-2.4818,1]},
{"frame":4,"values":[0.9995,-0.0322,0.002,0,0.0322,0.9995,-0.0045,0,-0.0019,0.0045,1,0,0.0062,19.525,-2.4818,1]},
{"frame":5,"values":[0.9995,-0.0323,0.0017,0,0.0323,0.9995,-0.0051,0,-0.0016,0.0051,1,0,0.0062,19.525,-2.4818,1]},
{"frame":6,"values":[0.9995,-0.0324,0.0015,0,0.0324,0.9995,-0.0057,0,-0.0013,0.0057,1,0,0.0062,19.525,-2.4818,1]},
{"frame":7,"values":[0.9995,-0.0325,0.0012,0,0.0325,0.9995,-0.0063,0,-0.001,0.0063,1,0,0.0062,19.525,-2.4818,1]},
{"frame":8,"values":[0.9995,-0.0326,0.001,0,0.0326,0.9994,-0.0069,0,-0.0008,0.0069,1,0,0.0062,19.525,-2.4818,1]},
{"frame":9,"values":[0.9995,-0.0327,0.0008,0,0.0327,0.9994,-0.0075,0,-0.0005,0.0075,1,0,0.0062,19.525,-2.4818,1]},
{"frame":10,"values":[0.9995,-0.0328,0.0009,0,0.0328,0.9994,-0.0081,0,-0.0006,0.0082,1,0,0.0062,19.525,-2.4818,1]},
{"frame":11,"values":[0.9995,-0.0329,0.001,0,0.0329,0.9994,-0.0088,0,-0.0007,0.0088,1,0,0.0062,19.525,-2.4818,1]},
{"frame":12,"values":[0.9995,-0.033,0.0011,0,0.033,0.9994,-0.0094,0,-0.0008,0.0094,1,0,0.0062,19.525,-2.4818,1]},
{"frame":13,"values":[0.9995,-0.0331,0.0013,0,0.0331,0.9994,-0.0099,0,-0.0009,0.0099,1,0,0.0062,19.525,-2.4818,1]},
{"frame":14,"values":[0.9994,-0.0332,0.0014,0,0.0332,0.9994,-0.0104,0,-0.0011,0.0104,0.9999,0,0.0062,19.525,-2.4818,1]},
{"frame":15,"values":[0.9994,-0.0333,0.0015,0,0.0333,0.9994,-0.0109,0,-0.0012,0.0109,0.9999,0,0.0062,19.525,-2.4818,1]},
{"frame":16,"values":[0.9995,-0.033,0.0017,0,0.033,0.9994,-0.0114,0,-0.0013,0.0114,0.9999,0,0.0062,19.525,-2.4818,1]},
{"frame":17,"values":[0.9995,-0.0327,0.0018,0,0.0327,0.9994,-0.0119,0,-0.0014,0.0119,0.9999,0,0.0062,19.525,-2.4818,1]},
{"frame":18,"values":[0.9995,-0.0324,0.0019,0,0.0324,0.9994,-0.0124,0,-0.0015,0.0125,0.9999,0,0.0062,19.525,-2.4818,1]},
{"frame":19,"values":[0.9995,-0.0321,0.0021,0,0.0322,0.9994,-0.0129,0,-0.0016,0.013,0.9999,0,0.0062,19.525,-2.4818,1]},
{"frame":20,"values":[0.9995,-0.0319,0.0022,0,0.0319,0.9994,-0.0123,0,-0.0018,0.0123,0.9999,0,0.0062,19.525,-2.4818,1]},
{"frame":21,"values":[0.9995,-0.0316,0.0023,0,0.0316,0.9994,-0.0117,0,-0.0019,0.0117,0.9999,0,0.0062,19.525,-2.4818,1]},
{"frame":22,"values":[0.9995,-0.0313,0.0025,0,0.0313,0.9994,-0.0111,0,-0.0021,0.0111,0.9999,0,0.0062,19.525,-2.4818,1]},
{"frame":23,"values":[0.9995,-0.0317,0.0026,0,0.0317,0.9994,-0.0104,0,-0.0022,0.0105,0.9999,0,0.0062,19.525,-2.4818,1]},
{"frame":24,"values":[0.9995,-0.032,0.0027,0,0.032,0.9994,-0.0098,0,-0.0024,0.0099,0.9999,0,0.0062,19.525,-2.4818,1]},
{"frame":25,"values":[0.9995,-0.0324,0.0035,0,0.0324,0.9994,-0.0092,0,-0.0032,0.0093,1,0,0.0062,19.525,-2.4818,1]},
{"frame":26,"values":[0.9995,-0.0328,0.0042,0,0.0328,0.9994,-0.0086,0,-0.0039,0.0087,1,0,0.0062,19.525,-2.4818,1]},
{"frame":27,"values":[0.9994,-0.0331,0.005,0,0.0332,0.9994,-0.0086,0,-0.0047,0.0087,1,0,0.0062,19.525,-2.4818,1]},
{"frame":28,"values":[0.9994,-0.0335,0.0038,0,0.0335,0.9994,-0.0086,0,-0.0035,0.0087,1,0,0.0062,19.525,-2.4818,1]},
{"frame":29,"values":[0.9995,-0.0319,0.0038,0,0.0319,0.9995,-0.0086,0,-0.0036,0.0087,1,0,0.0062,19.525,-2.4818,1]}],"loopBehavior":1,"name":"anim","property":"_matrix"}},
{"name":"mixamorig:Spine1","index":2,"matrix":[0.9998,-0.0084,0.0186,0,0.008,0.9998,0.018,0,-0.0188,-0.0178,0.9997,0,-0.0009,22.835,-2.8254,1],"rest":[1,0,0,0,0,1,0,0,0,0,1,0,-0.0009,22.835,-2.8254,1],"parentBoneIndex":1,"length":26.7438
,"animation":{"dataType":3,"framePerSecond":24,"keys":[
{"frame":1,"values":[0.9998,-0.0084,0.0186,0,0.008,0.9997,0.0212,0,-0.0188,-0.0211,0.9996,0,-0.0009,22.835,-2.8254,1]},
{"frame":2,"values":[0.9998,-0.0112,0.0182,0,0.0109,0.9997,0.0206,0,-0.0185,-0.0204,0.9996,0,-0.0009,22.835,-2.8254,1]},
{"frame":3,"values":[0.9997,-0.0141,0.0179,0,0.0138,0.9997,0.02,0,-0.0181,-0.0197,0.9996,0,-0.0009,22.835,-2.8254,1]},
{"frame":4,"values":[0.9997,-0.017,0.0175,0,0.0167,0.9997,0.0193,0,-0.0178,-0.019,0.9997,0,-0.0009,22.835,-2.8254,1]},
{"frame":5,"values":[0.9997,-0.0153,0.0171,0,0.0149,0.9997,0.0187,0,-0.0174,-0.0184,0.9997,0,-0.0009,22.835,-2.8254,1]},
{"frame":6,"values":[0.9998,-0.0135,0.0167,0,0.0132,0.9997,0.0181,0,-0.017,-0.0178,0.9997,0,-0.0009,22.835,-2.8254,1]},
{"frame":7,"values":[0.9998,-0.0118,0.0164,0,0.0115,0.9998,0.0174,0,-0.0166,-0.0172,0.9997,0,-0.0009,22.835,-2.8254,1]},
{"frame":8,"values":[0.9998,-0.0143,0.016,0,0.014,0.9998,0.0168,0,-0.0162,-0.0166,0.9997,0,-0.0009,22.835,-2.8254,1]},
{"frame":9,"values":[0.9997,-0.0177,0.0156,0,0.0175,0.9997,0.0162,0,-0.0159,-0.0159,0.9997,0,-0.0009,22.835,-2.8254,1]},
{"frame":10,"values":[0.9997,-0.0212,0.0152,0,0.021,0.9997,0.0155,0,-0.0155,-0.0152,0.9998,0,-0.0009,22.835,-2.8254,1]},
{"frame":11,"values":[0.9996,-0.0228,0.0148,0,0.0226,0.9996,0.0149,0,-0.0152,-0.0146,0.9998,0,-0.0009,22.835,-2.8254,1]},
{"frame":12,"values":[0.9997,-0.0213,0.0145,0,0.0211,0.9997,0.0143,0,-0.0148,-0.014,0.9998,0,-0.0009,22.835,-2.8254,1]},
{"frame":13,"values":[0.9997,-0.0198,0.0141,0,0.0196,0.9997,0.0136,0,-0.0144,-0.0134,0.9998,0,-0.0009,22.835,-2.8254,1]},
{"frame":14,"values":[0.9997,-0.0183,0.0137,0,0.0181,0.9997,0.0137,0,-0.014,-0.0135,0.9998,0,-0.0009,22.835,-2.8254,1]},
{"frame":15,"values":[0.9998,-0.0168,0.0133,0,0.0167,0.9998,0.0138,0,-0.0136,-0.0136,0.9998,0,-0.0009,22.835,-2.8254,1]},
{"frame":16,"values":[0.9998,-0.0153,0.0159,0,0.0151,0.9998,0.0139,0,-0.0162,-0.0137,0.9998,0,-0.0009,22.835,-2.8254,1]},
{"frame":17,"values":[0.9997,-0.0159,0.0185,0,0.0156,0.9998,0.014,0,-0.0188,-0.0137,0.9997,0,-0.0009,22.835,-2.8254,1]},
{"frame":18,"values":[0.9996,-0.0164,0.0212,0,0.0161,0.9998,0.0141,0,-0.0214,-0.0138,0.9997,0,-0.0009,22.835,-2.8254,1]},
{"frame":19,"values":[0.9996,-0.0169,0.0238,0,0.0166,0.9998,0.0142,0,-0.024,-0.0138,0.9996,0,-0.0009,22.835,-2.8254,1]},
{"frame":20,"values":[0.9996,-0.0148,0.0225,0,0.0144,0.9998,0.0143,0,-0.0227,-0.014,0.9996,0,-0.0009,22.835,-2.8254,1]},
{"frame":21,"values":[0.9997,-0.0126,0.0212,0,0.0123,0.9998,0.0144,0,-0.0213,-0.0142,0.9997,0,-0.0009,22.835,-2.8254,1]},
{"frame":22,"values":[0.9997,-0.0105,0.0199,0,0.0102,0.9998,0.0145,0,-0.02,-0.0143,0.9997,0,-0.0009,22.835,-2.8254,1]},
{"frame":23,"values":[0.9998,-0.0084,0.0186,0,0.0081,0.9999,0.0146,0,-0.0187,-0.0145,0.9997,0,-0.0009,22.835,-2.8254,1]},
{"frame":24,"values":[0.9998,-0.0096,0.0186,0,0.0093,0.9998,0.0147,0,-0.0187,-0.0146,0.9997,0,-0.0009,22.835,-2.8254,1]},
{"frame":25,"values":[0.9998,-0.0108,0.0186,0,0.0105,0.9998,0.0148,0,-0.0187,-0.0146,0.9997,0,-0.0009,22.835,-2.8254,1]},
{"frame":26,"values":[0.9998,-0.012,0.0186,0,0.0117,0.9998,0.0159,0,-0.0188,-0.0157,0.9997,0,-0.0009,22.835,-2.8254,1]},
{"frame":27,"values":[0.9998,-0.0107,0.0186,0,0.0104,0.9998,0.0169,0,-0.0188,-0.0167,0.9997,0,-0.0009,22.835,-2.8254,1]},
{"frame":28,"values":[0.9998,-0.0094,0.0186,0,0.0091,0.9998,0.018,0,-0.0188,-0.0178,0.9997,0,-0.0009,22.835,-2.8254,1]},
{"frame":29,"values":[0.9998,-0.0084,0.0186,0,0.008,0.9998,0.018,0,-0.0188,-0.0178,0.9997,0,-0.0009,22.835,-2.8254,1]}],"loopBehavior":1,"name":"anim","property":"_matrix"}},
{"name":"mixamorig:Spine2","index":3,"matrix":[0.9998,-0.0074,0.0189,0,0.0071,0.9998,0.0181,0,-0.019,-0.0179,0.9997,0,-0.0206,26.5525,-3.1933,1],"rest":[1,0,0,0,0,1,0,0,0,0,1,0,-0.0206,26.5525,-3.1933,1],"parentBoneIndex":2,"length":24.825
,"animation":{"dataType":3,"framePerSecond":24,"keys":[
{"frame":1,"values":[0.9998,-0.0074,0.0189,0,0.007,0.9997,0.0213,0,-0.0191,-0.0212,0.9996,0,-0.0206,26.5525,-3.1933,1]},
{"frame":2,"values":[0.9998,-0.0116,0.0184,0,0.0113,0.9997,0.0207,0,-0.0186,-0.0205,0.9996,0,-0.0206,26.5525,-3.1933,1]},
{"frame":3,"values":[0.9997,-0.0159,0.0178,0,0.0155,0.9997,0.0201,0,-0.0181,-0.0198,0.9996,0,-0.0206,26.5525,-3.1933,1]},
{"frame":4,"values":[0.9997,-0.016,0.0173,0,0.0157,0.9997,0.0195,0,-0.0176,-0.0192,0.9997,0,-0.0206,26.5525,-3.1933,1]},
{"frame":5,"values":[0.9998,-0.0137,0.0168,0,0.0134,0.9997,0.0189,0,-0.017,-0.0187,0.9997,0,-0.0206,26.5525,-3.1933,1]},
{"frame":6,"values":[0.9998,-0.0112,0.0162,0,0.0109,0.9998,0.0183,0,-0.0164,-0.0181,0.9997,0,-0.0206,26.5525,-3.1933,1]},
{"frame":7,"values":[0.9998,-0.011,0.0157,0,0.0108,0.9998,0.0177,0,-0.0159,-0.0175,0.9997,0,-0.0206,26.5525,-3.1933,1]},
{"frame":8,"values":[0.9998,-0.0136,0.0152,0,0.0133,0.9998,0.0171,0,-0.0154,-0.0169,0.9997,0,-0.0206,26.5525,-3.1933,1]},
{"frame":9,"values":[0.9997,-0.0172,0.016,0,0.0169,0.9997,0.0165,0,-0.0163,-0.0162,0.9997,0,-0.0206,26.5525,-3.1933,1]},
{"frame":10,"values":[0.9997,-0.0203,0.0168,0,0.02,0.9997,0.0159,0,-0.0171,-0.0155,0.9997,0,-0.0206,26.5525,-3.1933,1]},
{"frame":11,"values":[0.9996,-0.0219,0.0176,0,0.0216,0.9997,0.0153,0,-0.018,-0.0149,0.9997,0,-0.0206,26.5525,-3.1933,1]},
{"frame":12,"values":[0.9996,-0.0207,0.0184,0,0.0204,0.9997,0.0147,0,-0.0187,-0.0143,0.9997,0,-0.0206,26.5525,-3.1933,1]},
{"frame":13,"values":[0.9996,-0.0194,0.0193,0,0.0192,0.9997,0.0141,0,-0.0195,-0.0137,0.9997,0,-0.0206,26.5525,-3.1933,1]},
{"frame":14,"values":[0.9996,-0.0182,0.0201,0,0.018,0.9997,0.0142,0,-0.0203,-0.0138,0.9997,0,-0.0206,26.5525,-3.1933,1]},
{"frame":15,"values":[0.9996,-0.017,0.0209,0,0.0167,0.9998,0.0142,0,-0.0211,-0.0139,0.9997,0,-0.0206,26.5524,-3.1933,1]},
{"frame":16,"values":[0.9996,-0.0158,0.0217,0,0.0155,0.9998,0.0143,0,-0.0219,-0.014,0.9997,0,-0.0206,26.5525,-3.1933,1]},
{"frame":17,"values":[0.9996,-0.0146,0.0225,0,0.0143,0.9998,0.0144,0,-0.0227,-0.0141,0.9996,0,-0.0206,26.5525,-3.1933,1]},
{"frame":18,"values":[0.9996,-0.0154,0.0234,0,0.015,0.9998,0.0145,0,-0.0236,-0.0141,0.9996,0,-0.0206,26.5525,-3.1933,1]},
{"frame":19,"values":[0.9996,-0.0161,0.0242,0,0.0157,0.9998,0.0145,0,-0.0244,-0.0141,0.9996,0,-0.0206,26.5525,-3.1933,1]},
{"frame":20,"values":[0.9996,-0.014,0.0228,0,0.0136,0.9998,0.0146,0,-0.023,-0.0143,0.9996,0,-0.0206,26.5525,-3.1933,1]},
{"frame":21,"values":[0.9997,-0.0119,0.0215,0,0.0116,0.9998,0.0147,0,-0.0217,-0.0144,0.9997,0,-0.0206,26.5525,-3.1933,1]},
{"frame":22,"values":[0.9997,-0.0098,0.0201,0,0.0095,0.9998,0.0148,0,-0.0203,-0.0146,0.9997,0,-0.0206,26.5525,-3.1933,1]},
{"frame":23,"values":[0.9998,-0.0077,0.0188,0,0.0074,0.9999,0.0148,0,-0.0189,-0.0147,0.9997,0,-0.0206,26.5525,-3.1933,1]},
{"frame":24,"values":[0.9998,-0.0088,0.0188,0,0.0085,0.9999,0.0149,0,-0.0189,-0.0148,0.9997,0,-0.0206,26.5525,-3.1933,1]},
{"frame":25,"values":[0.9998,-0.0099,0.0188,0,0.0096,0.9998,0.015,0,-0.019,-0.0148,0.9997,0,-0.0206,26.5525,-3.1933,1]},
{"frame":26,"values":[0.9998,-0.011,0.0188,0,0.0107,0.9998,0.016,0,-0.019,-0.0158,0.9997,0,-0.0206,26.5525,-3.1933,1]},
{"frame":27,"values":[0.9998,-0.0097,0.0189,0,0.0094,0.9998,0.017,0,-0.019,-0.0169,0.9997,0,-0.0206,26.5525,-3.1933,1]},
{"frame":28,"values":[0.9998,-0.0084,0.0189,0,0.0081,0.9998,0.0181,0,-0.019,-0.0179,0.9997,0,-0.0206,26.5525,-3.1933,1]},
{"frame":29,"values":[0.9998,-0.0074,0.0189,0,0.0071,0.9998,0.0181,0,-0.019,-0.0179,0.9997,0,-0.0206,26.5525,-3.1933,1]}],"loopBehavior":1,"name":"anim","property":"_matrix"}},
{"name":"mixamorig:Neck","index":4,"matrix":[0.9997,0.0245,-0.0047,0,-0.025,0.9808,-0.1936,0,-0.0001,0.1936,0.9811,0,-0.06,30.7018,1.3522,1],"rest":[1,0,0,0,0,1,0,0,0,0,1,0,-0.06,30.7018,1.3522,1],"parentBoneIndex":3,"length":22.8446
,"animation":{"dataType":3,"framePerSecond":24,"keys":[
{"frame":1,"values":[0.9997,0.0245,-0.0045,0,-0.0249,0.9808,-0.1936,0,-0.0003,0.1936,0.9811,0,-0.06,30.7018,1.3522,1]},
{"frame":2,"values":[0.9997,0.0258,-0.0042,0,-0.0261,0.982,-0.187,0,-0.0007,0.187,0.9824,0,-0.06,30.7018,1.3522,1]},
{"frame":3,"values":[0.9996,0.0271,-0.0039,0,-0.0274,0.983,-0.1815,0,-0.0011,0.1816,0.9834,0,-0.06,30.7018,1.3522,1]},
{"frame":4,"values":[0.9996,0.0284,-0.0036,0,-0.0286,0.9835,-0.1789,0,-0.0015,0.1789,0.9839,0,-0.06,30.7018,1.3522,1]},
{"frame":5,"values":[0.9996,0.0297,-0.0033,0,-0.0298,0.9834,-0.1788,0,-0.0021,0.1788,0.9839,0,-0.06,30.7018,1.3522,1]},
{"frame":6,"values":[0.9995,0.031,-0.003,0,-0.0311,0.9832,-0.1796,0,-0.0026,0.1796,0.9837,0,-0.06,30.7018,1.3522,1]},
{"frame":7,"values":[0.9995,0.0323,-0.0027,0,-0.0323,0.9829,-0.1815,0,-0.0032,0.1815,0.9834,0,-0.06,30.7018,1.3522,1]},
{"frame":8,"values":[0.9994,0.0336,-0.0024,0,-0.0335,0.9824,-0.1839,0,-0.0038,0.1839,0.9829,0,-0.06,30.7018,1.3522,1]},
{"frame":9,"values":[0.9994,0.0349,-0.0021,0,-0.0347,0.9826,-0.1823,0,-0.0043,0.1822,0.9832,0,-0.06,30.7018,1.3522,1]},
{"frame":10,"values":[0.9993,0.0362,-0.0018,0,-0.036,0.9839,-0.1752,0,-0.0045,0.1752,0.9845,0,-0.06,30.7018,1.3522,1]},
{"frame":11,"values":[0.9993,0.0375,-0.0015,0,-0.0372,0.9848,-0.1694,0,-0.0048,0.1693,0.9855,0,-0.06,30.7018,1.3522,1]},
{"frame":12,"values":[0.9992,0.0388,-0.0012,0,-0.0385,0.985,-0.168,0,-0.0053,0.1679,0.9858,0,-0.06,30.7018,1.3522,1]},
{"frame":13,"values":[0.9993,0.0384,-0.0009,0,-0.038,0.9847,-0.1698,0,-0.0056,0.1697,0.9855,0,-0.06,30.7018,1.3522,1]},
{"frame":14,"values":[0.9993,0.0379,-0.0007,0,-0.0375,0.9845,-0.1716,0,-0.0058,0.1715,0.9852,0,-0.06,30.7018,1.3522,1]},
{"frame":15,"values":[0.9993,0.0375,-0.0004,0,-0.037,0.9842,-0.1734,0,-0.0061,0.1733,0.9849,0,-0.06,30.7018,1.3522,1]},
{"frame":16,"values":[0.9993,0.037,-0.0001,0,-0.0365,0.9839,-0.1752,0,-0.0063,0.175,0.9845,0,-0.06,30.7018,1.3522,1]},
{"frame":17,"values":[0.9993,0.0366,0.0001,0,-0.036,0.9845,-0.1717,0,-0.0064,0.1716,0.9851,0,-0.06,30.7019,1.3522,1]},
{"frame":18,"values":[0.9993,0.0361,-0.0006,0,-0.0357,0.9851,-0.1683,0,-0.0055,0.1682,0.9857,0,-0.06,30.7019,1.3522,1]},
{"frame":19,"values":[0.9994,0.0336,-0.0013,0,-0.0334,0.9858,-0.1648,0,-0.0042,0.1648,0.9863,0,-0.06,30.7018,1.3522,1]},
{"frame":20,"values":[0.9995,0.0312,-0.0021,0,-0.0311,0.9855,-0.1668,0,-0.0032,0.1668,0.986,0,-0.06,30.7018,1.3522,1]},
{"frame":21,"values":[0.9996,0.0287,-0.0028,0,-0.0288,0.9852,-0.1688,0,-0.0021,0.1688,0.9856,0,-0.06,30.7018,1.3522,1]},
{"frame":22,"values":[0.9996,0.0263,-0.0035,0,-0.0265,0.9849,-0.1708,0,-0.001,0.1708,0.9853,0,-0.06,30.7018,1.3522,1]},
{"frame":23,"values":[0.9997,0.0238,-0.0042,0,-0.0242,0.9847,-0.1728,0,0,0.1729,0.9849,0,-0.06,30.7018,1.3522,1]},
{"frame":24,"values":[0.9997,0.0237,-0.0043,0,-0.0241,0.9853,-0.1689,0,0.0003,0.1689,0.9856,0,-0.06,30.7018,1.3522,1]},
{"frame":25,"values":[0.9997,0.0235,-0.0044,0,-0.0239,0.986,-0.1649,0,0.0005,0.165,0.9863,0,-0.06,30.7018,1.3522,1]},
{"frame":26,"values":[0.9997,0.0233,-0.0045,0,-0.0237,0.9867,-0.161,0,0.0007,0.161,0.9869,0,-0.06,30.7018,1.3522,1]},
{"frame":27,"values":[0.9997,0.0231,-0.0046,0,-0.0236,0.9849,-0.1717,0,0.0006,0.1717,0.9851,0,-0.06,30.7018,1.3522,1]},
{"frame":28,"values":[0.9997,0.023,-0.0047,0,-0.0234,0.983,-0.1823,0,0.0004,0.1824,0.9832,0,-0.06,30.7018,1.3522,1]},
{"frame":29,"values":[0.9997,0.0245,-0.0047,0,-0.025,0.9808,-0.1936,0,-0.0001,0.1936,0.9811,0,-0.06,30.7018,1.3522,1]}],"loopBehavior":1,"name":"anim","property":"_matrix"}},
{"name":"mixamorig:Head","index":5,"matrix":[0.9964,0.0735,-0.0426,0,-0.0777,0.9915,-0.1047,0,0.0346,0.1077,0.9936,0,-0.0872,22.5476,3.6709,1],"rest":[1,0,0,0,0,1,0,0,0,0,1,0,-0.0872,22.5476,3.6709,1],"parentBoneIndex":4,"length":30.5923
,"animation":{"dataType":3,"framePerSecond":24,"keys":[
{"frame":1,"values":[0.9964,0.0735,-0.0426,0,-0.0777,0.9915,-0.1047,0,0.0346,0.1077,0.9936,0,-0.0872,22.5476,3.6709,1]},
{"frame":2,"values":[0.9965,0.0741,-0.0376,0,-0.0776,0.9917,-0.1022,0,0.0297,0.1048,0.994,0,-0.0872,22.5476,3.6709,1]},
{"frame":3,"values":[0.9967,0.0752,-0.0317,0,-0.0778,0.9925,-0.094,0,0.0244,0.0962,0.9951,0,-0.0872,22.5476,3.6709,1]},
{"frame":4,"values":[0.997,0.0718,-0.0276,0,-0.074,0.9933,-0.089,0,0.021,0.0908,0.9956,0,-0.0872,22.5476,3.6709,1]},
{"frame":5,"values":[0.9975,0.0638,-0.0292,0,-0.0662,0.9937,-0.0908,0,0.0232,0.0925,0.9954,0,-0.0872,22.5476,3.6709,1]},
{"frame":6,"values":[0.9978,0.0581,-0.0335,0,-0.0609,0.9939,-0.0922,0,0.0279,0.094,0.9952,0,-0.0872,22.5476,3.6709,1]},
{"frame":7,"values":[0.9976,0.0592,-0.0346,0,-0.0621,0.9941,-0.0884,0,0.0292,0.0903,0.9955,0,-0.0872,22.5476,3.6709,1]},
{"frame":8,"values":[0.9975,0.0643,-0.0307,0,-0.0668,0.9939,-0.0877,0,0.0249,0.0895,0.9957,0,-0.0872,22.5477,3.6709,1]},
{"frame":9,"values":[0.9974,0.0674,-0.0253,0,-0.0696,0.993,-0.0958,0,0.0187,0.0973,0.9951,0,-0.0872,22.5476,3.6709,1]},
{"frame":10,"values":[0.9976,0.0644,-0.0243,0,-0.0666,0.9926,-0.1015,0,0.0176,0.1029,0.9945,0,-0.0872,22.5476,3.6709,1]},
{"frame":11,"values":[0.998,0.0573,-0.028,0,-0.0598,0.9934,-0.0977,0,0.0223,0.0992,0.9948,0,-0.0872,22.5476,3.6709,1]},
{"frame":12,"values":[0.9981,0.0527,-0.0318,0,-0.0555,0.9938,-0.0961,0,0.0265,0.0977,0.9949,0,-0.0872,22.5476,3.6709,1]},
{"frame":13,"values":[0.9979,0.0533,-0.0355,0,-0.0567,0.9931,-0.1031,0,0.0298,0.1049,0.994,0,-0.0872,22.5476,3.6709,1]},
{"frame":14,"values":[0.998,0.0555,-0.0313,0,-0.0585,0.9926,-0.1063,0,0.0252,0.1079,0.9938,0,-0.0872,22.5476,3.6709,1]},
{"frame":15,"values":[0.9981,0.0551,-0.0271,0,-0.0578,0.9923,-0.1096,0,0.0208,0.1109,0.9936,0,-0.0872,22.5477,3.6709,1]},
{"frame":16,"values":[0.9979,0.0591,-0.0282,0,-0.0619,0.9917,-0.1128,0,0.0213,0.1143,0.9932,0,-0.0872,22.5476,3.6709,1]},
{"frame":17,"values":[0.9976,0.0631,-0.0293,0,-0.0661,0.991,-0.1161,0,0.0217,0.1177,0.9928,0,-0.0872,22.5476,3.6709,1]},
{"frame":18,"values":[0.9974,0.0671,-0.028,0,-0.0698,0.9914,-0.1108,0,0.0203,0.1124,0.9934,0,-0.0872,22.5476,3.6709,1]},
{"frame":19,"values":[0.9977,0.0628,-0.0267,0,-0.0652,0.9923,-0.1055,0,0.0199,0.107,0.9941,0,-0.0872,22.5476,3.6709,1]},
{"frame":20,"values":[0.9978,0.0584,-0.03,0,-0.0612,0.9931,-0.1002,0,0.024,0.1018,0.9945,0,-0.0872,22.5476,3.6709,1]},
{"frame":21,"values":[0.998,0.0541,-0.0334,0,-0.0571,0.9938,-0.0949,0,0.028,0.0966,0.9949,0,-0.0872,22.5476,3.6709,1]},
{"frame":22,"values":[0.9977,0.057,-0.0367,0,-0.0601,0.9942,-0.0896,0,0.0314,0.0916,0.9953,0,-0.0872,22.5476,3.6709,1]},
{"frame":23,"values":[0.9974,0.0598,-0.04,0,-0.063,0.9944,-0.0843,0,0.0348,0.0866,0.9956,0,-0.0872,22.5476,3.6709,1]},
{"frame":24,"values":[0.9973,0.0627,-0.0378,0,-0.0658,0.994,-0.0876,0,0.0321,0.0898,0.9954,0,-0.0872,22.5476,3.6709,1]},
{"frame":25,"values":[0.9972,0.0655,-0.0355,0,-0.0683,0.9942,-0.083,0,0.0299,0.0852,0.9959,0,-0.0872,22.5476,3.6709,1]},
{"frame":26,"values":[0.9969,0.0684,-0.0378,0,-0.0712,0.9944,-0.0783,0,0.0322,0.0808,0.9962,0,-0.0872,22.5476,3.6709,1]},
{"frame":27,"values":[0.9969,0.0678,-0.04,0,-0.0711,0.9938,-0.086,0,0.0339,0.0886,0.9955,0,-0.0872,22.5476,3.6709,1]},
{"frame":28,"values":[0.9966,0.0704,-0.0422,0,-0.0741,0.9928,-0.0937,0,0.0353,0.0965,0.9947,0,-0.0872,22.5476,3.6709,1]},
{"frame":29,"values":[0.9964,0.0735,-0.0426,0,-0.0777,0.9915,-0.1047,0,0.0346,0.1077,0.9936,0,-0.0872,22.5476,3.6709,1]}],"loopBehavior":1,"name":"anim","property":"_matrix"}},
{"name":"mixamorig:HeadTop_End","index":6,"matrix":[1,0,0,0,0,1,0,0,0,0,1,0,-0.8306,40.3552,7.8935,1],"rest":[1,0,0,0,0,1,0,0,0,0,1,0,-0.8306,40.3552,7.8935,1],"parentBoneIndex":5,"length":30.5923
,"animation":{"dataType":3,"framePerSecond":24,"keys":[
{"frame":1,"values":[1,0,0,0,0,1,0,0,0,0,1,0,-0.8306,40.3552,7.8935,1]},
{"frame":17,"values":[1,0,0,0,0,1,0,0,0,0,1,0,-0.8306,40.3553,7.8935,1]},
{"frame":18,"values":[1,0,0,0,0,1,0,0,0,0,1,0,-0.8306,40.3552,7.8935,1]},
{"frame":29,"values":[1,0,0,0,0,1,0,0,0,0,1,0,-0.8306,40.3552,7.8935,1]}],"loopBehavior":1,"name":"anim","property":"_matrix"}},
{"name":"mixamorig:RightEye","index":7,"matrix":[1,0,0,0,0,1,0,0,0,0,1,0,-6.3021,18.1186,16.1971,1],"rest":[1,0,0,0,0,1,0,0,0,0,1,0,-6.3021,18.1186,16.1971,1],"parentBoneIndex":5,"length":30.5923
,"animation":{"dataType":3,"framePerSecond":24,"keys":[
{"frame":1,"values":[1,0,0,0,0,1,0,0,0,0,1,0,-6.3021,18.1186,16.1971,1]},
{"frame":13,"values":[1,0,0,0,0,1,0,0,0,0,1,0,-6.3021,18.1187,16.1971,1]},
{"frame":14,"values":[1,0,0,0,0,1,0,0,0,0,1,0,-6.3021,18.1186,16.1971,1]},
{"frame":17,"values":[1,0,0,0,0,1,0,0,0,0,1,0,-6.3021,18.1187,16.1971,1]},
{"frame":18,"values":[1,0,0,0,0,1,0,0,0,0,1,0,-6.3021,18.1186,16.1971,1]},
{"frame":29,"values":[1,0,0,0,0,1,0,0,0,0,1,0,-6.3021,18.1186,16.1971,1]}],"loopBehavior":1,"name":"anim","property":"_matrix"}},
{"name":"mixamorig:LeftEye","index":8,"matrix":[1,0,0,0,0,1,0,0,0,0,1,0,6.7415,18.3827,16.4019,1],"rest":[1,0,0,0,0,1,0,0,0,0,1,0,6.7415,18.3827,16.4019,1],"parentBoneIndex":5,"length":30.5923
,"animation":{"dataType":3,"framePerSecond":24,"keys":[
{"frame":1,"values":[1,0,0,0,0,1,0,0,0,0,1,0,6.7415,18.3827,16.4019,1]},
{"frame":29,"values":[1,0,0,0,0,1,0,0,0,0,1,0,6.7415,18.3827,16.4019,1]}],"loopBehavior":1,"name":"anim","property":"_matrix"}},
{"name":"mixamorig:LeftShoulder","index":9,"matrix":[0.9705,-0.1949,-0.1419,0,0.1938,0.9808,-0.0217,0,0.1434,-0.0065,0.9896,0,11.9249,18.2305,1.4254,1],"rest":[1,0.0062,0,0,-0.0062,1,0,0,0,0,1,0,11.9249,18.2305,1.4254,1],"parentBoneIndex":3,"length":25.9773
,"animation":{"dataType":3,"framePerSecond":24,"keys":[
{"frame":1,"values":[0.9705,-0.1949,-0.1419,0,0.1939,0.9808,-0.0208,0,0.1433,-0.0074,0.9897,0,11.9249,18.2305,1.4254,1]},
{"frame":2,"values":[0.9728,-0.1894,-0.133,0,0.1885,0.9819,-0.0201,0,0.1344,-0.0056,0.9909,0,11.9249,18.2305,1.4254,1]},
{"frame":3,"values":[0.9741,-0.186,-0.1288,0,0.1851,0.9825,-0.0193,0,0.1302,-0.005,0.9915,0,11.9249,18.2305,1.4254,1]},
{"frame":4,"values":[0.9732,-0.1881,-0.1321,0,0.1873,0.9821,-0.0186,0,0.1333,-0.0066,0.9911,0,11.9249,18.2305,1.4254,1]},
{"frame":5,"values":[0.972,-0.1914,-0.1363,0,0.1907,0.9815,-0.0179,0,0.1372,-0.0086,0.9905,0,11.9249,18.2305,1.4254,1]},
{"frame":6,"values":[0.9729,-0.1891,-0.1329,0,0.1885,0.9819,-0.0171,0,0.1337,-0.0084,0.991,0,11.9249,18.2305,1.4254,1]},
{"frame":7,"values":[0.9749,-0.1837,-0.1259,0,0.1831,0.983,-0.0164,0,0.1268,-0.007,0.9919,0,11.9249,18.2305,1.4254,1]},
{"frame":8,"values":[0.9749,-0.1834,-0.1261,0,0.1829,0.983,-0.0157,0,0.1269,-0.0078,0.9919,0,11.9249,18.2305,1.4254,1]},
{"frame":9,"values":[0.9735,-0.1872,-0.1311,0,0.1867,0.9823,-0.0163,0,0.1318,-0.0086,0.9912,0,11.9249,18.2305,1.4254,1]},
{"frame":10,"values":[0.9729,-0.1894,-0.133,0,0.1889,0.9819,-0.0168,0,0.1337,-0.0088,0.991,0,11.9249,18.2305,1.4254,1]},
{"frame":11,"values":[0.9727,-0.1901,-0.1329,0,0.1895,0.9817,-0.0174,0,0.1338,-0.0083,0.991,0,11.9249,18.2305,1.4254,1]},
{"frame":12,"values":[0.973,-0.1888,-0.1324,0,0.1881,0.982,-0.0179,0,0.1334,-0.0075,0.991,0,11.9249,18.2305,1.4254,1]},
{"frame":13,"values":[0.9739,-0.1877,-0.1277,0,0.1869,0.9822,-0.0178,0,0.1288,-0.0065,0.9917,0,11.9249,18.2305,1.4254,1]},
{"frame":14,"values":[0.9746,-0.1865,-0.1239,0,0.1857,0.9824,-0.0177,0,0.1251,-0.0057,0.9921,0,11.9249,18.2305,1.4254,1]},
{"frame":15,"values":[0.9753,-0.1853,-0.1202,0,0.1845,0.9827,-0.0176,0,0.1213,-0.005,0.9926,0,11.9249,18.2305,1.4254,1]},
{"frame":16,"values":[0.974,-0.1896,-0.1237,0,0.1889,0.9818,-0.0175,0,0.1248,-0.0063,0.9922,0,11.9249,18.2305,1.4254,1]},
{"frame":17,"values":[0.9727,-0.1939,-0.1273,0,0.1933,0.981,-0.0172,0,0.1282,-0.0079,0.9917,0,11.9249,18.2305,1.4254,1]},
{"frame":18,"values":[0.9714,-0.1982,-0.1308,0,0.1977,0.9801,-0.0168,0,0.1316,-0.0095,0.9913,0,11.9249,18.2305,1.4254,1]},
{"frame":19,"values":[0.971,-0.1977,-0.1344,0,0.1973,0.9802,-0.0165,0,0.135,-0.0105,0.9908,0,11.9249,18.2305,1.4254,1]},
{"frame":20,"values":[0.9706,-0.1972,-0.138,0,0.1969,0.9803,-0.0162,0,0.1384,-0.0114,0.9903,0,11.9249,18.2305,1.4254,1]},
{"frame":21,"values":[0.9717,-0.1971,-0.1306,0,0.1967,0.9803,-0.0159,0,0.1311,-0.0102,0.9913,0,11.9249,18.2305,1.4254,1]},
{"frame":22,"values":[0.9727,-0.1969,-0.1232,0,0.1965,0.9804,-0.0156,0,0.1238,-0.009,0.9923,0,11.9249,18.2305,1.4254,1]},
{"frame":23,"values":[0.9723,-0.1964,-0.1266,0,0.1959,0.9805,-0.0166,0,0.1274,-0.0087,0.9918,0,11.9249,18.2305,1.4254,1]},
{"frame":24,"values":[0.9715,-0.198,-0.13,0,0.1974,0.9802,-0.0176,0,0.1309,-0.0086,0.9914,0,11.9249,18.2305,1.4254,1]},
{"frame":25,"values":[0.9708,-0.1995,-0.1334,0,0.1988,0.9799,-0.0186,0,0.1345,-0.0085,0.9909,0,11.9249,18.2305,1.4254,1]},
{"frame":26,"values":[0.97,-0.2011,-0.1368,0,0.2003,0.9795,-0.0196,0,0.138,-0.0084,0.9904,0,11.9249,18.2305,1.4254,1]},
{"frame":27,"values":[0.9692,-0.2026,-0.1402,0,0.2017,0.9792,-0.0207,0,0.1415,-0.0083,0.9899,0,11.9249,18.2305,1.4254,1]},
{"frame":28,"values":[0.9695,-0.1985,-0.1436,0,0.1974,0.9801,-0.0217,0,0.1451,-0.0074,0.9894,0,11.9249,18.2305,1.4254,1]},
{"frame":29,"values":[0.9705,-0.1949,-0.1419,0,0.1938,0.9808,-0.0217,0,0.1434,-0.0065,0.9896,0,11.9249,18.2305,1.4254,1]}],"loopBehavior":1,"name":"anim","property":"_matrix"}},
{"name":"mixamorig:LeftArm","index":10,"matrix":[0.047,-0.794,0.6061,0,0.6714,0.4744,0.5693,0,-0.7396,0.3802,0.5554,0,25.4312,-0.8547,-5.2293,1],"rest":[0.9983,0.0295,0.0512,0,-0.0294,0.9996,-0.0017,0,-0.0512,0.0002,0.9987,0,25.4312,-0.8546,-5.2293,1],"parentBoneIndex":9,"length":54.6848
,"animation":{"dataType":3,"framePerSecond":24,"keys":[
{"frame":1,"values":[0.047,-0.7939,0.6062,0,0.6714,0.4745,0.5693,0,-0.7396,0.3802,0.5553,0,25.4312,-0.8546,-5.2293,1]},
{"frame":2,"values":[0.0744,-0.7913,0.6069,0,0.7209,0.4633,0.5155,0,-0.6891,0.3991,0.6049,0,25.4312,-0.8547,-5.2293,1]},
{"frame":3,"values":[0.0876,-0.7969,0.5978,0,0.7905,0.4208,0.445,0,-0.6062,0.4335,0.6668,0,25.4312,-0.8546,-5.2293,1]},
{"frame":4,"values":[0.0826,-0.8072,0.5845,0,0.8327,0.3782,0.4045,0,-0.5475,0.4533,0.7034,0,25.4312,-0.8546,-5.2293,1]},
{"frame":5,"values":[0.0697,-0.8133,0.5776,0,0.8102,0.384,0.4429,0,-0.582,0.4371,0.6857,0,25.4312,-0.8546,-5.2293,1]},
{"frame":6,"values":[0.0461,-0.8121,0.5817,0,0.7231,0.4289,0.5414,0,-0.6892,0.3957,0.607,0,25.4312,-0.8546,-5.2293,1]},
{"frame":7,"values":[0.0187,-0.8111,0.5847,0,0.6382,0.4598,0.6174,0,-0.7696,0.3616,0.5262,0,25.4312,-0.8546,-5.2293,1]},
{"frame":8,"values":[0.0188,-0.8121,0.5832,0,0.6209,0.4667,0.6298,0,-0.7836,0.3503,0.513,0,25.4312,-0.8546,-5.2293,1]},
{"frame":9,"values":[0.0485,-0.8097,0.5849,0,0.6609,0.465,0.589,0,-0.7489,0.358,0.5577,0,25.4312,-0.8546,-5.2293,1]},
{"frame":10,"values":[0.0821,-0.8102,0.5803,0,0.7199,0.4509,0.5277,0,-0.6893,0.3744,0.6203,0,25.4312,-0.8547,-5.2293,1]},
{"frame":11,"values":[0.0852,-0.8132,0.5758,0,0.7887,0.4082,0.4598,0,-0.6089,0.4149,0.6761,0,25.4312,-0.8547,-5.2293,1]},
{"frame":12,"values":[0.088,-0.8142,0.5739,0,0.7632,0.4254,0.4865,0,-0.6402,0.3951,0.6588,0,25.4312,-0.8546,-5.2293,1]},
{"frame":13,"values":[0.0867,-0.8156,0.572,0,0.7386,0.4379,0.5125,0,-0.6685,0.3781,0.6404,0,25.4312,-0.8546,-5.2293,1]},
{"frame":14,"values":[0.0854,-0.8171,0.5701,0,0.713,0.4498,0.5378,0,-0.6959,0.3606,0.621,0,25.4312,-0.8547,-5.2293,1]},
{"frame":15,"values":[0.0842,-0.8186,0.5682,0,0.6864,0.461,0.5624,0,-0.7223,0.3426,0.6007,0,25.4312,-0.8546,-5.2293,1]},
{"frame":16,"values":[0.0832,-0.82,0.5662,0,0.6588,0.4715,0.5862,0,-0.7477,0.3243,0.5795,0,25.4312,-0.8547,-5.2293,1]},
{"frame":17,"values":[0.0822,-0.8226,0.5627,0,0.725,0.4368,0.5326,0,-0.6839,0.3641,0.6323,0,25.4312,-0.8546,-5.2293,1]},
{"frame":18,"values":[0.0809,-0.8251,0.5592,0,0.785,0.3985,0.4744,0,-0.6142,0.4006,0.6799,0,25.4312,-0.8546,-5.2293,1]},
{"frame":19,"values":[0.0793,-0.8224,0.5633,0,0.8379,0.3611,0.4093,0,-0.54,0.4396,0.7177,0,25.4312,-0.8546,-5.2293,1]},
{"frame":20,"values":[0.0776,-0.8198,0.5674,0,0.7677,0.4123,0.4906,0,-0.6361,0.3975,0.6613,0,25.4312,-0.8546,-5.2293,1]},
{"frame":21,"values":[0.0445,-0.8194,0.5715,0,0.7037,0.4318,0.5643,0,-0.7091,0.377,0.5958,0,25.4312,-0.8546,-5.2293,1]},
{"frame":22,"values":[0.0327,-0.8171,0.5756,0,0.6203,0.4682,0.6293,0,-0.7837,0.3365,0.5221,0,25.4312,-0.8546,-5.2293,1]},
{"frame":23,"values":[0.021,-0.814,0.5805,0,0.6467,0.4539,0.613,0,-0.7625,0.3626,0.5359,0,25.4312,-0.8547,-5.2293,1]},
{"frame":24,"values":[0.0261,-0.8101,0.5857,0,0.6629,0.4526,0.5965,0,-0.7483,0.3726,0.5488,0,25.4312,-0.8546,-5.2293,1]},
{"frame":25,"values":[0.0314,-0.8063,0.5907,0,0.6787,0.451,0.5796,0,-0.7337,0.3827,0.5614,0,25.4312,-0.8546,-5.2293,1]},
{"frame":26,"values":[0.0369,-0.8025,0.5955,0,0.6942,0.4493,0.5624,0,-0.7189,0.3926,0.5736,0,25.4312,-0.8547,-5.2293,1]},
{"frame":27,"values":[0.0425,-0.7987,0.6002,0,0.7093,0.4472,0.5449,0,-0.7037,0.4026,0.5855,0,25.4312,-0.8546,-5.2293,1]},
{"frame":28,"values":[0.0482,-0.7949,0.6048,0,0.724,0.445,0.5271,0,-0.6881,0.4125,0.5969,0,25.4312,-0.8546,-5.2293,1]},
{"frame":29,"values":[0.047,-0.794,0.6061,0,0.6714,0.4744,0.5693,0,-0.7396,0.3802,0.5554,0,25.4312,-0.8547,-5.2293,1]}],"loopBehavior":1,"name":"anim","property":"_matrix"}},
{"name":"mixamorig:LeftForeArm","index":11,"matrix":[0.11,-0.0116,0.9939,0,-0.002,0.9999,0.0119,0,-0.9939,-0.0033,0.11,0,54.5783,-1.9463,-2.8009,1],"rest":[0.9943,-0.0088,-0.1062,0,0.0091,1,0.0028,0,0.1061,-0.0038,0.9943,0,54.5783,-1.9463,-2.8009,1],"parentBoneIndex":10,"length":55.0982
,"animation":{"dataType":3,"framePerSecond":24,"keys":[
{"frame":1,"values":[0.1114,-0.0116,0.9937,0,-0.002,0.9999,0.0119,0,-0.9938,-0.0033,0.1113,0,54.5783,-1.9463,-2.8009,1]},
{"frame":2,"values":[0.1157,-0.0116,0.9932,0,-0.002,0.9999,0.0119,0,-0.9933,-0.0033,0.1157,0,54.5783,-1.9463,-2.8009,1]},
{"frame":3,"values":[0.1253,-0.0115,0.9921,0,-0.0019,0.9999,0.0119,0,-0.9921,-0.0033,0.1253,0,54.5783,-1.9463,-2.8009,1]},
{"frame":4,"values":[0.125,-0.0115,0.9921,0,-0.0019,0.9999,0.0119,0,-0.9922,-0.0033,0.1249,0,54.5783,-1.9463,-2.8009,1]},
{"frame":5,"values":[0.1155,-0.0116,0.9932,0,-0.002,0.9999,0.0119,0,-0.9933,-0.0033,0.1154,0,54.5783,-1.9463,-2.8009,1]},
{"frame":6,"values":[0.1055,-0.0116,0.9944,0,-0.0021,0.9999,0.0119,0,-0.9944,-0.0033,0.1055,0,54.5783,-1.9463,-2.8009,1]},
{"frame":7,"values":[0.0916,-0.0116,0.9957,0,-0.0022,0.9999,0.0118,0,-0.9958,-0.0033,0.0915,0,54.5783,-1.9463,-2.8009,1]},
{"frame":8,"values":[0.0771,-0.0116,0.997,0,-0.0023,0.9999,0.0118,0,-0.997,-0.0032,0.077,0,54.5783,-1.9463,-2.8009,1]},
{"frame":9,"values":[0.0752,-0.0116,0.9971,0,-0.0024,0.9999,0.0118,0,-0.9972,-0.0033,0.0752,0,54.5783,-1.9463,-2.8009,1]},
{"frame":10,"values":[0.0842,-0.0116,0.9964,0,-0.0023,0.9999,0.0118,0,-0.9964,-0.0033,0.0842,0,54.5783,-1.9463,-2.8009,1]},
{"frame":11,"values":[0.0919,-0.0116,0.9957,0,-0.0022,0.9999,0.0118,0,-0.9958,-0.0033,0.0919,0,54.5783,-1.9463,-2.8009,1]},
{"frame":12,"values":[0.0863,-0.0126,0.9962,0,-0.0022,0.9999,0.0129,0,-0.9963,-0.0033,0.0862,0,54.5783,-1.9462,-2.8009,1]},
{"frame":13,"values":[0.0739,-0.0121,0.9972,0,-0.0024,0.9999,0.0123,0,-0.9973,-0.0033,0.0738,0,54.5783,-1.9463,-2.8009,1]},
{"frame":14,"values":[0.0615,-0.0116,0.998,0,-0.0025,0.9999,0.0117,0,-0.9981,-0.0032,0.0614,0,54.5783,-1.9463,-2.8009,1]},
{"frame":15,"values":[0.0663,-0.0139,0.9977,0,-0.0024,0.9999,0.0141,0,-0.9978,-0.0033,0.0663,0,54.5783,-1.9463,-2.8009,1]},
{"frame":16,"values":[0.0717,-0.0131,0.9973,0,-0.0065,0.9999,0.0136,0,-0.9974,-0.0074,0.0716,0,54.5783,-1.9463,-2.8009,1]},
{"frame":17,"values":[0.0771,-0.0123,0.9969,0,-0.0105,0.9999,0.0131,0,-0.997,-0.0115,0.077,0,54.5783,-1.9463,-2.8009,1]},
{"frame":18,"values":[0.0826,-0.0114,0.9965,0,-0.0146,0.9998,0.0127,0,-0.9965,-0.0156,0.0824,0,54.5783,-1.9463,-2.8009,1]},
{"frame":19,"values":[0.0877,-0.0119,0.9961,0,0.0017,0.9999,0.0118,0,-0.9961,0.0006,0.0877,0,54.5783,-1.9463,-2.8009,1]},
{"frame":20,"values":[0.0863,-0.0115,0.9962,0,-0.0032,0.9999,0.0118,0,-0.9963,-0.0042,0.0863,0,54.5783,-1.9463,-2.8009,1]},
{"frame":21,"values":[0.085,-0.0111,0.9963,0,-0.0081,0.9999,0.0118,0,-0.9964,-0.009,0.0849,0,54.5783,-1.9463,-2.8009,1]},
{"frame":22,"values":[0.0836,-0.0107,0.9964,0,-0.0129,0.9998,0.0118,0,-0.9964,-0.0139,0.0834,0,54.5783,-1.9463,-2.8009,1]},
{"frame":23,"values":[0.0823,-0.0096,0.9966,0,-0.0269,0.9996,0.0118,0,-0.9962,-0.0278,0.082,0,54.5783,-1.9463,-2.8009,1]},
{"frame":24,"values":[0.1081,-0.0109,0.9941,0,-0.0154,0.9998,0.0126,0,-0.994,-0.0167,0.1079,0,54.5783,-1.9463,-2.8009,1]},
{"frame":25,"values":[0.1339,-0.0124,0.9909,0,-0.0039,0.9999,0.0131,0,-0.991,-0.0056,0.1338,0,54.5783,-1.9463,-2.8009,1]},
{"frame":26,"values":[0.1595,-0.0142,0.9871,0,0.0153,0.9998,0.0119,0,-0.9871,0.0132,0.1597,0,54.5783,-1.9463,-2.8009,1]},
{"frame":27,"values":[0.1509,-0.0128,0.9885,0,0.0068,0.9999,0.0119,0,-0.9885,0.0049,0.1509,0,54.5783,-1.9463,-2.8009,1]},
{"frame":28,"values":[0.1422,-0.0115,0.9898,0,-0.0017,0.9999,0.0119,0,-0.9898,-0.0034,0.1421,0,54.5783,-1.9463,-2.8009,1]},
{"frame":29,"values":[0.11,-0.0116,0.9939,0,-0.002,0.9999,0.0119,0,-0.9939,-0.0033,0.11,0,54.5783,-1.9463,-2.8009,1]}],"loopBehavior":1,"name":"anim","property":"_matrix"}},
{"name":"mixamorig:LeftHand","index":12,"matrix":[0.7786,0.5871,0.2213,0,-0.6219,0.769,0.1479,0,-0.0833,-0.2528,0.9639,0,54.9948,-1.4671,3.0376,1],"rest":[0.9961,0.088,0.001,0,-0.0871,0.9842,0.154,0,0.0125,-0.1535,0.9881,0,54.9948,-1.4671,3.0376,1],"parentBoneIndex":11,"length":20.3347
,"animation":{"dataType":3,"framePerSecond":24,"keys":[
{"frame":1,"values":[0.7783,0.5872,0.2223,0,-0.6221,0.769,0.1471,0,-0.0846,-0.2528,0.9638,0,54.9948,-1.4671,3.0376,1]},
{"frame":2,"values":[0.8264,0.5137,0.2307,0,-0.5615,0.7824,0.2692,0,-0.0422,-0.352,0.935,0,54.9948,-1.4671,3.0376,1]},
{"frame":3,"values":[0.8457,0.4945,0.2006,0,-0.5337,0.784,0.317,0,-0.0005,-0.3752,0.927,0,54.9948,-1.4671,3.0376,1]},
{"frame":4,"values":[0.85,0.4922,0.1879,0,-0.5268,0.7986,0.2912,0,-0.0067,-0.3464,0.938,0,54.9948,-1.4671,3.0376,1]},
{"frame":5,"values":[0.8437,0.4949,0.2077,0,-0.5329,0.8187,0.2139,0,-0.0642,-0.2912,0.9545,0,54.9948,-1.4671,3.0376,1]},
{"frame":6,"values":[0.8136,0.5544,0.1749,0,-0.5676,0.8227,0.0326,0,-0.1258,-0.1258,0.984,0,54.9948,-1.4671,3.0376,1]},
{"frame":7,"values":[0.7603,0.6489,0.031,0,-0.6495,0.76,0.0212,0,-0.0098,-0.0363,0.9993,0,54.9948,-1.4671,3.0376,1]},
{"frame":8,"values":[0.7388,0.6719,-0.0511,0,-0.6577,0.7355,0.1627,0,0.1469,-0.0866,0.9854,0,54.9948,-1.4671,3.0376,1]},
{"frame":9,"values":[0.8492,0.528,-0.0022,0,-0.5275,0.8482,-0.0476,0,-0.0233,0.0415,0.9989,0,54.9948,-1.4671,3.0376,1]},
{"frame":10,"values":[0.9049,0.4225,0.0512,0,-0.4199,0.906,-0.0542,0,-0.0693,0.0276,0.9972,0,54.9948,-1.4671,3.0376,1]},
{"frame":11,"values":[0.9037,0.4192,0.0869,0,-0.4258,0.901,0.0826,0,-0.0436,-0.1116,0.9928,0,54.9948,-1.4671,3.0376,1]},
{"frame":12,"values":[0.8685,0.4772,0.134,0,-0.4953,0.8458,0.198,0,-0.0189,-0.2383,0.971,0,54.9948,-1.4671,3.0376,1]},
{"frame":13,"values":[0.7892,0.5982,0.1392,0,-0.6141,0.7648,0.1949,0,0.0101,-0.2393,0.9709,0,54.9948,-1.4671,3.0376,1]},
{"frame":14,"values":[0.6913,0.7223,0.0212,0,-0.6869,0.6477,0.3296,0,0.2243,-0.2423,0.9439,0,54.9948,-1.4671,3.0376,1]},
{"frame":15,"values":[0.7604,0.6495,0.0086,0,-0.6444,0.7526,0.1354,0,0.0815,-0.1085,0.9907,0,54.9948,-1.4671,3.0376,1]},
{"frame":16,"values":[0.8218,0.5695,0.0163,0,-0.5675,0.8208,-0.0644,0,-0.0501,0.0436,0.9978,0,54.9948,-1.4671,3.0376,1]},
{"frame":17,"values":[0.8635,0.4903,0.1181,0,-0.5022,0.8574,0.1122,0,-0.0462,-0.1562,0.9866,0,54.9948,-1.4671,3.0376,1]},
