{"producer":{"name":"Blender","version":"2.79 (sub 0)","exporter_version":"5.6.4","file":"dismissinggesture.babylon"},
"autoClear":true,"clearColor":[0.0509,0.0509,0.0509],"ambientColor":[0,0,0],"gravity":[0,-9.81,0],
"materials":[{"name":"dismissinggesture.Material","id":"dismissinggesture.Material","ambient":[0,0,0],"diffuse":[0,0,0],"specular":[0,0,0],"emissive":[0,0,0],"specularPower":50,"alpha":0.001,"backFaceCulling":true,"checkReadyOnlyOnce":false,"maxSimultaneousLights":4}],
"multiMaterials":[],
"skeletons":[{"name":"Armature","id":0,"dimensionsAtRest":[379.1952,391.6652,55.677],"bones":[
{"name":"mixamorig:Hips","index":0,"matrix":[0.994,-0.0552,-0.0947,0,0.061,0.9963,0.0598,0,-0.0911,0.0652,-0.9937,0,0.3754,200.312,0.3753,1],"rest":[1,0,0,0,0,1,0,0,0,0,-1,0,0,201.6394,0,1],"parentBoneIndex":-1,"length":21.6784
,"animation":{"dataType":3,"framePerSecond":24,"keys":[
{"frame":1,"values":[0.994,-0.0551,-0.0947,0,0.0609,0.9964,0.0598,0,-0.0911,0.0652,-0.9937,0,0.3746,200.3125,0.3753,1]},
{"frame":2,"values":[0.9942,-0.0541,-0.0928,0,0.0598,0.9964,0.0595,0,-0.0892,0.0647,-0.9939,0,0.356,200.3064,0.1888,1]},
{"frame":3,"values":[0.9945,-0.0531,-0.09,0,0.0586,0.9965,0.0594,0,-0.0865,0.0644,-0.9942,0,0.3206,200.3166,-0.066,1]},
{"frame":4,"values":[0.9949,-0.0519,-0.0867,0,0.0572,0.9965,0.0604,0,-0.0832,0.065,-0.9944,0,0.2709,200.3278,-0.3834,1]},
{"frame":5,"values":[0.9954,-0.0504,-0.0821,0,0.0556,0.9965,0.0623,0,-0.0787,0.0666,-0.9947,0,0.2158,200.3214,-0.7265,1]},
{"frame":6,"values":[0.9959,-0.0486,-0.0758,0,0.0536,0.9964,0.0651,0,-0.0724,0.0689,-0.995,0,-0.1178,200.3112,-1.0756,1]},
{"frame":7,"values":[0.9966,-0.0465,-0.0677,0,0.0511,0.9964,0.0683,0,-0.0643,0.0715,-0.9954,0,-0.4514,200.3159,-1.4351,1]},
{"frame":8,"values":[0.9978,-0.0448,-0.0494,0,0.0483,0.9963,0.0716,0,-0.046,0.0739,-0.9962,0,-0.7849,200.3223,-1.8103,1]},
{"frame":9,"values":[0.9986,-0.0432,-0.0312,0,0.0454,0.9961,0.0751,0,-0.0278,0.0764,-0.9967,0,-1.1185,200.3217,-2.2086,1]},
{"frame":10,"values":[0.9991,-0.0415,-0.0129,0,0.0424,0.996,0.0789,0,-0.0096,0.0793,-0.9968,0,-1.452,200.321,-2.6367,1]},
{"frame":11,"values":[0.9992,-0.0398,0.0054,0,0.0392,0.9958,0.0829,0,0.0087,0.0827,-0.9965,0,-1.7856,200.3195,-2.9818,1]},
{"frame":12,"values":[0.9988,-0.0437,0.0237,0,0.0414,0.9951,0.0895,0,0.0275,0.0884,-0.9957,0,-2.1191,200.1455,-3.3268,1]},
{"frame":13,"values":[0.998,-0.0476,0.0419,0,0.0434,0.9944,0.096,0,0.0463,0.094,-0.9945,0,-2.4527,199.9105,-3.6719,1]},
{"frame":14,"values":[0.9969,-0.0515,0.0602,0,0.0451,0.9937,0.1024,0,0.0651,0.0994,-0.9929,0,-2.7862,199.6279,-4.017,1]},
{"frame":15,"values":[0.9954,-0.0553,0.0784,0,0.0466,0.993,0.1088,0,0.0839,0.1047,-0.991,0,-3.1198,199.3144,-4.362,1]},
{"frame":16,"values":[0.9936,-0.0592,0.0966,0,0.0479,0.9922,0.1152,0,0.1027,0.1098,-0.9886,0,-3.4534,198.9808,-4.7071,1]},
{"frame":17,"values":[0.9914,-0.0627,0.1149,0,0.0487,0.9914,0.1213,0,0.1215,0.1147,-0.9859,0,-3.7869,198.7328,-5.0521,1]},
{"frame":18,"values":[0.9889,-0.0664,0.133,0,0.0494,0.9906,0.1275,0,0.1402,0.1195,-0.9829,0,-4.1205,198.4848,-5.3972,1]},
{"frame":19,"values":[0.986,-0.0702,0.1511,0,0.05,0.9898,0.1336,0,0.1589,0.1242,-0.9794,0,-4.454,198.2368,-5.7423,1]},
{"frame":20,"values":[0.9828,-0.074,0.1691,0,0.0504,0.9889,0.1398,0,0.1776,0.1289,-0.9756,0,-4.7876,197.9888,-6.0873,1]},
{"frame":21,"values":[0.9793,-0.0776,0.1871,0,0.0504,0.988,0.1457,0,0.1962,0.1332,-0.9715,0,-5.1211,197.7408,-6.0659,1]},
{"frame":22,"values":[0.9754,-0.0812,0.205,0,0.0503,0.9872,0.1516,0,0.2147,0.1375,-0.9669,0,-5.4547,197.4928,-6.0445,1]},
{"frame":23,"values":[0.9712,-0.0847,0.2229,0,0.0526,0.9879,0.1462,0,0.2326,0.1302,-0.9638,0,-5.7882,197.4953,-6.117,1]},
{"frame":24,"values":[0.9666,-0.0882,0.2407,0,0.0551,0.9885,0.1407,0,0.2503,0.1228,-0.9604,0,-6.1218,197.4549,-6.1895,1]},
{"frame":25,"values":[0.9617,-0.0915,0.2584,0,0.0577,0.9891,0.1353,0,0.2679,0.1152,-0.9565,0,-6.4553,197.4145,-6.2621,1]},
{"frame":26,"values":[0.9572,-0.0875,0.276,0,0.053,0.9901,0.1299,0,0.2846,0.1097,-0.9523,0,-6.7889,197.5122,-6.3346,1]},
{"frame":27,"values":[0.9523,-0.0833,0.2935,0,0.0484,0.991,0.1244,0,0.3013,0.1043,-0.9478,0,-7.1225,197.6099,-6.4071,1]},
{"frame":28,"values":[0.9471,-0.0793,0.3109,0,0.0439,0.9919,0.119,0,0.3179,0.0991,-0.9429,0,-7.456,197.7076,-6.2357,1]},
{"frame":29,"values":[0.9522,-0.076,0.2958,0,0.0436,0.9924,0.1149,0,0.3023,0.0965,-0.9483,0,-7.2996,197.8053,-6.0643,1]},
{"frame":30,"values":[0.9571,-0.0728,0.2805,0,0.0431,0.9929,0.1107,0,0.2866,0.0939,-0.9534,0,-7.1432,197.798,-5.8929,1]},
{"frame":31,"values":[0.9617,-0.069,0.2653,0,0.0421,0.9935,0.106,0,0.2709,0.0908,-0.9583,0,-6.9868,197.9275,-5.7215,1]},
{"frame":32,"values":[0.966,-0.0654,0.25,0,0.041,0.994,0.1014,0,0.2551,0.0877,-0.9629,0,-6.8304,198.057,-5.5501,1]},
{"frame":33,"values":[0.9701,-0.0617,0.2345,0,0.0399,0.9945,0.0968,0,0.2392,0.0846,-0.9673,0,-6.6741,198.1864,-5.3787,1]},
{"frame":34,"values":[0.974,-0.0581,0.2191,0,0.0386,0.995,0.0922,0,0.2233,0.0814,-0.9713,0,-6.5177,198.3159,-5.2073,1]},
{"frame":35,"values":[0.9776,-0.0546,0.2035,0,0.0373,0.9955,0.0876,0,0.2073,0.0781,-0.9751,0,-6.3613,198.4453,-5.0359,1]},
{"frame":36,"values":[0.9809,-0.0511,0.1878,0,0.036,0.9959,0.0831,0,0.1913,0.0747,-0.9787,0,-6.2049,198.5748,-4.8645,1]},
{"frame":37,"values":[0.9839,-0.0477,0.1721,0,0.0345,0.9963,0.0785,0,0.1752,0.0713,-0.9819,0,-6.0485,198.7043,-4.6932,1]},
{"frame":38,"values":[0.9867,-0.0443,0.1564,0,0.033,0.9967,0.074,0,0.1591,0.0679,-0.9849,0,-5.8921,198.8337,-4.5218,1]},
{"frame":39,"values":[0.9892,-0.041,0.1406,0,0.0314,0.9971,0.0695,0,0.143,0.0644,-0.9876,0,-5.7357,198.9632,-4.3504,1]},
{"frame":40,"values":[0.9915,-0.0377,0.1247,0,0.0297,0.9974,0.0651,0,0.1268,0.0608,-0.9901,0,-5.5793,199.0926,-4.179,1]},
{"frame":41,"values":[0.9935,-0.034,0.1089,0,0.027,0.9975,0.0654,0,0.1108,0.0621,-0.9919,0,-5.4229,199.2221,-4.0076,1]},
{"frame":42,"values":[0.9952,-0.0303,0.093,0,0.0242,0.9975,0.0658,0,0.0948,0.0632,-0.9935,0,-5.2665,199.3515,-3.8362,1]},
{"frame":43,"values":[0.9967,-0.0266,0.0772,0,0.0214,0.9976,0.0662,0,0.0787,0.0643,-0.9948,0,-5.1102,199.481,-3.6648,1]},
{"frame":44,"values":[0.9979,-0.0228,0.0613,0,0.0187,0.9976,0.0667,0,0.0626,0.0654,-0.9959,0,-4.9538,199.6105,-3.4934,1]},
{"frame":45,"values":[0.9988,-0.019,0.0454,0,0.016,0.9976,0.0672,0,0.0465,0.0664,-0.9967,0,-4.7974,199.7399,-3.322,1]},
{"frame":46,"values":[0.9994,-0.0152,0.0295,0,0.0133,0.9977,0.0666,0,0.0304,0.0661,-0.9973,0,-4.641,199.8694,-3.1506,1]},
{"frame":47,"values":[0.9998,-0.0115,0.0135,0,0.0105,0.9978,0.066,0,0.0143,0.0658,-0.9977,0,-4.4846,199.9988,-2.9792,1]},
{"frame":48,"values":[1,-0.0077,-0.0024,0,0.0078,0.9978,0.0655,0,-0.0019,0.0655,-0.9979,0,-4.3282,200.1283,-2.8078,1]},
{"frame":49,"values":[0.9998,-0.0093,-0.0183,0,0.0104,0.9978,0.0649,0,-0.0177,0.0651,-0.9977,0,-4.1718,200.2578,-2.6364,1]},
{"frame":50,"values":[0.9994,-0.0108,-0.0342,0,0.013,0.9978,0.0643,0,-0.0335,0.0647,-0.9973,0,-4.0154,200.3872,-2.465,1]},
{"frame":51,"values":[0.9987,-0.0124,-0.0502,0,0.0156,0.9979,0.0636,0,-0.0493,0.0643,-0.9967,0,-3.859,200.5167,-2.2936,1]},
{"frame":52,"values":[0.9977,-0.014,-0.0661,0,0.0182,0.9978,0.063,0,-0.065,0.0641,-0.9958,0,-3.7027,200.5112,-2.1222,1]},
{"frame":53,"values":[0.9965,-0.0156,-0.082,0,0.0207,0.9978,0.0624,0,-0.0808,0.0639,-0.9947,0,-3.5463,200.5057,-1.9508,1]},
{"frame":54,"values":[0.9951,-0.0171,-0.0978,0,0.0232,0.9978,0.0617,0,-0.0965,0.0637,-0.9933,0,-3.3899,200.5002,-1.7794,1]},
{"frame":55,"values":[0.9933,-0.0187,-0.1137,0,0.0257,0.9978,0.061,0,-0.1123,0.0635,-0.9916,0,-3.2335,200.4948,-1.608,1]},
{"frame":56,"values":[0.9914,-0.0202,-0.1295,0,0.0282,0.9978,0.0602,0,-0.128,0.0634,-0.9898,0,-3.0771,200.4893,-1.4366,1]},
{"frame":57,"values":[0.9917,-0.0218,-0.1271,0,0.0296,0.9978,0.0597,0,-0.1255,0.0629,-0.9901,0,-2.9207,200.4838,-1.2652,1]},
{"frame":58,"values":[0.9919,-0.0234,-0.1247,0,0.031,0.9978,0.0591,0,-0.123,0.0625,-0.9904,0,-2.7643,200.4783,-1.0938,1]},
{"frame":59,"values":[0.9922,-0.025,-0.1223,0,0.0324,0.9978,0.0585,0,-0.1205,0.062,-0.9908,0,-2.6079,200.4729,-0.9224,1]},
{"frame":60,"values":[0.9924,-0.0266,-0.1198,0,0.0337,0.9977,0.058,0,-0.118,0.0616,-0.9911,0,-2.4515,200.4674,-0.751,1]},
{"frame":61,"values":[0.9927,-0.0282,-0.1174,0,0.0351,0.9977,0.0574,0,-0.1156,0.0611,-0.9914,0,-2.2951,200.4619,-0.5796,1]},
{"frame":62,"values":[0.9929,-0.0298,-0.115,0,0.0365,0.9977,0.0568,0,-0.1131,0.0606,-0.9917,0,-2.1388,200.4564,-0.4082,1]},
{"frame":63,"values":[0.9931,-0.0314,-0.1126,0,0.038,0.9976,0.0574,0,-0.1106,0.0612,-0.992,0,-1.9824,200.4509,-0.2368,1]},
{"frame":64,"values":[0.9934,-0.0329,-0.1102,0,0.0395,0.9975,0.0579,0,-0.108,0.0618,-0.9922,0,-1.826,200.4455,-0.0654,1]},
{"frame":65,"values":[0.9936,-0.0345,-0.1078,0,0.041,0.9975,0.0584,0,-0.1055,0.0624,-0.9925,0,-1.6696,200.44,0.106,1]},
{"frame":66,"values":[0.9938,-0.0361,-0.1054,0,0.0425,0.9974,0.0589,0,-0.103,0.063,-0.9927,0,-1.5132,200.4345,0.2773,1]},
{"frame":67,"values":[0.994,-0.0377,-0.103,0,0.044,0.9973,0.0594,0,-0.1005,0.0636,-0.9929,0,-1.3568,200.4363,0.4487,1]},
{"frame":68,"values":[0.9942,-0.0393,-0.1006,0,0.0455,0.9972,0.06,0,-0.0979,0.0642,-0.9931,0,-1.2004,200.4381,0.4377,1]},
{"frame":69,"values":[0.9943,-0.0409,-0.0982,0,0.047,0.9971,0.0605,0,-0.0954,0.0647,-0.9933,0,-1.044,200.4285,0.4496,1]},
{"frame":70,"values":[0.9945,-0.0425,-0.0958,0,0.0484,0.997,0.0604,0,-0.0929,0.0647,-0.9936,0,-0.8876,200.4188,0.4614,1]},
{"frame":71,"values":[0.9947,-0.0441,-0.0933,0,0.0498,0.9969,0.0602,0,-0.0904,0.0646,-0.9938,0,-0.7312,200.4092,0.4733,1]},
{"frame":72,"values":[0.9948,-0.0457,-0.0909,0,0.0513,0.9969,0.0601,0,-0.0879,0.0645,-0.994,0,-0.5749,200.3996,0.4851,1]},
{"frame":73,"values":[0.9947,-0.0473,-0.0917,0,0.0529,0.9968,0.06,0,-0.0885,0.0645,-0.994,0,-0.4185,200.39,0.497,1]},
{"frame":74,"values":[0.9945,-0.0488,-0.0924,0,0.0545,0.9967,0.0599,0,-0.0892,0.0646,-0.9939,0,-0.2621,200.3804,0.5088,1]},
{"frame":75,"values":[0.9944,-0.0504,-0.0931,0,0.0561,0.9966,0.0597,0,-0.0898,0.0646,-0.9939,0,-0.1057,200.3708,0.4847,1]},
{"frame":76,"values":[0.9942,-0.052,-0.0939,0,0.0578,0.9966,0.0596,0,-0.0905,0.0647,-0.9938,0,0.0507,200.3612,0.4607,1]},
{"frame":77,"values":[0.9941,-0.0536,-0.0946,0,0.0594,0.9965,0.0595,0,-0.0911,0.0647,-0.9937,0,0.2071,200.3516,0.4366,1]},
{"frame":78,"values":[0.9939,-0.0552,-0.0954,0,0.061,0.9964,0.0595,0,-0.0917,0.065,-0.9937,0,0.3635,200.342,0.4125,1]},
{"frame":79,"values":[0.994,-0.0552,-0.0947,0,0.061,0.9963,0.0598,0,-0.0911,0.0652,-0.9937,0,0.3754,200.312,0.3753,1]}],"loopBehavior":1,"name":"anim","property":"_matrix"}},
{"name":"mixamorig:Spine","index":1,"matrix":[0.9987,0.0449,-0.0241,0,-0.0434,0.9973,0.0586,0,0.0267,-0.0575,0.998,0,0.0062,19.525,-2.4818,1],"rest":[1,0,0,0,0,1,0,0,0,0,1,0,0.0062,19.525,-2.4818,1],"parentBoneIndex":0,"length":23.0091
,"animation":{"dataType":3,"framePerSecond":24,"keys":[
{"frame":1,"values":[0.9987,0.0447,-0.0242,0,-0.0432,0.9973,0.0587,0,0.0268,-0.0576,0.998,0,0.0062,19.525,-2.4818,1]},
{"frame":2,"values":[0.9987,0.0445,-0.0242,0,-0.043,0.9974,0.0584,0,0.0268,-0.0573,0.998,0,0.0062,19.525,-2.4818,1]},
{"frame":3,"values":[0.9987,0.0438,-0.0245,0,-0.0423,0.9974,0.0579,0,0.0269,-0.0567,0.998,0,0.0062,19.525,-2.4818,1]},
{"frame":4,"values":[0.9988,0.0426,-0.0257,0,-0.041,0.9975,0.0574,0,0.0281,-0.0563,0.998,0,0.0062,19.525,-2.4818,1]},
{"frame":5,"values":[0.9988,0.041,-0.0272,0,-0.0394,0.9976,0.0572,0,0.0295,-0.0561,0.998,0,0.0062,19.525,-2.4818,1]},
{"frame":6,"values":[0.9989,0.0364,-0.0292,0,-0.0347,0.9978,0.0572,0,0.0312,-0.0561,0.9979,0,0.0062,19.525,-2.4818,1]},
{"frame":7,"values":[0.999,0.0318,-0.0317,0,-0.0299,0.9979,0.0572,0,0.0334,-0.0562,0.9979,0,0.0062,19.525,-2.4818,1]},
{"frame":8,"values":[0.9989,0.0272,-0.0389,0,-0.0249,0.9981,0.0572,0,0.0404,-0.0561,0.9976,0,0.0062,19.525,-2.4818,1]},
{"frame":9,"values":[0.9987,0.0226,-0.0461,0,-0.0199,0.9982,0.0571,0,0.0474,-0.0561,0.9973,0,0.0062,19.525,-2.4818,1]},
{"frame":10,"values":[0.9984,0.018,-0.0534,0,-0.015,0.9983,0.0567,0,0.0543,-0.0558,0.997,0,0.0062,19.525,-2.4818,1]},
{"frame":11,"values":[0.9981,0.0134,-0.0606,0,-0.01,0.9984,0.0563,0,0.0613,-0.0555,0.9966,0,0.0062,19.525,-2.4818,1]},
{"frame":12,"values":[0.9977,0.0088,-0.0679,0,-0.005,0.9984,0.0558,0,0.0683,-0.0553,0.9961,0,0.0062,19.525,-2.4818,1]},
{"frame":13,"values":[0.9972,0.0042,-0.0751,0,0,0.9985,0.0552,0,0.0752,-0.0551,0.9956,0,0.0062,19.525,-2.4818,1]},
{"frame":14,"values":[0.9966,-0.0004,-0.0824,0,0.0049,0.9985,0.0547,0,0.0822,-0.0549,0.9951,0,0.0062,19.525,-2.4818,1]},
{"frame":15,"values":[0.996,-0.005,-0.0896,0,0.0099,0.9985,0.0541,0,0.0892,-0.0548,0.9945,0,0.0062,19.525,-2.4818,1]},
{"frame":16,"values":[0.9953,-0.0096,-0.0968,0,0.0148,0.9985,0.0535,0,0.0961,-0.0546,0.9939,0,0.0062,19.525,-2.4818,1]},
{"frame":17,"values":[0.9945,-0.0142,-0.104,0,0.0199,0.9983,0.0545,0,0.103,-0.0563,0.9931,0,0.0062,19.525,-2.4818,1]},
{"frame":18,"values":[0.9936,-0.0188,-0.1112,0,0.0251,0.9981,0.0555,0,0.1099,-0.0579,0.9923,0,0.0062,19.525,-2.4818,1]},
{"frame":19,"values":[0.9927,-0.0233,-0.1184,0,0.0302,0.998,0.0564,0,0.1168,-0.0596,0.9914,0,0.0062,19.525,-2.4818,1]},
{"frame":20,"values":[0.9917,-0.0279,-0.1256,0,0.0353,0.9977,0.0573,0,0.1237,-0.0613,0.9904,0,0.0062,19.525,-2.4818,1]},
{"frame":21,"values":[0.9906,-0.0324,-0.1327,0,0.0404,0.9975,0.0582,0,0.1305,-0.063,0.9894,0,0.0062,19.525,-2.4818,1]},
{"frame":22,"values":[0.9895,-0.0369,-0.1399,0,0.0456,0.9972,0.0591,0,0.1374,-0.0648,0.9884,0,0.0062,19.525,-2.4818,1]},
{"frame":23,"values":[0.9883,-0.0414,-0.1471,0,0.0507,0.9969,0.0599,0,0.1442,-0.0666,0.9873,0,0.0062,19.525,-2.4818,1]},
{"frame":24,"values":[0.987,-0.0459,-0.1543,0,0.0559,0.9966,0.0606,0,0.151,-0.0685,0.9862,0,0.0062,19.525,-2.4818,1]},
{"frame":25,"values":[0.9856,-0.0504,-0.1615,0,0.061,0.9962,0.0614,0,0.1578,-0.0703,0.985,0,0.0062,19.525,-2.4818,1]},
{"frame":26,"values":[0.9841,-0.0549,-0.1686,0,0.0662,0.9959,0.0621,0,0.1645,-0.0722,0.9837,0,0.0062,19.525,-2.4818,1]},
{"frame":27,"values":[0.9826,-0.0593,-0.1758,0,0.0713,0.9955,0.0627,0,0.1713,-0.0742,0.9824,0,0.0062,19.525,-2.4818,1]},
{"frame":28,"values":[0.9811,-0.0638,-0.183,0,0.0765,0.9951,0.0633,0,0.178,-0.0761,0.9811,0,0.0062,19.525,-2.4818,1]},
{"frame":29,"values":[0.9818,-0.0684,-0.1773,0,0.0809,0.9947,0.0643,0,0.172,-0.0774,0.9821,0,0.0062,19.525,-2.4818,1]},
{"frame":30,"values":[0.9824,-0.073,-0.1717,0,0.0852,0.9942,0.0652,0,0.1659,-0.0787,0.983,0,0.0062,19.525,-2.4818,1]},
{"frame":31,"values":[0.9836,-0.0706,-0.166,0,0.0825,0.9944,0.0662,0,0.1604,-0.0789,0.9839,0,0.0062,19.525,-2.4818,1]},
{"frame":32,"values":[0.9847,-0.0681,-0.1604,0,0.0798,0.9945,0.0673,0,0.1549,-0.079,0.9848,0,0.0062,19.525,-2.4818,1]},
{"frame":33,"values":[0.9858,-0.0657,-0.1547,0,0.077,0.9947,0.0683,0,0.1494,-0.0792,0.9856,0,0.0062,19.525,-2.4818,1]},
{"frame":34,"values":[0.9868,-0.0633,-0.1491,0,0.0743,0.9948,0.0692,0,0.1439,-0.0794,0.9864,0,0.0062,19.525,-2.4818,1]},
{"frame":35,"values":[0.9878,-0.0609,-0.1434,0,0.0716,0.995,0.0702,0,0.1384,-0.0796,0.9872,0,0.0062,19.525,-2.4818,1]},
{"frame":36,"values":[0.9887,-0.0585,-0.1377,0,0.0688,0.9951,0.0712,0,0.1329,-0.0798,0.9879,0,0.0062,19.525,-2.4818,1]},
{"frame":37,"values":[0.9897,-0.0561,-0.1321,0,0.0661,0.9952,0.0721,0,0.1274,-0.0801,0.9886,0,0.0062,19.525,-2.4818,1]},
{"frame":38,"values":[0.9905,-0.0537,-0.1264,0,0.0633,0.9953,0.073,0,0.1219,-0.0803,0.9893,0,0.0062,19.525,-2.4818,1]},
{"frame":39,"values":[0.9914,-0.0513,-0.1207,0,0.0605,0.9954,0.0739,0,0.1163,-0.0806,0.9899,0,0.0062,19.525,-2.4818,1]},
{"frame":40,"values":[0.9922,-0.0489,-0.115,0,0.0577,0.9955,0.0748,0,0.1108,-0.0809,0.9905,0,0.0062,19.525,-2.4818,1]},
{"frame":41,"values":[0.9929,-0.0465,-0.1093,0,0.055,0.9956,0.0757,0,0.1053,-0.0812,0.9911,0,0.0062,19.525,-2.4818,1]},
{"frame":42,"values":[0.9936,-0.0441,-0.1036,0,0.0522,0.9957,0.0766,0,0.0997,-0.0815,0.9917,0,0.0062,19.525,-2.4818,1]},
{"frame":43,"values":[0.9943,-0.0417,-0.0978,0,0.0494,0.9958,0.0774,0,0.0942,-0.0818,0.9922,0,0.0062,19.525,-2.4818,1]},
{"frame":44,"values":[0.995,-0.0393,-0.0921,0,0.0465,0.996,0.077,0,0.0887,-0.0809,0.9928,0,0.0062,19.525,-2.4818,1]},
{"frame":45,"values":[0.9956,-0.0369,-0.0864,0,0.0435,0.9961,0.0765,0,0.0833,-0.0799,0.9933,0,0.0062,19.525,-2.4818,1]},
{"frame":46,"values":[0.9961,-0.0344,-0.0807,0,0.0406,0.9963,0.076,0,0.0778,-0.079,0.9938,0,0.0062,19.525,-2.4818,1]},
{"frame":47,"values":[0.9967,-0.032,-0.075,0,0.0376,0.9964,0.0756,0,0.0723,-0.0781,0.9943,0,0.0062,19.525,-2.4818,1]},
{"frame":48,"values":[0.9972,-0.0295,-0.0693,0,0.0347,0.9966,0.0751,0,0.0668,-0.0772,0.9948,0,0.0062,19.525,-2.4818,1]},
{"frame":49,"values":[0.9976,-0.0271,-0.0635,0,0.0318,0.9967,0.0745,0,0.0613,-0.0764,0.9952,0,0.0062,19.525,-2.4818,1]},
{"frame":50,"values":[0.998,-0.0246,-0.0578,0,0.0289,0.9968,0.074,0,0.0558,-0.0755,0.9956,0,0.0062,19.525,-2.4818,1]},
{"frame":51,"values":[0.9984,-0.0221,-0.0521,0,0.0259,0.997,0.0734,0,0.0503,-0.0747,0.9959,0,0.0062,19.525,-2.4818,1]},
{"frame":52,"values":[0.9987,-0.0197,-0.0464,0,0.023,0.9971,0.0729,0,0.0448,-0.0738,0.9963,0,0.0062,19.525,-2.4818,1]},
{"frame":53,"values":[0.999,-0.0172,-0.0406,0,0.0201,0.9972,0.0723,0,0.0393,-0.073,0.9966,0,0.0062,19.525,-2.4818,1]},
{"frame":54,"values":[0.9993,-0.0147,-0.0349,0,0.0172,0.9973,0.0717,0,0.0338,-0.0722,0.9968,0,0.0062,19.525,-2.4818,1]},
{"frame":55,"values":[0.9995,-0.0122,-0.0292,0,0.0143,0.9974,0.0711,0,0.0283,-0.0714,0.997,0,0.0062,19.525,-2.4818,1]},
{"frame":56,"values":[0.9997,-0.0097,-0.0235,0,0.0114,0.9975,0.0704,0,0.0227,-0.0707,0.9972,0,0.0062,19.525,-2.4818,1]},
{"frame":57,"values":[0.9997,-0.0073,-0.0237,0,0.0089,0.9975,0.0699,0,0.0231,-0.0701,0.9973,0,0.0062,19.525,-2.4818,1]},
{"frame":58,"values":[0.9997,-0.0048,-0.0239,0,0.0064,0.9976,0.0693,0,0.0236,-0.0694,0.9973,0,0.0062,19.525,-2.4818,1]},
{"frame":59,"values":[0.9997,-0.0023,-0.0242,0,0.004,0.9976,0.0687,0,0.024,-0.0688,0.9973,0,0.0062,19.525,-2.4818,1]},
{"frame":60,"values":[0.9997,0.0002,-0.0244,0,0.0015,0.9977,0.0682,0,0.0244,-0.0682,0.9974,0,0.0062,19.525,-2.4818,1]},
{"frame":61,"values":[0.9997,0.0026,-0.0246,0,-0.001,0.9977,0.0676,0,0.0248,-0.0676,0.9974,0,0.0062,19.525,-2.4818,1]},
{"frame":62,"values":[0.9997,0.0051,-0.0249,0,-0.0034,0.9977,0.067,0,0.0252,-0.0669,0.9974,0,0.0062,19.525,-2.4818,1]},
{"frame":63,"values":[0.9997,0.0076,-0.0251,0,-0.0059,0.9978,0.0665,0,0.0256,-0.0663,0.9975,0,0.0062,19.525,-2.4818,1]},
{"frame":64,"values":[0.9996,0.0101,-0.025,0,-0.0084,0.9978,0.0659,0,0.0257,-0.0657,0.9975,0,0.0062,19.525,-2.4818,1]},
{"frame":65,"values":[0.9996,0.0126,-0.025,0,-0.0109,0.9978,0.0654,0,0.0257,-0.0651,0.9975,0,0.0062,19.525,-2.4818,1]},
{"frame":66,"values":[0.9996,0.015,-0.0249,0,-0.0134,0.9978,0.0648,0,0.0258,-0.0644,0.9976,0,0.0062,19.525,-2.4818,1]},
{"frame":67,"values":[0.9995,0.0175,-0.0248,0,-0.0159,0.9978,0.0642,0,0.0259,-0.0638,0.9976,0,0.0062,19.525,-2.4818,1]},
{"frame":68,"values":[0.9995,0.02,-0.0248,0,-0.0184,0.9978,0.0637,0,0.026,-0.0632,0.9977,0,0.0062,19.525,-2.4818,1]},
{"frame":69,"values":[0.9994,0.0225,-0.0247,0,-0.0209,0.9978,0.0631,0,0.0261,-0.0626,0.9977,0,0.0062,19.525,-2.4818,1]},
{"frame":70,"values":[0.9994,0.0249,-0.0246,0,-0.0233,0.9978,0.0625,0,0.0261,-0.0619,0.9977,0,0.0062,19.525,-2.4818,1]},
{"frame":71,"values":[0.9993,0.0274,-0.0246,0,-0.0258,0.9977,0.062,0,0.0262,-0.0613,0.9978,0,0.0062,19.525,-2.4818,1]},
{"frame":72,"values":[0.9993,0.0299,-0.0245,0,-0.0283,0.9977,0.0614,0,0.0263,-0.0607,0.9978,0,0.0062,19.525,-2.4818,1]},
{"frame":73,"values":[0.9992,0.0324,-0.0244,0,-0.0308,0.9977,0.0609,0,0.0264,-0.0601,0.9978,0,0.0062,19.525,-2.4818,1]},
{"frame":74,"values":[0.9991,0.0348,-0.0244,0,-0.0333,0.9976,0.0603,0,0.0264,-0.0594,0.9979,0,0.0062,19.525,-2.4818,1]},
{"frame":75,"values":[0.999,0.0373,-0.0243,0,-0.0358,0.9976,0.0597,0,0.0265,-0.0588,0.9979,0,0.0062,19.525,-2.4818,1]},
{"frame":76,"values":[0.9989,0.0398,-0.0243,0,-0.0383,0.9975,0.0592,0,0.0266,-0.0582,0.998,0,0.0062,19.525,-2.4818,1]},
{"frame":77,"values":[0.9988,0.0423,-0.0242,0,-0.0408,0.9974,0.0586,0,0.0266,-0.0575,0.998,0,0.0062,19.525,-2.4818,1]},
{"frame":78,"values":[0.9987,0.0447,-0.0241,0,-0.0432,0.9973,0.0586,0,0.0267,-0.0575,0.998,0,0.0062,19.525,-2.4818,1]},
{"frame":79,"values":[0.9987,0.0449,-0.0241,0,-0.0434,0.9973,0.0586,0,0.0267,-0.0575,0.998,0,0.0062,19.525,-2.4818,1]}],"loopBehavior":1,"name":"anim","property":"_matrix"}},
{"name":"mixamorig:Spine1","index":2,"matrix":[0.9996,0.0272,-0.0054,0,-0.0271,0.9994,0.0203,0,0.006,-0.0201,0.9998,0,-0.0009,22.835,-2.8254,1],"rest":[1,0,0,0,0,1,0,0,0,0,1,0,-0.0009,22.835,-2.8254,1],"parentBoneIndex":1,"length":26.7438
,"animation":{"dataType":3,"framePerSecond":24,"keys":[
{"frame":1,"values":[0.9996,0.0272,-0.0054,0,-0.027,0.9994,0.0203,0,0.0059,-0.0201,0.9998,0,-0.0009,22.835,-2.8254,1]},
{"frame":2,"values":[0.9996,0.0271,-0.0055,0,-0.027,0.9994,0.0195,0,0.0061,-0.0193,0.9998,0,-0.0009,22.835,-2.8254,1]},
{"frame":3,"values":[0.9996,0.0268,-0.0059,0,-0.0267,0.9995,0.018,0,0.0064,-0.0178,0.9998,0,-0.0009,22.835,-2.8254,1]},
{"frame":4,"values":[0.9996,0.0265,-0.0062,0,-0.0264,0.9995,0.0164,0,0.0067,-0.0162,0.9998,0,-0.0009,22.835,-2.8254,1]},
{"frame":5,"values":[0.9996,0.0262,-0.0063,0,-0.0261,0.9995,0.0151,0,0.0067,-0.0149,0.9999,0,-0.0009,22.835,-2.8254,1]},
{"frame":6,"values":[0.9996,0.0258,-0.0063,0,-0.0257,0.9996,0.0139,0,0.0066,-0.0138,0.9999,0,-0.0009,22.835,-2.8254,1]},
{"frame":7,"values":[0.9997,0.0228,-0.0063,0,-0.0227,0.9997,0.0127,0,0.0066,-0.0126,0.9999,0,-0.0009,22.835,-2.8254,1]},
{"frame":8,"values":[0.9998,0.0198,-0.0065,0,-0.0197,0.9997,0.0114,0,0.0067,-0.0113,0.9999,0,-0.0009,22.835,-2.8254,1]},
{"frame":9,"values":[0.9998,0.0168,-0.0074,0,-0.0168,0.9998,0.0099,0,0.0076,-0.0097,0.9999,0,-0.0009,22.835,-2.8254,1]},
{"frame":10,"values":[0.9999,0.0139,-0.0091,0,-0.0138,0.9999,0.0081,0,0.0092,-0.0079,0.9999,0,-0.0009,22.835,-2.8254,1]},
{"frame":11,"values":[0.9999,0.0109,-0.0116,0,-0.0108,0.9999,0.0058,0,0.0117,-0.0057,0.9999,0,-0.0009,22.835,-2.8254,1]},
{"frame":12,"values":[0.9998,0.0079,-0.0156,0,-0.0079,1,0.0031,0,0.0157,-0.0029,0.9999,0,-0.0009,22.835,-2.8254,1]},
{"frame":13,"values":[0.9998,0.005,-0.0197,0,-0.005,1,0.0003,0,0.0197,-0.0002,0.9998,0,-0.0009,22.835,-2.8254,1]},
{"frame":14,"values":[0.9997,0.002,-0.0238,0,-0.002,1,-0.0006,0,0.0238,0.0007,0.9997,0,-0.0009,22.835,-2.8254,1]},
{"frame":15,"values":[0.9996,-0.0009,-0.0278,0,0.0009,1,-0.0015,0,0.0278,0.0015,0.9996,0,-0.0009,22.835,-2.8254,1]},
{"frame":16,"values":[0.9995,-0.0039,-0.0319,0,0.0038,1,-0.0025,0,0.0319,0.0024,0.9995,0,-0.0009,22.835,-2.8254,1]},
{"frame":17,"values":[0.9993,-0.0069,-0.036,0,0.0067,1,-0.0034,0,0.036,0.0032,0.9993,0,-0.0009,22.835,-2.8254,1]},
{"frame":18,"values":[0.9992,-0.0098,-0.04,0,0.0097,0.9999,-0.0044,0,0.04,0.004,0.9992,0,-0.0009,22.835,-2.8254,1]},
{"frame":19,"values":[0.9989,-0.0128,-0.0441,0,0.0126,0.9999,-0.0054,0,0.0441,0.0048,0.999,0,-0.0009,22.835,-2.8254,1]},
{"frame":20,"values":[0.9987,-0.0158,-0.0481,0,0.0155,0.9999,-0.0064,0,0.0482,0.0056,0.9988,0,-0.0009,22.835,-2.8254,1]},
{"frame":21,"values":[0.9985,-0.0187,-0.0521,0,0.0184,0.9998,-0.0074,0,0.0523,0.0064,0.9986,0,-0.0009,22.835,-2.8254,1]},
{"frame":22,"values":[0.9982,-0.0217,-0.0562,0,0.0213,0.9997,-0.0084,0,0.0564,0.0072,0.9984,0,-0.0009,22.835,-2.8254,1]},
{"frame":23,"values":[0.9979,-0.0247,-0.0602,0,0.0243,0.9997,-0.0064,0,0.0604,0.0049,0.9982,0,-0.0009,22.835,-2.8254,1]},
{"frame":24,"values":[0.9975,-0.0276,-0.0643,0,0.0274,0.9996,-0.0044,0,0.0644,0.0026,0.9979,0,-0.0009,22.835,-2.8254,1]},
{"frame":25,"values":[0.9975,-0.0306,-0.0635,0,0.0305,0.9995,-0.0024,0,0.0636,0.0004,0.998,0,-0.0009,22.835,-2.8254,1]},
{"frame":26,"values":[0.9975,-0.0336,-0.0627,0,0.0336,0.9994,-0.0003,0,0.0627,-0.0018,0.998,0,-0.0009,22.835,-2.8254,1]},
{"frame":27,"values":[0.9974,-0.0365,-0.062,0,0.0367,0.9993,0.0017,0,0.0619,-0.0039,0.9981,0,-0.0009,22.835,-2.8254,1]},
{"frame":28,"values":[0.9975,-0.0332,-0.0622,0,0.0335,0.9994,0.0037,0,0.0621,-0.0057,0.9981,0,-0.0009,22.835,-2.8254,1]},
{"frame":29,"values":[0.9978,-0.0299,-0.0597,0,0.0303,0.9995,0.0057,0,0.0595,-0.0075,0.9982,0,-0.0009,22.835,-2.8254,1]},
{"frame":30,"values":[0.998,-0.0266,-0.0571,0,0.0271,0.9996,0.0077,0,0.0569,-0.0092,0.9983,0,-0.0009,22.835,-2.8254,1]},
{"frame":31,"values":[0.9982,-0.0233,-0.0546,0,0.0239,0.9997,0.0097,0,0.0543,-0.011,0.9985,0,-0.0009,22.835,-2.8254,1]},
{"frame":32,"values":[0.9984,-0.02,-0.052,0,0.0206,0.9997,0.0095,0,0.0518,-0.0105,0.9986,0,-0.0009,22.835,-2.8254,1]},
{"frame":33,"values":[0.9986,-0.0167,-0.0495,0,0.0173,0.9998,0.0103,0,0.0493,-0.0112,0.9987,0,-0.0009,22.835,-2.8254,1]},
{"frame":34,"values":[0.9988,-0.0134,-0.0469,0,0.014,0.9998,0.0112,0,0.0468,-0.0118,0.9988,0,-0.0009,22.835,-2.8254,1]},
{"frame":35,"values":[0.999,-0.0101,-0.0444,0,0.0107,0.9999,0.0121,0,0.0442,-0.0125,0.9989,0,-0.0009,22.835,-2.8254,1]},
{"frame":36,"values":[0.9991,-0.0068,-0.0418,0,0.0074,0.9999,0.0129,0,0.0417,-0.0132,0.999,0,-0.0009,22.835,-2.8254,1]},
{"frame":37,"values":[0.9992,-0.0035,-0.0393,0,0.0041,0.9999,0.0138,0,0.0392,-0.0139,0.9991,0,-0.0009,22.835,-2.8254,1]},
{"frame":38,"values":[0.9993,-0.0002,-0.0367,0,0.0007,0.9999,0.0133,0,0.0367,-0.0133,0.9992,0,-0.0009,22.835,-2.8254,1]},
{"frame":39,"values":[0.9994,0.0031,-0.0341,0,-0.0026,0.9999,0.0129,0,0.0342,-0.0128,0.9993,0,-0.0009,22.835,-2.8254,1]},
{"frame":40,"values":[0.9995,0.0064,-0.0316,0,-0.006,0.9999,0.0124,0,0.0317,-0.0122,0.9994,0,-0.0009,22.835,-2.8254,1]},
{"frame":41,"values":[0.9995,0.0097,-0.029,0,-0.0093,0.9999,0.012,0,0.0291,-0.0117,0.9995,0,-0.0009,22.835,-2.8254,1]},
{"frame":42,"values":[0.9996,0.013,-0.0265,0,-0.0127,0.9998,0.0121,0,0.0266,-0.0118,0.9996,0,-0.0009,22.835,-2.8254,1]},
{"frame":43,"values":[0.9996,0.0163,-0.0239,0,-0.016,0.9998,0.0122,0,0.0241,-0.0118,0.9996,0,-0.0009,22.835,-2.8254,1]},
{"frame":44,"values":[0.9996,0.0196,-0.0214,0,-0.0193,0.9997,0.0123,0,0.0216,-0.0119,0.9997,0,-0.0009,22.835,-2.8254,1]},
{"frame":45,"values":[0.9996,0.0229,-0.0188,0,-0.0227,0.9997,0.0124,0,0.0191,-0.012,0.9997,0,-0.0009,22.835,-2.8254,1]},
{"frame":46,"values":[0.9995,0.0262,-0.0163,0,-0.026,0.9996,0.0124,0,0.0166,-0.012,0.9998,0,-0.0009,22.835,-2.8254,1]},
{"frame":47,"values":[0.9995,0.0295,-0.0137,0,-0.0293,0.9995,0.0124,0,0.0141,-0.012,0.9998,0,-0.0009,22.835,-2.8254,1]},
{"frame":48,"values":[0.9994,0.0328,-0.0111,0,-0.0327,0.9994,0.0124,0,0.0115,-0.012,0.9999,0,-0.0009,22.835,-2.8254,1]},
{"frame":49,"values":[0.9993,0.0361,-0.0086,0,-0.036,0.9993,0.0128,0,0.009,-0.0125,0.9999,0,-0.0009,22.835,-2.8254,1]},
{"frame":50,"values":[0.9992,0.0394,-0.006,0,-0.0393,0.9991,0.0132,0,0.0066,-0.0129,0.9999,0,-0.0009,22.835,-2.8254,1]},
{"frame":51,"values":[0.9991,0.0427,-0.0035,0,-0.0427,0.999,0.0136,0,0.0041,-0.0134,0.9999,0,-0.0009,22.835,-2.8254,1]},
{"frame":52,"values":[0.9989,0.046,-0.0009,0,-0.046,0.9988,0.014,0,0.0016,-0.0139,0.9999,0,-0.0009,22.835,-2.8254,1]},
{"frame":53,"values":[0.999,0.0453,0.0016,0,-0.0453,0.9989,0.0144,0,-0.001,-0.0144,0.9999,0,-0.0009,22.835,-2.8254,1]},
{"frame":54,"values":[0.999,0.0446,0.0013,0,-0.0446,0.9989,0.0148,0,-0.0006,-0.0148,0.9999,0,-0.0009,22.835,-2.8254,1]},
{"frame":55,"values":[0.999,0.0439,0.0009,0,-0.0439,0.9989,0.0152,0,-0.0002,-0.0152,0.9999,0,-0.0009,22.835,-2.8254,1]},
{"frame":56,"values":[0.9991,0.0431,0.0005,0,-0.0431,0.9989,0.0156,0,0.0001,-0.0156,0.9999,0,-0.0009,22.835,-2.8254,1]},
{"frame":57,"values":[0.9991,0.0424,0.0002,0,-0.0424,0.999,0.016,0,0.0005,-0.016,0.9999,0,-0.0009,22.835,-2.8254,1]},
{"frame":58,"values":[0.9991,0.0417,-0.0002,0,-0.0417,0.999,0.0164,0,0.0009,-0.0163,0.9999,0,-0.0009,22.835,-2.8254,1]},
{"frame":59,"values":[0.9992,0.041,-0.0006,0,-0.0409,0.999,0.0168,0,0.0013,-0.0167,0.9999,0,-0.0009,22.835,-2.8254,1]},
{"frame":60,"values":[0.9992,0.0402,-0.0009,0,-0.0402,0.999,0.0172,0,0.0016,-0.0171,0.9999,0,-0.0009,22.835,-2.8254,1]},
{"frame":61,"values":[0.9992,0.0395,-0.0013,0,-0.0395,0.9991,0.0176,0,0.002,-0.0175,0.9998,0,-0.0009,22.835,-2.8254,1]},
{"frame":62,"values":[0.9992,0.0388,-0.0017,0,-0.0387,0.9991,0.018,0,0.0024,-0.0179,0.9998,0,-0.0009,22.835,-2.8254,1]},
{"frame":63,"values":[0.9993,0.0381,-0.002,0,-0.038,0.9991,0.0184,0,0.0027,-0.0183,0.9998,0,-0.0009,22.835,-2.8254,1]},
{"frame":64,"values":[0.9993,0.0373,-0.0024,0,-0.0373,0.9991,0.0188,0,0.0031,-0.0187,0.9998,0,-0.0009,22.835,-2.8254,1]},
{"frame":65,"values":[0.9993,0.0366,-0.0028,0,-0.0366,0.9991,0.0192,0,0.0035,-0.019,0.9998,0,-0.0009,22.835,-2.8254,1]},
{"frame":66,"values":[0.9994,0.0359,-0.0031,0,-0.0358,0.9992,0.0191,0,0.0038,-0.019,0.9998,0,-0.0009,22.835,-2.8254,1]},
{"frame":67,"values":[0.9994,0.0352,-0.0035,0,-0.0351,0.9992,0.0191,0,0.0042,-0.0189,0.9998,0,-0.0009,22.835,-2.8254,1]},
{"frame":68,"values":[0.9994,0.0344,-0.0039,0,-0.0344,0.9992,0.019,0,0.0045,-0.0189,0.9998,0,-0.0009,22.835,-2.8254,1]},
{"frame":69,"values":[0.9994,0.0337,-0.0043,0,-0.0336,0.9993,0.019,0,0.0049,-0.0189,0.9998,0,-0.0009,22.835,-2.8254,1]},
{"frame":70,"values":[0.9994,0.033,-0.0046,0,-0.0329,0.9993,0.0191,0,0.0052,-0.0189,0.9998,0,-0.0009,22.835,-2.8254,1]},
{"frame":71,"values":[0.9995,0.0323,-0.005,0,-0.0322,0.9993,0.0192,0,0.0056,-0.019,0.9998,0,-0.0009,22.835,-2.8254,1]},
{"frame":72,"values":[0.9995,0.0315,-0.0054,0,-0.0314,0.9993,0.0193,0,0.006,-0.0191,0.9998,0,-0.0009,22.835,-2.8254,1]},
{"frame":73,"values":[0.9995,0.0308,-0.0057,0,-0.0307,0.9993,0.0194,0,0.0063,-0.0192,0.9998,0,-0.0009,22.835,-2.8254,1]},
{"frame":74,"values":[0.9995,0.0301,-0.0057,0,-0.03,0.9994,0.0195,0,0.0063,-0.0193,0.9998,0,-0.0009,22.835,-2.8254,1]},
{"frame":75,"values":[0.9996,0.0294,-0.0056,0,-0.0293,0.9994,0.0196,0,0.0062,-0.0194,0.9998,0,-0.0009,22.835,-2.8254,1]},
{"frame":76,"values":[0.9996,0.0286,-0.0056,0,-0.0285,0.9994,0.0197,0,0.0061,-0.0195,0.9998,0,-0.0009,22.835,-2.8254,1]},
{"frame":77,"values":[0.9996,0.0279,-0.0055,0,-0.0278,0.9994,0.0198,0,0.0061,-0.0196,0.9998,0,-0.0009,22.835,-2.8254,1]},
{"frame":78,"values":[0.9996,0.0272,-0.0055,0,-0.0271,0.9994,0.0199,0,0.006,-0.0197,0.9998,0,-0.0009,22.835,-2.8254,1]},
{"frame":79,"values":[0.9996,0.0272,-0.0054,0,-0.0271,0.9994,0.0203,0,0.006,-0.0201,0.9998,0,-0.0009,22.835,-2.8254,1]}],"loopBehavior":1,"name":"anim","property":"_matrix"}},
{"name":"mixamorig:Spine2","index":3,"matrix":[0.9996,0.0275,-0.0059,0,-0.0274,0.9994,0.0198,0,0.0064,-0.0196,0.9998,0,-0.0206,26.5525,-3.1933,1],"rest":[1,0,0,0,0,1,0,0,0,0,1,0,-0.0206,26.5525,-3.1933,1],"parentBoneIndex":2,"length":24.825
,"animation":{"dataType":3,"framePerSecond":24,"keys":[
{"frame":1,"values":[0.9996,0.0273,-0.0058,0,-0.0271,0.9994,0.0198,0,0.0063,-0.0197,0.9998,0,-0.0206,26.5525,-3.1933,1]},
{"frame":2,"values":[0.9996,0.0272,-0.0059,0,-0.0271,0.9995,0.019,0,0.0065,-0.0189,0.9998,0,-0.0206,26.5525,-3.1933,1]},
{"frame":3,"values":[0.9996,0.027,-0.0063,0,-0.0268,0.9995,0.0176,0,0.0068,-0.0174,0.9998,0,-0.0206,26.5525,-3.1933,1]},
{"frame":4,"values":[0.9996,0.0267,-0.0066,0,-0.0265,0.9995,0.0159,0,0.0071,-0.0158,0.9999,0,-0.0206,26.5525,-3.1933,1]},
{"frame":5,"values":[0.9996,0.0263,-0.0067,0,-0.0262,0.9995,0.0146,0,0.0071,-0.0144,0.9999,0,-0.0206,26.5525,-3.1933,1]},
{"frame":6,"values":[0.9996,0.0259,-0.0067,0,-0.0258,0.9996,0.0134,0,0.0071,-0.0133,0.9999,0,-0.0206,26.5525,-3.1933,1]},
{"frame":7,"values":[0.9997,0.0229,-0.0067,0,-0.0228,0.9997,0.0122,0,0.007,-0.0121,0.9999,0,-0.0206,26.5525,-3.1933,1]},
{"frame":8,"values":[0.9998,0.0199,-0.007,0,-0.0199,0.9997,0.0109,0,0.0072,-0.0107,0.9999,0,-0.0206,26.5525,-3.1933,1]},
{"frame":9,"values":[0.9998,0.017,-0.0079,0,-0.0169,0.9998,0.0093,0,0.0081,-0.0092,0.9999,0,-0.0206,26.5525,-3.1933,1]},
{"frame":10,"values":[0.9999,0.014,-0.0097,0,-0.0139,0.9999,0.0075,0,0.0098,-0.0074,0.9999,0,-0.0206,26.5525,-3.1933,1]},
{"frame":11,"values":[0.9999,0.0111,-0.0122,0,-0.011,0.9999,0.0052,0,0.0122,-0.0051,0.9999,0,-0.0206,26.5525,-3.1933,1]},
{"frame":12,"values":[0.9998,0.0081,-0.0163,0,-0.008,1,0.0025,0,0.0163,-0.0024,0.9999,0,-0.0206,26.5525,-3.1933,1]},
{"frame":13,"values":[0.9998,0.0051,-0.0204,0,-0.0051,1,-0.0003,0,0.0204,0.0004,0.9998,0,-0.0206,26.5525,-3.1933,1]},
{"frame":14,"values":[0.9997,0.0022,-0.0245,0,-0.0022,1,-0.0013,0,0.0245,0.0013,0.9997,0,-0.0206,26.5525,-3.1933,1]},
{"frame":15,"values":[0.9996,-0.0008,-0.0287,0,0.0007,1,-0.0022,0,0.0287,0.0022,0.9996,0,-0.0206,26.5525,-3.1933,1]},
{"frame":16,"values":[0.9995,-0.0037,-0.0328,0,0.0036,1,-0.0032,0,0.0328,0.0031,0.9995,0,-0.0206,26.5525,-3.1933,1]},
{"frame":17,"values":[0.9993,-0.0067,-0.0369,0,0.0065,1,-0.0042,0,0.0369,0.004,0.9993,0,-0.0206,26.5525,-3.1933,1]},
{"frame":18,"values":[0.9991,-0.0096,-0.041,0,0.0094,0.9999,-0.0052,0,0.041,0.0048,0.9991,0,-0.0206,26.5525,-3.1933,1]},
{"frame":19,"values":[0.9989,-0.0126,-0.0451,0,0.0123,0.9999,-0.0062,0,0.0452,0.0056,0.999,0,-0.0206,26.5525,-3.1933,1]},
{"frame":20,"values":[0.9987,-0.0156,-0.0492,0,0.0152,0.9999,-0.0072,0,0.0493,0.0065,0.9988,0,-0.0206,26.5525,-3.1933,1]},
{"frame":21,"values":[0.9984,-0.0185,-0.0533,0,0.0181,0.9998,-0.0083,0,0.0534,0.0073,0.9985,0,-0.0206,26.5525,-3.1933,1]},
{"frame":22,"values":[0.9981,-0.0215,-0.0574,0,0.021,0.9997,-0.0093,0,0.0576,0.0081,0.9983,0,-0.0206,26.5525,-3.1933,1]},
{"frame":23,"values":[0.9978,-0.0245,-0.0615,0,0.024,0.9997,-0.0073,0,0.0616,0.0058,0.9981,0,-0.0206,26.5525,-3.1933,1]},
{"frame":24,"values":[0.9975,-0.0274,-0.0656,0,0.0271,0.9996,-0.0054,0,0.0657,0.0036,0.9978,0,-0.0206,26.5525,-3.1933,1]},
{"frame":25,"values":[0.9974,-0.0304,-0.0648,0,0.0302,0.9995,-0.0034,0,0.0649,0.0014,0.9979,0,-0.0206,26.5525,-3.1933,1]},
{"frame":26,"values":[0.9974,-0.0333,-0.0641,0,0.0333,0.9994,-0.0014,0,0.0641,-0.0007,0.9979,0,-0.0206,26.5525,-3.1933,1]},
{"frame":27,"values":[0.9973,-0.0363,-0.0633,0,0.0364,0.9993,0.0006,0,0.0632,-0.0029,0.998,0,-0.0206,26.5525,-3.1933,1]},
{"frame":28,"values":[0.9974,-0.033,-0.0635,0,0.0332,0.9994,0.0025,0,0.0634,-0.0046,0.998,0,-0.0206,26.5525,-3.1933,1]},
{"frame":29,"values":[0.9977,-0.0297,-0.061,0,0.03,0.9995,0.0045,0,0.0608,-0.0063,0.9981,0,-0.0206,26.5525,-3.1933,1]},
{"frame":30,"values":[0.9979,-0.0264,-0.0584,0,0.0269,0.9996,0.0065,0,0.0582,-0.0081,0.9983,0,-0.0206,26.5525,-3.1933,1]},
{"frame":31,"values":[0.9982,-0.0232,-0.0558,0,0.0237,0.9997,0.0085,0,0.0556,-0.0098,0.9984,0,-0.0206,26.5525,-3.1933,1]},
{"frame":32,"values":[0.9984,-0.0199,-0.0532,0,0.0203,0.9998,0.0083,0,0.053,-0.0093,0.9985,0,-0.0206,26.5525,-3.1933,1]},
{"frame":33,"values":[0.9986,-0.0166,-0.0506,0,0.0171,0.9998,0.0091,0,0.0505,-0.01,0.9987,0,-0.0206,26.5525,-3.1933,1]},
{"frame":34,"values":[0.9988,-0.0133,-0.048,0,0.0138,0.9999,0.01,0,0.0479,-0.0107,0.9988,0,-0.0206,26.5525,-3.1933,1]},
{"frame":35,"values":[0.9989,-0.01,-0.0455,0,0.0105,0.9999,0.0109,0,0.0453,-0.0114,0.9989,0,-0.0206,26.5525,-3.1933,1]},
{"frame":36,"values":[0.9991,-0.0067,-0.0429,0,0.0073,0.9999,0.0118,0,0.0428,-0.0121,0.999,0,-0.0206,26.5525,-3.1933,1]},
{"frame":37,"values":[0.9992,-0.0035,-0.0403,0,0.004,0.9999,0.0126,0,0.0402,-0.0128,0.9991,0,-0.0206,26.5525,-3.1933,1]},
{"frame":38,"values":[0.9993,-0.0002,-0.0377,0,0.0006,0.9999,0.0122,0,0.0377,-0.0122,0.9992,0,-0.0206,26.5525,-3.1933,1]},
{"frame":39,"values":[0.9994,0.0031,-0.0351,0,-0.0027,0.9999,0.0118,0,0.0351,-0.0117,0.9993,0,-0.0206,26.5525,-3.1933,1]},
{"frame":40,"values":[0.9995,0.0064,-0.0325,0,-0.006,0.9999,0.0113,0,0.0326,-0.0111,0.9994,0,-0.0206,26.5525,-3.1933,1]},
{"frame":41,"values":[0.9995,0.0097,-0.0299,0,-0.0094,0.9999,0.0109,0,0.03,-0.0106,0.9995,0,-0.0206,26.5525,-3.1933,1]},
{"frame":42,"values":[0.9995,0.013,-0.0273,0,-0.0127,0.9999,0.011,0,0.0275,-0.0107,0.9996,0,-0.0206,26.5525,-3.1933,1]},
{"frame":43,"values":[0.9996,0.0163,-0.0247,0,-0.016,0.9998,0.0112,0,0.0249,-0.0108,0.9996,0,-0.0206,26.5525,-3.1933,1]},
{"frame":44,"values":[0.9996,0.0195,-0.0222,0,-0.0193,0.9998,0.0113,0,0.0224,-0.0109,0.9997,0,-0.0206,26.5525,-3.1933,1]},
{"frame":45,"values":[0.9995,0.0228,-0.0196,0,-0.0226,0.9997,0.0114,0,0.0198,-0.011,0.9997,0,-0.0206,26.5525,-3.1933,1]},
{"frame":46,"values":[0.9995,0.0261,-0.017,0,-0.0259,0.9996,0.0114,0,0.0173,-0.0109,0.9998,0,-0.0206,26.5525,-3.1933,1]},
{"frame":47,"values":[0.9995,0.0294,-0.0144,0,-0.0292,0.9995,0.0114,0,0.0147,-0.0109,0.9998,0,-0.0206,26.5525,-3.1933,1]},
{"frame":48,"values":[0.9994,0.0327,-0.0118,0,-0.0326,0.9994,0.0113,0,0.0122,-0.011,0.9999,0,-0.0206,26.5525,-3.1933,1]},
{"frame":49,"values":[0.9993,0.036,-0.0092,0,-0.0359,0.9993,0.0118,0,0.0096,-0.0114,0.9999,0,-0.0206,26.5525,-3.1933,1]},
{"frame":50,"values":[0.9992,0.0393,-0.0066,0,-0.0392,0.9992,0.0122,0,0.0071,-0.0119,0.9999,0,-0.0206,26.5525,-3.1933,1]},
{"frame":51,"values":[0.9991,0.0426,-0.004,0,-0.0425,0.999,0.0126,0,0.0046,-0.0124,0.9999,0,-0.0206,26.5525,-3.1933,1]},
{"frame":52,"values":[0.9989,0.0458,-0.0014,0,-0.0458,0.9989,0.013,0,0.002,-0.0129,0.9999,0,-0.0206,26.5525,-3.1933,1]},
{"frame":53,"values":[0.999,0.0451,0.0012,0,-0.0451,0.9989,0.0134,0,-0.0005,-0.0134,0.9999,0,-0.0206,26.5525,-3.1933,1]},
{"frame":54,"values":[0.999,0.0444,0.0008,0,-0.0444,0.9989,0.0138,0,-0.0002,-0.0138,0.9999,0,-0.0206,26.5525,-3.1933,1]},
{"frame":55,"values":[0.999,0.0437,0.0004,0,-0.0437,0.9989,0.0142,0,0.0002,-0.0142,0.9999,0,-0.0206,26.5525,-3.1933,1]},
{"frame":56,"values":[0.9991,0.043,0.0001,0,-0.043,0.999,0.0146,0,0.0006,-0.0146,0.9999,0,-0.0206,26.5525,-3.1933,1]},
{"frame":57,"values":[0.9991,0.0423,-0.0003,0,-0.0423,0.999,0.015,0,0.0009,-0.015,0.9999,0,-0.0206,26.5525,-3.1933,1]},
{"frame":58,"values":[0.9991,0.0416,-0.0007,0,-0.0416,0.999,0.0154,0,0.0013,-0.0154,0.9999,0,-0.0206,26.5525,-3.1933,1]},
{"frame":59,"values":[0.9992,0.0409,-0.001,0,-0.0409,0.999,0.0158,0,0.0017,-0.0157,0.9999,0,-0.0206,26.5525,-3.1933,1]},
{"frame":60,"values":[0.9992,0.0402,-0.0014,0,-0.0402,0.9991,0.0162,0,0.0021,-0.0161,0.9999,0,-0.0206,26.5525,-3.1933,1]},
{"frame":61,"values":[0.9992,0.0395,-0.0018,0,-0.0395,0.9991,0.0166,0,0.0024,-0.0165,0.9999,0,-0.0206,26.5525,-3.1933,1]},
{"frame":62,"values":[0.9992,0.0388,-0.0021,0,-0.0387,0.9991,0.017,0,0.0028,-0.0169,0.9999,0,-0.0206,26.5525,-3.1933,1]},
{"frame":63,"values":[0.9993,0.0381,-0.0025,0,-0.038,0.9991,0.0174,0,0.0032,-0.0173,0.9998,0,-0.0206,26.5525,-3.1933,1]},
{"frame":64,"values":[0.9993,0.0374,-0.0029,0,-0.0373,0.9991,0.0178,0,0.0035,-0.0177,0.9998,0,-0.0206,26.5525,-3.1933,1]},
{"frame":65,"values":[0.9993,0.0367,-0.0032,0,-0.0366,0.9992,0.0182,0,0.0039,-0.0181,0.9998,0,-0.0206,26.5525,-3.1933,1]},
{"frame":66,"values":[0.9993,0.036,-0.0036,0,-0.0359,0.9992,0.0186,0,0.0043,-0.0185,0.9998,0,-0.0206,26.5525,-3.1933,1]},
{"frame":67,"values":[0.9994,0.0353,-0.004,0,-0.0352,0.9992,0.0185,0,0.0046,-0.0184,0.9998,0,-0.0206,26.5525,-3.1933,1]},
{"frame":68,"values":[0.9994,0.0346,-0.0043,0,-0.0345,0.9992,0.0184,0,0.005,-0.0182,0.9998,0,-0.0206,26.5525,-3.1933,1]},
{"frame":69,"values":[0.9994,0.0338,-0.0047,0,-0.0338,0.9993,0.0185,0,0.0053,-0.0183,0.9998,0,-0.0206,26.5525,-3.1933,1]},
{"frame":70,"values":[0.9994,0.0331,-0.0051,0,-0.033,0.9993,0.0186,0,0.0057,-0.0184,0.9998,0,-0.0206,26.5525,-3.1933,1]},
{"frame":71,"values":[0.9995,0.0324,-0.0054,0,-0.0323,0.9993,0.0187,0,0.006,-0.0185,0.9998,0,-0.0206,26.5525,-3.1933,1]},
{"frame":72,"values":[0.9995,0.0317,-0.0058,0,-0.0316,0.9993,0.0188,0,0.0064,-0.0186,0.9998,0,-0.0206,26.5525,-3.1933,1]},
{"frame":73,"values":[0.9995,0.031,-0.0062,0,-0.0309,0.9993,0.0189,0,0.0068,-0.0187,0.9998,0,-0.0206,26.5525,-3.1933,1]},
{"frame":74,"values":[0.9995,0.0303,-0.0061,0,-0.0302,0.9994,0.019,0,0.0067,-0.0188,0.9998,0,-0.0206,26.5525,-3.1933,1]},
