{"producer":{"name":"Blender","version":"2.79 (sub 0)","exporter_version":"5.6.4","file":"fistpumpgesture.babylon"},
"autoClear":true,"clearColor":[0.0509,0.0509,0.0509],"ambientColor":[0,0,0],"gravity":[0,-9.81,0],
"materials":[{"name":"fistpumpgesture.Material","id":"fistpumpgesture.Material","ambient":[0,0,0],"diffuse":[0,0,0],"specular":[0,0,0],"emissive":[0,0,0],"specularPower":50,"alpha":0.001,"backFaceCulling":true,"checkReadyOnlyOnce":false,"maxSimultaneousLights":4}],
"multiMaterials":[],
"skeletons":[{"name":"Armature","id":0,"dimensionsAtRest":[379.1952,391.6652,55.677],"bones":[
{"name":"mixamorig:Hips","index":0,"matrix":[0.994,-0.0551,-0.0947,0,0.0609,0.9964,0.0598,0,-0.0911,0.0652,-0.9937,0,0.3746,200.3125,0.3754,1],"rest":[1,0,0,0,0,1,0,0,0,0,-1,0,0,201.6394,0,1],"parentBoneIndex":-1,"length":21.6784
,"animation":{"dataType":3,"framePerSecond":24,"keys":[
{"frame":1,"values":[0.994,-0.0551,-0.0947,0,0.0609,0.9964,0.0598,0,-0.0911,0.0652,-0.9937,0,0.3746,200.3126,0.3754,1]},
{"frame":2,"values":[0.9933,-0.0561,-0.1014,0,0.0624,0.9962,0.0602,0,-0.0976,0.0661,-0.993,0,0.4098,200.2899,0.4229,1]},
{"frame":3,"values":[0.9924,-0.0571,-0.1086,0,0.064,0.9961,0.0607,0,-0.1047,0.0672,-0.9922,0,0.4375,200.2554,0.4471,1]},
{"frame":4,"values":[0.9915,-0.0581,-0.1162,0,0.0656,0.996,0.0613,0,-0.1122,0.0684,-0.9913,0,0.4613,200.2143,0.452,1]},
{"frame":5,"values":[0.9905,-0.0588,-0.1241,0,0.0669,0.9958,0.062,0,-0.12,0.0697,-0.9903,0,0.4893,200.1729,0.4434,1]},
{"frame":6,"values":[0.9894,-0.059,-0.1324,0,0.0678,0.9957,0.0628,0,-0.1281,0.0711,-0.9892,0,0.5259,200.1302,0.428,1]},
{"frame":7,"values":[0.9882,-0.0589,-0.1411,0,0.0691,0.9952,0.0686,0,-0.1364,0.0776,-0.9876,0,0.5699,200.0903,0.4131,1]},
{"frame":8,"values":[0.9869,-0.0586,-0.1501,0,0.0703,0.9947,0.0745,0,-0.1449,0.084,-0.9859,0,0.6014,200.0519,0.397,1]},
{"frame":9,"values":[0.9856,-0.0582,-0.159,0,0.0716,0.9942,0.0802,0,-0.1534,0.0905,-0.984,0,0.6328,200.0302,0.3713,1]},
{"frame":10,"values":[0.9841,-0.0574,-0.168,0,0.0727,0.9936,0.086,0,-0.162,0.0969,-0.982,0,0.296,200.0275,0.3371,1]},
{"frame":11,"values":[0.9826,-0.0561,-0.1769,0,0.0732,0.9931,0.0918,0,-0.1705,0.1031,-0.9799,0,-0.0407,200.0292,0.3084,1]},
{"frame":12,"values":[0.9819,-0.0541,-0.1817,0,0.0727,0.9926,0.0975,0,-0.1751,0.109,-0.9785,0,-0.3775,199.703,0.3017,1]},
{"frame":13,"values":[0.9811,-0.0511,-0.1866,0,0.0714,0.9921,0.1033,0,-0.1798,0.1147,-0.977,0,-0.7143,199.3768,0.3095,1]},
{"frame":14,"values":[0.9804,-0.0473,-0.1914,0,0.0691,0.9916,0.1091,0,-0.1847,0.1202,-0.9754,0,-1.051,199.0505,0.3038,1]},
{"frame":15,"values":[0.9836,-0.0431,-0.1754,0,0.064,0.9913,0.1153,0,-0.1689,0.1246,-0.9777,0,-1.3878,198.7243,0.0494,1]},
{"frame":16,"values":[0.9865,-0.0384,-0.1594,0,0.0582,0.9909,0.1215,0,-0.1532,0.1291,-0.9797,0,-1.7246,198.3981,-0.2051,1]},
{"frame":17,"values":[0.9891,-0.0337,-0.1433,0,0.0522,0.9904,0.1277,0,-0.1376,0.1337,-0.9814,0,-2.0614,198.0718,-0.4596,1]},
{"frame":18,"values":[0.9914,-0.0304,-0.1272,0,0.0475,0.9898,0.134,0,-0.1218,0.1389,-0.9828,0,-2.3981,197.7456,-0.714,1]},
{"frame":19,"values":[0.9934,-0.0272,-0.111,0,0.0427,0.9892,0.1402,0,-0.106,0.144,-0.9839,0,-2.7349,197.4193,-0.9685,1]},
{"frame":20,"values":[0.9952,-0.0241,-0.0948,0,0.0378,0.9885,0.1463,0,-0.0902,0.1492,-0.9847,0,-3.0717,197.0931,-1.223,1]},
{"frame":21,"values":[0.9967,-0.021,-0.0785,0,0.0329,0.9878,0.1524,0,-0.0744,0.1545,-0.9852,0,-3.4085,196.7669,-1.4774,1]},
{"frame":22,"values":[0.9979,-0.0181,-0.0622,0,0.0278,0.987,0.1583,0,-0.0586,0.1597,-0.9854,0,-3.7452,196.4406,-1.7319,1]},
{"frame":23,"values":[0.9987,-0.0199,-0.0459,0,0.0272,0.986,0.1643,0,-0.042,0.1654,-0.9853,0,-4.082,196.1144,-1.9864,1]},
{"frame":24,"values":[0.9993,-0.0218,-0.0297,0,0.0265,0.985,0.1703,0,-0.0255,0.171,-0.9849,0,-4.4188,195.7882,-2.2408,1]},
{"frame":25,"values":[0.9996,-0.0238,-0.0134,0,0.0257,0.984,0.1763,0,-0.009,0.1766,-0.9842,0,-4.7556,195.4619,-2.4953,1]},
{"frame":26,"values":[0.9997,-0.0258,0.0029,0,0.0249,0.9829,0.1822,0,0.0076,0.1821,-0.9833,0,-5.0923,195.1357,-2.7498,1]},
{"frame":27,"values":[0.9994,-0.028,0.0192,0,0.0239,0.9818,0.1882,0,0.0241,0.1876,-0.982,0,-5.4291,194.8094,-3.0042,1]},
{"frame":28,"values":[0.999,-0.0275,0.0355,0,0.0201,0.9808,0.1939,0,0.0401,0.193,-0.9804,0,-5.7659,194.4832,-3.2587,1]},
{"frame":29,"values":[0.9983,-0.027,0.0518,0,0.0161,0.9797,0.1997,0,0.0561,0.1985,-0.9785,0,-6.1026,194.5881,-3.1894,1]},
{"frame":30,"values":[0.9973,-0.0273,0.068,0,0.0128,0.9786,0.2053,0,0.0722,0.2039,-0.9763,0,-6.4394,194.693,-3.1201,1]},
{"frame":31,"values":[0.9961,-0.0276,0.0843,0,0.0093,0.9775,0.2109,0,0.0882,0.2093,-0.9739,0,-6.7762,194.7979,-3.1284,1]},
{"frame":32,"values":[0.9946,-0.0273,0.1005,0,0.0049,0.9763,0.2164,0,0.104,0.2148,-0.9711,0,-7.113,194.9028,-3.1166,1]},
{"frame":33,"values":[0.9928,-0.0271,0.1167,0,0.0005,0.9751,0.2219,0,0.1198,0.2202,-0.9681,0,-7.4497,195.0077,-3.1049,1]},
{"frame":34,"values":[0.9908,-0.0268,0.1329,0,-0.0041,0.9738,0.2272,0,0.1355,0.2257,-0.9647,0,-7.7865,194.9874,-3.2523,1]},
{"frame":35,"values":[0.9912,-0.0266,0.1299,0,-0.0028,0.9753,0.2207,0,0.1326,0.2191,-0.9666,0,-8.1233,194.967,-3.3996,1]},
{"frame":36,"values":[0.9915,-0.0267,0.127,0,-0.0011,0.9768,0.2142,0,0.1297,0.2126,-0.9685,0,-7.8789,195.1426,-3.5469,1]},
{"frame":37,"values":[0.9919,-0.0265,0.124,0,0.0002,0.9782,0.2077,0,0.1268,0.206,-0.9703,0,-7.6345,195.3182,-3.6942,1]},
{"frame":38,"values":[0.9923,-0.0263,0.121,0,0.0015,0.9795,0.2012,0,0.1239,0.1995,-0.972,0,-7.3901,195.4937,-3.8416,1]},
{"frame":39,"values":[0.9927,-0.0262,0.1181,0,0.0027,0.9809,0.1947,0,0.1209,0.1929,-0.9737,0,-7.1457,195.6693,-3.9889,1]},
{"frame":40,"values":[0.9917,-0.0277,0.1255,0,0.0037,0.9822,0.1879,0,0.1285,0.1858,-0.9741,0,-6.9013,195.8449,-4.1362,1]},
{"frame":41,"values":[0.9907,-0.0292,0.1329,0,0.0047,0.9835,0.1811,0,0.136,0.1788,-0.9744,0,-6.6569,196.0205,-4.2835,1]},
{"frame":42,"values":[0.9896,-0.0306,0.1404,0,0.0057,0.9847,0.1743,0,0.1435,0.1716,-0.9746,0,-6.4125,196.196,-4.4309,1]},
{"frame":43,"values":[0.9885,-0.0319,0.1478,0,0.0068,0.9859,0.1674,0,0.151,0.1645,-0.9747,0,-6.1681,196.3716,-4.5782,1]},
{"frame":44,"values":[0.9874,-0.0306,0.1552,0,0.0054,0.987,0.1606,0,0.1581,0.1578,-0.9747,0,-5.9237,196.5472,-4.7255,1]},
{"frame":45,"values":[0.9891,-0.0294,0.1442,0,0.0069,0.988,0.1543,0,0.147,0.1516,-0.9775,0,-5.6793,196.7227,-4.8729,1]},
{"frame":46,"values":[0.9907,-0.0282,0.1331,0,0.0083,0.989,0.1478,0,0.1359,0.1454,-0.98,0,-5.4349,196.8983,-5.0202,1]},
{"frame":47,"values":[0.9922,-0.027,0.1221,0,0.0095,0.9899,0.1414,0,0.1247,0.1391,-0.9824,0,-5.1905,197.0739,-4.7248,1]},
{"frame":48,"values":[0.9934,-0.0281,0.111,0,0.013,0.9908,0.135,0,0.1138,0.1326,-0.9846,0,-4.9461,197.2495,-4.4294,1]},
{"frame":49,"values":[0.9946,-0.0294,0.0999,0,0.0164,0.9916,0.1285,0,0.1028,0.1261,-0.9867,0,-4.7017,197.425,-4.134,1]},
{"frame":50,"values":[0.9956,-0.0307,0.0887,0,0.0197,0.9923,0.1219,0,0.0918,0.1197,-0.9886,0,-4.4573,197.6006,-3.8386,1]},
{"frame":51,"values":[0.9965,-0.032,0.0776,0,0.0229,0.9931,0.1154,0,0.0808,0.1132,-0.9903,0,-4.2129,197.7762,-3.5432,1]},
{"frame":52,"values":[0.9972,-0.0335,0.0665,0,0.0261,0.9937,0.1088,0,0.0697,0.1067,-0.9918,0,-3.9685,197.9518,-3.2478,1]},
{"frame":53,"values":[0.9979,-0.035,0.0553,0,0.0292,0.9943,0.1021,0,0.0586,0.1003,-0.9932,0,-3.724,198.1273,-2.9524,1]},
{"frame":54,"values":[0.9984,-0.0366,0.0442,0,0.0322,0.9949,0.0954,0,0.0474,0.0938,-0.9945,0,-3.4796,198.3029,-2.657,1]},
{"frame":55,"values":[0.9987,-0.0382,0.0331,0,0.0352,0.9954,0.0887,0,0.0363,0.0874,-0.9955,0,-3.2352,198.4785,-2.3616,1]},
{"frame":56,"values":[0.999,-0.04,0.0219,0,0.038,0.9959,0.0819,0,0.0251,0.081,-0.9964,0,-2.9908,198.6541,-2.0662,1]},
{"frame":57,"values":[0.9991,-0.0418,0.0108,0,0.0408,0.9963,0.0751,0,0.0139,0.0746,-0.9971,0,-2.7464,198.8296,-1.7708,1]},
{"frame":58,"values":[0.999,-0.0436,-0.0003,0,0.0435,0.9967,0.0683,0,0.0027,0.0682,-0.9977,0,-2.502,199.0052,-1.4754,1]},
{"frame":59,"values":[0.9989,-0.0456,-0.0114,0,0.0462,0.997,0.0614,0,-0.0085,0.0619,-0.998,0,-2.2576,199.1808,-1.18,1]},
{"frame":60,"values":[0.9986,-0.0476,-0.0224,0,0.0487,0.9973,0.0545,0,-0.0198,0.0556,-0.9983,0,-2.0132,199.3563,-0.8846,1]},
{"frame":61,"values":[0.9982,-0.049,-0.0336,0,0.0506,0.9976,0.0478,0,-0.0311,0.0494,-0.9983,0,-1.7688,199.5319,-1.005,1]},
{"frame":62,"values":[0.9977,-0.0505,-0.0447,0,0.0523,0.9978,0.041,0,-0.0425,0.0433,-0.9982,0,-1.5244,199.7075,-1.1254,1]},
{"frame":63,"values":[0.9971,-0.052,-0.0558,0,0.054,0.998,0.0342,0,-0.0539,0.0371,-0.9979,0,-1.28,199.8831,-1.2459,1]},
{"frame":64,"values":[0.9963,-0.0536,-0.0669,0,0.0555,0.9981,0.0274,0,-0.0654,0.031,-0.9974,0,-1.0356,200.0586,-1.3663,1]},
{"frame":65,"values":[0.9954,-0.0553,-0.078,0,0.057,0.9982,0.0205,0,-0.0768,0.0249,-0.9967,0,-0.7912,200.2342,-1.4867,1]},
{"frame":66,"values":[0.9945,-0.0548,-0.0891,0,0.0562,0.9983,0.0138,0,-0.0882,0.0187,-0.9959,0,-0.5468,200.4098,-1.6071,1]},
{"frame":67,"values":[0.9935,-0.0543,-0.1002,0,0.0562,0.9983,0.0155,0,-0.0992,0.0211,-0.9948,0,-0.3024,200.406,-1.7275,1]},
{"frame":68,"values":[0.9936,-0.0539,-0.0995,0,0.0559,0.9983,0.0174,0,-0.0984,0.0228,-0.9949,0,-0.058,200.4021,-1.848,1]},
{"frame":69,"values":[0.9937,-0.0535,-0.0988,0,0.0557,0.9983,0.0192,0,-0.0976,0.0245,-0.9949,0,0.1864,200.3983,-1.9684,1]},
{"frame":70,"values":[0.9938,-0.0531,-0.0981,0,0.0554,0.9982,0.021,0,-0.0969,0.0263,-0.995,0,0.4308,200.3945,-2.0888,1]},
{"frame":71,"values":[0.9938,-0.0527,-0.0975,0,0.0552,0.9982,0.0228,0,-0.0961,0.028,-0.995,0,0.6752,200.3907,-2.2092,1]},
{"frame":72,"values":[0.9939,-0.0523,-0.0968,0,0.0549,0.9982,0.0246,0,-0.0953,0.0298,-0.995,0,0.9196,200.3868,-2.0826,1]},
{"frame":73,"values":[0.9938,-0.0519,-0.0983,0,0.0547,0.9982,0.0264,0,-0.0968,0.0316,-0.9948,0,1.164,200.383,-1.956,1]},
{"frame":74,"values":[0.9937,-0.0514,-0.0999,0,0.0545,0.9981,0.0282,0,-0.0983,0.0335,-0.9946,0,1.4084,200.3792,-1.8294,1]},
{"frame":75,"values":[0.9935,-0.051,-0.1015,0,0.0543,0.9981,0.03,0,-0.0998,0.0353,-0.9944,0,1.6528,200.3754,-1.7028,1]},
{"frame":76,"values":[0.9934,-0.0506,-0.1031,0,0.0541,0.998,0.0318,0,-0.1013,0.0372,-0.9942,0,1.5753,200.3716,-1.5762,1]},
{"frame":77,"values":[0.9932,-0.051,-0.1047,0,0.0547,0.9979,0.0336,0,-0.1027,0.0391,-0.9939,0,1.4978,200.3677,-1.4497,1]},
{"frame":78,"values":[0.993,-0.0513,-0.1062,0,0.0553,0.9978,0.0354,0,-0.1042,0.041,-0.9937,0,1.4203,200.3639,-1.3231,1]},
{"frame":79,"values":[0.9928,-0.0516,-0.1078,0,0.0559,0.9977,0.0372,0,-0.1057,0.043,-0.9935,0,1.3428,200.3601,-1.1965,1]},
{"frame":80,"values":[0.9926,-0.052,-0.1094,0,0.0565,0.9976,0.039,0,-0.1071,0.0449,-0.9932,0,1.2653,200.3563,-1.0699,1]},
{"frame":81,"values":[0.9924,-0.0523,-0.111,0,0.0571,0.9975,0.0408,0,-0.1086,0.0468,-0.993,0,1.1878,200.3524,-0.9433,1]},
{"frame":82,"values":[0.9922,-0.0526,-0.1126,0,0.0578,0.9974,0.0426,0,-0.11,0.0488,-0.9927,0,1.1102,200.3486,-0.8167,1]},
{"frame":83,"values":[0.9924,-0.053,-0.1109,0,0.0582,0.9973,0.0444,0,-0.1082,0.0505,-0.9928,0,1.0327,200.3448,-0.6901,1]},
{"frame":84,"values":[0.9926,-0.0534,-0.1092,0,0.0587,0.9972,0.0462,0,-0.1064,0.0523,-0.9929,0,0.9552,200.341,-0.5635,1]},
{"frame":85,"values":[0.9928,-0.0537,-0.1075,0,0.0591,0.9971,0.048,0,-0.1046,0.054,-0.9931,0,0.8777,200.3372,-0.4369,1]},
{"frame":86,"values":[0.9929,-0.0541,-0.1057,0,0.0596,0.997,0.0498,0,-0.1027,0.0558,-0.9931,0,0.8002,200.3333,-0.3103,1]},
{"frame":87,"values":[0.9931,-0.0544,-0.104,0,0.06,0.9969,0.0516,0,-0.1009,0.0575,-0.9932,0,0.7227,200.3295,-0.1837,1]},
{"frame":88,"values":[0.9932,-0.0548,-0.1023,0,0.0605,0.9967,0.0535,0,-0.0991,0.0593,-0.9933,0,0.6452,200.3257,-0.0571,1]},
{"frame":89,"values":[0.9934,-0.0552,-0.1006,0,0.0609,0.9966,0.0553,0,-0.0972,0.061,-0.9934,0,0.5677,200.3219,0.0695,1]},
{"frame":90,"values":[0.9935,-0.0555,-0.0989,0,0.0614,0.9965,0.0571,0,-0.0954,0.0628,-0.9935,0,0.4902,200.318,0.1961,1]},
{"frame":91,"values":[0.9937,-0.0554,-0.0972,0,0.0613,0.9964,0.0589,0,-0.0936,0.0645,-0.9935,0,0.4127,200.3142,0.3227,1]},
{"frame":92,"values":[0.994,-0.0551,-0.0947,0,0.0609,0.9964,0.0598,0,-0.0911,0.0652,-0.9937,0,0.3746,200.3125,0.3754,1]}],"loopBehavior":1,"name":"anim","property":"_matrix"}},
{"name":"mixamorig:Spine","index":1,"matrix":[0.9987,0.0448,-0.024,0,-0.0433,0.9973,0.0588,0,0.0266,-0.0577,0.998,0,0.0062,19.525,-2.4818,1],"rest":[1,0,0,0,0,1,0,0,0,0,1,0,0.0062,19.525,-2.4818,1],"parentBoneIndex":0,"length":23.0091
,"animation":{"dataType":3,"framePerSecond":24,"keys":[
{"frame":1,"values":[0.9987,0.0448,-0.0243,0,-0.0433,0.9973,0.0587,0,0.0269,-0.0576,0.998,0,0.0062,19.525,-2.4818,1]},
{"frame":2,"values":[0.9987,0.0451,-0.0243,0,-0.0436,0.9973,0.0587,0,0.0269,-0.0576,0.998,0,0.0062,19.525,-2.4818,1]},
{"frame":3,"values":[0.9987,0.0453,-0.0243,0,-0.0438,0.9973,0.0587,0,0.0269,-0.0576,0.998,0,0.0062,19.525,-2.4818,1]},
{"frame":4,"values":[0.9987,0.0456,-0.0244,0,-0.0441,0.9973,0.0587,0,0.027,-0.0576,0.998,0,0.0062,19.525,-2.4818,1]},
{"frame":5,"values":[0.9986,0.0459,-0.0245,0,-0.0444,0.9973,0.0587,0,0.0271,-0.0576,0.998,0,0.0062,19.525,-2.4818,1]},
{"frame":6,"values":[0.9986,0.0461,-0.0246,0,-0.0446,0.9973,0.0587,0,0.0273,-0.0576,0.998,0,0.0062,19.525,-2.4818,1]},
{"frame":7,"values":[0.9986,0.0464,-0.0248,0,-0.0449,0.9973,0.0588,0,0.0275,-0.0576,0.998,0,0.0062,19.525,-2.4818,1]},
{"frame":8,"values":[0.9986,0.0467,-0.0248,0,-0.0451,0.9973,0.0587,0,0.0275,-0.0575,0.998,0,0.0062,19.525,-2.4818,1]},
{"frame":9,"values":[0.9986,0.0469,-0.0249,0,-0.0454,0.9973,0.0583,0,0.0275,-0.0571,0.998,0,0.0062,19.525,-2.4818,1]},
{"frame":10,"values":[0.9986,0.0472,-0.0249,0,-0.0457,0.9973,0.0575,0,0.0275,-0.0563,0.998,0,0.0062,19.525,-2.4818,1]},
{"frame":11,"values":[0.9986,0.0475,-0.0249,0,-0.046,0.9973,0.0564,0,0.0275,-0.0552,0.9981,0,0.0062,19.525,-2.4818,1]},
{"frame":12,"values":[0.9985,0.0477,-0.0252,0,-0.0463,0.9974,0.0555,0,0.0277,-0.0542,0.9981,0,0.0062,19.525,-2.4818,1]},
{"frame":13,"values":[0.9985,0.048,-0.0256,0,-0.0465,0.9974,0.0545,0,0.0281,-0.0532,0.9982,0,0.0062,19.525,-2.4818,1]},
{"frame":14,"values":[0.9985,0.0482,-0.0261,0,-0.0468,0.9975,0.0536,0,0.0286,-0.0523,0.9982,0,0.0062,19.525,-2.4818,1]},
{"frame":15,"values":[0.9985,0.0485,-0.0268,0,-0.047,0.9975,0.0526,0,0.0293,-0.0513,0.9983,0,0.0062,19.525,-2.4818,1]},
{"frame":16,"values":[0.9984,0.0488,-0.0276,0,-0.0473,0.9975,0.0517,0,0.03,-0.0503,0.9983,0,0.0062,19.525,-2.4818,1]},
{"frame":17,"values":[0.9984,0.049,-0.0283,0,-0.0476,0.9976,0.0507,0,0.0308,-0.0493,0.9983,0,0.0062,19.525,-2.4818,1]},
{"frame":18,"values":[0.9984,0.0493,-0.0291,0,-0.0478,0.9976,0.0498,0,0.0315,-0.0483,0.9983,0,0.0062,19.525,-2.4818,1]},
{"frame":19,"values":[0.9983,0.0496,-0.0299,0,-0.0481,0.9976,0.0488,0,0.0322,-0.0473,0.9984,0,0.0062,19.525,-2.4818,1]},
{"frame":20,"values":[0.9983,0.0498,-0.0306,0,-0.0482,0.9975,0.051,0,0.0331,-0.0495,0.9982,0,0.0062,19.525,-2.4818,1]},
{"frame":21,"values":[0.9983,0.0501,-0.0314,0,-0.0484,0.9974,0.0532,0,0.034,-0.0516,0.9981,0,0.0062,19.525,-2.4818,1]},
{"frame":22,"values":[0.9982,0.0508,-0.0321,0,-0.049,0.9973,0.0554,0,0.0349,-0.0537,0.9979,0,0.0062,19.525,-2.4818,1]},
{"frame":23,"values":[0.9981,0.0515,-0.0329,0,-0.0496,0.9971,0.0576,0,0.0358,-0.0558,0.9978,0,0.0062,19.525,-2.4818,1]},
{"frame":24,"values":[0.9981,0.0522,-0.0337,0,-0.0502,0.997,0.0597,0,0.0367,-0.0579,0.9976,0,0.0062,19.525,-2.4818,1]},
{"frame":25,"values":[0.998,0.053,-0.0344,0,-0.0508,0.9968,0.0619,0,0.0376,-0.0601,0.9975,0,0.0062,19.525,-2.4818,1]},
{"frame":26,"values":[0.998,0.0537,-0.034,0,-0.0514,0.9966,0.0641,0,0.0373,-0.0622,0.9974,0,0.0062,19.525,-2.4818,1]},
{"frame":27,"values":[0.998,0.0544,-0.0335,0,-0.0521,0.9964,0.0663,0,0.037,-0.0644,0.9972,0,0.0062,19.525,-2.4818,1]},
{"frame":28,"values":[0.9979,0.0551,-0.0352,0,-0.0526,0.9963,0.0685,0,0.0388,-0.0665,0.997,0,0.0062,19.525,-2.4818,1]},
{"frame":29,"values":[0.9978,0.0559,-0.0368,0,-0.0532,0.9961,0.0706,0,0.0406,-0.0685,0.9968,0,0.0062,19.525,-2.4818,1]},
{"frame":30,"values":[0.9977,0.0566,-0.0385,0,-0.0537,0.9959,0.0728,0,0.0425,-0.0706,0.9966,0,0.0062,19.525,-2.4818,1]},
{"frame":31,"values":[0.9976,0.0573,-0.0381,0,-0.0543,0.9957,0.075,0,0.0422,-0.0727,0.9965,0,0.0062,19.525,-2.4818,1]},
{"frame":32,"values":[0.9976,0.058,-0.0376,0,-0.055,0.9955,0.0772,0,0.0419,-0.0749,0.9963,0,0.0062,19.525,-2.4818,1]},
{"frame":33,"values":[0.9976,0.0588,-0.0372,0,-0.0557,0.9953,0.0793,0,0.0417,-0.0771,0.9962,0,0.0062,19.525,-2.4818,1]},
{"frame":34,"values":[0.9976,0.0595,-0.0367,0,-0.0563,0.9951,0.0815,0,0.0414,-0.0792,0.996,0,0.0062,19.525,-2.4818,1]},
{"frame":35,"values":[0.9975,0.0602,-0.0363,0,-0.0572,0.9952,0.0797,0,0.0409,-0.0774,0.9962,0,0.0062,19.525,-2.4818,1]},
{"frame":36,"values":[0.9976,0.0593,-0.0359,0,-0.0563,0.9954,0.0779,0,0.0403,-0.0757,0.9963,0,0.0062,19.525,-2.4818,1]},
{"frame":37,"values":[0.9977,0.0583,-0.0354,0,-0.0555,0.9956,0.0761,0,0.0397,-0.0739,0.9965,0,0.0062,19.525,-2.4818,1]},
{"frame":38,"values":[0.9977,0.0574,-0.035,0,-0.0547,0.9957,0.0742,0,0.0391,-0.0722,0.9966,0,0.0062,19.525,-2.4818,1]},
{"frame":39,"values":[0.9978,0.0564,-0.0345,0,-0.0538,0.9959,0.0724,0,0.0385,-0.0704,0.9968,0,0.0062,19.525,-2.4818,1]},
{"frame":40,"values":[0.9978,0.0555,-0.0352,0,-0.0529,0.9961,0.0706,0,0.0389,-0.0686,0.9969,0,0.0062,19.525,-2.4818,1]},
{"frame":41,"values":[0.9979,0.0545,-0.0358,0,-0.052,0.9963,0.0688,0,0.0394,-0.0668,0.997,0,0.0062,19.525,-2.4818,1]},
{"frame":42,"values":[0.9979,0.0536,-0.0364,0,-0.0511,0.9964,0.067,0,0.0399,-0.065,0.9971,0,0.0062,19.525,-2.4818,1]},
{"frame":43,"values":[0.998,0.0527,-0.0352,0,-0.0503,0.9966,0.0651,0,0.0385,-0.0632,0.9973,0,0.0062,19.525,-2.4818,1]},
{"frame":44,"values":[0.9981,0.0517,-0.034,0,-0.0495,0.9968,0.0633,0,0.0372,-0.0615,0.9974,0,0.0062,19.525,-2.4818,1]},
{"frame":45,"values":[0.9982,0.0508,-0.0328,0,-0.0487,0.9969,0.0615,0,0.0359,-0.0598,0.9976,0,0.0062,19.525,-2.4818,1]},
{"frame":46,"values":[0.9983,0.0498,-0.0317,0,-0.0479,0.9971,0.0597,0,0.0345,-0.0581,0.9977,0,0.0062,19.525,-2.4818,1]},
{"frame":47,"values":[0.9983,0.0489,-0.0305,0,-0.0471,0.9972,0.0579,0,0.0332,-0.0563,0.9979,0,0.0062,19.525,-2.4818,1]},
{"frame":48,"values":[0.9984,0.048,-0.0293,0,-0.0463,0.9974,0.056,0,0.0319,-0.0546,0.998,0,0.0062,19.525,-2.4818,1]},
{"frame":49,"values":[0.9985,0.0474,-0.0281,0,-0.0458,0.9975,0.0542,0,0.0306,-0.0529,0.9981,0,0.0062,19.525,-2.4818,1]},
{"frame":50,"values":[0.9985,0.0468,-0.0269,0,-0.0453,0.9976,0.0524,0,0.0293,-0.0511,0.9983,0,0.0062,19.525,-2.4818,1]},
{"frame":51,"values":[0.9986,0.0462,-0.0257,0,-0.0449,0.9977,0.0506,0,0.0279,-0.0494,0.9984,0,0.0062,19.525,-2.4818,1]},
{"frame":52,"values":[0.9987,0.0456,-0.0245,0,-0.0444,0.9978,0.0488,0,0.0266,-0.0476,0.9985,0,0.0062,19.525,-2.4818,1]},
{"frame":53,"values":[0.9987,0.0451,-0.0233,0,-0.0439,0.9979,0.0469,0,0.0253,-0.0459,0.9986,0,0.0062,19.525,-2.4818,1]},
{"frame":54,"values":[0.9988,0.0445,-0.0221,0,-0.0435,0.998,0.0451,0,0.024,-0.0441,0.9987,0,0.0062,19.525,-2.4818,1]},
{"frame":55,"values":[0.9988,0.0439,-0.0209,0,-0.0429,0.9981,0.0452,0,0.0228,-0.0442,0.9988,0,0.0062,19.525,-2.4818,1]},
{"frame":56,"values":[0.9988,0.0433,-0.0213,0,-0.0423,0.9981,0.0452,0,0.0232,-0.0442,0.9988,0,0.0062,19.525,-2.4818,1]},
{"frame":57,"values":[0.9989,0.0428,-0.0217,0,-0.0417,0.9981,0.045,0,0.0236,-0.0441,0.9988,0,0.0062,19.525,-2.4818,1]},
{"frame":58,"values":[0.9989,0.0422,-0.0221,0,-0.0411,0.9981,0.0449,0,0.024,-0.0439,0.9987,0,0.0062,19.525,-2.4818,1]},
{"frame":59,"values":[0.9989,0.0416,-0.0225,0,-0.0406,0.9982,0.0447,0,0.0243,-0.0437,0.9987,0,0.0062,19.525,-2.4818,1]},
{"frame":60,"values":[0.9989,0.041,-0.0229,0,-0.04,0.9982,0.0445,0,0.0247,-0.0436,0.9987,0,0.0062,19.525,-2.4818,1]},
{"frame":61,"values":[0.9989,0.0404,-0.0233,0,-0.0394,0.9982,0.0444,0,0.0251,-0.0434,0.9987,0,0.0062,19.525,-2.4818,1]},
{"frame":62,"values":[0.9989,0.0398,-0.0237,0,-0.0388,0.9983,0.0442,0,0.0254,-0.0432,0.9987,0,0.0062,19.525,-2.4818,1]},
{"frame":63,"values":[0.9989,0.0393,-0.0241,0,-0.0382,0.9983,0.044,0,0.0258,-0.0431,0.9987,0,0.0062,19.525,-2.4818,1]},
{"frame":64,"values":[0.9989,0.0397,-0.0245,0,-0.0385,0.9983,0.0445,0,0.0263,-0.0436,0.9987,0,0.0062,19.525,-2.4818,1]},
{"frame":65,"values":[0.9989,0.04,-0.0244,0,-0.0389,0.9982,0.0451,0,0.0262,-0.0441,0.9987,0,0.0062,19.525,-2.4818,1]},
{"frame":66,"values":[0.9989,0.0404,-0.0243,0,-0.0393,0.9982,0.0456,0,0.0261,-0.0446,0.9987,0,0.0062,19.525,-2.4818,1]},
{"frame":67,"values":[0.9989,0.0408,-0.0242,0,-0.0397,0.9981,0.0461,0,0.026,-0.0451,0.9986,0,0.0062,19.525,-2.4818,1]},
{"frame":68,"values":[0.9989,0.0412,-0.024,0,-0.04,0.9981,0.0467,0,0.0259,-0.0456,0.9986,0,0.0062,19.525,-2.4818,1]},
{"frame":69,"values":[0.9988,0.0416,-0.0239,0,-0.0404,0.9981,0.0472,0,0.0258,-0.0462,0.9986,0,0.0062,19.525,-2.4818,1]},
{"frame":70,"values":[0.9988,0.042,-0.0238,0,-0.0408,0.998,0.0477,0,0.0258,-0.0467,0.9986,0,0.0062,19.525,-2.4818,1]},
{"frame":71,"values":[0.9988,0.0423,-0.0237,0,-0.0412,0.998,0.0482,0,0.0257,-0.0472,0.9986,0,0.0062,19.525,-2.4818,1]},
{"frame":72,"values":[0.9988,0.0427,-0.0235,0,-0.0415,0.9979,0.0488,0,0.0256,-0.0477,0.9985,0,0.0062,19.525,-2.4818,1]},
{"frame":73,"values":[0.9988,0.0431,-0.0234,0,-0.0419,0.9979,0.0493,0,0.0255,-0.0482,0.9985,0,0.0062,19.525,-2.4818,1]},
{"frame":74,"values":[0.9988,0.0435,-0.0233,0,-0.0423,0.9979,0.0498,0,0.0254,-0.0488,0.9985,0,0.0062,19.525,-2.4818,1]},
{"frame":75,"values":[0.9988,0.0439,-0.0232,0,-0.0427,0.9978,0.0503,0,0.0253,-0.0493,0.9985,0,0.0062,19.525,-2.4818,1]},
{"frame":76,"values":[0.9988,0.0443,-0.023,0,-0.043,0.9978,0.0509,0,0.0252,-0.0498,0.9984,0,0.0062,19.525,-2.4818,1]},
{"frame":77,"values":[0.9988,0.0442,-0.0229,0,-0.043,0.9978,0.0514,0,0.0251,-0.0503,0.9984,0,0.0062,19.525,-2.4818,1]},
{"frame":78,"values":[0.9988,0.0442,-0.0228,0,-0.043,0.9977,0.0519,0,0.025,-0.0509,0.9984,0,0.0062,19.525,-2.4818,1]},
{"frame":79,"values":[0.9988,0.0442,-0.0229,0,-0.043,0.9977,0.0524,0,0.0252,-0.0514,0.9984,0,0.0062,19.525,-2.4818,1]},
{"frame":80,"values":[0.9988,0.0442,-0.023,0,-0.0429,0.9977,0.053,0,0.0253,-0.0519,0.9983,0,0.0062,19.525,-2.4818,1]},
{"frame":81,"values":[0.9988,0.0442,-0.0231,0,-0.0429,0.9976,0.0535,0,0.0254,-0.0524,0.9983,0,0.0062,19.525,-2.4818,1]},
{"frame":82,"values":[0.9988,0.0442,-0.0232,0,-0.0429,0.9976,0.054,0,0.0256,-0.0529,0.9983,0,0.0062,19.525,-2.4818,1]},
{"frame":83,"values":[0.9987,0.0442,-0.0234,0,-0.0429,0.9976,0.0545,0,0.0257,-0.0535,0.9982,0,0.0062,19.525,-2.4818,1]},
{"frame":84,"values":[0.9987,0.0443,-0.0235,0,-0.0429,0.9976,0.0551,0,0.0259,-0.054,0.9982,0,0.0062,19.525,-2.4818,1]},
{"frame":85,"values":[0.9987,0.0443,-0.0236,0,-0.043,0.9975,0.0556,0,0.026,-0.0545,0.9982,0,0.0062,19.525,-2.4818,1]},
{"frame":86,"values":[0.9987,0.0444,-0.0237,0,-0.043,0.9975,0.0561,0,0.0261,-0.055,0.9981,0,0.0062,19.525,-2.4818,1]},
{"frame":87,"values":[0.9987,0.0445,-0.0238,0,-0.0431,0.9975,0.0566,0,0.0263,-0.0555,0.9981,0,0.0062,19.525,-2.4818,1]},
{"frame":88,"values":[0.9987,0.0445,-0.0239,0,-0.0431,0.9974,0.0572,0,0.0264,-0.0561,0.9981,0,0.0062,19.525,-2.4818,1]},
{"frame":89,"values":[0.9987,0.0446,-0.024,0,-0.0431,0.9974,0.0577,0,0.0265,-0.0566,0.998,0,0.0062,19.525,-2.4818,1]},
{"frame":90,"values":[0.9987,0.0446,-0.024,0,-0.0432,0.9974,0.0582,0,0.0266,-0.0571,0.998,0,0.0062,19.525,-2.4818,1]},
{"frame":91,"values":[0.9987,0.0447,-0.024,0,-0.0432,0.9973,0.0587,0,0.0266,-0.0576,0.998,0,0.0062,19.525,-2.4818,1]},
{"frame":92,"values":[0.9987,0.0448,-0.024,0,-0.0433,0.9973,0.0588,0,0.0266,-0.0577,0.998,0,0.0062,19.525,-2.4818,1]}],"loopBehavior":1,"name":"anim","property":"_matrix"}},
{"name":"mixamorig:Spine1","index":2,"matrix":[0.9996,0.0271,-0.005,0,-0.027,0.9994,0.0202,0,0.0056,-0.0201,0.9998,0,-0.0009,22.835,-2.8254,1],"rest":[1,0,0,0,0,1,0,0,0,0,1,0,-0.0009,22.835,-2.8254,1],"parentBoneIndex":1,"length":26.7438
,"animation":{"dataType":3,"framePerSecond":24,"keys":[
{"frame":1,"values":[0.9996,0.0274,-0.0054,0,-0.0273,0.9994,0.0203,0,0.006,-0.0201,0.9998,0,-0.0009,22.835,-2.8254,1]},
{"frame":4,"values":[0.9996,0.0274,-0.0055,0,-0.0273,0.9994,0.0203,0,0.0061,-0.0201,0.9998,0,-0.0009,22.835,-2.8254,1]},
{"frame":5,"values":[0.9996,0.0277,-0.0057,0,-0.0275,0.9994,0.0203,0,0.0062,-0.0201,0.9998,0,-0.0009,22.835,-2.8254,1]},
{"frame":6,"values":[0.9996,0.0284,-0.006,0,-0.0283,0.9994,0.0203,0,0.0065,-0.0201,0.9998,0,-0.0009,22.835,-2.8254,1]},
{"frame":7,"values":[0.9996,0.0291,-0.0063,0,-0.029,0.9994,0.0203,0,0.0068,-0.0201,0.9998,0,-0.0009,22.835,-2.8254,1]},
{"frame":8,"values":[0.9995,0.0299,-0.0064,0,-0.0297,0.9994,0.0201,0,0.007,-0.02,0.9998,0,-0.0009,22.835,-2.8254,1]},
{"frame":9,"values":[0.9995,0.0306,-0.0064,0,-0.0305,0.9993,0.0195,0,0.007,-0.0193,0.9998,0,-0.0009,22.835,-2.8254,1]},
{"frame":10,"values":[0.9995,0.0313,-0.0064,0,-0.0312,0.9993,0.0183,0,0.0069,-0.0181,0.9998,0,-0.0009,22.835,-2.8254,1]},
{"frame":11,"values":[0.9995,0.0321,-0.0064,0,-0.032,0.9993,0.017,0,0.0069,-0.0168,0.9998,0,-0.0009,22.835,-2.8254,1]},
{"frame":12,"values":[0.9994,0.0328,-0.0067,0,-0.0327,0.9993,0.0157,0,0.0072,-0.0155,0.9999,0,-0.0009,22.835,-2.8254,1]},
{"frame":13,"values":[0.9994,0.0335,-0.0073,0,-0.0334,0.9993,0.0145,0,0.0078,-0.0142,0.9999,0,-0.0009,22.835,-2.8254,1]},
{"frame":14,"values":[0.9994,0.0343,-0.008,0,-0.0342,0.9993,0.0132,0,0.0085,-0.0129,0.9999,0,-0.0009,22.835,-2.8254,1]},
{"frame":15,"values":[0.9993,0.035,-0.0089,0,-0.0349,0.9993,0.0119,0,0.0094,-0.0116,0.9999,0,-0.0009,22.835,-2.8254,1]},
{"frame":16,"values":[0.9993,0.0357,-0.0102,0,-0.0356,0.9993,0.0106,0,0.0106,-0.0103,0.9999,0,-0.0009,22.835,-2.8254,1]},
{"frame":17,"values":[0.9993,0.0365,-0.0115,0,-0.0364,0.9993,0.0093,0,0.0118,-0.0089,0.9999,0,-0.0009,22.835,-2.8254,1]},
{"frame":18,"values":[0.9992,0.0372,-0.0127,0,-0.0371,0.9993,0.0081,0,0.013,-0.0076,0.9999,0,-0.0009,22.835,-2.8254,1]},
{"frame":19,"values":[0.9992,0.0379,-0.014,0,-0.0378,0.9993,0.0068,0,0.0142,-0.0063,0.9999,0,-0.0009,22.835,-2.8254,1]},
{"frame":20,"values":[0.9991,0.0387,-0.0153,0,-0.0386,0.9992,0.007,0,0.0155,-0.0064,0.9999,0,-0.0009,22.835,-2.8254,1]},
{"frame":21,"values":[0.9991,0.0394,-0.0165,0,-0.0393,0.9992,0.0072,0,0.0168,-0.0066,0.9998,0,-0.0009,22.835,-2.8254,1]},
{"frame":22,"values":[0.999,0.0401,-0.0178,0,-0.0401,0.9992,0.0032,0,0.0179,-0.0024,0.9998,0,-0.0009,22.835,-2.8254,1]},
{"frame":23,"values":[0.999,0.0409,-0.0191,0,-0.0409,0.9992,-0.0009,0,0.019,0.0017,0.9998,0,-0.0009,22.835,-2.8254,1]},
{"frame":24,"values":[0.999,0.0398,-0.0203,0,-0.0399,0.9992,-0.005,0,0.0201,0.0058,0.9998,0,-0.0009,22.835,-2.8254,1]},
{"frame":25,"values":[0.999,0.0387,-0.0216,0,-0.0389,0.9992,-0.0091,0,0.0212,0.0099,0.9997,0,-0.0009,22.835,-2.8254,1]},
{"frame":26,"values":[0.9991,0.0377,-0.021,0,-0.0379,0.9992,-0.0131,0,0.0205,0.0139,0.9997,0,-0.0009,22.835,-2.8254,1]},
{"frame":27,"values":[0.9991,0.0366,-0.0203,0,-0.037,0.9992,-0.0172,0,0.0197,0.0179,0.9996,0,-0.0009,22.835,-2.8254,1]},
{"frame":28,"values":[0.9991,0.0355,-0.0233,0,-0.036,0.9991,-0.0213,0,0.0225,0.0221,0.9995,0,-0.0009,22.835,-2.8254,1]},
{"frame":29,"values":[0.9991,0.0345,-0.0262,0,-0.0351,0.9991,-0.0254,0,0.0253,0.0263,0.9993,0,-0.0009,22.835,-2.8254,1]},
{"frame":30,"values":[0.999,0.0334,-0.0291,0,-0.0343,0.999,-0.0294,0,0.0281,0.0304,0.9991,0,-0.0009,22.835,-2.8254,1]},
{"frame":31,"values":[0.9991,0.0323,-0.0284,0,-0.0333,0.9989,-0.0335,0,0.0273,0.0344,0.999,0,-0.0009,22.835,-2.8254,1]},
{"frame":32,"values":[0.999,0.0337,-0.0277,0,-0.0345,0.9989,-0.0301,0,0.0266,0.031,0.9992,0,-0.0009,22.835,-2.8254,1]},
{"frame":33,"values":[0.999,0.0351,-0.027,0,-0.0358,0.999,-0.0267,0,0.026,0.0277,0.9993,0,-0.0009,22.835,-2.8254,1]},
{"frame":34,"values":[0.999,0.0365,-0.0262,0,-0.0371,0.999,-0.0234,0,0.0254,0.0243,0.9994,0,-0.0009,22.835,-2.8254,1]},
{"frame":35,"values":[0.999,0.0378,-0.0255,0,-0.0384,0.9991,-0.02,0,0.0247,0.0209,0.9995,0,-0.0009,22.835,-2.8254,1]},
{"frame":36,"values":[0.9989,0.0392,-0.0248,0,-0.0396,0.9991,-0.0166,0,0.0241,0.0176,0.9996,0,-0.0009,22.835,-2.8254,1]},
{"frame":37,"values":[0.9989,0.0406,-0.024,0,-0.0409,0.9991,-0.0132,0,0.0235,0.0142,0.9996,0,-0.0009,22.835,-2.8254,1]},
{"frame":38,"values":[0.9988,0.042,-0.0233,0,-0.0422,0.9991,-0.0099,0,0.0229,0.0108,0.9997,0,-0.0009,22.835,-2.8254,1]},
{"frame":39,"values":[0.9988,0.0433,-0.0225,0,-0.0435,0.999,-0.0065,0,0.0222,0.0074,0.9997,0,-0.0009,22.835,-2.8254,1]},
{"frame":40,"values":[0.9987,0.0447,-0.0232,0,-0.0448,0.999,-0.0031,0,0.0231,0.0041,0.9997,0,-0.0009,22.835,-2.8254,1]},
{"frame":41,"values":[0.9987,0.0461,-0.0239,0,-0.0461,0.9989,0.0003,0,0.0239,0.0008,0.9997,0,-0.0009,22.835,-2.8254,1]},
{"frame":42,"values":[0.9986,0.0474,-0.0246,0,-0.0474,0.9989,0.0037,0,0.0247,-0.0025,0.9997,0,-0.0009,22.835,-2.8254,1]},
{"frame":43,"values":[0.9986,0.0488,-0.0225,0,-0.0487,0.9988,0.007,0,0.0228,-0.0059,0.9997,0,-0.0009,22.835,-2.8254,1]},
{"frame":44,"values":[0.9986,0.0485,-0.0205,0,-0.0483,0.9988,0.0104,0,0.0209,-0.0094,0.9997,0,-0.0009,22.835,-2.8254,1]},
{"frame":45,"values":[0.9987,0.0482,-0.0184,0,-0.0479,0.9988,0.0138,0,0.019,-0.0129,0.9997,0,-0.0009,22.835,-2.8254,1]},
{"frame":46,"values":[0.9987,0.0478,-0.0164,0,-0.0476,0.9987,0.0172,0,0.0172,-0.0164,0.9997,0,-0.0009,22.835,-2.8254,1]},
{"frame":47,"values":[0.9988,0.0475,-0.0143,0,-0.0472,0.9987,0.0206,0,0.0153,-0.0199,0.9997,0,-0.0009,22.835,-2.8254,1]},
{"frame":48,"values":[0.9988,0.0479,-0.0123,0,-0.0476,0.9986,0.0239,0,0.0134,-0.0233,0.9996,0,-0.0009,22.835,-2.8254,1]},
{"frame":49,"values":[0.9988,0.0483,-0.0102,0,-0.048,0.9985,0.0273,0,0.0115,-0.0268,0.9996,0,-0.0009,22.835,-2.8254,1]},
{"frame":50,"values":[0.9988,0.0487,-0.0082,0,-0.0484,0.9984,0.0307,0,0.0096,-0.0303,0.9995,0,-0.0009,22.835,-2.8254,1]},
{"frame":51,"values":[0.9988,0.0478,-0.0061,0,-0.0475,0.9983,0.0341,0,0.0077,-0.0337,0.9994,0,-0.0009,22.835,-2.8254,1]},
{"frame":52,"values":[0.9989,0.0469,-0.004,0,-0.0467,0.9982,0.0374,0,0.0058,-0.0372,0.9993,0,-0.0009,22.835,-2.8254,1]},
{"frame":53,"values":[0.9989,0.0459,-0.002,0,-0.0458,0.9981,0.0408,0,0.0039,-0.0407,0.9992,0,-0.0009,22.835,-2.8254,1]},
{"frame":54,"values":[0.999,0.045,0,0,-0.045,0.998,0.0442,0,0.0019,-0.0442,0.999,0,-0.0009,22.835,-2.8254,1]},
{"frame":55,"values":[0.999,0.0441,0.0021,0,-0.0441,0.9979,0.0476,0,0,-0.0476,0.9989,0,-0.0009,22.835,-2.8254,1]},
{"frame":56,"values":[0.9991,0.0432,0.0015,0,-0.0432,0.9978,0.051,0,0.0007,-0.051,0.9987,0,-0.0009,22.835,-2.8254,1]},
{"frame":57,"values":[0.9991,0.0423,0.0009,0,-0.0422,0.9976,0.0543,0,0.0014,-0.0543,0.9985,0,-0.0009,22.835,-2.8254,1]},
{"frame":58,"values":[0.9991,0.0413,0.0002,0,-0.0413,0.9977,0.0533,0,0.002,-0.0533,0.9986,0,-0.0009,22.835,-2.8254,1]},
{"frame":59,"values":[0.9992,0.0404,-0.0004,0,-0.0404,0.9978,0.0523,0,0.0025,-0.0523,0.9986,0,-0.0009,22.835,-2.8254,1]},
{"frame":60,"values":[0.9992,0.0395,-0.001,0,-0.0394,0.9979,0.0513,0,0.003,-0.0513,0.9987,0,-0.0009,22.835,-2.8254,1]},
{"frame":61,"values":[0.9993,0.0386,-0.0016,0,-0.0385,0.998,0.0503,0,0.0036,-0.0502,0.9987,0,-0.0009,22.835,-2.8254,1]},
{"frame":62,"values":[0.9993,0.0377,-0.0022,0,-0.0375,0.9981,0.0493,0,0.0041,-0.0492,0.9988,0,-0.0009,22.835,-2.8254,1]},
{"frame":63,"values":[0.9993,0.0368,-0.0028,0,-0.0366,0.9982,0.0483,0,0.0046,-0.0482,0.9988,0,-0.0009,22.835,-2.8254,1]},
{"frame":64,"values":[0.9994,0.0358,-0.0035,0,-0.0356,0.9982,0.0473,0,0.0051,-0.0472,0.9989,0,-0.0009,22.835,-2.8254,1]},
{"frame":65,"values":[0.9994,0.0349,-0.0041,0,-0.0347,0.9983,0.0463,0,0.0057,-0.0461,0.9989,0,-0.0009,22.835,-2.8254,1]},
{"frame":66,"values":[0.9994,0.034,-0.0039,0,-0.0338,0.9984,0.0453,0,0.0054,-0.0451,0.999,0,-0.0009,22.835,-2.8254,1]},
{"frame":67,"values":[0.9994,0.0342,-0.0037,0,-0.034,0.9984,0.0443,0,0.0052,-0.0441,0.999,0,-0.0009,22.835,-2.8254,1]},
{"frame":68,"values":[0.9994,0.0343,-0.0035,0,-0.0341,0.9985,0.0433,0,0.005,-0.0432,0.9991,0,-0.0009,22.835,-2.8254,1]},
{"frame":69,"values":[0.9994,0.0345,-0.0033,0,-0.0343,0.9985,0.0423,0,0.0048,-0.0422,0.9991,0,-0.0009,22.835,-2.8254,1]},
{"frame":70,"values":[0.9994,0.0346,-0.0031,0,-0.0344,0.9986,0.0413,0,0.0046,-0.0412,0.9991,0,-0.0009,22.835,-2.8254,1]},
{"frame":71,"values":[0.9994,0.0348,-0.003,0,-0.0346,0.9986,0.0403,0,0.0044,-0.0402,0.9992,0,-0.0009,22.835,-2.8254,1]},
{"frame":72,"values":[0.9994,0.0349,-0.0028,0,-0.0348,0.9986,0.0393,0,0.0041,-0.0392,0.9992,0,-0.0009,22.835,-2.8254,1]},
{"frame":73,"values":[0.9994,0.0345,-0.0026,0,-0.0344,0.9987,0.0383,0,0.0039,-0.0382,0.9993,0,-0.0009,22.835,-2.8254,1]},
{"frame":74,"values":[0.9994,0.0341,-0.0024,0,-0.034,0.9987,0.0373,0,0.0037,-0.0372,0.9993,0,-0.0009,22.835,-2.8254,1]},
{"frame":75,"values":[0.9994,0.0337,-0.0022,0,-0.0336,0.9988,0.0363,0,0.0034,-0.0362,0.9993,0,-0.0009,22.835,-2.8254,1]},
{"frame":76,"values":[0.9994,0.0333,-0.002,0,-0.0332,0.9988,0.0353,0,0.0032,-0.0352,0.9994,0,-0.0009,22.835,-2.8254,1]},
{"frame":77,"values":[0.9995,0.0329,-0.0022,0,-0.0328,0.9989,0.0343,0,0.0034,-0.0342,0.9994,0,-0.0009,22.835,-2.8254,1]},
{"frame":78,"values":[0.9995,0.0324,-0.0024,0,-0.0323,0.9989,0.0333,0,0.0035,-0.0332,0.9994,0,-0.0009,22.835,-2.8254,1]},
{"frame":79,"values":[0.9995,0.032,-0.0026,0,-0.0319,0.999,0.0323,0,0.0037,-0.0322,0.9995,0,-0.0009,22.835,-2.8254,1]},
{"frame":80,"values":[0.9995,0.0316,-0.0028,0,-0.0315,0.999,0.0312,0,0.0038,-0.0311,0.9995,0,-0.0009,22.835,-2.8254,1]},
{"frame":81,"values":[0.9995,0.0312,-0.003,0,-0.0311,0.9991,0.0302,0,0.004,-0.0301,0.9995,0,-0.0009,22.835,-2.8254,1]},
{"frame":82,"values":[0.9995,0.0308,-0.0032,0,-0.0307,0.9991,0.0292,0,0.0041,-0.0291,0.9996,0,-0.0009,22.835,-2.8254,1]},
{"frame":83,"values":[0.9995,0.0304,-0.0034,0,-0.0303,0.9991,0.0282,0,0.0043,-0.0281,0.9996,0,-0.0009,22.835,-2.8254,1]},
{"frame":84,"values":[0.9995,0.03,-0.0036,0,-0.0299,0.9992,0.0272,0,0.0045,-0.0271,0.9996,0,-0.0009,22.835,-2.8254,1]},
{"frame":85,"values":[0.9996,0.0296,-0.0038,0,-0.0295,0.9992,0.0262,0,0.0046,-0.0261,0.9996,0,-0.0009,22.835,-2.8254,1]},
{"frame":86,"values":[0.9996,0.0292,-0.004,0,-0.029,0.9993,0.0252,0,0.0048,-0.0251,0.9997,0,-0.0009,22.835,-2.8254,1]},
{"frame":87,"values":[0.9996,0.0287,-0.0042,0,-0.0286,0.9993,0.0242,0,0.0049,-0.0241,0.9997,0,-0.0009,22.835,-2.8254,1]},
{"frame":88,"values":[0.9996,0.0283,-0.0044,0,-0.0282,0.9993,0.0232,0,0.0051,-0.0231,0.9997,0,-0.0009,22.835,-2.8254,1]},
{"frame":89,"values":[0.9996,0.0279,-0.0046,0,-0.0278,0.9994,0.0222,0,0.0053,-0.0221,0.9997,0,-0.0009,22.835,-2.8254,1]},
{"frame":90,"values":[0.9996,0.0275,-0.0048,0,-0.0274,0.9994,0.0212,0,0.0054,-0.0211,0.9998,0,-0.0009,22.835,-2.8254,1]},
{"frame":91,"values":[0.9996,0.0271,-0.005,0,-0.027,0.9994,0.0202,0,0.0056,-0.0201,0.9998,0,-0.0009,22.835,-2.8254,1]},
{"frame":92,"values":[0.9996,0.0271,-0.005,0,-0.027,0.9994,0.0202,0,0.0056,-0.0201,0.9998,0,-0.0009,22.835,-2.8254,1]}],"loopBehavior":1,"name":"anim","property":"_matrix"}},
{"name":"mixamorig:Spine2","index":3,"matrix":[0.9996,0.0272,-0.0055,0,-0.0271,0.9994,0.0197,0,0.006,-0.0196,0.9998,0,-0.0206,26.5525,-3.1933,1],"rest":[1,0,0,0,0,1,0,0,0,0,1,0,-0.0206,26.5525,-3.1933,1],"parentBoneIndex":2,"length":24.825
,"animation":{"dataType":3,"framePerSecond":24,"keys":[
{"frame":1,"values":[0.9996,0.0273,-0.0059,0,-0.0272,0.9994,0.0198,0,0.0065,-0.0196,0.9998,0,-0.0206,26.5524,-3.1933,1]},
{"frame":2,"values":[0.9996,0.0273,-0.0059,0,-0.0272,0.9994,0.0198,0,0.0065,-0.0196,0.9998,0,-0.0206,26.5525,-3.1933,1]},
{"frame":3,"values":[0.9996,0.0274,-0.0059,0,-0.0272,0.9994,0.0198,0,0.0065,-0.0196,0.9998,0,-0.0206,26.5525,-3.1933,1]},
{"frame":4,"values":[0.9996,0.0275,-0.006,0,-0.0274,0.9994,0.0198,0,0.0065,-0.0196,0.9998,0,-0.0206,26.5525,-3.1933,1]},
{"frame":5,"values":[0.9996,0.0278,-0.0061,0,-0.0276,0.9994,0.0198,0,0.0067,-0.0196,0.9998,0,-0.0206,26.5525,-3.1933,1]},
{"frame":6,"values":[0.9996,0.0281,-0.0064,0,-0.0279,0.9994,0.0198,0,0.0069,-0.0196,0.9998,0,-0.0206,26.5525,-3.1933,1]},
{"frame":7,"values":[0.9996,0.0284,-0.0067,0,-0.0283,0.9994,0.0198,0,0.0072,-0.0196,0.9998,0,-0.0206,26.5525,-3.1933,1]},
{"frame":8,"values":[0.9996,0.0289,-0.0068,0,-0.0288,0.9994,0.0197,0,0.0074,-0.0195,0.9998,0,-0.0206,26.5525,-3.1933,1]},
{"frame":9,"values":[0.9995,0.0296,-0.0068,0,-0.0295,0.9994,0.019,0,0.0074,-0.0188,0.9998,0,-0.0206,26.5525,-3.1933,1]},
{"frame":10,"values":[0.9995,0.0304,-0.0068,0,-0.0303,0.9994,0.0178,0,0.0073,-0.0176,0.9998,0,-0.0206,26.5525,-3.1933,1]},
{"frame":11,"values":[0.9995,0.0312,-0.0068,0,-0.0311,0.9994,0.0166,0,0.0073,-0.0163,0.9998,0,-0.0206,26.5525,-3.1933,1]},
{"frame":12,"values":[0.9995,0.0322,-0.0071,0,-0.0321,0.9994,0.0153,0,0.0076,-0.015,0.9999,0,-0.0206,26.5525,-3.1933,1]},
{"frame":13,"values":[0.9994,0.0335,-0.0076,0,-0.0333,0.9993,0.014,0,0.0081,-0.0137,0.9999,0,-0.0206,26.5525,-3.1933,1]},
{"frame":14,"values":[0.9994,0.0347,-0.0084,0,-0.0346,0.9993,0.0127,0,0.0088,-0.0124,0.9999,0,-0.0206,26.5525,-3.1933,1]},
{"frame":15,"values":[0.9993,0.036,-0.0092,0,-0.0359,0.9993,0.0115,0,0.0096,-0.0111,0.9999,0,-0.0206,26.5525,-3.1933,1]},
{"frame":16,"values":[0.9993,0.0372,-0.0103,0,-0.0371,0.9993,0.0102,0,0.0107,-0.0098,0.9999,0,-0.0206,26.5525,-3.1933,1]},
{"frame":17,"values":[0.9992,0.0385,-0.0115,0,-0.0384,0.9992,0.0089,0,0.0118,-0.0085,0.9999,0,-0.0206,26.5525,-3.1933,1]},
{"frame":18,"values":[0.9991,0.0398,-0.0126,0,-0.0397,0.9992,0.0077,0,0.0129,-0.0071,0.9999,0,-0.0206,26.5525,-3.1933,1]},
{"frame":19,"values":[0.9991,0.041,-0.0137,0,-0.0409,0.9991,0.0064,0,0.014,-0.0058,0.9999,0,-0.0206,26.5525,-3.1933,1]},
{"frame":20,"values":[0.999,0.0423,-0.015,0,-0.0421,0.9991,0.0094,0,0.0154,-0.0087,0.9998,0,-0.0206,26.5525,-3.1933,1]},
{"frame":21,"values":[0.9989,0.0435,-0.0162,0,-0.0433,0.999,0.0124,0,0.0168,-0.0117,0.9998,0,-0.0206,26.5525,-3.1933,1]},
{"frame":22,"values":[0.9988,0.0448,-0.0175,0,-0.0445,0.9989,0.0154,0,0.0182,-0.0146,0.9997,0,-0.0206,26.5525,-3.1933,1]},
{"frame":23,"values":[0.9988,0.0461,-0.0188,0,-0.0457,0.9988,0.0184,0,0.0196,-0.0175,0.9997,0,-0.0206,26.5525,-3.1933,1]},
{"frame":24,"values":[0.9987,0.0473,-0.02,0,-0.0469,0.9987,0.0214,0,0.021,-0.0205,0.9996,0,-0.0206,26.5525,-3.1933,1]},
{"frame":25,"values":[0.9986,0.0486,-0.0213,0,-0.0481,0.9985,0.0245,0,0.0224,-0.0234,0.9995,0,-0.0206,26.5525,-3.1933,1]},
{"frame":26,"values":[0.9985,0.0499,-0.0204,0,-0.0493,0.9984,0.0275,0,0.0217,-0.0264,0.9994,0,-0.0206,26.5525,-3.1933,1]},
{"frame":27,"values":[0.9985,0.0511,-0.0195,0,-0.0505,0.9983,0.0305,0,0.021,-0.0294,0.9993,0,-0.0206,26.5525,-3.1933,1]},
{"frame":28,"values":[0.9984,0.0524,-0.0225,0,-0.0518,0.9983,0.0262,0,0.0238,-0.025,0.9994,0,-0.0206,26.5525,-3.1933,1]},
{"frame":29,"values":[0.9984,0.0505,-0.0255,0,-0.05,0.9985,0.0219,0,0.0266,-0.0206,0.9994,0,-0.0206,26.5525,-3.1933,1]},
{"frame":30,"values":[0.9984,0.0487,-0.0286,0,-0.0482,0.9987,0.0176,0,0.0294,-0.0162,0.9994,0,-0.0206,26.5525,-3.1933,1]},
{"frame":31,"values":[0.9985,0.0468,-0.0279,0,-0.0465,0.9988,0.0133,0,0.0285,-0.012,0.9995,0,-0.0206,26.5525,-3.1933,1]},
{"frame":32,"values":[0.9986,0.045,-0.0273,0,-0.0447,0.999,0.009,0,0.0277,-0.0077,0.9996,0,-0.0206,26.5525,-3.1933,1]},
{"frame":33,"values":[0.9987,0.0431,-0.0266,0,-0.043,0.9991,0.0047,0,0.0268,-0.0035,0.9996,0,-0.0206,26.5525,-3.1933,1]},
{"frame":34,"values":[0.9988,0.0413,-0.0267,0,-0.0413,0.9991,0.0004,0,0.0267,0.0007,0.9996,0,-0.0206,26.5525,-3.1933,1]},
{"frame":35,"values":[0.9988,0.0421,-0.0259,0,-0.0421,0.9991,0.0022,0,0.026,-0.0011,0.9997,0,-0.0206,26.5525,-3.1933,1]},
{"frame":36,"values":[0.9988,0.043,-0.0251,0,-0.0429,0.9991,0.004,0,0.0253,-0.0029,0.9997,0,-0.0206,26.5525,-3.1933,1]},
{"frame":37,"values":[0.9987,0.0439,-0.0243,0,-0.0437,0.999,0.0058,0,0.0245,-0.0048,0.9997,0,-0.0206,26.5525,-3.1933,1]},
