{"producer":{"name":"Blender","version":"2.79 (sub 0)","exporter_version":"5.6.4","file":"formalbowgesture.babylon"},
"autoClear":true,"clearColor":[0.0509,0.0509,0.0509],"ambientColor":[0,0,0],"gravity":[0,-9.81,0],
"materials":[{"name":"formalbowgesture.Material","id":"formalbowgesture.Material","ambient":[0,0,0],"diffuse":[0,0,0],"specular":[0,0,0],"emissive":[0,0,0],"specularPower":50,"alpha":0.001,"backFaceCulling":true,"checkReadyOnlyOnce":false,"maxSimultaneousLights":4}],
"multiMaterials":[],
"skeletons":[{"name":"Armature","id":0,"dimensionsAtRest":[379.1952,391.6652,55.677],"bones":[
{"name":"mixamorig:Hips","index":0,"matrix":[0.9992,-0.0117,0.0382,0,0.0116,0.9999,0.0008,0,0.0382,0.0003,-0.9993,0,-0.0332,201.664,0.1342,1],"rest":[1,0,0,0,0,1,0,0,0,0,-1,0,0,201.6394,0,1],"parentBoneIndex":-1,"length":21.6784
,"animation":{"dataType":3,"framePerSecond":24,"keys":[
{"frame":1,"values":[0.9992,-0.0119,0.0384,0,0.0118,0.9999,0.0007,0,0.0384,0.0002,-0.9993,0,-0.0317,201.6641,0.1336,1]},
{"frame":2,"values":[0.9992,-0.0118,0.0384,0,0.0117,0.9999,0.0011,0,0.0384,0.0007,-0.9993,0,-0.0394,201.6528,0.1471,1]},
{"frame":3,"values":[0.9992,-0.0117,0.0384,0,0.0117,0.9999,0.0019,0,0.0384,0.0014,-0.9993,0,-0.057,201.6414,0.1816,1]},
{"frame":4,"values":[0.9992,-0.0117,0.0386,0,0.0116,0.9999,0.0028,0,0.0386,0.0023,-0.9993,0,-0.0835,201.629,0.242,1]},
{"frame":5,"values":[0.9992,-0.0118,0.0388,0,0.0116,0.9999,0.0037,0,0.0389,0.0032,-0.9992,0,-0.1141,201.6158,0.3306,1]},
{"frame":6,"values":[0.9992,-0.0119,0.0391,0,0.0117,0.9999,0.0045,0,0.0391,0.004,-0.9992,0,-0.1462,201.6016,0.9169,1]},
{"frame":7,"values":[0.9992,-0.012,0.0394,0,0.0118,0.9999,0.005,0,0.0394,0.0045,-0.9992,0,-0.1771,201.5864,1.5032,1]},
{"frame":8,"values":[0.9991,-0.0121,0.0397,0,0.0119,0.9999,0.005,0,0.0397,0.0045,-0.9992,0,-0.2043,201.5698,2.0895,1]},
{"frame":9,"values":[0.9991,-0.0122,0.0399,0,0.0124,0.9999,-0.0048,0,0.0399,-0.0053,-0.9992,0,-0.2134,201.5529,2.6758,1]},
{"frame":10,"values":[0.9991,-0.0122,0.0412,0,0.0128,0.9998,-0.0145,0,0.041,-0.015,-0.999,0,-0.2224,201.5346,3.2621,1]},
{"frame":11,"values":[0.999,-0.0123,0.0425,0,0.0133,0.9996,-0.0243,0,0.0421,-0.0248,-0.9988,0,-0.2315,201.5113,3.8484,1]},
{"frame":12,"values":[0.999,-0.0122,0.0437,0,0.0137,0.9993,-0.034,0,0.0433,-0.0346,-0.9985,0,-0.2145,201.4627,4.4347,1]},
{"frame":13,"values":[0.9989,-0.0116,0.045,0,0.0136,0.999,-0.0437,0,0.0444,-0.0443,-0.998,0,-0.1976,201.414,5.021,1]},
{"frame":14,"values":[0.9989,-0.0092,0.0463,0,0.0116,0.9985,-0.0535,0,0.0457,-0.054,-0.9975,0,-0.1807,201.3654,5.6073,1]},
{"frame":15,"values":[0.9988,-0.0067,0.0475,0,0.0097,0.998,-0.0632,0,0.047,-0.0636,-0.9969,0,-0.1638,201.3167,6.1936,1]},
{"frame":16,"values":[0.9988,-0.0043,0.0488,0,0.0079,0.9973,-0.0729,0,0.0483,-0.0732,-0.9961,0,-0.1971,201.2681,6.7799,1]},
{"frame":17,"values":[0.9987,-0.0045,0.0501,0,0.0087,0.9965,-0.0826,0,0.0495,-0.083,-0.9953,0,-0.2305,201.2194,7.3662,1]},
{"frame":18,"values":[0.9987,-0.0047,0.0513,0,0.0095,0.9957,-0.0923,0,0.0507,-0.0927,-0.9944,0,-0.2638,201.1707,7.9525,1]},
{"frame":19,"values":[0.9986,-0.0034,0.0526,0,0.0088,0.9947,-0.102,0,0.052,-0.1023,-0.9934,0,-0.2971,201.1221,8.5388,1]},
{"frame":20,"values":[0.9985,-0.002,0.0539,0,0.008,0.9937,-0.1117,0,0.0533,-0.112,-0.9923,0,-0.3305,201.0734,9.1251,1]},
{"frame":21,"values":[0.9985,-0.0006,0.0551,0,0.0073,0.9926,-0.1214,0,0.0546,-0.1216,-0.9911,0,-0.3638,201.0248,9.7114,1]},
{"frame":22,"values":[0.9984,0.0007,0.0564,0,0.0059,0.993,-0.1176,0,0.0561,-0.1178,-0.9915,0,-0.3971,201.0674,9.4986,1]},
{"frame":23,"values":[0.9983,0.0021,0.0576,0,0.0045,0.9935,-0.1139,0,0.0575,-0.114,-0.9918,0,-0.4305,201.11,9.2858,1]},
{"frame":24,"values":[0.9983,0.0035,0.0589,0,0.0031,0.9939,-0.1102,0,0.0589,-0.1101,-0.9922,0,-0.4638,201.1526,9.0729,1]},
{"frame":25,"values":[0.9984,0.0048,0.0561,0,0.0012,0.9943,-0.1064,0,0.0563,-0.1063,-0.9927,0,-0.4971,201.1953,8.8601,1]},
{"frame":26,"values":[0.9986,0.0062,0.0532,0,-0.0007,0.9947,-0.1027,0,0.0536,-0.1025,-0.9933,0,-0.5305,201.2379,8.6473,1]},
{"frame":27,"values":[0.9987,0.0062,0.0504,0,-0.0011,0.9951,-0.099,0,0.0507,-0.0988,-0.9938,0,-0.5638,201.2805,8.4345,1]},
{"frame":28,"values":[0.9988,0.007,0.0475,0,-0.0024,0.9955,-0.0953,0,0.048,-0.095,-0.9943,0,-0.5971,201.3231,8.2216,1]},
{"frame":29,"values":[0.999,0.0078,0.0447,0,-0.0037,0.9958,-0.0915,0,0.0452,-0.0913,-0.9948,0,-0.5115,201.3658,8.0088,1]},
{"frame":30,"values":[0.9991,0.0068,0.0418,0,-0.0031,0.9961,-0.0878,0,0.0423,-0.0876,-0.9953,0,-0.426,201.4084,7.796,1]},
{"frame":31,"values":[0.9992,0.0059,0.039,0,-0.0026,0.9965,-0.084,0,0.0394,-0.0839,-0.9957,0,-0.3404,201.451,7.5831,1]},
{"frame":32,"values":[0.9993,0.005,0.0361,0,-0.0021,0.9968,-0.0803,0,0.0364,-0.0802,-0.9961,0,-0.2548,201.4936,7.3703,1]},
{"frame":33,"values":[0.9994,0.0041,0.0333,0,-0.0015,0.9971,-0.0766,0,0.0335,-0.0765,-0.9965,0,-0.1692,201.5362,7.1575,1]},
{"frame":34,"values":[0.9995,0.0032,0.0304,0,-0.0009,0.9973,-0.0728,0,0.0306,-0.0728,-0.9969,0,-0.0837,201.5789,6.9446,1]},
{"frame":35,"values":[0.9996,0.0022,0.0276,0,-0.0003,0.9976,-0.0691,0,0.0277,-0.069,-0.9972,0,0.0019,201.5689,6.7318,1]},
{"frame":36,"values":[0.9997,0.0013,0.0247,0,0.0003,0.9979,-0.0653,0,0.0248,-0.0653,-0.9976,0,0.0875,201.5589,6.519,1]},
{"frame":37,"values":[0.9998,0.0004,0.0219,0,0.001,0.9981,-0.0616,0,0.0219,-0.0616,-0.9979,0,0.1731,201.5489,6.3062,1]},
{"frame":38,"values":[0.9998,-0.0006,0.019,0,0.0017,0.9983,-0.0578,0,0.019,-0.0578,-0.9981,0,0.2586,201.5389,6.0933,1]},
{"frame":39,"values":[0.9999,-0.0015,0.0162,0,0.0024,0.9985,-0.054,0,0.0161,-0.0541,-0.9984,0,0.3442,201.5427,5.8805,1]},
{"frame":40,"values":[0.9999,-0.0024,0.0166,0,0.0032,0.9987,-0.0503,0,0.0165,-0.0503,-0.9986,0,0.4298,201.5466,5.6677,1]},
{"frame":41,"values":[0.9998,-0.0033,0.0171,0,0.0041,0.9989,-0.0465,0,0.0169,-0.0466,-0.9988,0,0.5154,201.5504,5.4548,1]},
{"frame":42,"values":[0.9998,-0.0043,0.0175,0,0.005,0.9991,-0.0428,0,0.0173,-0.0428,-0.9989,0,0.6009,201.546,5.242,1]},
{"frame":43,"values":[0.9998,-0.0052,0.0179,0,0.0059,0.9992,-0.039,0,0.0177,-0.0391,-0.9991,0,0.6865,201.5416,5.0292,1]},
{"frame":44,"values":[0.9998,-0.0061,0.0184,0,0.0068,0.9994,-0.0352,0,0.0181,-0.0354,-0.9992,0,0.7721,201.5373,4.8163,1]},
{"frame":45,"values":[0.9998,-0.0071,0.0171,0,0.0076,0.9995,-0.0315,0,0.0169,-0.0316,-0.9994,0,0.8577,201.5442,4.6035,1]},
{"frame":46,"values":[0.9998,-0.008,0.0159,0,0.0084,0.9996,-0.0277,0,0.0157,-0.0278,-0.9995,0,0.9432,201.5512,4.3907,1]},
{"frame":47,"values":[0.9999,-0.0089,0.0147,0,0.0093,0.9997,-0.0239,0,0.0145,-0.0241,-0.9996,0,1.0288,201.5581,4.1779,1]},
{"frame":48,"values":[0.9999,-0.0098,0.0135,0,0.0101,0.9997,-0.0202,0,0.0133,-0.0203,-0.9997,0,1.1144,201.565,3.965,1]},
{"frame":49,"values":[0.9999,-0.0108,0.0122,0,0.011,0.9998,-0.0164,0,0.012,-0.0166,-0.9998,0,1.2,201.572,3.7522,1]},
{"frame":50,"values":[0.9999,-0.0117,0.011,0,0.0118,0.9998,-0.0127,0,0.0108,-0.0128,-0.9999,0,1.2856,201.5789,3.5394,1]},
{"frame":51,"values":[0.9998,-0.0126,0.0127,0,0.0127,0.9999,-0.0089,0,0.0126,-0.0091,-0.9999,0,1.3711,201.5858,3.3265,1]},
{"frame":52,"values":[0.9998,-0.0135,0.0144,0,0.0136,0.9999,-0.0051,0,0.0143,-0.0053,-0.9999,0,1.2785,201.5928,3.1137,1]},
{"frame":53,"values":[0.9998,-0.0145,0.016,0,0.0145,0.9999,-0.0014,0,0.016,-0.0016,-0.9999,0,1.1858,201.5997,2.9009,1]},
{"frame":54,"values":[0.9997,-0.0142,0.0177,0,0.0142,0.9999,0.0024,0,0.0178,0.0022,-0.9998,0,1.0932,201.6066,2.688,1]},
{"frame":55,"values":[0.9997,-0.014,0.0194,0,0.0139,0.9999,0.0062,0,0.0195,0.0059,-0.9998,0,1.0005,201.6135,2.4752,1]},
{"frame":56,"values":[0.9997,-0.0137,0.0211,0,0.0136,0.9999,0.0057,0,0.0212,0.0054,-0.9998,0,0.9079,201.6205,2.2624,1]},
{"frame":57,"values":[0.9996,-0.0135,0.0228,0,0.0134,0.9999,0.0052,0,0.0228,0.0049,-0.9997,0,0.8152,201.6274,2.0495,1]},
{"frame":58,"values":[0.9996,-0.0133,0.0245,0,0.0132,0.9999,0.0047,0,0.0245,0.0044,-0.9997,0,0.7226,201.6252,1.8367,1]},
{"frame":59,"values":[0.9996,-0.013,0.0262,0,0.0129,0.9999,0.0042,0,0.0262,0.0039,-0.9996,0,0.6299,201.6291,1.6239,1]},
{"frame":60,"values":[0.9995,-0.0128,0.0278,0,0.0127,0.9999,0.0037,0,0.0279,0.0034,-0.9996,0,0.5373,201.633,1.4111,1]},
{"frame":61,"values":[0.9995,-0.0126,0.0295,0,0.0125,0.9999,0.0032,0,0.0296,0.0029,-0.9996,0,0.4446,201.6369,1.1982,1]},
{"frame":62,"values":[0.9994,-0.0123,0.0312,0,0.0122,0.9999,0.0028,0,0.0312,0.0024,-0.9995,0,0.352,201.6408,0.9854,1]},
{"frame":63,"values":[0.9994,-0.0121,0.0329,0,0.012,0.9999,0.0023,0,0.0329,0.0019,-0.9995,0,0.2593,201.6447,0.7726,1]},
{"frame":64,"values":[0.9993,-0.0118,0.0346,0,0.0118,0.9999,0.0018,0,0.0346,0.0014,-0.9994,0,0.1667,201.6486,0.5597,1]},
{"frame":65,"values":[0.9993,-0.0116,0.0363,0,0.0116,0.9999,0.0013,0,0.0363,0.0009,-0.9993,0,0.074,201.6525,0.3469,1]},
{"frame":66,"values":[0.9992,-0.0116,0.0379,0,0.0116,0.9999,0.0008,0,0.038,0.0004,-0.9993,0,-0.0186,201.6564,0.1341,1]},
{"frame":67,"values":[0.9992,-0.0117,0.0382,0,0.0116,0.9999,0.0008,0,0.0382,0.0003,-0.9993,0,-0.0332,201.664,0.1342,1]}],"loopBehavior":1,"name":"anim","property":"_matrix"}},
{"name":"mixamorig:Spine","index":1,"matrix":[0.9999,-0.0125,-0.0102,0,0.0125,0.9999,0.0056,0,0.0101,-0.0057,0.9999,0,0.0062,19.525,-2.4818,1],"rest":[1,0,0,0,0,1,0,0,0,0,1,0,0.0062,19.525,-2.4818,1],"parentBoneIndex":0,"length":23.0091
,"animation":{"dataType":3,"framePerSecond":24,"keys":[
{"frame":1,"values":[0.9999,-0.0124,-0.0102,0,0.0125,0.9999,0.0056,0,0.0101,-0.0057,0.9999,0,0.0062,19.525,-2.4818,1]},
{"frame":2,"values":[0.9999,-0.0128,-0.0111,0,0.0129,0.9999,0.0059,0,0.011,-0.006,0.9999,0,0.0062,19.525,-2.4818,1]},
{"frame":3,"values":[0.9998,-0.0133,-0.0123,0,0.0134,0.9999,0.0069,0,0.0122,-0.0071,0.9999,0,0.0062,19.525,-2.4818,1]},
{"frame":4,"values":[0.9998,-0.0138,-0.0137,0,0.014,0.9999,0.01,0,0.0136,-0.0102,0.9999,0,0.0062,19.525,-2.4818,1]},
{"frame":5,"values":[0.9998,-0.0143,-0.015,0,0.0145,0.9998,0.015,0,0.0148,-0.0153,0.9998,0,0.0062,19.525,-2.4818,1]},
{"frame":6,"values":[0.9998,-0.0146,-0.015,0,0.0149,0.9997,0.0192,0,0.0147,-0.0194,0.9997,0,0.0062,19.525,-2.4818,1]},
{"frame":7,"values":[0.9998,-0.0149,-0.0144,0,0.0153,0.9994,0.03,0,0.0139,-0.0302,0.9994,0,0.0062,19.525,-2.4818,1]},
{"frame":8,"values":[0.9998,-0.0153,-0.0142,0,0.0158,0.999,0.0408,0,0.0136,-0.0411,0.9991,0,0.0062,19.525,-2.4818,1]},
{"frame":9,"values":[0.9998,-0.0153,-0.0128,0,0.0159,0.9985,0.0516,0,0.0119,-0.0518,0.9986,0,0.0062,19.525,-2.4818,1]},
{"frame":10,"values":[0.9998,-0.0153,-0.0113,0,0.016,0.9979,0.0624,0,0.0103,-0.0626,0.998,0,0.0062,19.525,-2.4818,1]},
{"frame":11,"values":[0.9998,-0.0173,-0.0098,0,0.018,0.9972,0.0732,0,0.0085,-0.0734,0.9973,0,0.0062,19.525,-2.4818,1]},
{"frame":12,"values":[0.9998,-0.0194,-0.0084,0,0.0201,0.9963,0.084,0,0.0067,-0.0841,0.9964,0,0.0062,19.525,-2.4818,1]},
{"frame":13,"values":[0.9997,-0.0215,-0.0069,0,0.0221,0.9953,0.0948,0,0.0048,-0.0949,0.9955,0,0.0062,19.525,-2.4818,1]},
{"frame":14,"values":[0.9997,-0.0236,-0.0055,0,0.0241,0.9941,0.1055,0,0.003,-0.1056,0.9944,0,0.0062,19.525,-2.4818,1]},
{"frame":15,"values":[0.9997,-0.0258,-0.0041,0,0.0261,0.9929,0.1163,0,0.0011,-0.1163,0.9932,0,0.0062,19.525,-2.4818,1]},
{"frame":16,"values":[0.9996,-0.0278,-0.0007,0,0.0277,0.9915,0.127,0,-0.0029,-0.127,0.9919,0,0.0062,19.525,-2.4818,1]},
{"frame":17,"values":[0.9995,-0.0299,0.0027,0,0.0293,0.99,0.1377,0,-0.0068,-0.1376,0.9905,0,0.0062,19.525,-2.4818,1]},
{"frame":18,"values":[0.9995,-0.032,0.0049,0,0.031,0.9884,0.1484,0,-0.0096,-0.1482,0.9889,0,0.0062,19.525,-2.4818,1]},
{"frame":19,"values":[0.9994,-0.0341,0.0059,0,0.0328,0.9867,0.1591,0,-0.0113,-0.1588,0.9872,0,0.0062,19.525,-2.4818,1]},
{"frame":20,"values":[0.9993,-0.0362,0.0059,0,0.0347,0.9849,0.1698,0,-0.012,-0.1695,0.9855,0,0.0062,19.525,-2.4818,1]},
{"frame":21,"values":[0.9992,-0.0383,0.0059,0,0.0366,0.9829,0.1804,0,-0.0127,-0.1801,0.9836,0,0.0062,19.525,-2.4818,1]},
{"frame":22,"values":[0.9992,-0.0404,0.006,0,0.0388,0.984,0.1739,0,-0.013,-0.1735,0.9847,0,0.0062,19.525,-2.4818,1]},
{"frame":23,"values":[0.9991,-0.0425,0.0035,0,0.0413,0.985,0.1673,0,-0.0106,-0.167,0.9859,0,0.0062,19.525,-2.4818,1]},
{"frame":24,"values":[0.999,-0.0446,0.001,0,0.0438,0.986,0.1608,0,-0.0082,-0.1606,0.987,0,0.0062,19.525,-2.4818,1]},
{"frame":25,"values":[0.9989,-0.0467,-0.0014,0,0.0464,0.9869,0.1542,0,-0.0058,-0.1541,0.988,0,0.0062,19.525,-2.4818,1]},
{"frame":26,"values":[0.999,-0.0454,-0.0039,0,0.0454,0.988,0.1477,0,-0.0028,-0.1477,0.989,0,0.0062,19.525,-2.4818,1]},
{"frame":27,"values":[0.999,-0.0441,-0.0064,0,0.0445,0.989,0.1411,0,0.0001,-0.1412,0.99,0,0.0062,19.525,-2.4818,1]},
{"frame":28,"values":[0.999,-0.0428,-0.0089,0,0.0436,0.99,0.1345,0,0.003,-0.1347,0.9909,0,0.0062,19.525,-2.4818,1]},
{"frame":29,"values":[0.9991,-0.0415,-0.0114,0,0.0426,0.9909,0.1279,0,0.006,-0.1283,0.9917,0,0.0062,19.525,-2.4818,1]},
{"frame":30,"values":[0.9991,-0.0402,-0.011,0,0.0412,0.9918,0.1213,0,0.0061,-0.1217,0.9926,0,0.0062,19.525,-2.4818,1]},
{"frame":31,"values":[0.9992,-0.0389,-0.0107,0,0.0399,0.9926,0.1147,0,0.0061,-0.115,0.9933,0,0.0062,19.525,-2.4818,1]},
{"frame":32,"values":[0.9992,-0.0376,-0.0112,0,0.0386,0.9934,0.1081,0,0.007,-0.1085,0.9941,0,0.0062,19.525,-2.4818,1]},
{"frame":33,"values":[0.9993,-0.0363,-0.0117,0,0.0373,0.9941,0.1015,0,0.0079,-0.1019,0.9948,0,0.0062,19.525,-2.4818,1]},
{"frame":34,"values":[0.9993,-0.035,-0.0122,0,0.036,0.9948,0.0949,0,0.0088,-0.0953,0.9954,0,0.0062,19.525,-2.4818,1]},
{"frame":35,"values":[0.9994,-0.0337,-0.0127,0,0.0347,0.9955,0.0883,0,0.0096,-0.0887,0.996,0,0.0062,19.525,-2.4818,1]},
{"frame":36,"values":[0.9994,-0.0324,-0.0132,0,0.0334,0.9961,0.0817,0,0.0105,-0.082,0.9966,0,0.0062,19.525,-2.4818,1]},
{"frame":37,"values":[0.9994,-0.0311,-0.0128,0,0.032,0.9967,0.075,0,0.0105,-0.0754,0.9971,0,0.0062,19.525,-2.4818,1]},
{"frame":38,"values":[0.9995,-0.0298,-0.0139,0,0.0307,0.9972,0.0684,0,0.0119,-0.0688,0.9976,0,0.0062,19.525,-2.4818,1]},
{"frame":39,"values":[0.9995,-0.0285,-0.015,0,0.0294,0.9977,0.0618,0,0.0132,-0.0622,0.998,0,0.0062,19.525,-2.4818,1]},
{"frame":40,"values":[0.9995,-0.0272,-0.0161,0,0.0281,0.9981,0.0551,0,0.0146,-0.0556,0.9983,0,0.0062,19.525,-2.4818,1]},
{"frame":41,"values":[0.9995,-0.0259,-0.0156,0,0.0266,0.9985,0.0485,0,0.0144,-0.0489,0.9987,0,0.0062,19.525,-2.4818,1]},
{"frame":42,"values":[0.9996,-0.0246,-0.0152,0,0.0252,0.9988,0.0419,0,0.0141,-0.0422,0.999,0,0.0062,19.525,-2.4818,1]},
{"frame":43,"values":[0.9996,-0.0233,-0.0156,0,0.0238,0.9991,0.0352,0,0.0147,-0.0356,0.9993,0,0.0062,19.525,-2.4818,1]},
{"frame":44,"values":[0.9996,-0.022,-0.0159,0,0.0225,0.9993,0.0286,0,0.0153,-0.0289,0.9995,0,0.0062,19.525,-2.4818,1]},
{"frame":45,"values":[0.9997,-0.0207,-0.0163,0,0.0211,0.9995,0.0219,0,0.0159,-0.0223,0.9996,0,0.0062,19.525,-2.4818,1]},
{"frame":46,"values":[0.9997,-0.0194,-0.0167,0,0.0197,0.9997,0.0153,0,0.0164,-0.0156,0.9997,0,0.0062,19.525,-2.4818,1]},
{"frame":47,"values":[0.9997,-0.0181,-0.0157,0,0.0183,0.9998,0.0087,0,0.0155,-0.0089,0.9998,0,0.0062,19.525,-2.4818,1]},
{"frame":48,"values":[0.9998,-0.0168,-0.0146,0,0.0169,0.9999,0.002,0,0.0146,-0.0023,0.9999,0,0.0062,19.525,-2.4818,1]},
{"frame":49,"values":[0.9998,-0.0155,-0.0136,0,0.0155,0.9999,-0.0046,0,0.0137,0.0044,0.9999,0,0.0062,19.525,-2.4818,1]},
{"frame":50,"values":[0.9998,-0.0142,-0.0126,0,0.0141,0.9998,-0.0113,0,0.0127,0.0111,0.9999,0,0.0062,19.525,-2.4818,1]},
{"frame":51,"values":[0.9998,-0.0129,-0.0132,0,0.0128,0.9999,-0.0102,0,0.0134,0.0101,0.9999,0,0.0062,19.525,-2.4818,1]},
{"frame":52,"values":[0.9998,-0.0116,-0.0139,0,0.0115,0.9999,-0.0092,0,0.014,0.009,0.9999,0,0.0062,19.525,-2.4818,1]},
{"frame":53,"values":[0.9998,-0.0119,-0.0146,0,0.0118,0.9999,-0.0082,0,0.0147,0.008,0.9999,0,0.0062,19.525,-2.4818,1]},
{"frame":54,"values":[0.9998,-0.0122,-0.0152,0,0.0121,0.9999,-0.0071,0,0.0153,0.0069,0.9999,0,0.0062,19.525,-2.4818,1]},
{"frame":55,"values":[0.9998,-0.0125,-0.0159,0,0.0124,0.9999,-0.0061,0,0.016,0.0059,0.9999,0,0.0062,19.525,-2.4818,1]},
{"frame":56,"values":[0.9998,-0.0128,-0.0166,0,0.0127,0.9999,-0.005,0,0.0166,0.0048,0.9998,0,0.0062,19.525,-2.4818,1]},
{"frame":57,"values":[0.9998,-0.0131,-0.0172,0,0.013,0.9999,-0.004,0,0.0173,0.0038,0.9998,0,0.0062,19.525,-2.4818,1]},
{"frame":58,"values":[0.9998,-0.0134,-0.0166,0,0.0134,0.9999,-0.003,0,0.0166,0.0027,0.9999,0,0.0062,19.525,-2.4818,1]},
{"frame":59,"values":[0.9998,-0.0137,-0.0159,0,0.0137,0.9999,-0.0019,0,0.0159,0.0017,0.9999,0,0.0062,19.525,-2.4818,1]},
{"frame":60,"values":[0.9998,-0.0135,-0.0152,0,0.0135,0.9999,-0.0009,0,0.0152,0.0007,0.9999,0,0.0062,19.525,-2.4818,1]},
{"frame":61,"values":[0.9998,-0.0134,-0.0145,0,0.0134,0.9999,0.0002,0,0.0145,-0.0004,0.9999,0,0.0062,19.525,-2.4818,1]},
{"frame":62,"values":[0.9998,-0.0132,-0.0138,0,0.0132,0.9999,0.0012,0,0.0138,-0.0014,0.9999,0,0.0062,19.525,-2.4818,1]},
{"frame":63,"values":[0.9998,-0.013,-0.0139,0,0.0131,0.9999,0.0022,0,0.0139,-0.0024,0.9999,0,0.0062,19.525,-2.4818,1]},
{"frame":64,"values":[0.9998,-0.0129,-0.013,0,0.0129,0.9999,0.0033,0,0.013,-0.0035,0.9999,0,0.0062,19.525,-2.4818,1]},
{"frame":65,"values":[0.9998,-0.0127,-0.0121,0,0.0127,0.9999,0.0043,0,0.012,-0.0045,0.9999,0,0.0062,19.525,-2.4818,1]},
{"frame":66,"values":[0.9999,-0.0125,-0.0111,0,0.0126,0.9999,0.0054,0,0.011,-0.0055,0.9999,0,0.0062,19.525,-2.4818,1]},
{"frame":67,"values":[0.9999,-0.0125,-0.0102,0,0.0125,0.9999,0.0056,0,0.0101,-0.0057,0.9999,0,0.0062,19.525,-2.4818,1]}],"loopBehavior":1,"name":"anim","property":"_matrix"}},
{"name":"mixamorig:Spine1","index":2,"matrix":[0.9998,-0.0076,-0.0184,0,0.0074,0.9999,-0.013,0,0.0185,0.0128,0.9997,0,-0.0009,22.835,-2.8254,1],"rest":[1,0,0,0,0,1,0,0,0,0,1,0,-0.0009,22.835,-2.8254,1],"parentBoneIndex":1,"length":26.7438
,"animation":{"dataType":3,"framePerSecond":24,"keys":[
{"frame":1,"values":[0.9998,-0.0076,-0.0181,0,0.0074,0.9999,-0.0128,0,0.0182,0.0127,0.9998,0,-0.0009,22.835,-2.8254,1]},
{"frame":2,"values":[0.9998,-0.0076,-0.0179,0,0.0074,0.9999,-0.0128,0,0.018,0.0127,0.9998,0,-0.0009,22.835,-2.8254,1]},
{"frame":3,"values":[0.9998,-0.0076,-0.0176,0,0.0074,0.9999,-0.0124,0,0.0177,0.0123,0.9998,0,-0.0009,22.835,-2.8254,1]},
{"frame":4,"values":[0.9998,-0.0077,-0.0173,0,0.0075,0.9999,-0.0116,0,0.0174,0.0114,0.9998,0,-0.0009,22.835,-2.8254,1]},
{"frame":5,"values":[0.9998,-0.0078,-0.0171,0,0.0076,0.9999,-0.0107,0,0.0172,0.0106,0.9998,0,-0.0009,22.835,-2.8254,1]},
{"frame":6,"values":[0.9998,-0.0079,-0.0168,0,0.0077,0.9999,-0.0102,0,0.0169,0.01,0.9998,0,-0.0009,22.835,-2.8254,1]},
{"frame":7,"values":[0.9998,-0.008,-0.0165,0,0.0079,1,-0.006,0,0.0166,0.0058,0.9998,0,-0.0009,22.835,-2.8254,1]},
{"frame":8,"values":[0.9998,-0.0081,-0.0163,0,0.0081,1,-0.0018,0,0.0163,0.0017,0.9999,0,-0.0009,22.835,-2.8254,1]},
{"frame":9,"values":[0.9998,-0.0082,-0.016,0,0.0082,1,0.0024,0,0.016,-0.0025,0.9999,0,-0.0009,22.835,-2.8254,1]},
{"frame":10,"values":[0.9998,-0.0083,-0.0157,0,0.0084,0.9999,0.0066,0,0.0157,-0.0067,0.9999,0,-0.0009,22.835,-2.8254,1]},
{"frame":11,"values":[0.9998,-0.0083,-0.0155,0,0.0084,0.9999,0.0107,0,0.0154,-0.0109,0.9998,0,-0.0009,22.835,-2.8254,1]},
{"frame":12,"values":[0.9999,-0.0082,-0.0152,0,0.0085,0.9999,0.0149,0,0.0151,-0.015,0.9998,0,-0.0009,22.835,-2.8254,1]},
{"frame":13,"values":[0.9999,-0.0082,-0.0149,0,0.0085,0.9998,0.0191,0,0.0148,-0.0192,0.9997,0,-0.0009,22.835,-2.8254,1]},
{"frame":14,"values":[0.9999,-0.0082,-0.0146,0,0.0086,0.9997,0.0233,0,0.0145,-0.0234,0.9996,0,-0.0009,22.835,-2.8254,1]},
{"frame":15,"values":[0.9999,-0.0082,-0.0144,0,0.0086,0.9996,0.0274,0,0.0141,-0.0276,0.9995,0,-0.0009,22.835,-2.8254,1]},
{"frame":16,"values":[0.9999,-0.0082,-0.0141,0,0.0086,0.9995,0.0316,0,0.0138,-0.0317,0.9994,0,-0.0009,22.835,-2.8254,1]},
{"frame":17,"values":[0.9999,-0.0082,-0.0138,0,0.0087,0.9993,0.0358,0,0.0135,-0.0359,0.9993,0,-0.0009,22.835,-2.8254,1]},
{"frame":18,"values":[0.9999,-0.0082,-0.0136,0,0.0087,0.9992,0.04,0,0.0132,-0.0401,0.9991,0,-0.0009,22.835,-2.8254,1]},
{"frame":19,"values":[0.9999,-0.0082,-0.0133,0,0.0087,0.999,0.0441,0,0.0129,-0.0443,0.9989,0,-0.0009,22.835,-2.8254,1]},
{"frame":20,"values":[0.9999,-0.0082,-0.013,0,0.0088,0.9988,0.0483,0,0.0126,-0.0484,0.9987,0,-0.0009,22.835,-2.8254,1]},
{"frame":21,"values":[0.9999,-0.0081,-0.0128,0,0.0088,0.9986,0.0525,0,0.0123,-0.0526,0.9985,0,-0.0009,22.835,-2.8254,1]},
{"frame":22,"values":[0.9999,-0.0081,-0.013,0,0.0089,0.9984,0.0567,0,0.0125,-0.0568,0.9983,0,-0.0009,22.835,-2.8254,1]},
{"frame":23,"values":[0.9999,-0.0081,-0.0132,0,0.0088,0.9985,0.0539,0,0.0127,-0.054,0.9985,0,-0.0009,22.835,-2.8254,1]},
{"frame":24,"values":[0.9999,-0.0081,-0.0134,0,0.0088,0.9987,0.0512,0,0.013,-0.0513,0.9986,0,-0.0009,22.835,-2.8254,1]},
{"frame":25,"values":[0.9999,-0.0081,-0.0136,0,0.0087,0.9988,0.0485,0,0.0132,-0.0486,0.9987,0,-0.0009,22.835,-2.8254,1]},
{"frame":26,"values":[0.9999,-0.0081,-0.0138,0,0.0087,0.9989,0.0457,0,0.0134,-0.0458,0.9989,0,-0.0009,22.835,-2.8254,1]},
{"frame":27,"values":[0.9999,-0.008,-0.014,0,0.0086,0.999,0.043,0,0.0137,-0.0431,0.999,0,-0.0009,22.835,-2.8254,1]},
{"frame":28,"values":[0.9999,-0.008,-0.0143,0,0.0086,0.9992,0.0403,0,0.0139,-0.0404,0.9991,0,-0.0009,22.835,-2.8254,1]},
{"frame":29,"values":[0.9999,-0.008,-0.0145,0,0.0085,0.9993,0.0375,0,0.0142,-0.0377,0.9992,0,-0.0009,22.835,-2.8254,1]},
{"frame":30,"values":[0.9999,-0.008,-0.0147,0,0.0085,0.9994,0.0348,0,0.0144,-0.0349,0.9993,0,-0.0009,22.835,-2.8254,1]},
{"frame":31,"values":[0.9999,-0.008,-0.0149,0,0.0084,0.9994,0.0321,0,0.0146,-0.0322,0.9994,0,-0.0009,22.835,-2.8254,1]},
{"frame":32,"values":[0.9999,-0.008,-0.0151,0,0.0084,0.9995,0.0293,0,0.0149,-0.0295,0.9995,0,-0.0009,22.835,-2.8254,1]},
{"frame":33,"values":[0.9999,-0.0079,-0.0153,0,0.0084,0.9996,0.0266,0,0.0151,-0.0267,0.9995,0,-0.0009,22.835,-2.8254,1]},
{"frame":34,"values":[0.9998,-0.0079,-0.0155,0,0.0083,0.9997,0.0239,0,0.0153,-0.024,0.9996,0,-0.0009,22.835,-2.8254,1]},
{"frame":35,"values":[0.9998,-0.0079,-0.0157,0,0.0082,0.9997,0.0211,0,0.0156,-0.0213,0.9997,0,-0.0009,22.835,-2.8254,1]},
{"frame":36,"values":[0.9998,-0.0079,-0.016,0,0.0082,0.9998,0.0184,0,0.0158,-0.0185,0.9997,0,-0.0009,22.835,-2.8254,1]},
{"frame":37,"values":[0.9998,-0.0079,-0.0162,0,0.0081,0.9998,0.0157,0,0.016,-0.0158,0.9997,0,-0.0009,22.835,-2.8254,1]},
{"frame":38,"values":[0.9998,-0.0079,-0.0164,0,0.0081,0.9999,0.0129,0,0.0163,-0.0131,0.9998,0,-0.0009,22.835,-2.8254,1]},
{"frame":39,"values":[0.9998,-0.0079,-0.0166,0,0.008,0.9999,0.0102,0,0.0165,-0.0103,0.9998,0,-0.0009,22.835,-2.8254,1]},
{"frame":40,"values":[0.9998,-0.0079,-0.0168,0,0.008,0.9999,0.0075,0,0.0168,-0.0076,0.9998,0,-0.0009,22.835,-2.8254,1]},
{"frame":41,"values":[0.9998,-0.0079,-0.017,0,0.0079,1,0.0047,0,0.017,-0.0049,0.9998,0,-0.0009,22.835,-2.8254,1]},
{"frame":42,"values":[0.9998,-0.0078,-0.0172,0,0.0079,1,0.002,0,0.0172,-0.0021,0.9998,0,-0.0009,22.835,-2.8254,1]},
{"frame":43,"values":[0.9998,-0.0078,-0.0175,0,0.0078,1,-0.0007,0,0.0175,0.0006,0.9998,0,-0.0009,22.835,-2.8254,1]},
{"frame":44,"values":[0.9998,-0.0078,-0.0177,0,0.0078,1,-0.0035,0,0.0177,0.0033,0.9998,0,-0.0009,22.835,-2.8254,1]},
{"frame":45,"values":[0.9998,-0.0078,-0.0179,0,0.0077,1,-0.0062,0,0.0179,0.0061,0.9998,0,-0.0009,22.835,-2.8254,1]},
{"frame":46,"values":[0.9998,-0.0078,-0.0181,0,0.0077,0.9999,-0.0089,0,0.0182,0.0088,0.9998,0,-0.0009,22.835,-2.8254,1]},
{"frame":47,"values":[0.9998,-0.0078,-0.0183,0,0.0076,0.9999,-0.0117,0,0.0184,0.0115,0.9998,0,-0.0009,22.835,-2.8254,1]},
{"frame":48,"values":[0.9998,-0.0078,-0.0185,0,0.0075,0.9999,-0.0144,0,0.0186,0.0143,0.9997,0,-0.0009,22.835,-2.8254,1]},
{"frame":49,"values":[0.9998,-0.0078,-0.0187,0,0.0075,0.9998,-0.0172,0,0.0189,0.017,0.9997,0,-0.0009,22.835,-2.8254,1]},
{"frame":50,"values":[0.9998,-0.0078,-0.0189,0,0.0074,0.9998,-0.0199,0,0.0191,0.0197,0.9996,0,-0.0009,22.835,-2.8254,1]},
{"frame":51,"values":[0.9998,-0.0078,-0.0189,0,0.0074,0.9998,-0.0195,0,0.0191,0.0193,0.9996,0,-0.0009,22.835,-2.8254,1]},
{"frame":52,"values":[0.9998,-0.0078,-0.0189,0,0.0074,0.9998,-0.019,0,0.019,0.0189,0.9996,0,-0.0009,22.835,-2.8254,1]},
{"frame":53,"values":[0.9998,-0.0078,-0.0188,0,0.0074,0.9998,-0.0186,0,0.019,0.0184,0.9996,0,-0.0009,22.835,-2.8254,1]},
{"frame":54,"values":[0.9998,-0.0077,-0.0188,0,0.0074,0.9998,-0.0182,0,0.019,0.018,0.9997,0,-0.0009,22.835,-2.8254,1]},
{"frame":55,"values":[0.9998,-0.0077,-0.0188,0,0.0074,0.9998,-0.0177,0,0.0189,0.0176,0.9997,0,-0.0009,22.835,-2.8254,1]},
{"frame":56,"values":[0.9998,-0.0077,-0.0188,0,0.0074,0.9998,-0.0173,0,0.0189,0.0171,0.9997,0,-0.0009,22.835,-2.8254,1]},
{"frame":57,"values":[0.9998,-0.0077,-0.0187,0,0.0074,0.9998,-0.0169,0,0.0188,0.0167,0.9997,0,-0.0009,22.835,-2.8254,1]},
{"frame":58,"values":[0.9998,-0.0077,-0.0187,0,0.0074,0.9998,-0.0164,0,0.0188,0.0163,0.9997,0,-0.0009,22.835,-2.8254,1]},
{"frame":59,"values":[0.9998,-0.0077,-0.0187,0,0.0074,0.9998,-0.016,0,0.0188,0.0159,0.9997,0,-0.0009,22.835,-2.8254,1]},
{"frame":60,"values":[0.9998,-0.0077,-0.0186,0,0.0074,0.9999,-0.0156,0,0.0187,0.0154,0.9997,0,-0.0009,22.835,-2.8254,1]},
{"frame":61,"values":[0.9998,-0.0077,-0.0186,0,0.0074,0.9999,-0.0151,0,0.0187,0.015,0.9997,0,-0.0009,22.835,-2.8254,1]},
{"frame":62,"values":[0.9998,-0.0076,-0.0186,0,0.0074,0.9999,-0.0147,0,0.0187,0.0146,0.9997,0,-0.0009,22.835,-2.8254,1]},
{"frame":63,"values":[0.9998,-0.0076,-0.0185,0,0.0074,0.9999,-0.0143,0,0.0186,0.0141,0.9997,0,-0.0009,22.835,-2.8254,1]},
{"frame":64,"values":[0.9998,-0.0076,-0.0185,0,0.0074,0.9999,-0.0138,0,0.0186,0.0137,0.9997,0,-0.0009,22.835,-2.8254,1]},
{"frame":65,"values":[0.9998,-0.0076,-0.0185,0,0.0074,0.9999,-0.0134,0,0.0186,0.0133,0.9997,0,-0.0009,22.835,-2.8254,1]},
{"frame":66,"values":[0.9998,-0.0076,-0.0184,0,0.0074,0.9999,-0.013,0,0.0185,0.0128,0.9997,0,-0.0009,22.835,-2.8254,1]},
{"frame":67,"values":[0.9998,-0.0076,-0.0184,0,0.0074,0.9999,-0.013,0,0.0185,0.0128,0.9997,0,-0.0009,22.835,-2.8254,1]}],"loopBehavior":1,"name":"anim","property":"_matrix"}},
{"name":"mixamorig:Spine2","index":3,"matrix":[0.9993,0.0287,-0.0249,0,-0.029,0.9995,-0.0122,0,0.0246,0.0129,0.9996,0,-0.0206,26.5525,-3.1933,1],"rest":[1,0,0,0,0,1,0,0,0,0,1,0,-0.0206,26.5525,-3.1933,1],"parentBoneIndex":2,"length":24.825
,"animation":{"dataType":3,"framePerSecond":24,"keys":[
{"frame":1,"values":[0.9993,0.0286,-0.0249,0,-0.0289,0.9995,-0.012,0,0.0245,0.0127,0.9996,0,-0.0206,26.5525,-3.1933,1]},
{"frame":2,"values":[0.9993,0.0286,-0.0251,0,-0.0289,0.9995,-0.012,0,0.0248,0.0127,0.9996,0,-0.0206,26.5525,-3.1933,1]},
{"frame":3,"values":[0.9993,0.0286,-0.0254,0,-0.0289,0.9995,-0.0116,0,0.0251,0.0123,0.9996,0,-0.0206,26.5525,-3.1933,1]},
{"frame":4,"values":[0.9993,0.0285,-0.0258,0,-0.0288,0.9995,-0.0108,0,0.0255,0.0115,0.9996,0,-0.0206,26.5525,-3.1933,1]},
{"frame":5,"values":[0.9993,0.0284,-0.0261,0,-0.0287,0.9995,-0.0099,0,0.0258,0.0106,0.9996,0,-0.0206,26.5525,-3.1933,1]},
{"frame":6,"values":[0.9993,0.0284,-0.0261,0,-0.0286,0.9995,-0.0093,0,0.0258,0.0101,0.9996,0,-0.0206,26.5525,-3.1933,1]},
{"frame":7,"values":[0.9993,0.0283,-0.026,0,-0.0285,0.9996,-0.0088,0,0.0257,0.0096,0.9996,0,-0.0206,26.5525,-3.1933,1]},
{"frame":8,"values":[0.9993,0.0282,-0.0259,0,-0.0283,0.9996,-0.0044,0,0.0257,0.0052,0.9997,0,-0.0206,26.5525,-3.1933,1]},
{"frame":9,"values":[0.9993,0.0282,-0.0256,0,-0.0282,0.9996,0,0,0.0256,0.0007,0.9997,0,-0.0206,26.5525,-3.1933,1]},
{"frame":10,"values":[0.9993,0.0281,-0.0249,0,-0.028,0.9996,0.0044,0,0.025,-0.0037,0.9997,0,-0.0206,26.5525,-3.1933,1]},
{"frame":11,"values":[0.9993,0.028,-0.0242,0,-0.0278,0.9996,0.0088,0,0.0245,-0.0081,0.9997,0,-0.0206,26.5525,-3.1933,1]},
{"frame":12,"values":[0.9993,0.0281,-0.0235,0,-0.0277,0.9995,0.0132,0,0.0239,-0.0125,0.9996,0,-0.0206,26.5525,-3.1933,1]},
{"frame":13,"values":[0.9993,0.0281,-0.0228,0,-0.0277,0.9995,0.0176,0,0.0233,-0.017,0.9996,0,-0.0206,26.5525,-3.1933,1]},
{"frame":14,"values":[0.9994,0.0281,-0.0221,0,-0.0276,0.9994,0.022,0,0.0227,-0.0214,0.9995,0,-0.0206,26.5525,-3.1933,1]},
{"frame":15,"values":[0.9994,0.0281,-0.0214,0,-0.0275,0.9993,0.0264,0,0.0222,-0.0258,0.9994,0,-0.0206,26.5525,-3.1933,1]},
{"frame":16,"values":[0.9994,0.0281,-0.0208,0,-0.0275,0.9991,0.0308,0,0.0216,-0.0302,0.9993,0,-0.0206,26.5525,-3.1933,1]},
{"frame":17,"values":[0.9994,0.0281,-0.0201,0,-0.0274,0.999,0.0352,0,0.021,-0.0347,0.9992,0,-0.0206,26.5525,-3.1933,1]},
{"frame":18,"values":[0.9994,0.0281,-0.0194,0,-0.0274,0.9988,0.0396,0,0.0205,-0.0391,0.999,0,-0.0206,26.5525,-3.1933,1]},
{"frame":19,"values":[0.9994,0.0281,-0.0187,0,-0.0273,0.9987,0.044,0,0.0199,-0.0435,0.9989,0,-0.0206,26.5525,-3.1933,1]},
{"frame":20,"values":[0.9994,0.0282,-0.018,0,-0.0273,0.9985,0.0484,0,0.0193,-0.0479,0.9987,0,-0.0206,26.5525,-3.1933,1]},
{"frame":21,"values":[0.9995,0.0281,-0.0173,0,-0.0272,0.9982,0.0528,0,0.0187,-0.0523,0.9985,0,-0.0206,26.5525,-3.1933,1]},
{"frame":22,"values":[0.9994,0.0282,-0.0177,0,-0.0271,0.998,0.0572,0,0.0192,-0.0567,0.9982,0,-0.0206,26.5525,-3.1933,1]},
{"frame":23,"values":[0.9994,0.0282,-0.018,0,-0.0272,0.9981,0.0545,0,0.0195,-0.054,0.9983,0,-0.0206,26.5525,-3.1933,1]},
{"frame":24,"values":[0.9994,0.0282,-0.0184,0,-0.0272,0.9983,0.0518,0,0.0198,-0.0513,0.9985,0,-0.0206,26.5525,-3.1933,1]},
{"frame":25,"values":[0.9994,0.0282,-0.0188,0,-0.0273,0.9984,0.0491,0,0.0202,-0.0485,0.9986,0,-0.0206,26.5525,-3.1933,1]},
{"frame":26,"values":[0.9994,0.0283,-0.0192,0,-0.0273,0.9986,0.0463,0,0.0205,-0.0458,0.9987,0,-0.0206,26.5525,-3.1933,1]},
{"frame":27,"values":[0.9994,0.0283,-0.0196,0,-0.0274,0.9987,0.0436,0,0.0208,-0.0431,0.9989,0,-0.0206,26.5525,-3.1933,1]},
{"frame":28,"values":[0.9994,0.0283,-0.02,0,-0.0275,0.9988,0.0409,0,0.0211,-0.0403,0.999,0,-0.0206,26.5525,-3.1933,1]},
{"frame":29,"values":[0.9994,0.0283,-0.0203,0,-0.0275,0.9989,0.0382,0,0.0214,-0.0376,0.9991,0,-0.0206,26.5525,-3.1933,1]},
{"frame":30,"values":[0.9994,0.0283,-0.0207,0,-0.0276,0.999,0.0355,0,0.0217,-0.0349,0.9992,0,-0.0206,26.5525,-3.1933,1]},
{"frame":31,"values":[0.9994,0.0283,-0.0211,0,-0.0276,0.9991,0.0327,0,0.022,-0.0321,0.9992,0,-0.0206,26.5525,-3.1933,1]},
{"frame":32,"values":[0.9994,0.0284,-0.0215,0,-0.0277,0.9992,0.03,0,0.0223,-0.0294,0.9993,0,-0.0206,26.5525,-3.1933,1]},
{"frame":33,"values":[0.9994,0.0284,-0.0219,0,-0.0278,0.9992,0.0273,0,0.0226,-0.0266,0.9994,0,-0.0206,26.5525,-3.1933,1]},
{"frame":34,"values":[0.9993,0.0284,-0.0223,0,-0.0278,0.9993,0.0245,0,0.0229,-0.0239,0.9995,0,-0.0206,26.5525,-3.1933,1]},
{"frame":35,"values":[0.9993,0.0284,-0.0226,0,-0.0279,0.9994,0.0218,0,0.0232,-0.0212,0.9995,0,-0.0206,26.5525,-3.1933,1]},
{"frame":36,"values":[0.9993,0.0284,-0.023,0,-0.028,0.9994,0.0191,0,0.0236,-0.0184,0.9996,0,-0.0206,26.5525,-3.1933,1]},
{"frame":37,"values":[0.9993,0.0284,-0.0234,0,-0.028,0.9995,0.0164,0,0.0239,-0.0157,0.9996,0,-0.0206,26.5525,-3.1933,1]},
{"frame":38,"values":[0.9993,0.0284,-0.0238,0,-0.0281,0.9995,0.0136,0,0.0242,-0.013,0.9996,0,-0.0206,26.5525,-3.1933,1]},
{"frame":39,"values":[0.9993,0.0284,-0.0242,0,-0.0282,0.9995,0.0109,0,0.0245,-0.0102,0.9996,0,-0.0206,26.5525,-3.1933,1]},
{"frame":40,"values":[0.9993,0.0284,-0.0246,0,-0.0282,0.9996,0.0082,0,0.0248,-0.0075,0.9997,0,-0.0206,26.5525,-3.1933,1]},
{"frame":41,"values":[0.9993,0.0284,-0.0249,0,-0.0283,0.9996,0.0055,0,0.0251,-0.0048,0.9997,0,-0.0206,26.5524,-3.1933,1]},
{"frame":42,"values":[0.9993,0.0284,-0.0253,0,-0.0284,0.9996,0.0027,0,0.0254,-0.002,0.9997,0,-0.0206,26.5525,-3.1933,1]},
{"frame":43,"values":[0.9993,0.0284,-0.0257,0,-0.0285,0.9996,0,0,0.0257,0.0007,0.9997,0,-0.0206,26.5525,-3.1933,1]},
{"frame":44,"values":[0.9993,0.0284,-0.0261,0,-0.0285,0.9996,-0.0027,0,0.026,0.0035,0.9997,0,-0.0206,26.5525,-3.1933,1]},
{"frame":45,"values":[0.9992,0.0284,-0.0265,0,-0.0286,0.9996,-0.0054,0,0.0263,0.0062,0.9996,0,-0.0206,26.5525,-3.1933,1]},
{"frame":46,"values":[0.9992,0.0284,-0.0269,0,-0.0287,0.9996,-0.0082,0,0.0266,0.0089,0.9996,0,-0.0206,26.5525,-3.1933,1]},
{"frame":47,"values":[0.9992,0.0285,-0.0266,0,-0.0288,0.9995,-0.0109,0,0.0263,0.0117,0.9996,0,-0.0206,26.5525,-3.1933,1]},
{"frame":48,"values":[0.9992,0.0285,-0.0264,0,-0.0288,0.9995,-0.0136,0,0.026,0.0144,0.9996,0,-0.0206,26.5525,-3.1933,1]},
{"frame":49,"values":[0.9993,0.0285,-0.0261,0,-0.0289,0.9994,-0.0163,0,0.0256,0.0171,0.9995,0,-0.0206,26.5525,-3.1933,1]},
{"frame":50,"values":[0.9993,0.0285,-0.0259,0,-0.029,0.9994,-0.0191,0,0.0253,0.0198,0.9995,0,-0.0206,26.5525,-3.1933,1]},
{"frame":51,"values":[0.9993,0.0285,-0.026,0,-0.029,0.9994,-0.0186,0,0.0255,0.0194,0.9995,0,-0.0206,26.5525,-3.1933,1]},
{"frame":52,"values":[0.9993,0.0285,-0.0261,0,-0.029,0.9994,-0.0181,0,0.0256,0.0189,0.9995,0,-0.0206,26.5525,-3.1933,1]},
{"frame":53,"values":[0.9992,0.0285,-0.0263,0,-0.029,0.9994,-0.0177,0,0.0258,0.0184,0.9995,0,-0.0206,26.5525,-3.1933,1]},
{"frame":54,"values":[0.9992,0.0285,-0.0264,0,-0.029,0.9994,-0.0172,0,0.0259,0.018,0.9995,0,-0.0206,26.5525,-3.1933,1]},
{"frame":55,"values":[0.9992,0.0286,-0.0265,0,-0.029,0.9994,-0.0168,0,0.0261,0.0175,0.9995,0,-0.0206,26.5525,-3.1933,1]},
{"frame":56,"values":[0.9992,0.0286,-0.0267,0,-0.029,0.9994,-0.0163,0,0.0262,0.0171,0.9995,0,-0.0206,26.5525,-3.1933,1]},
{"frame":57,"values":[0.9992,0.0286,-0.0268,0,-0.029,0.9995,-0.0158,0,0.0264,0.0166,0.9995,0,-0.0206,26.5525,-3.1933,1]},
{"frame":58,"values":[0.9992,0.0286,-0.0266,0,-0.029,0.9995,-0.0154,0,0.0262,0.0161,0.9995,0,-0.0206,26.5525,-3.1933,1]},
{"frame":59,"values":[0.9992,0.0286,-0.0264,0,-0.029,0.9995,-0.0149,0,0.026,0.0157,0.9995,0,-0.0206,26.5525,-3.1933,1]},
{"frame":60,"values":[0.9992,0.0286,-0.0263,0,-0.029,0.9995,-0.0145,0,0.0258,0.0152,0.9996,0,-0.0206,26.5525,-3.1933,1]},
{"frame":61,"values":[0.9993,0.0286,-0.0261,0,-0.029,0.9995,-0.014,0,0.0257,0.0147,0.9996,0,-0.0206,26.5525,-3.1933,1]},
{"frame":62,"values":[0.9993,0.0286,-0.0259,0,-0.029,0.9995,-0.0135,0,0.0255,0.0143,0.9996,0,-0.0206,26.5525,-3.1933,1]},
{"frame":63,"values":[0.9993,0.0287,-0.0257,0,-0.029,0.9995,-0.0131,0,0.0253,0.0138,0.9996,0,-0.0206,26.5525,-3.1933,1]},
{"frame":64,"values":[0.9993,0.0287,-0.0255,0,-0.029,0.9995,-0.0126,0,0.0251,0.0133,0.9996,0,-0.0206,26.5525,-3.1933,1]},
{"frame":65,"values":[0.9993,0.0287,-0.0253,0,-0.029,0.9995,-0.0122,0,0.025,0.0129,0.9996,0,-0.0206,26.5524,-3.1933,1]},
{"frame":66,"values":[0.9993,0.0287,-0.0251,0,-0.029,0.9995,-0.0122,0,0.0248,0.0129,0.9996,0,-0.0206,26.5525,-3.1933,1]},
{"frame":67,"values":[0.9993,0.0287,-0.0249,0,-0.029,0.9995,-0.0122,0,0.0246,0.0129,0.9996,0,-0.0206,26.5525,-3.1933,1]}],"loopBehavior":1,"name":"anim","property":"_matrix"}},
{"name":"mixamorig:Neck","index":4,"matrix":[0.9977,0.0674,-0.0003,0,-0.0666,0.9867,0.1484,0,0.0102,-0.148,0.9889,0,-0.06,30.7018,1.3522,1],"rest":[1,0,0,0,0,1,0,0,0,0,1,0,-0.06,30.7018,1.3522,1],"parentBoneIndex":3,"length":22.8446
,"animation":{"dataType":3,"framePerSecond":24,"keys":[
{"frame":1,"values":[0.9977,0.0673,-0.0001,0,-0.0666,0.9867,0.1483,0,0.0101,-0.148,0.9889,0,-0.06,30.7018,1.3522,1]},
{"frame":2,"values":[0.9977,0.0677,0.0003,0,-0.067,0.9866,0.1486,0,0.0098,-0.1482,0.9889,0,-0.06,30.7018,1.3522,1]},
{"frame":3,"values":[0.9976,0.0687,0.0012,0,-0.0681,0.9864,0.1494,0,0.009,-0.1491,0.9888,0,-0.06,30.7018,1.3522,1]},
{"frame":4,"values":[0.9975,0.0704,0.0026,0,-0.07,0.9862,0.1503,0,0.008,-0.1501,0.9886,0,-0.06,30.7018,1.3522,1]},
{"frame":5,"values":[0.9974,0.0726,0.0042,0,-0.0723,0.9859,0.1511,0,0.0068,-0.151,0.9885,0,-0.06,30.7018,1.3522,1]},
{"frame":6,"values":[0.9972,0.0747,0.006,0,-0.0748,0.9853,0.1537,0,0.0055,-0.1537,0.9881,0,-0.06,30.7019,1.3522,1]},
{"frame":7,"values":[0.997,0.0769,0.0085,0,-0.0773,0.984,0.1607,0,0.0039,-0.1609,0.987,0,-0.06,30.7018,1.3522,1]},
{"frame":8,"values":[0.9968,0.079,0.012,0,-0.0799,0.982,0.1712,0,0.0017,-0.1716,0.9852,0,-0.06,30.7018,1.3522,1]},
{"frame":9,"values":[0.9966,0.0814,0.014,0,-0.0826,0.9797,0.1825,0,0.0012,-0.1831,0.9831,0,-0.06,30.7018,1.3522,1]},
{"frame":10,"values":[0.9964,0.0838,0.0159,0,-0.0853,0.9775,0.1931,0,0.0006,-0.1938,0.981,0,-0.06,30.7018,1.3522,1]},
{"frame":11,"values":[0.9961,0.0862,0.0179,0,-0.088,0.9763,0.1975,0,-0.0004,-0.1983,0.9801,0,-0.06,30.7018,1.3522,1]},
{"frame":12,"values":[0.9959,0.0886,0.0198,0,-0.0907,0.9752,0.2019,0,-0.0014,-0.2029,0.9792,0,-0.06,30.7018,1.3522,1]},
{"frame":13,"values":[0.9956,0.091,0.0217,0,-0.0935,0.974,0.2063,0,-0.0024,-0.2074,0.9783,0,-0.06,30.7018,1.3522,1]},
{"frame":14,"values":[0.9954,0.0933,0.0237,0,-0.0962,0.9728,0.2106,0,-0.0034,-0.2119,0.9773,0,-0.06,30.7018,1.3522,1]},
{"frame":15,"values":[0.9951,0.0957,0.0257,0,-0.099,0.9716,0.215,0,-0.0044,-0.2164,0.9763,0,-0.06,30.7018,1.3522,1]},
{"frame":16,"values":[0.9948,0.098,0.0276,0,-0.1017,0.9715,0.2141,0,-0.0059,-0.2158,0.9764,0,-0.06,30.7018,1.3522,1]},
{"frame":17,"values":[0.9945,0.1004,0.0296,0,-0.1044,0.9714,0.2132,0,-0.0074,-0.2151,0.9766,0,-0.06,30.7018,1.3522,1]},
{"frame":18,"values":[0.9942,0.1028,0.0316,0,-0.1072,0.9713,0.2123,0,-0.0088,-0.2145,0.9767,0,-0.06,30.7018,1.3522,1]},
{"frame":19,"values":[0.9939,0.1052,0.0335,0,-0.1099,0.9712,0.2114,0,-0.0103,-0.2138,0.9768,0,-0.06,30.7018,1.3522,1]},
{"frame":20,"values":[0.9936,0.1075,0.0355,0,-0.1126,0.9711,0.2105,0,-0.0118,-0.2131,0.9769,0,-0.06,30.7018,1.3522,1]},
{"frame":21,"values":[0.9932,0.1099,0.0374,0,-0.1153,0.971,0.2096,0,-0.0133,-0.2125,0.9771,0,-0.06,30.7018,1.3522,1]},
{"frame":22,"values":[0.9934,0.1085,0.0361,0,-0.1137,0.971,0.2104,0,-0.0123,-0.2131,0.977,0,-0.06,30.7018,1.3522,1]},
{"frame":23,"values":[0.9936,0.1071,0.0349,0,-0.1121,0.971,0.2111,0,-0.0113,-0.2137,0.9768,0,-0.06,30.7018,1.3522,1]},
{"frame":24,"values":[0.9938,0.1057,0.0336,0,-0.1104,0.971,0.2119,0,-0.0102,-0.2143,0.9767,0,-0.06,30.7018,1.3522,1]},
{"frame":25,"values":[0.994,0.1043,0.0323,0,-0.1088,0.9721,0.2077,0,-0.0097,-0.2099,0.9777,0,-0.06,30.7018,1.3522,1]},
{"frame":26,"values":[0.9942,0.103,0.031,0,-0.1072,0.9732,0.2034,0,-0.0092,-0.2055,0.9786,0,-0.06,30.7018,1.3522,1]},
{"frame":27,"values":[0.9944,0.1016,0.0297,0,-0.1055,0.9743,0.1991,0,-0.0087,-0.2011,0.9795,0,-0.06,30.7018,1.3522,1]},
{"frame":28,"values":[0.9946,0.1003,0.0284,0,-0.1039,0.9753,0.1948,0,-0.0082,-0.1967,0.9804,0,-0.06,30.7018,1.3522,1]},
{"frame":29,"values":[0.9947,0.0989,0.0271,0,-0.1022,0.9763,0.1905,0,-0.0076,-0.1923,0.9813,0,-0.06,30.7018,1.3522,1]},
{"frame":30,"values":[0.9949,0.0975,0.0258,0,-0.1006,0.9773,0.1862,0,-0.0071,-0.1879,0.9822,0,-0.06,30.7018,1.3522,1]},
{"frame":31,"values":[0.9951,0.0961,0.0245,0,-0.099,0.9783,0.1819,0,-0.0065,-0.1835,0.983,0,-0.06,30.7018,1.3522,1]},
{"frame":32,"values":[0.9952,0.0947,0.0233,0,-0.0973,0.9793,0.1776,0,-0.006,-0.1791,0.9838,0,-0.06,30.7018,1.3522,1]},
{"frame":33,"values":[0.9954,0.0933,0.022,0,-0.0957,0.9802,0.1733,0,-0.0054,-0.1746,0.9846,0,-0.06,30.7018,1.3522,1]},
{"frame":34,"values":[0.9956,0.0919,0.0207,0,-0.0941,0.9811,0.169,0,-0.0048,-0.1702,0.9854,0,-0.06,30.7019,1.3522,1]},
{"frame":35,"values":[0.9957,0.0905,0.0195,0,-0.0925,0.982,0.1647,0,-0.0042,-0.1658,0.9862,0,-0.06,30.7018,1.3522,1]},
{"frame":36,"values":[0.9959,0.0891,0.0182,0,-0.0908,0.9829,0.1604,0,-0.0036,-0.1614,0.9869,0,-0.06,30.7018,1.3522,1]},
{"frame":37,"values":[0.996,0.0876,0.017,0,-0.0892,0.9837,0.156,0,-0.003,-0.1569,0.9876,0,-0.06,30.7018,1.3522,1]},
{"frame":38,"values":[0.9962,0.0862,0.0158,0,-0.0876,0.9845,0.1517,0,-0.0024,-0.1525,0.9883,0,-0.06,30.7018,1.3522,1]},
{"frame":39,"values":[0.9963,0.0848,0.0145,0,-0.086,0.9853,0.1474,0,-0.0018,-0.1481,0.989,0,-0.06,30.7018,1.3522,1]},
{"frame":40,"values":[0.9964,0.0833,0.0133,0,-0.0844,0.9861,0.143,0,-0.0012,-0.1436,0.9896,0,-0.06,30.7018,1.3522,1]},
{"frame":41,"values":[0.9966,0.0819,0.0121,0,-0.0828,0.9869,0.1387,0,-0.0006,-0.1392,0.9903,0,-0.06,30.7018,1.3522,1]},
