{"producer":{"name":"Blender","version":"2.79 (sub 0)","exporter_version":"5.6.4","file":"greetingwavegesture.babylon"},
"autoClear":true,"clearColor":[0.0509,0.0509,0.0509],"ambientColor":[0,0,0],"gravity":[0,-9.81,0],
"materials":[{"name":"greetingwavegesture.Material","id":"greetingwavegesture.Material","ambient":[0,0,0],"diffuse":[0,0,0],"specular":[0,0,0],"emissive":[0,0,0],"specularPower":50,"alpha":0.001,"backFaceCulling":true,"checkReadyOnlyOnce":false,"maxSimultaneousLights":4}],
"multiMaterials":[],
"skeletons":[{"name":"Armature","id":0,"dimensionsAtRest":[379.1952,391.6652,55.677],"bones":[
{"name":"mixamorig:Hips","index":0,"matrix":[0.996,0.0126,-0.0888,0,-0.0104,0.9996,0.0246,0,-0.0891,0.0236,-0.9957,0,-0.1456,199.9379,-1.3864,1],"rest":[1,0,0,0,0,1,0,0,0,0,-1,0,0,201.6394,0,1],"parentBoneIndex":-1,"length":21.6784
,"animation":{"dataType":3,"framePerSecond":24,"keys":[
{"frame":1,"values":[0.996,0.0126,-0.0888,0,-0.0104,0.9996,0.0246,0,-0.0891,0.0236,-0.9957,0,-0.1456,199.9379,-1.3864,1]},
{"frame":2,"values":[0.9959,0.0126,-0.0892,0,-0.0105,0.9996,0.0245,0,-0.0895,0.0235,-0.9957,0,-0.1528,199.9385,-1.3838,1]},
{"frame":3,"values":[0.9959,0.0127,-0.0896,0,-0.0105,0.9996,0.0245,0,-0.0899,0.0235,-0.9957,0,-0.1542,199.9391,-1.3817,1]},
{"frame":4,"values":[0.9958,0.0128,-0.0902,0,-0.0106,0.9996,0.0245,0,-0.0905,0.0234,-0.9956,0,-0.1515,199.9397,-1.3811,1]},
{"frame":5,"values":[0.9958,0.0128,-0.0908,0,-0.0106,0.9996,0.0244,0,-0.0911,0.0234,-0.9956,0,-0.1482,199.9403,-1.3779,1]},
{"frame":6,"values":[0.9957,0.0128,-0.0913,0,-0.0106,0.9996,0.0244,0,-0.0916,0.0233,-0.9955,0,-0.1431,199.9409,-1.3714,1]},
{"frame":7,"values":[0.9957,0.0127,-0.0916,0,-0.0105,0.9996,0.0245,0,-0.0919,0.0234,-0.9955,0,-0.1375,199.9415,-1.3674,1]},
{"frame":8,"values":[0.9957,0.0126,-0.0915,0,-0.0103,0.9996,0.0247,0,-0.0918,0.0236,-0.9955,0,-0.1363,199.9421,-1.3707,1]},
{"frame":9,"values":[0.9958,0.0124,-0.0911,0,-0.0101,0.9996,0.025,0,-0.0914,0.0239,-0.9955,0,-0.1365,199.9427,-1.3759,1]},
{"frame":10,"values":[0.9958,0.0123,-0.0907,0,-0.01,0.9996,0.0251,0,-0.0909,0.0241,-0.9956,0,-0.134,199.9433,-1.3756,1]},
{"frame":11,"values":[0.9958,0.0122,-0.0903,0,-0.0099,0.9996,0.0252,0,-0.0905,0.0242,-0.9956,0,-0.1368,199.9439,-1.3664,1]},
{"frame":12,"values":[0.9959,0.012,-0.09,0,-0.0097,0.9996,0.0253,0,-0.0903,0.0243,-0.9956,0,-0.1438,199.9445,-1.3573,1]},
{"frame":13,"values":[0.9959,0.0118,-0.0899,0,-0.0095,0.9996,0.0253,0,-0.0901,0.0243,-0.9956,0,-0.1466,199.9451,-1.3482,1]},
{"frame":14,"values":[0.9959,0.0116,-0.0898,0,-0.0094,0.9996,0.025,0,-0.0901,0.0241,-0.9956,0,-0.1436,199.9457,-1.339,1]},
{"frame":15,"values":[0.9959,0.0115,-0.0898,0,-0.0093,0.9996,0.0248,0,-0.09,0.0238,-0.9957,0,-0.1328,199.9463,-1.3299,1]},
{"frame":16,"values":[0.9959,0.0115,-0.0898,0,-0.0093,0.9997,0.0245,0,-0.0901,0.0236,-0.9957,0,-0.1171,199.9469,-1.3208,1]},
{"frame":17,"values":[0.9959,0.0114,-0.09,0,-0.0093,0.9997,0.0242,0,-0.0902,0.0233,-0.9956,0,-0.1086,199.9475,-1.3116,1]},
{"frame":18,"values":[0.9959,0.0112,-0.09,0,-0.0091,0.9997,0.024,0,-0.0902,0.0231,-0.9957,0,-0.1001,199.9493,-1.3025,1]},
{"frame":19,"values":[0.9959,0.0109,-0.0898,0,-0.0088,0.9997,0.0237,0,-0.09,0.0228,-0.9957,0,-0.0915,199.9511,-1.2934,1]},
{"frame":20,"values":[0.9959,0.0106,-0.0896,0,-0.0085,0.9997,0.0234,0,-0.0898,0.0226,-0.9957,0,-0.083,199.9529,-1.2842,1]},
{"frame":21,"values":[0.996,0.0094,-0.0892,0,-0.0074,0.9997,0.0232,0,-0.0894,0.0224,-0.9957,0,-0.0744,199.9547,-1.3639,1]},
{"frame":22,"values":[0.996,0.0083,-0.0888,0,-0.0062,0.9997,0.0229,0,-0.089,0.0223,-0.9958,0,-0.0659,199.9565,-1.4436,1]},
{"frame":23,"values":[0.9961,0.0071,-0.0885,0,-0.0051,0.9997,0.0226,0,-0.0886,0.0221,-0.9958,0,-0.0573,199.9583,-1.5233,1]},
{"frame":24,"values":[0.9961,0.0059,-0.0881,0,-0.004,0.9997,0.0224,0,-0.0882,0.0219,-0.9959,0,-0.0679,199.9601,-1.603,1]},
{"frame":25,"values":[0.9961,0.0047,-0.0877,0,-0.0028,0.9998,0.0221,0,-0.0878,0.0218,-0.9959,0,-0.0785,199.9619,-1.6827,1]},
{"frame":26,"values":[0.9962,0.0036,-0.0874,0,-0.0017,0.9998,0.0218,0,-0.0874,0.0216,-0.9959,0,-0.0891,199.9637,-1.7623,1]},
{"frame":27,"values":[0.9962,0.0024,-0.087,0,-0.0005,0.9998,0.0216,0,-0.0871,0.0215,-0.996,0,-0.0997,199.9655,-1.842,1]},
{"frame":28,"values":[0.9962,0.0012,-0.0867,0,0.0006,0.9998,0.0213,0,-0.0867,0.0213,-0.996,0,-0.1102,199.966,-1.9217,1]},
{"frame":29,"values":[0.9963,0.0001,-0.0863,0,0.0018,0.9998,0.0211,0,-0.0863,0.0211,-0.996,0,-0.0322,199.9664,-2.0014,1]},
{"frame":30,"values":[0.9963,-0.0011,-0.0859,0,0.0029,0.9998,0.0208,0,-0.0859,0.021,-0.9961,0,0.0458,199.9669,-2.0811,1]},
{"frame":31,"values":[0.9961,-0.0023,-0.0883,0,0.0042,0.9998,0.0219,0,-0.0882,0.0221,-0.9959,0,0.1238,199.9673,-2.1608,1]},
{"frame":32,"values":[0.9959,-0.0034,-0.0906,0,0.0055,0.9997,0.0229,0,-0.0905,0.0233,-0.9956,0,0.2018,199.9677,-2.2404,1]},
{"frame":33,"values":[0.9957,-0.0046,-0.0929,0,0.0069,0.9997,0.024,0,-0.0927,0.0245,-0.9954,0,0.2798,199.9682,-2.3201,1]},
{"frame":34,"values":[0.9955,-0.0041,-0.0952,0,0.0061,0.9997,0.0217,0,-0.0951,0.0222,-0.9952,0,0.3578,199.9686,-2.3998,1]},
{"frame":35,"values":[0.9952,-0.0035,-0.0975,0,0.0054,0.9998,0.0194,0,-0.0974,0.0198,-0.995,0,0.4358,199.9691,-2.4795,1]},
{"frame":36,"values":[0.995,-0.003,-0.0998,0,0.0047,0.9998,0.0171,0,-0.0997,0.0175,-0.9949,0,0.5138,199.9695,-2.5592,1]},
{"frame":37,"values":[0.9948,-0.0024,-0.1021,0,0.004,0.9999,0.0148,0,-0.1021,0.0151,-0.9947,0,0.5918,199.9699,-2.6389,1]},
{"frame":38,"values":[0.9945,-0.0019,-0.1044,0,0.0032,0.9999,0.0125,0,-0.1044,0.0128,-0.9945,0,0.6698,199.9704,-2.7185,1]},
{"frame":39,"values":[0.995,-0.0014,-0.0996,0,0.0024,0.9999,0.0102,0,-0.0996,0.0104,-0.995,0,0.7478,199.9708,-2.7982,1]},
{"frame":40,"values":[0.9955,-0.0008,-0.0948,0,0.0016,1,0.0079,0,-0.0948,0.0081,-0.9955,0,0.6841,199.9713,-2.8779,1]},
{"frame":41,"values":[0.9959,-0.0021,-0.09,0,0.0026,1,0.0057,0,-0.09,0.0059,-0.9959,0,0.6205,199.9717,-2.9576,1]},
{"frame":42,"values":[0.9964,-0.0034,-0.0851,0,0.0037,1,0.0034,0,-0.0851,0.0037,-0.9964,0,0.5568,199.9701,-3.0373,1]},
{"frame":43,"values":[0.9968,-0.0047,-0.0803,0,0.0048,1,0.0011,0,-0.0803,0.0014,-0.9968,0,0.4932,199.9686,-3.117,1]},
{"frame":44,"values":[0.9971,-0.006,-0.0755,0,0.006,1,-0.0012,0,-0.0755,-0.0008,-0.9971,0,0.4296,199.967,-3.1966,1]},
{"frame":45,"values":[0.9975,-0.0073,-0.0707,0,0.0071,1,-0.0035,0,-0.0707,-0.003,-0.9975,0,0.3659,199.9654,-3.2763,1]},
{"frame":46,"values":[0.9978,-0.0086,-0.0658,0,0.0082,0.9999,-0.0058,0,-0.0659,-0.0053,-0.9978,0,0.3023,199.9638,-3.356,1]},
{"frame":47,"values":[0.9981,-0.0099,-0.061,0,0.0094,0.9999,-0.0081,0,-0.0611,-0.0075,-0.9981,0,0.2386,199.9622,-3.4357,1]},
{"frame":48,"values":[0.998,-0.0111,-0.0624,0,0.0105,0.9999,-0.0104,0,-0.0625,-0.0097,-0.998,0,0.175,199.9606,-3.5154,1]},
{"frame":49,"values":[0.9979,-0.0124,-0.0638,0,0.0117,0.9999,-0.0127,0,-0.064,-0.0119,-0.9979,0,0.1113,199.9591,-3.5951,1]},
{"frame":50,"values":[0.9978,-0.0121,-0.0653,0,0.0112,0.9998,-0.015,0,-0.0654,-0.0142,-0.9978,0,0.1329,199.9575,-3.6747,1]},
{"frame":51,"values":[0.9977,-0.0119,-0.0667,0,0.0107,0.9998,-0.0173,0,-0.0669,-0.0165,-0.9976,0,0.1544,199.9559,-3.7544,1]},
{"frame":52,"values":[0.9976,-0.0116,-0.0681,0,0.0103,0.9998,-0.0196,0,-0.0683,-0.0188,-0.9975,0,0.1759,199.9543,-3.8341,1]},
{"frame":53,"values":[0.9975,-0.0113,-0.0696,0,0.0098,0.9997,-0.0218,0,-0.0698,-0.0211,-0.9973,0,0.1974,199.9527,-3.9138,1]},
{"frame":54,"values":[0.9974,-0.012,-0.071,0,0.0103,0.9997,-0.0241,0,-0.0712,-0.0233,-0.9972,0,0.2189,199.9512,-3.9935,1]},
{"frame":55,"values":[0.9974,-0.0127,-0.0703,0,0.0109,0.9996,-0.0264,0,-0.0706,-0.0256,-0.9972,0,0.2404,199.9496,-4.0732,1]},
{"frame":56,"values":[0.9975,-0.0134,-0.0695,0,0.0117,0.9996,-0.0254,0,-0.0699,-0.0246,-0.9973,0,0.2619,199.948,-4.1528,1]},
{"frame":57,"values":[0.9975,-0.0141,-0.0688,0,0.0125,0.9996,-0.0245,0,-0.0692,-0.0235,-0.9973,0,0.2835,199.9464,-4.2325,1]},
{"frame":58,"values":[0.9975,-0.0148,-0.0697,0,0.0132,0.9996,-0.0235,0,-0.07,-0.0225,-0.9973,0,0.305,199.9448,-4.3122,1]},
{"frame":59,"values":[0.9974,-0.0155,-0.0705,0,0.014,0.9996,-0.0225,0,-0.0709,-0.0214,-0.9973,0,0.3265,199.9433,-4.3919,1]},
{"frame":60,"values":[0.9973,-0.0162,-0.0714,0,0.0147,0.9997,-0.0215,0,-0.0717,-0.0204,-0.9972,0,0.348,199.9417,-4.4716,1]},
{"frame":61,"values":[0.9972,-0.0169,-0.0722,0,0.0155,0.9997,-0.0205,0,-0.0726,-0.0193,-0.9972,0,0.3695,199.9401,-4.5513,1]},
{"frame":62,"values":[0.9972,-0.0166,-0.0731,0,0.0153,0.9997,-0.0195,0,-0.0734,-0.0183,-0.9971,0,0.391,199.9385,-4.6309,1]},
{"frame":63,"values":[0.9971,-0.0163,-0.0739,0,0.0149,0.9997,-0.02,0,-0.0742,-0.0188,-0.9971,0,0.4125,199.9369,-4.7106,1]},
{"frame":64,"values":[0.9971,-0.016,-0.0748,0,0.0146,0.9997,-0.0204,0,-0.0751,-0.0193,-0.997,0,0.4341,199.9353,-4.7903,1]},
{"frame":65,"values":[0.997,-0.0157,-0.0756,0,0.0142,0.9997,-0.0209,0,-0.0759,-0.0198,-0.9969,0,0.4556,199.9338,-4.87,1]},
{"frame":66,"values":[0.997,-0.0154,-0.0752,0,0.0139,0.9997,-0.0214,0,-0.0755,-0.0203,-0.9969,0,0.4771,199.9322,-4.9497,1]},
{"frame":67,"values":[0.9971,-0.0157,-0.0748,0,0.0141,0.9997,-0.0219,0,-0.0752,-0.0208,-0.997,0,0.4986,199.9306,-5.0294,1]},
{"frame":68,"values":[0.9971,-0.0159,-0.0744,0,0.0143,0.9997,-0.0218,0,-0.0748,-0.0207,-0.997,0,0.5201,199.929,-5.109,1]},
{"frame":69,"values":[0.9971,-0.0161,-0.074,0,0.0145,0.9997,-0.0217,0,-0.0744,-0.0206,-0.997,0,0.5416,199.9274,-5.1887,1]},
{"frame":70,"values":[0.9972,-0.0158,-0.0737,0,0.0142,0.9997,-0.0216,0,-0.074,-0.0205,-0.997,0,0.5631,199.9259,-5.2684,1]},
{"frame":71,"values":[0.9972,-0.0155,-0.0733,0,0.0139,0.9997,-0.022,0,-0.0736,-0.0209,-0.9971,0,0.5847,199.9243,-5.3481,1]},
{"frame":72,"values":[0.9972,-0.0151,-0.0729,0,0.0135,0.9997,-0.0223,0,-0.0732,-0.0213,-0.9971,0,0.6062,199.9227,-5.2897,1]},
{"frame":73,"values":[0.9973,-0.0148,-0.0725,0,0.0132,0.9997,-0.0227,0,-0.0728,-0.0217,-0.9971,0,0.6277,199.9211,-5.2312,1]},
{"frame":74,"values":[0.9972,-0.0145,-0.0727,0,0.0129,0.9997,-0.023,0,-0.073,-0.022,-0.9971,0,0.6492,199.9195,-5.1728,1]},
{"frame":75,"values":[0.9972,-0.0142,-0.0729,0,0.0125,0.9996,-0.0234,0,-0.0732,-0.0224,-0.9971,0,0.6707,199.918,-5.1144,1]},
{"frame":76,"values":[0.9972,-0.0139,-0.0731,0,0.0122,0.9996,-0.0237,0,-0.0734,-0.0228,-0.997,0,0.6922,199.9164,-5.056,1]},
{"frame":77,"values":[0.9972,-0.0136,-0.0734,0,0.0119,0.9996,-0.0241,0,-0.0737,-0.0232,-0.997,0,0.7137,199.9148,-4.9975,1]},
{"frame":78,"values":[0.9972,-0.0137,-0.0736,0,0.0121,0.9997,-0.023,0,-0.0739,-0.0221,-0.997,0,0.7353,199.9132,-4.9391,1]},
{"frame":79,"values":[0.9972,-0.0139,-0.0738,0,0.0123,0.9997,-0.0219,0,-0.0741,-0.021,-0.997,0,0.7568,199.9116,-4.8807,1]},
{"frame":80,"values":[0.9972,-0.0138,-0.074,0,0.0123,0.9997,-0.0209,0,-0.0743,-0.0199,-0.997,0,0.7783,199.91,-4.8223,1]},
{"frame":81,"values":[0.9971,-0.0137,-0.0742,0,0.0122,0.9997,-0.0198,0,-0.0745,-0.0188,-0.997,0,0.7998,199.9085,-4.7638,1]},
{"frame":82,"values":[0.9971,-0.0136,-0.0745,0,0.0122,0.9998,-0.0187,0,-0.0747,-0.0178,-0.997,0,0.8213,199.9069,-4.7054,1]},
{"frame":83,"values":[0.9971,-0.0135,-0.0747,0,0.0122,0.9998,-0.0176,0,-0.0749,-0.0167,-0.9971,0,0.8428,199.9053,-4.647,1]},
{"frame":84,"values":[0.9971,-0.0133,-0.0749,0,0.0121,0.9998,-0.0166,0,-0.0751,-0.0156,-0.9971,0,0.8643,199.9037,-4.5886,1]},
{"frame":85,"values":[0.9971,-0.0132,-0.0751,0,0.0121,0.9998,-0.0155,0,-0.0753,-0.0145,-0.9971,0,0.8859,199.9022,-4.5301,1]},
{"frame":86,"values":[0.9971,-0.0131,-0.0753,0,0.0121,0.9998,-0.0144,0,-0.0755,-0.0135,-0.9971,0,0.9074,199.9006,-4.4717,1]},
{"frame":87,"values":[0.9971,-0.0132,-0.0756,0,0.0122,0.9998,-0.0133,0,-0.0757,-0.0124,-0.9971,0,0.9289,199.899,-4.4133,1]},
{"frame":88,"values":[0.9971,-0.0133,-0.0745,0,0.0124,0.9998,-0.0123,0,-0.0747,-0.0113,-0.9971,0,0.9504,199.8974,-4.3548,1]},
{"frame":89,"values":[0.9972,-0.0131,-0.0735,0,0.0123,0.9999,-0.0112,0,-0.0736,-0.0103,-0.9972,0,0.9259,199.8958,-4.2964,1]},
{"frame":90,"values":[0.9973,-0.013,-0.0724,0,0.0123,0.9999,-0.0101,0,-0.0725,-0.0092,-0.9973,0,0.9014,199.8942,-4.238,1]},
{"frame":91,"values":[0.9974,-0.0131,-0.0714,0,0.0125,0.9999,-0.0091,0,-0.0715,-0.0081,-0.9974,0,0.8768,199.8927,-4.1796,1]},
{"frame":92,"values":[0.9974,-0.0132,-0.0703,0,0.0127,0.9999,-0.008,0,-0.0704,-0.0071,-0.9975,0,0.8523,199.8911,-4.1211,1]},
{"frame":93,"values":[0.9974,-0.0115,-0.0707,0,0.011,0.9999,-0.0069,0,-0.0707,-0.0061,-0.9975,0,0.8278,199.8895,-4.0627,1]},
{"frame":94,"values":[0.9974,-0.0098,-0.071,0,0.0094,0.9999,-0.0058,0,-0.0711,-0.0051,-0.9975,0,0.8033,199.8879,-4.0043,1]},
{"frame":95,"values":[0.9976,-0.008,-0.0693,0,0.0077,1,-0.0047,0,-0.0693,-0.0042,-0.9976,0,0.7788,199.8863,-3.9459,1]},
{"frame":96,"values":[0.9977,-0.0063,-0.0675,0,0.0061,1,-0.0037,0,-0.0676,-0.0033,-0.9977,0,0.7542,199.8848,-3.8874,1]},
{"frame":97,"values":[0.9978,-0.0046,-0.0658,0,0.0045,1,-0.0026,0,-0.0658,-0.0023,-0.9978,0,0.7297,199.8832,-3.829,1]},
{"frame":98,"values":[0.9977,-0.0029,-0.0678,0,0.0028,1,-0.0015,0,-0.0678,-0.0013,-0.9977,0,0.7052,199.8816,-3.7706,1]},
{"frame":99,"values":[0.9976,-0.0012,-0.0698,0,0.0012,1,-0.0005,0,-0.0698,-0.0004,-0.9976,0,0.6807,199.88,-3.7122,1]},
{"frame":100,"values":[0.9974,0.0005,-0.0718,0,-0.0005,1,0.0006,0,-0.0718,0.0006,-0.9974,0,0.6824,199.8784,-3.6537,1]},
{"frame":101,"values":[0.9973,0.0022,-0.0738,0,-0.0021,1,0.0017,0,-0.0738,0.0015,-0.9973,0,0.6478,199.8768,-3.5953,1]},
{"frame":102,"values":[0.9971,0.0039,-0.0758,0,-0.0037,1,0.0028,0,-0.0758,0.0025,-0.9971,0,0.6132,199.8753,-3.5369,1]},
{"frame":103,"values":[0.997,0.0034,-0.0778,0,-0.0031,1,0.0038,0,-0.0778,0.0036,-0.997,0,0.5786,199.8737,-3.4785,1]},
{"frame":104,"values":[0.9968,0.0028,-0.0798,0,-0.0025,1,0.0049,0,-0.0798,0.0047,-0.9968,0,0.544,199.8721,-3.42,1]},
{"frame":105,"values":[0.9966,0.0023,-0.0818,0,-0.0018,1,0.006,0,-0.0819,0.0058,-0.9966,0,0.5094,199.8705,-3.3616,1]},
{"frame":106,"values":[0.9965,0.0018,-0.0838,0,-0.0012,1,0.0071,0,-0.0839,0.0069,-0.9965,0,0.4747,199.869,-3.3807,1]},
{"frame":107,"values":[0.9966,0.0012,-0.0824,0,-0.0005,1,0.0081,0,-0.0824,0.0081,-0.9966,0,0.4401,199.8674,-3.3999,1]},
{"frame":108,"values":[0.9967,0.0007,-0.081,0,0.0001,1,0.0092,0,-0.081,0.0092,-0.9967,0,0.4055,199.8658,-3.419,1]},
{"frame":109,"values":[0.9968,0.0015,-0.0796,0,-0.0007,0.9999,0.0103,0,-0.0796,0.0102,-0.9968,0,0.3709,199.8642,-3.2768,1]},
{"frame":110,"values":[0.9969,0.0023,-0.0782,0,-0.0014,0.9999,0.0114,0,-0.0782,0.0112,-0.9969,0,0.3363,199.8695,-3.1345,1]},
{"frame":111,"values":[0.997,0.0031,-0.0768,0,-0.0021,0.9999,0.0124,0,-0.0768,0.0122,-0.997,0,0.3017,199.8747,-2.9923,1]},
{"frame":112,"values":[0.9969,0.0039,-0.078,0,-0.0028,0.9999,0.0135,0,-0.0781,0.0132,-0.9969,0,0.2671,199.88,-2.85,1]},
{"frame":113,"values":[0.9968,0.0047,-0.0793,0,-0.0035,0.9999,0.0146,0,-0.0793,0.0143,-0.9967,0,0.2324,199.8853,-2.7078,1]},
{"frame":114,"values":[0.9967,0.0055,-0.0805,0,-0.0042,0.9999,0.0157,0,-0.0806,0.0153,-0.9966,0,0.1978,199.8905,-2.5655,1]},
{"frame":115,"values":[0.9966,0.0063,-0.0817,0,-0.0049,0.9998,0.0167,0,-0.0818,0.0163,-0.9965,0,0.1632,199.8958,-2.4233,1]},
{"frame":116,"values":[0.9965,0.0071,-0.083,0,-0.0056,0.9998,0.0178,0,-0.0831,0.0173,-0.9964,0,0.1286,199.9011,-2.2811,1]},
{"frame":117,"values":[0.9966,0.0079,-0.0826,0,-0.0064,0.9998,0.0189,0,-0.0827,0.0183,-0.9964,0,0.094,199.9063,-2.1388,1]},
{"frame":118,"values":[0.9966,0.0087,-0.0822,0,-0.0071,0.9998,0.02,0,-0.0824,0.0193,-0.9964,0,0.0594,199.9116,-1.9966,1]},
{"frame":119,"values":[0.9965,0.0095,-0.0834,0,-0.0078,0.9997,0.021,0,-0.0836,0.0203,-0.9963,0,0.0248,199.9169,-1.8543,1]},
{"frame":120,"values":[0.9964,0.0103,-0.0846,0,-0.0085,0.9997,0.0221,0,-0.0848,0.0213,-0.9962,0,-0.0099,199.9221,-1.7121,1]},
{"frame":121,"values":[0.9962,0.0111,-0.0858,0,-0.0092,0.9997,0.0232,0,-0.086,0.0223,-0.996,0,-0.0445,199.9274,-1.5698,1]},
{"frame":122,"values":[0.9961,0.0119,-0.087,0,-0.0098,0.9997,0.0242,0,-0.0873,0.0233,-0.9959,0,-0.0791,199.9326,-1.4276,1]},
{"frame":123,"values":[0.996,0.0126,-0.0888,0,-0.0104,0.9996,0.0246,0,-0.0891,0.0236,-0.9957,0,-0.1456,199.9379,-1.3864,1]}],"loopBehavior":1,"name":"anim","property":"_matrix"}},
{"name":"mixamorig:Spine","index":1,"matrix":[1,0.0009,0.0027,0,-0.0009,1,0.0048,0,-0.0027,-0.0048,1,0,0.0062,19.525,-2.4818,1],"rest":[1,0,0,0,0,1,0,0,0,0,1,0,0.0062,19.525,-2.4818,1],"parentBoneIndex":0,"length":23.0091
,"animation":{"dataType":3,"framePerSecond":24,"keys":[
{"frame":1,"values":[1,0.0022,0.0028,0,-0.0022,1,0.0048,0,-0.0028,-0.0048,1,0,0.0062,19.525,-2.4818,1]},
{"frame":2,"values":[1,0.0022,0.0028,0,-0.0022,1,0.0049,0,-0.0028,-0.0049,1,0,0.0062,19.525,-2.4818,1]},
{"frame":3,"values":[1,0.0022,0.0028,0,-0.0023,1,0.0049,0,-0.0028,-0.0049,1,0,0.0062,19.525,-2.4818,1]},
{"frame":4,"values":[1,0.0023,0.0028,0,-0.0023,1,0.005,0,-0.0028,-0.005,1,0,0.0062,19.525,-2.4818,1]},
{"frame":5,"values":[1,0.0023,0.0029,0,-0.0023,1,0.005,0,-0.0029,-0.005,1,0,0.0062,19.525,-2.4818,1]},
{"frame":6,"values":[1,0.0023,0.0029,0,-0.0023,1,0.0051,0,-0.0029,-0.0051,1,0,0.0062,19.525,-2.4818,1]},
{"frame":8,"values":[1,0.0023,0.0028,0,-0.0024,1,0.0051,0,-0.0028,-0.0051,1,0,0.0062,19.525,-2.4818,1]},
{"frame":9,"values":[1,0.0024,0.0028,0,-0.0024,1,0.0052,0,-0.0028,-0.0052,1,0,0.0062,19.525,-2.4818,1]},
{"frame":10,"values":[1,0.0024,0.0027,0,-0.0024,1,0.0052,0,-0.0027,-0.0052,1,0,0.0062,19.525,-2.4818,1]},
{"frame":11,"values":[1,0.0024,0.0026,0,-0.0024,1,0.0052,0,-0.0026,-0.0052,1,0,0.0062,19.525,-2.4818,1]},
{"frame":12,"values":[1,0.0024,0.0026,0,-0.0024,1,0.0052,0,-0.0026,-0.0053,1,0,0.0062,19.525,-2.4818,1]},
{"frame":13,"values":[1,0.0024,0.0025,0,-0.0025,1,0.0053,0,-0.0025,-0.0053,1,0,0.0062,19.525,-2.4818,1]},
{"frame":14,"values":[1,0.0025,0.0024,0,-0.0025,1,0.0053,0,-0.0024,-0.0053,1,0,0.0062,19.525,-2.4818,1]},
{"frame":15,"values":[1,0.0025,0.0024,0,-0.0025,1,0.0053,0,-0.0024,-0.0054,1,0,0.0062,19.525,-2.4818,1]},
{"frame":16,"values":[1,0.0025,0.0023,0,-0.0025,1,0.0054,0,-0.0023,-0.0054,1,0,0.0062,19.525,-2.4818,1]},
{"frame":17,"values":[1,0.0025,0.0022,0,-0.0025,1,0.0054,0,-0.0022,-0.0054,1,0,0.0062,19.525,-2.4818,1]},
{"frame":18,"values":[1,0.0025,0.0022,0,-0.0026,1,0.0054,0,-0.0022,-0.0055,1,0,0.0062,19.525,-2.4818,1]},
{"frame":19,"values":[1,0.0026,0.0021,0,-0.0026,1,0.0055,0,-0.0021,-0.0055,1,0,0.0062,19.525,-2.4818,1]},
{"frame":20,"values":[1,0.0025,0.002,0,-0.0025,1,0.0055,0,-0.002,-0.0055,1,0,0.0062,19.525,-2.4818,1]},
{"frame":22,"values":[1,0.0024,0.0019,0,-0.0024,1,0.0056,0,-0.0019,-0.0056,1,0,0.0062,19.525,-2.4818,1]},
{"frame":23,"values":[1,0.0024,0.0018,0,-0.0024,1,0.0056,0,-0.0018,-0.0056,1,0,0.0062,19.525,-2.4818,1]},
{"frame":24,"values":[1,0.0024,0.0018,0,-0.0024,1,0.0058,0,-0.0018,-0.0058,1,0,0.0062,19.525,-2.4818,1]},
{"frame":25,"values":[1,0.0023,0.0017,0,-0.0023,1,0.0059,0,-0.0017,-0.0059,1,0,0.0062,19.525,-2.4818,1]},
{"frame":26,"values":[1,0.0023,0.0016,0,-0.0023,1,0.006,0,-0.0016,-0.006,1,0,0.0062,19.525,-2.4818,1]},
{"frame":27,"values":[1,0.002,0.0016,0,-0.002,1,0.0062,0,-0.0016,-0.0062,1,0,0.0062,19.525,-2.4818,1]},
{"frame":28,"values":[1,0.0017,0.0015,0,-0.0017,1,0.0063,0,-0.0015,-0.0063,1,0,0.0062,19.525,-2.4818,1]},
{"frame":29,"values":[1,0.0014,0.0014,0,-0.0014,1,0.0065,0,-0.0014,-0.0065,1,0,0.0062,19.525,-2.4818,1]},
{"frame":30,"values":[1,0.0011,0.0014,0,-0.0011,1,0.0066,0,-0.0014,-0.0066,1,0,0.0062,19.525,-2.4818,1]},
{"frame":31,"values":[1,0.0008,0.0013,0,-0.0008,1,0.0067,0,-0.0013,-0.0067,1,0,0.0062,19.525,-2.4818,1]},
{"frame":32,"values":[1,0.0005,0.0012,0,-0.0005,1,0.0069,0,-0.0012,-0.0069,1,0,0.0062,19.525,-2.4818,1]},
{"frame":33,"values":[1,0.0002,0.0012,0,-0.0002,1,0.007,0,-0.0012,-0.007,1,0,0.0062,19.525,-2.4818,1]},
{"frame":34,"values":[1,-0.0001,0.0011,0,0.0001,1,0.0072,0,-0.0011,-0.0072,1,0,0.0062,19.525,-2.4818,1]},
{"frame":35,"values":[1,-0.0004,0.001,0,0.0004,1,0.0073,0,-0.0011,-0.0073,1,0,0.0062,19.525,-2.4818,1]},
{"frame":36,"values":[1,-0.0007,0.001,0,0.0007,1,0.0075,0,-0.001,-0.0075,1,0,0.0062,19.525,-2.4818,1]},
{"frame":37,"values":[1,-0.0011,0.0009,0,0.001,1,0.0076,0,-0.0009,-0.0076,1,0,0.0062,19.525,-2.4818,1]},
{"frame":38,"values":[1,-0.0014,0.0008,0,0.0013,1,0.0077,0,-0.0009,-0.0077,1,0,0.0062,19.525,-2.4818,1]},
{"frame":39,"values":[1,-0.0017,0.0008,0,0.0016,1,0.0079,0,-0.0008,-0.0079,1,0,0.0062,19.525,-2.4818,1]},
{"frame":40,"values":[1,-0.002,0.0007,0,0.0019,1,0.008,0,-0.0007,-0.008,1,0,0.0062,19.525,-2.4818,1]},
{"frame":41,"values":[1,-0.0023,0.0006,0,0.0023,1,0.0082,0,-0.0007,-0.0082,1,0,0.0062,19.525,-2.4818,1]},
{"frame":42,"values":[1,-0.0026,0.0006,0,0.0026,1,0.0083,0,-0.0006,-0.0083,1,0,0.0062,19.525,-2.4818,1]},
{"frame":43,"values":[1,-0.0029,0.0005,0,0.0029,1,0.0085,0,-0.0005,-0.0085,1,0,0.0062,19.525,-2.4818,1]},
{"frame":44,"values":[1,-0.0032,0.0004,0,0.0032,1,0.0086,0,-0.0005,-0.0086,1,0,0.0062,19.525,-2.4818,1]},
{"frame":45,"values":[1,-0.0035,0.0004,0,0.0035,1,0.0087,0,-0.0004,-0.0087,1,0,0.0062,19.525,-2.4818,1]},
{"frame":46,"values":[1,-0.0038,0.0005,0,0.0038,1,0.0089,0,-0.0006,-0.0089,1,0,0.0062,19.525,-2.4818,1]},
{"frame":47,"values":[1,-0.0041,0.0007,0,0.0041,1,0.009,0,-0.0007,-0.009,1,0,0.0062,19.525,-2.4818,1]},
{"frame":48,"values":[1,-0.0041,0.0007,0,0.0041,0.9999,0.0092,0,-0.0007,-0.0092,1,0,0.0062,19.525,-2.4818,1]},
{"frame":49,"values":[1,-0.0041,0.0006,0,0.0041,0.9999,0.0093,0,-0.0006,-0.0093,1,0,0.0062,19.525,-2.4818,1]},
{"frame":50,"values":[1,-0.0041,0.0006,0,0.0041,0.9999,0.0094,0,-0.0006,-0.0094,1,0,0.0062,19.525,-2.4818,1]},
{"frame":51,"values":[1,-0.0041,0.0005,0,0.0041,0.9999,0.0096,0,-0.0005,-0.0096,1,0,0.0062,19.525,-2.4818,1]},
{"frame":52,"values":[1,-0.0041,0.0004,0,0.0041,0.9999,0.0097,0,-0.0005,-0.0097,1,0,0.0062,19.525,-2.4818,1]},
{"frame":53,"values":[1,-0.0041,0.0004,0,0.0041,0.9999,0.0099,0,-0.0004,-0.0099,1,0,0.0062,19.525,-2.4818,1]},
{"frame":54,"values":[1,-0.0042,0.0003,0,0.0042,0.9999,0.01,0,-0.0004,-0.01,0.9999,0,0.0062,19.525,-2.4818,1]},
{"frame":55,"values":[1,-0.0042,0.0003,0,0.0042,0.9999,0.0102,0,-0.0003,-0.0102,0.9999,0,0.0062,19.525,-2.4818,1]},
{"frame":56,"values":[1,-0.0042,0.0002,0,0.0042,0.9999,0.0103,0,-0.0003,-0.0103,0.9999,0,0.0062,19.525,-2.4818,1]},
{"frame":57,"values":[1,-0.0042,0.0004,0,0.0042,0.9999,0.0104,0,-0.0004,-0.0104,0.9999,0,0.0062,19.525,-2.4818,1]},
{"frame":58,"values":[1,-0.0042,0.0006,0,0.0042,0.9999,0.0106,0,-0.0006,-0.0106,0.9999,0,0.0062,19.525,-2.4818,1]},
{"frame":59,"values":[1,-0.0042,0.0007,0,0.0042,0.9999,0.0107,0,-0.0008,-0.0107,0.9999,0,0.0062,19.525,-2.4818,1]},
{"frame":60,"values":[1,-0.0042,0.0005,0,0.0042,0.9999,0.0109,0,-0.0006,-0.0109,0.9999,0,0.0062,19.525,-2.4818,1]},
{"frame":61,"values":[1,-0.0043,0.0003,0,0.0043,0.9999,0.011,0,-0.0004,-0.011,0.9999,0,0.0062,19.525,-2.4818,1]},
{"frame":62,"values":[1,-0.0043,0.0004,0,0.0043,0.9999,0.0112,0,-0.0005,-0.0112,0.9999,0,0.0062,19.525,-2.4818,1]},
{"frame":63,"values":[1,-0.0043,0.0005,0,0.0043,0.9999,0.0113,0,-0.0006,-0.0113,0.9999,0,0.0062,19.525,-2.4818,1]},
{"frame":64,"values":[1,-0.0043,0.0006,0,0.0043,0.9999,0.0114,0,-0.0007,-0.0114,0.9999,0,0.0062,19.525,-2.4818,1]},
{"frame":65,"values":[1,-0.0042,0.0007,0,0.0042,0.9999,0.0116,0,-0.0008,-0.0116,0.9999,0,0.0062,19.525,-2.4818,1]},
{"frame":66,"values":[1,-0.0042,0.0008,0,0.0042,0.9999,0.0117,0,-0.0009,-0.0117,0.9999,0,0.0062,19.525,-2.4818,1]},
{"frame":67,"values":[1,-0.0041,0.0009,0,0.0041,0.9999,0.0119,0,-0.001,-0.0119,0.9999,0,0.0062,19.525,-2.4818,1]},
{"frame":68,"values":[1,-0.0041,0.001,0,0.0041,0.9999,0.012,0,-0.0011,-0.012,0.9999,0,0.0062,19.525,-2.4818,1]},
{"frame":69,"values":[1,-0.0041,0.0011,0,0.004,0.9999,0.0121,0,-0.0012,-0.0121,0.9999,0,0.0062,19.525,-2.4818,1]},
{"frame":70,"values":[1,-0.004,0.0012,0,0.004,0.9999,0.0121,0,-0.0012,-0.0121,0.9999,0,0.0062,19.525,-2.4818,1]},
{"frame":71,"values":[1,-0.004,0.0012,0,0.0039,0.9999,0.0121,0,-0.0012,-0.0121,0.9999,0,0.0062,19.525,-2.4818,1]},
{"frame":72,"values":[1,-0.0039,0.0012,0,0.0039,0.9999,0.012,0,-0.0013,-0.012,0.9999,0,0.0062,19.525,-2.4818,1]},
{"frame":73,"values":[1,-0.0039,0.0012,0,0.0038,0.9999,0.0121,0,-0.0013,-0.0121,0.9999,0,0.0062,19.525,-2.4818,1]},
{"frame":74,"values":[1,-0.0038,0.0013,0,0.0038,0.9999,0.0122,0,-0.0013,-0.0122,0.9999,0,0.0062,19.525,-2.4818,1]},
{"frame":75,"values":[1,-0.0038,0.0013,0,0.0037,0.9999,0.0123,0,-0.0013,-0.0123,0.9999,0,0.0062,19.525,-2.4818,1]},
{"frame":76,"values":[1,-0.0037,0.0013,0,0.0037,0.9999,0.0125,0,-0.0014,-0.0124,0.9999,0,0.0062,19.525,-2.4818,1]},
{"frame":77,"values":[1,-0.0037,0.0013,0,0.0036,0.9999,0.0126,0,-0.0014,-0.0126,0.9999,0,0.0062,19.525,-2.4818,1]},
{"frame":78,"values":[1,-0.0036,0.0014,0,0.0036,0.9999,0.0127,0,-0.0014,-0.0127,0.9999,0,0.0062,19.525,-2.4818,1]},
{"frame":79,"values":[1,-0.0036,0.0014,0,0.0035,0.9999,0.0128,0,-0.0014,-0.0128,0.9999,0,0.0062,19.525,-2.4818,1]},
{"frame":80,"values":[1,-0.0035,0.0014,0,0.0035,0.9999,0.0129,0,-0.0015,-0.0129,0.9999,0,0.0062,19.525,-2.4818,1]},
{"frame":81,"values":[1,-0.0035,0.0014,0,0.0034,0.9999,0.013,0,-0.0015,-0.013,0.9999,0,0.0062,19.525,-2.4818,1]},
{"frame":82,"values":[1,-0.0034,0.0015,0,0.0034,0.9999,0.0128,0,-0.0015,-0.0128,0.9999,0,0.0062,19.525,-2.4818,1]},
{"frame":83,"values":[1,-0.0034,0.0015,0,0.0033,0.9999,0.0126,0,-0.0015,-0.0126,0.9999,0,0.0062,19.525,-2.4818,1]},
{"frame":84,"values":[1,-0.0033,0.0015,0,0.0033,0.9999,0.0124,0,-0.0016,-0.0124,0.9999,0,0.0062,19.525,-2.4818,1]},
{"frame":85,"values":[1,-0.0033,0.0015,0,0.0032,0.9999,0.0123,0,-0.0016,-0.0122,0.9999,0,0.0062,19.525,-2.4818,1]},
{"frame":86,"values":[1,-0.0032,0.0016,0,0.0032,0.9999,0.0121,0,-0.0016,-0.0121,0.9999,0,0.0062,19.525,-2.4818,1]},
{"frame":87,"values":[1,-0.0032,0.0017,0,0.0031,0.9999,0.0119,0,-0.0018,-0.0119,0.9999,0,0.0062,19.525,-2.4818,1]},
{"frame":88,"values":[1,-0.0029,0.0019,0,0.0029,0.9999,0.0117,0,-0.0019,-0.0117,0.9999,0,0.0062,19.525,-2.4818,1]},
{"frame":89,"values":[1,-0.0026,0.0021,0,0.0026,0.9999,0.0115,0,-0.0021,-0.0115,0.9999,0,0.0062,19.525,-2.4818,1]},
{"frame":90,"values":[1,-0.0024,0.0023,0,0.0024,0.9999,0.0113,0,-0.0023,-0.0113,0.9999,0,0.0062,19.525,-2.4818,1]},
{"frame":91,"values":[1,-0.0021,0.0024,0,0.0021,0.9999,0.0111,0,-0.0025,-0.0111,0.9999,0,0.0062,19.525,-2.4818,1]},
{"frame":92,"values":[1,-0.0019,0.0026,0,0.0018,0.9999,0.011,0,-0.0026,-0.0109,0.9999,0,0.0062,19.525,-2.4818,1]},
{"frame":93,"values":[1,-0.0016,0.0028,0,0.0016,0.9999,0.0108,0,-0.0028,-0.0108,0.9999,0,0.0062,19.525,-2.4818,1]},
{"frame":94,"values":[1,-0.0013,0.0029,0,0.0013,0.9999,0.0106,0,-0.003,-0.0106,0.9999,0,0.0062,19.525,-2.4818,1]},
{"frame":95,"values":[1,-0.0011,0.0031,0,0.001,0.9999,0.0104,0,-0.0031,-0.0104,0.9999,0,0.0062,19.525,-2.4818,1]},
{"frame":96,"values":[1,-0.0008,0.0032,0,0.0008,0.9999,0.0102,0,-0.0032,-0.0102,0.9999,0,0.0062,19.525,-2.4818,1]},
{"frame":97,"values":[1,-0.0006,0.0033,0,0.0005,0.9999,0.01,0,-0.0033,-0.01,0.9999,0,0.0062,19.525,-2.4818,1]},
{"frame":98,"values":[1,-0.0003,0.0034,0,0.0003,1,0.0098,0,-0.0034,-0.0098,0.9999,0,0.0062,19.525,-2.4818,1]},
{"frame":99,"values":[1,0,0.0035,0,0,1,0.0097,0,-0.0035,-0.0097,0.9999,0,0.0062,19.525,-2.4818,1]},
{"frame":100,"values":[1,0.0002,0.0036,0,-0.0003,1,0.0097,0,-0.0036,-0.0097,0.9999,0,0.0062,19.525,-2.4818,1]},
{"frame":101,"values":[1,0.0004,0.0037,0,-0.0004,1,0.0094,0,-0.0037,-0.0094,0.9999,0,0.0062,19.525,-2.4818,1]},
{"frame":102,"values":[1,0.0005,0.0038,0,-0.0005,1,0.0092,0,-0.0038,-0.0092,1,0,0.0062,19.525,-2.4818,1]},
{"frame":103,"values":[1,0.0006,0.0039,0,-0.0007,1,0.009,0,-0.0039,-0.009,1,0,0.0062,19.525,-2.4818,1]},
{"frame":104,"values":[1,0.0007,0.004,0,-0.0008,1,0.0088,0,-0.004,-0.0088,1,0,0.0062,19.525,-2.4818,1]},
{"frame":105,"values":[1,0.0009,0.0041,0,-0.0009,1,0.0086,0,-0.0041,-0.0086,1,0,0.0062,19.525,-2.4818,1]},
{"frame":106,"values":[1,0.0009,0.0042,0,-0.0009,1,0.0083,0,-0.0042,-0.0083,1,0,0.0062,19.525,-2.4818,1]},
{"frame":107,"values":[1,0.0009,0.0037,0,-0.0009,1,0.0081,0,-0.0036,-0.0081,1,0,0.0062,19.525,-2.4818,1]},
{"frame":108,"values":[1,0.0009,0.0031,0,-0.0009,1,0.0079,0,-0.0031,-0.0079,1,0,0.0062,19.525,-2.4818,1]},
{"frame":109,"values":[1,0.0009,0.0026,0,-0.0009,1,0.0077,0,-0.0026,-0.0077,1,0,0.0062,19.525,-2.4818,1]},
{"frame":110,"values":[1,0.0009,0.0021,0,-0.0009,1,0.0075,0,-0.0021,-0.0075,1,0,0.0062,19.525,-2.4818,1]},
{"frame":111,"values":[1,0.0009,0.0021,0,-0.0009,1,0.0072,0,-0.0021,-0.0072,1,0,0.0062,19.525,-2.4818,1]},
{"frame":112,"values":[1,0.0009,0.0022,0,-0.0009,1,0.007,0,-0.0022,-0.007,1,0,0.0062,19.525,-2.4818,1]},
{"frame":113,"values":[1,0.0009,0.0022,0,-0.0009,1,0.0068,0,-0.0022,-0.0068,1,0,0.0062,19.525,-2.4818,1]},
{"frame":114,"values":[1,0.0009,0.0023,0,-0.0009,1,0.0066,0,-0.0023,-0.0066,1,0,0.0062,19.525,-2.4818,1]},
{"frame":115,"values":[1,0.0009,0.0024,0,-0.0009,1,0.0064,0,-0.0023,-0.0064,1,0,0.0062,19.525,-2.4818,1]},
{"frame":116,"values":[1,0.0009,0.0024,0,-0.0009,1,0.0061,0,-0.0024,-0.0061,1,0,0.0062,19.525,-2.4818,1]},
{"frame":117,"values":[1,0.0009,0.0025,0,-0.0009,1,0.0059,0,-0.0025,-0.0059,1,0,0.0062,19.525,-2.4818,1]},
{"frame":118,"values":[1,0.0009,0.0025,0,-0.0009,1,0.0057,0,-0.0025,-0.0057,1,0,0.0062,19.525,-2.4818,1]},
{"frame":119,"values":[1,0.0009,0.0026,0,-0.0009,1,0.0055,0,-0.0026,-0.0055,1,0,0.0062,19.525,-2.4818,1]},
{"frame":120,"values":[1,0.0009,0.0026,0,-0.0009,1,0.0053,0,-0.0026,-0.0053,1,0,0.0062,19.525,-2.4818,1]},
{"frame":121,"values":[1,0.0009,0.0027,0,-0.0009,1,0.005,0,-0.0027,-0.005,1,0,0.0062,19.525,-2.4818,1]},
{"frame":122,"values":[1,0.0009,0.0027,0,-0.0009,1,0.0048,0,-0.0027,-0.0048,1,0,0.0062,19.525,-2.4818,1]},
{"frame":123,"values":[1,0.0009,0.0027,0,-0.0009,1,0.0048,0,-0.0027,-0.0048,1,0,0.0062,19.525,-2.4818,1]}],"loopBehavior":1,"name":"anim","property":"_matrix"}},
{"name":"mixamorig:Spine1","index":2,"matrix":[1,-0.0029,0.0012,0,0.0029,0.9998,-0.0209,0,-0.0011,0.0209,0.9998,0,-0.0009,22.835,-2.8254,1],"rest":[1,0,0,0,0,1,0,0,0,0,1,0,-0.0009,22.835,-2.8254,1],"parentBoneIndex":1,"length":26.7438
,"animation":{"dataType":3,"framePerSecond":24,"keys":[
{"frame":1,"values":[1,-0.0029,0.0012,0,0.0029,0.9998,-0.0209,0,-0.0011,0.0209,0.9998,0,-0.0009,22.835,-2.8254,1]},
{"frame":3,"values":[1,-0.003,0.0012,0,0.003,0.9998,-0.0209,0,-0.0011,0.021,0.9998,0,-0.0009,22.835,-2.8254,1]},
{"frame":4,"values":[1,-0.003,0.0012,0,0.003,0.9998,-0.0209,0,-0.0012,0.0209,0.9998,0,-0.0009,22.835,-2.8254,1]},
{"frame":6,"values":[1,-0.003,0.0012,0,0.0031,0.9998,-0.0209,0,-0.0012,0.0209,0.9998,0,-0.0009,22.835,-2.8254,1]},
{"frame":7,"values":[1,-0.0031,0.0012,0,0.0031,0.9998,-0.0209,0,-0.0012,0.0209,0.9998,0,-0.0009,22.835,-2.8254,1]},
{"frame":8,"values":[1,-0.0031,0.0012,0,0.0031,0.9998,-0.0209,0,-0.0011,0.0209,0.9998,0,-0.0009,22.835,-2.8254,1]},
{"frame":11,"values":[1,-0.0031,0.0011,0,0.0032,0.9998,-0.0209,0,-0.0011,0.0209,0.9998,0,-0.0009,22.835,-2.8254,1]},
{"frame":12,"values":[1,-0.0032,0.0011,0,0.0032,0.9998,-0.0209,0,-0.001,0.0209,0.9998,0,-0.0009,22.835,-2.8254,1]},
{"frame":14,"values":[1,-0.0032,0.001,0,0.0032,0.9998,-0.0209,0,-0.001,0.0209,0.9998,0,-0.0009,22.835,-2.8254,1]},
{"frame":15,"values":[1,-0.0032,0.001,0,0.0032,0.9998,-0.0209,0,-0.0009,0.0209,0.9998,0,-0.0009,22.835,-2.8254,1]},
{"frame":16,"values":[1,-0.0032,0.001,0,0.0033,0.9998,-0.0209,0,-0.0009,0.0209,0.9998,0,-0.0009,22.835,-2.8254,1]},
{"frame":17,"values":[1,-0.0033,0.0009,0,0.0033,0.9998,-0.0209,0,-0.0009,0.0209,0.9998,0,-0.0009,22.835,-2.8254,1]},
{"frame":18,"values":[1,-0.0033,0.0009,0,0.0033,0.9998,-0.0209,0,-0.0008,0.0209,0.9998,0,-0.0009,22.835,-2.8254,1]},
{"frame":20,"values":[1,-0.0033,0.0009,0,0.0034,0.9998,-0.0209,0,-0.0008,0.0209,0.9998,0,-0.0009,22.835,-2.8254,1]},
{"frame":21,"values":[1,-0.0034,0.0008,0,0.0034,0.9998,-0.0209,0,-0.0007,0.0209,0.9998,0,-0.0009,22.835,-2.8254,1]},
{"frame":24,"values":[1,-0.0033,0.0007,0,0.0033,0.9998,-0.0209,0,-0.0007,0.0209,0.9998,0,-0.0009,22.835,-2.8254,1]},
{"frame":25,"values":[1,-0.0032,0.0007,0,0.0032,0.9998,-0.0209,0,-0.0006,0.0209,0.9998,0,-0.0009,22.835,-2.8254,1]},
{"frame":26,"values":[1,-0.003,0.0007,0,0.0031,0.9998,-0.021,0,-0.0006,0.021,0.9998,0,-0.0009,22.835,-2.8254,1]},
{"frame":27,"values":[1,-0.0029,0.0006,0,0.0029,0.9998,-0.0212,0,-0.0006,0.0212,0.9998,0,-0.0009,22.835,-2.8254,1]},
{"frame":28,"values":[1,-0.0028,0.0006,0,0.0028,0.9998,-0.0213,0,-0.0005,0.0213,0.9998,0,-0.0009,22.835,-2.8254,1]},
{"frame":29,"values":[1,-0.0027,0.0006,0,0.0027,0.9998,-0.0215,0,-0.0005,0.0215,0.9998,0,-0.0009,22.835,-2.8254,1]},
{"frame":30,"values":[1,-0.0026,0.0005,0,0.0026,0.9998,-0.0217,0,-0.0005,0.0217,0.9998,0,-0.0009,22.835,-2.8254,1]},
{"frame":31,"values":[1,-0.0024,0.0005,0,0.0024,0.9998,-0.0218,0,-0.0005,0.0218,0.9998,0,-0.0009,22.835,-2.8254,1]},
{"frame":32,"values":[1,-0.0023,0.0005,0,0.0023,0.9998,-0.022,0,-0.0004,0.022,0.9998,0,-0.0009,22.835,-2.8254,1]},
{"frame":33,"values":[1,-0.0022,0.0005,0,0.0022,0.9998,-0.0221,0,-0.0004,0.0221,0.9998,0,-0.0009,22.835,-2.8254,1]},
{"frame":34,"values":[1,-0.0021,0.0004,0,0.0021,0.9997,-0.0223,0,-0.0004,0.0223,0.9998,0,-0.0009,22.835,-2.8254,1]},
{"frame":35,"values":[1,-0.0019,0.0004,0,0.0019,0.9998,-0.0222,0,-0.0004,0.0222,0.9998,0,-0.0009,22.835,-2.8254,1]},
{"frame":36,"values":[1,-0.0018,0.0004,0,0.0018,0.9998,-0.0222,0,-0.0003,0.0222,0.9998,0,-0.0009,22.835,-2.8254,1]},
{"frame":37,"values":[1,-0.0017,0.0003,0,0.0017,0.9998,-0.0221,0,-0.0003,0.0221,0.9998,0,-0.0009,22.835,-2.8254,1]},
{"frame":38,"values":[1,-0.0016,0.0003,0,0.0016,0.9998,-0.0221,0,-0.0003,0.0221,0.9998,0,-0.0009,22.835,-2.8254,1]},
{"frame":39,"values":[1,-0.0014,0.0003,0,0.0015,0.9998,-0.022,0,-0.0002,0.022,0.9998,0,-0.0009,22.835,-2.8254,1]},
{"frame":40,"values":[1,-0.0013,0.0002,0,0.0013,0.9998,-0.022,0,-0.0002,0.022,0.9998,0,-0.0009,22.835,-2.8254,1]},
{"frame":41,"values":[1,-0.0012,0.0002,0,0.0012,0.9998,-0.0219,0,-0.0002,0.0219,0.9998,0,-0.0009,22.835,-2.8254,1]},
{"frame":42,"values":[1,-0.0011,0.0002,0,0.0011,0.9998,-0.0218,0,-0.0002,0.0218,0.9998,0,-0.0009,22.835,-2.8254,1]},
{"frame":43,"values":[1,-0.001,0.0002,0,0.001,0.9998,-0.0218,0,-0.0001,0.0218,0.9998,0,-0.0009,22.835,-2.8254,1]},
{"frame":44,"values":[1,-0.0008,0.0001,0,0.0008,0.9998,-0.0217,0,-0.0001,0.0217,0.9998,0,-0.0009,22.835,-2.8254,1]},
{"frame":45,"values":[1,-0.0007,0.0001,0,0.0007,0.9998,-0.0217,0,-0.0001,0.0217,0.9998,0,-0.0009,22.835,-2.8254,1]},
{"frame":46,"values":[1,-0.0006,0.0002,0,0.0006,0.9998,-0.0216,0,-0.0001,0.0216,0.9998,0,-0.0009,22.835,-2.8254,1]},
{"frame":47,"values":[1,-0.0005,0.0002,0,0.0005,0.9998,-0.0215,0,-0.0002,0.0215,0.9998,0,-0.0009,22.835,-2.8254,1]},
{"frame":48,"values":[1,-0.0003,0.0002,0,0.0003,0.9998,-0.0215,0,-0.0002,0.0215,0.9998,0,-0.0009,22.835,-2.8254,1]},
{"frame":49,"values":[1,-0.0002,0.0002,0,0.0002,0.9998,-0.0214,0,-0.0002,0.0214,0.9998,0,-0.0009,22.835,-2.8254,1]},
{"frame":50,"values":[1,-0.0001,0.0002,0,0.0001,0.9998,-0.0214,0,-0.0002,0.0214,0.9998,0,-0.0009,22.835,-2.8254,1]},
{"frame":51,"values":[1,0,0.0001,0,0,0.9998,-0.0213,0,-0.0001,0.0213,0.9998,0,-0.0009,22.835,-2.8254,1]},
{"frame":52,"values":[1,0.0002,0.0001,0,-0.0002,0.9998,-0.0214,0,-0.0001,0.0214,0.9998,0,-0.0009,22.835,-2.8254,1]},
{"frame":53,"values":[1,0.0003,0.0001,0,-0.0003,0.9998,-0.0214,0,-0.0001,0.0214,0.9998,0,-0.0009,22.835,-2.8254,1]},
{"frame":54,"values":[1,0.0004,0.0001,0,-0.0004,0.9998,-0.0215,0,-0.0001,0.0215,0.9998,0,-0.0009,22.835,-2.8254,1]},
{"frame":55,"values":[1,0.0003,0.0001,0,-0.0003,0.9998,-0.0215,0,-0.0001,0.0215,0.9998,0,-0.0009,22.835,-2.8254,1]},
{"frame":56,"values":[1,0.0003,0,0,-0.0003,0.9998,-0.0216,0,0,0.0216,0.9998,0,-0.0009,22.835,-2.8254,1]},
{"frame":57,"values":[1,0.0002,0.0001,0,-0.0002,0.9998,-0.0217,0,-0.0001,0.0217,0.9998,0,-0.0009,22.835,-2.8254,1]},
{"frame":58,"values":[1,0.0001,0.0002,0,-0.0001,0.9998,-0.0217,0,-0.0002,0.0217,0.9998,0,-0.0009,22.835,-2.8254,1]},
{"frame":59,"values":[1,0.0001,0.0002,0,-0.0001,0.9998,-0.0218,0,-0.0002,0.0218,0.9998,0,-0.0009,22.835,-2.8254,1]},
{"frame":60,"values":[1,0,0.0001,0,0,0.9998,-0.0218,0,-0.0001,0.0218,0.9998,0,-0.0009,22.835,-2.8254,1]},
{"frame":61,"values":[1,-0.0001,0.0001,0,0.0001,0.9998,-0.0219,0,-0.0001,0.0219,0.9998,0,-0.0009,22.835,-2.8254,1]},
{"frame":62,"values":[1,-0.0002,0.0001,0,0.0002,0.9998,-0.0219,0,-0.0001,0.0219,0.9998,0,-0.0009,22.835,-2.8254,1]},
{"frame":63,"values":[1,-0.0002,0.0002,0,0.0002,0.9998,-0.0219,0,-0.0001,0.0219,0.9998,0,-0.0009,22.835,-2.8254,1]},
{"frame":64,"values":[1,-0.0002,0.0002,0,0.0002,0.9998,-0.022,0,-0.0002,0.022,0.9998,0,-0.0009,22.835,-2.8254,1]},
{"frame":65,"values":[1,-0.0001,0.0002,0,0.0001,0.9998,-0.022,0,-0.0002,0.022,0.9998,0,-0.0009,22.835,-2.8254,1]},
{"frame":66,"values":[1,-0.0003,0.0003,0,0.0003,0.9998,-0.022,0,-0.0003,0.022,0.9998,0,-0.0009,22.835,-2.8254,1]},
{"frame":67,"values":[1,-0.0004,0.0003,0,0.0004,0.9998,-0.022,0,-0.0003,0.022,0.9998,0,-0.0009,22.835,-2.8254,1]},
{"frame":68,"values":[1,-0.0006,0.0004,0,0.0006,0.9998,-0.022,0,-0.0003,0.022,0.9998,0,-0.0009,22.835,-2.8254,1]},
{"frame":69,"values":[1,-0.0007,0.0004,0,0.0008,0.9998,-0.022,0,-0.0004,0.022,0.9998,0,-0.0009,22.835,-2.8254,1]},
{"frame":70,"values":[1,-0.0009,0.0004,0,0.0009,0.9998,-0.022,0,-0.0004,0.022,0.9998,0,-0.0009,22.835,-2.8254,1]},
{"frame":71,"values":[1,-0.0011,0.0004,0,0.0011,0.9998,-0.022,0,-0.0004,0.022,0.9998,0,-0.0009,22.835,-2.8254,1]},
{"frame":72,"values":[1,-0.0012,0.0004,0,0.0012,0.9998,-0.022,0,-0.0004,0.022,0.9998,0,-0.0009,22.835,-2.8254,1]},
{"frame":73,"values":[1,-0.0013,0.0004,0,0.0013,0.9998,-0.022,0,-0.0004,0.022,0.9998,0,-0.0009,22.835,-2.8254,1]},
{"frame":74,"values":[1,-0.0014,0.0004,0,0.0014,0.9998,-0.022,0,-0.0004,0.022,0.9998,0,-0.0009,22.8351,-2.8254,1]},
{"frame":75,"values":[1,-0.0015,0.0005,0,0.0015,0.9998,-0.0221,0,-0.0004,0.0221,0.9998,0,-0.0009,22.835,-2.8254,1]},
{"frame":77,"values":[1,-0.0016,0.0005,0,0.0016,0.9998,-0.0222,0,-0.0004,0.0222,0.9998,0,-0.0009,22.835,-2.8254,1]},
{"frame":78,"values":[1,-0.0017,0.0005,0,0.0017,0.9997,-0.0223,0,-0.0005,0.0223,0.9998,0,-0.0009,22.835,-2.8254,1]},
{"frame":79,"values":[1,-0.0017,0.0005,0,0.0017,0.9997,-0.0224,0,-0.0005,0.0224,0.9997,0,-0.0009,22.835,-2.8254,1]},
{"frame":80,"values":[1,-0.0018,0.0005,0,0.0018,0.9997,-0.0225,0,-0.0005,0.0225,0.9997,0,-0.0009,22.835,-2.8254,1]},
{"frame":81,"values":[1,-0.0019,0.0005,0,0.0019,0.9997,-0.0227,0,-0.0005,0.0227,0.9997,0,-0.0009,22.835,-2.8254,1]},
{"frame":82,"values":[1,-0.0019,0.0005,0,0.0019,0.9997,-0.0228,0,-0.0005,0.0228,0.9997,0,-0.0009,22.835,-2.8254,1]},
{"frame":83,"values":[1,-0.0019,0.0005,0,0.002,0.9997,-0.0229,0,-0.0005,0.0229,0.9997,0,-0.0009,22.835,-2.8254,1]},
{"frame":84,"values":[1,-0.002,0.0006,0,0.002,0.9997,-0.023,0,-0.0005,0.023,0.9997,0,-0.0009,22.835,-2.8254,1]},
{"frame":85,"values":[1,-0.002,0.0006,0,0.002,0.9997,-0.0231,0,-0.0005,0.0231,0.9997,0,-0.0009,22.835,-2.8254,1]},
{"frame":86,"values":[1,-0.002,0.0006,0,0.0021,0.9997,-0.0232,0,-0.0005,0.0233,0.9997,0,-0.0009,22.835,-2.8254,1]},
{"frame":87,"values":[1,-0.0021,0.0007,0,0.0021,0.9997,-0.0234,0,-0.0006,0.0234,0.9997,0,-0.0009,22.835,-2.8254,1]},
{"frame":88,"values":[1,-0.0021,0.0007,0,0.0021,0.9997,-0.0235,0,-0.0007,0.0235,0.9997,0,-0.0009,22.835,-2.8254,1]},
{"frame":89,"values":[1,-0.0022,0.0008,0,0.0022,0.9997,-0.0236,0,-0.0007,0.0236,0.9997,0,-0.0009,22.835,-2.8254,1]},
{"frame":90,"values":[1,-0.0022,0.0009,0,0.0022,0.9997,-0.0237,0,-0.0008,0.0237,0.9997,0,-0.0009,22.835,-2.8254,1]},
{"frame":91,"values":[1,-0.0022,0.0009,0,0.0022,0.9997,-0.0238,0,-0.0009,0.0238,0.9997,0,-0.0009,22.835,-2.8254,1]},
{"frame":92,"values":[1,-0.0023,0.001,0,0.0023,0.9997,-0.024,0,-0.001,0.024,0.9997,0,-0.0009,22.835,-2.8254,1]},
