{"producer":{"name":"Blender","version":"2.79 (sub 0)","exporter_version":"5.6.4","file":"headturngesture.babylon"},
"autoClear":true,"clearColor":[0.0509,0.0509,0.0509],"ambientColor":[0,0,0],"gravity":[0,-9.81,0],
"materials":[{"name":"headturngesture.Material","id":"headturngesture.Material","ambient":[0,0,0],"diffuse":[0,0,0],"specular":[0,0,0],"emissive":[0,0,0],"specularPower":50,"alpha":0.001,"backFaceCulling":true,"checkReadyOnlyOnce":false,"maxSimultaneousLights":4}],
"multiMaterials":[],
"skeletons":[{"name":"Armature","id":0,"dimensionsAtRest":[379.1952,391.6652,55.677],"bones":[
{"name":"mixamorig:Hips","index":0,"matrix":[0.994,-0.0551,-0.0943,0,0.061,0.9963,0.0599,0,-0.0906,0.0653,-0.9937,0,0.3467,200.3123,0.356,1],"rest":[1,0,0,0,0,1,0,0,0,0,-1,0,0,201.6394,0,1],"parentBoneIndex":-1,"length":21.6784
,"animation":{"dataType":3,"framePerSecond":24,"keys":[
{"frame":1,"values":[0.994,-0.0551,-0.0947,0,0.0609,0.9963,0.0598,0,-0.0911,0.0652,-0.9937,0,0.3747,200.3125,0.3753,1]},
{"frame":2,"values":[0.9939,-0.0553,-0.0953,0,0.0611,0.9964,0.0593,0,-0.0917,0.0647,-0.9937,0,0.3674,200.2929,0.3422,1]},
{"frame":3,"values":[0.9938,-0.0556,-0.0967,0,0.0615,0.9964,0.059,0,-0.0931,0.0646,-0.9936,0,0.3622,200.2638,0.2838,1]},
{"frame":4,"values":[0.9935,-0.0562,-0.0993,0,0.0623,0.9963,0.0589,0,-0.0957,0.0647,-0.9933,0,0.357,200.2317,0.1871,1]},
{"frame":5,"values":[0.993,-0.0569,-0.1032,0,0.0633,0.9962,0.0592,0,-0.0994,0.0653,-0.9929,0,0.3575,200.198,0.0306,1]},
{"frame":6,"values":[0.9925,-0.0577,-0.1077,0,0.0644,0.9961,0.0596,0,-0.1039,0.0661,-0.9924,0,0.3795,200.1634,-0.2722,1]},
{"frame":7,"values":[0.9913,-0.0586,-0.1176,0,0.0661,0.996,0.0602,0,-0.1136,0.0674,-0.9912,0,0.4349,200.0978,-0.575,1]},
{"frame":8,"values":[0.9901,-0.0597,-0.1274,0,0.068,0.9958,0.0614,0,-0.1232,0.0695,-0.99,0,0.528,200.0323,-0.8778,1]},
{"frame":9,"values":[0.9887,-0.0609,-0.1372,0,0.0703,0.9954,0.0648,0,-0.1326,0.0737,-0.9884,0,0.6212,199.9668,-1.1806,1]},
{"frame":10,"values":[0.9872,-0.062,-0.147,0,0.0726,0.995,0.0682,0,-0.142,0.078,-0.9868,0,0.7144,199.9013,-1.4834,1]},
{"frame":11,"values":[0.9856,-0.0631,-0.1567,0,0.075,0.9946,0.0715,0,-0.1514,0.0823,-0.985,0,0.8076,199.8358,-1.7862,1]},
{"frame":12,"values":[0.984,-0.0641,-0.1665,0,0.0774,0.9942,0.0749,0,-0.1607,0.0866,-0.9832,0,0.9007,199.7703,-2.089,1]},
{"frame":13,"values":[0.9822,-0.0651,-0.1763,0,0.0799,0.9937,0.0782,0,-0.1701,0.0909,-0.9812,0,0.9939,199.7048,-2.3918,1]},
{"frame":14,"values":[0.9805,-0.0638,-0.186,0,0.0801,0.9935,0.0814,0,-0.1796,0.0947,-0.9792,0,1.0871,199.6392,-2.6946,1]},
{"frame":15,"values":[0.9787,-0.0626,-0.1957,0,0.0804,0.9932,0.0847,0,-0.1891,0.0986,-0.977,0,1.1803,199.5737,-2.9974,1]},
{"frame":16,"values":[0.9767,-0.0613,-0.2054,0,0.0808,0.9928,0.0879,0,-0.1986,0.1024,-0.9747,0,1.2734,199.5082,-3.3002,1]},
{"frame":17,"values":[0.9747,-0.0599,-0.2151,0,0.0811,0.9925,0.0911,0,-0.208,0.1063,-0.9723,0,1.3666,199.4427,-3.603,1]},
{"frame":18,"values":[0.9727,-0.0586,-0.2248,0,0.0815,0.9922,0.0943,0,-0.2175,0.1101,-0.9698,0,1.4598,199.3772,-3.9058,1]},
{"frame":19,"values":[0.9705,-0.0571,-0.2344,0,0.082,0.9918,0.0976,0,-0.2269,0.1139,-0.9672,0,1.5529,199.3117,-4.2086,1]},
{"frame":20,"values":[0.9682,-0.0557,-0.244,0,0.0824,0.9915,0.1008,0,-0.2363,0.1177,-0.9645,0,1.6461,199.2461,-4.5114,1]},
{"frame":21,"values":[0.9658,-0.0543,-0.2536,0,0.082,0.9916,0.0999,0,-0.246,0.1173,-0.9621,0,1.7393,199.1806,-4.8142,1]},
{"frame":22,"values":[0.9633,-0.053,-0.2631,0,0.0816,0.9917,0.0991,0,-0.2557,0.1169,-0.9597,0,1.8325,199.1151,-5.117,1]},
{"frame":23,"values":[0.9607,-0.0517,-0.2727,0,0.0812,0.9918,0.0982,0,-0.2654,0.1165,-0.9571,0,1.9256,199.0496,-5.4198,1]},
{"frame":24,"values":[0.958,-0.0503,-0.2822,0,0.0808,0.992,0.0974,0,-0.275,0.1161,-0.9544,0,2.0188,198.9841,-5.7226,1]},
{"frame":25,"values":[0.9553,-0.049,-0.2916,0,0.0809,0.9918,0.0985,0,-0.2844,0.1177,-0.9514,0,2.112,198.9186,-6.0254,1]},
{"frame":26,"values":[0.9574,-0.0479,-0.2849,0,0.0794,0.9918,0.1001,0,-0.2777,0.1185,-0.9533,0,2.2052,198.853,-6.3282,1]},
{"frame":27,"values":[0.9594,-0.0468,-0.2781,0,0.0779,0.9918,0.1018,0,-0.271,0.1193,-0.9551,0,2.2983,198.7875,-6.631,1]},
{"frame":28,"values":[0.9614,-0.0457,-0.2713,0,0.0763,0.9917,0.1034,0,-0.2643,0.1201,-0.9569,0,2.1886,198.722,-6.9338,1]},
{"frame":29,"values":[0.9634,-0.0446,-0.2645,0,0.0747,0.9917,0.105,0,-0.2576,0.1209,-0.9587,0,2.0788,198.6565,-7.2366,1]},
{"frame":30,"values":[0.9653,-0.0435,-0.2577,0,0.0731,0.9916,0.1067,0,-0.2509,0.1218,-0.9603,0,1.9691,198.591,-6.9938,1]},
{"frame":31,"values":[0.9671,-0.0423,-0.2508,0,0.0715,0.9915,0.1083,0,-0.2441,0.1227,-0.962,0,1.8593,198.5255,-6.7511,1]},
{"frame":32,"values":[0.9689,-0.0412,-0.244,0,0.0698,0.9915,0.1099,0,-0.2374,0.1236,-0.9635,0,1.7495,198.46,-6.5083,1]},
{"frame":33,"values":[0.9707,-0.0401,-0.2371,0,0.0682,0.9914,0.1116,0,-0.2306,0.1245,-0.9651,0,1.6398,198.3944,-6.2656,1]},
{"frame":34,"values":[0.9724,-0.0389,-0.2302,0,0.0665,0.9913,0.1132,0,-0.2238,0.1254,-0.9665,0,1.53,198.4685,-6.0228,1]},
{"frame":35,"values":[0.974,-0.0378,-0.2234,0,0.0648,0.9913,0.1148,0,-0.2171,0.1263,-0.9679,0,1.4203,198.5426,-5.7801,1]},
{"frame":36,"values":[0.9756,-0.0366,-0.2165,0,0.0623,0.9917,0.1128,0,-0.2105,0.1235,-0.9698,0,1.3105,198.6167,-5.5373,1]},
{"frame":37,"values":[0.977,-0.0382,-0.2096,0,0.0625,0.9919,0.1106,0,-0.2037,0.1212,-0.9715,0,1.2007,198.6907,-5.2946,1]},
{"frame":38,"values":[0.9784,-0.0397,-0.2027,0,0.0627,0.9921,0.1085,0,-0.1968,0.1188,-0.9732,0,1.091,198.7648,-5.0518,1]},
{"frame":39,"values":[0.9798,-0.0412,-0.1958,0,0.063,0.9923,0.1063,0,-0.1899,0.1165,-0.9749,0,0.9812,198.8389,-4.8091,1]},
{"frame":40,"values":[0.9811,-0.0427,-0.1889,0,0.0633,0.9925,0.1042,0,-0.183,0.1141,-0.9765,0,0.8715,198.9129,-4.5664,1]},
{"frame":41,"values":[0.9823,-0.0442,-0.1819,0,0.0636,0.9927,0.102,0,-0.1761,0.1118,-0.978,0,0.7617,198.987,-4.3236,1]},
{"frame":42,"values":[0.9835,-0.0457,-0.175,0,0.0639,0.9929,0.0999,0,-0.1692,0.1094,-0.9795,0,0.652,199.0611,-4.0809,1]},
{"frame":43,"values":[0.9847,-0.0471,-0.168,0,0.0642,0.9931,0.0977,0,-0.1622,0.107,-0.9809,0,0.5422,199.1352,-3.8381,1]},
{"frame":44,"values":[0.9858,-0.0486,-0.161,0,0.0645,0.9933,0.0956,0,-0.1553,0.1046,-0.9823,0,0.4324,199.2092,-3.5954,1]},
{"frame":45,"values":[0.9868,-0.05,-0.154,0,0.0649,0.9935,0.0934,0,-0.1484,0.1022,-0.9836,0,0.3227,199.2833,-3.3526,1]},
{"frame":46,"values":[0.9878,-0.0514,-0.147,0,0.0653,0.9937,0.0913,0,-0.1414,0.0998,-0.9849,0,0.2129,199.3574,-3.1099,1]},
{"frame":47,"values":[0.9887,-0.0527,-0.14,0,0.0656,0.9939,0.0892,0,-0.1345,0.0973,-0.9861,0,0.1032,199.4314,-2.8671,1]},
{"frame":48,"values":[0.9896,-0.0541,-0.133,0,0.066,0.994,0.087,0,-0.1275,0.0949,-0.9873,0,-0.0066,199.5055,-2.6244,1]},
{"frame":49,"values":[0.9905,-0.0554,-0.126,0,0.0664,0.9942,0.0849,0,-0.1206,0.0925,-0.9884,0,-0.1163,199.5796,-2.3816,1]},
{"frame":50,"values":[0.9913,-0.0568,-0.119,0,0.0669,0.9943,0.0828,0,-0.1136,0.09,-0.9894,0,-0.2261,199.6537,-2.1389,1]},
{"frame":51,"values":[0.992,-0.0581,-0.1119,0,0.0673,0.9945,0.0806,0,-0.1066,0.0875,-0.9904,0,-0.3359,199.7277,-1.8961,1]},
{"frame":52,"values":[0.9927,-0.0595,-0.1049,0,0.0679,0.9946,0.0784,0,-0.0997,0.085,-0.9914,0,-0.2681,199.8018,-1.6534,1]},
{"frame":53,"values":[0.9934,-0.059,-0.0979,0,0.0666,0.9949,0.0762,0,-0.0929,0.0822,-0.9923,0,-0.2004,199.8759,-1.4106,1]},
{"frame":54,"values":[0.9941,-0.0586,-0.0908,0,0.0654,0.9951,0.074,0,-0.0861,0.0795,-0.9931,0,-0.1326,199.95,-1.1679,1]},
{"frame":55,"values":[0.9941,-0.058,-0.0912,0,0.0647,0.9953,0.0717,0,-0.0866,0.0771,-0.9932,0,-0.0648,200.024,-0.9251,1]},
{"frame":56,"values":[0.9941,-0.0575,-0.0916,0,0.064,0.9955,0.0694,0,-0.0872,0.0748,-0.9934,0,0.0029,200.0981,-0.6824,1]},
{"frame":57,"values":[0.9941,-0.057,-0.092,0,0.0633,0.9957,0.0671,0,-0.0878,0.0725,-0.9935,0,0.0707,200.1722,-0.4396,1]},
{"frame":58,"values":[0.9941,-0.0565,-0.0924,0,0.0626,0.9959,0.0648,0,-0.0884,0.0702,-0.9936,0,0.1384,200.2462,-0.1969,1]},
{"frame":59,"values":[0.9941,-0.056,-0.0929,0,0.0619,0.9961,0.0625,0,-0.089,0.0679,-0.9937,0,0.2062,200.3203,0.0459,1]},
{"frame":60,"values":[0.9941,-0.0555,-0.0933,0,0.0612,0.9963,0.0602,0,-0.0896,0.0656,-0.9938,0,0.2739,200.3151,0.2886,1]},
{"frame":61,"values":[0.994,-0.0551,-0.0943,0,0.061,0.9963,0.0599,0,-0.0906,0.0653,-0.9937,0,0.3467,200.3123,0.356,1]}],"loopBehavior":1,"name":"anim","property":"_matrix"}},
{"name":"mixamorig:Spine","index":1,"matrix":[0.9987,0.0441,-0.0241,0,-0.0426,0.9974,0.0584,0,0.0266,-0.0573,0.998,0,0.0062,19.525,-2.4818,1],"rest":[1,0,0,0,0,1,0,0,0,0,1,0,0.0062,19.525,-2.4818,1],"parentBoneIndex":0,"length":23.0091
,"animation":{"dataType":3,"framePerSecond":24,"keys":[
{"frame":1,"values":[0.9987,0.0447,-0.0242,0,-0.0433,0.9973,0.0587,0,0.0268,-0.0576,0.998,0,0.0062,19.525,-2.4818,1]},
{"frame":2,"values":[0.9987,0.0447,-0.0242,0,-0.0432,0.9973,0.0587,0,0.0268,-0.0576,0.998,0,0.0062,19.525,-2.4818,1]},
{"frame":4,"values":[0.9987,0.0449,-0.0242,0,-0.0434,0.9973,0.0587,0,0.0268,-0.0576,0.998,0,0.0062,19.525,-2.4818,1]},
{"frame":5,"values":[0.9987,0.0452,-0.0242,0,-0.0438,0.9973,0.0587,0,0.0268,-0.0575,0.998,0,0.0062,19.525,-2.4818,1]},
{"frame":6,"values":[0.9987,0.0458,-0.024,0,-0.0443,0.9973,0.0583,0,0.0266,-0.0572,0.998,0,0.0062,19.525,-2.4818,1]},
{"frame":7,"values":[0.9986,0.0464,-0.0236,0,-0.045,0.9973,0.0577,0,0.0262,-0.0565,0.9981,0,0.0062,19.525,-2.4818,1]},
{"frame":8,"values":[0.9986,0.0469,-0.0228,0,-0.0455,0.9974,0.0567,0,0.0253,-0.0556,0.9981,0,0.0062,19.525,-2.4818,1]},
{"frame":9,"values":[0.9986,0.0474,-0.0221,0,-0.0461,0.9974,0.0562,0,0.0247,-0.0551,0.9982,0,0.0062,19.525,-2.4818,1]},
{"frame":10,"values":[0.9986,0.0479,-0.0215,0,-0.0467,0.9974,0.0556,0,0.0241,-0.0546,0.9982,0,0.0062,19.525,-2.4818,1]},
{"frame":11,"values":[0.9986,0.0484,-0.0209,0,-0.0472,0.9974,0.0551,0,0.0235,-0.0541,0.9983,0,0.0062,19.525,-2.4818,1]},
{"frame":12,"values":[0.9986,0.0489,-0.0203,0,-0.0478,0.9974,0.0546,0,0.0229,-0.0536,0.9983,0,0.0062,19.525,-2.4818,1]},
{"frame":13,"values":[0.9986,0.0494,-0.0196,0,-0.0483,0.9974,0.0541,0,0.0223,-0.0531,0.9983,0,0.0062,19.525,-2.4818,1]},
{"frame":14,"values":[0.9986,0.0499,-0.019,0,-0.0489,0.9974,0.0536,0,0.0217,-0.0526,0.9984,0,0.0062,19.525,-2.4818,1]},
{"frame":15,"values":[0.9986,0.0504,-0.0184,0,-0.0494,0.9974,0.0531,0,0.021,-0.0521,0.9984,0,0.0062,19.525,-2.4818,1]},
{"frame":16,"values":[0.9985,0.051,-0.0178,0,-0.05,0.9974,0.0525,0,0.0204,-0.0516,0.9985,0,0.0062,19.525,-2.4818,1]},
{"frame":17,"values":[0.9985,0.0515,-0.0172,0,-0.0505,0.9974,0.052,0,0.0198,-0.0511,0.9985,0,0.0062,19.525,-2.4818,1]},
{"frame":18,"values":[0.9985,0.052,-0.0166,0,-0.0511,0.9974,0.0515,0,0.0192,-0.0506,0.9985,0,0.0062,19.525,-2.4818,1]},
{"frame":19,"values":[0.9985,0.0525,-0.0159,0,-0.0516,0.9974,0.051,0,0.0186,-0.0501,0.9986,0,0.0062,19.525,-2.4818,1]},
{"frame":20,"values":[0.9985,0.053,-0.0153,0,-0.0522,0.9974,0.0505,0,0.0179,-0.0496,0.9986,0,0.0062,19.525,-2.4818,1]},
{"frame":21,"values":[0.9985,0.0535,-0.0147,0,-0.0527,0.9974,0.0499,0,0.0173,-0.0491,0.9986,0,0.0062,19.525,-2.4818,1]},
{"frame":22,"values":[0.9984,0.054,-0.0141,0,-0.0533,0.9974,0.0494,0,0.0167,-0.0486,0.9987,0,0.0062,19.525,-2.4818,1]},
{"frame":23,"values":[0.9984,0.0545,-0.0135,0,-0.0538,0.9973,0.0496,0,0.0161,-0.0488,0.9987,0,0.0062,19.525,-2.4818,1]},
{"frame":24,"values":[0.9984,0.055,-0.0128,0,-0.0543,0.9973,0.0499,0,0.0155,-0.0491,0.9987,0,0.0062,19.525,-2.4818,1]},
{"frame":25,"values":[0.9984,0.0555,-0.0122,0,-0.0549,0.9972,0.0501,0,0.015,-0.0494,0.9987,0,0.0062,19.525,-2.4818,1]},
{"frame":26,"values":[0.9984,0.056,-0.0116,0,-0.0554,0.9972,0.0503,0,0.0144,-0.0496,0.9987,0,0.0062,19.525,-2.4818,1]},
{"frame":27,"values":[0.9984,0.0555,-0.011,0,-0.0549,0.9972,0.0503,0,0.0137,-0.0496,0.9987,0,0.0062,19.525,-2.4818,1]},
{"frame":28,"values":[0.9984,0.0551,-0.0104,0,-0.0545,0.9972,0.0503,0,0.0131,-0.0497,0.9987,0,0.0062,19.525,-2.4818,1]},
{"frame":29,"values":[0.9985,0.0546,-0.0109,0,-0.0539,0.9973,0.0503,0,0.0136,-0.0496,0.9987,0,0.0062,19.525,-2.4818,1]},
{"frame":30,"values":[0.9985,0.0541,-0.0114,0,-0.0534,0.9973,0.0503,0,0.0141,-0.0496,0.9987,0,0.0062,19.525,-2.4818,1]},
{"frame":31,"values":[0.9985,0.0536,-0.0119,0,-0.0529,0.9973,0.0502,0,0.0146,-0.0495,0.9987,0,0.0062,19.525,-2.4818,1]},
{"frame":32,"values":[0.9985,0.0531,-0.0125,0,-0.0524,0.9974,0.0502,0,0.0151,-0.0495,0.9987,0,0.0062,19.525,-2.4818,1]},
{"frame":33,"values":[0.9985,0.0526,-0.013,0,-0.0519,0.9974,0.0505,0,0.0156,-0.0498,0.9986,0,0.0062,19.525,-2.4818,1]},
{"frame":34,"values":[0.9986,0.0521,-0.0135,0,-0.0513,0.9974,0.0508,0,0.0161,-0.05,0.9986,0,0.0062,19.525,-2.4818,1]},
{"frame":35,"values":[0.9986,0.0516,-0.0141,0,-0.0508,0.9974,0.0511,0,0.0167,-0.0503,0.9986,0,0.0062,19.525,-2.4818,1]},
{"frame":36,"values":[0.9986,0.0511,-0.0146,0,-0.0503,0.9974,0.0514,0,0.0172,-0.0506,0.9986,0,0.0062,19.525,-2.4818,1]},
{"frame":37,"values":[0.9986,0.0506,-0.0151,0,-0.0498,0.9974,0.0517,0,0.0177,-0.0509,0.9985,0,0.0062,19.525,-2.4818,1]},
{"frame":38,"values":[0.9986,0.0501,-0.0156,0,-0.0492,0.9974,0.052,0,0.0182,-0.0511,0.9985,0,0.0062,19.525,-2.4818,1]},
{"frame":39,"values":[0.9986,0.0496,-0.0162,0,-0.0487,0.9974,0.0523,0,0.0187,-0.0514,0.9985,0,0.0062,19.525,-2.4818,1]},
{"frame":40,"values":[0.9987,0.0491,-0.0167,0,-0.0482,0.9975,0.0526,0,0.0192,-0.0517,0.9985,0,0.0062,19.525,-2.4818,1]},
{"frame":41,"values":[0.9987,0.0486,-0.0172,0,-0.0477,0.9975,0.0528,0,0.0197,-0.052,0.9985,0,0.0062,19.525,-2.4818,1]},
{"frame":42,"values":[0.9987,0.0481,-0.0177,0,-0.0471,0.9975,0.0531,0,0.0203,-0.0522,0.9984,0,0.0062,19.525,-2.4818,1]},
{"frame":43,"values":[0.9987,0.0477,-0.0183,0,-0.0466,0.9975,0.0534,0,0.0208,-0.0525,0.9984,0,0.0062,19.525,-2.4818,1]},
{"frame":44,"values":[0.9987,0.0472,-0.0188,0,-0.0461,0.9975,0.0537,0,0.0213,-0.0528,0.9984,0,0.0062,19.525,-2.4818,1]},
{"frame":45,"values":[0.9987,0.0467,-0.0193,0,-0.0456,0.9975,0.054,0,0.0218,-0.0531,0.9984,0,0.0062,19.525,-2.4818,1]},
{"frame":46,"values":[0.9987,0.0462,-0.0199,0,-0.045,0.9975,0.0543,0,0.0223,-0.0533,0.9983,0,0.0062,19.525,-2.4818,1]},
{"frame":47,"values":[0.9987,0.0457,-0.0204,0,-0.0445,0.9975,0.0546,0,0.0228,-0.0536,0.9983,0,0.0062,19.525,-2.4818,1]},
{"frame":48,"values":[0.9988,0.0452,-0.0209,0,-0.044,0.9975,0.0549,0,0.0233,-0.0539,0.9983,0,0.0062,19.525,-2.4818,1]},
{"frame":49,"values":[0.9988,0.0447,-0.0214,0,-0.0435,0.9975,0.0552,0,0.0239,-0.0542,0.9982,0,0.0062,19.525,-2.4818,1]},
{"frame":50,"values":[0.9988,0.0442,-0.022,0,-0.0429,0.9975,0.0555,0,0.0244,-0.0544,0.9982,0,0.0062,19.525,-2.4818,1]},
{"frame":51,"values":[0.9988,0.0437,-0.0225,0,-0.0424,0.9975,0.0557,0,0.0249,-0.0547,0.9982,0,0.0062,19.525,-2.4818,1]},
{"frame":52,"values":[0.9988,0.0438,-0.023,0,-0.0425,0.9975,0.056,0,0.0254,-0.055,0.9982,0,0.0062,19.525,-2.4818,1]},
{"frame":53,"values":[0.9988,0.0439,-0.0236,0,-0.0425,0.9975,0.0563,0,0.026,-0.0553,0.9981,0,0.0062,19.525,-2.4818,1]},
{"frame":54,"values":[0.9987,0.044,-0.0241,0,-0.0426,0.9975,0.0566,0,0.0265,-0.0555,0.9981,0,0.0062,19.525,-2.4818,1]},
{"frame":55,"values":[0.9987,0.0441,-0.0241,0,-0.0426,0.9975,0.0569,0,0.0265,-0.0558,0.9981,0,0.0062,19.525,-2.4818,1]},
{"frame":56,"values":[0.9987,0.0442,-0.0241,0,-0.0427,0.9974,0.0572,0,0.0265,-0.0561,0.9981,0,0.0062,19.525,-2.4818,1]},
{"frame":57,"values":[0.9987,0.0443,-0.0241,0,-0.0428,0.9974,0.0575,0,0.0266,-0.0564,0.9981,0,0.0062,19.525,-2.4818,1]},
{"frame":58,"values":[0.9987,0.0442,-0.0241,0,-0.0428,0.9974,0.0578,0,0.0266,-0.0567,0.998,0,0.0062,19.525,-2.4818,1]},
{"frame":59,"values":[0.9987,0.0442,-0.0241,0,-0.0427,0.9974,0.0581,0,0.0266,-0.057,0.998,0,0.0062,19.525,-2.4818,1]},
{"frame":60,"values":[0.9987,0.0441,-0.0241,0,-0.0427,0.9974,0.0584,0,0.0266,-0.0573,0.998,0,0.0062,19.525,-2.4818,1]},
{"frame":61,"values":[0.9987,0.0441,-0.0241,0,-0.0426,0.9974,0.0584,0,0.0266,-0.0573,0.998,0,0.0062,19.525,-2.4818,1]}],"loopBehavior":1,"name":"anim","property":"_matrix"}},
{"name":"mixamorig:Spine1","index":2,"matrix":[0.9996,0.0269,-0.005,0,-0.0268,0.9994,0.0201,0,0.0055,-0.0199,0.9998,0,-0.0009,22.835,-2.8254,1],"rest":[1,0,0,0,0,1,0,0,0,0,1,0,-0.0009,22.835,-2.8254,1],"parentBoneIndex":1,"length":26.7438
,"animation":{"dataType":3,"framePerSecond":24,"keys":[
{"frame":1,"values":[0.9996,0.0272,-0.0055,0,-0.0271,0.9994,0.0203,0,0.006,-0.0201,0.9998,0,-0.0009,22.835,-2.8254,1]},
{"frame":2,"values":[0.9996,0.0273,-0.0055,0,-0.0271,0.9994,0.0194,0,0.006,-0.0193,0.9998,0,-0.0009,22.835,-2.8254,1]},
{"frame":3,"values":[0.9996,0.0275,-0.0055,0,-0.0274,0.9995,0.0186,0,0.006,-0.0184,0.9998,0,-0.0009,22.835,-2.8254,1]},
{"frame":4,"values":[0.9996,0.0278,-0.0055,0,-0.0277,0.9995,0.0178,0,0.006,-0.0176,0.9998,0,-0.0009,22.835,-2.8254,1]},
{"frame":5,"values":[0.9996,0.0283,-0.0055,0,-0.0282,0.9995,0.0169,0,0.0059,-0.0168,0.9998,0,-0.0009,22.835,-2.8254,1]},
{"frame":6,"values":[0.9996,0.0291,-0.0051,0,-0.029,0.9994,0.0161,0,0.0056,-0.016,0.9999,0,-0.0009,22.835,-2.8254,1]},
{"frame":7,"values":[0.9995,0.0299,-0.004,0,-0.0298,0.9994,0.0153,0,0.0044,-0.0152,0.9999,0,-0.0009,22.835,-2.8254,1]},
{"frame":8,"values":[0.9995,0.0307,-0.0028,0,-0.0306,0.9994,0.0145,0,0.0033,-0.0144,0.9999,0,-0.0009,22.835,-2.8254,1]},
{"frame":9,"values":[0.9995,0.0315,-0.0017,0,-0.0314,0.9994,0.0137,0,0.0021,-0.0136,0.9999,0,-0.0009,22.835,-2.8254,1]},
{"frame":10,"values":[0.9995,0.0323,-0.0006,0,-0.0323,0.9994,0.0128,0,0.001,-0.0128,0.9999,0,-0.0009,22.835,-2.8254,1]},
{"frame":11,"values":[0.9995,0.0331,0.0006,0,-0.0331,0.9994,0.012,0,-0.0002,-0.012,0.9999,0,-0.0009,22.835,-2.8254,1]},
{"frame":12,"values":[0.9994,0.0339,0.0017,0,-0.0339,0.9994,0.0112,0,-0.0013,-0.0112,0.9999,0,-0.0009,22.835,-2.8254,1]},
{"frame":13,"values":[0.9994,0.0347,0.0029,0,-0.0347,0.9993,0.0104,0,-0.0025,-0.0105,0.9999,0,-0.0009,22.835,-2.8254,1]},
{"frame":14,"values":[0.9994,0.0355,0.004,0,-0.0355,0.9993,0.0095,0,-0.0037,-0.0097,0.9999,0,-0.0009,22.835,-2.8254,1]},
{"frame":15,"values":[0.9993,0.0363,0.0051,0,-0.0363,0.9993,0.0087,0,-0.0048,-0.0089,0.9999,0,-0.0009,22.835,-2.8254,1]},
{"frame":16,"values":[0.9993,0.0371,0.0063,0,-0.0371,0.9993,0.0079,0,-0.006,-0.0081,0.9999,0,-0.0009,22.835,-2.8254,1]},
{"frame":17,"values":[0.9993,0.0379,0.0074,0,-0.0379,0.9993,0.0071,0,-0.0071,-0.0073,0.9999,0,-0.0009,22.835,-2.8254,1]},
{"frame":18,"values":[0.9992,0.0387,0.0085,0,-0.0387,0.9992,0.0062,0,-0.0083,-0.0065,0.9999,0,-0.0009,22.835,-2.8254,1]},
{"frame":19,"values":[0.9992,0.0395,0.0097,0,-0.0395,0.9992,0.0054,0,-0.0094,-0.0058,0.9999,0,-0.0009,22.835,-2.8254,1]},
{"frame":20,"values":[0.9991,0.0403,0.0108,0,-0.0403,0.9992,0.0046,0,-0.0106,-0.005,0.9999,0,-0.0009,22.835,-2.8254,1]},
{"frame":21,"values":[0.9991,0.0411,0.0119,0,-0.0411,0.9991,0.0037,0,-0.0118,-0.0042,0.9999,0,-0.0009,22.835,-2.8254,1]},
{"frame":22,"values":[0.999,0.0419,0.013,0,-0.0419,0.9991,0.0042,0,-0.0129,-0.0047,0.9999,0,-0.0009,22.835,-2.8254,1]},
{"frame":23,"values":[0.999,0.0427,0.0142,0,-0.0427,0.9991,0.0047,0,-0.014,-0.0053,0.9999,0,-0.0009,22.835,-2.8254,1]},
{"frame":24,"values":[0.9989,0.0435,0.0153,0,-0.0435,0.999,0.0052,0,-0.0151,-0.0058,0.9999,0,-0.0009,22.835,-2.8254,1]},
{"frame":25,"values":[0.9989,0.0443,0.0164,0,-0.0444,0.999,0.0056,0,-0.0162,-0.0064,0.9998,0,-0.0009,22.835,-2.8254,1]},
{"frame":26,"values":[0.9988,0.0451,0.0176,0,-0.0452,0.999,0.0061,0,-0.0173,-0.0069,0.9998,0,-0.0009,22.835,-2.8254,1]},
{"frame":27,"values":[0.9988,0.0459,0.0187,0,-0.046,0.9989,0.0066,0,-0.0184,-0.0074,0.9998,0,-0.0009,22.835,-2.8254,1]},
{"frame":28,"values":[0.9987,0.0466,0.0199,0,-0.0468,0.9989,0.007,0,-0.0195,-0.008,0.9998,0,-0.0009,22.835,-2.8254,1]},
{"frame":29,"values":[0.9987,0.0474,0.0189,0,-0.0476,0.9988,0.0075,0,-0.0186,-0.0084,0.9998,0,-0.0009,22.835,-2.8254,1]},
{"frame":30,"values":[0.9987,0.0482,0.018,0,-0.0484,0.9988,0.008,0,-0.0176,-0.0089,0.9998,0,-0.0009,22.835,-2.8254,1]},
{"frame":31,"values":[0.9987,0.0472,0.0171,0,-0.0474,0.9988,0.0085,0,-0.0167,-0.0093,0.9998,0,-0.0009,22.835,-2.8254,1]},
{"frame":32,"values":[0.9988,0.0463,0.0162,0,-0.0464,0.9989,0.009,0,-0.0158,-0.0097,0.9998,0,-0.0009,22.835,-2.8254,1]},
{"frame":33,"values":[0.9989,0.0453,0.0153,0,-0.0454,0.9989,0.0094,0,-0.0149,-0.0101,0.9998,0,-0.0009,22.835,-2.8254,1]},
{"frame":34,"values":[0.9989,0.0443,0.0144,0,-0.0444,0.999,0.0099,0,-0.0139,-0.0105,0.9998,0,-0.0009,22.835,-2.8254,1]},
{"frame":35,"values":[0.999,0.0433,0.0135,0,-0.0434,0.999,0.0104,0,-0.013,-0.011,0.9999,0,-0.0009,22.835,-2.8254,1]},
{"frame":36,"values":[0.999,0.0423,0.0126,0,-0.0424,0.999,0.0109,0,-0.0121,-0.0114,0.9999,0,-0.0009,22.835,-2.8254,1]},
{"frame":37,"values":[0.9991,0.0413,0.0116,0,-0.0414,0.9991,0.0114,0,-0.0112,-0.0118,0.9999,0,-0.0009,22.835,-2.8254,1]},
{"frame":38,"values":[0.9991,0.0403,0.0107,0,-0.0404,0.9991,0.0118,0,-0.0102,-0.0123,0.9999,0,-0.0009,22.835,-2.8254,1]},
{"frame":39,"values":[0.9992,0.0393,0.0098,0,-0.0394,0.9991,0.0123,0,-0.0093,-0.0127,0.9999,0,-0.0009,22.835,-2.8254,1]},
{"frame":40,"values":[0.9992,0.0383,0.0089,0,-0.0384,0.9992,0.0128,0,-0.0084,-0.0131,0.9999,0,-0.0009,22.835,-2.8254,1]},
{"frame":41,"values":[0.9993,0.0373,0.008,0,-0.0374,0.9992,0.0133,0,-0.0075,-0.0136,0.9999,0,-0.0009,22.835,-2.8254,1]},
{"frame":42,"values":[0.9993,0.0363,0.0071,0,-0.0364,0.9992,0.0137,0,-0.0066,-0.014,0.9999,0,-0.0009,22.835,-2.8254,1]},
{"frame":43,"values":[0.9994,0.0353,0.0062,0,-0.0354,0.9993,0.0142,0,-0.0057,-0.0144,0.9999,0,-0.0009,22.835,-2.8254,1]},
{"frame":44,"values":[0.9994,0.0343,0.0052,0,-0.0344,0.9993,0.0147,0,-0.0047,-0.0149,0.9999,0,-0.0009,22.835,-2.8254,1]},
{"frame":45,"values":[0.9994,0.0333,0.0043,0,-0.0334,0.9993,0.0152,0,-0.0038,-0.0153,0.9999,0,-0.0009,22.835,-2.8254,1]},
{"frame":46,"values":[0.9995,0.0323,0.0034,0,-0.0324,0.9994,0.0156,0,-0.0029,-0.0157,0.9999,0,-0.0009,22.835,-2.8254,1]},
{"frame":47,"values":[0.9995,0.0313,0.0025,0,-0.0314,0.9994,0.0161,0,-0.002,-0.0162,0.9999,0,-0.0009,22.835,-2.8254,1]},
{"frame":48,"values":[0.9995,0.0303,0.0016,0,-0.0304,0.9994,0.0166,0,-0.0011,-0.0166,0.9999,0,-0.0009,22.835,-2.8254,1]},
{"frame":49,"values":[0.9996,0.0293,0.0007,0,-0.0294,0.9994,0.017,0,-0.0002,-0.017,0.9999,0,-0.0009,22.835,-2.8254,1]},
{"frame":50,"values":[0.9996,0.0284,-0.0003,0,-0.0283,0.9994,0.0175,0,0.0008,-0.0175,0.9998,0,-0.0009,22.835,-2.8254,1]},
{"frame":51,"values":[0.9996,0.0274,-0.0012,0,-0.0273,0.9995,0.018,0,0.0017,-0.0179,0.9998,0,-0.0009,22.835,-2.8254,1]},
{"frame":52,"values":[0.9997,0.0264,-0.0021,0,-0.0263,0.9995,0.0184,0,0.0026,-0.0184,0.9998,0,-0.0009,22.835,-2.8254,1]},
{"frame":53,"values":[0.9997,0.0254,-0.003,0,-0.0253,0.9995,0.0189,0,0.0035,-0.0188,0.9998,0,-0.0009,22.835,-2.8254,1]},
{"frame":54,"values":[0.9997,0.0256,-0.0039,0,-0.0255,0.9995,0.019,0,0.0044,-0.0189,0.9998,0,-0.0009,22.835,-2.8254,1]},
{"frame":55,"values":[0.9997,0.0258,-0.0048,0,-0.0257,0.9995,0.0192,0,0.0053,-0.019,0.9998,0,-0.0009,22.835,-2.8254,1]},
{"frame":56,"values":[0.9996,0.026,-0.0058,0,-0.0259,0.9995,0.0193,0,0.0063,-0.0191,0.9998,0,-0.0009,22.835,-2.8254,1]},
{"frame":57,"values":[0.9996,0.0262,-0.0056,0,-0.0261,0.9995,0.0194,0,0.0061,-0.0193,0.9998,0,-0.0009,22.835,-2.8254,1]},
{"frame":58,"values":[0.9996,0.0264,-0.0054,0,-0.0263,0.9995,0.0196,0,0.0059,-0.0194,0.9998,0,-0.0009,22.835,-2.8254,1]},
{"frame":59,"values":[0.9996,0.0266,-0.0052,0,-0.0265,0.9995,0.0197,0,0.0057,-0.0195,0.9998,0,-0.0009,22.835,-2.8254,1]},
{"frame":60,"values":[0.9996,0.0269,-0.005,0,-0.0268,0.9994,0.0198,0,0.0055,-0.0197,0.9998,0,-0.0009,22.835,-2.8254,1]},
{"frame":61,"values":[0.9996,0.0269,-0.005,0,-0.0268,0.9994,0.0201,0,0.0055,-0.0199,0.9998,0,-0.0009,22.835,-2.8254,1]}],"loopBehavior":1,"name":"anim","property":"_matrix"}},
{"name":"mixamorig:Spine2","index":3,"matrix":[0.9996,0.0269,-0.0054,0,-0.0268,0.9994,0.0196,0,0.0059,-0.0195,0.9998,0,-0.0206,26.5525,-3.1933,1],"rest":[1,0,0,0,0,1,0,0,0,0,1,0,-0.0206,26.5525,-3.1933,1],"parentBoneIndex":2,"length":24.825
,"animation":{"dataType":3,"framePerSecond":24,"keys":[
{"frame":1,"values":[0.9996,0.0273,-0.0059,0,-0.0272,0.9994,0.0198,0,0.0064,-0.0197,0.9998,0,-0.0206,26.5525,-3.1933,1]},
{"frame":2,"values":[0.9996,0.0273,-0.0059,0,-0.0272,0.9994,0.019,0,0.0064,-0.0188,0.9998,0,-0.0206,26.5525,-3.1933,1]},
{"frame":3,"values":[0.9996,0.0275,-0.0059,0,-0.0274,0.9995,0.0182,0,0.0064,-0.018,0.9998,0,-0.0206,26.5525,-3.1933,1]},
{"frame":4,"values":[0.9996,0.0279,-0.0059,0,-0.0277,0.9995,0.0173,0,0.0063,-0.0172,0.9998,0,-0.0206,26.5525,-3.1933,1]},
{"frame":5,"values":[0.9996,0.0284,-0.0059,0,-0.0283,0.9995,0.0165,0,0.0063,-0.0163,0.9998,0,-0.0206,26.5525,-3.1933,1]},
{"frame":6,"values":[0.9996,0.0291,-0.0055,0,-0.0291,0.9995,0.0157,0,0.0059,-0.0155,0.9999,0,-0.0206,26.5525,-3.1933,1]},
{"frame":7,"values":[0.9995,0.0299,-0.0043,0,-0.0299,0.9994,0.0148,0,0.0048,-0.0147,0.9999,0,-0.0206,26.5525,-3.1933,1]},
{"frame":8,"values":[0.9995,0.0307,-0.0032,0,-0.0307,0.9994,0.014,0,0.0036,-0.0139,0.9999,0,-0.0206,26.5525,-3.1933,1]},
{"frame":9,"values":[0.9995,0.0315,-0.002,0,-0.0315,0.9994,0.0132,0,0.0025,-0.0131,0.9999,0,-0.0206,26.5525,-3.1933,1]},
{"frame":10,"values":[0.9995,0.0323,-0.0009,0,-0.0323,0.9994,0.0124,0,0.0013,-0.0123,0.9999,0,-0.0206,26.5525,-3.1933,1]},
{"frame":11,"values":[0.9995,0.0331,0.0002,0,-0.0331,0.9994,0.0115,0,0.0001,-0.0115,0.9999,0,-0.0206,26.5525,-3.1933,1]},
{"frame":12,"values":[0.9994,0.0339,0.0014,0,-0.0339,0.9994,0.0107,0,-0.001,-0.0108,0.9999,0,-0.0206,26.5525,-3.1933,1]},
{"frame":13,"values":[0.9994,0.0347,0.0025,0,-0.0347,0.9993,0.0099,0,-0.0022,-0.01,0.9999,0,-0.0206,26.5525,-3.1933,1]},
{"frame":14,"values":[0.9994,0.0355,0.0037,0,-0.0355,0.9993,0.0091,0,-0.0034,-0.0092,1,0,-0.0206,26.5525,-3.1933,1]},
{"frame":15,"values":[0.9993,0.0363,0.0048,0,-0.0363,0.9993,0.0082,0,-0.0045,-0.0084,1,0,-0.0206,26.5525,-3.1933,1]},
{"frame":16,"values":[0.9993,0.037,0.006,0,-0.0371,0.9993,0.0074,0,-0.0057,-0.0076,1,0,-0.0206,26.5525,-3.1933,1]},
{"frame":17,"values":[0.9993,0.0378,0.0071,0,-0.0379,0.9993,0.0066,0,-0.0069,-0.0068,1,0,-0.0206,26.5525,-3.1933,1]},
{"frame":18,"values":[0.9992,0.0386,0.0082,0,-0.0387,0.9992,0.0057,0,-0.008,-0.006,0.9999,0,-0.0206,26.5525,-3.1933,1]},
{"frame":19,"values":[0.9992,0.0394,0.0094,0,-0.0395,0.9992,0.0049,0,-0.0092,-0.0053,0.9999,0,-0.0206,26.5525,-3.1933,1]},
{"frame":20,"values":[0.9991,0.0402,0.0105,0,-0.0403,0.9992,0.0041,0,-0.0104,-0.0045,0.9999,0,-0.0206,26.5525,-3.1933,1]},
{"frame":21,"values":[0.9991,0.041,0.0117,0,-0.0411,0.9992,0.0032,0,-0.0115,-0.0037,0.9999,0,-0.0206,26.5525,-3.1933,1]},
{"frame":22,"values":[0.999,0.0418,0.0128,0,-0.0419,0.9991,0.0037,0,-0.0126,-0.0042,0.9999,0,-0.0206,26.5525,-3.1933,1]},
{"frame":23,"values":[0.999,0.0426,0.014,0,-0.0427,0.9991,0.0042,0,-0.0138,-0.0048,0.9999,0,-0.0206,26.5525,-3.1933,1]},
{"frame":24,"values":[0.9989,0.0434,0.0151,0,-0.0435,0.999,0.0047,0,-0.0149,-0.0053,0.9999,0,-0.0206,26.5525,-3.1933,1]},
{"frame":25,"values":[0.9989,0.0442,0.0162,0,-0.0443,0.999,0.0051,0,-0.016,-0.0058,0.9999,0,-0.0206,26.5525,-3.1933,1]},
{"frame":26,"values":[0.9988,0.045,0.0174,0,-0.0451,0.999,0.0056,0,-0.0171,-0.0064,0.9998,0,-0.0206,26.5525,-3.1933,1]},
{"frame":27,"values":[0.9988,0.0458,0.0185,0,-0.0459,0.9989,0.0061,0,-0.0182,-0.0069,0.9998,0,-0.0206,26.5525,-3.1933,1]},
{"frame":28,"values":[0.9987,0.0466,0.0197,0,-0.0467,0.9989,0.0066,0,-0.0193,-0.0075,0.9998,0,-0.0206,26.5525,-3.1933,1]},
{"frame":29,"values":[0.9987,0.0474,0.0187,0,-0.0475,0.9988,0.007,0,-0.0184,-0.0079,0.9998,0,-0.0206,26.5525,-3.1933,1]},
{"frame":30,"values":[0.9987,0.0481,0.0178,0,-0.0483,0.9988,0.0075,0,-0.0174,-0.0084,0.9998,0,-0.0206,26.5525,-3.1933,1]},
{"frame":31,"values":[0.9987,0.0472,0.0169,0,-0.0473,0.9988,0.008,0,-0.0165,-0.0088,0.9998,0,-0.0206,26.5525,-3.1933,1]},
{"frame":32,"values":[0.9988,0.0462,0.016,0,-0.0463,0.9989,0.0085,0,-0.0156,-0.0092,0.9998,0,-0.0206,26.5525,-3.1933,1]},
{"frame":33,"values":[0.9989,0.0452,0.0151,0,-0.0453,0.9989,0.009,0,-0.0146,-0.0096,0.9998,0,-0.0206,26.5525,-3.1933,1]},
{"frame":34,"values":[0.9989,0.0442,0.0141,0,-0.0443,0.999,0.0094,0,-0.0137,-0.0101,0.9999,0,-0.0206,26.5525,-3.1933,1]},
{"frame":35,"values":[0.999,0.0432,0.0132,0,-0.0433,0.999,0.0099,0,-0.0128,-0.0105,0.9999,0,-0.0206,26.5525,-3.1933,1]},
{"frame":36,"values":[0.999,0.0422,0.0123,0,-0.0423,0.999,0.0104,0,-0.0119,-0.0109,0.9999,0,-0.0206,26.5525,-3.1933,1]},
{"frame":37,"values":[0.9991,0.0412,0.0114,0,-0.0413,0.9991,0.0109,0,-0.0109,-0.0114,0.9999,0,-0.0206,26.5525,-3.1933,1]},
{"frame":38,"values":[0.9991,0.0402,0.0105,0,-0.0403,0.9991,0.0114,0,-0.01,-0.0118,0.9999,0,-0.0206,26.5525,-3.1933,1]},
{"frame":39,"values":[0.9992,0.0392,0.0095,0,-0.0394,0.9992,0.0119,0,-0.0091,-0.0122,0.9999,0,-0.0206,26.5525,-3.1933,1]},
{"frame":40,"values":[0.9992,0.0383,0.0086,0,-0.0384,0.9992,0.0123,0,-0.0081,-0.0126,0.9999,0,-0.0206,26.5525,-3.1933,1]},
{"frame":41,"values":[0.9993,0.0373,0.0077,0,-0.0374,0.9992,0.0128,0,-0.0072,-0.0131,0.9999,0,-0.0206,26.5525,-3.1933,1]},
{"frame":42,"values":[0.9993,0.0363,0.0068,0,-0.0364,0.9993,0.0133,0,-0.0063,-0.0135,0.9999,0,-0.0206,26.5525,-3.1933,1]},
{"frame":43,"values":[0.9994,0.0353,0.0059,0,-0.0354,0.9993,0.0138,0,-0.0054,-0.014,0.9999,0,-0.0206,26.5525,-3.1933,1]},
{"frame":44,"values":[0.9994,0.0343,0.0049,0,-0.0344,0.9993,0.0142,0,-0.0044,-0.0144,0.9999,0,-0.0206,26.5525,-3.1933,1]},
{"frame":45,"values":[0.9994,0.0333,0.004,0,-0.0334,0.9993,0.0147,0,-0.0035,-0.0148,0.9999,0,-0.0206,26.5525,-3.1933,1]},
{"frame":46,"values":[0.9995,0.0323,0.0031,0,-0.0324,0.9994,0.0152,0,-0.0026,-0.0153,0.9999,0,-0.0206,26.5525,-3.1933,1]},
{"frame":47,"values":[0.9995,0.0314,0.0022,0,-0.0314,0.9994,0.0156,0,-0.0017,-0.0157,0.9999,0,-0.0206,26.5525,-3.1933,1]},
{"frame":48,"values":[0.9995,0.0304,0.0012,0,-0.0304,0.9994,0.0161,0,-0.0007,-0.0161,0.9999,0,-0.0206,26.5525,-3.1933,1]},
{"frame":49,"values":[0.9996,0.0294,0.0003,0,-0.0294,0.9994,0.0166,0,0.0002,-0.0166,0.9999,0,-0.0206,26.5525,-3.1933,1]},
{"frame":50,"values":[0.9996,0.0284,-0.0006,0,-0.0284,0.9995,0.0171,0,0.0011,-0.017,0.9999,0,-0.0206,26.5525,-3.1933,1]},
{"frame":51,"values":[0.9996,0.0274,-0.0016,0,-0.0274,0.9995,0.0175,0,0.002,-0.0175,0.9998,0,-0.0206,26.5525,-3.1933,1]},
{"frame":52,"values":[0.9996,0.0264,-0.0025,0,-0.0264,0.9995,0.018,0,0.003,-0.0179,0.9998,0,-0.0206,26.5525,-3.1933,1]},
{"frame":53,"values":[0.9997,0.0255,-0.0034,0,-0.0254,0.9995,0.0185,0,0.0039,-0.0184,0.9998,0,-0.0206,26.5525,-3.1933,1]},
{"frame":54,"values":[0.9997,0.0257,-0.0043,0,-0.0256,0.9995,0.0186,0,0.0048,-0.0185,0.9998,0,-0.0206,26.5525,-3.1933,1]},
{"frame":55,"values":[0.9997,0.0259,-0.0053,0,-0.0258,0.9995,0.0187,0,0.0057,-0.0186,0.9998,0,-0.0206,26.5525,-3.1933,1]},
{"frame":56,"values":[0.9996,0.0261,-0.0062,0,-0.026,0.9995,0.0189,0,0.0067,-0.0187,0.9998,0,-0.0206,26.5525,-3.1933,1]},
{"frame":57,"values":[0.9996,0.0263,-0.006,0,-0.0262,0.9995,0.019,0,0.0065,-0.0188,0.9998,0,-0.0206,26.5525,-3.1933,1]},
{"frame":58,"values":[0.9996,0.0265,-0.0058,0,-0.0264,0.9995,0.0191,0,0.0063,-0.019,0.9998,0,-0.0206,26.5525,-3.1933,1]},
{"frame":59,"values":[0.9996,0.0267,-0.0056,0,-0.0266,0.9995,0.0193,0,0.0061,-0.0191,0.9998,0,-0.0206,26.5525,-3.1933,1]},
{"frame":60,"values":[0.9996,0.0269,-0.0054,0,-0.0268,0.9995,0.0194,0,0.0059,-0.0192,0.9998,0,-0.0206,26.5525,-3.1933,1]},
{"frame":61,"values":[0.9996,0.0269,-0.0054,0,-0.0268,0.9994,0.0196,0,0.0059,-0.0195,0.9998,0,-0.0206,26.5525,-3.1933,1]}],"loopBehavior":1,"name":"anim","property":"_matrix"}},
{"name":"mixamorig:Neck","index":4,"matrix":[1,0.0075,0.002,0,-0.0076,0.9951,0.0983,0,-0.0013,-0.0983,0.9952,0,-0.06,30.7018,1.3522,1],"rest":[1,0,0,0,0,1,0,0,0,0,1,0,-0.06,30.7018,1.3522,1],"parentBoneIndex":3,"length":22.8446
,"animation":{"dataType":3,"framePerSecond":24,"keys":[
{"frame":1,"values":[1,0.0077,0.0024,0,-0.0079,0.9952,0.098,0,-0.0016,-0.098,0.9952,0,-0.06,30.7018,1.3522,1]},
{"frame":2,"values":[1,0.0081,0.0024,0,-0.0083,0.9953,0.0968,0,-0.0016,-0.0968,0.9953,0,-0.06,30.7018,1.3522,1]},
{"frame":3,"values":[1,0.0087,0.0024,0,-0.0089,0.9954,0.0956,0,-0.0016,-0.0957,0.9954,0,-0.06,30.7018,1.3522,1]},
{"frame":4,"values":[1,0.0094,0.0028,0,-0.0096,0.9955,0.0947,0,-0.0019,-0.0948,0.9955,0,-0.06,30.7018,1.3522,1]},
{"frame":5,"values":[0.9999,0.0101,0.0035,0,-0.0104,0.9955,0.0942,0,-0.0025,-0.0942,0.9956,0,-0.06,30.7018,1.3522,1]},
{"frame":6,"values":[0.9999,0.0119,0.0046,0,-0.0123,0.9956,0.0931,0,-0.0034,-0.0931,0.9956,0,-0.06,30.7018,1.3522,1]},
{"frame":7,"values":[0.9998,0.0163,0.0087,0,-0.017,0.9959,0.0885,0,-0.0072,-0.0887,0.996,0,-0.06,30.7018,1.3522,1]},
{"frame":8,"values":[0.9997,0.0207,0.0128,0,-0.0217,0.9962,0.0839,0,-0.011,-0.0842,0.9964,0,-0.06,30.7018,1.3522,1]},
{"frame":9,"values":[0.9995,0.0252,0.0169,0,-0.0264,0.9965,0.0793,0,-0.0149,-0.0798,0.9967,0,-0.06,30.7018,1.3522,1]},
{"frame":10,"values":[0.9993,0.0296,0.021,0,-0.0311,0.9967,0.0747,0,-0.0187,-0.0753,0.997,0,-0.06,30.7019,1.3522,1]},
{"frame":11,"values":[0.9991,0.0341,0.0251,0,-0.0357,0.9969,0.0701,0,-0.0226,-0.0709,0.9972,0,-0.06,30.7018,1.3522,1]},
{"frame":12,"values":[0.9988,0.0385,0.0291,0,-0.0404,0.997,0.0654,0,-0.0265,-0.0665,0.9974,0,-0.06,30.7018,1.3522,1]},
{"frame":13,"values":[0.9985,0.043,0.0331,0,-0.045,0.9971,0.0607,0,-0.0304,-0.0621,0.9976,0,-0.06,30.7018,1.3522,1]},
{"frame":14,"values":[0.9982,0.0476,0.0372,0,-0.0496,0.9972,0.056,0,-0.0344,-0.0578,0.9977,0,-0.06,30.7018,1.3522,1]},
{"frame":15,"values":[0.9978,0.0521,0.0411,0,-0.0542,0.9972,0.0513,0,-0.0383,-0.0534,0.9978,0,-0.06,30.7018,1.3522,1]},
{"frame":16,"values":[0.9974,0.0567,0.0451,0,-0.0587,0.9972,0.0465,0,-0.0423,-0.0491,0.9979,0,-0.06,30.7018,1.3522,1]},
{"frame":17,"values":[0.9969,0.0612,0.049,0,-0.0633,0.9971,0.0418,0,-0.0463,-0.0447,0.9979,0,-0.06,30.7018,1.3522,1]},
{"frame":18,"values":[0.9964,0.0658,0.0529,0,-0.0678,0.997,0.037,0,-0.0503,-0.0404,0.9979,0,-0.06,30.7018,1.3522,1]},
{"frame":19,"values":[0.9959,0.0704,0.0568,0,-0.0723,0.9969,0.0322,0,-0.0544,-0.0362,0.9979,0,-0.06,30.7019,1.3522,1]},
{"frame":20,"values":[0.9953,0.075,0.0607,0,-0.0768,0.9967,0.0274,0,-0.0584,-0.0319,0.9978,0,-0.06,30.7018,1.3522,1]},
{"frame":21,"values":[0.9947,0.0796,0.0645,0,-0.0812,0.9964,0.0225,0,-0.0625,-0.0276,0.9977,0,-0.06,30.7019,1.3522,1]},
{"frame":22,"values":[0.9941,0.0843,0.0684,0,-0.0857,0.9962,0.0177,0,-0.0666,-0.0234,0.9975,0,-0.06,30.7018,1.3522,1]},
{"frame":23,"values":[0.9934,0.0889,0.0721,0,-0.0901,0.9959,0.0128,0,-0.0707,-0.0192,0.9973,0,-0.06,30.7018,1.3522,1]},
{"frame":24,"values":[0.9927,0.0936,0.0759,0,-0.0945,0.9955,0.0079,0,-0.0748,-0.015,0.9971,0,-0.06,30.7018,1.3522,1]},
{"frame":25,"values":[0.992,0.0983,0.0797,0,-0.0988,0.9951,0.003,0,-0.079,-0.0109,0.9968,0,-0.06,30.7018,1.3522,1]},
{"frame":26,"values":[0.9921,0.1029,0.0713,0,-0.1037,0.9946,0.0082,0,-0.07,-0.0155,0.9974,0,-0.06,30.7018,1.3522,1]},
{"frame":27,"values":[0.9934,0.0955,0.0631,0,-0.0965,0.9952,0.0138,0,-0.0615,-0.0197,0.9979,0,-0.06,30.7018,1.3522,1]},
{"frame":28,"values":[0.9946,0.0881,0.0549,0,-0.0892,0.9958,0.0192,0,-0.0529,-0.024,0.9983,0,-0.06,30.7018,1.3522,1]},
{"frame":29,"values":[0.9956,0.0807,0.0466,0,-0.0819,0.9963,0.0247,0,-0.0444,-0.0284,0.9986,0,-0.06,30.7018,1.3522,1]},
{"frame":30,"values":[0.9966,0.0734,0.0383,0,-0.0746,0.9968,0.03,0,-0.0359,-0.0328,0.9988,0,-0.06,30.7018,1.3522,1]},
{"frame":31,"values":[0.9974,0.0661,0.0299,0,-0.0672,0.9971,0.0353,0,-0.0275,-0.0372,0.9989,0,-0.06,30.7018,1.3522,1]},
{"frame":32,"values":[0.998,0.0589,0.0215,0,-0.0597,0.9974,0.0406,0,-0.019,-0.0418,0.9989,0,-0.06,30.7018,1.3522,1]},
{"frame":33,"values":[0.9986,0.0516,0.013,0,-0.0522,0.9976,0.0458,0,-0.0106,-0.0464,0.9989,0,-0.06,30.7018,1.3522,1]},
{"frame":34,"values":[0.999,0.0444,0.0046,0,-0.0446,0.9977,0.0509,0,-0.0023,-0.051,0.9987,0,-0.06,30.7018,1.3522,1]},
{"frame":35,"values":[0.9993,0.0373,-0.004,0,-0.037,0.9977,0.0559,0,0.006,-0.0557,0.9984,0,-0.06,30.7018,1.3522,1]},
{"frame":36,"values":[0.9995,0.0302,-0.0125,0,-0.0294,0.9977,0.0609,0,0.0143,-0.0605,0.9981,0,-0.06,30.7018,1.3522,1]},
{"frame":37,"values":[0.9995,0.0231,-0.0211,0,-0.0217,0.9976,0.0658,0,0.0226,-0.0653,0.9976,0,-0.06,30.7017,1.3522,1]},
{"frame":38,"values":[0.9994,0.0161,-0.0297,0,-0.014,0.9974,0.0706,0,0.0308,-0.0702,0.9971,0,-0.06,30.7018,1.3522,1]},
{"frame":39,"values":[0.9996,0.0088,-0.0282,0,-0.0067,0.9971,0.0758,0,0.0288,-0.0756,0.9967,0,-0.06,30.7018,1.3522,1]},
{"frame":40,"values":[0.9996,0.0016,-0.0268,0,0.0006,0.9967,0.081,0,0.0268,-0.081,0.9964,0,-0.06,30.7018,1.3522,1]},
{"frame":41,"values":[0.9997,-0.0057,-0.0254,0,0.0079,0.9962,0.0862,0,0.0248,-0.0864,0.996,0,-0.06,30.7018,1.3522,1]},
{"frame":42,"values":[0.9996,-0.013,-0.024,0,0.0151,0.9957,0.0914,0,0.0227,-0.0917,0.9955,0,-0.06,30.7018,1.3522,1]},
{"frame":43,"values":[0.9997,-0.0119,-0.0226,0,0.014,0.9952,0.0966,0,0.0213,-0.0969,0.9951,0,-0.06,30.7018,1.3522,1]},
{"frame":44,"values":[0.9997,-0.0108,-0.0211,0,0.0129,0.9947,0.1018,0,0.0199,-0.102,0.9946,0,-0.06,30.7018,1.3522,1]},
{"frame":45,"values":[0.9998,-0.0097,-0.0197,0,0.0117,0.9942,0.107,0,0.0185,-0.1072,0.9941,0,-0.06,30.7018,1.3522,1]},
{"frame":46,"values":[0.9998,-0.0086,-0.0183,0,0.0106,0.9936,0.1121,0,0.0172,-0.1123,0.9935,0,-0.06,30.7018,1.3522,1]},
{"frame":47,"values":[0.9998,-0.0075,-0.0168,0,0.0093,0.9938,0.1112,0,0.0159,-0.1114,0.9937,0,-0.06,30.7018,1.3522,1]},
{"frame":48,"values":[0.9999,-0.0064,-0.0154,0,0.0081,0.9939,0.1103,0,0.0146,-0.1104,0.9938,0,-0.06,30.7018,1.3522,1]},
{"frame":49,"values":[0.9999,-0.0054,-0.0139,0,0.0068,0.994,0.1094,0,0.0133,-0.1095,0.9939,0,-0.06,30.7018,1.3522,1]},
{"frame":50,"values":[0.9999,-0.0043,-0.0125,0,0.0056,0.9941,0.1085,0,0.012,-0.1085,0.994,0,-0.06,30.7018,1.3522,1]},
{"frame":51,"values":[0.9999,-0.0032,-0.0111,0,0.0044,0.9942,0.1075,0,0.0107,-0.1076,0.9941,0,-0.06,30.7018,1.3522,1]},
{"frame":52,"values":[1,-0.0021,-0.0096,0,0.0031,0.9943,0.1066,0,0.0093,-0.1066,0.9943,0,-0.06,30.7018,1.3522,1]},
{"frame":53,"values":[1,-0.001,-0.0082,0,0.0019,0.9944,0.1057,0,0.008,-0.1057,0.9944,0,-0.06,30.7018,1.3522,1]},
{"frame":54,"values":[1,0.0001,-0.0068,0,0.0006,0.9945,0.1047,0,0.0067,-0.1047,0.9945,0,-0.06,30.7018,1.3522,1]},
{"frame":55,"values":[1,0.0012,-0.0053,0,-0.0006,0.9946,0.1038,0,0.0054,-0.1038,0.9946,0,-0.06,30.7018,1.3522,1]},
{"frame":56,"values":[1,0.0023,-0.0039,0,-0.0019,0.9947,0.1029,0,0.0041,-0.1029,0.9947,0,-0.06,30.7018,1.3522,1]},
{"frame":57,"values":[1,0.0034,-0.0025,0,-0.0031,0.9948,0.1019,0,0.0028,-0.1019,0.9948,0,-0.06,30.7018,1.3522,1]},
{"frame":58,"values":[1,0.0045,-0.001,0,-0.0043,0.9949,0.101,0,0.0015,-0.101,0.9949,0,-0.06,30.7018,1.3522,1]},
{"frame":59,"values":[1,0.0056,0.0004,0,-0.0056,0.995,0.1001,0,0.0002,-0.1001,0.995,0,-0.06,30.7018,1.3522,1]},
{"frame":60,"values":[1,0.0067,0.0018,0,-0.0068,0.9951,0.0991,0,-0.0011,-0.0991,0.9951,0,-0.06,30.7018,1.3522,1]},
{"frame":61,"values":[1,0.0075,0.002,0,-0.0076,0.9951,0.0983,0,-0.0013,-0.0983,0.9952,0,-0.06,30.7018,1.3522,1]}],"loopBehavior":1,"name":"anim","property":"_matrix"}},
{"name":"mixamorig:Head","index":5,"matrix":[0.9997,-0.0054,-0.0235,0,0.0023,0.9914,-0.1311,0,0.0241,0.131,0.9911,0,-0.0872,22.5477,3.6709,1],"rest":[1,0,0,0,0,1,0,0,0,0,1,0,-0.0872,22.5476,3.6709,1],"parentBoneIndex":4,"length":30.5923
,"animation":{"dataType":3,"framePerSecond":24,"keys":[
{"frame":1,"values":[0.9997,-0.0046,-0.0235,0,0.0014,0.9913,-0.1317,0,0.0239,0.1316,0.991,0,-0.0872,22.5476,3.6709,1]},
{"frame":2,"values":[0.9997,-0.0038,-0.0232,0,0.0006,0.9911,-0.1333,0,0.0235,0.1332,0.9908,0,-0.0872,22.5476,3.6709,1]},
{"frame":3,"values":[0.9997,-0.0024,-0.0225,0,-0.0006,0.9909,-0.1344,0,0.0226,0.1344,0.9907,0,-0.0872,22.5476,3.6709,1]},
