{"producer":{"name":"Blender","version":"2.79 (sub 0)","exporter_version":"5.6.4","file":"headgesture.babylon"},
"autoClear":true,"clearColor":[0.0509,0.0509,0.0509],"ambientColor":[0,0,0],"gravity":[0,-9.81,0],
"materials":[{"name":"headgesture.Material","id":"headgesture.Material","ambient":[0,0,0],"diffuse":[0,0,0],"specular":[0,0,0],"emissive":[0,0,0],"specularPower":50,"alpha":0.001,"backFaceCulling":true,"checkReadyOnlyOnce":false,"maxSimultaneousLights":4}],
"multiMaterials":[],
"skeletons":[{"name":"Armature","id":0,"dimensionsAtRest":[379.1952,391.6652,55.677],"bones":[
{"name":"mixamorig:Hips","index":0,"matrix":[0.994,-0.0551,-0.0947,0,0.0609,0.9964,0.0598,0,-0.0911,0.0652,-0.9937,0,0.3746,200.3437,0.3753,1],"rest":[1,0,0,0,0,1,0,0,0,0,-1,0,0,201.6394,0,1],"parentBoneIndex":-1,"length":21.6784
,"animation":{"dataType":3,"framePerSecond":24,"keys":[
{"frame":1,"values":[0.994,-0.0551,-0.0947,0,0.0609,0.9964,0.0598,0,-0.0911,0.0652,-0.9937,0,0.3746,200.3126,0.3753,1]},
{"frame":2,"values":[0.994,-0.0548,-0.0943,0,0.0606,0.9964,0.0595,0,-0.0907,0.0648,-0.9938,0,0.3057,200.3274,0.1615,1]},
{"frame":3,"values":[0.9941,-0.0547,-0.0939,0,0.0604,0.9964,0.0592,0,-0.0903,0.0645,-0.9938,0,0.235,200.3422,-0.0592,1]},
{"frame":4,"values":[0.9941,-0.0549,-0.0936,0,0.0606,0.9964,0.0589,0,-0.09,0.0643,-0.9939,0,0.1714,200.357,-0.275,1]},
{"frame":5,"values":[0.9941,-0.0556,-0.093,0,0.0612,0.9964,0.059,0,-0.0894,0.0643,-0.9939,0,0.1025,200.3718,-0.4908,1]},
{"frame":6,"values":[0.9941,-0.0567,-0.0926,0,0.0623,0.9963,0.0591,0,-0.0889,0.0646,-0.9939,0,0.0339,200.3866,-0.6915,1]},
{"frame":7,"values":[0.994,-0.0578,-0.0928,0,0.0634,0.9962,0.0595,0,-0.089,0.065,-0.9939,0,-0.0054,200.4014,-0.8725,1]},
{"frame":8,"values":[0.9939,-0.0584,-0.0936,0,0.0641,0.9962,0.0594,0,-0.0898,0.065,-0.9938,0,-0.0036,200.4162,-1.0165,1]},
{"frame":9,"values":[0.9937,-0.0587,-0.0952,0,0.0644,0.9962,0.0585,0,-0.0914,0.0643,-0.9937,0,0.0345,200.431,-1.104,1]},
{"frame":10,"values":[0.9935,-0.0587,-0.0973,0,0.0645,0.9963,0.0569,0,-0.0936,0.0628,-0.9936,0,0.1112,200.4458,-1.13,1]},
{"frame":11,"values":[0.9932,-0.0585,-0.1002,0,0.0643,0.9964,0.0552,0,-0.0966,0.0612,-0.9934,0,0.2403,200.4606,-1.1559,1]},
{"frame":12,"values":[0.9931,-0.0575,-0.1024,0,0.0632,0.9966,0.0534,0,-0.099,0.0595,-0.9933,0,0.3694,200.4513,-1.1452,1]},
{"frame":13,"values":[0.993,-0.0557,-0.1045,0,0.0613,0.9968,0.0515,0,-0.1013,0.0576,-0.9932,0,0.4985,200.442,-1.1344,1]},
{"frame":14,"values":[0.9929,-0.0532,-0.1067,0,0.0588,0.997,0.0501,0,-0.1037,0.056,-0.993,0,0.6276,200.4327,-1.1237,1]},
{"frame":15,"values":[0.9927,-0.0509,-0.1089,0,0.0565,0.9972,0.0487,0,-0.1061,0.0545,-0.9929,0,0.7567,200.4234,-1.113,1]},
{"frame":16,"values":[0.9926,-0.0485,-0.1111,0,0.054,0.9974,0.0472,0,-0.1085,0.0529,-0.9927,0,0.8859,200.4141,-1.1023,1]},
{"frame":17,"values":[0.9924,-0.0473,-0.1133,0,0.0528,0.9976,0.0458,0,-0.1108,0.0514,-0.9925,0,1.015,200.4048,-1.1444,1]},
{"frame":18,"values":[0.9927,-0.0461,-0.1113,0,0.0513,0.9977,0.0444,0,-0.109,0.0498,-0.9928,0,1.1441,200.3955,-1.1864,1]},
{"frame":19,"values":[0.993,-0.045,-0.1093,0,0.0502,0.9977,0.0452,0,-0.107,0.0504,-0.993,0,1.2732,200.3862,-1.2285,1]},
{"frame":20,"values":[0.9932,-0.0452,-0.1073,0,0.0504,0.9977,0.046,0,-0.105,0.0511,-0.9932,0,1.4023,200.3769,-1.2705,1]},
{"frame":21,"values":[0.9934,-0.0455,-0.1054,0,0.0506,0.9976,0.0469,0,-0.103,0.0519,-0.9933,0,1.5314,200.3676,-1.3126,1]},
{"frame":22,"values":[0.9936,-0.0457,-0.1034,0,0.0509,0.9976,0.0477,0,-0.101,0.0526,-0.9935,0,1.6605,200.3583,-1.3547,1]},
{"frame":23,"values":[0.9938,-0.046,-0.1014,0,0.0511,0.9975,0.0485,0,-0.099,0.0534,-0.9937,0,1.5803,200.3686,-1.3967,1]},
{"frame":24,"values":[0.994,-0.046,-0.0995,0,0.0511,0.9975,0.0493,0,-0.097,0.0541,-0.9938,0,1.5001,200.3789,-1.4388,1]},
{"frame":25,"values":[0.9941,-0.0477,-0.0975,0,0.0527,0.9974,0.049,0,-0.0949,0.0539,-0.994,0,1.4199,200.3891,-1.4809,1]},
{"frame":26,"values":[0.9942,-0.0495,-0.0955,0,0.0543,0.9973,0.0487,0,-0.0929,0.0536,-0.9942,0,1.3397,200.3994,-1.4101,1]},
{"frame":27,"values":[0.9943,-0.0512,-0.0936,0,0.0559,0.9973,0.0483,0,-0.0908,0.0533,-0.9944,0,1.2596,200.4097,-1.3394,1]},
{"frame":28,"values":[0.9944,-0.053,-0.0916,0,0.0577,0.9971,0.0493,0,-0.0887,0.0543,-0.9946,0,1.1794,200.3996,-1.2687,1]},
{"frame":29,"values":[0.9945,-0.0548,-0.0896,0,0.0594,0.997,0.0502,0,-0.0866,0.0552,-0.9947,0,1.0992,200.3913,-1.198,1]},
{"frame":30,"values":[0.9945,-0.0565,-0.0876,0,0.0612,0.9968,0.0511,0,-0.0845,0.0562,-0.9948,0,1.019,200.3831,-1.1273,1]},
{"frame":31,"values":[0.9944,-0.0583,-0.088,0,0.063,0.9967,0.0521,0,-0.0847,0.0573,-0.9948,0,0.9388,200.3748,-1.0566,1]},
{"frame":32,"values":[0.9943,-0.06,-0.0884,0,0.0649,0.9965,0.053,0,-0.0849,0.0584,-0.9947,0,0.8586,200.3666,-0.9859,1]},
{"frame":33,"values":[0.9941,-0.0618,-0.0888,0,0.0667,0.9963,0.0539,0,-0.0851,0.0595,-0.9946,0,0.7784,200.3584,-0.9151,1]},
{"frame":34,"values":[0.994,-0.0635,-0.0892,0,0.0686,0.9961,0.0548,0,-0.0854,0.0606,-0.9945,0,0.6982,200.3501,-0.8444,1]},
{"frame":35,"values":[0.9938,-0.0653,-0.0896,0,0.0704,0.996,0.0557,0,-0.0856,0.0617,-0.9944,0,0.618,200.3419,-0.7737,1]},
{"frame":36,"values":[0.9938,-0.067,-0.089,0,0.0722,0.9958,0.0567,0,-0.0848,0.0627,-0.9944,0,0.6507,200.3337,-0.703,1]},
{"frame":37,"values":[0.9939,-0.0665,-0.0884,0,0.0718,0.9958,0.0576,0,-0.0842,0.0636,-0.9944,0,0.6835,200.3254,-0.6323,1]},
{"frame":38,"values":[0.9939,-0.066,-0.0878,0,0.0713,0.9957,0.0585,0,-0.0836,0.0644,-0.9944,0,0.7162,200.3172,-0.5616,1]},
{"frame":39,"values":[0.994,-0.0655,-0.0872,0,0.0708,0.9957,0.0595,0,-0.0829,0.0653,-0.9944,0,0.7489,200.3089,-0.4909,1]},
{"frame":40,"values":[0.9941,-0.065,-0.0866,0,0.0704,0.9957,0.0604,0,-0.0823,0.0661,-0.9944,0,0.7816,200.3007,-0.4201,1]},
{"frame":41,"values":[0.9942,-0.0645,-0.086,0,0.0699,0.9957,0.0613,0,-0.0817,0.067,-0.9944,0,0.8143,200.2925,-0.3494,1]},
{"frame":42,"values":[0.9943,-0.064,-0.0854,0,0.0695,0.9956,0.0622,0,-0.0811,0.0678,-0.9944,0,0.847,200.2842,-0.2787,1]},
{"frame":43,"values":[0.9944,-0.0635,-0.0848,0,0.069,0.9956,0.0632,0,-0.0805,0.0687,-0.9944,0,0.8798,200.276,-0.208,1]},
{"frame":44,"values":[0.9943,-0.0636,-0.085,0,0.069,0.9957,0.0625,0,-0.0807,0.068,-0.9944,0,0.9125,200.2711,-0.1373,1]},
{"frame":45,"values":[0.9945,-0.0629,-0.0838,0,0.0682,0.9958,0.0618,0,-0.0796,0.0672,-0.9946,0,0.9452,200.2754,-0.0666,1]},
{"frame":46,"values":[0.9946,-0.0622,-0.0826,0,0.0674,0.9959,0.0611,0,-0.0785,0.0663,-0.9947,0,0.9313,200.2797,0.0042,1]},
{"frame":47,"values":[0.9948,-0.0615,-0.0814,0,0.0665,0.996,0.0604,0,-0.0774,0.0655,-0.9948,0,0.9175,200.284,0.0749,1]},
{"frame":48,"values":[0.9949,-0.0608,-0.0802,0,0.0657,0.9961,0.0597,0,-0.0763,0.0647,-0.995,0,0.9036,200.2882,0.1456,1]},
{"frame":49,"values":[0.9951,-0.0601,-0.079,0,0.0649,0.9961,0.059,0,-0.0752,0.0639,-0.9951,0,0.8898,200.2925,0.2163,1]},
{"frame":50,"values":[0.9952,-0.0594,-0.0778,0,0.064,0.9962,0.0583,0,-0.0741,0.063,-0.9953,0,0.876,200.2968,0.287,1]},
{"frame":51,"values":[0.9952,-0.0587,-0.0788,0,0.0633,0.9963,0.0576,0,-0.0752,0.0623,-0.9952,0,0.88,200.301,0.3577,1]},
{"frame":52,"values":[0.9951,-0.058,-0.0798,0,0.0626,0.9964,0.0569,0,-0.0762,0.0617,-0.9952,0,0.884,200.3053,0.4284,1]},
{"frame":53,"values":[0.9951,-0.0573,-0.0808,0,0.062,0.9964,0.0571,0,-0.0773,0.0618,-0.9951,0,0.85,200.3096,0.4992,1]},
{"frame":54,"values":[0.995,-0.0566,-0.0818,0,0.0614,0.9965,0.0572,0,-0.0783,0.0619,-0.995,0,0.8159,200.3138,0.4682,1]},
{"frame":55,"values":[0.995,-0.0559,-0.0828,0,0.0607,0.9965,0.0573,0,-0.0793,0.062,-0.9949,0,0.7819,200.3181,0.4373,1]},
{"frame":56,"values":[0.995,-0.0552,-0.0838,0,0.0601,0.9965,0.0574,0,-0.0803,0.0622,-0.9948,0,0.7478,200.3224,0.4064,1]},
{"frame":57,"values":[0.9949,-0.0553,-0.0848,0,0.0603,0.9965,0.0576,0,-0.0813,0.0624,-0.9947,0,0.7138,200.3266,0.3754,1]},
{"frame":58,"values":[0.9948,-0.0555,-0.0858,0,0.0606,0.9965,0.0577,0,-0.0823,0.0626,-0.9946,0,0.6798,200.3309,0.3445,1]},
{"frame":59,"values":[0.9947,-0.0555,-0.0868,0,0.0606,0.9965,0.0578,0,-0.0832,0.0628,-0.9946,0,0.6457,200.3352,0.3136,1]},
{"frame":60,"values":[0.9946,-0.0555,-0.0877,0,0.0607,0.9965,0.0579,0,-0.0842,0.0629,-0.9945,0,0.6117,200.3394,0.2826,1]},
{"frame":61,"values":[0.9945,-0.0555,-0.0887,0,0.0608,0.9965,0.0581,0,-0.0852,0.0631,-0.9944,0,0.5776,200.3437,0.2517,1]},
{"frame":62,"values":[0.9944,-0.0556,-0.0897,0,0.0609,0.9964,0.0582,0,-0.0862,0.0633,-0.9943,0,0.5436,200.3437,0.2208,1]},
{"frame":63,"values":[0.9943,-0.0556,-0.0907,0,0.061,0.9964,0.0583,0,-0.0872,0.0635,-0.9942,0,0.5096,200.3437,0.2432,1]},
{"frame":64,"values":[0.9942,-0.0556,-0.0917,0,0.0611,0.9964,0.0583,0,-0.0881,0.0636,-0.9941,0,0.4755,200.3437,0.2656,1]},
{"frame":65,"values":[0.9941,-0.0556,-0.0927,0,0.0611,0.9964,0.0586,0,-0.0891,0.0639,-0.994,0,0.4415,200.3437,0.288,1]},
{"frame":66,"values":[0.9941,-0.0555,-0.0937,0,0.0612,0.9964,0.059,0,-0.0901,0.0643,-0.9939,0,0.4074,200.3437,0.3104,1]},
{"frame":67,"values":[0.994,-0.0554,-0.0947,0,0.0612,0.9964,0.0593,0,-0.091,0.0647,-0.9937,0,0.3734,200.3437,0.3328,1]},
{"frame":68,"values":[0.994,-0.0551,-0.0947,0,0.0609,0.9964,0.0598,0,-0.0911,0.0652,-0.9937,0,0.3746,200.3437,0.3753,1]}],"loopBehavior":1,"name":"anim","property":"_matrix"}},
{"name":"mixamorig:Spine","index":1,"matrix":[0.9987,0.0447,-0.0242,0,-0.0432,0.9972,0.0607,0,0.0269,-0.0596,0.9979,0,0.0062,19.525,-2.4818,1],"rest":[1,0,0,0,0,1,0,0,0,0,1,0,0.0062,19.525,-2.4818,1],"parentBoneIndex":0,"length":23.0091
,"animation":{"dataType":3,"framePerSecond":24,"keys":[
{"frame":1,"values":[0.9987,0.0447,-0.0242,0,-0.0433,0.9973,0.0587,0,0.0268,-0.0576,0.998,0,0.0062,19.525,-2.4818,1]},
{"frame":2,"values":[0.9987,0.0448,-0.0241,0,-0.0433,0.9973,0.0589,0,0.0267,-0.0577,0.998,0,0.0062,19.525,-2.4818,1]},
{"frame":3,"values":[0.9987,0.0449,-0.024,0,-0.0434,0.9973,0.059,0,0.0266,-0.0579,0.998,0,0.0062,19.525,-2.4818,1]},
{"frame":4,"values":[0.9987,0.0449,-0.0238,0,-0.0435,0.9973,0.0591,0,0.0264,-0.058,0.998,0,0.0062,19.525,-2.4818,1]},
{"frame":5,"values":[0.9987,0.045,-0.0237,0,-0.0435,0.9973,0.0592,0,0.0263,-0.0581,0.998,0,0.0062,19.525,-2.4818,1]},
{"frame":6,"values":[0.9987,0.0451,-0.0236,0,-0.0436,0.9973,0.0593,0,0.0262,-0.0582,0.998,0,0.0062,19.525,-2.4818,1]},
{"frame":7,"values":[0.9987,0.0456,-0.0235,0,-0.0441,0.9973,0.0595,0,0.0261,-0.0584,0.998,0,0.0062,19.525,-2.4818,1]},
{"frame":8,"values":[0.9987,0.0461,-0.0233,0,-0.0446,0.9972,0.0596,0,0.026,-0.0585,0.998,0,0.0062,19.525,-2.4818,1]},
{"frame":9,"values":[0.9986,0.0465,-0.0232,0,-0.0451,0.9972,0.0597,0,0.0259,-0.0586,0.9979,0,0.0062,19.525,-2.4818,1]},
{"frame":10,"values":[0.9986,0.047,-0.0231,0,-0.0456,0.9972,0.0598,0,0.0258,-0.0587,0.9979,0,0.0062,19.525,-2.4818,1]},
{"frame":11,"values":[0.9986,0.0475,-0.023,0,-0.046,0.9971,0.06,0,0.0258,-0.0588,0.9979,0,0.0062,19.525,-2.4818,1]},
{"frame":12,"values":[0.9986,0.048,-0.0228,0,-0.0465,0.9971,0.0601,0,0.0257,-0.0589,0.9979,0,0.0062,19.525,-2.4818,1]},
{"frame":13,"values":[0.9986,0.0485,-0.0227,0,-0.047,0.9971,0.0602,0,0.0256,-0.059,0.9979,0,0.0062,19.525,-2.4818,1]},
{"frame":14,"values":[0.9985,0.0489,-0.0226,0,-0.0475,0.997,0.0603,0,0.0255,-0.0592,0.9979,0,0.0062,19.525,-2.4818,1]},
{"frame":15,"values":[0.9985,0.0494,-0.0225,0,-0.048,0.997,0.0604,0,0.0254,-0.0593,0.9979,0,0.0062,19.525,-2.4818,1]},
{"frame":16,"values":[0.9985,0.0499,-0.0223,0,-0.0485,0.997,0.0606,0,0.0253,-0.0594,0.9979,0,0.0062,19.525,-2.4818,1]},
{"frame":17,"values":[0.9985,0.0504,-0.0222,0,-0.049,0.997,0.0607,0,0.0252,-0.0595,0.9979,0,0.0062,19.525,-2.4818,1]},
{"frame":18,"values":[0.9985,0.0509,-0.0221,0,-0.0494,0.9969,0.0607,0,0.0251,-0.0595,0.9979,0,0.0062,19.525,-2.4818,1]},
{"frame":19,"values":[0.9984,0.0513,-0.022,0,-0.0499,0.9969,0.0607,0,0.025,-0.0595,0.9979,0,0.0062,19.525,-2.4818,1]},
{"frame":20,"values":[0.9985,0.0509,-0.0218,0,-0.0495,0.9969,0.0607,0,0.0249,-0.0595,0.9979,0,0.0062,19.525,-2.4818,1]},
{"frame":21,"values":[0.9985,0.0505,-0.022,0,-0.0491,0.9969,0.0607,0,0.025,-0.0595,0.9979,0,0.0062,19.525,-2.4818,1]},
{"frame":22,"values":[0.9985,0.0501,-0.0221,0,-0.0487,0.997,0.0607,0,0.0251,-0.0595,0.9979,0,0.0062,19.525,-2.4818,1]},
{"frame":23,"values":[0.9985,0.0497,-0.0222,0,-0.0483,0.997,0.0607,0,0.0252,-0.0595,0.9979,0,0.0062,19.525,-2.4818,1]},
{"frame":24,"values":[0.9985,0.0493,-0.0224,0,-0.0479,0.997,0.0607,0,0.0253,-0.0595,0.9979,0,0.0062,19.525,-2.4818,1]},
{"frame":25,"values":[0.9986,0.0489,-0.0225,0,-0.0474,0.997,0.0607,0,0.0254,-0.0595,0.9979,0,0.0062,19.525,-2.4818,1]},
{"frame":26,"values":[0.9986,0.0485,-0.0226,0,-0.047,0.997,0.0607,0,0.0255,-0.0595,0.9979,0,0.0062,19.525,-2.4818,1]},
{"frame":27,"values":[0.9986,0.0481,-0.0228,0,-0.0466,0.9971,0.0607,0,0.0256,-0.0595,0.9979,0,0.0062,19.525,-2.4818,1]},
{"frame":28,"values":[0.9986,0.0477,-0.0229,0,-0.0462,0.9971,0.0607,0,0.0257,-0.0595,0.9979,0,0.0062,19.525,-2.4818,1]},
{"frame":29,"values":[0.9986,0.0473,-0.023,0,-0.0458,0.9971,0.0607,0,0.0258,-0.0595,0.9979,0,0.0062,19.525,-2.4818,1]},
{"frame":30,"values":[0.9986,0.0468,-0.0231,0,-0.0454,0.9971,0.0607,0,0.0259,-0.0596,0.9979,0,0.0062,19.525,-2.4818,1]},
{"frame":31,"values":[0.9987,0.0464,-0.0232,0,-0.045,0.9971,0.0607,0,0.026,-0.0596,0.9979,0,0.0062,19.525,-2.4818,1]},
{"frame":32,"values":[0.9987,0.046,-0.0233,0,-0.0445,0.9972,0.0607,0,0.026,-0.0596,0.9979,0,0.0062,19.525,-2.4818,1]},
{"frame":33,"values":[0.9987,0.0456,-0.0234,0,-0.0441,0.9972,0.0607,0,0.0261,-0.0596,0.9979,0,0.0062,19.525,-2.4818,1]},
{"frame":34,"values":[0.9987,0.0452,-0.0235,0,-0.0437,0.9972,0.0607,0,0.0261,-0.0596,0.9979,0,0.0062,19.525,-2.4818,1]},
{"frame":35,"values":[0.9987,0.0448,-0.0235,0,-0.0433,0.9972,0.0607,0,0.0262,-0.0596,0.9979,0,0.0062,19.525,-2.4818,1]},
{"frame":36,"values":[0.9987,0.0444,-0.0237,0,-0.0429,0.9972,0.0607,0,0.0263,-0.0596,0.9979,0,0.0062,19.525,-2.4818,1]},
{"frame":37,"values":[0.9987,0.044,-0.0239,0,-0.0425,0.9973,0.0607,0,0.0265,-0.0596,0.9979,0,0.0062,19.525,-2.4818,1]},
{"frame":38,"values":[0.9988,0.0436,-0.0241,0,-0.042,0.9973,0.0607,0,0.0266,-0.0596,0.9979,0,0.0062,19.525,-2.4818,1]},
{"frame":39,"values":[0.9988,0.0432,-0.0242,0,-0.0416,0.9973,0.0607,0,0.0268,-0.0596,0.9979,0,0.0062,19.525,-2.4818,1]},
{"frame":40,"values":[0.9988,0.0428,-0.0244,0,-0.0412,0.9973,0.0607,0,0.0269,-0.0596,0.9979,0,0.0062,19.525,-2.4818,1]},
{"frame":41,"values":[0.9988,0.0428,-0.0246,0,-0.0413,0.9973,0.0607,0,0.0271,-0.0596,0.9979,0,0.0062,19.525,-2.4818,1]},
{"frame":42,"values":[0.9988,0.0429,-0.0247,0,-0.0413,0.9973,0.0607,0,0.0273,-0.0596,0.9979,0,0.0062,19.525,-2.4818,1]},
{"frame":43,"values":[0.9988,0.043,-0.0249,0,-0.0414,0.9973,0.0607,0,0.0274,-0.0596,0.9978,0,0.0062,19.525,-2.4818,1]},
{"frame":44,"values":[0.9988,0.0429,-0.0254,0,-0.0413,0.9973,0.0607,0,0.0279,-0.0596,0.9978,0,0.0062,19.525,-2.4818,1]},
{"frame":45,"values":[0.9987,0.0428,-0.0259,0,-0.0411,0.9973,0.0607,0,0.0285,-0.0595,0.9978,0,0.0062,19.525,-2.4818,1]},
{"frame":46,"values":[0.9987,0.0427,-0.0264,0,-0.041,0.9973,0.0607,0,0.029,-0.0595,0.9978,0,0.0062,19.525,-2.4818,1]},
{"frame":47,"values":[0.9987,0.0428,-0.0262,0,-0.0412,0.9973,0.0607,0,0.0288,-0.0595,0.9978,0,0.0062,19.525,-2.4818,1]},
{"frame":48,"values":[0.9987,0.043,-0.026,0,-0.0414,0.9973,0.0607,0,0.0286,-0.0595,0.9978,0,0.0062,19.525,-2.4818,1]},
{"frame":49,"values":[0.9987,0.0432,-0.0258,0,-0.0416,0.9973,0.0607,0,0.0284,-0.0595,0.9978,0,0.0062,19.525,-2.4818,1]},
{"frame":50,"values":[0.9987,0.0434,-0.0256,0,-0.0418,0.9973,0.0607,0,0.0282,-0.0595,0.9978,0,0.0062,19.525,-2.4818,1]},
{"frame":51,"values":[0.9987,0.0436,-0.0254,0,-0.042,0.9973,0.0607,0,0.028,-0.0595,0.9978,0,0.0062,19.525,-2.4818,1]},
{"frame":52,"values":[0.9987,0.0438,-0.0252,0,-0.0422,0.9973,0.0607,0,0.0278,-0.0595,0.9978,0,0.0062,19.525,-2.4818,1]},
{"frame":53,"values":[0.9987,0.0439,-0.0251,0,-0.0424,0.9973,0.0607,0,0.0277,-0.0595,0.9978,0,0.0062,19.525,-2.4818,1]},
{"frame":54,"values":[0.9987,0.0441,-0.0251,0,-0.0425,0.9973,0.0607,0,0.0277,-0.0595,0.9978,0,0.0062,19.525,-2.4818,1]},
{"frame":55,"values":[0.9987,0.0443,-0.025,0,-0.0427,0.9972,0.0607,0,0.0276,-0.0595,0.9978,0,0.0062,19.525,-2.4818,1]},
{"frame":56,"values":[0.9987,0.0445,-0.0249,0,-0.0429,0.9972,0.0607,0,0.0276,-0.0595,0.9978,0,0.0062,19.525,-2.4818,1]},
{"frame":57,"values":[0.9987,0.0447,-0.0249,0,-0.0431,0.9972,0.0607,0,0.0275,-0.0595,0.9978,0,0.0062,19.525,-2.4818,1]},
{"frame":58,"values":[0.9987,0.0449,-0.0248,0,-0.0433,0.9972,0.0607,0,0.0275,-0.0595,0.9978,0,0.0062,19.525,-2.4818,1]},
{"frame":59,"values":[0.9987,0.0448,-0.0247,0,-0.0433,0.9972,0.0607,0,0.0274,-0.0595,0.9979,0,0.0062,19.525,-2.4818,1]},
{"frame":60,"values":[0.9987,0.0448,-0.0247,0,-0.0432,0.9972,0.0607,0,0.0273,-0.0595,0.9979,0,0.0062,19.525,-2.4818,1]},
{"frame":61,"values":[0.9987,0.0447,-0.0246,0,-0.0432,0.9972,0.0607,0,0.0273,-0.0595,0.9979,0,0.0062,19.525,-2.4818,1]},
{"frame":62,"values":[0.9987,0.0448,-0.0245,0,-0.0432,0.9972,0.0607,0,0.0272,-0.0595,0.9979,0,0.0062,19.525,-2.4818,1]},
{"frame":63,"values":[0.9987,0.0448,-0.0245,0,-0.0432,0.9972,0.0607,0,0.0271,-0.0595,0.9979,0,0.0062,19.525,-2.4818,1]},
{"frame":64,"values":[0.9987,0.0447,-0.0244,0,-0.0432,0.9972,0.0607,0,0.0271,-0.0595,0.9979,0,0.0062,19.525,-2.4818,1]},
{"frame":65,"values":[0.9987,0.0447,-0.0243,0,-0.0432,0.9972,0.0607,0,0.027,-0.0596,0.9979,0,0.0062,19.525,-2.4818,1]},
{"frame":66,"values":[0.9987,0.0447,-0.0243,0,-0.0432,0.9972,0.0607,0,0.0269,-0.0596,0.9979,0,0.0062,19.525,-2.4818,1]},
{"frame":67,"values":[0.9987,0.0448,-0.0242,0,-0.0432,0.9972,0.0607,0,0.0269,-0.0596,0.9979,0,0.0062,19.525,-2.4818,1]},
{"frame":68,"values":[0.9987,0.0447,-0.0242,0,-0.0432,0.9972,0.0607,0,0.0269,-0.0596,0.9979,0,0.0062,19.525,-2.4818,1]}],"loopBehavior":1,"name":"anim","property":"_matrix"}},
{"name":"mixamorig:Spine1","index":2,"matrix":[0.9996,0.0272,-0.0054,0,-0.0271,0.9994,0.0203,0,0.0059,-0.0201,0.9998,0,-0.0009,22.835,-2.8254,1],"rest":[1,0,0,0,0,1,0,0,0,0,1,0,-0.0009,22.835,-2.8254,1],"parentBoneIndex":1,"length":26.7438
,"animation":{"dataType":3,"framePerSecond":24,"keys":[
{"frame":1,"values":[0.9996,0.0272,-0.0054,0,-0.0271,0.9994,0.0203,0,0.0059,-0.0201,0.9998,0,-0.0009,22.835,-2.8254,1]},
{"frame":2,"values":[0.9996,0.0277,-0.0052,0,-0.0276,0.9994,0.0204,0,0.0057,-0.0202,0.9998,0,-0.0009,22.835,-2.8254,1]},
{"frame":3,"values":[0.9996,0.0281,-0.0049,0,-0.028,0.9994,0.0205,0,0.0055,-0.0203,0.9998,0,-0.0009,22.835,-2.8254,1]},
{"frame":4,"values":[0.9996,0.0286,-0.0047,0,-0.0285,0.9994,0.0205,0,0.0053,-0.0204,0.9998,0,-0.0009,22.835,-2.8254,1]},
{"frame":5,"values":[0.9996,0.0291,-0.0045,0,-0.029,0.9994,0.0206,0,0.0051,-0.0205,0.9998,0,-0.0009,22.835,-2.8254,1]},
{"frame":6,"values":[0.9996,0.0295,-0.0043,0,-0.0294,0.9994,0.0207,0,0.0049,-0.0206,0.9998,0,-0.0009,22.835,-2.8254,1]},
{"frame":7,"values":[0.9995,0.03,-0.0041,0,-0.0299,0.9993,0.0208,0,0.0047,-0.0207,0.9998,0,-0.0009,22.835,-2.8254,1]},
{"frame":8,"values":[0.9995,0.0305,-0.0038,0,-0.0304,0.9993,0.0209,0,0.0045,-0.0208,0.9998,0,-0.0009,22.835,-2.8254,1]},
{"frame":9,"values":[0.9995,0.0309,-0.0036,0,-0.0308,0.9993,0.021,0,0.0043,-0.0209,0.9998,0,-0.0009,22.835,-2.8254,1]},
{"frame":10,"values":[0.9995,0.0314,-0.0034,0,-0.0313,0.9993,0.0211,0,0.0041,-0.021,0.9998,0,-0.0009,22.835,-2.8254,1]},
{"frame":11,"values":[0.9995,0.0319,-0.0032,0,-0.0318,0.9993,0.0212,0,0.0039,-0.0211,0.9998,0,-0.0009,22.835,-2.8254,1]},
{"frame":12,"values":[0.9995,0.0323,-0.003,0,-0.0323,0.9993,0.0213,0,0.0036,-0.0212,0.9998,0,-0.0009,22.835,-2.8254,1]},
{"frame":13,"values":[0.9995,0.0328,-0.0027,0,-0.0327,0.9992,0.0214,0,0.0034,-0.0213,0.9998,0,-0.0009,22.835,-2.8254,1]},
{"frame":14,"values":[0.9994,0.0332,-0.0025,0,-0.0332,0.9992,0.0215,0,0.0032,-0.0214,0.9998,0,-0.0009,22.835,-2.8254,1]},
{"frame":15,"values":[0.9994,0.0337,-0.0023,0,-0.0337,0.9992,0.0216,0,0.003,-0.0215,0.9998,0,-0.0009,22.835,-2.8254,1]},
{"frame":16,"values":[0.9994,0.0342,-0.0021,0,-0.0341,0.9992,0.0217,0,0.0028,-0.0216,0.9998,0,-0.0009,22.835,-2.8254,1]},
{"frame":17,"values":[0.9994,0.0346,-0.0019,0,-0.0346,0.9992,0.0218,0,0.0026,-0.0217,0.9998,0,-0.0009,22.835,-2.8254,1]},
{"frame":18,"values":[0.9994,0.0351,-0.0016,0,-0.0351,0.9991,0.0218,0,0.0024,-0.0217,0.9998,0,-0.0009,22.835,-2.8254,1]},
{"frame":19,"values":[0.9994,0.0356,-0.0014,0,-0.0355,0.9991,0.0218,0,0.0022,-0.0217,0.9998,0,-0.0009,22.835,-2.8254,1]},
{"frame":20,"values":[0.9994,0.0351,-0.0012,0,-0.0351,0.9991,0.0217,0,0.002,-0.0217,0.9998,0,-0.0009,22.835,-2.8254,1]},
{"frame":21,"values":[0.9994,0.0346,-0.0015,0,-0.0346,0.9992,0.0217,0,0.0022,-0.0216,0.9998,0,-0.0009,22.835,-2.8254,1]},
{"frame":22,"values":[0.9994,0.0342,-0.0018,0,-0.0341,0.9992,0.0217,0,0.0025,-0.0216,0.9998,0,-0.0009,22.835,-2.8254,1]},
{"frame":23,"values":[0.9994,0.0337,-0.002,0,-0.0337,0.9992,0.0216,0,0.0028,-0.0215,0.9998,0,-0.0009,22.835,-2.8254,1]},
{"frame":24,"values":[0.9994,0.0333,-0.0023,0,-0.0332,0.9992,0.0216,0,0.003,-0.0215,0.9998,0,-0.0009,22.835,-2.8254,1]},
{"frame":25,"values":[0.9995,0.0328,-0.0026,0,-0.0327,0.9992,0.0216,0,0.0033,-0.0215,0.9998,0,-0.0009,22.835,-2.8254,1]},
{"frame":26,"values":[0.9995,0.0323,-0.0029,0,-0.0323,0.9992,0.0215,0,0.0036,-0.0214,0.9998,0,-0.0009,22.835,-2.8254,1]},
{"frame":27,"values":[0.9995,0.0319,-0.0032,0,-0.0318,0.9993,0.0215,0,0.0038,-0.0214,0.9998,0,-0.0009,22.835,-2.8254,1]},
{"frame":28,"values":[0.9995,0.0314,-0.0034,0,-0.0313,0.9993,0.0215,0,0.0041,-0.0214,0.9998,0,-0.0009,22.835,-2.8254,1]},
{"frame":29,"values":[0.9995,0.031,-0.0036,0,-0.0309,0.9993,0.0214,0,0.0042,-0.0213,0.9998,0,-0.0009,22.835,-2.8254,1]},
{"frame":30,"values":[0.9995,0.0305,-0.0037,0,-0.0304,0.9993,0.0214,0,0.0044,-0.0213,0.9998,0,-0.0009,22.835,-2.8254,1]},
{"frame":31,"values":[0.9995,0.03,-0.0038,0,-0.0299,0.9993,0.0214,0,0.0045,-0.0213,0.9998,0,-0.0009,22.835,-2.8254,1]},
{"frame":32,"values":[0.9996,0.0296,-0.004,0,-0.0295,0.9993,0.0214,0,0.0046,-0.0212,0.9998,0,-0.0009,22.835,-2.8254,1]},
{"frame":33,"values":[0.9996,0.0291,-0.0041,0,-0.029,0.9994,0.0213,0,0.0047,-0.0212,0.9998,0,-0.0009,22.835,-2.8254,1]},
{"frame":34,"values":[0.9996,0.0286,-0.0042,0,-0.0285,0.9994,0.0213,0,0.0049,-0.0212,0.9998,0,-0.0009,22.835,-2.8254,1]},
{"frame":35,"values":[0.9996,0.0282,-0.0044,0,-0.0281,0.9994,0.0213,0,0.005,-0.0211,0.9998,0,-0.0009,22.835,-2.8254,1]},
{"frame":36,"values":[0.9996,0.0277,-0.0047,0,-0.0276,0.9994,0.0212,0,0.0053,-0.0211,0.9998,0,-0.0009,22.835,-2.8254,1]},
{"frame":37,"values":[0.9996,0.0273,-0.005,0,-0.0271,0.9994,0.0212,0,0.0055,-0.0211,0.9998,0,-0.0009,22.835,-2.8254,1]},
{"frame":38,"values":[0.9996,0.0268,-0.0053,0,-0.0267,0.9994,0.0212,0,0.0058,-0.021,0.9998,0,-0.0009,22.835,-2.8254,1]},
{"frame":39,"values":[0.9996,0.0263,-0.0055,0,-0.0262,0.9994,0.0211,0,0.0061,-0.021,0.9998,0,-0.0009,22.835,-2.8254,1]},
{"frame":40,"values":[0.9996,0.0259,-0.0058,0,-0.0257,0.9994,0.0211,0,0.0064,-0.021,0.9998,0,-0.0009,22.835,-2.8254,1]},
{"frame":41,"values":[0.9997,0.0254,-0.0061,0,-0.0253,0.9995,0.0211,0,0.0067,-0.0209,0.9998,0,-0.0009,22.835,-2.8254,1]},
{"frame":42,"values":[0.9997,0.0249,-0.0064,0,-0.0248,0.9995,0.021,0,0.0069,-0.0209,0.9998,0,-0.0009,22.835,-2.8254,1]},
{"frame":43,"values":[0.9997,0.0245,-0.0067,0,-0.0243,0.9995,0.021,0,0.0072,-0.0208,0.9998,0,-0.0009,22.835,-2.8254,1]},
{"frame":44,"values":[0.9997,0.024,-0.0075,0,-0.0239,0.9995,0.021,0,0.008,-0.0208,0.9998,0,-0.0009,22.835,-2.8254,1]},
{"frame":45,"values":[0.9997,0.0242,-0.0084,0,-0.024,0.9995,0.021,0,0.0089,-0.0207,0.9997,0,-0.0009,22.835,-2.8254,1]},
{"frame":46,"values":[0.9997,0.0244,-0.0092,0,-0.0242,0.9995,0.0209,0,0.0097,-0.0207,0.9997,0,-0.0009,22.835,-2.8254,1]},
{"frame":47,"values":[0.9997,0.0246,-0.0089,0,-0.0244,0.9995,0.0209,0,0.0094,-0.0207,0.9997,0,-0.0009,22.835,-2.8254,1]},
{"frame":48,"values":[0.9997,0.0247,-0.0085,0,-0.0246,0.9995,0.0209,0,0.009,-0.0206,0.9997,0,-0.0009,22.835,-2.8254,1]},
{"frame":49,"values":[0.9997,0.0249,-0.0082,0,-0.0248,0.9995,0.0208,0,0.0087,-0.0206,0.9997,0,-0.0009,22.835,-2.8254,1]},
{"frame":50,"values":[0.9997,0.0251,-0.0078,0,-0.0249,0.9995,0.0208,0,0.0083,-0.0206,0.9998,0,-0.0009,22.835,-2.8254,1]},
{"frame":51,"values":[0.9997,0.0253,-0.0075,0,-0.0251,0.9995,0.0208,0,0.008,-0.0206,0.9998,0,-0.0009,22.835,-2.8254,1]},
{"frame":52,"values":[0.9997,0.0255,-0.0071,0,-0.0253,0.9995,0.0207,0,0.0076,-0.0206,0.9998,0,-0.0009,22.835,-2.8254,1]},
{"frame":53,"values":[0.9996,0.0257,-0.007,0,-0.0255,0.9995,0.0207,0,0.0075,-0.0205,0.9998,0,-0.0009,22.835,-2.8254,1]},
{"frame":54,"values":[0.9996,0.0258,-0.0069,0,-0.0257,0.9995,0.0207,0,0.0074,-0.0205,0.9998,0,-0.0009,22.835,-2.8254,1]},
{"frame":55,"values":[0.9996,0.026,-0.0068,0,-0.0259,0.9995,0.0207,0,0.0073,-0.0205,0.9998,0,-0.0009,22.835,-2.8254,1]},
{"frame":56,"values":[0.9996,0.0262,-0.0067,0,-0.0261,0.9994,0.0206,0,0.0072,-0.0204,0.9998,0,-0.0009,22.835,-2.8254,1]},
{"frame":57,"values":[0.9996,0.0264,-0.0066,0,-0.0262,0.9994,0.0206,0,0.0071,-0.0204,0.9998,0,-0.0009,22.835,-2.8254,1]},
{"frame":58,"values":[0.9996,0.0266,-0.0065,0,-0.0264,0.9994,0.0206,0,0.007,-0.0204,0.9998,0,-0.0009,22.835,-2.8254,1]},
{"frame":59,"values":[0.9996,0.0267,-0.0064,0,-0.0266,0.9994,0.0205,0,0.0069,-0.0204,0.9998,0,-0.0009,22.835,-2.8254,1]},
{"frame":60,"values":[0.9996,0.0269,-0.0062,0,-0.0268,0.9994,0.0205,0,0.0068,-0.0203,0.9998,0,-0.0009,22.835,-2.8254,1]},
{"frame":61,"values":[0.9996,0.0271,-0.0061,0,-0.027,0.9994,0.0205,0,0.0067,-0.0203,0.9998,0,-0.0009,22.835,-2.8254,1]},
{"frame":62,"values":[0.9996,0.0271,-0.006,0,-0.027,0.9994,0.0204,0,0.0066,-0.0203,0.9998,0,-0.0009,22.835,-2.8254,1]},
{"frame":63,"values":[0.9996,0.0271,-0.0059,0,-0.027,0.9994,0.0204,0,0.0065,-0.0202,0.9998,0,-0.0009,22.835,-2.8254,1]},
{"frame":64,"values":[0.9996,0.0271,-0.0058,0,-0.027,0.9994,0.0204,0,0.0064,-0.0202,0.9998,0,-0.0009,22.835,-2.8254,1]},
{"frame":65,"values":[0.9996,0.0271,-0.0057,0,-0.027,0.9994,0.0203,0,0.0063,-0.0202,0.9998,0,-0.0009,22.835,-2.8254,1]},
{"frame":66,"values":[0.9996,0.0271,-0.0056,0,-0.027,0.9994,0.0203,0,0.0061,-0.0202,0.9998,0,-0.0009,22.835,-2.8254,1]},
{"frame":67,"values":[0.9996,0.0272,-0.0055,0,-0.0271,0.9994,0.0203,0,0.006,-0.0201,0.9998,0,-0.0009,22.835,-2.8254,1]},
{"frame":68,"values":[0.9996,0.0272,-0.0054,0,-0.0271,0.9994,0.0203,0,0.0059,-0.0201,0.9998,0,-0.0009,22.835,-2.8254,1]}],"loopBehavior":1,"name":"anim","property":"_matrix"}},
{"name":"mixamorig:Spine2","index":3,"matrix":[0.9996,0.0273,-0.0058,0,-0.0272,0.9994,0.0198,0,0.0063,-0.0197,0.9998,0,-0.0206,26.5525,-3.1933,1],"rest":[1,0,0,0,0,1,0,0,0,0,1,0,-0.0206,26.5525,-3.1933,1],"parentBoneIndex":2,"length":24.825
,"animation":{"dataType":3,"framePerSecond":24,"keys":[
{"frame":1,"values":[0.9996,0.0273,-0.0058,0,-0.0272,0.9994,0.0198,0,0.0063,-0.0197,0.9998,0,-0.0206,26.5525,-3.1933,1]},
{"frame":2,"values":[0.9996,0.0277,-0.0055,0,-0.0276,0.9994,0.0199,0,0.0061,-0.0197,0.9998,0,-0.0206,26.5525,-3.1933,1]},
{"frame":3,"values":[0.9996,0.0282,-0.0053,0,-0.0281,0.9994,0.02,0,0.0059,-0.0198,0.9998,0,-0.0206,26.5525,-3.1933,1]},
{"frame":4,"values":[0.9996,0.0287,-0.0051,0,-0.0286,0.9994,0.0201,0,0.0056,-0.0199,0.9998,0,-0.0206,26.5525,-3.1933,1]},
{"frame":5,"values":[0.9996,0.0291,-0.0048,0,-0.029,0.9994,0.0202,0,0.0054,-0.02,0.9998,0,-0.0206,26.5525,-3.1933,1]},
{"frame":6,"values":[0.9996,0.0296,-0.0046,0,-0.0295,0.9994,0.0203,0,0.0052,-0.0201,0.9998,0,-0.0206,26.5525,-3.1933,1]},
{"frame":7,"values":[0.9995,0.0301,-0.0044,0,-0.03,0.9993,0.0204,0,0.005,-0.0202,0.9998,0,-0.0206,26.5525,-3.1933,1]},
{"frame":8,"values":[0.9995,0.0305,-0.0041,0,-0.0304,0.9993,0.0205,0,0.0048,-0.0203,0.9998,0,-0.0206,26.5525,-3.1933,1]},
{"frame":9,"values":[0.9995,0.031,-0.0039,0,-0.0309,0.9993,0.0206,0,0.0045,-0.0204,0.9998,0,-0.0206,26.5525,-3.1933,1]},
{"frame":10,"values":[0.9995,0.0314,-0.0037,0,-0.0314,0.9993,0.0206,0,0.0043,-0.0205,0.9998,0,-0.0206,26.5525,-3.1933,1]},
{"frame":11,"values":[0.9995,0.0319,-0.0034,0,-0.0318,0.9993,0.0207,0,0.0041,-0.0206,0.9998,0,-0.0206,26.5525,-3.1933,1]},
{"frame":12,"values":[0.9995,0.0324,-0.0032,0,-0.0323,0.9993,0.0208,0,0.0039,-0.0207,0.9998,0,-0.0206,26.5525,-3.1933,1]},
{"frame":13,"values":[0.9995,0.0328,-0.003,0,-0.0328,0.9992,0.0209,0,0.0037,-0.0208,0.9998,0,-0.0206,26.5525,-3.1933,1]},
{"frame":14,"values":[0.9994,0.0333,-0.0027,0,-0.0332,0.9992,0.021,0,0.0034,-0.0209,0.9998,0,-0.0206,26.5525,-3.1933,1]},
{"frame":15,"values":[0.9994,0.0338,-0.0025,0,-0.0337,0.9992,0.0211,0,0.0032,-0.021,0.9998,0,-0.0206,26.5525,-3.1933,1]},
{"frame":16,"values":[0.9994,0.0342,-0.0023,0,-0.0342,0.9992,0.0212,0,0.003,-0.0211,0.9998,0,-0.0206,26.5525,-3.1933,1]},
{"frame":17,"values":[0.9994,0.0347,-0.002,0,-0.0346,0.9992,0.0213,0,0.0028,-0.0212,0.9998,0,-0.0206,26.5525,-3.1933,1]},
{"frame":18,"values":[0.9994,0.0351,-0.0018,0,-0.0351,0.9992,0.0213,0,0.0025,-0.0212,0.9998,0,-0.0206,26.5525,-3.1933,1]},
{"frame":19,"values":[0.9994,0.0356,-0.0016,0,-0.0356,0.9991,0.0212,0,0.0023,-0.0212,0.9998,0,-0.0206,26.5525,-3.1933,1]},
{"frame":20,"values":[0.9994,0.0351,-0.0013,0,-0.0351,0.9992,0.0212,0,0.0021,-0.0211,0.9998,0,-0.0206,26.5525,-3.1933,1]},
{"frame":21,"values":[0.9994,0.0347,-0.0016,0,-0.0346,0.9992,0.0212,0,0.0024,-0.0211,0.9998,0,-0.0206,26.5525,-3.1933,1]},
{"frame":22,"values":[0.9994,0.0342,-0.0019,0,-0.0342,0.9992,0.0211,0,0.0027,-0.0211,0.9998,0,-0.0206,26.5525,-3.1933,1]},
{"frame":23,"values":[0.9994,0.0338,-0.0022,0,-0.0337,0.9992,0.0211,0,0.0029,-0.021,0.9998,0,-0.0206,26.5525,-3.1933,1]},
{"frame":24,"values":[0.9994,0.0333,-0.0025,0,-0.0333,0.9992,0.0211,0,0.0032,-0.021,0.9998,0,-0.0206,26.5525,-3.1933,1]},
{"frame":25,"values":[0.9995,0.0329,-0.0028,0,-0.0328,0.9992,0.0211,0,0.0035,-0.0209,0.9998,0,-0.0206,26.5525,-3.1933,1]},
{"frame":26,"values":[0.9995,0.0324,-0.0031,0,-0.0323,0.9993,0.021,0,0.0038,-0.0209,0.9998,0,-0.0206,26.5525,-3.1933,1]},
{"frame":27,"values":[0.9995,0.0319,-0.0034,0,-0.0319,0.9993,0.021,0,0.0041,-0.0209,0.9998,0,-0.0206,26.5525,-3.1933,1]},
{"frame":28,"values":[0.9995,0.0315,-0.0037,0,-0.0314,0.9993,0.021,0,0.0044,-0.0208,0.9998,0,-0.0206,26.5525,-3.1933,1]},
{"frame":29,"values":[0.9995,0.031,-0.0039,0,-0.0309,0.9993,0.0209,0,0.0045,-0.0208,0.9998,0,-0.0206,26.5525,-3.1933,1]},
{"frame":30,"values":[0.9995,0.0306,-0.004,0,-0.0305,0.9993,0.0209,0,0.0047,-0.0208,0.9998,0,-0.0206,26.5525,-3.1933,1]},
{"frame":31,"values":[0.9995,0.0301,-0.0042,0,-0.03,0.9993,0.0209,0,0.0048,-0.0207,0.9998,0,-0.0206,26.5525,-3.1933,1]},
{"frame":32,"values":[0.9996,0.0297,-0.0044,0,-0.0296,0.9993,0.0208,0,0.005,-0.0207,0.9998,0,-0.0206,26.5525,-3.1933,1]},
{"frame":33,"values":[0.9996,0.0292,-0.0045,0,-0.0291,0.9994,0.0208,0,0.0051,-0.0207,0.9998,0,-0.0206,26.5525,-3.1933,1]},
{"frame":34,"values":[0.9996,0.0287,-0.0047,0,-0.0286,0.9994,0.0208,0,0.0053,-0.0206,0.9998,0,-0.0206,26.5525,-3.1933,1]},
{"frame":35,"values":[0.9996,0.0283,-0.0048,0,-0.0282,0.9994,0.0208,0,0.0054,-0.0206,0.9998,0,-0.0206,26.5525,-3.1933,1]},
{"frame":36,"values":[0.9996,0.0278,-0.0051,0,-0.0277,0.9994,0.0207,0,0.0057,-0.0206,0.9998,0,-0.0206,26.5525,-3.1933,1]},
{"frame":37,"values":[0.9996,0.0274,-0.0054,0,-0.0272,0.9994,0.0207,0,0.006,-0.0206,0.9998,0,-0.0206,26.5525,-3.1933,1]},
{"frame":38,"values":[0.9996,0.0269,-0.0057,0,-0.0268,0.9994,0.0207,0,0.0063,-0.0205,0.9998,0,-0.0206,26.5525,-3.1933,1]},
{"frame":39,"values":[0.9996,0.0265,-0.006,0,-0.0263,0.9994,0.0206,0,0.0066,-0.0205,0.9998,0,-0.0206,26.5525,-3.1933,1]},
{"frame":40,"values":[0.9996,0.026,-0.0063,0,-0.0259,0.9995,0.0206,0,0.0068,-0.0204,0.9998,0,-0.0206,26.5525,-3.1933,1]},
{"frame":41,"values":[0.9997,0.0255,-0.0066,0,-0.0254,0.9995,0.0206,0,0.0071,-0.0204,0.9998,0,-0.0206,26.5525,-3.1933,1]},
{"frame":42,"values":[0.9997,0.0251,-0.0069,0,-0.0249,0.9995,0.0206,0,0.0074,-0.0204,0.9998,0,-0.0206,26.5525,-3.1933,1]},
{"frame":43,"values":[0.9997,0.0246,-0.0072,0,-0.0245,0.9995,0.0205,0,0.0077,-0.0204,0.9998,0,-0.0206,26.5525,-3.1933,1]},
{"frame":44,"values":[0.9997,0.0242,-0.008,0,-0.024,0.9995,0.0205,0,0.0085,-0.0203,0.9998,0,-0.0206,26.5525,-3.1933,1]},
{"frame":45,"values":[0.9997,0.0243,-0.0089,0,-0.0241,0.9995,0.0205,0,0.0094,-0.0203,0.9998,0,-0.0206,26.5525,-3.1933,1]},
{"frame":46,"values":[0.9997,0.0245,-0.0097,0,-0.0243,0.9995,0.0204,0,0.0102,-0.0202,0.9997,0,-0.0206,26.5525,-3.1933,1]},
{"frame":47,"values":[0.9997,0.0247,-0.0093,0,-0.0245,0.9995,0.0204,0,0.0098,-0.0202,0.9997,0,-0.0206,26.5525,-3.1933,1]},
{"frame":48,"values":[0.9997,0.0248,-0.009,0,-0.0246,0.9995,0.0204,0,0.0095,-0.0202,0.9998,0,-0.0206,26.5525,-3.1933,1]},
{"frame":49,"values":[0.9997,0.025,-0.0086,0,-0.0248,0.9995,0.0204,0,0.0091,-0.0201,0.9998,0,-0.0206,26.5525,-3.1933,1]},
{"frame":50,"values":[0.9996,0.0252,-0.0083,0,-0.025,0.9995,0.0203,0,0.0088,-0.0201,0.9998,0,-0.0206,26.5525,-3.1933,1]},
{"frame":51,"values":[0.9996,0.0253,-0.0079,0,-0.0252,0.9995,0.0203,0,0.0084,-0.0201,0.9998,0,-0.0206,26.5525,-3.1933,1]},
{"frame":52,"values":[0.9996,0.0255,-0.0075,0,-0.0253,0.9995,0.0203,0,0.0081,-0.0201,0.9998,0,-0.0206,26.5525,-3.1933,1]},
{"frame":53,"values":[0.9996,0.0257,-0.0074,0,-0.0255,0.9995,0.0202,0,0.0079,-0.02,0.9998,0,-0.0206,26.5525,-3.1933,1]},
{"frame":54,"values":[0.9996,0.0258,-0.0073,0,-0.0257,0.9995,0.0202,0,0.0078,-0.02,0.9998,0,-0.0206,26.5525,-3.1933,1]},
{"frame":55,"values":[0.9996,0.026,-0.0072,0,-0.0258,0.9995,0.0202,0,0.0077,-0.02,0.9998,0,-0.0206,26.5525,-3.1933,1]},
{"frame":56,"values":[0.9996,0.0262,-0.0071,0,-0.026,0.9995,0.0202,0,0.0076,-0.02,0.9998,0,-0.0206,26.5525,-3.1933,1]},
{"frame":57,"values":[0.9996,0.0263,-0.007,0,-0.0262,0.9995,0.0201,0,0.0075,-0.0199,0.9998,0,-0.0206,26.5525,-3.1933,1]},
{"frame":58,"values":[0.9996,0.0265,-0.0069,0,-0.0264,0.9995,0.0201,0,0.0074,-0.0199,0.9998,0,-0.0206,26.5525,-3.1933,1]},
{"frame":59,"values":[0.9996,0.0267,-0.0068,0,-0.0265,0.9994,0.0201,0,0.0073,-0.0199,0.9998,0,-0.0206,26.5525,-3.1933,1]},
{"frame":60,"values":[0.9996,0.0268,-0.0067,0,-0.0267,0.9994,0.02,0,0.0072,-0.0199,0.9998,0,-0.0206,26.5525,-3.1933,1]},
{"frame":61,"values":[0.9996,0.027,-0.0065,0,-0.0269,0.9994,0.02,0,0.0071,-0.0198,0.9998,0,-0.0206,26.5525,-3.1933,1]},
{"frame":62,"values":[0.9996,0.0272,-0.0064,0,-0.027,0.9994,0.02,0,0.007,-0.0198,0.9998,0,-0.0206,26.5525,-3.1933,1]},
{"frame":63,"values":[0.9996,0.0272,-0.0063,0,-0.027,0.9994,0.02,0,0.0069,-0.0198,0.9998,0,-0.0206,26.5525,-3.1933,1]},
{"frame":64,"values":[0.9996,0.0272,-0.0062,0,-0.027,0.9994,0.0199,0,0.0068,-0.0198,0.9998,0,-0.0206,26.5525,-3.1933,1]},
{"frame":65,"values":[0.9996,0.0272,-0.0061,0,-0.027,0.9994,0.0199,0,0.0066,-0.0197,0.9998,0,-0.0206,26.5525,-3.1933,1]},
{"frame":66,"values":[0.9996,0.0272,-0.006,0,-0.0271,0.9994,0.0199,0,0.0065,-0.0197,0.9998,0,-0.0206,26.5525,-3.1933,1]},
{"frame":67,"values":[0.9996,0.0272,-0.0059,0,-0.0271,0.9994,0.0198,0,0.0064,-0.0197,0.9998,0,-0.0206,26.5525,-3.1933,1]},
{"frame":68,"values":[0.9996,0.0273,-0.0058,0,-0.0272,0.9994,0.0198,0,0.0063,-0.0197,0.9998,0,-0.0206,26.5525,-3.1933,1]}],"loopBehavior":1,"name":"anim","property":"_matrix"}},
{"name":"mixamorig:Neck","index":4,"matrix":[1,0.0078,0.0021,0,-0.0079,0.9952,0.098,0,-0.0014,-0.098,0.9952,0,-0.06,30.7018,1.3522,1],"rest":[1,0,0,0,0,1,0,0,0,0,1,0,-0.06,30.7018,1.3522,1],"parentBoneIndex":3,"length":22.8446
,"animation":{"dataType":3,"framePerSecond":24,"keys":[
{"frame":1,"values":[1,0.0078,0.0021,0,-0.0079,0.9952,0.098,0,-0.0014,-0.098,0.9952,0,-0.06,30.7018,1.3522,1]},
{"frame":2,"values":[1,0.0078,0.0023,0,-0.008,0.9951,0.0983,0,-0.0016,-0.0983,0.9952,0,-0.06,30.7018,1.3522,1]},
{"frame":3,"values":[1,0.0082,0.0028,0,-0.0085,0.9951,0.0986,0,-0.002,-0.0986,0.9951,0,-0.06,30.7018,1.3522,1]},
{"frame":4,"values":[0.9999,0.0104,0.0047,0,-0.0109,0.995,0.0996,0,-0.0036,-0.0997,0.995,0,-0.06,30.7018,1.3522,1]},
{"frame":5,"values":[0.9999,0.0139,0.0081,0,-0.0146,0.9948,0.1007,0,-0.0067,-0.1008,0.9949,0,-0.06,30.7018,1.3522,1]},
{"frame":6,"values":[0.9997,0.0195,0.0139,0,-0.0208,0.9944,0.1037,0,-0.0118,-0.1039,0.9945,0,-0.06,30.7019,1.3522,1]},
{"frame":7,"values":[0.9994,0.0272,0.0192,0,-0.0291,0.9935,0.1097,0,-0.0161,-0.1102,0.9938,0,-0.06,30.7018,1.3522,1]},
{"frame":8,"values":[0.9991,0.0357,0.0244,0,-0.0382,0.9928,0.1135,0,-0.0202,-0.1143,0.9932,0,-0.06,30.7018,1.3522,1]},
{"frame":9,"values":[0.9986,0.0428,0.0295,0,-0.046,0.992,0.1174,0,-0.0243,-0.1186,0.9927,0,-0.06,30.7018,1.3522,1]},
{"frame":10,"values":[0.9982,0.0499,0.0347,0,-0.0537,0.9912,0.1212,0,-0.0283,-0.1228,0.992,0,-0.06,30.7019,1.3522,1]},
{"frame":11,"values":[0.9976,0.0569,0.0399,0,-0.0615,0.9902,0.125,0,-0.0324,-0.1272,0.9914,0,-0.06,30.7018,1.3522,1]},
{"frame":12,"values":[0.9969,0.0639,0.0451,0,-0.0693,0.9893,0.1288,0,-0.0363,-0.1315,0.9906,0,-0.06,30.7018,1.3522,1]},
{"frame":13,"values":[0.9962,0.071,0.0503,0,-0.0771,0.9882,0.1325,0,-0.0403,-0.1359,0.9899,0,-0.06,30.7018,1.3522,1]},
{"frame":14,"values":[0.9954,0.0779,0.0556,0,-0.0849,0.987,0.1362,0,-0.0442,-0.1403,0.9891,0,-0.06,30.7018,1.3522,1]},
{"frame":15,"values":[0.9945,0.0849,0.0608,0,-0.0927,0.9858,0.1398,0,-0.0481,-0.1447,0.9883,0,-0.06,30.7018,1.3522,1]},
{"frame":16,"values":[0.9936,0.0918,0.0662,0,-0.1005,0.9845,0.1434,0,-0.052,-0.1491,0.9875,0,-0.06,30.7018,1.3522,1]},
{"frame":17,"values":[0.9933,0.0989,0.0593,0,-0.1067,0.9833,0.1472,0,-0.0438,-0.1525,0.9873,0,-0.06,30.7018,1.3522,1]},
{"frame":18,"values":[0.9944,0.0921,0.0525,0,-0.0991,0.9835,0.1511,0,-0.0377,-0.1554,0.9871,0,-0.06,30.7018,1.3522,1]},
{"frame":19,"values":[0.9953,0.0854,0.0457,0,-0.0915,0.9837,0.1549,0,-0.0317,-0.1584,0.9869,0,-0.06,30.7018,1.3522,1]},
{"frame":20,"values":[0.9961,0.0786,0.0388,0,-0.0838,0.9838,0.1587,0,-0.0257,-0.1613,0.9866,0,-0.06,30.7018,1.3522,1]},
{"frame":21,"values":[0.9969,0.0719,0.0319,0,-0.0762,0.9838,0.1624,0,-0.0197,-0.1643,0.9862,0,-0.06,30.7018,1.3522,1]},
{"frame":22,"values":[0.9976,0.0653,0.0249,0,-0.0685,0.9851,0.1577,0,-0.0142,-0.159,0.9872,0,-0.06,30.7018,1.3522,1]},
{"frame":23,"values":[0.9981,0.0587,0.0179,0,-0.0608,0.9864,0.1529,0,-0.0087,-0.1537,0.9881,0,-0.06,30.7018,1.3522,1]},
{"frame":24,"values":[0.9986,0.0521,0.0109,0,-0.0531,0.9875,0.1481,0,-0.0031,-0.1485,0.9889,0,-0.06,30.7018,1.3522,1]},
{"frame":25,"values":[0.999,0.0454,0.004,0,-0.0455,0.9886,0.1432,0,0.0026,-0.1433,0.9897,0,-0.06,30.7018,1.3522,1]},
{"frame":26,"values":[0.9992,0.0386,-0.003,0,-0.0379,0.9897,0.1383,0,0.0083,-0.1381,0.9904,0,-0.06,30.7018,1.3522,1]},
{"frame":27,"values":[0.9994,0.0319,-0.0098,0,-0.0303,0.9906,0.1333,0,0.014,-0.1329,0.991,0,-0.06,30.7018,1.3522,1]},
{"frame":28,"values":[0.9995,0.025,-0.0167,0,-0.0227,0.9915,0.1282,0,0.0197,-0.1278,0.9916,0,-0.06,30.7019,1.3522,1]},
{"frame":29,"values":[0.9996,0.0182,-0.0235,0,-0.0152,0.9923,0.1231,0,0.0255,-0.1227,0.9921,0,-0.06,30.7018,1.3522,1]},
{"frame":30,"values":[0.9995,0.0113,-0.0303,0,-0.0077,0.993,0.118,0,0.0314,-0.1177,0.9926,0,-0.06,30.7018,1.3522,1]},
{"frame":31,"values":[0.9993,0.0044,-0.037,0,-0.0002,0.9936,0.1128,0,0.0372,-0.1127,0.9929,0,-0.06,30.7018,1.3522,1]},
{"frame":32,"values":[0.999,-0.0026,-0.0437,0,0.0072,0.9942,0.1075,0,0.0432,-0.1077,0.9932,0,-0.06,30.7018,1.3522,1]},
{"frame":33,"values":[0.9987,-0.0095,-0.0503,0,0.0146,0.9947,0.1022,0,0.0491,-0.1028,0.9935,0,-0.06,30.7018,1.3522,1]},
{"frame":34,"values":[0.9987,-0.0163,-0.0488,0,0.0214,0.9942,0.105,0,0.0468,-0.1059,0.9933,0,-0.06,30.7018,1.3522,1]},
{"frame":35,"values":[0.9986,-0.0231,-0.0472,0,0.0281,0.9938,0.1079,0,0.0444,-0.109,0.993,0,-0.06,30.7018,1.3522,1]},
{"frame":36,"values":[0.9985,-0.0299,-0.0456,0,0.0348,0.9932,0.1107,0,0.042,-0.1122,0.9928,0,-0.06,30.7018,1.3522,1]},
{"frame":37,"values":[0.9984,-0.0367,-0.0441,0,0.0415,0.9927,0.1136,0,0.0396,-0.1152,0.9925,0,-0.06,30.7019,1.3522,1]},
