{"producer":{"name":"Blender","version":"2.79 (sub 0)","exporter_version":"5.6.4","file":"informalbowgesture.babylon"},
"autoClear":true,"clearColor":[0.0509,0.0509,0.0509],"ambientColor":[0,0,0],"gravity":[0,-9.81,0],
"materials":[{"name":"informalbowgesture.Material","id":"informalbowgesture.Material","ambient":[0,0,0],"diffuse":[0,0,0],"specular":[0,0,0],"emissive":[0,0,0],"specularPower":50,"alpha":0.001,"backFaceCulling":true,"checkReadyOnlyOnce":false,"maxSimultaneousLights":4}],
"multiMaterials":[],
"skeletons":[{"name":"Armature","id":0,"dimensionsAtRest":[379.1952,391.6652,55.677],"bones":[
{"name":"mixamorig:Hips","index":0,"matrix":[0.994,-0.055,-0.0947,0,0.0608,0.9964,0.0599,0,-0.091,0.0653,-0.9937,0,0.3732,200.3065,0.3766,1],"rest":[1,0,0,0,0,1,0,0,0,0,-1,0,0,201.6394,0,1],"parentBoneIndex":-1,"length":21.6784
,"animation":{"dataType":3,"framePerSecond":24,"keys":[
{"frame":1,"values":[0.994,-0.055,-0.0947,0,0.0608,0.9964,0.0598,0,-0.0911,0.0652,-0.9937,0,0.3734,200.3066,0.376,1]},
{"frame":2,"values":[0.9941,-0.0525,-0.095,0,0.0584,0.9965,0.0602,0,-0.0915,0.0654,-0.9937,0,0.3207,200.2839,0.1738,1]},
{"frame":3,"values":[0.9942,-0.0498,-0.0955,0,0.0558,0.9966,0.0605,0,-0.0922,0.0655,-0.9936,0,0.2996,200.257,-0.0602,1]},
{"frame":4,"values":[0.9942,-0.0471,-0.0964,0,0.053,0.9968,0.0599,0,-0.0933,0.0646,-0.9935,0,0.3083,200.2318,-0.2982,1]},
{"frame":5,"values":[0.9942,-0.0445,-0.0975,0,0.0503,0.997,0.0585,0,-0.0946,0.0631,-0.9935,0,0.3385,200.2315,-0.5601,1]},
{"frame":6,"values":[0.9942,-0.0419,-0.0987,0,0.0476,0.9973,0.0562,0,-0.0961,0.0606,-0.9935,0,0.3827,200.2492,-0.8427,1]},
{"frame":7,"values":[0.9942,-0.0393,-0.1,0,0.0449,0.9975,0.0541,0,-0.0976,0.0582,-0.9935,0,0.6121,200.225,-0.9785,1]},
{"frame":8,"values":[0.9942,-0.0365,-0.1012,0,0.0421,0.9977,0.0531,0,-0.0991,0.057,-0.9934,0,0.8416,200.1539,-1.1143,1]},
{"frame":9,"values":[0.9942,-0.0343,-0.1022,0,0.0398,0.9978,0.0527,0,-0.1002,0.0565,-0.9934,0,1.071,200.0911,-1.2501,1]},
{"frame":10,"values":[0.9942,-0.0329,-0.1021,0,0.0382,0.998,0.0505,0,-0.1002,0.0541,-0.9935,0,1.3004,200.0817,-1.386,1]},
{"frame":11,"values":[0.9943,-0.0315,-0.1019,0,0.0365,0.9982,0.0482,0,-0.1002,0.0517,-0.9936,0,1.5298,200.1145,0.0255,1]},
{"frame":12,"values":[0.9933,-0.0329,-0.111,0,0.0382,0.9982,0.0459,0,-0.1092,0.0499,-0.9928,0,1.7592,200.0744,1.4369,1]},
{"frame":13,"values":[0.9922,-0.0343,-0.12,0,0.0401,0.9981,0.046,0,-0.1181,0.0505,-0.9917,0,1.9886,199.9735,2.8484,1]},
{"frame":14,"values":[0.9911,-0.0334,-0.1289,0,0.0366,0.9991,0.0224,0,-0.1281,0.0269,-0.9914,0,2.218,199.9786,4.2599,1]},
{"frame":15,"values":[0.9899,-0.0327,-0.1379,0,0.0328,0.9995,-0.0013,0,-0.1379,0.0033,-0.9904,0,2.4475,199.9837,5.6713,1]},
{"frame":16,"values":[0.9885,-0.0352,-0.1471,0,0.0319,0.9992,-0.0246,0,-0.1479,-0.0196,-0.9888,0,2.6769,199.806,7.0828,1]},
{"frame":17,"values":[0.987,-0.0379,-0.1563,0,0.0308,0.9984,-0.0479,0,-0.1578,-0.0424,-0.9866,0,2.9063,199.6282,8.4943,1]},
{"frame":18,"values":[0.9854,-0.0408,-0.1653,0,0.0294,0.997,-0.0711,0,-0.1678,-0.0652,-0.9837,0,3.1357,199.4505,9.9057,1]},
{"frame":19,"values":[0.9837,-0.0439,-0.1743,0,0.0277,0.9952,-0.0944,0,-0.1776,-0.088,-0.9802,0,3.3651,199.2727,11.3172,1]},
{"frame":20,"values":[0.9819,-0.0473,-0.1832,0,0.0259,0.9927,-0.1175,0,-0.1874,-0.1107,-0.976,0,3.5945,199.0949,12.7286,1]},
{"frame":21,"values":[0.9801,-0.0508,-0.192,0,0.0238,0.9898,-0.1406,0,-0.1972,-0.1332,-0.9713,0,3.8239,198.9172,14.1401,1]},
{"frame":22,"values":[0.9781,-0.0546,-0.2007,0,0.0215,0.9863,-0.1636,0,-0.2069,-0.1557,-0.9659,0,4.0533,198.7394,15.5516,1]},
{"frame":23,"values":[0.9761,-0.0585,-0.2093,0,0.0189,0.9823,-0.1864,0,-0.2165,-0.178,-0.9599,0,4.2828,198.5617,16.963,1]},
{"frame":24,"values":[0.9743,-0.0561,-0.2181,0,0.0177,0.9846,-0.1742,0,-0.2245,-0.1658,-0.9603,0,4.5122,198.6255,18.3745,1]},
{"frame":25,"values":[0.9724,-0.0543,-0.227,0,0.0172,0.9866,-0.1621,0,-0.2328,-0.1538,-0.9603,0,4.7416,198.6893,17.9462,1]},
{"frame":26,"values":[0.9704,-0.0523,-0.2359,0,0.0168,0.9885,-0.1501,0,-0.2411,-0.1417,-0.9601,0,4.971,198.7532,17.5178,1]},
{"frame":27,"values":[0.9683,-0.0502,-0.2448,0,0.0164,0.9903,-0.138,0,-0.2494,-0.1296,-0.9597,0,5.2004,198.817,17.0895,1]},
{"frame":28,"values":[0.9661,-0.048,-0.2536,0,0.0162,0.9919,-0.1259,0,-0.2576,-0.1175,-0.9591,0,5.4298,198.8809,16.6612,1]},
{"frame":29,"values":[0.9639,-0.0457,-0.2624,0,0.0161,0.9934,-0.1138,0,-0.2659,-0.1054,-0.9582,0,5.6592,198.9447,16.2329,1]},
{"frame":30,"values":[0.9616,-0.0432,-0.2711,0,0.0161,0.9947,-0.1016,0,-0.2741,-0.0933,-0.9572,0,5.8887,199.0086,15.8046,1]},
{"frame":31,"values":[0.9592,-0.0407,-0.2798,0,0.0162,0.9959,-0.0894,0,-0.2823,-0.0813,-0.9559,0,6.1181,199.0724,15.3763,1]},
{"frame":32,"values":[0.9567,-0.0381,-0.2884,0,0.0164,0.9969,-0.0773,0,-0.2905,-0.0692,-0.9544,0,6.3475,199.1362,14.9479,1]},
{"frame":33,"values":[0.9542,-0.0353,-0.297,0,0.0167,0.9977,-0.0651,0,-0.2986,-0.0572,-0.9527,0,6.5769,199.2001,14.5196,1]},
{"frame":34,"values":[0.9516,-0.0324,-0.3055,0,0.0171,0.9985,-0.0529,0,-0.3067,-0.0451,-0.9507,0,6.8063,199.2639,14.0913,1]},
{"frame":35,"values":[0.9542,-0.0302,-0.2975,0,0.0188,0.999,-0.0412,0,-0.2985,-0.0337,-0.9538,0,7.0357,199.3278,13.663,1]},
{"frame":36,"values":[0.9568,-0.0281,-0.2895,0,0.0205,0.9994,-0.0295,0,-0.2902,-0.0223,-0.9567,0,7.2651,199.3916,13.2347,1]},
{"frame":37,"values":[0.9592,-0.0256,-0.2816,0,0.0215,0.9996,-0.0175,0,-0.2819,-0.0108,-0.9594,0,7.0356,199.4554,12.8063,1]},
{"frame":38,"values":[0.9616,-0.0232,-0.2736,0,0.0225,0.9997,-0.0056,0,-0.2737,0.0008,-0.9618,0,6.806,199.5193,12.378,1]},
{"frame":39,"values":[0.9639,-0.0209,-0.2656,0,0.0234,0.9997,0.0064,0,-0.2654,0.0124,-0.9641,0,6.5765,199.5831,11.9497,1]},
{"frame":40,"values":[0.9661,-0.0187,-0.2575,0,0.0242,0.9995,0.0184,0,-0.2571,0.024,-0.9661,0,6.3469,199.647,11.5214,1]},
{"frame":41,"values":[0.9683,-0.0166,-0.2494,0,0.0249,0.9992,0.0303,0,-0.2487,0.0356,-0.9679,0,6.1174,199.7108,11.0931,1]},
{"frame":42,"values":[0.9703,-0.0145,-0.2413,0,0.0255,0.9988,0.0423,0,-0.2404,0.0472,-0.9695,0,5.8878,199.7747,10.6648,1]},
{"frame":43,"values":[0.9724,-0.0126,-0.2331,0,0.026,0.9982,0.0543,0,-0.232,0.0589,-0.9709,0,5.6583,199.8385,10.2364,1]},
{"frame":44,"values":[0.9743,-0.0144,-0.2249,0,0.03,0.9973,0.0665,0,-0.2234,0.0715,-0.9721,0,5.4287,199.9023,9.8081,1]},
{"frame":45,"values":[0.9761,-0.0162,-0.2168,0,0.034,0.9963,0.0786,0,-0.2147,0.0841,-0.973,0,5.1992,199.9662,9.3798,1]},
{"frame":46,"values":[0.9778,-0.0181,-0.2086,0,0.035,0.9964,0.0778,0,-0.2065,0.0834,-0.9749,0,4.9696,200.03,8.9515,1]},
{"frame":47,"values":[0.9795,-0.0199,-0.2004,0,0.036,0.9964,0.0769,0,-0.1982,0.0826,-0.9767,0,4.7401,200.0939,8.5232,1]},
{"frame":48,"values":[0.9811,-0.0218,-0.1923,0,0.037,0.9964,0.0761,0,-0.1899,0.0818,-0.9784,0,4.5105,200.1577,8.0949,1]},
{"frame":49,"values":[0.9826,-0.0236,-0.184,0,0.038,0.9964,0.0753,0,-0.1816,0.0809,-0.98,0,4.281,200.2215,7.6665,1]},
{"frame":50,"values":[0.9841,-0.0254,-0.1758,0,0.0391,0.9965,0.0744,0,-0.1733,0.0801,-0.9816,0,4.0514,200.2854,7.2382,1]},
{"frame":51,"values":[0.9855,-0.0273,-0.1676,0,0.0401,0.9965,0.0736,0,-0.165,0.0793,-0.9831,0,3.8219,200.3492,6.8099,1]},
{"frame":52,"values":[0.9868,-0.0291,-0.1593,0,0.0411,0.9965,0.0728,0,-0.1567,0.0784,-0.9845,0,3.5923,200.4131,6.3816,1]},
{"frame":53,"values":[0.988,-0.0309,-0.1511,0,0.0422,0.9965,0.0719,0,-0.1483,0.0774,-0.9859,0,3.3627,200.4055,5.9533,1]},
{"frame":54,"values":[0.9892,-0.0328,-0.1428,0,0.0433,0.9965,0.071,0,-0.14,0.0764,-0.9872,0,3.1332,200.3978,5.5249,1]},
{"frame":55,"values":[0.9903,-0.0347,-0.1346,0,0.0444,0.9966,0.0701,0,-0.1317,0.0754,-0.9884,0,2.9036,200.3902,5.0966,1]},
{"frame":56,"values":[0.9913,-0.0365,-0.1263,0,0.0456,0.9966,0.0692,0,-0.1233,0.0743,-0.9896,0,2.6741,200.3826,4.6683,1]},
{"frame":57,"values":[0.9923,-0.0384,-0.118,0,0.0467,0.9966,0.0683,0,-0.1149,0.0733,-0.9907,0,2.4445,200.375,4.24,1]},
{"frame":58,"values":[0.9932,-0.0402,-0.1097,0,0.0478,0.9966,0.0674,0,-0.1066,0.0722,-0.9917,0,2.215,200.3673,3.8117,1]},
{"frame":59,"values":[0.994,-0.0421,-0.1014,0,0.049,0.9966,0.0666,0,-0.0982,0.0711,-0.9926,0,1.9854,200.3597,3.3834,1]},
{"frame":60,"values":[0.9947,-0.0439,-0.093,0,0.0501,0.9966,0.0657,0,-0.0898,0.07,-0.9935,0,1.7559,200.3521,2.955,1]},
{"frame":61,"values":[0.9946,-0.0457,-0.0933,0,0.0519,0.9966,0.0647,0,-0.09,0.0692,-0.9935,0,1.5263,200.3445,2.5267,1]},
{"frame":62,"values":[0.9945,-0.0475,-0.0936,0,0.0536,0.9965,0.0638,0,-0.0902,0.0684,-0.9936,0,1.2968,200.3369,2.0984,1]},
{"frame":63,"values":[0.9944,-0.0493,-0.0938,0,0.0554,0.9965,0.0628,0,-0.0904,0.0676,-0.9936,0,1.0672,200.3292,1.6701,1]},
{"frame":64,"values":[0.9942,-0.0512,-0.0941,0,0.0571,0.9965,0.0618,0,-0.0906,0.0668,-0.9936,0,0.8377,200.3216,1.2418,1]},
{"frame":65,"values":[0.9941,-0.053,-0.0944,0,0.0589,0.9964,0.0609,0,-0.0908,0.0661,-0.9937,0,0.6081,200.314,0.8135,1]},
{"frame":66,"values":[0.994,-0.0548,-0.0946,0,0.0606,0.9964,0.0599,0,-0.091,0.0653,-0.9937,0,0.3786,200.3064,0.3851,1]},
{"frame":67,"values":[0.994,-0.055,-0.0947,0,0.0608,0.9964,0.0599,0,-0.091,0.0653,-0.9937,0,0.3732,200.3065,0.3766,1]}],"loopBehavior":1,"name":"anim","property":"_matrix"}},
{"name":"mixamorig:Spine","index":1,"matrix":[0.9987,0.0446,-0.0241,0,-0.0431,0.9973,0.0587,0,0.0267,-0.0576,0.998,0,0.0062,19.525,-2.4818,1],"rest":[1,0,0,0,0,1,0,0,0,0,1,0,0.0062,19.525,-2.4818,1],"parentBoneIndex":0,"length":23.0091
,"animation":{"dataType":3,"framePerSecond":24,"keys":[
{"frame":1,"values":[0.9987,0.0445,-0.0241,0,-0.0431,0.9973,0.0587,0,0.0267,-0.0576,0.998,0,0.0062,19.525,-2.4818,1]},
{"frame":2,"values":[0.9987,0.0443,-0.0244,0,-0.0428,0.9974,0.0581,0,0.0269,-0.057,0.998,0,0.0062,19.525,-2.4818,1]},
{"frame":3,"values":[0.9987,0.0438,-0.0249,0,-0.0423,0.9974,0.058,0,0.0273,-0.0568,0.998,0,0.0062,19.525,-2.4818,1]},
{"frame":4,"values":[0.9987,0.0433,-0.0254,0,-0.0417,0.9974,0.0586,0,0.0278,-0.0574,0.998,0,0.0062,19.525,-2.4818,1]},
{"frame":5,"values":[0.9988,0.0428,-0.0258,0,-0.0412,0.9974,0.0589,0,0.0282,-0.0578,0.9979,0,0.0062,19.525,-2.4818,1]},
{"frame":6,"values":[0.9988,0.0422,-0.026,0,-0.0406,0.9975,0.0582,0,0.0284,-0.057,0.998,0,0.0062,19.525,-2.4818,1]},
{"frame":7,"values":[0.9988,0.0415,-0.0264,0,-0.0399,0.9975,0.0584,0,0.0287,-0.0573,0.9979,0,0.0062,19.525,-2.4818,1]},
{"frame":8,"values":[0.9988,0.0409,-0.027,0,-0.0392,0.9974,0.0611,0,0.0294,-0.06,0.9978,0,0.0062,19.525,-2.4818,1]},
{"frame":9,"values":[0.9988,0.0403,-0.0275,0,-0.0384,0.9971,0.0653,0,0.03,-0.0641,0.9975,0,0.0062,19.525,-2.4818,1]},
{"frame":10,"values":[0.9989,0.0397,-0.0259,0,-0.0374,0.9957,0.0844,0,0.0291,-0.0833,0.9961,0,0.0062,19.525,-2.4818,1]},
{"frame":11,"values":[0.9989,0.039,-0.024,0,-0.0364,0.994,0.1034,0,0.0279,-0.1024,0.9944,0,0.0062,19.525,-2.4818,1]},
{"frame":12,"values":[0.9989,0.0401,-0.0255,0,-0.0367,0.9918,0.1224,0,0.0302,-0.1213,0.9922,0,0.0062,19.525,-2.4818,1]},
{"frame":13,"values":[0.9987,0.0411,-0.0293,0,-0.0366,0.9893,0.1413,0,0.0348,-0.1401,0.9895,0,0.0062,19.525,-2.4818,1]},
{"frame":14,"values":[0.9987,0.0383,-0.0322,0,-0.0327,0.9865,0.1602,0,0.0379,-0.159,0.9866,0,0.0062,19.525,-2.4818,1]},
{"frame":15,"values":[0.9987,0.0355,-0.0352,0,-0.0287,0.9834,0.179,0,0.041,-0.1778,0.9832,0,0.0062,19.525,-2.4818,1]},
{"frame":16,"values":[0.9989,0.0328,-0.0343,0,-0.0254,0.9799,0.1978,0,0.0401,-0.1967,0.9796,0,0.0062,19.525,-2.4818,1]},
{"frame":17,"values":[0.999,0.03,-0.0334,0,-0.0221,0.976,0.2165,0,0.0391,-0.2156,0.9757,0,0.0062,19.525,-2.4818,1]},
{"frame":18,"values":[0.999,0.0271,-0.0354,0,-0.0181,0.9718,0.2351,0,0.0408,-0.2343,0.9713,0,0.0062,19.525,-2.4818,1]},
{"frame":19,"values":[0.999,0.0243,-0.0374,0,-0.014,0.9672,0.2537,0,0.0424,-0.2529,0.9666,0,0.0062,19.525,-2.4818,1]},
{"frame":20,"values":[0.999,0.0215,-0.0395,0,-0.01,0.9622,0.2721,0,0.0439,-0.2714,0.9615,0,0.0062,19.525,-2.4818,1]},
{"frame":21,"values":[0.999,0.0188,-0.0417,0,-0.0059,0.9569,0.2904,0,0.0453,-0.2899,0.956,0,0.0062,19.525,-2.4818,1]},
{"frame":22,"values":[0.9989,0.0161,-0.0439,0,-0.0018,0.9512,0.3086,0,0.0467,-0.3082,0.9502,0,0.0062,19.525,-2.4818,1]},
{"frame":23,"values":[0.999,0.0133,-0.0429,0,0.0014,0.9451,0.3267,0,0.0449,-0.3265,0.9441,0,0.0062,19.525,-2.4818,1]},
{"frame":24,"values":[0.9991,0.0105,-0.0419,0,0.0034,0.9478,0.3189,0,0.043,-0.3188,0.9469,0,0.0062,19.525,-2.4818,1]},
{"frame":25,"values":[0.999,0.0078,-0.0442,0,0.0064,0.9504,0.3111,0,0.0445,-0.311,0.9494,0,0.0062,19.525,-2.4818,1]},
{"frame":26,"values":[0.9989,0.005,-0.0466,0,0.0094,0.9529,0.3032,0,0.0459,-0.3033,0.9518,0,0.0062,19.525,-2.4818,1]},
{"frame":27,"values":[0.9988,0.0022,-0.0489,0,0.0124,0.9553,0.2953,0,0.0474,-0.2955,0.9542,0,0.0062,19.525,-2.4818,1]},
{"frame":28,"values":[0.9987,-0.0006,-0.0512,0,0.0153,0.9577,0.2874,0,0.0489,-0.2878,0.9565,0,0.0062,19.525,-2.4818,1]},
{"frame":29,"values":[0.9988,-0.0035,-0.0485,0,0.0169,0.96,0.2794,0,0.0456,-0.2799,0.9589,0,0.0062,19.525,-2.4818,1]},
{"frame":30,"values":[0.9989,-0.0064,-0.0457,0,0.0186,0.9623,0.2715,0,0.0423,-0.2721,0.9613,0,0.0062,19.525,-2.4818,1]},
{"frame":31,"values":[0.999,-0.0093,-0.043,0,0.0203,0.9644,0.2636,0,0.039,-0.2642,0.9637,0,0.0062,19.525,-2.4818,1]},
{"frame":32,"values":[0.9991,-0.0121,-0.0402,0,0.022,0.9665,0.2556,0,0.0357,-0.2563,0.9659,0,0.0062,19.525,-2.4818,1]},
{"frame":33,"values":[0.9992,-0.0149,-0.0373,0,0.0237,0.9686,0.2476,0,0.0325,-0.2483,0.9681,0,0.0062,19.525,-2.4818,1]},
{"frame":34,"values":[0.9992,-0.0177,-0.0345,0,0.0255,0.9705,0.2396,0,0.0292,-0.2403,0.9703,0,0.0062,19.525,-2.4818,1]},
{"frame":35,"values":[0.9993,-0.0205,-0.0316,0,0.0273,0.9724,0.2316,0,0.026,-0.2323,0.9723,0,0.0062,19.525,-2.4818,1]},
{"frame":36,"values":[0.9993,-0.0232,-0.0287,0,0.0291,0.9742,0.2236,0,0.0228,-0.2243,0.9743,0,0.0062,19.525,-2.4818,1]},
{"frame":37,"values":[0.9993,-0.026,-0.0258,0,0.0309,0.976,0.2156,0,0.0196,-0.2163,0.9761,0,0.0062,19.525,-2.4818,1]},
{"frame":38,"values":[0.9993,-0.0287,-0.0228,0,0.0328,0.9777,0.2076,0,0.0164,-0.2082,0.9779,0,0.0062,19.525,-2.4818,1]},
{"frame":39,"values":[0.9993,-0.0313,-0.0199,0,0.0347,0.9793,0.1996,0,0.0132,-0.2001,0.9797,0,0.0062,19.525,-2.4818,1]},
{"frame":40,"values":[0.9993,-0.034,-0.0169,0,0.0366,0.9808,0.1915,0,0.01,-0.192,0.9813,0,0.0062,19.525,-2.4818,1]},
{"frame":41,"values":[0.9994,-0.031,-0.014,0,0.0331,0.9825,0.1834,0,0.0081,-0.1838,0.9829,0,0.0062,19.525,-2.4818,1]},
{"frame":42,"values":[0.9995,-0.0281,-0.0112,0,0.0296,0.9841,0.1753,0,0.0061,-0.1755,0.9845,0,0.0062,19.525,-2.4818,1]},
{"frame":43,"values":[0.9996,-0.025,-0.0143,0,0.027,0.9856,0.1671,0,0.0099,-0.1674,0.9858,0,0.0062,19.525,-2.4818,1]},
{"frame":44,"values":[0.9996,-0.0219,-0.0175,0,0.0244,0.987,0.1589,0,0.0138,-0.1593,0.9871,0,0.0062,19.525,-2.4818,1]},
{"frame":45,"values":[0.9996,-0.0188,-0.0207,0,0.0217,0.9883,0.1507,0,0.0176,-0.1511,0.9884,0,0.0062,19.525,-2.4818,1]},
{"frame":46,"values":[0.9996,-0.0158,-0.0239,0,0.019,0.9896,0.1425,0,0.0214,-0.1429,0.9895,0,0.0062,19.525,-2.4818,1]},
{"frame":47,"values":[0.9995,-0.0128,-0.0272,0,0.0163,0.9908,0.1343,0,0.0252,-0.1347,0.9906,0,0.0062,19.525,-2.4818,1]},
{"frame":48,"values":[0.9995,-0.0098,-0.0304,0,0.0135,0.9919,0.1261,0,0.029,-0.1265,0.9915,0,0.0062,19.525,-2.4818,1]},
{"frame":49,"values":[0.9994,-0.0068,-0.0337,0,0.0107,0.993,0.1179,0,0.0327,-0.1182,0.9925,0,0.0062,19.525,-2.4818,1]},
{"frame":50,"values":[0.9993,-0.0039,-0.0371,0,0.0079,0.9939,0.1097,0,0.0364,-0.1099,0.9933,0,0.0062,19.525,-2.4818,1]},
{"frame":51,"values":[0.9992,-0.001,-0.0404,0,0.0051,0.9948,0.1015,0,0.0401,-0.1016,0.994,0,0.0062,19.525,-2.4818,1]},
{"frame":52,"values":[0.999,0.0019,-0.0438,0,0.0022,0.9956,0.0933,0,0.0438,-0.0933,0.9947,0,0.0062,19.525,-2.4818,1]},
{"frame":53,"values":[0.9989,0.0047,-0.0472,0,-0.0007,0.9964,0.0851,0,0.0474,-0.085,0.9953,0,0.0062,19.525,-2.4818,1]},
{"frame":54,"values":[0.9987,0.0076,-0.0506,0,-0.0036,0.997,0.0769,0,0.051,-0.0766,0.9958,0,0.0062,19.525,-2.4818,1]},
{"frame":55,"values":[0.9988,0.0105,-0.0485,0,-0.0072,0.9976,0.0687,0,0.0491,-0.0683,0.9965,0,0.0062,19.525,-2.4818,1]},
{"frame":56,"values":[0.9988,0.0135,-0.0464,0,-0.0106,0.9981,0.0605,0,0.0471,-0.0599,0.9971,0,0.0062,19.525,-2.4818,1]},
{"frame":57,"values":[0.9989,0.0165,-0.0444,0,-0.0141,0.9985,0.0523,0,0.0451,-0.0516,0.9976,0,0.0062,19.525,-2.4818,1]},
{"frame":58,"values":[0.9989,0.0194,-0.0423,0,-0.0172,0.9984,0.0532,0,0.0433,-0.0524,0.9977,0,0.0062,19.525,-2.4818,1]},
{"frame":59,"values":[0.9989,0.0224,-0.0402,0,-0.0202,0.9983,0.0541,0,0.0414,-0.0532,0.9977,0,0.0062,19.525,-2.4818,1]},
{"frame":60,"values":[0.9989,0.0254,-0.0382,0,-0.0233,0.9982,0.055,0,0.0395,-0.054,0.9978,0,0.0062,19.525,-2.4818,1]},
{"frame":61,"values":[0.9989,0.0283,-0.0361,0,-0.0263,0.9981,0.0558,0,0.0376,-0.0548,0.9978,0,0.0062,19.525,-2.4818,1]},
{"frame":62,"values":[0.9989,0.0313,-0.034,0,-0.0294,0.998,0.0567,0,0.0357,-0.0557,0.9978,0,0.0062,19.525,-2.4818,1]},
{"frame":63,"values":[0.9989,0.0343,-0.0319,0,-0.0324,0.9978,0.0576,0,0.0338,-0.0565,0.9978,0,0.0062,19.525,-2.4818,1]},
{"frame":64,"values":[0.9989,0.0372,-0.0298,0,-0.0355,0.9977,0.0585,0,0.032,-0.0573,0.9978,0,0.0062,19.525,-2.4818,1]},
{"frame":65,"values":[0.9988,0.0402,-0.0278,0,-0.0385,0.9975,0.0593,0,0.0301,-0.0582,0.9979,0,0.0062,19.525,-2.4818,1]},
{"frame":66,"values":[0.9987,0.0432,-0.0257,0,-0.0416,0.9973,0.0602,0,0.0282,-0.059,0.9979,0,0.0062,19.525,-2.4818,1]},
{"frame":67,"values":[0.9987,0.0446,-0.0241,0,-0.0431,0.9973,0.0587,0,0.0267,-0.0576,0.998,0,0.0062,19.525,-2.4818,1]}],"loopBehavior":1,"name":"anim","property":"_matrix"}},
{"name":"mixamorig:Spine1","index":2,"matrix":[0.9996,0.0272,-0.0056,0,-0.0271,0.9994,0.0202,0,0.0062,-0.02,0.9998,0,-0.0009,22.835,-2.8254,1],"rest":[1,0,0,0,0,1,0,0,0,0,1,0,-0.0009,22.835,-2.8254,1],"parentBoneIndex":1,"length":26.7438
,"animation":{"dataType":3,"framePerSecond":24,"keys":[
{"frame":1,"values":[0.9996,0.0275,-0.0058,0,-0.0274,0.9994,0.0201,0,0.0064,-0.02,0.9998,0,-0.0009,22.835,-2.8254,1]},
{"frame":2,"values":[0.9996,0.0275,-0.0059,0,-0.0274,0.9994,0.0201,0,0.0064,-0.02,0.9998,0,-0.0009,22.835,-2.8254,1]},
{"frame":3,"values":[0.9996,0.0275,-0.0059,0,-0.0274,0.9994,0.0203,0,0.0065,-0.0201,0.9998,0,-0.0009,22.835,-2.8254,1]},
{"frame":4,"values":[0.9996,0.0275,-0.0059,0,-0.0274,0.9994,0.0205,0,0.0065,-0.0204,0.9998,0,-0.0009,22.835,-2.8254,1]},
{"frame":5,"values":[0.9996,0.0275,-0.006,0,-0.0274,0.9994,0.0205,0,0.0065,-0.0203,0.9998,0,-0.0009,22.835,-2.8254,1]},
{"frame":6,"values":[0.9996,0.0277,-0.006,0,-0.0276,0.9994,0.0202,0,0.0066,-0.02,0.9998,0,-0.0009,22.835,-2.8254,1]},
{"frame":7,"values":[0.9996,0.028,-0.006,0,-0.0279,0.9994,0.0203,0,0.0066,-0.0201,0.9998,0,-0.0009,22.835,-2.8254,1]},
{"frame":8,"values":[0.9996,0.0283,-0.0061,0,-0.0282,0.9994,0.0214,0,0.0067,-0.0212,0.9998,0,-0.0009,22.835,-2.8254,1]},
{"frame":9,"values":[0.9996,0.0288,-0.0061,0,-0.0286,0.9992,0.0294,0,0.0069,-0.0292,0.9995,0,-0.0009,22.835,-2.8254,1]},
{"frame":10,"values":[0.9996,0.0293,-0.006,0,-0.0291,0.9989,0.0374,0,0.0071,-0.0372,0.9993,0,-0.0009,22.835,-2.8254,1]},
{"frame":11,"values":[0.9995,0.0298,-0.0059,0,-0.0295,0.9985,0.0454,0,0.0073,-0.0452,0.999,0,-0.0009,22.835,-2.8254,1]},
{"frame":12,"values":[0.9995,0.0303,-0.0059,0,-0.0299,0.9981,0.0534,0,0.0075,-0.0532,0.9986,0,-0.0009,22.835,-2.8254,1]},
{"frame":13,"values":[0.9995,0.0308,-0.0058,0,-0.0304,0.9977,0.0614,0,0.0077,-0.0612,0.9981,0,-0.0009,22.835,-2.8254,1]},
{"frame":14,"values":[0.9995,0.0312,-0.0057,0,-0.0308,0.9971,0.0694,0,0.0078,-0.0691,0.9976,0,-0.0009,22.835,-2.8254,1]},
{"frame":15,"values":[0.9995,0.0317,-0.0056,0,-0.0312,0.9965,0.0773,0,0.008,-0.0771,0.997,0,-0.0009,22.835,-2.8254,1]},
{"frame":16,"values":[0.9995,0.0322,-0.0055,0,-0.0316,0.9959,0.0853,0,0.0082,-0.0851,0.9963,0,-0.0009,22.835,-2.8254,1]},
{"frame":17,"values":[0.9995,0.0327,-0.0054,0,-0.032,0.9951,0.0933,0,0.0084,-0.0931,0.9956,0,-0.0009,22.835,-2.8254,1]},
{"frame":18,"values":[0.9994,0.0331,-0.0053,0,-0.0324,0.9943,0.1013,0,0.0086,-0.101,0.9948,0,-0.0009,22.835,-2.8254,1]},
{"frame":19,"values":[0.9994,0.0336,-0.0052,0,-0.0328,0.9935,0.1092,0,0.0089,-0.109,0.994,0,-0.0009,22.835,-2.8254,1]},
{"frame":20,"values":[0.9994,0.0341,-0.0053,0,-0.0332,0.9926,0.1172,0,0.0092,-0.1169,0.9931,0,-0.0009,22.835,-2.8254,1]},
{"frame":21,"values":[0.9994,0.0345,-0.0053,0,-0.0336,0.9916,0.1251,0,0.0096,-0.1249,0.9921,0,-0.0009,22.835,-2.8254,1]},
{"frame":22,"values":[0.9994,0.035,-0.0053,0,-0.034,0.9905,0.1331,0,0.0099,-0.1328,0.9911,0,-0.0009,22.835,-2.8254,1]},
{"frame":23,"values":[0.9994,0.0355,-0.0054,0,-0.0344,0.9894,0.141,0,0.0103,-0.1407,0.99,0,-0.0009,22.835,-2.8254,1]},
{"frame":24,"values":[0.9993,0.036,-0.0054,0,-0.0349,0.9899,0.1375,0,0.0103,-0.1372,0.9905,0,-0.0009,22.835,-2.8254,1]},
{"frame":25,"values":[0.9993,0.0364,-0.006,0,-0.0353,0.9904,0.134,0,0.0108,-0.1337,0.991,0,-0.0009,22.835,-2.8254,1]},
{"frame":26,"values":[0.9993,0.0369,-0.0066,0,-0.0357,0.9908,0.1304,0,0.0114,-0.1301,0.9914,0,-0.0009,22.835,-2.8254,1]},
{"frame":27,"values":[0.9993,0.0365,-0.0072,0,-0.0353,0.9913,0.1269,0,0.0118,-0.1266,0.9919,0,-0.0009,22.835,-2.8254,1]},
{"frame":28,"values":[0.9993,0.0362,-0.0079,0,-0.0349,0.9917,0.1234,0,0.0122,-0.123,0.9923,0,-0.0009,22.835,-2.8254,1]},
{"frame":29,"values":[0.9993,0.0358,-0.008,0,-0.0346,0.9922,0.1199,0,0.0123,-0.1195,0.9928,0,-0.0009,22.835,-2.8254,1]},
{"frame":30,"values":[0.9993,0.0354,-0.0082,0,-0.0342,0.9926,0.1164,0,0.0123,-0.116,0.9932,0,-0.0009,22.835,-2.8254,1]},
{"frame":31,"values":[0.9994,0.0351,-0.0084,0,-0.0339,0.993,0.1128,0,0.0123,-0.1125,0.9936,0,-0.0009,22.835,-2.8254,1]},
{"frame":32,"values":[0.9994,0.0347,-0.0086,0,-0.0335,0.9934,0.1093,0,0.0123,-0.109,0.994,0,-0.0009,22.835,-2.8254,1]},
{"frame":33,"values":[0.9994,0.0343,-0.0088,0,-0.0332,0.9938,0.1058,0,0.0123,-0.1054,0.9943,0,-0.0009,22.835,-2.8254,1]},
{"frame":34,"values":[0.9994,0.034,-0.0089,0,-0.0329,0.9942,0.1023,0,0.0124,-0.1019,0.9947,0,-0.0009,22.835,-2.8254,1]},
{"frame":35,"values":[0.9994,0.0336,-0.0091,0,-0.0325,0.9946,0.0987,0,0.0124,-0.0984,0.9951,0,-0.0009,22.835,-2.8254,1]},
{"frame":36,"values":[0.9994,0.0332,-0.0093,0,-0.0322,0.9949,0.0952,0,0.0124,-0.0948,0.9954,0,-0.0009,22.835,-2.8254,1]},
{"frame":37,"values":[0.9994,0.0328,-0.0095,0,-0.0318,0.9953,0.0917,0,0.0124,-0.0913,0.9957,0,-0.0009,22.835,-2.8254,1]},
{"frame":38,"values":[0.9994,0.0325,-0.0096,0,-0.0315,0.9956,0.0881,0,0.0124,-0.0878,0.9961,0,-0.0009,22.835,-2.8254,1]},
{"frame":39,"values":[0.9994,0.0321,-0.0098,0,-0.0312,0.9959,0.0846,0,0.0125,-0.0843,0.9964,0,-0.0009,22.835,-2.8254,1]},
{"frame":40,"values":[0.9994,0.0317,-0.01,0,-0.0308,0.9962,0.0811,0,0.0125,-0.0807,0.9967,0,-0.0009,22.835,-2.8254,1]},
{"frame":41,"values":[0.9995,0.0313,-0.0101,0,-0.0305,0.9965,0.0775,0,0.0125,-0.0772,0.9969,0,-0.0009,22.835,-2.8254,1]},
{"frame":42,"values":[0.9995,0.031,-0.0103,0,-0.0301,0.9968,0.074,0,0.0126,-0.0736,0.9972,0,-0.0009,22.835,-2.8254,1]},
{"frame":43,"values":[0.9995,0.0306,-0.0105,0,-0.0298,0.9971,0.0705,0,0.0126,-0.0701,0.9975,0,-0.0009,22.835,-2.8254,1]},
{"frame":44,"values":[0.9995,0.0302,-0.0106,0,-0.0294,0.9973,0.0669,0,0.0126,-0.0666,0.9977,0,-0.0009,22.835,-2.8254,1]},
{"frame":45,"values":[0.9995,0.0298,-0.0108,0,-0.0291,0.9976,0.0634,0,0.0126,-0.063,0.9979,0,-0.0009,22.835,-2.8254,1]},
{"frame":46,"values":[0.9995,0.0295,-0.0109,0,-0.0288,0.9978,0.0598,0,0.0127,-0.0595,0.9981,0,-0.0009,22.835,-2.8254,1]},
{"frame":47,"values":[0.9995,0.0291,-0.0111,0,-0.0284,0.998,0.0563,0,0.0127,-0.0559,0.9984,0,-0.0009,22.835,-2.8254,1]},
{"frame":48,"values":[0.9995,0.0287,-0.0113,0,-0.0281,0.9982,0.0527,0,0.0128,-0.0524,0.9985,0,-0.0009,22.835,-2.8254,1]},
{"frame":49,"values":[0.9995,0.0283,-0.0114,0,-0.0277,0.9984,0.0492,0,0.0128,-0.0489,0.9987,0,-0.0009,22.835,-2.8254,1]},
{"frame":50,"values":[0.9995,0.028,-0.0116,0,-0.0274,0.9986,0.0457,0,0.0128,-0.0453,0.9989,0,-0.0009,22.835,-2.8254,1]},
{"frame":51,"values":[0.9996,0.0276,-0.0117,0,-0.0271,0.9987,0.0421,0,0.0129,-0.0418,0.999,0,-0.0009,22.835,-2.8254,1]},
{"frame":52,"values":[0.9996,0.0272,-0.0119,0,-0.0267,0.9989,0.0386,0,0.0129,-0.0382,0.9992,0,-0.0009,22.835,-2.8254,1]},
{"frame":53,"values":[0.9996,0.0268,-0.012,0,-0.0264,0.999,0.035,0,0.013,-0.0347,0.9993,0,-0.0009,22.835,-2.8254,1]},
{"frame":54,"values":[0.9996,0.0264,-0.0122,0,-0.026,0.9992,0.0315,0,0.013,-0.0312,0.9994,0,-0.0009,22.835,-2.8254,1]},
{"frame":55,"values":[0.9996,0.0266,-0.0123,0,-0.0262,0.9993,0.0279,0,0.0131,-0.0276,0.9995,0,-0.0009,22.835,-2.8254,1]},
{"frame":56,"values":[0.9996,0.0267,-0.0125,0,-0.0264,0.9994,0.0244,0,0.0132,-0.024,0.9996,0,-0.0009,22.835,-2.8254,1]},
{"frame":57,"values":[0.9996,0.0268,-0.0118,0,-0.0266,0.9994,0.0208,0,0.0124,-0.0205,0.9997,0,-0.0009,22.835,-2.8254,1]},
{"frame":58,"values":[0.9996,0.0269,-0.0111,0,-0.0267,0.9995,0.0173,0,0.0116,-0.017,0.9998,0,-0.0009,22.835,-2.8254,1]},
{"frame":59,"values":[0.9996,0.0271,-0.0104,0,-0.0269,0.9995,0.0177,0,0.0109,-0.0174,0.9998,0,-0.0009,22.835,-2.8254,1]},
{"frame":60,"values":[0.9996,0.027,-0.0098,0,-0.0268,0.9995,0.018,0,0.0102,-0.0177,0.9998,0,-0.0009,22.835,-2.8254,1]},
{"frame":61,"values":[0.9996,0.027,-0.0091,0,-0.0268,0.9995,0.0184,0,0.0096,-0.0181,0.9998,0,-0.0009,22.835,-2.8254,1]},
{"frame":62,"values":[0.9996,0.0269,-0.0084,0,-0.0267,0.9995,0.0187,0,0.0089,-0.0185,0.9998,0,-0.0009,22.835,-2.8254,1]},
{"frame":63,"values":[0.9996,0.0269,-0.0077,0,-0.0267,0.9995,0.0191,0,0.0082,-0.0189,0.9998,0,-0.0009,22.835,-2.8254,1]},
{"frame":64,"values":[0.9996,0.0268,-0.007,0,-0.0267,0.9995,0.0194,0,0.0075,-0.0193,0.9998,0,-0.0009,22.835,-2.8254,1]},
{"frame":65,"values":[0.9996,0.0269,-0.0063,0,-0.0267,0.9994,0.0198,0,0.0068,-0.0196,0.9998,0,-0.0009,22.835,-2.8254,1]},
{"frame":66,"values":[0.9996,0.0269,-0.0056,0,-0.0268,0.9994,0.0202,0,0.0062,-0.02,0.9998,0,-0.0009,22.835,-2.8254,1]},
{"frame":67,"values":[0.9996,0.0272,-0.0056,0,-0.0271,0.9994,0.0202,0,0.0062,-0.02,0.9998,0,-0.0009,22.835,-2.8254,1]}],"loopBehavior":1,"name":"anim","property":"_matrix"}},
{"name":"mixamorig:Spine2","index":3,"matrix":[0.9995,0.027,-0.013,0,-0.0268,0.9994,0.0198,0,0.0135,-0.0194,0.9997,0,-0.0206,26.5525,-3.1933,1],"rest":[1,0,0,0,0,1,0,0,0,0,1,0,-0.0206,26.5525,-3.1933,1],"parentBoneIndex":2,"length":24.825
,"animation":{"dataType":3,"framePerSecond":24,"keys":[
{"frame":1,"values":[0.9996,0.0274,-0.0061,0,-0.0273,0.9994,0.0198,0,0.0067,-0.0196,0.9998,0,-0.0206,26.5525,-3.1933,1]},
{"frame":3,"values":[0.9996,0.0274,-0.0061,0,-0.0273,0.9994,0.0199,0,0.0067,-0.0198,0.9998,0,-0.0206,26.5525,-3.1933,1]},
{"frame":4,"values":[0.9996,0.0274,-0.0061,0,-0.0273,0.9994,0.0202,0,0.0067,-0.02,0.9998,0,-0.0206,26.5525,-3.1933,1]},
{"frame":5,"values":[0.9996,0.0274,-0.0062,0,-0.0273,0.9994,0.0201,0,0.0067,-0.0199,0.9998,0,-0.0206,26.5525,-3.1933,1]},
{"frame":6,"values":[0.9996,0.0277,-0.0063,0,-0.0275,0.9994,0.0198,0,0.0068,-0.0196,0.9998,0,-0.0206,26.5525,-3.1933,1]},
{"frame":7,"values":[0.9996,0.028,-0.0064,0,-0.0278,0.9994,0.0199,0,0.0069,-0.0198,0.9998,0,-0.0206,26.5525,-3.1933,1]},
{"frame":8,"values":[0.9996,0.0283,-0.0064,0,-0.0281,0.9994,0.021,0,0.007,-0.0208,0.9998,0,-0.0206,26.5525,-3.1933,1]},
{"frame":9,"values":[0.9996,0.0287,-0.0065,0,-0.0285,0.9993,0.0227,0,0.0072,-0.0225,0.9997,0,-0.0206,26.5525,-3.1933,1]},
{"frame":10,"values":[0.9995,0.0293,-0.0066,0,-0.029,0.9991,0.0312,0,0.0075,-0.031,0.9995,0,-0.0206,26.5525,-3.1933,1]},
{"frame":11,"values":[0.9995,0.0297,-0.0067,0,-0.0294,0.9988,0.0396,0,0.0079,-0.0394,0.9992,0,-0.0206,26.5525,-3.1933,1]},
{"frame":12,"values":[0.9995,0.0302,-0.0068,0,-0.0299,0.9984,0.0481,0,0.0082,-0.0478,0.9988,0,-0.0206,26.5525,-3.1933,1]},
{"frame":13,"values":[0.9995,0.0307,-0.0069,0,-0.0303,0.9979,0.0565,0,0.0086,-0.0563,0.9984,0,-0.0206,26.5525,-3.1933,1]},
{"frame":14,"values":[0.9995,0.0312,-0.007,0,-0.0307,0.9974,0.065,0,0.009,-0.0647,0.9979,0,-0.0206,26.5525,-3.1933,1]},
{"frame":15,"values":[0.9995,0.0317,-0.007,0,-0.0311,0.9968,0.0734,0,0.0093,-0.0731,0.9973,0,-0.0206,26.5525,-3.1933,1]},
{"frame":16,"values":[0.9995,0.0322,-0.0065,0,-0.0315,0.9961,0.0818,0,0.0091,-0.0816,0.9966,0,-0.0206,26.5525,-3.1933,1]},
{"frame":17,"values":[0.9994,0.0327,-0.006,0,-0.032,0.9954,0.0902,0,0.0089,-0.09,0.9959,0,-0.0206,26.5525,-3.1933,1]},
{"frame":18,"values":[0.9994,0.0332,-0.0055,0,-0.0325,0.9946,0.0987,0,0.0087,-0.0984,0.9951,0,-0.0206,26.5525,-3.1933,1]},
{"frame":19,"values":[0.9994,0.0337,-0.0049,0,-0.0329,0.9937,0.1071,0,0.0085,-0.1069,0.9942,0,-0.0206,26.5525,-3.1933,1]},
{"frame":20,"values":[0.9994,0.0341,-0.0044,0,-0.0334,0.9927,0.1155,0,0.0083,-0.1153,0.9933,0,-0.0206,26.5525,-3.1933,1]},
{"frame":21,"values":[0.9994,0.0346,-0.0043,0,-0.0338,0.9917,0.1239,0,0.0085,-0.1237,0.9923,0,-0.0206,26.5525,-3.1933,1]},
{"frame":22,"values":[0.9994,0.0351,-0.0041,0,-0.0343,0.9906,0.1323,0,0.0087,-0.132,0.9912,0,-0.0206,26.5525,-3.1934,1]},
{"frame":23,"values":[0.9994,0.0356,-0.004,0,-0.0347,0.9895,0.1406,0,0.0089,-0.1404,0.9901,0,-0.0206,26.5525,-3.1933,1]},
{"frame":24,"values":[0.9993,0.0361,-0.0038,0,-0.0352,0.9899,0.1371,0,0.0087,-0.1369,0.9905,0,-0.0206,26.5525,-3.1933,1]},
{"frame":25,"values":[0.9993,0.0366,-0.0037,0,-0.0358,0.9904,0.1336,0,0.0085,-0.1334,0.991,0,-0.0206,26.5525,-3.1933,1]},
{"frame":26,"values":[0.9993,0.0371,-0.0035,0,-0.0363,0.9908,0.1301,0,0.0083,-0.1299,0.9915,0,-0.0206,26.5525,-3.1933,1]},
{"frame":27,"values":[0.9993,0.0367,-0.0034,0,-0.036,0.9913,0.1266,0,0.008,-0.1264,0.992,0,-0.0206,26.5525,-3.1933,1]},
{"frame":28,"values":[0.9993,0.0363,-0.0033,0,-0.0357,0.9918,0.1231,0,0.0077,-0.1229,0.9924,0,-0.0206,26.5525,-3.1933,1]},
{"frame":29,"values":[0.9993,0.036,-0.0031,0,-0.0353,0.9922,0.1195,0,0.0074,-0.1194,0.9928,0,-0.0206,26.5525,-3.1933,1]},
{"frame":30,"values":[0.9994,0.0356,-0.003,0,-0.035,0.9926,0.116,0,0.0071,-0.1158,0.9932,0,-0.0206,26.5525,-3.1933,1]},
{"frame":31,"values":[0.9994,0.0352,-0.0028,0,-0.0347,0.993,0.1125,0,0.0068,-0.1123,0.9936,0,-0.0206,26.5525,-3.1933,1]},
{"frame":32,"values":[0.9994,0.0348,-0.0027,0,-0.0343,0.9935,0.109,0,0.0065,-0.1088,0.994,0,-0.0206,26.5525,-3.1933,1]},
{"frame":33,"values":[0.9994,0.0345,-0.0026,0,-0.034,0.9938,0.1054,0,0.0062,-0.1053,0.9944,0,-0.0206,26.5525,-3.1933,1]},
{"frame":34,"values":[0.9994,0.0341,-0.0024,0,-0.0337,0.9942,0.1019,0,0.0059,-0.1018,0.9948,0,-0.0206,26.5525,-3.1933,1]},
{"frame":35,"values":[0.9994,0.0337,-0.0023,0,-0.0333,0.9946,0.0984,0,0.0056,-0.0983,0.9951,0,-0.0206,26.5525,-3.1933,1]},
{"frame":36,"values":[0.9994,0.0333,-0.0021,0,-0.033,0.9949,0.0949,0,0.0053,-0.0947,0.9955,0,-0.0206,26.5525,-3.1933,1]},
{"frame":37,"values":[0.9995,0.033,-0.002,0,-0.0327,0.9953,0.0913,0,0.005,-0.0912,0.9958,0,-0.0206,26.5525,-3.1933,1]},
{"frame":38,"values":[0.9995,0.0326,-0.0018,0,-0.0323,0.9956,0.0878,0,0.0047,-0.0877,0.9961,0,-0.0206,26.5525,-3.1933,1]},
{"frame":39,"values":[0.9995,0.0322,-0.0017,0,-0.032,0.9959,0.0843,0,0.0044,-0.0842,0.9964,0,-0.0206,26.5524,-3.1933,1]},
{"frame":40,"values":[0.9995,0.0319,-0.0023,0,-0.0316,0.9962,0.0807,0,0.0049,-0.0806,0.9967,0,-0.0206,26.5525,-3.1933,1]},
{"frame":41,"values":[0.9995,0.0315,-0.003,0,-0.0312,0.9965,0.0772,0,0.0054,-0.0771,0.997,0,-0.0206,26.5525,-3.1933,1]},
{"frame":42,"values":[0.9995,0.0312,-0.0037,0,-0.0308,0.9968,0.0737,0,0.006,-0.0735,0.9973,0,-0.0206,26.5525,-3.1933,1]},
{"frame":43,"values":[0.9995,0.0308,-0.0044,0,-0.0304,0.9971,0.0701,0,0.0065,-0.07,0.9975,0,-0.0206,26.5525,-3.1933,1]},
{"frame":44,"values":[0.9995,0.0304,-0.005,0,-0.03,0.9973,0.0666,0,0.007,-0.0664,0.9978,0,-0.0206,26.5525,-3.1933,1]},
{"frame":45,"values":[0.9995,0.0301,-0.0057,0,-0.0297,0.9976,0.0631,0,0.0076,-0.0629,0.998,0,-0.0206,26.5525,-3.1933,1]},
{"frame":46,"values":[0.9995,0.0297,-0.0064,0,-0.0293,0.9978,0.0595,0,0.0081,-0.0593,0.9982,0,-0.0206,26.5525,-3.1933,1]},
{"frame":47,"values":[0.9995,0.0293,-0.007,0,-0.0289,0.998,0.056,0,0.0087,-0.0558,0.9984,0,-0.0206,26.5525,-3.1933,1]},
{"frame":48,"values":[0.9996,0.029,-0.0077,0,-0.0285,0.9982,0.0524,0,0.0092,-0.0522,0.9986,0,-0.0206,26.5525,-3.1933,1]},
{"frame":49,"values":[0.9996,0.0286,-0.0084,0,-0.0281,0.9984,0.0489,0,0.0098,-0.0486,0.9988,0,-0.0206,26.5525,-3.1933,1]},
{"frame":50,"values":[0.9996,0.0282,-0.009,0,-0.0278,0.9986,0.0454,0,0.0103,-0.0451,0.9989,0,-0.0206,26.5525,-3.1933,1]},
{"frame":51,"values":[0.9996,0.0278,-0.0097,0,-0.0274,0.9988,0.0418,0,0.0108,-0.0415,0.9991,0,-0.0206,26.5525,-3.1933,1]},
{"frame":52,"values":[0.9996,0.0274,-0.0104,0,-0.027,0.9989,0.0383,0,0.0114,-0.038,0.9992,0,-0.0206,26.5525,-3.1933,1]},
{"frame":53,"values":[0.9996,0.027,-0.011,0,-0.0266,0.999,0.0347,0,0.0119,-0.0344,0.9993,0,-0.0206,26.5525,-3.1933,1]},
{"frame":54,"values":[0.9996,0.0267,-0.0117,0,-0.0263,0.9992,0.0312,0,0.0125,-0.0309,0.9994,0,-0.0206,26.5525,-3.1933,1]},
{"frame":55,"values":[0.9996,0.0263,-0.0123,0,-0.0259,0.9993,0.0276,0,0.013,-0.0273,0.9995,0,-0.0206,26.5525,-3.1933,1]},
{"frame":56,"values":[0.9996,0.0264,-0.013,0,-0.0261,0.9994,0.0241,0,0.0136,-0.0237,0.9996,0,-0.0206,26.5525,-3.1933,1]},
{"frame":57,"values":[0.9996,0.0266,-0.013,0,-0.0263,0.9994,0.0205,0,0.0135,-0.0202,0.9997,0,-0.0206,26.5525,-3.1933,1]},
{"frame":58,"values":[0.9996,0.0268,-0.013,0,-0.0266,0.9995,0.017,0,0.0134,-0.0166,0.9998,0,-0.0206,26.5525,-3.1933,1]},
{"frame":59,"values":[0.9996,0.027,-0.013,0,-0.0267,0.9995,0.0173,0,0.0135,-0.017,0.9998,0,-0.0206,26.5525,-3.1933,1]},
{"frame":60,"values":[0.9996,0.0269,-0.013,0,-0.0267,0.9995,0.0177,0,0.0135,-0.0173,0.9998,0,-0.0206,26.5525,-3.1933,1]},
{"frame":61,"values":[0.9996,0.0269,-0.013,0,-0.0267,0.9995,0.018,0,0.0135,-0.0177,0.9998,0,-0.0206,26.5525,-3.1933,1]},
{"frame":62,"values":[0.9996,0.0269,-0.013,0,-0.0266,0.9995,0.0184,0,0.0135,-0.018,0.9997,0,-0.0206,26.5525,-3.1933,1]},
{"frame":63,"values":[0.9996,0.0269,-0.013,0,-0.0266,0.9995,0.0187,0,0.0135,-0.0184,0.9997,0,-0.0206,26.5525,-3.1933,1]},
{"frame":64,"values":[0.9996,0.0268,-0.013,0,-0.0266,0.9995,0.0191,0,0.0135,-0.0187,0.9997,0,-0.0206,26.5525,-3.1933,1]},
{"frame":65,"values":[0.9996,0.0269,-0.013,0,-0.0266,0.9995,0.0194,0,0.0135,-0.0191,0.9997,0,-0.0206,26.5525,-3.1933,1]},
{"frame":66,"values":[0.9996,0.027,-0.013,0,-0.0267,0.9994,0.0198,0,0.0135,-0.0194,0.9997,0,-0.0206,26.5524,-3.1933,1]},
{"frame":67,"values":[0.9995,0.027,-0.013,0,-0.0268,0.9994,0.0198,0,0.0135,-0.0194,0.9997,0,-0.0206,26.5525,-3.1933,1]}],"loopBehavior":1,"name":"anim","property":"_matrix"}},
{"name":"mixamorig:Neck","index":4,"matrix":[1,0.0077,0.0021,0,-0.0079,0.9952,0.098,0,-0.0013,-0.098,0.9952,0,-0.06,30.7018,1.3522,1],"rest":[1,0,0,0,0,1,0,0,0,0,1,0,-0.06,30.7018,1.3522,1],"parentBoneIndex":3,"length":22.8446
,"animation":{"dataType":3,"framePerSecond":24,"keys":[
{"frame":1,"values":[1,0.0078,0.002,0,-0.0079,0.9952,0.098,0,-0.0013,-0.098,0.9952,0,-0.06,30.7018,1.3522,1]},
{"frame":2,"values":[1,0.0073,0.0019,0,-0.0075,0.9949,0.1007,0,-0.0012,-0.1007,0.9949,0,-0.06,30.7018,1.3522,1]},
{"frame":3,"values":[1,0.0069,0.0015,0,-0.007,0.9946,0.1038,0,-0.0008,-0.1039,0.9946,0,-0.06,30.7018,1.3522,1]},
{"frame":4,"values":[1,0.0064,0.0007,0,-0.0065,0.9945,0.105,0,0,-0.105,0.9945,0,-0.06,30.7019,1.3522,1]},
{"frame":5,"values":[1,0.006,-0.0006,0,-0.0059,0.9944,0.1056,0,0.0012,-0.1056,0.9944,0,-0.06,30.7017,1.3522,1]},
{"frame":6,"values":[1,0.0056,-0.002,0,-0.0053,0.9942,0.1075,0,0.0026,-0.1075,0.9942,0,-0.06,30.7018,1.3522,1]},
{"frame":7,"values":[1,0.0051,-0.0035,0,-0.0047,0.9939,0.1106,0,0.0041,-0.1106,0.9939,0,-0.06,30.7018,1.3522,1]},
{"frame":8,"values":[1,0.0047,-0.0049,0,-0.0041,0.9934,0.1147,0,0.0054,-0.1147,0.9934,0,-0.06,30.7018,1.3522,1]},
{"frame":9,"values":[1,0.0043,-0.0061,0,-0.0035,0.9927,0.1205,0,0.0066,-0.1204,0.9927,0,-0.06,30.7018,1.3522,1]},
{"frame":10,"values":[1,0.0038,-0.0079,0,-0.0028,0.9922,0.1243,0,0.0083,-0.1243,0.9922,0,-0.06,30.7018,1.3522,1]},
{"frame":11,"values":[0.9999,0.0035,-0.0094,0,-0.0023,0.9918,0.1281,0,0.0098,-0.1281,0.9917,0,-0.06,30.7018,1.3522,1]},
{"frame":12,"values":[0.9999,0.0032,-0.011,0,-0.0018,0.9913,0.1319,0,0.0113,-0.1319,0.9912,0,-0.06,30.7018,1.3522,1]},
{"frame":13,"values":[0.9999,0.003,-0.0125,0,-0.0012,0.9907,0.1358,0,0.0128,-0.1357,0.9907,0,-0.06,30.7018,1.3522,1]},
{"frame":14,"values":[0.9999,0.0027,-0.0141,0,-0.0007,0.9902,0.1396,0,0.0143,-0.1396,0.9901,0,-0.06,30.7018,1.3522,1]},
{"frame":15,"values":[0.9999,0.0024,-0.0157,0,-0.0002,0.9897,0.1434,0,0.0158,-0.1434,0.9895,0,-0.06,30.7018,1.3522,1]},
{"frame":16,"values":[0.9998,0.0022,-0.0172,0,0.0004,0.9891,0.1472,0,0.0173,-0.1472,0.989,0,-0.06,30.7018,1.3522,1]},
{"frame":17,"values":[0.9998,0.0019,-0.0188,0,0.0009,0.9885,0.151,0,0.0188,-0.151,0.9884,0,-0.06,30.7018,1.3522,1]},
{"frame":18,"values":[0.9998,0.0017,-0.0203,0,0.0015,0.9879,0.1548,0,0.0203,-0.1548,0.9877,0,-0.06,30.7018,1.3522,1]},
{"frame":19,"values":[0.9998,0.0014,-0.0219,0,0.0021,0.9873,0.1586,0,0.0218,-0.1587,0.9871,0,-0.06,30.7018,1.3522,1]},
{"frame":20,"values":[0.9997,0.0012,-0.0235,0,0.0026,0.9867,0.1624,0,0.0233,-0.1625,0.9864,0,-0.06,30.7018,1.3522,1]},
{"frame":21,"values":[0.9997,0.001,-0.025,0,0.0032,0.9861,0.1662,0,0.0248,-0.1663,0.9858,0,-0.06,30.7018,1.3522,1]},
{"frame":22,"values":[0.9996,0.0008,-0.0266,0,0.0038,0.9854,0.17,0,0.0263,-0.1701,0.9851,0,-0.06,30.7018,1.3522,1]},
{"frame":23,"values":[0.9996,0.0005,-0.0282,0,0.0044,0.9848,0.1738,0,0.0278,-0.1739,0.9844,0,-0.06,30.7018,1.3522,1]},
{"frame":24,"values":[0.9996,0.0003,-0.0297,0,0.005,0.9841,0.1776,0,0.0293,-0.1777,0.9836,0,-0.06,30.7018,1.3522,1]},
{"frame":25,"values":[0.9996,0,-0.0279,0,0.0048,0.9847,0.1739,0,0.0275,-0.174,0.9844,0,-0.06,30.7018,1.3522,1]},
{"frame":26,"values":[0.9997,-0.0002,-0.0261,0,0.0047,0.9854,0.1702,0,0.0257,-0.1703,0.9851,0,-0.06,30.7018,1.3522,1]},
{"frame":27,"values":[0.9997,-0.0005,-0.0243,0,0.0045,0.986,0.1665,0,0.0239,-0.1665,0.9857,0,-0.06,30.7018,1.3522,1]},
{"frame":28,"values":[0.9997,-0.0007,-0.0225,0,0.0044,0.9867,0.1628,0,0.0221,-0.1628,0.9864,0,-0.06,30.7018,1.3522,1]},
{"frame":29,"values":[0.9998,-0.001,-0.0207,0,0.0043,0.9873,0.1591,0,0.0203,-0.1591,0.9871,0,-0.06,30.7018,1.3522,1]},
{"frame":30,"values":[0.9998,-0.0012,-0.0189,0,0.0042,0.9879,0.1553,0,0.0185,-0.1554,0.9877,0,-0.06,30.7018,1.3522,1]},
{"frame":31,"values":[0.9999,-0.0015,-0.0171,0,0.004,0.9884,0.1516,0,0.0167,-0.1516,0.9883,0,-0.06,30.7018,1.3522,1]},
{"frame":32,"values":[0.9999,-0.0017,-0.0153,0,0.0039,0.989,0.1479,0,0.0149,-0.1479,0.9889,0,-0.06,30.7018,1.3522,1]},
{"frame":33,"values":[0.9999,-0.0019,-0.0135,0,0.0038,0.9895,0.1441,0,0.0131,-0.1442,0.9895,0,-0.06,30.7018,1.3522,1]},
{"frame":34,"values":[0.9999,-0.0022,-0.0141,0,0.0041,0.9901,0.1404,0,0.0136,-0.1405,0.99,0,-0.06,30.7018,1.3522,1]},
{"frame":35,"values":[0.9999,-0.0024,-0.0146,0,0.0044,0.9906,0.1367,0,0.0142,-0.1367,0.9905,0,-0.06,30.7018,1.3522,1]},
{"frame":36,"values":[0.9999,-0.0027,-0.0152,0,0.0047,0.9905,0.1371,0,0.0147,-0.1372,0.9904,0,-0.06,30.7018,1.3522,1]},
{"frame":37,"values":[0.9999,-0.0029,-0.0149,0,0.0049,0.9905,0.1376,0,0.0143,-0.1377,0.9904,0,-0.06,30.7018,1.3522,1]},
{"frame":38,"values":[0.9999,-0.0025,-0.015,0,0.0045,0.9907,0.1363,0,0.0145,-0.1363,0.9906,0,-0.06,30.7018,1.3522,1]},
{"frame":39,"values":[0.9999,-0.0021,-0.0151,0,0.0041,0.9908,0.135,0,0.0147,-0.135,0.9907,0,-0.06,30.7018,1.3522,1]},
{"frame":40,"values":[0.9999,-0.0017,-0.0144,0,0.0036,0.991,0.1336,0,0.0141,-0.1337,0.9909,0,-0.06,30.7018,1.3522,1]},
{"frame":41,"values":[0.9999,-0.0012,-0.0137,0,0.003,0.9912,0.1323,0,0.0134,-0.1323,0.9911,0,-0.06,30.7018,1.3522,1]},
{"frame":42,"values":[0.9999,-0.0008,-0.013,0,0.0025,0.9914,0.131,0,0.0128,-0.131,0.9913,0,-0.06,30.7018,1.3522,1]},
