{"producer":{"name":"Blender","version":"2.79 (sub 0)","exporter_version":"5.6.4","file":"pointforwardgesture.babylon"},
"autoClear":true,"clearColor":[0.0509,0.0509,0.0509],"ambientColor":[0,0,0],"gravity":[0,-9.81,0],
"materials":[{"name":"pointforwardgesture.Material","id":"pointforwardgesture.Material","ambient":[0,0,0],"diffuse":[0,0,0],"specular":[0,0,0],"emissive":[0,0,0],"specularPower":50,"alpha":0.001,"backFaceCulling":true,"checkReadyOnlyOnce":false,"maxSimultaneousLights":4}],
"multiMaterials":[],
"skeletons":[{"name":"Armature","id":0,"dimensionsAtRest":[379.1952,391.6652,55.677],"bones":[
{"name":"mixamorig:Hips","index":0,"matrix":[0.9978,-0.0551,0.036,0,0.0526,0.9964,0.0672,0,0.0396,0.0652,-0.9971,0,0.4737,200.3126,1.0248,1],"rest":[1,0,0,0,0,1,0,0,0,0,-1,0,0,201.6394,0,1],"parentBoneIndex":-1,"length":21.6784
,"animation":{"dataType":3,"framePerSecond":24,"keys":[
{"frame":1,"values":[0.9978,-0.0551,0.036,0,0.0526,0.9964,0.0672,0,0.0396,0.0652,-0.9971,0,0.4737,200.3126,1.0248,1]},
{"frame":2,"values":[0.9978,-0.0552,0.0368,0,0.0526,0.9963,0.0674,0,0.0404,0.0653,-0.997,0,0.4318,200.304,1.1308,1]},
{"frame":3,"values":[0.9977,-0.0554,0.0383,0,0.0527,0.9963,0.0679,0,0.0419,0.0657,-0.997,0,0.3512,200.2993,1.2429,1]},
{"frame":4,"values":[0.9976,-0.0556,0.0405,0,0.0527,0.9962,0.0687,0,0.0442,0.0664,-0.9968,0,0.229,200.299,1.3615,1]},
{"frame":5,"values":[0.9975,-0.0556,0.0433,0,0.0525,0.9962,0.0696,0,0.047,0.0671,-0.9966,0,0.0645,200.3086,1.4808,1]},
{"frame":6,"values":[0.9974,-0.0554,0.0471,0,0.0521,0.9962,0.0702,0,0.0508,0.0676,-0.9964,0,-0.1508,200.3351,1.6031,1]},
{"frame":7,"values":[0.9971,-0.0552,0.0519,0,0.0515,0.9962,0.0708,0,0.0556,0.0679,-0.9961,0,-0.4321,200.365,1.7451,1]},
{"frame":8,"values":[0.9968,-0.055,0.058,0,0.0508,0.9961,0.0715,0,0.0617,0.0683,-0.9958,0,-0.7969,200.3884,1.9156,1]},
{"frame":9,"values":[0.9963,-0.0549,0.0655,0,0.0501,0.9961,0.0724,0,0.0692,0.0688,-0.9952,0,-1.2653,200.4165,2.3848,1]},
{"frame":10,"values":[0.9948,-0.0547,0.0862,0,0.0485,0.9961,0.0732,0,0.0899,0.0686,-0.9936,0,-1.8551,200.4519,2.854,1]},
{"frame":11,"values":[0.9928,-0.0545,0.1068,0,0.0467,0.9962,0.074,0,0.1104,0.0685,-0.9915,0,-2.5725,200.4883,3.3233,1]},
{"frame":12,"values":[0.9904,-0.054,0.1274,0,0.0447,0.9962,0.0748,0,0.131,0.0683,-0.989,0,-3.4232,200.5052,3.7925,1]},
{"frame":13,"values":[0.9875,-0.0536,0.1479,0,0.0428,0.9963,0.0749,0,0.1514,0.0676,-0.9862,0,-4.3358,200.4744,4.2617,1]},
{"frame":14,"values":[0.9843,-0.0531,0.1684,0,0.0411,0.9964,0.0742,0,0.1717,0.0661,-0.9829,0,-5.2484,200.3447,4.7309,1]},
{"frame":15,"values":[0.9804,-0.0569,0.1888,0,0.0439,0.9964,0.0725,0,0.1923,0.0628,-0.9793,0,-6.1611,199.9927,5.2001,1]},
{"frame":16,"values":[0.976,-0.0606,0.2091,0,0.0474,0.9966,0.0675,0,0.2125,0.0559,-0.9756,0,-7.0737,199.2812,5.6694,1]},
{"frame":17,"values":[0.9712,-0.0642,0.2293,0,0.0512,0.9967,0.0625,0,0.2326,0.0489,-0.9713,0,-7.9863,198.2072,6.1386,1]},
{"frame":18,"values":[0.966,-0.0678,0.2495,0,0.0551,0.9968,0.0575,0,0.2526,0.0417,-0.9667,0,-8.8989,196.9914,6.6078,1]},
{"frame":19,"values":[0.9604,-0.0713,0.2695,0,0.0593,0.9969,0.0525,0,0.2724,0.0344,-0.9616,0,-9.8116,196.0186,7.077,1]},
{"frame":20,"values":[0.9543,-0.0747,0.2894,0,0.0637,0.9968,0.0475,0,0.292,0.0269,-0.956,0,-10.7242,195.7785,7.5462,1]},
{"frame":21,"values":[0.9483,-0.0718,0.3092,0,0.0616,0.9972,0.0426,0,0.3114,0.0214,-0.9501,0,-11.6368,195.5383,8.0155,1]},
{"frame":22,"values":[0.9419,-0.069,0.3288,0,0.0599,0.9975,0.0378,0,0.3306,0.0159,-0.9436,0,-11.4639,195.692,8.4847,1]},
{"frame":23,"values":[0.935,-0.0661,0.3483,0,0.0582,0.9978,0.033,0,0.3497,0.0106,-0.9368,0,-11.2911,195.8457,8.9539,1]},
{"frame":24,"values":[0.9278,-0.0631,0.3677,0,0.0567,0.998,0.0282,0,0.3687,0.0053,-0.9295,0,-11.1182,195.9993,9.4231,1]},
{"frame":25,"values":[0.9202,-0.0602,0.3869,0,0.0554,0.9982,0.0234,0,0.3876,0.0001,-0.9218,0,-10.9453,195.9416,9.2287,1]},
{"frame":26,"values":[0.9121,-0.0572,0.4059,0,0.0503,0.9984,0.0276,0,0.4068,0.0048,-0.9135,0,-10.7724,195.8838,9.0343,1]},
{"frame":27,"values":[0.9037,-0.0543,0.4247,0,0.0451,0.9985,0.0317,0,0.4258,0.0095,-0.9048,0,-10.5995,195.826,8.8399,1]},
{"frame":28,"values":[0.8948,-0.0516,0.4434,0,0.0398,0.9986,0.0357,0,0.4446,0.0143,-0.8956,0,-10.4267,195.7682,8.6455,1]},
{"frame":29,"values":[0.8855,-0.0512,0.4619,0,0.0371,0.9985,0.0396,0,0.4632,0.0179,-0.886,0,-10.2538,195.7104,8.4511,1]},
{"frame":30,"values":[0.8757,-0.0508,0.4802,0,0.0341,0.9985,0.0434,0,0.4817,0.0216,-0.8761,0,-10.4314,195.6526,8.2566,1]},
{"frame":31,"values":[0.8835,-0.0514,0.4656,0,0.0328,0.9983,0.048,0,0.4672,0.0271,-0.8837,0,-10.6089,195.5949,8.0622,1]},
{"frame":32,"values":[0.8911,-0.052,0.4508,0,0.0316,0.9981,0.0527,0,0.4527,0.0327,-0.8911,0,-10.7865,195.5371,7.8678,1]},
{"frame":33,"values":[0.8987,-0.0482,0.4359,0,0.0257,0.998,0.0574,0,0.4378,0.0404,-0.8982,0,-10.9641,195.4793,7.6734,1]},
{"frame":34,"values":[0.906,-0.0445,0.4208,0,0.0202,0.9979,0.0621,0,0.4227,0.0477,-0.905,0,-11.1417,195.6014,7.479,1]},
{"frame":35,"values":[0.9131,-0.0407,0.4057,0,0.0149,0.9977,0.0668,0,0.4074,0.0549,-0.9116,0,-11.3192,195.7235,7.2846,1]},
{"frame":36,"values":[0.9199,-0.0368,0.3904,0,0.0096,0.9974,0.0716,0,0.392,0.0621,-0.9179,0,-11.4968,195.8457,7.0902,1]},
{"frame":37,"values":[0.9264,-0.0328,0.375,0,0.0043,0.9971,0.0764,0,0.3764,0.0692,-0.9239,0,-11.6744,195.9678,6.8958,1]},
{"frame":38,"values":[0.9327,-0.0286,0.3596,0,-0.0008,0.9967,0.0814,0,0.3607,0.0762,-0.9296,0,-11.852,196.0899,6.7013,1]},
{"frame":39,"values":[0.9386,-0.0243,0.344,0,-0.0059,0.9962,0.0865,0,0.3448,0.0832,-0.935,0,-12.0295,196.212,6.5069,1]},
{"frame":40,"values":[0.9443,-0.0199,0.3284,0,-0.0108,0.9957,0.0916,0,0.3289,0.09,-0.9401,0,-12.2071,196.3341,6.3125,1]},
{"frame":41,"values":[0.9497,-0.0154,0.3128,0,-0.0157,0.9952,0.0968,0,0.3127,0.0968,-0.9449,0,-12.3847,196.4563,6.1181,1]},
{"frame":42,"values":[0.9548,-0.0108,0.297,0,-0.0205,0.9946,0.1021,0,0.2965,0.1035,-0.9494,0,-12.5623,196.5784,5.9237,1]},
{"frame":43,"values":[0.9596,-0.0064,0.2811,0,-0.0248,0.9939,0.1072,0,0.2801,0.1098,-0.9537,0,-12.5558,196.7005,5.7293,1]},
{"frame":44,"values":[0.9642,-0.0019,0.2651,0,-0.0289,0.9933,0.1122,0,0.2636,0.1158,-0.9577,0,-12.6261,196.8226,5.5349,1]},
{"frame":45,"values":[0.9685,0.0026,0.2491,0,-0.0328,0.9925,0.1173,0,0.2469,0.1218,-0.9613,0,-12.6964,196.9447,5.3405,1]},
{"frame":46,"values":[0.9724,0.0072,0.233,0,-0.0367,0.9918,0.1225,0,0.2302,0.1277,-0.9647,0,-12.7667,197.0668,5.146,1]},
{"frame":47,"values":[0.9761,0.0119,0.2168,0,-0.039,0.9918,0.1213,0,0.2136,0.1269,-0.9686,0,-12.837,197.189,4.9516,1]},
{"frame":48,"values":[0.9795,0.0166,0.2006,0,-0.0414,0.9919,0.1201,0,0.197,0.1259,-0.9723,0,-12.9073,197.3111,4.7572,1]},
{"frame":49,"values":[0.9826,0.0212,0.1843,0,-0.0437,0.9919,0.1189,0,0.1803,0.1249,-0.9756,0,-12.9776,197.4332,4.5628,1]},
{"frame":50,"values":[0.9855,0.0258,0.1679,0,-0.0461,0.992,0.1178,0,0.1635,0.1239,-0.9787,0,-13.0479,197.5553,4.3684,1]},
{"frame":51,"values":[0.988,0.0305,0.1515,0,-0.0488,0.9918,0.1182,0,0.1467,0.1242,-0.9814,0,-13.1182,197.6774,4.174,1]},
{"frame":52,"values":[0.9902,0.0353,0.1351,0,-0.0511,0.992,0.1155,0,0.13,0.1212,-0.9841,0,-13.1885,197.7996,3.9796,1]},
{"frame":53,"values":[0.9921,0.0401,0.1187,0,-0.0536,0.9922,0.1125,0,0.1132,0.118,-0.9865,0,-13.0257,197.9217,3.7852,1]},
{"frame":54,"values":[0.9938,0.0449,0.1022,0,-0.0561,0.9924,0.1096,0,0.0965,0.1147,-0.9887,0,-12.8628,198.0438,3.5907,1]},
{"frame":55,"values":[0.9951,0.0496,0.0856,0,-0.0586,0.9926,0.1068,0,0.0797,0.1113,-0.9906,0,-12.6999,198.1659,3.3963,1]},
{"frame":56,"values":[0.9961,0.0542,0.0691,0,-0.0612,0.9927,0.1039,0,0.0629,0.1078,-0.9922,0,-12.537,198.288,3.2019,1]},
{"frame":57,"values":[0.9973,0.0509,0.0525,0,-0.056,0.9933,0.101,0,0.047,0.1036,-0.9935,0,-12.3741,198.4102,3.0075,1]},
{"frame":58,"values":[0.9982,0.0477,0.0359,0,-0.051,0.9939,0.098,0,0.031,0.0997,-0.9945,0,-12.2113,198.3708,2.8131,1]},
{"frame":59,"values":[0.9988,0.0443,0.0193,0,-0.046,0.9944,0.095,0,0.0149,0.0958,-0.9953,0,-12.0484,198.3315,2.6187,1]},
{"frame":60,"values":[0.9992,0.0409,0.0027,0,-0.041,0.9949,0.0919,0,-0.0011,0.092,-0.9958,0,-11.8855,198.2922,2.4243,1]},
{"frame":61,"values":[0.9992,0.0375,-0.0139,0,-0.0361,0.9954,0.0887,0,-0.0172,0.0882,-0.996,0,-11.7226,198.2529,2.2299,1]},
{"frame":62,"values":[0.999,0.0341,-0.0305,0,-0.0314,0.9958,0.0856,0,-0.0333,0.0846,-0.9959,0,-11.8087,198.2136,2.0354,1]},
{"frame":63,"values":[0.9984,0.0307,-0.0471,0,-0.0267,0.9962,0.0825,0,-0.0495,0.0811,-0.9955,0,-11.8947,198.1743,2.0703,1]},
{"frame":64,"values":[0.9991,0.0273,-0.0329,0,-0.0246,0.9965,0.0794,0,-0.035,0.0785,-0.9963,0,-11.9807,198.2055,2.1051,1]},
{"frame":65,"values":[0.9995,0.0239,-0.0187,0,-0.0224,0.9968,0.0763,0,-0.0204,0.0759,-0.9969,0,-12.0668,198.2368,2.1399,1]},
{"frame":66,"values":[0.9998,0.0206,-0.0044,0,-0.0202,0.9971,0.0733,0,-0.0059,0.0732,-0.9973,0,-12.1528,198.2681,2.1748,1]},
{"frame":67,"values":[0.9998,0.0172,0.0098,0,-0.0179,0.9974,0.0702,0,0.0086,0.0704,-0.9975,0,-11.7994,198.2993,2.2096,1]},
{"frame":68,"values":[0.9996,0.0138,0.0241,0,-0.0154,0.9976,0.0671,0,0.0231,0.0674,-0.9975,0,-11.446,198.271,2.2444,1]},
{"frame":69,"values":[0.9992,0.0104,0.0383,0,-0.0129,0.9979,0.064,0,0.0375,0.0644,-0.9972,0,-11.0927,198.2428,2.2792,1]},
{"frame":70,"values":[0.9986,0.0071,0.0525,0,-0.0103,0.9981,0.0608,0,0.052,0.0613,-0.9968,0,-10.7393,198.2145,2.1995,1]},
{"frame":71,"values":[0.9978,0.0037,0.0667,0,-0.0078,0.9981,0.0615,0,0.0664,0.0619,-0.9959,0,-10.3859,198.3307,2.1198,1]},
{"frame":72,"values":[0.9967,0.0004,0.081,0,-0.0054,0.998,0.0623,0,0.0808,0.0625,-0.9948,0,-10.0325,198.4469,2.0401,1]},
{"frame":73,"values":[0.9955,-0.003,0.0951,0,-0.003,0.998,0.0631,0,0.0951,0.0631,-0.9935,0,-9.6791,198.5632,1.9604,1]},
{"frame":74,"values":[0.994,-0.0063,0.1093,0,-0.0007,0.998,0.0639,0,0.1095,0.0635,-0.992,0,-9.3258,198.6794,1.8807,1]},
{"frame":75,"values":[0.9923,-0.0097,0.1234,0,0.0017,0.9979,0.0647,0,0.1238,0.064,-0.9902,0,-8.9724,198.7957,1.801,1]},
{"frame":76,"values":[0.9904,-0.0131,0.1376,0,0.0041,0.9978,0.0656,0,0.1381,0.0644,-0.9883,0,-8.619,198.9119,1.7213,1]},
{"frame":77,"values":[0.9912,-0.0165,0.1316,0,0.0077,0.9978,0.0665,0,0.1324,0.0649,-0.9891,0,-8.2656,199.0281,1.6416,1]},
{"frame":78,"values":[0.9919,-0.0198,0.1256,0,0.0114,0.9977,0.0675,0,0.1266,0.0655,-0.9898,0,-7.9123,199.1444,1.5619,1]},
{"frame":79,"values":[0.9926,-0.0232,0.1196,0,0.0151,0.9975,0.0684,0,0.1208,0.0661,-0.9905,0,-7.5589,199.2606,1.4822,1]},
{"frame":80,"values":[0.9932,-0.0266,0.1135,0,0.0188,0.9974,0.0693,0,0.1151,0.0667,-0.9911,0,-7.2055,199.3768,1.4025,1]},
{"frame":81,"values":[0.9938,-0.0299,0.1075,0,0.0226,0.9974,0.0691,0,0.1093,0.0663,-0.9918,0,-6.8521,199.4931,1.3228,1]},
{"frame":82,"values":[0.9943,-0.0333,0.1015,0,0.0264,0.9973,0.069,0,0.1035,0.0659,-0.9924,0,-6.4988,199.6093,1.2431,1]},
{"frame":83,"values":[0.9948,-0.0367,0.0955,0,0.0302,0.9972,0.0688,0,0.0977,0.0655,-0.9931,0,-6.1454,199.7255,1.1634,1]},
{"frame":84,"values":[0.9952,-0.0401,0.0894,0,0.034,0.997,0.069,0,0.092,0.0656,-0.9936,0,-5.792,199.8418,1.0837,1]},
{"frame":85,"values":[0.9956,-0.0435,0.0834,0,0.0377,0.9969,0.0692,0,0.0862,0.0657,-0.9941,0,-5.4386,199.958,1.004,1]},
{"frame":86,"values":[0.9959,-0.0469,0.0774,0,0.0415,0.9967,0.0694,0,0.0804,0.0659,-0.9946,0,-5.0852,200.0742,0.9243,1]},
{"frame":87,"values":[0.9962,-0.0502,0.0713,0,0.0453,0.9966,0.0695,0,0.0746,0.066,-0.995,0,-4.7319,200.1905,0.8446,1]},
{"frame":88,"values":[0.9964,-0.0536,0.0653,0,0.0491,0.9964,0.0697,0,0.0688,0.0662,-0.9954,0,-4.3785,200.1887,0.7649,1]},
{"frame":89,"values":[0.9966,-0.057,0.0593,0,0.0528,0.9962,0.0699,0,0.063,0.0665,-0.9958,0,-4.0251,200.1869,0.6852,1]},
{"frame":90,"values":[0.9968,-0.0604,0.0532,0,0.0566,0.9959,0.07,0,0.0572,0.0668,-0.9961,0,-3.6717,200.201,0.6055,1]},
{"frame":91,"values":[0.9971,-0.0602,0.0472,0,0.0568,0.9959,0.0702,0,0.0512,0.0673,-0.9964,0,-3.3184,200.2151,0.5257,1]},
{"frame":92,"values":[0.9974,-0.06,0.0411,0,0.057,0.9959,0.0704,0,0.0452,0.0678,-0.9967,0,-2.965,200.2292,0.446,1]},
{"frame":93,"values":[0.9976,-0.0598,0.0351,0,0.0572,0.9959,0.0705,0,0.0392,0.0683,-0.9969,0,-2.6116,200.2432,0.3663,1]},
{"frame":94,"values":[0.9978,-0.0596,0.029,0,0.0574,0.9959,0.0705,0,0.0331,0.0687,-0.9971,0,-2.2582,200.2333,0.3983,1]},
{"frame":95,"values":[0.9978,-0.0593,0.0295,0,0.0571,0.9959,0.0704,0,0.0336,0.0686,-0.9971,0,-1.9048,200.2233,0.4303,1]},
{"frame":96,"values":[0.9978,-0.0591,0.03,0,0.0569,0.9959,0.0707,0,0.034,0.0688,-0.997,0,-1.5515,200.2283,0.4623,1]},
{"frame":97,"values":[0.9978,-0.0589,0.0304,0,0.0566,0.9959,0.0709,0,0.0345,0.069,-0.997,0,-1.1981,200.2334,0.4942,1]},
{"frame":98,"values":[0.9978,-0.0586,0.0309,0,0.0563,0.9959,0.0711,0,0.035,0.0692,-0.997,0,-0.8447,200.2384,0.5262,1]},
{"frame":99,"values":[0.9978,-0.0584,0.0314,0,0.056,0.9959,0.0714,0,0.0354,0.0695,-0.997,0,-0.4913,200.2435,0.5582,1]},
{"frame":100,"values":[0.9978,-0.0582,0.0319,0,0.0558,0.9959,0.0716,0,0.0359,0.0697,-0.9969,0,-0.138,200.2485,0.5902,1]},
{"frame":101,"values":[0.9978,-0.0579,0.0323,0,0.0555,0.9959,0.0718,0,0.0363,0.0699,-0.9969,0,0.2154,200.2536,0.6221,1]},
{"frame":102,"values":[0.9978,-0.0577,0.0328,0,0.0552,0.9959,0.0721,0,0.0368,0.0701,-0.9969,0,0.5688,200.2586,0.6541,1]},
{"frame":103,"values":[0.9978,-0.0575,0.0333,0,0.055,0.9959,0.0723,0,0.0373,0.0703,-0.9968,0,0.9222,200.2558,0.6861,1]},
{"frame":104,"values":[0.9978,-0.0573,0.0337,0,0.0547,0.9959,0.0725,0,0.0377,0.0705,-0.9968,0,0.8785,200.2529,0.7181,1]},
{"frame":105,"values":[0.9978,-0.057,0.0342,0,0.0545,0.9959,0.072,0,0.0382,0.0699,-0.9968,0,0.8347,200.261,0.75,1]},
{"frame":106,"values":[0.9978,-0.0568,0.0347,0,0.0542,0.996,0.0714,0,0.0386,0.0693,-0.9968,0,0.791,200.2691,0.782,1]},
{"frame":107,"values":[0.9978,-0.0566,0.0351,0,0.054,0.996,0.0708,0,0.039,0.0687,-0.9969,0,0.7473,200.2772,0.814,1]},
{"frame":108,"values":[0.9978,-0.0563,0.0356,0,0.0537,0.9961,0.0702,0,0.0394,0.0681,-0.9969,0,0.7036,200.2853,0.846,1]},
{"frame":109,"values":[0.9978,-0.0561,0.0361,0,0.0535,0.9961,0.0696,0,0.0398,0.0675,-0.9969,0,0.6599,200.2934,0.878,1]},
{"frame":110,"values":[0.9978,-0.0559,0.0365,0,0.0533,0.9962,0.069,0,0.0403,0.0669,-0.9969,0,0.6162,200.3016,0.9099,1]},
{"frame":111,"values":[0.9978,-0.0556,0.037,0,0.053,0.9962,0.0685,0,0.0407,0.0664,-0.997,0,0.5725,200.3097,0.9419,1]},
{"frame":112,"values":[0.9978,-0.0554,0.0367,0,0.0528,0.9963,0.0679,0,0.0403,0.0658,-0.997,0,0.5287,200.3178,0.9739,1]},
{"frame":113,"values":[0.9978,-0.0551,0.036,0,0.0526,0.9964,0.0672,0,0.0396,0.0652,-0.9971,0,0.4737,200.3126,1.0248,1]}],"loopBehavior":1,"name":"anim","property":"_matrix"}},
{"name":"mixamorig:Spine","index":1,"matrix":[0.9987,0.0447,-0.0242,0,-0.0433,0.9973,0.0587,0,0.0268,-0.0576,0.998,0,0.0062,19.525,-2.4818,1],"rest":[1,0,0,0,0,1,0,0,0,0,1,0,0.0062,19.525,-2.4818,1],"parentBoneIndex":0,"length":23.0091
,"animation":{"dataType":3,"framePerSecond":24,"keys":[
{"frame":1,"values":[0.9987,0.0447,-0.0242,0,-0.0433,0.9973,0.0587,0,0.0268,-0.0576,0.998,0,0.0062,19.525,-2.4818,1]},
{"frame":2,"values":[0.9987,0.0448,-0.0242,0,-0.0433,0.9973,0.0588,0,0.0268,-0.0576,0.998,0,0.0062,19.525,-2.4818,1]},
{"frame":3,"values":[0.9987,0.0448,-0.0243,0,-0.0433,0.9973,0.0588,0,0.0269,-0.0576,0.998,0,0.0062,19.525,-2.4818,1]},
{"frame":4,"values":[0.9987,0.0448,-0.0244,0,-0.0433,0.9973,0.0588,0,0.0269,-0.0577,0.998,0,0.0062,19.525,-2.4818,1]},
{"frame":5,"values":[0.9987,0.0446,-0.0244,0,-0.0431,0.9973,0.0588,0,0.0269,-0.0577,0.998,0,0.0062,19.525,-2.4818,1]},
{"frame":6,"values":[0.9987,0.0445,-0.0244,0,-0.043,0.9974,0.0587,0,0.0269,-0.0575,0.998,0,0.0062,19.525,-2.4818,1]},
{"frame":7,"values":[0.9987,0.0444,-0.0244,0,-0.0429,0.9974,0.0585,0,0.027,-0.0574,0.998,0,0.0062,19.525,-2.4818,1]},
{"frame":8,"values":[0.9987,0.0443,-0.0244,0,-0.0428,0.9974,0.0585,0,0.027,-0.0574,0.998,0,0.0062,19.525,-2.4818,1]},
{"frame":9,"values":[0.9987,0.0441,-0.0245,0,-0.0426,0.9974,0.0586,0,0.027,-0.0574,0.998,0,0.0062,19.525,-2.4818,1]},
{"frame":10,"values":[0.9987,0.0438,-0.0246,0,-0.0423,0.9974,0.0587,0,0.0271,-0.0576,0.998,0,0.0062,19.525,-2.4818,1]},
{"frame":11,"values":[0.9988,0.0432,-0.0247,0,-0.0417,0.9974,0.0589,0,0.0272,-0.0578,0.998,0,0.0062,19.525,-2.4818,1]},
{"frame":12,"values":[0.9988,0.0425,-0.0247,0,-0.041,0.9974,0.0593,0,0.0272,-0.0582,0.9979,0,0.0062,19.525,-2.4818,1]},
{"frame":13,"values":[0.9988,0.0419,-0.0248,0,-0.0404,0.9974,0.0601,0,0.0273,-0.059,0.9979,0,0.0062,19.525,-2.4818,1]},
{"frame":14,"values":[0.9988,0.0414,-0.025,0,-0.0398,0.9973,0.0611,0,0.0275,-0.06,0.9978,0,0.0062,19.525,-2.4818,1]},
{"frame":15,"values":[0.9988,0.0409,-0.0251,0,-0.0392,0.9972,0.0631,0,0.0276,-0.062,0.9977,0,0.0062,19.525,-2.4818,1]},
{"frame":16,"values":[0.9988,0.0423,-0.0253,0,-0.0406,0.9971,0.065,0,0.0279,-0.0639,0.9976,0,0.0062,19.525,-2.4818,1]},
{"frame":17,"values":[0.9987,0.0438,-0.0255,0,-0.042,0.9969,0.0669,0,0.0284,-0.0658,0.9974,0,0.0062,19.525,-2.4818,1]},
{"frame":18,"values":[0.9986,0.0453,-0.0261,0,-0.0434,0.9967,0.0689,0,0.0291,-0.0677,0.9973,0,0.0062,19.525,-2.4818,1]},
{"frame":19,"values":[0.9985,0.0468,-0.027,0,-0.0447,0.9965,0.0708,0,0.0303,-0.0695,0.9971,0,0.0062,19.525,-2.4818,1]},
{"frame":20,"values":[0.9984,0.0482,-0.0279,0,-0.0461,0.9963,0.0728,0,0.0313,-0.0714,0.997,0,0.0062,19.525,-2.4818,1]},
{"frame":21,"values":[0.9985,0.0474,-0.0288,0,-0.0451,0.9962,0.0747,0,0.0322,-0.0733,0.9968,0,0.0062,19.525,-2.4818,1]},
{"frame":22,"values":[0.9985,0.0465,-0.0295,0,-0.0442,0.9961,0.0767,0,0.033,-0.0752,0.9966,0,0.0062,19.525,-2.4818,1]},
{"frame":23,"values":[0.9985,0.0457,-0.0302,0,-0.0432,0.996,0.0786,0,0.0337,-0.0772,0.9964,0,0.0062,19.525,-2.4818,1]},
{"frame":24,"values":[0.9985,0.0448,-0.0309,0,-0.0422,0.9959,0.0806,0,0.0344,-0.0791,0.9963,0,0.0062,19.525,-2.4818,1]},
{"frame":25,"values":[0.9985,0.045,-0.0317,0,-0.0423,0.9957,0.0825,0,0.0352,-0.081,0.9961,0,0.0062,19.525,-2.4818,1]},
{"frame":26,"values":[0.9985,0.0452,-0.0324,0,-0.0424,0.9955,0.0844,0,0.036,-0.0829,0.9959,0,0.0062,19.525,-2.4818,1]},
{"frame":27,"values":[0.9984,0.0454,-0.0331,0,-0.0424,0.9954,0.0864,0,0.0369,-0.0848,0.9957,0,0.0062,19.525,-2.4818,1]},
{"frame":28,"values":[0.9984,0.0453,-0.0338,0,-0.0423,0.9955,0.085,0,0.0375,-0.0835,0.9958,0,0.0062,19.525,-2.4818,1]},
{"frame":29,"values":[0.9984,0.0453,-0.0345,0,-0.0423,0.9956,0.0837,0,0.0381,-0.0821,0.9959,0,0.0062,19.525,-2.4818,1]},
{"frame":30,"values":[0.9984,0.0452,-0.0352,0,-0.0422,0.9957,0.0823,0,0.0388,-0.0807,0.996,0,0.0062,19.525,-2.4818,1]},
{"frame":31,"values":[0.9983,0.0451,-0.0359,0,-0.0421,0.9958,0.081,0,0.0394,-0.0793,0.9961,0,0.0062,19.525,-2.4818,1]},
{"frame":32,"values":[0.9983,0.046,-0.0366,0,-0.043,0.9959,0.0796,0,0.0402,-0.0779,0.9961,0,0.0062,19.525,-2.4818,1]},
{"frame":33,"values":[0.9982,0.0469,-0.0374,0,-0.0439,0.996,0.0783,0,0.0409,-0.0765,0.9962,0,0.0062,19.525,-2.4818,1]},
{"frame":34,"values":[0.9983,0.0478,-0.0342,0,-0.045,0.996,0.077,0,0.0377,-0.0753,0.9964,0,0.0062,19.525,-2.4818,1]},
{"frame":35,"values":[0.9983,0.0486,-0.031,0,-0.0462,0.9961,0.0757,0,0.0346,-0.0741,0.9967,0,0.0062,19.525,-2.4818,1]},
{"frame":36,"values":[0.9984,0.0495,-0.0278,0,-0.0473,0.9961,0.0743,0,0.0314,-0.0729,0.9968,0,0.0062,19.525,-2.4818,1]},
{"frame":37,"values":[0.9984,0.0504,-0.0247,0,-0.0485,0.9962,0.073,0,0.0283,-0.0717,0.997,0,0.0062,19.525,-2.4818,1]},
{"frame":38,"values":[0.9985,0.0513,-0.0215,0,-0.0496,0.9962,0.0717,0,0.0251,-0.0705,0.9972,0,0.0062,19.525,-2.4818,1]},
{"frame":39,"values":[0.9985,0.0522,-0.0183,0,-0.0507,0.9962,0.0703,0,0.0219,-0.0693,0.9974,0,0.0062,19.525,-2.4818,1]},
{"frame":40,"values":[0.9985,0.053,-0.0152,0,-0.0519,0.9963,0.069,0,0.0188,-0.0681,0.9975,0,0.0062,19.525,-2.4818,1]},
{"frame":41,"values":[0.9985,0.0539,-0.012,0,-0.053,0.9963,0.0677,0,0.0156,-0.0669,0.9976,0,0.0062,19.525,-2.4818,1]},
{"frame":42,"values":[0.9985,0.0548,-0.0088,0,-0.0541,0.9963,0.0663,0,0.0124,-0.0657,0.9978,0,0.0062,19.525,-2.4818,1]},
{"frame":43,"values":[0.9984,0.0557,-0.0057,0,-0.0552,0.9964,0.065,0,0.0093,-0.0646,0.9979,0,0.0062,19.525,-2.4818,1]},
{"frame":44,"values":[0.9984,0.0566,-0.0025,0,-0.0563,0.9964,0.0636,0,0.0061,-0.0634,0.998,0,0.0062,19.525,-2.4818,1]},
{"frame":45,"values":[0.9983,0.0575,0.0006,0,-0.0575,0.9964,0.0623,0,0.0029,-0.0622,0.9981,0,0.0062,19.525,-2.4818,1]},
{"frame":46,"values":[0.9983,0.0584,0.0038,0,-0.0586,0.9964,0.0609,0,-0.0002,-0.061,0.9981,0,0.0062,19.525,-2.4818,1]},
{"frame":47,"values":[0.9982,0.0593,0.007,0,-0.0597,0.9964,0.0595,0,-0.0034,-0.0598,0.9982,0,0.0062,19.525,-2.4818,1]},
{"frame":48,"values":[0.9981,0.0603,0.0101,0,-0.0607,0.9965,0.0582,0,-0.0066,-0.0587,0.9983,0,0.0062,19.525,-2.4818,1]},
{"frame":49,"values":[0.9981,0.0611,0.0088,0,-0.0615,0.9965,0.0568,0,-0.0053,-0.0572,0.9983,0,0.0062,19.525,-2.4818,1]},
{"frame":50,"values":[0.998,0.062,0.0074,0,-0.0624,0.9965,0.0555,0,-0.004,-0.0558,0.9984,0,0.0062,19.525,-2.4818,1]},
{"frame":51,"values":[0.998,0.0629,0.0082,0,-0.0633,0.9965,0.0541,0,-0.0047,-0.0545,0.9985,0,0.0062,19.525,-2.4818,1]},
{"frame":52,"values":[0.9979,0.0638,0.0089,0,-0.0642,0.9965,0.0528,0,-0.0055,-0.0532,0.9986,0,0.0062,19.525,-2.4818,1]},
{"frame":53,"values":[0.9979,0.0647,0.0097,0,-0.0651,0.9966,0.0514,0,-0.0063,-0.0519,0.9986,0,0.0062,19.525,-2.4818,1]},
{"frame":54,"values":[0.9978,0.0656,0.0091,0,-0.066,0.9966,0.0501,0,-0.0058,-0.0506,0.9987,0,0.0062,19.525,-2.4818,1]},
{"frame":55,"values":[0.9978,0.0665,0.0085,0,-0.0668,0.9966,0.0487,0,-0.0053,-0.0492,0.9988,0,0.0062,19.525,-2.4818,1]},
{"frame":56,"values":[0.9977,0.0674,0.008,0,-0.0677,0.9966,0.0474,0,-0.0047,-0.0478,0.9988,0,0.0062,19.525,-2.4818,1]},
{"frame":57,"values":[0.9976,0.0682,0.0074,0,-0.0685,0.9966,0.046,0,-0.0042,-0.0464,0.9989,0,0.0062,19.525,-2.4818,1]},
{"frame":58,"values":[0.9976,0.0691,0.0068,0,-0.0694,0.9965,0.0472,0,-0.0035,-0.0476,0.9989,0,0.0062,19.525,-2.4818,1]},
{"frame":59,"values":[0.9975,0.07,0.0062,0,-0.0702,0.9964,0.0484,0,-0.0028,-0.0487,0.9988,0,0.0062,19.525,-2.4818,1]},
{"frame":60,"values":[0.9975,0.0709,0.0057,0,-0.0711,0.9962,0.0496,0,-0.0021,-0.0499,0.9988,0,0.0062,19.525,-2.4818,1]},
{"frame":61,"values":[0.9976,0.0697,0.0064,0,-0.0699,0.9963,0.0508,0,-0.0028,-0.0511,0.9987,0,0.0062,19.525,-2.4818,1]},
{"frame":62,"values":[0.9976,0.0684,0.007,0,-0.0687,0.9963,0.052,0,-0.0035,-0.0523,0.9986,0,0.0062,19.525,-2.4818,1]},
{"frame":63,"values":[0.9977,0.0672,0.0051,0,-0.0673,0.9963,0.0532,0,-0.0015,-0.0534,0.9986,0,0.0062,19.525,-2.4818,1]},
{"frame":64,"values":[0.9978,0.0659,0.0032,0,-0.066,0.9963,0.0543,0,0.0004,-0.0544,0.9985,0,0.0062,19.525,-2.4818,1]},
{"frame":65,"values":[0.9979,0.0647,0.0013,0,-0.0646,0.9964,0.054,0,0.0022,-0.0539,0.9985,0,0.0062,19.525,-2.4818,1]},
{"frame":66,"values":[0.998,0.0634,-0.0007,0,-0.0633,0.9966,0.0536,0,0.004,-0.0535,0.9986,0,0.0062,19.525,-2.4818,1]},
{"frame":67,"values":[0.9981,0.0622,-0.0026,0,-0.0619,0.9966,0.0546,0,0.006,-0.0543,0.9985,0,0.0062,19.525,-2.4818,1]},
{"frame":68,"values":[0.9981,0.0609,-0.0045,0,-0.0606,0.9966,0.0556,0,0.0079,-0.0552,0.9984,0,0.0062,19.525,-2.4818,1]},
{"frame":69,"values":[0.9982,0.0596,-0.0064,0,-0.0592,0.9966,0.0566,0,0.0098,-0.0561,0.9984,0,0.0062,19.525,-2.4818,1]},
{"frame":70,"values":[0.9983,0.0584,-0.0083,0,-0.0578,0.9967,0.0575,0,0.0117,-0.057,0.9983,0,0.0062,19.525,-2.4818,1]},
{"frame":71,"values":[0.9983,0.0571,-0.0103,0,-0.0565,0.9967,0.0585,0,0.0136,-0.0578,0.9982,0,0.0062,19.525,-2.4818,1]},
{"frame":72,"values":[0.9984,0.0559,-0.0122,0,-0.0551,0.9967,0.0595,0,0.0155,-0.0587,0.9982,0,0.0062,19.525,-2.4818,1]},
{"frame":73,"values":[0.9984,0.0547,-0.0141,0,-0.0537,0.9967,0.0605,0,0.0174,-0.0596,0.9981,0,0.0062,19.525,-2.4818,1]},
{"frame":74,"values":[0.9984,0.0534,-0.016,0,-0.0523,0.9967,0.0614,0,0.0193,-0.0605,0.998,0,0.0062,19.525,-2.4818,1]},
{"frame":75,"values":[0.9985,0.0522,-0.018,0,-0.051,0.9968,0.0612,0,0.0211,-0.0602,0.998,0,0.0062,19.525,-2.4818,1]},
{"frame":76,"values":[0.9985,0.0509,-0.0199,0,-0.0496,0.9969,0.061,0,0.0229,-0.0599,0.9979,0,0.0062,19.525,-2.4818,1]},
{"frame":77,"values":[0.9985,0.0496,-0.0218,0,-0.0482,0.997,0.0608,0,0.0248,-0.0597,0.9979,0,0.0062,19.525,-2.4818,1]},
{"frame":78,"values":[0.9986,0.0484,-0.0216,0,-0.047,0.9971,0.0606,0,0.0245,-0.0595,0.9979,0,0.0062,19.525,-2.4818,1]},
{"frame":79,"values":[0.9987,0.0471,-0.0214,0,-0.0458,0.9971,0.0604,0,0.0242,-0.0593,0.9979,0,0.0062,19.525,-2.4818,1]},
{"frame":80,"values":[0.9987,0.0459,-0.0212,0,-0.0445,0.9972,0.0602,0,0.0239,-0.0592,0.998,0,0.0062,19.525,-2.4818,1]},
{"frame":81,"values":[0.9988,0.0446,-0.0215,0,-0.0433,0.9973,0.06,0,0.0241,-0.059,0.998,0,0.0062,19.525,-2.4818,1]},
{"frame":82,"values":[0.9988,0.0434,-0.0218,0,-0.042,0.9973,0.0598,0,0.0243,-0.0588,0.998,0,0.0062,19.525,-2.4818,1]},
{"frame":83,"values":[0.9989,0.0421,-0.0221,0,-0.0408,0.9974,0.0596,0,0.0245,-0.0586,0.998,0,0.0062,19.525,-2.4818,1]},
{"frame":84,"values":[0.9989,0.0409,-0.0224,0,-0.0395,0.9975,0.0594,0,0.0248,-0.0584,0.998,0,0.0062,19.525,-2.4818,1]},
{"frame":85,"values":[0.999,0.0396,-0.0227,0,-0.0382,0.9975,0.0592,0,0.025,-0.0582,0.998,0,0.0062,19.525,-2.4818,1]},
{"frame":86,"values":[0.9989,0.0398,-0.023,0,-0.0384,0.9975,0.0589,0,0.0253,-0.058,0.998,0,0.0062,19.525,-2.4818,1]},
{"frame":87,"values":[0.9989,0.04,-0.0229,0,-0.0386,0.9975,0.0591,0,0.0252,-0.0581,0.998,0,0.0062,19.525,-2.4818,1]},
{"frame":88,"values":[0.9989,0.0402,-0.0231,0,-0.0388,0.9975,0.0592,0,0.0254,-0.0583,0.998,0,0.0062,19.525,-2.4818,1]},
{"frame":89,"values":[0.9989,0.0404,-0.0232,0,-0.039,0.9975,0.0593,0,0.0256,-0.0584,0.998,0,0.0062,19.525,-2.4818,1]},
{"frame":90,"values":[0.9989,0.0406,-0.0234,0,-0.0391,0.9975,0.0595,0,0.0258,-0.0585,0.998,0,0.0062,19.525,-2.4818,1]},
{"frame":91,"values":[0.9989,0.0408,-0.0236,0,-0.0393,0.9975,0.0594,0,0.0259,-0.0584,0.998,0,0.0062,19.525,-2.4818,1]},
{"frame":92,"values":[0.9989,0.041,-0.0237,0,-0.0395,0.9975,0.0593,0,0.0261,-0.0583,0.998,0,0.0062,19.525,-2.4818,1]},
{"frame":93,"values":[0.9989,0.0412,-0.0237,0,-0.0397,0.9975,0.0592,0,0.0261,-0.0582,0.998,0,0.0062,19.525,-2.4818,1]},
{"frame":94,"values":[0.9989,0.0413,-0.0236,0,-0.0399,0.9975,0.0591,0,0.026,-0.0581,0.998,0,0.0062,19.525,-2.4818,1]},
{"frame":95,"values":[0.9989,0.0415,-0.0236,0,-0.0401,0.9975,0.059,0,0.026,-0.058,0.998,0,0.0062,19.525,-2.4818,1]},
{"frame":96,"values":[0.9988,0.0417,-0.0237,0,-0.0403,0.9975,0.0589,0,0.0261,-0.0579,0.998,0,0.0062,19.525,-2.4818,1]},
{"frame":97,"values":[0.9988,0.0419,-0.0237,0,-0.0405,0.9974,0.0588,0,0.0261,-0.0578,0.998,0,0.0062,19.525,-2.4818,1]},
{"frame":98,"values":[0.9988,0.0421,-0.0238,0,-0.0406,0.9974,0.0587,0,0.0262,-0.0577,0.998,0,0.0062,19.525,-2.4818,1]},
{"frame":99,"values":[0.9988,0.0423,-0.0239,0,-0.0408,0.9974,0.0586,0,0.0263,-0.0576,0.998,0,0.0062,19.525,-2.4818,1]},
{"frame":100,"values":[0.9988,0.0425,-0.024,0,-0.041,0.9974,0.0585,0,0.0264,-0.0575,0.998,0,0.0062,19.525,-2.4818,1]},
{"frame":101,"values":[0.9988,0.0427,-0.024,0,-0.0412,0.9974,0.0585,0,0.0264,-0.0574,0.998,0,0.0062,19.525,-2.4818,1]},
{"frame":102,"values":[0.9988,0.0428,-0.0241,0,-0.0414,0.9974,0.0584,0,0.0265,-0.0573,0.998,0,0.0062,19.525,-2.4818,1]},
{"frame":103,"values":[0.9988,0.043,-0.0242,0,-0.0416,0.9974,0.0583,0,0.0266,-0.0572,0.998,0,0.0062,19.525,-2.4818,1]},
{"frame":104,"values":[0.9988,0.0432,-0.0242,0,-0.0418,0.9974,0.0582,0,0.0267,-0.0571,0.998,0,0.0062,19.525,-2.4818,1]},
{"frame":105,"values":[0.9988,0.0434,-0.0243,0,-0.0419,0.9974,0.0581,0,0.0268,-0.057,0.998,0,0.0062,19.525,-2.4818,1]},
{"frame":106,"values":[0.9988,0.0436,-0.0243,0,-0.0421,0.9974,0.0581,0,0.0268,-0.057,0.998,0,0.0062,19.525,-2.4818,1]},
{"frame":107,"values":[0.9987,0.0438,-0.0243,0,-0.0423,0.9974,0.0582,0,0.0268,-0.0571,0.998,0,0.0062,19.525,-2.4818,1]},
{"frame":108,"values":[0.9987,0.044,-0.0243,0,-0.0425,0.9974,0.0583,0,0.0268,-0.0572,0.998,0,0.0062,19.525,-2.4818,1]},
{"frame":109,"values":[0.9987,0.0442,-0.0243,0,-0.0427,0.9974,0.0583,0,0.0268,-0.0572,0.998,0,0.0062,19.525,-2.4818,1]},
{"frame":110,"values":[0.9987,0.0444,-0.0243,0,-0.0429,0.9974,0.0584,0,0.0268,-0.0573,0.998,0,0.0062,19.525,-2.4818,1]},
{"frame":111,"values":[0.9987,0.0445,-0.0243,0,-0.0431,0.9974,0.0585,0,0.0268,-0.0573,0.998,0,0.0062,19.525,-2.4818,1]},
{"frame":112,"values":[0.9987,0.0447,-0.0243,0,-0.0433,0.9973,0.0585,0,0.0268,-0.0574,0.998,0,0.0062,19.525,-2.4818,1]},
{"frame":113,"values":[0.9987,0.0447,-0.0242,0,-0.0433,0.9973,0.0587,0,0.0268,-0.0576,0.998,0,0.0062,19.525,-2.4818,1]}],"loopBehavior":1,"name":"anim","property":"_matrix"}},
{"name":"mixamorig:Spine1","index":2,"matrix":[0.9996,0.0272,-0.0054,0,-0.0271,0.9994,0.0203,0,0.0059,-0.0201,0.9998,0,-0.0009,22.835,-2.8254,1],"rest":[1,0,0,0,0,1,0,0,0,0,1,0,-0.0009,22.835,-2.8254,1],"parentBoneIndex":1,"length":26.7438
,"animation":{"dataType":3,"framePerSecond":24,"keys":[
{"frame":1,"values":[0.9996,0.0272,-0.0054,0,-0.0271,0.9994,0.0203,0,0.0059,-0.0201,0.9998,0,-0.0009,22.835,-2.8254,1]},
{"frame":2,"values":[0.9996,0.0273,-0.0054,0,-0.0272,0.9994,0.0203,0,0.006,-0.0202,0.9998,0,-0.0009,22.835,-2.8254,1]},
{"frame":3,"values":[0.9996,0.0274,-0.0055,0,-0.0273,0.9994,0.0203,0,0.006,-0.0202,0.9998,0,-0.0009,22.835,-2.8254,1]},
{"frame":4,"values":[0.9996,0.0274,-0.0056,0,-0.0272,0.9994,0.0204,0,0.0061,-0.0203,0.9998,0,-0.0009,22.835,-2.8254,1]},
{"frame":5,"values":[0.9996,0.0272,-0.0056,0,-0.027,0.9994,0.0204,0,0.0062,-0.0203,0.9998,0,-0.0009,22.835,-2.8254,1]},
{"frame":6,"values":[0.9996,0.027,-0.0057,0,-0.0269,0.9994,0.0203,0,0.0062,-0.0201,0.9998,0,-0.0009,22.835,-2.8254,1]},
{"frame":7,"values":[0.9996,0.0269,-0.0057,0,-0.0268,0.9994,0.0201,0,0.0062,-0.0199,0.9998,0,-0.0009,22.835,-2.8254,1]},
{"frame":8,"values":[0.9996,0.0268,-0.0057,0,-0.0267,0.9994,0.02,0,0.0063,-0.0199,0.9998,0,-0.0009,22.835,-2.8254,1]},
{"frame":9,"values":[0.9996,0.0267,-0.0058,0,-0.0265,0.9994,0.0201,0,0.0064,-0.02,0.9998,0,-0.0009,22.835,-2.8254,1]},
{"frame":10,"values":[0.9996,0.0264,-0.006,0,-0.0262,0.9994,0.0203,0,0.0065,-0.0201,0.9998,0,-0.0009,22.835,-2.8254,1]},
{"frame":11,"values":[0.9996,0.0259,-0.0061,0,-0.0258,0.9995,0.0205,0,0.0066,-0.0204,0.9998,0,-0.0009,22.835,-2.8254,1]},
{"frame":12,"values":[0.9997,0.0253,-0.0062,0,-0.0251,0.9995,0.0212,0,0.0067,-0.021,0.9998,0,-0.0009,22.835,-2.8254,1]},
{"frame":13,"values":[0.9997,0.0248,-0.0064,0,-0.0246,0.9994,0.0222,0,0.0069,-0.0221,0.9997,0,-0.0009,22.835,-2.8254,1]},
{"frame":14,"values":[0.9997,0.0243,-0.0067,0,-0.0242,0.9994,0.0237,0,0.0072,-0.0235,0.9997,0,-0.0009,22.835,-2.8254,1]},
{"frame":15,"values":[0.9997,0.0239,-0.0069,0,-0.0237,0.9994,0.0257,0,0.0075,-0.0255,0.9996,0,-0.0009,22.835,-2.8254,1]},
{"frame":16,"values":[0.9996,0.0259,-0.0072,0,-0.0257,0.9993,0.0286,0,0.0079,-0.0284,0.9996,0,-0.0009,22.835,-2.8254,1]},
{"frame":17,"values":[0.9996,0.0279,-0.0076,0,-0.0277,0.9991,0.0313,0,0.0084,-0.0311,0.9995,0,-0.0009,22.835,-2.8254,1]},
{"frame":18,"values":[0.9995,0.03,-0.0086,0,-0.0296,0.999,0.0341,0,0.0096,-0.0338,0.9994,0,-0.0009,22.835,-2.8254,1]},
{"frame":19,"values":[0.9994,0.032,-0.0101,0,-0.0316,0.9988,0.0368,0,0.0113,-0.0364,0.9993,0,-0.0009,22.835,-2.8254,1]},
{"frame":20,"values":[0.9994,0.034,-0.0116,0,-0.0335,0.9987,0.0395,0,0.0129,-0.0391,0.9992,0,-0.0009,22.835,-2.8254,1]},
{"frame":21,"values":[0.9994,0.0331,-0.0131,0,-0.0325,0.9986,0.0422,0,0.0144,-0.0417,0.999,0,-0.0009,22.835,-2.8254,1]},
{"frame":22,"values":[0.9994,0.0321,-0.0142,0,-0.0315,0.9985,0.0449,0,0.0157,-0.0444,0.9989,0,-0.0009,22.835,-2.8254,1]},
{"frame":23,"values":[0.9994,0.0312,-0.0154,0,-0.0304,0.9984,0.0476,0,0.0169,-0.0471,0.9987,0,-0.0009,22.835,-2.8254,1]},
{"frame":24,"values":[0.9994,0.0303,-0.0166,0,-0.0294,0.9983,0.0503,0,0.0181,-0.0498,0.9986,0,-0.0009,22.835,-2.8254,1]},
{"frame":25,"values":[0.9994,0.0307,-0.0178,0,-0.0297,0.9982,0.053,0,0.0194,-0.0525,0.9984,0,-0.0009,22.835,-2.8254,1]},
{"frame":26,"values":[0.9993,0.0311,-0.019,0,-0.03,0.998,0.0557,0,0.0207,-0.0551,0.9983,0,-0.0009,22.835,-2.8254,1]},
{"frame":27,"values":[0.9993,0.0315,-0.0202,0,-0.0303,0.9978,0.0584,0,0.022,-0.0578,0.9981,0,-0.0009,22.835,-2.8254,1]},
{"frame":28,"values":[0.9993,0.0314,-0.0214,0,-0.0301,0.998,0.0562,0,0.0231,-0.0556,0.9982,0,-0.0009,22.835,-2.8254,1]},
{"frame":29,"values":[0.9993,0.0312,-0.0225,0,-0.0299,0.9981,0.0541,0,0.0242,-0.0533,0.9983,0,-0.0009,22.835,-2.8254,1]},
{"frame":30,"values":[0.9992,0.031,-0.0237,0,-0.0297,0.9982,0.0519,0,0.0253,-0.0511,0.9984,0,-0.0009,22.835,-2.8254,1]},
{"frame":31,"values":[0.9992,0.0308,-0.0249,0,-0.0296,0.9983,0.0497,0,0.0264,-0.0489,0.9985,0,-0.0009,22.835,-2.8254,1]},
{"frame":32,"values":[0.9991,0.0324,-0.0261,0,-0.0311,0.9984,0.0475,0,0.0276,-0.0466,0.9985,0,-0.0009,22.835,-2.8254,1]},
{"frame":33,"values":[0.9991,0.0339,-0.0273,0,-0.0326,0.9984,0.0453,0,0.0288,-0.0444,0.9986,0,-0.0009,22.835,-2.8254,1]},
{"frame":34,"values":[0.9991,0.0353,-0.0219,0,-0.0344,0.9985,0.0432,0,0.0234,-0.0424,0.9988,0,-0.0009,22.835,-2.8254,1]},
{"frame":35,"values":[0.9992,0.0368,-0.0165,0,-0.0361,0.9985,0.041,0,0.018,-0.0404,0.999,0,-0.0009,22.835,-2.8254,1]},
{"frame":36,"values":[0.9992,0.0383,-0.0111,0,-0.0378,0.9985,0.0389,0,0.0126,-0.0384,0.9992,0,-0.0009,22.835,-2.8254,1]},
{"frame":37,"values":[0.9992,0.0398,-0.0057,0,-0.0395,0.9985,0.0367,0,0.0072,-0.0365,0.9993,0,-0.0009,22.835,-2.8254,1]},
{"frame":38,"values":[0.9991,0.0413,-0.0004,0,-0.0412,0.9986,0.0346,0,0.0018,-0.0345,0.9994,0,-0.0009,22.835,-2.8254,1]},
{"frame":39,"values":[0.9991,0.0428,0.005,0,-0.0429,0.9986,0.0324,0,-0.0036,-0.0326,0.9995,0,-0.0009,22.835,-2.8254,1]},
{"frame":40,"values":[0.999,0.0443,0.0104,0,-0.0446,0.9985,0.0302,0,-0.009,-0.0307,0.9995,0,-0.0009,22.835,-2.8254,1]},
{"frame":41,"values":[0.9988,0.0458,0.0158,0,-0.0463,0.9985,0.028,0,-0.0145,-0.0287,0.9995,0,-0.0009,22.835,-2.8254,1]},
{"frame":42,"values":[0.9987,0.0474,0.0211,0,-0.0479,0.9985,0.0258,0,-0.0199,-0.0268,0.9994,0,-0.0009,22.835,-2.8254,1]},
{"frame":43,"values":[0.9985,0.0489,0.0265,0,-0.0496,0.9985,0.0236,0,-0.0253,-0.0249,0.9994,0,-0.0009,22.835,-2.8254,1]},
{"frame":44,"values":[0.9982,0.0505,0.0319,0,-0.0512,0.9985,0.0214,0,-0.0307,-0.023,0.9993,0,-0.0009,22.835,-2.8254,1]},
{"frame":45,"values":[0.998,0.0521,0.0372,0,-0.0528,0.9984,0.0192,0,-0.0362,-0.0211,0.9991,0,-0.0009,22.835,-2.8254,1]},
{"frame":46,"values":[0.9977,0.0536,0.0426,0,-0.0544,0.9984,0.0169,0,-0.0416,-0.0192,0.999,0,-0.0009,22.835,-2.8254,1]},
{"frame":47,"values":[0.9973,0.0552,0.0479,0,-0.056,0.9983,0.0147,0,-0.047,-0.0173,0.9987,0,-0.0009,22.835,-2.8254,1]},
{"frame":48,"values":[0.997,0.0568,0.0532,0,-0.0576,0.9983,0.0124,0,-0.0524,-0.0155,0.9985,0,-0.0009,22.835,-2.8254,1]},
{"frame":49,"values":[0.997,0.0584,0.0511,0,-0.059,0.9982,0.0103,0,-0.0504,-0.0132,0.9986,0,-0.0009,22.835,-2.8254,1]},
{"frame":50,"values":[0.997,0.0599,0.0489,0,-0.0604,0.9981,0.0081,0,-0.0483,-0.011,0.9988,0,-0.0009,22.835,-2.8254,1]},
{"frame":51,"values":[0.9968,0.0614,0.0502,0,-0.0618,0.9981,0.0059,0,-0.0497,-0.009,0.9987,0,-0.0009,22.835,-2.8254,1]},
{"frame":52,"values":[0.9967,0.063,0.0515,0,-0.0632,0.998,0.0037,0,-0.0511,-0.0069,0.9987,0,-0.0009,22.835,-2.8254,1]},
{"frame":53,"values":[0.9965,0.0645,0.0528,0,-0.0647,0.9979,0.0015,0,-0.0526,-0.0049,0.9986,0,-0.0009,22.835,-2.8254,1]},
{"frame":54,"values":[0.9965,0.066,0.0518,0,-0.0662,0.9978,0.0015,0,-0.0516,-0.0049,0.9987,0,-0.0009,22.835,-2.8254,1]},
{"frame":55,"values":[0.9964,0.0676,0.0508,0,-0.0677,0.9977,0.0015,0,-0.0506,-0.005,0.9987,0,-0.0009,22.835,-2.8254,1]},
{"frame":56,"values":[0.9964,0.0691,0.0498,0,-0.0693,0.9976,0.0014,0,-0.0496,-0.0048,0.9988,0,-0.0009,22.835,-2.8254,1]},
{"frame":57,"values":[0.9963,0.0706,0.0489,0,-0.0708,0.9975,0.0012,0,-0.0487,-0.0047,0.9988,0,-0.0009,22.835,-2.8254,1]},
{"frame":58,"values":[0.9962,0.0722,0.0479,0,-0.0724,0.9974,0.0029,0,-0.0476,-0.0063,0.9988,0,-0.0009,22.835,-2.8254,1]},
{"frame":59,"values":[0.9962,0.0737,0.0469,0,-0.074,0.9972,0.0045,0,-0.0465,-0.008,0.9989,0,-0.0009,22.835,-2.8254,1]},
{"frame":60,"values":[0.9964,0.0717,0.046,0,-0.072,0.9974,0.0062,0,-0.0454,-0.0095,0.9989,0,-0.0009,22.835,-2.8254,1]},
{"frame":61,"values":[0.9965,0.0696,0.047,0,-0.0701,0.9975,0.0078,0,-0.0463,-0.0111,0.9989,0,-0.0009,22.835,-2.8254,1]},
{"frame":62,"values":[0.9966,0.0676,0.048,0,-0.0681,0.9976,0.0095,0,-0.0472,-0.0127,0.9988,0,-0.0009,22.835,-2.8254,1]},
{"frame":63,"values":[0.9969,0.0655,0.0447,0,-0.0661,0.9978,0.0112,0,-0.0439,-0.0141,0.9989,0,-0.0009,22.835,-2.8254,1]},
{"frame":64,"values":[0.9971,0.0635,0.0414,0,-0.0641,0.9979,0.0128,0,-0.0405,-0.0155,0.9991,0,-0.0009,22.835,-2.8254,1]},
{"frame":65,"values":[0.9974,0.0614,0.0381,0,-0.062,0.998,0.0126,0,-0.0373,-0.0149,0.9992,0,-0.0009,22.835,-2.8254,1]},
{"frame":66,"values":[0.9976,0.0594,0.0349,0,-0.0599,0.9981,0.0138,0,-0.034,-0.0158,0.9993,0,-0.0009,22.835,-2.8254,1]},
{"frame":67,"values":[0.9979,0.0573,0.0316,0,-0.0578,0.9982,0.015,0,-0.0307,-0.0168,0.9994,0,-0.0009,22.835,-2.8254,1]},
{"frame":68,"values":[0.9981,0.0553,0.0283,0,-0.0557,0.9983,0.0162,0,-0.0274,-0.0178,0.9995,0,-0.0009,22.835,-2.8254,1]},
{"frame":69,"values":[0.9983,0.0532,0.0251,0,-0.0537,0.9984,0.0174,0,-0.0241,-0.0187,0.9995,0,-0.0009,22.835,-2.8254,1]},
{"frame":70,"values":[0.9985,0.0512,0.0218,0,-0.0516,0.9985,0.0186,0,-0.0208,-0.0197,0.9996,0,-0.0009,22.835,-2.8254,1]},
{"frame":71,"values":[0.9986,0.0491,0.0185,0,-0.0495,0.9986,0.0198,0,-0.0175,-0.0207,0.9996,0,-0.0009,22.835,-2.8254,1]},
{"frame":72,"values":[0.9988,0.0471,0.0152,0,-0.0474,0.9987,0.021,0,-0.0142,-0.0217,0.9997,0,-0.0009,22.835,-2.8254,1]},
{"frame":73,"values":[0.9989,0.045,0.012,0,-0.0453,0.9987,0.0222,0,-0.0109,-0.0227,0.9997,0,-0.0009,22.835,-2.8254,1]},
{"frame":74,"values":[0.999,0.043,0.0087,0,-0.0432,0.9988,0.0234,0,-0.0076,-0.0237,0.9997,0,-0.0009,22.835,-2.8254,1]},
{"frame":75,"values":[0.9991,0.041,0.0054,0,-0.0411,0.9989,0.0245,0,-0.0044,-0.0247,0.9997,0,-0.0009,22.835,-2.8254,1]},
{"frame":76,"values":[0.9992,0.0389,0.0021,0,-0.039,0.9989,0.0242,0,-0.0012,-0.0242,0.9997,0,-0.0009,22.835,-2.8254,1]},
{"frame":77,"values":[0.9993,0.0369,-0.0012,0,-0.0368,0.999,0.0238,0,0.0021,-0.0237,0.9997,0,-0.0009,22.835,-2.8254,1]},
{"frame":78,"values":[0.9994,0.0348,-0.0009,0,-0.0348,0.9991,0.0234,0,0.0017,-0.0233,0.9997,0,-0.0009,22.835,-2.8254,1]},
{"frame":79,"values":[0.9995,0.0328,-0.0007,0,-0.0327,0.9992,0.023,0,0.0014,-0.0229,0.9997,0,-0.0009,22.835,-2.8254,1]},
{"frame":80,"values":[0.9995,0.0307,-0.0004,0,-0.0307,0.9993,0.0226,0,0.0011,-0.0226,0.9997,0,-0.0009,22.835,-2.8254,1]},
{"frame":81,"values":[0.9996,0.0287,-0.0009,0,-0.0286,0.9993,0.0222,0,0.0016,-0.0222,0.9998,0,-0.0009,22.835,-2.8254,1]},
{"frame":82,"values":[0.9996,0.0266,-0.0014,0,-0.0266,0.9994,0.0218,0,0.002,-0.0217,0.9998,0,-0.0009,22.835,-2.8254,1]},
{"frame":83,"values":[0.9997,0.0245,-0.0019,0,-0.0245,0.9995,0.0214,0,0.0025,-0.0213,0.9998,0,-0.0009,22.835,-2.8254,1]},
{"frame":84,"values":[0.9997,0.0225,-0.0025,0,-0.0224,0.9995,0.021,0,0.0029,-0.0209,0.9998,0,-0.0009,22.835,-2.8254,1]},
{"frame":85,"values":[0.9998,0.0204,-0.003,0,-0.0204,0.9996,0.0206,0,0.0034,-0.0205,0.9998,0,-0.0009,22.835,-2.8254,1]},
{"frame":86,"values":[0.9998,0.0207,-0.0035,0,-0.0206,0.9996,0.0202,0,0.0039,-0.0201,0.9998,0,-0.0009,22.835,-2.8254,1]},
{"frame":87,"values":[0.9998,0.0209,-0.0034,0,-0.0209,0.9996,0.0204,0,0.0038,-0.0203,0.9998,0,-0.0009,22.835,-2.8254,1]},
{"frame":88,"values":[0.9998,0.0212,-0.0037,0,-0.0211,0.9996,0.0206,0,0.0041,-0.0205,0.9998,0,-0.0009,22.835,-2.8254,1]},
{"frame":89,"values":[0.9998,0.0214,-0.004,0,-0.0213,0.9996,0.0207,0,0.0044,-0.0207,0.9998,0,-0.0009,22.835,-2.8254,1]},
