{"producer":{"name":"Blender","version":"2.79 (sub 0)","exporter_version":"5.6.4","file":"prayinggesture.babylon"},
"autoClear":true,"clearColor":[0.0509,0.0509,0.0509],"ambientColor":[0,0,0],"gravity":[0,-9.81,0],
"materials":[{"name":"prayinggesture.Material","id":"prayinggesture.Material","ambient":[0,0,0],"diffuse":[0,0,0],"specular":[0,0,0],"emissive":[0,0,0],"specularPower":50,"alpha":0.001,"backFaceCulling":true,"checkReadyOnlyOnce":false,"maxSimultaneousLights":4}],
"multiMaterials":[],
"skeletons":[{"name":"Armature","id":0,"dimensionsAtRest":[379.1952,391.6652,55.677],"bones":[
{"name":"mixamorig:Hips","index":0,"matrix":[0.9994,0.0136,-0.0307,0,-0.012,0.9984,0.0546,0,-0.0314,0.0542,-0.998,0,-0.3277,197.1279,-7.3087,1],"rest":[1,0,0,0,0,1,0,0,0,0,-1,0,0,201.6394,0,1],"parentBoneIndex":-1,"length":21.6784
,"animation":{"dataType":3,"framePerSecond":24,"keys":[
{"frame":1,"values":[0.9994,0.0136,-0.0307,0,-0.012,0.9984,0.0546,0,-0.0314,0.0542,-0.998,0,-0.3277,197.1278,-7.3087,1]},
{"frame":2,"values":[0.9994,0.0132,-0.0319,0,-0.0115,0.9985,0.053,0,-0.0326,0.0526,-0.9981,0,-0.2965,197.1928,-7.2649,1]},
{"frame":3,"values":[0.9994,0.0124,-0.0328,0,-0.0107,0.9986,0.0513,0,-0.0334,0.0509,-0.9981,0,-0.2515,197.266,-7.1406,1]},
{"frame":4,"values":[0.9994,0.0114,-0.0337,0,-0.0097,0.9987,0.0504,0,-0.0342,0.05,-0.9982,0,-0.1911,197.3594,-6.8859,1]},
{"frame":5,"values":[0.9994,0.0108,-0.0339,0,-0.0091,0.9987,0.05,0,-0.0344,0.0497,-0.9982,0,-0.145,197.4475,-6.5422,1]},
{"frame":6,"values":[0.9994,0.0111,-0.0326,0,-0.0095,0.9987,0.0493,0,-0.0331,0.0489,-0.9983,0,-0.111,197.5023,-5.9558,1]},
{"frame":7,"values":[0.9995,0.0118,-0.0304,0,-0.0103,0.9988,0.0479,0,-0.0309,0.0475,-0.9984,0,-0.0674,197.5158,-5.3694,1]},
{"frame":8,"values":[0.9995,0.012,-0.0287,0,-0.0107,0.9988,0.0469,0,-0.0293,0.0465,-0.9985,0,-0.0144,197.507,-4.783,1]},
{"frame":9,"values":[0.9995,0.0117,-0.0281,0,-0.0103,0.9988,0.0478,0,-0.0286,0.0475,-0.9985,0,0.0205,197.5031,-4.1967,1]},
{"frame":10,"values":[0.9995,0.0111,-0.0279,0,-0.0097,0.9987,0.0507,0,-0.0284,0.0504,-0.9983,0,0.0554,197.5073,-3.6103,1]},
{"frame":11,"values":[0.9996,0.011,-0.0278,0,-0.0095,0.9985,0.0536,0,-0.0283,0.0533,-0.9982,0,0.0903,197.5018,-3.0239,1]},
{"frame":12,"values":[0.9996,0.011,-0.0278,0,-0.0095,0.9984,0.0564,0,-0.0284,0.0561,-0.998,0,0.1252,197.482,-2.4375,1]},
{"frame":13,"values":[0.9996,0.0109,-0.0279,0,-0.0092,0.9982,0.0592,0,-0.0285,0.059,-0.9979,0,0.1601,197.4702,-1.8511,1]},
{"frame":14,"values":[0.9996,0.0101,-0.0277,0,-0.0083,0.998,0.0621,0,-0.0282,0.0618,-0.9977,0,0.1186,197.4583,-1.2648,1]},
{"frame":15,"values":[0.9996,0.0089,-0.0264,0,-0.0071,0.9979,0.0649,0,-0.027,0.0647,-0.9975,0,0.077,197.4651,-0.6784,1]},
{"frame":16,"values":[0.9997,0.0086,-0.0234,0,-0.007,0.9977,0.0678,0,-0.0239,0.0676,-0.9974,0,0.0355,197.472,-0.092,1]},
{"frame":17,"values":[0.9997,0.0099,-0.021,0,-0.0084,0.9975,0.0706,0,-0.0217,0.0704,-0.9973,0,-0.006,197.4788,0.4944,1]},
{"frame":18,"values":[0.9998,0.0112,-0.0187,0,-0.0099,0.9975,0.0699,0,-0.0194,0.0697,-0.9974,0,-0.0475,197.4856,1.0808,1]},
{"frame":19,"values":[0.9998,0.0112,-0.0164,0,-0.01,0.9976,0.0692,0,-0.0171,0.069,-0.9975,0,-0.089,197.4925,1.6671,1]},
{"frame":20,"values":[0.9998,0.0103,-0.014,0,-0.0092,0.9972,0.0742,0,-0.0148,0.074,-0.9971,0,-0.1306,197.4639,2.2535,1]},
{"frame":21,"values":[0.9999,0.0093,-0.0117,0,-0.0084,0.9968,0.0792,0,-0.0124,0.0791,-0.9968,0,-0.1721,197.4354,2.8399,1]},
{"frame":22,"values":[0.9999,0.0084,-0.0094,0,-0.0076,0.9964,0.0842,0,-0.0101,0.0841,-0.9964,0,-0.2136,197.4069,3.4263,1]},
{"frame":23,"values":[0.9999,0.0074,-0.0071,0,-0.0068,0.996,0.0892,0,-0.0077,0.0891,-0.996,0,-0.1415,197.3784,4.0127,1]},
{"frame":24,"values":[0.9999,0.0065,-0.0091,0,-0.0056,0.9955,0.0942,0,-0.0096,0.0941,-0.9955,0,-0.0694,197.3498,4.599,1]},
{"frame":25,"values":[0.9999,0.0078,-0.0111,0,-0.0067,0.995,0.0992,0,-0.0118,0.0991,-0.995,0,0.0026,197.3213,5.1854,1]},
{"frame":26,"values":[0.9999,0.0091,-0.0131,0,-0.0077,0.9945,0.1042,0,-0.014,0.104,-0.9945,0,0.0747,197.2928,5.7718,1]},
{"frame":27,"values":[0.9998,0.0104,-0.0151,0,-0.0087,0.994,0.1091,0,-0.0161,0.109,-0.9939,0,0.1468,197.2642,6.3582,1]},
{"frame":28,"values":[0.9998,0.0118,-0.0171,0,-0.0098,0.9934,0.1141,0,-0.0183,0.1139,-0.9933,0,0.2189,197.2357,6.9446,1]},
{"frame":29,"values":[0.9997,0.0131,-0.0191,0,-0.0108,0.9928,0.1191,0,-0.0205,0.1189,-0.9927,0,0.2909,197.2072,7.5309,1]},
{"frame":30,"values":[0.9997,0.0144,-0.0211,0,-0.0117,0.9922,0.1241,0,-0.0227,0.1238,-0.992,0,0.363,197.2122,8.1173,1]},
{"frame":31,"values":[0.9997,0.0158,-0.0203,0,-0.013,0.9916,0.1291,0,-0.0222,0.1288,-0.9914,0,0.4351,197.2173,8.7037,1]},
{"frame":32,"values":[0.9997,0.0171,-0.0196,0,-0.0143,0.9909,0.134,0,-0.0217,0.1337,-0.9908,0,0.5072,197.1837,9.2901,1]},
{"frame":33,"values":[0.9997,0.0184,-0.0188,0,-0.0156,0.9902,0.139,0,-0.0212,0.1387,-0.9901,0,0.5792,197.15,9.8765,1]},
{"frame":34,"values":[0.9996,0.0197,-0.0181,0,-0.0169,0.9894,0.144,0,-0.0207,0.1436,-0.9894,0,0.6513,197.1164,10.4628,1]},
{"frame":35,"values":[0.9996,0.0192,-0.0198,0,-0.0161,0.9887,0.1489,0,-0.0224,0.1486,-0.9886,0,0.7234,197.0828,11.0492,1]},
{"frame":36,"values":[0.9996,0.0187,-0.0214,0,-0.0152,0.988,0.1539,0,-0.0241,0.1535,-0.9879,0,0.7955,197.0492,10.6123,1]},
{"frame":37,"values":[0.9996,0.0182,-0.0231,0,-0.0143,0.9872,0.1589,0,-0.0257,0.1585,-0.987,0,0.8675,197.0156,10.1754,1]},
{"frame":38,"values":[0.9995,0.0177,-0.0248,0,-0.0134,0.9864,0.1638,0,-0.0274,0.1634,-0.9862,0,0.9396,196.982,9.7385,1]},
{"frame":39,"values":[0.9995,0.0172,-0.0265,0,-0.0125,0.9856,0.1687,0,-0.029,0.1683,-0.9853,0,1.0117,196.9484,9.3015,1]},
{"frame":40,"values":[0.9995,0.0167,-0.0281,0,-0.0116,0.9847,0.1737,0,-0.0306,0.1733,-0.9844,0,0.9351,196.9148,8.8646,1]},
{"frame":41,"values":[0.9994,0.0162,-0.0298,0,-0.0106,0.9839,0.1786,0,-0.0322,0.1782,-0.9835,0,0.8585,196.8812,8.4277,1]},
{"frame":42,"values":[0.9994,0.0157,-0.0315,0,-0.0097,0.983,0.1835,0,-0.0338,0.1831,-0.9825,0,0.7819,196.8476,7.9908,1]},
{"frame":43,"values":[0.9993,0.0152,-0.0332,0,-0.009,0.9837,0.1797,0,-0.0354,0.1793,-0.9832,0,0.7053,196.814,7.5539,1]},
{"frame":44,"values":[0.9993,0.0147,-0.0348,0,-0.0084,0.9844,0.1758,0,-0.0369,0.1754,-0.9838,0,0.6287,196.7804,7.1169,1]},
{"frame":45,"values":[0.9992,0.0142,-0.0365,0,-0.0077,0.9851,0.172,0,-0.0384,0.1715,-0.9844,0,0.5521,196.7468,6.68,1]},
{"frame":46,"values":[0.9993,0.0137,-0.0339,0,-0.0078,0.9857,0.1681,0,-0.0357,0.1677,-0.9852,0,0.4755,196.7132,6.2431,1]},
{"frame":47,"values":[0.9994,0.0132,-0.0312,0,-0.0079,0.9864,0.1643,0,-0.033,0.1639,-0.9859,0,0.3989,196.6796,5.8062,1]},
{"frame":48,"values":[0.9995,0.0127,-0.0286,0,-0.0079,0.987,0.1604,0,-0.0302,0.1601,-0.9866,0,0.3223,196.646,5.3693,1]},
{"frame":49,"values":[0.9996,0.0122,-0.0259,0,-0.008,0.9876,0.1566,0,-0.0275,0.1563,-0.9873,0,0.2457,196.6124,4.9324,1]},
{"frame":50,"values":[0.9997,0.0117,-0.0233,0,-0.008,0.9882,0.1527,0,-0.0248,0.1525,-0.988,0,0.1691,196.5788,4.4954,1]},
{"frame":51,"values":[0.9997,0.0112,-0.0206,0,-0.008,0.9888,0.1489,0,-0.0221,0.1487,-0.9886,0,0.0925,196.5452,4.0585,1]},
{"frame":52,"values":[0.9998,0.0107,-0.018,0,-0.008,0.9894,0.145,0,-0.0194,0.1449,-0.9893,0,0.0159,196.5116,3.6216,1]},
{"frame":53,"values":[0.9998,0.011,-0.0153,0,-0.0087,0.9899,0.1412,0,-0.0167,0.141,-0.9899,0,-0.0607,196.478,3.1847,1]},
{"frame":54,"values":[0.9999,0.0112,-0.0127,0,-0.0094,0.9905,0.1373,0,-0.0141,0.1372,-0.9904,0,-0.1372,196.4444,2.7478,1]},
{"frame":55,"values":[0.9999,0.0109,-0.01,0,-0.0095,0.991,0.1334,0,-0.0114,0.1333,-0.991,0,-0.2138,196.4108,2.3108,1]},
{"frame":56,"values":[0.9999,0.0106,-0.0101,0,-0.0092,0.9915,0.1296,0,-0.0114,0.1295,-0.9915,0,-0.2904,196.3772,1.8739,1]},
{"frame":57,"values":[0.9999,0.0103,-0.01,0,-0.009,0.992,0.1257,0,-0.0113,0.1256,-0.992,0,-0.367,196.3435,1.437,1]},
{"frame":58,"values":[0.9999,0.011,-0.01,0,-0.0097,0.9925,0.1218,0,-0.0113,0.1217,-0.9925,0,-0.4436,196.3099,1.0001,1]},
{"frame":59,"values":[0.9999,0.0116,-0.011,0,-0.0103,0.993,0.1179,0,-0.0123,0.1178,-0.993,0,-0.5202,196.2763,0.5632,1]},
{"frame":60,"values":[0.9999,0.0123,-0.0119,0,-0.0109,0.9934,0.114,0,-0.0133,0.1139,-0.9934,0,-0.5968,196.2427,0.1262,1]},
{"frame":61,"values":[0.9998,0.0121,-0.0129,0,-0.0106,0.9939,0.1102,0,-0.0142,0.11,-0.9938,0,-0.6734,196.2091,-0.3107,1]},
{"frame":62,"values":[0.9998,0.012,-0.0139,0,-0.0104,0.9943,0.1063,0,-0.0151,0.1061,-0.9942,0,-0.75,196.1755,-0.7476,1]},
{"frame":63,"values":[0.9998,0.0125,-0.0148,0,-0.011,0.9947,0.1024,0,-0.0161,0.1022,-0.9946,0,-0.8266,196.1419,-1.1845,1]},
{"frame":64,"values":[0.9998,0.0131,-0.0158,0,-0.0115,0.9951,0.0985,0,-0.017,0.0983,-0.995,0,-0.9032,196.1083,-1.6214,1]},
{"frame":65,"values":[0.9998,0.0123,-0.0168,0,-0.0107,0.9955,0.0946,0,-0.0179,0.0944,-0.9954,0,-0.9798,196.0747,-2.0584,1]},
{"frame":66,"values":[0.9998,0.0116,-0.0178,0,-0.0099,0.9958,0.0907,0,-0.0187,0.0905,-0.9957,0,-1.0564,196.0411,-2.4953,1]},
{"frame":67,"values":[0.9998,0.0108,-0.0187,0,-0.0091,0.9962,0.0868,0,-0.0196,0.0866,-0.996,0,-0.9925,196.0075,-2.9322,1]},
{"frame":68,"values":[0.9998,0.01,-0.0197,0,-0.0084,0.9965,0.0829,0,-0.0205,0.0827,-0.9964,0,-0.9286,195.9739,-3.3691,1]},
{"frame":69,"values":[0.9997,0.0093,-0.0207,0,-0.0076,0.9968,0.079,0,-0.0213,0.0789,-0.9967,0,-0.8647,195.9403,-3.806,1]},
{"frame":70,"values":[0.9998,0.0085,-0.0187,0,-0.0071,0.9971,0.0751,0,-0.0192,0.075,-0.997,0,-0.8009,196.0792,-4.243,1]},
{"frame":71,"values":[0.9998,0.0092,-0.0167,0,-0.008,0.9974,0.0712,0,-0.0173,0.0711,-0.9973,0,-0.737,196.2181,-4.6799,1]},
{"frame":72,"values":[0.9998,0.01,-0.0147,0,-0.009,0.9977,0.0673,0,-0.0153,0.0672,-0.9976,0,-0.6731,196.357,-5.1168,1]},
{"frame":73,"values":[0.9999,0.0107,-0.0127,0,-0.0099,0.9979,0.0634,0,-0.0133,0.0633,-0.9979,0,-0.6092,196.4959,-5.5537,1]},
{"frame":74,"values":[0.9998,0.0115,-0.0167,0,-0.0105,0.9982,0.0595,0,-0.0174,0.0594,-0.9981,0,-0.5453,196.6349,-5.9906,1]},
{"frame":75,"values":[0.9997,0.0122,-0.0208,0,-0.0111,0.9984,0.0556,0,-0.0214,0.0554,-0.9982,0,-0.4814,196.7738,-6.4276,1]},
{"frame":76,"values":[0.9996,0.013,-0.0248,0,-0.0116,0.9984,0.0559,0,-0.0255,0.0556,-0.9981,0,-0.4176,196.9127,-6.8645,1]},
{"frame":77,"values":[0.9995,0.0137,-0.0289,0,-0.0121,0.9984,0.0557,0,-0.0296,0.0553,-0.998,0,-0.3537,197.0516,-7.3014,1]},
{"frame":78,"values":[0.9994,0.0136,-0.0307,0,-0.012,0.9984,0.0546,0,-0.0314,0.0542,-0.998,0,-0.3277,197.1279,-7.3087,1]}],"loopBehavior":1,"name":"anim","property":"_matrix"}},
{"name":"mixamorig:Spine","index":1,"matrix":[0.9999,-0.0121,0.0078,0,0.0124,0.9995,-0.0293,0,-0.0074,0.0294,0.9995,0,0.0062,19.525,-2.4818,1],"rest":[1,0,0,0,0,1,0,0,0,0,1,0,0.0062,19.525,-2.4818,1],"parentBoneIndex":0,"length":23.0091
,"animation":{"dataType":3,"framePerSecond":24,"keys":[
{"frame":1,"values":[0.9999,-0.0121,0.0078,0,0.0124,0.9995,-0.0293,0,-0.0074,0.0294,0.9995,0,0.0062,19.525,-2.4818,1]},
{"frame":2,"values":[0.9999,-0.0121,0.0074,0,0.0123,0.9996,-0.0273,0,-0.0071,0.0274,0.9996,0,0.0062,19.525,-2.4818,1]},
{"frame":3,"values":[0.9999,-0.0118,0.0074,0,0.012,0.9996,-0.0252,0,-0.0071,0.0253,0.9997,0,0.0062,19.525,-2.4818,1]},
{"frame":4,"values":[0.9999,-0.0113,0.0079,0,0.0115,0.9997,-0.0229,0,-0.0077,0.023,0.9997,0,0.0062,19.525,-2.4818,1]},
{"frame":5,"values":[0.9999,-0.0107,0.0088,0,0.0109,0.9997,-0.0207,0,-0.0085,0.0208,0.9997,0,0.0062,19.525,-2.4818,1]},
{"frame":6,"values":[0.9999,-0.0103,0.0097,0,0.0105,0.9998,-0.0191,0,-0.0095,0.0192,0.9998,0,0.0062,19.525,-2.4818,1]},
{"frame":7,"values":[0.9999,-0.01,0.0108,0,0.0102,0.9998,-0.0181,0,-0.0106,0.0183,0.9998,0,0.0062,19.525,-2.4818,1]},
{"frame":8,"values":[0.9999,-0.0095,0.0121,0,0.0097,0.9998,-0.0178,0,-0.012,0.0179,0.9998,0,0.0062,19.525,-2.4818,1]},
{"frame":9,"values":[0.9999,-0.009,0.0132,0,0.0092,0.9998,-0.0174,0,-0.013,0.0175,0.9998,0,0.0062,19.525,-2.4818,1]},
{"frame":10,"values":[0.9999,-0.0086,0.0138,0,0.0088,0.9998,-0.0167,0,-0.0137,0.0168,0.9998,0,0.0062,19.525,-2.4818,1]},
{"frame":11,"values":[0.9999,-0.0082,0.0141,0,0.0084,0.9998,-0.0165,0,-0.014,0.0166,0.9998,0,0.0062,19.525,-2.4818,1]},
{"frame":12,"values":[0.9999,-0.0074,0.0145,0,0.0077,0.9998,-0.0168,0,-0.0144,0.0169,0.9998,0,0.0062,19.525,-2.4818,1]},
{"frame":13,"values":[0.9999,-0.006,0.0153,0,0.0063,0.9998,-0.017,0,-0.0152,0.0171,0.9997,0,0.0062,19.525,-2.4818,1]},
{"frame":14,"values":[0.9999,-0.0052,0.016,0,0.0055,0.9998,-0.017,0,-0.0159,0.0171,0.9997,0,0.0062,19.525,-2.4818,1]},
{"frame":15,"values":[0.9999,-0.0045,0.016,0,0.0047,0.9998,-0.0173,0,-0.0159,0.0173,0.9997,0,0.0062,19.525,-2.4818,1]},
{"frame":16,"values":[0.9999,-0.0053,0.0154,0,0.0055,0.9998,-0.0176,0,-0.0153,0.0177,0.9997,0,0.0062,19.525,-2.4818,1]},
{"frame":17,"values":[0.9999,-0.0061,0.0147,0,0.0064,0.9998,-0.0184,0,-0.0146,0.0185,0.9997,0,0.0062,19.525,-2.4818,1]},
{"frame":18,"values":[0.9999,-0.0069,0.0141,0,0.0072,0.9998,-0.0191,0,-0.014,0.0192,0.9997,0,0.0062,19.525,-2.4818,1]},
{"frame":19,"values":[0.9999,-0.0077,0.0134,0,0.008,0.9998,-0.0199,0,-0.0133,0.02,0.9997,0,0.0062,19.525,-2.4818,1]},
{"frame":20,"values":[0.9999,-0.0085,0.0128,0,0.0088,0.9997,-0.0206,0,-0.0126,0.0207,0.9997,0,0.0062,19.525,-2.4818,1]},
{"frame":21,"values":[0.9999,-0.0093,0.0121,0,0.0096,0.9997,-0.0214,0,-0.0119,0.0215,0.9997,0,0.0062,19.525,-2.4818,1]},
{"frame":22,"values":[0.9999,-0.0101,0.0115,0,0.0104,0.9997,-0.0222,0,-0.0112,0.0223,0.9997,0,0.0062,19.525,-2.4818,1]},
{"frame":23,"values":[0.9999,-0.0109,0.0108,0,0.0112,0.9997,-0.0229,0,-0.0105,0.023,0.9997,0,0.0062,19.525,-2.4818,1]},
{"frame":24,"values":[0.9999,-0.0117,0.0101,0,0.012,0.9996,-0.0237,0,-0.0099,0.0238,0.9997,0,0.0062,19.525,-2.4818,1]},
{"frame":25,"values":[0.9999,-0.0125,0.0095,0,0.0128,0.9996,-0.0244,0,-0.0092,0.0246,0.9997,0,0.0062,19.525,-2.4818,1]},
{"frame":26,"values":[0.9999,-0.0134,0.0088,0,0.0136,0.9996,-0.0244,0,-0.0085,0.0246,0.9997,0,0.0062,19.525,-2.4818,1]},
{"frame":27,"values":[0.9999,-0.0142,0.0082,0,0.0144,0.9996,-0.0246,0,-0.0078,0.0247,0.9997,0,0.0062,19.525,-2.4818,1]},
{"frame":28,"values":[0.9999,-0.015,0.0075,0,0.0151,0.9996,-0.0248,0,-0.0071,0.0249,0.9997,0,0.0062,19.525,-2.4818,1]},
{"frame":29,"values":[0.9999,-0.0158,0.0069,0,0.0159,0.9996,-0.0241,0,-0.0065,0.0242,0.9997,0,0.0062,19.525,-2.4818,1]},
{"frame":30,"values":[0.9998,-0.0166,0.0062,0,0.0167,0.9996,-0.0234,0,-0.0058,0.0235,0.9997,0,0.0062,19.525,-2.4818,1]},
{"frame":31,"values":[0.9999,-0.0157,0.0055,0,0.0158,0.9996,-0.0227,0,-0.0052,0.0228,0.9997,0,0.0062,19.525,-2.4818,1]},
{"frame":32,"values":[0.9999,-0.0148,0.0059,0,0.015,0.9996,-0.022,0,-0.0055,0.0221,0.9997,0,0.0062,19.525,-2.4818,1]},
{"frame":33,"values":[0.9999,-0.014,0.0057,0,0.0141,0.9996,-0.0238,0,-0.0053,0.0239,0.9997,0,0.0062,19.525,-2.4818,1]},
{"frame":34,"values":[0.9999,-0.0144,0.0054,0,0.0146,0.9996,-0.0256,0,-0.0051,0.0256,0.9997,0,0.0062,19.525,-2.4818,1]},
{"frame":35,"values":[0.9999,-0.0149,0.0052,0,0.015,0.9995,-0.0273,0,-0.0048,0.0274,0.9996,0,0.0062,19.525,-2.4818,1]},
{"frame":36,"values":[0.9999,-0.0153,0.005,0,0.0155,0.9995,-0.0291,0,-0.0046,0.0292,0.9996,0,0.0062,19.525,-2.4818,1]},
{"frame":37,"values":[0.9999,-0.0143,0.0057,0,0.0145,0.9994,-0.0309,0,-0.0053,0.031,0.9995,0,0.0062,19.525,-2.4818,1]},
{"frame":38,"values":[0.9999,-0.0133,0.0064,0,0.0135,0.9994,-0.0326,0,-0.006,0.0327,0.9994,0,0.0062,19.525,-2.4818,1]},
{"frame":39,"values":[0.9999,-0.0123,0.0071,0,0.0126,0.9993,-0.0344,0,-0.0067,0.0345,0.9994,0,0.0062,19.525,-2.4818,1]},
{"frame":40,"values":[0.9999,-0.0113,0.0078,0,0.0116,0.9993,-0.0362,0,-0.0074,0.0363,0.9993,0,0.0062,19.525,-2.4818,1]},
{"frame":41,"values":[0.9999,-0.0103,0.0085,0,0.0106,0.9992,-0.038,0,-0.0081,0.038,0.9992,0,0.0062,19.525,-2.4818,1]},
{"frame":42,"values":[0.9999,-0.0093,0.0092,0,0.0097,0.9992,-0.0397,0,-0.0088,0.0398,0.9992,0,0.0062,19.525,-2.4818,1]},
{"frame":43,"values":[0.9999,-0.0083,0.0099,0,0.0087,0.9991,-0.0415,0,-0.0096,0.0416,0.9991,0,0.0062,19.525,-2.4818,1]},
{"frame":44,"values":[0.9999,-0.0086,0.0095,0,0.009,0.999,-0.0433,0,-0.0091,0.0434,0.999,0,0.0062,19.525,-2.4818,1]},
{"frame":45,"values":[0.9999,-0.0089,0.0091,0,0.0093,0.9989,-0.045,0,-0.0087,0.0451,0.9989,0,0.0062,19.525,-2.4818,1]},
{"frame":46,"values":[0.9999,-0.0092,0.0087,0,0.0096,0.9989,-0.0468,0,-0.0083,0.0469,0.9989,0,0.0062,19.525,-2.4818,1]},
{"frame":47,"values":[0.9999,-0.0095,0.0084,0,0.0099,0.9989,-0.0463,0,-0.0079,0.0464,0.9989,0,0.0062,19.525,-2.4818,1]},
{"frame":48,"values":[0.9999,-0.0098,0.008,0,0.0101,0.9989,-0.0457,0,-0.0075,0.0458,0.9989,0,0.0062,19.525,-2.4818,1]},
{"frame":49,"values":[0.9999,-0.0101,0.0076,0,0.0104,0.9989,-0.0452,0,-0.0071,0.0453,0.9989,0,0.0062,19.525,-2.4818,1]},
{"frame":50,"values":[0.9999,-0.0104,0.0072,0,0.0107,0.9989,-0.0447,0,-0.0067,0.0447,0.999,0,0.0062,19.525,-2.4818,1]},
{"frame":51,"values":[0.9999,-0.0098,0.0068,0,0.0101,0.999,-0.0441,0,-0.0064,0.0442,0.999,0,0.0062,19.525,-2.4818,1]},
{"frame":52,"values":[0.9999,-0.0093,0.0071,0,0.0096,0.999,-0.0436,0,-0.0067,0.0437,0.999,0,0.0062,19.525,-2.4818,1]},
{"frame":53,"values":[0.9999,-0.0088,0.0074,0,0.0091,0.999,-0.0431,0,-0.007,0.0431,0.999,0,0.0062,19.525,-2.4818,1]},
{"frame":54,"values":[0.9999,-0.0082,0.0077,0,0.0086,0.9991,-0.0425,0,-0.0074,0.0426,0.9991,0,0.0062,19.525,-2.4818,1]},
{"frame":55,"values":[0.9999,-0.0077,0.008,0,0.008,0.999,-0.0429,0,-0.0077,0.043,0.999,0,0.0062,19.525,-2.4818,1]},
{"frame":56,"values":[0.9999,-0.0072,0.0083,0,0.0075,0.999,-0.0433,0,-0.008,0.0434,0.999,0,0.0062,19.525,-2.4818,1]},
{"frame":57,"values":[0.9999,-0.008,0.0081,0,0.0083,0.999,-0.0437,0,-0.0078,0.0438,0.999,0,0.0062,19.525,-2.4818,1]},
{"frame":58,"values":[0.9999,-0.0087,0.008,0,0.0091,0.999,-0.0436,0,-0.0076,0.0437,0.999,0,0.0062,19.525,-2.4818,1]},
{"frame":59,"values":[0.9999,-0.0095,0.0078,0,0.0098,0.999,-0.0435,0,-0.0074,0.0436,0.999,0,0.0062,19.525,-2.4818,1]},
{"frame":60,"values":[0.9999,-0.0103,0.0076,0,0.0106,0.999,-0.0434,0,-0.0071,0.0435,0.999,0,0.0062,19.525,-2.4818,1]},
{"frame":61,"values":[0.9999,-0.0111,0.0074,0,0.0114,0.999,-0.0437,0,-0.0069,0.0438,0.999,0,0.0062,19.525,-2.4818,1]},
{"frame":62,"values":[0.9999,-0.0105,0.0082,0,0.0108,0.999,-0.044,0,-0.0078,0.0441,0.999,0,0.0062,19.525,-2.4818,1]},
{"frame":63,"values":[0.9999,-0.0099,0.0091,0,0.0103,0.999,-0.0443,0,-0.0086,0.0444,0.999,0,0.0062,19.525,-2.4818,1]},
{"frame":64,"values":[0.9999,-0.0093,0.0099,0,0.0097,0.999,-0.044,0,-0.0095,0.0441,0.999,0,0.0062,19.525,-2.4818,1]},
{"frame":65,"values":[0.9999,-0.0087,0.0107,0,0.0092,0.999,-0.0436,0,-0.0103,0.0437,0.999,0,0.0062,19.525,-2.4818,1]},
{"frame":66,"values":[0.9999,-0.0082,0.0115,0,0.0086,0.999,-0.0433,0,-0.0112,0.0434,0.999,0,0.0062,19.525,-2.4818,1]},
{"frame":67,"values":[0.9999,-0.0076,0.0111,0,0.008,0.999,-0.0436,0,-0.0107,0.0437,0.999,0,0.0062,19.525,-2.4818,1]},
{"frame":68,"values":[0.9999,-0.008,0.0106,0,0.0085,0.999,-0.0438,0,-0.0103,0.0439,0.999,0,0.0062,19.525,-2.4818,1]},
{"frame":69,"values":[0.9999,-0.0085,0.0102,0,0.0089,0.9991,-0.0424,0,-0.0098,0.0425,0.999,0,0.0062,19.525,-2.4818,1]},
{"frame":70,"values":[0.9999,-0.0089,0.0097,0,0.0093,0.9991,-0.041,0,-0.0094,0.0411,0.9991,0,0.0062,19.525,-2.4818,1]},
{"frame":71,"values":[0.9999,-0.0094,0.0104,0,0.0098,0.9992,-0.0396,0,-0.01,0.0397,0.9992,0,0.0062,19.525,-2.4818,1]},
{"frame":72,"values":[0.9999,-0.0098,0.0111,0,0.0102,0.9992,-0.0382,0,-0.0107,0.0383,0.9992,0,0.0062,19.525,-2.4818,1]},
{"frame":73,"values":[0.9999,-0.0103,0.0117,0,0.0107,0.9993,-0.0367,0,-0.0114,0.0369,0.9993,0,0.0062,19.525,-2.4818,1]},
{"frame":74,"values":[0.9999,-0.0107,0.0109,0,0.0111,0.9993,-0.0353,0,-0.0105,0.0354,0.9993,0,0.0062,19.525,-2.4818,1]},
{"frame":75,"values":[0.9999,-0.0112,0.0101,0,0.0115,0.9994,-0.0339,0,-0.0097,0.034,0.9994,0,0.0062,19.525,-2.4818,1]},
{"frame":76,"values":[0.9999,-0.0116,0.0092,0,0.0119,0.9994,-0.0325,0,-0.0089,0.0326,0.9994,0,0.0062,19.525,-2.4818,1]},
{"frame":77,"values":[0.9999,-0.0121,0.0084,0,0.0123,0.9994,-0.0311,0,-0.008,0.0312,0.9995,0,0.0062,19.525,-2.4818,1]},
{"frame":78,"values":[0.9999,-0.0121,0.0078,0,0.0124,0.9995,-0.0293,0,-0.0074,0.0294,0.9995,0,0.0062,19.525,-2.4818,1]}],"loopBehavior":1,"name":"anim","property":"_matrix"}},
{"name":"mixamorig:Spine1","index":2,"matrix":[0.9999,-0.0054,0.0157,0,0.0057,0.9997,-0.024,0,-0.0156,0.0241,0.9996,0,-0.0009,22.835,-2.8254,1],"rest":[1,0,0,0,0,1,0,0,0,0,1,0,-0.0009,22.835,-2.8254,1],"parentBoneIndex":1,"length":26.7438
,"animation":{"dataType":3,"framePerSecond":24,"keys":[
{"frame":1,"values":[0.9999,-0.0054,0.0157,0,0.0057,0.9997,-0.024,0,-0.0156,0.0241,0.9996,0,-0.0009,22.835,-2.8254,1]},
{"frame":2,"values":[0.9999,-0.0052,0.0151,0,0.0055,0.9998,-0.0204,0,-0.015,0.0205,0.9997,0,-0.0009,22.835,-2.8254,1]},
{"frame":3,"values":[0.9999,-0.0043,0.015,0,0.0046,0.9998,-0.0167,0,-0.015,0.0168,0.9997,0,-0.0009,22.835,-2.8254,1]},
{"frame":4,"values":[0.9999,-0.0024,0.016,0,0.0026,0.9999,-0.013,0,-0.0159,0.0131,0.9998,0,-0.0009,22.835,-2.8254,1]},
{"frame":5,"values":[0.9998,-0.0005,0.0174,0,0.0006,1,-0.0096,0,-0.0174,0.0096,0.9998,0,-0.0009,22.835,-2.8254,1]},
{"frame":6,"values":[0.9998,0.0005,0.019,0,-0.0003,1,-0.007,0,-0.019,0.007,0.9998,0,-0.0009,22.835,-2.8254,1]},
{"frame":7,"values":[0.9998,0.001,0.021,0,-0.0009,1,-0.0058,0,-0.021,0.0058,0.9998,0,-0.0009,22.835,-2.8254,1]},
{"frame":8,"values":[0.9997,0.0021,0.0233,0,-0.0019,1,-0.0055,0,-0.0233,0.0055,0.9997,0,-0.0009,22.835,-2.8254,1]},
{"frame":9,"values":[0.9997,0.0035,0.0253,0,-0.0034,1,-0.0051,0,-0.0253,0.005,0.9997,0,-0.0009,22.835,-2.8254,1]},
{"frame":10,"values":[0.9996,0.0046,0.0265,0,-0.0045,1,-0.0041,0,-0.0265,0.004,0.9996,0,-0.0009,22.835,-2.8254,1]},
{"frame":11,"values":[0.9996,0.0054,0.0272,0,-0.0053,1,-0.0038,0,-0.0272,0.0037,0.9996,0,-0.0009,22.835,-2.8254,1]},
{"frame":12,"values":[0.9996,0.0064,0.0279,0,-0.0063,1,-0.0045,0,-0.0279,0.0043,0.9996,0,-0.0009,22.835,-2.8254,1]},
{"frame":13,"values":[0.9995,0.0088,0.0293,0,-0.0087,0.9999,-0.005,0,-0.0293,0.0047,0.9996,0,-0.0009,22.835,-2.8254,1]},
{"frame":14,"values":[0.9995,0.0114,0.0306,0,-0.0112,0.9999,-0.005,0,-0.0307,0.0046,0.9995,0,-0.0009,22.835,-2.8254,1]},
{"frame":15,"values":[0.9995,0.0119,0.0307,0,-0.0118,0.9999,-0.0054,0,-0.0308,0.005,0.9995,0,-0.0009,22.835,-2.8254,1]},
{"frame":16,"values":[0.9995,0.0103,0.0296,0,-0.0101,0.9999,-0.0061,0,-0.0297,0.0058,0.9995,0,-0.0009,22.835,-2.8254,1]},
{"frame":17,"values":[0.9996,0.0087,0.0283,0,-0.0085,0.9999,-0.0073,0,-0.0284,0.0071,0.9996,0,-0.0009,22.835,-2.8254,1]},
{"frame":18,"values":[0.9996,0.007,0.027,0,-0.0068,0.9999,-0.0085,0,-0.0271,0.0083,0.9996,0,-0.0009,22.835,-2.8254,1]},
{"frame":19,"values":[0.9997,0.0054,0.0258,0,-0.0052,0.9999,-0.0097,0,-0.0258,0.0096,0.9996,0,-0.0009,22.835,-2.8254,1]},
{"frame":20,"values":[0.9997,0.0038,0.0245,0,-0.0035,0.9999,-0.0109,0,-0.0245,0.0108,0.9996,0,-0.0009,22.835,-2.8254,1]},
{"frame":21,"values":[0.9997,0.0022,0.0232,0,-0.0019,0.9999,-0.0121,0,-0.0232,0.012,0.9997,0,-0.0009,22.835,-2.8254,1]},
{"frame":22,"values":[0.9998,0.0005,0.0219,0,-0.0002,0.9999,-0.0133,0,-0.0219,0.0133,0.9997,0,-0.0009,22.835,-2.8254,1]},
{"frame":23,"values":[0.9998,-0.0011,0.0207,0,0.0014,0.9999,-0.0145,0,-0.0206,0.0145,0.9997,0,-0.0009,22.835,-2.8254,1]},
{"frame":24,"values":[0.9998,-0.0027,0.0194,0,0.003,0.9999,-0.0157,0,-0.0193,0.0157,0.9997,0,-0.0009,22.835,-2.8254,1]},
{"frame":25,"values":[0.9998,-0.0044,0.0181,0,0.0047,0.9998,-0.0169,0,-0.018,0.017,0.9997,0,-0.0009,22.835,-2.8254,1]},
{"frame":26,"values":[0.9998,-0.006,0.0169,0,0.0063,0.9998,-0.0181,0,-0.0167,0.0182,0.9997,0,-0.0009,22.835,-2.8254,1]},
{"frame":27,"values":[0.9998,-0.0076,0.0156,0,0.0079,0.9998,-0.0193,0,-0.0154,0.0194,0.9997,0,-0.0009,22.835,-2.8254,1]},
{"frame":28,"values":[0.9999,-0.0093,0.0143,0,0.0096,0.9997,-0.0205,0,-0.0141,0.0206,0.9997,0,-0.0009,22.835,-2.8254,1]},
{"frame":29,"values":[0.9999,-0.0109,0.0131,0,0.0112,0.9998,-0.019,0,-0.0128,0.0191,0.9997,0,-0.0009,22.835,-2.8254,1]},
{"frame":30,"values":[0.9999,-0.0126,0.0118,0,0.0128,0.9998,-0.0175,0,-0.0116,0.0176,0.9998,0,-0.0009,22.835,-2.8254,1]},
{"frame":31,"values":[0.9998,-0.0142,0.0105,0,0.0144,0.9998,-0.016,0,-0.0103,0.0161,0.9998,0,-0.0009,22.835,-2.8254,1]},
{"frame":32,"values":[0.9999,-0.0135,0.0107,0,0.0137,0.9998,-0.0145,0,-0.0105,0.0146,0.9998,0,-0.0009,22.835,-2.8254,1]},
{"frame":33,"values":[0.9999,-0.0129,0.0102,0,0.0131,0.9998,-0.0174,0,-0.01,0.0175,0.9998,0,-0.0009,22.835,-2.8254,1]},
{"frame":34,"values":[0.9999,-0.0136,0.0096,0,0.0138,0.9997,-0.0203,0,-0.0094,0.0204,0.9997,0,-0.0009,22.835,-2.8254,1]},
{"frame":35,"values":[0.9999,-0.0142,0.0091,0,0.0145,0.9996,-0.0231,0,-0.0088,0.0233,0.9997,0,-0.0009,22.835,-2.8254,1]},
{"frame":36,"values":[0.9999,-0.0149,0.0086,0,0.0152,0.9995,-0.026,0,-0.0082,0.0262,0.9996,0,-0.0009,22.835,-2.8254,1]},
{"frame":37,"values":[0.9999,-0.013,0.0099,0,0.0133,0.9995,-0.0289,0,-0.0095,0.029,0.9995,0,-0.0009,22.835,-2.8254,1]},
{"frame":38,"values":[0.9999,-0.0111,0.0112,0,0.0114,0.9994,-0.0318,0,-0.0109,0.0319,0.9994,0,-0.0009,22.835,-2.8254,1]},
{"frame":39,"values":[0.9999,-0.0091,0.0126,0,0.0095,0.9994,-0.0347,0,-0.0122,0.0348,0.9993,0,-0.0009,22.835,-2.8254,1]},
{"frame":40,"values":[0.9999,-0.0072,0.0139,0,0.0077,0.9993,-0.0376,0,-0.0136,0.0377,0.9992,0,-0.0009,22.835,-2.8254,1]},
{"frame":41,"values":[0.9999,-0.0052,0.0152,0,0.0058,0.9992,-0.0404,0,-0.015,0.0405,0.9991,0,-0.0009,22.835,-2.8254,1]},
{"frame":42,"values":[0.9999,-0.0033,0.0165,0,0.004,0.9991,-0.0433,0,-0.0164,0.0434,0.9989,0,-0.0009,22.835,-2.8254,1]},
{"frame":43,"values":[0.9998,-0.0013,0.0178,0,0.0021,0.9989,-0.0462,0,-0.0177,0.0462,0.9988,0,-0.0009,22.835,-2.8254,1]},
{"frame":44,"values":[0.9999,0.0006,0.017,0,0.0002,0.9988,-0.0491,0,-0.017,0.0491,0.9986,0,-0.0009,22.835,-2.8254,1]},
{"frame":45,"values":[0.9999,0.0005,0.0162,0,0.0003,0.9986,-0.052,0,-0.0162,0.052,0.9985,0,-0.0009,22.835,-2.8254,1]},
{"frame":46,"values":[0.9999,0.0004,0.0154,0,0.0004,0.9985,-0.0549,0,-0.0154,0.0549,0.9984,0,-0.0009,22.835,-2.8254,1]},
{"frame":47,"values":[0.9999,0.0003,0.0146,0,0.0005,0.9985,-0.0539,0,-0.0146,0.0539,0.9984,0,-0.0009,22.835,-2.8254,1]},
{"frame":48,"values":[0.9999,0.0004,0.0137,0,0.0003,0.9986,-0.0529,0,-0.0137,0.0529,0.9985,0,-0.0009,22.835,-2.8254,1]},
{"frame":49,"values":[0.9999,-0.0002,0.0129,0,0.0009,0.9987,-0.0519,0,-0.0129,0.0519,0.9986,0,-0.0009,22.835,-2.8254,1]},
{"frame":50,"values":[0.9999,-0.0009,0.0121,0,0.0015,0.9987,-0.0509,0,-0.0121,0.051,0.9986,0,-0.0009,22.835,-2.8254,1]},
{"frame":51,"values":[0.9999,0,0.0113,0,0.0006,0.9988,-0.05,0,-0.0113,0.05,0.9987,0,-0.0009,22.835,-2.8254,1]},
{"frame":52,"values":[0.9999,0.0008,0.0118,0,-0.0003,0.9988,-0.049,0,-0.0118,0.049,0.9987,0,-0.0009,22.835,-2.8254,1]},
{"frame":53,"values":[0.9999,0.0017,0.0122,0,-0.0011,0.9988,-0.048,0,-0.0123,0.048,0.9988,0,-0.0009,22.835,-2.8254,1]},
{"frame":54,"values":[0.9999,0.0026,0.0127,0,-0.002,0.9989,-0.047,0,-0.0128,0.047,0.9988,0,-0.0009,22.835,-2.8254,1]},
{"frame":55,"values":[0.9999,0.0035,0.0131,0,-0.0029,0.9989,-0.0475,0,-0.0133,0.0474,0.9988,0,-0.0009,22.835,-2.8254,1]},
{"frame":56,"values":[0.9999,0.0044,0.0136,0,-0.0037,0.9988,-0.0479,0,-0.0138,0.0478,0.9988,0,-0.0009,22.835,-2.8254,1]},
{"frame":57,"values":[0.9999,0.0023,0.0141,0,-0.0017,0.9988,-0.0483,0,-0.0142,0.0483,0.9987,0,-0.0009,22.835,-2.8254,1]},
{"frame":58,"values":[0.9999,0.0003,0.0137,0,0.0004,0.9989,-0.0479,0,-0.0137,0.0479,0.9988,0,-0.0009,22.835,-2.8254,1]},
{"frame":59,"values":[0.9999,-0.0018,0.0134,0,0.0024,0.9989,-0.0474,0,-0.0133,0.0475,0.9988,0,-0.0009,22.835,-2.8254,1]},
{"frame":60,"values":[0.9999,-0.0038,0.0131,0,0.0044,0.9989,-0.047,0,-0.0129,0.047,0.9988,0,-0.0009,22.835,-2.8254,1]},
{"frame":61,"values":[0.9999,-0.003,0.0127,0,0.0036,0.9989,-0.0475,0,-0.0126,0.0475,0.9988,0,-0.0009,22.835,-2.8254,1]},
{"frame":62,"values":[0.9999,-0.0022,0.0143,0,0.0029,0.9988,-0.048,0,-0.0142,0.048,0.9987,0,-0.0009,22.835,-2.8254,1]},
{"frame":63,"values":[0.9999,-0.0014,0.0159,0,0.0022,0.9988,-0.0485,0,-0.0158,0.0485,0.9987,0,-0.0009,22.835,-2.8254,1]},
{"frame":64,"values":[0.9998,-0.0006,0.0175,0,0.0015,0.9989,-0.0476,0,-0.0175,0.0477,0.9987,0,-0.0009,22.835,-2.8254,1]},
{"frame":65,"values":[0.9998,0.0002,0.0191,0,0.0007,0.9989,-0.0468,0,-0.0191,0.0468,0.9987,0,-0.0009,22.835,-2.8254,1]},
{"frame":66,"values":[0.9998,0.001,0.0207,0,0,0.9989,-0.0474,0,-0.0207,0.0474,0.9987,0,-0.0009,22.835,-2.8254,1]},
{"frame":67,"values":[0.9998,0.0018,0.0198,0,-0.0008,0.9988,-0.048,0,-0.0199,0.048,0.9986,0,-0.0009,22.835,-2.8254,1]},
{"frame":68,"values":[0.9998,0.0026,0.0189,0,-0.0016,0.9988,-0.0486,0,-0.019,0.0486,0.9986,0,-0.0009,22.835,-2.8254,1]},
{"frame":69,"values":[0.9998,0.0017,0.018,0,-0.0009,0.9989,-0.0463,0,-0.0181,0.0463,0.9988,0,-0.0009,22.835,-2.8254,1]},
{"frame":70,"values":[0.9998,0.0009,0.0192,0,0,0.999,-0.0439,0,-0.0192,0.0439,0.9989,0,-0.0009,22.835,-2.8254,1]},
{"frame":71,"values":[0.9998,0,0.0204,0,0.0008,0.9991,-0.0416,0,-0.0204,0.0416,0.9989,0,-0.0009,22.835,-2.8254,1]},
{"frame":72,"values":[0.9998,-0.0008,0.0216,0,0.0017,0.9992,-0.0392,0,-0.0216,0.0392,0.999,0,-0.0009,22.835,-2.8254,1]},
{"frame":73,"values":[0.9997,-0.0017,0.0228,0,0.0025,0.9993,-0.0368,0,-0.0227,0.0369,0.9991,0,-0.0009,22.835,-2.8254,1]},
{"frame":74,"values":[0.9998,-0.0026,0.0213,0,0.0033,0.9994,-0.0344,0,-0.0212,0.0345,0.9992,0,-0.0009,22.835,-2.8254,1]},
{"frame":75,"values":[0.9998,-0.0034,0.0198,0,0.0041,0.9995,-0.0321,0,-0.0197,0.0322,0.9993,0,-0.0009,22.835,-2.8254,1]},
{"frame":76,"values":[0.9998,-0.0043,0.0183,0,0.0048,0.9995,-0.0297,0,-0.0182,0.0298,0.9994,0,-0.0009,22.835,-2.8254,1]},
{"frame":77,"values":[0.9998,-0.0051,0.0168,0,0.0056,0.9996,-0.0274,0,-0.0166,0.0274,0.9995,0,-0.0009,22.835,-2.8254,1]},
{"frame":78,"values":[0.9999,-0.0054,0.0157,0,0.0057,0.9997,-0.024,0,-0.0156,0.0241,0.9996,0,-0.0009,22.835,-2.8254,1]}],"loopBehavior":1,"name":"anim","property":"_matrix"}},
{"name":"mixamorig:Spine2","index":3,"matrix":[0.9999,-0.0048,0.0158,0,0.0051,0.9997,-0.0241,0,-0.0157,0.0241,0.9996,0,-0.0206,26.5525,-3.1933,1],"rest":[1,0,0,0,0,1,0,0,0,0,1,0,-0.0206,26.5525,-3.1933,1],"parentBoneIndex":2,"length":24.825
,"animation":{"dataType":3,"framePerSecond":24,"keys":[
{"frame":1,"values":[0.9999,-0.0048,0.0158,0,0.0051,0.9997,-0.0241,0,-0.0157,0.0241,0.9996,0,-0.0206,26.5525,-3.1933,1]},
{"frame":2,"values":[0.9999,-0.0046,0.0152,0,0.005,0.9998,-0.0205,0,-0.0151,0.0206,0.9997,0,-0.0206,26.5525,-3.1933,1]},
{"frame":3,"values":[0.9999,-0.0038,0.0151,0,0.0041,0.9999,-0.0168,0,-0.015,0.0168,0.9997,0,-0.0206,26.5525,-3.1933,1]},
{"frame":4,"values":[0.9999,-0.0019,0.016,0,0.0021,0.9999,-0.0131,0,-0.016,0.0131,0.9998,0,-0.0206,26.5525,-3.1933,1]},
{"frame":5,"values":[0.9998,0,0.0174,0,0.0002,1,-0.0096,0,-0.0174,0.0096,0.9998,0,-0.0206,26.5525,-3.1933,1]},
{"frame":6,"values":[0.9998,0.001,0.019,0,-0.0008,1,-0.007,0,-0.019,0.007,0.9998,0,-0.0206,26.5525,-3.1933,1]},
{"frame":7,"values":[0.9998,0.0015,0.0209,0,-0.0014,1,-0.0058,0,-0.0209,0.0058,0.9998,0,-0.0206,26.5525,-3.1933,1]},
{"frame":8,"values":[0.9997,0.0026,0.0232,0,-0.0025,1,-0.0056,0,-0.0232,0.0055,0.9997,0,-0.0206,26.5525,-3.1933,1]},
{"frame":9,"values":[0.9997,0.0041,0.0252,0,-0.004,1,-0.0051,0,-0.0252,0.005,0.9997,0,-0.0206,26.5525,-3.1933,1]},
{"frame":10,"values":[0.9996,0.0052,0.0264,0,-0.0051,1,-0.0041,0,-0.0264,0.004,0.9996,0,-0.0206,26.5525,-3.1933,1]},
{"frame":11,"values":[0.9996,0.006,0.027,0,-0.0059,1,-0.0038,0,-0.0271,0.0036,0.9996,0,-0.0206,26.5525,-3.1933,1]},
{"frame":12,"values":[0.9996,0.0071,0.0277,0,-0.007,1,-0.0045,0,-0.0277,0.0043,0.9996,0,-0.0206,26.5525,-3.1933,1]},
{"frame":13,"values":[0.9995,0.0095,0.0291,0,-0.0094,0.9999,-0.0049,0,-0.0291,0.0046,0.9996,0,-0.0206,26.5525,-3.1933,1]},
{"frame":14,"values":[0.9995,0.012,0.0304,0,-0.0119,0.9999,-0.0049,0,-0.0304,0.0045,0.9995,0,-0.0206,26.5525,-3.1933,1]},
{"frame":15,"values":[0.9995,0.0126,0.0304,0,-0.0125,0.9999,-0.0053,0,-0.0305,0.0049,0.9995,0,-0.0206,26.5525,-3.1933,1]},
{"frame":16,"values":[0.9995,0.011,0.0294,0,-0.0108,0.9999,-0.0061,0,-0.0294,0.0057,0.9996,0,-0.0206,26.5525,-3.1933,1]},
{"frame":17,"values":[0.9996,0.0093,0.0281,0,-0.0091,0.9999,-0.0073,0,-0.0282,0.007,0.9996,0,-0.0206,26.5525,-3.1933,1]},
{"frame":18,"values":[0.9996,0.0077,0.0269,0,-0.0075,0.9999,-0.0085,0,-0.0269,0.0083,0.9996,0,-0.0206,26.5525,-3.1933,1]},
{"frame":19,"values":[0.9997,0.006,0.0256,0,-0.0058,0.9999,-0.0097,0,-0.0257,0.0095,0.9996,0,-0.0206,26.5525,-3.1933,1]},
{"frame":20,"values":[0.9997,0.0044,0.0244,0,-0.0041,0.9999,-0.0109,0,-0.0244,0.0108,0.9996,0,-0.0206,26.5525,-3.1933,1]},
{"frame":21,"values":[0.9997,0.0027,0.0231,0,-0.0025,0.9999,-0.0121,0,-0.0232,0.012,0.9997,0,-0.0206,26.5525,-3.1933,1]},
{"frame":22,"values":[0.9998,0.0011,0.0219,0,-0.0008,0.9999,-0.0133,0,-0.0219,0.0133,0.9997,0,-0.0206,26.5525,-3.1933,1]},
{"frame":23,"values":[0.9998,-0.0006,0.0207,0,0.0009,0.9999,-0.0145,0,-0.0207,0.0145,0.9997,0,-0.0206,26.5525,-3.1933,1]},
{"frame":24,"values":[0.9998,-0.0022,0.0194,0,0.0025,0.9999,-0.0157,0,-0.0194,0.0158,0.9997,0,-0.0206,26.5525,-3.1933,1]},
{"frame":25,"values":[0.9998,-0.0039,0.0182,0,0.0042,0.9998,-0.0169,0,-0.0181,0.017,0.9997,0,-0.0206,26.5525,-3.1933,1]},
{"frame":26,"values":[0.9998,-0.0055,0.017,0,0.0058,0.9998,-0.0182,0,-0.0169,0.0183,0.9997,0,-0.0206,26.5525,-3.1933,1]},
{"frame":27,"values":[0.9999,-0.0072,0.0157,0,0.0075,0.9998,-0.0194,0,-0.0156,0.0195,0.9997,0,-0.0206,26.5525,-3.1933,1]},
{"frame":28,"values":[0.9999,-0.0089,0.0145,0,0.0091,0.9997,-0.0206,0,-0.0143,0.0207,0.9997,0,-0.0206,26.5525,-3.1933,1]},
{"frame":29,"values":[0.9999,-0.0105,0.0133,0,0.0108,0.9998,-0.0191,0,-0.0131,0.0193,0.9997,0,-0.0206,26.5525,-3.1933,1]},
{"frame":30,"values":[0.9999,-0.0122,0.012,0,0.0124,0.9998,-0.0176,0,-0.0118,0.0178,0.9998,0,-0.0206,26.5525,-3.1933,1]},
{"frame":31,"values":[0.9998,-0.0138,0.0108,0,0.014,0.9998,-0.0161,0,-0.0106,0.0163,0.9998,0,-0.0206,26.5525,-3.1933,1]},
{"frame":32,"values":[0.9999,-0.0131,0.011,0,0.0133,0.9998,-0.0147,0,-0.0108,0.0148,0.9998,0,-0.0206,26.5525,-3.1933,1]},
{"frame":33,"values":[0.9999,-0.0125,0.0104,0,0.0127,0.9998,-0.0175,0,-0.0102,0.0177,0.9998,0,-0.0206,26.5525,-3.1933,1]},
{"frame":34,"values":[0.9999,-0.0131,0.0099,0,0.0133,0.9997,-0.0204,0,-0.0096,0.0205,0.9997,0,-0.0206,26.5525,-3.1933,1]},
{"frame":35,"values":[0.9999,-0.0137,0.0094,0,0.0139,0.9996,-0.0233,0,-0.0091,0.0234,0.9997,0,-0.0206,26.5525,-3.1933,1]},
{"frame":36,"values":[0.9999,-0.0143,0.0089,0,0.0146,0.9996,-0.0262,0,-0.0085,0.0263,0.9996,0,-0.0206,26.5525,-3.1933,1]},
{"frame":37,"values":[0.9999,-0.0123,0.0101,0,0.0126,0.9995,-0.029,0,-0.0098,0.0291,0.9995,0,-0.0206,26.5525,-3.1933,1]},
{"frame":38,"values":[0.9999,-0.0103,0.0114,0,0.0107,0.9994,-0.0319,0,-0.0111,0.032,0.9994,0,-0.0206,26.5525,-3.1933,1]},
{"frame":39,"values":[0.9999,-0.0083,0.0127,0,0.0087,0.9994,-0.0348,0,-0.0124,0.0349,0.9993,0,-0.0206,26.5525,-3.1933,1]},
{"frame":40,"values":[0.9999,-0.0063,0.014,0,0.0068,0.9993,-0.0376,0,-0.0137,0.0377,0.9992,0,-0.0206,26.5525,-3.1933,1]},
{"frame":41,"values":[0.9999,-0.0042,0.0152,0,0.0048,0.9992,-0.0405,0,-0.015,0.0406,0.9991,0,-0.0206,26.5525,-3.1933,1]},
{"frame":42,"values":[0.9999,-0.0022,0.0165,0,0.0029,0.9991,-0.0434,0,-0.0164,0.0434,0.9989,0,-0.0206,26.5525,-3.1933,1]},
{"frame":43,"values":[0.9998,-0.0001,0.0177,0,0.001,0.9989,-0.0463,0,-0.0177,0.0463,0.9988,0,-0.0206,26.5525,-3.1933,1]},
{"frame":44,"values":[0.9999,0.0019,0.0169,0,-0.0011,0.9988,-0.0491,0,-0.017,0.0491,0.9986,0,-0.0206,26.5525,-3.1933,1]},
{"frame":45,"values":[0.9999,0.0018,0.0161,0,-0.0009,0.9986,-0.052,0,-0.0162,0.052,0.9985,0,-0.0206,26.5525,-3.1933,1]},
{"frame":46,"values":[0.9999,0.0017,0.0153,0,-0.0008,0.9985,-0.0549,0,-0.0154,0.0549,0.9984,0,-0.0206,26.5525,-3.1933,1]},
{"frame":47,"values":[0.9999,0.0016,0.0145,0,-0.0008,0.9985,-0.0539,0,-0.0145,0.0539,0.9984,0,-0.0206,26.5525,-3.1933,1]},
{"frame":48,"values":[0.9999,0.0016,0.0137,0,-0.0009,0.9986,-0.0529,0,-0.0137,0.0529,0.9985,0,-0.0206,26.5525,-3.1933,1]},
{"frame":49,"values":[0.9999,0.0009,0.0128,0,-0.0002,0.9987,-0.0519,0,-0.0129,0.0519,0.9986,0,-0.0206,26.5525,-3.1933,1]},
{"frame":50,"values":[0.9999,0.0001,0.012,0,0.0005,0.9987,-0.0509,0,-0.012,0.0509,0.9986,0,-0.0206,26.5525,-3.1933,1]},
{"frame":51,"values":[0.9999,0.001,0.0112,0,-0.0005,0.9988,-0.0499,0,-0.0112,0.0499,0.9987,0,-0.0206,26.5525,-3.1933,1]},
{"frame":52,"values":[0.9999,0.0019,0.0117,0,-0.0013,0.9988,-0.049,0,-0.0117,0.0489,0.9987,0,-0.0206,26.5525,-3.1933,1]},
{"frame":53,"values":[0.9999,0.0028,0.0121,0,-0.0022,0.9988,-0.048,0,-0.0122,0.0479,0.9988,0,-0.0206,26.5525,-3.1933,1]},
{"frame":54,"values":[0.9999,0.0037,0.0125,0,-0.0031,0.9989,-0.047,0,-0.0127,0.0469,0.9988,0,-0.0206,26.5525,-3.1933,1]},
{"frame":55,"values":[0.9999,0.0046,0.013,0,-0.0039,0.9989,-0.0474,0,-0.0132,0.0474,0.9988,0,-0.0206,26.5525,-3.1933,1]},
{"frame":56,"values":[0.9999,0.0054,0.0134,0,-0.0048,0.9988,-0.0479,0,-0.0137,0.0478,0.9988,0,-0.0206,26.5525,-3.1933,1]},
{"frame":57,"values":[0.9999,0.0034,0.0139,0,-0.0027,0.9988,-0.0483,0,-0.014,0.0482,0.9987,0,-0.0206,26.5525,-3.1933,1]},
{"frame":58,"values":[0.9999,0.0013,0.0136,0,-0.0007,0.9989,-0.0479,0,-0.0136,0.0479,0.9988,0,-0.0206,26.5525,-3.1933,1]},
{"frame":59,"values":[0.9999,-0.0007,0.0133,0,0.0014,0.9989,-0.0475,0,-0.0133,0.0475,0.9988,0,-0.0206,26.5525,-3.1933,1]},
{"frame":60,"values":[0.9999,-0.0028,0.013,0,0.0034,0.9989,-0.047,0,-0.0129,0.0471,0.9988,0,-0.0206,26.5525,-3.1933,1]},
{"frame":61,"values":[0.9999,-0.0019,0.0127,0,0.0025,0.9989,-0.0475,0,-0.0126,0.0476,0.9988,0,-0.0206,26.5525,-3.1933,1]},
{"frame":62,"values":[0.9999,-0.0009,0.0143,0,0.0016,0.9988,-0.048,0,-0.0142,0.048,0.9987,0,-0.0206,26.5525,-3.1933,1]},
{"frame":63,"values":[0.9999,0,0.0159,0,0.0008,0.9988,-0.0485,0,-0.0158,0.0485,0.9987,0,-0.0206,26.5525,-3.1933,1]},
{"frame":64,"values":[0.9998,0.0009,0.0174,0,-0.0001,0.9989,-0.0477,0,-0.0175,0.0476,0.9987,0,-0.0206,26.5525,-3.1933,1]},
{"frame":65,"values":[0.9998,0.0019,0.019,0,-0.001,0.9989,-0.0468,0,-0.0191,0.0468,0.9987,0,-0.0206,26.5525,-3.1933,1]},
{"frame":66,"values":[0.9998,0.0028,0.0205,0,-0.0018,0.9989,-0.0474,0,-0.0207,0.0473,0.9987,0,-0.0206,26.5525,-3.1933,1]},
{"frame":67,"values":[0.9998,0.0037,0.0197,0,-0.0028,0.9988,-0.048,0,-0.0198,0.0479,0.9987,0,-0.0206,26.5525,-3.1933,1]},
{"frame":68,"values":[0.9998,0.0029,0.0188,0,-0.002,0.9988,-0.0486,0,-0.0189,0.0486,0.9986,0,-0.0206,26.5525,-3.1933,1]},
{"frame":69,"values":[0.9998,0.0021,0.0179,0,-0.0013,0.9989,-0.0463,0,-0.018,0.0462,0.9988,0,-0.0206,26.5525,-3.1933,1]},
{"frame":70,"values":[0.9998,0.0013,0.0191,0,-0.0004,0.999,-0.0439,0,-0.0192,0.0439,0.9989,0,-0.0206,26.5525,-3.1933,1]},
{"frame":71,"values":[0.9998,0.0005,0.0204,0,0.0004,0.9991,-0.0416,0,-0.0204,0.0416,0.9989,0,-0.0206,26.5525,-3.1933,1]},
{"frame":72,"values":[0.9998,-0.0003,0.0216,0,0.0012,0.9992,-0.0392,0,-0.0216,0.0392,0.999,0,-0.0206,26.5525,-3.1933,1]},
{"frame":73,"values":[0.9997,-0.0012,0.0228,0,0.002,0.9993,-0.0368,0,-0.0228,0.0369,0.9991,0,-0.0206,26.5525,-3.1933,1]},
{"frame":74,"values":[0.9998,-0.002,0.0213,0,0.0027,0.9994,-0.0345,0,-0.0213,0.0345,0.9992,0,-0.0206,26.5525,-3.1933,1]},
{"frame":75,"values":[0.9998,-0.0028,0.0199,0,0.0034,0.9995,-0.0321,0,-0.0198,0.0322,0.9993,0,-0.0206,26.5525,-3.1933,1]},
{"frame":76,"values":[0.9998,-0.0036,0.0184,0,0.0042,0.9995,-0.0298,0,-0.0182,0.0298,0.9994,0,-0.0206,26.5525,-3.1933,1]},
{"frame":77,"values":[0.9998,-0.0044,0.0169,0,0.0049,0.9996,-0.0274,0,-0.0167,0.0275,0.9995,0,-0.0206,26.5525,-3.1933,1]},
