{"producer":{"name":"Blender","version":"2.79 (sub 0)","exporter_version":"5.6.4","file":"relievedsighgesture.babylon"},
"autoClear":true,"clearColor":[0.0509,0.0509,0.0509],"ambientColor":[0,0,0],"gravity":[0,-9.81,0],
"materials":[{"name":"relievedsighgesture.Material","id":"relievedsighgesture.Material","ambient":[0,0,0],"diffuse":[0,0,0],"specular":[0,0,0],"emissive":[0,0,0],"specularPower":50,"alpha":0.001,"backFaceCulling":true,"checkReadyOnlyOnce":false,"maxSimultaneousLights":4}],
"multiMaterials":[],
"skeletons":[{"name":"Armature","id":0,"dimensionsAtRest":[379.1952,391.6652,55.677],"bones":[
{"name":"mixamorig:Hips","index":0,"matrix":[0.994,-0.0551,-0.0947,0,0.0609,0.9964,0.0598,0,-0.0911,0.0652,-0.9937,0,0.3746,200.3129,0.3753,1],"rest":[1,0,0,0,0,1,0,0,0,0,-1,0,0,201.6394,0,1],"parentBoneIndex":-1,"length":21.6784
,"animation":{"dataType":3,"framePerSecond":24,"keys":[
{"frame":1,"values":[0.994,-0.0549,-0.0948,0,0.0607,0.9964,0.0598,0,-0.0911,0.0652,-0.9937,0,0.3731,200.3126,0.3755,1]},
{"frame":2,"values":[0.994,-0.0552,-0.0948,0,0.0611,0.9963,0.0604,0,-0.0911,0.0658,-0.9937,0,0.3738,200.3,0.3402,1]},
{"frame":3,"values":[0.9939,-0.0555,-0.0949,0,0.0615,0.9962,0.061,0,-0.0911,0.0665,-0.9936,0,0.3746,200.2819,0.2871,1]},
{"frame":4,"values":[0.9939,-0.0558,-0.095,0,0.0618,0.9962,0.0616,0,-0.0912,0.0671,-0.9936,0,0.3753,200.2746,0.2269,1]},
{"frame":5,"values":[0.9939,-0.0561,-0.0952,0,0.0622,0.9961,0.062,0,-0.0914,0.0675,-0.9935,0,0.3761,200.2831,0.1692,1]},
{"frame":6,"values":[0.9938,-0.0564,-0.0955,0,0.0625,0.9961,0.062,0,-0.0916,0.0676,-0.9935,0,0.3768,200.3016,0.1185,1]},
{"frame":7,"values":[0.9938,-0.0567,-0.0956,0,0.0628,0.9961,0.0616,0,-0.0917,0.0673,-0.9935,0,0.3776,200.3372,0.0736,1]},
{"frame":8,"values":[0.9938,-0.057,-0.0953,0,0.063,0.9962,0.0607,0,-0.0915,0.0663,-0.9936,0,0.3783,200.3665,0.037,1]},
{"frame":9,"values":[0.9938,-0.0573,-0.0951,0,0.0632,0.9962,0.0597,0,-0.0913,0.0654,-0.9937,0,0.379,200.3958,0.0135,1]},
{"frame":10,"values":[0.9938,-0.0576,-0.0951,0,0.0634,0.9963,0.0588,0,-0.0914,0.0645,-0.9937,0,0.3798,200.4251,0.0076,1]},
{"frame":11,"values":[0.9938,-0.0579,-0.0951,0,0.0636,0.9963,0.0578,0,-0.0914,0.0635,-0.9938,0,0.3805,200.4544,0.0315,1]},
{"frame":12,"values":[0.9938,-0.0583,-0.0943,0,0.0638,0.9963,0.0569,0,-0.0906,0.0626,-0.9939,0,0.3813,200.4837,0.0553,1]},
{"frame":13,"values":[0.9939,-0.0586,-0.0934,0,0.064,0.9964,0.056,0,-0.0898,0.0616,-0.9941,0,0.382,200.513,0.0792,1]},
{"frame":14,"values":[0.994,-0.0589,-0.0926,0,0.0641,0.9964,0.055,0,-0.089,0.0606,-0.9942,0,0.3828,200.5423,0.1031,1]},
{"frame":15,"values":[0.994,-0.0592,-0.0917,0,0.0643,0.9965,0.0541,0,-0.0882,0.0596,-0.9943,0,0.3835,200.5715,0.0638,1]},
{"frame":16,"values":[0.9941,-0.0595,-0.0908,0,0.0645,0.9965,0.0531,0,-0.0874,0.0587,-0.9944,0,0.3843,200.6008,0.0244,1]},
{"frame":17,"values":[0.9941,-0.0598,-0.09,0,0.0647,0.9965,0.0522,0,-0.0866,0.0577,-0.9946,0,0.385,200.6301,-0.0149,1]},
{"frame":18,"values":[0.9942,-0.0601,-0.0891,0,0.0649,0.9966,0.0512,0,-0.0857,0.0567,-0.9947,0,0.3858,200.6594,-0.0542,1]},
{"frame":19,"values":[0.9943,-0.0604,-0.0883,0,0.065,0.9966,0.0503,0,-0.0849,0.0557,-0.9948,0,0.3865,200.6887,-0.0935,1]},
{"frame":20,"values":[0.9943,-0.0607,-0.0874,0,0.0652,0.9967,0.0493,0,-0.0841,0.0548,-0.9949,0,0.3873,200.718,-0.1328,1]},
{"frame":21,"values":[0.9944,-0.061,-0.0866,0,0.0654,0.9967,0.0484,0,-0.0833,0.0538,-0.9951,0,0.388,200.7473,-0.1722,1]},
{"frame":22,"values":[0.9944,-0.0613,-0.0857,0,0.0656,0.9967,0.0474,0,-0.0825,0.0528,-0.9952,0,0.3888,200.7766,-0.2115,1]},
{"frame":23,"values":[0.9945,-0.0617,-0.0848,0,0.0658,0.9968,0.0465,0,-0.0817,0.0518,-0.9953,0,0.3895,200.8059,-0.2508,1]},
{"frame":24,"values":[0.9945,-0.062,-0.084,0,0.0659,0.9968,0.0455,0,-0.0809,0.0508,-0.9954,0,0.3903,200.8352,-0.2901,1]},
{"frame":25,"values":[0.9946,-0.0623,-0.0831,0,0.0661,0.9968,0.0446,0,-0.0801,0.0499,-0.9955,0,0.391,200.8645,-0.3294,1]},
{"frame":26,"values":[0.9946,-0.0626,-0.0823,0,0.0668,0.9965,0.0502,0,-0.0788,0.0555,-0.9953,0,0.3918,200.5912,-0.3688,1]},
{"frame":27,"values":[0.9947,-0.0629,-0.0814,0,0.0675,0.9962,0.0559,0,-0.0776,0.0611,-0.9951,0,0.3925,200.3179,-0.4081,1]},
{"frame":28,"values":[0.9947,-0.0632,-0.0805,0,0.0682,0.9958,0.0615,0,-0.0763,0.0667,-0.9949,0,0.3933,200.0446,-0.4474,1]},
{"frame":29,"values":[0.9948,-0.0635,-0.0797,0,0.0689,0.9954,0.0671,0,-0.0751,0.0722,-0.9946,0,0.394,199.7712,-0.4867,1]},
{"frame":30,"values":[0.9948,-0.0638,-0.0788,0,0.0696,0.9949,0.0727,0,-0.0738,0.0778,-0.9942,0,0.3948,199.4979,-0.526,1]},
{"frame":31,"values":[0.9949,-0.0641,-0.078,0,0.0702,0.9944,0.0783,0,-0.0725,0.0834,-0.9939,0,0.3955,199.2246,-0.5653,1]},
{"frame":32,"values":[0.9948,-0.0644,-0.0791,0,0.071,0.9939,0.084,0,-0.0732,0.0891,-0.9933,0,0.3963,198.9513,-0.5017,1]},
{"frame":33,"values":[0.9947,-0.0642,-0.0803,0,0.0713,0.9934,0.0896,0,-0.074,0.0948,-0.9927,0,0.397,198.678,-0.438,1]},
{"frame":34,"values":[0.9946,-0.0639,-0.0814,0,0.0716,0.9929,0.0952,0,-0.0747,0.1005,-0.9921,0,0.3977,198.4047,-0.3743,1]},
{"frame":35,"values":[0.9946,-0.0637,-0.0825,0,0.0719,0.9923,0.1007,0,-0.0755,0.1061,-0.9915,0,0.3985,198.1314,-0.3106,1]},
{"frame":36,"values":[0.9947,-0.0634,-0.0807,0,0.0719,0.9917,0.1064,0,-0.0733,0.1116,-0.991,0,0.3992,197.8581,-0.4953,1]},
{"frame":37,"values":[0.9949,-0.0632,-0.0789,0,0.0718,0.9911,0.112,0,-0.0711,0.1171,-0.9906,0,0.4,197.5848,-0.68,1]},
{"frame":38,"values":[0.995,-0.063,-0.0771,0,0.0718,0.9905,0.1176,0,-0.069,0.1225,-0.9901,0,0.4007,197.6623,-0.8647,1]},
{"frame":39,"values":[0.9952,-0.0627,-0.0753,0,0.0717,0.9898,0.1232,0,-0.0668,0.128,-0.9895,0,0.4015,197.7398,-1.0494,1]},
{"frame":40,"values":[0.9953,-0.0625,-0.0735,0,0.0716,0.9891,0.1288,0,-0.0647,0.1335,-0.9889,0,0.4022,197.8173,-0.9576,1]},
{"frame":41,"values":[0.9955,-0.0623,-0.0717,0,0.071,0.9894,0.1267,0,-0.0631,0.1312,-0.9893,0,0.403,197.8948,-0.8658,1]},
{"frame":42,"values":[0.9956,-0.062,-0.0699,0,0.0704,0.9897,0.1246,0,-0.0615,0.129,-0.9897,0,0.4037,197.9723,-0.774,1]},
{"frame":43,"values":[0.9958,-0.0618,-0.0681,0,0.0698,0.99,0.1225,0,-0.0599,0.1268,-0.9901,0,0.4045,198.0498,-0.6822,1]},
{"frame":44,"values":[0.9959,-0.0616,-0.0663,0,0.0692,0.9903,0.1204,0,-0.0582,0.1245,-0.9905,0,0.4052,198.1273,-0.5905,1]},
{"frame":45,"values":[0.996,-0.0613,-0.0645,0,0.0687,0.9906,0.1183,0,-0.0566,0.1223,-0.9909,0,0.406,198.2048,-0.4987,1]},
{"frame":46,"values":[0.996,-0.0611,-0.0656,0,0.0684,0.9909,0.1162,0,-0.0579,0.1202,-0.9911,0,0.4067,198.2823,-0.4069,1]},
{"frame":47,"values":[0.9959,-0.0608,-0.0667,0,0.0682,0.9911,0.1141,0,-0.0592,0.1182,-0.9912,0,0.4075,198.3598,-0.3151,1]},
{"frame":48,"values":[0.9959,-0.0606,-0.0678,0,0.0679,0.9914,0.112,0,-0.0604,0.1161,-0.9914,0,0.4082,198.4373,-0.2233,1]},
{"frame":49,"values":[0.9958,-0.0603,-0.0689,0,0.0677,0.9916,0.1099,0,-0.0617,0.1141,-0.9916,0,0.409,198.5148,-0.1315,1]},
{"frame":50,"values":[0.9957,-0.0601,-0.07,0,0.0674,0.9919,0.1077,0,-0.063,0.112,-0.9917,0,0.4097,198.5923,-0.0397,1]},
{"frame":51,"values":[0.9957,-0.0598,-0.0711,0,0.0671,0.9921,0.1056,0,-0.0642,0.1099,-0.9919,0,0.4105,198.6698,0.052,1]},
{"frame":52,"values":[0.9956,-0.0596,-0.0722,0,0.0669,0.9924,0.1035,0,-0.0655,0.1079,-0.992,0,0.4112,198.7472,0.1438,1]},
{"frame":53,"values":[0.9955,-0.0593,-0.0733,0,0.0666,0.9926,0.1014,0,-0.0667,0.1058,-0.9921,0,0.412,198.8247,0.2356,1]},
{"frame":54,"values":[0.9955,-0.0591,-0.0744,0,0.0663,0.9928,0.0993,0,-0.068,0.1037,-0.9923,0,0.4127,198.9022,0.3274,1]},
{"frame":55,"values":[0.9954,-0.0588,-0.0755,0,0.0661,0.9931,0.0971,0,-0.0692,0.1017,-0.9924,0,0.4135,198.9797,0.4192,1]},
{"frame":56,"values":[0.9953,-0.0586,-0.0766,0,0.0658,0.9933,0.095,0,-0.0705,0.0996,-0.9925,0,0.4142,199.0572,0.511,1]},
{"frame":57,"values":[0.9953,-0.0584,-0.0777,0,0.0655,0.9935,0.0929,0,-0.0718,0.0975,-0.9926,0,0.415,199.1347,0.6028,1]},
{"frame":58,"values":[0.9952,-0.0581,-0.0788,0,0.0652,0.9937,0.0908,0,-0.073,0.0955,-0.9927,0,0.4157,199.2122,0.6945,1]},
{"frame":59,"values":[0.9951,-0.0579,-0.0799,0,0.0649,0.9939,0.0887,0,-0.0743,0.0934,-0.9929,0,0.4164,199.2897,0.674,1]},
{"frame":60,"values":[0.995,-0.0576,-0.081,0,0.0646,0.9942,0.0865,0,-0.0755,0.0913,-0.993,0,0.4172,199.3672,0.6535,1]},
{"frame":61,"values":[0.995,-0.0574,-0.0821,0,0.0643,0.9944,0.0844,0,-0.0768,0.0893,-0.993,0,0.4179,199.4447,0.6329,1]},
{"frame":62,"values":[0.9949,-0.0571,-0.0832,0,0.064,0.9946,0.0823,0,-0.078,0.0872,-0.9931,0,0.4187,199.5222,0.6124,1]},
{"frame":63,"values":[0.9948,-0.0569,-0.0843,0,0.0637,0.9947,0.0802,0,-0.0793,0.0851,-0.9932,0,0.4194,199.5997,0.5919,1]},
{"frame":64,"values":[0.9947,-0.0569,-0.0854,0,0.0636,0.9949,0.078,0,-0.0805,0.0831,-0.9933,0,0.4202,199.6772,0.5713,1]},
{"frame":65,"values":[0.9946,-0.0567,-0.0865,0,0.0633,0.9951,0.0759,0,-0.0818,0.081,-0.9934,0,0.4209,199.7547,0.5508,1]},
{"frame":66,"values":[0.9946,-0.0565,-0.0876,0,0.063,0.9953,0.0738,0,-0.083,0.0789,-0.9934,0,0.4217,199.8322,0.5303,1]},
{"frame":67,"values":[0.9945,-0.0563,-0.0887,0,0.0627,0.9955,0.0717,0,-0.0842,0.0768,-0.9935,0,0.4224,199.9097,0.5097,1]},
{"frame":68,"values":[0.9944,-0.0561,-0.0898,0,0.0624,0.9956,0.0696,0,-0.0855,0.0748,-0.9935,0,0.4232,199.9872,0.4892,1]},
{"frame":69,"values":[0.9943,-0.0559,-0.0909,0,0.0621,0.9958,0.0674,0,-0.0867,0.0727,-0.9936,0,0.4239,200.0647,0.4687,1]},
{"frame":70,"values":[0.9942,-0.0557,-0.092,0,0.0618,0.9959,0.0653,0,-0.088,0.0706,-0.9936,0,0.4247,200.1422,0.4481,1]},
{"frame":71,"values":[0.9941,-0.0555,-0.0931,0,0.0615,0.9961,0.0632,0,-0.0892,0.0685,-0.9937,0,0.4254,200.2197,0.4276,1]},
{"frame":72,"values":[0.994,-0.0553,-0.0942,0,0.0612,0.9963,0.0611,0,-0.0904,0.0665,-0.9937,0,0.4262,200.2972,0.4071,1]},
{"frame":73,"values":[0.994,-0.0551,-0.0947,0,0.0609,0.9964,0.0598,0,-0.0911,0.0652,-0.9937,0,0.3746,200.3129,0.3753,1]}],"loopBehavior":1,"name":"anim","property":"_matrix"}},
{"name":"mixamorig:Spine","index":1,"matrix":[0.9987,0.0445,-0.0246,0,-0.043,0.9974,0.0586,0,0.0271,-0.0575,0.998,0,0.0062,19.525,-2.4818,1],"rest":[1,0,0,0,0,1,0,0,0,0,1,0,0.0062,19.525,-2.4818,1],"parentBoneIndex":0,"length":23.0091
,"animation":{"dataType":3,"framePerSecond":24,"keys":[
{"frame":1,"values":[0.9987,0.0448,-0.0242,0,-0.0433,0.9973,0.0587,0,0.0268,-0.0576,0.998,0,0.0062,19.525,-2.4818,1]},
{"frame":2,"values":[0.9987,0.0447,-0.0243,0,-0.0432,0.9974,0.0585,0,0.0269,-0.0574,0.998,0,0.0062,19.525,-2.4818,1]},
{"frame":3,"values":[0.9987,0.0447,-0.0244,0,-0.0432,0.9974,0.0582,0,0.0269,-0.057,0.998,0,0.0062,19.525,-2.4818,1]},
{"frame":4,"values":[0.9987,0.0446,-0.0245,0,-0.0431,0.9974,0.0577,0,0.027,-0.0566,0.998,0,0.0062,19.525,-2.4818,1]},
{"frame":5,"values":[0.9987,0.0445,-0.0246,0,-0.0431,0.9974,0.0572,0,0.0271,-0.0561,0.9981,0,0.0062,19.525,-2.4818,1]},
{"frame":6,"values":[0.9987,0.0445,-0.0247,0,-0.043,0.9975,0.0566,0,0.0271,-0.0554,0.9981,0,0.0062,19.525,-2.4818,1]},
{"frame":7,"values":[0.9987,0.0444,-0.0248,0,-0.043,0.9975,0.0558,0,0.0272,-0.0546,0.9981,0,0.0062,19.525,-2.4818,1]},
{"frame":8,"values":[0.9987,0.0444,-0.0249,0,-0.0429,0.9976,0.0548,0,0.0272,-0.0537,0.9982,0,0.0062,19.525,-2.4818,1]},
{"frame":9,"values":[0.9987,0.0443,-0.025,0,-0.0429,0.9976,0.0538,0,0.0273,-0.0527,0.9982,0,0.0062,19.525,-2.4818,1]},
{"frame":10,"values":[0.9987,0.0442,-0.0251,0,-0.0429,0.9977,0.0532,0,0.0274,-0.0521,0.9983,0,0.0062,19.525,-2.4818,1]},
{"frame":11,"values":[0.9987,0.0442,-0.0252,0,-0.0428,0.9977,0.0526,0,0.0274,-0.0515,0.9983,0,0.0062,19.525,-2.4818,1]},
{"frame":12,"values":[0.9987,0.0441,-0.0252,0,-0.0428,0.9977,0.052,0,0.0275,-0.0509,0.9983,0,0.0062,19.525,-2.4818,1]},
{"frame":13,"values":[0.9987,0.0441,-0.0253,0,-0.0427,0.9978,0.0514,0,0.0275,-0.0503,0.9984,0,0.0062,19.525,-2.4818,1]},
{"frame":14,"values":[0.9987,0.044,-0.0254,0,-0.0427,0.9978,0.0508,0,0.0276,-0.0497,0.9984,0,0.0062,19.525,-2.4818,1]},
{"frame":15,"values":[0.9987,0.044,-0.0255,0,-0.0426,0.9978,0.0502,0,0.0277,-0.0491,0.9984,0,0.0062,19.525,-2.4818,1]},
{"frame":16,"values":[0.9987,0.0439,-0.0256,0,-0.0426,0.9979,0.0496,0,0.0277,-0.0485,0.9984,0,0.0062,19.525,-2.4818,1]},
{"frame":17,"values":[0.9987,0.0438,-0.0257,0,-0.0425,0.9979,0.049,0,0.0278,-0.0479,0.9985,0,0.0062,19.525,-2.4818,1]},
{"frame":18,"values":[0.9987,0.0438,-0.0258,0,-0.0425,0.9979,0.0484,0,0.0279,-0.0473,0.9985,0,0.0062,19.525,-2.4818,1]},
{"frame":19,"values":[0.9987,0.0437,-0.0259,0,-0.0424,0.998,0.0478,0,0.0279,-0.0467,0.9985,0,0.0062,19.525,-2.4818,1]},
{"frame":20,"values":[0.9987,0.0437,-0.026,0,-0.0424,0.998,0.0472,0,0.028,-0.046,0.9985,0,0.0062,19.525,-2.4818,1]},
{"frame":21,"values":[0.9987,0.0436,-0.0261,0,-0.0423,0.998,0.0466,0,0.0281,-0.0454,0.9986,0,0.0062,19.525,-2.4818,1]},
{"frame":22,"values":[0.9987,0.0435,-0.0262,0,-0.0423,0.998,0.046,0,0.0281,-0.0448,0.9986,0,0.0062,19.525,-2.4818,1]},
{"frame":23,"values":[0.9987,0.0435,-0.0263,0,-0.0423,0.9981,0.0454,0,0.0282,-0.0442,0.9986,0,0.0062,19.525,-2.4818,1]},
{"frame":24,"values":[0.9987,0.0434,-0.0264,0,-0.0422,0.9981,0.0448,0,0.0283,-0.0436,0.9986,0,0.0062,19.525,-2.4818,1]},
{"frame":25,"values":[0.9987,0.0434,-0.0265,0,-0.0421,0.9981,0.046,0,0.0284,-0.0448,0.9986,0,0.0062,19.525,-2.4818,1]},
{"frame":26,"values":[0.9987,0.0433,-0.0266,0,-0.042,0.998,0.0472,0,0.0285,-0.046,0.9985,0,0.0062,19.525,-2.4818,1]},
{"frame":27,"values":[0.9987,0.0432,-0.0266,0,-0.0419,0.9979,0.0484,0,0.0287,-0.0473,0.9985,0,0.0062,19.525,-2.4818,1]},
{"frame":28,"values":[0.9987,0.0432,-0.0267,0,-0.0418,0.9979,0.0496,0,0.0288,-0.0485,0.9984,0,0.0062,19.525,-2.4818,1]},
{"frame":29,"values":[0.9987,0.0431,-0.0268,0,-0.0417,0.9978,0.0509,0,0.029,-0.0497,0.9983,0,0.0062,19.525,-2.4818,1]},
{"frame":30,"values":[0.9987,0.0431,-0.0269,0,-0.0416,0.9978,0.0521,0,0.0291,-0.0509,0.9983,0,0.0062,19.525,-2.4818,1]},
{"frame":31,"values":[0.9987,0.043,-0.027,0,-0.0415,0.9977,0.0533,0,0.0292,-0.0521,0.9982,0,0.0062,19.525,-2.4818,1]},
{"frame":32,"values":[0.9987,0.0429,-0.0271,0,-0.0414,0.9977,0.0545,0,0.0294,-0.0533,0.9981,0,0.0062,19.525,-2.4818,1]},
{"frame":33,"values":[0.9987,0.0429,-0.0272,0,-0.0413,0.9976,0.0557,0,0.0295,-0.0545,0.9981,0,0.0062,19.525,-2.4818,1]},
{"frame":34,"values":[0.9987,0.0428,-0.0273,0,-0.0412,0.9975,0.0569,0,0.0297,-0.0557,0.998,0,0.0062,19.525,-2.4818,1]},
{"frame":35,"values":[0.9987,0.0428,-0.0274,0,-0.0411,0.9975,0.0581,0,0.0298,-0.0569,0.9979,0,0.0062,19.525,-2.4818,1]},
{"frame":36,"values":[0.9987,0.0427,-0.0275,0,-0.041,0.9974,0.0593,0,0.0299,-0.0581,0.9979,0,0.0062,19.525,-2.4818,1]},
{"frame":37,"values":[0.9987,0.0426,-0.0276,0,-0.041,0.9974,0.0587,0,0.03,-0.0575,0.9979,0,0.0062,19.525,-2.4818,1]},
{"frame":38,"values":[0.9987,0.0426,-0.0277,0,-0.0409,0.9975,0.0581,0,0.0301,-0.0568,0.9979,0,0.0062,19.525,-2.4818,1]},
{"frame":39,"values":[0.9987,0.0426,-0.0278,0,-0.041,0.9975,0.0574,0,0.0301,-0.0562,0.998,0,0.0062,19.525,-2.4818,1]},
{"frame":40,"values":[0.9987,0.0427,-0.0279,0,-0.0411,0.9975,0.0568,0,0.0302,-0.0556,0.998,0,0.0062,19.525,-2.4818,1]},
{"frame":41,"values":[0.9987,0.0428,-0.028,0,-0.0411,0.9976,0.0561,0,0.0303,-0.0549,0.998,0,0.0062,19.525,-2.4818,1]},
{"frame":42,"values":[0.9987,0.0428,-0.028,0,-0.0412,0.9976,0.0562,0,0.0304,-0.055,0.998,0,0.0062,19.525,-2.4818,1]},
{"frame":43,"values":[0.9987,0.0429,-0.0281,0,-0.0412,0.9976,0.0563,0,0.0305,-0.0551,0.998,0,0.0062,19.525,-2.4818,1]},
{"frame":44,"values":[0.9987,0.0429,-0.0282,0,-0.0413,0.9976,0.0564,0,0.0306,-0.0552,0.998,0,0.0062,19.525,-2.4818,1]},
{"frame":45,"values":[0.9987,0.043,-0.0283,0,-0.0413,0.9975,0.0565,0,0.0307,-0.0552,0.998,0,0.0062,19.525,-2.4818,1]},
{"frame":46,"values":[0.9987,0.043,-0.0284,0,-0.0414,0.9975,0.0566,0,0.0308,-0.0553,0.998,0,0.0062,19.525,-2.4818,1]},
{"frame":47,"values":[0.9987,0.0431,-0.0285,0,-0.0414,0.9975,0.0567,0,0.0309,-0.0554,0.998,0,0.0062,19.525,-2.4818,1]},
{"frame":48,"values":[0.9987,0.0432,-0.0286,0,-0.0415,0.9975,0.0567,0,0.031,-0.0555,0.998,0,0.0062,19.525,-2.4818,1]},
{"frame":49,"values":[0.9987,0.0432,-0.0284,0,-0.0415,0.9975,0.0568,0,0.0308,-0.0556,0.998,0,0.0062,19.525,-2.4818,1]},
{"frame":50,"values":[0.9987,0.0433,-0.0283,0,-0.0416,0.9975,0.0569,0,0.0307,-0.0557,0.998,0,0.0062,19.525,-2.4818,1]},
{"frame":51,"values":[0.9987,0.0433,-0.0281,0,-0.0417,0.9975,0.057,0,0.0305,-0.0557,0.998,0,0.0062,19.525,-2.4818,1]},
{"frame":52,"values":[0.9987,0.0434,-0.0279,0,-0.0417,0.9975,0.0571,0,0.0303,-0.0558,0.998,0,0.0062,19.525,-2.4818,1]},
{"frame":53,"values":[0.9987,0.0434,-0.0278,0,-0.0418,0.9975,0.0572,0,0.0302,-0.0559,0.998,0,0.0062,19.525,-2.4818,1]},
{"frame":54,"values":[0.9987,0.0435,-0.0276,0,-0.0419,0.9975,0.0573,0,0.03,-0.056,0.998,0,0.0062,19.525,-2.4818,1]},
{"frame":55,"values":[0.9987,0.0436,-0.0274,0,-0.0419,0.9975,0.0573,0,0.0299,-0.0561,0.998,0,0.0062,19.525,-2.4818,1]},
{"frame":56,"values":[0.9987,0.0436,-0.0273,0,-0.042,0.9975,0.0574,0,0.0297,-0.0562,0.998,0,0.0062,19.525,-2.4818,1]},
{"frame":57,"values":[0.9987,0.0437,-0.0271,0,-0.0421,0.9975,0.0575,0,0.0295,-0.0563,0.998,0,0.0062,19.525,-2.4818,1]},
{"frame":58,"values":[0.9987,0.0437,-0.0269,0,-0.0421,0.9975,0.0576,0,0.0294,-0.0564,0.998,0,0.0062,19.525,-2.4818,1]},
{"frame":59,"values":[0.9987,0.0438,-0.0268,0,-0.0422,0.9974,0.0577,0,0.0292,-0.0565,0.998,0,0.0062,19.525,-2.4818,1]},
{"frame":60,"values":[0.9987,0.0438,-0.0266,0,-0.0423,0.9974,0.0578,0,0.0291,-0.0566,0.998,0,0.0062,19.525,-2.4818,1]},
{"frame":61,"values":[0.9987,0.0439,-0.0264,0,-0.0423,0.9974,0.0579,0,0.0289,-0.0567,0.998,0,0.0062,19.525,-2.4818,1]},
{"frame":62,"values":[0.9987,0.044,-0.0263,0,-0.0424,0.9974,0.0579,0,0.0287,-0.0567,0.998,0,0.0062,19.525,-2.4818,1]},
{"frame":63,"values":[0.9987,0.044,-0.0261,0,-0.0424,0.9974,0.058,0,0.0286,-0.0568,0.998,0,0.0062,19.525,-2.4818,1]},
{"frame":64,"values":[0.9987,0.0441,-0.0259,0,-0.0425,0.9974,0.0581,0,0.0284,-0.0569,0.998,0,0.0062,19.525,-2.4818,1]},
{"frame":65,"values":[0.9987,0.0441,-0.0257,0,-0.0426,0.9974,0.0582,0,0.0282,-0.057,0.998,0,0.0062,19.525,-2.4818,1]},
{"frame":66,"values":[0.9987,0.0442,-0.0256,0,-0.0426,0.9974,0.0583,0,0.0281,-0.0571,0.998,0,0.0062,19.525,-2.4818,1]},
{"frame":67,"values":[0.9987,0.0442,-0.0254,0,-0.0427,0.9974,0.0584,0,0.0279,-0.0572,0.998,0,0.0062,19.525,-2.4818,1]},
{"frame":68,"values":[0.9987,0.0443,-0.0252,0,-0.0428,0.9974,0.0584,0,0.0278,-0.0572,0.998,0,0.0062,19.525,-2.4818,1]},
{"frame":69,"values":[0.9987,0.0444,-0.0251,0,-0.0428,0.9974,0.0584,0,0.0276,-0.0573,0.998,0,0.0062,19.525,-2.4818,1]},
{"frame":70,"values":[0.9987,0.0444,-0.0249,0,-0.0429,0.9974,0.0585,0,0.0274,-0.0573,0.998,0,0.0062,19.525,-2.4818,1]},
{"frame":71,"values":[0.9987,0.0445,-0.0247,0,-0.043,0.9974,0.0585,0,0.0273,-0.0574,0.998,0,0.0062,19.525,-2.4818,1]},
{"frame":72,"values":[0.9987,0.0445,-0.0246,0,-0.043,0.9974,0.0586,0,0.0271,-0.0575,0.998,0,0.0062,19.525,-2.4818,1]},
{"frame":73,"values":[0.9987,0.0445,-0.0246,0,-0.043,0.9974,0.0586,0,0.0271,-0.0575,0.998,0,0.0062,19.525,-2.4818,1]}],"loopBehavior":1,"name":"anim","property":"_matrix"}},
{"name":"mixamorig:Spine1","index":2,"matrix":[0.9996,0.0271,-0.0053,0,-0.027,0.9994,0.0202,0,0.0059,-0.02,0.9998,0,-0.0009,22.835,-2.8254,1],"rest":[1,0,0,0,0,1,0,0,0,0,1,0,-0.0009,22.835,-2.8254,1],"parentBoneIndex":1,"length":26.7438
,"animation":{"dataType":3,"framePerSecond":24,"keys":[
{"frame":1,"values":[0.9996,0.0273,-0.0054,0,-0.0272,0.9994,0.0203,0,0.0059,-0.0201,0.9998,0,-0.0009,22.835,-2.8254,1]},
{"frame":2,"values":[0.9996,0.0273,-0.0054,0,-0.0272,0.9994,0.0198,0,0.0059,-0.0196,0.9998,0,-0.0009,22.835,-2.8254,1]},
{"frame":3,"values":[0.9996,0.0273,-0.0054,0,-0.0272,0.9994,0.0192,0,0.0059,-0.019,0.9998,0,-0.0009,22.835,-2.8254,1]},
{"frame":4,"values":[0.9996,0.0273,-0.0054,0,-0.0272,0.9995,0.0184,0,0.0059,-0.0183,0.9998,0,-0.0009,22.835,-2.8254,1]},
{"frame":5,"values":[0.9996,0.0273,-0.0055,0,-0.0272,0.9995,0.0176,0,0.0059,-0.0174,0.9998,0,-0.0009,22.835,-2.8254,1]},
{"frame":6,"values":[0.9996,0.0274,-0.0055,0,-0.0273,0.9995,0.0165,0,0.0059,-0.0164,0.9998,0,-0.0009,22.835,-2.8254,1]},
{"frame":7,"values":[0.9996,0.0275,-0.0052,0,-0.0274,0.9995,0.0153,0,0.0056,-0.0151,0.9999,0,-0.0009,22.835,-2.8254,1]},
{"frame":8,"values":[0.9996,0.0276,-0.0048,0,-0.0275,0.9995,0.0138,0,0.0052,-0.0136,0.9999,0,-0.0009,22.835,-2.8254,1]},
{"frame":9,"values":[0.9996,0.0278,-0.0045,0,-0.0277,0.9995,0.0122,0,0.0048,-0.0121,0.9999,0,-0.0009,22.835,-2.8254,1]},
{"frame":10,"values":[0.9996,0.0279,-0.0043,0,-0.0278,0.9996,0.0108,0,0.0046,-0.0107,0.9999,0,-0.0009,22.835,-2.8254,1]},
{"frame":11,"values":[0.9996,0.028,-0.0042,0,-0.028,0.9996,0.0095,0,0.0044,-0.0094,0.9999,0,-0.0009,22.835,-2.8254,1]},
{"frame":12,"values":[0.9996,0.0281,-0.0038,0,-0.0281,0.9996,0.0087,0,0.004,-0.0086,1,0,-0.0009,22.835,-2.8254,1]},
{"frame":13,"values":[0.9996,0.0282,-0.0034,0,-0.0282,0.9996,0.008,0,0.0036,-0.0079,1,0,-0.0009,22.835,-2.8254,1]},
{"frame":14,"values":[0.9996,0.0279,-0.003,0,-0.0279,0.9996,0.0072,0,0.0032,-0.0071,1,0,-0.0009,22.835,-2.8254,1]},
{"frame":15,"values":[0.9996,0.0276,-0.0026,0,-0.0276,0.9996,0.0064,0,0.0028,-0.0063,1,0,-0.0009,22.835,-2.8254,1]},
{"frame":16,"values":[0.9996,0.0273,-0.0027,0,-0.0273,0.9996,0.0056,0,0.0028,-0.0056,1,0,-0.0009,22.835,-2.8254,1]},
{"frame":17,"values":[0.9996,0.027,-0.0028,0,-0.027,0.9996,0.0049,0,0.0029,-0.0048,1,0,-0.0009,22.835,-2.8254,1]},
{"frame":18,"values":[0.9996,0.0267,-0.0027,0,-0.0267,0.9996,0.0041,0,0.0028,-0.004,1,0,-0.0009,22.835,-2.8254,1]},
{"frame":19,"values":[0.9996,0.0264,-0.0026,0,-0.0264,0.9996,0.0033,0,0.0027,-0.0033,1,0,-0.0009,22.835,-2.8254,1]},
{"frame":20,"values":[0.9997,0.0261,-0.0025,0,-0.0261,0.9997,0.0026,0,0.0025,-0.0025,1,0,-0.0009,22.835,-2.8254,1]},
{"frame":21,"values":[0.9997,0.0258,-0.003,0,-0.0258,0.9997,0.0018,0,0.003,-0.0017,1,0,-0.0009,22.835,-2.8254,1]},
{"frame":22,"values":[0.9997,0.0254,-0.0035,0,-0.0254,0.9997,0.001,0,0.0035,-0.0009,1,0,-0.0009,22.835,-2.8254,1]},
{"frame":23,"values":[0.9997,0.0251,-0.004,0,-0.0251,0.9997,0.0003,0,0.004,-0.0002,1,0,-0.0009,22.835,-2.8254,1]},
{"frame":24,"values":[0.9997,0.0248,-0.0045,0,-0.0248,0.9997,0.0019,0,0.0046,-0.0018,1,0,-0.0009,22.835,-2.8254,1]},
{"frame":25,"values":[0.9997,0.0245,-0.005,0,-0.0245,0.9997,0.0036,0,0.0051,-0.0035,1,0,-0.0009,22.835,-2.8254,1]},
{"frame":26,"values":[0.9997,0.0242,-0.0056,0,-0.0242,0.9997,0.0053,0,0.0057,-0.0051,1,0,-0.0009,22.835,-2.8254,1]},
{"frame":27,"values":[0.9997,0.0239,-0.0061,0,-0.0238,0.9997,0.0069,0,0.0062,-0.0068,1,0,-0.0009,22.835,-2.8254,1]},
{"frame":28,"values":[0.9997,0.0236,-0.0066,0,-0.0235,0.9997,0.0086,0,0.0068,-0.0084,0.9999,0,-0.0009,22.835,-2.8254,1]},
{"frame":29,"values":[0.9997,0.0233,-0.0071,0,-0.0232,0.9997,0.0103,0,0.0073,-0.0101,0.9999,0,-0.0009,22.835,-2.8254,1]},
{"frame":30,"values":[0.9997,0.023,-0.0076,0,-0.0229,0.9997,0.0119,0,0.0079,-0.0118,0.9999,0,-0.0009,22.835,-2.8254,1]},
{"frame":31,"values":[0.9997,0.0227,-0.0081,0,-0.0225,0.9997,0.0136,0,0.0084,-0.0134,0.9999,0,-0.0009,22.835,-2.8254,1]},
{"frame":32,"values":[0.9997,0.0223,-0.0087,0,-0.0222,0.9996,0.0153,0,0.009,-0.0151,0.9998,0,-0.0009,22.835,-2.8254,1]},
{"frame":33,"values":[0.9997,0.022,-0.0092,0,-0.0219,0.9996,0.0169,0,0.0095,-0.0167,0.9998,0,-0.0009,22.835,-2.8254,1]},
{"frame":34,"values":[0.9997,0.0217,-0.0097,0,-0.0216,0.9996,0.0186,0,0.0101,-0.0184,0.9998,0,-0.0009,22.835,-2.8254,1]},
{"frame":35,"values":[0.9997,0.0223,-0.0102,0,-0.0221,0.9996,0.0203,0,0.0107,-0.02,0.9997,0,-0.0009,22.835,-2.8254,1]},
{"frame":36,"values":[0.9997,0.0229,-0.0107,0,-0.0226,0.9995,0.0219,0,0.0112,-0.0217,0.9997,0,-0.0009,22.835,-2.8254,1]},
{"frame":37,"values":[0.9997,0.0235,-0.0112,0,-0.0232,0.9995,0.0205,0,0.0117,-0.0202,0.9997,0,-0.0009,22.835,-2.8254,1]},
{"frame":38,"values":[0.9996,0.024,-0.0117,0,-0.0238,0.9995,0.019,0,0.0122,-0.0188,0.9997,0,-0.0009,22.835,-2.8254,1]},
{"frame":39,"values":[0.9996,0.0235,-0.0123,0,-0.0233,0.9996,0.0176,0,0.0127,-0.0173,0.9998,0,-0.0009,22.835,-2.8254,1]},
{"frame":40,"values":[0.9997,0.0229,-0.0128,0,-0.0227,0.9996,0.0161,0,0.0131,-0.0159,0.9998,0,-0.0009,22.835,-2.8254,1]},
{"frame":41,"values":[0.9997,0.0224,-0.0133,0,-0.0222,0.9996,0.0147,0,0.0136,-0.0144,0.9998,0,-0.0009,22.835,-2.8254,1]},
{"frame":42,"values":[0.9997,0.0225,-0.0132,0,-0.0223,0.9996,0.015,0,0.0136,-0.0147,0.9998,0,-0.0009,22.835,-2.8254,1]},
{"frame":43,"values":[0.9997,0.0227,-0.0134,0,-0.0225,0.9996,0.0153,0,0.0137,-0.015,0.9998,0,-0.0009,22.835,-2.8254,1]},
{"frame":44,"values":[0.9996,0.0228,-0.0135,0,-0.0226,0.9996,0.0156,0,0.0138,-0.0153,0.9998,0,-0.0009,22.835,-2.8254,1]},
{"frame":45,"values":[0.9996,0.023,-0.0136,0,-0.0228,0.9996,0.016,0,0.014,-0.0156,0.9998,0,-0.0009,22.835,-2.8254,1]},
{"frame":46,"values":[0.9996,0.0231,-0.0137,0,-0.0229,0.9996,0.0163,0,0.0141,-0.016,0.9998,0,-0.0009,22.835,-2.8254,1]},
{"frame":47,"values":[0.9996,0.0233,-0.0134,0,-0.0231,0.9996,0.0166,0,0.0138,-0.0163,0.9998,0,-0.0009,22.835,-2.8254,1]},
{"frame":48,"values":[0.9996,0.0234,-0.0131,0,-0.0232,0.9996,0.0166,0,0.0135,-0.0163,0.9998,0,-0.0009,22.835,-2.8254,1]},
{"frame":49,"values":[0.9996,0.0236,-0.0128,0,-0.0234,0.9996,0.0166,0,0.0132,-0.0163,0.9998,0,-0.0009,22.835,-2.8254,1]},
{"frame":50,"values":[0.9996,0.0237,-0.0125,0,-0.0235,0.9996,0.0165,0,0.0129,-0.0162,0.9998,0,-0.0009,22.835,-2.8254,1]},
{"frame":51,"values":[0.9996,0.0239,-0.0122,0,-0.0237,0.9996,0.0167,0,0.0126,-0.0164,0.9998,0,-0.0009,22.835,-2.8254,1]},
{"frame":52,"values":[0.9996,0.024,-0.0119,0,-0.0238,0.9996,0.0169,0,0.0123,-0.0166,0.9998,0,-0.0009,22.835,-2.8254,1]},
{"frame":53,"values":[0.9996,0.0242,-0.0116,0,-0.024,0.9996,0.017,0,0.012,-0.0168,0.9998,0,-0.0009,22.835,-2.8254,1]},
{"frame":54,"values":[0.9996,0.0243,-0.0113,0,-0.0241,0.9996,0.0172,0,0.0117,-0.0169,0.9998,0,-0.0009,22.835,-2.8254,1]},
{"frame":55,"values":[0.9996,0.0245,-0.011,0,-0.0243,0.9996,0.0174,0,0.0114,-0.0171,0.9998,0,-0.0009,22.835,-2.8254,1]},
{"frame":56,"values":[0.9996,0.0246,-0.0107,0,-0.0244,0.9995,0.0175,0,0.0111,-0.0173,0.9998,0,-0.0009,22.835,-2.8254,1]},
{"frame":57,"values":[0.9996,0.0248,-0.0104,0,-0.0246,0.9995,0.0177,0,0.0108,-0.0174,0.9998,0,-0.0009,22.835,-2.8254,1]},
{"frame":58,"values":[0.9996,0.0249,-0.0101,0,-0.0247,0.9995,0.0179,0,0.0105,-0.0176,0.9998,0,-0.0009,22.835,-2.8254,1]},
{"frame":59,"values":[0.9996,0.0251,-0.0098,0,-0.0249,0.9995,0.018,0,0.0102,-0.0178,0.9998,0,-0.0009,22.835,-2.8254,1]},
{"frame":60,"values":[0.9996,0.0252,-0.0095,0,-0.025,0.9995,0.0182,0,0.0099,-0.018,0.9998,0,-0.0009,22.835,-2.8254,1]},
{"frame":61,"values":[0.9996,0.0254,-0.0092,0,-0.0252,0.9995,0.0184,0,0.0097,-0.0181,0.9998,0,-0.0009,22.835,-2.8254,1]},
{"frame":62,"values":[0.9996,0.0255,-0.0089,0,-0.0254,0.9995,0.0185,0,0.0094,-0.0183,0.9998,0,-0.0009,22.835,-2.8254,1]},
{"frame":63,"values":[0.9996,0.0257,-0.0086,0,-0.0255,0.9995,0.0187,0,0.0091,-0.0185,0.9998,0,-0.0009,22.835,-2.8254,1]},
{"frame":64,"values":[0.9996,0.0258,-0.0083,0,-0.0257,0.9995,0.0189,0,0.0088,-0.0187,0.9998,0,-0.0009,22.835,-2.8254,1]},
{"frame":65,"values":[0.9996,0.026,-0.008,0,-0.0258,0.9995,0.019,0,0.0085,-0.0188,0.9998,0,-0.0009,22.835,-2.8254,1]},
{"frame":66,"values":[0.9996,0.0261,-0.0077,0,-0.026,0.9995,0.0192,0,0.0082,-0.019,0.9998,0,-0.0009,22.835,-2.8254,1]},
{"frame":67,"values":[0.9996,0.0263,-0.0074,0,-0.0261,0.9995,0.0192,0,0.0079,-0.019,0.9998,0,-0.0009,22.835,-2.8254,1]},
{"frame":68,"values":[0.9996,0.0264,-0.0071,0,-0.0263,0.9995,0.0192,0,0.0076,-0.019,0.9998,0,-0.0009,22.835,-2.8254,1]},
{"frame":69,"values":[0.9996,0.0266,-0.0068,0,-0.0264,0.9995,0.0194,0,0.0073,-0.0192,0.9998,0,-0.0009,22.835,-2.8254,1]},
{"frame":70,"values":[0.9996,0.0267,-0.0065,0,-0.0266,0.9995,0.0197,0,0.007,-0.0195,0.9998,0,-0.0009,22.835,-2.8254,1]},
{"frame":71,"values":[0.9996,0.0269,-0.0062,0,-0.0267,0.9994,0.0199,0,0.0067,-0.0197,0.9998,0,-0.0009,22.835,-2.8254,1]},
{"frame":72,"values":[0.9996,0.027,-0.0059,0,-0.0269,0.9994,0.0201,0,0.0064,-0.02,0.9998,0,-0.0009,22.835,-2.8254,1]},
{"frame":73,"values":[0.9996,0.0271,-0.0053,0,-0.027,0.9994,0.0202,0,0.0059,-0.02,0.9998,0,-0.0009,22.835,-2.8254,1]}],"loopBehavior":1,"name":"anim","property":"_matrix"}},
{"name":"mixamorig:Spine2","index":3,"matrix":[0.9996,0.0271,-0.0057,0,-0.027,0.9994,0.0197,0,0.0063,-0.0196,0.9998,0,-0.0206,26.5524,-3.1933,1],"rest":[1,0,0,0,0,1,0,0,0,0,1,0,-0.0206,26.5525,-3.1933,1],"parentBoneIndex":2,"length":24.825
,"animation":{"dataType":3,"framePerSecond":24,"keys":[
{"frame":1,"values":[0.9996,0.0274,-0.0058,0,-0.0273,0.9994,0.0198,0,0.0063,-0.0197,0.9998,0,-0.0206,26.5525,-3.1933,1]},
{"frame":2,"values":[0.9996,0.0274,-0.0056,0,-0.0273,0.9994,0.0194,0,0.0062,-0.0192,0.9998,0,-0.0206,26.5525,-3.1933,1]},
{"frame":3,"values":[0.9996,0.0274,-0.0055,0,-0.0273,0.9995,0.0187,0,0.006,-0.0186,0.9998,0,-0.0206,26.5525,-3.1933,1]},
{"frame":4,"values":[0.9996,0.0274,-0.0053,0,-0.0273,0.9995,0.018,0,0.0058,-0.0178,0.9998,0,-0.0206,26.5525,-3.1933,1]},
{"frame":5,"values":[0.9996,0.0274,-0.0051,0,-0.0273,0.9995,0.0171,0,0.0056,-0.017,0.9998,0,-0.0206,26.5525,-3.1933,1]},
{"frame":6,"values":[0.9996,0.0274,-0.005,0,-0.0273,0.9995,0.0161,0,0.0054,-0.0159,0.9999,0,-0.0206,26.5525,-3.1933,1]},
{"frame":7,"values":[0.9996,0.0274,-0.0048,0,-0.0274,0.9995,0.0148,0,0.0052,-0.0147,0.9999,0,-0.0206,26.5525,-3.1933,1]},
{"frame":8,"values":[0.9996,0.0276,-0.0046,0,-0.0276,0.9995,0.0133,0,0.005,-0.0132,0.9999,0,-0.0206,26.5525,-3.1933,1]},
{"frame":9,"values":[0.9996,0.0278,-0.0045,0,-0.0277,0.9995,0.0118,0,0.0048,-0.0117,0.9999,0,-0.0206,26.5525,-3.1933,1]},
{"frame":10,"values":[0.9996,0.0279,-0.0043,0,-0.0278,0.9996,0.0103,0,0.0046,-0.0102,0.9999,0,-0.0206,26.5525,-3.1933,1]},
{"frame":11,"values":[0.9996,0.028,-0.0041,0,-0.028,0.9996,0.0091,0,0.0044,-0.0089,1,0,-0.0206,26.5525,-3.1933,1]},
{"frame":12,"values":[0.9996,0.0281,-0.004,0,-0.0281,0.9996,0.0083,0,0.0042,-0.0082,1,0,-0.0206,26.5525,-3.1933,1]},
{"frame":13,"values":[0.9996,0.0283,-0.0038,0,-0.0282,0.9996,0.0075,0,0.004,-0.0074,1,0,-0.0206,26.5525,-3.1933,1]},
{"frame":14,"values":[0.9996,0.0279,-0.0036,0,-0.0279,0.9996,0.0067,0,0.0038,-0.0066,1,0,-0.0206,26.5525,-3.1933,1]},
{"frame":15,"values":[0.9996,0.0276,-0.0035,0,-0.0276,0.9996,0.006,0,0.0036,-0.0059,1,0,-0.0206,26.5525,-3.1933,1]},
{"frame":16,"values":[0.9996,0.0273,-0.0033,0,-0.0273,0.9996,0.0052,0,0.0034,-0.0051,1,0,-0.0206,26.5525,-3.1933,1]},
{"frame":17,"values":[0.9996,0.027,-0.0031,0,-0.027,0.9996,0.0044,0,0.0032,-0.0044,1,0,-0.0206,26.5525,-3.1933,1]},
{"frame":18,"values":[0.9996,0.0267,-0.0035,0,-0.0267,0.9996,0.0037,0,0.0036,-0.0036,1,0,-0.0206,26.5525,-3.1933,1]},
{"frame":19,"values":[0.9996,0.0264,-0.0039,0,-0.0264,0.9996,0.0029,0,0.004,-0.0028,1,0,-0.0206,26.5525,-3.1933,1]},
{"frame":20,"values":[0.9997,0.0261,-0.0043,0,-0.0261,0.9997,0.0021,0,0.0043,-0.002,1,0,-0.0206,26.5524,-3.1933,1]},
{"frame":21,"values":[0.9997,0.0258,-0.0046,0,-0.0258,0.9997,0.0014,0,0.0047,-0.0012,1,0,-0.0206,26.5525,-3.1933,1]},
{"frame":22,"values":[0.9997,0.0255,-0.005,0,-0.0255,0.9997,0.0006,0,0.005,-0.0005,1,0,-0.0206,26.5525,-3.1933,1]},
{"frame":23,"values":[0.9997,0.0251,-0.0054,0,-0.0251,0.9997,-0.0002,0,0.0054,0.0003,1,0,-0.0206,26.5525,-3.1933,1]},
{"frame":24,"values":[0.9997,0.0248,-0.0058,0,-0.0248,0.9997,0.0015,0,0.0058,-0.0013,1,0,-0.0206,26.5525,-3.1933,1]},
{"frame":25,"values":[0.9997,0.0245,-0.0061,0,-0.0245,0.9997,0.0032,0,0.0062,-0.003,1,0,-0.0206,26.5525,-3.1933,1]},
{"frame":26,"values":[0.9997,0.0242,-0.0065,0,-0.0242,0.9997,0.0048,0,0.0066,-0.0047,1,0,-0.0206,26.5525,-3.1933,1]},
{"frame":27,"values":[0.9997,0.0239,-0.0069,0,-0.0238,0.9997,0.0065,0,0.007,-0.0063,1,0,-0.0206,26.5525,-3.1933,1]},
{"frame":28,"values":[0.9997,0.0236,-0.0073,0,-0.0235,0.9997,0.0082,0,0.0075,-0.008,0.9999,0,-0.0206,26.5525,-3.1933,1]},
{"frame":29,"values":[0.9997,0.0233,-0.0077,0,-0.0232,0.9997,0.0098,0,0.0079,-0.0096,0.9999,0,-0.0206,26.5524,-3.1933,1]},
{"frame":30,"values":[0.9997,0.023,-0.008,0,-0.0229,0.9997,0.0115,0,0.0083,-0.0113,0.9999,0,-0.0206,26.5525,-3.1933,1]},
{"frame":31,"values":[0.9997,0.0226,-0.0084,0,-0.0225,0.9997,0.0132,0,0.0087,-0.013,0.9999,0,-0.0206,26.5525,-3.1933,1]},
{"frame":32,"values":[0.9997,0.0223,-0.0088,0,-0.0222,0.9996,0.0148,0,0.0091,-0.0146,0.9999,0,-0.0206,26.5525,-3.1933,1]},
{"frame":33,"values":[0.9997,0.022,-0.0092,0,-0.0219,0.9996,0.0165,0,0.0095,-0.0163,0.9998,0,-0.0206,26.5525,-3.1933,1]},
{"frame":34,"values":[0.9997,0.0217,-0.0095,0,-0.0215,0.9996,0.0181,0,0.0099,-0.0179,0.9998,0,-0.0206,26.5525,-3.1933,1]},
{"frame":35,"values":[0.9997,0.0223,-0.0099,0,-0.0221,0.9996,0.0198,0,0.0104,-0.0196,0.9998,0,-0.0206,26.5525,-3.1933,1]},
{"frame":36,"values":[0.9997,0.0229,-0.0103,0,-0.0227,0.9995,0.0215,0,0.0108,-0.0212,0.9997,0,-0.0206,26.5525,-3.1933,1]},
{"frame":37,"values":[0.9997,0.0235,-0.0107,0,-0.0233,0.9995,0.02,0,0.0111,-0.0198,0.9997,0,-0.0206,26.5525,-3.1933,1]},
{"frame":38,"values":[0.9996,0.0241,-0.0111,0,-0.0239,0.9995,0.0186,0,0.0115,-0.0183,0.9998,0,-0.0206,26.5525,-3.1933,1]},
{"frame":39,"values":[0.9997,0.0235,-0.0114,0,-0.0233,0.9996,0.0171,0,0.0118,-0.0169,0.9998,0,-0.0206,26.5525,-3.1933,1]},
{"frame":40,"values":[0.9997,0.023,-0.0118,0,-0.0228,0.9996,0.0157,0,0.0122,-0.0154,0.9998,0,-0.0206,26.5525,-3.1933,1]},
{"frame":41,"values":[0.9997,0.0224,-0.0122,0,-0.0223,0.9997,0.0143,0,0.0125,-0.014,0.9998,0,-0.0206,26.5524,-3.1933,1]},
{"frame":42,"values":[0.9997,0.0226,-0.0126,0,-0.0224,0.9996,0.0145,0,0.0129,-0.0142,0.9998,0,-0.0206,26.5525,-3.1933,1]},
{"frame":43,"values":[0.9997,0.0227,-0.0129,0,-0.0225,0.9996,0.0148,0,0.0133,-0.0145,0.9998,0,-0.0206,26.5525,-3.1933,1]},
{"frame":44,"values":[0.9996,0.0229,-0.0133,0,-0.0227,0.9996,0.0151,0,0.0137,-0.0148,0.9998,0,-0.0206,26.5525,-3.1933,1]},
{"frame":45,"values":[0.9996,0.023,-0.0137,0,-0.0228,0.9996,0.0153,0,0.014,-0.015,0.9998,0,-0.0206,26.5525,-3.1933,1]},
{"frame":46,"values":[0.9996,0.0232,-0.0141,0,-0.0229,0.9996,0.0156,0,0.0144,-0.0153,0.9998,0,-0.0206,26.5525,-3.1933,1]},
{"frame":47,"values":[0.9996,0.0233,-0.0138,0,-0.0231,0.9996,0.0159,0,0.0141,-0.0156,0.9998,0,-0.0206,26.5525,-3.1933,1]},
{"frame":48,"values":[0.9996,0.0235,-0.0135,0,-0.0232,0.9996,0.0161,0,0.0138,-0.0158,0.9998,0,-0.0206,26.5525,-3.1933,1]},
{"frame":49,"values":[0.9996,0.0236,-0.0131,0,-0.0234,0.9996,0.0161,0,0.0135,-0.0158,0.9998,0,-0.0206,26.5525,-3.1933,1]},
{"frame":50,"values":[0.9996,0.0237,-0.0128,0,-0.0235,0.9996,0.0161,0,0.0132,-0.0158,0.9998,0,-0.0206,26.5525,-3.1933,1]},
{"frame":51,"values":[0.9996,0.0239,-0.0125,0,-0.0237,0.9996,0.0163,0,0.0129,-0.016,0.9998,0,-0.0206,26.5525,-3.1933,1]},
{"frame":52,"values":[0.9996,0.024,-0.0122,0,-0.0238,0.9996,0.0164,0,0.0126,-0.0161,0.9998,0,-0.0206,26.5525,-3.1933,1]},
{"frame":53,"values":[0.9996,0.0242,-0.0119,0,-0.024,0.9996,0.0166,0,0.0123,-0.0163,0.9998,0,-0.0206,26.5525,-3.1933,1]},
{"frame":54,"values":[0.9996,0.0243,-0.0116,0,-0.0241,0.9996,0.0168,0,0.012,-0.0165,0.9998,0,-0.0206,26.5525,-3.1933,1]},
{"frame":55,"values":[0.9996,0.0245,-0.0113,0,-0.0243,0.9996,0.0169,0,0.0117,-0.0166,0.9998,0,-0.0206,26.5525,-3.1933,1]},
{"frame":56,"values":[0.9996,0.0246,-0.011,0,-0.0244,0.9996,0.0171,0,0.0114,-0.0168,0.9998,0,-0.0206,26.5525,-3.1933,1]},
{"frame":57,"values":[0.9996,0.0248,-0.0107,0,-0.0246,0.9995,0.0173,0,0.0111,-0.017,0.9998,0,-0.0206,26.5525,-3.1933,1]},
{"frame":58,"values":[0.9996,0.0249,-0.0104,0,-0.0247,0.9995,0.0174,0,0.0108,-0.0172,0.9998,0,-0.0206,26.5525,-3.1933,1]},
{"frame":59,"values":[0.9996,0.0251,-0.0101,0,-0.0249,0.9995,0.0176,0,0.0105,-0.0173,0.9998,0,-0.0206,26.5525,-3.1933,1]},
{"frame":60,"values":[0.9996,0.0252,-0.0097,0,-0.025,0.9995,0.0178,0,0.0102,-0.0175,0.9998,0,-0.0206,26.5525,-3.1933,1]},
{"frame":61,"values":[0.9996,0.0254,-0.0094,0,-0.0252,0.9995,0.0179,0,0.0099,-0.0177,0.9998,0,-0.0206,26.5525,-3.1933,1]},
{"frame":62,"values":[0.9996,0.0255,-0.0091,0,-0.0253,0.9995,0.0181,0,0.0096,-0.0179,0.9998,0,-0.0206,26.5525,-3.1933,1]},
{"frame":63,"values":[0.9996,0.0257,-0.0088,0,-0.0255,0.9995,0.0183,0,0.0093,-0.018,0.9998,0,-0.0206,26.5525,-3.1933,1]},
{"frame":64,"values":[0.9996,0.0258,-0.0085,0,-0.0256,0.9995,0.0184,0,0.009,-0.0182,0.9998,0,-0.0206,26.5525,-3.1933,1]},
{"frame":65,"values":[0.9996,0.026,-0.0082,0,-0.0258,0.9995,0.0186,0,0.0087,-0.0184,0.9998,0,-0.0206,26.5525,-3.1933,1]},
{"frame":66,"values":[0.9996,0.0261,-0.0079,0,-0.0259,0.9995,0.0188,0,0.0084,-0.0186,0.9998,0,-0.0206,26.5525,-3.1933,1]},
{"frame":67,"values":[0.9996,0.0262,-0.0076,0,-0.0261,0.9995,0.0188,0,0.0081,-0.0186,0.9998,0,-0.0206,26.5525,-3.1933,1]},
{"frame":68,"values":[0.9996,0.0264,-0.0073,0,-0.0263,0.9995,0.0188,0,0.0078,-0.0186,0.9998,0,-0.0206,26.5525,-3.1933,1]},
{"frame":69,"values":[0.9996,0.0265,-0.007,0,-0.0264,0.9995,0.019,0,0.0075,-0.0188,0.9998,0,-0.0206,26.5525,-3.1933,1]},
{"frame":70,"values":[0.9996,0.0267,-0.0067,0,-0.0266,0.9995,0.0192,0,0.0072,-0.019,0.9998,0,-0.0206,26.5525,-3.1933,1]},
{"frame":71,"values":[0.9996,0.0268,-0.0064,0,-0.0267,0.9995,0.0195,0,0.0069,-0.0193,0.9998,0,-0.0206,26.5525,-3.1933,1]},
{"frame":72,"values":[0.9996,0.027,-0.006,0,-0.0269,0.9994,0.0197,0,0.0066,-0.0195,0.9998,0,-0.0206,26.5525,-3.1933,1]},
{"frame":73,"values":[0.9996,0.0271,-0.0057,0,-0.027,0.9994,0.0197,0,0.0063,-0.0196,0.9998,0,-0.0206,26.5524,-3.1933,1]}],"loopBehavior":1,"name":"anim","property":"_matrix"}},
{"name":"mixamorig:Neck","index":4,"matrix":[1,0.0077,0.0023,0,-0.0079,0.9952,0.0978,0,-0.0015,-0.0978,0.9952,0,-0.06,30.7018,1.3522,1],"rest":[1,0,0,0,0,1,0,0,0,0,1,0,-0.06,30.7018,1.3522,1],"parentBoneIndex":3,"length":22.8446
,"animation":{"dataType":3,"framePerSecond":24,"keys":[
{"frame":1,"values":[1,0.0078,0.002,0,-0.0079,0.9952,0.098,0,-0.0012,-0.098,0.9952,0,-0.06,30.7018,1.3522,1]},
{"frame":2,"values":[1,0.0073,0.002,0,-0.0075,0.9952,0.098,0,-0.0012,-0.098,0.9952,0,-0.06,30.7018,1.3522,1]},
{"frame":3,"values":[1,0.0068,0.0018,0,-0.007,0.9952,0.0977,0,-0.0011,-0.0977,0.9952,0,-0.06,30.7018,1.3522,1]},
{"frame":4,"values":[1,0.0064,0.0016,0,-0.0065,0.9953,0.0964,0,-0.001,-0.0964,0.9953,0,-0.06,30.7018,1.3522,1]},
{"frame":5,"values":[1,0.006,0.0013,0,-0.006,0.9955,0.0942,0,-0.0007,-0.0942,0.9956,0,-0.06,30.7019,1.3522,1]},
{"frame":6,"values":[1,0.0055,0.0009,0,-0.0055,0.9958,0.0911,0,-0.0004,-0.0911,0.9958,0,-0.06,30.7018,1.3522,1]},
{"frame":7,"values":[1,0.0051,0.0005,0,-0.0051,0.9962,0.0874,0,-0.0001,-0.0874,0.9962,0,-0.06,30.7018,1.3522,1]},
{"frame":8,"values":[1,0.005,0.0002,0,-0.005,0.9965,0.0831,0,0.0002,-0.0831,0.9965,0,-0.06,30.7018,1.3522,1]},
{"frame":9,"values":[1,0.0049,0,0,-0.0049,0.9969,0.0785,0,0.0004,-0.0785,0.9969,0,-0.06,30.7019,1.3522,1]},
{"frame":10,"values":[1,0.0048,-0.0003,0,-0.0048,0.9973,0.0732,0,0.0006,-0.0732,0.9973,0,-0.06,30.7018,1.3522,1]},
{"frame":11,"values":[1,0.0048,-0.0005,0,-0.0047,0.9977,0.0672,0,0.0008,-0.0672,0.9977,0,-0.06,30.7018,1.3522,1]},
{"frame":12,"values":[1,0.0047,-0.0008,0,-0.0046,0.998,0.063,0,0.0011,-0.063,0.998,0,-0.06,30.7018,1.3522,1]},
{"frame":13,"values":[1,0.0046,-0.001,0,-0.0046,0.9983,0.0587,0,0.0013,-0.0587,0.9983,0,-0.06,30.7018,1.3522,1]},
{"frame":14,"values":[1,0.0048,-0.0013,0,-0.0047,0.9985,0.0545,0,0.0016,-0.0545,0.9985,0,-0.06,30.7019,1.3522,1]},
{"frame":15,"values":[1,0.005,-0.0011,0,-0.0049,0.9987,0.0503,0,0.0014,-0.0503,0.9987,0,-0.06,30.7018,1.3522,1]},
{"frame":16,"values":[1,0.0052,-0.0009,0,-0.0051,0.9989,0.046,0,0.0012,-0.046,0.9989,0,-0.06,30.7019,1.3522,1]},
{"frame":17,"values":[1,0.0054,-0.0007,0,-0.0053,0.9991,0.0418,0,0.001,-0.0418,0.9991,0,-0.06,30.7018,1.3522,1]},
{"frame":18,"values":[1,0.0055,-0.0006,0,-0.0055,0.9993,0.0376,0,0.0008,-0.0376,0.9993,0,-0.06,30.7018,1.3522,1]},
