{"producer":{"name":"Blender","version":"2.79 (sub 0)","exporter_version":"5.6.4","file":"salutegesture.babylon"},
"autoClear":true,"clearColor":[0.0509,0.0509,0.0509],"ambientColor":[0,0,0],"gravity":[0,-9.81,0],
"materials":[{"name":"salutegesture.Material","id":"salutegesture.Material","ambient":[0,0,0],"diffuse":[0,0,0],"specular":[0,0,0],"emissive":[0,0,0],"specularPower":50,"alpha":0.001,"backFaceCulling":true,"checkReadyOnlyOnce":false,"maxSimultaneousLights":4}],
"multiMaterials":[],
"skeletons":[{"name":"Armature","id":0,"dimensionsAtRest":[379.1952,391.6652,55.677],"bones":[
{"name":"mixamorig:Hips","index":0,"matrix":[0.998,-0.0187,-0.0597,0,0.0182,0.9998,-0.0098,0,-0.0599,-0.0086,-0.9982,0,0.0962,201.079,-0.2514,1],"rest":[1,0,0,0,0,1,0,0,0,0,-1,0,0,201.6394,0,1],"parentBoneIndex":-1,"length":21.6784
,"animation":{"dataType":3,"framePerSecond":24,"keys":[
{"frame":1,"values":[0.9981,-0.0144,-0.0597,0,0.0138,0.9999,-0.0098,0,-0.0598,-0.0089,-0.9982,0,0.0962,201.0374,-0.2514,1]},
{"frame":2,"values":[0.998,-0.0144,-0.061,0,0.0139,0.9999,-0.0091,0,-0.0611,-0.0082,-0.9981,0,0.0992,201.0361,-0.2304,1]},
{"frame":3,"values":[0.9978,-0.0144,-0.0643,0,0.014,0.9999,-0.008,0,-0.0644,-0.0071,-0.9979,0,0.1786,201.0348,-0.1835,1]},
{"frame":4,"values":[0.9975,-0.0145,-0.0688,0,0.014,0.9999,-0.0068,0,-0.0689,-0.0058,-0.9976,0,0.258,201.0335,-0.1222,1]},
{"frame":5,"values":[0.9972,-0.0145,-0.0738,0,0.0141,0.9999,-0.0054,0,-0.0739,-0.0044,-0.9973,0,0.3375,201.0322,-0.0527,1]},
{"frame":6,"values":[0.9967,-0.0145,-0.0795,0,0.0143,0.9999,-0.0039,0,-0.0795,-0.0027,-0.9968,0,0.4169,201.0309,0.0242,1]},
{"frame":7,"values":[0.9963,-0.0146,-0.0853,0,0.0144,0.9999,-0.0021,0,-0.0853,-0.0009,-0.9964,0,0.516,201.0296,0.1024,1]},
{"frame":8,"values":[0.9957,-0.0146,-0.0911,0,0.0146,0.9999,-0.0003,0,-0.0911,0.0011,-0.9958,0,0.6103,201.0284,0.1774,1]},
{"frame":9,"values":[0.9952,-0.0146,-0.0966,0,0.0149,0.9999,0.0017,0,-0.0965,0.0031,-0.9953,0,0.69,201.0271,0.2454,1]},
{"frame":10,"values":[0.9947,-0.0146,-0.1013,0,0.0151,0.9999,0.0037,0,-0.1012,0.0052,-0.9948,0,0.7227,201.0258,0.2789,1]},
{"frame":11,"values":[0.9945,-0.0147,-0.1034,0,0.0152,0.9999,0.0044,0,-0.1033,0.0059,-0.9946,0,0.7553,201.0245,0.3124,1]},
{"frame":12,"values":[0.9943,-0.0147,-0.1054,0,0.0153,0.9999,0.005,0,-0.1053,0.0066,-0.9944,0,0.788,201.0232,0.3459,1]},
{"frame":13,"values":[0.9941,-0.0147,-0.1075,0,0.0154,0.9999,0.0057,0,-0.1074,0.0074,-0.9942,0,0.7477,201.0219,0.3794,1]},
{"frame":14,"values":[0.9939,-0.0148,-0.1095,0,0.0156,0.9999,0.0064,0,-0.1094,0.0081,-0.994,0,0.7073,201.0206,0.4129,1]},
{"frame":15,"values":[0.9941,-0.0148,-0.1074,0,0.0157,0.9999,0.0071,0,-0.1073,0.0087,-0.9942,0,0.667,201.0193,0.3681,1]},
{"frame":16,"values":[0.9943,-0.0148,-0.1053,0,0.0157,0.9998,0.0078,0,-0.1051,0.0094,-0.9944,0,0.6266,201.0181,0.3232,1]},
{"frame":17,"values":[0.9946,-0.0149,-0.1032,0,0.0158,0.9998,0.0085,0,-0.103,0.0101,-0.9946,0,0.5863,201.0168,0.2783,1]},
{"frame":18,"values":[0.9948,-0.0149,-0.101,0,0.0159,0.9998,0.0092,0,-0.1009,0.0107,-0.9948,0,0.5459,201.0155,0.2334,1]},
{"frame":19,"values":[0.995,-0.0149,-0.0989,0,0.016,0.9998,0.0099,0,-0.0987,0.0114,-0.995,0,0.5056,201.0142,0.1885,1]},
{"frame":20,"values":[0.9952,-0.015,-0.0968,0,0.0161,0.9998,0.0106,0,-0.0966,0.0121,-0.9953,0,0.4652,201.0129,0.1436,1]},
{"frame":21,"values":[0.9954,-0.015,-0.0946,0,0.0162,0.9998,0.0112,0,-0.0944,0.0127,-0.9954,0,0.4249,201.0116,0.0987,1]},
{"frame":22,"values":[0.9956,-0.0151,-0.0925,0,0.0162,0.9998,0.0119,0,-0.0923,0.0134,-0.9956,0,0.3845,201.0103,0.0538,1]},
{"frame":23,"values":[0.9958,-0.0151,-0.0904,0,0.0163,0.9998,0.0126,0,-0.0902,0.014,-0.9958,0,0.3442,201.009,0.0089,1]},
{"frame":24,"values":[0.9957,-0.0151,-0.091,0,0.0164,0.9998,0.0133,0,-0.0908,0.0148,-0.9958,0,0.3754,201.0078,-0.036,1]},
{"frame":25,"values":[0.9957,-0.0152,-0.0917,0,0.0165,0.9998,0.014,0,-0.0915,0.0155,-0.9957,0,0.4067,201.0065,-0.0809,1]},
{"frame":26,"values":[0.9956,-0.0152,-0.0924,0,0.0166,0.9998,0.0147,0,-0.0921,0.0162,-0.9956,0,0.438,201.0052,-0.1258,1]},
{"frame":27,"values":[0.9955,-0.0152,-0.0931,0,0.0166,0.9998,0.0142,0,-0.0928,0.0157,-0.9956,0,0.4692,201.0039,-0.1707,1]},
{"frame":28,"values":[0.9955,-0.0153,-0.0937,0,0.0166,0.9998,0.0137,0,-0.0935,0.0152,-0.9955,0,0.5005,201.0026,-0.2156,1]},
{"frame":29,"values":[0.9954,-0.0153,-0.0944,0,0.0166,0.9998,0.0133,0,-0.0942,0.0148,-0.9954,0,0.5318,201.0013,-0.1329,1]},
{"frame":30,"values":[0.9954,-0.0153,-0.0951,0,0.0166,0.9998,0.0128,0,-0.0948,0.0143,-0.9954,0,0.563,201,-0.0502,1]},
{"frame":31,"values":[0.9953,-0.0154,-0.0957,0,0.0166,0.9998,0.0123,0,-0.0955,0.0139,-0.9953,0,0.5943,200.9988,0.0325,1]},
{"frame":32,"values":[0.9952,-0.0154,-0.0964,0,0.0166,0.9998,0.0119,0,-0.0962,0.0134,-0.9953,0,0.6256,201.0026,0.1152,1]},
{"frame":33,"values":[0.9952,-0.0155,-0.0971,0,0.0166,0.9998,0.0114,0,-0.0969,0.0129,-0.9952,0,0.6568,201.0065,0.1979,1]},
{"frame":34,"values":[0.9951,-0.0155,-0.0977,0,0.0166,0.9998,0.0109,0,-0.0976,0.0125,-0.9952,0,0.6881,201.0103,0.2806,1]},
{"frame":35,"values":[0.995,-0.0155,-0.0984,0,0.0166,0.9998,0.0104,0,-0.0982,0.012,-0.9951,0,0.7194,201.0141,0.3633,1]},
{"frame":36,"values":[0.9954,-0.0156,-0.0944,0,0.0166,0.9998,0.01,0,-0.0942,0.0115,-0.9955,0,0.7506,201.018,0.446,1]},
{"frame":37,"values":[0.9958,-0.0156,-0.0904,0,0.0166,0.9998,0.0107,0,-0.0902,0.0122,-0.9958,0,0.7819,201.0218,0.5287,1]},
{"frame":38,"values":[0.9961,-0.0156,-0.0864,0,0.0167,0.9998,0.0115,0,-0.0862,0.0129,-0.9962,0,0.8132,201.0257,0.6114,1]},
{"frame":39,"values":[0.9965,-0.0157,-0.0824,0,0.0167,0.9998,0.0122,0,-0.0822,0.0136,-0.9965,0,0.8444,201.0295,0.6941,1]},
{"frame":40,"values":[0.9968,-0.0157,-0.0784,0,0.0168,0.9998,0.013,0,-0.0781,0.0143,-0.9968,0,0.8757,201.0333,0.7768,1]},
{"frame":41,"values":[0.9971,-0.0158,-0.0743,0,0.0167,0.9998,0.0114,0,-0.0741,0.0127,-0.9972,0,0.907,201.0372,0.8595,1]},
{"frame":42,"values":[0.9974,-0.0158,-0.0703,0,0.0165,0.9998,0.0099,0,-0.0702,0.011,-0.9975,0,0.9382,201.0318,0.9422,1]},
{"frame":43,"values":[0.9977,-0.0158,-0.0663,0,0.0164,0.9998,0.0083,0,-0.0662,0.0094,-0.9978,0,0.9695,201.0265,1.0249,1]},
{"frame":44,"values":[0.9979,-0.0159,-0.0623,0,0.0163,0.9998,0.0068,0,-0.0622,0.0078,-0.998,0,1.0008,201.0212,1.1075,1]},
{"frame":45,"values":[0.9982,-0.0159,-0.0583,0,0.0163,0.9999,0.0052,0,-0.0582,0.0062,-0.9983,0,1.032,201.0425,1.1902,1]},
{"frame":46,"values":[0.9979,-0.0159,-0.0635,0,0.0162,0.9999,0.0037,0,-0.0635,0.0047,-0.998,0,1.0633,201.0638,1.2729,1]},
{"frame":47,"values":[0.9975,-0.016,-0.0688,0,0.0162,0.9999,0.0021,0,-0.0688,0.0032,-0.9976,0,1.0117,201.0851,1.3556,1]},
{"frame":48,"values":[0.9971,-0.0164,-0.0741,0,0.0166,0.9999,0.0029,0,-0.074,0.0041,-0.9972,0,0.9601,201.0841,1.3399,1]},
{"frame":49,"values":[0.9967,-0.0168,-0.0794,0,0.0171,0.9998,0.0036,0,-0.0793,0.0049,-0.9968,0,0.9084,201.0831,1.3241,1]},
{"frame":50,"values":[0.9963,-0.0171,-0.0846,0,0.0176,0.9998,0.0043,0,-0.0845,0.0058,-0.9964,0,0.8568,201.0821,1.3084,1]},
{"frame":51,"values":[0.9958,-0.0175,-0.0899,0,0.018,0.9998,0.005,0,-0.0898,0.0066,-0.9959,0,0.8052,201.0811,1.2926,1]},
{"frame":52,"values":[0.9961,-0.0179,-0.086,0,0.0185,0.9998,0.0057,0,-0.0859,0.0073,-0.9963,0,0.7536,201.08,1.2769,1]},
{"frame":53,"values":[0.9965,-0.0183,-0.0822,0,0.0188,0.9998,0.0046,0,-0.0821,0.0062,-0.9966,0,0.702,201.079,1.2611,1]},
{"frame":54,"values":[0.9968,-0.0187,-0.0783,0,0.019,0.9998,0.0036,0,-0.0782,0.0051,-0.9969,0,0.6504,201.079,1.2454,1]},
{"frame":55,"values":[0.9971,-0.0187,-0.0744,0,0.019,0.9998,0.0025,0,-0.0743,0.0039,-0.9972,0,0.5988,201.079,1.2457,1]},
{"frame":56,"values":[0.9973,-0.0187,-0.0705,0,0.0189,0.9998,0.0015,0,-0.0705,0.0028,-0.9975,0,0.5471,201.079,1.144,1]},
{"frame":57,"values":[0.9976,-0.0187,-0.0666,0,0.0188,0.9998,0.0004,0,-0.0666,0.0017,-0.9978,0,0.4955,201.079,1.0423,1]},
{"frame":58,"values":[0.9979,-0.0188,-0.0628,0,0.0188,0.9998,-0.0006,0,-0.0628,0.0005,-0.998,0,0.4439,201.079,0.9406,1]},
{"frame":59,"values":[0.9981,-0.0188,-0.0589,0,0.0187,0.9998,-0.0017,0,-0.0589,-0.0006,-0.9983,0,0.3923,201.079,0.839,1]},
{"frame":60,"values":[0.9983,-0.0188,-0.055,0,0.0186,0.9998,-0.0028,0,-0.055,-0.0017,-0.9985,0,0.3407,201.079,0.7373,1]},
{"frame":61,"values":[0.9985,-0.0188,-0.0511,0,0.0186,0.9998,-0.0038,0,-0.0512,-0.0029,-0.9987,0,0.2891,201.079,0.6356,1]},
{"frame":62,"values":[0.9987,-0.0187,-0.0472,0,0.0185,0.9998,-0.0049,0,-0.0473,-0.004,-0.9989,0,0.2375,201.079,0.5339,1]},
{"frame":63,"values":[0.9986,-0.0187,-0.0491,0,0.0185,0.9998,-0.0059,0,-0.0492,-0.005,-0.9988,0,0.1858,201.079,0.4322,1]},
{"frame":64,"values":[0.9985,-0.0187,-0.051,0,0.0184,0.9998,-0.007,0,-0.0511,-0.0061,-0.9987,0,0.1342,201.079,0.3306,1]},
{"frame":65,"values":[0.9984,-0.0187,-0.0529,0,0.0183,0.9998,-0.0081,0,-0.053,-0.0071,-0.9986,0,0.1363,201.079,0.2289,1]},
{"frame":66,"values":[0.9983,-0.0187,-0.0548,0,0.0183,0.9998,-0.0091,0,-0.055,-0.0081,-0.9985,0,0.1296,201.079,0.1272,1]},
{"frame":67,"values":[0.9982,-0.0187,-0.0567,0,0.0182,0.9998,-0.0102,0,-0.0569,-0.0091,-0.9983,0,0.1229,201.079,0.0255,1]},
{"frame":68,"values":[0.9981,-0.0187,-0.0586,0,0.0182,0.9998,-0.0101,0,-0.0588,-0.009,-0.9982,0,0.1162,201.079,-0.0761,1]},
{"frame":69,"values":[0.998,-0.0187,-0.0597,0,0.0182,0.9998,-0.0098,0,-0.0599,-0.0086,-0.9982,0,0.0962,201.079,-0.2514,1]}],"loopBehavior":1,"name":"anim","property":"_matrix"}},
{"name":"mixamorig:Spine","index":1,"matrix":[0.9996,-0.0004,-0.0275,0,0.0018,0.9988,0.0499,0,0.0274,-0.05,0.9984,0,0.0062,19.525,-2.4818,1],"rest":[1,0,0,0,0,1,0,0,0,0,1,0,0.0062,19.525,-2.4818,1],"parentBoneIndex":0,"length":23.0091
,"animation":{"dataType":3,"framePerSecond":24,"keys":[
{"frame":1,"values":[0.9996,-0.0004,-0.0275,0,0.0018,0.9988,0.0499,0,0.0274,-0.05,0.9984,0,0.0062,19.525,-2.4818,1]},
{"frame":2,"values":[0.9996,-0.0013,-0.0282,0,0.0027,0.9987,0.0502,0,0.0281,-0.0503,0.9983,0,0.0062,19.525,-2.4818,1]},
{"frame":3,"values":[0.9996,-0.0028,-0.0287,0,0.0043,0.9987,0.0504,0,0.0286,-0.0505,0.9983,0,0.0062,19.525,-2.4818,1]},
{"frame":4,"values":[0.9996,-0.0044,-0.0291,0,0.0059,0.9987,0.0505,0,0.0288,-0.0506,0.9983,0,0.0062,19.525,-2.4818,1]},
{"frame":5,"values":[0.9996,-0.0053,-0.0287,0,0.0068,0.9987,0.0501,0,0.0284,-0.0503,0.9983,0,0.0062,19.525,-2.4818,1]},
{"frame":6,"values":[0.9996,-0.0062,-0.0276,0,0.0076,0.9988,0.0489,0,0.0272,-0.0491,0.9984,0,0.0062,19.525,-2.4818,1]},
{"frame":7,"values":[0.9996,-0.0071,-0.026,0,0.0084,0.9988,0.0477,0,0.0256,-0.0479,0.9985,0,0.0062,19.525,-2.4818,1]},
{"frame":8,"values":[0.9997,-0.008,-0.0241,0,0.0091,0.9989,0.0465,0,0.0237,-0.0467,0.9986,0,0.0062,19.525,-2.4818,1]},
{"frame":9,"values":[0.9997,-0.0089,-0.0225,0,0.0099,0.9989,0.0453,0,0.0221,-0.0455,0.9987,0,0.0062,19.525,-2.4818,1]},
{"frame":10,"values":[0.9997,-0.0098,-0.0215,0,0.0107,0.999,0.0439,0,0.0211,-0.0441,0.9988,0,0.0062,19.525,-2.4818,1]},
{"frame":11,"values":[0.9997,-0.0107,-0.0209,0,0.0116,0.999,0.0426,0,0.0204,-0.0429,0.9989,0,0.0062,19.525,-2.4818,1]},
{"frame":12,"values":[0.9997,-0.0116,-0.0208,0,0.0124,0.9991,0.0414,0,0.0203,-0.0416,0.9989,0,0.0062,19.525,-2.4818,1]},
{"frame":13,"values":[0.9997,-0.0125,-0.0212,0,0.0133,0.9991,0.0398,0,0.0206,-0.04,0.999,0,0.0062,19.525,-2.4818,1]},
{"frame":14,"values":[0.9997,-0.0134,-0.0218,0,0.0142,0.9992,0.0385,0,0.0212,-0.0388,0.999,0,0.0062,19.525,-2.4818,1]},
{"frame":15,"values":[0.9996,-0.0143,-0.0228,0,0.0151,0.9992,0.0373,0,0.0223,-0.0376,0.999,0,0.0062,19.525,-2.4818,1]},
{"frame":16,"values":[0.9996,-0.0152,-0.0241,0,0.016,0.9992,0.036,0,0.0235,-0.0364,0.9991,0,0.0062,19.525,-2.4818,1]},
{"frame":17,"values":[0.9996,-0.0161,-0.0253,0,0.0169,0.9993,0.0347,0,0.0247,-0.0352,0.9991,0,0.0062,19.525,-2.4818,1]},
{"frame":18,"values":[0.9995,-0.0169,-0.0265,0,0.0178,0.9993,0.0335,0,0.0259,-0.0339,0.9991,0,0.0062,19.525,-2.4818,1]},
{"frame":19,"values":[0.9995,-0.0178,-0.0277,0,0.0187,0.9993,0.0322,0,0.0271,-0.0327,0.9991,0,0.0062,19.525,-2.4818,1]},
{"frame":20,"values":[0.9994,-0.0187,-0.029,0,0.0196,0.9993,0.031,0,0.0284,-0.0315,0.9991,0,0.0062,19.525,-2.4818,1]},
{"frame":21,"values":[0.9994,-0.0196,-0.0284,0,0.0205,0.9993,0.0297,0,0.0278,-0.0303,0.9992,0,0.0062,19.525,-2.4818,1]},
{"frame":22,"values":[0.9994,-0.0205,-0.0279,0,0.0213,0.9994,0.0285,0,0.0273,-0.029,0.9992,0,0.0062,19.525,-2.4818,1]},
{"frame":23,"values":[0.9994,-0.0214,-0.0274,0,0.0222,0.9994,0.0272,0,0.0268,-0.0278,0.9993,0,0.0062,19.525,-2.4818,1]},
{"frame":24,"values":[0.9994,-0.0223,-0.0268,0,0.023,0.9994,0.0259,0,0.0262,-0.0265,0.9993,0,0.0062,19.525,-2.4818,1]},
{"frame":25,"values":[0.9994,-0.022,-0.0263,0,0.0226,0.9994,0.0247,0,0.0257,-0.0253,0.9993,0,0.0062,19.525,-2.4818,1]},
{"frame":26,"values":[0.9994,-0.0216,-0.0257,0,0.0222,0.9995,0.0234,0,0.0252,-0.024,0.9994,0,0.0062,19.525,-2.4818,1]},
{"frame":27,"values":[0.9995,-0.0212,-0.0252,0,0.0218,0.9995,0.0222,0,0.0247,-0.0227,0.9994,0,0.0062,19.525,-2.4818,1]},
{"frame":28,"values":[0.9995,-0.0209,-0.0247,0,0.0214,0.9996,0.0209,0,0.0242,-0.0214,0.9995,0,0.0062,19.525,-2.4818,1]},
{"frame":29,"values":[0.9995,-0.0205,-0.0241,0,0.021,0.9996,0.0197,0,0.0237,-0.0202,0.9995,0,0.0062,19.525,-2.4818,1]},
{"frame":30,"values":[0.9995,-0.0202,-0.0236,0,0.0206,0.9996,0.0197,0,0.0232,-0.0202,0.9995,0,0.0062,19.525,-2.4818,1]},
{"frame":31,"values":[0.9995,-0.0198,-0.023,0,0.0203,0.9996,0.0197,0,0.0226,-0.0202,0.9995,0,0.0062,19.525,-2.4818,1]},
{"frame":32,"values":[0.9995,-0.0195,-0.0232,0,0.0199,0.9996,0.0198,0,0.0228,-0.0202,0.9995,0,0.0062,19.525,-2.4818,1]},
{"frame":33,"values":[0.9995,-0.0191,-0.0233,0,0.0196,0.9996,0.0195,0,0.0229,-0.0199,0.9995,0,0.0062,19.525,-2.4818,1]},
{"frame":34,"values":[0.9995,-0.0188,-0.0234,0,0.0192,0.9996,0.0192,0,0.0231,-0.0196,0.9995,0,0.0062,19.525,-2.4818,1]},
{"frame":35,"values":[0.9996,-0.0184,-0.0233,0,0.0188,0.9996,0.0189,0,0.023,-0.0193,0.9995,0,0.0062,19.525,-2.4818,1]},
{"frame":36,"values":[0.9995,-0.018,-0.0277,0,0.0187,0.9996,0.0217,0,0.0273,-0.0222,0.9994,0,0.0062,19.525,-2.4818,1]},
{"frame":37,"values":[0.9993,-0.0177,-0.0321,0,0.0185,0.9995,0.0246,0,0.0316,-0.0252,0.9992,0,0.0062,19.525,-2.4818,1]},
{"frame":38,"values":[0.9992,-0.0173,-0.0364,0,0.0183,0.9995,0.0275,0,0.0359,-0.0281,0.999,0,0.0062,19.525,-2.4818,1]},
{"frame":39,"values":[0.999,-0.0192,-0.0407,0,0.0205,0.9993,0.0303,0,0.0401,-0.0311,0.9987,0,0.0062,19.525,-2.4818,1]},
{"frame":40,"values":[0.9988,-0.0212,-0.0451,0,0.0227,0.9992,0.0332,0,0.0443,-0.0342,0.9984,0,0.0062,19.525,-2.4818,1]},
{"frame":41,"values":[0.9985,-0.0231,-0.0494,0,0.0249,0.999,0.0361,0,0.0486,-0.0373,0.9981,0,0.0062,19.525,-2.4818,1]},
{"frame":42,"values":[0.9982,-0.025,-0.0538,0,0.0271,0.9989,0.0389,0,0.0528,-0.0403,0.9978,0,0.0062,19.525,-2.4818,1]},
{"frame":43,"values":[0.9979,-0.0268,-0.0581,0,0.0293,0.9987,0.0418,0,0.0569,-0.0434,0.9974,0,0.0062,19.525,-2.4818,1]},
{"frame":44,"values":[0.9976,-0.0287,-0.0625,0,0.0315,0.9985,0.0446,0,0.0611,-0.0465,0.997,0,0.0062,19.525,-2.4818,1]},
{"frame":45,"values":[0.9978,-0.0273,-0.0603,0,0.0302,0.9984,0.0475,0,0.0589,-0.0492,0.9971,0,0.0062,19.525,-2.4818,1]},
{"frame":46,"values":[0.998,-0.0259,-0.058,0,0.0286,0.9985,0.0462,0,0.0568,-0.0477,0.9972,0,0.0062,19.525,-2.4818,1]},
{"frame":47,"values":[0.9978,-0.0246,-0.0614,0,0.0275,0.9985,0.0469,0,0.0602,-0.0484,0.997,0,0.0062,19.525,-2.4818,1]},
{"frame":48,"values":[0.9976,-0.0232,-0.0648,0,0.0263,0.9985,0.0476,0,0.0636,-0.0492,0.9968,0,0.0062,19.525,-2.4818,1]},
{"frame":49,"values":[0.9978,-0.0236,-0.0624,0,0.0267,0.9985,0.0483,0,0.0612,-0.0498,0.9969,0,0.0062,19.525,-2.4818,1]},
{"frame":50,"values":[0.9979,-0.0241,-0.06,0,0.027,0.9985,0.0475,0,0.0588,-0.0491,0.9971,0,0.0062,19.525,-2.4818,1]},
{"frame":51,"values":[0.998,-0.0246,-0.0577,0,0.0273,0.9985,0.0468,0,0.0564,-0.0483,0.9972,0,0.0062,19.525,-2.4818,1]},
{"frame":52,"values":[0.9982,-0.0251,-0.0553,0,0.0276,0.9986,0.0461,0,0.0541,-0.0475,0.9974,0,0.0062,19.525,-2.4818,1]},
{"frame":53,"values":[0.9983,-0.0235,-0.0529,0,0.026,0.9986,0.0453,0,0.0518,-0.0466,0.9976,0,0.0062,19.525,-2.4818,1]},
{"frame":54,"values":[0.9985,-0.022,-0.0506,0,0.0243,0.9987,0.0446,0,0.0495,-0.0457,0.9977,0,0.0062,19.525,-2.4818,1]},
{"frame":55,"values":[0.9986,-0.0205,-0.0482,0,0.0227,0.9987,0.0457,0,0.0472,-0.0468,0.9978,0,0.0062,19.525,-2.4818,1]},
{"frame":56,"values":[0.9988,-0.019,-0.0458,0,0.0211,0.9987,0.0469,0,0.0449,-0.0478,0.9978,0,0.0062,19.525,-2.4818,1]},
{"frame":57,"values":[0.9989,-0.0174,-0.0435,0,0.0195,0.9987,0.048,0,0.0426,-0.0488,0.9979,0,0.0062,19.525,-2.4818,1]},
{"frame":58,"values":[0.9989,-0.0159,-0.0439,0,0.0181,0.9986,0.0492,0,0.043,-0.0499,0.9978,0,0.0062,19.525,-2.4818,1]},
{"frame":59,"values":[0.9989,-0.0144,-0.0443,0,0.0166,0.9986,0.0503,0,0.0435,-0.051,0.9978,0,0.0062,19.525,-2.4818,1]},
{"frame":60,"values":[0.9989,-0.0129,-0.0447,0,0.0152,0.9986,0.0515,0,0.0439,-0.0521,0.9977,0,0.0062,19.525,-2.4818,1]},
{"frame":61,"values":[0.9989,-0.0113,-0.0451,0,0.0137,0.9985,0.0527,0,0.0444,-0.0532,0.9976,0,0.0062,19.525,-2.4818,1]},
{"frame":62,"values":[0.999,-0.0098,-0.0428,0,0.0121,0.9985,0.0538,0,0.0422,-0.0543,0.9976,0,0.0062,19.525,-2.4818,1]},
{"frame":63,"values":[0.9991,-0.0083,-0.0405,0,0.0105,0.9984,0.055,0,0.04,-0.0554,0.9977,0,0.0062,19.525,-2.4818,1]},
{"frame":64,"values":[0.9992,-0.0068,-0.0382,0,0.0088,0.9985,0.0543,0,0.0378,-0.0546,0.9978,0,0.0062,19.525,-2.4818,1]},
{"frame":65,"values":[0.9993,-0.0052,-0.0359,0,0.0072,0.9985,0.0535,0,0.0356,-0.0538,0.9979,0,0.0062,19.525,-2.4818,1]},
{"frame":66,"values":[0.9994,-0.0037,-0.0336,0,0.0055,0.9986,0.0528,0,0.0334,-0.053,0.998,0,0.0062,19.525,-2.4818,1]},
{"frame":67,"values":[0.9995,-0.0022,-0.0314,0,0.0038,0.9986,0.0521,0,0.0312,-0.0522,0.9981,0,0.0062,19.525,-2.4818,1]},
{"frame":68,"values":[0.9996,-0.0007,-0.0291,0,0.0022,0.9987,0.0514,0,0.029,-0.0514,0.9983,0,0.0062,19.525,-2.4818,1]},
{"frame":69,"values":[0.9996,-0.0004,-0.0275,0,0.0018,0.9988,0.0499,0,0.0274,-0.05,0.9984,0,0.0062,19.525,-2.4818,1]}],"loopBehavior":1,"name":"anim","property":"_matrix"}},
{"name":"mixamorig:Spine1","index":2,"matrix":[0.9999,-0.0039,-0.0119,0,0.004,0.9999,0.0104,0,0.0119,-0.0104,0.9999,0,-0.0009,22.835,-2.8254,1],"rest":[1,0,0,0,0,1,0,0,0,0,1,0,-0.0009,22.835,-2.8254,1],"parentBoneIndex":1,"length":26.7438
,"animation":{"dataType":3,"framePerSecond":24,"keys":[
{"frame":1,"values":[1,-0.0039,-0.0074,0,0.004,0.9999,0.0111,0,0.0074,-0.0111,0.9999,0,-0.0009,22.835,-2.8254,1]},
{"frame":2,"values":[1,-0.004,-0.0072,0,0.0041,0.9999,0.0109,0,0.0072,-0.011,0.9999,0,-0.0009,22.835,-2.8254,1]},
{"frame":3,"values":[1,-0.0041,-0.0071,0,0.0042,0.9999,0.0107,0,0.0071,-0.0108,0.9999,0,-0.0009,22.835,-2.8254,1]},
{"frame":4,"values":[1,-0.0043,-0.007,0,0.0043,0.9999,0.0106,0,0.0069,-0.0106,0.9999,0,-0.0009,22.835,-2.8254,1]},
{"frame":5,"values":[1,-0.0044,-0.0068,0,0.0045,0.9999,0.0104,0,0.0068,-0.0104,0.9999,0,-0.0009,22.835,-2.8254,1]},
{"frame":6,"values":[1,-0.0045,-0.0067,0,0.0046,0.9999,0.0102,0,0.0066,-0.0102,0.9999,0,-0.0009,22.835,-2.8254,1]},
{"frame":7,"values":[1,-0.0046,-0.0065,0,0.0047,0.9999,0.01,0,0.0065,-0.01,0.9999,0,-0.0009,22.835,-2.8254,1]},
{"frame":8,"values":[1,-0.0048,-0.0064,0,0.0048,0.9999,0.0098,0,0.0063,-0.0098,0.9999,0,-0.0009,22.835,-2.8254,1]},
{"frame":9,"values":[1,-0.0049,-0.0062,0,0.005,0.9999,0.0096,0,0.0062,-0.0096,0.9999,0,-0.0009,22.835,-2.8254,1]},
{"frame":10,"values":[1,-0.005,-0.0061,0,0.0051,0.9999,0.0094,0,0.006,-0.0094,0.9999,0,-0.0009,22.835,-2.8254,1]},
{"frame":11,"values":[1,-0.0052,-0.0059,0,0.0052,0.9999,0.0092,0,0.0059,-0.0093,0.9999,0,-0.0009,22.835,-2.8254,1]},
{"frame":12,"values":[1,-0.0053,-0.0058,0,0.0053,0.9999,0.009,0,0.0057,-0.0091,0.9999,0,-0.0009,22.835,-2.8254,1]},
{"frame":13,"values":[1,-0.0054,-0.0058,0,0.0055,0.9999,0.0089,0,0.0057,-0.0089,0.9999,0,-0.0009,22.835,-2.8254,1]},
{"frame":14,"values":[1,-0.0055,-0.0058,0,0.0056,0.9999,0.0087,0,0.0058,-0.0087,0.9999,0,-0.0009,22.835,-2.8254,1]},
{"frame":15,"values":[1,-0.0057,-0.0058,0,0.0057,0.9999,0.0085,0,0.0058,-0.0085,0.9999,0,-0.0009,22.835,-2.8254,1]},
{"frame":16,"values":[1,-0.0058,-0.0059,0,0.0058,0.9999,0.0083,0,0.0058,-0.0083,0.9999,0,-0.0009,22.835,-2.8254,1]},
{"frame":17,"values":[1,-0.0059,-0.0059,0,0.006,0.9999,0.0081,0,0.0058,-0.0081,0.9999,0,-0.0009,22.835,-2.8254,1]},
{"frame":18,"values":[1,-0.006,-0.0059,0,0.0061,1,0.0079,0,0.0059,-0.0079,1,0,-0.0009,22.835,-2.8254,1]},
{"frame":19,"values":[1,-0.0062,-0.0059,0,0.0062,1,0.0077,0,0.0059,-0.0078,1,0,-0.0009,22.835,-2.8254,1]},
{"frame":20,"values":[1,-0.0063,-0.006,0,0.0063,1,0.0075,0,0.0059,-0.0076,1,0,-0.0009,22.835,-2.8254,1]},
{"frame":21,"values":[1,-0.0064,-0.006,0,0.0065,1,0.0073,0,0.0059,-0.0074,1,0,-0.0009,22.835,-2.8254,1]},
{"frame":22,"values":[1,-0.0066,-0.006,0,0.0066,1,0.0072,0,0.006,-0.0072,1,0,-0.0009,22.835,-2.8254,1]},
{"frame":23,"values":[1,-0.0067,-0.006,0,0.0067,1,0.007,0,0.006,-0.007,1,0,-0.0009,22.835,-2.8254,1]},
{"frame":24,"values":[1,-0.0068,-0.0061,0,0.0069,1,0.0068,0,0.006,-0.0068,1,0,-0.0009,22.835,-2.8254,1]},
{"frame":25,"values":[1,-0.0069,-0.0061,0,0.007,1,0.0066,0,0.006,-0.0066,1,0,-0.0009,22.835,-2.8254,1]},
{"frame":26,"values":[1,-0.0071,-0.0061,0,0.0071,1,0.0064,0,0.0061,-0.0064,1,0,-0.0009,22.835,-2.8254,1]},
{"frame":27,"values":[1,-0.0072,-0.0061,0,0.0072,1,0.0062,0,0.0061,-0.0063,1,0,-0.0009,22.835,-2.8254,1]},
{"frame":28,"values":[1,-0.0073,-0.0061,0,0.0074,1,0.006,0,0.0061,-0.0061,1,0,-0.0009,22.835,-2.8254,1]},
{"frame":29,"values":[1,-0.0075,-0.0062,0,0.0075,1,0.0058,0,0.0061,-0.0059,1,0,-0.0009,22.835,-2.8254,1]},
{"frame":30,"values":[1,-0.0076,-0.0062,0,0.0076,1,0.0056,0,0.0061,-0.0057,1,0,-0.0009,22.835,-2.8254,1]},
{"frame":31,"values":[1,-0.0077,-0.0062,0,0.0077,1,0.0055,0,0.0062,-0.0055,1,0,-0.0009,22.835,-2.8254,1]},
{"frame":32,"values":[0.9999,-0.0078,-0.0062,0,0.0079,1,0.0053,0,0.0062,-0.0053,1,0,-0.0009,22.835,-2.8254,1]},
{"frame":33,"values":[0.9999,-0.008,-0.0063,0,0.008,1,0.0052,0,0.0062,-0.0052,1,0,-0.0009,22.835,-2.8254,1]},
{"frame":34,"values":[0.9999,-0.0081,-0.0063,0,0.0081,1,0.0051,0,0.0062,-0.0052,1,0,-0.0009,22.835,-2.8254,1]},
{"frame":35,"values":[0.9999,-0.0082,-0.0063,0,0.0082,1,0.005,0,0.0062,-0.0051,1,0,-0.0009,22.835,-2.8254,1]},
{"frame":36,"values":[0.9999,-0.0083,-0.0071,0,0.0084,1,0.005,0,0.0071,-0.005,1,0,-0.0009,22.835,-2.8254,1]},
{"frame":37,"values":[0.9999,-0.0085,-0.008,0,0.0085,0.9999,0.0053,0,0.008,-0.0054,1,0,-0.0009,22.835,-2.8254,1]},
{"frame":38,"values":[0.9999,-0.0086,-0.0089,0,0.0087,0.9999,0.0057,0,0.0089,-0.0058,0.9999,0,-0.0009,22.835,-2.8254,1]},
{"frame":39,"values":[0.9999,-0.0087,-0.0098,0,0.0088,0.9999,0.0061,0,0.0098,-0.0061,0.9999,0,-0.0009,22.835,-2.8254,1]},
{"frame":40,"values":[0.9999,-0.0089,-0.0107,0,0.0089,0.9999,0.0064,0,0.0106,-0.0065,0.9999,0,-0.0009,22.835,-2.8254,1]},
{"frame":41,"values":[0.9999,-0.009,-0.0116,0,0.0091,0.9999,0.0068,0,0.0115,-0.0069,0.9999,0,-0.0009,22.835,-2.8254,1]},
{"frame":42,"values":[0.9999,-0.0091,-0.0125,0,0.0092,0.9999,0.0071,0,0.0124,-0.0073,0.9999,0,-0.0009,22.835,-2.8254,1]},
{"frame":43,"values":[0.9999,-0.0092,-0.0134,0,0.0093,0.9999,0.0075,0,0.0133,-0.0076,0.9999,0,-0.0009,22.835,-2.8254,1]},
{"frame":44,"values":[0.9999,-0.0089,-0.0143,0,0.009,0.9999,0.0079,0,0.0142,-0.008,0.9999,0,-0.0009,22.835,-2.8254,1]},
{"frame":45,"values":[0.9998,-0.0086,-0.0152,0,0.0087,0.9999,0.0082,0,0.0151,-0.0083,0.9999,0,-0.0009,22.835,-2.8254,1]},
{"frame":46,"values":[0.9998,-0.0083,-0.016,0,0.0084,0.9999,0.0086,0,0.016,-0.0087,0.9998,0,-0.0009,22.835,-2.8254,1]},
{"frame":47,"values":[0.9998,-0.0079,-0.0157,0,0.0081,0.9999,0.0089,0,0.0156,-0.0091,0.9998,0,-0.0009,22.835,-2.8254,1]},
{"frame":48,"values":[0.9999,-0.0076,-0.0153,0,0.0078,0.9999,0.0093,0,0.0152,-0.0094,0.9998,0,-0.0009,22.835,-2.8254,1]},
{"frame":49,"values":[0.9999,-0.0074,-0.0149,0,0.0076,0.9999,0.0097,0,0.0149,-0.0098,0.9998,0,-0.0009,22.835,-2.8254,1]},
{"frame":50,"values":[0.9999,-0.0073,-0.0146,0,0.0074,0.9999,0.01,0,0.0145,-0.0101,0.9998,0,-0.0009,22.835,-2.8254,1]},
{"frame":51,"values":[0.9999,-0.0071,-0.0142,0,0.0072,0.9999,0.0104,0,0.0141,-0.0105,0.9998,0,-0.0009,22.835,-2.8254,1]},
{"frame":52,"values":[0.9999,-0.0069,-0.0138,0,0.007,0.9999,0.0104,0,0.0137,-0.0105,0.9999,0,-0.0009,22.835,-2.8254,1]},
{"frame":53,"values":[0.9999,-0.0067,-0.0134,0,0.0069,0.9999,0.0104,0,0.0134,-0.0105,0.9999,0,-0.0009,22.835,-2.8254,1]},
{"frame":54,"values":[0.9999,-0.0065,-0.0131,0,0.0067,0.9999,0.0104,0,0.013,-0.0105,0.9999,0,-0.0009,22.835,-2.8254,1]},
{"frame":55,"values":[0.9999,-0.0064,-0.0127,0,0.0065,0.9999,0.0104,0,0.0126,-0.0105,0.9999,0,-0.0009,22.835,-2.8254,1]},
{"frame":56,"values":[0.9999,-0.0062,-0.0123,0,0.0063,0.9999,0.0104,0,0.0123,-0.0105,0.9999,0,-0.0009,22.835,-2.8254,1]},
{"frame":57,"values":[0.9999,-0.006,-0.0119,0,0.0061,0.9999,0.0104,0,0.0119,-0.0105,0.9999,0,-0.0009,22.835,-2.8254,1]},
{"frame":58,"values":[0.9999,-0.0058,-0.0119,0,0.006,0.9999,0.0104,0,0.0119,-0.0105,0.9999,0,-0.0009,22.835,-2.8254,1]},
{"frame":59,"values":[0.9999,-0.0057,-0.0119,0,0.0058,0.9999,0.0104,0,0.0119,-0.0104,0.9999,0,-0.0009,22.835,-2.8254,1]},
{"frame":60,"values":[0.9999,-0.0055,-0.0119,0,0.0056,0.9999,0.0104,0,0.0119,-0.0104,0.9999,0,-0.0009,22.835,-2.8254,1]},
{"frame":61,"values":[0.9999,-0.0053,-0.0119,0,0.0054,0.9999,0.0104,0,0.0119,-0.0104,0.9999,0,-0.0009,22.835,-2.8254,1]},
{"frame":62,"values":[0.9999,-0.0051,-0.0119,0,0.0052,0.9999,0.0104,0,0.0119,-0.0104,0.9999,0,-0.0009,22.835,-2.8254,1]},
{"frame":63,"values":[0.9999,-0.0049,-0.0119,0,0.0051,0.9999,0.0104,0,0.0119,-0.0104,0.9999,0,-0.0009,22.835,-2.8254,1]},
{"frame":64,"values":[0.9999,-0.0048,-0.0119,0,0.0049,0.9999,0.0104,0,0.0119,-0.0104,0.9999,0,-0.0009,22.835,-2.8254,1]},
{"frame":65,"values":[0.9999,-0.0046,-0.0119,0,0.0047,0.9999,0.0104,0,0.0119,-0.0104,0.9999,0,-0.0009,22.835,-2.8254,1]},
{"frame":66,"values":[0.9999,-0.0044,-0.0119,0,0.0045,0.9999,0.0104,0,0.0119,-0.0104,0.9999,0,-0.0009,22.835,-2.8254,1]},
{"frame":67,"values":[0.9999,-0.0042,-0.0119,0,0.0044,0.9999,0.0104,0,0.0119,-0.0104,0.9999,0,-0.0009,22.835,-2.8254,1]},
{"frame":68,"values":[0.9999,-0.0041,-0.0119,0,0.0042,0.9999,0.0104,0,0.0119,-0.0104,0.9999,0,-0.0009,22.835,-2.8254,1]},
{"frame":69,"values":[0.9999,-0.0039,-0.0119,0,0.004,0.9999,0.0104,0,0.0119,-0.0104,0.9999,0,-0.0009,22.835,-2.8254,1]}],"loopBehavior":1,"name":"anim","property":"_matrix"}},
{"name":"mixamorig:Spine2","index":3,"matrix":[0.9999,-0.0039,-0.0119,0,0.0041,0.9999,0.0103,0,0.0119,-0.0104,0.9999,0,-0.0206,26.5525,-3.1933,1],"rest":[1,0,0,0,0,1,0,0,0,0,1,0,-0.0206,26.5525,-3.1933,1],"parentBoneIndex":2,"length":24.825
,"animation":{"dataType":3,"framePerSecond":24,"keys":[
{"frame":1,"values":[1,-0.0039,-0.0074,0,0.004,0.9999,0.0111,0,0.0074,-0.0111,0.9999,0,-0.0206,26.5525,-3.1933,1]},
{"frame":2,"values":[1,-0.0041,-0.0073,0,0.0041,0.9999,0.0109,0,0.0072,-0.0109,0.9999,0,-0.0206,26.5525,-3.1933,1]},
{"frame":3,"values":[1,-0.0042,-0.0071,0,0.0043,0.9999,0.0107,0,0.0071,-0.0108,0.9999,0,-0.0206,26.5525,-3.1933,1]},
{"frame":4,"values":[1,-0.0043,-0.007,0,0.0044,0.9999,0.0105,0,0.0069,-0.0106,0.9999,0,-0.0206,26.5525,-3.1933,1]},
{"frame":5,"values":[1,-0.0045,-0.0068,0,0.0045,0.9999,0.0103,0,0.0068,-0.0104,0.9999,0,-0.0206,26.5525,-3.1933,1]},
{"frame":6,"values":[1,-0.0046,-0.0067,0,0.0047,0.9999,0.0102,0,0.0066,-0.0102,0.9999,0,-0.0206,26.5525,-3.1933,1]},
{"frame":7,"values":[1,-0.0047,-0.0065,0,0.0048,0.9999,0.01,0,0.0065,-0.01,0.9999,0,-0.0206,26.5525,-3.1933,1]},
{"frame":8,"values":[1,-0.0049,-0.0064,0,0.0049,0.9999,0.0098,0,0.0063,-0.0098,0.9999,0,-0.0206,26.5525,-3.1933,1]},
{"frame":9,"values":[1,-0.005,-0.0062,0,0.005,0.9999,0.0096,0,0.0062,-0.0096,0.9999,0,-0.0206,26.5525,-3.1933,1]},
{"frame":10,"values":[1,-0.0051,-0.0061,0,0.0052,0.9999,0.0094,0,0.006,-0.0094,0.9999,0,-0.0206,26.5525,-3.1933,1]},
{"frame":11,"values":[1,-0.0052,-0.0059,0,0.0053,0.9999,0.0092,0,0.0059,-0.0092,0.9999,0,-0.0206,26.5525,-3.1933,1]},
{"frame":12,"values":[1,-0.0054,-0.0058,0,0.0054,0.9999,0.009,0,0.0057,-0.009,0.9999,0,-0.0206,26.5525,-3.1933,1]},
{"frame":13,"values":[1,-0.0055,-0.0058,0,0.0056,0.9999,0.0088,0,0.0057,-0.0089,0.9999,0,-0.0206,26.5525,-3.1933,1]},
{"frame":14,"values":[1,-0.0056,-0.0058,0,0.0057,0.9999,0.0086,0,0.0058,-0.0087,0.9999,0,-0.0206,26.5525,-3.1933,1]},
{"frame":15,"values":[1,-0.0058,-0.0058,0,0.0058,0.9999,0.0084,0,0.0058,-0.0085,0.9999,0,-0.0206,26.5525,-3.1933,1]},
{"frame":16,"values":[1,-0.0059,-0.0059,0,0.0059,0.9999,0.0083,0,0.0058,-0.0083,0.9999,0,-0.0206,26.5525,-3.1933,1]},
{"frame":17,"values":[1,-0.006,-0.0059,0,0.0061,0.9999,0.0081,0,0.0058,-0.0081,1,0,-0.0206,26.5525,-3.1933,1]},
{"frame":18,"values":[1,-0.0062,-0.0059,0,0.0062,0.9999,0.0079,0,0.0059,-0.0079,1,0,-0.0206,26.5525,-3.1933,1]},
{"frame":19,"values":[1,-0.0063,-0.0059,0,0.0063,1,0.0077,0,0.0059,-0.0077,1,0,-0.0206,26.5525,-3.1933,1]},
{"frame":20,"values":[1,-0.0064,-0.006,0,0.0065,1,0.0075,0,0.0059,-0.0075,1,0,-0.0206,26.5525,-3.1933,1]},
{"frame":21,"values":[1,-0.0065,-0.006,0,0.0066,1,0.0073,0,0.0059,-0.0074,1,0,-0.0206,26.5525,-3.1933,1]},
{"frame":22,"values":[1,-0.0067,-0.006,0,0.0067,1,0.0071,0,0.006,-0.0072,1,0,-0.0206,26.5525,-3.1933,1]},
{"frame":23,"values":[1,-0.0068,-0.006,0,0.0068,1,0.0069,0,0.006,-0.007,1,0,-0.0206,26.5525,-3.1933,1]},
{"frame":24,"values":[1,-0.0069,-0.006,0,0.007,1,0.0067,0,0.006,-0.0068,1,0,-0.0206,26.5525,-3.1933,1]},
{"frame":25,"values":[1,-0.0071,-0.0061,0,0.0071,1,0.0066,0,0.006,-0.0066,1,0,-0.0206,26.5525,-3.1933,1]},
{"frame":26,"values":[1,-0.0072,-0.0061,0,0.0072,1,0.0064,0,0.0061,-0.0064,1,0,-0.0206,26.5525,-3.1933,1]},
{"frame":27,"values":[1,-0.0073,-0.0061,0,0.0074,1,0.0062,0,0.0061,-0.0062,1,0,-0.0206,26.5525,-3.1933,1]},
{"frame":28,"values":[1,-0.0075,-0.0061,0,0.0075,1,0.006,0,0.0061,-0.006,1,0,-0.0206,26.5525,-3.1933,1]},
{"frame":29,"values":[1,-0.0076,-0.0062,0,0.0076,1,0.0058,0,0.0061,-0.0058,1,0,-0.0206,26.5525,-3.1933,1]},
{"frame":30,"values":[1,-0.0077,-0.0062,0,0.0078,1,0.0056,0,0.0061,-0.0057,1,0,-0.0206,26.5525,-3.1933,1]},
{"frame":31,"values":[0.9999,-0.0078,-0.0062,0,0.0079,1,0.0054,0,0.0062,-0.0055,1,0,-0.0206,26.5525,-3.1933,1]},
{"frame":32,"values":[0.9999,-0.008,-0.0062,0,0.008,1,0.0052,0,0.0062,-0.0053,1,0,-0.0206,26.5525,-3.1933,1]},
{"frame":33,"values":[0.9999,-0.0081,-0.0063,0,0.0081,1,0.0052,0,0.0062,-0.0052,1,0,-0.0206,26.5525,-3.1933,1]},
{"frame":34,"values":[0.9999,-0.0082,-0.0063,0,0.0083,1,0.0051,0,0.0062,-0.0051,1,0,-0.0206,26.5525,-3.1933,1]},
{"frame":35,"values":[0.9999,-0.0084,-0.0063,0,0.0084,1,0.005,0,0.0062,-0.0051,1,0,-0.0206,26.5525,-3.1933,1]},
{"frame":36,"values":[0.9999,-0.0085,-0.0071,0,0.0085,1,0.0049,0,0.0071,-0.005,1,0,-0.0206,26.5525,-3.1933,1]},
{"frame":37,"values":[0.9999,-0.0086,-0.008,0,0.0087,0.9999,0.0053,0,0.008,-0.0054,1,0,-0.0206,26.5525,-3.1933,1]},
{"frame":38,"values":[0.9999,-0.0088,-0.0089,0,0.0088,0.9999,0.0057,0,0.0089,-0.0057,0.9999,0,-0.0206,26.5525,-3.1933,1]},
{"frame":39,"values":[0.9999,-0.0089,-0.0098,0,0.0089,0.9999,0.006,0,0.0098,-0.0061,0.9999,0,-0.0206,26.5525,-3.1933,1]},
{"frame":40,"values":[0.9999,-0.009,-0.0107,0,0.0091,0.9999,0.0064,0,0.0106,-0.0065,0.9999,0,-0.0206,26.5525,-3.1933,1]},
{"frame":41,"values":[0.9999,-0.0091,-0.0116,0,0.0092,0.9999,0.0067,0,0.0115,-0.0068,0.9999,0,-0.0206,26.5525,-3.1933,1]},
{"frame":42,"values":[0.9999,-0.0093,-0.0125,0,0.0094,0.9999,0.0071,0,0.0124,-0.0072,0.9999,0,-0.0206,26.5525,-3.1933,1]},
{"frame":43,"values":[0.9999,-0.0094,-0.0134,0,0.0095,0.9999,0.0075,0,0.0133,-0.0076,0.9999,0,-0.0206,26.5525,-3.1933,1]},
{"frame":44,"values":[0.9999,-0.0091,-0.0142,0,0.0092,0.9999,0.0078,0,0.0142,-0.0079,0.9999,0,-0.0206,26.5525,-3.1933,1]},
{"frame":45,"values":[0.9998,-0.0088,-0.0151,0,0.0089,0.9999,0.0082,0,0.0151,-0.0083,0.9999,0,-0.0206,26.5525,-3.1933,1]},
{"frame":46,"values":[0.9998,-0.0084,-0.016,0,0.0086,0.9999,0.0085,0,0.0159,-0.0087,0.9998,0,-0.0206,26.5525,-3.1933,1]},
{"frame":47,"values":[0.9998,-0.0081,-0.0156,0,0.0082,0.9999,0.0089,0,0.0156,-0.009,0.9998,0,-0.0206,26.5525,-3.1933,1]},
{"frame":48,"values":[0.9999,-0.0078,-0.0153,0,0.0079,0.9999,0.0093,0,0.0152,-0.0094,0.9998,0,-0.0206,26.5525,-3.1933,1]},
{"frame":49,"values":[0.9999,-0.0076,-0.0149,0,0.0077,0.9999,0.0096,0,0.0148,-0.0097,0.9998,0,-0.0206,26.5525,-3.1933,1]},
{"frame":50,"values":[0.9999,-0.0074,-0.0145,0,0.0076,0.9999,0.01,0,0.0145,-0.0101,0.9998,0,-0.0206,26.5525,-3.1933,1]},
{"frame":51,"values":[0.9999,-0.0072,-0.0142,0,0.0074,0.9999,0.0103,0,0.0141,-0.0104,0.9998,0,-0.0206,26.5525,-3.1933,1]},
{"frame":52,"values":[0.9999,-0.007,-0.0138,0,0.0072,0.9999,0.0103,0,0.0137,-0.0104,0.9999,0,-0.0206,26.5525,-3.1933,1]},
{"frame":53,"values":[0.9999,-0.0069,-0.0134,0,0.007,0.9999,0.0103,0,0.0133,-0.0104,0.9999,0,-0.0206,26.5525,-3.1933,1]},
{"frame":54,"values":[0.9999,-0.0067,-0.013,0,0.0068,0.9999,0.0103,0,0.013,-0.0104,0.9999,0,-0.0206,26.5525,-3.1933,1]},
{"frame":55,"values":[0.9999,-0.0065,-0.0127,0,0.0066,0.9999,0.0103,0,0.0126,-0.0104,0.9999,0,-0.0206,26.5525,-3.1933,1]},
{"frame":56,"values":[0.9999,-0.0063,-0.0123,0,0.0064,0.9999,0.0103,0,0.0122,-0.0104,0.9999,0,-0.0206,26.5525,-3.1933,1]},
{"frame":57,"values":[0.9999,-0.0061,-0.0119,0,0.0063,0.9999,0.0103,0,0.0119,-0.0104,0.9999,0,-0.0206,26.5525,-3.1933,1]},
{"frame":58,"values":[0.9999,-0.0059,-0.0119,0,0.0061,0.9999,0.0103,0,0.0119,-0.0104,0.9999,0,-0.0206,26.5525,-3.1933,1]},
{"frame":59,"values":[0.9999,-0.0058,-0.0119,0,0.0059,0.9999,0.0103,0,0.0119,-0.0104,0.9999,0,-0.0206,26.5525,-3.1933,1]},
{"frame":60,"values":[0.9999,-0.0056,-0.0119,0,0.0057,0.9999,0.0103,0,0.0119,-0.0104,0.9999,0,-0.0206,26.5525,-3.1933,1]},
{"frame":61,"values":[0.9999,-0.0054,-0.0119,0,0.0055,0.9999,0.0103,0,0.0119,-0.0104,0.9999,0,-0.0206,26.5525,-3.1933,1]},
{"frame":62,"values":[0.9999,-0.0052,-0.0119,0,0.0053,0.9999,0.0103,0,0.0119,-0.0104,0.9999,0,-0.0206,26.5525,-3.1933,1]},
{"frame":63,"values":[0.9999,-0.005,-0.0119,0,0.0052,0.9999,0.0103,0,0.0119,-0.0104,0.9999,0,-0.0206,26.5525,-3.1933,1]},
{"frame":64,"values":[0.9999,-0.0049,-0.0119,0,0.005,0.9999,0.0103,0,0.0119,-0.0104,0.9999,0,-0.0206,26.5525,-3.1933,1]},
{"frame":65,"values":[0.9999,-0.0047,-0.0119,0,0.0048,0.9999,0.0103,0,0.0119,-0.0104,0.9999,0,-0.0206,26.5525,-3.1933,1]},
{"frame":66,"values":[0.9999,-0.0045,-0.0119,0,0.0046,0.9999,0.0103,0,0.0119,-0.0104,0.9999,0,-0.0206,26.5525,-3.1933,1]},
{"frame":67,"values":[0.9999,-0.0043,-0.0119,0,0.0044,0.9999,0.0103,0,0.0119,-0.0104,0.9999,0,-0.0206,26.5525,-3.1933,1]},
{"frame":68,"values":[0.9999,-0.0041,-0.0119,0,0.0042,0.9999,0.0103,0,0.0119,-0.0104,0.9999,0,-0.0206,26.5525,-3.1933,1]},
{"frame":69,"values":[0.9999,-0.0039,-0.0119,0,0.0041,0.9999,0.0103,0,0.0119,-0.0104,0.9999,0,-0.0206,26.5525,-3.1933,1]}],"loopBehavior":1,"name":"anim","property":"_matrix"}},
{"name":"mixamorig:Neck","index":4,"matrix":[0.9999,0.0151,-0.0015,0,-0.0151,0.9998,-0.0133,0,0.0013,0.0133,0.9999,0,-0.06,30.7018,1.3522,1],"rest":[1,0,0,0,0,1,0,0,0,0,1,0,-0.06,30.7018,1.3522,1],"parentBoneIndex":3,"length":22.8446
,"animation":{"dataType":3,"framePerSecond":24,"keys":[
{"frame":1,"values":[0.9999,0.0151,-0.0016,0,-0.0151,0.9998,-0.0133,0,0.0014,0.0133,0.9999,0,-0.06,30.7018,1.3522,1]},
{"frame":2,"values":[0.9999,0.0156,-0.0014,0,-0.0156,0.9998,-0.0129,0,0.0012,0.0129,0.9999,0,-0.06,30.7019,1.3522,1]},
{"frame":3,"values":[0.9999,0.0164,-0.0011,0,-0.0164,0.9998,-0.0114,0,0.0009,0.0115,0.9999,0,-0.06,30.7018,1.3522,1]},
{"frame":4,"values":[0.9998,0.0175,-0.0008,0,-0.0175,0.9998,-0.0093,0,0.0006,0.0093,1,0,-0.06,30.7018,1.3522,1]},
{"frame":5,"values":[0.9998,0.0189,-0.0005,0,-0.0189,0.9998,-0.0062,0,0.0004,0.0062,1,0,-0.06,30.7018,1.3522,1]},
{"frame":6,"values":[0.9998,0.0205,-0.0002,0,-0.0205,0.9998,-0.0023,0,0.0002,0.0023,1,0,-0.06,30.7018,1.3522,1]},
{"frame":7,"values":[0.9997,0.0224,0,0,-0.0224,0.9997,0.0018,0,0,-0.0018,1,0,-0.06,30.7018,1.3522,1]},
{"frame":8,"values":[0.9997,0.0235,0.0003,0,-0.0235,0.9997,0.0046,0,-0.0002,-0.0047,1,0,-0.06,30.7018,1.3522,1]},
{"frame":9,"values":[0.9997,0.0246,0.0005,0,-0.0246,0.9997,0.0075,0,-0.0004,-0.0075,1,0,-0.06,30.7018,1.3522,1]},
{"frame":10,"values":[0.9997,0.0258,0.0008,0,-0.0258,0.9996,0.0104,0,-0.0005,-0.0104,0.9999,0,-0.06,30.7018,1.3522,1]},
{"frame":11,"values":[0.9996,0.0269,0.0011,0,-0.0269,0.9996,0.0133,0,-0.0007,-0.0133,0.9999,0,-0.06,30.7018,1.3522,1]},
{"frame":12,"values":[0.9996,0.028,0.0014,0,-0.028,0.9995,0.0162,0,-0.0009,-0.0162,0.9999,0,-0.06,30.7018,1.3522,1]},
{"frame":13,"values":[0.9996,0.0291,0.0016,0,-0.0292,0.9994,0.019,0,-0.0011,-0.0191,0.9998,0,-0.06,30.7018,1.3522,1]},
{"frame":14,"values":[0.9995,0.0303,0.0019,0,-0.0303,0.9993,0.0219,0,-0.0012,-0.0219,0.9998,0,-0.06,30.7018,1.3522,1]},
{"frame":15,"values":[0.9995,0.0314,0.0022,0,-0.0314,0.9992,0.0248,0,-0.0014,-0.0248,0.9997,0,-0.06,30.7018,1.3522,1]},
{"frame":16,"values":[0.9995,0.0325,0.0025,0,-0.0326,0.9991,0.0276,0,-0.0016,-0.0277,0.9996,0,-0.06,30.7018,1.3522,1]},
{"frame":17,"values":[0.9994,0.0336,0.0028,0,-0.0337,0.999,0.0305,0,-0.0017,-0.0306,0.9995,0,-0.06,30.7018,1.3522,1]},
{"frame":18,"values":[0.9994,0.0348,0.003,0,-0.0349,0.9988,0.0334,0,-0.0019,-0.0335,0.9994,0,-0.06,30.7018,1.3522,1]},
{"frame":19,"values":[0.9993,0.0359,0.0033,0,-0.036,0.9987,0.0363,0,-0.002,-0.0364,0.9993,0,-0.06,30.7018,1.3522,1]},
{"frame":20,"values":[0.9993,0.037,0.0036,0,-0.0371,0.9985,0.0391,0,-0.0022,-0.0392,0.9992,0,-0.06,30.7018,1.3522,1]},
{"frame":21,"values":[0.9993,0.0381,0.0039,0,-0.0383,0.9984,0.042,0,-0.0023,-0.0421,0.9991,0,-0.06,30.7018,1.3522,1]},
{"frame":22,"values":[0.9992,0.0393,0.0039,0,-0.0394,0.9982,0.0449,0,-0.0022,-0.045,0.999,0,-0.06,30.7018,1.3522,1]},
{"frame":23,"values":[0.9992,0.0404,0.0039,0,-0.0405,0.9982,0.0448,0,-0.0021,-0.0449,0.999,0,-0.06,30.7018,1.3522,1]},
{"frame":24,"values":[0.9991,0.0415,0.0039,0,-0.0417,0.9981,0.0447,0,-0.0021,-0.0448,0.999,0,-0.06,30.7019,1.3522,1]},
{"frame":25,"values":[0.9991,0.0426,0.0039,0,-0.0428,0.9981,0.045,0,-0.002,-0.0451,0.999,0,-0.06,30.7018,1.3522,1]},
{"frame":26,"values":[0.999,0.0438,0.0039,0,-0.0439,0.998,0.0453,0,-0.002,-0.0454,0.999,0,-0.06,30.7018,1.3522,1]},
{"frame":27,"values":[0.999,0.0449,0.004,0,-0.045,0.9979,0.0456,0,-0.0019,-0.0457,0.999,0,-0.06,30.7018,1.3522,1]},
{"frame":28,"values":[0.9989,0.046,0.004,0,-0.0462,0.9979,0.0458,0,-0.0018,-0.046,0.9989,0,-0.06,30.7018,1.3522,1]},
{"frame":29,"values":[0.9989,0.0472,0.004,0,-0.0473,0.9978,0.0461,0,-0.0018,-0.0463,0.9989,0,-0.06,30.7018,1.3522,1]},
{"frame":30,"values":[0.9988,0.0483,0.004,0,-0.0484,0.9977,0.0464,0,-0.0017,-0.0466,0.9989,0,-0.06,30.7018,1.3522,1]},
{"frame":31,"values":[0.9988,0.0494,0.004,0,-0.0495,0.9977,0.0467,0,-0.0016,-0.0469,0.9989,0,-0.06,30.7018,1.3522,1]},
{"frame":32,"values":[0.9987,0.0505,0.004,0,-0.0507,0.9976,0.047,0,-0.0016,-0.0472,0.9989,0,-0.06,30.7019,1.3522,1]},
{"frame":33,"values":[0.9987,0.0517,0.004,0,-0.0518,0.9975,0.0473,0,-0.0015,-0.0475,0.9989,0,-0.06,30.7017,1.3522,1]},
{"frame":34,"values":[0.9986,0.0528,0.004,0,-0.0529,0.9975,0.0476,0,-0.0015,-0.0477,0.9989,0,-0.06,30.7019,1.3522,1]},
{"frame":35,"values":[0.9985,0.0539,0.004,0,-0.054,0.9974,0.0479,0,-0.0014,-0.048,0.9988,0,-0.06,30.7018,1.3522,1]},
{"frame":36,"values":[0.9985,0.055,0.004,0,-0.0552,0.9973,0.0482,0,-0.0013,-0.0483,0.9988,0,-0.06,30.7018,1.3522,1]},
{"frame":37,"values":[0.9984,0.0562,0.004,0,-0.0563,0.9973,0.0463,0,-0.0014,-0.0464,0.9989,0,-0.06,30.7019,1.3522,1]},
{"frame":38,"values":[0.9985,0.0539,0.004,0,-0.054,0.9976,0.0444,0,-0.0016,-0.0445,0.999,0,-0.06,30.7018,1.3522,1]},
