{"producer":{"name":"Blender","version":"2.79 (sub 0)","exporter_version":"5.6.4","file":"sarcasticnod.babylon"},
"autoClear":true,"clearColor":[0.0509,0.0509,0.0509],"ambientColor":[0,0,0],"gravity":[0,-9.81,0],
"materials":[{"name":"sarcasticnod.Material","id":"sarcasticnod.Material","ambient":[0,0,0],"diffuse":[0,0,0],"specular":[0,0,0],"emissive":[0,0,0],"specularPower":50,"alpha":0.001,"backFaceCulling":true,"checkReadyOnlyOnce":false,"maxSimultaneousLights":4}],
"multiMaterials":[],
"skeletons":[{"name":"Armature","id":0,"dimensionsAtRest":[379.1952,391.6652,55.677],"bones":[
{"name":"mixamorig:Hips","index":0,"matrix":[0.994,-0.0551,-0.0947,0,0.061,0.9963,0.0598,0,-0.0911,0.0652,-0.9937,0,0.3749,200.3118,0.3752,1],"rest":[1,0,0,0,0,1,0,0,0,0,-1,0,0,201.6394,0,1],"parentBoneIndex":-1,"length":21.6784
,"animation":{"dataType":3,"framePerSecond":24,"keys":[
{"frame":1,"values":[0.994,-0.0551,-0.0947,0,0.0609,0.9964,0.0598,0,-0.0911,0.0652,-0.9937,0,0.3747,200.3125,0.3753,1]},
{"frame":2,"values":[0.9941,-0.055,-0.094,0,0.0611,0.9961,0.0637,0,-0.0901,0.0691,-0.9935,0,0.3643,200.3125,0.2034,1]},
{"frame":3,"values":[0.9941,-0.0549,-0.0936,0,0.0614,0.9958,0.0684,0,-0.0894,0.0738,-0.9933,0,0.3536,200.3125,-0.0335,1]},
{"frame":4,"values":[0.9941,-0.0551,-0.0939,0,0.0621,0.9954,0.0734,0,-0.0895,0.0788,-0.9929,0,0.3471,200.3125,-0.3485,1]},
{"frame":5,"values":[0.994,-0.0556,-0.0947,0,0.0631,0.995,0.078,0,-0.0898,0.0835,-0.9924,0,0.336,200.3125,-0.7241,1]},
{"frame":6,"values":[0.9938,-0.0569,-0.0951,0,0.0647,0.9946,0.0814,0,-0.0899,0.0871,-0.9921,0,0.3159,200.3125,-1.1304,1]},
{"frame":7,"values":[0.9937,-0.0592,-0.0949,0,0.0672,0.9942,0.0834,0,-0.0894,0.0893,-0.992,0,0.2948,200.3125,-1.3602,1]},
{"frame":8,"values":[0.9936,-0.0619,-0.0942,0,0.0699,0.994,0.084,0,-0.0884,0.09,-0.992,0,0.2855,200.3124,-1.5899,1]},
{"frame":9,"values":[0.9935,-0.0645,-0.0935,0,0.0724,0.9939,0.0834,0,-0.0875,0.0896,-0.9921,0,0.2762,200.3124,-1.8197,1]},
{"frame":10,"values":[0.9935,-0.0658,-0.093,0,0.0736,0.9938,0.0828,0,-0.087,0.0891,-0.9922,0,0.3726,200.3124,-2.0494,1]},
{"frame":11,"values":[0.9934,-0.0671,-0.0929,0,0.0748,0.9938,0.0823,0,-0.0868,0.0887,-0.9923,0,0.4691,200.3124,-2.2792,1]},
{"frame":12,"values":[0.9932,-0.0684,-0.094,0,0.0764,0.9935,0.0845,0,-0.0877,0.0911,-0.992,0,0.5655,200.3124,-2.5089,1]},
{"frame":13,"values":[0.9932,-0.0676,-0.0952,0,0.0759,0.9933,0.0866,0,-0.0888,0.0933,-0.9917,0,0.662,200.3124,-2.7386,1]},
{"frame":14,"values":[0.9931,-0.0668,-0.0964,0,0.0755,0.9932,0.0888,0,-0.0898,0.0955,-0.9914,0,0.7585,200.3123,-2.9684,1]},
{"frame":15,"values":[0.993,-0.0661,-0.0976,0,0.075,0.993,0.091,0,-0.0909,0.0977,-0.9911,0,0.8549,200.3123,-3.1981,1]},
{"frame":16,"values":[0.993,-0.0653,-0.0988,0,0.0746,0.9929,0.0932,0,-0.092,0.0999,-0.9907,0,0.9514,200.3123,-3.4279,1]},
{"frame":17,"values":[0.9929,-0.0645,-0.1,0,0.0741,0.9927,0.0954,0,-0.0931,0.1021,-0.9904,0,1.0478,200.3123,-3.6576,1]},
{"frame":18,"values":[0.9928,-0.0638,-0.1012,0,0.0737,0.9925,0.0975,0,-0.0942,0.1043,-0.9901,0,1.1443,200.3123,-3.8874,1]},
{"frame":19,"values":[0.9927,-0.063,-0.1024,0,0.0732,0.9923,0.0997,0,-0.0953,0.1065,-0.9897,0,1.2408,200.3123,-4.1171,1]},
{"frame":20,"values":[0.9927,-0.0622,-0.1036,0,0.0728,0.9921,0.1019,0,-0.0964,0.1087,-0.9894,0,1.3372,200.3123,-4.3469,1]},
{"frame":21,"values":[0.9926,-0.0614,-0.1048,0,0.0724,0.9919,0.1041,0,-0.0975,0.1109,-0.989,0,1.4337,200.3123,-4.5766,1]},
{"frame":22,"values":[0.9925,-0.0606,-0.1059,0,0.0719,0.9917,0.1063,0,-0.0986,0.1131,-0.9887,0,1.5301,200.3123,-4.8064,1]},
{"frame":23,"values":[0.9924,-0.0599,-0.1071,0,0.0715,0.9915,0.1084,0,-0.0997,0.1153,-0.9883,0,1.6266,200.3122,-4.556,1]},
{"frame":24,"values":[0.9924,-0.0591,-0.1083,0,0.0711,0.9913,0.1106,0,-0.1008,0.1175,-0.9879,0,1.723,200.3122,-4.3056,1]},
{"frame":25,"values":[0.9922,-0.0593,-0.1095,0,0.0717,0.991,0.1128,0,-0.1018,0.1197,-0.9876,0,1.8195,200.3122,-4.0552,1]},
{"frame":26,"values":[0.9923,-0.0596,-0.1084,0,0.0716,0.9913,0.1103,0,-0.1009,0.1172,-0.988,0,1.916,200.3122,-3.8048,1]},
{"frame":27,"values":[0.9924,-0.0599,-0.1073,0,0.0715,0.9916,0.1078,0,-0.1,0.1147,-0.9884,0,2.0124,200.3122,-3.5544,1]},
{"frame":28,"values":[0.9925,-0.0601,-0.1062,0,0.0714,0.9919,0.1054,0,-0.099,0.1121,-0.9887,0,1.9412,200.3122,-3.304,1]},
{"frame":29,"values":[0.9926,-0.0604,-0.1051,0,0.0712,0.9921,0.1029,0,-0.0981,0.1096,-0.9891,0,1.8699,200.3122,-3.0536,1]},
{"frame":30,"values":[0.9927,-0.0606,-0.104,0,0.0711,0.9924,0.1004,0,-0.0972,0.1071,-0.9895,0,1.7986,200.3121,-2.8032,1]},
{"frame":31,"values":[0.9926,-0.0609,-0.1051,0,0.0713,0.9926,0.0979,0,-0.0984,0.1047,-0.9896,0,1.7273,200.3121,-2.5528,1]},
{"frame":32,"values":[0.9925,-0.0611,-0.1061,0,0.0714,0.9929,0.0954,0,-0.0996,0.1023,-0.9898,0,1.6561,200.3121,-2.3024,1]},
{"frame":33,"values":[0.9924,-0.0608,-0.1072,0,0.0709,0.9931,0.0929,0,-0.1008,0.0998,-0.9899,0,1.5848,200.3121,-2.052,1]},
{"frame":34,"values":[0.9923,-0.0605,-0.1082,0,0.0705,0.9934,0.0904,0,-0.1021,0.0973,-0.99,0,1.5135,200.3121,-1.8016,1]},
{"frame":35,"values":[0.9922,-0.0603,-0.1093,0,0.07,0.9937,0.0879,0,-0.1033,0.0949,-0.9901,0,1.4423,200.3121,-1.5512,1]},
{"frame":36,"values":[0.9921,-0.06,-0.1103,0,0.0696,0.9939,0.0854,0,-0.1045,0.0924,-0.9902,0,1.371,200.3121,-1.3008,1]},
{"frame":37,"values":[0.9923,-0.0597,-0.1089,0,0.0689,0.9942,0.0829,0,-0.1033,0.0898,-0.9906,0,1.2997,200.312,-1.0504,1]},
{"frame":38,"values":[0.9924,-0.0595,-0.1075,0,0.0683,0.9944,0.0805,0,-0.1021,0.0872,-0.9909,0,1.2284,200.312,-0.8,1]},
{"frame":39,"values":[0.9926,-0.0592,-0.1061,0,0.0677,0.9947,0.078,0,-0.1009,0.0846,-0.9913,0,1.1572,200.312,-0.5496,1]},
{"frame":40,"values":[0.9928,-0.0589,-0.1047,0,0.067,0.9949,0.0755,0,-0.0997,0.082,-0.9916,0,1.0859,200.312,-0.2992,1]},
{"frame":41,"values":[0.9929,-0.0587,-0.1032,0,0.0664,0.9951,0.073,0,-0.0985,0.0794,-0.992,0,1.0146,200.312,-0.0488,1]},
{"frame":42,"values":[0.9931,-0.0584,-0.1018,0,0.0658,0.9953,0.0705,0,-0.0972,0.0767,-0.9923,0,0.9434,200.312,0.2016,1]},
{"frame":43,"values":[0.9932,-0.0581,-0.1004,0,0.0651,0.9956,0.068,0,-0.096,0.0741,-0.9926,0,0.8721,200.312,0.452,1]},
{"frame":44,"values":[0.9934,-0.0578,-0.099,0,0.0645,0.9958,0.0656,0,-0.0948,0.0715,-0.9929,0,0.8008,200.312,0.7024,1]},
{"frame":45,"values":[0.9936,-0.0576,-0.0976,0,0.0639,0.996,0.0631,0,-0.0936,0.0689,-0.9932,0,0.7295,200.312,0.9528,1]},
{"frame":46,"values":[0.9937,-0.0573,-0.0962,0,0.0633,0.9962,0.0606,0,-0.0923,0.0663,-0.9935,0,0.6583,200.3119,1.2032,1]},
{"frame":47,"values":[0.9939,-0.057,-0.0947,0,0.0627,0.9963,0.0581,0,-0.0911,0.0637,-0.9938,0,0.587,200.3119,1.4536,1]},
{"frame":48,"values":[0.994,-0.0567,-0.0933,0,0.0621,0.9965,0.0556,0,-0.0898,0.0611,-0.9941,0,0.5157,200.3119,1.3468,1]},
{"frame":49,"values":[0.9942,-0.0564,-0.0919,0,0.0617,0.9965,0.0561,0,-0.0884,0.0614,-0.9942,0,0.4445,200.3119,1.24,1]},
{"frame":50,"values":[0.9943,-0.0562,-0.0905,0,0.0614,0.9965,0.0565,0,-0.087,0.0618,-0.9943,0,0.3732,200.3119,1.1332,1]},
{"frame":51,"values":[0.9945,-0.0559,-0.0891,0,0.0611,0.9965,0.057,0,-0.0856,0.0621,-0.9944,0,0.3019,200.3119,1.0264,1]},
{"frame":52,"values":[0.9944,-0.0556,-0.09,0,0.0609,0.9965,0.0574,0,-0.0865,0.0626,-0.9943,0,0.3152,200.3118,0.9196,1]},
{"frame":53,"values":[0.9943,-0.0553,-0.0909,0,0.0607,0.9965,0.0579,0,-0.0874,0.0631,-0.9942,0,0.3284,200.3118,0.8128,1]},
{"frame":54,"values":[0.9943,-0.055,-0.0918,0,0.0605,0.9965,0.0583,0,-0.0883,0.0635,-0.9941,0,0.3417,200.3118,0.706,1]},
{"frame":55,"values":[0.9942,-0.0551,-0.0927,0,0.0607,0.9964,0.0588,0,-0.0892,0.064,-0.994,0,0.3549,200.3118,0.5992,1]},
{"frame":56,"values":[0.9941,-0.0551,-0.0937,0,0.0608,0.9964,0.0592,0,-0.0901,0.0646,-0.9938,0,0.3682,200.3118,0.4924,1]},
{"frame":57,"values":[0.994,-0.0551,-0.0947,0,0.061,0.9963,0.0598,0,-0.0911,0.0652,-0.9937,0,0.3749,200.3118,0.3752,1]}],"loopBehavior":1,"name":"anim","property":"_matrix"}},
{"name":"mixamorig:Spine","index":1,"matrix":[0.9987,0.0446,-0.0239,0,-0.0432,0.9973,0.0588,0,0.0264,-0.0577,0.998,0,0.0062,19.525,-2.4818,1],"rest":[1,0,0,0,0,1,0,0,0,0,1,0,0.0062,19.525,-2.4818,1],"parentBoneIndex":0,"length":23.0091
,"animation":{"dataType":3,"framePerSecond":24,"keys":[
{"frame":1,"values":[0.9987,0.0447,-0.0242,0,-0.0433,0.9973,0.0587,0,0.0268,-0.0576,0.998,0,0.0062,19.525,-2.4818,1]},
{"frame":2,"values":[0.9987,0.0449,-0.0244,0,-0.0434,0.9973,0.0587,0,0.0269,-0.0576,0.998,0,0.0062,19.525,-2.4818,1]},
{"frame":3,"values":[0.9987,0.045,-0.0245,0,-0.0435,0.9973,0.0587,0,0.0271,-0.0576,0.998,0,0.0062,19.525,-2.4818,1]},
{"frame":4,"values":[0.9987,0.0452,-0.0247,0,-0.0437,0.9973,0.0585,0,0.0273,-0.0573,0.998,0,0.0062,19.525,-2.4818,1]},
{"frame":5,"values":[0.9987,0.0453,-0.0249,0,-0.0438,0.9974,0.0578,0,0.0274,-0.0566,0.998,0,0.0062,19.525,-2.4818,1]},
{"frame":6,"values":[0.9987,0.0455,-0.025,0,-0.044,0.9974,0.0564,0,0.0275,-0.0552,0.9981,0,0.0062,19.525,-2.4818,1]},
{"frame":7,"values":[0.9986,0.0456,-0.0252,0,-0.0442,0.9975,0.0551,0,0.0276,-0.0539,0.9982,0,0.0062,19.525,-2.4818,1]},
{"frame":8,"values":[0.9986,0.0458,-0.0253,0,-0.0444,0.9976,0.0537,0,0.0277,-0.0525,0.9982,0,0.0062,19.525,-2.4818,1]},
{"frame":9,"values":[0.9986,0.0459,-0.0255,0,-0.0445,0.9976,0.0524,0,0.0278,-0.0512,0.9983,0,0.0062,19.525,-2.4818,1]},
{"frame":10,"values":[0.9986,0.0461,-0.0256,0,-0.0447,0.9977,0.0511,0,0.0279,-0.0499,0.9984,0,0.0062,19.525,-2.4818,1]},
{"frame":11,"values":[0.9986,0.0462,-0.0258,0,-0.0449,0.9977,0.0498,0,0.0281,-0.0486,0.9984,0,0.0062,19.525,-2.4818,1]},
{"frame":12,"values":[0.9986,0.0464,-0.026,0,-0.0451,0.9978,0.0485,0,0.0282,-0.0472,0.9985,0,0.0062,19.525,-2.4818,1]},
{"frame":13,"values":[0.9986,0.0465,-0.0261,0,-0.0453,0.9979,0.0472,0,0.0283,-0.0459,0.9985,0,0.0062,19.525,-2.4818,1]},
{"frame":14,"values":[0.9986,0.0467,-0.0263,0,-0.0454,0.9979,0.0458,0,0.0284,-0.0446,0.9986,0,0.0062,19.525,-2.4818,1]},
{"frame":15,"values":[0.9986,0.0468,-0.0262,0,-0.0456,0.998,0.0445,0,0.0283,-0.0433,0.9987,0,0.0062,19.525,-2.4818,1]},
{"frame":16,"values":[0.9986,0.047,-0.0262,0,-0.0458,0.998,0.0432,0,0.0281,-0.042,0.9987,0,0.0062,19.525,-2.4818,1]},
{"frame":17,"values":[0.9985,0.0471,-0.0261,0,-0.0459,0.998,0.0437,0,0.0281,-0.0425,0.9987,0,0.0062,19.525,-2.4818,1]},
{"frame":18,"values":[0.9985,0.0473,-0.0261,0,-0.0461,0.998,0.0443,0,0.0281,-0.043,0.9987,0,0.0062,19.525,-2.4818,1]},
{"frame":19,"values":[0.9985,0.0474,-0.026,0,-0.0462,0.9979,0.0448,0,0.0281,-0.0435,0.9987,0,0.0062,19.525,-2.4818,1]},
{"frame":20,"values":[0.9985,0.0473,-0.0259,0,-0.0461,0.9979,0.0454,0,0.028,-0.0441,0.9986,0,0.0062,19.525,-2.4818,1]},
{"frame":21,"values":[0.9986,0.0471,-0.0259,0,-0.0459,0.9979,0.0459,0,0.028,-0.0446,0.9986,0,0.0062,19.525,-2.4818,1]},
{"frame":22,"values":[0.9986,0.047,-0.0258,0,-0.0457,0.9979,0.0464,0,0.028,-0.0452,0.9986,0,0.0062,19.525,-2.4818,1]},
{"frame":23,"values":[0.9986,0.0468,-0.0258,0,-0.0456,0.9979,0.047,0,0.0279,-0.0457,0.9986,0,0.0062,19.525,-2.4818,1]},
{"frame":24,"values":[0.9986,0.0467,-0.0257,0,-0.0454,0.9978,0.0475,0,0.0279,-0.0463,0.9985,0,0.0062,19.525,-2.4818,1]},
{"frame":25,"values":[0.9986,0.0465,-0.0257,0,-0.0453,0.9978,0.048,0,0.0278,-0.0468,0.9985,0,0.0062,19.525,-2.4818,1]},
{"frame":26,"values":[0.9986,0.0464,-0.0256,0,-0.0451,0.9978,0.0486,0,0.0278,-0.0473,0.9985,0,0.0062,19.525,-2.4818,1]},
{"frame":27,"values":[0.9986,0.0462,-0.0255,0,-0.0449,0.9978,0.0491,0,0.0278,-0.0479,0.9985,0,0.0062,19.525,-2.4818,1]},
{"frame":28,"values":[0.9986,0.0461,-0.0255,0,-0.0448,0.9978,0.0496,0,0.0277,-0.0484,0.9984,0,0.0062,19.525,-2.4818,1]},
{"frame":29,"values":[0.9986,0.0459,-0.0254,0,-0.0446,0.9977,0.0502,0,0.0277,-0.049,0.9984,0,0.0062,19.525,-2.4818,1]},
{"frame":30,"values":[0.9986,0.0458,-0.0254,0,-0.0445,0.9977,0.0507,0,0.0276,-0.0495,0.9984,0,0.0062,19.525,-2.4818,1]},
{"frame":31,"values":[0.9986,0.0456,-0.0253,0,-0.0443,0.9977,0.0512,0,0.0276,-0.05,0.9984,0,0.0062,19.525,-2.4818,1]},
{"frame":32,"values":[0.9986,0.0455,-0.0253,0,-0.0441,0.9977,0.0518,0,0.0275,-0.0506,0.9983,0,0.0062,19.525,-2.4818,1]},
{"frame":33,"values":[0.9987,0.0453,-0.0252,0,-0.044,0.9977,0.0523,0,0.0275,-0.0511,0.9983,0,0.0062,19.525,-2.4818,1]},
{"frame":34,"values":[0.9987,0.0452,-0.0251,0,-0.0438,0.9976,0.0528,0,0.0275,-0.0517,0.9983,0,0.0062,19.525,-2.4818,1]},
{"frame":35,"values":[0.9987,0.045,-0.0251,0,-0.0437,0.9976,0.0534,0,0.0274,-0.0522,0.9983,0,0.0062,19.525,-2.4818,1]},
{"frame":36,"values":[0.9987,0.0449,-0.025,0,-0.0435,0.9976,0.0539,0,0.0274,-0.0528,0.9982,0,0.0062,19.525,-2.4818,1]},
{"frame":37,"values":[0.9987,0.0447,-0.025,0,-0.0433,0.9976,0.0544,0,0.0273,-0.0533,0.9982,0,0.0062,19.525,-2.4818,1]},
{"frame":38,"values":[0.9987,0.0446,-0.0249,0,-0.0432,0.9976,0.055,0,0.0273,-0.0538,0.9982,0,0.0062,19.525,-2.4818,1]},
{"frame":39,"values":[0.9987,0.0445,-0.0249,0,-0.043,0.9975,0.0555,0,0.0273,-0.0544,0.9981,0,0.0062,19.525,-2.4818,1]},
{"frame":40,"values":[0.9987,0.0443,-0.0248,0,-0.0429,0.9975,0.0561,0,0.0272,-0.0549,0.9981,0,0.0062,19.525,-2.4818,1]},
{"frame":41,"values":[0.9987,0.0442,-0.0247,0,-0.0427,0.9975,0.0566,0,0.0272,-0.0555,0.9981,0,0.0062,19.525,-2.4818,1]},
{"frame":42,"values":[0.9987,0.0442,-0.0247,0,-0.0427,0.9975,0.0571,0,0.0271,-0.056,0.9981,0,0.0062,19.525,-2.4818,1]},
{"frame":43,"values":[0.9987,0.0442,-0.0246,0,-0.0427,0.9974,0.0577,0,0.0271,-0.0565,0.998,0,0.0062,19.525,-2.4818,1]},
{"frame":44,"values":[0.9987,0.0443,-0.0246,0,-0.0428,0.9974,0.0582,0,0.0271,-0.0571,0.998,0,0.0062,19.525,-2.4818,1]},
{"frame":45,"values":[0.9987,0.0443,-0.0245,0,-0.0428,0.9974,0.0587,0,0.0271,-0.0576,0.998,0,0.0062,19.525,-2.4818,1]},
{"frame":46,"values":[0.9987,0.0443,-0.0245,0,-0.0428,0.9973,0.0593,0,0.027,-0.0581,0.9979,0,0.0062,19.525,-2.4818,1]},
{"frame":47,"values":[0.9987,0.0444,-0.0244,0,-0.0428,0.9973,0.0598,0,0.027,-0.0587,0.9979,0,0.0062,19.525,-2.4818,1]},
{"frame":48,"values":[0.9987,0.0444,-0.0243,0,-0.0428,0.9973,0.0603,0,0.027,-0.0592,0.9979,0,0.0062,19.525,-2.4818,1]},
{"frame":49,"values":[0.9987,0.0444,-0.0243,0,-0.0429,0.9973,0.0601,0,0.0269,-0.059,0.9979,0,0.0062,19.525,-2.4818,1]},
{"frame":50,"values":[0.9987,0.0445,-0.0242,0,-0.0429,0.9973,0.0599,0,0.0268,-0.0588,0.9979,0,0.0062,19.525,-2.4818,1]},
{"frame":51,"values":[0.9987,0.0445,-0.0242,0,-0.043,0.9973,0.0598,0,0.0268,-0.0586,0.9979,0,0.0062,19.525,-2.4818,1]},
{"frame":52,"values":[0.9987,0.0445,-0.0241,0,-0.043,0.9973,0.0596,0,0.0267,-0.0585,0.9979,0,0.0062,19.525,-2.4818,1]},
{"frame":53,"values":[0.9987,0.0445,-0.0241,0,-0.0431,0.9973,0.0594,0,0.0266,-0.0583,0.9979,0,0.0062,19.525,-2.4818,1]},
{"frame":54,"values":[0.9987,0.0446,-0.024,0,-0.0431,0.9973,0.0592,0,0.0266,-0.0581,0.998,0,0.0062,19.525,-2.4818,1]},
{"frame":55,"values":[0.9987,0.0446,-0.0239,0,-0.0431,0.9973,0.059,0,0.0265,-0.0579,0.998,0,0.0062,19.525,-2.4818,1]},
{"frame":56,"values":[0.9987,0.0446,-0.0239,0,-0.0432,0.9973,0.0588,0,0.0264,-0.0577,0.998,0,0.0062,19.525,-2.4818,1]},
{"frame":57,"values":[0.9987,0.0446,-0.0239,0,-0.0432,0.9973,0.0588,0,0.0264,-0.0577,0.998,0,0.0062,19.525,-2.4818,1]}],"loopBehavior":1,"name":"anim","property":"_matrix"}},
{"name":"mixamorig:Spine1","index":2,"matrix":[0.9996,0.0273,-0.0034,0,-0.0272,0.9994,0.0203,0,0.004,-0.0202,0.9998,0,-0.0009,22.835,-2.8254,1],"rest":[1,0,0,0,0,1,0,0,0,0,1,0,-0.0009,22.835,-2.8254,1],"parentBoneIndex":1,"length":26.7438
,"animation":{"dataType":3,"framePerSecond":24,"keys":[
{"frame":1,"values":[0.9996,0.0272,-0.0054,0,-0.0271,0.9994,0.0203,0,0.0059,-0.0201,0.9998,0,-0.0009,22.835,-2.8254,1]},
{"frame":2,"values":[0.9996,0.027,-0.0054,0,-0.0269,0.9994,0.0203,0,0.006,-0.0201,0.9998,0,-0.0009,22.835,-2.8254,1]},
{"frame":3,"values":[0.9996,0.0268,-0.0055,0,-0.0267,0.9994,0.0202,0,0.006,-0.02,0.9998,0,-0.0009,22.835,-2.8254,1]},
{"frame":4,"values":[0.9996,0.0266,-0.0055,0,-0.0264,0.9995,0.0196,0,0.0061,-0.0195,0.9998,0,-0.0009,22.835,-2.8254,1]},
{"frame":5,"values":[0.9996,0.0263,-0.0056,0,-0.0262,0.9995,0.0183,0,0.0061,-0.0182,0.9998,0,-0.0009,22.835,-2.8254,1]},
{"frame":6,"values":[0.9996,0.0261,-0.0056,0,-0.026,0.9995,0.0159,0,0.0061,-0.0158,0.9999,0,-0.0009,22.835,-2.8254,1]},
{"frame":7,"values":[0.9996,0.0259,-0.0057,0,-0.0258,0.9996,0.0128,0,0.006,-0.0126,0.9999,0,-0.0009,22.835,-2.8254,1]},
{"frame":8,"values":[0.9997,0.0256,-0.0058,0,-0.0256,0.9996,0.0106,0,0.006,-0.0104,0.9999,0,-0.0009,22.835,-2.8254,1]},
{"frame":9,"values":[0.9997,0.0254,-0.0058,0,-0.0253,0.9996,0.0084,0,0.006,-0.0083,0.9999,0,-0.0009,22.835,-2.8254,1]},
{"frame":10,"values":[0.9997,0.0252,-0.0059,0,-0.0251,0.9997,0.0062,0,0.006,-0.0061,1,0,-0.0009,22.835,-2.8254,1]},
{"frame":11,"values":[0.9997,0.0249,-0.0059,0,-0.0249,0.9997,0.004,0,0.006,-0.0039,1,0,-0.0009,22.835,-2.8254,1]},
{"frame":12,"values":[0.9997,0.025,-0.006,0,-0.025,0.9997,0.0019,0,0.006,-0.0017,1,0,-0.0009,22.835,-2.8254,1]},
{"frame":13,"values":[0.9997,0.025,-0.006,0,-0.025,0.9997,-0.0003,0,0.006,0.0005,1,0,-0.0009,22.835,-2.8254,1]},
{"frame":14,"values":[0.9997,0.025,-0.0061,0,-0.0251,0.9997,-0.0025,0,0.006,0.0026,1,0,-0.0009,22.835,-2.8254,1]},
{"frame":15,"values":[0.9997,0.0251,-0.0061,0,-0.0251,0.9997,-0.0047,0,0.006,0.0048,1,0,-0.0009,22.835,-2.8254,1]},
{"frame":16,"values":[0.9997,0.0251,-0.0062,0,-0.0252,0.9997,-0.0068,0,0.006,0.007,1,0,-0.0009,22.835,-2.8254,1]},
{"frame":17,"values":[0.9997,0.0251,-0.0062,0,-0.0252,0.9997,-0.0059,0,0.0061,0.0061,1,0,-0.0009,22.835,-2.8254,1]},
{"frame":18,"values":[0.9997,0.0252,-0.0063,0,-0.0252,0.9997,-0.005,0,0.0062,0.0051,1,0,-0.0009,22.835,-2.8254,1]},
{"frame":19,"values":[0.9997,0.0252,-0.0064,0,-0.0252,0.9997,-0.0041,0,0.0063,0.0042,1,0,-0.0009,22.835,-2.8254,1]},
{"frame":20,"values":[0.9997,0.0252,-0.0064,0,-0.0253,0.9997,-0.0031,0,0.0063,0.0033,1,0,-0.0009,22.835,-2.8254,1]},
{"frame":21,"values":[0.9997,0.0253,-0.0065,0,-0.0253,0.9997,-0.0022,0,0.0064,0.0024,1,0,-0.0009,22.835,-2.8254,1]},
{"frame":22,"values":[0.9997,0.0253,-0.0063,0,-0.0253,0.9997,-0.0013,0,0.0063,0.0014,1,0,-0.0009,22.835,-2.8254,1]},
{"frame":23,"values":[0.9997,0.0254,-0.0062,0,-0.0254,0.9997,-0.0003,0,0.0061,0.0005,1,0,-0.0009,22.835,-2.8254,1]},
{"frame":24,"values":[0.9997,0.0254,-0.006,0,-0.0254,0.9997,0.0006,0,0.006,-0.0004,1,0,-0.0009,22.835,-2.8254,1]},
{"frame":25,"values":[0.9997,0.0254,-0.0059,0,-0.0254,0.9997,0.0015,0,0.0059,-0.0014,1,0,-0.0009,22.835,-2.8254,1]},
{"frame":26,"values":[0.9997,0.0255,-0.0057,0,-0.0254,0.9997,0.0025,0,0.0058,-0.0023,1,0,-0.0009,22.835,-2.8254,1]},
{"frame":27,"values":[0.9997,0.0255,-0.0055,0,-0.0255,0.9997,0.0034,0,0.0056,-0.0032,1,0,-0.0009,22.835,-2.8254,1]},
{"frame":28,"values":[0.9997,0.0255,-0.0054,0,-0.0255,0.9997,0.0043,0,0.0055,-0.0042,1,0,-0.0009,22.835,-2.8254,1]},
{"frame":29,"values":[0.9997,0.0256,-0.0052,0,-0.0255,0.9997,0.0052,0,0.0054,-0.0051,1,0,-0.0009,22.835,-2.8254,1]},
{"frame":30,"values":[0.9997,0.0256,-0.0051,0,-0.0256,0.9997,0.0062,0,0.0052,-0.006,1,0,-0.0009,22.835,-2.8254,1]},
{"frame":31,"values":[0.9997,0.0256,-0.0049,0,-0.0256,0.9996,0.0071,0,0.0051,-0.007,1,0,-0.0009,22.835,-2.8254,1]},
{"frame":32,"values":[0.9997,0.0257,-0.0048,0,-0.0256,0.9996,0.008,0,0.005,-0.0079,1,0,-0.0009,22.835,-2.8254,1]},
{"frame":33,"values":[0.9997,0.0257,-0.0046,0,-0.0257,0.9996,0.009,0,0.0049,-0.0088,0.9999,0,-0.0009,22.835,-2.8254,1]},
{"frame":34,"values":[0.9997,0.0258,-0.0045,0,-0.0258,0.9996,0.0099,0,0.0047,-0.0098,0.9999,0,-0.0009,22.835,-2.8254,1]},
{"frame":35,"values":[0.9997,0.0259,-0.0043,0,-0.0259,0.9996,0.0108,0,0.0046,-0.0107,0.9999,0,-0.0009,22.835,-2.8254,1]},
{"frame":36,"values":[0.9997,0.0261,-0.0042,0,-0.026,0.9996,0.0118,0,0.0045,-0.0116,0.9999,0,-0.0009,22.835,-2.8254,1]},
{"frame":37,"values":[0.9996,0.0262,-0.004,0,-0.0261,0.9996,0.0127,0,0.0043,-0.0126,0.9999,0,-0.0009,22.835,-2.8254,1]},
{"frame":38,"values":[0.9996,0.0263,-0.0039,0,-0.0263,0.9996,0.0136,0,0.0042,-0.0135,0.9999,0,-0.0009,22.835,-2.8254,1]},
{"frame":39,"values":[0.9996,0.0264,-0.0037,0,-0.0264,0.9995,0.0145,0,0.0041,-0.0144,0.9999,0,-0.0009,22.835,-2.8254,1]},
{"frame":40,"values":[0.9996,0.0266,-0.0036,0,-0.0265,0.9995,0.0155,0,0.004,-0.0154,0.9999,0,-0.0009,22.835,-2.8254,1]},
{"frame":41,"values":[0.9996,0.0267,-0.0034,0,-0.0266,0.9995,0.0164,0,0.0038,-0.0163,0.9999,0,-0.0009,22.835,-2.8254,1]},
{"frame":42,"values":[0.9996,0.0268,-0.0034,0,-0.0268,0.9995,0.0173,0,0.0039,-0.0172,0.9998,0,-0.0009,22.835,-2.8254,1]},
{"frame":43,"values":[0.9996,0.0269,-0.0034,0,-0.0269,0.9995,0.0183,0,0.0039,-0.0182,0.9998,0,-0.0009,22.835,-2.8254,1]},
{"frame":44,"values":[0.9996,0.0271,-0.0034,0,-0.027,0.9995,0.0192,0,0.0039,-0.0191,0.9998,0,-0.0009,22.835,-2.8254,1]},
{"frame":45,"values":[0.9996,0.0272,-0.0034,0,-0.0271,0.9994,0.0201,0,0.0039,-0.02,0.9998,0,-0.0009,22.835,-2.8254,1]},
{"frame":46,"values":[0.9996,0.0273,-0.0034,0,-0.0272,0.9994,0.0211,0,0.004,-0.021,0.9998,0,-0.0009,22.835,-2.8254,1]},
{"frame":47,"values":[0.9996,0.0273,-0.0034,0,-0.0272,0.9994,0.022,0,0.004,-0.0219,0.9998,0,-0.0009,22.835,-2.8254,1]},
{"frame":48,"values":[0.9996,0.0273,-0.0034,0,-0.0272,0.9994,0.0229,0,0.004,-0.0228,0.9997,0,-0.0009,22.835,-2.8254,1]},
{"frame":49,"values":[0.9996,0.0273,-0.0034,0,-0.0272,0.9994,0.0226,0,0.004,-0.0225,0.9997,0,-0.0009,22.835,-2.8254,1]},
{"frame":50,"values":[0.9996,0.0273,-0.0034,0,-0.0272,0.9994,0.0223,0,0.004,-0.0222,0.9997,0,-0.0009,22.835,-2.8254,1]},
{"frame":51,"values":[0.9996,0.0273,-0.0034,0,-0.0272,0.9994,0.022,0,0.004,-0.0219,0.9998,0,-0.0009,22.835,-2.8254,1]},
{"frame":52,"values":[0.9996,0.0273,-0.0034,0,-0.0272,0.9994,0.0217,0,0.004,-0.0216,0.9998,0,-0.0009,22.835,-2.8254,1]},
{"frame":53,"values":[0.9996,0.0273,-0.0034,0,-0.0272,0.9994,0.0214,0,0.004,-0.0213,0.9998,0,-0.0009,22.835,-2.8254,1]},
{"frame":54,"values":[0.9996,0.0273,-0.0034,0,-0.0272,0.9994,0.021,0,0.004,-0.0209,0.9998,0,-0.0009,22.835,-2.8254,1]},
{"frame":55,"values":[0.9996,0.0273,-0.0034,0,-0.0272,0.9994,0.0207,0,0.004,-0.0206,0.9998,0,-0.0009,22.835,-2.8254,1]},
{"frame":56,"values":[0.9996,0.0273,-0.0034,0,-0.0272,0.9994,0.0204,0,0.004,-0.0203,0.9998,0,-0.0009,22.835,-2.8254,1]},
{"frame":57,"values":[0.9996,0.0273,-0.0034,0,-0.0272,0.9994,0.0203,0,0.004,-0.0202,0.9998,0,-0.0009,22.835,-2.8254,1]}],"loopBehavior":1,"name":"anim","property":"_matrix"}},
{"name":"mixamorig:Spine2","index":3,"matrix":[0.9996,0.0274,-0.0059,0,-0.0273,0.9994,0.0198,0,0.0064,-0.0197,0.9998,0,-0.0206,26.5525,-3.1933,1],"rest":[1,0,0,0,0,1,0,0,0,0,1,0,-0.0206,26.5525,-3.1933,1],"parentBoneIndex":2,"length":24.825
,"animation":{"dataType":3,"framePerSecond":24,"keys":[
{"frame":1,"values":[0.9996,0.0274,-0.0058,0,-0.0272,0.9994,0.0198,0,0.0063,-0.0197,0.9998,0,-0.0206,26.5525,-3.1933,1]},
{"frame":2,"values":[0.9996,0.0271,-0.0057,0,-0.027,0.9994,0.0198,0,0.0063,-0.0197,0.9998,0,-0.0206,26.5525,-3.1933,1]},
{"frame":3,"values":[0.9996,0.0269,-0.0057,0,-0.0268,0.9994,0.0197,0,0.0062,-0.0196,0.9998,0,-0.0206,26.5525,-3.1933,1]},
{"frame":4,"values":[0.9996,0.0267,-0.0056,0,-0.0266,0.9995,0.0192,0,0.0061,-0.019,0.9998,0,-0.0206,26.5525,-3.1933,1]},
{"frame":5,"values":[0.9996,0.0264,-0.0056,0,-0.0263,0.9995,0.0179,0,0.006,-0.0177,0.9998,0,-0.0206,26.5525,-3.1933,1]},
{"frame":6,"values":[0.9996,0.0262,-0.0055,0,-0.0261,0.9995,0.0155,0,0.0059,-0.0153,0.9999,0,-0.0206,26.5525,-3.1933,1]},
{"frame":7,"values":[0.9996,0.026,-0.0055,0,-0.0259,0.9996,0.0123,0,0.0058,-0.0122,0.9999,0,-0.0206,26.5525,-3.1933,1]},
{"frame":8,"values":[0.9997,0.0257,-0.0054,0,-0.0257,0.9996,0.0101,0,0.0057,-0.01,0.9999,0,-0.0206,26.5525,-3.1933,1]},
{"frame":9,"values":[0.9997,0.0255,-0.0054,0,-0.0255,0.9996,0.008,0,0.0056,-0.0078,1,0,-0.0206,26.5525,-3.1933,1]},
{"frame":10,"values":[0.9997,0.0253,-0.0053,0,-0.0253,0.9997,0.0058,0,0.0055,-0.0056,1,0,-0.0206,26.5525,-3.1933,1]},
{"frame":11,"values":[0.9997,0.0251,-0.0053,0,-0.025,0.9997,0.0036,0,0.0054,-0.0035,1,0,-0.0206,26.5525,-3.1933,1]},
{"frame":12,"values":[0.9997,0.0251,-0.0052,0,-0.0251,0.9997,0.0014,0,0.0053,-0.0013,1,0,-0.0206,26.5525,-3.1933,1]},
{"frame":13,"values":[0.9997,0.0251,-0.0052,0,-0.0251,0.9997,-0.0008,0,0.0052,0.0009,1,0,-0.0206,26.5525,-3.1933,1]},
{"frame":14,"values":[0.9997,0.0252,-0.0051,0,-0.0252,0.9997,-0.0029,0,0.0051,0.0031,1,0,-0.0206,26.5525,-3.1933,1]},
{"frame":15,"values":[0.9997,0.0252,-0.0051,0,-0.0252,0.9997,-0.0051,0,0.0049,0.0053,1,0,-0.0206,26.5525,-3.1933,1]},
{"frame":16,"values":[0.9997,0.0252,-0.005,0,-0.0253,0.9997,-0.0073,0,0.0048,0.0074,1,0,-0.0206,26.5525,-3.1933,1]},
{"frame":17,"values":[0.9997,0.0253,-0.005,0,-0.0253,0.9997,-0.0064,0,0.0048,0.0065,1,0,-0.0206,26.5525,-3.1933,1]},
{"frame":18,"values":[0.9997,0.0253,-0.0049,0,-0.0253,0.9997,-0.0054,0,0.0048,0.0056,1,0,-0.0206,26.5525,-3.1933,1]},
{"frame":19,"values":[0.9997,0.0253,-0.0049,0,-0.0254,0.9997,-0.0045,0,0.0048,0.0046,1,0,-0.0206,26.5525,-3.1933,1]},
{"frame":20,"values":[0.9997,0.0254,-0.0048,0,-0.0254,0.9997,-0.0036,0,0.0047,0.0037,1,0,-0.0206,26.5525,-3.1933,1]},
{"frame":21,"values":[0.9997,0.0254,-0.0048,0,-0.0254,0.9997,-0.0027,0,0.0047,0.0028,1,0,-0.0206,26.5525,-3.1933,1]},
{"frame":22,"values":[0.9997,0.0254,-0.0047,0,-0.0254,0.9997,-0.0017,0,0.0047,0.0018,1,0,-0.0206,26.5525,-3.1933,1]},
{"frame":23,"values":[0.9997,0.0255,-0.0047,0,-0.0255,0.9997,-0.0008,0,0.0047,0.0009,1,0,-0.0206,26.5525,-3.1933,1]},
{"frame":24,"values":[0.9997,0.0255,-0.0046,0,-0.0255,0.9997,0.0001,0,0.0046,0,1,0,-0.0206,26.5525,-3.1933,1]},
{"frame":25,"values":[0.9997,0.0255,-0.0046,0,-0.0255,0.9997,0.0011,0,0.0046,-0.001,1,0,-0.0206,26.5525,-3.1933,1]},
{"frame":26,"values":[0.9997,0.0256,-0.0045,0,-0.0256,0.9997,0.002,0,0.0046,-0.0019,1,0,-0.0206,26.5525,-3.1933,1]},
{"frame":27,"values":[0.9997,0.0256,-0.0045,0,-0.0256,0.9997,0.0029,0,0.0046,-0.0028,1,0,-0.0206,26.5525,-3.1933,1]},
{"frame":28,"values":[0.9997,0.0256,-0.0044,0,-0.0256,0.9997,0.0039,0,0.0045,-0.0038,1,0,-0.0206,26.5525,-3.1933,1]},
{"frame":29,"values":[0.9997,0.0257,-0.0044,0,-0.0257,0.9997,0.0048,0,0.0045,-0.0047,1,0,-0.0206,26.5525,-3.1933,1]},
{"frame":30,"values":[0.9997,0.0257,-0.0043,0,-0.0257,0.9997,0.0057,0,0.0045,-0.0056,1,0,-0.0206,26.5525,-3.1933,1]},
{"frame":31,"values":[0.9997,0.0257,-0.0043,0,-0.0257,0.9996,0.0067,0,0.0045,-0.0065,1,0,-0.0206,26.5525,-3.1933,1]},
{"frame":32,"values":[0.9997,0.0258,-0.0042,0,-0.0257,0.9996,0.0076,0,0.0044,-0.0075,1,0,-0.0206,26.5525,-3.1933,1]},
{"frame":33,"values":[0.9997,0.0258,-0.0042,0,-0.0258,0.9996,0.0085,0,0.0044,-0.0084,1,0,-0.0206,26.5525,-3.1933,1]},
{"frame":34,"values":[0.9997,0.0259,-0.0041,0,-0.0259,0.9996,0.0095,0,0.0044,-0.0093,0.9999,0,-0.0206,26.5525,-3.1933,1]},
{"frame":35,"values":[0.9997,0.0261,-0.0041,0,-0.026,0.9996,0.0104,0,0.0044,-0.0103,0.9999,0,-0.0206,26.5525,-3.1933,1]},
{"frame":36,"values":[0.9996,0.0262,-0.004,0,-0.0262,0.9996,0.0113,0,0.0043,-0.0112,0.9999,0,-0.0206,26.5525,-3.1933,1]},
{"frame":37,"values":[0.9996,0.0263,-0.004,0,-0.0263,0.9996,0.0122,0,0.0043,-0.0121,0.9999,0,-0.0206,26.5525,-3.1933,1]},
{"frame":38,"values":[0.9996,0.0265,-0.0039,0,-0.0264,0.9996,0.0132,0,0.0043,-0.0131,0.9999,0,-0.0206,26.5525,-3.1933,1]},
{"frame":39,"values":[0.9996,0.0266,-0.0039,0,-0.0266,0.9995,0.0141,0,0.0043,-0.014,0.9999,0,-0.0206,26.5525,-3.1933,1]},
{"frame":40,"values":[0.9996,0.0268,-0.0038,0,-0.0267,0.9995,0.015,0,0.0042,-0.0149,0.9999,0,-0.0206,26.5525,-3.1933,1]},
{"frame":41,"values":[0.9996,0.0269,-0.0038,0,-0.0268,0.9995,0.016,0,0.0042,-0.0159,0.9999,0,-0.0206,26.5525,-3.1933,1]},
{"frame":42,"values":[0.9996,0.027,-0.0039,0,-0.027,0.9995,0.0169,0,0.0044,-0.0168,0.9998,0,-0.0206,26.5525,-3.1933,1]},
{"frame":43,"values":[0.9996,0.0272,-0.004,0,-0.0271,0.9995,0.0178,0,0.0045,-0.0177,0.9998,0,-0.0206,26.5525,-3.1933,1]},
{"frame":44,"values":[0.9996,0.0273,-0.0042,0,-0.0272,0.9995,0.0188,0,0.0047,-0.0186,0.9998,0,-0.0206,26.5525,-3.1933,1]},
{"frame":45,"values":[0.9996,0.0274,-0.0043,0,-0.0273,0.9994,0.0197,0,0.0048,-0.0196,0.9998,0,-0.0206,26.5525,-3.1933,1]},
{"frame":46,"values":[0.9996,0.0274,-0.0044,0,-0.0273,0.9994,0.0206,0,0.005,-0.0205,0.9998,0,-0.0206,26.5525,-3.1933,1]},
{"frame":47,"values":[0.9996,0.0274,-0.0046,0,-0.0273,0.9994,0.0216,0,0.0051,-0.0214,0.9998,0,-0.0206,26.5525,-3.1933,1]},
{"frame":48,"values":[0.9996,0.0274,-0.0047,0,-0.0273,0.9994,0.0225,0,0.0053,-0.0223,0.9997,0,-0.0206,26.5525,-3.1933,1]},
{"frame":49,"values":[0.9996,0.0274,-0.0048,0,-0.0273,0.9994,0.0222,0,0.0054,-0.022,0.9997,0,-0.0206,26.5525,-3.1933,1]},
{"frame":50,"values":[0.9996,0.0274,-0.0049,0,-0.0273,0.9994,0.0219,0,0.0055,-0.0217,0.9997,0,-0.0206,26.5525,-3.1933,1]},
{"frame":51,"values":[0.9996,0.0274,-0.0051,0,-0.0273,0.9994,0.0215,0,0.0056,-0.0214,0.9998,0,-0.0206,26.5525,-3.1933,1]},
{"frame":52,"values":[0.9996,0.0274,-0.0052,0,-0.0273,0.9994,0.0212,0,0.0058,-0.0211,0.9998,0,-0.0206,26.5525,-3.1933,1]},
{"frame":53,"values":[0.9996,0.0274,-0.0053,0,-0.0273,0.9994,0.0209,0,0.0059,-0.0208,0.9998,0,-0.0206,26.5525,-3.1933,1]},
{"frame":54,"values":[0.9996,0.0274,-0.0054,0,-0.0273,0.9994,0.0206,0,0.006,-0.0204,0.9998,0,-0.0206,26.5525,-3.1933,1]},
{"frame":55,"values":[0.9996,0.0274,-0.0056,0,-0.0273,0.9994,0.0203,0,0.0061,-0.0201,0.9998,0,-0.0206,26.5525,-3.1933,1]},
{"frame":56,"values":[0.9996,0.0274,-0.0057,0,-0.0273,0.9994,0.02,0,0.0062,-0.0198,0.9998,0,-0.0206,26.5525,-3.1933,1]},
{"frame":57,"values":[0.9996,0.0274,-0.0059,0,-0.0273,0.9994,0.0198,0,0.0064,-0.0197,0.9998,0,-0.0206,26.5525,-3.1933,1]}],"loopBehavior":1,"name":"anim","property":"_matrix"}},
{"name":"mixamorig:Neck","index":4,"matrix":[1,0.0077,0.0023,0,-0.0079,0.9952,0.098,0,-0.0016,-0.098,0.9952,0,-0.06,30.7018,1.3522,1],"rest":[1,0,0,0,0,1,0,0,0,0,1,0,-0.06,30.7018,1.3522,1],"parentBoneIndex":3,"length":22.8446
,"animation":{"dataType":3,"framePerSecond":24,"keys":[
{"frame":1,"values":[1,0.0078,0.0021,0,-0.0079,0.9952,0.098,0,-0.0014,-0.098,0.9952,0,-0.06,30.7018,1.3522,1]},
{"frame":2,"values":[1,0.0083,0.0026,0,-0.0086,0.9951,0.0983,0,-0.0018,-0.0983,0.9952,0,-0.06,30.7019,1.3522,1]},
{"frame":3,"values":[0.9999,0.0096,0.0033,0,-0.0098,0.9952,0.0978,0,-0.0024,-0.0978,0.9952,0,-0.06,30.7018,1.3522,1]},
{"frame":4,"values":[0.9999,0.012,0.0048,0,-0.0124,0.9953,0.0957,0,-0.0036,-0.0958,0.9954,0,-0.06,30.7018,1.3522,1]},
{"frame":5,"values":[0.9998,0.0162,0.0077,0,-0.0169,0.9956,0.0924,0,-0.0062,-0.0925,0.9957,0,-0.06,30.7018,1.3522,1]},
{"frame":6,"values":[0.9997,0.0231,0.0126,0,-0.0241,0.9958,0.088,0,-0.0105,-0.0883,0.996,0,-0.06,30.7018,1.3522,1]},
{"frame":7,"values":[0.9993,0.0322,0.0183,0,-0.0336,0.9961,0.0819,0,-0.0156,-0.0825,0.9965,0,-0.06,30.7018,1.3522,1]},
{"frame":8,"values":[0.9988,0.0424,0.0237,0,-0.044,0.9964,0.0724,0,-0.0206,-0.0733,0.9971,0,-0.06,30.7018,1.3522,1]},
{"frame":9,"values":[0.9982,0.0525,0.0282,0,-0.0541,0.9968,0.0594,0,-0.025,-0.0608,0.9978,0,-0.06,30.7018,1.3522,1]},
{"frame":10,"values":[0.9978,0.0586,0.0301,0,-0.0602,0.9968,0.0533,0,-0.0269,-0.055,0.9981,0,-0.06,30.7018,1.3522,1]},
{"frame":11,"values":[0.9974,0.0647,0.0319,0,-0.0662,0.9967,0.0473,0,-0.0287,-0.0493,0.9984,0,-0.06,30.7018,1.3522,1]},
{"frame":12,"values":[0.9969,0.0709,0.0337,0,-0.0723,0.9965,0.0413,0,-0.0306,-0.0436,0.9986,0,-0.06,30.7018,1.3522,1]},
{"frame":13,"values":[0.9965,0.077,0.0329,0,-0.0782,0.9963,0.0352,0,-0.0301,-0.0377,0.9988,0,-0.06,30.7018,1.3522,1]},
{"frame":14,"values":[0.9965,0.0767,0.0321,0,-0.0777,0.9966,0.0292,0,-0.0298,-0.0316,0.9991,0,-0.06,30.7018,1.3522,1]},
{"frame":15,"values":[0.9966,0.0765,0.0314,0,-0.0772,0.9967,0.0232,0,-0.0295,-0.0255,0.9992,0,-0.06,30.7018,1.3522,1]},
{"frame":16,"values":[0.9965,0.0782,0.0306,0,-0.0787,0.9967,0.0171,0,-0.0292,-0.0195,0.9994,0,-0.06,30.7018,1.3522,1]},
{"frame":17,"values":[0.9964,0.0799,0.0298,0,-0.0803,0.9967,0.0111,0,-0.0288,-0.0134,0.9995,0,-0.06,30.7018,1.3522,1]},
{"frame":18,"values":[0.9962,0.0816,0.029,0,-0.0822,0.9965,0.0182,0,-0.0274,-0.0205,0.9994,0,-0.06,30.7018,1.3522,1]},
{"frame":19,"values":[0.9961,0.0834,0.0282,0,-0.0841,0.9961,0.0253,0,-0.026,-0.0276,0.9993,0,-0.06,30.7018,1.3522,1]},
{"frame":20,"values":[0.996,0.0851,0.0275,0,-0.086,0.9958,0.0324,0,-0.0246,-0.0346,0.9991,0,-0.06,30.7018,1.3522,1]},
{"frame":21,"values":[0.9959,0.0868,0.0267,0,-0.0878,0.9954,0.0395,0,-0.0232,-0.0417,0.9989,0,-0.06,30.7018,1.3522,1]},
{"frame":22,"values":[0.9957,0.0886,0.0277,0,-0.0898,0.9949,0.0466,0,-0.0235,-0.0489,0.9985,0,-0.06,30.7018,1.3522,1]},
{"frame":23,"values":[0.9955,0.0903,0.0288,0,-0.0917,0.9943,0.0537,0,-0.0238,-0.0561,0.9981,0,-0.06,30.7018,1.3522,1]},
{"frame":24,"values":[0.9953,0.092,0.0298,0,-0.0937,0.9937,0.0607,0,-0.0241,-0.0632,0.9977,0,-0.06,30.7018,1.3522,1]},
{"frame":25,"values":[0.9951,0.0937,0.0309,0,-0.0956,0.9931,0.0678,0,-0.0243,-0.0704,0.9972,0,-0.06,30.7018,1.3522,1]},
{"frame":26,"values":[0.9954,0.0906,0.032,0,-0.0927,0.9929,0.0749,0,-0.025,-0.0775,0.9967,0,-0.06,30.7018,1.3522,1]},
{"frame":27,"values":[0.9957,0.0874,0.0306,0,-0.0897,0.9926,0.082,0,-0.0232,-0.0844,0.9962,0,-0.06,30.7019,1.3522,1]},
{"frame":28,"values":[0.996,0.0843,0.0293,0,-0.0864,0.9931,0.0791,0,-0.0224,-0.0814,0.9964,0,-0.06,30.7018,1.3522,1]},
{"frame":29,"values":[0.9963,0.0812,0.028,0,-0.0831,0.9936,0.0763,0,-0.0216,-0.0784,0.9967,0,-0.06,30.7018,1.3522,1]},
{"frame":30,"values":[0.9966,0.078,0.0267,0,-0.0799,0.9936,0.0795,0,-0.0203,-0.0814,0.9965,0,-0.06,30.7018,1.3522,1]},
{"frame":31,"values":[0.9969,0.0749,0.0254,0,-0.0768,0.9936,0.0827,0,-0.0191,-0.0844,0.9962,0,-0.06,30.7018,1.3522,1]},
{"frame":32,"values":[0.9971,0.0718,0.0242,0,-0.0736,0.9936,0.0859,0,-0.0178,-0.0874,0.996,0,-0.06,30.7018,1.3522,1]},
{"frame":33,"values":[0.9974,0.0686,0.0229,0,-0.0704,0.9935,0.0891,0,-0.0166,-0.0905,0.9958,0,-0.06,30.7018,1.3522,1]},
{"frame":34,"values":[0.9976,0.0655,0.0216,0,-0.0672,0.9935,0.0923,0,-0.0154,-0.0935,0.9955,0,-0.06,30.7019,1.3522,1]},
{"frame":35,"values":[0.9979,0.0623,0.0202,0,-0.064,0.9934,0.0954,0,-0.0142,-0.0965,0.9952,0,-0.06,30.7018,1.3522,1]},
{"frame":36,"values":[0.9981,0.0592,0.0189,0,-0.0608,0.9933,0.0986,0,-0.0129,-0.0996,0.9949,0,-0.06,30.7018,1.3522,1]},
{"frame":37,"values":[0.9983,0.0561,0.0176,0,-0.0576,0.9931,0.1018,0,-0.0117,-0.1026,0.9947,0,-0.06,30.7018,1.3522,1]},
{"frame":38,"values":[0.9985,0.0529,0.0162,0,-0.0544,0.993,0.1049,0,-0.0106,-0.1056,0.9943,0,-0.06,30.7018,1.3522,1]},
{"frame":39,"values":[0.9986,0.0498,0.0149,0,-0.0511,0.9928,0.1081,0,-0.0094,-0.1087,0.994,0,-0.06,30.7018,1.3522,1]},
{"frame":40,"values":[0.9988,0.0467,0.0135,0,-0.0479,0.9926,0.1112,0,-0.0082,-0.1117,0.9937,0,-0.06,30.7018,1.3522,1]},
{"frame":41,"values":[0.999,0.0436,0.0121,0,-0.0447,0.9924,0.1144,0,-0.007,-0.1148,0.9934,0,-0.06,30.7018,1.3522,1]},
{"frame":42,"values":[0.9991,0.0405,0.0107,0,-0.0415,0.9922,0.1175,0,-0.0059,-0.1178,0.993,0,-0.06,30.7018,1.3522,1]},
{"frame":43,"values":[0.9993,0.0373,0.0094,0,-0.0382,0.9925,0.1162,0,-0.005,-0.1164,0.9932,0,-0.06,30.7018,1.3522,1]},
{"frame":44,"values":[0.9994,0.0342,0.0081,0,-0.0349,0.9928,0.1148,0,-0.0041,-0.115,0.9934,0,-0.06,30.7018,1.3522,1]},
{"frame":45,"values":[0.9995,0.0311,0.0067,0,-0.0316,0.993,0.1135,0,-0.0032,-0.1136,0.9935,0,-0.06,30.7019,1.3522,1]},
{"frame":46,"values":[0.9996,0.0279,0.0054,0,-0.0284,0.9933,0.1121,0,-0.0022,-0.1123,0.9937,0,-0.06,30.7018,1.3522,1]},
{"frame":47,"values":[0.9997,0.0248,0.0041,0,-0.0251,0.9935,0.1108,0,-0.0013,-0.1109,0.9938,0,-0.06,30.7018,1.3522,1]},
{"frame":48,"values":[0.9998,0.0216,0.0028,0,-0.0218,0.9938,0.1094,0,-0.0004,-0.1095,0.994,0,-0.06,30.7018,1.3522,1]},
{"frame":49,"values":[0.9998,0.0185,0.0029,0,-0.0187,0.994,0.1081,0,-0.0009,-0.1081,0.9941,0,-0.06,30.7018,1.3522,1]},
{"frame":50,"values":[0.9999,0.0154,0.003,0,-0.0156,0.9942,0.1068,0,-0.0014,-0.1068,0.9943,0,-0.06,30.7018,1.3522,1]},
{"frame":51,"values":[0.9999,0.0122,0.0032,0,-0.0125,0.9944,0.1054,0,-0.0019,-0.1054,0.9944,0,-0.06,30.7018,1.3522,1]},
{"frame":52,"values":[1,0.0091,0.0033,0,-0.0094,0.9945,0.1041,0,-0.0023,-0.1041,0.9946,0,-0.06,30.7018,1.3522,1]},
{"frame":53,"values":[1,0.0091,0.0031,0,-0.0094,0.9947,0.1027,0,-0.0021,-0.1027,0.9947,0,-0.06,30.7018,1.3522,1]},
{"frame":54,"values":[1,0.0088,0.0029,0,-0.0091,0.9948,0.1014,0,-0.0019,-0.1014,0.9948,0,-0.06,30.7018,1.3522,1]},
{"frame":55,"values":[1,0.0086,0.0026,0,-0.0088,0.9949,0.1,0,-0.0018,-0.1001,0.995,0,-0.06,30.7018,1.3522,1]},
{"frame":56,"values":[1,0.0083,0.0024,0,-0.0085,0.9951,0.0987,0,-0.0016,-0.0987,0.9951,0,-0.06,30.7018,1.3522,1]},
{"frame":57,"values":[1,0.0077,0.0023,0,-0.0079,0.9952,0.098,0,-0.0016,-0.098,0.9952,0,-0.06,30.7018,1.3522,1]}],"loopBehavior":1,"name":"anim","property":"_matrix"}},
{"name":"mixamorig:Head","index":5,"matrix":[0.9997,-0.0046,-0.0234,0,0.0015,0.9913,-0.1317,0,0.0238,0.1316,0.991,0,-0.0872,22.5476,3.6709,1],"rest":[1,0,0,0,0,1,0,0,0,0,1,0,-0.0872,22.5476,3.6709,1],"parentBoneIndex":4,"length":30.5924
,"animation":{"dataType":3,"framePerSecond":24,"keys":[
{"frame":1,"values":[0.9997,-0.0046,-0.0236,0,0.0014,0.9913,-0.1317,0,0.024,0.1316,0.991,0,-0.0872,22.5476,3.6709,1]},
{"frame":2,"values":[0.9998,-0.0042,-0.0219,0,0.0014,0.9918,-0.1275,0,0.0223,0.1274,0.9916,0,-0.0872,22.5475,3.6709,1]},
{"frame":3,"values":[0.9998,-0.0035,-0.0202,0,0.001,0.9928,-0.1196,0,0.0205,0.1195,0.9926,0,-0.0872,22.5476,3.6709,1]},
{"frame":4,"values":[0.9999,-0.0002,-0.0154,0,-0.0015,0.9937,-0.1123,0,0.0153,0.1124,0.9935,0,-0.0872,22.5476,3.6709,1]},
{"frame":5,"values":[1,0.0079,-0.0034,0,-0.0082,0.9936,-0.1131,0,0.0025,0.1131,0.9936,0,-0.0872,22.5476,3.6709,1]},
{"frame":6,"values":[0.9996,0.023,0.0169,0,-0.0206,0.9915,-0.1283,0,-0.0197,0.1279,0.9916,0,-0.0872,22.5476,3.6709,1]},
{"frame":7,"values":[0.9981,0.045,0.0409,0,-0.038,0.9869,-0.1568,0,-0.0475,0.1549,0.9868,0,-0.0872,22.5476,3.6709,1]},
{"frame":8,"values":[0.9958,0.0658,0.0641,0,-0.0523,0.9796,-0.1938,0,-0.0755,0.1896,0.9789,0,-0.0872,22.5476,3.6709,1]},
{"frame":9,"values":[0.9928,0.0866,0.0831,0,-0.0653,0.9705,-0.2321,0,-0.1008,0.225,0.9691,0,-0.0872,22.5476,3.6709,1]},
{"frame":10,"values":[0.99,0.1074,0.0912,0,-0.0798,0.9609,-0.2652,0,-0.1161,0.2553,0.9599,0,-0.0872,22.5476,3.6709,1]},
{"frame":11,"values":[0.9868,0.128,0.0993,0,-0.0946,0.9527,-0.289,0,-0.1316,0.2758,0.9522,0,-0.0872,22.5476,3.6709,1]},
{"frame":12,"values":[0.9843,0.1488,0.0951,0,-0.1138,0.9462,-0.3028,0,-0.1351,0.2872,0.9483,0,-0.0872,22.5476,3.6709,1]},
{"frame":13,"values":[0.9813,0.1695,0.091,0,-0.1337,0.9411,-0.3106,0,-0.1383,0.2927,0.9462,0,-0.0872,22.5476,3.6709,1]},
{"frame":14,"values":[0.9819,0.1683,0.0869,0,-0.1332,0.9398,-0.3147,0,-0.1346,0.2974,0.9452,0,-0.0872,22.5476,3.6709,1]},
{"frame":15,"values":[0.9825,0.167,0.0828,0,-0.1332,0.9396,-0.3152,0,-0.1304,0.2987,0.9454,0,-0.0872,22.5476,3.6709,1]},
{"frame":16,"values":[0.983,0.1657,0.0786,0,-0.1332,0.9397,-0.3151,0,-0.1261,0.2993,0.9458,0,-0.0872,22.5476,3.6709,1]},
{"frame":17,"values":[0.9821,0.1731,0.0746,0,-0.1402,0.9353,-0.3251,0,-0.126,0.3088,0.9427,0,-0.0872,22.5476,3.6709,1]},
{"frame":18,"values":[0.9811,0.1804,0.0705,0,-0.1471,0.9307,-0.3349,0,-0.126,0.3182,0.9396,0,-0.0872,22.5476,3.6709,1]},
{"frame":19,"values":[0.98,0.1877,0.0662,0,-0.154,0.926,-0.3447,0,-0.126,0.3276,0.9364,0,-0.0872,22.5476,3.6709,1]},
{"frame":20,"values":[0.9789,0.1949,0.062,0,-0.167,0.9366,-0.308,0,-0.1181,0.2912,0.9494,0,-0.0872,22.5476,3.6709,1]},
{"frame":21,"values":[0.9776,0.2023,0.058,0,-0.1796,0.9457,-0.2709,0,-0.1096,0.2544,0.9609,0,-0.0872,22.5476,3.6709,1]},
{"frame":22,"values":[0.9759,0.2096,0.0614,0,-0.1901,0.9537,-0.2332,0,-0.1075,0.2159,0.9705,0,-0.0872,22.5476,3.6709,1]},
{"frame":23,"values":[0.974,0.2168,0.0652,0,-0.2006,0.96,-0.1951,0,-0.1049,0.177,0.9786,0,-0.0872,22.5476,3.6709,1]},
{"frame":24,"values":[0.9722,0.2238,0.0692,0,-0.2109,0.9648,-0.1568,0,-0.1018,0.1379,0.9852,0,-0.0872,22.5476,3.6709,1]},
