{"producer":{"name":"Blender","version":"2.79 (sub 0)","exporter_version":"5.6.4","file":"shakefistgesture.babylon"},
"autoClear":true,"clearColor":[0.0509,0.0509,0.0509],"ambientColor":[0,0,0],"gravity":[0,-9.81,0],
"materials":[{"name":"shakefistgesture.Material","id":"shakefistgesture.Material","ambient":[0,0,0],"diffuse":[0,0,0],"specular":[0,0,0],"emissive":[0,0,0],"specularPower":50,"alpha":0.001,"backFaceCulling":true,"checkReadyOnlyOnce":false,"maxSimultaneousLights":4}],
"multiMaterials":[],
"skeletons":[{"name":"Armature","id":0,"dimensionsAtRest":[379.1952,391.6652,55.677],"bones":[
{"name":"mixamorig:Hips","index":0,"matrix":[1,-0.0063,0.0071,0,0.0066,0.9989,-0.0469,0,0.0068,-0.0469,-0.9989,0,0.0616,199.1837,-0.503,1],"rest":[1,0,0,0,0,1,0,0,0,0,-1,0,0,201.6394,0,1],"parentBoneIndex":-1,"length":21.6784
,"animation":{"dataType":3,"framePerSecond":24,"keys":[
{"frame":1,"values":[1,-0.0063,0.0071,0,0.0066,0.9989,-0.0469,0,0.0068,-0.0469,-0.9989,0,0.0616,199.1837,-0.503,1]},
{"frame":2,"values":[0.9998,-0.0062,0.0189,0,0.007,0.999,-0.0449,0,0.0186,-0.045,-0.9988,0,0.1057,199.1967,-0.8017,1]},
{"frame":3,"values":[0.9996,-0.005,0.0271,0,0.0061,0.9991,-0.0429,0,0.0269,-0.0431,-0.9987,0,0.135,199.2096,-1.1043,1]},
{"frame":4,"values":[0.9996,-0.0038,0.0283,0,0.0049,0.9992,-0.0409,0,0.0281,-0.041,-0.9988,0,0.1483,199.2226,-1.3466,1]},
{"frame":5,"values":[0.9997,-0.0043,0.0246,0,0.0053,0.9992,-0.0389,0,0.0244,-0.0391,-0.9989,0,0.1325,199.2355,-1.4822,1]},
{"frame":6,"values":[0.9997,-0.0061,0.0231,0,0.0071,0.9992,-0.0404,0,0.0229,-0.0405,-0.9989,0,0.035,199.2485,-1.4858,1]},
{"frame":7,"values":[0.9995,-0.0067,0.0305,0,0.008,0.9991,-0.0418,0,0.0302,-0.042,-0.9987,0,-0.1948,199.2615,-1.3777,1]},
{"frame":8,"values":[0.9988,-0.0043,0.0491,0,0.0063,0.9992,-0.0401,0,0.0489,-0.0403,-0.998,0,-0.5386,199.2744,-1.2619,1]},
{"frame":9,"values":[0.9971,0,0.0757,0,0.0029,0.9993,-0.0383,0,0.0756,-0.0384,-0.9964,0,-0.9729,199.2874,-1.2238,1]},
{"frame":10,"values":[0.9944,0.0054,0.106,0,-0.0015,0.9993,-0.0365,0,0.1061,-0.0362,-0.9937,0,-1.5342,199.3004,-1.269,1]},
{"frame":11,"values":[0.9905,0.0117,0.1372,0,-0.007,0.9994,-0.0347,0,0.1375,-0.0334,-0.9899,0,-2.2093,199.2967,-1.3774,1]},
{"frame":12,"values":[0.9851,0.0189,0.1707,0,-0.0125,0.9992,-0.0389,0,0.1713,-0.0362,-0.9845,0,-2.8845,199.2931,-1.5795,1]},
{"frame":13,"values":[0.9826,0.0256,0.1837,0,-0.0179,0.9989,-0.0432,0,0.1846,-0.0392,-0.982,0,-3.5597,199.2895,-1.7816,1]},
{"frame":14,"values":[0.98,0.0292,0.1967,0,-0.0202,0.9987,-0.0475,0,0.1978,-0.0426,-0.9793,0,-4.2348,199.2858,-1.9837,1]},
{"frame":15,"values":[0.9774,0.0277,0.2096,0,-0.0172,0.9985,-0.0517,0,0.2107,-0.0469,-0.9764,0,-4.91,199.2822,-2.1858,1]},
{"frame":16,"values":[0.9746,0.0263,0.2224,0,-0.0142,0.9983,-0.0559,0,0.2235,-0.0513,-0.9733,0,-5.5852,199.2785,-2.3879,1]},
{"frame":17,"values":[0.9716,0.0249,0.2353,0,-0.0122,0.9984,-0.055,0,0.2363,-0.0506,-0.9704,0,-6.2604,199.2749,-2.3533,1]},
{"frame":18,"values":[0.9683,0.0285,0.2481,0,-0.0144,0.9982,-0.0584,0,0.2493,-0.053,-0.967,0,-6.9355,199.2712,-2.4432,1]},
{"frame":19,"values":[0.9649,0.0321,0.2608,0,-0.0165,0.998,-0.0618,0,0.2623,-0.0553,-0.9634,0,-7.6107,199.2676,-2.533,1]},
{"frame":20,"values":[0.9612,0.0357,0.2735,0,-0.0189,0.9978,-0.0638,0,0.2752,-0.0561,-0.9598,0,-7.3869,199.1888,-2.6229,1]},
{"frame":21,"values":[0.9574,0.0392,0.2862,0,-0.0212,0.9976,-0.0658,0,0.2881,-0.0569,-0.9559,0,-7.1631,199.11,-2.7128,1]},
{"frame":22,"values":[0.9534,0.0427,0.2988,0,-0.0252,0.9978,-0.0621,0,0.3008,-0.0516,-0.9523,0,-6.9393,199.0312,-2.8026,1]},
{"frame":23,"values":[0.9492,0.0462,0.3113,0,-0.0294,0.9979,-0.0584,0,0.3134,-0.0463,-0.9485,0,-6.7155,198.9524,-2.5131,1]},
{"frame":24,"values":[0.9451,0.0447,0.3238,0,-0.0285,0.9981,-0.0548,0,0.3257,-0.0425,-0.9445,0,-6.4917,198.9312,-2.2235,1]},
{"frame":25,"values":[0.9408,0.0433,0.3363,0,-0.0276,0.9983,-0.0511,0,0.3379,-0.0388,-0.9404,0,-6.6296,198.9099,-1.9339,1]},
{"frame":26,"values":[0.9363,0.0418,0.3487,0,-0.0247,0.9983,-0.0536,0,0.3503,-0.0416,-0.9357,0,-6.7674,198.8887,-1.6444,1]},
{"frame":27,"values":[0.9316,0.0431,0.361,0,-0.0245,0.9981,-0.0559,0,0.3627,-0.0433,-0.9309,0,-6.9053,198.8674,-1.3548,1]},
{"frame":28,"values":[0.9352,0.0448,0.3514,0,-0.0257,0.9979,-0.0588,0,0.3533,-0.046,-0.9344,0,-7.0432,198.8462,-1.0653,1]},
{"frame":29,"values":[0.9387,0.0465,0.3417,0,-0.0287,0.998,-0.0567,0,0.3436,-0.0434,-0.9381,0,-7.1811,198.8249,-0.7757,1]},
{"frame":30,"values":[0.9421,0.0481,0.332,0,-0.0318,0.998,-0.0546,0,0.334,-0.0409,-0.9417,0,-7.319,198.8037,-0.4861,1]},
{"frame":31,"values":[0.9455,0.0465,0.3223,0,-0.0312,0.9981,-0.0524,0,0.3241,-0.0395,-0.9452,0,-7.4569,198.7824,-0.1966,1]},
{"frame":32,"values":[0.9443,0.0447,0.3259,0,-0.03,0.9983,-0.05,0,0.3276,-0.0375,-0.9441,0,-7.5948,198.7967,0.093,1]},
{"frame":33,"values":[0.9431,0.0428,0.3296,0,-0.0287,0.9985,-0.0476,0,0.3312,-0.0355,-0.9429,0,-7.7327,198.8111,0.3825,1]},
{"frame":34,"values":[0.9419,0.041,0.3333,0,-0.0265,0.9985,-0.0478,0,0.3348,-0.0362,-0.9416,0,-7.8706,198.8254,0.6721,1]},
{"frame":35,"values":[0.9427,0.0422,0.3311,0,-0.0288,0.9986,-0.0454,0,0.3325,-0.0333,-0.9425,0,-8.0085,198.8397,0.9617,1]},
{"frame":36,"values":[0.9434,0.0434,0.3288,0,-0.031,0.9986,-0.0431,0,0.3302,-0.0305,-0.9434,0,-7.9241,198.8541,1.2512,1]},
{"frame":37,"values":[0.9441,0.0447,0.3266,0,-0.0332,0.9986,-0.0407,0,0.328,-0.0276,-0.9443,0,-7.8397,198.8684,1.5408,1]},
{"frame":38,"values":[0.9426,0.0422,0.3312,0,-0.0313,0.9988,-0.0382,0,0.3324,-0.0257,-0.9428,0,-7.9084,198.8827,1.8304,1]},
{"frame":39,"values":[0.9411,0.0397,0.3358,0,-0.0281,0.9988,-0.0394,0,0.337,-0.0276,-0.9411,0,-7.9772,198.8971,2.1199,1]},
{"frame":40,"values":[0.9474,0.0376,0.318,0,-0.0259,0.9988,-0.0409,0,0.3191,-0.0305,-0.9472,0,-7.552,198.9114,2.4095,1]},
{"frame":41,"values":[0.9533,0.0354,0.3,0,-0.0251,0.999,-0.038,0,0.301,-0.0286,-0.9532,0,-7.1268,198.9257,2.699,1]},
{"frame":42,"values":[0.9589,0.033,0.282,0,-0.0242,0.9991,-0.0349,0,0.2829,-0.0267,-0.9588,0,-6.7016,198.94,2.2992,1]},
{"frame":43,"values":[0.9641,0.0308,0.2638,0,-0.0232,0.9992,-0.0319,0,0.2646,-0.0247,-0.964,0,-6.2764,198.9544,1.8993,1]},
{"frame":44,"values":[0.969,0.0285,0.2456,0,-0.0221,0.9993,-0.0289,0,0.2462,-0.0226,-0.9689,0,-5.8512,198.9687,1.4995,1]},
{"frame":45,"values":[0.9735,0.0263,0.2272,0,-0.0197,0.9993,-0.0315,0,0.2279,-0.0262,-0.9733,0,-5.4261,198.983,1.0996,1]},
{"frame":46,"values":[0.9777,0.024,0.2088,0,-0.0173,0.9993,-0.0341,0,0.2095,-0.0298,-0.9774,0,-5.0009,198.9974,0.6997,1]},
{"frame":47,"values":[0.9815,0.0217,0.1903,0,-0.0149,0.9992,-0.0368,0,0.191,-0.0333,-0.981,0,-4.5757,199.0117,0.2999,1]},
{"frame":48,"values":[0.9849,0.0193,0.1718,0,-0.0127,0.9991,-0.0395,0,0.1724,-0.0368,-0.9843,0,-4.1505,199.026,-0.1,1]},
{"frame":49,"values":[0.9881,0.0168,0.1531,0,-0.0104,0.999,-0.0423,0,0.1537,-0.0402,-0.9873,0,-3.7253,199.0404,-0.4998,1]},
{"frame":50,"values":[0.9908,0.0142,0.1345,0,-0.0082,0.9989,-0.0451,0,0.135,-0.0436,-0.9899,0,-3.3002,199.0547,-0.8997,1]},
{"frame":51,"values":[0.9932,0.0116,0.1158,0,-0.0061,0.9988,-0.048,0,0.1162,-0.0469,-0.9921,0,-2.875,199.069,-1.2996,1]},
{"frame":52,"values":[0.9952,0.009,0.0971,0,-0.004,0.9987,-0.0509,0,0.0974,-0.0502,-0.994,0,-2.4498,199.0834,-1.6994,1]},
{"frame":53,"values":[0.9969,0.0064,0.0783,0,-0.0025,0.9988,-0.0493,0,0.0785,-0.049,-0.9957,0,-2.0246,199.0977,-1.5449,1]},
{"frame":54,"values":[0.9982,0.0039,0.0595,0,-0.001,0.9989,-0.0478,0,0.0596,-0.0477,-0.9971,0,-1.5994,199.112,-1.3904,1]},
{"frame":55,"values":[0.9992,0.0014,0.0406,0,0.0005,0.9989,-0.0464,0,0.0406,-0.0463,-0.9981,0,-1.1742,199.1264,-1.2359,1]},
{"frame":56,"values":[0.9998,-0.0012,0.0218,0,0.0022,0.9989,-0.0475,0,0.0217,-0.0475,-0.9986,0,-0.7491,199.1407,-1.0814,1]},
{"frame":57,"values":[1,-0.0037,0.0029,0,0.0039,0.9988,-0.0486,0,0.0027,-0.0486,-0.9988,0,-0.3239,199.155,-0.927,1]},
{"frame":58,"values":[1,-0.0063,0.0044,0,0.0065,0.9988,-0.0478,0,0.0041,-0.0478,-0.9988,0,0.1013,199.1694,-0.7725,1]},
{"frame":59,"values":[1,-0.0063,0.0071,0,0.0066,0.9989,-0.0469,0,0.0068,-0.0469,-0.9989,0,0.0616,199.1837,-0.503,1]}],"loopBehavior":1,"name":"anim","property":"_matrix"}},
{"name":"mixamorig:Spine","index":1,"matrix":[1,0.0061,0.0034,0,-0.006,0.9997,-0.0217,0,-0.0035,0.0217,0.9998,0,0.0062,19.525,-2.4818,1],"rest":[1,0,0,0,0,1,0,0,0,0,1,0,0.0062,19.525,-2.4818,1],"parentBoneIndex":0,"length":23.0091
,"animation":{"dataType":3,"framePerSecond":24,"keys":[
{"frame":1,"values":[1,0.0061,0.006,0,-0.006,0.9997,-0.0217,0,-0.0061,0.0217,0.9997,0,0.0062,19.525,-2.4818,1]},
{"frame":2,"values":[1,0.0072,0.0054,0,-0.007,0.9997,-0.0215,0,-0.0055,0.0215,0.9998,0,0.0062,19.525,-2.4818,1]},
{"frame":3,"values":[1,0.0079,0.0047,0,-0.0078,0.9998,-0.0204,0,-0.0049,0.0203,0.9998,0,0.0062,19.525,-2.4818,1]},
{"frame":4,"values":[1,0.0085,0.0041,0,-0.0084,0.9998,-0.0181,0,-0.0043,0.0181,0.9998,0,0.0062,19.525,-2.4818,1]},
{"frame":5,"values":[1,0.009,0.0035,0,-0.0089,0.9998,-0.0154,0,-0.0036,0.0154,0.9999,0,0.0062,19.525,-2.4818,1]},
{"frame":6,"values":[0.9999,0.0097,0.0028,0,-0.0096,0.9999,-0.0132,0,-0.003,0.0132,0.9999,0,0.0062,19.525,-2.4818,1]},
{"frame":7,"values":[0.9999,0.0112,0.0022,0,-0.0111,0.9999,-0.0113,0,-0.0023,0.0113,0.9999,0,0.0062,19.525,-2.4818,1]},
{"frame":8,"values":[0.9999,0.0141,0.0016,0,-0.0141,0.9999,-0.0086,0,-0.0017,0.0086,1,0,0.0062,19.525,-2.4818,1]},
{"frame":9,"values":[0.9998,0.018,0.0009,0,-0.018,0.9998,-0.0052,0,-0.001,0.0052,1,0,0.0062,19.525,-2.4818,1]},
{"frame":10,"values":[0.9998,0.0204,0.0003,0,-0.0204,0.9998,-0.0024,0,-0.0003,0.0024,1,0,0.0062,19.525,-2.4818,1]},
{"frame":11,"values":[0.9997,0.0229,-0.0003,0,-0.0229,0.9997,-0.0005,0,0.0003,0.0005,1,0,0.0062,19.525,-2.4818,1]},
{"frame":12,"values":[0.9997,0.0253,-0.001,0,-0.0253,0.9997,0.0014,0,0.001,-0.0014,1,0,0.0062,19.525,-2.4818,1]},
{"frame":13,"values":[0.9996,0.0278,-0.0016,0,-0.0278,0.9996,0.0036,0,0.0017,-0.0036,1,0,0.0062,19.525,-2.4818,1]},
{"frame":14,"values":[0.9995,0.0302,-0.0023,0,-0.0302,0.9995,0.0045,0,0.0024,-0.0044,1,0,0.0062,19.525,-2.4818,1]},
{"frame":15,"values":[0.9995,0.0327,-0.0029,0,-0.0326,0.9995,0.0053,0,0.0031,-0.0052,1,0,0.0062,19.525,-2.4818,1]},
{"frame":16,"values":[0.9994,0.0351,-0.0035,0,-0.0351,0.9994,0.0047,0,0.0037,-0.0045,1,0,0.0062,19.525,-2.4818,1]},
{"frame":17,"values":[0.9993,0.0375,-0.0042,0,-0.0375,0.9993,0.004,0,0.0043,-0.0039,1,0,0.0062,19.525,-2.4818,1]},
{"frame":18,"values":[0.9992,0.04,-0.0048,0,-0.04,0.9992,0.0052,0,0.005,-0.0051,1,0,0.0062,19.525,-2.4818,1]},
{"frame":19,"values":[0.9991,0.0424,-0.0039,0,-0.0424,0.9991,0.0065,0,0.0042,-0.0063,1,0,0.0062,19.525,-2.4818,1]},
{"frame":20,"values":[0.999,0.0449,-0.003,0,-0.0449,0.999,0.0077,0,0.0034,-0.0075,1,0,0.0062,19.525,-2.4818,1]},
{"frame":21,"values":[0.9989,0.0473,-0.0022,0,-0.0473,0.9988,0.0089,0,0.0026,-0.0088,1,0,0.0062,19.525,-2.4818,1]},
{"frame":22,"values":[0.9988,0.0498,-0.0013,0,-0.0498,0.9987,0.0083,0,0.0017,-0.0082,1,0,0.0062,19.525,-2.4818,1]},
{"frame":23,"values":[0.9986,0.0522,-0.0004,0,-0.0522,0.9986,0.0076,0,0.0008,-0.0076,1,0,0.0062,19.525,-2.4818,1]},
{"frame":24,"values":[0.9987,0.0519,0.0005,0,-0.0519,0.9986,0.007,0,-0.0001,-0.007,1,0,0.0062,19.525,-2.4818,1]},
{"frame":25,"values":[0.9986,0.0531,0.0014,0,-0.0531,0.9986,0.0077,0,-0.001,-0.0078,1,0,0.0062,19.525,-2.4818,1]},
{"frame":26,"values":[0.9985,0.0542,0.0022,0,-0.0542,0.9985,0.0085,0,-0.0018,-0.0086,1,0,0.0062,19.525,-2.4818,1]},
{"frame":27,"values":[0.9985,0.0554,0.0031,0,-0.0554,0.9984,0.0092,0,-0.0026,-0.0094,1,0,0.0062,19.525,-2.4818,1]},
{"frame":28,"values":[0.9984,0.0566,0.004,0,-0.0566,0.9983,0.01,0,-0.0034,-0.0102,0.9999,0,0.0062,19.525,-2.4818,1]},
{"frame":29,"values":[0.9984,0.0562,0.0049,0,-0.0562,0.9984,0.0107,0,-0.0043,-0.011,0.9999,0,0.0062,19.525,-2.4818,1]},
{"frame":30,"values":[0.9984,0.0558,0.0051,0,-0.0558,0.9984,0.0103,0,-0.0045,-0.0106,0.9999,0,0.0062,19.525,-2.4818,1]},
{"frame":31,"values":[0.9985,0.0554,0.0053,0,-0.0555,0.9984,0.0099,0,-0.0047,-0.0101,0.9999,0,0.0062,19.525,-2.4818,1]},
{"frame":32,"values":[0.9984,0.0563,0.0054,0,-0.0563,0.9984,0.0094,0,-0.0049,-0.0097,0.9999,0,0.0062,19.525,-2.4818,1]},
{"frame":33,"values":[0.9984,0.0571,0.0056,0,-0.0572,0.9983,0.0099,0,-0.0051,-0.0102,0.9999,0,0.0062,19.525,-2.4818,1]},
{"frame":34,"values":[0.9983,0.0579,0.0058,0,-0.058,0.9983,0.0103,0,-0.0052,-0.0107,0.9999,0,0.0062,19.525,-2.4818,1]},
{"frame":35,"values":[0.9983,0.0588,0.006,0,-0.0589,0.9982,0.0108,0,-0.0054,-0.0111,0.9999,0,0.0062,19.525,-2.4818,1]},
{"frame":36,"values":[0.9982,0.0596,0.0056,0,-0.0597,0.9982,0.0105,0,-0.0049,-0.0108,0.9999,0,0.0062,19.525,-2.4818,1]},
{"frame":37,"values":[0.9983,0.0572,0.0051,0,-0.0573,0.9983,0.0101,0,-0.0045,-0.0104,0.9999,0,0.0062,19.525,-2.4818,1]},
{"frame":38,"values":[0.9985,0.0548,0.0047,0,-0.0548,0.9984,0.0098,0,-0.0041,-0.01,0.9999,0,0.0062,19.525,-2.4818,1]},
{"frame":39,"values":[0.9986,0.0523,0.0043,0,-0.0524,0.9986,0.0101,0,-0.0037,-0.0103,0.9999,0,0.0062,19.525,-2.4818,1]},
{"frame":40,"values":[0.9987,0.0499,0.0038,0,-0.0499,0.9987,0.0104,0,-0.0033,-0.0106,0.9999,0,0.0062,19.525,-2.4818,1]},
{"frame":41,"values":[0.9989,0.0475,0.0034,0,-0.0475,0.9988,0.0107,0,-0.0029,-0.0109,0.9999,0,0.0062,19.525,-2.4818,1]},
{"frame":42,"values":[0.999,0.045,0.0033,0,-0.0451,0.9989,0.0088,0,-0.0029,-0.009,1,0,0.0062,19.525,-2.4818,1]},
{"frame":43,"values":[0.9991,0.0426,0.0033,0,-0.0426,0.9991,0.0069,0,-0.003,-0.0071,1,0,0.0062,19.525,-2.4818,1]},
{"frame":44,"values":[0.9992,0.0402,0.0033,0,-0.0402,0.9992,0.005,0,-0.0031,-0.0052,1,0,0.0062,19.525,-2.4818,1]},
{"frame":45,"values":[0.9993,0.0377,0.0033,0,-0.0377,0.9993,0.0031,0,-0.0031,-0.0033,1,0,0.0062,19.525,-2.4818,1]},
{"frame":46,"values":[0.9994,0.0353,0.0032,0,-0.0353,0.9994,0.0012,0,-0.0032,-0.0013,1,0,0.0062,19.525,-2.4818,1]},
{"frame":47,"values":[0.9995,0.0329,0.0032,0,-0.0329,0.9995,-0.0007,0,-0.0032,0.0006,1,0,0.0062,19.525,-2.4818,1]},
{"frame":48,"values":[0.9995,0.0304,0.0032,0,-0.0304,0.9995,-0.0026,0,-0.0033,0.0025,1,0,0.0062,19.525,-2.4818,1]},
{"frame":49,"values":[0.9996,0.028,0.0032,0,-0.028,0.9996,-0.0045,0,-0.0033,0.0044,1,0,0.0062,19.525,-2.4818,1]},
{"frame":50,"values":[0.9997,0.0255,0.0032,0,-0.0255,0.9997,-0.0064,0,-0.0034,0.0063,1,0,0.0062,19.525,-2.4818,1]},
{"frame":51,"values":[0.9997,0.0231,0.0032,0,-0.0231,0.9997,-0.0083,0,-0.0034,0.0082,1,0,0.0062,19.525,-2.4818,1]},
{"frame":52,"values":[0.9998,0.0207,0.0032,0,-0.0206,0.9997,-0.0102,0,-0.0034,0.0101,0.9999,0,0.0062,19.525,-2.4818,1]},
{"frame":53,"values":[0.9998,0.0182,0.0032,0,-0.0182,0.9998,-0.0121,0,-0.0035,0.012,0.9999,0,0.0062,19.525,-2.4818,1]},
{"frame":54,"values":[0.9999,0.0158,0.0033,0,-0.0157,0.9998,-0.014,0,-0.0035,0.0139,0.9999,0,0.0062,19.525,-2.4818,1]},
{"frame":55,"values":[0.9999,0.0134,0.0033,0,-0.0133,0.9998,-0.0159,0,-0.0035,0.0159,0.9999,0,0.0062,19.525,-2.4818,1]},
{"frame":56,"values":[0.9999,0.0109,0.0033,0,-0.0109,0.9998,-0.0178,0,-0.0035,0.0178,0.9998,0,0.0062,19.525,-2.4818,1]},
{"frame":57,"values":[1,0.0085,0.0033,0,-0.0084,0.9998,-0.0197,0,-0.0035,0.0197,0.9998,0,0.0062,19.525,-2.4818,1]},
{"frame":58,"values":[1,0.006,0.0034,0,-0.006,0.9997,-0.0216,0,-0.0035,0.0216,0.9998,0,0.0062,19.525,-2.4818,1]},
{"frame":59,"values":[1,0.0061,0.0034,0,-0.006,0.9997,-0.0217,0,-0.0035,0.0217,0.9998,0,0.0062,19.525,-2.4818,1]}],"loopBehavior":1,"name":"anim","property":"_matrix"}},
{"name":"mixamorig:Spine1","index":2,"matrix":[0.9995,0.0308,0.012,0,-0.0302,0.9986,-0.0435,0,-0.0133,0.0431,0.999,0,-0.0009,22.835,-2.8254,1],"rest":[1,0,0,0,0,1,0,0,0,0,1,0,-0.0009,22.835,-2.8254,1],"parentBoneIndex":1,"length":26.7438
,"animation":{"dataType":3,"framePerSecond":24,"keys":[
{"frame":1,"values":[0.9998,0.0139,0.012,0,-0.0134,0.999,-0.0435,0,-0.0126,0.0433,0.999,0,-0.0009,22.835,-2.8254,1]},
{"frame":2,"values":[0.9999,0.0148,0.0079,0,-0.0145,0.999,-0.043,0,-0.0085,0.0429,0.999,0,-0.0009,22.835,-2.8254,1]},
{"frame":3,"values":[0.9999,0.0157,0.0038,0,-0.0156,0.999,-0.0407,0,-0.0045,0.0407,0.9992,0,-0.0009,22.835,-2.8254,1]},
{"frame":4,"values":[0.9999,0.0166,-0.0003,0,-0.0166,0.9992,-0.0362,0,-0.0003,0.0362,0.9993,0,-0.0009,22.835,-2.8254,1]},
{"frame":5,"values":[0.9998,0.0175,-0.0045,0,-0.0177,0.9994,-0.0307,0,0.004,0.0308,0.9995,0,-0.0009,22.835,-2.8254,1]},
{"frame":6,"values":[0.9998,0.0184,-0.0088,0,-0.0187,0.9995,-0.0262,0,0.0083,0.0264,0.9996,0,-0.0009,22.835,-2.8254,1]},
{"frame":7,"values":[0.9997,0.0193,-0.0131,0,-0.0196,0.9996,-0.0224,0,0.0126,0.0227,0.9997,0,-0.0009,22.835,-2.8254,1]},
{"frame":8,"values":[0.9996,0.0202,-0.0173,0,-0.0205,0.9996,-0.0171,0,0.017,0.0174,0.9997,0,-0.0009,22.835,-2.8254,1]},
{"frame":9,"values":[0.9995,0.0211,-0.0216,0,-0.0214,0.9997,-0.0102,0,0.0214,0.0107,0.9997,0,-0.0009,22.835,-2.8254,1]},
{"frame":10,"values":[0.9994,0.022,-0.0259,0,-0.0222,0.9997,-0.0045,0,0.0258,0.005,0.9997,0,-0.0009,22.835,-2.8254,1]},
{"frame":11,"values":[0.9994,0.0229,-0.0259,0,-0.023,0.9997,-0.0006,0,0.0259,0.0012,0.9997,0,-0.0009,22.835,-2.8254,1]},
{"frame":12,"values":[0.9995,0.022,-0.0245,0,-0.022,0.9998,0.0033,0,0.0246,-0.0027,0.9997,0,-0.0009,22.835,-2.8254,1]},
{"frame":13,"values":[0.9995,0.0211,-0.022,0,-0.021,0.9997,0.0078,0,0.0222,-0.0073,0.9997,0,-0.0009,22.835,-2.8254,1]},
{"frame":14,"values":[0.9996,0.0202,-0.0185,0,-0.02,0.9998,0.0096,0,0.0187,-0.0092,0.9998,0,-0.0009,22.835,-2.8254,1]},
{"frame":15,"values":[0.9997,0.0193,-0.0151,0,-0.0191,0.9998,0.0113,0,0.0153,-0.011,0.9998,0,-0.0009,22.835,-2.8254,1]},
{"frame":16,"values":[0.9997,0.0184,-0.0146,0,-0.0182,0.9998,0.0101,0,0.0148,-0.0098,0.9998,0,-0.0009,22.835,-2.8254,1]},
{"frame":17,"values":[0.9997,0.0197,-0.0172,0,-0.0196,0.9998,0.0088,0,0.0174,-0.0085,0.9998,0,-0.0009,22.835,-2.8254,1]},
{"frame":18,"values":[0.9996,0.0211,-0.0179,0,-0.0209,0.9997,0.0114,0,0.0181,-0.011,0.9998,0,-0.0009,22.835,-2.8254,1]},
{"frame":19,"values":[0.9996,0.0225,-0.0147,0,-0.0223,0.9997,0.0139,0,0.015,-0.0136,0.9998,0,-0.0009,22.835,-2.8254,1]},
{"frame":20,"values":[0.9996,0.0239,-0.0115,0,-0.0237,0.9996,0.0164,0,0.0119,-0.0162,0.9998,0,-0.0009,22.835,-2.8254,1]},
{"frame":21,"values":[0.9996,0.0252,-0.0084,0,-0.025,0.9995,0.019,0,0.0089,-0.0187,0.9998,0,-0.0009,22.835,-2.8254,1]},
{"frame":22,"values":[0.9996,0.0266,-0.0096,0,-0.0264,0.9995,0.0177,0,0.0101,-0.0175,0.9998,0,-0.0009,22.835,-2.8254,1]},
{"frame":23,"values":[0.9996,0.0279,-0.0108,0,-0.0278,0.9995,0.0165,0,0.0113,-0.0162,0.9998,0,-0.0009,22.835,-2.8254,1]},
{"frame":24,"values":[0.9996,0.0285,-0.009,0,-0.0284,0.9995,0.0153,0,0.0094,-0.015,0.9998,0,-0.0009,22.835,-2.8254,1]},
{"frame":25,"values":[0.9995,0.0291,-0.0071,0,-0.029,0.9994,0.0168,0,0.0076,-0.0166,0.9998,0,-0.0009,22.835,-2.8254,1]},
{"frame":26,"values":[0.9995,0.0298,-0.0053,0,-0.0297,0.9994,0.0183,0,0.0058,-0.0182,0.9998,0,-0.0009,22.835,-2.8254,1]},
{"frame":27,"values":[0.9995,0.0304,-0.0034,0,-0.0303,0.9993,0.0199,0,0.004,-0.0198,0.9998,0,-0.0009,22.835,-2.8254,1]},
{"frame":28,"values":[0.9995,0.031,-0.0016,0,-0.0309,0.9993,0.0214,0,0.0022,-0.0213,0.9998,0,-0.0009,22.835,-2.8254,1]},
{"frame":29,"values":[0.9995,0.0311,0.0003,0,-0.0311,0.9993,0.0229,0,0.0004,-0.0229,0.9997,0,-0.0009,22.835,-2.8254,1]},
{"frame":30,"values":[0.9995,0.0312,-0.0007,0,-0.0311,0.9993,0.022,0,0.0014,-0.022,0.9998,0,-0.0009,22.835,-2.8254,1]},
{"frame":31,"values":[0.9995,0.0313,-0.0017,0,-0.0312,0.9993,0.0211,0,0.0023,-0.0211,0.9998,0,-0.0009,22.835,-2.8254,1]},
{"frame":32,"values":[0.9995,0.0314,-0.0027,0,-0.0313,0.9993,0.0202,0,0.0033,-0.0201,0.9998,0,-0.0009,22.835,-2.8254,1]},
{"frame":33,"values":[0.9995,0.0315,-0.0012,0,-0.0315,0.9993,0.0212,0,0.0019,-0.0211,0.9998,0,-0.0009,22.835,-2.8254,1]},
{"frame":34,"values":[0.9995,0.0316,0.0003,0,-0.0316,0.9993,0.0222,0,0.0004,-0.0221,0.9998,0,-0.0009,22.835,-2.8254,1]},
{"frame":35,"values":[0.9995,0.0315,0.0017,0,-0.0315,0.9992,0.0231,0,-0.001,-0.0232,0.9997,0,-0.0009,22.835,-2.8254,1]},
{"frame":36,"values":[0.9995,0.0313,0.0002,0,-0.0313,0.9993,0.0224,0,0.0006,-0.0224,0.9997,0,-0.0009,22.835,-2.8254,1]},
{"frame":37,"values":[0.9995,0.0312,-0.0014,0,-0.0312,0.9993,0.0217,0,0.0021,-0.0216,0.9998,0,-0.0009,22.835,-2.8254,1]},
{"frame":38,"values":[0.9995,0.0311,-0.003,0,-0.031,0.9993,0.021,0,0.0036,-0.0209,0.9998,0,-0.0009,22.835,-2.8254,1]},
{"frame":39,"values":[0.9995,0.0309,-0.0046,0,-0.0308,0.9993,0.0216,0,0.0052,-0.0214,0.9998,0,-0.0009,22.835,-2.8254,1]},
{"frame":40,"values":[0.9995,0.0308,-0.0036,0,-0.0307,0.9993,0.0222,0,0.0043,-0.022,0.9997,0,-0.0009,22.835,-2.8254,1]},
{"frame":41,"values":[0.9995,0.0308,-0.0027,0,-0.0307,0.9993,0.0227,0,0.0034,-0.0227,0.9997,0,-0.0009,22.835,-2.8254,1]},
{"frame":42,"values":[0.9995,0.0308,-0.0035,0,-0.0307,0.9994,0.0189,0,0.0041,-0.0188,0.9998,0,-0.0009,22.835,-2.8254,1]},
{"frame":43,"values":[0.9995,0.0308,-0.0013,0,-0.0307,0.9994,0.015,0,0.0018,-0.0149,0.9999,0,-0.0009,22.835,-2.8254,1]},
{"frame":44,"values":[0.9995,0.0308,0.0008,0,-0.0308,0.9995,0.0111,0,-0.0005,-0.0111,0.9999,0,-0.0009,22.835,-2.8254,1]},
{"frame":45,"values":[0.9995,0.0308,0.003,0,-0.0308,0.9995,0.0072,0,-0.0028,-0.0073,1,0,-0.0009,22.835,-2.8254,1]},
{"frame":46,"values":[0.9995,0.0308,0.0052,0,-0.0308,0.9995,0.0033,0,-0.0051,-0.0035,1,0,-0.0009,22.835,-2.8254,1]},
{"frame":47,"values":[0.9995,0.0308,0.0074,0,-0.0308,0.9995,-0.0005,0,-0.0074,0.0003,1,0,-0.0009,22.835,-2.8254,1]},
{"frame":48,"values":[0.9995,0.0308,0.0046,0,-0.0308,0.9995,-0.0044,0,-0.0047,0.0043,1,0,-0.0009,22.835,-2.8254,1]},
{"frame":49,"values":[0.9995,0.0308,0.0018,0,-0.0308,0.9995,-0.0083,0,-0.002,0.0083,1,0,-0.0009,22.835,-2.8254,1]},
{"frame":50,"values":[0.9995,0.0308,-0.001,0,-0.0308,0.9995,-0.0122,0,0.0006,0.0122,0.9999,0,-0.0009,22.835,-2.8254,1]},
{"frame":51,"values":[0.9995,0.0308,-0.0038,0,-0.0309,0.9994,-0.0161,0,0.0033,0.0162,0.9999,0,-0.0009,22.835,-2.8254,1]},
{"frame":52,"values":[0.9995,0.0308,-0.0066,0,-0.0309,0.9993,-0.02,0,0.006,0.0202,0.9998,0,-0.0009,22.835,-2.8254,1]},
{"frame":53,"values":[0.9995,0.0308,-0.0038,0,-0.0308,0.9992,-0.0238,0,0.0031,0.0239,0.9997,0,-0.0009,22.835,-2.8254,1]},
{"frame":54,"values":[0.9995,0.0307,-0.001,0,-0.0308,0.9991,-0.0277,0,0.0002,0.0277,0.9996,0,-0.0009,22.835,-2.8254,1]},
{"frame":55,"values":[0.9995,0.0307,0.0017,0,-0.0307,0.999,-0.0316,0,-0.0027,0.0315,0.9995,0,-0.0009,22.835,-2.8254,1]},
{"frame":56,"values":[0.9995,0.0307,0.0045,0,-0.0306,0.9989,-0.0355,0,-0.0056,0.0353,0.9994,0,-0.0009,22.835,-2.8254,1]},
{"frame":57,"values":[0.9995,0.0308,0.0073,0,-0.0304,0.9988,-0.0394,0,-0.0085,0.0391,0.9992,0,-0.0009,22.835,-2.8254,1]},
{"frame":58,"values":[0.9995,0.0308,0.0101,0,-0.0303,0.9986,-0.0432,0,-0.0114,0.0429,0.999,0,-0.0009,22.835,-2.8254,1]},
{"frame":59,"values":[0.9995,0.0308,0.012,0,-0.0302,0.9986,-0.0435,0,-0.0133,0.0431,0.999,0,-0.0009,22.835,-2.8254,1]}],"loopBehavior":1,"name":"anim","property":"_matrix"}},
{"name":"mixamorig:Spine2","index":3,"matrix":[0.9995,0.0307,0.012,0,-0.0301,0.9986,-0.0435,0,-0.0133,0.0431,0.999,0,-0.0206,26.5525,-3.1933,1],"rest":[1,0,0,0,0,1,0,0,0,0,1,0,-0.0206,26.5525,-3.1933,1],"parentBoneIndex":2,"length":24.825
,"animation":{"dataType":3,"framePerSecond":24,"keys":[
{"frame":1,"values":[0.9998,0.0139,0.012,0,-0.0134,0.999,-0.0435,0,-0.0126,0.0433,0.999,0,-0.0206,26.5525,-3.1933,1]},
{"frame":2,"values":[0.9999,0.0148,0.0079,0,-0.0145,0.999,-0.043,0,-0.0085,0.0429,0.999,0,-0.0206,26.5525,-3.1933,1]},
{"frame":3,"values":[0.9999,0.0157,0.0038,0,-0.0156,0.999,-0.0407,0,-0.0044,0.0407,0.9992,0,-0.0206,26.5525,-3.1933,1]},
{"frame":4,"values":[0.9999,0.0166,-0.0003,0,-0.0166,0.9992,-0.0362,0,-0.0003,0.0362,0.9993,0,-0.0206,26.5525,-3.1933,1]},
{"frame":5,"values":[0.9998,0.0175,-0.0046,0,-0.0177,0.9994,-0.0307,0,0.004,0.0308,0.9995,0,-0.0206,26.5525,-3.1933,1]},
{"frame":6,"values":[0.9998,0.0184,-0.0089,0,-0.0187,0.9995,-0.0263,0,0.0084,0.0264,0.9996,0,-0.0206,26.5525,-3.1933,1]},
{"frame":7,"values":[0.9997,0.0193,-0.0132,0,-0.0196,0.9996,-0.0224,0,0.0127,0.0227,0.9997,0,-0.0206,26.5525,-3.1933,1]},
{"frame":8,"values":[0.9996,0.0202,-0.0175,0,-0.0205,0.9996,-0.0171,0,0.0171,0.0175,0.9997,0,-0.0206,26.5525,-3.1933,1]},
{"frame":9,"values":[0.9995,0.0211,-0.0218,0,-0.0214,0.9997,-0.0103,0,0.0215,0.0108,0.9997,0,-0.0206,26.5525,-3.1933,1]},
{"frame":10,"values":[0.9994,0.022,-0.0261,0,-0.0221,0.9997,-0.0046,0,0.026,0.0051,0.9996,0,-0.0206,26.5525,-3.1933,1]},
{"frame":11,"values":[0.9994,0.0229,-0.0261,0,-0.0229,0.9997,-0.0007,0,0.0261,0.0013,0.9997,0,-0.0206,26.5525,-3.1933,1]},
{"frame":12,"values":[0.9994,0.022,-0.0248,0,-0.0219,0.9998,0.0031,0,0.0249,-0.0025,0.9997,0,-0.0206,26.5525,-3.1933,1]},
{"frame":13,"values":[0.9995,0.0211,-0.0224,0,-0.0209,0.9998,0.0076,0,0.0226,-0.0071,0.9997,0,-0.0206,26.5525,-3.1933,1]},
{"frame":14,"values":[0.9996,0.0202,-0.019,0,-0.02,0.9998,0.0094,0,0.0192,-0.009,0.9998,0,-0.0206,26.5525,-3.1933,1]},
{"frame":15,"values":[0.9997,0.0192,-0.0156,0,-0.0191,0.9998,0.0111,0,0.0158,-0.0108,0.9998,0,-0.0206,26.5525,-3.1933,1]},
{"frame":16,"values":[0.9997,0.0183,-0.0152,0,-0.0182,0.9998,0.0098,0,0.0153,-0.0096,0.9998,0,-0.0206,26.5525,-3.1933,1]},
{"frame":17,"values":[0.9997,0.0192,-0.0178,0,-0.0191,0.9998,0.0086,0,0.0179,-0.0082,0.9998,0,-0.0206,26.5525,-3.1933,1]},
{"frame":18,"values":[0.9996,0.0202,-0.0184,0,-0.02,0.9997,0.0111,0,0.0187,-0.0107,0.9998,0,-0.0206,26.5525,-3.1933,1]},
{"frame":19,"values":[0.9997,0.0211,-0.0153,0,-0.0209,0.9997,0.0137,0,0.0156,-0.0133,0.9998,0,-0.0206,26.5525,-3.1933,1]},
{"frame":20,"values":[0.9997,0.0221,-0.0122,0,-0.0219,0.9996,0.0162,0,0.0126,-0.0159,0.9998,0,-0.0206,26.5525,-3.1933,1]},
{"frame":21,"values":[0.9997,0.023,-0.0091,0,-0.0228,0.9996,0.0187,0,0.0095,-0.0185,0.9998,0,-0.0206,26.5525,-3.1933,1]},
{"frame":22,"values":[0.9997,0.0239,-0.0103,0,-0.0237,0.9996,0.0175,0,0.0107,-0.0172,0.9998,0,-0.0206,26.5525,-3.1933,1]},
{"frame":23,"values":[0.9996,0.0249,-0.0116,0,-0.0247,0.9996,0.0163,0,0.012,-0.016,0.9998,0,-0.0206,26.5525,-3.1933,1]},
{"frame":24,"values":[0.9996,0.0258,-0.0097,0,-0.0256,0.9996,0.015,0,0.0101,-0.0148,0.9998,0,-0.0206,26.5525,-3.1933,1]},
{"frame":25,"values":[0.9996,0.0267,-0.0079,0,-0.0266,0.9995,0.0166,0,0.0083,-0.0164,0.9998,0,-0.0206,26.5525,-3.1933,1]},
{"frame":26,"values":[0.9996,0.0281,-0.006,0,-0.028,0.9994,0.0181,0,0.0065,-0.0179,0.9998,0,-0.0206,26.5525,-3.1933,1]},
{"frame":27,"values":[0.9996,0.0295,-0.0042,0,-0.0294,0.9994,0.0197,0,0.0048,-0.0195,0.9998,0,-0.0206,26.5525,-3.1933,1]},
{"frame":28,"values":[0.9995,0.0309,-0.0023,0,-0.0308,0.9993,0.0212,0,0.003,-0.0211,0.9998,0,-0.0206,26.5525,-3.1933,1]},
{"frame":29,"values":[0.9995,0.031,-0.0005,0,-0.0309,0.9993,0.0227,0,0.0012,-0.0227,0.9997,0,-0.0206,26.5525,-3.1933,1]},
{"frame":30,"values":[0.9995,0.0311,-0.0015,0,-0.031,0.9993,0.0218,0,0.0022,-0.0218,0.9998,0,-0.0206,26.5525,-3.1933,1]},
{"frame":31,"values":[0.9995,0.0312,-0.0025,0,-0.0311,0.9993,0.0209,0,0.0031,-0.0208,0.9998,0,-0.0206,26.5525,-3.1933,1]},
{"frame":32,"values":[0.9995,0.0313,-0.0034,0,-0.0312,0.9993,0.02,0,0.0041,-0.0199,0.9998,0,-0.0206,26.5525,-3.1933,1]},
{"frame":33,"values":[0.9995,0.0314,-0.002,0,-0.0313,0.9993,0.021,0,0.0027,-0.0209,0.9998,0,-0.0206,26.5524,-3.1933,1]},
{"frame":34,"values":[0.9995,0.0315,-0.0006,0,-0.0315,0.9993,0.022,0,0.0012,-0.0219,0.9998,0,-0.0206,26.5525,-3.1933,1]},
{"frame":35,"values":[0.9995,0.0314,0.0009,0,-0.0314,0.9992,0.0229,0,-0.0002,-0.0229,0.9997,0,-0.0206,26.5525,-3.1933,1]},
{"frame":36,"values":[0.9995,0.0312,-0.0007,0,-0.0312,0.9993,0.0222,0,0.0014,-0.0222,0.9998,0,-0.0206,26.5525,-3.1933,1]},
{"frame":37,"values":[0.9995,0.0311,-0.0022,0,-0.031,0.9993,0.0215,0,0.0029,-0.0214,0.9998,0,-0.0206,26.5525,-3.1933,1]},
{"frame":38,"values":[0.9995,0.031,-0.0038,0,-0.0309,0.9993,0.0207,0,0.0044,-0.0206,0.9998,0,-0.0206,26.5525,-3.1933,1]},
{"frame":39,"values":[0.9995,0.0308,-0.0053,0,-0.0307,0.9993,0.0213,0,0.006,-0.0212,0.9998,0,-0.0206,26.5525,-3.1933,1]},
{"frame":40,"values":[0.9995,0.0307,-0.0044,0,-0.0306,0.9993,0.022,0,0.0051,-0.0218,0.9997,0,-0.0206,26.5525,-3.1933,1]},
{"frame":41,"values":[0.9995,0.0307,-0.0034,0,-0.0306,0.9993,0.0226,0,0.0041,-0.0224,0.9997,0,-0.0206,26.5525,-3.1933,1]},
{"frame":42,"values":[0.9995,0.0307,-0.0042,0,-0.0306,0.9994,0.0187,0,0.0048,-0.0185,0.9998,0,-0.0206,26.5525,-3.1933,1]},
{"frame":43,"values":[0.9995,0.0307,-0.002,0,-0.0306,0.9994,0.0148,0,0.0024,-0.0147,0.9999,0,-0.0206,26.5525,-3.1933,1]},
{"frame":44,"values":[0.9995,0.0307,0.0003,0,-0.0307,0.9995,0.0109,0,0.0001,-0.0109,0.9999,0,-0.0206,26.5525,-3.1933,1]},
{"frame":45,"values":[0.9995,0.0307,0.0025,0,-0.0307,0.9995,0.0071,0,-0.0023,-0.0071,1,0,-0.0206,26.5525,-3.1933,1]},
{"frame":46,"values":[0.9995,0.0307,0.0047,0,-0.0307,0.9995,0.0032,0,-0.0046,-0.0033,1,0,-0.0206,26.5525,-3.1933,1]},
{"frame":47,"values":[0.9995,0.0307,0.007,0,-0.0307,0.9995,-0.0007,0,-0.007,0.0005,1,0,-0.0206,26.5525,-3.1933,1]},
{"frame":48,"values":[0.9995,0.0307,0.0042,0,-0.0307,0.9995,-0.0045,0,-0.0044,0.0044,1,0,-0.0206,26.5525,-3.1933,1]},
{"frame":49,"values":[0.9995,0.0307,0.0015,0,-0.0307,0.9995,-0.0084,0,-0.0018,0.0084,1,0,-0.0206,26.5525,-3.1933,1]},
{"frame":50,"values":[0.9995,0.0307,-0.0012,0,-0.0307,0.9995,-0.0123,0,0.0009,0.0123,0.9999,0,-0.0206,26.5525,-3.1933,1]},
{"frame":51,"values":[0.9995,0.0307,-0.004,0,-0.0308,0.9994,-0.0162,0,0.0035,0.0163,0.9999,0,-0.0206,26.5525,-3.1933,1]},
{"frame":52,"values":[0.9995,0.0307,-0.0067,0,-0.0308,0.9993,-0.02,0,0.0061,0.0202,0.9998,0,-0.0206,26.5525,-3.1933,1]},
{"frame":53,"values":[0.9995,0.0307,-0.0039,0,-0.0307,0.9992,-0.0239,0,0.0032,0.024,0.9997,0,-0.0206,26.5525,-3.1933,1]},
{"frame":54,"values":[0.9995,0.0306,-0.0011,0,-0.0307,0.9991,-0.0278,0,0.0003,0.0278,0.9996,0,-0.0206,26.5525,-3.1933,1]},
{"frame":55,"values":[0.9995,0.0306,0.0017,0,-0.0306,0.999,-0.0316,0,-0.0026,0.0316,0.9995,0,-0.0206,26.5525,-3.1933,1]},
{"frame":56,"values":[0.9995,0.0306,0.0045,0,-0.0305,0.9989,-0.0355,0,-0.0056,0.0354,0.9994,0,-0.0206,26.5525,-3.1933,1]},
{"frame":57,"values":[0.9995,0.0307,0.0073,0,-0.0304,0.9988,-0.0394,0,-0.0085,0.0391,0.9992,0,-0.0206,26.5525,-3.1933,1]},
{"frame":58,"values":[0.9995,0.0307,0.0101,0,-0.0302,0.9986,-0.0432,0,-0.0114,0.0429,0.999,0,-0.0206,26.5525,-3.1933,1]},
{"frame":59,"values":[0.9995,0.0307,0.012,0,-0.0301,0.9986,-0.0435,0,-0.0133,0.0431,0.999,0,-0.0206,26.5525,-3.1933,1]}],"loopBehavior":1,"name":"anim","property":"_matrix"}},
{"name":"mixamorig:Neck","index":4,"matrix":[0.9999,0.0118,0.0036,0,-0.0119,0.999,0.0424,0,-0.0031,-0.0425,0.9991,0,-0.06,30.7018,1.3522,1],"rest":[1,0,0,0,0,1,0,0,0,0,1,0,-0.06,30.7018,1.3522,1],"parentBoneIndex":3,"length":22.8446
,"animation":{"dataType":3,"framePerSecond":24,"keys":[
{"frame":1,"values":[0.9999,0.0118,0.0036,0,-0.0119,0.999,0.0424,0,-0.0031,-0.0425,0.9991,0,-0.06,30.7018,1.3522,1]},
{"frame":2,"values":[0.9999,0.0118,0.0053,0,-0.012,0.9991,0.0408,0,-0.0048,-0.0409,0.9992,0,-0.06,30.7018,1.3522,1]},
{"frame":3,"values":[0.9999,0.0123,0.0079,0,-0.0126,0.9992,0.0388,0,-0.0075,-0.0389,0.9992,0,-0.06,30.7018,1.3522,1]},
{"frame":4,"values":[0.9998,0.0148,0.0118,0,-0.0153,0.9991,0.0383,0,-0.0112,-0.0385,0.9992,0,-0.06,30.7018,1.3522,1]},
{"frame":5,"values":[0.9997,0.0208,0.0158,0,-0.0214,0.9989,0.0416,0,-0.015,-0.0419,0.999,0,-0.06,30.7018,1.3522,1]},
{"frame":6,"values":[0.9994,0.0301,0.0189,0,-0.031,0.9983,0.0494,0,-0.0173,-0.05,0.9986,0,-0.06,30.7018,1.3522,1]},
{"frame":7,"values":[0.999,0.0401,0.021,0,-0.0413,0.9974,0.0593,0,-0.0186,-0.0601,0.998,0,-0.06,30.7018,1.3522,1]},
{"frame":8,"values":[0.9986,0.0483,0.0237,0,-0.0498,0.9964,0.068,0,-0.0203,-0.069,0.9974,0,-0.06,30.7018,1.3522,1]},
{"frame":9,"values":[0.9982,0.0538,0.028,0,-0.0558,0.9957,0.0746,0,-0.0239,-0.0761,0.9968,0,-0.06,30.7018,1.3522,1]},
{"frame":10,"values":[0.9978,0.0573,0.0339,0,-0.0599,0.9949,0.0817,0,-0.029,-0.0836,0.9961,0,-0.06,30.7018,1.3522,1]},
{"frame":11,"values":[0.9974,0.0604,0.0405,0,-0.0639,0.9937,0.0918,0,-0.0347,-0.0942,0.995,0,-0.06,30.7018,1.3522,1]},
{"frame":12,"values":[0.9969,0.0652,0.0449,0,-0.0696,0.9922,0.1034,0,-0.0378,-0.1062,0.9936,0,-0.06,30.7018,1.3522,1]},
{"frame":13,"values":[0.9962,0.0718,0.0493,0,-0.077,0.9906,0.1127,0,-0.0408,-0.1161,0.9924,0,-0.06,30.7018,1.3522,1]},
{"frame":14,"values":[0.9955,0.0785,0.0537,0,-0.0845,0.9892,0.1201,0,-0.0437,-0.1241,0.9913,0,-0.06,30.7018,1.3522,1]},
{"frame":15,"values":[0.9947,0.0851,0.0581,0,-0.092,0.9874,0.1284,0,-0.0464,-0.1331,0.99,0,-0.06,30.7018,1.3522,1]},
{"frame":16,"values":[0.9938,0.0918,0.0625,0,-0.0996,0.9856,0.1367,0,-0.049,-0.1421,0.9886,0,-0.06,30.7018,1.3522,1]},
{"frame":17,"values":[0.9929,0.0984,0.0669,0,-0.1072,0.9836,0.145,0,-0.0515,-0.1511,0.9872,0,-0.06,30.7018,1.3522,1]},
{"frame":18,"values":[0.9919,0.1049,0.0714,0,-0.1148,0.9815,0.1532,0,-0.054,-0.1601,0.9856,0,-0.06,30.7018,1.3522,1]},
{"frame":19,"values":[0.9918,0.1029,0.0758,0,-0.1134,0.982,0.1509,0,-0.0589,-0.1582,0.9856,0,-0.06,30.7018,1.3522,1]},
{"frame":20,"values":[0.9921,0.1009,0.0752,0,-0.1112,0.9826,0.1486,0,-0.0589,-0.1558,0.986,0,-0.06,30.7018,1.3522,1]},
{"frame":21,"values":[0.9923,0.0989,0.0747,0,-0.1094,0.9821,0.1535,0,-0.0581,-0.1605,0.9853,0,-0.06,30.7018,1.3522,1]},
{"frame":22,"values":[0.9925,0.0969,0.0741,0,-0.1076,0.9815,0.1583,0,-0.0574,-0.1651,0.9846,0,-0.06,30.7018,1.3522,1]},
{"frame":23,"values":[0.9926,0.0949,0.0757,0,-0.1062,0.9809,0.1632,0,-0.0588,-0.17,0.9837,0,-0.06,30.7018,1.3522,1]},
{"frame":24,"values":[0.9924,0.096,0.0773,0,-0.1079,0.9799,0.168,0,-0.0597,-0.175,0.9828,0,-0.06,30.7018,1.3522,1]},
{"frame":25,"values":[0.9921,0.0972,0.079,0,-0.1093,0.98,0.1664,0,-0.0612,-0.1737,0.9829,0,-0.06,30.7018,1.3522,1]},
{"frame":26,"values":[0.9921,0.0958,0.0806,0,-0.1081,0.9804,0.1649,0,-0.0632,-0.1723,0.983,0,-0.06,30.7018,1.3522,1]},
{"frame":27,"values":[0.9923,0.0944,0.0798,0,-0.1065,0.9808,0.1634,0,-0.0628,-0.1706,0.9833,0,-0.06,30.7018,1.3522,1]},
{"frame":28,"values":[0.9925,0.093,0.079,0,-0.1048,0.9812,0.1618,0,-0.0625,-0.1689,0.9837,0,-0.06,30.7018,1.3522,1]},
{"frame":29,"values":[0.9927,0.0916,0.0782,0,-0.1035,0.9809,0.1648,0,-0.0616,-0.1716,0.9832,0,-0.06,30.7018,1.3522,1]},
{"frame":30,"values":[0.9927,0.0924,0.0774,0,-0.1043,0.9803,0.1677,0,-0.0604,-0.1745,0.9828,0,-0.06,30.7018,1.3522,1]},
{"frame":31,"values":[0.9926,0.0931,0.0783,0,-0.1054,0.9797,0.1706,0,-0.0608,-0.1775,0.9822,0,-0.06,30.7018,1.3522,1]},
{"frame":32,"values":[0.9924,0.0939,0.0791,0,-0.1065,0.9791,0.1734,0,-0.0612,-0.1806,0.9817,0,-0.06,30.7018,1.3522,1]},
{"frame":33,"values":[0.9925,0.0927,0.08,0,-0.1053,0.9796,0.1709,0,-0.0625,-0.178,0.982,0,-0.06,30.7018,1.3522,1]},
{"frame":34,"values":[0.9926,0.0916,0.0797,0,-0.1039,0.9802,0.1684,0,-0.0627,-0.1754,0.9825,0,-0.06,30.7018,1.3522,1]},
{"frame":35,"values":[0.9927,0.0904,0.0793,0,-0.1026,0.9808,0.1658,0,-0.0628,-0.1727,0.983,0,-0.06,30.7018,1.3522,1]},
{"frame":36,"values":[0.9926,0.0921,0.079,0,-0.1043,0.9802,0.1683,0,-0.0619,-0.1753,0.9826,0,-0.06,30.7018,1.3522,1]},
{"frame":37,"values":[0.9924,0.0937,0.0795,0,-0.1062,0.9796,0.1708,0,-0.0619,-0.1779,0.9821,0,-0.06,30.7018,1.3522,1]},
{"frame":38,"values":[0.9922,0.0954,0.0801,0,-0.1081,0.9789,0.1733,0,-0.0619,-0.1806,0.9816,0,-0.06,30.7019,1.3522,1]},
{"frame":39,"values":[0.9927,0.0899,0.0807,0,-0.1027,0.9797,0.172,0,-0.0636,-0.1791,0.9818,0,-0.06,30.7018,1.3522,1]},
{"frame":40,"values":[0.9935,0.0844,0.0767,0,-0.0965,0.9806,0.1709,0,-0.0608,-0.1772,0.9823,0,-0.06,30.7019,1.3522,1]},
{"frame":41,"values":[0.9942,0.0789,0.0727,0,-0.0906,0.9804,0.1752,0,-0.0575,-0.1807,0.9819,0,-0.06,30.7018,1.3522,1]},
{"frame":42,"values":[0.9949,0.0734,0.0687,0,-0.0847,0.9801,0.1794,0,-0.0542,-0.1843,0.9814,0,-0.06,30.7018,1.3522,1]},
{"frame":43,"values":[0.9956,0.0681,0.0645,0,-0.0783,0.9821,0.1712,0,-0.0517,-0.1755,0.9831,0,-0.06,30.7018,1.3522,1]},
{"frame":44,"values":[0.9962,0.0628,0.0603,0,-0.0718,0.984,0.163,0,-0.0491,-0.1668,0.9848,0,-0.06,30.7019,1.3522,1]},
{"frame":45,"values":[0.9968,0.0573,0.0561,0,-0.0654,0.9858,0.1548,0,-0.0464,-0.158,0.9864,0,-0.06,30.7018,1.3522,1]},
{"frame":46,"values":[0.9973,0.0519,0.052,0,-0.059,0.9874,0.1465,0,-0.0438,-0.1492,0.9878,0,-0.06,30.7018,1.3522,1]},
{"frame":47,"values":[0.9978,0.0464,0.048,0,-0.0527,0.989,0.1382,0,-0.041,-0.1404,0.9892,0,-0.06,30.7019,1.3522,1]},
{"frame":48,"values":[0.9982,0.0409,0.0439,0,-0.0463,0.9905,0.1298,0,-0.0382,-0.1316,0.9906,0,-0.06,30.7018,1.3522,1]},
{"frame":49,"values":[0.9986,0.0354,0.04,0,-0.04,0.9918,0.1214,0,-0.0353,-0.1229,0.9918,0,-0.06,30.7018,1.3522,1]},
{"frame":50,"values":[0.9989,0.0298,0.036,0,-0.0337,0.993,0.113,0,-0.0324,-0.1141,0.9929,0,-0.06,30.7018,1.3522,1]},
{"frame":51,"values":[0.9992,0.0241,0.0322,0,-0.0274,0.9941,0.1045,0,-0.0294,-0.1053,0.994,0,-0.06,30.7018,1.3522,1]},
{"frame":52,"values":[0.9994,0.0185,0.0283,0,-0.0211,0.9952,0.0961,0,-0.0264,-0.0966,0.995,0,-0.06,30.7018,1.3522,1]},
{"frame":53,"values":[0.9996,0.0128,0.0245,0,-0.0149,0.9961,0.0875,0,-0.0233,-0.0879,0.9959,0,-0.06,30.7018,1.3522,1]},
{"frame":54,"values":[0.9998,0.0071,0.0208,0,-0.0087,0.9968,0.079,0,-0.0202,-0.0791,0.9967,0,-0.06,30.7018,1.3522,1]},
{"frame":55,"values":[0.9998,0.0085,0.0168,0,-0.0096,0.9975,0.0705,0,-0.0162,-0.0707,0.9974,0,-0.06,30.7018,1.3522,1]},
{"frame":56,"values":[0.9999,0.0099,0.0129,0,-0.0106,0.998,0.0621,0,-0.0122,-0.0622,0.998,0,-0.06,30.7018,1.3522,1]},
{"frame":57,"values":[0.9999,0.0112,0.0088,0,-0.0117,0.9985,0.0536,0,-0.0082,-0.0537,0.9985,0,-0.06,30.7018,1.3522,1]},
{"frame":58,"values":[0.9999,0.0125,0.0048,0,-0.0127,0.9989,0.0452,0,-0.0043,-0.0452,0.999,0,-0.06,30.7018,1.3522,1]},
{"frame":59,"values":[0.9999,0.0118,0.0036,0,-0.0119,0.999,0.0424,0,-0.0031,-0.0425,0.9991,0,-0.06,30.7018,1.3522,1]}],"loopBehavior":1,"name":"anim","property":"_matrix"}},
{"name":"mixamorig:Head","index":5,"matrix":[0.9997,-0.0176,0.0188,0,0.0167,0.9986,0.0504,0,-0.0197,-0.0501,0.9986,0,-0.0872,22.5476,3.6709,1],"rest":[1,0,0,0,0,1,0,0,0,0,1,0,-0.0872,22.5476,3.6709,1],"parentBoneIndex":4,"length":30.5923
,"animation":{"dataType":3,"framePerSecond":24,"keys":[
{"frame":1,"values":[0.9997,-0.0176,0.0188,0,0.0167,0.9986,0.0504,0,-0.0197,-0.0501,0.9986,0,-0.0872,22.5476,3.6709,1]},
{"frame":2,"values":[0.9995,-0.0175,0.0271,0,0.0162,0.9986,0.0497,0,-0.0279,-0.0493,0.9984,0,-0.0872,22.5476,3.6709,1]},
{"frame":3,"values":[0.999,-0.0197,0.0389,0,0.018,0.9989,0.0443,0,-0.0398,-0.0436,0.9983,0,-0.0872,22.5476,3.6709,1]},
{"frame":4,"values":[0.9984,-0.0227,0.0528,0,0.0213,0.9994,0.0261,0,-0.0533,-0.0249,0.9983,0,-0.0872,22.5476,3.6709,1]},
{"frame":5,"values":[0.9978,-0.0229,0.0624,0,0.0233,0.9997,-0.0058,0,-0.0622,0.0073,0.998,0,-0.0872,22.5476,3.6709,1]},
{"frame":6,"values":[0.9978,-0.0199,0.0626,0,0.0227,0.9987,-0.0448,0,-0.0616,0.0461,0.997,0,-0.0872,22.5476,3.6709,1]},
{"frame":7,"values":[0.9982,-0.018,0.0572,0,0.0226,0.9964,-0.0821,0,-0.0555,0.0833,0.995,0,-0.0872,22.5476,3.6709,1]},
{"frame":8,"values":[0.9982,-0.0212,0.0562,0,0.0275,0.9931,-0.1142,0,-0.0534,0.1156,0.9919,0,-0.0872,22.5476,3.6709,1]},
{"frame":9,"values":[0.9973,-0.0306,0.066,0,0.0395,0.9895,-0.1391,0,-0.0611,0.1413,0.9881,0,-0.0872,22.5476,3.6709,1]},
{"frame":10,"values":[0.9954,-0.0445,0.0849,0,0.0573,0.9862,-0.155,0,-0.0768,0.1592,0.9843,0,-0.0872,22.5476,3.6709,1]},
{"frame":11,"values":[0.9929,-0.0529,0.1068,0,0.0704,0.9834,-0.1674,0,-0.0962,0.1737,0.9801,0,-0.0872,22.5477,3.6709,1]},
{"frame":12,"values":[0.9896,-0.0612,0.1299,0,0.0849,0.9788,-0.1862,0,-0.1157,0.1953,0.9739,0,-0.0872,22.5476,3.6709,1]},
{"frame":13,"values":[0.9855,-0.0694,0.1547,0,0.1017,0.9719,-0.2123,0,-0.1356,0.225,0.9649,0,-0.0872,22.5477,3.6709,1]},
