{"producer":{"name":"Blender","version":"2.79 (sub 0)","exporter_version":"5.6.4","file":"talkinggesture.babylon"},
"autoClear":true,"clearColor":[0.0509,0.0509,0.0509],"ambientColor":[0,0,0],"gravity":[0,-9.81,0],
"materials":[{"name":"talkinggesture.Material","id":"talkinggesture.Material","ambient":[0,0,0],"diffuse":[0,0,0],"specular":[0,0,0],"emissive":[0,0,0],"specularPower":50,"alpha":0.001,"backFaceCulling":true,"checkReadyOnlyOnce":false,"maxSimultaneousLights":4}],
"multiMaterials":[],
"skeletons":[{"name":"Armature","id":0,"dimensionsAtRest":[379.1952,391.6652,55.677],"bones":[
{"name":"mixamorig:Hips","index":0,"matrix":[0.9978,-0.0533,-0.0396,0,0.0547,0.9978,0.0362,0,-0.0376,0.0383,-0.9986,0,-0.278,196.5638,-0.3391,1],"rest":[1,0,0,0,0,1,0,0,0,0,-1,0,0,201.6394,0,1],"parentBoneIndex":-1,"length":21.6784
,"animation":{"dataType":3,"framePerSecond":24,"keys":[
{"frame":1,"values":[0.9978,-0.0533,-0.0396,0,0.0547,0.9978,0.0362,0,-0.0376,0.0383,-0.9986,0,-0.278,196.5638,-0.3391,1]},
{"frame":2,"values":[0.9978,-0.0536,-0.0391,0,0.055,0.9978,0.0364,0,-0.0371,0.0385,-0.9986,0,-0.2876,196.5734,-0.3178,1]},
{"frame":3,"values":[0.9978,-0.054,-0.0385,0,0.0554,0.9978,0.0368,0,-0.0364,0.0388,-0.9986,0,-0.2927,196.581,-0.2859,1]},
{"frame":4,"values":[0.9978,-0.0542,-0.0371,0,0.0556,0.9978,0.0372,0,-0.035,0.0392,-0.9986,0,-0.2806,196.5846,-0.2426,1]},
{"frame":5,"values":[0.9979,-0.0535,-0.0352,0,0.0548,0.9978,0.0373,0,-0.0331,0.0392,-0.9987,0,-0.2245,196.5776,-0.1822,1]},
{"frame":6,"values":[0.9982,-0.0507,-0.0331,0,0.052,0.998,0.0369,0,-0.0311,0.0385,-0.9988,0,-0.0892,196.5553,-0.1149,1]},
{"frame":7,"values":[0.9984,-0.0469,-0.031,0,0.048,0.9982,0.036,0,-0.0293,0.0375,-0.9989,0,0.1502,196.5421,-0.1018,1]},
{"frame":8,"values":[0.9986,-0.0439,-0.0308,0,0.0449,0.9984,0.0351,0,-0.0292,0.0364,-0.9989,0,0.5766,196.5583,-0.2177,1]},
{"frame":9,"values":[0.9985,-0.0422,-0.0342,0,0.0434,0.9984,0.0356,0,-0.0326,0.0371,-0.9988,0,1.0029,196.5812,-0.4847,1]},
{"frame":10,"values":[0.9983,-0.0404,-0.0408,0,0.0421,0.9983,0.0397,0,-0.0392,0.0414,-0.9984,0,1.4293,196.5919,-0.8728,1]},
{"frame":11,"values":[0.9981,-0.0378,-0.0487,0,0.0401,0.9981,0.0472,0,-0.0468,0.0491,-0.9977,0,1.8557,196.6109,-1.1424,1]},
{"frame":12,"values":[0.9978,-0.0344,-0.0567,0,0.0376,0.9976,0.0578,0,-0.0546,0.0598,-0.9967,0,2.282,196.661,-1.412,1]},
{"frame":13,"values":[0.9975,-0.0307,-0.063,0,0.035,0.997,0.0694,0,-0.0607,0.0715,-0.9956,0,2.7084,196.7111,-1.6817,1]},
{"frame":14,"values":[0.9972,-0.0279,-0.0692,0,0.0333,0.9964,0.0777,0,-0.0668,0.0798,-0.9946,0,3.1348,196.7612,-1.9513,1]},
{"frame":15,"values":[0.9976,-0.0274,-0.0638,0,0.0325,0.9963,0.08,0,-0.0613,0.0818,-0.9948,0,3.5611,196.8113,-2.221,1]},
{"frame":16,"values":[0.9979,-0.0292,-0.0583,0,0.0338,0.9964,0.0784,0,-0.0558,0.0802,-0.9952,0,3.9875,196.8614,-2.4906,1]},
{"frame":17,"values":[0.9981,-0.0324,-0.0528,0,0.0364,0.9964,0.0769,0,-0.0501,0.0787,-0.9956,0,4.4139,196.9115,-2.7602,1]},
{"frame":18,"values":[0.9983,-0.0348,-0.0474,0,0.0382,0.9966,0.0734,0,-0.0446,0.0751,-0.9962,0,4.8402,196.9616,-2.5667,1]},
{"frame":19,"values":[0.9984,-0.0373,-0.0419,0,0.0401,0.9967,0.0699,0,-0.0392,0.0715,-0.9967,0,5.2666,196.8888,-2.3731,1]},
{"frame":20,"values":[0.9985,-0.0397,-0.0364,0,0.0421,0.9969,0.0664,0,-0.0337,0.0678,-0.9971,0,5.693,196.8159,-2.1795,1]},
{"frame":21,"values":[0.9986,-0.0421,-0.031,0,0.044,0.997,0.0629,0,-0.0282,0.0642,-0.9975,0,6.1193,196.7431,-1.9859,1]},
{"frame":22,"values":[0.9987,-0.0445,-0.0255,0,0.046,0.9972,0.0594,0,-0.0228,0.0605,-0.9979,0,6.5457,196.6703,-1.7923,1]},
{"frame":23,"values":[0.9985,-0.0469,-0.0282,0,0.0485,0.9973,0.0559,0,-0.0255,0.0571,-0.998,0,6.9721,196.5975,-1.5987,1]},
{"frame":24,"values":[0.9983,-0.0494,-0.0308,0,0.0511,0.997,0.0582,0,-0.0279,0.0597,-0.9978,0,7.3984,196.5246,-1.7273,1]},
{"frame":25,"values":[0.9981,-0.0518,-0.0335,0,0.0538,0.9967,0.0605,0,-0.0302,0.0622,-0.9976,0,7.8248,196.4518,-1.8558,1]},
{"frame":26,"values":[0.9979,-0.0542,-0.0362,0,0.0564,0.9964,0.0629,0,-0.0326,0.0648,-0.9974,0,8.2512,196.379,-1.9844,1]},
{"frame":27,"values":[0.9976,-0.0566,-0.0388,0,0.0591,0.9961,0.0652,0,-0.035,0.0673,-0.9971,0,8.6775,196.3061,-2.1129,1]},
{"frame":28,"values":[0.9974,-0.059,-0.0415,0,0.0617,0.9958,0.0675,0,-0.0374,0.0699,-0.9969,0,9.1039,196.2333,-2.2415,1]},
{"frame":29,"values":[0.9973,-0.0583,-0.0442,0,0.0613,0.9957,0.0698,0,-0.0399,0.0723,-0.9966,0,8.3681,196.1605,-2.37,1]},
{"frame":30,"values":[0.9972,-0.0576,-0.0469,0,0.0609,0.9955,0.0721,0,-0.0425,0.0748,-0.9963,0,7.6323,196.193,-2.4985,1]},
{"frame":31,"values":[0.9972,-0.0569,-0.0495,0,0.0603,0.9957,0.0707,0,-0.0453,0.0735,-0.9963,0,6.8965,196.2256,-2.3102,1]},
{"frame":32,"values":[0.9971,-0.0562,-0.0522,0,0.0597,0.9958,0.0692,0,-0.0481,0.0721,-0.9962,0,6.1607,196.2581,-2.1219,1]},
{"frame":33,"values":[0.997,-0.0554,-0.0549,0,0.0591,0.9959,0.0678,0,-0.0509,0.0708,-0.9962,0,5.4249,196.2907,-1.9336,1]},
{"frame":34,"values":[0.9968,-0.0547,-0.0575,0,0.0585,0.9961,0.0663,0,-0.0537,0.0695,-0.9961,0,4.6891,196.3233,-1.7453,1]},
{"frame":35,"values":[0.9967,-0.054,-0.0602,0,0.0579,0.9962,0.0649,0,-0.0565,0.0681,-0.9961,0,3.9533,196.3558,-1.557,1]},
{"frame":36,"values":[0.9966,-0.0533,-0.0629,0,0.0576,0.9961,0.0675,0,-0.059,0.0709,-0.9957,0,3.2175,196.3463,-1.3687,1]},
{"frame":37,"values":[0.9965,-0.0526,-0.0655,0,0.0572,0.9959,0.0701,0,-0.0616,0.0736,-0.9954,0,2.4817,196.3368,-1.1804,1]},
{"frame":38,"values":[0.9963,-0.0519,-0.0682,0,0.0568,0.9957,0.0728,0,-0.0641,0.0764,-0.995,0,1.7459,196.3272,-0.992,1]},
{"frame":39,"values":[0.9961,-0.0522,-0.0709,0,0.0575,0.9955,0.0754,0,-0.0666,0.0792,-0.9946,0,1.0101,196.3177,-0.8037,1]},
{"frame":40,"values":[0.9959,-0.0525,-0.0735,0,0.0582,0.9952,0.078,0,-0.0691,0.082,-0.9942,0,0.2744,196.3082,-0.6154,1]},
{"frame":41,"values":[0.9957,-0.0528,-0.0762,0,0.059,0.995,0.0807,0,-0.0715,0.0848,-0.9938,0,-0.4614,196.3683,-0.4271,1]},
{"frame":42,"values":[0.9955,-0.0519,-0.0789,0,0.0585,0.9948,0.0833,0,-0.0741,0.0875,-0.9934,0,-1.1972,196.4284,-0.2388,1]},
{"frame":43,"values":[0.9954,-0.051,-0.0815,0,0.058,0.9946,0.0859,0,-0.0767,0.0902,-0.993,0,-1.933,196.4885,-0.0505,1]},
{"frame":44,"values":[0.9963,-0.0502,-0.0693,0,0.0563,0.9945,0.0886,0,-0.0644,0.0922,-0.9937,0,-2.6688,196.5486,0.1378,1]},
{"frame":45,"values":[0.9972,-0.0494,-0.057,0,0.0545,0.9943,0.0913,0,-0.0522,0.0942,-0.9942,0,-3.4046,196.6087,0.3261,1]},
{"frame":46,"values":[0.9977,-0.0503,-0.0447,0,0.0544,0.9941,0.094,0,-0.0397,0.0962,-0.9946,0,-4.1404,196.6688,0.5145,1]},
{"frame":47,"values":[0.9982,-0.0513,-0.0324,0,0.0542,0.9938,0.0967,0,-0.0272,0.0982,-0.9948,0,-4.8762,196.7289,0.7028,1]},
{"frame":48,"values":[0.9984,-0.0523,-0.0201,0,0.0541,0.9936,0.0993,0,-0.0148,0.1002,-0.9949,0,-5.612,196.789,0.8911,1]},
{"frame":49,"values":[0.9985,-0.0533,-0.0078,0,0.0539,0.9933,0.102,0,-0.0023,0.1022,-0.9948,0,-6.3478,196.8491,1.0794,1]},
{"frame":50,"values":[0.9985,-0.0544,0.0045,0,0.0536,0.9931,0.1046,0,0.0101,0.1042,-0.9945,0,-7.0836,196.9091,1.2677,1]},
{"frame":51,"values":[0.9983,-0.0555,0.0168,0,0.0534,0.9928,0.1073,0,0.0226,0.1062,-0.9941,0,-7.8194,196.9693,1.456,1]},
{"frame":52,"values":[0.998,-0.0566,0.0291,0,0.0531,0.9925,0.1099,0,0.0351,0.1082,-0.9935,0,-8.5552,197.0293,1.6443,1]},
{"frame":53,"values":[0.9975,-0.0576,0.0413,0,0.053,0.993,0.1054,0,0.0471,0.103,-0.9936,0,-9.291,197.0894,1.3745,1]},
{"frame":54,"values":[0.9968,-0.0585,0.0536,0,0.0529,0.9935,0.1009,0,0.0592,0.0978,-0.9934,0,-10.0268,197.1495,1.1047,1]},
{"frame":55,"values":[0.9962,-0.0564,0.0659,0,0.0499,0.9941,0.0964,0,0.0709,0.0927,-0.9932,0,-10.7626,197.2096,0.8349,1]},
{"frame":56,"values":[0.9955,-0.0543,0.0782,0,0.047,0.9947,0.0918,0,0.0827,0.0878,-0.9927,0,-11.4984,197.2697,0.5651,1]},
{"frame":57,"values":[0.9962,-0.0522,0.07,0,0.046,0.9951,0.0874,0,0.0742,0.0839,-0.9937,0,-12.2342,197.3298,0.2953,1]},
{"frame":58,"values":[0.9968,-0.0501,0.0619,0,0.0449,0.9955,0.083,0,0.0658,0.08,-0.9946,0,-12.97,197.3899,0.0255,1]},
{"frame":59,"values":[0.9974,-0.0481,0.0537,0,0.0434,0.9955,0.0842,0,0.0575,0.0817,-0.995,0,-13.7058,197.45,-0.2443,1]},
{"frame":60,"values":[0.9979,-0.046,0.0456,0,0.042,0.9955,0.0855,0,0.0493,0.0834,-0.9953,0,-14.4416,197.5101,-0.5141,1]},
{"frame":61,"values":[0.998,-0.0501,0.0374,0,0.0468,0.9953,0.0846,0,0.0415,0.0827,-0.9957,0,-15.1774,197.5702,-0.7839,1]},
{"frame":62,"values":[0.9981,-0.0542,0.0293,0,0.0516,0.9951,0.0837,0,0.0337,0.0821,-0.9961,0,-15.9132,197.6303,-1.0537,1]},
{"frame":63,"values":[0.9981,-0.0583,0.0211,0,0.0564,0.995,0.0829,0,0.0259,0.0815,-0.9963,0,-15.4283,197.6904,-1.3235,1]},
{"frame":64,"values":[0.998,-0.0625,0.013,0,0.0612,0.9946,0.0837,0,0.0181,0.0827,-0.9964,0,-14.9434,197.7505,-1.5933,1]},
{"frame":65,"values":[0.9978,-0.0666,0.0048,0,0.0659,0.9942,0.0844,0,0.0104,0.0839,-0.9964,0,-14.4585,197.8106,-1.8631,1]},
{"frame":66,"values":[0.9975,-0.0707,-0.0033,0,0.0707,0.994,0.0839,0,0.0026,0.0839,-0.9965,0,-13.9736,197.8707,-2.1329,1]},
{"frame":67,"values":[0.9972,-0.0748,0.0031,0,0.0743,0.9937,0.0834,0,0.0094,0.0829,-0.9965,0,-13.4887,197.9308,-2.4027,1]},
{"frame":68,"values":[0.9968,-0.0789,0.0096,0,0.0778,0.9935,0.0829,0,0.0161,0.0818,-0.9965,0,-13.0038,197.9909,-2.3271,1]},
{"frame":69,"values":[0.9964,-0.083,0.0161,0,0.0814,0.9933,0.0824,0,0.0228,0.0808,-0.9965,0,-12.5189,198.051,-2.2516,1]},
{"frame":70,"values":[0.9964,-0.0819,0.0226,0,0.0797,0.9932,0.0846,0,0.0293,0.0825,-0.9962,0,-12.0341,197.9913,-2.1761,1]},
{"frame":71,"values":[0.9963,-0.0808,0.029,0,0.078,0.9932,0.0868,0,0.0358,0.0842,-0.9958,0,-11.5492,197.9317,-2.1005,1]},
{"frame":72,"values":[0.9962,-0.0797,0.0355,0,0.0763,0.9931,0.089,0,0.0423,0.0859,-0.9954,0,-11.0643,197.8721,-2.025,1]},
{"frame":73,"values":[0.996,-0.0786,0.042,0,0.0745,0.993,0.0911,0,0.0488,0.0876,-0.995,0,-10.5794,197.8125,-1.9495,1]},
{"frame":74,"values":[0.9958,-0.0775,0.0484,0,0.0728,0.993,0.0933,0,0.0553,0.0894,-0.9945,0,-10.0945,197.7529,-1.8739,1]},
{"frame":75,"values":[0.9962,-0.0764,0.0422,0,0.0724,0.9933,0.0905,0,0.0489,0.0871,-0.995,0,-9.6096,197.6933,-1.7984,1]},
{"frame":76,"values":[0.9965,-0.0754,0.036,0,0.072,0.9935,0.0876,0,0.0424,0.0847,-0.9955,0,-9.1247,197.6337,-1.7229,1]},
{"frame":77,"values":[0.9968,-0.0743,0.0298,0,0.0716,0.9938,0.0848,0,0.0359,0.0824,-0.9959,0,-8.6398,197.574,-1.6473,1]},
{"frame":78,"values":[0.9969,-0.0746,0.0236,0,0.0725,0.994,0.082,0,0.0296,0.08,-0.9964,0,-8.1549,197.5144,-1.5718,1]},
{"frame":79,"values":[0.9972,-0.0729,0.0174,0,0.0713,0.9943,0.0791,0,0.0231,0.0776,-0.9967,0,-7.6701,197.4548,-1.4963,1]},
{"frame":80,"values":[0.9974,-0.0711,0.0113,0,0.0701,0.9946,0.0762,0,0.0166,0.0752,-0.997,0,-7.1852,197.3952,-1.4207,1]},
{"frame":81,"values":[0.9976,-0.0694,0.0051,0,0.0689,0.9949,0.0733,0,0.0101,0.0728,-0.9973,0,-6.7003,197.3356,-1.3452,1]},
{"frame":82,"values":[0.9977,-0.0677,-0.0011,0,0.0676,0.9952,0.0704,0,0.0036,0.0703,-0.9975,0,-6.2154,197.276,-1.2697,1]},
{"frame":83,"values":[0.9978,-0.066,-0.0073,0,0.0663,0.9955,0.0676,0,-0.0028,0.0679,-0.9977,0,-5.7305,197.2163,-1.1941,1]},
{"frame":84,"values":[0.9978,-0.0643,-0.0135,0,0.0651,0.9958,0.0647,0,-0.0093,0.0654,-0.9978,0,-5.2456,197.1567,-1.1186,1]},
{"frame":85,"values":[0.9978,-0.0626,-0.0198,0,0.0638,0.996,0.0618,0,-0.0158,0.063,-0.9979,0,-4.7607,197.0971,-1.0431,1]},
{"frame":86,"values":[0.9978,-0.061,-0.026,0,0.0624,0.9963,0.059,0,-0.0223,0.0605,-0.9979,0,-4.2758,197.0375,-0.9675,1]},
{"frame":87,"values":[0.9977,-0.0593,-0.0322,0,0.0611,0.9966,0.0562,0,-0.0288,0.058,-0.9979,0,-3.7909,196.9779,-0.892,1]},
{"frame":88,"values":[0.9976,-0.0577,-0.0384,0,0.0597,0.9968,0.0533,0,-0.0352,0.0555,-0.9978,0,-3.3061,196.9182,-0.8165,1]},
{"frame":89,"values":[0.9974,-0.0561,-0.0446,0,0.0584,0.997,0.0505,0,-0.0417,0.053,-0.9977,0,-2.8212,196.8586,-0.7409,1]},
{"frame":90,"values":[0.9972,-0.0545,-0.0509,0,0.057,0.9972,0.0477,0,-0.0481,0.0505,-0.9976,0,-2.3363,196.799,-0.6654,1]},
{"frame":91,"values":[0.9973,-0.0547,-0.0489,0,0.0569,0.9974,0.0448,0,-0.0463,0.0475,-0.9978,0,-1.8514,196.7394,-0.5899,1]},
{"frame":92,"values":[0.9974,-0.0544,-0.0469,0,0.0564,0.9975,0.042,0,-0.0445,0.0445,-0.998,0,-1.3665,196.6798,-0.5143,1]},
{"frame":93,"values":[0.9975,-0.0541,-0.0449,0,0.0559,0.9977,0.0391,0,-0.0427,0.0415,-0.9982,0,-0.8816,196.6202,-0.4388,1]},
{"frame":94,"values":[0.9976,-0.0538,-0.0429,0,0.0554,0.9978,0.0363,0,-0.0409,0.0386,-0.9984,0,-0.3967,196.5605,-0.3632,1]},
{"frame":95,"values":[0.9978,-0.0533,-0.0396,0,0.0547,0.9978,0.0362,0,-0.0376,0.0383,-0.9986,0,-0.278,196.5638,-0.3391,1]}],"loopBehavior":1,"name":"anim","property":"_matrix"}},
{"name":"mixamorig:Spine","index":1,"matrix":[0.9979,-0.0504,-0.0402,0,0.0528,0.9967,0.0615,0,0.037,-0.0635,0.9973,0,0.0062,19.525,-2.4818,1],"rest":[1,0,0,0,0,1,0,0,0,0,1,0,0.0062,19.525,-2.4818,1],"parentBoneIndex":0,"length":23.0091
,"animation":{"dataType":3,"framePerSecond":24,"keys":[
{"frame":1,"values":[0.9979,-0.0504,-0.0402,0,0.0528,0.9967,0.0615,0,0.037,-0.0635,0.9973,0,0.0062,19.525,-2.4818,1]},
{"frame":2,"values":[0.9979,-0.0504,-0.0405,0,0.0529,0.9966,0.0627,0,0.0372,-0.0647,0.9972,0,0.0062,19.525,-2.4818,1]},
{"frame":3,"values":[0.9979,-0.0504,-0.0408,0,0.0529,0.9965,0.0642,0,0.0374,-0.0662,0.9971,0,0.0062,19.525,-2.4818,1]},
{"frame":4,"values":[0.9979,-0.05,-0.0408,0,0.0526,0.9965,0.0657,0,0.0374,-0.0677,0.997,0,0.0062,19.525,-2.4818,1]},
{"frame":5,"values":[0.998,-0.0486,-0.0405,0,0.0512,0.9964,0.067,0,0.0372,-0.0689,0.9969,0,0.0062,19.525,-2.4818,1]},
{"frame":6,"values":[0.9982,-0.0445,-0.0393,0,0.0471,0.9966,0.0676,0,0.0361,-0.0694,0.9969,0,0.0062,19.525,-2.4818,1]},
{"frame":7,"values":[0.9987,-0.036,-0.0366,0,0.0384,0.9971,0.0664,0,0.0341,-0.0677,0.9971,0,0.0062,19.525,-2.4818,1]},
{"frame":8,"values":[0.9992,-0.0219,-0.0331,0,0.0239,0.9978,0.0617,0,0.0316,-0.0625,0.9975,0,0.0062,19.525,-2.4818,1]},
{"frame":9,"values":[0.9995,-0.004,-0.0305,0,0.0056,0.9986,0.0528,0,0.0302,-0.0529,0.9981,0,0.0062,19.525,-2.4818,1]},
{"frame":10,"values":[0.9995,0.0127,-0.0293,0,-0.0116,0.9992,0.0385,0,0.0298,-0.0381,0.9988,0,0.0062,19.525,-2.4818,1]},
{"frame":11,"values":[0.9993,0.0233,-0.0282,0,-0.0228,0.9995,0.0196,0,0.0287,-0.019,0.9994,0,0.0062,19.525,-2.4818,1]},
{"frame":12,"values":[0.9994,0.0243,-0.0262,0,-0.0243,0.9997,0.0017,0,0.0263,-0.0011,0.9997,0,0.0062,19.525,-2.4818,1]},
{"frame":13,"values":[0.9996,0.0155,-0.0247,0,-0.0157,0.9998,-0.0093,0,0.0246,0.0097,0.9997,0,0.0062,19.525,-2.4818,1]},
{"frame":14,"values":[0.9997,-0.0021,-0.0256,0,0.0018,0.9999,-0.0138,0,0.0257,0.0138,0.9996,0,0.0062,19.525,-2.4818,1]},
{"frame":15,"values":[0.9993,-0.0244,-0.0283,0,0.024,0.9996,-0.0156,0,0.0286,0.0149,0.9995,0,0.0062,19.525,-2.4818,1]},
{"frame":16,"values":[0.9984,-0.0464,-0.0309,0,0.0459,0.9988,-0.0174,0,0.0316,0.016,0.9994,0,0.0062,19.525,-2.4818,1]},
{"frame":17,"values":[0.998,-0.0537,-0.0331,0,0.0531,0.9984,-0.0192,0,0.0341,0.0174,0.9993,0,0.0062,19.525,-2.4818,1]},
{"frame":18,"values":[0.9975,-0.0611,-0.035,0,0.0604,0.998,-0.021,0,0.0362,0.0189,0.9992,0,0.0062,19.525,-2.4818,1]},
{"frame":19,"values":[0.997,-0.0684,-0.0354,0,0.0676,0.9975,-0.0228,0,0.0369,0.0203,0.9991,0,0.0062,19.525,-2.4818,1]},
{"frame":20,"values":[0.9965,-0.0757,-0.034,0,0.0749,0.9969,-0.0246,0,0.0357,0.022,0.9991,0,0.0062,19.525,-2.4818,1]},
{"frame":21,"values":[0.996,-0.0831,-0.0316,0,0.0823,0.9963,-0.0244,0,0.0335,0.0217,0.9992,0,0.0062,19.525,-2.4818,1]},
{"frame":22,"values":[0.9954,-0.0904,-0.0306,0,0.0897,0.9957,-0.0241,0,0.0326,0.0213,0.9992,0,0.0062,19.525,-2.4818,1]},
{"frame":23,"values":[0.9956,-0.0894,-0.0296,0,0.0887,0.9958,-0.0239,0,0.0316,0.0212,0.9993,0,0.0062,19.525,-2.4818,1]},
{"frame":24,"values":[0.9956,-0.0885,-0.0309,0,0.0877,0.9959,-0.0237,0,0.0329,0.0209,0.9992,0,0.0062,19.525,-2.4818,1]},
{"frame":25,"values":[0.9955,-0.0896,-0.0323,0,0.0889,0.9958,-0.0235,0,0.0342,0.0205,0.9992,0,0.0062,19.525,-2.4818,1]},
{"frame":26,"values":[0.9954,-0.0908,-0.0314,0,0.0901,0.9957,-0.0235,0,0.0334,0.0206,0.9992,0,0.0062,19.525,-2.4818,1]},
{"frame":27,"values":[0.9953,-0.092,-0.0306,0,0.0913,0.9955,-0.0236,0,0.0327,0.0207,0.9993,0,0.0062,19.525,-2.4818,1]},
{"frame":28,"values":[0.9952,-0.0931,-0.0298,0,0.0925,0.9954,-0.0236,0,0.0319,0.0208,0.9993,0,0.0062,19.525,-2.4818,1]},
{"frame":29,"values":[0.9954,-0.0917,-0.029,0,0.0912,0.9956,-0.0197,0,0.0307,0.0169,0.9994,0,0.0062,19.525,-2.4818,1]},
{"frame":30,"values":[0.9955,-0.0903,-0.0297,0,0.0899,0.9958,-0.0157,0,0.031,0.013,0.9994,0,0.0062,19.525,-2.4818,1]},
{"frame":31,"values":[0.9956,-0.0889,-0.0304,0,0.0886,0.996,-0.0118,0,0.0313,0.009,0.9995,0,0.0062,19.525,-2.4818,1]},
{"frame":32,"values":[0.9956,-0.0894,-0.0293,0,0.0892,0.996,-0.0078,0,0.0299,0.0051,0.9995,0,0.0062,19.525,-2.4818,1]},
{"frame":33,"values":[0.9955,-0.0899,-0.0283,0,0.0898,0.996,-0.0038,0,0.0285,0.0013,0.9996,0,0.0062,19.525,-2.4818,1]},
{"frame":34,"values":[0.9959,-0.0864,-0.0272,0,0.0864,0.9963,0.0001,0,0.0271,-0.0025,0.9996,0,0.0062,19.525,-2.4818,1]},
{"frame":35,"values":[0.9962,-0.0828,-0.0278,0,0.083,0.9965,0.0041,0,0.0274,-0.0064,0.9996,0,0.0062,19.525,-2.4818,1]},
{"frame":36,"values":[0.9964,-0.0793,-0.0284,0,0.0796,0.9968,0.0081,0,0.0277,-0.0103,0.9996,0,0.0062,19.525,-2.4818,1]},
{"frame":37,"values":[0.9967,-0.0758,-0.0289,0,0.0761,0.997,0.012,0,0.0279,-0.0142,0.9995,0,0.0062,19.5249,-2.4818,1]},
{"frame":38,"values":[0.997,-0.0722,-0.0288,0,0.0727,0.9972,0.016,0,0.0275,-0.018,0.9995,0,0.0062,19.525,-2.4818,1]},
{"frame":39,"values":[0.9972,-0.0687,-0.0286,0,0.0693,0.9974,0.0199,0,0.0272,-0.0219,0.9994,0,0.0062,19.525,-2.4818,1]},
{"frame":40,"values":[0.9974,-0.0652,-0.0303,0,0.0659,0.9975,0.0239,0,0.0286,-0.0258,0.9993,0,0.0062,19.525,-2.4818,1]},
{"frame":41,"values":[0.9976,-0.0616,-0.0319,0,0.0625,0.9977,0.0278,0,0.0301,-0.0298,0.9991,0,0.0062,19.525,-2.4818,1]},
{"frame":42,"values":[0.9977,-0.0581,-0.0335,0,0.0592,0.9977,0.0318,0,0.0316,-0.0337,0.9989,0,0.0062,19.525,-2.4818,1]},
{"frame":43,"values":[0.9979,-0.0546,-0.0351,0,0.0558,0.9978,0.0358,0,0.0331,-0.0376,0.9987,0,0.0062,19.525,-2.4818,1]},
{"frame":44,"values":[0.998,-0.051,-0.0367,0,0.0524,0.9978,0.0397,0,0.0346,-0.0416,0.9985,0,0.0062,19.525,-2.4818,1]},
{"frame":45,"values":[0.9982,-0.0475,-0.0359,0,0.049,0.9978,0.0437,0,0.0337,-0.0454,0.9984,0,0.0062,19.525,-2.4818,1]},
{"frame":46,"values":[0.9984,-0.0439,-0.0351,0,0.0456,0.9978,0.0477,0,0.0329,-0.0492,0.9982,0,0.0062,19.525,-2.4818,1]},
{"frame":47,"values":[0.9986,-0.0404,-0.0343,0,0.0421,0.9978,0.0516,0,0.0321,-0.053,0.9981,0,0.0062,19.525,-2.4818,1]},
{"frame":48,"values":[0.9988,-0.0368,-0.0334,0,0.0387,0.9977,0.0556,0,0.0313,-0.0568,0.9979,0,0.0062,19.525,-2.4818,1]},
{"frame":49,"values":[0.9989,-0.0333,-0.0344,0,0.0353,0.9976,0.0595,0,0.0323,-0.0607,0.9976,0,0.0062,19.525,-2.4818,1]},
{"frame":50,"values":[0.9989,-0.0298,-0.0353,0,0.032,0.9975,0.0635,0,0.0333,-0.0645,0.9974,0,0.0062,19.525,-2.4818,1]},
{"frame":51,"values":[0.9987,-0.0363,-0.0362,0,0.0387,0.997,0.0674,0,0.0337,-0.0687,0.9971,0,0.0062,19.525,-2.4818,1]},
{"frame":52,"values":[0.9987,-0.0429,-0.0292,0,0.0449,0.9964,0.0714,0,0.026,-0.0726,0.997,0,0.0062,19.525,-2.4818,1]},
{"frame":53,"values":[0.9985,-0.0495,-0.0222,0,0.051,0.9959,0.0753,0,0.0184,-0.0763,0.9969,0,0.0062,19.525,-2.4818,1]},
{"frame":54,"values":[0.9983,-0.0561,-0.0153,0,0.0571,0.9952,0.0793,0,0.0107,-0.0801,0.9967,0,0.0062,19.525,-2.4818,1]},
{"frame":55,"values":[0.9987,-0.0502,-0.0083,0,0.0507,0.9952,0.0833,0,0.0041,-0.0837,0.9965,0,0.0062,19.525,-2.4818,1]},
{"frame":56,"values":[0.999,-0.0444,-0.0013,0,0.0443,0.9952,0.0873,0,-0.0026,-0.0873,0.9962,0,0.0062,19.525,-2.4818,1]},
{"frame":57,"values":[0.9992,-0.0386,0.0057,0,0.0379,0.9951,0.0912,0,-0.0092,-0.091,0.9958,0,0.0062,19.525,-2.4818,1]},
{"frame":58,"values":[0.9994,-0.0328,0.0127,0,0.0314,0.995,0.0951,0,-0.0158,-0.0947,0.9954,0,0.0062,19.525,-2.4818,1]},
{"frame":59,"values":[0.9996,-0.0269,0.0048,0,0.0263,0.9955,0.091,0,-0.0072,-0.0909,0.9958,0,0.0062,19.525,-2.4818,1]},
{"frame":60,"values":[0.9998,-0.021,-0.0031,0,0.0212,0.996,0.087,0,0.0013,-0.087,0.9962,0,0.0062,19.525,-2.4818,1]},
{"frame":61,"values":[0.9998,-0.0152,-0.0111,0,0.016,0.9964,0.083,0,0.0098,-0.0831,0.9965,0,0.0062,19.525,-2.4818,1]},
{"frame":62,"values":[0.9998,-0.0093,-0.0191,0,0.0108,0.9968,0.079,0,0.0183,-0.0792,0.9967,0,0.0062,19.525,-2.4818,1]},
{"frame":63,"values":[0.9996,-0.0036,-0.0271,0,0.0056,0.9972,0.075,0,0.0267,-0.0752,0.9968,0,0.0062,19.525,-2.4818,1]},
{"frame":64,"values":[0.9994,0.0022,-0.0351,0,0.0003,0.9975,0.0711,0,0.0351,-0.0711,0.9968,0,0.0062,19.525,-2.4818,1]},
{"frame":65,"values":[0.999,0.008,-0.043,0,-0.0049,0.9974,0.0713,0,0.0435,-0.071,0.9965,0,0.0062,19.525,-2.4818,1]},
{"frame":66,"values":[0.9986,0.0138,-0.051,0,-0.0103,0.9975,0.0693,0,0.0518,-0.0687,0.9963,0,0.0062,19.525,-2.4818,1]},
{"frame":67,"values":[0.9981,0.0196,-0.0589,0,-0.0156,0.9976,0.0675,0,0.0601,-0.0664,0.996,0,0.0062,19.525,-2.4818,1]},
{"frame":68,"values":[0.9982,0.0154,-0.0576,0,-0.0116,0.9978,0.0656,0,0.0585,-0.0648,0.9962,0,0.0062,19.525,-2.4818,1]},
{"frame":69,"values":[0.9984,0.0113,-0.0563,0,-0.0077,0.9979,0.0637,0,0.0569,-0.0632,0.9964,0,0.0062,19.525,-2.4818,1]},
{"frame":70,"values":[0.9985,0.0071,-0.0549,0,-0.0037,0.9981,0.0618,0,0.0553,-0.0615,0.9966,0,0.0062,19.525,-2.4818,1]},
{"frame":71,"values":[0.9986,0.0029,-0.0536,0,0.0005,0.9979,0.0641,0,0.0537,-0.064,0.9965,0,0.0062,19.525,-2.4818,1]},
{"frame":72,"values":[0.9986,-0.0013,-0.0523,0,0.0048,0.9978,0.0664,0,0.0521,-0.0665,0.9964,0,0.0062,19.525,-2.4818,1]},
{"frame":73,"values":[0.9987,-0.0055,-0.0509,0,0.009,0.9976,0.0686,0,0.0504,-0.069,0.9963,0,0.0062,19.525,-2.4818,1]},
{"frame":74,"values":[0.9987,-0.0097,-0.0496,0,0.0132,0.9974,0.0709,0,0.0488,-0.0715,0.9962,0,0.0062,19.525,-2.4818,1]},
{"frame":75,"values":[0.9987,-0.0138,-0.0483,0,0.0172,0.9974,0.0701,0,0.0472,-0.0709,0.9964,0,0.0062,19.525,-2.4818,1]},
{"frame":76,"values":[0.9987,-0.018,-0.047,0,0.0213,0.9974,0.0693,0,0.0456,-0.0702,0.9965,0,0.0062,19.525,-2.4818,1]},
{"frame":77,"values":[0.9987,-0.0222,-0.0456,0,0.0253,0.9973,0.0685,0,0.044,-0.0696,0.9966,0,0.0062,19.525,-2.4818,1]},
{"frame":78,"values":[0.9987,-0.0264,-0.0443,0,0.0294,0.9973,0.0677,0,0.0424,-0.0689,0.9967,0,0.0062,19.525,-2.4818,1]},
{"frame":79,"values":[0.9986,-0.0306,-0.043,0,0.0334,0.9972,0.0669,0,0.0408,-0.0682,0.9968,0,0.0062,19.525,-2.4818,1]},
{"frame":80,"values":[0.9985,-0.0348,-0.0416,0,0.0375,0.9971,0.0661,0,0.0392,-0.0676,0.9969,0,0.0062,19.525,-2.4818,1]},
{"frame":81,"values":[0.9984,-0.0389,-0.0403,0,0.0415,0.997,0.0653,0,0.0376,-0.0669,0.9971,0,0.0062,19.525,-2.4818,1]},
{"frame":82,"values":[0.9985,-0.0386,-0.0389,0,0.0411,0.9971,0.0645,0,0.0363,-0.066,0.9972,0,0.0062,19.525,-2.4818,1]},
{"frame":83,"values":[0.9985,-0.0383,-0.0394,0,0.0408,0.9971,0.0637,0,0.0369,-0.0652,0.9972,0,0.0062,19.525,-2.4818,1]},
{"frame":84,"values":[0.9984,-0.0393,-0.0399,0,0.0418,0.9971,0.0629,0,0.0373,-0.0645,0.9972,0,0.0062,19.525,-2.4818,1]},
{"frame":85,"values":[0.9984,-0.0403,-0.0404,0,0.0428,0.9972,0.0621,0,0.0378,-0.0637,0.9972,0,0.0062,19.525,-2.4818,1]},
{"frame":86,"values":[0.9983,-0.0413,-0.0409,0,0.0438,0.9972,0.0613,0,0.0383,-0.063,0.9973,0,0.0062,19.525,-2.4818,1]},
{"frame":87,"values":[0.9982,-0.0423,-0.0414,0,0.0448,0.9972,0.0605,0,0.0387,-0.0623,0.9973,0,0.0062,19.525,-2.4818,1]},
{"frame":88,"values":[0.9982,-0.0433,-0.0419,0,0.0458,0.9972,0.0597,0,0.0392,-0.0615,0.9973,0,0.0062,19.525,-2.4818,1]},
{"frame":89,"values":[0.9981,-0.0444,-0.0424,0,0.0468,0.9972,0.0589,0,0.0397,-0.0608,0.9974,0,0.0062,19.525,-2.4818,1]},
{"frame":90,"values":[0.998,-0.0454,-0.0429,0,0.0479,0.9971,0.0594,0,0.0401,-0.0614,0.9973,0,0.0062,19.525,-2.4818,1]},
{"frame":91,"values":[0.998,-0.0464,-0.0434,0,0.0489,0.997,0.06,0,0.0405,-0.062,0.9973,0,0.0062,19.525,-2.4818,1]},
{"frame":92,"values":[0.998,-0.0474,-0.0427,0,0.0499,0.9969,0.0605,0,0.0397,-0.0625,0.9973,0,0.0062,19.525,-2.4818,1]},
{"frame":93,"values":[0.9979,-0.0484,-0.042,0,0.0509,0.9968,0.0611,0,0.0389,-0.0631,0.9972,0,0.0062,19.525,-2.4818,1]},
{"frame":94,"values":[0.9979,-0.0494,-0.0413,0,0.0519,0.9967,0.0616,0,0.0381,-0.0636,0.9972,0,0.0062,19.525,-2.4818,1]},
{"frame":95,"values":[0.9979,-0.0504,-0.0402,0,0.0528,0.9967,0.0615,0,0.037,-0.0635,0.9973,0,0.0062,19.525,-2.4818,1]}],"loopBehavior":1,"name":"anim","property":"_matrix"}},
{"name":"mixamorig:Spine1","index":2,"matrix":[0.9997,0.0234,-0.0037,0,-0.0231,0.9982,0.0557,0,0.005,-0.0556,0.9984,0,-0.0009,22.835,-2.8254,1],"rest":[1,0,0,0,0,1,0,0,0,0,1,0,-0.0009,22.835,-2.8254,1],"parentBoneIndex":1,"length":26.7438
,"animation":{"dataType":3,"framePerSecond":24,"keys":[
{"frame":1,"values":[0.9997,0.0234,-0.0037,0,-0.0231,0.9982,0.0557,0,0.005,-0.0556,0.9984,0,-0.0009,22.835,-2.8254,1]},
{"frame":2,"values":[0.9997,0.023,-0.0037,0,-0.0228,0.9982,0.0549,0,0.005,-0.0548,0.9985,0,-0.0009,22.835,-2.8254,1]},
{"frame":3,"values":[0.9997,0.0226,-0.0037,0,-0.0224,0.9983,0.0539,0,0.0049,-0.0538,0.9985,0,-0.0009,22.835,-2.8254,1]},
{"frame":4,"values":[0.9997,0.0221,-0.0037,0,-0.0219,0.9984,0.0528,0,0.0049,-0.0527,0.9986,0,-0.0009,22.835,-2.8254,1]},
{"frame":5,"values":[0.9998,0.0207,-0.0037,0,-0.0205,0.9985,0.0514,0,0.0048,-0.0513,0.9987,0,-0.0009,22.835,-2.8254,1]},
{"frame":6,"values":[0.9998,0.0172,-0.0037,0,-0.017,0.9986,0.05,0,0.0046,-0.0499,0.9987,0,-0.0009,22.835,-2.8254,1]},
{"frame":7,"values":[0.9999,0.0108,-0.0037,0,-0.0106,0.9988,0.0487,0,0.0043,-0.0486,0.9988,0,-0.0009,22.835,-2.8254,1]},
{"frame":8,"values":[1,0.0016,-0.0037,0,-0.0014,0.9989,0.0474,0,0.0038,-0.0474,0.9989,0,-0.0009,22.835,-2.8254,1]},
{"frame":9,"values":[1,-0.0087,-0.0037,0,0.0089,0.9989,0.0461,0,0.0033,-0.0461,0.9989,0,-0.0009,22.835,-2.8254,1]},
{"frame":10,"values":[0.9998,-0.0178,-0.0037,0,0.018,0.9988,0.0458,0,0.0029,-0.0458,0.9989,0,-0.0009,22.835,-2.8254,1]},
{"frame":11,"values":[0.9997,-0.0237,-0.0037,0,0.0238,0.9984,0.0511,0,0.0025,-0.0511,0.9987,0,-0.0009,22.835,-2.8254,1]},
{"frame":12,"values":[0.9997,-0.0244,-0.0037,0,0.0246,0.9981,0.0563,0,0.0024,-0.0564,0.9984,0,-0.0009,22.835,-2.8254,1]},
{"frame":13,"values":[0.9998,-0.0196,-0.0037,0,0.0198,0.9979,0.0616,0,0.0025,-0.0617,0.9981,0,-0.0009,22.835,-2.8254,1]},
{"frame":14,"values":[0.9999,-0.0131,-0.0037,0,0.0133,0.9977,0.0669,0,0.0029,-0.0669,0.9978,0,-0.0009,22.835,-2.8254,1]},
{"frame":15,"values":[1,-0.0066,-0.0036,0,0.0068,0.9982,0.0588,0,0.0032,-0.0588,0.9983,0,-0.0009,22.835,-2.8254,1]},
{"frame":16,"values":[1,-0.0001,-0.0035,0,0.0003,0.9987,0.0508,0,0.0035,-0.0508,0.9987,0,-0.0009,22.835,-2.8254,1]},
{"frame":17,"values":[1,0.0064,-0.0035,0,-0.0062,0.9991,0.0427,0,0.0038,-0.0427,0.9991,0,-0.0009,22.835,-2.8254,1]},
{"frame":18,"values":[0.9999,0.0129,-0.0035,0,-0.0127,0.9993,0.0347,0,0.004,-0.0347,0.9994,0,-0.0009,22.835,-2.8254,1]},
{"frame":19,"values":[0.9998,0.0193,-0.0036,0,-0.0192,0.9995,0.0267,0,0.0041,-0.0266,0.9996,0,-0.0009,22.835,-2.8254,1]},
{"frame":20,"values":[0.9997,0.0258,-0.0038,0,-0.0258,0.9995,0.0186,0,0.0042,-0.0185,0.9998,0,-0.0009,22.835,-2.8254,1]},
{"frame":21,"values":[0.9997,0.0238,-0.0038,0,-0.0238,0.9997,0.0106,0,0.004,-0.0105,0.9999,0,-0.0009,22.835,-2.8254,1]},
{"frame":22,"values":[0.9998,0.0218,-0.0038,0,-0.0218,0.9998,0.0025,0,0.0038,-0.0024,1,0,-0.0009,22.835,-2.8254,1]},
{"frame":23,"values":[0.9998,0.0197,-0.0038,0,-0.0198,0.9998,-0.0055,0,0.0037,0.0056,1,0,-0.0009,22.835,-2.8254,1]},
{"frame":24,"values":[0.9998,0.0177,-0.0038,0,-0.0178,0.9997,-0.0136,0,0.0035,0.0137,0.9999,0,-0.0009,22.835,-2.8254,1]},
{"frame":25,"values":[0.9999,0.0157,-0.0037,0,-0.0157,0.9998,-0.0101,0,0.0036,0.0101,0.9999,0,-0.0009,22.835,-2.8254,1]},
{"frame":26,"values":[0.9999,0.0137,-0.0038,0,-0.0137,0.9999,-0.0065,0,0.0037,0.0066,1,0,-0.0009,22.835,-2.8254,1]},
{"frame":27,"values":[0.9999,0.0116,-0.0038,0,-0.0116,0.9999,-0.003,0,0.0037,0.003,1,0,-0.0009,22.835,-2.8254,1]},
{"frame":28,"values":[0.9999,0.0119,-0.0038,0,-0.0119,0.9999,0.0005,0,0.0038,-0.0005,1,0,-0.0009,22.835,-2.8254,1]},
{"frame":29,"values":[0.9999,0.0122,-0.0038,0,-0.0122,0.9999,0.0041,0,0.0038,-0.004,1,0,-0.0009,22.835,-2.8254,1]},
{"frame":30,"values":[0.9999,0.0125,-0.0037,0,-0.0125,0.9999,0.0076,0,0.0038,-0.0076,1,0,-0.0009,22.835,-2.8254,1]},
{"frame":31,"values":[0.9999,0.0128,-0.0036,0,-0.0128,0.9999,0.0111,0,0.0037,-0.0111,0.9999,0,-0.0009,22.835,-2.8254,1]},
{"frame":32,"values":[0.9999,0.0131,-0.0035,0,-0.0131,0.9998,0.0147,0,0.0037,-0.0146,0.9999,0,-0.0009,22.835,-2.8254,1]},
{"frame":33,"values":[0.9999,0.0134,-0.0034,0,-0.0134,0.9997,0.0182,0,0.0036,-0.0182,0.9998,0,-0.0009,22.835,-2.8254,1]},
{"frame":34,"values":[0.9999,0.0137,-0.0033,0,-0.0136,0.9997,0.0217,0,0.0036,-0.0217,0.9998,0,-0.0009,22.835,-2.8254,1]},
{"frame":35,"values":[0.9999,0.014,-0.0032,0,-0.0139,0.9996,0.0253,0,0.0035,-0.0252,0.9997,0,-0.0009,22.835,-2.8254,1]},
{"frame":36,"values":[0.9999,0.0143,-0.0032,0,-0.0142,0.9995,0.0288,0,0.0036,-0.0288,0.9996,0,-0.0009,22.835,-2.8254,1]},
{"frame":37,"values":[0.9999,0.0138,-0.0031,0,-0.0136,0.9994,0.0323,0,0.0035,-0.0323,0.9995,0,-0.0009,22.835,-2.8254,1]},
{"frame":38,"values":[0.9999,0.0132,-0.003,0,-0.0131,0.9993,0.0359,0,0.0035,-0.0358,0.9994,0,-0.0009,22.835,-2.8254,1]},
{"frame":39,"values":[0.9999,0.0126,-0.0029,0,-0.0125,0.9991,0.0394,0,0.0034,-0.0394,0.9992,0,-0.0009,22.835,-2.8254,1]},
{"frame":40,"values":[0.9999,0.0121,-0.0028,0,-0.012,0.999,0.0429,0,0.0033,-0.0429,0.9991,0,-0.0009,22.835,-2.8254,1]},
{"frame":41,"values":[0.9999,0.0115,-0.0028,0,-0.0114,0.9989,0.0465,0,0.0034,-0.0464,0.9989,0,-0.0009,22.835,-2.8254,1]},
{"frame":42,"values":[0.9999,0.011,-0.0029,0,-0.0108,0.9987,0.05,0,0.0034,-0.05,0.9987,0,-0.0009,22.835,-2.8254,1]},
{"frame":43,"values":[0.9999,0.0104,-0.0029,0,-0.0103,0.9985,0.0535,0,0.0035,-0.0535,0.9986,0,-0.0009,22.835,-2.8254,1]},
{"frame":44,"values":[0.9999,0.0099,-0.0029,0,-0.0097,0.9983,0.057,0,0.0035,-0.057,0.9984,0,-0.0009,22.835,-2.8254,1]},
{"frame":45,"values":[1,0.0093,-0.003,0,-0.0091,0.9981,0.0606,0,0.0035,-0.0605,0.9982,0,-0.0009,22.835,-2.8254,1]},
{"frame":46,"values":[0.9999,0.0153,-0.0031,0,-0.0151,0.9978,0.0641,0,0.0041,-0.064,0.9979,0,-0.0009,22.835,-2.8254,1]},
{"frame":47,"values":[0.9998,0.0213,-0.0032,0,-0.0211,0.9975,0.0676,0,0.0046,-0.0675,0.9977,0,-0.0009,22.835,-2.8254,1]},
{"frame":48,"values":[0.9996,0.0273,-0.0033,0,-0.027,0.9971,0.0712,0,0.0052,-0.071,0.9975,0,-0.0009,22.835,-2.8254,1]},
{"frame":49,"values":[0.9994,0.0333,-0.0033,0,-0.033,0.9967,0.0747,0,0.0058,-0.0745,0.9972,0,-0.0009,22.835,-2.8254,1]},
{"frame":50,"values":[0.9992,0.0393,-0.0033,0,-0.0389,0.9962,0.0782,0,0.0064,-0.078,0.9969,0,-0.0009,22.835,-2.8254,1]},
{"frame":51,"values":[0.999,0.0453,-0.0033,0,-0.0449,0.9956,0.0817,0,0.007,-0.0815,0.9966,0,-0.0009,22.835,-2.8254,1]},
{"frame":52,"values":[0.9987,0.0513,-0.0033,0,-0.0508,0.9951,0.0852,0,0.0077,-0.085,0.9964,0,-0.0009,22.835,-2.8254,1]},
{"frame":53,"values":[0.9984,0.0573,-0.0033,0,-0.0568,0.9944,0.0888,0,0.0084,-0.0884,0.996,0,-0.0009,22.835,-2.8254,1]},
{"frame":54,"values":[0.998,0.0633,-0.0033,0,-0.0627,0.9938,0.0923,0,0.0091,-0.0919,0.9957,0,-0.0009,22.835,-2.8254,1]},
{"frame":55,"values":[0.9983,0.0585,-0.0033,0,-0.0579,0.9937,0.0958,0,0.0089,-0.0954,0.9954,0,-0.0009,22.835,-2.8254,1]},
{"frame":56,"values":[0.9986,0.0536,-0.0034,0,-0.0531,0.9941,0.0941,0,0.0084,-0.0938,0.9956,0,-0.0009,22.835,-2.8254,1]},
{"frame":57,"values":[0.9988,0.0488,-0.0034,0,-0.0483,0.9945,0.0924,0,0.0079,-0.0922,0.9957,0,-0.0009,22.835,-2.8254,1]},
{"frame":58,"values":[0.999,0.044,-0.0035,0,-0.0435,0.9949,0.0907,0,0.0074,-0.0905,0.9959,0,-0.0009,22.835,-2.8254,1]},
{"frame":59,"values":[0.9992,0.0391,-0.0035,0,-0.0387,0.9953,0.089,0,0.007,-0.0888,0.996,0,-0.0009,22.835,-2.8254,1]},
{"frame":60,"values":[0.9994,0.0343,-0.0036,0,-0.0339,0.9956,0.0874,0,0.0065,-0.0872,0.9962,0,-0.0009,22.835,-2.8254,1]},
{"frame":61,"values":[0.9996,0.0295,-0.0036,0,-0.029,0.9959,0.0857,0,0.0061,-0.0855,0.9963,0,-0.0009,22.835,-2.8254,1]},
{"frame":62,"values":[0.9997,0.0246,-0.0036,0,-0.0242,0.9962,0.084,0,0.0057,-0.0839,0.9965,0,-0.0009,22.835,-2.8254,1]},
{"frame":63,"values":[0.9998,0.0198,-0.0036,0,-0.0194,0.9964,0.0823,0,0.0052,-0.0822,0.9966,0,-0.0009,22.835,-2.8254,1]},
{"frame":64,"values":[0.9999,0.015,-0.0036,0,-0.0146,0.9966,0.0806,0,0.0048,-0.0805,0.9967,0,-0.0009,22.835,-2.8254,1]},
{"frame":65,"values":[0.9999,0.0101,-0.0036,0,-0.0098,0.9968,0.0789,0,0.0044,-0.0789,0.9969,0,-0.0009,22.835,-2.8254,1]},
{"frame":66,"values":[1,0.0053,-0.0036,0,-0.005,0.997,0.0772,0,0.004,-0.0772,0.997,0,-0.0009,22.835,-2.8254,1]},
{"frame":67,"values":[1,0.0065,-0.0036,0,-0.0062,0.9971,0.0755,0,0.0041,-0.0755,0.9971,0,-0.0009,22.835,-2.8254,1]},
{"frame":68,"values":[1,0.0077,-0.0037,0,-0.0074,0.9972,0.0738,0,0.0042,-0.0738,0.9973,0,-0.0009,22.835,-2.8254,1]},
{"frame":69,"values":[1,0.0088,-0.0037,0,-0.0086,0.9974,0.0721,0,0.0043,-0.0721,0.9974,0,-0.0009,22.835,-2.8254,1]},
{"frame":70,"values":[0.9999,0.01,-0.0037,0,-0.0097,0.9975,0.0704,0,0.0044,-0.0704,0.9975,0,-0.0009,22.835,-2.8254,1]},
{"frame":71,"values":[0.9999,0.0112,-0.0037,0,-0.0109,0.9976,0.0688,0,0.0045,-0.0687,0.9976,0,-0.0009,22.835,-2.8254,1]},
{"frame":72,"values":[0.9999,0.0124,-0.0038,0,-0.0121,0.9977,0.0671,0,0.0046,-0.067,0.9977,0,-0.0009,22.835,-2.8254,1]},
{"frame":73,"values":[0.9999,0.0136,-0.0038,0,-0.0133,0.9978,0.0654,0,0.0047,-0.0653,0.9979,0,-0.0009,22.835,-2.8254,1]},
{"frame":74,"values":[0.9999,0.0148,-0.0038,0,-0.0145,0.9979,0.0637,0,0.0048,-0.0636,0.998,0,-0.0009,22.835,-2.8254,1]},
{"frame":75,"values":[0.9999,0.016,-0.0039,0,-0.0157,0.998,0.062,0,0.0049,-0.0619,0.9981,0,-0.0009,22.835,-2.8254,1]},
{"frame":76,"values":[0.9998,0.0172,-0.0039,0,-0.0169,0.998,0.0603,0,0.0049,-0.0602,0.9982,0,-0.0009,22.835,-2.8254,1]},
{"frame":77,"values":[0.9998,0.0184,-0.0039,0,-0.0181,0.9981,0.0586,0,0.005,-0.0585,0.9983,0,-0.0009,22.835,-2.8254,1]},
{"frame":78,"values":[0.9998,0.0195,-0.004,0,-0.0193,0.9982,0.0569,0,0.0051,-0.0568,0.9984,0,-0.0009,22.835,-2.8254,1]},
{"frame":79,"values":[0.9998,0.0207,-0.004,0,-0.0205,0.9983,0.0552,0,0.0052,-0.0551,0.9985,0,-0.0009,22.835,-2.8254,1]},
{"frame":80,"values":[0.9998,0.0219,-0.0041,0,-0.0217,0.9982,0.0558,0,0.0053,-0.0557,0.9984,0,-0.0009,22.835,-2.8254,1]},
{"frame":81,"values":[0.9998,0.0211,-0.0041,0,-0.0208,0.9982,0.0563,0,0.0053,-0.0562,0.9984,0,-0.0009,22.835,-2.8254,1]},
{"frame":82,"values":[0.9998,0.0202,-0.0041,0,-0.02,0.9982,0.0569,0,0.0053,-0.0568,0.9984,0,-0.0009,22.835,-2.8254,1]},
{"frame":83,"values":[0.9998,0.0194,-0.0042,0,-0.0191,0.9982,0.0574,0,0.0053,-0.0573,0.9983,0,-0.0009,22.835,-2.8254,1]},
{"frame":84,"values":[0.9998,0.0185,-0.0042,0,-0.0182,0.9982,0.0579,0,0.0053,-0.0579,0.9983,0,-0.0009,22.835,-2.8254,1]},
{"frame":85,"values":[0.9998,0.0177,-0.0042,0,-0.0174,0.9981,0.0585,0,0.0052,-0.0584,0.9983,0,-0.0009,22.835,-2.8254,1]},
{"frame":86,"values":[0.9998,0.0168,-0.0043,0,-0.0165,0.9981,0.059,0,0.0052,-0.059,0.9982,0,-0.0009,22.835,-2.8254,1]},
{"frame":87,"values":[0.9998,0.0176,-0.0043,0,-0.0173,0.9981,0.0596,0,0.0053,-0.0595,0.9982,0,-0.0009,22.835,-2.8254,1]},
{"frame":88,"values":[0.9998,0.0185,-0.0042,0,-0.0182,0.998,0.0601,0,0.0053,-0.06,0.9982,0,-0.0009,22.835,-2.8254,1]},
{"frame":89,"values":[0.9998,0.0193,-0.0041,0,-0.019,0.998,0.0607,0,0.0053,-0.0606,0.9981,0,-0.0009,22.835,-2.8254,1]},
{"frame":90,"values":[0.9998,0.0201,-0.0041,0,-0.0198,0.9979,0.0612,0,0.0053,-0.0611,0.9981,0,-0.0009,22.835,-2.8254,1]},
{"frame":91,"values":[0.9998,0.0209,-0.004,0,-0.0206,0.998,0.0602,0,0.0053,-0.0602,0.9982,0,-0.0009,22.835,-2.8254,1]},
{"frame":92,"values":[0.9998,0.0217,-0.0039,0,-0.0215,0.998,0.0593,0,0.0052,-0.0592,0.9982,0,-0.0009,22.835,-2.8254,1]},
{"frame":93,"values":[0.9997,0.0226,-0.0039,0,-0.0223,0.998,0.0583,0,0.0052,-0.0582,0.9983,0,-0.0009,22.835,-2.8254,1]},
{"frame":94,"values":[0.9997,0.0234,-0.0038,0,-0.0231,0.9981,0.0573,0,0.0051,-0.0572,0.9983,0,-0.0009,22.835,-2.8254,1]},
{"frame":95,"values":[0.9997,0.0234,-0.0037,0,-0.0231,0.9982,0.0557,0,0.005,-0.0556,0.9984,0,-0.0009,22.835,-2.8254,1]}],"loopBehavior":1,"name":"anim","property":"_matrix"}},
{"name":"mixamorig:Spine2","index":3,"matrix":[0.9997,0.0235,-0.0043,0,-0.0233,0.9982,0.0556,0,0.0056,-0.0555,0.9984,0,-0.0206,26.5525,-3.1933,1],"rest":[1,0,0,0,0,1,0,0,0,0,1,0,-0.0206,26.5525,-3.1933,1],"parentBoneIndex":2,"length":24.825
,"animation":{"dataType":3,"framePerSecond":24,"keys":[
{"frame":1,"values":[0.9997,0.0235,-0.0042,0,-0.0233,0.9982,0.0556,0,0.0055,-0.0555,0.9984,0,-0.0206,26.5525,-3.1933,1]},
{"frame":2,"values":[0.9997,0.0232,-0.0042,0,-0.0229,0.9982,0.0548,0,0.0055,-0.0547,0.9985,0,-0.0206,26.5525,-3.1933,1]},
{"frame":3,"values":[0.9997,0.0228,-0.0043,0,-0.0226,0.9983,0.0538,0,0.0055,-0.0537,0.9985,0,-0.0206,26.5525,-3.1933,1]},
{"frame":4,"values":[0.9997,0.0223,-0.0043,0,-0.022,0.9984,0.0527,0,0.0055,-0.0526,0.9986,0,-0.0206,26.5525,-3.1933,1]},
{"frame":5,"values":[0.9998,0.0208,-0.0043,0,-0.0206,0.9985,0.0513,0,0.0054,-0.0512,0.9987,0,-0.0206,26.5525,-3.1933,1]},
{"frame":6,"values":[0.9998,0.0173,-0.0044,0,-0.0171,0.9986,0.0499,0,0.0052,-0.0498,0.9987,0,-0.0206,26.5525,-3.1933,1]},
{"frame":7,"values":[0.9999,0.0109,-0.0044,0,-0.0107,0.9988,0.0486,0,0.0049,-0.0486,0.9988,0,-0.0206,26.5525,-3.1933,1]},
{"frame":8,"values":[1,0.0017,-0.0045,0,-0.0015,0.9989,0.0474,0,0.0045,-0.0474,0.9989,0,-0.0206,26.5525,-3.1933,1]},
{"frame":9,"values":[1,-0.0086,-0.0045,0,0.0088,0.9989,0.0461,0,0.0041,-0.0461,0.9989,0,-0.0206,26.5525,-3.1933,1]},
{"frame":10,"values":[0.9998,-0.0177,-0.0045,0,0.0179,0.9988,0.0458,0,0.0037,-0.0459,0.9989,0,-0.0206,26.5525,-3.1933,1]},
{"frame":11,"values":[0.9997,-0.0235,-0.0046,0,0.0237,0.9984,0.0511,0,0.0034,-0.0511,0.9987,0,-0.0206,26.5525,-3.1933,1]},
{"frame":12,"values":[0.9997,-0.0243,-0.0046,0,0.0245,0.9981,0.0563,0,0.0032,-0.0564,0.9984,0,-0.0206,26.5525,-3.1933,1]},
{"frame":13,"values":[0.9998,-0.0194,-0.0046,0,0.0196,0.9979,0.0615,0,0.0034,-0.0616,0.9981,0,-0.0206,26.5525,-3.1933,1]},
{"frame":14,"values":[0.9999,-0.0129,-0.0046,0,0.0132,0.9977,0.0667,0,0.0038,-0.0667,0.9978,0,-0.0206,26.5525,-3.1933,1]},
{"frame":15,"values":[1,-0.0064,-0.0045,0,0.0067,0.9983,0.0587,0,0.0041,-0.0588,0.9983,0,-0.0206,26.5525,-3.1933,1]},
{"frame":16,"values":[1,0.0001,-0.0045,0,0.0002,0.9987,0.0508,0,0.0045,-0.0508,0.9987,0,-0.0206,26.5525,-3.1933,1]},
{"frame":17,"values":[1,0.0065,-0.0045,0,-0.0063,0.9991,0.0429,0,0.0048,-0.0428,0.9991,0,-0.0206,26.5525,-3.1933,1]},
{"frame":18,"values":[0.9999,0.013,-0.0045,0,-0.0129,0.9993,0.0349,0,0.005,-0.0348,0.9994,0,-0.0206,26.5525,-3.1933,1]},
{"frame":19,"values":[0.9998,0.0195,-0.0046,0,-0.0194,0.9994,0.0269,0,0.0051,-0.0269,0.9996,0,-0.0206,26.5525,-3.1933,1]},
{"frame":20,"values":[0.9997,0.026,-0.0048,0,-0.0259,0.9995,0.019,0,0.0053,-0.0189,0.9998,0,-0.0206,26.5525,-3.1933,1]},
{"frame":21,"values":[0.9997,0.024,-0.0048,0,-0.0239,0.9997,0.011,0,0.0051,-0.0109,0.9999,0,-0.0206,26.5524,-3.1933,1]},
{"frame":22,"values":[0.9997,0.0219,-0.0049,0,-0.0219,0.9998,0.0031,0,0.0049,-0.003,1,0,-0.0206,26.5525,-3.1933,1]},
{"frame":23,"values":[0.9998,0.0199,-0.0049,0,-0.0199,0.9998,-0.0049,0,0.0048,0.005,1,0,-0.0206,26.5525,-3.1933,1]},
{"frame":24,"values":[0.9998,0.0178,-0.0049,0,-0.0179,0.9998,-0.0128,0,0.0046,0.0129,0.9999,0,-0.0206,26.5525,-3.1933,1]},
{"frame":25,"values":[0.9999,0.0158,-0.0049,0,-0.0159,0.9998,-0.0093,0,0.0047,0.0094,0.9999,0,-0.0206,26.5525,-3.1933,1]},
{"frame":26,"values":[0.9999,0.0138,-0.0048,0,-0.0138,0.9999,-0.0058,0,0.0047,0.0059,1,0,-0.0206,26.5525,-3.1933,1]},
