{"producer":{"name":"Blender","version":"2.79 (sub 0)","exporter_version":"5.6.4","file":"youareout.babylon"},
"autoClear":true,"clearColor":[0.0509,0.0509,0.0509],"ambientColor":[0,0,0],"gravity":[0,-9.81,0],
"materials":[{"name":"youareout.Material","id":"youareout.Material","ambient":[0,0,0],"diffuse":[0,0,0],"specular":[0,0,0],"emissive":[0,0,0],"specularPower":50,"alpha":0.001,"backFaceCulling":true,"checkReadyOnlyOnce":false,"maxSimultaneousLights":4}],
"multiMaterials":[],
"skeletons":[{"name":"Armature","id":0,"dimensionsAtRest":[379.1952,391.6652,55.677],"bones":[
{"name":"mixamorig:Hips","index":0,"matrix":[0.9951,-0.0289,-0.0947,0,0.0241,0.9984,-0.0516,0,-0.096,-0.0491,-0.9942,0,-0.0736,200.9485,0.5888,1],"rest":[1,0,0,0,0,1,0,0,0,0,-1,0,0,201.6394,0,1],"parentBoneIndex":-1,"length":21.6784
,"animation":{"dataType":3,"framePerSecond":24,"keys":[
{"frame":1,"values":[0.9951,-0.0289,-0.0947,0,0.0241,0.9984,-0.0516,0,-0.096,-0.0491,-0.9942,0,-0.0736,200.9485,0.5888,1]},
{"frame":2,"values":[0.9953,-0.0274,-0.0932,0,0.0228,0.9985,-0.0506,0,-0.0944,-0.0483,-0.9944,0,0.0449,200.9382,0.6323,1]},
{"frame":3,"values":[0.9953,-0.0244,-0.0932,0,0.0197,0.9985,-0.0506,0,-0.0943,-0.0486,-0.9944,0,0.2382,200.9279,0.6717,1]},
{"frame":4,"values":[0.9952,-0.0187,-0.0963,0,0.0138,0.9986,-0.0516,0,-0.0971,-0.05,-0.994,0,0.5805,200.9175,0.7152,1]},
{"frame":5,"values":[0.9948,-0.0106,-0.1008,0,0.0055,0.9987,-0.0509,0,-0.1012,-0.05,-0.9936,0,1.0768,200.9072,0.7925,1]},
{"frame":6,"values":[0.9945,-0.0034,-0.1049,0,-0.0019,0.9988,-0.0497,0,-0.105,-0.0497,-0.9932,0,1.5076,200.8969,0.8414,1]},
{"frame":7,"values":[0.994,0.0025,-0.1092,0,-0.008,0.9987,-0.0506,0,-0.1089,-0.0511,-0.9927,0,2.5541,200.8865,0.9214,1]},
{"frame":8,"values":[0.9928,0.0034,-0.1201,0,-0.0093,0.9988,-0.0488,0,-0.1197,-0.0496,-0.9916,0,3.6005,200.8762,1.0014,1]},
{"frame":9,"values":[0.9896,-0.0014,-0.1441,0,-0.0046,0.9991,-0.0411,0,-0.144,-0.0413,-0.9887,0,4.6469,200.8659,1.0814,1]},
{"frame":10,"values":[0.9828,-0.01,-0.1845,0,0.0045,0.9995,-0.0302,0,-0.1847,-0.0289,-0.9824,0,5.6934,200.8555,1.1614,1]},
{"frame":11,"values":[0.9742,-0.0182,-0.2248,0,0.0143,0.9997,-0.0189,0,-0.2251,-0.0152,-0.9742,0,6.7398,200.8452,1.2414,1]},
{"frame":12,"values":[0.964,-0.0233,-0.2647,0,0.022,0.9997,-0.0079,0,-0.2648,-0.0018,-0.9643,0,7.7863,200.8349,1.3457,1]},
{"frame":13,"values":[0.9523,-0.0257,-0.3042,0,0.027,0.9996,0,0,-0.3041,0.0082,-0.9526,0,8.8327,200.8245,1.4056,1]},
{"frame":14,"values":[0.9389,-0.0284,-0.3431,0,0.0309,0.9995,0.002,0,-0.3429,0.0125,-0.9393,0,9.8791,200.8142,1.4004,1]},
{"frame":15,"values":[0.9472,-0.034,-0.319,0,0.0356,0.9994,-0.0008,0,-0.3188,0.0106,-0.9478,0,10.9256,200.8039,1.3342,1]},
{"frame":16,"values":[0.9548,-0.0396,-0.2946,0,0.0398,0.9992,-0.0055,0,-0.2946,0.0065,-0.9556,0,11.972,200.7935,1.268,1]},
{"frame":17,"values":[0.9619,-0.0428,-0.27,0,0.0416,0.9991,-0.0101,0,-0.2702,0.0015,-0.9628,0,13.0185,200.7832,1.2018,1]},
{"frame":18,"values":[0.9684,-0.0444,-0.2453,0,0.0426,0.999,-0.0127,0,-0.2456,-0.0018,-0.9694,0,14.0649,200.7729,1.1356,1]},
{"frame":19,"values":[0.9626,-0.0454,-0.2671,0,0.0444,0.999,-0.0098,0,-0.2673,0.0024,-0.9636,0,15.1114,200.7625,1.0693,1]},
{"frame":20,"values":[0.9563,-0.0457,-0.2888,0,0.0475,0.9989,-0.0008,0,-0.2885,0.013,-0.9574,0,16.1578,200.7727,1.1533,1]},
{"frame":21,"values":[0.9496,-0.044,-0.3104,0,0.0491,0.9988,0.0086,0,-0.3096,0.0235,-0.9506,0,17.2042,200.7829,1.2372,1]},
{"frame":22,"values":[0.9425,-0.0415,-0.3317,0,0.048,0.9988,0.0113,0,-0.3309,0.0266,-0.9433,0,18.2507,200.793,1.3212,1]},
{"frame":23,"values":[0.9348,-0.0403,-0.353,0,0.046,0.9989,0.0078,0,-0.3523,0.0236,-0.9356,0,19.2971,200.8032,1.2902,1]},
{"frame":24,"values":[0.9366,-0.0408,-0.3481,0,0.0446,0.999,0.003,0,-0.3476,0.0183,-0.9375,0,20.3436,200.8134,1.2592,1]},
{"frame":25,"values":[0.9383,-0.0413,-0.3432,0,0.0439,0.999,-0.0003,0,-0.3429,0.0148,-0.9393,0,19.8642,200.8235,1.2282,1]},
{"frame":26,"values":[0.9401,-0.0419,-0.3384,0,0.0441,0.999,-0.0011,0,-0.3381,0.0139,-0.941,0,19.3849,200.8337,1.1972,1]},
{"frame":27,"values":[0.9418,-0.0424,-0.3335,0,0.0449,0.999,-0.0003,0,-0.3331,0.0146,-0.9428,0,18.9056,200.8439,1.2073,1]},
{"frame":28,"values":[0.9436,-0.0419,-0.3286,0,0.0445,0.999,0.0005,0,-0.3282,0.015,-0.9445,0,18.4263,200.854,1.2174,1]},
{"frame":29,"values":[0.9453,-0.0413,-0.3237,0,0.0441,0.999,0.0013,0,-0.3233,0.0155,-0.9462,0,17.947,200.8642,1.2119,1]},
{"frame":30,"values":[0.947,-0.0407,-0.3188,0,0.0434,0.9991,0.0012,0,-0.3184,0.0149,-0.9478,0,17.4677,200.8744,1.2063,1]},
{"frame":31,"values":[0.9486,-0.0402,-0.3138,0,0.0429,0.9991,0.0018,0,-0.3135,0.0151,-0.9495,0,16.9884,200.8845,1.2008,1]},
{"frame":32,"values":[0.9503,-0.0396,-0.3089,0,0.0424,0.9991,0.0024,0,-0.3085,0.0153,-0.9511,0,16.5091,200.8947,1.2017,1]},
{"frame":33,"values":[0.9519,-0.039,-0.304,0,0.0419,0.9991,0.0029,0,-0.3036,0.0155,-0.9527,0,16.0298,200.9049,1.2025,1]},
{"frame":34,"values":[0.9535,-0.0385,-0.299,0,0.0414,0.9991,0.0035,0,-0.2986,0.0158,-0.9542,0,15.5504,200.915,1.1858,1]},
{"frame":35,"values":[0.955,-0.0379,-0.2941,0,0.0402,0.9992,0.002,0,-0.2937,0.0137,-0.9558,0,15.0711,200.9252,1.1691,1]},
{"frame":36,"values":[0.9566,-0.0373,-0.2891,0,0.0391,0.9992,0.0004,0,-0.2889,0.0116,-0.9573,0,14.5918,200.9353,1.1523,1]},
{"frame":37,"values":[0.9581,-0.0367,-0.2841,0,0.0379,0.9993,-0.0012,0,-0.284,0.0096,-0.9588,0,14.1125,200.9455,1.1356,1]},
{"frame":38,"values":[0.9595,-0.0371,-0.2791,0,0.0378,0.9993,-0.0028,0,-0.2791,0.0078,-0.9602,0,13.6332,200.9557,1.1188,1]},
{"frame":39,"values":[0.961,-0.0374,-0.2742,0,0.0376,0.9993,-0.0044,0,-0.2741,0.0061,-0.9617,0,13.1539,200.9659,1.1021,1]},
{"frame":40,"values":[0.9624,-0.0372,-0.2692,0,0.0369,0.9993,-0.006,0,-0.2692,0.0041,-0.9631,0,12.6746,200.976,1.0854,1]},
{"frame":41,"values":[0.9638,-0.037,-0.2642,0,0.0362,0.9993,-0.0077,0,-0.2643,0.0022,-0.9644,0,12.1953,200.9862,1.0686,1]},
{"frame":42,"values":[0.9651,-0.0367,-0.2592,0,0.0355,0.9993,-0.0093,0,-0.2593,0.0003,-0.9658,0,11.716,200.9963,1.0519,1]},
{"frame":43,"values":[0.9665,-0.0365,-0.2541,0,0.0354,0.9993,-0.009,0,-0.2543,0.0003,-0.9671,0,11.2367,201.0065,1.0351,1]},
{"frame":44,"values":[0.9678,-0.037,-0.2491,0,0.0358,0.9993,-0.0092,0,-0.2493,0,-0.9684,0,10.7573,201.0167,1.0184,1]},
{"frame":45,"values":[0.969,-0.0375,-0.2441,0,0.0363,0.9993,-0.0095,0,-0.2443,-0.0004,-0.9697,0,10.278,201.0268,1.0017,1]},
{"frame":46,"values":[0.9703,-0.038,-0.2391,0,0.037,0.9993,-0.0088,0,-0.2392,0.0003,-0.971,0,9.7987,201.037,0.9849,1]},
{"frame":47,"values":[0.9715,-0.0385,-0.234,0,0.0377,0.9993,-0.008,0,-0.2342,0.001,-0.9722,0,9.3194,201.0472,0.9887,1]},
{"frame":48,"values":[0.9727,-0.0377,-0.229,0,0.037,0.9993,-0.0072,0,-0.2291,0.0014,-0.9734,0,8.8401,201.0573,0.9671,1]},
{"frame":49,"values":[0.9739,-0.0369,-0.2239,0,0.0357,0.9993,-0.0096,0,-0.2241,-0.0013,-0.9746,0,8.3608,201.0675,0.9455,1]},
{"frame":50,"values":[0.9751,-0.0361,-0.2189,0,0.0343,0.9993,-0.0119,0,-0.2191,-0.0041,-0.9757,0,7.8815,201.0777,0.924,1]},
{"frame":51,"values":[0.9762,-0.0353,-0.2138,0,0.033,0.9994,-0.0142,0,-0.2142,-0.0068,-0.9768,0,7.4022,201.0878,0.9024,1]},
{"frame":52,"values":[0.9774,-0.0344,-0.2087,0,0.0317,0.9994,-0.0165,0,-0.2092,-0.0096,-0.9778,0,6.9229,201.098,0.8808,1]},
{"frame":53,"values":[0.9784,-0.0353,-0.2036,0,0.0321,0.9993,-0.0189,0,-0.2042,-0.0119,-0.9789,0,6.4435,201.0937,0.8592,1]},
{"frame":54,"values":[0.9794,-0.0362,-0.1986,0,0.0326,0.9992,-0.0212,0,-0.1992,-0.0143,-0.9799,0,5.9642,201.0894,0.8377,1]},
{"frame":55,"values":[0.9805,-0.0358,-0.1935,0,0.0319,0.9992,-0.0236,0,-0.1942,-0.0169,-0.9808,0,5.4849,201.0852,0.8161,1]},
{"frame":56,"values":[0.9815,-0.0355,-0.1884,0,0.0311,0.9992,-0.0259,0,-0.1891,-0.0196,-0.9818,0,5.0056,201.0809,0.7945,1]},
{"frame":57,"values":[0.9824,-0.0351,-0.1833,0,0.0304,0.9991,-0.0283,0,-0.1841,-0.0222,-0.9827,0,4.5263,201.0766,0.7729,1]},
{"frame":58,"values":[0.9833,-0.0361,-0.1782,0,0.0311,0.999,-0.0306,0,-0.1791,-0.0246,-0.9835,0,4.047,201.0724,0.7514,1]},
{"frame":59,"values":[0.9842,-0.0371,-0.1731,0,0.0318,0.9989,-0.033,0,-0.1741,-0.027,-0.9844,0,3.5677,201.0681,0.7298,1]},
{"frame":60,"values":[0.9851,-0.038,-0.168,0,0.0325,0.9988,-0.0354,0,-0.1691,-0.0294,-0.9852,0,3.0884,201.0638,0.7082,1]},
{"frame":61,"values":[0.9859,-0.039,-0.1629,0,0.0332,0.9987,-0.0378,0,-0.1641,-0.0318,-0.9859,0,2.6091,201.0596,0.6866,1]},
{"frame":62,"values":[0.9867,-0.0399,-0.1577,0,0.034,0.9986,-0.0401,0,-0.1591,-0.0342,-0.9867,0,2.1297,201.0553,0.6651,1]},
{"frame":63,"values":[0.9874,-0.0408,-0.1526,0,0.0347,0.9985,-0.0425,0,-0.1541,-0.0366,-0.9874,0,1.6504,201.051,0.6435,1]},
{"frame":64,"values":[0.9882,-0.0417,-0.1475,0,0.0355,0.9984,-0.0448,0,-0.1491,-0.0391,-0.9881,0,1.1711,201.0467,0.6219,1]},
{"frame":65,"values":[0.989,-0.0414,-0.1423,0,0.035,0.9983,-0.0472,0,-0.144,-0.0417,-0.9887,0,0.6918,201.0425,0.6003,1]},
{"frame":66,"values":[0.9897,-0.0411,-0.1372,0,0.035,0.9983,-0.0472,0,-0.1389,-0.0419,-0.9894,0,0.2125,201.0382,0.5788,1]},
{"frame":67,"values":[0.9904,-0.0409,-0.1321,0,0.0348,0.9983,-0.0478,0,-0.1338,-0.0427,-0.9901,0,-0.2668,201.0339,0.5572,1]},
{"frame":68,"values":[0.9911,-0.0411,-0.1269,0,0.0352,0.9982,-0.0483,0,-0.1287,-0.0434,-0.9907,0,-0.7461,201.0297,0.5356,1]},
{"frame":69,"values":[0.9917,-0.0413,-0.1218,0,0.0355,0.9982,-0.0489,0,-0.1236,-0.0441,-0.9914,0,-1.2254,201.0254,0.5141,1]},
{"frame":70,"values":[0.9923,-0.0414,-0.1166,0,0.0359,0.9981,-0.0494,0,-0.1184,-0.0448,-0.9919,0,-1.7047,201.0211,0.4925,1]},
{"frame":71,"values":[0.9929,-0.0414,-0.1115,0,0.036,0.9981,-0.05,0,-0.1133,-0.0456,-0.9925,0,-2.1841,201.0168,0.4709,1]},
{"frame":72,"values":[0.9935,-0.0415,-0.1063,0,0.0363,0.9981,-0.0505,0,-0.1082,-0.0463,-0.9931,0,-2.0537,201.0126,0.4493,1]},
{"frame":73,"values":[0.994,-0.0417,-0.1011,0,0.0367,0.9981,-0.0505,0,-0.103,-0.0465,-0.9936,0,-1.9233,201.0083,0.4278,1]},
{"frame":74,"values":[0.9945,-0.0415,-0.096,0,0.0368,0.998,-0.0505,0,-0.0979,-0.0467,-0.9941,0,-1.7929,201.004,0.4062,1]},
{"frame":75,"values":[0.995,-0.0413,-0.0908,0,0.0368,0.998,-0.0511,0,-0.0927,-0.0475,-0.9946,0,-1.6625,200.9998,0.3846,1]},
{"frame":76,"values":[0.9949,-0.0411,-0.0921,0,0.0364,0.998,-0.0517,0,-0.094,-0.0481,-0.9944,0,-1.5321,200.9955,0.363,1]},
{"frame":77,"values":[0.9948,-0.0409,-0.0933,0,0.0361,0.998,-0.0523,0,-0.0953,-0.0486,-0.9943,0,-1.4017,200.9912,0.3415,1]},
{"frame":78,"values":[0.9947,-0.0411,-0.0946,0,0.0362,0.9979,-0.0528,0,-0.0966,-0.0491,-0.9941,0,-1.2713,200.987,0.3199,1]},
{"frame":79,"values":[0.9945,-0.0413,-0.0959,0,0.0363,0.9979,-0.0534,0,-0.0979,-0.0497,-0.994,0,-1.1409,200.9827,0.2983,1]},
{"frame":80,"values":[0.9945,-0.0397,-0.0971,0,0.0346,0.998,-0.0531,0,-0.0991,-0.0495,-0.9939,0,-1.0105,200.9784,0.3347,1]},
{"frame":81,"values":[0.9944,-0.0381,-0.0984,0,0.033,0.9981,-0.0528,0,-0.1002,-0.0493,-0.9937,0,-0.8801,200.9741,0.371,1]},
{"frame":82,"values":[0.9943,-0.0365,-0.0997,0,0.0314,0.9981,-0.0525,0,-0.1014,-0.0491,-0.9936,0,-0.7497,200.9699,0.4074,1]},
{"frame":83,"values":[0.9945,-0.0349,-0.0988,0,0.0298,0.9982,-0.0526,0,-0.1005,-0.0494,-0.9937,0,-0.6194,200.9656,0.4438,1]},
{"frame":84,"values":[0.9946,-0.0334,-0.098,0,0.0283,0.9982,-0.0527,0,-0.0996,-0.0496,-0.9938,0,-0.489,200.9613,0.4801,1]},
{"frame":85,"values":[0.9948,-0.0318,-0.0971,0,0.0268,0.9983,-0.0525,0,-0.0986,-0.0496,-0.9939,0,-0.3586,200.9571,0.5165,1]},
{"frame":86,"values":[0.9949,-0.0302,-0.0963,0,0.0253,0.9983,-0.0522,0,-0.0977,-0.0495,-0.994,0,-0.2282,200.9528,0.5529,1]},
{"frame":87,"values":[0.9951,-0.0289,-0.0947,0,0.0241,0.9984,-0.0516,0,-0.096,-0.0491,-0.9942,0,-0.0736,200.9485,0.5888,1]}],"loopBehavior":1,"name":"anim","property":"_matrix"}},
{"name":"mixamorig:Spine","index":1,"matrix":[0.9996,0.0218,0.0178,0,-0.0216,0.9997,-0.0075,0,-0.0179,0.0072,0.9998,0,0.0062,19.525,-2.4818,1],"rest":[1,0,0,0,0,1,0,0,0,0,1,0,0.0062,19.525,-2.4818,1],"parentBoneIndex":0,"length":23.0091
,"animation":{"dataType":3,"framePerSecond":24,"keys":[
{"frame":1,"values":[0.9996,0.0218,0.0178,0,-0.0216,0.9997,-0.0075,0,-0.0179,0.0072,0.9998,0,0.0062,19.525,-2.4818,1]},
{"frame":2,"values":[0.9996,0.0215,0.0194,0,-0.0213,0.9997,-0.0078,0,-0.0196,0.0074,0.9998,0,0.0062,19.525,-2.4818,1]},
{"frame":3,"values":[0.9996,0.0207,0.0205,0,-0.0205,0.9998,-0.0073,0,-0.0206,0.0069,0.9998,0,0.0062,19.525,-2.4818,1]},
{"frame":4,"values":[0.9996,0.0189,0.02,0,-0.0188,0.9998,-0.0054,0,-0.0201,0.005,0.9998,0,0.0062,19.525,-2.4818,1]},
{"frame":5,"values":[0.9997,0.0159,0.017,0,-0.0159,0.9999,-0.0022,0,-0.017,0.0019,0.9999,0,0.0062,19.525,-2.4818,1]},
{"frame":6,"values":[0.9999,0.0115,0.0099,0,-0.0115,0.9999,0.0017,0,-0.0098,-0.0018,0.9999,0,0.0062,19.525,-2.4818,1]},
{"frame":7,"values":[1,0.0071,0.0006,0,-0.0071,1,0.0052,0,-0.0005,-0.0052,1,0,0.0062,19.525,-2.4818,1]},
{"frame":8,"values":[1,0.0027,-0.0096,0,-0.0026,1,0.0076,0,0.0096,-0.0075,0.9999,0,0.0062,19.525,-2.4818,1]},
{"frame":9,"values":[0.9998,-0.0017,-0.0187,0,0.0019,1,0.0085,0,0.0186,-0.0085,0.9998,0,0.0062,19.525,-2.4818,1]},
{"frame":10,"values":[0.9997,-0.0062,-0.0245,0,0.0064,0.9999,0.0082,0,0.0244,-0.0084,0.9997,0,0.0062,19.525,-2.4818,1]},
{"frame":11,"values":[0.9996,-0.0106,-0.0262,0,0.0108,0.9999,0.0075,0,0.0261,-0.0077,0.9996,0,0.0062,19.525,-2.4818,1]},
{"frame":12,"values":[0.9996,-0.015,-0.0237,0,0.0152,0.9999,0.0068,0,0.0236,-0.0072,0.9997,0,0.0062,19.525,-2.4818,1]},
{"frame":13,"values":[0.9996,-0.0194,-0.0184,0,0.0195,0.9998,0.0067,0,0.0182,-0.0071,0.9998,0,0.0062,19.525,-2.4818,1]},
{"frame":14,"values":[0.9997,-0.0238,-0.0114,0,0.0239,0.9997,0.0072,0,0.0113,-0.0075,0.9999,0,0.0062,19.525,-2.4818,1]},
{"frame":15,"values":[0.9996,-0.0282,-0.0057,0,0.0282,0.9996,0.0096,0,0.0054,-0.0097,0.9999,0,0.0062,19.525,-2.4818,1]},
{"frame":16,"values":[0.9995,-0.0326,0,0,0.0326,0.9994,0.012,0,-0.0004,-0.012,0.9999,0,0.0062,19.525,-2.4818,1]},
{"frame":17,"values":[0.9993,-0.037,0.0057,0,0.0369,0.9992,0.0144,0,-0.0062,-0.0142,0.9999,0,0.0062,19.525,-2.4818,1]},
{"frame":18,"values":[0.9991,-0.0414,0.0114,0,0.0412,0.999,0.0168,0,-0.0121,-0.0164,0.9998,0,0.0062,19.525,-2.4818,1]},
{"frame":19,"values":[0.9988,-0.0458,0.0171,0,0.0455,0.9988,0.0193,0,-0.018,-0.0185,0.9997,0,0.0062,19.525,-2.4818,1]},
{"frame":20,"values":[0.9985,-0.0502,0.0228,0,0.0497,0.9985,0.0218,0,-0.0238,-0.0206,0.9995,0,0.0062,19.525,-2.4818,1]},
{"frame":21,"values":[0.9981,-0.0547,0.0284,0,0.054,0.9982,0.0243,0,-0.0297,-0.0228,0.9993,0,0.0062,19.525,-2.4818,1]},
{"frame":22,"values":[0.9979,-0.0591,0.0269,0,0.0584,0.9979,0.0268,0,-0.0285,-0.0252,0.9993,0,0.0062,19.525,-2.4818,1]},
{"frame":23,"values":[0.9977,-0.0635,0.0255,0,0.0627,0.9976,0.0292,0,-0.0273,-0.0276,0.9992,0,0.0062,19.525,-2.4818,1]},
{"frame":24,"values":[0.9974,-0.0679,0.024,0,0.0671,0.9972,0.0317,0,-0.026,-0.03,0.9992,0,0.0062,19.525,-2.4818,1]},
{"frame":25,"values":[0.9975,-0.0665,0.0225,0,0.0657,0.9974,0.0311,0,-0.0245,-0.0295,0.9993,0,0.0062,19.525,-2.4818,1]},
{"frame":26,"values":[0.9976,-0.065,0.023,0,0.0643,0.9975,0.0305,0,-0.0249,-0.0289,0.9993,0,0.0062,19.525,-2.4818,1]},
{"frame":27,"values":[0.9977,-0.0636,0.0235,0,0.0629,0.9976,0.0299,0,-0.0253,-0.0283,0.9993,0,0.0062,19.525,-2.4818,1]},
{"frame":28,"values":[0.9978,-0.0621,0.024,0,0.0614,0.9977,0.0293,0,-0.0258,-0.0277,0.9993,0,0.0062,19.525,-2.4818,1]},
{"frame":29,"values":[0.9979,-0.0607,0.0234,0,0.06,0.9978,0.0296,0,-0.0251,-0.0281,0.9993,0,0.0062,19.525,-2.4818,1]},
{"frame":30,"values":[0.998,-0.0592,0.0227,0,0.0586,0.9978,0.0299,0,-0.0245,-0.0285,0.9993,0,0.0062,19.525,-2.4818,1]},
{"frame":31,"values":[0.9981,-0.0578,0.0221,0,0.0571,0.9979,0.0302,0,-0.0238,-0.0289,0.9993,0,0.0062,19.525,-2.4818,1]},
{"frame":32,"values":[0.9982,-0.0564,0.0215,0,0.0557,0.998,0.0305,0,-0.0232,-0.0293,0.9993,0,0.0062,19.525,-2.4818,1]},
{"frame":33,"values":[0.9983,-0.0549,0.0218,0,0.0542,0.9981,0.0309,0,-0.0235,-0.0296,0.9993,0,0.0062,19.525,-2.4818,1]},
{"frame":34,"values":[0.9983,-0.0535,0.0221,0,0.0528,0.9981,0.0312,0,-0.0238,-0.03,0.9993,0,0.0062,19.525,-2.4818,1]},
{"frame":35,"values":[0.9984,-0.052,0.0224,0,0.0513,0.9982,0.0303,0,-0.024,-0.0291,0.9993,0,0.0062,19.525,-2.4818,1]},
{"frame":36,"values":[0.9985,-0.0506,0.0228,0,0.0499,0.9983,0.0295,0,-0.0242,-0.0283,0.9993,0,0.0062,19.525,-2.4818,1]},
{"frame":37,"values":[0.9985,-0.0491,0.0231,0,0.0485,0.9984,0.0286,0,-0.0245,-0.0275,0.9993,0,0.0062,19.525,-2.4818,1]},
{"frame":38,"values":[0.9986,-0.0477,0.0225,0,0.0471,0.9985,0.0278,0,-0.0238,-0.0267,0.9994,0,0.0062,19.525,-2.4818,1]},
{"frame":39,"values":[0.9987,-0.0462,0.0219,0,0.0456,0.9986,0.0269,0,-0.0231,-0.0259,0.9994,0,0.0062,19.525,-2.4818,1]},
{"frame":40,"values":[0.9988,-0.0448,0.0213,0,0.0442,0.9987,0.0261,0,-0.0224,-0.0251,0.9994,0,0.0062,19.525,-2.4818,1]},
{"frame":41,"values":[0.9988,-0.0434,0.0207,0,0.0428,0.9988,0.0252,0,-0.0217,-0.0243,0.9995,0,0.0062,19.525,-2.4818,1]},
{"frame":42,"values":[0.9989,-0.0419,0.02,0,0.0414,0.9988,0.0244,0,-0.021,-0.0235,0.9995,0,0.0062,19.525,-2.4818,1]},
{"frame":43,"values":[0.999,-0.0405,0.0194,0,0.04,0.9989,0.0235,0,-0.0204,-0.0227,0.9995,0,0.0062,19.525,-2.4818,1]},
{"frame":44,"values":[0.9991,-0.039,0.0188,0,0.0386,0.999,0.0227,0,-0.0197,-0.0219,0.9996,0,0.0062,19.525,-2.4818,1]},
{"frame":45,"values":[0.9991,-0.0376,0.0182,0,0.0372,0.999,0.0229,0,-0.019,-0.0222,0.9996,0,0.0062,19.525,-2.4818,1]},
{"frame":46,"values":[0.9992,-0.0361,0.0187,0,0.0357,0.9991,0.0231,0,-0.0195,-0.0224,0.9996,0,0.0062,19.525,-2.4818,1]},
{"frame":47,"values":[0.9992,-0.0347,0.0192,0,0.0342,0.9991,0.0234,0,-0.02,-0.0227,0.9995,0,0.0062,19.525,-2.4818,1]},
{"frame":48,"values":[0.9993,-0.0332,0.0197,0,0.0328,0.9992,0.0236,0,-0.0204,-0.0229,0.9995,0,0.0062,19.525,-2.4818,1]},
{"frame":49,"values":[0.9993,-0.0318,0.0202,0,0.0313,0.9992,0.0238,0,-0.0209,-0.0232,0.9995,0,0.0062,19.525,-2.4818,1]},
{"frame":50,"values":[0.9993,-0.0304,0.0207,0,0.0299,0.9993,0.0225,0,-0.0213,-0.0218,0.9995,0,0.0062,19.525,-2.4818,1]},
{"frame":51,"values":[0.9994,-0.0289,0.0212,0,0.0285,0.9994,0.0211,0,-0.0218,-0.0205,0.9996,0,0.0062,19.525,-2.4818,1]},
{"frame":52,"values":[0.9994,-0.0275,0.02,0,0.0271,0.9994,0.0198,0,-0.0205,-0.0192,0.9996,0,0.0062,19.525,-2.4818,1]},
{"frame":53,"values":[0.9995,-0.026,0.0188,0,0.0257,0.9995,0.0184,0,-0.0193,-0.0179,0.9997,0,0.0062,19.525,-2.4818,1]},
{"frame":54,"values":[0.9995,-0.0246,0.0176,0,0.0243,0.9996,0.0171,0,-0.018,-0.0166,0.9997,0,0.0062,19.525,-2.4818,1]},
{"frame":55,"values":[0.9996,-0.0231,0.0165,0,0.0229,0.9996,0.0157,0,-0.0168,-0.0153,0.9997,0,0.0062,19.525,-2.4818,1]},
{"frame":56,"values":[0.9996,-0.0217,0.0153,0,0.0215,0.9997,0.0144,0,-0.0156,-0.014,0.9998,0,0.0062,19.525,-2.4818,1]},
{"frame":57,"values":[0.9997,-0.0202,0.0141,0,0.02,0.9997,0.013,0,-0.0143,-0.0128,0.9998,0,0.0062,19.525,-2.4818,1]},
{"frame":58,"values":[0.9997,-0.0188,0.0129,0,0.0186,0.9998,0.0117,0,-0.0131,-0.0115,0.9998,0,0.0062,19.525,-2.4818,1]},
{"frame":59,"values":[0.9998,-0.0173,0.0117,0,0.0172,0.9998,0.0117,0,-0.0119,-0.0115,0.9999,0,0.0062,19.525,-2.4818,1]},
{"frame":60,"values":[0.9998,-0.0159,0.0105,0,0.0158,0.9998,0.011,0,-0.0107,-0.0108,0.9999,0,0.0062,19.525,-2.4818,1]},
{"frame":61,"values":[0.9999,-0.0144,0.0094,0,0.0143,0.9998,0.0103,0,-0.0095,-0.0102,0.9999,0,0.0062,19.525,-2.4818,1]},
{"frame":62,"values":[0.9999,-0.013,0.0082,0,0.0129,0.9999,0.0096,0,-0.0083,-0.0095,0.9999,0,0.0062,19.525,-2.4818,1]},
{"frame":63,"values":[0.9999,-0.0115,0.007,0,0.0115,0.9999,0.0089,0,-0.0071,-0.0088,0.9999,0,0.0062,19.525,-2.4818,1]},
{"frame":64,"values":[0.9999,-0.0101,0.0058,0,0.01,0.9999,0.0082,0,-0.0059,-0.0081,0.9999,0,0.0062,19.525,-2.4818,1]},
{"frame":65,"values":[1,-0.0086,0.0047,0,0.0086,0.9999,0.0075,0,-0.0047,-0.0075,1,0,0.0062,19.525,-2.4818,1]},
{"frame":66,"values":[1,-0.0072,0.0035,0,0.0072,1,0.0068,0,-0.0035,-0.0068,1,0,0.0062,19.525,-2.4818,1]},
{"frame":67,"values":[1,-0.0057,0.0023,0,0.0057,1,0.0061,0,-0.0023,-0.0061,1,0,0.0062,19.525,-2.4818,1]},
{"frame":68,"values":[1,-0.0043,0.0011,0,0.0043,1,0.0054,0,-0.0011,-0.0054,1,0,0.0062,19.525,-2.4818,1]},
{"frame":69,"values":[1,-0.0029,-0.0001,0,0.0029,1,0.0047,0,0,-0.0047,1,0,0.0062,19.525,-2.4818,1]},
{"frame":70,"values":[1,-0.0014,-0.0012,0,0.0014,1,0.004,0,0.0012,-0.004,1,0,0.0062,19.525,-2.4818,1]},
{"frame":71,"values":[1,0,-0.0024,0,0,1,0.0034,0,0.0024,-0.0034,1,0,0.0062,19.525,-2.4818,1]},
{"frame":72,"values":[1,0.0015,-0.0036,0,-0.0015,1,0.0027,0,0.0036,-0.0027,1,0,0.0062,19.525,-2.4818,1]},
{"frame":73,"values":[1,0.0029,-0.0048,0,-0.0029,1,0.002,0,0.0048,-0.002,1,0,0.0062,19.525,-2.4818,1]},
{"frame":74,"values":[1,0.0044,-0.0032,0,-0.0043,1,0.0013,0,0.0032,-0.0013,1,0,0.0062,19.525,-2.4818,1]},
{"frame":75,"values":[1,0.0058,-0.0016,0,-0.0058,1,0.0006,0,0.0016,-0.0006,1,0,0.0062,19.525,-2.4818,1]},
{"frame":76,"values":[1,0.0072,0,0,-0.0072,1,-0.0001,0,0,0.0001,1,0,0.0062,19.525,-2.4818,1]},
{"frame":77,"values":[1,0.0087,0.0016,0,-0.0087,1,-0.0007,0,-0.0016,0.0007,1,0,0.0062,19.525,-2.4818,1]},
{"frame":78,"values":[0.9999,0.0101,0.0032,0,-0.0101,0.9999,-0.0014,0,-0.0033,0.0014,1,0,0.0062,19.525,-2.4818,1]},
{"frame":79,"values":[0.9999,0.0116,0.0049,0,-0.0116,0.9999,-0.0021,0,-0.0049,0.0021,1,0,0.0062,19.525,-2.4818,1]},
{"frame":80,"values":[0.9999,0.013,0.0065,0,-0.013,0.9999,-0.0028,0,-0.0065,0.0027,1,0,0.0062,19.525,-2.4818,1]},
{"frame":81,"values":[0.9999,0.0145,0.0081,0,-0.0144,0.9999,-0.0035,0,-0.0081,0.0034,1,0,0.0062,19.525,-2.4818,1]},
{"frame":82,"values":[0.9998,0.0159,0.0097,0,-0.0159,0.9999,-0.0042,0,-0.0097,0.0041,0.9999,0,0.0062,19.525,-2.4818,1]},
{"frame":83,"values":[0.9998,0.0174,0.0113,0,-0.0173,0.9998,-0.0049,0,-0.0114,0.0047,0.9999,0,0.0062,19.525,-2.4818,1]},
{"frame":84,"values":[0.9997,0.0188,0.0129,0,-0.0187,0.9998,-0.0056,0,-0.013,0.0054,0.9999,0,0.0062,19.525,-2.4818,1]},
{"frame":85,"values":[0.9997,0.0203,0.0145,0,-0.0202,0.9998,-0.0063,0,-0.0146,0.006,0.9999,0,0.0062,19.525,-2.4818,1]},
{"frame":86,"values":[0.9996,0.0217,0.0161,0,-0.0216,0.9997,-0.007,0,-0.0162,0.0067,0.9998,0,0.0062,19.525,-2.4818,1]},
{"frame":87,"values":[0.9996,0.0218,0.0178,0,-0.0216,0.9997,-0.0075,0,-0.0179,0.0072,0.9998,0,0.0062,19.525,-2.4818,1]}],"loopBehavior":1,"name":"anim","property":"_matrix"}},
{"name":"mixamorig:Spine1","index":2,"matrix":[0.9998,0.017,0.013,0,-0.0168,0.9997,-0.0198,0,-0.0133,0.0196,0.9997,0,-0.0009,22.835,-2.8254,1],"rest":[1,0,0,0,0,1,0,0,0,0,1,0,-0.0009,22.835,-2.8254,1],"parentBoneIndex":1,"length":26.7438
,"animation":{"dataType":3,"framePerSecond":24,"keys":[
{"frame":1,"values":[0.9998,0.017,0.013,0,-0.0168,0.9997,-0.0198,0,-0.0133,0.0196,0.9997,0,-0.0009,22.835,-2.8254,1]},
{"frame":2,"values":[0.9998,0.0168,0.0143,0,-0.0165,0.9997,-0.0201,0,-0.0146,0.0199,0.9997,0,-0.0009,22.835,-2.8254,1]},
{"frame":3,"values":[0.9998,0.0161,0.0151,0,-0.0159,0.9997,-0.0182,0,-0.0154,0.018,0.9997,0,-0.0009,22.835,-2.8254,1]},
{"frame":4,"values":[0.9998,0.0147,0.0148,0,-0.0144,0.9998,-0.0163,0,-0.0151,0.0161,0.9998,0,-0.0009,22.835,-2.8254,1]},
{"frame":5,"values":[0.9998,0.0122,0.0126,0,-0.012,0.9998,-0.0144,0,-0.0128,0.0143,0.9998,0,-0.0009,22.835,-2.8254,1]},
{"frame":6,"values":[0.9999,0.0093,0.0072,0,-0.0092,0.9999,-0.0125,0,-0.0074,0.0125,0.9999,0,-0.0009,22.835,-2.8254,1]},
{"frame":7,"values":[1,0.0063,0.0002,0,-0.0063,0.9999,-0.0107,0,-0.0003,0.0107,0.9999,0,-0.0009,22.835,-2.8254,1]},
{"frame":8,"values":[1,0.004,-0.0075,0,-0.0041,1,-0.0089,0,0.0075,0.009,0.9999,0,-0.0009,22.835,-2.8254,1]},
{"frame":9,"values":[0.9999,0.0017,-0.0143,0,-0.0018,1,-0.0071,0,0.0143,0.0072,0.9999,0,-0.0009,22.835,-2.8254,1]},
{"frame":10,"values":[0.9998,-0.0005,-0.0185,0,0.0004,1,-0.0053,0,0.0185,0.0053,0.9998,0,-0.0009,22.835,-2.8254,1]},
{"frame":11,"values":[0.9998,-0.0028,-0.0195,0,0.0027,1,-0.0056,0,0.0195,0.0055,0.9998,0,-0.0009,22.835,-2.8254,1]},
{"frame":12,"values":[0.9998,-0.0051,-0.0172,0,0.005,1,-0.0059,0,0.0172,0.0058,0.9998,0,-0.0009,22.835,-2.8254,1]},
{"frame":13,"values":[0.9999,-0.0073,-0.0127,0,0.0073,1,-0.0059,0,0.0128,0.0058,0.9999,0,-0.0009,22.835,-2.8254,1]},
{"frame":14,"values":[0.9999,-0.0096,-0.0072,0,0.0096,0.9999,-0.0054,0,0.0072,0.0053,1,0,-0.0009,22.835,-2.8254,1]},
{"frame":15,"values":[0.9999,-0.0119,-0.0027,0,0.0118,0.9999,-0.0035,0,0.0028,0.0035,1,0,-0.0009,22.835,-2.8254,1]},
{"frame":16,"values":[0.9999,-0.0141,0.0017,0,0.0141,0.9999,-0.0017,0,-0.0017,0.0017,1,0,-0.0009,22.835,-2.8254,1]},
{"frame":17,"values":[0.9998,-0.0164,0.0061,0,0.0164,0.9999,0.0002,0,-0.0061,-0.0001,1,0,-0.0009,22.835,-2.8254,1]},
{"frame":18,"values":[0.9998,-0.0186,0.0106,0,0.0186,0.9998,0.0021,0,-0.0106,-0.0019,0.9999,0,-0.0009,22.835,-2.8254,1]},
{"frame":19,"values":[0.9997,-0.0209,0.015,0,0.0208,0.9998,0.004,0,-0.0151,-0.0037,0.9999,0,-0.0009,22.835,-2.8254,1]},
{"frame":20,"values":[0.9995,-0.0232,0.0194,0,0.0231,0.9997,0.0059,0,-0.0195,-0.0055,0.9998,0,-0.0009,22.835,-2.8254,1]},
{"frame":21,"values":[0.9994,-0.0255,0.0238,0,0.0253,0.9996,0.0078,0,-0.024,-0.0072,0.9997,0,-0.0009,22.835,-2.8254,1]},
{"frame":22,"values":[0.9994,-0.0277,0.0228,0,0.0275,0.9996,0.0097,0,-0.023,-0.0091,0.9997,0,-0.0009,22.835,-2.8254,1]},
{"frame":23,"values":[0.9993,-0.03,0.0217,0,0.0298,0.9995,0.0116,0,-0.022,-0.011,0.9997,0,-0.0009,22.835,-2.8254,1]},
{"frame":24,"values":[0.9993,-0.0323,0.0206,0,0.032,0.9994,0.0135,0,-0.021,-0.0128,0.9997,0,-0.0009,22.835,-2.8254,1]},
{"frame":25,"values":[0.9993,-0.0313,0.0195,0,0.031,0.9994,0.013,0,-0.0199,-0.0124,0.9997,0,-0.0009,22.835,-2.8254,1]},
{"frame":26,"values":[0.9993,-0.0303,0.0199,0,0.03,0.9995,0.0125,0,-0.0202,-0.0119,0.9997,0,-0.0009,22.835,-2.8254,1]},
{"frame":27,"values":[0.9994,-0.0293,0.0202,0,0.029,0.9995,0.0119,0,-0.0205,-0.0114,0.9997,0,-0.0009,22.835,-2.8254,1]},
{"frame":28,"values":[0.9994,-0.0283,0.0205,0,0.028,0.9995,0.0114,0,-0.0208,-0.0108,0.9997,0,-0.0009,22.835,-2.8254,1]},
{"frame":29,"values":[0.9994,-0.0272,0.02,0,0.027,0.9996,0.0109,0,-0.0203,-0.0104,0.9997,0,-0.0009,22.835,-2.8254,1]},
{"frame":30,"values":[0.9995,-0.0262,0.0195,0,0.026,0.9996,0.0111,0,-0.0198,-0.0106,0.9997,0,-0.0009,22.835,-2.8254,1]},
{"frame":31,"values":[0.9995,-0.0252,0.019,0,0.025,0.9996,0.0113,0,-0.0193,-0.0108,0.9998,0,-0.0009,22.835,-2.8254,1]},
{"frame":32,"values":[0.9995,-0.0242,0.0186,0,0.024,0.9996,0.0115,0,-0.0188,-0.011,0.9998,0,-0.0009,22.835,-2.8254,1]},
{"frame":33,"values":[0.9996,-0.0232,0.0188,0,0.023,0.9997,0.0117,0,-0.019,-0.0113,0.9998,0,-0.0009,22.835,-2.8254,1]},
{"frame":34,"values":[0.9996,-0.0222,0.019,0,0.022,0.9997,0.0119,0,-0.0192,-0.0115,0.9997,0,-0.0009,22.835,-2.8254,1]},
{"frame":35,"values":[0.9996,-0.0212,0.0192,0,0.021,0.9997,0.0113,0,-0.0194,-0.0108,0.9998,0,-0.0009,22.835,-2.8254,1]},
{"frame":36,"values":[0.9996,-0.0202,0.0194,0,0.02,0.9997,0.0106,0,-0.0196,-0.0102,0.9998,0,-0.0009,22.835,-2.8254,1]},
{"frame":37,"values":[0.9996,-0.0192,0.0196,0,0.019,0.9998,0.01,0,-0.0198,-0.0096,0.9998,0,-0.0009,22.835,-2.8254,1]},
{"frame":38,"values":[0.9997,-0.0182,0.0191,0,0.018,0.9998,0.0094,0,-0.0192,-0.009,0.9998,0,-0.0009,22.835,-2.8254,1]},
{"frame":39,"values":[0.9997,-0.0172,0.0185,0,0.017,0.9998,0.0087,0,-0.0187,-0.0084,0.9998,0,-0.0009,22.835,-2.8254,1]},
{"frame":40,"values":[0.9997,-0.0162,0.018,0,0.016,0.9998,0.0081,0,-0.0181,-0.0078,0.9998,0,-0.0009,22.835,-2.8254,1]},
{"frame":41,"values":[0.9997,-0.0152,0.0175,0,0.0151,0.9999,0.0075,0,-0.0176,-0.0072,0.9998,0,-0.0009,22.835,-2.8254,1]},
{"frame":42,"values":[0.9998,-0.0142,0.017,0,0.0141,0.9999,0.0068,0,-0.0171,-0.0066,0.9998,0,-0.0009,22.835,-2.8254,1]},
{"frame":43,"values":[0.9998,-0.0132,0.0164,0,0.0131,0.9999,0.0062,0,-0.0165,-0.006,0.9998,0,-0.0009,22.835,-2.8254,1]},
{"frame":44,"values":[0.9998,-0.0122,0.0159,0,0.0121,0.9999,0.0056,0,-0.016,-0.0054,0.9999,0,-0.0009,22.835,-2.8254,1]},
{"frame":45,"values":[0.9998,-0.0112,0.0154,0,0.0111,0.9999,0.005,0,-0.0154,-0.0048,0.9999,0,-0.0009,22.835,-2.8254,1]},
{"frame":46,"values":[0.9998,-0.0102,0.0157,0,0.0101,0.9999,0.0043,0,-0.0157,-0.0042,0.9999,0,-0.0009,22.835,-2.8254,1]},
{"frame":47,"values":[0.9998,-0.0092,0.016,0,0.0091,0.9999,0.0043,0,-0.016,-0.0042,0.9999,0,-0.0009,22.835,-2.8254,1]},
{"frame":48,"values":[0.9998,-0.0082,0.0163,0,0.0081,1,0.0034,0,-0.0163,-0.0033,0.9999,0,-0.0009,22.835,-2.8254,1]},
{"frame":49,"values":[0.9998,-0.0071,0.0166,0,0.0071,1,0.0025,0,-0.0166,-0.0023,0.9999,0,-0.0009,22.835,-2.8254,1]},
{"frame":50,"values":[0.9998,-0.0061,0.0169,0,0.0061,1,0.0015,0,-0.0169,-0.0014,0.9999,0,-0.0009,22.835,-2.8254,1]},
{"frame":51,"values":[0.9998,-0.0051,0.0172,0,0.0051,1,0.0006,0,-0.0172,-0.0005,0.9999,0,-0.0009,22.835,-2.8254,1]},
{"frame":52,"values":[0.9999,-0.0041,0.0162,0,0.0041,1,-0.0004,0,-0.0162,0.0004,0.9999,0,-0.0009,22.835,-2.8254,1]},
{"frame":53,"values":[0.9999,-0.0031,0.0153,0,0.0031,1,-0.0013,0,-0.0153,0.0014,0.9999,0,-0.0009,22.835,-2.8254,1]},
{"frame":54,"values":[0.9999,-0.0021,0.0143,0,0.0021,1,-0.0023,0,-0.0143,0.0023,0.9999,0,-0.0009,22.835,-2.8254,1]},
{"frame":55,"values":[0.9999,-0.0011,0.0133,0,0.0011,1,-0.0032,0,-0.0133,0.0032,0.9999,0,-0.0009,22.835,-2.8254,1]},
{"frame":56,"values":[0.9999,-0.0001,0.0124,0,0.0002,1,-0.0042,0,-0.0124,0.0042,0.9999,0,-0.0009,22.835,-2.8254,1]},
{"frame":57,"values":[0.9999,0.0009,0.0114,0,-0.0008,1,-0.0051,0,-0.0114,0.0051,0.9999,0,-0.0009,22.835,-2.8254,1]},
{"frame":58,"values":[0.9999,0.0019,0.0104,0,-0.0018,1,-0.006,0,-0.0104,0.006,0.9999,0,-0.0009,22.835,-2.8254,1]},
{"frame":59,"values":[1,0.0029,0.0094,0,-0.0029,1,-0.006,0,-0.0095,0.006,0.9999,0,-0.0009,22.835,-2.8254,1]},
{"frame":60,"values":[1,0.0039,0.0085,0,-0.0039,1,-0.0065,0,-0.0085,0.0065,0.9999,0,-0.0009,22.835,-2.8254,1]},
{"frame":61,"values":[1,0.0049,0.0075,0,-0.0049,1,-0.007,0,-0.0075,0.007,0.9999,0,-0.0009,22.835,-2.8254,1]},
{"frame":62,"values":[1,0.0059,0.0065,0,-0.0059,1,-0.0075,0,-0.0066,0.0075,1,0,-0.0009,22.835,-2.8254,1]},
{"frame":63,"values":[1,0.0069,0.0055,0,-0.0069,0.9999,-0.008,0,-0.0056,0.008,1,0,-0.0009,22.835,-2.8254,1]},
{"frame":64,"values":[1,0.0079,0.0046,0,-0.0079,0.9999,-0.0085,0,-0.0046,0.0085,1,0,-0.0009,22.835,-2.8254,1]},
{"frame":65,"values":[1,0.0089,0.0036,0,-0.0089,0.9999,-0.009,0,-0.0037,0.0089,1,0,-0.0009,22.835,-2.8254,1]},
{"frame":66,"values":[1,0.0089,0.0026,0,-0.0088,0.9999,-0.0095,0,-0.0027,0.0094,1,0,-0.0009,22.835,-2.8254,1]},
{"frame":67,"values":[1,0.0088,0.0017,0,-0.0088,0.9999,-0.01,0,-0.0017,0.0099,0.9999,0,-0.0009,22.835,-2.8254,1]},
{"frame":68,"values":[1,0.0087,0.0007,0,-0.0087,0.9999,-0.0105,0,-0.0008,0.0104,0.9999,0,-0.0009,22.835,-2.8254,1]},
{"frame":69,"values":[1,0.0091,-0.0003,0,-0.0091,0.9999,-0.0109,0,0.0002,0.0109,0.9999,0,-0.0009,22.835,-2.8254,1]},
{"frame":70,"values":[1,0.0096,-0.0013,0,-0.0096,0.9999,-0.0114,0,0.0011,0.0115,0.9999,0,-0.0009,22.835,-2.8254,1]},
{"frame":71,"values":[0.9999,0.0101,-0.0022,0,-0.0101,0.9999,-0.0119,0,0.0021,0.012,0.9999,0,-0.0009,22.835,-2.8254,1]},
{"frame":72,"values":[0.9999,0.0105,-0.0032,0,-0.0106,0.9999,-0.0124,0,0.0031,0.0125,0.9999,0,-0.0009,22.835,-2.8254,1]},
{"frame":73,"values":[0.9999,0.011,-0.0042,0,-0.011,0.9999,-0.0129,0,0.004,0.013,0.9999,0,-0.0009,22.835,-2.8254,1]},
{"frame":74,"values":[0.9999,0.0114,-0.0029,0,-0.0115,0.9998,-0.0134,0,0.0028,0.0134,0.9999,0,-0.0009,22.835,-2.8254,1]},
{"frame":75,"values":[0.9999,0.0119,-0.0017,0,-0.0119,0.9998,-0.0139,0,0.0016,0.0139,0.9999,0,-0.0009,22.835,-2.8254,1]},
{"frame":76,"values":[0.9999,0.0124,-0.0005,0,-0.0124,0.9998,-0.0144,0,0.0003,0.0144,0.9999,0,-0.0009,22.835,-2.8254,1]},
{"frame":77,"values":[0.9999,0.0128,0.0007,0,-0.0128,0.9998,-0.0149,0,-0.0009,0.0149,0.9999,0,-0.0009,22.835,-2.8254,1]},
{"frame":78,"values":[0.9999,0.0133,0.0019,0,-0.0132,0.9998,-0.0154,0,-0.0021,0.0153,0.9999,0,-0.0009,22.835,-2.8254,1]},
{"frame":79,"values":[0.9999,0.0137,0.0032,0,-0.0137,0.9998,-0.0159,0,-0.0034,0.0158,0.9999,0,-0.0009,22.835,-2.8254,1]},
{"frame":80,"values":[0.9999,0.0142,0.0044,0,-0.0141,0.9998,-0.0163,0,-0.0046,0.0163,0.9999,0,-0.0009,22.835,-2.8254,1]},
{"frame":81,"values":[0.9999,0.0146,0.0056,0,-0.0146,0.9998,-0.0168,0,-0.0059,0.0168,0.9998,0,-0.0009,22.835,-2.8254,1]},
{"frame":82,"values":[0.9999,0.0151,0.0068,0,-0.015,0.9997,-0.0173,0,-0.0071,0.0172,0.9998,0,-0.0009,22.835,-2.8254,1]},
{"frame":83,"values":[0.9998,0.0156,0.008,0,-0.0154,0.9997,-0.0178,0,-0.0083,0.0177,0.9998,0,-0.0009,22.835,-2.8254,1]},
{"frame":84,"values":[0.9998,0.016,0.0093,0,-0.0159,0.9997,-0.0183,0,-0.0096,0.0182,0.9998,0,-0.0009,22.835,-2.8254,1]},
{"frame":85,"values":[0.9998,0.0165,0.0105,0,-0.0163,0.9997,-0.0188,0,-0.0108,0.0186,0.9998,0,-0.0009,22.835,-2.8254,1]},
{"frame":86,"values":[0.9998,0.017,0.0117,0,-0.0167,0.9997,-0.0193,0,-0.012,0.0191,0.9997,0,-0.0009,22.835,-2.8254,1]},
{"frame":87,"values":[0.9998,0.017,0.013,0,-0.0168,0.9997,-0.0198,0,-0.0133,0.0196,0.9997,0,-0.0009,22.835,-2.8254,1]}],"loopBehavior":1,"name":"anim","property":"_matrix"}},
{"name":"mixamorig:Spine2","index":3,"matrix":[0.9998,0.0174,0.0123,0,-0.0172,0.9997,-0.0199,0,-0.0126,0.0196,0.9997,0,-0.0206,26.5525,-3.1933,1],"rest":[1,0,0,0,0,1,0,0,0,0,1,0,-0.0206,26.5525,-3.1933,1],"parentBoneIndex":2,"length":24.825
,"animation":{"dataType":3,"framePerSecond":24,"keys":[
{"frame":1,"values":[0.9998,0.0174,0.0123,0,-0.0172,0.9997,-0.0199,0,-0.0126,0.0196,0.9997,0,-0.0206,26.5525,-3.1933,1]},
{"frame":2,"values":[0.9998,0.0173,0.0136,0,-0.017,0.9997,-0.0201,0,-0.0139,0.0199,0.9997,0,-0.0206,26.5525,-3.1933,1]},
{"frame":3,"values":[0.9998,0.0166,0.0145,0,-0.0163,0.9997,-0.0197,0,-0.0148,0.0195,0.9997,0,-0.0206,26.5525,-3.1933,1]},
{"frame":4,"values":[0.9998,0.0151,0.0143,0,-0.0149,0.9997,-0.0178,0,-0.0145,0.0175,0.9997,0,-0.0206,26.5525,-3.1933,1]},
{"frame":5,"values":[0.9998,0.0126,0.0122,0,-0.0124,0.9998,-0.0158,0,-0.0124,0.0156,0.9998,0,-0.0206,26.5525,-3.1933,1]},
{"frame":6,"values":[0.9999,0.0095,0.0069,0,-0.0095,0.9999,-0.0125,0,-0.007,0.0125,0.9999,0,-0.0206,26.5525,-3.1933,1]},
{"frame":7,"values":[1,0.0063,0,0,-0.0063,0.9999,-0.0094,0,-0.0001,0.0094,1,0,-0.0206,26.5525,-3.1933,1]},
{"frame":8,"values":[1,0.004,-0.0076,0,-0.0041,1,-0.0076,0,0.0075,0.0076,0.9999,0,-0.0206,26.5525,-3.1933,1]},
{"frame":9,"values":[0.9999,0.0018,-0.0143,0,-0.0019,1,-0.0057,0,0.0143,0.0058,0.9999,0,-0.0206,26.5525,-3.1933,1]},
{"frame":10,"values":[0.9998,-0.0004,-0.0185,0,0.0003,1,-0.0054,0,0.0185,0.0054,0.9998,0,-0.0206,26.5525,-3.1933,1]},
{"frame":11,"values":[0.9998,-0.0027,-0.0194,0,0.0026,1,-0.0056,0,0.0195,0.0056,0.9998,0,-0.0206,26.5525,-3.1933,1]},
{"frame":12,"values":[0.9998,-0.0049,-0.0171,0,0.0048,1,-0.0059,0,0.0171,0.0058,0.9998,0,-0.0206,26.5525,-3.1933,1]},
{"frame":13,"values":[0.9999,-0.0071,-0.0126,0,0.0071,1,-0.0059,0,0.0127,0.0058,0.9999,0,-0.0206,26.5525,-3.1933,1]},
{"frame":14,"values":[0.9999,-0.0094,-0.007,0,0.0093,0.9999,-0.0041,0,0.0071,0.0041,1,0,-0.0206,26.5525,-3.1933,1]},
{"frame":15,"values":[0.9999,-0.0116,-0.0025,0,0.0116,0.9999,-0.0024,0,0.0025,0.0024,1,0,-0.0206,26.5525,-3.1933,1]},
{"frame":16,"values":[0.9999,-0.0138,0.002,0,0.0138,0.9999,-0.0007,0,-0.002,0.0007,1,0,-0.0206,26.5525,-3.1933,1]},
{"frame":17,"values":[0.9999,-0.016,0.0065,0,0.016,0.9999,0.0011,0,-0.0066,-0.001,1,0,-0.0206,26.5525,-3.1933,1]},
{"frame":18,"values":[0.9998,-0.0183,0.0111,0,0.0182,0.9998,0.0028,0,-0.0111,-0.0026,0.9999,0,-0.0206,26.5525,-3.1933,1]},
{"frame":19,"values":[0.9997,-0.0205,0.0156,0,0.0204,0.9998,0.0046,0,-0.0157,-0.0043,0.9999,0,-0.0206,26.5525,-3.1933,1]},
{"frame":20,"values":[0.9995,-0.0227,0.0201,0,0.0226,0.9997,0.0064,0,-0.0202,-0.0059,0.9998,0,-0.0206,26.5525,-3.1933,1]},
{"frame":21,"values":[0.9994,-0.025,0.0246,0,0.0248,0.9997,0.0081,0,-0.0248,-0.0075,0.9997,0,-0.0206,26.5525,-3.1933,1]},
{"frame":22,"values":[0.9994,-0.0272,0.0235,0,0.027,0.9996,0.0099,0,-0.0238,-0.0093,0.9997,0,-0.0206,26.5525,-3.1933,1]},
{"frame":23,"values":[0.9993,-0.0295,0.0225,0,0.0292,0.9995,0.0117,0,-0.0228,-0.011,0.9997,0,-0.0206,26.5525,-3.1933,1]},
{"frame":24,"values":[0.9993,-0.0317,0.0215,0,0.0314,0.9994,0.0134,0,-0.0219,-0.0127,0.9997,0,-0.0206,26.5525,-3.1933,1]},
{"frame":25,"values":[0.9993,-0.0307,0.0204,0,0.0304,0.9995,0.0129,0,-0.0208,-0.0123,0.9997,0,-0.0206,26.5525,-3.1933,1]},
{"frame":26,"values":[0.9993,-0.0297,0.0207,0,0.0295,0.9995,0.0124,0,-0.0211,-0.0118,0.9997,0,-0.0206,26.5525,-3.1933,1]},
{"frame":27,"values":[0.9994,-0.0287,0.0211,0,0.0285,0.9995,0.0119,0,-0.0214,-0.0112,0.9997,0,-0.0206,26.5525,-3.1933,1]},
{"frame":28,"values":[0.9994,-0.0277,0.0214,0,0.0275,0.9996,0.0113,0,-0.0217,-0.0107,0.9997,0,-0.0206,26.5525,-3.1933,1]},
{"frame":29,"values":[0.9994,-0.0267,0.0209,0,0.0265,0.9996,0.0108,0,-0.0212,-0.0103,0.9997,0,-0.0206,26.5525,-3.1933,1]},
{"frame":30,"values":[0.9995,-0.0258,0.0204,0,0.0255,0.9996,0.011,0,-0.0207,-0.0105,0.9997,0,-0.0206,26.5525,-3.1933,1]},
{"frame":31,"values":[0.9995,-0.0248,0.0199,0,0.0245,0.9996,0.0112,0,-0.0202,-0.0107,0.9997,0,-0.0206,26.5525,-3.1933,1]},
{"frame":32,"values":[0.9995,-0.0238,0.0194,0,0.0236,0.9997,0.0114,0,-0.0197,-0.011,0.9997,0,-0.0206,26.5525,-3.1933,1]},
{"frame":33,"values":[0.9995,-0.0228,0.0196,0,0.0226,0.9997,0.0116,0,-0.0198,-0.0112,0.9997,0,-0.0206,26.5525,-3.1933,1]},
{"frame":34,"values":[0.9996,-0.0218,0.0198,0,0.0216,0.9997,0.0118,0,-0.02,-0.0114,0.9997,0,-0.0206,26.5525,-3.1933,1]},
{"frame":35,"values":[0.9996,-0.0208,0.0199,0,0.0206,0.9997,0.0112,0,-0.0202,-0.0108,0.9997,0,-0.0206,26.5525,-3.1933,1]},
{"frame":36,"values":[0.9996,-0.0198,0.0201,0,0.0196,0.9998,0.0106,0,-0.0203,-0.0102,0.9997,0,-0.0206,26.5525,-3.1933,1]},
{"frame":37,"values":[0.9996,-0.0188,0.0203,0,0.0186,0.9998,0.0099,0,-0.0205,-0.0095,0.9997,0,-0.0206,26.5525,-3.1933,1]},
{"frame":38,"values":[0.9996,-0.0178,0.0198,0,0.0177,0.9998,0.0093,0,-0.0199,-0.0089,0.9998,0,-0.0206,26.5525,-3.1933,1]},
{"frame":39,"values":[0.9997,-0.0168,0.0193,0,0.0167,0.9998,0.0087,0,-0.0194,-0.0083,0.9998,0,-0.0206,26.5525,-3.1933,1]},
{"frame":40,"values":[0.9997,-0.0158,0.0187,0,0.0157,0.9998,0.008,0,-0.0189,-0.0077,0.9998,0,-0.0206,26.5525,-3.1933,1]},
{"frame":41,"values":[0.9997,-0.0149,0.0182,0,0.0147,0.9999,0.0074,0,-0.0183,-0.0071,0.9998,0,-0.0206,26.5525,-3.1933,1]},
{"frame":42,"values":[0.9997,-0.0139,0.0177,0,0.0137,0.9999,0.0068,0,-0.0178,-0.0065,0.9998,0,-0.0206,26.5525,-3.1933,1]},
{"frame":43,"values":[0.9998,-0.0129,0.0172,0,0.0128,0.9999,0.0061,0,-0.0173,-0.0059,0.9998,0,-0.0206,26.5525,-3.1933,1]},
{"frame":44,"values":[0.9998,-0.0119,0.0167,0,0.0118,0.9999,0.0055,0,-0.0167,-0.0053,0.9998,0,-0.0206,26.5525,-3.1933,1]},
{"frame":45,"values":[0.9998,-0.0109,0.0161,0,0.0108,0.9999,0.0049,0,-0.0162,-0.0047,0.9999,0,-0.0206,26.5525,-3.1933,1]},
{"frame":46,"values":[0.9998,-0.0099,0.0156,0,0.0098,0.9999,0.0042,0,-0.0157,-0.0041,0.9999,0,-0.0206,26.5525,-3.1933,1]},
{"frame":47,"values":[0.9998,-0.0089,0.0159,0,0.0089,1,0.0042,0,-0.016,-0.0041,0.9999,0,-0.0206,26.5525,-3.1933,1]},
{"frame":48,"values":[0.9998,-0.0079,0.0163,0,0.0079,1,0.0033,0,-0.0163,-0.0032,0.9999,0,-0.0206,26.5525,-3.1933,1]},
{"frame":49,"values":[0.9998,-0.0069,0.0166,0,0.0069,1,0.0024,0,-0.0166,-0.0023,0.9999,0,-0.0206,26.5525,-3.1933,1]},
{"frame":50,"values":[0.9998,-0.0059,0.0169,0,0.0059,1,0.0014,0,-0.0169,-0.0013,0.9999,0,-0.0206,26.5525,-3.1933,1]},
{"frame":51,"values":[0.9998,-0.005,0.0172,0,0.0049,1,0.0005,0,-0.0172,-0.0004,0.9999,0,-0.0206,26.5525,-3.1933,1]},
{"frame":52,"values":[0.9999,-0.004,0.0162,0,0.004,1,-0.0004,0,-0.0162,0.0005,0.9999,0,-0.0206,26.5525,-3.1933,1]},
{"frame":53,"values":[0.9999,-0.003,0.0152,0,0.003,1,-0.0014,0,-0.0152,0.0014,0.9999,0,-0.0206,26.5525,-3.1933,1]},
{"frame":54,"values":[0.9999,-0.002,0.0142,0,0.002,1,-0.0023,0,-0.0142,0.0023,0.9999,0,-0.0206,26.5525,-3.1933,1]},
