{"producer":{"name":"Blender","version":"2.90.0","exporter_version":"6.4.4","file":"die.babylon"},
"autoClear":true,"clearColor":[0.0509,0.0509,0.0509],"gravity":[0,-9.81,0],
"materials":[{"name":"Material","id":"Material","customType":"BABYLON.PBRMaterial","backFaceCulling":true,"checkReadyOnlyOnce":false,"maxSimultaneousLights":4,"environmentIntensity":1,"albedo":[0.8,0.8,0.8],"reflectivity":[0.5,0.5,0.5],"roughness":0.4,"alpha":1,"transparencyMode":0,"alphaCutOff":0.4,"metallic":0}],
"multiMaterials":[],
"skeletons":[{"name":"Armature","id":0,"dimensionsAtRest":[180.6981,191.5439,26.6006],"bones":[
{"name":"mixamorig:Hips","index":0,"matrix":[0.9709,0.2146,0.1066,0,-0.0785,-0.1352,0.9877,0,-0.2264,0.9673,0.1144,0,3.5617,14.6634,125.7669,1],"rest":[1,0,0,0,0,1,0,0,0,0,-1,0,0,103.9915,0,1],"parentBoneIndex":-1,"length":10.5593
,"animation":{"dataType":3,"framePerSecond":24,"keys":[
{"frame":1,"values":[0.5827,-0.018,-0.8125,0,-0.1191,0.9871,-0.1072,0,-0.8039,-0.1593,-0.573,0,-0.8451,88.1511,-0.7027,1]},
{"frame":2,"values":[0.6292,-0.0008,-0.7772,0,-0.1047,0.9908,-0.0858,0,-0.7702,-0.1353,-0.6233,0,-0.5829,87.1496,4.5352,1]},
{"frame":3,"values":[0.7144,0.023,-0.6993,0,-0.0131,0.9997,0.0195,0,-0.6996,0.0048,-0.7145,0,-1.6662,86.819,9.3775,1]},
{"frame":4,"values":[0.8035,0.0294,-0.5945,0,0.0883,0.9818,0.168,0,-0.5886,0.1875,-0.7863,0,-3.0169,87.6036,13.3832,1]},
{"frame":5,"values":[0.8204,0.0463,-0.57,0,0.118,0.9616,0.2478,0,-0.5595,0.2706,-0.7834,0,-4.3304,89.2837,16.4958,1]},
{"frame":6,"values":[0.8119,0.0601,-0.5807,0,0.1168,0.9579,0.2624,0,-0.572,0.2809,-0.7707,0,-5.1271,90.6594,18.3754,1]},
{"frame":7,"values":[0.8062,0.0669,-0.5878,0,0.1079,0.9603,0.2573,0,-0.5817,0.2708,-0.767,0,-5.7435,91.9528,19.8772,1]},
{"frame":8,"values":[0.7992,0.068,-0.5973,0,0.0992,0.9651,0.2425,0,-0.5929,0.253,-0.7645,0,-6.2127,92.8136,21.1489,1]},
{"frame":9,"values":[0.7907,0.0678,-0.6084,0,0.0902,0.9701,0.2253,0,-0.6055,0.2331,-0.761,0,-6.6374,93.5679,22.4211,1]},
{"frame":10,"values":[0.7818,0.0665,-0.62,0,0.0816,0.9748,0.2075,0,-0.6181,0.2128,-0.7567,0,-7.0026,94.2136,23.684,1]},
{"frame":11,"values":[0.7733,0.0644,-0.6308,0,0.0741,0.9788,0.1908,0,-0.6297,0.1943,-0.7521,0,-7.3143,94.7415,24.9077,1]},
{"frame":12,"values":[0.7663,0.0623,-0.6395,0,0.0683,0.9817,0.1775,0,-0.6389,0.1797,-0.748,0,-7.5998,95.1583,26.1004,1]},
{"frame":13,"values":[0.7616,0.0609,-0.6451,0,0.0648,0.9834,0.1693,0,-0.6448,0.1708,-0.7451,0,-7.8814,95.4683,27.2676,1]},
{"frame":14,"values":[0.7602,0.0601,-0.6469,0,0.0648,0.9837,0.1675,0,-0.6465,0.1692,-0.7439,0,-8.1528,95.6139,28.3907,1]},
{"frame":15,"values":[0.7611,0.0594,-0.6459,0,0.068,0.983,0.1705,0,-0.645,0.1737,-0.7442,0,-8.3944,95.5702,29.4569,1]},
{"frame":16,"values":[0.7611,0.0601,-0.6458,0,0.0693,0.9825,0.1732,0,-0.6449,0.1766,-0.7436,0,-8.5561,95.4489,30.4182,1]},
{"frame":17,"values":[0.7602,0.0609,-0.6468,0,0.0695,0.9823,0.1742,0,-0.6459,0.1773,-0.7425,0,-8.6887,95.3211,31.3291,1]},
{"frame":18,"values":[0.7588,0.065,-0.6481,0,0.0683,0.9816,0.1784,0,-0.6477,0.1796,-0.7404,0,-8.817,95.1544,32.2544,1]},
{"frame":19,"values":[0.757,0.0756,-0.649,0,0.0656,0.9795,0.1906,0,-0.6501,0.1869,-0.7365,0,-8.968,94.9125,33.2646,1]},
{"frame":20,"values":[0.7539,0.0905,-0.6508,0,0.0617,0.9763,0.2072,0,-0.6541,0.1964,-0.7304,0,-9.1674,94.6397,34.2938,1]},
{"frame":21,"values":[0.7484,0.1043,-0.6549,0,0.0572,0.9737,0.2204,0,-0.6607,0.2024,-0.7228,0,-9.388,94.3136,35.2993,1]},
{"frame":22,"values":[0.7411,0.1174,-0.661,0,0.0521,0.9716,0.231,0,-0.6694,0.2057,-0.7139,0,-9.574,93.7593,36.4351,1]},
{"frame":23,"values":[0.7323,0.1306,-0.6683,0,0.0466,0.9695,0.2406,0,-0.6794,0.2073,-0.7039,0,-9.6929,92.987,37.7254,1]},
{"frame":24,"values":[0.7225,0.1443,-0.6762,0,0.0408,0.9674,0.25,0,-0.6902,0.2082,-0.693,0,-9.7805,92.2728,38.9857,1]},
{"frame":25,"values":[0.7121,0.159,-0.6838,0,0.0349,0.9648,0.2607,0,-0.7012,0.2095,-0.6815,0,-9.8438,91.4343,40.3292,1]},
{"frame":26,"values":[0.7018,0.1755,-0.6905,0,0.0289,0.9614,0.2737,0,-0.7118,0.2121,-0.6696,0,-9.8689,90.2455,41.8995,1]},
{"frame":27,"values":[0.6919,0.1945,-0.6953,0,0.023,0.9566,0.2904,0,-0.7216,0.2169,-0.6574,0,-9.8627,88.4869,43.8322,1]},
{"frame":28,"values":[0.683,0.2166,-0.6975,0,0.0173,0.95,0.3118,0,-0.7302,0.2251,-0.6451,0,-9.8773,85.9689,46.248,1]},
{"frame":29,"values":[0.6757,0.242,-0.6963,0,0.0121,0.9408,0.3387,0,-0.7371,0.2374,-0.6328,0,-9.9792,82.9535,48.959,1]},
{"frame":30,"values":[0.6704,0.2712,-0.6907,0,0.0078,0.9282,0.372,0,-0.742,0.2548,-0.6202,0,-10.1917,79.632,51.8331,1]},
{"frame":31,"values":[0.6677,0.3051,-0.679,0,0.0038,0.9107,0.413,0,-0.7444,0.2783,-0.607,0,-10.4851,75.897,54.979,1]},
{"frame":32,"values":[0.6681,0.3444,-0.6595,0,-0.0004,0.8866,0.4626,0,-0.744,0.3088,-0.5925,0,-10.8369,71.6773,58.5251,1]},
{"frame":33,"values":[0.6724,0.3888,-0.6299,0,-0.0053,0.8534,0.5212,0,-0.7402,0.3471,-0.5759,0,-11.2078,66.7988,62.5285,1]},
{"frame":34,"values":[0.6809,0.435,-0.5892,0,-0.0096,0.8097,0.5868,0,-0.7323,0.3939,-0.5555,0,-11.5051,61.2021,67.0664,1]},
{"frame":35,"values":[0.694,0.4788,-0.5377,0,-0.0117,0.7542,0.6566,0,-0.7199,0.4493,-0.529,0,-11.5996,55.0147,72.2338,1]},
{"frame":36,"values":[0.7266,0.5355,-0.4305,0,-0.0168,0.6402,0.768,0,-0.6869,0.5508,-0.4742,0,-11.2202,45.7987,79.9478,1]},
{"frame":37,"values":[0.7582,0.5775,-0.3026,0,-0.0232,0.4877,0.8727,0,-0.6516,0.6547,-0.3832,0,-10.8345,35.854,87.9336,1]},
{"frame":38,"values":[0.7816,0.5943,-0.1898,0,-0.0116,0.318,0.948,0,-0.6237,0.7387,-0.2554,0,-10.3027,26.724,95.6407,1]},
{"frame":39,"values":[0.7954,0.5953,-0.1134,0,0.0332,0.1441,0.989,0,-0.6051,0.7904,-0.0948,0,-9.6616,19.3301,102.7746,1]},
{"frame":40,"values":[0.8294,0.5561,-0.0539,0,0.0523,0.0187,0.9985,0,-0.5562,0.8309,0.0136,0,-8.4839,16.6691,107.8854,1]},
{"frame":41,"values":[0.8787,0.4774,-0.0044,0,0.0414,-0.0669,0.9969,0,-0.4756,0.8761,0.0785,0,-6.7703,16.2542,111.9069,1]},
{"frame":42,"values":[0.8982,0.4385,0.0326,0,0.0117,-0.0981,0.9951,0,-0.4395,0.8934,0.0933,0,-4.7004,17.7487,115.228,1]},
{"frame":43,"values":[0.9098,0.4102,0.0626,0,-0.0162,-0.1157,0.9932,0,-0.4147,0.9046,0.0986,0,-2.5497,19.5735,118.1934,1]},
{"frame":44,"values":[0.919,0.3861,0.0794,0,-0.0287,-0.1354,0.9904,0,-0.3932,0.9125,0.1134,0,-0.5158,20.8867,120.4345,1]},
{"frame":45,"values":[0.931,0.3538,0.0904,0,-0.0403,-0.1463,0.9884,0,-0.3629,0.9238,0.1219,0,1.2096,20.9905,121.8329,1]},
{"frame":46,"values":[0.945,0.3085,0.1089,0,-0.0624,-0.1567,0.9857,0,-0.3211,0.9382,0.1289,0,2.1866,19.7616,122.7562,1]},
{"frame":47,"values":[0.9596,0.2507,0.1275,0,-0.0855,-0.1717,0.9814,0,-0.2679,0.9527,0.1433,0,2.8846,18.0234,123.423,1]},
{"frame":48,"values":[0.9706,0.1946,0.142,0,-0.1058,-0.1851,0.977,0,-0.2164,0.9633,0.1591,0,3.3992,16.3038,123.9846,1]},
{"frame":49,"values":[0.9761,0.1556,0.1514,0,-0.1203,-0.1931,0.9738,0,-0.1808,0.9688,0.1698,0,3.7525,15.0677,124.5923,1]},
{"frame":50,"values":[0.9773,0.1442,0.1554,0,-0.1259,-0.1952,0.9726,0,-0.1706,0.9701,0.1726,0,3.9157,14.652,125.1014,1]},
{"frame":51,"values":[0.9753,0.1562,0.156,0,-0.1245,-0.1942,0.973,0,-0.1823,0.9684,0.1699,0,3.8436,14.7611,125.2924,1]},
{"frame":52,"values":[0.9728,0.1765,0.1501,0,-0.1162,-0.1886,0.9752,0,-0.2004,0.9661,0.1629,0,3.6769,15.138,125.4707,1]},
{"frame":53,"values":[0.9708,0.1936,0.1419,0,-0.1076,-0.1773,0.9783,0,-0.2145,0.9649,0.1513,0,3.5747,15.3431,125.6056,1]},
{"frame":54,"values":[0.9716,0.1977,0.1297,0,-0.0999,-0.1539,0.983,0,-0.2143,0.9681,0.1298,0,3.5552,14.9779,125.6331,1]},
{"frame":55,"values":[0.9734,0.1962,0.1185,0,-0.0921,-0.1387,0.986,0,-0.2099,0.9707,0.1169,0,3.5852,14.512,125.6759,1]},
{"frame":56,"values":[0.9709,0.2146,0.1066,0,-0.0785,-0.1352,0.9877,0,-0.2264,0.9673,0.1144,0,3.5617,14.6634,125.7669,1]}],"loopBehavior":1,"name":"anim","property":"_matrix"}},
{"name":"mixamorig:Spine","index":1,"matrix":[0.9858,0.1587,-0.0548,0,-0.1362,0.9469,0.2912,0,0.0981,-0.2796,0.9551,0,0,10.1816,0.1315,1],"rest":[1,0,0,0,0,1,0,0,0,0,1,0,0,10.1816,0.1315,1],"parentBoneIndex":0,"length":10.133
,"animation":{"dataType":3,"framePerSecond":24,"keys":[
{"frame":1,"values":[0.9968,-0.0426,-0.0683,0,0.0509,0.9908,0.1254,0,0.0624,-0.1285,0.9897,0,0,10.1816,0.1315,1]},
{"frame":2,"values":[0.996,-0.0588,-0.0678,0,0.0676,0.9883,0.1365,0,0.0589,-0.1406,0.9883,0,0,10.1816,0.1315,1]},
{"frame":3,"values":[0.9948,-0.0768,-0.0673,0,0.0888,0.9759,0.1995,0,0.0504,-0.2045,0.9776,0,0,10.1816,0.1315,1]},
{"frame":4,"values":[0.9946,-0.088,-0.0546,0,0.0992,0.9606,0.2596,0,0.0296,-0.2637,0.9642,0,0,10.1816,0.1315,1]},
{"frame":5,"values":[0.9947,-0.0859,-0.057,0,0.096,0.973,0.21,0,0.0374,-0.2144,0.976,0,0,10.1816,0.1315,1]},
{"frame":6,"values":[0.9956,-0.0708,-0.0616,0,0.0795,0.985,0.1534,0,0.0499,-0.1576,0.9862,0,0,10.1816,0.1315,1]},
{"frame":7,"values":[0.9969,-0.0503,-0.0613,0,0.0563,0.9933,0.1011,0,0.0558,-0.1042,0.993,0,0,10.1816,0.1315,1]},
{"frame":8,"values":[0.9977,-0.0298,-0.0601,0,0.034,0.997,0.0691,0,0.0578,-0.0709,0.9958,0,0,10.1816,0.1315,1]},
{"frame":9,"values":[0.9982,-0.0094,-0.0596,0,0.0119,0.999,0.0426,0,0.0591,-0.0433,0.9973,0,0,10.1816,0.1315,1]},
{"frame":10,"values":[0.9982,0.0103,-0.0595,0,-0.009,0.9997,0.022,0,0.0597,-0.0214,0.998,0,0,10.1816,0.1315,1]},
{"frame":11,"values":[0.9978,0.0286,-0.0592,0,-0.0282,0.9996,0.0068,0,0.0594,-0.0052,0.9982,0,0,10.1816,0.1315,1]},
{"frame":12,"values":[0.9973,0.0442,-0.0583,0,-0.0444,0.999,-0.0023,0,0.0581,0.0049,0.9983,0,0,10.1816,0.1315,1]},
{"frame":13,"values":[0.9968,0.0563,-0.0563,0,-0.0567,0.9984,-0.0057,0,0.0559,0.0088,0.9984,0,0,10.1816,0.1315,1]},
{"frame":14,"values":[0.9967,0.0606,-0.0533,0,-0.0607,0.9982,0.0005,0,0.0532,0.0028,0.9986,0,0,10.1816,0.1315,1]},
{"frame":15,"values":[0.9967,0.0633,-0.0499,0,-0.0629,0.998,0.0091,0,0.0503,-0.0059,0.9987,0,0,10.1816,0.1315,1]},
{"frame":16,"values":[0.9969,0.0644,-0.0461,0,-0.0636,0.9978,0.0196,0,0.0473,-0.0166,0.9987,0,0,10.1816,0.1315,1]},
{"frame":17,"values":[0.997,0.0644,-0.0422,0,-0.0631,0.9975,0.0315,0,0.0441,-0.0287,0.9986,0,0,10.1816,0.1315,1]},
{"frame":18,"values":[0.9973,0.0632,-0.0383,0,-0.0615,0.9971,0.0446,0,0.041,-0.0421,0.9983,0,0,10.1816,0.1315,1]},
{"frame":19,"values":[0.9976,0.0607,-0.0347,0,-0.0586,0.9966,0.0583,0,0.0382,-0.0562,0.9977,0,0,10.1816,0.1315,1]},
{"frame":20,"values":[0.9979,0.0568,-0.0319,0,-0.0544,0.9959,0.0721,0,0.0359,-0.0702,0.9969,0,0,10.1816,0.1315,1]},
{"frame":21,"values":[0.9982,0.0527,-0.0289,0,-0.0501,0.995,0.0862,0,0.0333,-0.0846,0.9959,0,0,10.1816,0.1315,1]},
{"frame":22,"values":[0.9985,0.0482,-0.0263,0,-0.0453,0.9939,0.1001,0,0.031,-0.0988,0.9946,0,0,10.1816,0.1315,1]},
{"frame":23,"values":[0.9988,0.0432,-0.0245,0,-0.0401,0.9927,0.1133,0,0.0293,-0.1122,0.9933,0,0,10.1816,0.1315,1]},
{"frame":24,"values":[0.999,0.0381,-0.0241,0,-0.0348,0.9915,0.1252,0,0.0287,-0.1242,0.9918,0,0,10.1816,0.1315,1]},
{"frame":25,"values":[0.9991,0.0329,-0.0255,0,-0.0292,0.9904,0.1352,0,0.0297,-0.1343,0.9905,0,0,10.1816,0.1315,1]},
{"frame":26,"values":[0.9992,0.0279,-0.0295,0,-0.0235,0.9896,0.1418,0,0.0331,-0.141,0.9895,0,0,10.1816,0.1315,1]},
{"frame":27,"values":[0.9991,0.0232,-0.0361,0,-0.0177,0.9893,0.1448,0,0.039,-0.144,0.9888,0,0,10.1816,0.1315,1]},
{"frame":28,"values":[0.9989,0.0183,-0.0439,0,-0.0117,0.9892,0.1462,0,0.0461,-0.1455,0.9883,0,0,10.1816,0.1315,1]},
{"frame":29,"values":[0.9986,0.0133,-0.0519,0,-0.0054,0.9889,0.1482,0,0.0533,-0.1477,0.9876,0,0,10.1816,0.1315,1]},
{"frame":30,"values":[0.9982,0.0078,-0.0589,0,0.0013,0.9883,0.1528,0,0.0594,-0.1526,0.9865,0,0,10.1816,0.1315,1]},
{"frame":31,"values":[0.998,0.001,-0.0637,0,0.0094,0.9868,0.162,0,0.063,-0.1622,0.9847,0,0,10.1816,0.1315,1]},
{"frame":32,"values":[0.9978,-0.0066,-0.0664,0,0.0182,0.9842,0.1759,0,0.0642,-0.1767,0.9822,0,0,10.1816,0.1315,1]},
{"frame":33,"values":[0.9976,-0.0149,-0.0676,0,0.0278,0.9807,0.1934,0,0.0634,-0.1948,0.9788,0,0,10.1816,0.1315,1]},
{"frame":34,"values":[0.9975,-0.0246,-0.0669,0,0.0386,0.9757,0.2158,0,0.06,-0.2178,0.9741,0,0,10.1816,0.1315,1]},
{"frame":35,"values":[0.9973,-0.0354,-0.0647,0,0.0502,0.9684,0.2445,0,0.054,-0.2471,0.9675,0,0,10.1816,0.1315,1]},
{"frame":36,"values":[0.9967,-0.0558,-0.0598,0,0.0707,0.9549,0.2885,0,0.041,-0.2918,0.9556,0,0,10.1816,0.1315,1]},
{"frame":37,"values":[0.9957,-0.0722,-0.0573,0,0.0872,0.9386,0.3338,0,0.0297,-0.3374,0.9409,0,0,10.1816,0.1315,1]},
{"frame":38,"values":[0.9968,-0.0579,-0.0554,0,0.0744,0.9256,0.3711,0,0.0298,-0.3741,0.9269,0,0,10.1816,0.1315,1]},
{"frame":39,"values":[0.9988,0.005,-0.0491,0,0.0146,0.9203,0.391,0,0.0472,-0.3912,0.9191,0,0,10.1816,0.1315,1]},
{"frame":40,"values":[0.995,0.0804,-0.0589,0,-0.0581,0.9478,0.3137,0,0.0811,-0.3087,0.9477,0,0,10.1816,0.1315,1]},
{"frame":41,"values":[0.9896,0.1158,-0.0853,0,-0.0899,0.961,0.2616,0,0.1123,-0.2512,0.9614,0,0,10.1816,0.1315,1]},
{"frame":42,"values":[0.9837,0.1332,-0.1211,0,-0.1037,0.9692,0.2235,0,0.1471,-0.2073,0.9672,0,0,10.1816,0.1315,1]},
{"frame":43,"values":[0.9762,0.1489,-0.1575,0,-0.1176,0.9743,0.1921,0,0.1821,-0.169,0.9686,0,0,10.1816,0.1315,1]},
{"frame":44,"values":[0.9674,0.1714,-0.1865,0,-0.1365,0.973,0.1862,0,0.2134,-0.1546,0.9647,0,0,10.1816,0.1315,1]},
{"frame":45,"values":[0.9588,0.1923,-0.2092,0,-0.1534,0.97,0.1886,0,0.2392,-0.1488,0.9595,0,0,10.1816,0.1315,1]},
{"frame":46,"values":[0.9629,0.1924,-0.1894,0,-0.1507,0.9651,0.2143,0,0.224,-0.1777,0.9582,0,0,10.1816,0.1315,1]},
{"frame":47,"values":[0.9733,0.1819,-0.1402,0,-0.1407,0.9547,0.2623,0,0.1815,-0.2356,0.9547,0,0,10.1816,0.1315,1]},
{"frame":48,"values":[0.9826,0.1647,-0.0863,0,-0.1303,0.941,0.3122,0,0.1326,-0.2955,0.9461,0,0,10.1816,0.1315,1]},
{"frame":49,"values":[0.9878,0.1484,-0.0471,0,-0.1231,0.9297,0.3472,0,0.0953,-0.3372,0.9366,0,0,10.1816,0.1315,1]},
{"frame":50,"values":[0.9896,0.1411,-0.0295,0,-0.1211,0.9249,0.3605,0,0.0781,-0.3531,0.9323,0,0,10.1816,0.1315,1]},
{"frame":51,"values":[0.9899,0.1395,-0.0254,0,-0.1211,0.9251,0.3599,0,0.0737,-0.3532,0.9326,0,0,10.1816,0.1315,1]},
{"frame":52,"values":[0.9891,0.1445,-0.0274,0,-0.1259,0.928,0.3506,0,0.0761,-0.3433,0.9361,0,0,10.1816,0.1315,1]},
{"frame":53,"values":[0.988,0.1506,-0.0339,0,-0.1306,0.9326,0.3363,0,0.0822,-0.3279,0.9411,0,0,10.1816,0.1315,1]},
{"frame":54,"values":[0.9866,0.1567,-0.0463,0,-0.1346,0.9401,0.3133,0,0.0926,-0.3028,0.9485,0,0,10.1816,0.1315,1]},
{"frame":55,"values":[0.986,0.1596,-0.0482,0,-0.1381,0.9441,0.2995,0,0.0932,-0.2886,0.9529,0,0,10.1816,0.1315,1]},
{"frame":56,"values":[0.9858,0.1587,-0.0548,0,-0.1362,0.9469,0.2912,0,0.0981,-0.2796,0.9551,0,0,10.1816,0.1315,1]}],"loopBehavior":1,"name":"anim","property":"_matrix"}},
{"name":"mixamorig:Spine1","index":2,"matrix":[0.9989,0.0375,-0.0264,0,-0.0368,0.999,0.0268,0,0.0273,-0.0258,0.9993,0,0,10.0835,-1.0008,1],"rest":[1,0,0,0,0,1,0,0,0,0,1,0,0,10.0835,-1.0008,1],"parentBoneIndex":1,"length":9.203
,"animation":{"dataType":3,"framePerSecond":24,"keys":[
{"frame":1,"values":[0.9989,0.0411,-0.0239,0,-0.0406,0.9989,0.0221,0,0.0248,-0.0211,0.9995,0,0,10.0835,-1.0008,1]},
{"frame":2,"values":[0.9993,0.031,-0.0224,0,-0.0304,0.9991,0.0283,0,0.0233,-0.0276,0.9993,0,0,10.0835,-1.0008,1]},
{"frame":3,"values":[0.9995,0.0243,-0.0195,0,-0.0234,0.9986,0.0465,0,0.0206,-0.0461,0.9987,0,0,10.0835,-1.0008,1]},
{"frame":4,"values":[0.9998,0.0136,-0.0148,0,-0.0129,0.999,0.0432,0,0.0153,-0.043,0.999,0,0,10.0835,-1.0008,1]},
{"frame":5,"values":[0.9998,-0.0067,-0.0171,0,0.0071,0.9997,0.0218,0,0.0169,-0.0219,0.9996,0,0,10.0835,-1.0008,1]},
{"frame":6,"values":[0.9997,-0.0159,-0.0187,0,0.0159,0.9999,-0.0027,0,0.0187,0.0024,0.9998,0,0,10.0835,-1.0008,1]},
{"frame":7,"values":[0.9996,-0.0198,-0.0181,0,0.0193,0.9994,-0.0283,0,0.0187,0.028,0.9994,0,0,10.0835,-1.0008,1]},
{"frame":8,"values":[0.9997,-0.0179,-0.017,0,0.0171,0.9988,-0.0451,0,0.0178,0.0448,0.9988,0,0,10.0835,-1.0008,1]},
{"frame":9,"values":[0.9998,-0.0141,-0.0159,0,0.0132,0.9981,-0.0595,0,0.0167,0.0593,0.9981,0,0,10.0835,-1.0008,1]},
{"frame":10,"values":[0.9998,-0.0092,-0.015,0,0.0081,0.9974,-0.0712,0,0.0156,0.071,0.9974,0,0,10.0835,-1.0008,1]},
{"frame":11,"values":[0.9999,-0.004,-0.0141,0,0.0028,0.9968,-0.0797,0,0.0144,0.0796,0.9967,0,0,10.0835,-1.0008,1]},
{"frame":12,"values":[0.9999,0.0009,-0.0132,0,-0.002,0.9964,-0.0843,0,0.0131,0.0843,0.9964,0,0,10.0835,-1.0008,1]},
{"frame":13,"values":[0.9999,0.0046,-0.0122,0,-0.0056,0.9964,-0.0847,0,0.0117,0.0848,0.9963,0,0,10.0835,-1.0008,1]},
{"frame":14,"values":[0.9999,0.0054,-0.011,0,-0.0062,0.997,-0.0776,0,0.0105,0.0777,0.9969,0,0,10.0835,-1.0008,1]},
{"frame":15,"values":[0.9999,0.0057,-0.0097,0,-0.0064,0.9976,-0.0684,0,0.0093,0.0685,0.9976,0,0,10.0835,-1.0008,1]},
{"frame":16,"values":[0.9999,0.0056,-0.0084,0,-0.0061,0.9983,-0.0577,0,0.008,0.0577,0.9983,0,0,10.0835,-1.0008,1]},
{"frame":17,"values":[1,0.0051,-0.007,0,-0.0054,0.9989,-0.0457,0,0.0068,0.0458,0.9989,0,0,10.0835,-1.0008,1]},
{"frame":18,"values":[1,0.0042,-0.0057,0,-0.0044,0.9994,-0.0329,0,0.0056,0.0329,0.9994,0,0,10.0835,-1.0008,1]},
{"frame":19,"values":[1,0.0029,-0.0045,0,-0.003,0.9998,-0.0195,0,0.0044,0.0195,0.9998,0,0,10.0835,-1.0008,1]},
{"frame":20,"values":[1,0.0007,-0.0034,0,-0.0008,1,-0.0059,0,0.0034,0.0059,1,0,0,10.0835,-1.0008,1]},
{"frame":21,"values":[1,-0.0017,-0.0022,0,0.0017,1,0.0084,0,0.0022,-0.0084,1,0,0,10.0835,-1.0008,1]},
{"frame":22,"values":[1,-0.0044,-0.0012,0,0.0044,0.9997,0.0226,0,0.0011,-0.0226,0.9997,0,0,10.0835,-1.0008,1]},
{"frame":23,"values":[1,-0.0072,-0.0004,0,0.0072,0.9993,0.0358,0,0.0002,-0.0358,0.9994,0,0,10.0835,-1.0008,1]},
{"frame":24,"values":[0.9999,-0.0102,-0.0002,0,0.0102,0.9988,0.0469,0,-0.0003,-0.0469,0.9989,0,0,10.0835,-1.0008,1]},
{"frame":25,"values":[0.9999,-0.0132,-0.0005,0,0.0132,0.9984,0.055,0,-0.0002,-0.055,0.9985,0,0,10.0835,-1.0008,1]},
{"frame":26,"values":[0.9999,-0.0162,-0.0019,0,0.0163,0.9981,0.0588,0,0.0009,-0.0588,0.9983,0,0,10.0835,-1.0008,1]},
{"frame":27,"values":[0.9998,-0.0192,-0.0042,0,0.0195,0.9981,0.0583,0,0.0031,-0.0584,0.9983,0,0,10.0835,-1.0008,1]},
{"frame":28,"values":[0.9997,-0.0224,-0.007,0,0.0227,0.9982,0.0555,0,0.0057,-0.0557,0.9984,0,0,10.0835,-1.0008,1]},
{"frame":29,"values":[0.9996,-0.0257,-0.0096,0,0.0261,0.9983,0.0525,0,0.0083,-0.0528,0.9986,0,0,10.0835,-1.0008,1]},
{"frame":30,"values":[0.9995,-0.0291,-0.0117,0,0.0297,0.9982,0.0514,0,0.0102,-0.0517,0.9986,0,0,10.0835,-1.0008,1]},
{"frame":31,"values":[0.9994,-0.0328,-0.0126,0,0.0335,0.998,0.0541,0,0.0108,-0.0545,0.9985,0,0,10.0835,-1.0008,1]},
{"frame":32,"values":[0.9993,-0.0356,-0.0125,0,0.0363,0.9976,0.0597,0,0.0104,-0.0601,0.9981,0,0,10.0835,-1.0008,1]},
{"frame":33,"values":[0.9992,-0.0376,-0.0117,0,0.0383,0.997,0.0671,0,0.0091,-0.0675,0.9977,0,0,10.0835,-1.0008,1]},
{"frame":34,"values":[0.9991,-0.0414,-0.0097,0,0.042,0.996,0.0793,0,0.0064,-0.0797,0.9968,0,0,10.0835,-1.0008,1]},
{"frame":35,"values":[0.9987,-0.0497,-0.0065,0,0.0501,0.9937,0.1,0,0.0015,-0.1002,0.995,0,0,10.0835,-1.0008,1]},
{"frame":36,"values":[0.9976,-0.0694,-0.0013,0,0.0689,0.9876,0.141,0,-0.0085,-0.1407,0.99,0,0,10.0835,-1.0008,1]},
{"frame":37,"values":[0.9959,-0.0902,0.002,0,0.0883,0.9791,0.1831,0,-0.0185,-0.1821,0.9831,0,0,10.0835,-1.0008,1]},
{"frame":38,"values":[0.9947,-0.1023,0.003,0,0.0993,0.9722,0.2122,0,-0.0246,-0.2108,0.9772,0,0,10.0835,-1.0008,1]},
{"frame":39,"values":[0.9956,-0.0938,0.0028,0,0.091,0.9727,0.2133,0,-0.0227,-0.2121,0.977,0,0,10.0835,-1.0008,1]},
{"frame":40,"values":[0.9994,-0.0351,-0.0025,0,0.0351,0.9898,0.1377,0,-0.0024,-0.1377,0.9905,0,0,10.0835,-1.0008,1]},
{"frame":41,"values":[0.9994,0.0232,-0.0249,0,-0.0215,0.9976,0.0651,0,0.0263,-0.0646,0.9976,0,0,10.0835,-1.0008,1]},
{"frame":42,"values":[0.9969,0.0318,-0.0723,0,-0.0302,0.9993,0.0227,0,0.073,-0.0204,0.9971,0,0,10.0835,-1.0008,1]},
{"frame":43,"values":[0.9924,0.0268,-0.1201,0,-0.0281,0.9996,-0.0088,0,0.1198,0.0121,0.9927,0,0,10.0835,-1.0008,1]},
{"frame":44,"values":[0.9892,0.026,-0.1445,0,-0.0283,0.9995,-0.0136,0,0.144,0.0175,0.9894,0,0,10.0835,-1.0008,1]},
{"frame":45,"values":[0.9888,0.0309,-0.1458,0,-0.0319,0.9995,-0.0046,0,0.1456,0.0092,0.9893,0,0,10.0835,-1.0008,1]},
{"frame":46,"values":[0.9916,0.0333,-0.125,0,-0.0338,0.9994,-0.0013,0,0.1249,0.0055,0.9922,0,0,10.0835,-1.0008,1]},
{"frame":47,"values":[0.9954,0.0348,-0.0896,0,-0.0348,0.9994,0.0017,0,0.0896,0.0014,0.996,0,0,10.0835,-1.0008,1]},
{"frame":48,"values":[0.998,0.0357,-0.0525,0,-0.0355,0.9994,0.0044,0,0.0526,-0.0026,0.9986,0,0,10.0835,-1.0008,1]},
{"frame":49,"values":[0.999,0.0363,-0.0251,0,-0.0362,0.9993,0.0071,0,0.0254,-0.0061,0.9997,0,0,10.0835,-1.0008,1]},
{"frame":50,"values":[0.9992,0.0371,-0.0134,0,-0.0369,0.9993,0.0099,0,0.0137,-0.0094,0.9999,0,0,10.0835,-1.0008,1]},
{"frame":51,"values":[0.9992,0.0378,-0.0125,0,-0.0377,0.9992,0.0131,0,0.013,-0.0126,0.9998,0,0,10.0835,-1.0008,1]},
{"frame":52,"values":[0.9991,0.0386,-0.0167,0,-0.0383,0.9991,0.016,0,0.0173,-0.0154,0.9997,0,0,10.0835,-1.0008,1]},
{"frame":53,"values":[0.999,0.0393,-0.0212,0,-0.0389,0.9991,0.0181,0,0.0219,-0.0172,0.9996,0,0,10.0835,-1.0008,1]},
{"frame":54,"values":[0.9989,0.0393,-0.0245,0,-0.0389,0.9991,0.0189,0,0.0253,-0.0179,0.9995,0,0,10.0835,-1.0008,1]},
{"frame":55,"values":[0.999,0.0384,-0.0247,0,-0.0379,0.999,0.0223,0,0.0255,-0.0214,0.9994,0,0,10.0835,-1.0008,1]},
{"frame":56,"values":[0.9989,0.0375,-0.0264,0,-0.0368,0.999,0.0268,0,0.0273,-0.0258,0.9993,0,0,10.0835,-1.0008,1]}],"loopBehavior":1,"name":"anim","property":"_matrix"}},
{"name":"mixamorig:Spine2","index":3,"matrix":[0.9975,0.0413,-0.0581,0,-0.0449,0.997,-0.0631,0,0.0553,0.0655,0.9963,0,0,9.1,-1.3734,1],"rest":[1,0,0,0,0,1,0,0,0,0,1,0,0,9.1,-1.3734,1],"parentBoneIndex":2,"length":13.7198
,"animation":{"dataType":3,"framePerSecond":24,"keys":[
{"frame":1,"values":[0.9996,0.0184,-0.0226,0,-0.0183,0.9998,0.0041,0,0.0227,-0.0037,0.9997,0,0,9.1,-1.3734,1]},
{"frame":2,"values":[0.9997,0.0125,-0.0213,0,-0.0122,0.9998,0.0137,0,0.0215,-0.0134,0.9997,0,0,9.1,-1.3734,1]},
{"frame":3,"values":[0.9998,0.0104,-0.0185,0,-0.0097,0.9993,0.0359,0,0.0188,-0.0357,0.9992,0,0,9.1,-1.3734,1]},
{"frame":4,"values":[0.9999,0.0046,-0.014,0,-0.0041,0.9993,0.0364,0,0.0141,-0.0363,0.9992,0,0,9.1,-1.3734,1]},
{"frame":5,"values":[0.9998,-0.0113,-0.017,0,0.0117,0.9998,0.0182,0,0.0167,-0.0184,0.9997,0,0,9.1,-1.3734,1]},
{"frame":6,"values":[0.9996,-0.0188,-0.0188,0,0.0187,0.9998,-0.0049,0,0.0189,0.0045,0.9998,0,0,9.1,-1.3734,1]},
{"frame":7,"values":[0.9996,-0.0218,-0.0182,0,0.0212,0.9993,-0.0297,0,0.0189,0.0293,0.9994,0,0,9.1,-1.3734,1]},
{"frame":8,"values":[0.9997,-0.0195,-0.017,0,0.0187,0.9988,-0.0461,0,0.0179,0.0457,0.9988,0,0,9.1,-1.3734,1]},
{"frame":9,"values":[0.9998,-0.0154,-0.0158,0,0.0145,0.9981,-0.0602,0,0.0167,0.0599,0.9981,0,0,9.1,-1.3734,1]},
{"frame":10,"values":[0.9998,-0.0103,-0.0148,0,0.0092,0.9974,-0.0716,0,0.0155,0.0714,0.9973,0,0,9.1,-1.3734,1]},
{"frame":11,"values":[0.9999,-0.0049,-0.0138,0,0.0037,0.9968,-0.0798,0,0.0141,0.0798,0.9967,0,0,9.1,-1.3734,1]},
{"frame":12,"values":[0.9999,0.0001,-0.0127,0,-0.0012,0.9964,-0.0843,0,0.0127,0.0843,0.9964,0,0,9.1,-1.3734,1]},
{"frame":13,"values":[0.9999,0.004,-0.0116,0,-0.005,0.9964,-0.0846,0,0.0112,0.0846,0.9963,0,0,9.1,-1.3734,1]},
{"frame":14,"values":[0.9999,0.0059,-0.0107,0,-0.0067,0.9969,-0.0785,0,0.0102,0.0785,0.9969,0,0,9.1,-1.3734,1]},
{"frame":15,"values":[0.9999,0.0074,-0.0097,0,-0.008,0.9975,-0.0705,0,0.0091,0.0706,0.9975,0,0,9.1,-1.3734,1]},
{"frame":16,"values":[0.9999,0.0086,-0.0086,0,-0.0091,0.9981,-0.0611,0,0.0081,0.0612,0.9981,0,0,9.1,-1.3734,1]},
{"frame":17,"values":[0.9999,0.0095,-0.0076,0,-0.0099,0.9987,-0.0507,0,0.0071,0.0508,0.9987,0,0,9.1,-1.3734,1]},
{"frame":18,"values":[0.9999,0.0102,-0.0066,0,-0.0104,0.9992,-0.0396,0,0.0062,0.0397,0.9992,0,0,9.1,-1.3734,1]},
{"frame":19,"values":[0.9999,0.0106,-0.0057,0,-0.0108,0.9995,-0.0282,0,0.0054,0.0282,0.9996,0,0,9.1,-1.3734,1]},
{"frame":20,"values":[0.9999,0.0108,-0.005,0,-0.0109,0.9998,-0.0172,0,0.0048,0.0172,0.9998,0,0,9.1,-1.3734,1]},
{"frame":21,"values":[0.9999,0.011,-0.0042,0,-0.011,0.9999,-0.0057,0,0.0041,0.0058,1,0,0,9.1,-1.3734,1]},
{"frame":22,"values":[0.9999,0.0111,-0.0035,0,-0.0111,0.9999,0.0054,0,0.0035,-0.0054,1,0,0,9.1,-1.3734,1]},
{"frame":23,"values":[0.9999,0.0111,-0.003,0,-0.0111,0.9998,0.0155,0,0.0031,-0.0155,0.9999,0,0,9.1,-1.3734,1]},
{"frame":24,"values":[0.9999,0.011,-0.0029,0,-0.0109,0.9997,0.0237,0,0.0031,-0.0237,0.9997,0,0,9.1,-1.3734,1]},
{"frame":25,"values":[0.9999,0.0105,-0.0034,0,-0.0104,0.9995,0.0294,0,0.0037,-0.0293,0.9996,0,0,9.1,-1.3734,1]},
{"frame":26,"values":[0.9999,0.01,-0.0046,0,-0.0098,0.9995,0.0312,0,0.0049,-0.0311,0.9995,0,0,9.1,-1.3734,1]},
{"frame":27,"values":[0.9999,0.0095,-0.0066,0,-0.0093,0.9995,0.0292,0,0.0069,-0.0292,0.9996,0,0,9.1,-1.3734,1]},
{"frame":28,"values":[0.9999,0.0088,-0.0091,0,-0.0085,0.9996,0.0253,0,0.0093,-0.0252,0.9996,0,0,9.1,-1.3734,1]},
{"frame":29,"values":[0.9999,0.0077,-0.0116,0,-0.0074,0.9998,0.0209,0,0.0118,-0.0208,0.9997,0,0,9.1,-1.3734,1]},
{"frame":30,"values":[0.9999,0.006,-0.014,0,-0.0058,0.9998,0.0179,0,0.0141,-0.0178,0.9997,0,0,9.1,-1.3734,1]},
{"frame":31,"values":[0.9999,0.0037,-0.0158,0,-0.0034,0.9998,0.0179,0,0.0159,-0.0178,0.9997,0,0,9.1,-1.3734,1]},
{"frame":32,"values":[0.9999,0.0007,-0.0172,0,-0.0004,0.9998,0.0209,0,0.0172,-0.0209,0.9996,0,0,9.1,-1.3734,1]},
{"frame":33,"values":[0.9998,-0.003,-0.0183,0,0.0034,0.9997,0.0259,0,0.0182,-0.026,0.9995,0,0,9.1,-1.3734,1]},
{"frame":34,"values":[0.9998,-0.0076,-0.0191,0,0.0082,0.9994,0.0337,0,0.0188,-0.0338,0.9993,0,0,9.1,-1.3734,1]},
{"frame":35,"values":[0.9997,-0.0134,-0.0193,0,0.0142,0.9989,0.0448,0,0.0187,-0.0451,0.9988,0,0,9.1,-1.3734,1]},
{"frame":36,"values":[0.9996,-0.0218,-0.0183,0,0.0229,0.9977,0.0642,0,0.0168,-0.0646,0.9978,0,0,9.1,-1.3734,1]},
{"frame":37,"values":[0.9995,-0.028,-0.0176,0,0.0293,0.9961,0.0826,0,0.0152,-0.0831,0.9964,0,0,9.1,-1.3734,1]},
{"frame":38,"values":[0.9994,-0.0286,-0.0178,0,0.0301,0.9951,0.0945,0,0.015,-0.095,0.9954,0,0,9.1,-1.3734,1]},
{"frame":39,"values":[0.9996,-0.0202,-0.0192,0,0.0219,0.9952,0.0949,0,0.0172,-0.0953,0.9953,0,0,9.1,-1.3734,1]},
{"frame":40,"values":[0.9998,0.0053,-0.0205,0,-0.0039,0.9977,0.0681,0,0.0208,-0.068,0.9975,0,0,9.1,-1.3734,1]},
{"frame":41,"values":[0.9992,0.0284,-0.0267,0,-0.0269,0.9981,0.0558,0,0.0282,-0.0551,0.9981,0,0,9.1,-1.3734,1]},
{"frame":42,"values":[0.9983,0.0287,-0.0511,0,-0.0259,0.9982,0.054,0,0.0526,-0.0526,0.9972,0,0,9.1,-1.3734,1]},
{"frame":43,"values":[0.9971,0.0242,-0.0726,0,-0.0198,0.9979,0.0613,0,0.0739,-0.0597,0.9955,0,0,9.1,-1.3734,1]},
{"frame":44,"values":[0.9984,0.0223,-0.0514,0,-0.0165,0.9937,0.1104,0,0.0536,-0.1094,0.9926,0,0,9.1,-1.3734,1]},
{"frame":45,"values":[0.9997,0.0196,-0.0147,0,-0.017,0.987,0.1601,0,0.0177,-0.1598,0.987,0,0,9.1,-1.3734,1]},
{"frame":46,"values":[0.9997,0.0215,-0.0073,0,-0.0203,0.9893,0.1448,0,0.0103,-0.1446,0.9894,0,0,9.1,-1.3734,1]},
{"frame":47,"values":[0.9996,0.0263,-0.009,0,-0.0252,0.9945,0.1019,0,0.0117,-0.1016,0.9948,0,0,9.1,-1.3734,1]},
{"frame":48,"values":[0.9994,0.0313,-0.0148,0,-0.0305,0.9982,0.0524,0,0.0164,-0.0519,0.9985,0,0,9.1,-1.3734,1]},
{"frame":49,"values":[0.9992,0.0352,-0.0206,0,-0.0349,0.9993,0.0132,0,0.0211,-0.0125,0.9997,0,0,9.1,-1.3734,1]},
{"frame":50,"values":[0.999,0.0376,-0.0242,0,-0.0377,0.9993,-0.0068,0,0.024,0.0078,0.9997,0,0,9.1,-1.3734,1]},
{"frame":51,"values":[0.9989,0.0391,-0.0276,0,-0.0396,0.9991,-0.0154,0,0.027,0.0164,0.9995,0,0,9.1,-1.3734,1]},
{"frame":52,"values":[0.9987,0.0403,-0.0315,0,-0.041,0.999,-0.0199,0,0.0307,0.0211,0.9993,0,0,9.1,-1.3734,1]},
{"frame":53,"values":[0.9985,0.0415,-0.037,0,-0.0425,0.9987,-0.027,0,0.0358,0.0285,0.999,0,0,9.1,-1.3734,1]},
{"frame":54,"values":[0.9981,0.0421,-0.0454,0,-0.044,0.9982,-0.0406,0,0.0436,0.0425,0.9981,0,0,9.1,-1.3734,1]},
{"frame":55,"values":[0.9978,0.0417,-0.0511,0,-0.0444,0.9976,-0.0526,0,0.0487,0.0547,0.9973,0,0,9.1,-1.3734,1]},
{"frame":56,"values":[0.9975,0.0413,-0.0581,0,-0.0449,0.997,-0.0631,0,0.0553,0.0655,0.9963,0,0,9.1,-1.3734,1]}],"loopBehavior":1,"name":"anim","property":"_matrix"}},
{"name":"mixamorig:Neck","index":4,"matrix":[0.9259,0.2675,0.2667,0,-0.2372,0.9612,-0.1405,0,-0.2939,0.0669,0.9535,0,0,16.6717,-2.5162,1],"rest":[1,0,0,0,0,1,0,0,0,0,1,0,0,16.6717,-2.5162,1],"parentBoneIndex":3,"length":9.7644
,"animation":{"dataType":3,"framePerSecond":24,"keys":[
{"frame":1,"values":[0.9851,-0.0329,-0.169,0,0.027,0.999,-0.037,0,0.17,0.0318,0.9849,0,0,16.6717,-2.5162,1]},
{"frame":2,"values":[0.9891,-0.0305,-0.1444,0,0.0285,0.9995,-0.0155,0,0.1448,0.0112,0.9894,0,0,16.6717,-2.5162,1]},
{"frame":3,"values":[0.9954,-0.0082,-0.0959,0,0.0193,0.9931,0.1158,0,0.0943,-0.1172,0.9886,0,0,16.6717,-2.5162,1]},
{"frame":4,"values":[0.9985,-0.0181,-0.0509,0,0.0344,0.9397,0.3402,0,0.0416,-0.3414,0.939,0,0,16.6717,-2.5162,1]},
{"frame":5,"values":[0.9989,-0.0368,-0.0301,0,0.0465,0.8889,0.4557,0,0.01,-0.4565,0.8896,0,0,16.6717,-2.5162,1]},
{"frame":6,"values":[0.9995,-0.0306,-0.0086,0,0.0315,0.9192,0.3925,0,-0.0041,-0.3926,0.9197,0,0,16.6717,-2.5162,1]},
{"frame":7,"values":[0.9999,-0.0054,0.0131,0,0.0016,0.9627,0.2706,0,-0.0141,-0.2706,0.9626,0,0,16.6717,-2.5162,1]},
{"frame":8,"values":[0.9996,0.0185,0.0221,0,-0.0216,0.9889,0.147,0,-0.0191,-0.1474,0.9889,0,0,16.6717,-2.5162,1]},
{"frame":9,"values":[0.9989,0.0414,0.0238,0,-0.0419,0.9989,0.0222,0,-0.0229,-0.0232,0.9995,0,0,16.6717,-2.5162,1]},
{"frame":10,"values":[0.9979,0.0612,0.0199,0,-0.059,0.9937,-0.0958,0,-0.0256,0.0944,0.9952,0,0,16.6717,-2.5162,1]},
{"frame":11,"values":[0.997,0.0768,0.0126,0,-0.0727,0.9771,-0.1998,0,-0.0277,0.1982,0.9798,0,0,16.6717,-2.5162,1]},
{"frame":12,"values":[0.9962,0.0874,0.0049,0,-0.0824,0.9557,-0.2825,0,-0.0294,0.281,0.9593,0,0,16.6717,-2.5162,1]},
{"frame":13,"values":[0.9956,0.0932,-0.0007,0,-0.0879,0.9364,-0.3399,0,-0.031,0.3385,0.9405,0,0,16.6717,-2.5162,1]},
{"frame":14,"values":[0.9956,0.0937,-0.0019,0,-0.0879,0.9263,-0.3665,0,-0.0326,0.3651,0.9304,0,0,16.6717,-2.5162,1]},
{"frame":15,"values":[0.996,0.0892,0.0011,0,-0.0826,0.9264,-0.3674,0,-0.0338,0.3659,0.9301,0,0,16.6717,-2.5162,1]},
{"frame":16,"values":[0.9967,0.0807,0.007,0,-0.0732,0.9341,-0.3495,0,-0.0347,0.3478,0.9369,0,0,16.6717,-2.5162,1]},
{"frame":17,"values":[0.9975,0.0693,0.0138,0,-0.0613,0.9452,-0.3207,0,-0.0353,0.319,0.9471,0,0,16.6717,-2.5162,1]},
{"frame":18,"values":[0.9982,0.0563,0.0201,0,-0.0481,0.9563,-0.2884,0,-0.0355,0.287,0.9573,0,0,16.6717,-2.5162,1]},
{"frame":19,"values":[0.9988,0.0431,0.0249,0,-0.0352,0.9648,-0.2608,0,-0.0353,0.2596,0.9651,0,0,16.6717,-2.5162,1]},
{"frame":20,"values":[0.9992,0.0277,0.0284,0,-0.0203,0.9723,-0.2328,0,-0.034,0.232,0.9721,0,0,16.6717,-2.5162,1]},
{"frame":21,"values":[0.9995,0.0104,0.0305,0,-0.004,0.9793,-0.2026,0,-0.032,0.2023,0.9788,0,0,16.6717,-2.5162,1]},
{"frame":22,"values":[0.9995,-0.0076,0.0315,0,0.0129,0.9852,-0.1712,0,-0.0298,0.1715,0.9847,0,0,16.6717,-2.5162,1]},
{"frame":23,"values":[0.9992,-0.0253,0.0316,0,0.0295,0.9898,-0.1396,0,-0.0278,0.1404,0.9897,0,0,16.6717,-2.5162,1]},
{"frame":24,"values":[0.9986,-0.0418,0.0313,0,0.0449,0.993,-0.1089,0,-0.0265,0.1102,0.9936,0,0,16.6717,-2.5162,1]},
{"frame":25,"values":[0.9979,-0.0561,0.0312,0,0.0584,0.9951,-0.0802,0,-0.0265,0.0818,0.9963,0,0,16.6717,-2.5162,1]},
{"frame":26,"values":[0.9972,-0.0681,0.0316,0,0.0697,0.9961,-0.0532,0,-0.0278,0.0553,0.9981,0,0,16.6717,-2.5162,1]},
{"frame":27,"values":[0.9964,-0.0787,0.0323,0,0.0796,0.9965,-0.0271,0,-0.03,0.0296,0.9991,0,0,16.6717,-2.5162,1]},
{"frame":28,"values":[0.9955,-0.0882,0.0333,0,0.0883,0.9961,-0.0021,0,-0.033,0.005,0.9994,0,0,16.6717,-2.5162,1]},
{"frame":29,"values":[0.9947,-0.0966,0.0348,0,0.0959,0.9952,0.0217,0,-0.0367,-0.0182,0.9992,0,0,16.6717,-2.5162,1]},
{"frame":30,"values":[0.9939,-0.1044,0.0367,0,0.1028,0.9937,0.0438,0,-0.0411,-0.0397,0.9984,0,0,16.6717,-2.5162,1]},
{"frame":31,"values":[0.993,-0.1116,0.0391,0,0.109,0.992,0.0641,0,-0.0459,-0.0594,0.9972,0,0,16.6717,-2.5162,1]},
{"frame":32,"values":[0.992,-0.1188,0.0427,0,0.1151,0.9901,0.0798,0,-0.0518,-0.0742,0.9959,0,0,16.6717,-2.5162,1]},
{"frame":33,"values":[0.9909,-0.1255,0.0481,0,0.1208,0.9885,0.0908,0,-0.0589,-0.0841,0.9947,0,0,16.6717,-2.5162,1]},
{"frame":34,"values":[0.99,-0.1304,0.0539,0,0.1244,0.9869,0.1026,0,-0.0665,-0.0948,0.9933,0,0,16.6717,-2.5162,1]},
{"frame":35,"values":[0.9895,-0.1322,0.0587,0,0.1244,0.9848,0.121,0,-0.0738,-0.1124,0.9909,0,0,16.6717,-2.5162,1]},
{"frame":36,"values":[0.9903,-0.1249,0.0614,0,0.1139,0.9808,0.1586,0,-0.0801,-0.1501,0.9854,0,0,16.6717,-2.5162,1]},
{"frame":37,"values":[0.992,-0.1093,0.0636,0,0.0933,0.9723,0.2144,0,-0.0853,-0.2068,0.9747,0,0,16.6717,-2.5162,1]},
{"frame":38,"values":[0.9926,-0.1076,0.056,0,0.0868,0.9526,0.2914,0,-0.0847,-0.2844,0.955,0,0,16.6717,-2.5162,1]},
{"frame":39,"values":[0.9914,-0.1282,0.0273,0,0.1074,0.9139,0.3916,0,-0.0751,-0.3853,0.9197,0,0,16.6717,-2.5162,1]},
{"frame":40,"values":[0.9973,-0.0606,0.0422,0,0.0405,0.9268,0.3733,0,-0.0617,-0.3706,0.9267,0,0,16.6717,-2.5162,1]},
{"frame":41,"values":[0.9943,0.0737,0.0764,0,-0.0835,0.9874,0.1342,0,-0.0655,-0.1398,0.988,0,0,16.6717,-2.5162,1]},
{"frame":42,"values":[0.9696,0.1551,0.1893,0,-0.1494,0.9878,-0.0441,0,-0.1938,0.0145,0.9809,0,0,16.6717,-2.5162,1]},
{"frame":43,"values":[0.8971,0.2353,0.3739,0,-0.185,0.9687,-0.1656,0,-0.4011,0.0794,0.9126,0,0,16.6717,-2.5162,1]},
{"frame":44,"values":[0.8707,0.2293,0.4351,0,-0.1751,0.9712,-0.1614,0,-0.4595,0.0643,0.8858,0,0,16.6717,-2.5162,1]},
{"frame":45,"values":[0.8662,0.1865,0.4635,0,-0.1653,0.9825,-0.0864,0,-0.4715,-0.0017,0.8819,0,0,16.6717,-2.5162,1]},
{"frame":46,"values":[0.8735,0.1423,0.4656,0,-0.1592,0.9872,-0.0031,0,-0.4602,-0.0714,0.885,0,0,16.6717,-2.5162,1]},
{"frame":47,"values":[0.8846,0.1304,0.4477,0,-0.1621,0.9862,0.033,0,-0.4372,-0.1018,0.8936,0,0,16.6717,-2.5162,1]},
{"frame":48,"values":[0.8993,0.1803,0.3985,0,-0.1824,0.9827,-0.0329,0,-0.3975,-0.0431,0.9166,0,0,16.6717,-2.5162,1]},
{"frame":49,"values":[0.9162,0.2483,0.3144,0,-0.2135,0.9667,-0.1412,0,-0.339,0.0623,0.9387,0,0,16.6717,-2.5162,1]},
{"frame":50,"values":[0.928,0.2723,0.2544,0,-0.235,0.9574,-0.1675,0,-0.2892,0.0957,0.9525,0,0,16.6717,-2.5162,1]},
{"frame":51,"values":[0.9368,0.285,0.2028,0,-0.2514,0.9518,-0.1759,0,-0.2432,0.1138,0.9633,0,0,16.6717,-2.5162,1]},
{"frame":52,"values":[0.9383,0.2907,0.1875,0,-0.2587,0.9495,-0.1775,0,-0.2296,0.118,0.9661,0,0,16.6717,-2.5162,1]},
{"frame":53,"values":[0.936,0.2906,0.1985,0,-0.2582,0.9503,-0.1739,0,-0.2392,0.1115,0.9646,0,0,16.6717,-2.5162,1]},
{"frame":54,"values":[0.9319,0.2807,0.2298,0,-0.2471,0.9549,-0.1645,0,-0.2657,0.0965,0.9592,0,0,16.6717,-2.5162,1]},
{"frame":55,"values":[0.9277,0.2721,0.2555,0,-0.2385,0.9587,-0.1552,0,-0.2871,0.0831,0.9543,0,0,16.6717,-2.5162,1]},
{"frame":56,"values":[0.9259,0.2675,0.2667,0,-0.2372,0.9612,-0.1405,0,-0.2939,0.0669,0.9535,0,0,16.6717,-2.5162,1]}],"loopBehavior":1,"name":"anim","property":"_matrix"}},
{"name":"mixamorig:Head","index":5,"matrix":[0.7862,0.064,0.6146,0,0.0333,0.9888,-0.1455,0,-0.6171,0.1348,0.7753,0,0,9.6179,1.685,1],"rest":[1,0,0,0,0,1,0,0,0,0,1,0,0,9.6179,1.685,1],"parentBoneIndex":4,"length":13.7945
,"animation":{"dataType":3,"framePerSecond":24,"keys":[
{"frame":1,"values":[0.9124,-0.1126,-0.3935,0,0.0796,0.9919,-0.0993,0,0.4015,0.0593,0.9139,0,0,9.6179,1.685,1]},
{"frame":2,"values":[0.9342,-0.1197,-0.3361,0,0.0711,0.9856,-0.1534,0,0.3497,0.1194,0.9292,0,0,9.6179,1.685,1]},
{"frame":3,"values":[0.972,-0.0869,-0.2186,0,0.0454,0.9811,-0.1879,0,0.2308,0.1727,0.9576,0,0,9.6179,1.685,1]},
{"frame":4,"values":[0.9959,0.0772,-0.0478,0,-0.0798,0.9952,-0.0565,0,0.0432,0.06,0.9973,0,0,9.6179,1.685,1]},
{"frame":5,"values":[0.9986,0.0482,0.0209,0,-0.051,0.985,0.1647,0,-0.0127,-0.1656,0.9861,0,0,9.6179,1.685,1]},
{"frame":6,"values":[0.9996,0.017,0.0233,0,-0.021,0.983,0.1825,0,-0.0198,-0.1829,0.9829,0,0,9.6179,1.685,1]},
{"frame":7,"values":[0.9998,-0.0002,0.0188,0,-0.0022,0.9923,0.1234,0,-0.0187,-0.1235,0.9922,0,0,9.6179,1.685,1]},
{"frame":8,"values":[0.9998,-0.0072,0.0193,0,0.0065,0.9993,0.0366,0,-0.0196,-0.0365,0.9991,0,0,9.6179,1.685,1]},
{"frame":9,"values":[0.9997,-0.0108,0.0228,0,0.0121,0.9982,-0.0584,0,-0.0221,0.0587,0.998,0,0,9.6179,1.685,1]},
{"frame":10,"values":[0.9995,-0.0119,0.028,0,0.016,0.9881,-0.1529,0,-0.0258,0.1533,0.9878,0,0,9.6179,1.685,1]},
{"frame":11,"values":[0.9994,-0.0121,0.0337,0,0.0198,0.9711,-0.2379,0,-0.0298,0.2384,0.9707,0,0,9.6179,1.685,1]},
{"frame":12,"values":[0.9991,-0.0137,0.0396,0,0.0252,0.9521,-0.3047,0,-0.0335,0.3054,0.9516,0,0,9.6179,1.685,1]},
{"frame":13,"values":[0.9988,-0.0187,0.0457,0,0.0334,0.9373,-0.3468,0,-0.0363,0.3479,0.9368,0,0,9.6179,1.685,1]},
{"frame":14,"values":[0.9983,-0.0289,0.0514,0,0.0455,0.9319,-0.36,0,-0.0375,0.3617,0.9315,0,0,9.6179,1.685,1]},
{"frame":15,"values":[0.9975,-0.0431,0.0564,0,0.0602,0.9345,-0.3507,0,-0.0376,0.3532,0.9348,0,0,9.6179,1.685,1]},
{"frame":16,"values":[0.9964,-0.0601,0.0602,0,0.0764,0.9428,-0.3245,0,-0.0373,0.3279,0.944,0,0,9.6179,1.685,1]},
{"frame":17,"values":[0.9949,-0.0783,0.0629,0,0.0932,0.9531,-0.2879,0,-0.0374,0.2923,0.9556,0,0,9.6179,1.685,1]},
{"frame":18,"values":[0.9933,-0.0961,0.0648,0,0.1093,0.9628,-0.2471,0,-0.0387,0.2525,0.9668,0,0,9.6179,1.685,1]},
{"frame":19,"values":[0.9914,-0.112,0.0673,0,0.1237,0.9701,-0.2086,0,-0.0419,0.2152,0.9757,0,0,9.6179,1.685,1]},
{"frame":20,"values":[0.9895,-0.126,0.071,0,0.1362,0.9769,-0.1647,0,-0.0486,0.1727,0.9838,0,0,9.6179,1.685,1]},
{"frame":21,"values":[0.9873,-0.1405,0.074,0,0.1484,0.9822,-0.115,0,-0.0565,0.1245,0.9906,0,0,9.6179,1.685,1]},
{"frame":22,"values":[0.9849,-0.1553,0.0761,0,0.1602,0.985,-0.0634,0,-0.0651,0.0747,0.9951,0,0,9.6179,1.685,1]},
{"frame":23,"values":[0.9824,-0.1698,0.0775,0,0.1714,0.9851,-0.0139,0,-0.074,0.0269,0.9969,0,0,9.6179,1.685,1]},
{"frame":24,"values":[0.9799,-0.1833,0.0786,0,0.1815,0.9829,0.0297,0,-0.0827,-0.0149,0.9965,0,0,9.6179,1.685,1]},
{"frame":25,"values":[0.9775,-0.1951,0.08,0,0.1903,0.9797,0.0637,0,-0.0908,-0.0471,0.9948,0,0,9.6179,1.685,1]},
{"frame":26,"values":[0.9753,-0.205,0.0823,0,0.1978,0.9763,0.0877,0,-0.0983,-0.0692,0.9927,0,0,9.6179,1.685,1]},
{"frame":27,"values":[0.9732,-0.2133,0.0855,0,0.2041,0.9733,0.1048,0,-0.1055,-0.0846,0.9908,0,0,9.6179,1.685,1]},
{"frame":28,"values":[0.9713,-0.2203,0.0897,0,0.2095,0.9709,0.1159,0,-0.1126,-0.0938,0.9892,0,0,9.6179,1.685,1]},
{"frame":29,"values":[0.9695,-0.2259,0.095,0,0.2139,0.9693,0.1214,0,-0.1195,-0.0974,0.988,0,0,9.6179,1.685,1]},
{"frame":30,"values":[0.9678,-0.2302,0.1016,0,0.2175,0.9684,0.1221,0,-0.1265,-0.0961,0.9873,0,0,9.6179,1.685,1]},
{"frame":31,"values":[0.9662,-0.2334,0.1095,0,0.2205,0.9682,0.1184,0,-0.1336,-0.0903,0.9869,0,0,9.6179,1.685,1]},
{"frame":32,"values":[0.9647,-0.2345,0.1198,0,0.2224,0.9692,0.106,0,-0.1409,-0.0756,0.9871,0,0,9.6179,1.685,1]},
{"frame":33,"values":[0.9635,-0.2325,0.133,0,0.223,0.9713,0.0828,0,-0.1484,-0.0502,0.9877,0,0,9.6179,1.685,1]},
{"frame":34,"values":[0.9623,-0.2288,0.1468,0,0.2227,0.9732,0.057,0,-0.1559,-0.0221,0.9875,0,0,9.6179,1.685,1]},
{"frame":35,"values":[0.9613,-0.2252,0.1589,0,0.2222,0.9743,0.0366,0,-0.163,0.0001,0.9866,0,0,9.6179,1.685,1]},
{"frame":36,"values":[0.9602,-0.2244,0.1664,0,0.2221,0.9745,0.0326,0,-0.1695,0.0057,0.9855,0,0,9.6179,1.685,1]},
{"frame":37,"values":[0.9591,-0.2268,0.1695,0,0.2225,0.9739,0.0445,0,-0.1752,-0.005,0.9845,0,0,9.6179,1.685,1]},
{"frame":38,"values":[0.952,-0.2579,0.1652,0,0.2478,0.9656,0.0794,0,-0.18,-0.0347,0.9831,0,0,9.6179,1.685,1]},
{"frame":39,"values":[0.9322,-0.3317,0.1451,0,0.312,0.9393,0.1427,0,-0.1837,-0.0878,0.9791,0,0,9.6179,1.685,1]},
{"frame":40,"values":[0.922,-0.3016,0.2427,0,0.2749,0.9515,0.1381,0,-0.2725,-0.0606,0.9602,0,0,9.6179,1.685,1]},
