{"producer":{"name":"Blender","version":"2.90.0","exporter_version":"6.4.4","file":"option_wave.babylon"},
"autoClear":true,"clearColor":[0.0509,0.0509,0.0509],"gravity":[0,-9.81,0],
"materials":[{"name":"Material","id":"Material","customType":"BABYLON.PBRMaterial","backFaceCulling":true,"checkReadyOnlyOnce":false,"maxSimultaneousLights":4,"environmentIntensity":1,"albedo":[0.8,0.8,0.8],"reflectivity":[0.5,0.5,0.5],"roughness":0.4,"alpha":1,"transparencyMode":0,"alphaCutOff":0.4,"metallic":0}],
"multiMaterials":[],
"skeletons":[{"name":"Armature","id":0,"dimensionsAtRest":[180.6981,191.5439,26.6006],"bones":[
{"name":"mixamorig:Hips","index":0,"matrix":[0.9992,-0.0119,0.0382,0,0.0119,0.9999,0.0007,0,0.0382,0.0002,-0.9993,0,0.0546,103.4515,-1.5103,1],"rest":[1,0,0,0,0,1,0,0,0,0,-1,0,0,103.9915,0,1],"parentBoneIndex":-1,"length":10.5593
,"animation":{"dataType":3,"framePerSecond":24,"keys":[
{"frame":1,"values":[0.9992,-0.0119,0.0382,0,0.0119,0.9999,0.0007,0,0.0382,0.0002,-0.9993,0,0.0547,103.4515,-1.5103,1]},
{"frame":2,"values":[0.999,-0.0071,0.0439,0,0.0071,1,-0.0002,0,0.0439,-0.0005,-0.999,0,-0.2246,103.278,-1.2724,1]},
{"frame":3,"values":[0.998,-0.0068,0.0633,0,0.0066,1,0.0038,0,0.0633,0.0034,-0.998,0,-0.4047,103.2307,-1.3511,1]},
{"frame":4,"values":[0.9975,-0.011,0.0704,0,0.0104,0.9999,0.0086,0,0.0704,0.0078,-0.9975,0,-0.3891,103.3217,-1.5799,1]},
{"frame":5,"values":[0.9978,-0.024,0.0621,0,0.0234,0.9997,0.0103,0,0.0623,0.0088,-0.998,0,-0.4265,103.4837,-1.7365,1]},
{"frame":6,"values":[0.9983,-0.0298,0.0499,0,0.0296,0.9996,0.0046,0,0.05,0.0031,-0.9987,0,-0.4293,103.5012,-1.8343,1]},
{"frame":7,"values":[0.9989,-0.0313,0.0338,0,0.0311,0.9995,0.0047,0,0.0339,0.0036,-0.9994,0,-0.4202,103.4956,-1.7965,1]},
{"frame":8,"values":[0.9991,-0.0286,0.0322,0,0.0283,0.9996,0.009,0,0.0324,0.008,-0.9994,0,-0.34,103.4729,-1.6294,1]},
{"frame":9,"values":[0.9985,-0.022,0.05,0,0.0211,0.9996,0.0188,0,0.0504,0.0177,-0.9986,0,-0.192,103.444,-1.2307,1]},
{"frame":10,"values":[0.9974,-0.0161,0.0704,0,0.0142,0.9995,0.0271,0,0.0708,0.026,-0.9972,0,-0.0334,103.4877,-1.2489,1]},
{"frame":11,"values":[0.9968,-0.012,0.0788,0,0.0103,0.9997,0.0212,0,0.079,0.0203,-0.9967,0,0.0919,103.5666,-1.5473,1]},
{"frame":12,"values":[0.9974,-0.01,0.071,0,0.0093,0.9999,0.0107,0,0.0711,0.01,-0.9974,0,0.2014,103.655,-1.8344,1]},
{"frame":13,"values":[0.9986,-0.0108,0.052,0,0.0105,0.9999,0.0052,0,0.0521,0.0046,-0.9986,0,0.2194,103.6258,-1.8011,1]},
{"frame":14,"values":[0.9992,-0.0119,0.0382,0,0.0119,0.9999,0.0007,0,0.0382,0.0002,-0.9993,0,0.0546,103.4515,-1.5103,1]}],"loopBehavior":1,"name":"anim","property":"_matrix"}},
{"name":"mixamorig:Spine","index":1,"matrix":[0.9812,0.1667,-0.0976,0,-0.1767,0.9787,-0.1048,0,0.0781,0.1201,0.9897,0,0,10.1816,0.1315,1],"rest":[1,0,0,0,0,1,0,0,0,0,1,0,0,10.1816,0.1315,1],"parentBoneIndex":0,"length":10.133
,"animation":{"dataType":3,"framePerSecond":24,"keys":[
{"frame":1,"values":[0.9812,0.1667,-0.0976,0,-0.1767,0.9787,-0.1048,0,0.0781,0.1201,0.9897,0,0,10.1816,0.1315,1]},
{"frame":2,"values":[0.9867,0.1452,-0.0733,0,-0.1529,0.9817,-0.1139,0,0.0554,0.1236,0.9908,0,0,10.1816,0.1315,1]},
{"frame":3,"values":[0.9884,0.137,-0.0653,0,-0.1436,0.9834,-0.1109,0,0.049,0.119,0.9917,0,0,10.1816,0.1315,1]},
{"frame":4,"values":[0.9853,0.1476,-0.0858,0,-0.1555,0.9833,-0.0942,0,0.0705,0.1061,0.9919,0,0,10.1816,0.1315,1]},
{"frame":5,"values":[0.9793,0.1653,-0.1167,0,-0.1747,0.9817,-0.0755,0,0.1021,0.0943,0.9903,0,0,10.1816,0.1315,1]},
{"frame":6,"values":[0.9767,0.1686,-0.1327,0,-0.1798,0.9807,-0.0767,0,0.1172,0.0988,0.9882,0,0,10.1816,0.1315,1]},
{"frame":7,"values":[0.9767,0.167,-0.1346,0,-0.1795,0.98,-0.0861,0,0.1176,0.1083,0.9871,0,0,10.1816,0.1315,1]},
{"frame":8,"values":[0.98,0.1598,-0.1189,0,-0.1712,0.9808,-0.0935,0,0.1017,0.112,0.9885,0,0,10.1816,0.1315,1]},
{"frame":9,"values":[0.9823,0.1578,-0.1008,0,-0.1671,0.9816,-0.092,0,0.0845,0.1072,0.9906,0,0,10.1816,0.1315,1]},
{"frame":10,"values":[0.9815,0.1681,-0.0914,0,-0.1759,0.9807,-0.0849,0,0.0754,0.0994,0.9922,0,0,10.1816,0.1315,1]},
{"frame":11,"values":[0.979,0.1813,-0.0931,0,-0.1896,0.9778,-0.0893,0,0.0748,0.1051,0.9916,0,0,10.1816,0.1315,1]},
{"frame":12,"values":[0.9763,0.189,-0.1055,0,-0.1988,0.9757,-0.0917,0,0.0856,0.1105,0.9902,0,0,10.1816,0.1315,1]},
{"frame":13,"values":[0.9763,0.1849,-0.1124,0,-0.1957,0.9762,-0.0934,0,0.0925,0.1132,0.9893,0,0,10.1816,0.1315,1]},
{"frame":14,"values":[0.9812,0.1667,-0.0976,0,-0.1767,0.9787,-0.1048,0,0.0781,0.1201,0.9897,0,0,10.1816,0.1315,1]}],"loopBehavior":1,"name":"anim","property":"_matrix"}},
{"name":"mixamorig:Spine1","index":2,"matrix":[0.9988,-0.0461,-0.0141,0,0.0469,0.9964,0.0704,0,0.0108,-0.0709,0.9974,0,0,10.0835,-1.0008,1],"rest":[1,0,0,0,0,1,0,0,0,0,1,0,0,10.0835,-1.0008,1],"parentBoneIndex":1,"length":9.203
,"animation":{"dataType":3,"framePerSecond":24,"keys":[
{"frame":1,"values":[0.9988,-0.0461,-0.0141,0,0.0469,0.9964,0.0704,0,0.0108,-0.0709,0.9974,0,0,10.0835,-1.0008,1]},
{"frame":2,"values":[0.9992,-0.0383,-0.0107,0,0.0389,0.9967,0.0706,0,0.0079,-0.071,0.9974,0,0,10.0835,-1.0008,1]},
{"frame":3,"values":[0.9992,-0.0377,-0.0095,0,0.0382,0.9968,0.0707,0,0.0068,-0.071,0.9975,0,0,10.0835,-1.0008,1]},
{"frame":4,"values":[0.9989,-0.045,-0.0122,0,0.0457,0.9968,0.0654,0,0.0093,-0.0659,0.9978,0,0,10.0835,-1.0008,1]},
{"frame":5,"values":[0.9984,-0.0547,-0.0164,0,0.0555,0.9969,0.0554,0,0.0133,-0.0563,0.9983,0,0,10.0835,-1.0008,1]},
{"frame":6,"values":[0.9981,-0.0591,-0.0186,0,0.06,0.9968,0.053,0,0.0154,-0.054,0.9984,0,0,10.0835,-1.0008,1]},
{"frame":7,"values":[0.9985,-0.0512,-0.0195,0,0.0522,0.997,0.0568,0,0.0166,-0.0578,0.9982,0,0,10.0835,-1.0008,1]},
{"frame":8,"values":[0.999,-0.0409,-0.0177,0,0.042,0.9971,0.0629,0,0.0151,-0.0636,0.9979,0,0,10.0835,-1.0008,1]},
{"frame":9,"values":[0.9991,-0.0384,-0.0151,0,0.0394,0.997,0.0667,0,0.0125,-0.0672,0.9977,0,0,10.0835,-1.0008,1]},
{"frame":10,"values":[0.9989,-0.045,-0.0132,0,0.0458,0.9967,0.0666,0,0.0101,-0.0671,0.9977,0,0,10.0835,-1.0008,1]},
{"frame":11,"values":[0.9985,-0.0534,-0.0125,0,0.0541,0.9965,0.0644,0,0.0091,-0.065,0.9978,0,0,10.0835,-1.0008,1]},
{"frame":12,"values":[0.9983,-0.0571,-0.0142,0,0.0579,0.9962,0.0654,0,0.0104,-0.0661,0.9978,0,0,10.0835,-1.0008,1]},
{"frame":13,"values":[0.9984,-0.0542,-0.0158,0,0.0551,0.9961,0.0683,0,0.012,-0.069,0.9975,0,0,10.0835,-1.0008,1]},
{"frame":14,"values":[0.9988,-0.0461,-0.0141,0,0.0469,0.9964,0.0704,0,0.0108,-0.0709,0.9974,0,0,10.0835,-1.0008,1]}],"loopBehavior":1,"name":"anim","property":"_matrix"}},
{"name":"mixamorig:Spine2","index":3,"matrix":[0.9989,-0.0449,-0.0126,0,0.0457,0.9964,0.0713,0,0.0093,-0.0718,0.9974,0,0,9.1,-1.3734,1],"rest":[1,0,0,0,0,1,0,0,0,0,1,0,0,9.1,-1.3734,1],"parentBoneIndex":2,"length":13.7198
,"animation":{"dataType":3,"framePerSecond":24,"keys":[
{"frame":1,"values":[0.9989,-0.0449,-0.0126,0,0.0457,0.9964,0.0713,0,0.0093,-0.0718,0.9974,0,0,9.1,-1.3734,1]},
{"frame":2,"values":[0.9993,-0.0374,-0.0089,0,0.0379,0.9967,0.0712,0,0.0062,-0.0715,0.9974,0,0,9.1,-1.3734,1]},
{"frame":3,"values":[0.9993,-0.0369,-0.0076,0,0.0373,0.9968,0.0713,0,0.005,-0.0715,0.9974,0,0,9.1,-1.3734,1]},
{"frame":4,"values":[0.999,-0.0441,-0.0109,0,0.0448,0.9968,0.0662,0,0.008,-0.0666,0.9977,0,0,9.1,-1.3734,1]},
{"frame":5,"values":[0.9984,-0.0537,-0.0158,0,0.0545,0.9969,0.0566,0,0.0127,-0.0574,0.9983,0,0,9.1,-1.3734,1]},
{"frame":6,"values":[0.9982,-0.058,-0.0182,0,0.0589,0.9968,0.0544,0,0.015,-0.0553,0.9984,0,0,9.1,-1.3734,1]},
{"frame":7,"values":[0.9986,-0.0499,-0.0191,0,0.0509,0.997,0.0581,0,0.0161,-0.059,0.9981,0,0,9.1,-1.3734,1]},
{"frame":8,"values":[0.9991,-0.0397,-0.0171,0,0.0407,0.9971,0.0639,0,0.0145,-0.0645,0.9978,0,0,9.1,-1.3734,1]},
{"frame":9,"values":[0.9992,-0.0374,-0.0142,0,0.0382,0.997,0.0675,0,0.0116,-0.068,0.9976,0,0,9.1,-1.3734,1]},
{"frame":10,"values":[0.999,-0.044,-0.012,0,0.0447,0.9967,0.0674,0,0.009,-0.0679,0.9977,0,0,9.1,-1.3734,1]},
{"frame":11,"values":[0.9986,-0.0524,-0.0114,0,0.0531,0.9964,0.0654,0,0.0079,-0.0659,0.9978,0,0,9.1,-1.3734,1]},
{"frame":12,"values":[0.9983,-0.056,-0.0132,0,0.0568,0.9962,0.0666,0,0.0094,-0.0672,0.9977,0,0,9.1,-1.3734,1]},
{"frame":13,"values":[0.9985,-0.0529,-0.0147,0,0.0538,0.9961,0.0695,0,0.0109,-0.0702,0.9975,0,0,9.1,-1.3734,1]},
{"frame":14,"values":[0.9989,-0.0449,-0.0126,0,0.0457,0.9964,0.0713,0,0.0093,-0.0718,0.9974,0,0,9.1,-1.3734,1]}],"loopBehavior":1,"name":"anim","property":"_matrix"}},
{"name":"mixamorig:Neck","index":4,"matrix":[0.9954,-0.0233,-0.0933,0,0.0064,0.984,-0.1782,0,0.096,0.1768,0.9796,0,0,16.6717,-2.5162,1],"rest":[1,0,0,0,0,1,0,0,0,0,1,0,0,16.6717,-2.5162,1],"parentBoneIndex":3,"length":9.7644
,"animation":{"dataType":3,"framePerSecond":24,"keys":[
{"frame":1,"values":[0.9954,-0.0233,-0.0933,0,0.0064,0.984,-0.1782,0,0.096,0.1768,0.9796,0,0,16.6717,-2.5162,1]},
{"frame":2,"values":[0.996,-0.0067,-0.0887,0,-0.0103,0.9819,-0.1891,0,0.0884,0.1892,0.9779,0,0,16.6717,-2.5162,1]},
{"frame":3,"values":[0.9961,-0.0132,-0.0875,0,-0.0039,0.9812,-0.193,0,0.0884,0.1925,0.9773,0,0,16.6717,-2.5162,1]},
{"frame":4,"values":[0.9956,-0.0318,-0.0884,0,0.0156,0.9839,-0.1781,0,0.0927,0.176,0.98,0,0,16.6717,-2.5162,1]},
{"frame":5,"values":[0.9947,-0.0488,-0.0902,0,0.0343,0.9871,-0.1565,0,0.0967,0.1526,0.9836,0,0,16.6717,-2.5162,1]},
{"frame":6,"values":[0.9945,-0.0466,-0.0933,0,0.0318,0.9875,-0.1543,0,0.0993,0.1505,0.9836,0,0,16.6717,-2.5162,1]},
{"frame":7,"values":[0.9953,-0.027,-0.0925,0,0.0115,0.9864,-0.1638,0,0.0957,0.162,0.9821,0,0,16.6717,-2.5162,1]},
{"frame":8,"values":[0.9959,-0.0138,-0.0895,0,-0.0021,0.9845,-0.1751,0,0.0906,0.1746,0.9805,0,0,16.6717,-2.5162,1]},
{"frame":9,"values":[0.996,-0.019,-0.0876,0,0.0025,0.9828,-0.1844,0,0.0896,0.1835,0.9789,0,0,16.6717,-2.5162,1]},
{"frame":10,"values":[0.9948,-0.0406,-0.0929,0,0.0229,0.9826,-0.1841,0,0.0988,0.181,0.9785,0,0,16.6717,-2.5162,1]},
{"frame":11,"values":[0.9925,-0.0645,-0.1036,0,0.0462,0.9843,-0.1701,0,0.113,0.1641,0.98,0,0,16.6717,-2.5162,1]},
{"frame":12,"values":[0.9916,-0.072,-0.1075,0,0.0542,0.9856,-0.1601,0,0.1175,0.153,0.9812,0,0,16.6717,-2.5162,1]},
{"frame":13,"values":[0.9934,-0.0543,-0.1011,0,0.037,0.9855,-0.1657,0,0.1086,0.1608,0.981,0,0,16.6717,-2.5162,1]},
{"frame":14,"values":[0.9954,-0.0233,-0.0933,0,0.0064,0.984,-0.1782,0,0.096,0.1768,0.9796,0,0,16.6717,-2.5162,1]}],"loopBehavior":1,"name":"anim","property":"_matrix"}},
{"name":"mixamorig:Head","index":5,"matrix":[0.9951,0.0049,0.0991,0,0.0122,0.9851,-0.1713,0,-0.0985,0.1716,0.9802,0,0,9.6179,1.685,1],"rest":[1,0,0,0,0,1,0,0,0,0,1,0,0,9.6179,1.685,1],"parentBoneIndex":4,"length":13.7945
,"animation":{"dataType":3,"framePerSecond":24,"keys":[
{"frame":1,"values":[0.9951,0.0049,0.0991,0,0.0122,0.9851,-0.1713,0,-0.0985,0.1716,0.9802,0,0,9.6179,1.685,1]},
{"frame":2,"values":[0.9947,0.0113,0.1019,0,0.0061,0.9856,-0.1692,0,-0.1023,0.169,0.9803,0,0,9.6179,1.685,1]},
{"frame":3,"values":[0.9945,0.0098,0.1046,0,0.008,0.9858,-0.1678,0,-0.1047,0.1677,0.9803,0,0,9.6179,1.685,1]},
{"frame":4,"values":[0.9944,0.0142,0.1052,0,0.0034,0.9863,-0.165,0,-0.1061,0.1645,0.9807,0,0,9.6179,1.685,1]},
{"frame":5,"values":[0.9943,0.0189,0.1052,0,-0.0018,0.987,-0.1608,0,-0.1069,0.1597,0.9814,0,0,9.6179,1.685,1]},
{"frame":6,"values":[0.9947,0.0219,0.1007,0,-0.0052,0.9866,-0.1629,0,-0.1029,0.1615,0.9815,0,0,9.6179,1.685,1]},
{"frame":7,"values":[0.9948,0.0269,0.0978,0,-0.0101,0.9857,-0.1684,0,-0.1009,0.1665,0.9809,0,0,9.6179,1.685,1]},
{"frame":8,"values":[0.9946,0.029,0.0992,0,-0.0117,0.9852,-0.1708,0,-0.1027,0.1687,0.9803,0,0,9.6179,1.685,1]},
{"frame":9,"values":[0.9944,0.0247,0.1026,0,-0.0071,0.9856,-0.1687,0,-0.1053,0.1671,0.9803,0,0,9.6179,1.685,1]},
{"frame":10,"values":[0.9948,0.0111,0.101,0,0.0059,0.986,-0.1665,0,-0.1015,0.1663,0.9808,0,0,9.6179,1.685,1]},
{"frame":11,"values":[0.9955,-0.0043,0.0942,0,0.0199,0.986,-0.1653,0,-0.0921,0.1664,0.9817,0,0,9.6179,1.685,1]},
{"frame":12,"values":[0.9957,-0.0117,0.0919,0,0.0268,0.986,-0.1645,0,-0.0887,0.1663,0.9821,0,0,9.6179,1.685,1]},
{"frame":13,"values":[0.9954,-0.0062,0.0954,0,0.0222,0.9856,-0.1674,0,-0.0929,0.1687,0.9813,0,0,9.6179,1.685,1]},
{"frame":14,"values":[0.9951,0.0049,0.0991,0,0.0122,0.9851,-0.1713,0,-0.0985,0.1716,0.9802,0,0,9.6179,1.685,1]}],"loopBehavior":1,"name":"anim","property":"_matrix"}},
{"name":"mixamorig:HeadTop_End","index":6,"matrix":[1,0,0,0,0,1,0,0,0,0,1,0,0,17.8152,2.585,1],"rest":[1,0,0,0,0,1,0,0,0,0,1,0,0,17.8152,2.585,1],"parentBoneIndex":5,"length":13.7945
,"animation":{"dataType":3,"framePerSecond":24,"keys":[
{"frame":1,"values":[1,0,0,0,0,1,0,0,0,0,1,0,0,17.8152,2.585,1]},
{"frame":14,"values":[1,0,0,0,0,1,0,0,0,0,1,0,0,17.8152,2.585,1]}],"loopBehavior":1,"name":"anim","property":"_matrix"}},
{"name":"mixamorig:LeftEye","index":7,"matrix":[1,0,0,0,0,1,0,0,0,0,1,0,3.0676,6.4095,9.2836,1],"rest":[1,0,0,0,0,1,0,0,0,0,1,0,3.0676,6.4095,9.2836,1],"parentBoneIndex":5,"length":13.7945
,"animation":{"dataType":3,"framePerSecond":24,"keys":[
{"frame":1,"values":[1,0,0,0,0,1,0,0,0,0,1,0,3.0676,6.4095,9.2836,1]},
{"frame":14,"values":[1,0,0,0,0,1,0,0,0,0,1,0,3.0676,6.4095,9.2836,1]}],"loopBehavior":1,"name":"anim","property":"_matrix"}},
{"name":"mixamorig:RightEye","index":8,"matrix":[1,0,0,0,0,1,0,0,0,0,1,0,-3.0676,6.4095,9.2835,1],"rest":[1,0,0,0,0,1,0,0,0,0,1,0,-3.0676,6.4095,9.2835,1],"parentBoneIndex":5,"length":13.7945
,"animation":{"dataType":3,"framePerSecond":24,"keys":[
{"frame":1,"values":[1,0,0,0,0,1,0,0,0,0,1,0,-3.0676,6.4095,9.2835,1]},
{"frame":14,"values":[1,0,0,0,0,1,0,0,0,0,1,0,-3.0676,6.4095,9.2835,1]}],"loopBehavior":1,"name":"anim","property":"_matrix"}},
{"name":"mixamorig:LeftShoulder","index":9,"matrix":[0.9933,-0.044,-0.107,0,0.0427,0.999,-0.0136,0,0.1074,0.009,0.9942,0,4.5704,10.946,-2.628,1],"rest":[1,0,0,0,0,1,0,0,0,0,1,0,4.5704,10.946,-2.628,1],"parentBoneIndex":3,"length":10.8377
,"animation":{"dataType":3,"framePerSecond":24,"keys":[
{"frame":1,"values":[0.9933,-0.0439,-0.107,0,0.0427,0.999,-0.0137,0,0.1075,0.009,0.9942,0,4.5704,10.946,-2.628,1]},
{"frame":2,"values":[0.9928,-0.0493,-0.1088,0,0.048,0.9987,-0.0143,0,0.1093,0.009,0.994,0,4.5704,10.946,-2.628,1]},
{"frame":3,"values":[0.9923,-0.0557,-0.1109,0,0.0543,0.9984,-0.0151,0,0.1116,0.009,0.9937,0,4.5704,10.946,-2.628,1]},
{"frame":4,"values":[0.9917,-0.0613,-0.1129,0,0.0599,0.9981,-0.0159,0,0.1136,0.009,0.9935,0,4.5704,10.946,-2.628,1]},
{"frame":5,"values":[0.9914,-0.0646,-0.114,0,0.0631,0.9979,-0.0163,0,0.1149,0.009,0.9933,0,4.5704,10.946,-2.628,1]},
{"frame":6,"values":[0.9915,-0.0629,-0.1137,0,0.0615,0.998,-0.0161,0,0.1144,0.009,0.9934,0,4.5704,10.946,-2.628,1]},
{"frame":7,"values":[0.9926,-0.0521,-0.1101,0,0.0508,0.9986,-0.0148,0,0.1107,0.0091,0.9938,0,4.5704,10.946,-2.628,1]},
{"frame":8,"values":[0.9936,-0.0412,-0.1052,0,0.04,0.9991,-0.0131,0,0.1057,0.0088,0.9944,0,4.5704,10.946,-2.628,1]},
{"frame":9,"values":[0.9944,-0.0316,-0.1006,0,0.0306,0.9995,-0.0116,0,0.101,0.0084,0.9949,0,4.5704,10.946,-2.628,1]},
{"frame":10,"values":[0.994,-0.0367,-0.1033,0,0.0356,0.9993,-0.0124,0,0.1037,0.0087,0.9946,0,4.5704,10.946,-2.628,1]},
{"frame":11,"values":[0.9917,-0.0611,-0.1135,0,0.0597,0.9981,-0.016,0,0.1143,0.0091,0.9934,0,4.5704,10.946,-2.628,1]},
{"frame":12,"values":[0.99,-0.0761,-0.1188,0,0.0744,0.9971,-0.0181,0,0.1198,0.009,0.9928,0,4.5704,10.946,-2.628,1]},
{"frame":13,"values":[0.9914,-0.0649,-0.1139,0,0.0634,0.9979,-0.0163,0,0.1147,0.0089,0.9934,0,4.5704,10.946,-2.628,1]},
{"frame":14,"values":[0.9933,-0.044,-0.107,0,0.0427,0.999,-0.0136,0,0.1074,0.009,0.9942,0,4.5704,10.946,-2.628,1]}],"loopBehavior":1,"name":"anim","property":"_matrix"}},
{"name":"mixamorig:LeftArm","index":10,"matrix":[0.3979,-0.854,0.3351,0,0.3206,0.4717,0.8214,0,-0.8596,-0.2195,0.4615,0,10.5924,-0.5246,-2.2321,1],"rest":[1,0,0,0,0,1,0,0,0,0,1,0,10.5924,-0.5246,-2.2321,1],"parentBoneIndex":9,"length":27.8415
,"animation":{"dataType":3,"framePerSecond":24,"keys":[
{"frame":1,"values":[0.3979,-0.854,0.3351,0,0.3206,0.4717,0.8214,0,-0.8596,-0.2195,0.4615,0,10.5924,-0.5246,-2.2321,1]},
{"frame":2,"values":[0.423,-0.8537,0.3038,0,0.3337,0.4585,0.8237,0,-0.8425,-0.247,0.4788,0,10.5924,-0.5246,-2.2321,1]},
{"frame":3,"values":[0.4373,-0.8515,0.2892,0,0.3438,0.4555,0.8212,0,-0.831,-0.2597,0.4919,0,10.5924,-0.5246,-2.2321,1]},
{"frame":4,"values":[0.441,-0.8519,0.2827,0,0.3543,0.4546,0.8172,0,-0.8246,-0.2602,0.5022,0,10.5924,-0.5246,-2.2321,1]},
{"frame":5,"values":[0.452,-0.8499,0.2709,0,0.3674,0.4541,0.8117,0,-0.8129,-0.2673,0.5175,0,10.5924,-0.5246,-2.2321,1]},
{"frame":6,"values":[0.4645,-0.8473,0.2574,0,0.3855,0.4552,0.8026,0,-0.7972,-0.2736,0.5381,0,10.5924,-0.5246,-2.2321,1]},
{"frame":7,"values":[0.4387,-0.8611,0.257,0,0.4108,0.4466,0.7949,0,-0.7992,-0.2432,0.5497,0,10.5924,-0.5246,-2.2321,1]},
{"frame":8,"values":[0.4221,-0.8681,0.2613,0,0.4065,0.4389,0.8013,0,-0.8103,-0.232,0.5382,0,10.5924,-0.5246,-2.2321,1]},
{"frame":9,"values":[0.4113,-0.8662,0.2837,0,0.3692,0.4429,0.817,0,-0.8334,-0.2313,0.502,0,10.5924,-0.5246,-2.2321,1]},
{"frame":10,"values":[0.4185,-0.853,0.3119,0,0.3185,0.4594,0.8292,0,-0.8506,-0.2477,0.4639,0,10.5924,-0.5246,-2.2321,1]},
{"frame":11,"values":[0.4406,-0.8313,0.3388,0,0.2695,0.4825,0.8334,0,-0.8563,-0.2759,0.4367,0,10.5924,-0.5246,-2.2321,1]},
{"frame":12,"values":[0.4375,-0.8231,0.3622,0,0.256,0.5001,0.8273,0,-0.862,-0.2692,0.4295,0,10.5924,-0.5246,-2.2321,1]},
{"frame":13,"values":[0.4116,-0.8367,0.3613,0,0.2904,0.4962,0.8182,0,-0.8638,-0.2318,0.4472,0,10.5924,-0.5246,-2.2321,1]},
{"frame":14,"values":[0.3979,-0.854,0.3351,0,0.3206,0.4717,0.8214,0,-0.8596,-0.2195,0.4615,0,10.5924,-0.5246,-2.2321,1]}],"loopBehavior":1,"name":"anim","property":"_matrix"}},
{"name":"mixamorig:LeftForeArm","index":11,"matrix":[0.9017,0,0.4324,0,0,1,0,0,-0.4324,0,0.9017,0,27.8415,-0.0001,0,1],"rest":[1,0,0,0,0,1,0,0,0,0,1,0,27.8415,-0.0001,0,1],"parentBoneIndex":10,"length":28.3288
,"animation":{"dataType":3,"framePerSecond":24,"keys":[
{"frame":1,"values":[0.9017,0,0.4324,0,0,1,0,0,-0.4324,0,0.9017,0,27.8415,-0.0001,0,1]},
{"frame":2,"values":[0.8796,0,0.4758,0,0,1,0,0,-0.4758,0,0.8796,0,27.8415,-0.0001,0,1]},
{"frame":3,"values":[0.8651,0,0.5016,0,0,1,0,0,-0.5016,0,0.8651,0,27.8415,-0.0001,0,1]},
{"frame":4,"values":[0.861,0,0.5086,0,0,1,0,0,-0.5086,0,0.861,0,27.8415,-0.0001,0,1]},
{"frame":5,"values":[0.8524,0,0.5229,0,0,1,0,0,-0.5229,0,0.8524,0,27.8415,-0.0001,0,1]},
{"frame":6,"values":[0.8389,0,0.5442,0,0,1,0,0,-0.5442,0,0.8389,0,27.8415,-0.0001,0,1]},
{"frame":7,"values":[0.8534,0,0.5212,0,0,1,0,0,-0.5212,0,0.8534,0,27.8415,-0.0001,0,1]},
{"frame":8,"values":[0.8612,0,0.5082,0,0,1,0,0,-0.5082,0,0.8612,0,27.8415,-0.0001,0,1]},
{"frame":9,"values":[0.8731,0,0.4875,0,0,1,0,0,-0.4875,0,0.8731,0,27.8415,-0.0001,0,1]},
{"frame":10,"values":[0.8836,0,0.4682,0,0,1,0,0,-0.4682,0,0.8836,0,27.8415,-0.0001,0,1]},
{"frame":11,"values":[0.8884,0,0.459,0,0,1,0,0,-0.459,0,0.8884,0,27.8415,-0.0001,0,1]},
{"frame":12,"values":[0.898,0,0.44,0,0,1,0,0,-0.44,0,0.898,0,27.8415,-0.0001,0,1]},
{"frame":13,"values":[0.9061,0,0.4231,0,0,1,0,0,-0.4231,0,0.9061,0,27.8415,-0.0001,0,1]},
{"frame":14,"values":[0.9017,0,0.4324,0,0,1,0,0,-0.4324,0,0.9017,0,27.8415,-0.0001,0,1]}],"loopBehavior":1,"name":"anim","property":"_matrix"}},
{"name":"mixamorig:LeftHand","index":12,"matrix":[0.9942,-0.049,0.0956,0,0.091,0.857,-0.5071,0,-0.0571,0.5129,0.8565,0,28.3288,0,0,1],"rest":[1,0,0,0,0,1,0.0005,0,0,-0.0005,1,0,28.3288,0,0,1],"parentBoneIndex":11,"length":8.2279
,"animation":{"dataType":3,"framePerSecond":24,"keys":[
{"frame":1,"values":[0.9942,-0.049,0.0956,0,0.091,0.857,-0.5071,0,-0.0571,0.5129,0.8565,0,28.3288,0,0,1]},
{"frame":2,"values":[0.999,-0.0225,0.0386,0,0.0393,0.8543,-0.5184,0,-0.0213,0.5194,0.8543,0,28.3288,0,0,1]},
{"frame":3,"values":[1,-0.0063,-0.0026,0,0.0041,0.8651,-0.5016,0,0.0054,0.5015,0.8651,0,28.3288,0,0,1]},
{"frame":4,"values":[0.9995,0.0033,-0.0318,0,-0.0179,0.8828,-0.4693,0,0.0265,0.4697,0.8824,0,28.3288,0,0,1]},
{"frame":5,"values":[0.998,0.0147,-0.0611,0,-0.0405,0.8939,-0.4464,0,0.048,0.448,0.8927,0,28.3288,0,0,1]},
{"frame":6,"values":[0.9963,0.0248,-0.082,0,-0.0591,0.8924,-0.4474,0,0.0621,0.4506,0.8906,0,28.3288,0,0,1]},
{"frame":7,"values":[0.9972,0.0199,-0.072,0,-0.0513,0.8826,-0.4674,0,0.0543,0.4698,0.8811,0,28.3288,0,0,1]},
{"frame":8,"values":[0.9996,-0.0038,-0.0278,0,-0.0102,0.8726,-0.4883,0,0.0262,0.4884,0.8723,0,28.3288,0,0,1]},
{"frame":9,"values":[0.999,-0.0337,0.0299,0,0.044,0.8703,-0.4905,0,-0.0095,0.4913,0.8709,0,28.3288,0,0,1]},
{"frame":10,"values":[0.9961,-0.0536,0.0702,0,0.0806,0.8757,-0.476,0,-0.036,0.4798,0.8766,0,28.3288,0,0,1]},
{"frame":11,"values":[0.9953,-0.0575,0.0779,0,0.0873,0.8811,-0.4649,0,-0.0419,0.4695,0.8819,0,28.3288,0,0,1]},
{"frame":12,"values":[0.996,-0.0523,0.0719,0,0.08,0.881,-0.4663,0,-0.0389,0.4702,0.8817,0,28.3288,0,0,1]},
{"frame":13,"values":[0.9959,-0.048,0.076,0,0.0788,0.8734,-0.4806,0,-0.0433,0.4847,0.8736,0,28.3288,0,0,1]},
{"frame":14,"values":[0.9942,-0.049,0.0956,0,0.091,0.857,-0.5071,0,-0.0571,0.5129,0.8565,0,28.3288,0,0,1]}],"loopBehavior":1,"name":"anim","property":"_matrix"}},
{"name":"mixamorig:LeftHandThumb1","index":13,"matrix":[0.9914,0.1097,-0.0714,0,-0.1154,0.9899,-0.0823,0,0.0616,0.0898,0.994,0,2.4661,-1.575,2.6824,1],"rest":[1,0.0002,0.0002,0,-0.0002,1,-0.0002,0,-0.0002,0.0002,1,0,2.4661,-1.575,2.6824,1],"parentBoneIndex":12,"length":4.1696
,"animation":{"dataType":3,"framePerSecond":24,"keys":[
{"frame":1,"values":[0.9914,0.1097,-0.0714,0,-0.1154,0.9899,-0.0823,0,0.0616,0.0898,0.994,0,2.4661,-1.575,2.6824,1]},
{"frame":14,"values":[0.9914,0.1097,-0.0714,0,-0.1154,0.9899,-0.0823,0,0.0616,0.0898,0.994,0,2.4661,-1.575,2.6824,1]}],"loopBehavior":1,"name":"anim","property":"_matrix"}},
{"name":"mixamorig:LeftHandThumb2","index":14,"matrix":[0.9294,0.2146,-0.3003,0,-0.179,0.9736,0.1416,0,0.3228,-0.0778,0.9433,0,3.2298,-1.8647,1.8647,1],"rest":[1,0,0,0,0,1,0,0,0,0,1,0,3.2298,-1.8647,1.8647,1],"parentBoneIndex":13,"length":3.4245
,"animation":{"dataType":3,"framePerSecond":24,"keys":[
{"frame":1,"values":[0.9294,0.2146,-0.3003,0,-0.179,0.9736,0.1416,0,0.3228,-0.0778,0.9433,0,3.2298,-1.8647,1.8647,1]},
{"frame":14,"values":[0.9294,0.2146,-0.3003,0,-0.179,0.9736,0.1416,0,0.3228,-0.0778,0.9433,0,3.2298,-1.8647,1.8647,1]}],"loopBehavior":1,"name":"anim","property":"_matrix"}},
{"name":"mixamorig:LeftHandThumb3","index":15,"matrix":[0.9727,0.2288,-0.0382,0,-0.2318,0.9654,-0.1193,0,0.0096,0.1249,0.9921,0,2.6526,-1.5315,1.5315,1],"rest":[1,0,0,0,0,1,0,0,0,0,1,0,2.6526,-1.5315,1.5315,1],"parentBoneIndex":14,"length":2.5234
,"animation":{"dataType":3,"framePerSecond":24,"keys":[
{"frame":1,"values":[0.9727,0.2288,-0.0382,0,-0.2318,0.9654,-0.1193,0,0.0096,0.1249,0.9921,0,2.6526,-1.5315,1.5315,1]},
{"frame":14,"values":[0.9727,0.2288,-0.0382,0,-0.2318,0.9654,-0.1193,0,0.0096,0.1249,0.9921,0,2.6526,-1.5315,1.5315,1]}],"loopBehavior":1,"name":"anim","property":"_matrix"}},
{"name":"mixamorig:LeftHandThumb4","index":16,"matrix":[1,0,0,0,0,1,0,0,0,0,1,0,1.9546,-1.1285,1.1285,1],"rest":[1,0,0,0,0,1,0,0,0,0,1,0,1.9546,-1.1285,1.1285,1],"parentBoneIndex":15,"length":2.5234
,"animation":{"dataType":3,"framePerSecond":24,"keys":[
{"frame":1,"values":[1,0,0,0,0,1,0,0,0,0,1,0,1.9546,-1.1285,1.1285,1]},
{"frame":14,"values":[1,0,0,0,0,1,0,0,0,0,1,0,1.9546,-1.1285,1.1285,1]}],"loopBehavior":1,"name":"anim","property":"_matrix"}},
{"name":"mixamorig:LeftHandIndex1","index":17,"matrix":[0.9332,-0.3512,0.0764,0,0.3525,0.9358,-0.0032,0,-0.0704,0.0299,0.9971,0,9.1093,-0.5171,2.2601,1],"rest":[1,0,0,0,0,1,0,0,0,0,1,0,9.1093,-0.5171,2.2601,1],"parentBoneIndex":12,"length":3.6764
,"animation":{"dataType":3,"framePerSecond":24,"keys":[
{"frame":1,"values":[0.9332,-0.3512,0.0764,0,0.3525,0.9358,-0.0032,0,-0.0704,0.0299,0.9971,0,9.1093,-0.5171,2.2601,1]},
{"frame":14,"values":[0.9332,-0.3512,0.0764,0,0.3525,0.9358,-0.0032,0,-0.0704,0.0299,0.9971,0,9.1093,-0.5171,2.2601,1]}],"loopBehavior":1,"name":"anim","property":"_matrix"}},
{"name":"mixamorig:LeftHandIndex2","index":18,"matrix":[0.9778,-0.2085,-0.0213,0,0.2085,0.978,-0.0022,0,0.0213,-0.0022,0.9998,0,3.6764,0,0,1],"rest":[1,0,0,0,0,1,0,0,0,0,1,0,3.6764,0,0,1],"parentBoneIndex":17,"length":2.8831
,"animation":{"dataType":3,"framePerSecond":24,"keys":[
{"frame":1,"values":[0.9778,-0.2085,-0.0213,0,0.2085,0.978,-0.0022,0,0.0213,-0.0022,0.9998,0,3.6764,0,0,1]},
{"frame":14,"values":[0.9778,-0.2085,-0.0213,0,0.2085,0.978,-0.0022,0,0.0213,-0.0022,0.9998,0,3.6764,0,0,1]}],"loopBehavior":1,"name":"anim","property":"_matrix"}},
{"name":"mixamorig:LeftHandIndex3","index":19,"matrix":[0.9932,-0.1159,-0.0118,0,0.1159,0.9933,-0.0007,0,0.0118,-0.0007,0.9999,0,2.8831,0,0,1],"rest":[1,0,0,0,0,1,0,0,0,0,1,0,2.8831,0,0,1],"parentBoneIndex":18,"length":2.3927
,"animation":{"dataType":3,"framePerSecond":24,"keys":[
{"frame":1,"values":[0.9932,-0.1159,-0.0118,0,0.1159,0.9933,-0.0007,0,0.0118,-0.0007,0.9999,0,2.8831,0,0,1]},
{"frame":14,"values":[0.9932,-0.1159,-0.0118,0,0.1159,0.9933,-0.0007,0,0.0118,-0.0007,0.9999,0,2.8831,0,0,1]}],"loopBehavior":1,"name":"anim","property":"_matrix"}},
{"name":"mixamorig:LeftHandIndex4","index":20,"matrix":[1,0,0,0,0,1,0,0,0,0,1,0,2.3927,0,0,1],"rest":[1,0,0,0,0,1,0,0,0,0,1,0,2.3927,0,0,1],"parentBoneIndex":19,"length":2.3927
,"animation":{"dataType":3,"framePerSecond":24,"keys":[
{"frame":1,"values":[1,0,0,0,0,1,0,0,0,0,1,0,2.3927,0,0,1]},
{"frame":14,"values":[1,0,0,0,0,1,0,0,0,0,1,0,2.3927,0,0,1]}],"loopBehavior":1,"name":"anim","property":"_matrix"}},
{"name":"mixamorig:LeftHandMiddle1","index":21,"matrix":[0.9438,-0.3167,0.0943,0,0.3195,0.9475,-0.0161,0,-0.0843,0.0453,0.9954,0,9.5334,0,0,1],"rest":[1,0,0,0,0,1,0,0,0,0,1,0,9.5334,0,0,1],"parentBoneIndex":12,"length":3.6982
,"animation":{"dataType":3,"framePerSecond":24,"keys":[
{"frame":1,"values":[0.9438,-0.3167,0.0943,0,0.3195,0.9475,-0.0161,0,-0.0843,0.0453,0.9954,0,9.5334,0,0,1]},
{"frame":14,"values":[0.9438,-0.3167,0.0943,0,0.3195,0.9475,-0.0161,0,-0.0843,0.0453,0.9954,0,9.5334,0,0,1]}],"loopBehavior":1,"name":"anim","property":"_matrix"}},
{"name":"mixamorig:LeftHandMiddle2","index":22,"matrix":[0.9744,-0.2238,-0.0228,0,0.2238,0.9746,-0.0026,0,0.0228,-0.0026,0.9997,0,3.6982,0,0,1],"rest":[1,0,0,0,0,1,0,0,0,0,1,0,3.6982,0,0,1],"parentBoneIndex":21,"length":2.9509
,"animation":{"dataType":3,"framePerSecond":24,"keys":[
{"frame":1,"values":[0.9744,-0.2238,-0.0228,0,0.2238,0.9746,-0.0026,0,0.0228,-0.0026,0.9997,0,3.6982,0,0,1]},
{"frame":14,"values":[0.9744,-0.2238,-0.0228,0,0.2238,0.9746,-0.0026,0,0.0228,-0.0026,0.9997,0,3.6982,0,0,1]}],"loopBehavior":1,"name":"anim","property":"_matrix"}},
{"name":"mixamorig:LeftHandMiddle3","index":23,"matrix":[0.9877,-0.1553,-0.0158,0,0.1553,0.9879,-0.0012,0,0.0158,-0.0012,0.9999,0,2.9509,0,0,1],"rest":[1,0,0,0,0,1,0,0,0,0,1,0,2.9509,0,0,1],"parentBoneIndex":22,"length":2.8339
,"animation":{"dataType":3,"framePerSecond":24,"keys":[
{"frame":1,"values":[0.9877,-0.1553,-0.0158,0,0.1553,0.9879,-0.0012,0,0.0158,-0.0012,0.9999,0,2.9509,0,0,1]},
{"frame":14,"values":[0.9877,-0.1553,-0.0158,0,0.1553,0.9879,-0.0012,0,0.0158,-0.0012,0.9999,0,2.9509,0,0,1]}],"loopBehavior":1,"name":"anim","property":"_matrix"}},
{"name":"mixamorig:LeftHandMiddle4","index":24,"matrix":[1,0,0,0,0,1,0,0,0,0,1,0,2.8339,0,0,1],"rest":[1,0,0,0,0,1,0,0,0,0,1,0,2.8339,0,0,1],"parentBoneIndex":23,"length":2.8339
,"animation":{"dataType":3,"framePerSecond":24,"keys":[
{"frame":1,"values":[1,0,0,0,0,1,0,0,0,0,1,0,2.8339,0,0,1]},
{"frame":14,"values":[1,0,0,0,0,1,0,0,0,0,1,0,2.8339,0,0,1]}],"loopBehavior":1,"name":"anim","property":"_matrix"}},
{"name":"mixamorig:LeftHandRing1","index":25,"matrix":[0.9368,-0.3188,0.1439,0,0.3243,0.9458,-0.0155,0,-0.1312,0.0612,0.9895,0,9.1045,-0.0439,-1.8651,1],"rest":[1,0,0,0,0,1,0,0,0,0,1,0,9.1045,-0.0439,-1.8651,1],"parentBoneIndex":12,"length":3.154
,"animation":{"dataType":3,"framePerSecond":24,"keys":[
{"frame":1,"values":[0.9368,-0.3188,0.1439,0,0.3243,0.9458,-0.0155,0,-0.1312,0.0612,0.9895,0,9.1045,-0.0439,-1.8651,1]},
{"frame":14,"values":[0.9368,-0.3188,0.1439,0,0.3243,0.9458,-0.0155,0,-0.1312,0.0612,0.9895,0,9.1045,-0.0439,-1.8651,1]}],"loopBehavior":1,"name":"anim","property":"_matrix"}},
{"name":"mixamorig:LeftHandRing2","index":26,"matrix":[0.9744,-0.2238,-0.0228,0,0.2238,0.9746,-0.0026,0,0.0228,-0.0026,0.9997,0,3.154,0,0,1],"rest":[1,0,0,0,0,1,0,0,0,0,1,0,3.154,0,0,1],"parentBoneIndex":25,"length":2.9377
,"animation":{"dataType":3,"framePerSecond":24,"keys":[
{"frame":1,"values":[0.9744,-0.2238,-0.0228,0,0.2238,0.9746,-0.0026,0,0.0228,-0.0026,0.9997,0,3.154,0,0,1]},
{"frame":14,"values":[0.9744,-0.2238,-0.0228,0,0.2238,0.9746,-0.0026,0,0.0228,-0.0026,0.9997,0,3.154,0,0,1]}],"loopBehavior":1,"name":"anim","property":"_matrix"}},
{"name":"mixamorig:LeftHandRing3","index":27,"matrix":[0.9877,-0.1553,-0.0158,0,0.1553,0.9879,-0.0012,0,0.0158,-0.0012,0.9999,0,2.9377,0,0,1],"rest":[1,0,0,0,0,1,0,0,0,0,1,0,2.9377,0,0,1],"parentBoneIndex":26,"length":2.6475
,"animation":{"dataType":3,"framePerSecond":24,"keys":[
{"frame":1,"values":[0.9877,-0.1553,-0.0158,0,0.1553,0.9879,-0.0012,0,0.0158,-0.0012,0.9999,0,2.9377,0,0,1]},
{"frame":14,"values":[0.9877,-0.1553,-0.0158,0,0.1553,0.9879,-0.0012,0,0.0158,-0.0012,0.9999,0,2.9377,0,0,1]}],"loopBehavior":1,"name":"anim","property":"_matrix"}},
{"name":"mixamorig:LeftHandRing4","index":28,"matrix":[1,0,0,0,0,1,0,0,0,0,1,0,2.6475,0,0,1],"rest":[1,0,0,0,0,1,0,0,0,0,1,0,2.6475,0,0,1],"parentBoneIndex":27,"length":2.6475
,"animation":{"dataType":3,"framePerSecond":24,"keys":[
{"frame":1,"values":[1,0,0,0,0,1,0,0,0,0,1,0,2.6475,0,0,1]},
{"frame":14,"values":[1,0,0,0,0,1,0,0,0,0,1,0,2.6475,0,0,1]}],"loopBehavior":1,"name":"anim","property":"_matrix"}},
{"name":"mixamorig:LeftHandPinky1","index":29,"matrix":[0.9368,-0.3188,0.1439,0,0.3243,0.9458,-0.0155,0,-0.1312,0.0612,0.9895,0,8.0778,-0.4887,-3.8061,1],"rest":[1,0,0,0,0,1,0,0,0,0,1,0,8.0778,-0.4887,-3.8061,1],"parentBoneIndex":12,"length":3.6
,"animation":{"dataType":3,"framePerSecond":24,"keys":[
{"frame":1,"values":[0.9368,-0.3188,0.1439,0,0.3243,0.9458,-0.0155,0,-0.1312,0.0612,0.9895,0,8.0778,-0.4887,-3.8061,1]},
{"frame":14,"values":[0.9368,-0.3188,0.1439,0,0.3243,0.9458,-0.0155,0,-0.1312,0.0612,0.9895,0,8.0778,-0.4887,-3.8061,1]}],"loopBehavior":1,"name":"anim","property":"_matrix"}},
{"name":"mixamorig:LeftHandPinky2","index":30,"matrix":[0.9744,-0.2238,-0.0228,0,0.2238,0.9746,-0.0026,0,0.0228,-0.0026,0.9997,0,3.6,0,0,1],"rest":[1,0,0,0,0,1,0,0,0,0,1,0,3.6,0,0,1],"parentBoneIndex":29,"length":2.1142
,"animation":{"dataType":3,"framePerSecond":24,"keys":[
{"frame":1,"values":[0.9744,-0.2238,-0.0228,0,0.2238,0.9746,-0.0026,0,0.0228,-0.0026,0.9997,0,3.6,0,0,1]},
{"frame":14,"values":[0.9744,-0.2238,-0.0228,0,0.2238,0.9746,-0.0026,0,0.0228,-0.0026,0.9997,0,3.6,0,0,1]}],"loopBehavior":1,"name":"anim","property":"_matrix"}},
{"name":"mixamorig:LeftHandPinky3","index":31,"matrix":[0.9877,-0.1553,-0.0158,0,0.1553,0.9879,-0.0012,0,0.0158,-0.0012,0.9999,0,2.1142,0,0,1],"rest":[1,0,0,0,0,1,0,0,0,0,1,0,2.1142,0,0,1],"parentBoneIndex":30,"length":1.9757
,"animation":{"dataType":3,"framePerSecond":24,"keys":[
{"frame":1,"values":[0.9877,-0.1553,-0.0158,0,0.1553,0.9879,-0.0012,0,0.0158,-0.0012,0.9999,0,2.1142,0,0,1]},
{"frame":14,"values":[0.9877,-0.1553,-0.0158,0,0.1553,0.9879,-0.0012,0,0.0158,-0.0012,0.9999,0,2.1142,0,0,1]}],"loopBehavior":1,"name":"anim","property":"_matrix"}},
{"name":"mixamorig:LeftHandPinky4","index":32,"matrix":[1,0,0,0,0,1,0,0,0,0,1,0,1.9757,0,0,1],"rest":[1,0,0,0,0,1,0,0,0,0,1,0,1.9757,0,0,1],"parentBoneIndex":31,"length":1.9757
,"animation":{"dataType":3,"framePerSecond":24,"keys":[
{"frame":1,"values":[1,0,0,0,0,1,0,0,0,0,1,0,1.9757,0,0,1]},
{"frame":14,"values":[1,0,0,0,0,1,0,0,0,0,1,0,1.9757,0,0,1]}],"loopBehavior":1,"name":"anim","property":"_matrix"}},
{"name":"mixamorig:RightShoulder","index":33,"matrix":[0.9973,0.0281,-0.0675,0,-0.0253,0.9988,0.0425,0,0.0686,-0.0407,0.9968,0,-4.57,10.9462,-2.628,1],"rest":[1,0,0,0,0,1,0,0,0,0,1,0,-4.57,10.9462,-2.628,1],"parentBoneIndex":3,"length":10.8381
,"animation":{"dataType":3,"framePerSecond":24,"keys":[
{"frame":1,"values":[0.9973,0.0281,-0.0675,0,-0.0253,0.9988,0.0425,0,0.0686,-0.0407,0.9968,0,-4.57,10.9462,-2.628,1]},
{"frame":2,"values":[0.9975,0.0057,-0.0703,0,-0.0028,0.9991,0.0418,0,0.0704,-0.0415,0.9967,0,-4.57,10.9462,-2.628,1]},
{"frame":3,"values":[0.9972,0.0019,-0.0747,0,0.0013,0.9991,0.0429,0,0.0747,-0.0429,0.9963,0,-4.57,10.9462,-2.628,1]},
{"frame":4,"values":[0.9972,0.0189,-0.0722,0,-0.0158,0.9989,0.0433,0,0.0729,-0.0421,0.9964,0,-4.57,10.9462,-2.628,1]},
{"frame":5,"values":[0.9969,0.0406,-0.0674,0,-0.0377,0.9983,0.0433,0,0.0691,-0.0407,0.9968,0,-4.57,10.9462,-2.628,1]},
{"frame":6,"values":[0.9966,0.0493,-0.0664,0,-0.0464,0.998,0.0436,0,0.0684,-0.0404,0.9968,0,-4.57,10.9462,-2.628,1]},
{"frame":7,"values":[0.9974,0.032,-0.0651,0,-0.0293,0.9987,0.042,0,0.0664,-0.04,0.997,0,-4.57,10.9462,-2.628,1]},
{"frame":8,"values":[0.9977,0.0136,-0.0666,0,-0.0109,0.9991,0.0412,0,0.0671,-0.0404,0.9969,0,-4.57,10.9462,-2.628,1]},
{"frame":9,"values":[0.9974,0.0102,-0.0716,0,-0.0072,0.9991,0.0425,0,0.0719,-0.0419,0.9965,0,-4.57,10.9462,-2.628,1]},
{"frame":10,"values":[0.9972,0.0204,-0.0715,0,-0.0173,0.9989,0.0433,0,0.0724,-0.0419,0.9965,0,-4.57,10.9462,-2.628,1]},
{"frame":11,"values":[0.9968,0.0403,-0.0693,0,-0.0373,0.9983,0.044,0,0.071,-0.0412,0.9966,0,-4.57,10.9462,-2.628,1]},
{"frame":12,"values":[0.996,0.0554,-0.0699,0,-0.0523,0.9976,0.0453,0,0.0723,-0.0414,0.9965,0,-4.57,10.9462,-2.628,1]},
{"frame":13,"values":[0.9963,0.0502,-0.0691,0,-0.0472,0.9979,0.0446,0,0.0712,-0.0412,0.9966,0,-4.57,10.9462,-2.628,1]},
{"frame":14,"values":[0.9973,0.0281,-0.0675,0,-0.0253,0.9988,0.0425,0,0.0686,-0.0407,0.9968,0,-4.57,10.9462,-2.628,1]}],"loopBehavior":1,"name":"anim","property":"_matrix"}},
{"name":"mixamorig:RightArm","index":34,"matrix":[0.7881,0.1017,-0.6071,0,-0.5055,0.6697,-0.544,0,0.3513,0.7356,0.5792,0,-10.5928,-0.5248,-2.2321,1],"rest":[1,0,0,0,0,1,0,0,0,0,1,0,-10.5928,-0.5248,-2.2321,1],"parentBoneIndex":33,"length":27.8415
,"animation":{"dataType":3,"framePerSecond":24,"keys":[
{"frame":1,"values":[0.7881,0.1017,-0.6071,0,-0.5055,0.6697,-0.544,0,0.3513,0.7356,0.5792,0,-10.5928,-0.5248,-2.2321,1]},
{"frame":2,"values":[0.8085,0.0269,-0.5878,0,-0.3321,0.8455,-0.4181,0,0.4858,0.5333,0.6926,0,-10.5928,-0.5248,-2.2321,1]},
{"frame":3,"values":[0.8253,0.0101,-0.5646,0,-0.2758,0.8797,-0.3874,0,0.4928,0.4755,0.7288,0,-10.5928,-0.5248,-2.2321,1]},
{"frame":4,"values":[0.8094,0.0664,-0.5835,0,-0.4253,0.7515,-0.5044,0,0.4051,0.6564,0.6365,0,-10.5928,-0.5248,-2.2321,1]},
{"frame":5,"values":[0.7779,0.1241,-0.616,0,-0.5815,0.5133,-0.6311,0,0.2379,0.8492,0.4715,0,-10.5928,-0.5248,-2.2321,1]},
{"frame":6,"values":[0.7685,0.1553,-0.6207,0,-0.6199,0.4211,-0.6621,0,0.1586,0.8936,0.4199,0,-10.5928,-0.5248,-2.2321,1]},
{"frame":7,"values":[0.7909,0.1358,-0.5967,0,-0.5465,0.5954,-0.5889,0,0.2753,0.7918,0.5452,0,-10.5928,-0.5248,-2.2321,1]},
{"frame":8,"values":[0.8233,0.0629,-0.5641,0,-0.38,0.7994,-0.4654,0,0.4217,0.5975,0.682,0,-10.5928,-0.5248,-2.2321,1]},
{"frame":9,"values":[0.8418,0.0385,-0.5383,0,-0.3029,0.8593,-0.4122,0,0.4467,0.5101,0.735,0,-10.5928,-0.5248,-2.2321,1]},
{"frame":10,"values":[0.8262,0.108,-0.5529,0,-0.4339,0.7478,-0.5024,0,0.3592,0.655,0.6648,0,-10.5928,-0.5248,-2.2321,1]},
{"frame":11,"values":[0.7648,0.1755,-0.6199,0,-0.6166,0.4787,-0.625,0,0.1871,0.8602,0.4743,0,-10.5928,-0.5248,-2.2321,1]},
{"frame":12,"values":[0.729,0.1866,-0.6586,0,-0.6815,0.289,-0.6724,0,0.0649,0.9389,0.3379,0,-10.5928,-0.5248,-2.2321,1]},
{"frame":13,"values":[0.7511,0.1648,-0.6393,0,-0.6425,0.4056,-0.6501,0,0.1522,0.899,0.4106,0,-10.5928,-0.5248,-2.2321,1]},
{"frame":14,"values":[0.7881,0.1017,-0.6071,0,-0.5055,0.6697,-0.544,0,0.3513,0.7356,0.5792,0,-10.5928,-0.5248,-2.2321,1]}],"loopBehavior":1,"name":"anim","property":"_matrix"}},
{"name":"mixamorig:RightForeArm","index":35,"matrix":[-0.009,0,-1,0,0,1,0,0,1,0,-0.009,0,-27.8415,0,0,1],"rest":[1,0,0,0,0,1,0,0,0,0,1,0,-27.8415,0,0,1],"parentBoneIndex":34,"length":28.3288
,"animation":{"dataType":3,"framePerSecond":24,"keys":[
{"frame":1,"values":[-0.009,0,-1,0,0,1,0,0,1,0,-0.009,0,-27.8415,0,0,1]},
{"frame":2,"values":[-0.0684,0,-0.9977,0,0,1,0,0,0.9977,0,-0.0684,0,-27.8415,0,0,1]},
{"frame":3,"values":[-0.0698,0,-0.9976,0,0,1,0,0,0.9976,0,-0.0698,0,-27.8415,0,0,1]},
{"frame":4,"values":[0.0461,0,-0.9989,0,0,1,0,0,0.9989,0,0.0461,0,-27.8415,0,0,1]},
{"frame":5,"values":[0.163,0,-0.9866,0,0,1,0,0,0.9866,0,0.163,0,-27.8415,0,0,1]},
{"frame":6,"values":[0.1368,0,-0.9906,0,0,1,0,0,0.9906,0,0.1368,0,-27.8415,0,0,1]},
{"frame":7,"values":[0.036,0,-0.9994,0,0,1,0,0,0.9994,0,0.036,0,-27.8415,0,0,1]},
{"frame":8,"values":[-0.0516,0,-0.9987,0,0,1,0,0,0.9987,0,-0.0516,0,-27.8415,0,0,1]},
{"frame":9,"values":[-0.0902,0,-0.9959,0,0,1,0,0,0.9959,0,-0.0902,0,-27.8415,0,0,1]},
{"frame":10,"values":[-0.0371,0,-0.9993,0,0,1,0,0,0.9993,0,-0.0371,0,-27.8415,0,0,1]},
{"frame":11,"values":[0.0654,0,-0.9979,0,0,1,0,0,0.9979,0,0.0654,0,-27.8415,0,0,1]},
{"frame":12,"values":[0.1056,0,-0.9944,0,0,1,0,0,0.9944,0,0.1056,0,-27.8415,0,0,1]},
{"frame":13,"values":[0.0615,0,-0.9981,0,0,1,0,0,0.9981,0,0.0615,0,-27.8415,0,0,1]},
{"frame":14,"values":[-0.009,0,-1,0,0,1,0,0,1,0,-0.009,0,-27.8415,0,0,1]}],"loopBehavior":1,"name":"anim","property":"_matrix"}},
{"name":"mixamorig:RightHand","index":36,"matrix":[0.8562,-0.5163,0.0188,0,0.4005,0.6862,0.6072,0,-0.3264,-0.5124,0.7943,0,-28.3288,0,0.0001,1],"rest":[1,0,0,0,0,1,0.0005,0,0,-0.0005,1,0,-28.3288,0,0.0001,1],"parentBoneIndex":35,"length":8.2268
,"animation":{"dataType":3,"framePerSecond":24,"keys":[
{"frame":1,"values":[0.8562,-0.5163,0.0188,0,0.4005,0.6862,0.6072,0,-0.3264,-0.5124,0.7943,0,-28.3288,0,0.0001,1]},
{"frame":2,"values":[0.9068,-0.4215,-0.0045,0,0.302,0.642,0.7047,0,-0.2941,-0.6404,0.7095,0,-28.3288,0,0.0001,1]},
{"frame":3,"values":[0.8849,-0.4639,-0.0405,0,0.3215,0.5457,0.7738,0,-0.3369,-0.6978,0.6321,0,-28.3288,0,0.0001,1]},
{"frame":4,"values":[0.8226,-0.5637,-0.0747,0,0.4599,0.5824,0.6704,0,-0.3344,-0.5858,0.7383,0,-28.3288,0,0.0001,1]},
{"frame":5,"values":[0.7512,-0.6539,-0.0897,0,0.6068,0.6308,0.4836,0,-0.2597,-0.4177,0.8707,0,-28.3288,0,0.0001,1]},
{"frame":6,"values":[0.7628,-0.6444,-0.0532,0,0.5916,0.6622,0.4599,0,-0.2611,-0.3823,0.8864,0,-28.3288,0,0.0001,1]},
{"frame":7,"values":[0.8772,-0.4792,0.0276,0,0.389,0.7435,0.5439,0,-0.2812,-0.4664,0.8387,0,-28.3288,0,0.0001,1]},
{"frame":8,"values":[0.951,-0.3048,0.0528,0,0.1881,0.7053,0.6835,0,-0.2456,-0.6401,0.728,0,-28.3288,0,0.0001,1]},
{"frame":9,"values":[0.957,-0.2898,0.0116,0,0.1758,0.6117,0.7713,0,-0.2306,-0.7361,0.6363,0,-28.3288,0,0.0001,1]},
{"frame":10,"values":[0.9158,-0.4017,0.0009,0,0.2916,0.6663,0.6863,0,-0.2763,-0.6283,0.7273,0,-28.3288,0,0.0001,1]},
{"frame":11,"values":[0.8509,-0.5251,0.018,0,0.4392,0.7296,0.5242,0,-0.2884,-0.4382,0.8514,0,-28.3288,0,0.0001,1]},
{"frame":12,"values":[0.7754,-0.6314,-0.0064,0,0.5661,0.6907,0.4498,0,-0.2796,-0.3525,0.8931,0,-28.3288,0,0.0001,1]},
{"frame":13,"values":[0.766,-0.6428,-0.0071,0,0.557,0.658,0.5068,0,-0.3211,-0.3922,0.862,0,-28.3288,0,0.0001,1]},
{"frame":14,"values":[0.8562,-0.5163,0.0188,0,0.4005,0.6862,0.6072,0,-0.3264,-0.5124,0.7943,0,-28.3288,0,0.0001,1]}],"loopBehavior":1,"name":"anim","property":"_matrix"}},
{"name":"mixamorig:RightHandPinky1","index":37,"matrix":[0.9943,0.0958,0.0475,0,-0.0958,0.9954,-0.0034,0,-0.0476,-0.0012,0.9989,0,-8.0767,-0.4885,-3.806,1],"rest":[1,0,0,0,0,1,0,0,0,0,1,0,-8.0767,-0.4885,-3.806,1],"parentBoneIndex":36,"length":3.6
,"animation":{"dataType":3,"framePerSecond":24,"keys":[
