{"producer":{"name":"Blender","version":"2.79 (sub 0)","exporter_version":"5.6.4","file":"malewalk.babylon"},
"autoClear":true,"clearColor":[0.0509,0.0509,0.0509],"ambientColor":[0,0,0],"gravity":[0,-9.81,0],
"materials":[{"name":"malewalk.Material","id":"malewalk.Material","ambient":[0.8,0.8,0.8],"diffuse":[0.64,0.64,0.64],"specular":[0.5,0.5,0.5],"emissive":[0,0,0],"specularPower":50,"alpha":1,"backFaceCulling":true,"checkReadyOnlyOnce":false,"maxSimultaneousLights":4}],
"multiMaterials":[],
"skeletons":[{"name":"Armature","id":0,"dimensionsAtRest":[194.6189,193.2823,30.9004],"bones":[
{"name":"mixamorig:Hips","index":0,"matrix":[0.9994,0.0048,0.0334,0,-0.0037,0.9994,-0.034,0,0.0336,-0.0338,-0.9989,0,0.0086,98.5948,-0.1124,1],"rest":[1,0,0,0,0,1,0,0,0,0,-1,0,0,99.6721,0,1],"parentBoneIndex":-1,"length":10.8627
,"animation":{"dataType":3,"framePerSecond":24,"keys":[
{"frame":1,"values":[0.9994,0.0048,0.0334,0,-0.0037,0.9994,-0.034,0,0.0336,-0.0338,-0.9989,0,0.0086,98.5948,-0.1124,1]},
{"frame":2,"values":[0.9997,0.0071,0.0214,0,-0.0061,0.9989,-0.0471,0,0.0217,-0.047,-0.9987,0,0.1994,99.2105,0.429,1]},
{"frame":3,"values":[1,-0.0049,0.0076,0,0.0054,0.9982,-0.0597,0,0.0072,-0.0598,-0.9982,0,0.5052,98.6438,0.9119,1]},
{"frame":4,"values":[0.9988,-0.0436,-0.0242,0,0.0419,0.9969,-0.0666,0,-0.027,-0.0655,-0.9975,0,0.9153,96.9289,1.0438,1]},
{"frame":5,"values":[0.9969,-0.061,-0.0491,0,0.0573,0.9958,-0.0717,0,-0.0533,-0.0687,-0.9962,0,1.2725,94.8208,0.9305,1]},
{"frame":6,"values":[0.9965,-0.0579,-0.0605,0,0.0536,0.9961,-0.0701,0,-0.0643,-0.0666,-0.9957,0,1.6903,93.195,0.8483,1]},
{"frame":7,"values":[0.9982,-0.0405,-0.045,0,0.0383,0.9981,-0.0491,0,-0.0469,-0.0473,-0.9978,0,2.256,92.1822,-0.17,1]},
{"frame":8,"values":[0.9991,-0.0309,-0.0295,0,0.0299,0.999,-0.0331,0,-0.0305,-0.0322,-0.999,0,2.8218,91.8683,-1.5939,1]},
{"frame":9,"values":[0.9997,-0.0212,-0.014,0,0.0209,0.9995,-0.0238,0,-0.0145,-0.0235,-0.9996,0,3.3876,91.7166,-2.1844,1]},
{"frame":10,"values":[0.9999,-0.0116,0.0015,0,0.0116,0.9998,-0.0146,0,0.0013,-0.0146,-0.9999,0,3.9534,92.7264,-2.775,1]},
{"frame":11,"values":[0.9999,-0.0019,0.0169,0,0.002,1,-0.0052,0,0.0169,-0.0052,-0.9998,0,4.5192,93.7362,-2.4896,1]},
{"frame":12,"values":[0.9994,0.0077,0.0325,0,-0.0079,1,0.004,0,0.0324,0.0042,-0.9995,0,5.085,94.746,-2.2043,1]},
{"frame":13,"values":[0.9987,0.0174,0.0479,0,-0.018,0.9997,0.0133,0,0.0477,0.0141,-0.9988,0,4.5215,95.7559,-1.919,1]},
{"frame":14,"values":[0.9976,0.0269,0.0635,0,-0.027,0.9996,0.0004,0,0.0634,0.0022,-0.998,0,3.9581,96.7657,-1.6337,1]},
{"frame":15,"values":[0.9962,0.0366,0.0789,0,-0.0357,0.9993,-0.0125,0,0.0793,-0.0097,-0.9968,0,3.3946,97.7755,-1.3483,1]},
{"frame":16,"values":[0.9945,0.0461,0.0943,0,-0.0439,0.9987,-0.0254,0,0.0954,-0.0211,-0.9952,0,2.8311,96.7548,-1.063,1]},
{"frame":17,"values":[0.9924,0.0555,0.1098,0,-0.0516,0.9979,-0.0381,0,0.1117,-0.0321,-0.9932,0,2.2676,95.734,-1.5564,1]},
{"frame":18,"values":[0.99,0.0651,0.1251,0,-0.0591,0.997,-0.0509,0,0.1281,-0.043,-0.9908,0,1.7041,94.7133,-2.0498,1]},
{"frame":19,"values":[0.9919,0.0568,0.1137,0,-0.0522,0.9977,-0.0428,0,0.1159,-0.0365,-0.9926,0,1.1406,93.6926,-2.5431,1]},
{"frame":20,"values":[0.9936,0.0485,0.1022,0,-0.0452,0.9984,-0.0348,0,0.1037,-0.0299,-0.9942,0,0.5771,92.6719,-3.0365,1]},
{"frame":21,"values":[0.9951,0.0403,0.0906,0,-0.038,0.9989,-0.0268,0,0.0916,-0.0232,-0.9955,0,0.0136,91.6512,-3.5299,1]},
{"frame":22,"values":[0.9964,0.032,0.0791,0,-0.0298,0.9991,-0.0293,0,0.08,-0.0268,-0.9964,0,-0.5499,92.9876,-4.0232,1]},
{"frame":23,"values":[0.9974,0.0236,0.0676,0,-0.0215,0.9993,-0.0317,0,0.0683,-0.0302,-0.9972,0,-1.1133,94.324,-3.101,1]},
{"frame":24,"values":[0.9983,0.0153,0.056,0,-0.0134,0.9993,-0.0342,0,0.0565,-0.0334,-0.9978,0,-0.8148,95.6603,-2.1788,1]},
{"frame":25,"values":[0.999,0.0069,0.0445,0,-0.0053,0.9993,-0.0367,0,0.0447,-0.0364,-0.9983,0,-0.5163,96.9967,-1.2566,1]},
{"frame":26,"values":[0.9994,0.0048,0.0334,0,-0.0037,0.9994,-0.034,0,0.0336,-0.0338,-0.9989,0,0.0086,98.5948,-0.1124,1]}],"loopBehavior":1,"name":"anim","property":"_matrix"}},
{"name":"mixamorig:Spine","index":1,"matrix":[0.9997,-0.0081,0.0221,0,0.0057,0.9942,0.1075,0,-0.0228,-0.1074,0.994,0,0,9.9235,-1.2273,1],"rest":[1,0,0,0,0,1,0,0,0,0,1,0,0,9.9235,-1.2273,1],"parentBoneIndex":0,"length":11.7319
,"animation":{"dataType":3,"framePerSecond":24,"keys":[
{"frame":1,"values":[0.9997,-0.0081,0.0221,0,0.0057,0.9942,0.1075,0,-0.0228,-0.1074,0.994,0,0,9.9235,-1.2273,1]},
{"frame":2,"values":[1,-0.0085,0.0015,0,0.0083,0.9951,0.0989,0,-0.0024,-0.0989,0.9951,0,0,9.9235,-1.2273,1]},
{"frame":3,"values":[0.9997,0.0137,-0.0198,0,-0.0119,0.9959,0.0894,0,0.021,-0.0891,0.9958,0,0,9.9235,-1.2273,1]},
{"frame":4,"values":[0.9962,0.0686,-0.0528,0,-0.0643,0.9948,0.0783,0,0.0579,-0.0747,0.9955,0,0,9.9235,-1.2273,1]},
{"frame":5,"values":[0.9948,0.0796,-0.0642,0,-0.0752,0.9949,0.0673,0,0.0692,-0.0621,0.9957,0,0,9.9235,-1.2273,1]},
{"frame":6,"values":[0.9956,0.0614,-0.0711,0,-0.0566,0.9961,0.0674,0,0.0749,-0.063,0.9952,0,0,9.9235,-1.2273,1]},
{"frame":7,"values":[0.9968,0.0286,-0.0753,0,-0.0234,0.9974,0.0687,0,0.077,-0.0667,0.9948,0,0,9.9235,-1.2273,1]},
{"frame":8,"values":[0.9975,-0.0003,-0.0709,0,0.0046,0.9982,0.0598,0,0.0708,-0.0599,0.9957,0,0,9.9235,-1.2273,1]},
{"frame":9,"values":[0.9987,-0.0149,-0.049,0,0.0179,0.9979,0.0629,0,0.048,-0.0637,0.9968,0,0,9.9235,-1.2273,1]},
{"frame":10,"values":[0.9995,-0.0136,-0.0271,0,0.0154,0.9974,0.0701,0,0.0261,-0.0705,0.9972,0,0,9.9235,-1.2273,1]},
{"frame":11,"values":[0.9999,-0.0094,-0.0052,0,0.0098,0.9968,0.0792,0,0.0044,-0.0792,0.9968,0,0,9.9235,-1.2273,1]},
{"frame":12,"values":[0.9998,-0.0078,0.0167,0,0.0063,0.9962,0.0871,0,-0.0174,-0.087,0.9961,0,0,9.9235,-1.2273,1]},
{"frame":13,"values":[0.999,-0.0214,0.0387,0,0.0179,0.9959,0.0882,0,-0.0404,-0.0875,0.9953,0,0,9.9235,-1.2273,1]},
{"frame":14,"values":[0.9976,-0.035,0.0606,0,0.0297,0.9958,0.0863,0,-0.0633,-0.0843,0.9944,0,0,9.9235,-1.2273,1]},
{"frame":15,"values":[0.9954,-0.0485,0.0824,0,0.041,0.995,0.0906,0,-0.0864,-0.0868,0.9925,0,0,9.9235,-1.2273,1]},
{"frame":16,"values":[0.9926,-0.062,0.1042,0,0.0536,0.9952,0.0818,0,-0.1088,-0.0756,0.9912,0,0,9.9235,-1.2273,1]},
{"frame":17,"values":[0.9892,-0.0752,0.126,0,0.0663,0.9951,0.0733,0,-0.1309,-0.0641,0.9893,0,0,9.9235,-1.2273,1]},
{"frame":18,"values":[0.9889,-0.0888,0.1193,0,0.0814,0.9946,0.0648,0,-0.1244,-0.0544,0.9907,0,0,9.9235,-1.2273,1]},
{"frame":19,"values":[0.9916,-0.0636,0.1124,0,0.0559,0.996,0.0702,0,-0.1164,-0.0633,0.9912,0,0,9.9235,-1.2273,1]},
{"frame":20,"values":[0.9937,-0.0383,0.1057,0,0.0303,0.9967,0.0757,0,-0.1082,-0.072,0.9915,0,0,9.9235,-1.2273,1]},
{"frame":21,"values":[0.9927,-0.0129,0.1196,0,0.0043,0.9974,0.0715,0,-0.1202,-0.0704,0.9902,0,0,9.9235,-1.2273,1]},
{"frame":22,"values":[0.995,-0.018,0.098,0,0.0114,0.9977,0.0675,0,-0.0989,-0.0661,0.9929,0,0,9.9235,-1.2273,1]},
{"frame":23,"values":[0.9968,-0.0231,0.0762,0,0.0173,0.997,0.0756,0,-0.0778,-0.074,0.9942,0,0,9.9235,-1.2273,1]},
{"frame":24,"values":[0.9983,-0.0194,0.0545,0,0.0148,0.9964,0.0836,0,-0.0559,-0.0827,0.995,0,0,9.9235,-1.2273,1]},
{"frame":25,"values":[0.9993,-0.0156,0.0327,0,0.0126,0.9957,0.0917,0,-0.034,-0.0912,0.9953,0,0,9.9235,-1.2273,1]},
{"frame":26,"values":[0.9997,-0.0081,0.0221,0,0.0057,0.9942,0.1075,0,-0.0228,-0.1074,0.994,0,0,9.9235,-1.2273,1]}],"loopBehavior":1,"name":"anim","property":"_matrix"}},
{"name":"mixamorig:Spine1","index":2,"matrix":[0.9989,0.0196,0.0431,0,-0.0215,0.9989,0.0427,0,-0.0422,-0.0435,0.9982,0,-0.0001,11.6454,-1.4223,1],"rest":[1,0,0,0,0,1,0,0,0,0,1,0,-0.0001,11.6454,-1.4223,1],"parentBoneIndex":1,"length":13.4588
,"animation":{"dataType":3,"framePerSecond":24,"keys":[
{"frame":1,"values":[0.9989,0.0196,0.0431,0,-0.0215,0.9989,0.0427,0,-0.0422,-0.0435,0.9982,0,-0.0001,11.6454,-1.4223,1]},
{"frame":2,"values":[0.9995,0.0079,0.0299,0,-0.009,0.9992,0.0377,0,-0.0296,-0.0379,0.9988,0,-0.0001,11.6454,-1.4223,1]},
{"frame":3,"values":[0.9998,-0.0073,0.0163,0,0.0067,0.9994,0.0342,0,-0.0165,-0.0341,0.9993,0,-0.0001,11.6454,-1.4223,1]},
{"frame":4,"values":[0.9996,-0.0282,0.002,0,0.0281,0.999,0.0348,0,-0.003,-0.0347,0.9994,0,-0.0001,11.6454,-1.4223,1]},
{"frame":5,"values":[0.9993,-0.0325,-0.0158,0,0.0331,0.9989,0.0345,0,0.0147,-0.035,0.9993,0,-0.0001,11.6454,-1.4223,1]},
{"frame":6,"values":[0.999,-0.0291,-0.0332,0,0.0303,0.9989,0.0348,0,0.0321,-0.0358,0.9988,0,-0.0001,11.6454,-1.4223,1]},
{"frame":7,"values":[0.9989,-0.0263,-0.0389,0,0.0277,0.999,0.035,0,0.0379,-0.0361,0.9986,0,-0.0001,11.6454,-1.4223,1]},
{"frame":8,"values":[0.9989,-0.0165,-0.0446,0,0.0177,0.9995,0.0278,0,0.0441,-0.0285,0.9986,0,-0.0001,11.6454,-1.4223,1]},
{"frame":9,"values":[0.9996,-0.0115,-0.0277,0,0.0121,0.9997,0.022,0,0.0274,-0.0224,0.9994,0,-0.0001,11.6454,-1.4223,1]},
{"frame":10,"values":[0.9999,-0.0116,-0.0107,0,0.0119,0.9997,0.0228,0,0.0105,-0.0229,0.9997,0,-0.0001,11.6454,-1.4223,1]},
{"frame":11,"values":[1,-0.0037,0.0062,0,0.0035,0.9996,0.0283,0,-0.0063,-0.0282,0.9996,0,-0.0001,11.6454,-1.4223,1]},
{"frame":12,"values":[0.9997,0.0042,0.0231,0,-0.005,0.9995,0.0307,0,-0.0229,-0.0308,0.9993,0,-0.0001,11.6454,-1.4223,1]},
{"frame":13,"values":[0.9991,0.0122,0.04,0,-0.0135,0.9994,0.033,0,-0.0395,-0.0335,0.9987,0,-0.0001,11.6454,-1.4223,1]},
{"frame":14,"values":[0.9982,0.0201,0.0569,0,-0.0221,0.9991,0.0351,0,-0.0561,-0.0363,0.9978,0,-0.0001,11.6454,-1.4223,1]},
{"frame":15,"values":[0.9969,0.0279,0.0738,0,-0.0307,0.9988,0.0371,0,-0.0727,-0.0392,0.9966,0,-0.0001,11.6454,-1.4223,1]},
{"frame":16,"values":[0.9952,0.0357,0.0907,0,-0.0393,0.9985,0.0389,0,-0.0892,-0.0423,0.9951,0,-0.0001,11.6454,-1.4223,1]},
{"frame":17,"values":[0.9933,0.0434,0.1076,0,-0.048,0.998,0.0406,0,-0.1056,-0.0455,0.9934,0,-0.0001,11.6454,-1.4223,1]},
{"frame":18,"values":[0.9909,0.0511,0.1244,0,-0.0563,0.9977,0.0386,0,-0.1221,-0.0452,0.9915,0,-0.0001,11.6454,-1.4223,1]},
{"frame":19,"values":[0.9889,0.0474,0.1412,0,-0.0533,0.9978,0.0386,0,-0.139,-0.0457,0.9892,0,-0.0001,11.6454,-1.4223,1]},
{"frame":20,"values":[0.9909,0.0439,0.1275,0,-0.049,0.9981,0.0374,0,-0.1256,-0.0433,0.9911,0,-0.0001,11.6454,-1.4223,1]},
{"frame":21,"values":[0.9925,0.0442,0.1139,0,-0.0486,0.9982,0.0362,0,-0.1121,-0.0415,0.9928,0,-0.0001,11.6454,-1.4223,1]},
{"frame":22,"values":[0.994,0.0445,0.1002,0,-0.0482,0.9982,0.035,0,-0.0985,-0.0396,0.9944,0,-0.0001,11.6454,-1.4223,1]},
{"frame":23,"values":[0.9955,0.0386,0.0865,0,-0.0421,0.9984,0.0383,0,-0.0849,-0.0418,0.9955,0,-0.0001,11.6454,-1.4223,1]},
{"frame":24,"values":[0.9968,0.0328,0.0728,0,-0.0359,0.9985,0.0415,0,-0.0713,-0.044,0.9965,0,-0.0001,11.6454,-1.4223,1]},
{"frame":25,"values":[0.9979,0.027,0.0591,0,-0.0296,0.9986,0.0446,0,-0.0578,-0.0462,0.9973,0,-0.0001,11.6454,-1.4223,1]},
{"frame":26,"values":[0.9989,0.0196,0.0431,0,-0.0215,0.9989,0.0427,0,-0.0422,-0.0435,0.9982,0,-0.0001,11.6454,-1.4223,1]}],"loopBehavior":1,"name":"anim","property":"_matrix"}},
{"name":"mixamorig:Spine2","index":3,"matrix":[0.9989,0.0216,0.0424,0,-0.0234,0.9988,0.0421,0,-0.0414,-0.0431,0.9982,0,0.0001,13.3602,-1.6265,1],"rest":[1,0,0,0,0,1,0,0,0,0,1,0,0.0001,13.3602,-1.6265,1],"parentBoneIndex":2,"length":12.3444
,"animation":{"dataType":3,"framePerSecond":24,"keys":[
{"frame":1,"values":[0.9989,0.0216,0.0424,0,-0.0234,0.9988,0.0421,0,-0.0414,-0.0431,0.9982,0,0.0001,13.3602,-1.6265,1]},
{"frame":2,"values":[0.9995,0.0095,0.0293,0,-0.0106,0.9992,0.0393,0,-0.0289,-0.0396,0.9988,0,0.0001,13.3602,-1.6265,1]},
{"frame":3,"values":[0.9999,-0.006,0.0159,0,0.0054,0.9993,0.0365,0,-0.0161,-0.0364,0.9992,0,0.0001,13.3602,-1.6265,1]},
{"frame":4,"values":[0.9996,-0.0274,0.0023,0,0.0273,0.9991,0.0337,0,-0.0032,-0.0336,0.9994,0,0.0001,13.3602,-1.6265,1]},
{"frame":5,"values":[0.9994,-0.0322,-0.0154,0,0.0327,0.9989,0.0331,0,0.0143,-0.0336,0.9993,0,0.0001,13.3602,-1.6265,1]},
{"frame":6,"values":[0.999,-0.0294,-0.0327,0,0.0305,0.999,0.0338,0,0.0317,-0.0348,0.9989,0,0.0001,13.3602,-1.6265,1]},
{"frame":7,"values":[0.9989,-0.027,-0.0388,0,0.0284,0.999,0.0341,0,0.0378,-0.0352,0.9987,0,0.0001,13.3602,-1.6265,1]},
{"frame":8,"values":[0.9989,-0.0165,-0.0449,0,0.0177,0.9995,0.0273,0,0.0444,-0.0281,0.9986,0,0.0001,13.3602,-1.6265,1]},
{"frame":9,"values":[0.9995,-0.0107,-0.0281,0,0.0113,0.9997,0.0215,0,0.0278,-0.0218,0.9994,0,0.0001,13.3602,-1.6265,1]},
{"frame":10,"values":[0.9999,-0.011,-0.0113,0,0.0112,0.9997,0.0219,0,0.011,-0.0221,0.9997,0,0.0001,13.3602,-1.6265,1]},
{"frame":11,"values":[1,-0.0026,0.0055,0,0.0024,0.9997,0.0262,0,-0.0056,-0.0262,0.9996,0,0.0001,13.3602,-1.6265,1]},
{"frame":12,"values":[0.9997,0.0058,0.0223,0,-0.0065,0.9995,0.0302,0,-0.0221,-0.0304,0.9993,0,0.0001,13.3602,-1.6265,1]},
{"frame":13,"values":[0.9991,0.0141,0.0391,0,-0.0154,0.9993,0.0342,0,-0.0386,-0.0347,0.9986,0,0.0001,13.3602,-1.6265,1]},
{"frame":14,"values":[0.9982,0.0224,0.0559,0,-0.0244,0.9991,0.0349,0,-0.0551,-0.0362,0.9978,0,0.0001,13.3602,-1.6265,1]},
{"frame":15,"values":[0.9969,0.0307,0.0727,0,-0.0333,0.9989,0.0345,0,-0.0716,-0.0368,0.9968,0,0.0001,13.3602,-1.6265,1]},
{"frame":16,"values":[0.9952,0.039,0.0895,0,-0.0423,0.9985,0.0356,0,-0.0879,-0.0392,0.9954,0,0.0001,13.3602,-1.6265,1]},
{"frame":17,"values":[0.9932,0.0472,0.1062,0,-0.0513,0.998,0.0366,0,-0.1043,-0.0418,0.9937,0,0.0001,13.3602,-1.6265,1]},
{"frame":18,"values":[0.9909,0.0554,0.1229,0,-0.0601,0.9976,0.0352,0,-0.1207,-0.0422,0.9918,0,0.0001,13.3602,-1.6265,1]},
{"frame":19,"values":[0.9889,0.0515,0.1396,0,-0.057,0.9977,0.0356,0,-0.1374,-0.0431,0.9896,0,0.0001,13.3602,-1.6265,1]},
{"frame":20,"values":[0.9909,0.0479,0.1261,0,-0.0526,0.998,0.0344,0,-0.1242,-0.0407,0.9914,0,0.0001,13.3602,-1.6265,1]},
{"frame":21,"values":[0.9927,0.0443,0.1126,0,-0.0483,0.9983,0.0331,0,-0.1109,-0.0383,0.9931,0,0.0001,13.3602,-1.6265,1]},
{"frame":22,"values":[0.9943,0.0406,0.0991,0,-0.0439,0.9985,0.0318,0,-0.0976,-0.036,0.9946,0,0.0001,13.3602,-1.6265,1]},
{"frame":23,"values":[0.9957,0.0368,0.0856,0,-0.04,0.9986,0.0359,0,-0.0841,-0.0392,0.9957,0,0.0001,13.3602,-1.6265,1]},
{"frame":24,"values":[0.9969,0.0331,0.072,0,-0.036,0.9986,0.04,0,-0.0706,-0.0424,0.9966,0,0.0001,13.3602,-1.6265,1]},
{"frame":25,"values":[0.9979,0.0294,0.0584,0,-0.032,0.9985,0.0439,0,-0.0571,-0.0457,0.9973,0,0.0001,13.3602,-1.6265,1]},
{"frame":26,"values":[0.9989,0.0216,0.0424,0,-0.0234,0.9988,0.0421,0,-0.0414,-0.0431,0.9982,0,0.0001,13.3602,-1.6265,1]}],"loopBehavior":1,"name":"anim","property":"_matrix"}},
{"name":"mixamorig:Neck","index":4,"matrix":[0.9993,-0.0045,-0.0371,0,0.0041,1,-0.0085,0,0.0372,0.0083,0.9993,0,0,15.0325,0.7929,1],"rest":[1,0,0,0,0,1,0,0,0,0,1,0,0,15.0325,0.7929,1],"parentBoneIndex":3,"length":10.7895
,"animation":{"dataType":3,"framePerSecond":24,"keys":[
{"frame":1,"values":[0.9993,-0.0045,-0.0371,0,0.0041,1,-0.0085,0,0.0372,0.0083,0.9993,0,0,15.0325,0.7929,1]},
{"frame":2,"values":[0.9995,-0.0064,-0.0316,0,0.0062,0.9999,-0.008,0,0.0316,0.0078,0.9995,0,0,15.0325,0.7929,1]},
{"frame":3,"values":[0.9997,-0.0019,-0.0237,0,0.0016,0.9999,-0.0102,0,0.0237,0.0101,0.9997,0,0,15.0325,0.7929,1]},
{"frame":4,"values":[0.9998,0.014,-0.0136,0,-0.0141,0.9998,-0.0105,0,0.0134,0.0107,0.9999,0,0,15.0325,0.7929,1]},
{"frame":5,"values":[0.9998,0.0202,-0.0046,0,-0.0202,0.9997,-0.01,0,0.0044,0.0101,0.9999,0,0,15.0325,0.7929,1]},
{"frame":6,"values":[0.9998,0.0175,0.0028,0,-0.0175,0.9998,-0.0134,0,-0.0031,0.0134,0.9999,0,0,15.0325,0.7929,1]},
{"frame":7,"values":[0.9999,0.0081,0.008,0,-0.008,0.9999,-0.0117,0,-0.0081,0.0116,0.9999,0,0,15.0325,0.7929,1]},
{"frame":8,"values":[0.9998,-0.0187,-0.0004,0,0.0187,0.9998,-0.0043,0,0.0005,0.0043,1,0,0,15.0325,0.7929,1]},
{"frame":9,"values":[0.9992,-0.0391,-0.0089,0,0.0391,0.9992,-0.0032,0,0.009,0.0028,1,0,0,15.0325,0.7929,1]},
{"frame":10,"values":[0.9986,-0.05,-0.0173,0,0.0499,0.9988,-0.0011,0,0.0173,0.0002,0.9999,0,0,15.0325,0.7929,1]},
{"frame":11,"values":[0.9983,-0.0532,-0.0257,0,0.0532,0.9986,-0.0015,0,0.0257,0.0002,0.9997,0,0,15.0325,0.7929,1]},
{"frame":12,"values":[0.9984,-0.0443,-0.0341,0,0.0443,0.999,-0.002,0,0.0342,0.0005,0.9994,0,0,15.0325,0.7929,1]},
{"frame":13,"values":[0.9985,-0.0354,-0.0425,0,0.0356,0.9994,0.0041,0,0.0424,-0.0057,0.9991,0,0,15.0325,0.7929,1]},
{"frame":14,"values":[0.9983,-0.0266,-0.051,0,0.0271,0.9996,0.0106,0,0.0506,-0.012,0.9986,0,0,15.0325,0.7929,1]},
{"frame":15,"values":[0.9981,-0.0177,-0.0594,0,0.0181,0.9998,0.0066,0,0.0592,-0.0077,0.9982,0,0,15.0325,0.7929,1]},
{"frame":16,"values":[0.9974,-0.0259,-0.0678,0,0.0261,0.9997,0.0027,0,0.0677,-0.0045,0.9977,0,0,15.0325,0.7929,1]},
{"frame":17,"values":[0.9965,-0.0341,-0.0762,0,0.0341,0.9994,-0.0013,0,0.0762,-0.0013,0.9971,0,0,15.0325,0.7929,1]},
{"frame":18,"values":[0.9955,-0.0423,-0.0846,0,0.042,0.9991,-0.0053,0,0.0847,0.0017,0.9964,0,0,15.0325,0.7929,1]},
{"frame":19,"values":[0.9952,-0.0291,-0.093,0,0.0283,0.9996,-0.0093,0,0.0932,0.0066,0.9956,0,0,15.0325,0.7929,1]},
{"frame":20,"values":[0.9963,-0.0158,-0.0846,0,0.0154,0.9999,-0.0055,0,0.0847,0.0042,0.9964,0,0,15.0325,0.7929,1]},
{"frame":21,"values":[0.9971,-0.0026,-0.0761,0,0.0025,1,-0.0018,0,0.0761,0.0016,0.9971,0,0,15.0325,0.7929,1]},
{"frame":22,"values":[0.9977,0.0106,-0.0677,0,-0.0105,0.9999,0.0017,0,0.0677,-0.001,0.9977,0,0,15.0325,0.7929,1]},
{"frame":23,"values":[0.998,0.0239,-0.0592,0,-0.024,0.9997,-0.0013,0,0.0592,0.0027,0.9982,0,0,15.0325,0.7929,1]},
{"frame":24,"values":[0.9986,0.0152,-0.0508,0,-0.0154,0.9999,-0.0042,0,0.0507,0.005,0.9987,0,0,15.0325,0.7929,1]},
{"frame":25,"values":[0.9991,0.0065,-0.0423,0,-0.0067,1,-0.0042,0,0.0423,0.0045,0.9991,0,0,15.0325,0.7929,1]},
{"frame":26,"values":[0.9993,-0.0045,-0.0371,0,0.0041,1,-0.0085,0,0.0372,0.0083,0.9993,0,0,15.0325,0.7929,1]}],"loopBehavior":1,"name":"anim","property":"_matrix"}},
{"name":"mixamorig:Head","index":5,"matrix":[0.9963,-0.0371,-0.077,0,0.0326,0.9978,-0.0583,0,0.079,0.0555,0.9953,0,0,10.3218,3.1424,1],"rest":[1,0,0,0,0,1,0,0,0,0,1,0,0,10.3218,3.1424,1],"parentBoneIndex":4,"length":14.7322
,"animation":{"dataType":3,"framePerSecond":24,"keys":[
{"frame":1,"values":[0.9963,-0.0371,-0.077,0,0.0326,0.9978,-0.0583,0,0.079,0.0555,0.9953,0,0,10.3218,3.1424,1]},
{"frame":2,"values":[0.998,-0.035,-0.0518,0,0.0323,0.9982,-0.0508,0,0.0535,0.049,0.9974,0,0,10.3218,3.1424,1]},
{"frame":3,"values":[0.9989,-0.0366,-0.0305,0,0.035,0.998,-0.0528,0,0.0324,0.0516,0.9981,0,0,10.3218,3.1424,1]},
{"frame":4,"values":[0.9989,-0.0426,-0.019,0,0.0413,0.997,-0.0656,0,0.0218,0.0647,0.9977,0,0,10.3218,3.1424,1]},
{"frame":5,"values":[0.9989,-0.0436,-0.0162,0,0.0422,0.9958,-0.0812,0,0.0197,0.0804,0.9966,0,0,10.3218,3.1424,1]},
{"frame":6,"values":[0.9991,-0.0417,-0.0052,0,0.041,0.9945,-0.0969,0,0.0092,0.0966,0.9953,0,0,10.3218,3.1424,1]},
{"frame":7,"values":[0.9996,-0.0258,0.008,0,0.0265,0.9945,-0.1012,0,-0.0053,0.1014,0.9948,0,0,10.3218,3.1424,1]},
{"frame":8,"values":[0.9998,0.0039,0.0212,0,-0.0023,0.9971,-0.0766,0,-0.0214,0.0765,0.9968,0,0,10.3218,3.1424,1]},
{"frame":9,"values":[0.9991,0.0228,0.0344,0,-0.0209,0.9983,-0.0548,0,-0.0356,0.054,0.9979,0,0,10.3218,3.1424,1]},
{"frame":10,"values":[0.999,0.0416,0.0148,0,-0.0407,0.9974,-0.0593,0,-0.0172,0.0587,0.9981,0,0,10.3218,3.1424,1]},
{"frame":11,"values":[0.9996,0.0285,-0.0048,0,-0.0288,0.9969,-0.0736,0,0.0027,0.0737,0.9973,0,0,10.3218,3.1424,1]},
{"frame":12,"values":[0.9996,0.0154,-0.0244,0,-0.0171,0.9974,-0.0701,0,0.0233,0.0704,0.9972,0,0,10.3218,3.1424,1]},
{"frame":13,"values":[0.999,0.0021,-0.0439,0,-0.0045,0.9984,-0.0559,0,0.0437,0.056,0.9975,0,0,10.3218,3.1424,1]},
{"frame":14,"values":[0.9979,-0.011,-0.0634,0,0.0084,0.9991,-0.0419,0,0.0638,0.0413,0.9971,0,0,10.3218,3.1424,1]},
{"frame":15,"values":[0.9963,-0.0238,-0.0832,0,0.0215,0.9994,-0.0282,0,0.0838,0.0263,0.9961,0,0,10.3218,3.1424,1]},
{"frame":16,"values":[0.994,-0.0361,-0.1031,0,0.0319,0.9986,-0.0425,0,0.1045,0.0389,0.9938,0,0,10.3218,3.1424,1]},
{"frame":17,"values":[0.9912,-0.0487,-0.1228,0,0.042,0.9975,-0.057,0,0.1252,0.0513,0.9908,0,0,10.3218,3.1424,1]},
{"frame":18,"values":[0.9879,-0.0615,-0.1422,0,0.0517,0.9961,-0.0716,0,0.1461,0.0634,0.9872,0,0,10.3218,3.1424,1]},
{"frame":19,"values":[0.9841,-0.0746,-0.1614,0,0.0612,0.9944,-0.0865,0,0.167,0.0752,0.9831,0,0,10.3218,3.1424,1]},
{"frame":20,"values":[0.9797,-0.0878,-0.1804,0,0.0703,0.9924,-0.1015,0,0.1879,0.0867,0.9784,0,0,10.3218,3.1424,1]},
{"frame":21,"values":[0.9747,-0.1003,-0.1996,0,0.0827,0.9921,-0.0946,0,0.2075,0.0757,0.9753,0,0,10.3218,3.1424,1]},
{"frame":22,"values":[0.9721,-0.0848,-0.2188,0,0.067,0.9939,-0.0878,0,0.2249,0.0707,0.9718,0,0,10.3218,3.1424,1]},
{"frame":23,"values":[0.9813,-0.0704,-0.179,0,0.0564,0.995,-0.082,0,0.1839,0.0704,0.9804,0,0,10.3218,3.1424,1]},
{"frame":24,"values":[0.9887,-0.0555,-0.1389,0,0.0443,0.9956,-0.0828,0,0.1429,0.0757,0.9868,0,0,10.3218,3.1424,1]},
{"frame":25,"values":[0.9943,-0.0404,-0.0986,0,0.0334,0.9968,-0.0724,0,0.1012,0.0687,0.9925,0,0,10.3218,3.1424,1]},
{"frame":26,"values":[0.9963,-0.0371,-0.077,0,0.0326,0.9978,-0.0583,0,0.079,0.0555,0.9953,0,0,10.3218,3.1424,1]}],"loopBehavior":1,"name":"anim","property":"_matrix"}},
{"name":"mixamorig:HeadTop_End","index":6,"matrix":[1,0,0,0,0,1,0,0,0,0,1,0,0.0002,18.4747,6.6364,1],"rest":[1,0,0,0,0,1,0,0,0,0,1,0,0.0002,18.4747,6.6364,1],"parentBoneIndex":5,"length":14.7322
,"animation":{"dataType":3,"framePerSecond":24,"keys":[
{"frame":1,"values":[1,0,0,0,0,1,0,0,0,0,1,0,0.0002,18.4747,6.6364,1]},
{"frame":26,"values":[1,0,0,0,0,1,0,0,0,0,1,0,0.0002,18.4747,6.6364,1]}],"loopBehavior":1,"name":"anim","property":"_matrix"}},
{"name":"mixamorig:LeftEye","index":7,"matrix":[1,0,0,0,0,1,0,0,0,0,1,0,2.9479,7.6817,9.1207,1],"rest":[1,0,0,0,0,1,0,0,0,0,1,0,2.9479,7.6817,9.1207,1],"parentBoneIndex":5,"length":14.7322
,"animation":{"dataType":3,"framePerSecond":24,"keys":[
{"frame":1,"values":[1,0,0,0,0,1,0,0,0,0,1,0,2.9479,7.6817,9.1207,1]},
{"frame":26,"values":[1,0,0,0,0,1,0,0,0,0,1,0,2.9479,7.6817,9.1207,1]}],"loopBehavior":1,"name":"anim","property":"_matrix"}},
{"name":"mixamorig:RightEye","index":8,"matrix":[1,0,0,0,0,1,0,0,0,0,1,0,-2.9445,7.6817,9.1205,1],"rest":[1,0,0,0,0,1,0,0,0,0,1,0,-2.9445,7.6817,9.1205,1],"parentBoneIndex":5,"length":14.7322
,"animation":{"dataType":3,"framePerSecond":24,"keys":[
{"frame":1,"values":[1,0,0,0,0,1,0,0,0,0,1,0,-2.9445,7.6817,9.1205,1]},
{"frame":26,"values":[1,0,0,0,0,1,0,0,0,0,1,0,-2.9445,7.6817,9.1205,1]}],"loopBehavior":1,"name":"anim","property":"_matrix"}},
{"name":"mixamorig:LeftShoulder","index":9,"matrix":[0.9563,-0.2493,0.1528,0,0.2452,0.9684,0.0455,0,-0.1594,-0.0061,0.9872,0,6.1058,9.1104,0.7056,1],"rest":[1,0,0,0,0,1,0,0,0,0,1,0,6.1058,9.1104,0.7056,1],"parentBoneIndex":3,"length":12.9222
,"animation":{"dataType":3,"framePerSecond":24,"keys":[
{"frame":1,"values":[0.9563,-0.2493,0.1528,0,0.2452,0.9684,0.0455,0,-0.1594,-0.0061,0.9872,0,6.1058,9.1104,0.7056,1]},
{"frame":2,"values":[0.9603,-0.2455,0.1324,0,0.2421,0.9694,0.0415,0,-0.1385,-0.0078,0.9903,0,6.1058,9.1104,0.7056,1]},
{"frame":3,"values":[0.9629,-0.2434,0.1168,0,0.2406,0.9699,0.0373,0,-0.1224,-0.0078,0.9925,0,6.1058,9.1104,0.7056,1]},
{"frame":4,"values":[0.9659,-0.236,0.1063,0,0.2337,0.9717,0.0345,0,-0.1114,-0.0085,0.9937,0,6.1058,9.1104,0.7056,1]},
{"frame":5,"values":[0.97,-0.2264,0.0882,0,0.2242,0.974,0.0335,0,-0.0935,-0.0127,0.9955,0,6.1058,9.1104,0.7056,1]},
{"frame":6,"values":[0.9698,-0.2299,0.0809,0,0.2279,0.9731,0.0325,0,-0.0862,-0.0131,0.9962,0,6.1058,9.1104,0.7056,1]},
{"frame":7,"values":[0.9668,-0.239,0.0906,0,0.2371,0.971,0.0315,0,-0.0955,-0.009,0.9954,0,6.1058,9.1104,0.7056,1]},
{"frame":8,"values":[0.9656,-0.243,0.0926,0,0.241,0.97,0.0322,0,-0.0977,-0.0088,0.9952,0,6.1058,9.1104,0.7056,1]},
{"frame":9,"values":[0.9628,-0.2497,0.1034,0,0.2473,0.9683,0.0352,0,-0.1089,-0.0084,0.994,0,6.1058,9.1104,0.7056,1]},
{"frame":10,"values":[0.9588,-0.259,0.1166,0,0.2563,0.9659,0.0382,0,-0.1225,-0.0068,0.9924,0,6.1058,9.1104,0.7056,1]},
{"frame":11,"values":[0.9567,-0.2628,0.125,0,0.2597,0.9648,0.0412,0,-0.1314,-0.007,0.9913,0,6.1058,9.1104,0.7056,1]},
{"frame":12,"values":[0.9545,-0.2666,0.1334,0,0.2632,0.9638,0.0428,0,-0.1399,-0.0058,0.9901,0,6.1058,9.1104,0.7056,1]},
{"frame":13,"values":[0.9523,-0.2703,0.1417,0,0.2667,0.9628,0.0445,0,-0.1484,-0.0045,0.9889,0,6.1058,9.1104,0.7056,1]},
{"frame":14,"values":[0.9541,-0.2622,0.1446,0,0.2582,0.965,0.0461,0,-0.1517,-0.0067,0.9884,0,6.1058,9.1104,0.7056,1]},
{"frame":15,"values":[0.9548,-0.2581,0.1476,0,0.254,0.9661,0.0464,0,-0.1545,-0.0068,0.988,0,6.1058,9.1104,0.7056,1]},
{"frame":16,"values":[0.9554,-0.2541,0.1505,0,0.2498,0.9672,0.0468,0,-0.1575,-0.0071,0.9875,0,6.1058,9.1104,0.7056,1]},
{"frame":17,"values":[0.956,-0.25,0.1534,0,0.2455,0.9682,0.0481,0,-0.1606,-0.0083,0.987,0,6.1058,9.1104,0.7056,1]},
{"frame":18,"values":[0.9566,-0.2459,0.1564,0,0.2411,0.9692,0.0494,0,-0.1637,-0.0095,0.9865,0,6.1058,9.1104,0.7056,1]},
{"frame":19,"values":[0.9572,-0.2418,0.1593,0,0.2367,0.9703,0.0506,0,-0.1668,-0.0107,0.9859,0,6.1058,9.1104,0.7056,1]},
{"frame":20,"values":[0.9577,-0.2377,0.1622,0,0.2328,0.9713,0.0489,0,-0.1692,-0.009,0.9855,0,6.1058,9.1104,0.7056,1]},
{"frame":21,"values":[0.9582,-0.2336,0.1652,0,0.2289,0.9723,0.0475,0,-0.1717,-0.0077,0.9851,0,6.1058,9.1104,0.7056,1]},
{"frame":22,"values":[0.9594,-0.2297,0.1639,0,0.2251,0.9732,0.0462,0,-0.1701,-0.0074,0.9854,0,6.1058,9.1104,0.7056,1]},
{"frame":23,"values":[0.9585,-0.2343,0.1626,0,0.23,0.9721,0.0448,0,-0.1686,-0.0055,0.9857,0,6.1058,9.1104,0.7056,1]},
{"frame":24,"values":[0.9575,-0.2389,0.1614,0,0.2346,0.971,0.0456,0,-0.1676,-0.0058,0.9858,0,6.1058,9.1104,0.7056,1]},
{"frame":25,"values":[0.9566,-0.2435,0.1601,0,0.2391,0.9699,0.0463,0,-0.1665,-0.006,0.986,0,6.1058,9.1104,0.7056,1]},
{"frame":26,"values":[0.9563,-0.2493,0.1528,0,0.2452,0.9684,0.0455,0,-0.1594,-0.0061,0.9872,0,6.1058,9.1104,0.7056,1]}],"loopBehavior":1,"name":"anim","property":"_matrix"}},
{"name":"mixamorig:LeftArm","index":10,"matrix":[0.4884,-0.8683,0.0871,0,0.7683,0.4752,0.4289,0,-0.4138,-0.1426,0.8991,0,12.655,-0.2659,-2.6009,1],"rest":[1,0,0,0,0,1,0,0,0,0,1,0,12.655,-0.2659,-2.6009,1],"parentBoneIndex":9,"length":27.4047
,"animation":{"dataType":3,"framePerSecond":24,"keys":[
{"frame":1,"values":[0.4884,-0.8683,0.0871,0,0.7683,0.4752,0.4289,0,-0.4138,-0.1426,0.8991,0,12.655,-0.2659,-2.6009,1]},
{"frame":2,"values":[0.4724,-0.8813,-0.012,0,0.8123,0.4301,0.3939,0,-0.342,-0.1958,0.9191,0,12.655,-0.2659,-2.6009,1]},
{"frame":3,"values":[0.4484,-0.888,-0.1022,0,0.8521,0.3901,0.3489,0,-0.27,-0.2435,0.9316,0,12.655,-0.2659,-2.6009,1]},
{"frame":4,"values":[0.4159,-0.8914,-0.18,0,0.8868,0.3536,0.2976,0,-0.2016,-0.2834,0.9376,0,12.655,-0.2659,-2.6009,1]},
{"frame":5,"values":[0.3875,-0.8931,-0.2286,0,0.9091,0.3292,0.2553,0,-0.1527,-0.3067,0.9395,0,12.655,-0.2659,-2.6009,1]},
{"frame":6,"values":[0.3861,-0.8939,-0.2277,0,0.9133,0.3356,0.231,0,-0.13,-0.2971,0.9459,0,12.655,-0.2659,-2.6009,1]},
{"frame":7,"values":[0.4081,-0.8877,-0.2131,0,0.9031,0.3584,0.2363,0,-0.1334,-0.2889,0.948,0,12.655,-0.2659,-2.6009,1]},
{"frame":8,"values":[0.4375,-0.8786,-0.1917,0,0.8851,0.3831,0.2642,0,-0.1586,-0.2853,0.9452,0,12.655,-0.2659,-2.6009,1]},
{"frame":9,"values":[0.4754,-0.866,-0.1553,0,0.859,0.4188,0.2944,0,-0.1899,-0.2734,0.943,0,12.655,-0.2659,-2.6009,1]},
{"frame":10,"values":[0.5142,-0.853,-0.09,0,0.8267,0.4648,0.317,0,-0.2286,-0.2374,0.9441,0,12.655,-0.2659,-2.6009,1]},
{"frame":11,"values":[0.5388,-0.8424,0.0001,0,0.8044,0.5146,0.2969,0,-0.2502,-0.1599,0.9549,0,12.655,-0.2659,-2.6009,1]},
{"frame":12,"values":[0.5506,-0.8326,0.0598,0,0.7919,0.5437,0.278,0,-0.264,-0.1057,0.9587,0,12.655,-0.2659,-2.6009,1]},
{"frame":13,"values":[0.556,-0.8226,0.1193,0,0.7735,0.5646,0.2878,0,-0.3041,-0.0677,0.9502,0,12.655,-0.2659,-2.6009,1]},
{"frame":14,"values":[0.5657,-0.8051,0.1784,0,0.7422,0.5913,0.3153,0,-0.3593,-0.0459,0.9321,0,12.655,-0.2659,-2.6009,1]},
{"frame":15,"values":[0.601,-0.7639,0.2351,0,0.6882,0.6441,0.3339,0,-0.4065,-0.0389,0.9128,0,12.655,-0.2659,-2.6009,1]},
{"frame":16,"values":[0.6307,-0.7188,0.2924,0,0.63,0.6943,0.3479,0,-0.453,-0.0352,0.8908,0,12.655,-0.2659,-2.6009,1]},
{"frame":17,"values":[0.6546,-0.6703,0.3496,0,0.5683,0.7413,0.357,0,-0.4985,-0.035,0.8662,0,12.655,-0.2659,-2.6009,1]},
{"frame":18,"values":[0.6724,-0.6188,0.4061,0,0.5039,0.7846,0.3613,0,-0.5422,-0.0383,0.8394,0,12.655,-0.2659,-2.6009,1]},
{"frame":19,"values":[0.6672,-0.6418,0.3781,0,0.5358,0.7661,0.355,0,-0.5175,-0.0342,0.855,0,12.655,-0.2659,-2.6009,1]},
{"frame":20,"values":[0.6605,-0.6643,0.35,0,0.567,0.7469,0.3474,0,-0.4922,-0.031,0.8699,0,12.655,-0.2659,-2.6009,1]},
{"frame":21,"values":[0.6523,-0.6862,0.3219,0,0.5974,0.7269,0.3387,0,-0.4664,-0.0286,0.8841,0,12.655,-0.2659,-2.6009,1]},
{"frame":22,"values":[0.604,-0.741,0.2932,0,0.6554,0.6712,0.3463,0,-0.4535,-0.017,0.8911,0,12.655,-0.2659,-2.6009,1]},
{"frame":23,"values":[0.5716,-0.7765,0.2652,0,0.674,0.6287,0.3879,0,-0.468,-0.0429,0.8827,0,12.655,-0.2659,-2.6009,1]},
{"frame":24,"values":[0.5383,-0.8093,0.2351,0,0.6904,0.5834,0.4276,0,-0.4833,-0.0679,0.8728,0,12.655,-0.2659,-2.6009,1]},
{"frame":25,"values":[0.5082,-0.8426,0.1784,0,0.7238,0.5301,0.4417,0,-0.4667,-0.0954,0.8792,0,12.655,-0.2659,-2.6009,1]},
{"frame":26,"values":[0.4884,-0.8683,0.0871,0,0.7683,0.4752,0.4289,0,-0.4138,-0.1426,0.8991,0,12.655,-0.2659,-2.6009,1]}],"loopBehavior":1,"name":"anim","property":"_matrix"}},
{"name":"mixamorig:LeftForeArm","index":11,"matrix":[0.9814,0,0.1919,0,0,1,0,0,-0.1919,0,0.9814,0,27.4047,0,0,1],"rest":[1,0,0,0,0,1,0,0,0,0,1,0,27.4047,0,0,1],"parentBoneIndex":10,"length":27.6145
,"animation":{"dataType":3,"framePerSecond":24,"keys":[
{"frame":1,"values":[0.9814,0,0.1919,0,0,1,0,0,-0.1919,0,0.9814,0,27.4047,0,0,1]},
{"frame":2,"values":[0.9815,0,0.1915,0,0,1,0,0,-0.1915,0,0.9815,0,27.4047,0,0,1]},
{"frame":3,"values":[0.9825,0,0.1863,0,0,1,0,0,-0.1863,0,0.9825,0,27.4047,0,0,1]},
{"frame":4,"values":[0.9851,0,0.1719,0,0,1,0,0,-0.1719,0,0.9851,0,27.4047,0,0,1]},
{"frame":5,"values":[0.9901,0,0.1406,0,0,1,0,0,-0.1406,0,0.9901,0,27.4047,0,0,1]},
{"frame":6,"values":[0.9958,0,0.0919,0,0,1,0,0,-0.0919,0,0.9958,0,27.4047,0,0,1]},
{"frame":7,"values":[0.9975,0,0.0713,0,0,1,0,0,-0.0713,0,0.9975,0,27.4047,0,0,1]},
{"frame":8,"values":[0.9963,0,0.0861,0,0,1,0,0,-0.0861,0,0.9963,0,27.4047,0,0,1]},
{"frame":9,"values":[0.9931,0,0.1175,0,0,1,0,0,-0.1175,0,0.9931,0,27.4047,0,0,1]},
{"frame":10,"values":[0.9862,0,0.1657,0,0,1,0,0,-0.1657,0,0.9862,0,27.4047,0,0,1]},
{"frame":11,"values":[0.975,0,0.2221,0,0,1,0,0,-0.2221,0,0.975,0,27.4047,0,0,1]},
{"frame":12,"values":[0.9574,0,0.2887,0,0,1,0,0,-0.2887,0,0.9574,0,27.4047,0,0,1]},
{"frame":13,"values":[0.9281,0,0.3723,0,0,1,0,0,-0.3723,0,0.9281,0,27.4047,0,0,1]},
{"frame":14,"values":[0.8812,0,0.4728,0,0,1,0,0,-0.4728,0,0.8812,0,27.4047,0,0,1]},
{"frame":15,"values":[0.798,0,0.6027,0,0,1,0,0,-0.6027,0,0.798,0,27.4047,0,0,1]},
{"frame":16,"values":[0.7103,0,0.7039,0,0,1,0,0,-0.7039,0,0.7103,0,27.4047,0,0,1]},
{"frame":17,"values":[0.6098,0,0.7925,0,0,1,0,0,-0.7925,0,0.6098,0,27.4047,0,0,1]},
{"frame":18,"values":[0.5393,0,0.8421,0,0,1,0,0,-0.8421,0,0.5393,0,27.4047,0,0,1]},
{"frame":19,"values":[0.5617,0,0.8273,0,0,1,0,0,-0.8273,0,0.5617,0,27.4047,0,0,1]},
{"frame":20,"values":[0.5837,0,0.812,0,0,1,0,0,-0.812,0,0.5837,0,27.4047,0,0,1]},
{"frame":21,"values":[0.6052,0,0.796,0,0,1,0,0,-0.796,0,0.6052,0,27.4047,0,0,1]},
{"frame":22,"values":[0.7372,0,0.6756,0,0,1,0,0,-0.6756,0,0.7372,0,27.4047,0,0,1]},
{"frame":23,"values":[0.8465,0,0.5325,0,0,1,0,0,-0.5325,0,0.8465,0,27.4047,0,0,1]},
{"frame":24,"values":[0.9277,0,0.3734,0,0,1,0,0,-0.3734,0,0.9277,0,27.4047,0,0,1]},
{"frame":25,"values":[0.9667,0,0.2558,0,0,1,0,0,-0.2558,0,0.9667,0,27.4047,0,0,1]},
{"frame":26,"values":[0.9814,0,0.1919,0,0,1,0,0,-0.1919,0,0.9814,0,27.4047,0,0,1]}],"loopBehavior":1,"name":"anim","property":"_matrix"}},
{"name":"mixamorig:LeftHand","index":12,"matrix":[0.981,-0.1801,-0.0715,0,0.1835,0.982,0.0447,0,0.0622,-0.057,0.9964,0,27.6145,0,0,1],"rest":[1,0,0,0,0,1,0.0001,0,0,-0.0001,1,0,27.6145,0,0,1],"parentBoneIndex":11,"length":10.9801
,"animation":{"dataType":3,"framePerSecond":24,"keys":[
{"frame":1,"values":[0.981,-0.1801,-0.0715,0,0.1835,0.982,0.0447,0,0.0622,-0.057,0.9964,0,27.6145,0,0,1]},
{"frame":2,"values":[0.9689,-0.2432,-0.0455,0,0.2451,0.9686,0.041,0,0.0341,-0.0509,0.9981,0,27.6145,0,0,1]},
{"frame":3,"values":[0.964,-0.2658,-0.0082,0,0.2659,0.9631,0.0406,0,-0.0029,-0.0413,0.9991,0,27.6145,0,0,1]},
{"frame":4,"values":[0.9611,-0.2754,0.0196,0,0.2748,0.9611,0.0276,0,-0.0264,-0.0211,0.9994,0,27.6145,0,0,1]},
{"frame":5,"values":[0.9553,-0.2944,0.0278,0,0.2934,0.9554,0.0345,0,-0.0367,-0.0248,0.999,0,27.6145,0,0,1]},
{"frame":6,"values":[0.9527,-0.304,0.0035,0,0.3028,0.9499,0.0776,0,-0.0269,-0.0729,0.997,0,27.6145,0,0,1]},
{"frame":7,"values":[0.962,-0.2639,-0.0698,0,0.2711,0.9537,0.1305,0,0.0321,-0.1445,0.989,0,27.6145,0,0,1]},
{"frame":8,"values":[0.9593,-0.2535,-0.1246,0,0.2715,0.9492,0.159,0,0.078,-0.1864,0.9794,0,27.6145,0,0,1]},
{"frame":9,"values":[0.9608,-0.2604,-0.0952,0,0.2716,0.953,0.1345,0,0.0557,-0.1551,0.9863,0,27.6145,0,0,1]},
{"frame":10,"values":[0.9663,-0.2459,-0.0758,0,0.2517,0.9645,0.0803,0,0.0534,-0.0967,0.9939,0,27.6145,0,0,1]},
{"frame":11,"values":[0.9678,-0.2349,-0.091,0,0.2402,0.9693,0.0528,0,0.0758,-0.0729,0.9945,0,27.6145,0,0,1]},
{"frame":12,"values":[0.9736,-0.2055,-0.0992,0,0.2118,0.9757,0.057,0,0.0851,-0.0765,0.9934,0,27.6145,0,0,1]},
{"frame":13,"values":[0.9783,-0.1807,-0.1011,0,0.1888,0.9789,0.0776,0,0.0849,-0.095,0.9918,0,27.6145,0,0,1]},
{"frame":14,"values":[0.977,-0.1917,-0.0937,0,0.1994,0.9765,0.0812,0,0.0759,-0.098,0.9923,0,27.6145,0,0,1]},
{"frame":15,"values":[0.9834,-0.1608,-0.084,0,0.1661,0.9842,0.0614,0,0.0728,-0.0744,0.9946,0,27.6145,0,0,1]},
{"frame":16,"values":[0.9955,-0.0579,-0.0746,0,0.0626,0.9961,0.0619,0,0.0707,-0.0663,0.9953,0,27.6145,0,0,1]},
{"frame":17,"values":[0.9968,0.0456,-0.0652,0,-0.0416,0.9972,0.0614,0,0.0679,-0.0585,0.996,0,27.6145,0,0,1]},
{"frame":18,"values":[0.9794,0.1957,-0.0494,0,-0.1942,0.9804,0.0326,0,0.0548,-0.0223,0.9982,0,27.6145,0,0,1]},
{"frame":19,"values":[0.9712,0.2371,-0.024,0,-0.2365,0.9713,0.0256,0,0.0293,-0.0192,0.9994,0,27.6145,0,0,1]},
{"frame":20,"values":[0.9605,0.2782,0.0012,0,-0.2781,0.9604,0.0175,0,0.0037,-0.0171,0.9998,0,27.6145,0,0,1]},
{"frame":21,"values":[0.9475,0.3187,0.0259,0,-0.319,0.9477,0.0083,0,-0.0219,-0.0161,0.9996,0,27.6145,0,0,1]},
{"frame":22,"values":[0.9707,0.2394,0.0182,0,-0.2394,0.9709,-0.0073,0,-0.0194,0.0027,0.9998,0,27.6145,0,0,1]},
{"frame":23,"values":[0.9873,0.1582,0.0118,0,-0.1579,0.9872,-0.0234,0,-0.0153,0.0213,0.9997,0,27.6145,0,0,1]},
{"frame":24,"values":[0.9971,0.076,0.0067,0,-0.0757,0.9963,-0.0401,0,-0.0097,0.0394,0.9992,0,27.6145,0,0,1]},
{"frame":25,"values":[0.9963,-0.0788,-0.0337,0,0.0793,0.9968,0.0132,0,0.0325,-0.0159,0.9993,0,27.6145,0,0,1]},
{"frame":26,"values":[0.981,-0.1801,-0.0715,0,0.1835,0.982,0.0447,0,0.0622,-0.057,0.9964,0,27.6145,0,0,1]}],"loopBehavior":1,"name":"anim","property":"_matrix"}},
{"name":"mixamorig:LeftHandMiddle1","index":13,"matrix":[0.891,-0.448,-0.0733,0,0.4472,0.894,-0.0283,0,0.0782,-0.0076,0.9969,0,12.7755,0,0,1],"rest":[1,0,0,0,0,1,0,0,0,0,1,0,12.7755,0,0,1],"parentBoneIndex":12,"length":3.614
,"animation":{"dataType":3,"framePerSecond":24,"keys":[
{"frame":1,"values":[0.891,-0.448,-0.0733,0,0.4472,0.894,-0.0283,0,0.0782,-0.0076,0.9969,0,12.7755,0,0,1]},
{"frame":2,"values":[0.8972,-0.4361,-0.0695,0,0.4353,0.8999,-0.0272,0,0.0744,-0.0058,0.9972,0,12.7755,0,0,1]},
{"frame":3,"values":[0.898,-0.4344,-0.0696,0,0.4336,0.9007,-0.027,0,0.0744,-0.0059,0.9972,0,12.7755,0,0,1]},
{"frame":4,"values":[0.8965,-0.4374,-0.0713,0,0.4366,0.8993,-0.0273,0,0.0761,-0.0067,0.9971,0,12.7755,0,0,1]},
{"frame":5,"values":[0.8715,-0.4827,-0.0865,0,0.4819,0.8757,-0.0316,0,0.091,-0.0141,0.9958,0,12.7755,0,0,1]},
{"frame":6,"values":[0.8607,-0.5007,-0.0916,0,0.4999,0.8654,-0.0334,0,0.096,-0.017,0.9952,0,12.7755,0,0,1]},
{"frame":7,"values":[0.8613,-0.5006,-0.0872,0,0.4997,0.8656,-0.0334,0,0.0922,-0.0148,0.9956,0,12.7755,0,0,1]},
{"frame":8,"values":[0.8586,-0.5056,-0.0849,0,0.5047,0.8626,-0.0339,0,0.0904,-0.0137,0.9958,0,12.7755,0,0,1]},
{"frame":9,"values":[0.8574,-0.5077,-0.0845,0,0.5067,0.8614,-0.0341,0,0.0902,-0.0136,0.9958,0,12.7755,0,0,1]},
{"frame":10,"values":[0.8608,-0.502,-0.0842,0,0.501,0.8648,-0.0336,0,0.0896,-0.0133,0.9959,0,12.7755,0,0,1]},
{"frame":11,"values":[0.8674,-0.4905,-0.0838,0,0.4896,0.8713,-0.0324,0,0.089,-0.0129,0.996,0,12.7755,0,0,1]},
{"frame":12,"values":[0.868,-0.4899,-0.0807,0,0.489,0.8717,-0.0318,0,0.086,-0.0119,0.9962,0,12.7755,0,0,1]},
{"frame":13,"values":[0.8687,-0.4893,-0.0776,0,0.4884,0.8721,-0.0312,0,0.083,-0.0108,0.9965,0,12.7755,0,0,1]},
{"frame":14,"values":[0.8693,-0.4886,-0.0745,0,0.4878,0.8724,-0.0307,0,0.08,-0.0097,0.9967,0,12.7755,0,0,1]},
{"frame":15,"values":[0.8717,-0.4849,-0.0714,0,0.484,0.8746,-0.0301,0,0.0771,-0.0083,0.997,0,12.7755,0,0,1]},
{"frame":16,"values":[0.8738,-0.4814,-0.0683,0,0.4805,0.8765,-0.0295,0,0.0741,-0.0071,0.9972,0,12.7755,0,0,1]},
{"frame":17,"values":[0.876,-0.4779,-0.0652,0,0.4771,0.8784,-0.0289,0,0.0711,-0.0058,0.9975,0,12.7755,0,0,1]},
{"frame":18,"values":[0.8781,-0.4744,-0.0621,0,0.4736,0.8803,-0.0284,0,0.0681,-0.0045,0.9977,0,12.7755,0,0,1]},
{"frame":19,"values":[0.8798,-0.4707,-0.0661,0,0.4699,0.8823,-0.0292,0,0.0721,-0.0054,0.9974,0,12.7755,0,0,1]},
{"frame":20,"values":[0.8772,-0.475,-0.0702,0,0.4741,0.88,-0.0301,0,0.076,-0.0069,0.9971,0,12.7755,0,0,1]},
{"frame":21,"values":[0.8746,-0.4792,-0.0742,0,0.4783,0.8777,-0.0309,0,0.0799,-0.0084,0.9968,0,12.7755,0,0,1]},
{"frame":22,"values":[0.8719,-0.4834,-0.0779,0,0.4825,0.8753,-0.0318,0,0.0836,-0.0099,0.9965,0,12.7755,0,0,1]},
{"frame":23,"values":[0.8694,-0.4873,-0.0817,0,0.4863,0.8732,-0.0326,0,0.0873,-0.0114,0.9961,0,12.7755,0,0,1]},
{"frame":24,"values":[0.8669,-0.4911,-0.0855,0,0.4901,0.871,-0.0338,0,0.0911,-0.0126,0.9958,0,12.7755,0,0,1]},
{"frame":25,"values":[0.8643,-0.4949,-0.0893,0,0.4941,0.8688,-0.0328,0,0.0938,-0.0157,0.9955,0,12.7755,0,0,1]},
{"frame":26,"values":[0.891,-0.448,-0.0733,0,0.4472,0.894,-0.0283,0,0.0782,-0.0076,0.9969,0,12.7755,0,0,1]}],"loopBehavior":1,"name":"anim","property":"_matrix"}},
{"name":"mixamorig:LeftHandMiddle2","index":14,"matrix":[0.9784,-0.2058,-0.0211,0,0.2058,0.9786,-0.0022,0,0.0211,-0.0022,0.9998,0,3.614,0,0,1],"rest":[1,0,0,0,0,1,0,0,0,0,1,0,3.614,0,0,1],"parentBoneIndex":13,"length":3.4598
,"animation":{"dataType":3,"framePerSecond":24,"keys":[
{"frame":1,"values":[0.9783,-0.2062,-0.0211,0,0.2062,0.9785,-0.0022,0,0.0211,-0.0022,0.9998,0,3.614,0,0,1]},
{"frame":3,"values":[0.9783,-0.2063,-0.0211,0,0.2063,0.9785,-0.0022,0,0.0211,-0.0022,0.9998,0,3.614,0,0,1]},
{"frame":4,"values":[0.9782,-0.2064,-0.0211,0,0.2064,0.9785,-0.0022,0,0.0211,-0.0022,0.9998,0,3.614,0,0,1]},
{"frame":6,"values":[0.9782,-0.2065,-0.0211,0,0.2065,0.9784,-0.0022,0,0.0211,-0.0022,0.9998,0,3.614,0,0,1]},
{"frame":7,"values":[0.9782,-0.2064,-0.0211,0,0.2064,0.9785,-0.0022,0,0.0211,-0.0022,0.9998,0,3.614,0,0,1]},
{"frame":8,"values":[0.9783,-0.2062,-0.0211,0,0.2062,0.9785,-0.0022,0,0.0211,-0.0022,0.9998,0,3.614,0,0,1]},
{"frame":9,"values":[0.9783,-0.2061,-0.021,0,0.2061,0.9785,-0.0022,0,0.021,-0.0022,0.9998,0,3.614,0,0,1]},
{"frame":10,"values":[0.9783,-0.206,-0.021,0,0.206,0.9786,-0.0022,0,0.021,-0.0022,0.9998,0,3.614,0,0,1]},
{"frame":11,"values":[0.9784,-0.2059,-0.021,0,0.2059,0.9786,-0.0022,0,0.021,-0.0022,0.9998,0,3.614,0,0,1]},
{"frame":12,"values":[0.9784,-0.2057,-0.021,0,0.2057,0.9786,-0.0022,0,0.021,-0.0022,0.9998,0,3.614,0,0,1]},
{"frame":13,"values":[0.9784,-0.2056,-0.021,0,0.2056,0.9786,-0.0022,0,0.021,-0.0022,0.9998,0,3.614,0,0,1]},
