{"producer":{"name":"Blender","version":"2.79 (sub 0)","exporter_version":"5.6.4","file":"malerunback.babylon"},
"autoClear":true,"clearColor":[0.0509,0.0509,0.0509],"ambientColor":[0,0,0],"gravity":[0,-9.81,0],
"materials":[{"name":"malerunback.Material","id":"malerunback.Material","ambient":[0.8,0.8,0.8],"diffuse":[0.64,0.64,0.64],"specular":[0.5,0.5,0.5],"emissive":[0,0,0],"specularPower":50,"alpha":1,"backFaceCulling":true,"checkReadyOnlyOnce":false,"maxSimultaneousLights":4}],
"multiMaterials":[],
"skeletons":[{"name":"Armature","id":0,"dimensionsAtRest":[194.6189,193.2823,30.9004],"bones":[
{"name":"mixamorig:Hips","index":0,"matrix":[-0.9992,0.0123,-0.0379,0,0.0123,0.9999,0.0022,0,-0.0379,-0.0018,0.9993,0,0.0345,85.9741,0.1448,1],"rest":[1,0,0,0,0,1,0,0,0,0,-1,0,0,99.6721,0,1],"parentBoneIndex":-1,"length":10.8627
,"animation":{"dataType":3,"framePerSecond":24,"keys":[
{"frame":1,"values":[-0.9992,0.0123,-0.0379,0,0.0123,0.9999,0.0022,0,-0.0379,-0.0018,0.9993,0,-0.0055,85.9741,0.1448,1]},
{"frame":2,"values":[-0.9984,-0.0062,-0.0561,0,-0.0045,0.9996,-0.0294,0,-0.0563,0.0291,0.998,0,0.733,85.8463,2.211,1]},
{"frame":3,"values":[-0.9924,-0.0184,-0.1219,0,-0.0097,0.9974,-0.0715,0,-0.1229,0.0698,0.99,0,1.0908,87.9924,3.812,1]},
{"frame":4,"values":[-0.9818,-0.0303,-0.1873,0,-0.0228,0.9988,-0.0423,0,-0.1883,0.0372,0.9814,0,0.9592,90.8194,3.9982,1]},
{"frame":5,"values":[-0.9874,-0.0427,-0.1525,0,-0.0411,0.9991,-0.0138,0,-0.153,0.0074,0.9882,0,0.642,91.2221,4.6825,1]},
{"frame":6,"values":[-0.9915,-0.0552,-0.1176,0,-0.0574,0.9982,0.015,0,-0.1166,-0.0216,0.9929,0,-0.0756,91.6712,3.4482,1]},
{"frame":7,"values":[-0.9943,-0.0677,-0.0826,0,-0.0715,0.9965,0.044,0,-0.0793,-0.0497,0.9956,0,-0.8415,89.5654,1.8794,1]},
{"frame":8,"values":[-0.9973,-0.0556,-0.0474,0,-0.0564,0.9983,0.0166,0,-0.0464,-0.0192,0.9987,0,-1.6074,85.6477,0.9065,1]},
{"frame":9,"values":[-0.999,-0.0433,-0.0122,0,-0.0432,0.999,-0.0109,0,-0.0127,0.0104,0.9999,0,-2.3732,83.6391,1.4864,1]},
{"frame":10,"values":[-0.9993,-0.031,0.023,0,-0.0319,0.9988,-0.0384,0,0.0218,0.0391,0.999,0,-3.1391,85.8107,2.0663,1]},
{"frame":11,"values":[-0.9997,-0.0187,-0.015,0,-0.0177,0.9977,-0.066,0,-0.0162,0.0657,0.9977,0,-2.5744,87.9824,2.6462,1]},
{"frame":12,"values":[-0.9986,-0.0064,-0.053,0,-0.0049,0.9996,-0.0274,0,-0.0532,0.0271,0.9982,0,-2.0097,90.154,3.2261,1]},
{"frame":13,"values":[-0.9958,0.0059,-0.0909,0,0.0049,0.9999,0.011,0,-0.091,-0.0105,0.9958,0,-1.4451,92.3257,2.3464,1]},
{"frame":14,"values":[-0.9915,0.0181,-0.1287,0,0.0119,0.9987,0.0492,0,-0.1294,-0.0472,0.9905,0,-0.8804,90.367,1.4666,1]},
{"frame":15,"values":[-0.9959,0.0305,-0.0856,0,0.0287,0.9993,0.0218,0,-0.0862,-0.0193,0.9961,0,-0.3157,88.4083,0.5869,1]},
{"frame":16,"values":[-0.9992,0.0123,-0.0379,0,0.0123,0.9999,0.0022,0,-0.0379,-0.0018,0.9993,0,0.0345,85.9741,0.1448,1]}],"loopBehavior":1,"name":"anim","property":"_matrix"}},
{"name":"mixamorig:Spine","index":1,"matrix":[0.9993,0.0139,-0.0338,0,-0.0043,0.9626,0.2709,0,0.0363,-0.2706,0.962,0,0,9.9235,-1.2273,1],"rest":[1,0,0,0,0,1,0,0,0,0,1,0,0,9.9235,-1.2273,1],"parentBoneIndex":0,"length":11.7319
,"animation":{"dataType":3,"framePerSecond":24,"keys":[
{"frame":1,"values":[0.9993,0.0139,-0.0338,0,-0.0043,0.9626,0.2709,0,0.0363,-0.2706,0.962,0,0,9.9235,-1.2273,1]},
{"frame":2,"values":[0.9996,0.0153,0.0243,0,-0.0211,0.9655,0.2597,0,-0.0195,-0.2601,0.9654,0,0,9.9235,-1.2273,1]},
{"frame":3,"values":[0.9909,0.0047,0.1347,0,-0.0393,0.966,0.2555,0,-0.1289,-0.2584,0.9574,0,0,9.9235,-1.2273,1]},
{"frame":4,"values":[0.9841,-0.008,0.1773,0,-0.0338,0.9722,0.2315,0,-0.1742,-0.2339,0.9565,0,0,9.9235,-1.2273,1]},
{"frame":5,"values":[0.9912,-0.0203,0.1305,0,0.0001,0.9883,0.1526,0,-0.1321,-0.1512,0.9796,0,0,9.9235,-1.2273,1]},
{"frame":6,"values":[0.9971,-0.0156,0.0741,0,0.004,0.988,0.1542,0,-0.0756,-0.1535,0.9852,0,0,9.9235,-1.2273,1]},
{"frame":7,"values":[0.9996,-0.0068,0.0284,0,0.0008,0.9789,0.2045,0,-0.0292,-0.2044,0.9784,0,0,9.9235,-1.2273,1]},
{"frame":8,"values":[0.9997,-0.0155,-0.0173,0,0.0195,0.9652,0.2609,0,0.0127,-0.2612,0.9652,0,0,9.9235,-1.2273,1]},
{"frame":9,"values":[0.9974,-0.0351,-0.0631,0,0.0516,0.958,0.282,0,0.0505,-0.2846,0.9573,0,0,9.9235,-1.2273,1]},
{"frame":10,"values":[0.9938,-0.0239,-0.1087,0,0.053,0.9606,0.2727,0,0.0979,-0.2768,0.9559,0,0,9.9235,-1.2273,1]},
{"frame":11,"values":[0.9879,-0.019,-0.1541,0,0.0611,0.96,0.2732,0,0.1427,-0.2793,0.9495,0,0,9.9235,-1.2273,1]},
{"frame":12,"values":[0.9908,-0.0249,-0.1332,0,0.0553,0.9716,0.2303,0,0.1236,-0.2355,0.964,0,0,9.9235,-1.2273,1]},
{"frame":13,"values":[0.9935,-0.0168,-0.1122,0,0.0377,0.9817,0.1865,0,0.107,-0.1895,0.976,0,0,9.9235,-1.2273,1]},
{"frame":14,"values":[0.9958,-0.0085,-0.0913,0,0.0279,0.9766,0.2134,0,0.0874,-0.215,0.9727,0,0,9.9235,-1.2273,1]},
{"frame":15,"values":[0.9975,-0.0006,-0.0702,0,0.0175,0.9706,0.2399,0,0.068,-0.2406,0.9682,0,0,9.9235,-1.2273,1]},
{"frame":16,"values":[0.9993,0.0139,-0.0338,0,-0.0043,0.9626,0.2709,0,0.0363,-0.2706,0.962,0,0,9.9235,-1.2273,1]}],"loopBehavior":1,"name":"anim","property":"_matrix"}},
{"name":"mixamorig:Spine1","index":2,"matrix":[0.9999,0.0084,-0.0087,0,-0.008,0.9989,0.0452,0,0.0091,-0.0451,0.9989,0,-0.0001,11.6454,-1.4223,1],"rest":[1,0,0,0,0,1,0,0,0,0,1,0,-0.0001,11.6454,-1.4223,1],"parentBoneIndex":1,"length":13.4589
,"animation":{"dataType":3,"framePerSecond":24,"keys":[
{"frame":1,"values":[0.9999,0.0084,-0.0087,0,-0.008,0.9989,0.0452,0,0.0091,-0.0451,0.9989,0,-0.0001,11.6454,-1.4223,1]},
{"frame":2,"values":[0.9999,0.0077,0.0071,0,-0.008,0.999,0.0434,0,-0.0068,-0.0434,0.999,0,-0.0001,11.6454,-1.4223,1]},
{"frame":3,"values":[0.9993,0.0069,0.037,0,-0.0084,0.9991,0.0405,0,-0.0367,-0.0408,0.9985,0,-0.0001,11.6454,-1.4223,1]},
{"frame":4,"values":[0.9988,0.0062,0.0488,0,-0.0083,0.999,0.0438,0,-0.0485,-0.0442,0.9978,0,-0.0001,11.6454,-1.4223,1]},
{"frame":5,"values":[0.9993,0.0055,0.0365,0,-0.0079,0.9977,0.0674,0,-0.036,-0.0677,0.9971,0,-0.0001,11.6454,-1.4223,1]},
{"frame":6,"values":[0.9998,0.0047,0.021,0,-0.0059,0.9984,0.0564,0,-0.0207,-0.0565,0.9982,0,-0.0001,11.6454,-1.4223,1]},
{"frame":7,"values":[1,0.004,0.0087,0,-0.0044,0.9991,0.0433,0,-0.0085,-0.0433,0.999,0,-0.0001,11.6454,-1.4223,1]},
{"frame":8,"values":[1,0.0033,-0.0037,0,-0.0031,0.999,0.0453,0,0.0039,-0.0453,0.999,0,-0.0001,11.6454,-1.4223,1]},
{"frame":9,"values":[0.9999,0.0026,-0.0161,0,-0.0018,0.9989,0.0462,0,0.0162,-0.0462,0.9988,0,-0.0001,11.6454,-1.4223,1]},
{"frame":10,"values":[0.9996,0.003,-0.0285,0,-0.0016,0.9988,0.0489,0,0.0286,-0.0488,0.9984,0,-0.0001,11.6454,-1.4223,1]},
{"frame":11,"values":[0.9992,0.0035,-0.0409,0,-0.0016,0.9989,0.0474,0,0.041,-0.0473,0.998,0,-0.0001,11.6454,-1.4223,1]},
{"frame":12,"values":[0.9994,0.004,-0.0352,0,-0.0017,0.998,0.0638,0,0.0354,-0.0637,0.9973,0,-0.0001,11.6454,-1.4223,1]},
{"frame":13,"values":[0.9996,0.0044,-0.0296,0,-0.0027,0.9983,0.0581,0,0.0298,-0.058,0.9979,0,-0.0001,11.6454,-1.4223,1]},
{"frame":14,"values":[0.9997,0.0057,-0.0239,0,-0.0045,0.9986,0.0524,0,0.0242,-0.0523,0.9983,0,-0.0001,11.6454,-1.4223,1]},
{"frame":15,"values":[0.9998,0.0071,-0.0183,0,-0.0062,0.9989,0.0467,0,0.0186,-0.0466,0.9987,0,-0.0001,11.6454,-1.4223,1]},
{"frame":16,"values":[0.9999,0.0084,-0.0087,0,-0.008,0.9989,0.0452,0,0.0091,-0.0451,0.9989,0,-0.0001,11.6454,-1.4223,1]}],"loopBehavior":1,"name":"anim","property":"_matrix"}},
{"name":"mixamorig:Spine2","index":3,"matrix":[0.9999,0.0082,-0.0083,0,-0.0079,0.9989,0.0453,0,0.0087,-0.0452,0.9989,0,0.0001,13.3602,-1.6265,1],"rest":[1,0,0,0,0,1,0,0,0,0,1,0,0.0001,13.3602,-1.6265,1],"parentBoneIndex":2,"length":12.3444
,"animation":{"dataType":3,"framePerSecond":24,"keys":[
{"frame":1,"values":[0.9999,0.0082,-0.0083,0,-0.0079,0.9989,0.0453,0,0.0087,-0.0452,0.9989,0,0.0001,13.3602,-1.6265,1]},
{"frame":2,"values":[0.9999,0.0078,0.0075,0,-0.0082,0.999,0.0433,0,-0.0072,-0.0433,0.999,0,0.0001,13.3602,-1.6265,1]},
{"frame":3,"values":[0.9993,0.0074,0.0371,0,-0.0089,0.9991,0.0404,0,-0.0368,-0.0407,0.9985,0,0.0001,13.3602,-1.6265,1]},
{"frame":4,"values":[0.9988,0.007,0.0487,0,-0.0092,0.999,0.0439,0,-0.0483,-0.0443,0.9978,0,0.0001,13.3602,-1.6265,1]},
{"frame":5,"values":[0.9993,0.0067,0.0366,0,-0.0091,0.9977,0.0675,0,-0.036,-0.0678,0.997,0,0.0001,13.3602,-1.6265,1]},
{"frame":6,"values":[0.9998,0.0063,0.0213,0,-0.0074,0.9984,0.0564,0,-0.0209,-0.0566,0.9982,0,0.0001,13.3602,-1.6265,1]},
{"frame":7,"values":[0.9999,0.0059,0.009,0,-0.0062,0.999,0.0433,0,-0.0087,-0.0433,0.999,0,0.0001,13.3602,-1.6265,1]},
{"frame":8,"values":[1,0.0056,-0.0033,0,-0.0054,0.999,0.0453,0,0.0035,-0.0453,0.999,0,0.0001,13.3602,-1.6265,1]},
{"frame":9,"values":[0.9999,0.0052,-0.0156,0,-0.0045,0.9989,0.0462,0,0.0158,-0.0462,0.9988,0,0.0001,13.3602,-1.6265,1]},
{"frame":10,"values":[0.9996,0.0049,-0.0278,0,-0.0036,0.9988,0.049,0,0.0281,-0.0489,0.9984,0,0.0001,13.3602,-1.6265,1]},
{"frame":11,"values":[0.9992,0.0046,-0.0401,0,-0.0027,0.9989,0.0476,0,0.0403,-0.0475,0.9981,0,0.0001,13.3602,-1.6265,1]},
{"frame":12,"values":[0.9994,0.0043,-0.0345,0,-0.0021,0.9979,0.064,0,0.0347,-0.0639,0.9973,0,0.0001,13.3602,-1.6265,1]},
{"frame":13,"values":[0.9996,0.004,-0.0289,0,-0.0023,0.9983,0.0583,0,0.0291,-0.0582,0.9979,0,0.0001,13.3602,-1.6265,1]},
{"frame":14,"values":[0.9997,0.0054,-0.0233,0,-0.0042,0.9986,0.0526,0,0.0236,-0.0524,0.9983,0,0.0001,13.3602,-1.6265,1]},
{"frame":15,"values":[0.9998,0.0068,-0.0177,0,-0.006,0.9989,0.0468,0,0.018,-0.0467,0.9987,0,0.0001,13.3602,-1.6265,1]},
{"frame":16,"values":[0.9999,0.0082,-0.0083,0,-0.0079,0.9989,0.0453,0,0.0087,-0.0452,0.9989,0,0.0001,13.3602,-1.6265,1]}],"loopBehavior":1,"name":"anim","property":"_matrix"}},
{"name":"mixamorig:Neck","index":4,"matrix":[0.9998,0.0152,0.0134,0,-0.0154,0.9998,0.0149,0,-0.0132,-0.0151,0.9998,0,0,15.0325,0.7929,1],"rest":[1,0,0,0,0,1,0,0,0,0,1,0,0,15.0325,0.7929,1],"parentBoneIndex":3,"length":10.7895
,"animation":{"dataType":3,"framePerSecond":24,"keys":[
{"frame":1,"values":[0.9998,0.0152,0.0134,0,-0.0154,0.9998,0.0149,0,-0.0132,-0.0151,0.9998,0,0,15.0325,0.7929,1]},
{"frame":2,"values":[1,-0.0023,0.0058,0,0.0021,0.9998,0.0202,0,-0.0058,-0.0202,0.9998,0,0,15.0325,0.7929,1]},
{"frame":3,"values":[0.9996,-0.0293,0.0024,0,0.0292,0.9991,0.0302,0,-0.0032,-0.0301,0.9995,0,0,15.0325,0.7929,1]},
{"frame":4,"values":[0.9985,-0.0546,-0.001,0,0.0546,0.998,0.0312,0,-0.0007,-0.0312,0.9995,0,0,15.0325,0.7929,1]},
{"frame":5,"values":[0.9978,-0.0658,0.0016,0,0.0657,0.9974,0.0305,0,-0.0036,-0.0303,0.9995,0,0,15.0325,0.7929,1]},
{"frame":6,"values":[0.9987,-0.0512,0.0036,0,0.0511,0.9985,0.0212,0,-0.0046,-0.0209,0.9998,0,0,15.0325,0.7929,1]},
{"frame":7,"values":[0.9997,-0.0248,0.0055,0,0.0248,0.9996,0.0118,0,-0.0058,-0.0117,0.9999,0,0,15.0325,0.7929,1]},
{"frame":8,"values":[1,0.0015,0.0026,0,-0.0015,1,0.0025,0,-0.0026,-0.0025,1,0,0,15.0325,0.7929,1]},
{"frame":9,"values":[0.9996,0.0279,0.0056,0,-0.0279,0.9996,-0.0064,0,-0.0057,0.0062,1,0,0,15.0325,0.7929,1]},
{"frame":10,"values":[0.9985,0.0542,0.0084,0,-0.0542,0.9985,-0.0034,0,-0.0086,0.003,1,0,0,15.0325,0.7929,1]},
{"frame":11,"values":[0.9967,0.0805,0.0114,0,-0.0805,0.9968,-0.0006,0,-0.0114,-0.0003,0.9999,0,0,15.0325,0.7929,1]},
{"frame":12,"values":[0.9942,0.1068,0.0144,0,-0.1068,0.9943,0.0022,0,-0.014,-0.0037,0.9999,0,0,15.0325,0.7929,1]},
{"frame":13,"values":[0.9965,0.0819,0.0173,0,-0.0819,0.9966,0.0005,0,-0.0172,-0.0019,0.9999,0,0,15.0325,0.7929,1]},
{"frame":14,"values":[0.9982,0.0569,0.0202,0,-0.057,0.9983,0.0073,0,-0.0198,-0.0084,0.9998,0,0,15.0325,0.7929,1]},
{"frame":15,"values":[0.9993,0.0319,0.02,0,-0.0322,0.9994,0.014,0,-0.0196,-0.0147,0.9997,0,0,15.0325,0.7929,1]},
{"frame":16,"values":[0.9998,0.0152,0.0134,0,-0.0154,0.9998,0.0149,0,-0.0132,-0.0151,0.9998,0,0,15.0325,0.7929,1]}],"loopBehavior":1,"name":"anim","property":"_matrix"}},
{"name":"mixamorig:Head","index":5,"matrix":[0.9933,-0.0553,0.1017,0,0.0963,0.8824,-0.4605,0,-0.0643,0.4672,0.8818,0,0,10.3218,3.1424,1],"rest":[1,0,0,0,0,1,0,0,0,0,1,0,0,10.3218,3.1424,1],"parentBoneIndex":4,"length":14.7322
,"animation":{"dataType":3,"framePerSecond":24,"keys":[
{"frame":1,"values":[0.9933,-0.0553,0.1017,0,0.0963,0.8824,-0.4605,0,-0.0643,0.4672,0.8818,0,0,10.3218,3.1424,1]},
{"frame":2,"values":[0.9945,-0.0934,0.0467,0,0.1045,0.8943,-0.4351,0,-0.0012,0.4376,0.8992,0,0,10.3218,3.1424,1]},
{"frame":3,"values":[0.9898,-0.1425,0.0028,0,0.1318,0.9074,-0.3991,0,0.0543,0.3954,0.9169,0,0,10.3218,3.1424,1]},
{"frame":4,"values":[0.9841,-0.1774,-0.013,0,0.1593,0.9116,-0.379,0,0.0791,0.3709,0.9253,0,0,10.3218,3.1424,1]},
{"frame":5,"values":[0.9858,-0.1682,-0.0011,0,0.1537,0.9034,-0.4002,0,0.0683,0.3944,0.9164,0,0,10.3218,3.1424,1]},
{"frame":6,"values":[0.9928,-0.1169,0.0251,0,0.1162,0.8937,-0.4334,0,0.0283,0.4332,0.9008,0,0,10.3218,3.1424,1]},
{"frame":7,"values":[0.9968,-0.0741,0.0289,0,0.0791,0.885,-0.4588,0,0.0085,0.4596,0.8881,0,0,10.3218,3.1424,1]},
{"frame":8,"values":[0.9994,-0.0313,0.016,0,0.0351,0.8757,-0.4815,0,0.001,0.4818,0.8763,0,0,10.3218,3.1424,1]},
{"frame":9,"values":[0.9988,0.0117,0.0477,0,0.0134,0.8692,-0.4943,0,-0.0472,0.4943,0.868,0,0,10.3218,3.1424,1]},
{"frame":10,"values":[0.9954,0.0551,0.0782,0,-0.0117,0.8815,-0.472,0,-0.095,0.4689,0.8781,0,0,10.3218,3.1424,1]},
{"frame":11,"values":[0.9892,0.0975,0.1098,0,-0.038,0.8922,-0.4501,0,-0.1418,0.4411,0.8862,0,0,10.3218,3.1424,1]},
{"frame":12,"values":[0.9801,0.1388,0.1421,0,-0.0654,0.901,-0.4288,0,-0.1876,0.411,0.8921,0,0,10.3218,3.1424,1]},
{"frame":13,"values":[0.9809,0.0894,0.1726,0,-0.0007,0.8896,-0.4567,0,-0.1944,0.4478,0.8727,0,0,10.3218,3.1424,1]},
{"frame":14,"values":[0.978,0.041,0.2045,0,0.0641,0.8739,-0.4818,0,-0.1984,0.4843,0.8521,0,0,10.3218,3.1424,1]},
{"frame":15,"values":[0.9852,-0.0073,0.1711,0,0.0885,0.8771,-0.4721,0,-0.1466,0.4803,0.8648,0,0,10.3218,3.1424,1]},
{"frame":16,"values":[0.9933,-0.0553,0.1017,0,0.0963,0.8824,-0.4605,0,-0.0643,0.4672,0.8818,0,0,10.3218,3.1424,1]}],"loopBehavior":1,"name":"anim","property":"_matrix"}},
{"name":"mixamorig:HeadTop_End","index":6,"matrix":[1,0,0,0,0,1,0,0,0,0,1,0,0.0002,18.4747,6.6364,1],"rest":[1,0,0,0,0,1,0,0,0,0,1,0,0.0002,18.4747,6.6364,1],"parentBoneIndex":5,"length":14.7322
,"animation":{"dataType":3,"framePerSecond":24,"keys":[
{"frame":1,"values":[1,0,0,0,0,1,0,0,0,0,1,0,0.0002,18.4747,6.6364,1]},
{"frame":16,"values":[1,0,0,0,0,1,0,0,0,0,1,0,0.0002,18.4747,6.6364,1]}],"loopBehavior":1,"name":"anim","property":"_matrix"}},
{"name":"mixamorig:LeftEye","index":7,"matrix":[1,0,0,0,0,1,0,0,0,0,1,0,2.9479,7.6817,9.1207,1],"rest":[1,0,0,0,0,1,0,0,0,0,1,0,2.9479,7.6817,9.1207,1],"parentBoneIndex":5,"length":14.7322
,"animation":{"dataType":3,"framePerSecond":24,"keys":[
{"frame":1,"values":[1,0,0,0,0,1,0,0,0,0,1,0,2.9479,7.6817,9.1207,1]},
{"frame":16,"values":[1,0,0,0,0,1,0,0,0,0,1,0,2.9479,7.6817,9.1207,1]}],"loopBehavior":1,"name":"anim","property":"_matrix"}},
{"name":"mixamorig:RightEye","index":8,"matrix":[1,0,0,0,0,1,0,0,0,0,1,0,-2.9445,7.6817,9.1205,1],"rest":[1,0,0,0,0,1,0,0,0,0,1,0,-2.9445,7.6817,9.1205,1],"parentBoneIndex":5,"length":14.7322
,"animation":{"dataType":3,"framePerSecond":24,"keys":[
{"frame":1,"values":[1,0,0,0,0,1,0,0,0,0,1,0,-2.9445,7.6817,9.1205,1]},
{"frame":16,"values":[1,0,0,0,0,1,0,0,0,0,1,0,-2.9445,7.6817,9.1205,1]}],"loopBehavior":1,"name":"anim","property":"_matrix"}},
{"name":"mixamorig:LeftShoulder","index":9,"matrix":[0.9577,-0.2793,0.0699,0,0.2779,0.9602,0.0301,0,-0.0755,-0.0094,0.9971,0,6.1058,9.1104,0.7056,1],"rest":[1,0,0,0,0,1,0,0,0,0,1,0,6.1058,9.1104,0.7056,1],"parentBoneIndex":3,"length":12.9222
,"animation":{"dataType":3,"framePerSecond":24,"keys":[
{"frame":1,"values":[0.9577,-0.2793,0.0699,0,0.2779,0.9602,0.0301,0,-0.0755,-0.0094,0.9971,0,6.1058,9.1104,0.7056,1]},
{"frame":2,"values":[0.9615,-0.2639,0.0768,0,0.2623,0.9645,0.0305,0,-0.0821,-0.0092,0.9966,0,6.1058,9.1104,0.7056,1]},
{"frame":3,"values":[0.9627,-0.2451,0.1142,0,0.2425,0.9695,0.0369,0,-0.1198,-0.0078,0.9928,0,6.1058,9.1104,0.7056,1]},
{"frame":4,"values":[0.9621,-0.2341,0.1401,0,0.2306,0.9722,0.041,0,-0.1458,-0.0072,0.9893,0,6.1058,9.1104,0.7056,1]},
{"frame":5,"values":[0.9586,-0.254,0.1289,0,0.2508,0.9672,0.0407,0,-0.135,-0.0067,0.9908,0,6.1058,9.1104,0.7056,1]},
{"frame":6,"values":[0.9496,-0.2845,0.1315,0,0.2814,0.9587,0.0414,0,-0.1379,-0.0023,0.9904,0,6.1058,9.1104,0.7056,1]},
{"frame":7,"values":[0.9517,-0.2757,0.1348,0,0.2725,0.9612,0.042,0,-0.1411,-0.0032,0.99,0,6.1058,9.1104,0.7056,1]},
{"frame":8,"values":[0.955,-0.2673,0.1287,0,0.264,0.9636,0.0427,0,-0.1354,-0.0068,0.9908,0,6.1058,9.1104,0.7056,1]},
{"frame":9,"values":[0.9584,-0.259,0.1203,0,0.2558,0.9658,0.0416,0,-0.1269,-0.0091,0.9919,0,6.1058,9.1104,0.7056,1]},
{"frame":10,"values":[0.9629,-0.2509,0.0994,0,0.248,0.9679,0.0406,0,-0.1064,-0.0144,0.9942,0,6.1058,9.1104,0.7056,1]},
{"frame":11,"values":[0.9676,-0.2428,0.0695,0,0.2405,0.9698,0.0395,0,-0.077,-0.0215,0.9968,0,6.1058,9.1104,0.7056,1]},
{"frame":12,"values":[0.9618,-0.2592,0.0881,0,0.2567,0.9657,0.0384,0,-0.095,-0.0143,0.9954,0,6.1058,9.1104,0.7056,1]},
{"frame":13,"values":[0.9574,-0.2759,0.0855,0,0.2736,0.9611,0.0373,0,-0.0924,-0.0123,0.9956,0,6.1058,9.1104,0.7056,1]},
{"frame":14,"values":[0.9527,-0.2925,0.0829,0,0.2905,0.9562,0.0361,0,-0.0898,-0.0104,0.9959,0,6.1058,9.1104,0.7056,1]},
{"frame":15,"values":[0.9476,-0.3091,0.0803,0,0.3072,0.951,0.035,0,-0.0872,-0.0085,0.9962,0,6.1058,9.1104,0.7056,1]},
{"frame":16,"values":[0.9577,-0.2793,0.0699,0,0.2779,0.9602,0.0301,0,-0.0755,-0.0094,0.9971,0,6.1058,9.1104,0.7056,1]}],"loopBehavior":1,"name":"anim","property":"_matrix"}},
{"name":"mixamorig:LeftArm","index":10,"matrix":[0.2852,-0.8022,-0.5246,0,0.932,0.3599,-0.0437,0,0.2238,-0.4764,0.8502,0,12.655,-0.2659,-2.6009,1],"rest":[1,0,0,0,0,1,0,0,0,0,1,0,12.655,-0.2659,-2.6009,1],"parentBoneIndex":9,"length":27.4047
,"animation":{"dataType":3,"framePerSecond":24,"keys":[
{"frame":1,"values":[0.2852,-0.8022,-0.5246,0,0.932,0.3599,-0.0437,0,0.2238,-0.4764,0.8502,0,12.655,-0.2659,-2.6009,1]},
{"frame":2,"values":[0.3832,-0.8236,-0.4181,0,0.9045,0.4263,-0.011,0,0.1873,-0.3739,0.9083,0,12.655,-0.2659,-2.6009,1]},
{"frame":3,"values":[0.524,-0.7721,-0.3597,0,0.8267,0.5627,-0.0036,0,0.2051,-0.2955,0.9331,0,12.655,-0.2659,-2.6009,1]},
{"frame":4,"values":[0.6949,-0.6851,-0.2186,0,0.691,0.7203,-0.0608,0,0.1991,-0.1088,0.9739,0,12.655,-0.2659,-2.6009,1]},
{"frame":5,"values":[0.845,-0.5347,0.0092,0,0.5294,0.8339,-0.156,0,0.0758,0.1367,0.9877,0,12.655,-0.2659,-2.6009,1]},
{"frame":6,"values":[0.8634,-0.4828,0.1461,0,0.5033,0.8439,-0.1855,0,-0.0337,0.2337,0.9717,0,12.655,-0.2659,-2.6009,1]},
{"frame":7,"values":[0.8266,-0.5409,0.1552,0,0.5574,0.8249,-0.0938,0,-0.0773,0.164,0.9834,0,12.655,-0.2659,-2.6009,1]},
{"frame":8,"values":[0.743,-0.653,0.1471,0,0.6491,0.7565,0.0795,0,-0.1632,0.0364,0.9859,0,12.655,-0.2659,-2.6009,1]},
{"frame":9,"values":[0.7076,-0.7028,0.0733,0,0.6974,0.7114,0.0869,0,-0.1132,-0.0104,0.9935,0,12.655,-0.2659,-2.6009,1]},
{"frame":10,"values":[0.6594,-0.7398,-0.1337,0,0.7516,0.653,0.0931,0,0.0184,-0.1618,0.9866,0,12.655,-0.2659,-2.6009,1]},
{"frame":11,"values":[0.5747,-0.7299,-0.3701,0,0.8047,0.5863,0.0935,0,0.1487,-0.3515,0.9243,0,12.655,-0.2659,-2.6009,1]},
{"frame":12,"values":[0.4832,-0.6928,-0.5353,0,0.8497,0.5184,0.096,0,0.211,-0.5013,0.8392,0,12.655,-0.2659,-2.6009,1]},
{"frame":13,"values":[0.3791,-0.625,-0.6824,0,0.8898,0.4486,0.0834,0,0.254,-0.6389,0.7262,0,12.655,-0.2659,-2.6009,1]},
{"frame":14,"values":[0.3364,-0.6824,-0.649,0,0.9087,0.4161,0.0335,0,0.2472,-0.601,0.76,0,12.655,-0.2659,-2.6009,1]},
{"frame":15,"values":[0.2923,-0.7357,-0.6109,0,0.925,0.3796,-0.0146,0,0.2427,-0.5609,0.7915,0,12.655,-0.2659,-2.6009,1]},
{"frame":16,"values":[0.2852,-0.8022,-0.5246,0,0.932,0.3599,-0.0437,0,0.2238,-0.4764,0.8502,0,12.655,-0.2659,-2.6009,1]}],"loopBehavior":1,"name":"anim","property":"_matrix"}},
{"name":"mixamorig:LeftForeArm","index":11,"matrix":[0.5674,0,0.8234,0,0,1,0,0,-0.8234,0,0.5674,0,27.4047,0,0,1],"rest":[1,0,0,0,0,1,0,0,0,0,1,0,27.4047,0,0,1],"parentBoneIndex":10,"length":27.6145
,"animation":{"dataType":3,"framePerSecond":24,"keys":[
{"frame":1,"values":[0.5674,0,0.8234,0,0,1,0,0,-0.8234,0,0.5674,0,27.4047,0,0,1]},
{"frame":2,"values":[0.3453,0,0.9385,0,0,1,0,0,-0.9385,0,0.3453,0,27.4047,0,0,1]},
{"frame":3,"values":[-0.055,0,0.9985,0,0,1,0,0,-0.9985,0,-0.055,0,27.4047,0,0,1]},
{"frame":4,"values":[-0.3671,0,0.9302,0,0,1,0,0,-0.9302,0,-0.3671,0,27.4047,0,0,1]},
{"frame":5,"values":[-0.4785,0,0.8781,0,0,1,0,0,-0.8781,0,-0.4785,0,27.4047,0,0,1]},
{"frame":6,"values":[-0.3589,0,0.9334,0,0,1,0,0,-0.9334,0,-0.3589,0,27.4047,0,0,1]},
{"frame":7,"values":[-0.1164,0,0.9932,0,0,1,0,0,-0.9932,0,-0.1164,0,27.4047,0,0,1]},
{"frame":8,"values":[0.2346,0,0.9721,0,0,1,0,0,-0.9721,0,0.2346,0,27.4047,0,0,1]},
{"frame":9,"values":[0.537,0,0.8436,0,0,1,0,0,-0.8436,0,0.537,0,27.4047,0,0,1]},
{"frame":10,"values":[0.6058,0,0.7956,0,0,1,0,0,-0.7956,0,0.6058,0,27.4047,0,0,1]},
{"frame":11,"values":[0.5528,0,0.8333,0,0,1,0,0,-0.8333,0,0.5528,0,27.4047,0,0,1]},
{"frame":12,"values":[0.4288,0,0.9034,0,0,1,0,0,-0.9034,0,0.4288,0,27.4047,0,0,1]},
{"frame":13,"values":[0.4816,0,0.8764,0,0,1,0,0,-0.8764,0,0.4816,0,27.4047,0,0,1]},
{"frame":14,"values":[0.568,0,0.823,0,0,1,0,0,-0.823,0,0.568,0,27.4047,0,0,1]},
{"frame":15,"values":[0.6357,0,0.7719,0,0,1,0,0,-0.7719,0,0.6357,0,27.4047,0,0,1]},
{"frame":16,"values":[0.5674,0,0.8234,0,0,1,0,0,-0.8234,0,0.5674,0,27.4047,0,0,1]}],"loopBehavior":1,"name":"anim","property":"_matrix"}},
{"name":"mixamorig:LeftHand","index":12,"matrix":[0.9979,0.0029,-0.0646,0,0.0027,0.9962,0.0867,0,0.0646,-0.0867,0.9941,0,27.6145,0,0,1],"rest":[1,0,0,0,0,1,0.0001,0,0,-0.0001,1,0,27.6145,0,0,1],"parentBoneIndex":11,"length":10.9801
,"animation":{"dataType":3,"framePerSecond":24,"keys":[
{"frame":1,"values":[0.9979,0.0029,-0.0646,0,0.0027,0.9962,0.0867,0,0.0646,-0.0867,0.9941,0,27.6145,0,0,1]},
{"frame":2,"values":[0.9982,0.0596,-0.004,0,-0.0588,0.9931,0.1015,0,0.01,-0.1011,0.9948,0,27.6145,0,0,1]},
{"frame":3,"values":[0.988,0.1515,0.0302,0,-0.1545,0.9663,0.2059,0,0.002,-0.208,0.9781,0,27.6145,0,0,1]},
{"frame":4,"values":[0.9811,0.1931,0.0116,0,-0.1885,0.9406,0.2822,0,0.0436,-0.2791,0.9593,0,27.6145,0,0,1]},
{"frame":5,"values":[0.9865,0.1635,0.0052,0,-0.1543,0.9192,0.3624,0,0.0545,-0.3583,0.932,0,27.6145,0,0,1]},
{"frame":6,"values":[0.9886,0.149,0.0207,0,-0.1447,0.9044,0.4015,0,0.0411,-0.3999,0.9156,0,27.6145,0,0,1]},
{"frame":7,"values":[0.9946,0.104,-0.0051,0,-0.0927,0.9061,0.4128,0,0.0475,-0.4101,0.9108,0,27.6145,0,0,1]},
{"frame":8,"values":[0.9903,-0.0722,-0.1186,0,0.1208,0.8687,0.4803,0,0.0683,-0.49,0.869,0,27.6145,0,0,1]},
{"frame":9,"values":[0.934,-0.2425,-0.2622,0,0.3382,0.8365,0.4312,0,0.1148,-0.4914,0.8633,0,27.6145,0,0,1]},
{"frame":10,"values":[0.9087,-0.3162,-0.2727,0,0.3944,0.8643,0.3122,0,0.137,-0.3912,0.9101,0,27.6145,0,0,1]},
{"frame":11,"values":[0.8797,-0.3893,-0.2731,0,0.4457,0.8752,0.1883,0,0.1657,-0.2873,0.9434,0,27.6145,0,0,1]},
{"frame":12,"values":[0.9168,-0.319,-0.2402,0,0.3617,0.9183,0.161,0,0.1692,-0.2345,0.9573,0,27.6145,0,0,1]},
{"frame":13,"values":[0.9469,-0.2441,-0.2094,0,0.2744,0.9527,0.1303,0,0.1677,-0.1809,0.9691,0,27.6145,0,0,1]},
{"frame":14,"values":[0.9694,-0.1656,-0.1812,0,0.1851,0.978,0.0966,0,0.1612,-0.1271,0.9787,0,27.6145,0,0,1]},
{"frame":15,"values":[0.9841,-0.0848,-0.1558,0,0.0952,0.9936,0.0603,0,0.1497,-0.0742,0.9859,0,27.6145,0,0,1]},
{"frame":16,"values":[0.9979,0.0029,-0.0646,0,0.0027,0.9962,0.0867,0,0.0646,-0.0867,0.9941,0,27.6145,0,0,1]}],"loopBehavior":1,"name":"anim","property":"_matrix"}},
{"name":"mixamorig:LeftHandMiddle1","index":13,"matrix":[0.7832,-0.6135,-0.1014,0,0.6123,0.7893,-0.046,0,0.1082,-0.0261,0.9938,0,12.7755,0,0,1],"rest":[1,0,0,0,0,1,0,0,0,0,1,0,12.7755,0,0,1],"parentBoneIndex":12,"length":3.614
,"animation":{"dataType":3,"framePerSecond":24,"keys":[
{"frame":1,"values":[0.7832,-0.6135,-0.1014,0,0.6123,0.7893,-0.046,0,0.1082,-0.0261,0.9938,0,12.7755,0,0,1]},
{"frame":2,"values":[0.7539,-0.6493,-0.1002,0,0.6479,0.7601,-0.0505,0,0.1089,-0.0269,0.9937,0,12.7755,0,0,1]},
{"frame":3,"values":[0.6866,-0.7196,-0.1035,0,0.7178,0.6936,-0.0602,0,0.1151,-0.033,0.9928,0,12.7755,0,0,1]},
{"frame":4,"values":[0.7031,-0.705,-0.0932,0,0.703,0.7088,-0.058,0,0.107,-0.0247,0.994,0,12.7755,0,0,1]},
{"frame":5,"values":[0.7342,-0.6723,-0.0947,0,0.6706,0.7399,-0.0535,0,0.106,-0.0243,0.9941,0,12.7755,0,0,1]},
{"frame":6,"values":[0.7911,-0.6032,-0.1021,0,0.6021,0.7972,-0.0448,0,0.1084,-0.026,0.9938,0,12.7755,0,0,1]},
{"frame":7,"values":[0.8839,-0.4507,-0.1249,0,0.4508,0.8921,-0.0287,0,0.1244,-0.0309,0.9918,0,12.7755,0,0,1]},
{"frame":8,"values":[0.9115,-0.3716,-0.1763,0,0.3738,0.9272,-0.0213,0,0.1714,-0.0465,0.9841,0,12.7755,0,0,1]},
{"frame":9,"values":[0.8988,-0.4097,-0.1563,0,0.4111,0.9113,-0.0247,0,0.1525,-0.042,0.9874,0,12.7755,0,0,1]},
{"frame":10,"values":[0.8922,-0.4343,-0.1242,0,0.4345,0.9003,-0.027,0,0.1236,-0.0298,0.9919,0,12.7755,0,0,1]},
{"frame":11,"values":[0.8735,-0.4709,-0.1234,0,0.471,0.8816,-0.0307,0,0.1233,-0.0313,0.9919,0,12.7755,0,0,1]},
{"frame":12,"values":[0.8533,-0.5068,-0.1225,0,0.5067,0.8615,-0.0344,0,0.123,-0.0327,0.9919,0,12.7755,0,0,1]},
{"frame":13,"values":[0.8317,-0.5418,-0.1214,0,0.5415,0.8398,-0.038,0,0.1226,-0.0342,0.9919,0,12.7755,0,0,1]},
{"frame":14,"values":[0.8087,-0.5758,-0.1202,0,0.5754,0.8168,-0.0416,0,0.1221,-0.0356,0.9919,0,12.7755,0,0,1]},
{"frame":15,"values":[0.8112,-0.5706,-0.1277,0,0.5705,0.8203,-0.041,0,0.1281,-0.0396,0.991,0,12.7755,0,0,1]},
{"frame":16,"values":[0.7832,-0.6135,-0.1014,0,0.6123,0.7893,-0.046,0,0.1082,-0.0261,0.9938,0,12.7755,0,0,1]}],"loopBehavior":1,"name":"anim","property":"_matrix"}},
{"name":"mixamorig:LeftHandMiddle2","index":14,"matrix":[0.8544,-0.5168,-0.0529,0,0.5169,0.8559,-0.0131,0,0.0521,-0.0162,0.9985,0,3.614,0,0,1],"rest":[1,0,0,0,0,1,0,0,0,0,1,0,3.614,0,0,1],"parentBoneIndex":13,"length":3.4598
,"animation":{"dataType":3,"framePerSecond":24,"keys":[
{"frame":1,"values":[0.8544,-0.5168,-0.0529,0,0.5168,0.856,-0.0148,0,0.0529,-0.0148,0.9985,0,3.614,0,0,1]},
{"frame":2,"values":[0.8405,-0.539,-0.0552,0,0.5391,0.8421,-0.0145,0,0.0543,-0.0176,0.9984,0,3.614,0,0,1]},
{"frame":3,"values":[0.8367,-0.5449,-0.0558,0,0.545,0.8383,-0.0142,0,0.0545,-0.0185,0.9983,0,3.614,0,0,1]},
{"frame":4,"values":[0.848,-0.5272,-0.054,0,0.5273,0.8496,-0.0139,0,0.0532,-0.0167,0.9984,0,3.614,0,0,1]},
{"frame":5,"values":[0.8439,-0.5337,-0.0547,0,0.5338,0.8455,-0.0136,0,0.0535,-0.0177,0.9984,0,3.614,0,0,1]},
{"frame":6,"values":[0.8549,-0.5161,-0.0524,0,0.5162,0.8564,-0.0133,0,0.0517,-0.0156,0.9985,0,3.614,0,0,1]},
{"frame":7,"values":[0.8711,-0.4886,-0.05,0,0.4886,0.8724,-0.0131,0,0.05,-0.0131,0.9987,0,3.614,0,0,1]},
{"frame":8,"values":[0.8653,-0.4985,-0.0517,0,0.4986,0.8667,-0.013,0,0.0513,-0.0145,0.9986,0,3.614,0,0,1]},
{"frame":9,"values":[0.8595,-0.5084,-0.0534,0,0.5085,0.861,-0.013,0,0.0526,-0.0159,0.9985,0,3.614,0,0,1]},
{"frame":10,"values":[0.8535,-0.5182,-0.0551,0,0.5183,0.8551,-0.0131,0,0.0539,-0.0174,0.9984,0,3.614,0,0,1]},
{"frame":11,"values":[0.8475,-0.528,-0.0544,0,0.5282,0.849,-0.0131,0,0.0531,-0.0177,0.9984,0,3.614,0,0,1]},
{"frame":12,"values":[0.8512,-0.5221,-0.0537,0,0.5222,0.8527,-0.0131,0,0.0526,-0.0169,0.9985,0,3.614,0,0,1]},
{"frame":13,"values":[0.8549,-0.5162,-0.053,0,0.5162,0.8563,-0.0131,0,0.0521,-0.0162,0.9985,0,3.614,0,0,1]},
{"frame":14,"values":[0.8585,-0.5102,-0.0523,0,0.5103,0.8599,-0.0131,0,0.0517,-0.0155,0.9985,0,3.614,0,0,1]},
{"frame":15,"values":[0.862,-0.5042,-0.0516,0,0.5042,0.8635,-0.0131,0,0.0512,-0.0148,0.9986,0,3.614,0,0,1]},
{"frame":16,"values":[0.8544,-0.5168,-0.0529,0,0.5169,0.8559,-0.0131,0,0.0521,-0.0162,0.9985,0,3.614,0,0,1]}],"loopBehavior":1,"name":"anim","property":"_matrix"}},
{"name":"mixamorig:LeftHandMiddle3","index":15,"matrix":[0.9358,-0.3507,-0.0348,0,0.3507,0.9365,-0.0065,0,0.0349,-0.0061,0.9994,0,3.4598,0,0,1],"rest":[1,0,0,0,0,1,0,0,0,0,1,0,3.4598,0,0,1],"parentBoneIndex":14,"length":3.6802
,"animation":{"dataType":3,"framePerSecond":24,"keys":[
{"frame":1,"values":[0.9358,-0.3507,-0.0359,0,0.3507,0.9365,-0.0065,0,0.0359,-0.0065,0.9993,0,3.4598,0,0,1]},
{"frame":2,"values":[0.9385,-0.3435,-0.0354,0,0.3435,0.9391,-0.0063,0,0.0354,-0.0063,0.9994,0,3.4598,0,0,1]},
{"frame":3,"values":[0.9405,-0.3379,-0.035,0,0.3379,0.9412,-0.006,0,0.035,-0.0061,0.9994,0,3.4598,0,0,1]},
{"frame":4,"values":[0.9428,-0.3317,-0.0345,0,0.3317,0.9434,-0.0058,0,0.0345,-0.006,0.9994,0,3.4598,0,0,1]},
{"frame":5,"values":[0.9426,-0.3323,-0.034,0,0.3323,0.9432,-0.0058,0,0.034,-0.0058,0.9994,0,3.4598,0,0,1]},
{"frame":6,"values":[0.9434,-0.33,-0.0338,0,0.33,0.944,-0.0058,0,0.0338,-0.0057,0.9994,0,3.4598,0,0,1]},
{"frame":7,"values":[0.9415,-0.3353,-0.0335,0,0.3353,0.9421,-0.0058,0,0.0335,-0.0058,0.9994,0,3.4598,0,0,1]},
{"frame":8,"values":[0.9334,-0.3574,-0.0332,0,0.3574,0.9339,-0.0058,0,0.0331,-0.0065,0.9994,0,3.4598,0,0,1]},
{"frame":9,"values":[0.9353,-0.3523,-0.0329,0,0.3523,0.9359,-0.0058,0,0.0329,-0.0062,0.9994,0,3.4598,0,0,1]},
{"frame":10,"values":[0.9372,-0.3472,-0.0327,0,0.3472,0.9378,-0.0058,0,0.0326,-0.0059,0.9994,0,3.4598,0,0,1]},
{"frame":11,"values":[0.9391,-0.3421,-0.0332,0,0.3421,0.9397,-0.0058,0,0.0332,-0.0059,0.9994,0,3.4598,0,0,1]},
{"frame":12,"values":[0.9409,-0.3369,-0.0338,0,0.3369,0.9415,-0.0058,0,0.0337,-0.0059,0.9994,0,3.4598,0,0,1]},
{"frame":13,"values":[0.9427,-0.3318,-0.0343,0,0.3318,0.9433,-0.0058,0,0.0343,-0.0059,0.9994,0,3.4598,0,0,1]},
{"frame":14,"values":[0.9388,-0.3426,-0.0348,0,0.3426,0.9395,-0.006,0,0.0348,-0.0063,0.9994,0,3.4598,0,0,1]},
{"frame":15,"values":[0.9349,-0.3533,-0.0348,0,0.3533,0.9355,-0.0063,0,0.0348,-0.0064,0.9994,0,3.4598,0,0,1]},
{"frame":16,"values":[0.9358,-0.3507,-0.0348,0,0.3507,0.9365,-0.0065,0,0.0349,-0.0061,0.9994,0,3.4598,0,0,1]}],"loopBehavior":1,"name":"anim","property":"_matrix"}},
{"name":"mixamorig:LeftHandMiddle4","index":16,"matrix":[1,0,0,0,0,1,0,0,0,0,1,0,3.6802,0,0,1],"rest":[1,0,0,0,0,1,0,0,0,0,1,0,3.6802,0,0,1],"parentBoneIndex":15,"length":3.6802
,"animation":{"dataType":3,"framePerSecond":24,"keys":[
{"frame":1,"values":[1,0,0,0,0,1,0,0,0,0,1,0,3.6802,0,0,1]},
{"frame":16,"values":[1,0,0,0,0,1,0,0,0,0,1,0,3.6802,0,0,1]}],"loopBehavior":1,"name":"anim","property":"_matrix"}},
{"name":"mixamorig:LeftHandThumb1","index":17,"matrix":[0.9714,0.2369,0.0134,0,-0.2359,0.9703,-0.0541,0,-0.0258,0.0494,0.9984,0,3.7888,-2.167,3.0031,1],"rest":[1,0,0,0,0,1,0,0,0,0,1,0,3.7888,-2.167,3.0031,1],"parentBoneIndex":12,"length":4.7449
,"animation":{"dataType":3,"framePerSecond":24,"keys":[
{"frame":1,"values":[0.9714,0.2369,0.0134,0,-0.2359,0.9703,-0.0541,0,-0.0258,0.0494,0.9984,0,3.7888,-2.167,3.0031,1]},
{"frame":16,"values":[0.9714,0.2369,0.0134,0,-0.2359,0.9703,-0.0541,0,-0.0258,0.0494,0.9984,0,3.7888,-2.167,3.0031,1]}],"loopBehavior":1,"name":"anim","property":"_matrix"}},
{"name":"mixamorig:LeftHandThumb2","index":18,"matrix":[0.9346,-0.0036,-0.3556,0,0.1135,0.9507,0.2887,0,0.337,-0.3102,0.8889,0,3.6754,-2.122,2.122,1],"rest":[1,0,0,0,0,1,0,0,0,0,1,0,3.6754,-2.122,2.122,1],"parentBoneIndex":17,"length":4.3821
,"animation":{"dataType":3,"framePerSecond":24,"keys":[
{"frame":1,"values":[0.9346,-0.0039,-0.3556,0,0.1138,0.9506,0.2887,0,0.3369,-0.3103,0.8889,0,3.6754,-2.122,2.122,1]},
{"frame":2,"values":[0.9388,-0.0037,-0.3444,0,0.1085,0.9522,0.2855,0,0.3269,-0.3054,0.8944,0,3.6754,-2.122,2.122,1]},
{"frame":3,"values":[0.9338,-0.0034,-0.3577,0,0.1141,0.9505,0.2889,0,0.3391,-0.3106,0.888,0,3.6754,-2.122,2.122,1]},
{"frame":4,"values":[0.9309,-0.0031,-0.3652,0,0.1168,0.9499,0.2899,0,0.346,-0.3125,0.8847,0,3.6754,-2.122,2.122,1]},
{"frame":5,"values":[0.9319,-0.0028,-0.3627,0,0.1155,0.9502,0.2895,0,0.3438,-0.3117,0.8858,0,3.6754,-2.122,2.122,1]},
{"frame":6,"values":[0.9301,-0.0025,-0.3672,0,0.1171,0.9498,0.2901,0,0.3481,-0.3128,0.8837,0,3.6754,-2.122,2.122,1]},
{"frame":7,"values":[0.9328,-0.0022,-0.3603,0,0.1074,0.9562,0.2722,0,0.344,-0.2927,0.8922,0,3.6754,-2.122,2.122,1]},
{"frame":8,"values":[0.9355,-0.002,-0.3534,0,0.0974,0.9626,0.2526,0,0.3397,-0.2708,0.9007,0,3.6754,-2.122,2.122,1]},
{"frame":9,"values":[0.9381,-0.0017,-0.3465,0,0.098,0.9604,0.2607,0,0.3323,-0.2785,0.9011,0,3.6754,-2.122,2.122,1]},
{"frame":10,"values":[0.9406,-0.0024,-0.3395,0,0.0999,0.9577,0.2699,0,0.3245,-0.2878,0.9011,0,3.6754,-2.122,2.122,1]},
{"frame":11,"values":[0.9431,-0.0032,-0.3325,0,0.1015,0.9549,0.2789,0,0.3166,-0.2968,0.9009,0,3.6754,-2.122,2.122,1]},
{"frame":12,"values":[0.9424,-0.0039,-0.3345,0,0.1058,0.9521,0.287,0,0.3174,-0.3058,0.8976,0,3.6754,-2.122,2.122,1]},
{"frame":13,"values":[0.9417,-0.0047,-0.3365,0,0.1101,0.9491,0.295,0,0.318,-0.3148,0.8943,0,3.6754,-2.122,2.122,1]},
{"frame":14,"values":[0.9409,-0.0041,-0.3385,0,0.1104,0.949,0.2953,0,0.3201,-0.3152,0.8934,0,3.6754,-2.122,2.122,1]},
{"frame":15,"values":[0.9402,-0.0036,-0.3406,0,0.1067,0.9527,0.2845,0,0.3234,-0.3038,0.8962,0,3.6754,-2.122,2.122,1]},
{"frame":16,"values":[0.9346,-0.0036,-0.3556,0,0.1135,0.9507,0.2887,0,0.337,-0.3102,0.8889,0,3.6754,-2.122,2.122,1]}],"loopBehavior":1,"name":"anim","property":"_matrix"}},
{"name":"mixamorig:LeftHandThumb3","index":19,"matrix":[0.9211,0.3152,0.2286,0,-0.2131,0.8995,-0.3815,0,-0.3258,0.3027,0.8957,0,3.3944,-1.9597,1.9598,1],"rest":[1,0,0,0,0,1,0,0,0,0,1,0,3.3944,-1.9597,1.9598,1],"parentBoneIndex":18,"length":3.459
,"animation":{"dataType":3,"framePerSecond":24,"keys":[
{"frame":1,"values":[0.9211,0.3152,0.2286,0,-0.2131,0.8995,-0.3815,0,-0.3258,0.3027,0.8956,0,3.3944,-1.9597,1.9598,1]},
{"frame":2,"values":[0.9455,0.2648,0.1898,0,-0.1782,0.9081,-0.379,0,-0.2727,0.3245,0.9057,0,3.3944,-1.9597,1.9598,1]},
{"frame":3,"values":[0.9883,0.1227,0.0901,0,-0.0848,0.9351,-0.344,0,-0.1265,0.3323,0.9346,0,3.3944,-1.9597,1.9598,1]},
{"frame":4,"values":[0.9905,0.111,0.0809,0,-0.0772,0.9372,-0.34,0,-0.1135,0.3305,0.9369,0,3.3944,-1.9597,1.9598,1]},
{"frame":5,"values":[0.988,0.1254,0.0907,0,-0.087,0.9348,-0.3443,0,-0.1279,0.3323,0.9345,0,3.3944,-1.9597,1.9598,1]},
{"frame":6,"values":[0.9491,0.2535,0.1869,0,-0.1698,0.9116,-0.3744,0,-0.2653,0.3236,0.9082,0,3.3944,-1.9597,1.9598,1]},
{"frame":7,"values":[0.8591,0.4189,0.2939,0,-0.2923,0.8732,-0.39,0,-0.42,0.2492,0.8726,0,3.3944,-1.9597,1.9598,1]},
{"frame":8,"values":[0.8857,0.3841,0.2608,0,-0.2678,0.8816,-0.3888,0,-0.3792,0.2745,0.8837,0,3.3944,-1.9597,1.9598,1]},
{"frame":9,"values":[0.9092,0.3428,0.2364,0,-0.2362,0.8921,-0.3851,0,-0.3429,0.2943,0.8921,0,3.3944,-1.9597,1.9598,1]},
{"frame":10,"values":[0.9601,0.2325,0.1554,0,-0.1611,0.914,-0.3724,0,-0.2286,0.3325,0.915,0,3.3944,-1.9597,1.9598,1]},
{"frame":11,"values":[0.9456,0.2662,0.1872,0,-0.1815,0.9088,-0.3756,0,-0.2701,0.3211,0.9077,0,3.3944,-1.9597,1.9598,1]},
{"frame":12,"values":[0.9288,0.2993,0.2185,0,-0.2017,0.903,-0.3794,0,-0.3109,0.3084,0.899,0,3.3944,-1.9597,1.9598,1]},
{"frame":13,"values":[0.9144,0.3255,0.2405,0,-0.2194,0.8981,-0.3813,0,-0.3401,0.2959,0.8926,0,3.3944,-1.9597,1.9598,1]},
{"frame":14,"values":[0.8988,0.3512,0.2623,0,-0.2369,0.8926,-0.3835,0,-0.3688,0.2826,0.8855,0,3.3944,-1.9597,1.9598,1]},
{"frame":15,"values":[0.8812,0.3822,0.2781,0,-0.2603,0.8835,-0.3895,0,-0.3946,0.2708,0.878,0,3.3944,-1.9597,1.9598,1]},
{"frame":16,"values":[0.9211,0.3152,0.2286,0,-0.2131,0.8995,-0.3815,0,-0.3258,0.3027,0.8957,0,3.3944,-1.9597,1.9598,1]}],"loopBehavior":1,"name":"anim","property":"_matrix"}},
{"name":"mixamorig:LeftHandThumb4","index":20,"matrix":[1,0,0,0,0,1,0,0,0,0,1,0,2.6794,-1.5469,1.5469,1],"rest":[1,0,0,0,0,1,0,0,0,0,1,0,2.6794,-1.5469,1.5469,1],"parentBoneIndex":19,"length":3.459
,"animation":{"dataType":3,"framePerSecond":24,"keys":[
{"frame":1,"values":[1,0,0,0,0,1,0,0,0,0,1,0,2.6794,-1.5469,1.5469,1]},
{"frame":16,"values":[1,0,0,0,0,1,0,0,0,0,1,0,2.6794,-1.5469,1.5469,1]}],"loopBehavior":1,"name":"anim","property":"_matrix"}},
{"name":"mixamorig:LeftHandIndex1","index":21,"matrix":[0.8746,-0.4842,-0.0261,0,0.4834,0.8748,-0.0316,0,0.0381,0.015,0.9992,0,12.2666,-0.2317,2.8221,1],"rest":[1,0,0,0,0,1,0,0,0,0,1,0,12.2666,-0.2317,2.8221,1],"parentBoneIndex":12,"length":3.892
,"animation":{"dataType":3,"framePerSecond":24,"keys":[
{"frame":1,"values":[0.8746,-0.4842,-0.0261,0,0.4834,0.8748,-0.0316,0,0.0381,0.015,0.9992,0,12.2666,-0.2317,2.8221,1]},
{"frame":2,"values":[0.8482,-0.5293,-0.0189,0,0.5286,0.8483,-0.0304,0,0.0321,0.0158,0.9994,0,12.2666,-0.2317,2.8221,1]},
{"frame":3,"values":[0.7469,-0.6647,-0.0178,0,0.6638,0.7469,-0.0403,0,0.0401,0.0183,0.999,0,12.2666,-0.2317,2.8221,1]},
{"frame":4,"values":[0.7319,-0.6811,-0.0203,0,0.6799,0.732,-0.0433,0,0.0444,0.0179,0.9989,0,12.2666,-0.2317,2.8221,1]},
{"frame":5,"values":[0.779,-0.6268,-0.0169,0,0.626,0.779,-0.0364,0,0.0359,0.0178,0.9992,0,12.2666,-0.2317,2.8221,1]},
{"frame":6,"values":[0.8232,-0.5668,-0.033,0,0.5656,0.8237,-0.0388,0,0.0492,0.0133,0.9987,0,12.2666,-0.2317,2.8221,1]},
{"frame":7,"values":[0.9224,-0.3848,-0.0344,0,0.3842,0.923,-0.0228,0,0.0405,0.0078,0.9992,0,12.2666,-0.2317,2.8221,1]},
{"frame":8,"values":[0.9833,-0.1784,-0.0357,0,0.1783,0.984,-0.0079,0,0.0366,0.0014,0.9993,0,12.2666,-0.2317,2.8221,1]},
{"frame":9,"values":[0.9709,-0.2364,-0.0371,0,0.2361,0.9716,-0.0115,0,0.0388,0.0024,0.9992,0,12.2666,-0.2317,2.8221,1]},
{"frame":10,"values":[0.9703,-0.2388,-0.0385,0,0.2384,0.971,-0.0157,0,0.0411,0.006,0.9991,0,12.2666,-0.2317,2.8221,1]},
{"frame":11,"values":[0.9249,-0.3783,-0.039,0,0.3778,0.9257,-0.0198,0,0.0436,0.0036,0.999,0,12.2666,-0.2317,2.8221,1]},
{"frame":12,"values":[0.8595,-0.5096,-0.0395,0,0.5091,0.8604,-0.0216,0,0.045,-0.0015,0.999,0,12.2666,-0.2317,2.8221,1]},
{"frame":13,"values":[0.8705,-0.4906,-0.04,0,0.49,0.8714,-0.0235,0,0.0464,0.0008,0.9989,0,12.2666,-0.2317,2.8221,1]},
{"frame":14,"values":[0.881,-0.4713,-0.0406,0,0.4707,0.8819,-0.0253,0,0.0477,0.0032,0.9989,0,12.2666,-0.2317,2.8221,1]},
{"frame":15,"values":[0.8991,-0.4359,-0.0411,0,0.4351,0.9,-0.0271,0,0.0488,0.0065,0.9988,0,12.2666,-0.2317,2.8221,1]},
{"frame":16,"values":[0.8746,-0.4842,-0.0261,0,0.4834,0.8748,-0.0316,0,0.0381,0.015,0.9992,0,12.2666,-0.2317,2.8221,1]}],"loopBehavior":1,"name":"anim","property":"_matrix"}},
{"name":"mixamorig:LeftHandIndex2","index":22,"matrix":[0.8719,-0.4872,-0.0499,0,0.4872,0.8732,-0.013,0,0.0499,-0.013,0.9987,0,3.892,0,0,1],"rest":[1,0,0,0,0,1,0,0,0,0,1,0,3.892,0,0,1],"parentBoneIndex":21,"length":3.4152
,"animation":{"dataType":3,"framePerSecond":24,"keys":[
{"frame":1,"values":[0.8719,-0.4872,-0.0499,0,0.4872,0.8732,-0.013,0,0.0499,-0.013,0.9987,0,3.892,0,0,1]},
{"frame":2,"values":[0.846,-0.5305,-0.0543,0,0.5305,0.8476,-0.0156,0,0.0543,-0.0156,0.9984,0,3.892,0,0,1]},
{"frame":3,"values":[0.8026,-0.5935,-0.0608,0,0.5935,0.8046,-0.02,0,0.0608,-0.02,0.998,0,3.892,0,0,1]},
{"frame":4,"values":[0.8043,-0.5911,-0.0605,0,0.5911,0.8064,-0.0198,0,0.0605,-0.0198,0.998,0,3.892,0,0,1]},
{"frame":5,"values":[0.8112,-0.5817,-0.0596,0,0.5817,0.8132,-0.0191,0,0.0596,-0.0191,0.998,0,3.892,0,0,1]},
{"frame":6,"values":[0.8476,-0.5279,-0.0541,0,0.5279,0.8491,-0.0155,0,0.0541,-0.0155,0.9984,0,3.892,0,0,1]},
{"frame":7,"values":[0.8796,-0.4732,-0.0485,0,0.4732,0.8808,-0.0122,0,0.0485,-0.0122,0.9988,0,3.892,0,0,1]},
{"frame":8,"values":[0.8686,-0.4929,-0.0505,0,0.4929,0.87,-0.0133,0,0.0505,-0.0133,0.9986,0,3.892,0,0,1]},
{"frame":9,"values":[0.8572,-0.5123,-0.0525,0,0.5123,0.8587,-0.0145,0,0.0525,-0.0145,0.9985,0,3.892,0,0,1]},
{"frame":10,"values":[0.8454,-0.5314,-0.0544,0,0.5314,0.847,-0.0157,0,0.0544,-0.0157,0.9984,0,3.892,0,0,1]},
{"frame":11,"values":[0.8331,-0.5503,-0.0564,0,0.5503,0.8348,-0.0169,0,0.0564,-0.0169,0.9983,0,3.892,0,0,1]},
{"frame":12,"values":[0.8455,-0.5312,-0.0544,0,0.5312,0.8471,-0.0157,0,0.0544,-0.0157,0.9984,0,3.892,0,0,1]},
