{"producer":{"name":"Blender","version":"2.90.0","exporter_version":"6.4.4","file":"wait_swim.babylon"},
"autoClear":true,"clearColor":[0.0509,0.0509,0.0509],"gravity":[0,-9.81,0],
"materials":[{"name":"Material","id":"Material","customType":"BABYLON.PBRMaterial","backFaceCulling":true,"checkReadyOnlyOnce":false,"maxSimultaneousLights":4,"environmentIntensity":1,"albedo":[0.8,0.8,0.8],"reflectivity":[0.5,0.5,0.5],"roughness":0.4,"alpha":1,"transparencyMode":0,"alphaCutOff":0.4,"metallic":0}],
"multiMaterials":[],
"skeletons":[{"name":"Armature","id":0,"dimensionsAtRest":[180.6981,191.5439,26.6006],"bones":[
{"name":"mixamorig:Hips","index":0,"matrix":[0.9993,-0.0267,-0.026,0,0.0068,0.8176,-0.5757,0,-0.0366,-0.5752,-0.8172,0,2.9172,102.4678,9.171,1],"rest":[1,0,0,0,0,1,0,0,0,0,-1,0,0,103.9915,0,1],"parentBoneIndex":-1,"length":10.5593
,"animation":{"dataType":3,"framePerSecond":24,"keys":[
{"frame":1,"values":[0.9993,-0.0267,-0.026,0,0.0068,0.8176,-0.5757,0,-0.0366,-0.5752,-0.8172,0,2.9172,102.4678,9.171,1]},
{"frame":2,"values":[0.9992,-0.0281,-0.0267,0,0.0076,0.8171,-0.5765,0,-0.0381,-0.5759,-0.8167,0,2.9095,102.5077,9.0673,1]},
{"frame":3,"values":[0.9992,-0.0295,-0.0274,0,0.0083,0.8164,-0.5775,0,-0.0394,-0.5768,-0.816,0,2.8891,102.6101,8.975,1]},
{"frame":4,"values":[0.9991,-0.0309,-0.028,0,0.009,0.8156,-0.5785,0,-0.0407,-0.5777,-0.8152,0,2.8482,102.7654,8.9005,1]},
{"frame":5,"values":[0.9991,-0.0321,-0.0286,0,0.0096,0.8149,-0.5795,0,-0.0419,-0.5787,-0.8145,0,2.7937,102.964,8.8168,1]},
{"frame":6,"values":[0.999,-0.0333,-0.0291,0,0.0102,0.8142,-0.5806,0,-0.0431,-0.5797,-0.8137,0,2.7352,103.1955,8.7301,1]},
{"frame":7,"values":[0.999,-0.0347,-0.0296,0,0.011,0.8134,-0.5816,0,-0.0442,-0.5807,-0.8129,0,2.6864,103.4437,8.6344,1]},
{"frame":8,"values":[0.9989,-0.0361,-0.03,0,0.0119,0.8126,-0.5826,0,-0.0454,-0.5816,-0.8122,0,2.6575,103.6932,8.531,1]},
{"frame":9,"values":[0.9988,-0.0373,-0.0303,0,0.0126,0.8119,-0.5837,0,-0.0464,-0.5826,-0.8114,0,2.6501,103.9456,8.4295,1]},
{"frame":10,"values":[0.9988,-0.0386,-0.0305,0,0.0135,0.8111,-0.5847,0,-0.0473,-0.5836,-0.8107,0,2.6551,104.1904,8.338,1]},
{"frame":11,"values":[0.9988,-0.0389,-0.0305,0,0.0137,0.8105,-0.5856,0,-0.0475,-0.5844,-0.81,0,2.6845,104.4363,8.2649,1]},
{"frame":12,"values":[0.9988,-0.0389,-0.0304,0,0.0137,0.8099,-0.5863,0,-0.0474,-0.5852,-0.8095,0,2.7306,104.6502,8.2041,1]},
{"frame":13,"values":[0.9988,-0.0387,-0.0303,0,0.0136,0.8094,-0.5871,0,-0.0472,-0.5859,-0.809,0,2.7936,104.83,8.1522,1]},
{"frame":14,"values":[0.9988,-0.0387,-0.0301,0,0.0137,0.8089,-0.5878,0,-0.0471,-0.5866,-0.8085,0,2.8724,104.9691,8.1104,1]},
{"frame":15,"values":[0.9988,-0.0385,-0.0298,0,0.0136,0.8085,-0.5884,0,-0.0467,-0.5873,-0.808,0,2.959,105.0729,8.0813,1]},
{"frame":16,"values":[0.9988,-0.0379,-0.0295,0,0.0133,0.8081,-0.5889,0,-0.0461,-0.5879,-0.8077,0,3.0477,105.1435,8.0665,1]},
{"frame":17,"values":[0.9989,-0.0373,-0.0291,0,0.013,0.8077,-0.5894,0,-0.0455,-0.5884,-0.8073,0,3.1347,105.1703,8.059,1]},
{"frame":18,"values":[0.9989,-0.037,-0.0288,0,0.0129,0.8075,-0.5897,0,-0.0451,-0.5887,-0.8071,0,3.2194,105.1474,8.0527,1]},
{"frame":19,"values":[0.9989,-0.0372,-0.0286,0,0.0132,0.8074,-0.5898,0,-0.045,-0.5888,-0.807,0,3.303,105.0724,8.0476,1]},
{"frame":20,"values":[0.9989,-0.0378,-0.0284,0,0.0138,0.8075,-0.5897,0,-0.0452,-0.5886,-0.8071,0,3.383,104.9612,8.0564,1]},
{"frame":21,"values":[0.9989,-0.0386,-0.0281,0,0.0146,0.8078,-0.5893,0,-0.0455,-0.5883,-0.8074,0,3.447,104.8228,8.0874,1]},
{"frame":22,"values":[0.9988,-0.0395,-0.0279,0,0.0156,0.8081,-0.5889,0,-0.0458,-0.5878,-0.8077,0,3.486,104.6626,8.148,1]},
{"frame":23,"values":[0.9988,-0.0404,-0.0276,0,0.0165,0.8084,-0.5884,0,-0.0461,-0.5873,-0.8081,0,3.4975,104.4936,8.22,1]},
{"frame":24,"values":[0.9988,-0.041,-0.0273,0,0.0172,0.8087,-0.5879,0,-0.0462,-0.5867,-0.8085,0,3.4962,104.3153,8.2516,1]},
{"frame":25,"values":[0.9988,-0.0413,-0.0269,0,0.0176,0.8092,-0.5873,0,-0.046,-0.5861,-0.8089,0,3.484,104.1356,8.2985,1]},
{"frame":26,"values":[0.9988,-0.0411,-0.0264,0,0.0177,0.8096,-0.5867,0,-0.0455,-0.5855,-0.8094,0,3.4665,103.9359,8.3576,1]},
{"frame":27,"values":[0.9988,-0.0404,-0.0259,0,0.0176,0.8101,-0.586,0,-0.0447,-0.5849,-0.8099,0,3.4501,103.7274,8.424,1]},
{"frame":28,"values":[0.9989,-0.0397,-0.0253,0,0.0173,0.8106,-0.5853,0,-0.0438,-0.5842,-0.8104,0,3.4333,103.5325,8.5005,1]},
{"frame":29,"values":[0.9989,-0.039,-0.0246,0,0.0173,0.8112,-0.5845,0,-0.0428,-0.5835,-0.811,0,3.4138,103.3334,8.5937,1]},
{"frame":30,"values":[0.999,-0.0384,-0.0239,0,0.0173,0.8117,-0.5838,0,-0.0418,-0.5828,-0.8116,0,3.3918,103.1466,8.6912,1]},
{"frame":31,"values":[0.999,-0.0374,-0.0231,0,0.017,0.8123,-0.583,0,-0.0406,-0.5821,-0.8121,0,3.3685,102.9834,8.7898,1]},
{"frame":32,"values":[0.9991,-0.0365,-0.0222,0,0.0168,0.8128,-0.5822,0,-0.0393,-0.5813,-0.8127,0,3.3489,102.832,8.8904,1]},
{"frame":33,"values":[0.9991,-0.0357,-0.0212,0,0.0167,0.8134,-0.5815,0,-0.038,-0.5806,-0.8133,0,3.3276,102.706,8.9901,1]},
{"frame":34,"values":[0.9992,-0.0346,-0.0203,0,0.0164,0.814,-0.5807,0,-0.0366,-0.5799,-0.8139,0,3.2998,102.6183,9.0868,1]},
{"frame":35,"values":[0.9993,-0.0333,-0.0193,0,0.016,0.8145,-0.5799,0,-0.0351,-0.5792,-0.8144,0,3.268,102.5576,9.18,1]},
{"frame":36,"values":[0.9993,-0.0319,-0.0184,0,0.0154,0.815,-0.5792,0,-0.0335,-0.5785,-0.815,0,3.2339,102.5235,9.2655,1]},
{"frame":37,"values":[0.9994,-0.0304,-0.0174,0,0.0147,0.8155,-0.5785,0,-0.0318,-0.5779,-0.8155,0,3.1923,102.5169,9.3454,1]},
{"frame":38,"values":[0.9994,-0.0288,-0.0165,0,0.014,0.816,-0.5778,0,-0.0301,-0.5773,-0.816,0,3.1433,102.5377,9.4207,1]},
{"frame":39,"values":[0.9995,-0.0272,-0.0157,0,0.0131,0.8165,-0.5772,0,-0.0285,-0.5767,-0.8164,0,3.0873,102.5889,9.4838,1]},
{"frame":40,"values":[0.9996,-0.0255,-0.015,0,0.0122,0.8169,-0.5767,0,-0.0269,-0.5762,-0.8168,0,3.0266,102.6631,9.5293,1]},
{"frame":41,"values":[0.9996,-0.0238,-0.0146,0,0.011,0.8173,-0.5762,0,-0.0257,-0.5758,-0.8172,0,2.9623,102.7552,9.5474,1]},
{"frame":42,"values":[0.9996,-0.0223,-0.0144,0,0.0099,0.8176,-0.5757,0,-0.0246,-0.5754,-0.8175,0,2.8993,102.8598,9.55,1]},
{"frame":43,"values":[0.9997,-0.0209,-0.0144,0,0.0088,0.8179,-0.5754,0,-0.0238,-0.575,-0.8178,0,2.8358,102.9762,9.537,1]},
{"frame":44,"values":[0.9997,-0.0197,-0.0145,0,0.0078,0.8181,-0.575,0,-0.0231,-0.5748,-0.818,0,2.7765,103.0887,9.5224,1]},
{"frame":45,"values":[0.9997,-0.0189,-0.0145,0,0.0071,0.8183,-0.5748,0,-0.0227,-0.5745,-0.8182,0,2.7407,103.197,9.5065,1]},
{"frame":46,"values":[0.9997,-0.0183,-0.0147,0,0.0065,0.8184,-0.5746,0,-0.0226,-0.5743,-0.8183,0,2.7146,103.3067,9.4883,1]},
{"frame":47,"values":[0.9997,-0.018,-0.015,0,0.0061,0.8186,-0.5744,0,-0.0226,-0.5741,-0.8185,0,2.701,103.417,9.4694,1]},
{"frame":48,"values":[0.9997,-0.0177,-0.0154,0,0.0057,0.8187,-0.5742,0,-0.0228,-0.574,-0.8185,0,2.6922,103.5418,9.4448,1]},
{"frame":49,"values":[0.9997,-0.0177,-0.0158,0,0.0054,0.8188,-0.5741,0,-0.0231,-0.5739,-0.8186,0,2.6669,103.6583,9.4234,1]},
{"frame":50,"values":[0.9997,-0.0172,-0.0163,0,0.0047,0.8188,-0.574,0,-0.0232,-0.5738,-0.8187,0,2.6249,103.7758,9.4016,1]},
{"frame":51,"values":[0.9997,-0.0165,-0.0169,0,0.0038,0.8189,-0.574,0,-0.0233,-0.5737,-0.8187,0,2.5751,103.9012,9.3952,1]},
{"frame":52,"values":[0.9997,-0.0159,-0.0175,0,0.003,0.8189,-0.5739,0,-0.0234,-0.5737,-0.8187,0,2.5291,104.0268,9.3936,1]},
{"frame":53,"values":[0.9997,-0.0152,-0.018,0,0.0022,0.8189,-0.5739,0,-0.0235,-0.5737,-0.8187,0,2.48,104.1393,9.407,1]},
{"frame":54,"values":[0.9997,-0.0149,-0.0183,0,0.0017,0.819,-0.5738,0,-0.0236,-0.5737,-0.8188,0,2.4301,104.2433,9.4254,1]},
{"frame":55,"values":[0.9997,-0.0146,-0.0187,0,0.0013,0.819,-0.5738,0,-0.0237,-0.5737,-0.8188,0,2.3853,104.3305,9.449,1]},
{"frame":56,"values":[0.9997,-0.0146,-0.0189,0,0.0011,0.819,-0.5738,0,-0.0239,-0.5737,-0.8187,0,2.3519,104.4034,9.4783,1]},
{"frame":57,"values":[0.9997,-0.0147,-0.0192,0,0.001,0.819,-0.5738,0,-0.0242,-0.5737,-0.8187,0,2.3337,104.4595,9.5132,1]},
{"frame":58,"values":[0.9997,-0.0146,-0.0194,0,0.0008,0.819,-0.5738,0,-0.0243,-0.5737,-0.8187,0,2.324,104.4941,9.5486,1]},
{"frame":59,"values":[0.9997,-0.0146,-0.0197,0,0.0006,0.819,-0.5738,0,-0.0245,-0.5736,-0.8187,0,2.3376,104.4809,9.5926,1]},
{"frame":60,"values":[0.9997,-0.0146,-0.0201,0,0.0005,0.819,-0.5738,0,-0.0248,-0.5737,-0.8187,0,2.3796,104.4125,9.6442,1]},
{"frame":61,"values":[0.9997,-0.0149,-0.0204,0,0.0005,0.8189,-0.5739,0,-0.0253,-0.5737,-0.8187,0,2.4314,104.2871,9.6896,1]},
{"frame":62,"values":[0.9997,-0.0154,-0.0208,0,0.0006,0.8189,-0.574,0,-0.0259,-0.5738,-0.8186,0,2.4855,104.1118,9.7247,1]},
{"frame":63,"values":[0.9996,-0.0161,-0.0212,0,0.001,0.8188,-0.5741,0,-0.0266,-0.5738,-0.8185,0,2.5451,103.8966,9.7393,1]},
{"frame":64,"values":[0.9996,-0.0171,-0.0216,0,0.0016,0.8187,-0.5742,0,-0.0275,-0.5739,-0.8184,0,2.6093,103.6555,9.7368,1]},
{"frame":65,"values":[0.9996,-0.0183,-0.0221,0,0.0023,0.8186,-0.5743,0,-0.0286,-0.574,-0.8183,0,2.6776,103.4199,9.717,1]},
{"frame":66,"values":[0.9996,-0.0197,-0.0226,0,0.0032,0.8185,-0.5745,0,-0.0298,-0.5741,-0.8182,0,2.748,103.1949,9.6745,1]},
{"frame":67,"values":[0.9995,-0.0212,-0.0231,0,0.0041,0.8184,-0.5746,0,-0.0311,-0.5743,-0.8181,0,2.8141,102.9862,9.6135,1]},
{"frame":68,"values":[0.9995,-0.0226,-0.0235,0,0.005,0.8183,-0.5748,0,-0.0322,-0.5744,-0.8179,0,2.863,102.8108,9.5475,1]},
{"frame":69,"values":[0.9994,-0.0237,-0.024,0,0.0056,0.8182,-0.575,0,-0.0333,-0.5745,-0.8178,0,2.8924,102.6674,9.4818,1]},
{"frame":70,"values":[0.9994,-0.0245,-0.0245,0,0.006,0.818,-0.5751,0,-0.0341,-0.5746,-0.8177,0,2.9006,102.5562,9.411,1]},
{"frame":71,"values":[0.9994,-0.0251,-0.025,0,0.0062,0.8179,-0.5753,0,-0.0349,-0.5748,-0.8176,0,2.8998,102.4822,9.334,1]},
{"frame":72,"values":[0.9993,-0.0256,-0.0255,0,0.0063,0.8178,-0.5754,0,-0.0356,-0.5749,-0.8175,0,2.899,102.4503,9.2552,1]},
{"frame":73,"values":[0.9993,-0.0267,-0.026,0,0.0068,0.8176,-0.5757,0,-0.0366,-0.5752,-0.8172,0,2.9172,102.4678,9.171,1]}],"loopBehavior":1,"name":"anim","property":"_matrix"}},
{"name":"mixamorig:Spine","index":1,"matrix":[0.9993,0.0078,-0.037,0,-0.0083,0.9999,-0.0139,0,0.0368,0.0142,0.9992,0,0,10.1816,0.1315,1],"rest":[1,0,0,0,0,1,0,0,0,0,1,0,0,10.1816,0.1315,1],"parentBoneIndex":0,"length":10.133
,"animation":{"dataType":3,"framePerSecond":24,"keys":[
{"frame":1,"values":[0.9993,0.0078,-0.037,0,-0.0083,0.9999,-0.0139,0,0.0368,0.0142,0.9992,0,0,10.1816,0.1315,1]},
{"frame":2,"values":[0.9993,0.0078,-0.0379,0,-0.0083,0.9999,-0.0145,0,0.0378,0.0148,0.9992,0,0,10.1816,0.1315,1]},
{"frame":3,"values":[0.9992,0.0074,-0.0386,0,-0.008,0.9999,-0.0153,0,0.0385,0.0156,0.9991,0,0,10.1816,0.1315,1]},
{"frame":4,"values":[0.9992,0.0075,-0.0392,0,-0.0081,0.9998,-0.0157,0,0.039,0.016,0.9991,0,0,10.1816,0.1315,1]},
{"frame":5,"values":[0.9992,0.0077,-0.0397,0,-0.0083,0.9998,-0.0156,0,0.0395,0.0159,0.9991,0,0,10.1816,0.1315,1]},
{"frame":6,"values":[0.9992,0.0083,-0.0401,0,-0.0089,0.9998,-0.0152,0,0.04,0.0155,0.9991,0,0,10.1816,0.1315,1]},
{"frame":7,"values":[0.9991,0.0093,-0.0407,0,-0.0099,0.9998,-0.0149,0,0.0405,0.0153,0.9991,0,0,10.1816,0.1315,1]},
{"frame":8,"values":[0.9991,0.0103,-0.0413,0,-0.011,0.9998,-0.0149,0,0.0411,0.0154,0.999,0,0,10.1816,0.1315,1]},
{"frame":9,"values":[0.9991,0.0114,-0.0417,0,-0.012,0.9998,-0.0151,0,0.0415,0.0156,0.999,0,0,10.1816,0.1315,1]},
{"frame":10,"values":[0.999,0.0125,-0.042,0,-0.0131,0.9998,-0.0152,0,0.0418,0.0158,0.999,0,0,10.1816,0.1315,1]},
{"frame":11,"values":[0.999,0.0129,-0.0419,0,-0.0136,0.9998,-0.0153,0,0.0417,0.0158,0.999,0,0,10.1816,0.1315,1]},
{"frame":12,"values":[0.999,0.0133,-0.0415,0,-0.0139,0.9998,-0.0153,0,0.0413,0.0159,0.999,0,0,10.1816,0.1315,1]},
{"frame":13,"values":[0.9991,0.0136,-0.0412,0,-0.0143,0.9998,-0.0153,0,0.041,0.0159,0.999,0,0,10.1816,0.1315,1]},
{"frame":14,"values":[0.9991,0.0141,-0.041,0,-0.0147,0.9998,-0.0152,0,0.0407,0.0158,0.999,0,0,10.1816,0.1315,1]},
{"frame":15,"values":[0.9991,0.0144,-0.0407,0,-0.0151,0.9998,-0.0151,0,0.0404,0.0157,0.9991,0,0,10.1816,0.1315,1]},
{"frame":16,"values":[0.9991,0.0145,-0.0402,0,-0.0151,0.9998,-0.0148,0,0.0399,0.0154,0.9991,0,0,10.1816,0.1315,1]},
{"frame":17,"values":[0.9991,0.0146,-0.0397,0,-0.0152,0.9998,-0.0144,0,0.0395,0.015,0.9991,0,0,10.1816,0.1315,1]},
{"frame":18,"values":[0.9991,0.0149,-0.0396,0,-0.0154,0.9998,-0.0139,0,0.0394,0.0145,0.9991,0,0,10.1816,0.1315,1]},
{"frame":19,"values":[0.9991,0.0157,-0.04,0,-0.0162,0.9998,-0.0133,0,0.0398,0.0139,0.9991,0,0,10.1816,0.1315,1]},
{"frame":20,"values":[0.999,0.0169,-0.0408,0,-0.0174,0.9998,-0.0124,0,0.0406,0.0131,0.9991,0,0,10.1816,0.1315,1]},
{"frame":21,"values":[0.999,0.0184,-0.0419,0,-0.0189,0.9998,-0.0113,0,0.0417,0.0121,0.9991,0,0,10.1816,0.1315,1]},
{"frame":22,"values":[0.9989,0.0199,-0.043,0,-0.0204,0.9997,-0.0099,0,0.0428,0.0108,0.999,0,0,10.1816,0.1315,1]},
{"frame":23,"values":[0.9988,0.0213,-0.0439,0,-0.0217,0.9997,-0.0087,0,0.0437,0.0096,0.999,0,0,10.1816,0.1315,1]},
{"frame":24,"values":[0.9988,0.0224,-0.0445,0,-0.0228,0.9997,-0.0087,0,0.0442,0.0097,0.999,0,0,10.1816,0.1315,1]},
{"frame":25,"values":[0.9987,0.0232,-0.0447,0,-0.0237,0.9997,-0.0088,0,0.0444,0.0099,0.999,0,0,10.1816,0.1315,1]},
{"frame":26,"values":[0.9987,0.0237,-0.0443,0,-0.0242,0.9997,-0.0092,0,0.0441,0.0102,0.999,0,0,10.1816,0.1315,1]},
{"frame":27,"values":[0.9988,0.024,-0.0434,0,-0.0244,0.9997,-0.0098,0,0.0431,0.0109,0.999,0,0,10.1816,0.1315,1]},
{"frame":28,"values":[0.9988,0.0241,-0.0421,0,-0.0246,0.9996,-0.0107,0,0.0418,0.0117,0.9991,0,0,10.1816,0.1315,1]},
{"frame":29,"values":[0.9989,0.0244,-0.0407,0,-0.0249,0.9996,-0.0117,0,0.0404,0.0127,0.9991,0,0,10.1816,0.1315,1]},
{"frame":30,"values":[0.9989,0.0247,-0.0392,0,-0.0252,0.9996,-0.0127,0,0.0388,0.0137,0.9992,0,0,10.1816,0.1315,1]},
{"frame":31,"values":[0.999,0.0246,-0.0375,0,-0.0252,0.9996,-0.0138,0,0.0372,0.0147,0.9992,0,0,10.1816,0.1315,1]},
{"frame":32,"values":[0.999,0.0246,-0.0361,0,-0.0251,0.9996,-0.0148,0,0.0357,0.0157,0.9992,0,0,10.1816,0.1315,1]},
{"frame":33,"values":[0.9991,0.0244,-0.0349,0,-0.025,0.9996,-0.0156,0,0.0345,0.0164,0.9993,0,0,10.1816,0.1315,1]},
{"frame":34,"values":[0.9992,0.0241,-0.0334,0,-0.0247,0.9996,-0.0162,0,0.033,0.017,0.9993,0,0,10.1816,0.1315,1]},
{"frame":35,"values":[0.9992,0.0237,-0.0314,0,-0.0242,0.9996,-0.0165,0,0.031,0.0173,0.9994,0,0,10.1816,0.1315,1]},
{"frame":36,"values":[0.9993,0.0231,-0.029,0,-0.0236,0.9996,-0.0165,0,0.0286,0.0172,0.9994,0,0,10.1816,0.1315,1]},
{"frame":37,"values":[0.9994,0.0225,-0.0264,0,-0.0229,0.9996,-0.0162,0,0.026,0.0168,0.9995,0,0,10.1816,0.1315,1]},
{"frame":38,"values":[0.9995,0.0217,-0.0236,0,-0.0221,0.9996,-0.0157,0,0.0233,0.0162,0.9996,0,0,10.1816,0.1315,1]},
{"frame":39,"values":[0.9996,0.0207,-0.0208,0,-0.021,0.9997,-0.015,0,0.0204,0.0154,0.9997,0,0,10.1816,0.1315,1]},
{"frame":40,"values":[0.9996,0.0195,-0.018,0,-0.0197,0.9997,-0.0142,0,0.0177,0.0145,0.9997,0,0,10.1816,0.1315,1]},
{"frame":41,"values":[0.9997,0.0181,-0.0156,0,-0.0183,0.9997,-0.0132,0,0.0153,0.0135,0.9998,0,0,10.1816,0.1315,1]},
{"frame":42,"values":[0.9998,0.0165,-0.0134,0,-0.0166,0.9998,-0.0121,0,0.0132,0.0123,0.9998,0,0,10.1816,0.1315,1]},
{"frame":43,"values":[0.9998,0.0147,-0.0117,0,-0.0149,0.9998,-0.011,0,0.0115,0.0112,0.9999,0,0,10.1816,0.1315,1]},
{"frame":44,"values":[0.9999,0.013,-0.0104,0,-0.0131,0.9999,-0.0099,0,0.0102,0.01,0.9999,0,0,10.1816,0.1315,1]},
{"frame":45,"values":[0.9999,0.0115,-0.0097,0,-0.0116,0.9999,-0.0088,0,0.0095,0.0089,0.9999,0,0,10.1816,0.1315,1]},
{"frame":46,"values":[0.9999,0.0101,-0.0094,0,-0.0102,0.9999,-0.0077,0,0.0093,0.0078,0.9999,0,0,10.1816,0.1315,1]},
{"frame":47,"values":[0.9999,0.0089,-0.0094,0,-0.009,0.9999,-0.0067,0,0.0094,0.0068,0.9999,0,0,10.1816,0.1315,1]},
{"frame":48,"values":[0.9999,0.0077,-0.0098,0,-0.0078,1,-0.0058,0,0.0097,0.0059,0.9999,0,0,10.1816,0.1315,1]},
{"frame":49,"values":[0.9999,0.0066,-0.0103,0,-0.0067,1,-0.0051,0,0.0103,0.0051,0.9999,0,0,10.1816,0.1315,1]},
{"frame":50,"values":[0.9999,0.005,-0.0109,0,-0.005,1,-0.0046,0,0.0109,0.0047,0.9999,0,0,10.1816,0.1315,1]},
{"frame":51,"values":[0.9999,0.0031,-0.0115,0,-0.0032,1,-0.0043,0,0.0115,0.0043,0.9999,0,0,10.1816,0.1315,1]},
{"frame":52,"values":[0.9999,0.0014,-0.0122,0,-0.0014,1,-0.004,0,0.0122,0.004,0.9999,0,0,10.1816,0.1315,1]},
{"frame":53,"values":[0.9999,-0.0003,-0.0128,0,0.0003,1,-0.0037,0,0.0128,0.0037,0.9999,0,0,10.1816,0.1315,1]},
{"frame":54,"values":[0.9999,-0.0017,-0.0137,0,0.0016,1,-0.0035,0,0.0137,0.0035,0.9999,0,0,10.1816,0.1315,1]},
{"frame":55,"values":[0.9999,-0.0028,-0.0146,0,0.0028,1,-0.0036,0,0.0146,0.0036,0.9999,0,0,10.1816,0.1315,1]},
{"frame":56,"values":[0.9999,-0.0037,-0.0156,0,0.0036,1,-0.0039,0,0.0156,0.0039,0.9999,0,0,10.1816,0.1315,1]},
{"frame":57,"values":[0.9999,-0.0043,-0.0166,0,0.0042,1,-0.0043,0,0.0166,0.0042,0.9999,0,0,10.1816,0.1315,1]},
{"frame":58,"values":[0.9998,-0.0046,-0.0175,0,0.0045,1,-0.0047,0,0.0175,0.0046,0.9998,0,0,10.1816,0.1315,1]},
{"frame":59,"values":[0.9998,-0.0046,-0.0184,0,0.0045,1,-0.0051,0,0.0185,0.005,0.9998,0,0,10.1816,0.1315,1]},
{"frame":60,"values":[0.9998,-0.0042,-0.0195,0,0.0041,1,-0.0056,0,0.0195,0.0055,0.9998,0,0,10.1816,0.1315,1]},
{"frame":61,"values":[0.9998,-0.0034,-0.0206,0,0.0033,1,-0.0062,0,0.0206,0.0061,0.9998,0,0,10.1816,0.1315,1]},
{"frame":62,"values":[0.9998,-0.0024,-0.0219,0,0.0022,1,-0.0069,0,0.0219,0.0068,0.9997,0,0,10.1816,0.1315,1]},
{"frame":63,"values":[0.9997,-0.0011,-0.0232,0,0.001,1,-0.0076,0,0.0232,0.0076,0.9997,0,0,10.1816,0.1315,1]},
{"frame":64,"values":[0.9997,0.0002,-0.0247,0,-0.0004,1,-0.0084,0,0.0247,0.0084,0.9997,0,0,10.1816,0.1315,1]},
{"frame":65,"values":[0.9997,0.0016,-0.0263,0,-0.0019,1,-0.0092,0,0.0263,0.0093,0.9996,0,0,10.1816,0.1315,1]},
{"frame":66,"values":[0.9996,0.003,-0.028,0,-0.0033,0.9999,-0.0101,0,0.0279,0.0102,0.9996,0,0,10.1816,0.1315,1]},
{"frame":67,"values":[0.9995,0.0044,-0.0297,0,-0.0047,0.9999,-0.0109,0,0.0297,0.0111,0.9995,0,0,10.1816,0.1315,1]},
{"frame":68,"values":[0.9995,0.0056,-0.0313,0,-0.006,0.9999,-0.0118,0,0.0312,0.012,0.9994,0,0,10.1816,0.1315,1]},
{"frame":69,"values":[0.9994,0.0065,-0.0327,0,-0.0069,0.9999,-0.0124,0,0.0326,0.0126,0.9994,0,0,10.1816,0.1315,1]},
{"frame":70,"values":[0.9994,0.007,-0.0339,0,-0.0074,0.9999,-0.0128,0,0.0338,0.013,0.9993,0,0,10.1816,0.1315,1]},
{"frame":71,"values":[0.9994,0.0073,-0.035,0,-0.0077,0.9999,-0.0132,0,0.0349,0.0134,0.9993,0,0,10.1816,0.1315,1]},
{"frame":72,"values":[0.9993,0.0075,-0.0359,0,-0.008,0.9999,-0.0136,0,0.0358,0.0138,0.9993,0,0,10.1816,0.1315,1]},
{"frame":73,"values":[0.9993,0.0078,-0.037,0,-0.0083,0.9999,-0.0139,0,0.0368,0.0142,0.9992,0,0,10.1816,0.1315,1]}],"loopBehavior":1,"name":"anim","property":"_matrix"}},
{"name":"mixamorig:Spine1","index":2,"matrix":[0.9992,0.0252,0.0307,0,-0.0267,0.9983,0.0515,0,-0.0294,-0.0523,0.9982,0,0,10.0835,-1.0008,1],"rest":[1,0,0,0,0,1,0,0,0,0,1,0,0,10.0835,-1.0008,1],"parentBoneIndex":1,"length":9.2031
,"animation":{"dataType":3,"framePerSecond":24,"keys":[
{"frame":1,"values":[0.9992,0.0252,0.0307,0,-0.0267,0.9983,0.0515,0,-0.0294,-0.0523,0.9982,0,0,10.0835,-1.0008,1]},
{"frame":2,"values":[0.9992,0.0259,0.0293,0,-0.0274,0.9983,0.0508,0,-0.028,-0.0516,0.9983,0,0,10.0835,-1.0008,1]},
{"frame":3,"values":[0.9993,0.0269,0.0277,0,-0.0283,0.9983,0.0502,0,-0.0263,-0.0509,0.9984,0,0,10.0835,-1.0008,1]},
{"frame":4,"values":[0.9993,0.0281,0.026,0,-0.0294,0.9983,0.0497,0,-0.0246,-0.0505,0.9984,0,0,10.0835,-1.0008,1]},
{"frame":5,"values":[0.9993,0.0295,0.0243,0,-0.0307,0.9983,0.0496,0,-0.0228,-0.0503,0.9985,0,0,10.0835,-1.0008,1]},
{"frame":6,"values":[0.9993,0.0311,0.0226,0,-0.0322,0.9982,0.0498,0,-0.021,-0.0505,0.9985,0,0,10.0835,-1.0008,1]},
{"frame":7,"values":[0.9992,0.0327,0.0209,0,-0.0337,0.9982,0.0499,0,-0.0192,-0.0506,0.9985,0,0,10.0835,-1.0008,1]},
{"frame":8,"values":[0.9992,0.0344,0.0191,0,-0.0353,0.9981,0.0501,0,-0.0173,-0.0507,0.9986,0,0,10.0835,-1.0008,1]},
{"frame":9,"values":[0.9992,0.036,0.0173,0,-0.0368,0.9981,0.0502,0,-0.0154,-0.0508,0.9986,0,0,10.0835,-1.0008,1]},
{"frame":10,"values":[0.9992,0.0375,0.0154,0,-0.0383,0.998,0.0505,0,-0.0135,-0.051,0.9986,0,0,10.0835,-1.0008,1]},
{"frame":11,"values":[0.9992,0.0387,0.0138,0,-0.0394,0.9979,0.0509,0,-0.0118,-0.0514,0.9986,0,0,10.0835,-1.0008,1]},
{"frame":12,"values":[0.9991,0.0396,0.0122,0,-0.0402,0.9979,0.0514,0,-0.0101,-0.0518,0.9986,0,0,10.0835,-1.0008,1]},
{"frame":13,"values":[0.9991,0.0404,0.0105,0,-0.0409,0.9978,0.052,0,-0.0084,-0.0524,0.9986,0,0,10.0835,-1.0008,1]},
{"frame":14,"values":[0.9991,0.0411,0.0088,0,-0.0415,0.9977,0.0527,0,-0.0066,-0.053,0.9986,0,0,10.0835,-1.0008,1]},
{"frame":15,"values":[0.9991,0.0416,0.007,0,-0.0419,0.9977,0.0535,0,-0.0047,-0.0537,0.9985,0,0,10.0835,-1.0008,1]},
{"frame":16,"values":[0.9991,0.042,0.0053,0,-0.0423,0.9976,0.0543,0,-0.003,-0.0545,0.9985,0,0,10.0835,-1.0008,1]},
{"frame":17,"values":[0.9991,0.0423,0.0037,0,-0.0425,0.9976,0.0552,0,-0.0013,-0.0553,0.9985,0,0,10.0835,-1.0008,1]},
{"frame":18,"values":[0.9991,0.0425,0.0022,0,-0.0425,0.9975,0.0561,0,0.0001,-0.0561,0.9984,0,0,10.0835,-1.0008,1]},
{"frame":19,"values":[0.9991,0.0424,0.0011,0,-0.0424,0.9975,0.0571,0,0.0013,-0.0571,0.9984,0,0,10.0835,-1.0008,1]},
{"frame":20,"values":[0.9991,0.0421,0.0004,0,-0.0421,0.9974,0.0582,0,0.0021,-0.0582,0.9983,0,0,10.0835,-1.0008,1]},
{"frame":21,"values":[0.9991,0.0416,0,0,-0.0416,0.9974,0.0593,0,0.0025,-0.0593,0.9982,0,0,10.0835,-1.0008,1]},
{"frame":22,"values":[0.9992,0.0411,0,0,-0.041,0.9973,0.0604,0,0.0025,-0.0604,0.9982,0,0,10.0835,-1.0008,1]},
{"frame":23,"values":[0.9992,0.0405,0.0003,0,-0.0404,0.9973,0.0614,0,0.0022,-0.0613,0.9981,0,0,10.0835,-1.0008,1]},
{"frame":24,"values":[0.9992,0.0399,0.001,0,-0.0398,0.9973,0.0613,0,0.0015,-0.0613,0.9981,0,0,10.0835,-1.0008,1]},
{"frame":25,"values":[0.9992,0.0392,0.0019,0,-0.0393,0.9974,0.0611,0,0.0005,-0.0611,0.9981,0,0,10.0835,-1.0008,1]},
{"frame":26,"values":[0.9992,0.0387,0.0035,0,-0.0388,0.9974,0.0604,0,-0.0012,-0.0605,0.9982,0,0,10.0835,-1.0008,1]},
{"frame":27,"values":[0.9993,0.0382,0.0058,0,-0.0385,0.9975,0.0591,0,-0.0035,-0.0593,0.9982,0,0,10.0835,-1.0008,1]},
{"frame":28,"values":[0.9992,0.0377,0.0087,0,-0.0382,0.9976,0.0574,0,-0.0065,-0.0577,0.9983,0,0,10.0835,-1.0008,1]},
{"frame":29,"values":[0.9992,0.0373,0.0118,0,-0.0379,0.9977,0.0554,0,-0.0097,-0.0558,0.9984,0,0,10.0835,-1.0008,1]},
{"frame":30,"values":[0.9992,0.0368,0.015,0,-0.0376,0.9979,0.0533,0,-0.013,-0.0538,0.9985,0,0,10.0835,-1.0008,1]},
{"frame":31,"values":[0.9992,0.0362,0.0181,0,-0.0371,0.998,0.0512,0,-0.0162,-0.0518,0.9985,0,0,10.0835,-1.0008,1]},
{"frame":32,"values":[0.9992,0.0355,0.0207,0,-0.0365,0.9981,0.0493,0,-0.0189,-0.0501,0.9986,0,0,10.0835,-1.0008,1]},
{"frame":33,"values":[0.9991,0.0346,0.0227,0,-0.0357,0.9982,0.0478,0,-0.021,-0.0485,0.9986,0,0,10.0835,-1.0008,1]},
{"frame":34,"values":[0.9991,0.0338,0.0251,0,-0.035,0.9983,0.0466,0,-0.0235,-0.0474,0.9986,0,0,10.0835,-1.0008,1]},
{"frame":35,"values":[0.9991,0.0331,0.0282,0,-0.0344,0.9984,0.046,0,-0.0266,-0.0469,0.9985,0,0,10.0835,-1.0008,1]},
{"frame":36,"values":[0.999,0.0325,0.0317,0,-0.034,0.9984,0.046,0,-0.0302,-0.047,0.9984,0,0,10.0835,-1.0008,1]},
{"frame":37,"values":[0.9989,0.032,0.0356,0,-0.0336,0.9983,0.0466,0,-0.034,-0.0477,0.9983,0,0,10.0835,-1.0008,1]},
{"frame":38,"values":[0.9987,0.0315,0.0396,0,-0.0333,0.9983,0.0476,0,-0.038,-0.0489,0.9981,0,0,10.0835,-1.0008,1]},
{"frame":39,"values":[0.9986,0.0309,0.0437,0,-0.033,0.9983,0.049,0,-0.0421,-0.0504,0.9978,0,0,10.0835,-1.0008,1]},
{"frame":40,"values":[0.9984,0.0303,0.0477,0,-0.0327,0.9982,0.0507,0,-0.0461,-0.0522,0.9976,0,0,10.0835,-1.0008,1]},
{"frame":41,"values":[0.9982,0.0296,0.0514,0,-0.0323,0.9981,0.0526,0,-0.0498,-0.0542,0.9973,0,0,10.0835,-1.0008,1]},
{"frame":42,"values":[0.9981,0.0289,0.0548,0,-0.0319,0.998,0.0547,0,-0.0531,-0.0564,0.997,0,0,10.0835,-1.0008,1]},
{"frame":43,"values":[0.9979,0.028,0.0576,0,-0.0313,0.9979,0.0569,0,-0.0559,-0.0586,0.9967,0,0,10.0835,-1.0008,1]},
{"frame":44,"values":[0.9979,0.0269,0.0597,0,-0.0304,0.9978,0.0592,0,-0.058,-0.0609,0.9965,0,0,10.0835,-1.0008,1]},
{"frame":45,"values":[0.9978,0.0256,0.0611,0,-0.0294,0.9977,0.0614,0,-0.0594,-0.0631,0.9962,0,0,10.0835,-1.0008,1]},
{"frame":46,"values":[0.9978,0.0245,0.0619,0,-0.0284,0.9976,0.0636,0,-0.0602,-0.0652,0.9961,0,0,10.0835,-1.0008,1]},
{"frame":47,"values":[0.9978,0.0235,0.0623,0,-0.0276,0.9975,0.0656,0,-0.0606,-0.0672,0.9959,0,0,10.0835,-1.0008,1]},
{"frame":48,"values":[0.9978,0.0226,0.0623,0,-0.0268,0.9974,0.0674,0,-0.0607,-0.0689,0.9958,0,0,10.0835,-1.0008,1]},
{"frame":49,"values":[0.9978,0.0217,0.0621,0,-0.0259,0.9973,0.0689,0,-0.0604,-0.0704,0.9957,0,0,10.0835,-1.0008,1]},
{"frame":50,"values":[0.9979,0.0209,0.0614,0,-0.0251,0.9972,0.0698,0,-0.0598,-0.0712,0.9957,0,0,10.0835,-1.0008,1]},
{"frame":51,"values":[0.998,0.0201,0.0606,0,-0.0244,0.9972,0.0705,0,-0.059,-0.0719,0.9957,0,0,10.0835,-1.0008,1]},
{"frame":52,"values":[0.998,0.0194,0.0594,0,-0.0236,0.9972,0.0712,0,-0.0579,-0.0725,0.9957,0,0,10.0835,-1.0008,1]},
{"frame":53,"values":[0.9981,0.0188,0.0581,0,-0.0229,0.9972,0.0718,0,-0.0566,-0.073,0.9957,0,0,10.0835,-1.0008,1]},
{"frame":54,"values":[0.9982,0.0182,0.0566,0,-0.0223,0.9971,0.0723,0,-0.0551,-0.0734,0.9958,0,0,10.0835,-1.0008,1]},
{"frame":55,"values":[0.9983,0.0177,0.0549,0,-0.0217,0.9972,0.072,0,-0.0535,-0.0731,0.9959,0,0,10.0835,-1.0008,1]},
{"frame":56,"values":[0.9984,0.0174,0.0532,0,-0.0212,0.9972,0.0715,0,-0.0518,-0.0725,0.996,0,0,10.0835,-1.0008,1]},
{"frame":57,"values":[0.9985,0.0172,0.0517,0,-0.0209,0.9973,0.0708,0,-0.0503,-0.0718,0.9962,0,0,10.0835,-1.0008,1]},
{"frame":58,"values":[0.9986,0.0171,0.0501,0,-0.0206,0.9973,0.0699,0,-0.0488,-0.0709,0.9963,0,0,10.0835,-1.0008,1]},
{"frame":59,"values":[0.9987,0.0169,0.0487,0,-0.0203,0.9974,0.0689,0,-0.0474,-0.0698,0.9964,0,0,10.0835,-1.0008,1]},
{"frame":60,"values":[0.9987,0.0168,0.0473,0,-0.02,0.9975,0.0678,0,-0.046,-0.0687,0.9966,0,0,10.0835,-1.0008,1]},
{"frame":61,"values":[0.9988,0.0168,0.0459,0,-0.0198,0.9976,0.0666,0,-0.0446,-0.0675,0.9967,0,0,10.0835,-1.0008,1]},
{"frame":62,"values":[0.9989,0.0169,0.0445,0,-0.0198,0.9977,0.0653,0,-0.0432,-0.0662,0.9969,0,0,10.0835,-1.0008,1]},
{"frame":63,"values":[0.9989,0.0172,0.0431,0,-0.02,0.9978,0.064,0,-0.0419,-0.0648,0.997,0,0,10.0835,-1.0008,1]},
{"frame":64,"values":[0.999,0.0177,0.0417,0,-0.0203,0.9978,0.0626,0,-0.0405,-0.0633,0.9972,0,0,10.0835,-1.0008,1]},
{"frame":65,"values":[0.999,0.0184,0.0403,0,-0.0208,0.9979,0.0611,0,-0.0391,-0.0619,0.9973,0,0,10.0835,-1.0008,1]},
{"frame":66,"values":[0.9991,0.0193,0.0389,0,-0.0216,0.998,0.0595,0,-0.0377,-0.0602,0.9975,0,0,10.0835,-1.0008,1]},
{"frame":67,"values":[0.9991,0.0204,0.0375,0,-0.0226,0.9981,0.0578,0,-0.0363,-0.0586,0.9976,0,0,10.0835,-1.0008,1]},
{"frame":68,"values":[0.9991,0.0216,0.0362,0,-0.0236,0.9981,0.0561,0,-0.0349,-0.0569,0.9978,0,0,10.0835,-1.0008,1]},
{"frame":69,"values":[0.9991,0.0227,0.0349,0,-0.0246,0.9982,0.0546,0,-0.0336,-0.0554,0.9979,0,0,10.0835,-1.0008,1]},
{"frame":70,"values":[0.9992,0.0236,0.0337,0,-0.0254,0.9982,0.0534,0,-0.0324,-0.0543,0.998,0,0,10.0835,-1.0008,1]},
{"frame":71,"values":[0.9992,0.0243,0.0326,0,-0.026,0.9983,0.0525,0,-0.0313,-0.0533,0.9981,0,0,10.0835,-1.0008,1]},
{"frame":72,"values":[0.9992,0.0247,0.0317,0,-0.0264,0.9983,0.052,0,-0.0304,-0.0528,0.9981,0,0,10.0835,-1.0008,1]},
{"frame":73,"values":[0.9992,0.0252,0.0307,0,-0.0267,0.9983,0.0515,0,-0.0294,-0.0523,0.9982,0,0,10.0835,-1.0008,1]}],"loopBehavior":1,"name":"anim","property":"_matrix"}},
{"name":"mixamorig:Spine2","index":3,"matrix":[0.9992,-0.0127,-0.0372,0,0.013,0.9999,0.0063,0,0.0371,-0.0068,0.9993,0,0,9.1,-1.3734,1],"rest":[1,0,0,0,0,1,0,0,0,0,1,0,0,9.1,-1.3734,1],"parentBoneIndex":2,"length":13.7198
,"animation":{"dataType":3,"framePerSecond":24,"keys":[
{"frame":1,"values":[0.9992,-0.0127,-0.0372,0,0.013,0.9999,0.0063,0,0.0371,-0.0068,0.9993,0,0,9.1,-1.3734,1]},
{"frame":2,"values":[0.9992,-0.0121,-0.0386,0,0.0123,0.9999,0.0056,0,0.0385,-0.0061,0.9992,0,0,9.1,-1.3734,1]},
{"frame":3,"values":[0.9991,-0.0112,-0.0403,0,0.0114,0.9999,0.005,0,0.0402,-0.0054,0.9992,0,0,9.1,-1.3734,1]},
{"frame":4,"values":[0.9991,-0.0101,-0.042,0,0.0103,0.9999,0.0046,0,0.0419,-0.005,0.9991,0,0,9.1,-1.3734,1]},
{"frame":5,"values":[0.999,-0.0087,-0.0437,0,0.0089,0.9999,0.0045,0,0.0437,-0.0049,0.999,0,0,9.1,-1.3734,1]},
{"frame":6,"values":[0.9989,-0.0072,-0.0455,0,0.0075,1,0.0047,0,0.0455,-0.005,0.999,0,0,9.1,-1.3734,1]},
{"frame":7,"values":[0.9989,-0.0057,-0.0474,0,0.0059,1,0.0048,0,0.0474,-0.0051,0.9989,0,0,9.1,-1.3734,1]},
{"frame":8,"values":[0.9988,-0.0042,-0.0493,0,0.0044,1,0.005,0,0.0492,-0.0052,0.9988,0,0,9.1,-1.3734,1]},
{"frame":9,"values":[0.9987,-0.0026,-0.0511,0,0.0029,1,0.0051,0,0.0511,-0.0053,0.9987,0,0,9.1,-1.3734,1]},
{"frame":10,"values":[0.9986,-0.0012,-0.0531,0,0.0015,1,0.0054,0,0.0531,-0.0055,0.9986,0,0,9.1,-1.3734,1]},
{"frame":11,"values":[0.9985,-0.0001,-0.0548,0,0.0004,1,0.0058,0,0.0548,-0.0058,0.9985,0,0,9.1,-1.3734,1]},
{"frame":12,"values":[0.9984,0.0008,-0.0564,0,-0.0004,1,0.0063,0,0.0564,-0.0063,0.9984,0,0,9.1,-1.3734,1]},
{"frame":13,"values":[0.9983,0.0015,-0.0581,0,-0.0011,1,0.0069,0,0.0582,-0.0068,0.9983,0,0,9.1,-1.3734,1]},
{"frame":14,"values":[0.9982,0.0021,-0.06,0,-0.0016,1,0.0076,0,0.06,-0.0074,0.9982,0,0,9.1,-1.3734,1]},
{"frame":15,"values":[0.9981,0.0026,-0.0618,0,-0.0021,1,0.0083,0,0.0618,-0.0081,0.9981,0,0,9.1,-1.3734,1]},
{"frame":16,"values":[0.998,0.0029,-0.0635,0,-0.0023,1,0.0091,0,0.0635,-0.0089,0.9979,0,0,9.1,-1.3734,1]},
{"frame":17,"values":[0.9979,0.0032,-0.0652,0,-0.0025,0.9999,0.0099,0,0.0652,-0.0097,0.9978,0,0,9.1,-1.3734,1]},
{"frame":18,"values":[0.9978,0.0032,-0.0666,0,-0.0025,0.9999,0.0108,0,0.0666,-0.0106,0.9977,0,0,9.1,-1.3734,1]},
{"frame":19,"values":[0.9977,0.0032,-0.0678,0,-0.0024,0.9999,0.0117,0,0.0678,-0.0115,0.9976,0,0,9.1,-1.3734,1]},
{"frame":20,"values":[0.9976,0.0029,-0.0685,0,-0.002,0.9999,0.0128,0,0.0685,-0.0126,0.9976,0,0,9.1,-1.3734,1]},
{"frame":21,"values":[0.9976,0.0024,-0.0689,0,-0.0015,0.9999,0.0138,0,0.0689,-0.0137,0.9975,0,0,9.1,-1.3734,1]},
{"frame":22,"values":[0.9976,0.0019,-0.0689,0,-0.0009,0.9999,0.015,0,0.0689,-0.0149,0.9975,0,0,9.1,-1.3734,1]},
{"frame":23,"values":[0.9976,0.0014,-0.0685,0,-0.0003,0.9999,0.0159,0,0.0685,-0.0158,0.9975,0,0,9.1,-1.3734,1]},
{"frame":24,"values":[0.9977,0.0008,-0.0679,0,0.0003,0.9999,0.0158,0,0.0679,-0.0158,0.9976,0,0,9.1,-1.3734,1]},
{"frame":25,"values":[0.9978,0.0002,-0.0669,0,0.0008,0.9999,0.0156,0,0.0668,-0.0156,0.9976,0,0,9.1,-1.3734,1]},
{"frame":26,"values":[0.9979,-0.0003,-0.0652,0,0.0013,0.9999,0.0149,0,0.0652,-0.015,0.9978,0,0,9.1,-1.3734,1]},
{"frame":27,"values":[0.998,-0.0007,-0.0629,0,0.0016,0.9999,0.0137,0,0.0629,-0.0138,0.9979,0,0,9.1,-1.3734,1]},
{"frame":28,"values":[0.9982,-0.001,-0.06,0,0.0018,0.9999,0.0121,0,0.06,-0.0121,0.9981,0,0,9.1,-1.3734,1]},
{"frame":29,"values":[0.9984,-0.0014,-0.0568,0,0.002,0.9999,0.0101,0,0.0567,-0.0102,0.9983,0,0,9.1,-1.3734,1]},
{"frame":30,"values":[0.9986,-0.0018,-0.0535,0,0.0022,1,0.0081,0,0.0535,-0.0082,0.9985,0,0,9.1,-1.3734,1]},
{"frame":31,"values":[0.9987,-0.0023,-0.0504,0,0.0026,1,0.0061,0,0.0503,-0.0062,0.9987,0,0,9.1,-1.3734,1]},
{"frame":32,"values":[0.9989,-0.0029,-0.0477,0,0.0031,1,0.0043,0,0.0477,-0.0044,0.9989,0,0,9.1,-1.3734,1]},
{"frame":33,"values":[0.999,-0.0038,-0.0456,0,0.0039,1,0.0027,0,0.0456,-0.0029,0.999,0,0,9.1,-1.3734,1]},
{"frame":34,"values":[0.9991,-0.0045,-0.0431,0,0.0046,1,0.0016,0,0.0431,-0.0018,0.9991,0,0,9.1,-1.3734,1]},
{"frame":35,"values":[0.9992,-0.0051,-0.04,0,0.0051,1,0.001,0,0.04,-0.0012,0.9992,0,0,9.1,-1.3734,1]},
{"frame":36,"values":[0.9993,-0.0055,-0.0365,0,0.0055,1,0.0011,0,0.0365,-0.0013,0.9993,0,0,9.1,-1.3734,1]},
{"frame":37,"values":[0.9995,-0.0058,-0.0326,0,0.0059,1,0.0017,0,0.0326,-0.0019,0.9995,0,0,9.1,-1.3734,1]},
{"frame":38,"values":[0.9996,-0.0061,-0.0286,0,0.0062,1,0.0028,0,0.0285,-0.003,0.9996,0,0,9.1,-1.3734,1]},
{"frame":39,"values":[0.9997,-0.0064,-0.0245,0,0.0065,1,0.0043,0,0.0244,-0.0044,0.9997,0,0,9.1,-1.3734,1]},
{"frame":40,"values":[0.9998,-0.0068,-0.0205,0,0.0069,1,0.006,0,0.0205,-0.0062,0.9998,0,0,9.1,-1.3734,1]},
{"frame":41,"values":[0.9998,-0.0072,-0.0167,0,0.0073,0.9999,0.008,0,0.0167,-0.0081,0.9998,0,0,9.1,-1.3734,1]},
{"frame":42,"values":[0.9999,-0.0077,-0.0134,0,0.0079,0.9999,0.0101,0,0.0133,-0.0102,0.9999,0,0,9.1,-1.3734,1]},
{"frame":43,"values":[0.9999,-0.0084,-0.0106,0,0.0085,0.9999,0.0123,0,0.0105,-0.0124,0.9999,0,0,9.1,-1.3734,1]},
{"frame":44,"values":[0.9999,-0.0093,-0.0084,0,0.0094,0.9998,0.0146,0,0.0083,-0.0146,0.9999,0,0,9.1,-1.3734,1]},
{"frame":45,"values":[0.9999,-0.0104,-0.007,0,0.0105,0.9998,0.0168,0,0.0068,-0.0168,0.9998,0,0,9.1,-1.3734,1]},
{"frame":46,"values":[0.9999,-0.0114,-0.0062,0,0.0115,0.9998,0.0189,0,0.006,-0.019,0.9998,0,0,9.1,-1.3734,1]},
{"frame":47,"values":[0.9999,-0.0123,-0.0057,0,0.0125,0.9997,0.0209,0,0.0055,-0.0209,0.9998,0,0,9.1,-1.3734,1]},
{"frame":48,"values":[0.9999,-0.0132,-0.0057,0,0.0133,0.9997,0.0226,0,0.0054,-0.0227,0.9997,0,0,9.1,-1.3734,1]},
{"frame":49,"values":[0.9999,-0.014,-0.0059,0,0.0142,0.9996,0.0241,0,0.0056,-0.0242,0.9997,0,0,9.1,-1.3734,1]},
{"frame":50,"values":[0.9999,-0.0149,-0.0065,0,0.015,0.9996,0.025,0,0.0061,-0.0251,0.9997,0,0,9.1,-1.3734,1]},
{"frame":51,"values":[0.9999,-0.0156,-0.0073,0,0.0158,0.9995,0.0256,0,0.0069,-0.0258,0.9996,0,0,9.1,-1.3734,1]},
{"frame":52,"values":[0.9998,-0.0164,-0.0084,0,0.0166,0.9995,0.0263,0,0.008,-0.0264,0.9996,0,0,9.1,-1.3734,1]},
{"frame":53,"values":[0.9998,-0.0171,-0.0097,0,0.0173,0.9995,0.0268,0,0.0092,-0.027,0.9996,0,0,9.1,-1.3734,1]},
{"frame":54,"values":[0.9998,-0.0177,-0.0112,0,0.018,0.9995,0.0273,0,0.0107,-0.0275,0.9996,0,0,9.1,-1.3734,1]},
{"frame":55,"values":[0.9998,-0.0182,-0.0128,0,0.0186,0.9995,0.0269,0,0.0123,-0.0272,0.9996,0,0,9.1,-1.3734,1]},
{"frame":56,"values":[0.9997,-0.0186,-0.0145,0,0.019,0.9995,0.0264,0,0.014,-0.0266,0.9995,0,0,9.1,-1.3734,1]},
{"frame":57,"values":[0.9997,-0.0189,-0.016,0,0.0193,0.9995,0.0256,0,0.0155,-0.0259,0.9995,0,0,9.1,-1.3734,1]},
{"frame":58,"values":[0.9997,-0.0191,-0.0175,0,0.0196,0.9995,0.0248,0,0.017,-0.0251,0.9995,0,0,9.1,-1.3734,1]},
{"frame":59,"values":[0.9996,-0.0194,-0.0189,0,0.0198,0.9995,0.0237,0,0.0185,-0.0241,0.9995,0,0,9.1,-1.3734,1]},
{"frame":60,"values":[0.9996,-0.0196,-0.0203,0,0.0201,0.9995,0.0226,0,0.0199,-0.023,0.9995,0,0,9.1,-1.3734,1]},
{"frame":61,"values":[0.9996,-0.0197,-0.0217,0,0.0202,0.9996,0.0214,0,0.0213,-0.0218,0.9995,0,0,9.1,-1.3734,1]},
{"frame":62,"values":[0.9995,-0.0197,-0.0232,0,0.0201,0.9996,0.0201,0,0.0227,-0.0206,0.9995,0,0,9.1,-1.3734,1]},
{"frame":63,"values":[0.9995,-0.0195,-0.0246,0,0.02,0.9996,0.0188,0,0.0242,-0.0192,0.9995,0,0,9.1,-1.3734,1]},
{"frame":64,"values":[0.9995,-0.0191,-0.026,0,0.0196,0.9997,0.0173,0,0.0256,-0.0178,0.9995,0,0,9.1,-1.3734,1]},
{"frame":65,"values":[0.9995,-0.0186,-0.0274,0,0.019,0.9997,0.0159,0,0.0271,-0.0164,0.9995,0,0,9.1,-1.3734,1]},
{"frame":66,"values":[0.9994,-0.0178,-0.0288,0,0.0182,0.9997,0.0143,0,0.0285,-0.0148,0.9995,0,0,9.1,-1.3734,1]},
{"frame":67,"values":[0.9994,-0.0168,-0.0302,0,0.0172,0.9998,0.0126,0,0.03,-0.0131,0.9995,0,0,9.1,-1.3734,1]},
{"frame":68,"values":[0.9994,-0.0158,-0.0316,0,0.0162,0.9998,0.0109,0,0.0314,-0.0114,0.9994,0,0,9.1,-1.3734,1]},
{"frame":69,"values":[0.9993,-0.0149,-0.0329,0,0.0152,0.9998,0.0094,0,0.0328,-0.0099,0.9994,0,0,9.1,-1.3734,1]},
{"frame":70,"values":[0.9993,-0.0141,-0.0342,0,0.0143,0.9999,0.0083,0,0.034,-0.0088,0.9994,0,0,9.1,-1.3734,1]},
{"frame":71,"values":[0.9993,-0.0134,-0.0353,0,0.0137,0.9999,0.0073,0,0.0352,-0.0078,0.9994,0,0,9.1,-1.3734,1]},
{"frame":72,"values":[0.9993,-0.0131,-0.0362,0,0.0133,0.9999,0.0068,0,0.0361,-0.0073,0.9993,0,0,9.1,-1.3734,1]},
{"frame":73,"values":[0.9992,-0.0127,-0.0372,0,0.013,0.9999,0.0063,0,0.0371,-0.0068,0.9993,0,0,9.1,-1.3734,1]}],"loopBehavior":1,"name":"anim","property":"_matrix"}},
{"name":"mixamorig:Neck","index":4,"matrix":[0.9992,-0.0361,-0.0157,0,0.0344,0.9947,-0.0966,0,0.0191,0.0959,0.9952,0,0,16.6717,-2.5162,1],"rest":[1,0,0,0,0,1,0,0,0,0,1,0,0,16.6717,-2.5162,1],"parentBoneIndex":3,"length":9.7644
,"animation":{"dataType":3,"framePerSecond":24,"keys":[
{"frame":1,"values":[0.9992,-0.0361,-0.0157,0,0.0344,0.9947,-0.0966,0,0.0191,0.0959,0.9952,0,0,16.6717,-2.5162,1]},
{"frame":2,"values":[0.9992,-0.0361,-0.0152,0,0.0345,0.9948,-0.0963,0,0.0186,0.0957,0.9952,0,0,16.6717,-2.5162,1]},
{"frame":3,"values":[0.9992,-0.0362,-0.0147,0,0.0346,0.9948,-0.096,0,0.0181,0.0954,0.9953,0,0,16.6717,-2.5162,1]},
{"frame":4,"values":[0.9992,-0.0366,-0.0141,0,0.0351,0.9948,-0.0959,0,0.0175,0.0953,0.9953,0,0,16.6717,-2.5162,1]},
{"frame":5,"values":[0.9992,-0.0372,-0.0135,0,0.0357,0.9947,-0.0962,0,0.017,0.0956,0.9953,0,0,16.6717,-2.5162,1]},
{"frame":6,"values":[0.9992,-0.038,-0.0129,0,0.0366,0.9947,-0.0966,0,0.0165,0.096,0.9952,0,0,16.6717,-2.5162,1]},
{"frame":7,"values":[0.9992,-0.039,-0.0123,0,0.0376,0.9946,-0.0968,0,0.016,0.0963,0.9952,0,0,16.6717,-2.5162,1]},
{"frame":8,"values":[0.9991,-0.0399,-0.0117,0,0.0386,0.9945,-0.0969,0,0.0155,0.0963,0.9952,0,0,16.6717,-2.5162,1]},
{"frame":9,"values":[0.9991,-0.0409,-0.0111,0,0.0396,0.9945,-0.0966,0,0.015,0.0961,0.9953,0,0,16.6717,-2.5162,1]},
{"frame":10,"values":[0.9991,-0.0419,-0.0104,0,0.0407,0.9945,-0.0963,0,0.0144,0.0958,0.9953,0,0,16.6717,-2.5162,1]},
{"frame":11,"values":[0.999,-0.0427,-0.0098,0,0.0416,0.9945,-0.0959,0,0.0139,0.0954,0.9953,0,0,16.6717,-2.5162,1]},
{"frame":12,"values":[0.999,-0.0435,-0.0091,0,0.0424,0.9945,-0.0956,0,0.0132,0.0951,0.9954,0,0,16.6717,-2.5162,1]},
{"frame":13,"values":[0.999,-0.0442,-0.0083,0,0.0432,0.9945,-0.0952,0,0.0125,0.0948,0.9954,0,0,16.6717,-2.5162,1]},
{"frame":14,"values":[0.999,-0.0448,-0.0075,0,0.0439,0.9945,-0.0949,0,0.0117,0.0944,0.9955,0,0,16.6717,-2.5162,1]},
{"frame":15,"values":[0.9989,-0.0454,-0.0066,0,0.0446,0.9945,-0.0946,0,0.0109,0.0942,0.9955,0,0,16.6717,-2.5162,1]},
{"frame":16,"values":[0.9989,-0.046,-0.0057,0,0.0452,0.9945,-0.0944,0,0.01,0.094,0.9955,0,0,16.6717,-2.5162,1]},
{"frame":17,"values":[0.9989,-0.0464,-0.0049,0,0.0457,0.9945,-0.0943,0,0.0092,0.0939,0.9955,0,0,16.6717,-2.5162,1]},
{"frame":18,"values":[0.9989,-0.0468,-0.0041,0,0.0462,0.9945,-0.0943,0,0.0085,0.094,0.9955,0,0,16.6717,-2.5162,1]},
{"frame":19,"values":[0.9989,-0.0471,-0.0034,0,0.0466,0.9944,-0.0944,0,0.0078,0.0942,0.9955,0,0,16.6717,-2.5162,1]},
{"frame":20,"values":[0.9989,-0.0473,-0.0028,0,0.0468,0.9944,-0.0947,0,0.0073,0.0945,0.9955,0,0,16.6717,-2.5162,1]},
{"frame":21,"values":[0.9989,-0.0474,-0.0024,0,0.047,0.9943,-0.0953,0,0.0069,0.095,0.9954,0,0,16.6717,-2.5162,1]},
{"frame":22,"values":[0.9989,-0.0475,-0.0021,0,0.047,0.9943,-0.0961,0,0.0067,0.0959,0.9954,0,0,16.6717,-2.5162,1]},
{"frame":23,"values":[0.9989,-0.0474,-0.0021,0,0.047,0.9942,-0.0969,0,0.0067,0.0967,0.9953,0,0,16.6717,-2.5162,1]},
{"frame":24,"values":[0.9989,-0.0473,-0.0022,0,0.0469,0.9942,-0.0969,0,0.0068,0.0967,0.9953,0,0,16.6717,-2.5162,1]},
{"frame":25,"values":[0.9989,-0.0472,-0.0026,0,0.0467,0.9942,-0.0969,0,0.0071,0.0967,0.9953,0,0,16.6717,-2.5162,1]},
{"frame":26,"values":[0.9989,-0.0471,-0.0032,0,0.0465,0.9942,-0.097,0,0.0077,0.0967,0.9953,0,0,16.6717,-2.5162,1]},
{"frame":27,"values":[0.9989,-0.0471,-0.0042,0,0.0464,0.9942,-0.097,0,0.0088,0.0967,0.9953,0,0,16.6717,-2.5162,1]},
{"frame":28,"values":[0.9989,-0.0471,-0.0056,0,0.0463,0.9942,-0.097,0,0.0101,0.0966,0.9953,0,0,16.6717,-2.5162,1]},
{"frame":29,"values":[0.9989,-0.0471,-0.0071,0,0.0462,0.9942,-0.097,0,0.0116,0.0965,0.9953,0,0,16.6717,-2.5162,1]},
{"frame":30,"values":[0.9989,-0.0471,-0.0086,0,0.046,0.9942,-0.097,0,0.0131,0.0965,0.9952,0,0,16.6717,-2.5162,1]},
