{"producer":{"name":"Blender","version":"2.79 (sub 0)","exporter_version":"5.6.4","file":"malerunstrafeleft.babylon"},
"autoClear":true,"clearColor":[0.0509,0.0509,0.0509],"ambientColor":[0,0,0],"gravity":[0,-9.81,0],
"materials":[{"name":"malerunstrafeleft.Alpha_Joints_MAT","id":"malerunstrafeleft.Alpha_Joints_MAT","ambient":[0.1536,0.2129,0.2222],"diffuse":[0.1228,0.1703,0.1778],"specular":[0.141,0.141,0.141],"emissive":[0,0,0],"specularPower":11,"alpha":1,"backFaceCulling":true,"checkReadyOnlyOnce":false,"maxSimultaneousLights":4},
{"name":"malerunstrafeleft.Alpha_Body_MAT","id":"malerunstrafeleft.Alpha_Body_MAT","ambient":[0.0966,0.4216,0.522],"diffuse":[0.0773,0.3373,0.4176],"specular":[0.2393,0.2393,0.2393],"emissive":[0,0,0],"specularPower":19,"alpha":1,"backFaceCulling":true,"checkReadyOnlyOnce":false,"maxSimultaneousLights":4}],
"multiMaterials":[],
"skeletons":[{"name":"Armature","id":0,"dimensionsAtRest":[194.6188,193.2823,30.9004],"bones":[
{"name":"mixamorig:Hips","index":0,"matrix":[0.2822,-0.1107,0.953,0,0.3387,0.9409,0.009,0,0.8976,-0.3202,-0.303,0,0.4075,88.3817,-0.0465,1],"rest":[1,0,0,0,0,1,0,0,0,0,-1,0,0,99.6721,-0.2471,1],"parentBoneIndex":-1,"length":10.8627
,"animation":{"dataType":3,"framePerSecond":30,"keys":[
{"frame":1,"values":[0.2822,-0.1107,0.953,0,0.3387,0.9409,0.009,0,0.8976,-0.3202,-0.303,0,0.4075,88.3817,-0.0465,1]},
{"frame":2,"values":[0.2807,-0.104,0.9541,0,0.335,0.9422,0.0041,0,0.8994,-0.3185,-0.2993,0,-0.7091,88.1654,-0.0504,1]},
{"frame":3,"values":[0.2786,-0.0642,0.9583,0,0.3267,0.9446,-0.0317,0,0.9031,-0.3219,-0.2841,0,-1.6162,89.0097,0.1913,1]},
{"frame":4,"values":[0.2721,0.0088,0.9622,0,0.3225,0.9413,-0.0998,0,0.9066,-0.3375,-0.2533,0,-2.0991,90.1655,0.5823,1]},
{"frame":5,"values":[0.2462,0.0458,0.9681,0,0.3324,0.9343,-0.1287,0,0.9104,-0.3535,-0.2148,0,-2.6068,91.1115,0.9377,1]},
{"frame":6,"values":[0.2259,0.0192,0.974,0,0.3506,0.9312,-0.0997,0,0.9089,-0.364,-0.2036,0,-2.7707,91.6954,1.0673,1]},
{"frame":7,"values":[0.2058,0.0007,0.9786,0,0.3467,0.9351,-0.0736,0,0.9151,-0.3544,-0.1922,0,-2.6642,91.3893,1.0092,1]},
{"frame":8,"values":[0.177,0.0075,0.9842,0,0.3327,0.9407,-0.067,0,0.9263,-0.3393,-0.164,0,-2.0332,90.6361,1.1276,1]},
{"frame":9,"values":[0.1616,0.0185,0.9867,0,0.3258,0.9428,-0.071,0,0.9315,-0.333,-0.1463,0,-2.3603,89.7876,1.3468,1]},
{"frame":10,"values":[0.1609,0.0173,0.9868,0,0.338,0.9384,-0.0716,0,0.9273,-0.3451,-0.1451,0,-3.866,88.8012,1.3538,1]},
{"frame":11,"values":[0.1537,0.0069,0.9881,0,0.3458,0.9364,-0.0603,0,0.9257,-0.3509,-0.1415,0,-4.1828,88.3983,1.3737,1]},
{"frame":12,"values":[0.1323,-0.0305,0.9907,0,0.3614,0.9322,-0.0195,0,0.923,-0.3606,-0.1343,0,-4.544,88.9811,1.2823,1]},
{"frame":13,"values":[0.1228,-0.0779,0.9894,0,0.3601,0.9325,0.0288,0,0.9248,-0.3528,-0.1426,0,-3.8089,90.3192,1.3241,1]},
{"frame":14,"values":[0.1371,-0.1282,0.9822,0,0.3647,0.9285,0.0703,0,0.921,-0.3486,-0.174,0,-3.1925,90.9018,1.3954,1]},
{"frame":15,"values":[0.1706,-0.1159,0.9785,0,0.3536,0.9341,0.049,0,0.9197,-0.3377,-0.2004,0,-2.3707,91.6327,1.5539,1]},
{"frame":16,"values":[0.2065,-0.0675,0.9761,0,0.331,0.9436,-0.0048,0,0.9208,-0.3241,-0.2172,0,-0.2261,91.2843,1.4087,1]},
{"frame":17,"values":[0.2511,-0.0472,0.9668,0,0.3021,0.9527,-0.032,0,0.9196,-0.3001,-0.2535,0,1.7912,91.2695,1.2194,1]},
{"frame":18,"values":[0.2797,-0.0585,0.9583,0,0.2836,0.9586,-0.0242,0,0.9172,-0.2786,-0.2848,0,1.9256,90.8234,1.0725,1]},
{"frame":19,"values":[0.2619,-0.0716,0.9624,0,0.2937,0.9558,-0.0088,0,0.9193,-0.285,-0.2714,0,1.5681,89.5104,0.6788,1]},
{"frame":20,"values":[0.2639,-0.1149,0.9577,0,0.345,0.9384,0.0175,0,0.9007,-0.3258,-0.2873,0,0.3458,88.1793,0.5083,1]},
{"frame":21,"values":[0.2822,-0.1107,0.953,0,0.3387,0.9409,0.009,0,0.8976,-0.3202,-0.303,0,0.4075,88.3817,-0.0465,1]}],"loopBehavior":1,"name":"anim","property":"_matrix"}},
{"name":"mixamorig:Spine","index":1,"matrix":[0.985,0.0989,0.1414,0,-0.1197,0.9819,0.1468,0,-0.1243,-0.1616,0.979,0,0,9.9235,-1.2273,1],"rest":[1,0,0,0,0,1,0,0,0,0,1,0,0,9.9235,-1.2273,1],"parentBoneIndex":0,"length":11.732
,"animation":{"dataType":3,"framePerSecond":30,"keys":[
{"frame":1,"values":[0.985,0.0989,0.1414,0,-0.1197,0.9819,0.1468,0,-0.1243,-0.1616,0.979,0,0,9.9235,-1.2273,1]},
{"frame":2,"values":[0.9901,0.0856,0.1111,0,-0.1016,0.9838,0.1478,0,-0.0966,-0.1576,0.9828,0,0,9.9235,-1.2273,1]},
{"frame":3,"values":[0.9957,0.0399,0.0837,0,-0.051,0.9894,0.1357,0,-0.0774,-0.1394,0.9872,0,0,9.9235,-1.2273,1]},
{"frame":4,"values":[0.9983,-0.015,0.0569,0,0.008,0.9927,0.1205,0,-0.0583,-0.1199,0.9911,0,0,9.9235,-1.2273,1]},
{"frame":5,"values":[0.999,-0.0348,0.0287,0,0.0314,0.9932,0.1124,0,-0.0324,-0.1114,0.9932,0,0,9.9235,-1.2273,1]},
{"frame":6,"values":[0.9998,-0.0152,0.0113,0,0.0138,0.9933,0.1148,0,-0.0129,-0.1147,0.9933,0,0,9.9235,-1.2273,1]},
{"frame":7,"values":[0.9997,0.0128,0.0213,0,-0.0153,0.9925,0.1216,0,-0.0195,-0.1219,0.9924,0,0,9.9235,-1.2273,1]},
{"frame":8,"values":[0.9978,0.0264,0.0602,0,-0.0338,0.9914,0.1264,0,-0.0564,-0.1282,0.9901,0,0,9.9235,-1.2273,1]},
{"frame":9,"values":[0.9934,0.0202,0.1129,0,-0.0353,0.9904,0.1334,0,-0.1092,-0.1365,0.9846,0,0,9.9235,-1.2273,1]},
{"frame":10,"values":[0.9868,0.014,0.161,0,-0.0378,0.9886,0.1456,0,-0.1572,-0.1498,0.9761,0,0,9.9235,-1.2273,1]},
{"frame":11,"values":[0.9789,0.029,0.2022,0,-0.0607,0.9864,0.1525,0,-0.195,-0.1615,0.9674,0,0,9.9235,-1.2273,1]},
{"frame":12,"values":[0.9668,0.0757,0.2439,0,-0.1135,0.9829,0.1449,0,-0.2287,-0.1678,0.9589,0,0,9.9235,-1.2273,1]},
{"frame":13,"values":[0.9482,0.1343,0.288,0,-0.1774,0.9756,0.1291,0,-0.2636,-0.1735,0.9489,0,0,9.9235,-1.2273,1]},
{"frame":14,"values":[0.9296,0.1695,0.3271,0,-0.2172,0.9693,0.1149,0,-0.2976,-0.1779,0.938,0,0,9.9235,-1.2273,1]},
{"frame":15,"values":[0.9226,0.1596,0.3513,0,-0.2081,0.9725,0.1047,0,-0.3249,-0.1697,0.9304,0,0,9.9235,-1.2273,1]},
{"frame":16,"values":[0.9275,0.1218,0.3535,0,-0.1666,0.981,0.0992,0,-0.3347,-0.1509,0.9302,0,0,9.9235,-1.2273,1]},
{"frame":17,"values":[0.9404,0.0916,0.3274,0,-0.1314,0.9861,0.1015,0,-0.3136,-0.1384,0.9394,0,0,9.9235,-1.2273,1]},
{"frame":18,"values":[0.9565,0.0908,0.2773,0,-0.1258,0.9858,0.111,0,-0.2633,-0.1411,0.9544,0,0,9.9235,-1.2273,1]},
{"frame":19,"values":[0.9706,0.106,0.216,0,-0.1347,0.9832,0.1231,0,-0.1993,-0.1486,0.9686,0,0,9.9235,-1.2273,1]},
{"frame":20,"values":[0.9804,0.1146,0.1603,0,-0.1367,0.9814,0.1348,0,-0.1419,-0.154,0.9778,0,0,9.9235,-1.2273,1]},
{"frame":21,"values":[0.985,0.0989,0.1414,0,-0.1197,0.9819,0.1468,0,-0.1243,-0.1616,0.979,0,0,9.9235,-1.2273,1]}],"loopBehavior":1,"name":"anim","property":"_matrix"}},
{"name":"mixamorig:Spine1","index":2,"matrix":[0.9974,0.0396,0.0596,0,-0.0429,0.9975,0.0566,0,-0.0572,-0.059,0.9966,0,-0.0001,11.6454,-1.4223,1],"rest":[1,0,0,0,0,1,0,0,0,0,1,0,-0.0001,11.6454,-1.4223,1],"parentBoneIndex":1,"length":13.4588
,"animation":{"dataType":3,"framePerSecond":30,"keys":[
{"frame":1,"values":[0.9974,0.0396,0.0596,0,-0.0429,0.9975,0.0566,0,-0.0572,-0.059,0.9966,0,-0.0001,11.6454,-1.4223,1]},
{"frame":2,"values":[0.9983,0.0347,0.046,0,-0.0373,0.9977,0.0569,0,-0.044,-0.0585,0.9973,0,-0.0001,11.6454,-1.4223,1]},
{"frame":3,"values":[0.9992,0.022,0.0336,0,-0.0238,0.9983,0.0535,0,-0.0323,-0.0542,0.998,0,-0.0001,11.6454,-1.4223,1]},
{"frame":4,"values":[0.9997,0.0074,0.0219,0,-0.0085,0.9987,0.0498,0,-0.0215,-0.0499,0.9985,0,-0.0001,11.6454,-1.4223,1]},
{"frame":5,"values":[0.9999,0.0007,0.0122,0,-0.0013,0.9989,0.0479,0,-0.0122,-0.0479,0.9988,0,-0.0001,11.6454,-1.4223,1]},
{"frame":6,"values":[1,0.0045,0.0083,0,-0.0049,0.9989,0.0476,0,-0.0081,-0.0476,0.9988,0,-0.0001,11.6454,-1.4223,1]},
{"frame":7,"values":[0.9998,0.0115,0.0141,0,-0.0121,0.9988,0.0479,0,-0.0136,-0.0481,0.9988,0,-0.0001,11.6454,-1.4223,1]},
{"frame":8,"values":[0.9995,0.0148,0.0288,0,-0.0162,0.9987,0.0492,0,-0.028,-0.0496,0.9984,0,-0.0001,11.6454,-1.4223,1]},
{"frame":9,"values":[0.9988,0.0148,0.0471,0,-0.0173,0.9985,0.0527,0,-0.0462,-0.0534,0.9975,0,-0.0001,11.6454,-1.4223,1]},
{"frame":10,"values":[0.9977,0.0161,0.0653,0,-0.0199,0.9981,0.058,0,-0.0642,-0.0592,0.9962,0,-0.0001,11.6454,-1.4223,1]},
{"frame":11,"values":[0.9962,0.0235,0.0839,0,-0.0286,0.9977,0.0607,0,-0.0823,-0.0629,0.9946,0,-0.0001,11.6454,-1.4223,1]},
{"frame":12,"values":[0.9939,0.0369,0.1037,0,-0.0431,0.9974,0.0579,0,-0.1013,-0.062,0.9929,0,-0.0001,11.6454,-1.4223,1]},
{"frame":13,"values":[0.9912,0.0501,0.1223,0,-0.057,0.997,0.0532,0,-0.1193,-0.0597,0.9911,0,-0.0001,11.6454,-1.4223,1]},
{"frame":14,"values":[0.9892,0.0563,0.1351,0,-0.0636,0.9967,0.0499,0,-0.1319,-0.0579,0.9896,0,-0.0001,11.6454,-1.4223,1]},
{"frame":15,"values":[0.9886,0.0548,0.14,0,-0.0618,0.997,0.0461,0,-0.137,-0.0542,0.9891,0,-0.0001,11.6454,-1.4223,1]},
{"frame":16,"values":[0.9892,0.0503,0.1379,0,-0.0565,0.9975,0.0413,0,-0.1355,-0.0486,0.9896,0,-0.0001,11.6454,-1.4223,1]},
{"frame":17,"values":[0.9904,0.0474,0.1301,0,-0.0529,0.9978,0.0394,0,-0.128,-0.0459,0.9907,0,-0.0001,11.6454,-1.4223,1]},
{"frame":18,"values":[0.9922,0.0468,0.1152,0,-0.052,0.9977,0.0426,0,-0.1129,-0.0482,0.9924,0,-0.0001,11.6454,-1.4223,1]},
{"frame":19,"values":[0.9946,0.0468,0.0924,0,-0.0513,0.9975,0.0476,0,-0.0899,-0.0521,0.9946,0,-0.0001,11.6454,-1.4223,1]},
{"frame":20,"values":[0.9966,0.045,0.0689,0,-0.0486,0.9975,0.052,0,-0.0664,-0.0551,0.9963,0,-0.0001,11.6454,-1.4223,1]},
{"frame":21,"values":[0.9974,0.0396,0.0596,0,-0.0429,0.9975,0.0566,0,-0.0572,-0.059,0.9966,0,-0.0001,11.6454,-1.4223,1]}],"loopBehavior":1,"name":"anim","property":"_matrix"}},
{"name":"mixamorig:Spine2","index":3,"matrix":[0.9974,0.0404,0.0593,0,-0.0438,0.9975,0.0562,0,-0.0569,-0.0587,0.9967,0,0.0001,13.3602,-1.6265,1],"rest":[1,0,0,0,0,1,0,0,0,0,1,0,0.0001,13.3602,-1.6265,1],"parentBoneIndex":2,"length":12.3444
,"animation":{"dataType":3,"framePerSecond":30,"keys":[
{"frame":1,"values":[0.9974,0.0404,0.0593,0,-0.0438,0.9975,0.0562,0,-0.0569,-0.0587,0.9967,0,0.0001,13.3602,-1.6265,1]},
{"frame":2,"values":[0.9983,0.0354,0.0459,0,-0.038,0.9977,0.0566,0,-0.0438,-0.0582,0.9973,0,0.0001,13.3602,-1.6265,1]},
{"frame":3,"values":[0.9992,0.0224,0.0337,0,-0.0242,0.9983,0.0532,0,-0.0325,-0.0539,0.998,0,0.0001,13.3602,-1.6265,1]},
{"frame":4,"values":[0.9997,0.0076,0.0223,0,-0.0087,0.9987,0.0495,0,-0.0219,-0.0497,0.9985,0,0.0001,13.3602,-1.6265,1]},
{"frame":5,"values":[0.9999,0.0008,0.0127,0,-0.0014,0.9989,0.0477,0,-0.0126,-0.0478,0.9988,0,0.0001,13.3602,-1.6265,1]},
{"frame":6,"values":[1,0.0046,0.0086,0,-0.005,0.9989,0.0475,0,-0.0084,-0.0475,0.9988,0,0.0001,13.3602,-1.6265,1]},
{"frame":7,"values":[0.9998,0.0116,0.0143,0,-0.0123,0.9988,0.0478,0,-0.0137,-0.048,0.9988,0,0.0001,13.3602,-1.6265,1]},
{"frame":8,"values":[0.9995,0.0151,0.0289,0,-0.0165,0.9987,0.049,0,-0.0281,-0.0495,0.9984,0,0.0001,13.3602,-1.6265,1]},
{"frame":9,"values":[0.9988,0.0152,0.0471,0,-0.0177,0.9985,0.0525,0,-0.0462,-0.0533,0.9975,0,0.0001,13.3602,-1.6265,1]},
{"frame":10,"values":[0.9977,0.0168,0.0652,0,-0.0206,0.9981,0.0579,0,-0.0641,-0.0591,0.9962,0,0.0001,13.3602,-1.6265,1]},
{"frame":11,"values":[0.9962,0.0245,0.0837,0,-0.0297,0.9977,0.0605,0,-0.082,-0.0628,0.9947,0,0.0001,13.3602,-1.6265,1]},
{"frame":12,"values":[0.9939,0.0382,0.1034,0,-0.0443,0.9974,0.0576,0,-0.1009,-0.0618,0.993,0,0.0001,13.3602,-1.6265,1]},
{"frame":13,"values":[0.9912,0.0516,0.1219,0,-0.0583,0.9969,0.0525,0,-0.1189,-0.0592,0.9911,0,0.0001,13.3602,-1.6265,1]},
{"frame":14,"values":[0.9892,0.0579,0.1348,0,-0.065,0.9967,0.0487,0,-0.1316,-0.057,0.9897,0,0.0001,13.3602,-1.6265,1]},
{"frame":15,"values":[0.9886,0.0568,0.1396,0,-0.0636,0.997,0.0449,0,-0.1366,-0.0533,0.9892,0,0.0001,13.3602,-1.6265,1]},
{"frame":16,"values":[0.9891,0.0527,0.1373,0,-0.0588,0.9975,0.0404,0,-0.1348,-0.0481,0.9897,0,0.0001,13.3602,-1.6265,1]},
{"frame":17,"values":[0.9903,0.0499,0.1293,0,-0.0554,0.9977,0.0389,0,-0.1271,-0.0457,0.9908,0,0.0001,13.3602,-1.6265,1]},
{"frame":18,"values":[0.9922,0.049,0.1144,0,-0.0541,0.9976,0.0422,0,-0.1121,-0.0481,0.9925,0,0.0001,13.3602,-1.6265,1]},
{"frame":19,"values":[0.9946,0.0483,0.0919,0,-0.0528,0.9975,0.0472,0,-0.0894,-0.0518,0.9946,0,0.0001,13.3602,-1.6265,1]},
{"frame":20,"values":[0.9966,0.0459,0.0686,0,-0.0495,0.9974,0.0515,0,-0.0661,-0.0548,0.9963,0,0.0001,13.3602,-1.6265,1]},
{"frame":21,"values":[0.9974,0.0404,0.0593,0,-0.0438,0.9975,0.0562,0,-0.0569,-0.0587,0.9967,0,0.0001,13.3602,-1.6265,1]}],"loopBehavior":1,"name":"anim","property":"_matrix"}},
{"name":"mixamorig:Neck","index":4,"matrix":[0.9921,-0.0377,0.1199,0,0.0398,0.9991,-0.015,0,-0.1192,0.0197,0.9927,0,0,15.0325,0.7929,1],"rest":[1,0,0,0,0,1,0,0,0,0,1,0,0,15.0325,0.7929,1],"parentBoneIndex":3,"length":10.7896
,"animation":{"dataType":3,"framePerSecond":30,"keys":[
{"frame":1,"values":[0.9921,-0.0377,0.1199,0,0.0398,0.9991,-0.015,0,-0.1192,0.0197,0.9927,0,0,15.0325,0.7929,1]},
{"frame":2,"values":[0.9905,-0.0361,0.1324,0,0.0382,0.9992,-0.0131,0,-0.1318,0.018,0.9911,0,0,15.0325,0.7929,1]},
{"frame":3,"values":[0.9888,-0.0283,0.1465,0,0.0301,0.9995,-0.0101,0,-0.1462,0.0144,0.9892,0,0,15.0325,0.7929,1]},
{"frame":4,"values":[0.9865,-0.0157,0.1628,0,0.0184,0.9997,-0.0152,0,-0.1625,0.018,0.9865,0,0,15.0325,0.7929,1]},
{"frame":5,"values":[0.9842,-0.0057,0.177,0,0.011,0.9995,-0.0287,0,-0.1768,0.0302,0.9838,0,0,15.0325,0.7929,1]},
{"frame":6,"values":[0.9832,-0.0028,0.1827,0,0.0101,0.9992,-0.0389,0,-0.1824,0.0401,0.9824,0,0,15.0325,0.7929,1]},
{"frame":7,"values":[0.9842,-0.0057,0.1769,0,0.0125,0.9992,-0.037,0,-0.1766,0.0386,0.9835,0,0,15.0325,0.7929,1]},
{"frame":8,"values":[0.9866,-0.0114,0.1627,0,0.0162,0.9995,-0.0287,0,-0.1623,0.031,0.9863,0,0,15.0325,0.7929,1]},
{"frame":9,"values":[0.9891,-0.0166,0.1463,0,0.0208,0.9994,-0.0271,0,-0.1457,0.0298,0.9889,0,0,15.0325,0.7929,1]},
{"frame":10,"values":[0.9911,-0.0209,0.1316,0,0.0257,0.999,-0.0355,0,-0.1308,0.0385,0.9907,0,0,15.0325,0.7929,1]},
{"frame":11,"values":[0.9926,-0.0295,0.1177,0,0.0346,0.9985,-0.0418,0,-0.1163,0.0456,0.9922,0,0,15.0325,0.7929,1]},
{"frame":12,"values":[0.9939,-0.0453,0.1009,0,0.0491,0.9982,-0.0348,0,-0.0991,0.0396,0.9943,0,0,15.0325,0.7929,1]},
{"frame":13,"values":[0.9949,-0.0601,0.0809,0,0.0617,0.9979,-0.0182,0,-0.0797,0.0231,0.9966,0,0,15.0325,0.7929,1]},
{"frame":14,"values":[0.9959,-0.0652,0.0632,0,0.0654,0.9979,-0.0005,0,-0.0631,0.0047,0.998,0,0,15.0325,0.7929,1]},
{"frame":15,"values":[0.9965,-0.065,0.0529,0,0.0643,0.9978,0.0144,0,-0.0537,-0.011,0.9985,0,0,15.0325,0.7929,1]},
{"frame":16,"values":[0.9964,-0.0682,0.051,0,0.0671,0.9975,0.0235,0,-0.0524,-0.02,0.9984,0,0,15.0325,0.7929,1]},
{"frame":17,"values":[0.9956,-0.0736,0.0582,0,0.0725,0.9971,0.0214,0,-0.0596,-0.0171,0.9981,0,0,15.0325,0.7929,1]},
{"frame":18,"values":[0.9946,-0.0692,0.0768,0,0.0688,0.9976,0.0077,0,-0.0772,-0.0023,0.997,0,0,15.0325,0.7929,1]},
{"frame":19,"values":[0.9935,-0.0507,0.1023,0,0.0519,0.9986,-0.0091,0,-0.1017,0.0144,0.9947,0,0,15.0325,0.7929,1]},
{"frame":20,"values":[0.9921,-0.0326,0.1209,0,0.0351,0.9992,-0.018,0,-0.1203,0.0221,0.9925,0,0,15.0325,0.7929,1]},
{"frame":21,"values":[0.9921,-0.0377,0.1199,0,0.0398,0.9991,-0.015,0,-0.1192,0.0197,0.9927,0,0,15.0325,0.7929,1]}],"loopBehavior":1,"name":"anim","property":"_matrix"}},
{"name":"mixamorig:Head","index":5,"matrix":[0.6541,0.4809,0.5839,0,-0.1944,0.8529,-0.4846,0,-0.731,0.2035,0.6513,0,0,10.3218,3.1424,1],"rest":[1,0,0,0,0,1,0,0,0,0,1,0,0,10.3218,3.1424,1],"parentBoneIndex":4,"length":14.7322
,"animation":{"dataType":3,"framePerSecond":30,"keys":[
{"frame":1,"values":[0.6541,0.4809,0.5839,0,-0.1944,0.8529,-0.4846,0,-0.731,0.2035,0.6513,0,0,10.3218,3.1424,1]},
{"frame":2,"values":[0.6303,0.4647,0.6219,0,-0.1782,0.8662,-0.4668,0,-0.7556,0.1834,0.6288,0,0,10.3218,3.1424,1]},
{"frame":3,"values":[0.5854,0.4585,0.6686,0,-0.1899,0.8793,-0.4367,0,-0.7882,0.1286,0.6019,0,0,10.3218,3.1424,1]},
{"frame":4,"values":[0.5305,0.4618,0.7109,0,-0.2042,0.8835,-0.4216,0,-0.8227,0.0785,0.563,0,0,10.3218,3.1424,1]},
{"frame":5,"values":[0.4915,0.4677,0.7346,0,-0.1972,0.8814,-0.4293,0,-0.8482,0.0661,0.5255,0,0,10.3218,3.1424,1]},
{"frame":6,"values":[0.4875,0.4682,0.7369,0,-0.176,0.8794,-0.4423,0,-0.8552,0.0859,0.5111,0,0,10.3218,3.1424,1]},
{"frame":7,"values":[0.5136,0.4617,0.7232,0,-0.1624,0.88,-0.4464,0,-0.8425,0.1118,0.527,0,0,10.3218,3.1424,1]},
{"frame":8,"values":[0.5503,0.4597,0.697,0,-0.1661,0.8784,-0.4481,0,-0.8182,0.1308,0.5598,0,0,10.3218,3.1424,1]},
{"frame":9,"values":[0.5817,0.475,0.6604,0,-0.1841,0.8676,-0.4619,0,-0.7923,0.1471,0.5921,0,0,10.3218,3.1424,1]},
{"frame":10,"values":[0.6062,0.4965,0.6213,0,-0.2041,0.8521,-0.4819,0,-0.7687,0.1653,0.6179,0,0,10.3218,3.1424,1]},
{"frame":11,"values":[0.6341,0.4978,0.5917,0,-0.2133,0.8482,-0.4849,0,-0.7432,0.1812,0.644,0,0,10.3218,3.1424,1]},
{"frame":12,"values":[0.6721,0.4733,0.5695,0,-0.2112,0.8597,-0.4652,0,-0.7098,0.1924,0.6777,0,0,10.3218,3.1424,1]},
{"frame":13,"values":[0.7145,0.4432,0.5414,0,-0.21,0.8739,-0.4384,0,-0.6674,0.1995,0.7174,0,0,10.3218,3.1424,1]},
{"frame":14,"values":[0.7484,0.4251,0.5091,0,-0.2194,0.883,-0.4149,0,-0.6259,0.1989,0.7541,0,0,10.3218,3.1424,1]},
{"frame":15,"values":[0.7661,0.4161,0.4899,0,-0.2336,0.8903,-0.391,0,-0.5988,0.1851,0.7792,0,0,10.3218,3.1424,1]},
{"frame":16,"values":[0.7685,0.4057,0.4948,0,-0.2393,0.8994,-0.3658,0,-0.5934,0.1627,0.7883,0,0,10.3218,3.1424,1]},
{"frame":17,"values":[0.7572,0.3942,0.5208,0,-0.2294,0.907,-0.3531,0,-0.6116,0.1479,0.7772,0,0,10.3218,3.1424,1]},
{"frame":18,"values":[0.7294,0.3944,0.5589,0,-0.207,0.906,-0.3693,0,-0.652,0.1537,0.7425,0,0,10.3218,3.1424,1]},
{"frame":19,"values":[0.6893,0.4164,0.5928,0,-0.1846,0.8923,-0.412,0,-0.7005,0.1746,0.692,0,0,10.3218,3.1424,1]},
{"frame":20,"values":[0.658,0.4512,0.6029,0,-0.1773,0.871,-0.4583,0,-0.7319,0.1946,0.6531,0,0,10.3218,3.1424,1]},
{"frame":21,"values":[0.6541,0.4809,0.5839,0,-0.1944,0.8529,-0.4846,0,-0.731,0.2035,0.6513,0,0,10.3218,3.1424,1]}],"loopBehavior":1,"name":"anim","property":"_matrix"}},
{"name":"mixamorig:HeadTop_End","index":6,"matrix":[1,0,0,0,0,1,0,0,0,0,1,0,0.0002,18.4747,6.6364,1],"rest":[1,0,0,0,0,1,0,0,0,0,1,0,0.0002,18.4747,6.6364,1],"parentBoneIndex":5,"length":14.7322
,"animation":{"dataType":3,"framePerSecond":30,"keys":[
{"frame":1,"values":[1,0,0,0,0,1,0,0,0,0,1,0,0.0002,18.4747,6.6364,1]},
{"frame":21,"values":[1,0,0,0,0,1,0,0,0,0,1,0,0.0002,18.4747,6.6364,1]}],"loopBehavior":1,"name":"anim","property":"_matrix"}},
{"name":"mixamorig:LeftEye","index":7,"matrix":[1,0,0,0,0,1,0,0,0,0,1,0,2.9479,7.6818,9.1207,1],"rest":[1,0,0,0,0,1,0,0,0,0,1,0,2.9479,7.6818,9.1207,1],"parentBoneIndex":5,"length":14.7322
,"animation":{"dataType":3,"framePerSecond":30,"keys":[
{"frame":1,"values":[1,0,0,0,0,1,0,0,0,0,1,0,2.9479,7.6817,9.1207,1]},
{"frame":2,"values":[1,0,0,0,0,1,0,0,0,0,1,0,2.9479,7.6818,9.1207,1]},
{"frame":3,"values":[1,0,0,0,0,1,0,0,0,0,1,0,2.9479,7.6817,9.1207,1]},
{"frame":5,"values":[1,0,0,0,0,1,0,0,0,0,1,0,2.9479,7.6818,9.1207,1]},
{"frame":8,"values":[1,0,0,0,0,1,0,0,0,0,1,0,2.9479,7.6817,9.1207,1]},
{"frame":12,"values":[1,0,0,0,0,1,0,0,0,0,1,0,2.9479,7.6818,9.1207,1]},
{"frame":14,"values":[1,0,0,0,0,1,0,0,0,0,1,0,2.9479,7.6817,9.1207,1]},
{"frame":15,"values":[1,0,0,0,0,1,0,0,0,0,1,0,2.9479,7.6818,9.1207,1]},
{"frame":16,"values":[1,0,0,0,0,1,0,0,0,0,1,0,2.9479,7.6817,9.1207,1]},
{"frame":18,"values":[1,0,0,0,0,1,0,0,0,0,1,0,2.9479,7.6818,9.1207,1]},
{"frame":21,"values":[1,0,0,0,0,1,0,0,0,0,1,0,2.9479,7.6818,9.1207,1]}],"loopBehavior":1,"name":"anim","property":"_matrix"}},
{"name":"mixamorig:RightEye","index":8,"matrix":[1,0,0,0,0,1,0,0,0,0,1,0,-2.9445,7.6818,9.1205,1],"rest":[1,0,0,0,0,1,0,0,0,0,1,0,-2.9445,7.6818,9.1205,1],"parentBoneIndex":5,"length":14.7322
,"animation":{"dataType":3,"framePerSecond":30,"keys":[
{"frame":1,"values":[1,0,0,0,0,1,0,0,0,0,1,0,-2.9445,7.6817,9.1205,1]},
{"frame":2,"values":[1,0,0,0,0,1,0,0,0,0,1,0,-2.9445,7.6818,9.1205,1]},
{"frame":3,"values":[1,0,0,0,0,1,0,0,0,0,1,0,-2.9445,7.6817,9.1205,1]},
{"frame":4,"values":[1,0,0,0,0,1,0,0,0,0,1,0,-2.9445,7.6818,9.1205,1]},
{"frame":8,"values":[1,0,0,0,0,1,0,0,0,0,1,0,-2.9445,7.6817,9.1205,1]},
{"frame":9,"values":[1,0,0,0,0,1,0,0,0,0,1,0,-2.9445,7.6818,9.1205,1]},
{"frame":11,"values":[1,0,0,0,0,1,0,0,0,0,1,0,-2.9445,7.6817,9.1205,1]},
{"frame":12,"values":[1,0,0,0,0,1,0,0,0,0,1,0,-2.9445,7.6818,9.1205,1]},
{"frame":13,"values":[1,0,0,0,0,1,0,0,0,0,1,0,-2.9445,7.6817,9.1205,1]},
{"frame":15,"values":[1,0,0,0,0,1,0,0,0,0,1,0,-2.9445,7.6818,9.1205,1]},
{"frame":16,"values":[1,0,0,0,0,1,0,0,0,0,1,0,-2.9445,7.6817,9.1205,1]},
{"frame":19,"values":[1,0,0,0,0,1,0,0,0,0,1,0,-2.9445,7.6818,9.1205,1]},
{"frame":21,"values":[1,0,0,0,0,1,0,0,0,0,1,0,-2.9445,7.6818,9.1205,1]}],"loopBehavior":1,"name":"anim","property":"_matrix"}},
{"name":"mixamorig:LeftShoulder","index":9,"matrix":[0.9578,-0.2046,0.2017,0,0.1987,0.9788,0.0496,0,-0.2075,-0.0074,0.9782,0,6.1058,9.1104,0.7056,1],"rest":[1,0,0,0,0,1,0,0,0,0,1,0,6.1058,9.1104,0.7056,1],"parentBoneIndex":3,"length":12.9223
,"animation":{"dataType":3,"framePerSecond":30,"keys":[
{"frame":1,"values":[0.9578,-0.2046,0.2017,0,0.1987,0.9788,0.0496,0,-0.2075,-0.0074,0.9782,0,6.1058,9.1104,0.7055,1]},
{"frame":2,"values":[0.96,-0.1984,0.1977,0,0.1926,0.9801,0.048,0,-0.2032,-0.008,0.9791,0,6.1058,9.1104,0.7055,1]},
{"frame":3,"values":[0.963,-0.1877,0.1932,0,0.1823,0.9822,0.0458,0,-0.1984,-0.0088,0.9801,0,6.1058,9.1104,0.7055,1]},
{"frame":4,"values":[0.9627,-0.1771,0.2048,0,0.1712,0.9842,0.0463,0,-0.2097,-0.0095,0.9777,0,6.1058,9.1104,0.7055,1]},
{"frame":5,"values":[0.9582,-0.1722,0.2285,0,0.1651,0.985,0.0498,0,-0.2337,-0.01,0.9723,0,6.1058,9.1104,0.7056,1]},
{"frame":6,"values":[0.9525,-0.1749,0.2491,0,0.1667,0.9845,0.054,0,-0.2547,-0.0099,0.967,0,6.1058,9.1104,0.7056,1]},
{"frame":7,"values":[0.9479,-0.1844,0.2597,0,0.1755,0.9828,0.0575,0,-0.2658,-0.0089,0.964,0,6.1058,9.1104,0.7056,1]},
{"frame":8,"values":[0.9435,-0.2015,0.2629,0,0.1922,0.9795,0.061,0,-0.2698,-0.0071,0.9629,0,6.1058,9.1104,0.7056,1]},
{"frame":9,"values":[0.939,-0.2228,0.262,0,0.2133,0.9749,0.0646,0,-0.2698,-0.0048,0.9629,0,6.1058,9.1104,0.7055,1]},
{"frame":10,"values":[0.9358,-0.2363,0.2618,0,0.2266,0.9717,0.067,0,-0.2702,-0.0033,0.9628,0,6.1058,9.1104,0.7055,1]},
{"frame":11,"values":[0.9357,-0.2301,0.2675,0,0.2201,0.9732,0.0671,0,-0.2758,-0.0039,0.9612,0,6.1058,9.1104,0.7055,1]},
{"frame":12,"values":[0.9388,-0.2059,0.2763,0,0.1957,0.9785,0.0646,0,-0.2836,-0.0066,0.9589,0,6.1058,9.1104,0.7055,1]},
{"frame":13,"values":[0.9445,-0.1781,0.2761,0,0.168,0.984,0.0599,0,-0.2824,-0.0102,0.9592,0,6.1058,9.1104,0.7055,1]},
{"frame":14,"values":[0.9522,-0.1586,0.261,0,0.1497,0.9873,0.0539,0,-0.2662,-0.0123,0.9638,0,6.1058,9.1104,0.7056,1]},
{"frame":15,"values":[0.959,-0.1516,0.2394,0,0.144,0.9884,0.049,0,-0.244,-0.0125,0.9697,0,6.1058,9.1104,0.7055,1]},
{"frame":16,"values":[0.9619,-0.1553,0.2249,0,0.1485,0.9878,0.047,0,-0.2294,-0.0119,0.9733,0,6.1058,9.1104,0.7055,1]},
{"frame":17,"values":[0.9606,-0.1663,0.2225,0,0.1595,0.986,0.0483,0,-0.2275,-0.0109,0.9737,0,6.1058,9.1104,0.7055,1]},
{"frame":18,"values":[0.9563,-0.1801,0.2302,0,0.1728,0.9836,0.0518,0,-0.2357,-0.0098,0.9718,0,6.1058,9.1104,0.7055,1]},
{"frame":19,"values":[0.9516,-0.1913,0.2407,0,0.1832,0.9815,0.0556,0,-0.2468,-0.0088,0.969,0,6.1058,9.1104,0.7056,1]},
{"frame":20,"values":[0.9511,-0.1977,0.2375,0,0.1898,0.9802,0.0559,0,-0.2438,-0.0081,0.9698,0,6.1058,9.1104,0.7056,1]},
{"frame":21,"values":[0.9578,-0.2046,0.2017,0,0.1987,0.9788,0.0496,0,-0.2075,-0.0074,0.9782,0,6.1058,9.1104,0.7056,1]}],"loopBehavior":1,"name":"anim","property":"_matrix"}},
{"name":"mixamorig:LeftArm","index":10,"matrix":[0.494,-0.7594,-0.4234,0,0.8507,0.5228,0.0548,0,0.1797,-0.3873,0.9043,0,12.655,-0.2659,-2.6009,1],"rest":[1,0,0,0,0,1,0,0,0,0,1,0,12.655,-0.2659,-2.6009,1],"parentBoneIndex":9,"length":27.4047
,"animation":{"dataType":3,"framePerSecond":30,"keys":[
{"frame":1,"values":[0.494,-0.7594,-0.4234,0,0.8507,0.5228,0.0548,0,0.1797,-0.3873,0.9043,0,12.655,-0.2659,-2.6009,1]},
{"frame":2,"values":[0.4104,-0.8243,-0.39,0,0.8958,0.4444,0.0034,0,0.1705,-0.3508,0.9208,0,12.655,-0.2659,-2.6009,1]},
{"frame":3,"values":[0.3443,-0.8332,-0.4327,0,0.9103,0.409,-0.0633,0,0.2297,-0.3721,0.8993,0,12.655,-0.2659,-2.6009,1]},
{"frame":4,"values":[0.3208,-0.8106,-0.4899,0,0.8898,0.4352,-0.1375,0,0.3247,-0.3918,0.8609,0,12.655,-0.2659,-2.6009,1]},
{"frame":5,"values":[0.3375,-0.7886,-0.514,0,0.8508,0.4892,-0.1918,0,0.4027,-0.3726,0.8361,0,12.655,-0.2659,-2.6009,1]},
{"frame":6,"values":[0.3717,-0.7861,-0.4939,0,0.8293,0.5203,-0.2041,0,0.4174,-0.3337,0.8453,0,12.655,-0.2659,-2.6009,1]},
{"frame":7,"values":[0.3999,-0.7996,-0.448,0,0.8372,0.5177,-0.1765,0,0.373,-0.3045,0.8764,0,12.655,-0.2659,-2.6009,1]},
{"frame":8,"values":[0.4326,-0.815,-0.3855,0,0.8485,0.5126,-0.1313,0,0.3046,-0.2703,0.9133,0,12.655,-0.2659,-2.6009,1]},
{"frame":9,"values":[0.4947,-0.816,-0.2989,0,0.8357,0.541,-0.0939,0,0.2383,-0.2033,0.9497,0,12.655,-0.2659,-2.6009,1]},
{"frame":10,"values":[0.5872,-0.7897,-0.1777,0,0.791,0.6064,-0.0815,0,0.1721,-0.0927,0.9807,0,12.655,-0.2659,-2.6009,1]},
{"frame":11,"values":[0.6806,-0.7319,-0.0333,0,0.7265,0.6801,-0.0987,0,0.0948,0.043,0.9946,0,12.655,-0.2659,-2.6009,1]},
{"frame":12,"values":[0.747,-0.6596,0.0834,0,0.664,0.734,-0.1427,0,0.0329,0.1619,0.9863,0,12.655,-0.2659,-2.6009,1]},
{"frame":13,"values":[0.7897,-0.6023,0.1164,0,0.6119,0.7598,-0.22,0,0.044,0.245,0.9685,0,12.655,-0.2659,-2.6009,1]},
{"frame":14,"values":[0.8151,-0.5774,0.0462,0,0.5561,0.7577,-0.3415,0,0.1622,0.3041,0.9388,0,12.655,-0.2659,-2.6009,1]},
{"frame":15,"values":[0.8053,-0.5879,-0.0758,0,0.4874,0.7295,-0.4798,0,0.3374,0.3494,0.8741,0,12.655,-0.2659,-2.6009,1]},
{"frame":16,"values":[0.7706,-0.6145,-0.1691,0,0.4397,0.7047,-0.5568,0,0.4613,0.3548,0.8132,0,12.655,-0.2659,-2.6009,1]},
{"frame":17,"values":[0.7455,-0.6299,-0.2179,0,0.4685,0.7277,-0.501,0,0.4741,0.2714,0.8376,0,12.655,-0.2659,-2.6009,1]},
{"frame":18,"values":[0.7226,-0.6476,-0.2419,0,0.5784,0.758,-0.3015,0,0.3786,0.078,0.9223,0,12.655,-0.2659,-2.6009,1]},
{"frame":19,"values":[0.6725,-0.69,-0.2677,0,0.7019,0.7093,-0.065,0,0.2347,-0.1442,0.9613,0,12.655,-0.2659,-2.6009,1]},
{"frame":20,"values":[0.593,-0.7351,-0.3285,0,0.791,0.608,0.0673,0,0.1502,-0.2998,0.9421,0,12.655,-0.2659,-2.6009,1]},
{"frame":21,"values":[0.494,-0.7594,-0.4234,0,0.8507,0.5228,0.0548,0,0.1797,-0.3873,0.9043,0,12.655,-0.2659,-2.6009,1]}],"loopBehavior":1,"name":"anim","property":"_matrix"}},
{"name":"mixamorig:LeftForeArm","index":11,"matrix":[0.033,0,0.9995,0,0,1,0,0,-0.9995,0,0.033,0,27.4047,0,0,1],"rest":[1,0,0,0,0,1,0,0,0,0,1,0,27.4047,0,0,1],"parentBoneIndex":10,"length":27.6145
,"animation":{"dataType":3,"framePerSecond":30,"keys":[
{"frame":1,"values":[0.033,0,0.9995,0,0,1,0,0,-0.9995,0,0.033,0,27.4047,0,0,1]},
{"frame":2,"values":[0.6264,0,0.7795,0,0,1,0,0,-0.7795,0,0.6264,0,27.4047,0,0,1]},
{"frame":3,"values":[0.8751,0,0.484,0,0,1,0,0,-0.484,0,0.8751,0,27.4047,0,0,1]},
{"frame":4,"values":[0.9427,0,0.3335,0,0,1,0,0,-0.3335,0,0.9427,0,27.4047,0,0,1]},
{"frame":5,"values":[0.9598,0,0.2806,0,0,1,0,0,-0.2806,0,0.9598,0,27.4047,0,0,1]},
{"frame":6,"values":[0.9667,0,0.2559,0,0,1,0,0,-0.2559,0,0.9667,0,27.4047,0,0,1]},
{"frame":7,"values":[0.9599,0,0.2804,0,0,1,0,0,-0.2804,0,0.9599,0,27.4047,0,0,1]},
{"frame":8,"values":[0.915,0,0.4035,0,0,1,0,0,-0.4035,0,0.915,0,27.4047,0,0,1]},
{"frame":9,"values":[0.7871,0,0.6168,0,0,1,0,0,-0.6168,0,0.7871,0,27.4047,0,0,1]},
{"frame":10,"values":[0.5574,0,0.8302,0,0,1,0,0,-0.8302,0,0.5574,0,27.4047,0,0,1]},
{"frame":11,"values":[0.2745,0,0.9616,0,0,1,0,0,-0.9616,0,0.2745,0,27.4047,0,0,1]},
{"frame":12,"values":[-0.0196,0,0.9998,0,0,1,0,0,-0.9998,0,-0.0196,0,27.4047,0,0,1]},
{"frame":13,"values":[-0.3039,0,0.9527,0,0,1,0,0,-0.9527,0,-0.3039,0,27.4047,0,0,1]},
{"frame":14,"values":[-0.5364,0,0.844,0,0,1,0,0,-0.844,0,-0.5364,0,27.4047,0,0,1]},
{"frame":15,"values":[-0.6865,0,0.7272,0,0,1,0,0,-0.7272,0,-0.6865,0,27.4047,0,0,1]},
{"frame":16,"values":[-0.7641,0,0.6451,0,0,1,0,0,-0.6451,0,-0.7641,0,27.4047,0,0,1]},
{"frame":17,"values":[-0.7828,0,0.6222,0,0,1,0,0,-0.6222,0,-0.7828,0,27.4047,0.0001,0,1]},
{"frame":18,"values":[-0.7292,0,0.6843,0,0,1,0,0,-0.6843,0,-0.7292,0,27.4047,0,0,1]},
{"frame":19,"values":[-0.5698,0,0.8218,0,0,1,0,0,-0.8218,0,-0.5698,0,27.4047,0,0,1]},
{"frame":20,"values":[-0.2979,0,0.9546,0,0,1,0,0,-0.9546,0,-0.2979,0,27.4047,0,0,1]},
{"frame":21,"values":[0.033,0,0.9995,0,0,1,0,0,-0.9995,0,0.033,0,27.4047,0,0,1]}],"loopBehavior":1,"name":"anim","property":"_matrix"}},
{"name":"mixamorig:LeftHand","index":12,"matrix":[0.8388,0.5399,0.0707,0,-0.4357,0.5876,0.6819,0,0.3266,-0.6028,0.728,0,27.6145,0,0,1],"rest":[1,0,0,0,0,1,0,0,0,0,1,0,27.6145,0,0,1],"parentBoneIndex":11,"length":10.9801
,"animation":{"dataType":3,"framePerSecond":30,"keys":[
{"frame":1,"values":[0.8388,0.5399,0.0707,0,-0.4357,0.5876,0.6819,0,0.3266,-0.6028,0.728,0,27.6144,0,0,1]},
{"frame":2,"values":[0.9037,0.3134,0.2918,0,-0.4258,0.5847,0.6905,0,0.0458,-0.7483,0.6618,0,27.6145,0,0,1]},
{"frame":3,"values":[0.868,0.1201,0.4818,0,-0.4615,0.5535,0.6933,0,-0.1834,-0.8241,0.5359,0,27.6145,0,0,1]},
{"frame":4,"values":[0.8688,-0.0421,0.4934,0,-0.3907,0.5538,0.7353,0,-0.3042,-0.8316,0.4647,0,27.6145,0,0,1]},
{"frame":5,"values":[0.9339,-0.2198,0.2821,0,-0.1266,0.5345,0.8357,0,-0.3344,-0.8161,0.4713,0,27.6145,0,0,1]},
{"frame":6,"values":[0.9261,-0.3719,-0.0636,0,0.2275,0.4161,0.8804,0,-0.301,-0.8298,0.4699,0,27.6145,0,0,1]},
{"frame":7,"values":[0.8449,-0.4174,-0.3347,0,0.4795,0.3135,0.8196,0,-0.2371,-0.8529,0.4651,0,27.6145,0,0,1]},
{"frame":8,"values":[0.7986,-0.3975,-0.4519,0,0.5915,0.3798,0.7113,0,-0.1111,-0.8354,0.5384,0,27.6145,0,0,1]},
{"frame":9,"values":[0.8,-0.3569,-0.4823,0,0.5942,0.5824,0.5547,0,0.0829,-0.7304,0.6779,0,27.6145,0,0,1]},
{"frame":10,"values":[0.807,-0.3066,-0.5047,0,0.5175,0.7789,0.3543,0,0.2845,-0.5471,0.7872,0,27.6145,0,0,1]},
{"frame":11,"values":[0.7946,-0.2593,-0.5489,0,0.4232,0.8849,0.1947,0,0.4353,-0.387,0.8129,0,27.6145,0,0,1]},
{"frame":12,"values":[0.7797,-0.2145,-0.5883,0,0.3704,0.9155,0.1571,0,0.5049,-0.3404,0.7933,0,27.6145,0,0,1]},
{"frame":13,"values":[0.8095,-0.1538,-0.5666,0,0.3413,0.9085,0.2411,0,0.4777,-0.3885,0.7879,0,27.6145,0,0,1]},
{"frame":14,"values":[0.9028,-0.054,-0.4267,0,0.2377,0.8895,0.3903,0,0.3584,-0.4538,0.8158,0,27.6145,0,0,1]},
{"frame":15,"values":[0.9821,0.0518,-0.1811,0,0.0539,0.8438,0.5339,0,0.1804,-0.5341,0.826,0,27.6145,0,0,1]},
{"frame":16,"values":[0.9962,0.0866,0.0125,0,-0.0745,0.7637,0.6413,0,0.046,-0.6398,0.7672,0,27.6145,0,0,1]},
{"frame":17,"values":[0.9944,0.1053,0.0121,0,-0.0793,0.6634,0.744,0,0.0703,-0.7408,0.6681,0,27.6145,0,0,1]},
{"frame":18,"values":[0.9697,0.2174,-0.1114,0,-0.0353,0.5758,0.8168,0,0.2417,-0.7881,0.5661,0,27.6145,0,0,1]},
{"frame":19,"values":[0.9018,0.3956,-0.1742,0,-0.0814,0.5512,0.8304,0,0.4245,-0.7347,0.5292,0,27.6145,0,0,1]},
{"frame":20,"values":[0.8413,0.5315,-0.0986,0,-0.2538,0.5495,0.796,0,0.4772,-0.6447,0.5972,0,27.6145,0,0,1]},
{"frame":21,"values":[0.8388,0.5399,0.0707,0,-0.4357,0.5876,0.6819,0,0.3266,-0.6028,0.728,0,27.6145,0,0,1]}],"loopBehavior":1,"name":"anim","property":"_matrix"}},
{"name":"mixamorig:LeftHandMiddle1","index":13,"matrix":[0.9038,-0.4276,0.0166,0,0.4279,0.9035,-0.026,0,-0.0039,0.0306,0.9995,0,12.7755,0,0,1],"rest":[1,0,0,0,0,1,0,0,0,0,1,0,12.7755,0,0,1],"parentBoneIndex":12,"length":3.614
,"animation":{"dataType":3,"framePerSecond":30,"keys":[
{"frame":1,"values":[0.9038,-0.4276,0.0166,0,0.4279,0.9035,-0.026,0,-0.0039,0.0306,0.9995,0,12.7755,0,0,1]},
{"frame":2,"values":[0.9031,-0.4291,0.0165,0,0.4294,0.9027,-0.0262,0,-0.0037,0.0307,0.9995,0,12.7755,0,0,1]},
{"frame":3,"values":[0.9074,-0.4198,0.0167,0,0.4201,0.9071,-0.0253,0,-0.0045,0.03,0.9995,0,12.7755,0,0,1]},
{"frame":4,"values":[0.907,-0.4208,0.0169,0,0.4211,0.9067,-0.0254,0,-0.0046,0.0302,0.9995,0,12.7755,0,0,1]},
{"frame":5,"values":[0.8836,-0.4681,0.016,0,0.4683,0.883,-0.0298,0,-0.0002,0.0338,0.9994,0,12.7755,0,0,1]},
{"frame":6,"values":[0.8263,-0.563,0.014,0,0.5631,0.8255,-0.0396,0,0.0107,0.0406,0.9991,0,12.7755,0,0,1]},
{"frame":7,"values":[0.759,-0.651,0.0126,0,0.6507,0.7577,-0.0502,0,0.0231,0.0463,0.9987,0,12.7755,0,0,1]},
{"frame":8,"values":[0.7237,-0.69,0.0121,0,0.6895,0.7222,-0.0554,0,0.0296,0.0484,0.9984,0,12.7755,0,0,1]},
{"frame":9,"values":[0.723,-0.6907,0.0119,0,0.6902,0.7215,-0.0555,0,0.0298,0.0483,0.9984,0,12.7755,0,0,1]},
{"frame":10,"values":[0.7299,-0.6834,0.0119,0,0.6829,0.7285,-0.0545,0,0.0286,0.0479,0.9984,0,12.7755,0,0,1]},
{"frame":11,"values":[0.7307,-0.6826,0.012,0,0.6821,0.7292,-0.0544,0,0.0284,0.0479,0.9984,0,12.7755,0,0,1]},
{"frame":12,"values":[0.7287,-0.6847,0.012,0,0.6842,0.7272,-0.0547,0,0.0288,0.0481,0.9984,0,12.7755,0,0,1]},
{"frame":13,"values":[0.729,-0.6845,0.012,0,0.684,0.7275,-0.0547,0,0.0287,0.048,0.9984,0,12.7755,0,0,1]},
{"frame":14,"values":[0.7297,-0.6836,0.0119,0,0.6832,0.7282,-0.0546,0,0.0286,0.048,0.9984,0,12.7755,0,0,1]},
{"frame":15,"values":[0.7271,-0.6864,0.0119,0,0.6859,0.7256,-0.055,0,0.0291,0.0481,0.9984,0,12.7755,0,0,1]},
{"frame":16,"values":[0.7254,-0.6883,0.0119,0,0.6877,0.7238,-0.0552,0,0.0294,0.0482,0.9984,0,12.7755,0,0,1]},
{"frame":17,"values":[0.7406,-0.6718,0.0123,0,0.6714,0.7392,-0.0529,0,0.0264,0.0475,0.9985,0,12.7755,0,0,1]},
{"frame":18,"values":[0.7835,-0.6212,0.0132,0,0.6211,0.7824,-0.0464,0,0.0185,0.0446,0.9988,0,12.7755,0,0,1]},
{"frame":19,"values":[0.8394,-0.5433,0.0147,0,0.5434,0.8386,-0.0374,0,0.008,0.0394,0.9992,0,12.7755,0,0,1]},
{"frame":20,"values":[0.8834,-0.4684,0.0161,0,0.4687,0.8829,-0.0298,0,-0.0002,0.0339,0.9994,0,12.7755,0,0,1]},
{"frame":21,"values":[0.9038,-0.4276,0.0166,0,0.4279,0.9035,-0.026,0,-0.0039,0.0306,0.9995,0,12.7755,0,0,1]}],"loopBehavior":1,"name":"anim","property":"_matrix"}},
{"name":"mixamorig:LeftHandMiddle2","index":14,"matrix":[0.902,-0.4295,-0.044,0,0.4295,0.903,-0.0099,0,0.044,-0.0099,0.999,0,3.614,0,0,1],"rest":[1,0,0,0,0,1,0,0,0,0,1,0,3.614,0,0,1],"parentBoneIndex":13,"length":3.4598
,"animation":{"dataType":3,"framePerSecond":30,"keys":[
{"frame":1,"values":[0.902,-0.4295,-0.044,0,0.4295,0.903,-0.0099,0,0.044,-0.0099,0.999,0,3.614,0,0,1]},
{"frame":2,"values":[0.9012,-0.4311,-0.0442,0,0.4311,0.9023,-0.01,0,0.0442,-0.01,0.999,0,3.614,0,0,1]},
{"frame":3,"values":[0.9057,-0.4217,-0.0432,0,0.4217,0.9067,-0.0096,0,0.0432,-0.0096,0.999,0,3.614,0,0,1]},
{"frame":4,"values":[0.9053,-0.4227,-0.0433,0,0.4227,0.9062,-0.0096,0,0.0433,-0.0096,0.999,0,3.614,0,0,1]},
{"frame":5,"values":[0.8811,-0.4704,-0.0482,0,0.4704,0.8824,-0.012,0,0.0482,-0.012,0.9988,0,3.614,0,0,1]},
{"frame":6,"values":[0.8223,-0.5661,-0.058,0,0.5661,0.8241,-0.018,0,0.058,-0.018,0.9982,0,3.614,0,0,1]},
{"frame":7,"values":[0.753,-0.6546,-0.067,0,0.6546,0.7556,-0.025,0,0.067,-0.025,0.9974,0,3.614,0,0,1]},
{"frame":8,"values":[0.7167,-0.6938,-0.0711,0,0.6938,0.7196,-0.0287,0,0.0711,-0.0287,0.9971,0,3.614,0,0,1]},
{"frame":9,"values":[0.716,-0.6945,-0.0711,0,0.6945,0.7189,-0.0288,0,0.0711,-0.0288,0.9971,0,3.614,0,0,1]},
{"frame":10,"values":[0.7231,-0.6871,-0.0704,0,0.6871,0.726,-0.0281,0,0.0704,-0.0281,0.9971,0,3.614,0,0,1]},
{"frame":11,"values":[0.7239,-0.6864,-0.0703,0,0.6864,0.7267,-0.028,0,0.0703,-0.028,0.9971,0,3.614,0,0,1]},
{"frame":12,"values":[0.7218,-0.6885,-0.0705,0,0.6885,0.7247,-0.0282,0,0.0705,-0.0282,0.9971,0,3.614,0,0,1]},
{"frame":13,"values":[0.7221,-0.6882,-0.0705,0,0.6882,0.725,-0.0282,0,0.0705,-0.0282,0.9971,0,3.614,0,0,1]},
{"frame":14,"values":[0.7229,-0.6874,-0.0704,0,0.6874,0.7257,-0.0281,0,0.0704,-0.0281,0.9971,0,3.614,0,0,1]},
{"frame":15,"values":[0.7202,-0.6902,-0.0707,0,0.6902,0.7231,-0.0284,0,0.0707,-0.0284,0.9971,0,3.614,0,0,1]},
{"frame":16,"values":[0.7184,-0.692,-0.0709,0,0.692,0.7213,-0.0285,0,0.0709,-0.0285,0.9971,0,3.614,0,0,1]},
{"frame":17,"values":[0.7341,-0.6755,-0.0692,0,0.6755,0.7368,-0.027,0,0.0692,-0.027,0.9972,0,3.614,0,0,1]},
{"frame":18,"values":[0.7783,-0.6247,-0.064,0,0.6247,0.7806,-0.0225,0,0.064,-0.0225,0.9977,0,3.614,0,0,1]},
{"frame":19,"values":[0.8358,-0.5462,-0.0559,0,0.5462,0.8375,-0.0166,0,0.0559,-0.0166,0.9983,0,3.614,0,0,1]},
{"frame":20,"values":[0.881,-0.4707,-0.0482,0,0.4707,0.8822,-0.0121,0,0.0482,-0.0121,0.9988,0,3.614,0,0,1]},
{"frame":21,"values":[0.902,-0.4295,-0.044,0,0.4295,0.903,-0.0099,0,0.044,-0.0099,0.999,0,3.614,0,0,1]}],"loopBehavior":1,"name":"anim","property":"_matrix"}},
{"name":"mixamorig:LeftHandMiddle3","index":15,"matrix":[0.9659,0.2575,0.0264,0,-0.2575,0.9663,-0.0035,0,-0.0264,-0.0035,0.9996,0,3.4598,0,0,1],"rest":[1,0,0,0,0,1,0,0,0,0,1,0,3.4598,0,0,1],"parentBoneIndex":14,"length":3.6802
,"animation":{"dataType":3,"framePerSecond":30,"keys":[
{"frame":1,"values":[0.9659,0.2575,0.0264,0,-0.2575,0.9663,-0.0035,0,-0.0264,-0.0035,0.9996,0,3.4598,0,0,1]},
{"frame":2,"values":[0.9663,0.2561,0.0262,0,-0.2561,0.9666,-0.0034,0,-0.0262,-0.0034,0.9997,0,3.4598,0,0,1]},
{"frame":3,"values":[0.9642,0.264,0.027,0,-0.264,0.9645,-0.0036,0,-0.027,-0.0036,0.9996,0,3.4598,0,0,1]},
{"frame":4,"values":[0.9644,0.2632,0.027,0,-0.2632,0.9647,-0.0036,0,-0.027,-0.0036,0.9996,0,3.4598,0,0,1]},
{"frame":5,"values":[0.9746,0.2228,0.0228,0,-0.2228,0.9749,-0.0026,0,-0.0228,-0.0026,0.9997,0,3.4598,0,0,1]},
{"frame":6,"values":[0.9905,0.1367,0.014,0,-0.1367,0.9906,-0.001,0,-0.014,-0.001,0.9999,0,3.4598,0,0,1]},
{"frame":7,"values":[0.9988,0.0496,0.0051,0,-0.0496,0.9988,-0.0001,0,-0.0051,-0.0001,1,0,3.4598,0,0,1]},
{"frame":8,"values":[1,0.0081,0.0008,0,-0.0081,1,0,0,-0.0008,0,1,0,3.4598,0,0,1]},
{"frame":9,"values":[1,0.0073,0.0008,0,-0.0073,1,0,0,-0.0008,0,1,0,3.4598,0,0,1]},
{"frame":10,"values":[0.9999,0.0153,0.0016,0,-0.0153,0.9999,0,0,-0.0016,0,1,0,3.4598,0,0,1]},
{"frame":11,"values":[0.9999,0.0161,0.0017,0,-0.0161,0.9999,0,0,-0.0017,0,1,0,3.4598,0,0,1]},
{"frame":12,"values":[0.9999,0.0139,0.0014,0,-0.0139,0.9999,0,0,-0.0014,0,1,0,3.4598,0,0,1]},
{"frame":13,"values":[0.9999,0.0141,0.0014,0,-0.0141,0.9999,0,0,-0.0014,0,1,0,3.4598,0,0,1]},
{"frame":14,"values":[0.9999,0.015,0.0015,0,-0.015,0.9999,0,0,-0.0015,0,1,0,3.4598,0,0,1]},
{"frame":15,"values":[0.9999,0.012,0.0012,0,-0.012,0.9999,0,0,-0.0012,0,1,0,3.4597,0,0,1]},
{"frame":16,"values":[0.9999,0.01,0.001,0,-0.01,1,0,0,-0.001,0,1,0,3.4598,0,0,1]},
{"frame":17,"values":[0.9996,0.0277,0.0028,0,-0.0277,0.9996,0,0,-0.0028,0,1,0,3.4598,0,0,1]},
{"frame":18,"values":[0.9968,0.08,0.0082,0,-0.08,0.9968,-0.0003,0,-0.0082,-0.0003,1,0,3.4598,0,0,1]},
{"frame":19,"values":[0.9878,0.1552,0.0159,0,-0.1552,0.9879,-0.0012,0,-0.0159,-0.0012,0.9999,0,3.4598,0,0,1]},
{"frame":20,"values":[0.9747,0.2225,0.0228,0,-0.2225,0.9749,-0.0026,0,-0.0228,-0.0026,0.9997,0,3.4598,0,0,1]},
{"frame":21,"values":[0.9659,0.2575,0.0264,0,-0.2575,0.9663,-0.0035,0,-0.0264,-0.0035,0.9996,0,3.4598,0,0,1]}],"loopBehavior":1,"name":"anim","property":"_matrix"}},
{"name":"mixamorig:LeftHandMiddle4","index":16,"matrix":[1,0,0,0,0,1,0,0,0,0,1,0,3.6802,0,0,1],"rest":[1,0,0,0,0,1,0,0,0,0,1,0,3.6802,0,0,1],"parentBoneIndex":15,"length":3.6802
,"animation":{"dataType":3,"framePerSecond":30,"keys":[
{"frame":1,"values":[1,0,0,0,0,1,0,0,0,0,1,0,3.6802,0,0,1]},
{"frame":21,"values":[1,0,0,0,0,1,0,0,0,0,1,0,3.6802,0,0,1]}],"loopBehavior":1,"name":"anim","property":"_matrix"}},
{"name":"mixamorig:LeftHandThumb1","index":17,"matrix":[0.9738,-0.1198,0.1934,0,0.1393,0.9861,-0.0905,0,-0.1799,0.115,0.9769,0,3.7888,-2.167,3.0031,1],"rest":[1,0,0,0,0,1,0,0,0,0,1,0,3.7888,-2.167,3.0031,1],"parentBoneIndex":12,"length":4.745
,"animation":{"dataType":3,"framePerSecond":30,"keys":[
{"frame":1,"values":[0.9738,-0.1198,0.1934,0,0.1393,0.9861,-0.0905,0,-0.1799,0.115,0.9769,0,3.7888,-2.167,3.0031,1]},
