{"producer":{"name":"Blender","version":"2.79 (sub 0)","exporter_version":"5.6.4","file":"malerunturnleft.babylon"},
"autoClear":true,"clearColor":[0.0509,0.0509,0.0509],"ambientColor":[0,0,0],"gravity":[0,-9.81,0],
"materials":[{"name":"malerunturnleft.Alpha_Body_MAT","id":"malerunturnleft.Alpha_Body_MAT","ambient":[0.0966,0.4216,0.522],"diffuse":[0.0773,0.3373,0.4176],"specular":[0.2393,0.2393,0.2393],"emissive":[0,0,0],"specularPower":19,"alpha":1,"backFaceCulling":true,"checkReadyOnlyOnce":false,"maxSimultaneousLights":4},
{"name":"malerunturnleft.Alpha_Joints_MAT","id":"malerunturnleft.Alpha_Joints_MAT","ambient":[0.1536,0.2129,0.2222],"diffuse":[0.1228,0.1703,0.1778],"specular":[0.141,0.141,0.141],"emissive":[0,0,0],"specularPower":11,"alpha":1,"backFaceCulling":true,"checkReadyOnlyOnce":false,"maxSimultaneousLights":4}],
"multiMaterials":[],
"skeletons":[{"name":"Armature","id":0,"dimensionsAtRest":[194.6188,193.2823,30.9004],"bones":[
{"name":"mixamorig:Hips","index":0,"matrix":[0.7403,-0.2357,0.6297,0,0.2836,0.9586,0.0253,0,0.6096,-0.1598,-0.7765,0,0.0103,84.3183,-0.0944,1],"rest":[1,0,0,0,0,1,0,0,0,0,-1,0,0,99.6721,-0.2471,1],"parentBoneIndex":-1,"length":10.8627
,"animation":{"dataType":3,"framePerSecond":30,"keys":[
{"frame":1,"values":[0.9686,-0.2357,0.0792,0,0.2451,0.9586,-0.145,0,0.0417,-0.1598,-0.9863,0,-0.0467,84.3183,-0.0826,1]},
{"frame":2,"values":[0.9581,-0.2752,0.0797,0,0.2847,0.9456,-0.1572,0,0.0321,-0.1733,-0.9844,0,-3.7551,86.0286,-1.0618,1]},
{"frame":3,"values":[0.9451,-0.3169,0.0793,0,0.3261,0.9295,-0.172,0,0.0193,-0.1884,-0.9819,0,-7.467,88.0643,-1.9639,1]},
{"frame":4,"values":[0.932,-0.3542,0.0766,0,0.3623,0.914,-0.1825,0,0.0053,-0.1978,-0.9802,0,-10.9751,89.9798,-2.7373,1]},
{"frame":5,"values":[0.9217,-0.3815,0.07,0,0.3878,0.9037,-0.1817,0,-0.0061,-0.1947,-0.9809,0,-14.1195,91.1673,-3.2143,1]},
{"frame":6,"values":[0.9219,-0.3826,0.0613,0,0.3874,0.9076,-0.1617,0,-0.0062,-0.1728,-0.9849,0,-16.8266,90.8409,-3.6641,1]},
{"frame":7,"values":[0.9297,-0.3647,0.0511,0,0.3682,0.9209,-0.1278,0,0.0004,-0.1376,-0.9905,0,-19.1898,89.3587,-4.2697,1]},
{"frame":8,"values":[0.9329,-0.358,0.0387,0,0.3601,0.9279,-0.0971,0,0.0011,-0.1045,-0.9945,0,-21.4763,87.4617,-4.7103,1]},
{"frame":9,"values":[0.9159,-0.4011,0.0191,0,0.4011,0.9118,-0.088,0,-0.0179,-0.0883,-0.9959,0,-23.6574,85.2895,-4.2636,1]},
{"frame":10,"values":[0.8961,-0.4439,-0.0006,0,0.4416,0.8916,-0.0998,0,-0.0448,-0.0891,-0.995,0,-25.3651,83.4154,-2.7088,1]},
{"frame":11,"values":[0.9036,-0.428,-0.0162,0,0.4241,0.8994,-0.1056,0,-0.0598,-0.0886,-0.9943,0,-26.2472,82.7403,-1.4567,1]},
{"frame":12,"values":[0.9272,-0.3746,-0.0073,0,0.3724,0.9236,-0.0913,0,-0.0409,-0.0819,-0.9958,0,-26.053,83.8922,-1.4381,1]},
{"frame":13,"values":[0.9469,-0.3175,0.0516,0,0.3208,0.9436,-0.0817,0,0.0227,-0.0939,-0.9953,0,-24.8982,86.3535,-2.5129,1]},
{"frame":14,"values":[0.9519,-0.2715,0.1418,0,0.285,0.9547,-0.0859,0,0.1121,-0.1222,-0.9862,0,-23.5061,88.1885,-3.6125,1]},
{"frame":15,"values":[0.9422,-0.258,0.214,0,0.2829,0.9545,-0.0946,0,0.1799,-0.1496,-0.9722,0,-22.1792,88.8945,-4.1163,1]},
{"frame":16,"values":[0.9288,-0.2798,0.2431,0,0.3108,0.9453,-0.0991,0,0.202,-0.1676,-0.9649,0,-20.0455,90.3433,-5.0593,1]},
{"frame":17,"values":[0.9186,-0.3096,0.2457,0,0.3392,0.9366,-0.0882,0,0.2028,-0.1643,-0.9653,0,-17.8424,90.8213,-5.7668,1]},
{"frame":18,"values":[0.9137,-0.3252,0.2439,0,0.3494,0.9349,-0.0627,0,0.2076,-0.1425,-0.9678,0,-15.8767,89.9286,-5.9595,1]},
{"frame":19,"values":[0.9122,-0.3258,0.2487,0,0.3434,0.9387,-0.0299,0,0.2237,-0.1127,-0.9681,0,-14.1147,87.8664,-6.1882,1]},
{"frame":20,"values":[0.9079,-0.3127,0.2792,0,0.3252,0.9456,0.0015,0,0.2645,-0.0894,-0.9602,0,-12.4563,84.7933,-6.0989,1]},
{"frame":21,"values":[0.8862,-0.2745,0.3733,0,0.293,0.9561,0.0075,0,0.3589,-0.1027,-0.9277,0,-10.6651,82.1509,-4.6015,1]},
{"frame":22,"values":[0.8305,-0.2339,0.5056,0,0.274,0.9617,-0.0052,0,0.485,-0.1428,-0.8627,0,-8.4971,81.1203,-2.7285,1]},
{"frame":23,"values":[0.772,-0.2177,0.5972,0,0.269,0.9631,0.0033,0,0.5759,-0.1581,-0.8021,0,-4.9144,82.1219,-1.3533,1]},
{"frame":24,"values":[0.7403,-0.2357,0.6297,0,0.2836,0.9586,0.0253,0,0.6096,-0.1598,-0.7765,0,0.0103,84.3183,-0.0944,1]}],"loopBehavior":1,"name":"anim","property":"_matrix"}},
{"name":"mixamorig:Spine","index":1,"matrix":[0.9977,0.0075,0.0667,0,-0.0199,0.982,0.1876,0,-0.0641,-0.1885,0.98,0,0,9.9235,-1.2273,1],"rest":[1,0,0,0,0,1,0,0,0,0,1,0,0,9.9235,-1.2273,1],"parentBoneIndex":0,"length":11.732
,"animation":{"dataType":3,"framePerSecond":30,"keys":[
{"frame":1,"values":[0.9977,0.0075,0.0667,0,-0.0199,0.982,0.1876,0,-0.0641,-0.1885,0.98,0,0,9.9235,-1.2273,1]},
{"frame":2,"values":[0.9954,0.0274,0.0919,0,-0.0415,0.987,0.1553,0,-0.0865,-0.1584,0.9836,0,0,9.9235,-1.2273,1]},
{"frame":3,"values":[0.9918,0.0502,0.1176,0,-0.0643,0.9908,0.1192,0,-0.1105,-0.1257,0.9859,0,0,9.9235,-1.2273,1]},
{"frame":4,"values":[0.9883,0.0725,0.1342,0,-0.0849,0.9924,0.089,0,-0.1268,-0.0994,0.9869,0,0,9.9235,-1.2273,1]},
{"frame":5,"values":[0.9868,0.0906,0.1343,0,-0.1013,0.9921,0.0747,0,-0.1265,-0.0873,0.9881,0,0,9.9235,-1.2273,1]},
{"frame":6,"values":[0.9893,0.0908,0.1139,0,-0.1009,0.9911,0.0865,0,-0.105,-0.097,0.9897,0,0,9.9235,-1.2273,1]},
{"frame":7,"values":[0.9937,0.0801,0.0778,0,-0.0889,0.9891,0.1173,0,-0.0676,-0.1234,0.99,0,0,9.9235,-1.2273,1]},
{"frame":8,"values":[0.9956,0.0849,0.0405,0,-0.09,0.985,0.1471,0,-0.0274,-0.1501,0.9883,0,0,9.9235,-1.2273,1]},
{"frame":9,"values":[0.9902,0.1395,0.0086,0,-0.139,0.9768,0.1631,0,0.0144,-0.1627,0.9866,0,0,9.9235,-1.2273,1]},
{"frame":10,"values":[0.9809,0.1907,-0.0374,0,-0.1808,0.9661,0.1841,0,0.0713,-0.1738,0.9822,0,0,9.9235,-1.2273,1]},
{"frame":11,"values":[0.9797,0.1737,-0.0999,0,-0.1508,0.9674,0.2035,0,0.132,-0.1843,0.974,0,0,9.9235,-1.2273,1]},
{"frame":12,"values":[0.9782,0.1185,-0.1704,0,-0.0809,0.9737,0.2128,0,0.1911,-0.1944,0.9621,0,0,9.9235,-1.2273,1]},
{"frame":13,"values":[0.9756,0.0618,-0.2107,0,-0.0194,0.98,0.1979,0,0.2187,-0.189,0.9573,0,0,9.9235,-1.2273,1]},
{"frame":14,"values":[0.975,0.0186,-0.2212,0,0.0213,0.9841,0.1764,0,0.221,-0.1767,0.9591,0,0,9.9235,-1.2273,1]},
{"frame":15,"values":[0.9718,0.0084,-0.2355,0,0.0315,0.9857,0.1654,0,0.2335,-0.1682,0.9577,0,0,9.9235,-1.2273,1]},
{"frame":16,"values":[0.9678,0.0184,-0.251,0,0.0141,0.9918,0.1273,0,0.2513,-0.1268,0.9596,0,0,9.9235,-1.2273,1]},
{"frame":17,"values":[0.9683,0.0326,-0.2475,0,-0.0088,0.9953,0.0963,0,0.2495,-0.0911,0.9641,0,0,9.9235,-1.2273,1]},
{"frame":18,"values":[0.9717,0.0412,-0.2327,0,-0.0194,0.9952,0.0955,0,0.2355,-0.0883,0.9679,0,0,9.9235,-1.2273,1]},
{"frame":19,"values":[0.9744,0.036,-0.2221,0,-0.0134,0.9947,0.1023,0,0.2245,-0.0967,0.9696,0,0,9.9235,-1.2273,1]},
{"frame":20,"values":[0.9788,0.0237,-0.2035,0,0.0009,0.9928,0.1197,0,0.2049,-0.1174,0.9717,0,0,9.9235,-1.2273,1]},
{"frame":21,"values":[0.9895,0.0029,-0.1443,0,0.0197,0.9877,0.1549,0,0.1429,-0.1561,0.9773,0,0,9.9235,-1.2273,1]},
{"frame":22,"values":[0.9983,-0.0167,-0.0554,0,0.0266,0.983,0.1817,0,0.0514,-0.1829,0.9818,0,0,9.9235,-1.2273,1]},
{"frame":23,"values":[0.9997,-0.0178,0.0183,0,0.0139,0.9806,0.1956,0,-0.0215,-0.1953,0.9805,0,0,9.9235,-1.2273,1]},
{"frame":24,"values":[0.9977,0.0075,0.0667,0,-0.0199,0.982,0.1876,0,-0.0641,-0.1885,0.98,0,0,9.9235,-1.2273,1]}],"loopBehavior":1,"name":"anim","property":"_matrix"}},
{"name":"mixamorig:Spine1","index":2,"matrix":[0.9998,-0.0027,0.0186,0,0.0025,0.9999,0.013,0,-0.0187,-0.0129,0.9997,0,-0.0001,11.6454,-1.4223,1],"rest":[1,0,0,0,0,1,0,0,0,0,1,0,-0.0001,11.6454,-1.4223,1],"parentBoneIndex":1,"length":13.4588
,"animation":{"dataType":3,"framePerSecond":30,"keys":[
{"frame":1,"values":[0.9998,-0.0027,0.0186,0,0.0025,0.9999,0.013,0,-0.0187,-0.0129,0.9997,0,-0.0001,11.6454,-1.4223,1]},
{"frame":2,"values":[0.9997,0.002,0.025,0,-0.0023,0.9999,0.0098,0,-0.025,-0.0099,0.9996,0,-0.0001,11.6454,-1.4223,1]},
{"frame":3,"values":[0.9995,0.0071,0.032,0,-0.0073,1,0.0064,0,-0.0319,-0.0067,0.9995,0,-0.0001,11.6454,-1.4223,1]},
{"frame":4,"values":[0.9992,0.0117,0.0371,0,-0.0118,0.9999,0.0036,0,-0.0371,-0.004,0.9993,0,-0.0001,11.6454,-1.4223,1]},
{"frame":5,"values":[0.9992,0.0148,0.0381,0,-0.0149,0.9999,0.0021,0,-0.0381,-0.0027,0.9993,0,-0.0001,11.6455,-1.4223,1]},
{"frame":6,"values":[0.9994,0.0147,0.0323,0,-0.0148,0.9999,0.0032,0,-0.0322,-0.0036,0.9995,0,-0.0001,11.6454,-1.4223,1]},
{"frame":7,"values":[0.9997,0.0125,0.0215,0,-0.0127,0.9999,0.006,0,-0.0214,-0.0062,0.9998,0,-0.0001,11.6455,-1.4223,1]},
{"frame":8,"values":[0.9999,0.0129,0.0106,0,-0.013,0.9999,0.0083,0,-0.0105,-0.0085,0.9999,0,-0.0001,11.6454,-1.4223,1]},
{"frame":9,"values":[0.9998,0.0215,0.002,0,-0.0215,0.9997,0.0085,0,-0.0019,-0.0085,1,0,-0.0001,11.6454,-1.4223,1]},
{"frame":10,"values":[0.9995,0.0306,-0.0099,0,-0.0305,0.9995,0.0072,0,0.0101,-0.0069,0.9999,0,-0.0001,11.6454,-1.4223,1]},
{"frame":11,"values":[0.9993,0.0274,-0.0268,0,-0.0273,0.9996,0.0057,0,0.0269,-0.0049,0.9996,0,-0.0001,11.6454,-1.4223,1]},
{"frame":12,"values":[0.9988,0.0166,-0.0466,0,-0.0164,0.9998,0.0057,0,0.0467,-0.005,0.9989,0,-0.0001,11.6454,-1.4223,1]},
{"frame":13,"values":[0.9983,0.0072,-0.0579,0,-0.007,1,0.0047,0,0.0579,-0.0043,0.9983,0,-0.0001,11.6454,-1.4223,1]},
{"frame":14,"values":[0.9982,0.0002,-0.0608,0,-0.0002,1,-0.0004,0,0.0608,0.0004,0.9982,0,-0.0001,11.6454,-1.4223,1]},
{"frame":15,"values":[0.9979,-0.005,-0.0644,0,0.0043,0.9999,-0.0114,0,0.0645,0.0111,0.9979,0,-0.0001,11.6454,-1.4223,1]},
{"frame":16,"values":[0.9977,-0.0033,-0.0683,0,0.0026,1,-0.0096,0,0.0684,0.0094,0.9976,0,-0.0001,11.6454,-1.4223,1]},
{"frame":17,"values":[0.9977,0.0032,-0.0671,0,-0.0034,1,-0.003,0,0.0671,0.0032,0.9977,0,-0.0001,11.6454,-1.4223,1]},
{"frame":18,"values":[0.998,0.0063,-0.0624,0,-0.0063,1,-0.0006,0,0.0624,0.001,0.9981,0,-0.0001,11.6454,-1.4223,1]},
{"frame":19,"values":[0.9982,0.0063,-0.059,0,-0.0062,1,0.0021,0,0.0591,-0.0017,0.9983,0,-0.0001,11.6454,-1.4223,1]},
{"frame":20,"values":[0.9985,0.0047,-0.0537,0,-0.0045,1,0.0041,0,0.0537,-0.0038,0.9985,0,-0.0001,11.6454,-1.4223,1]},
{"frame":21,"values":[0.9993,0.0002,-0.0379,0,-0.0001,1,0.0032,0,0.0379,-0.0032,0.9993,0,-0.0001,11.6454,-1.4223,1]},
{"frame":22,"values":[0.9999,-0.0053,-0.0145,0,0.0054,1,0.0039,0,0.0145,-0.004,0.9999,0,-0.0001,11.6454,-1.4223,1]},
{"frame":23,"values":[1,-0.008,0.0053,0,0.0079,0.9999,0.011,0,-0.0054,-0.011,0.9999,0,-0.0001,11.6454,-1.4223,1]},
{"frame":24,"values":[0.9998,-0.0027,0.0186,0,0.0025,0.9999,0.013,0,-0.0187,-0.0129,0.9997,0,-0.0001,11.6454,-1.4223,1]}],"loopBehavior":1,"name":"anim","property":"_matrix"}},
{"name":"mixamorig:Spine2","index":3,"matrix":[0.9998,-0.0027,0.0184,0,0.0024,0.9999,0.013,0,-0.0185,-0.013,0.9997,0,0.0001,13.3602,-1.6265,1],"rest":[1,0,0,0,0,1,0,0,0,0,1,0,0.0001,13.3602,-1.6265,1],"parentBoneIndex":2,"length":12.3444
,"animation":{"dataType":3,"framePerSecond":30,"keys":[
{"frame":1,"values":[0.9998,-0.0027,0.0184,0,0.0024,0.9999,0.013,0,-0.0185,-0.013,0.9997,0,0.0001,13.3602,-1.6265,1]},
{"frame":2,"values":[0.9997,0.002,0.0249,0,-0.0023,0.9999,0.0098,0,-0.0248,-0.0099,0.9996,0,0.0001,13.3602,-1.6265,1]},
{"frame":3,"values":[0.9995,0.0071,0.0319,0,-0.0073,1,0.0063,0,-0.0319,-0.0066,0.9995,0,0.0001,13.3602,-1.6265,1]},
{"frame":4,"values":[0.9992,0.0117,0.0372,0,-0.0118,0.9999,0.0034,0,-0.0372,-0.0038,0.9993,0,0.0001,13.3602,-1.6265,1]},
{"frame":5,"values":[0.9992,0.0148,0.0383,0,-0.0149,0.9999,0.0019,0,-0.0382,-0.0025,0.9993,0,0.0001,13.3602,-1.6265,1]},
{"frame":6,"values":[0.9994,0.0147,0.0325,0,-0.0148,0.9999,0.003,0,-0.0324,-0.0034,0.9995,0,0.0001,13.3602,-1.6265,1]},
{"frame":7,"values":[0.9997,0.0126,0.0216,0,-0.0127,0.9999,0.0058,0,-0.0216,-0.0061,0.9997,0,0.0001,13.3602,-1.6265,1]},
{"frame":8,"values":[0.9999,0.013,0.0108,0,-0.013,0.9999,0.0082,0,-0.0107,-0.0083,0.9999,0,0.0001,13.3602,-1.6265,1]},
{"frame":9,"values":[0.9998,0.0216,0.0026,0,-0.0216,0.9997,0.0083,0,-0.0024,-0.0084,1,0,0.0001,13.3602,-1.6265,1]},
{"frame":10,"values":[0.9995,0.0307,-0.009,0,-0.0307,0.9995,0.0071,0,0.0092,-0.0068,0.9999,0,0.0001,13.3602,-1.6265,1]},
{"frame":11,"values":[0.9993,0.0276,-0.0258,0,-0.0275,0.9996,0.0058,0,0.0259,-0.0051,0.9997,0,0.0001,13.3602,-1.6265,1]},
{"frame":12,"values":[0.9988,0.0167,-0.0459,0,-0.0165,0.9998,0.006,0,0.046,-0.0053,0.9989,0,0.0001,13.3602,-1.6265,1]},
{"frame":13,"values":[0.9983,0.0073,-0.0575,0,-0.007,1,0.0049,0,0.0575,-0.0045,0.9983,0,0.0001,13.3602,-1.6265,1]},
{"frame":14,"values":[0.9982,0.0002,-0.0606,0,-0.0002,1,-0.0004,0,0.0606,0.0004,0.9982,0,0.0001,13.3602,-1.6265,1]},
{"frame":15,"values":[0.9979,-0.0054,-0.0643,0,0.0046,0.9999,-0.0114,0,0.0644,0.0111,0.9979,0,0.0001,13.3602,-1.6265,1]},
{"frame":16,"values":[0.9977,-0.0034,-0.0682,0,0.0027,1,-0.0095,0,0.0682,0.0093,0.9976,0,0.0001,13.3602,-1.6265,1]},
{"frame":17,"values":[0.9978,0.0034,-0.0668,0,-0.0036,1,-0.0028,0,0.0668,0.0031,0.9978,0,0.0001,13.3602,-1.6265,1]},
{"frame":18,"values":[0.998,0.0064,-0.0621,0,-0.0064,1,-0.0004,0,0.0621,0.0008,0.9981,0,0.0001,13.3602,-1.6265,1]},
{"frame":19,"values":[0.9983,0.0063,-0.0587,0,-0.0062,1,0.0022,0,0.0588,-0.0018,0.9983,0,0.0001,13.3602,-1.6265,1]},
{"frame":20,"values":[0.9986,0.0047,-0.0535,0,-0.0045,1,0.0041,0,0.0535,-0.0038,0.9986,0,0.0001,13.3602,-1.6265,1]},
{"frame":21,"values":[0.9993,0.0002,-0.0378,0,-0.0001,1,0.003,0,0.0378,-0.003,0.9993,0,0.0001,13.3602,-1.6265,1]},
{"frame":22,"values":[0.9999,-0.0055,-0.0147,0,0.0055,1,0.0038,0,0.0147,-0.0039,0.9999,0,0.0001,13.3602,-1.6265,1]},
{"frame":23,"values":[1,-0.0081,0.005,0,0.008,0.9999,0.011,0,-0.005,-0.011,0.9999,0,0.0001,13.3602,-1.6265,1]},
{"frame":24,"values":[0.9998,-0.0027,0.0184,0,0.0024,0.9999,0.013,0,-0.0185,-0.013,0.9997,0,0.0001,13.3602,-1.6265,1]}],"loopBehavior":1,"name":"anim","property":"_matrix"}},
{"name":"mixamorig:Neck","index":4,"matrix":[0.9992,-0.0072,-0.0396,0,0.0028,0.9941,-0.1088,0,0.0402,0.1086,0.9933,0,0,15.0325,0.7929,1],"rest":[1,0,0,0,0,1,0,0,0,0,1,0,0,15.0325,0.7929,1],"parentBoneIndex":3,"length":10.7896
,"animation":{"dataType":3,"framePerSecond":30,"keys":[
{"frame":1,"values":[0.9992,-0.0072,-0.0396,0,0.0028,0.9941,-0.1088,0,0.0402,0.1086,0.9933,0,0,15.0325,0.7929,1]},
{"frame":2,"values":[0.999,-0.0021,-0.044,0,-0.0028,0.9938,-0.111,0,0.0439,0.111,0.9928,0,0,15.0325,0.7929,1]},
{"frame":3,"values":[0.9988,0.0035,-0.0486,0,-0.009,0.9935,-0.1135,0,0.0479,0.1138,0.9923,0,0,15.0325,0.7929,1]},
{"frame":4,"values":[0.9986,0.0083,-0.0526,0,-0.0143,0.9932,-0.1154,0,0.0513,0.116,0.9919,0,0,15.0325,0.7929,1]},
{"frame":5,"values":[0.9984,0.0111,-0.055,0,-0.0174,0.9931,-0.1157,0,0.0534,0.1165,0.9918,0,0,15.0325,0.7929,1]},
{"frame":6,"values":[0.9984,0.0106,-0.0548,0,-0.0168,0.9934,-0.1132,0,0.0532,0.114,0.9921,0,0,15.0325,0.7929,1]},
{"frame":7,"values":[0.9986,0.0077,-0.0527,0,-0.0134,0.994,-0.1088,0,0.0515,0.1093,0.9927,0,0,15.0325,0.7929,1]},
{"frame":8,"values":[0.9987,0.0046,-0.0506,0,-0.0099,0.9944,-0.1049,0,0.0498,0.1053,0.9932,0,0,15.0325,0.7929,1]},
{"frame":9,"values":[0.9988,0.0018,-0.0497,0,-0.007,0.9944,-0.1053,0,0.0493,0.1055,0.9932,0,0,15.0325,0.7929,1]},
{"frame":10,"values":[0.9988,-0.001,-0.0493,0,-0.0046,0.9936,-0.1132,0,0.0491,0.1133,0.9923,0,0,15.0325,0.7929,1]},
{"frame":11,"values":[0.999,0.0001,-0.0455,0,-0.0056,0.9927,-0.1202,0,0.0452,0.1203,0.9917,0,0,15.0325,0.7929,1]},
{"frame":12,"values":[0.9993,-0.001,-0.0373,0,-0.0036,0.9924,-0.1229,0,0.0372,0.123,0.9917,0,0,15.0325,0.7929,1]},
{"frame":13,"values":[0.9995,-0.0048,-0.0307,0,0.001,0.9925,-0.1219,0,0.031,0.1218,0.9921,0,0,15.0325,0.7929,1]},
{"frame":14,"values":[0.9997,-0.0054,-0.0255,0,0.0023,0.9928,-0.1199,0,0.026,0.1198,0.9925,0,0,15.0325,0.7929,1]},
{"frame":15,"values":[0.9998,-0.0038,-0.02,0,0.0014,0.9927,-0.1209,0,0.0204,0.1208,0.9925,0,0,15.0325,0.7929,1]},
{"frame":16,"values":[0.9998,-0.0015,-0.0174,0,-0.0007,0.9924,-0.1233,0,0.0174,0.1232,0.9922,0,0,15.0325,0.7929,1]},
{"frame":17,"values":[0.9998,0.0007,-0.0194,0,-0.0031,0.9924,-0.1228,0,0.0191,0.1228,0.9922,0,0,15.0325,0.7929,1]},
{"frame":18,"values":[0.9997,0.0036,-0.023,0,-0.0063,0.9929,-0.119,0,0.0224,0.1191,0.9926,0,0,15.0325,0.7929,1]},
{"frame":19,"values":[0.9997,0.0056,-0.0252,0,-0.0084,0.9937,-0.112,0,0.0244,0.1121,0.9934,0,0,15.0325,0.7929,1]},
{"frame":20,"values":[0.9996,0.0032,-0.0268,0,-0.0061,0.9941,-0.1079,0,0.0263,0.108,0.9938,0,0,15.0325,0.7929,1]},
{"frame":21,"values":[0.9996,-0.0041,-0.0292,0,0.0009,0.9939,-0.1102,0,0.0295,0.1101,0.9935,0,0,15.0325,0.7929,1]},
{"frame":22,"values":[0.9995,-0.0081,-0.0313,0,0.0045,0.9937,-0.1124,0,0.032,0.1122,0.9932,0,0,15.0325,0.7929,1]},
{"frame":23,"values":[0.9994,-0.0083,-0.0336,0,0.0044,0.9936,-0.1133,0,0.0344,0.1131,0.993,0,0,15.0325,0.7929,1]},
{"frame":24,"values":[0.9992,-0.0072,-0.0396,0,0.0028,0.9941,-0.1088,0,0.0402,0.1086,0.9933,0,0,15.0325,0.7929,1]}],"loopBehavior":1,"name":"anim","property":"_matrix"}},
{"name":"mixamorig:Head","index":5,"matrix":[0.9849,-0.0472,-0.1663,0,0.0044,0.9686,-0.2485,0,0.1728,0.244,0.9543,0,0,10.3218,3.1424,1],"rest":[1,0,0,0,0,1,0,0,0,0,1,0,0,10.3218,3.1424,1],"parentBoneIndex":4,"length":14.7322
,"animation":{"dataType":3,"framePerSecond":30,"keys":[
{"frame":1,"values":[0.9849,-0.0472,-0.1663,0,0.0044,0.9686,-0.2485,0,0.1728,0.244,0.9543,0,0,10.3218,3.1424,1]},
{"frame":2,"values":[0.9756,-0.05,-0.2139,0,0.0001,0.9738,-0.2275,0,0.2197,0.2219,0.95,0,0,10.3218,3.1424,1]},
{"frame":3,"values":[0.9631,-0.0511,-0.2643,0,-0.0046,0.9786,-0.2059,0,0.2692,0.1995,0.9422,0,0,10.3218,3.1424,1]},
{"frame":4,"values":[0.9498,-0.0514,-0.3086,0,-0.0077,0.9823,-0.187,0,0.3128,0.18,0.9326,0,0,10.3218,3.1424,1]},
{"frame":5,"values":[0.9396,-0.0528,-0.3382,0,-0.0074,0.9847,-0.1743,0,0.3422,0.1663,0.9248,0,0,10.3218,3.1424,1]},
{"frame":6,"values":[0.9374,-0.0562,-0.3436,0,-0.0025,0.9857,-0.1683,0,0.3482,0.1586,0.9239,0,0,10.3218,3.1424,1]},
{"frame":7,"values":[0.9413,-0.0626,-0.3316,0,0.0062,0.9857,-0.1686,0,0.3374,0.1567,0.9282,0,0,10.3218,3.1424,1]},
{"frame":8,"values":[0.9442,-0.0749,-0.3206,0,0.0173,0.9837,-0.1788,0,0.3288,0.1632,0.9302,0,0,10.3218,3.1424,1]},
{"frame":9,"values":[0.9407,-0.1024,-0.3233,0,0.0328,0.9763,-0.2138,0,0.3376,0.1905,0.9218,0,0,10.3218,3.1424,1]},
{"frame":10,"values":[0.9343,-0.1332,-0.3305,0,0.0462,0.965,-0.2583,0,0.3534,0.226,0.9078,0,0,10.3218,3.1424,1]},
{"frame":11,"values":[0.9382,-0.1413,-0.3158,0,0.0505,0.959,-0.279,0,0.3423,0.2458,0.9069,0,0,10.3218,3.1424,1]},
{"frame":12,"values":[0.9576,-0.1293,-0.2575,0,0.0565,0.9606,-0.2721,0,0.2825,0.2461,0.9272,0,0,10.3218,3.1424,1]},
{"frame":13,"values":[0.9751,-0.108,-0.1939,0,0.0594,0.9687,-0.2409,0,0.2138,0.2234,0.951,0,0,10.3218,3.1424,1]},
{"frame":14,"values":[0.9863,-0.0865,-0.1407,0,0.0573,0.9782,-0.1997,0,0.1549,0.1889,0.9697,0,0,10.3218,3.1424,1]},
{"frame":15,"values":[0.9931,-0.0673,-0.0956,0,0.0498,0.9834,-0.1748,0,0.1058,0.1688,0.98,0,0,10.3218,3.1424,1]},
{"frame":16,"values":[0.9948,-0.0611,-0.082,0,0.0457,0.9831,-0.1775,0,0.0915,0.1728,0.9807,0,0,10.3218,3.1424,1]},
{"frame":17,"values":[0.992,-0.0704,-0.1049,0,0.0499,0.9813,-0.1862,0,0.116,0.1794,0.9769,0,0,10.3218,3.1424,1]},
{"frame":18,"values":[0.9868,-0.0782,-0.1417,0,0.0512,0.9814,-0.1849,0,0.1536,0.1752,0.9725,0,0,10.3218,3.1424,1]},
{"frame":19,"values":[0.9832,-0.0793,-0.1647,0,0.0496,0.9829,-0.1771,0,0.1759,0.166,0.9703,0,0,10.3218,3.1424,1]},
{"frame":20,"values":[0.9831,-0.0794,-0.165,0,0.0483,0.9817,-0.1844,0,0.1766,0.1733,0.9689,0,0,10.3218,3.1424,1]},
{"frame":21,"values":[0.9866,-0.0745,-0.1454,0,0.0408,0.9742,-0.2221,0,0.1582,0.2132,0.9641,0,0,10.3218,3.1424,1]},
{"frame":22,"values":[0.9912,-0.0545,-0.1206,0,0.0205,0.9634,-0.2672,0,0.1307,0.2624,0.9561,0,0,10.3218,3.1424,1]},
{"frame":23,"values":[0.9923,-0.0365,-0.1183,0,0.0014,0.9588,-0.2841,0,0.1238,0.2818,0.9515,0,0,10.3218,3.1424,1]},
{"frame":24,"values":[0.9849,-0.0472,-0.1663,0,0.0044,0.9686,-0.2485,0,0.1728,0.244,0.9543,0,0,10.3218,3.1424,1]}],"loopBehavior":1,"name":"anim","property":"_matrix"}},
{"name":"mixamorig:HeadTop_End","index":6,"matrix":[1,0,0,0,0,1,0,0,0,0,1,0,0.0002,18.4747,6.6364,1],"rest":[1,0,0,0,0,1,0,0,0,0,1,0,0.0002,18.4747,6.6364,1],"parentBoneIndex":5,"length":14.7322
,"animation":{"dataType":3,"framePerSecond":30,"keys":[
{"frame":1,"values":[1,0,0,0,0,1,0,0,0,0,1,0,0.0002,18.4747,6.6364,1]},
{"frame":14,"values":[1,0,0,0,0,1,0,0,0,0,1,0,0.0001,18.4747,6.6364,1]},
{"frame":15,"values":[1,0,0,0,0,1,0,0,0,0,1,0,0.0002,18.4747,6.6364,1]},
{"frame":24,"values":[1,0,0,0,0,1,0,0,0,0,1,0,0.0002,18.4747,6.6364,1]}],"loopBehavior":1,"name":"anim","property":"_matrix"}},
{"name":"mixamorig:LeftEye","index":7,"matrix":[1,0,0,0,0,1,0,0,0,0,1,0,2.9479,7.6818,9.1207,1],"rest":[1,0,0,0,0,1,0,0,0,0,1,0,2.9479,7.6818,9.1207,1],"parentBoneIndex":5,"length":14.7322
,"animation":{"dataType":3,"framePerSecond":30,"keys":[
{"frame":1,"values":[1,0,0,0,0,1,0,0,0,0,1,0,2.9479,7.6818,9.1207,1]},
{"frame":2,"values":[1,0,0,0,0,1,0,0,0,0,1,0,2.9479,7.6817,9.1207,1]},
{"frame":3,"values":[1,0,0,0,0,1,0,0,0,0,1,0,2.9479,7.6818,9.1207,1]},
{"frame":5,"values":[1,0,0,0,0,1,0,0,0,0,1,0,2.9479,7.6817,9.1207,1]},
{"frame":6,"values":[1,0,0,0,0,1,0,0,0,0,1,0,2.9479,7.6818,9.1207,1]},
{"frame":7,"values":[1,0,0,0,0,1,0,0,0,0,1,0,2.9479,7.6817,9.1207,1]},
{"frame":9,"values":[1,0,0,0,0,1,0,0,0,0,1,0,2.9479,7.6818,9.1207,1]},
{"frame":10,"values":[1,0,0,0,0,1,0,0,0,0,1,0,2.9479,7.6817,9.1207,1]},
{"frame":11,"values":[1,0,0,0,0,1,0,0,0,0,1,0,2.9479,7.6818,9.1207,1]},
{"frame":12,"values":[1,0,0,0,0,1,0,0,0,0,1,0,2.9479,7.6817,9.1207,1]},
{"frame":15,"values":[1,0,0,0,0,1,0,0,0,0,1,0,2.9479,7.6818,9.1207,1]},
{"frame":16,"values":[1,0,0,0,0,1,0,0,0,0,1,0,2.9479,7.6817,9.1207,1]},
{"frame":18,"values":[1,0,0,0,0,1,0,0,0,0,1,0,2.9479,7.6818,9.1207,1]},
{"frame":19,"values":[1,0,0,0,0,1,0,0,0,0,1,0,2.9479,7.6817,9.1207,1]},
{"frame":20,"values":[1,0,0,0,0,1,0,0,0,0,1,0,2.9479,7.6818,9.1207,1]},
{"frame":21,"values":[1,0,0,0,0,1,0,0,0,0,1,0,2.9479,7.6817,9.1207,1]},
{"frame":23,"values":[1,0,0,0,0,1,0,0,0,0,1,0,2.9479,7.6818,9.1207,1]},
{"frame":24,"values":[1,0,0,0,0,1,0,0,0,0,1,0,2.9479,7.6818,9.1207,1]}],"loopBehavior":1,"name":"anim","property":"_matrix"}},
{"name":"mixamorig:RightEye","index":8,"matrix":[1,0,0,0,0,1,0,0,0,0,1,0,-2.9445,7.6818,9.1205,1],"rest":[1,0,0,0,0,1,0,0,0,0,1,0,-2.9445,7.6818,9.1205,1],"parentBoneIndex":5,"length":14.7322
,"animation":{"dataType":3,"framePerSecond":30,"keys":[
{"frame":1,"values":[1,0,0,0,0,1,0,0,0,0,1,0,-2.9445,7.6818,9.1205,1]},
{"frame":2,"values":[1,0,0,0,0,1,0,0,0,0,1,0,-2.9445,7.6817,9.1205,1]},
{"frame":3,"values":[1,0,0,0,0,1,0,0,0,0,1,0,-2.9445,7.6818,9.1205,1]},
{"frame":5,"values":[1,0,0,0,0,1,0,0,0,0,1,0,-2.9445,7.6817,9.1205,1]},
{"frame":6,"values":[1,0,0,0,0,1,0,0,0,0,1,0,-2.9445,7.6818,9.1205,1]},
{"frame":8,"values":[1,0,0,0,0,1,0,0,0,0,1,0,-2.9445,7.6817,9.1205,1]},
{"frame":10,"values":[1,0,0,0,0,1,0,0,0,0,1,0,-2.9445,7.6818,9.1205,1]},
{"frame":12,"values":[1,0,0,0,0,1,0,0,0,0,1,0,-2.9445,7.6817,9.1205,1]},
{"frame":13,"values":[1,0,0,0,0,1,0,0,0,0,1,0,-2.9445,7.6818,9.1205,1]},
{"frame":14,"values":[1,0,0,0,0,1,0,0,0,0,1,0,-2.9445,7.6817,9.1205,1]},
{"frame":18,"values":[1,0,0,0,0,1,0,0,0,0,1,0,-2.9445,7.6818,9.1205,1]},
{"frame":19,"values":[1,0,0,0,0,1,0,0,0,0,1,0,-2.9445,7.6817,9.1205,1]},
{"frame":20,"values":[1,0,0,0,0,1,0,0,0,0,1,0,-2.9445,7.6818,9.1205,1]},
{"frame":21,"values":[1,0,0,0,0,1,0,0,0,0,1,0,-2.9445,7.6817,9.1205,1]},
{"frame":23,"values":[1,0,0,0,0,1,0,0,0,0,1,0,-2.9445,7.6818,9.1205,1]},
{"frame":24,"values":[1,0,0,0,0,1,0,0,0,0,1,0,-2.9445,7.6818,9.1205,1]}],"loopBehavior":1,"name":"anim","property":"_matrix"}},
{"name":"mixamorig:LeftShoulder","index":9,"matrix":[0.9635,-0.26,0.0633,0,0.2588,0.9656,0.0272,0,-0.0682,-0.0099,0.9976,0,6.1058,9.1104,0.7055,1],"rest":[1,0,0,0,0,1,0,0,0,0,1,0,6.1058,9.1104,0.7056,1],"parentBoneIndex":3,"length":12.9223
,"animation":{"dataType":3,"framePerSecond":30,"keys":[
{"frame":1,"values":[0.9635,-0.26,0.0633,0,0.2588,0.9656,0.0272,0,-0.0682,-0.0099,0.9976,0,6.1058,9.1104,0.7056,1]},
{"frame":2,"values":[0.9679,-0.2491,0.0337,0,0.2485,0.9684,0.0206,0,-0.0378,-0.0116,0.9992,0,6.1058,9.1104,0.7056,1]},
{"frame":3,"values":[0.9716,-0.2367,0.0017,0,0.2366,0.9715,0.0135,0,-0.0049,-0.0127,0.9999,0,6.1058,9.1104,0.7055,1]},
{"frame":4,"values":[0.9738,-0.2258,-0.0261,0,0.2261,0.9741,0.0073,0,0.0238,-0.013,0.9996,0,6.1058,9.1104,0.7056,1]},
{"frame":5,"values":[0.9746,-0.2199,-0.0434,0,0.2202,0.9754,0.0035,0,0.0415,-0.013,0.9991,0,6.1058,9.1104,0.7055,1]},
{"frame":6,"values":[0.9743,-0.2214,-0.0411,0,0.2217,0.9751,0.0039,0,0.0392,-0.0129,0.9991,0,6.1058,9.1104,0.7055,1]},
{"frame":7,"values":[0.9731,-0.2288,-0.0256,0,0.229,0.9734,0.0072,0,0.0232,-0.0129,0.9996,0,6.1058,9.1104,0.7056,1]},
{"frame":8,"values":[0.9708,-0.2395,-0.016,0,0.2397,0.9708,0.0094,0,0.0133,-0.013,0.9998,0,6.1058,9.1104,0.7056,1]},
{"frame":9,"values":[0.9659,-0.2571,-0.0305,0,0.2574,0.9663,0.0067,0,0.0278,-0.0143,0.9995,0,6.1058,9.1104,0.7056,1]},
{"frame":10,"values":[0.9598,-0.2759,-0.052,0,0.2764,0.961,0.0021,0,0.0494,-0.0164,0.9986,0,6.1058,9.1104,0.7056,1]},
{"frame":11,"values":[0.9593,-0.2739,-0.0684,0,0.2744,0.9616,-0.0016,0,0.0662,-0.0172,0.9977,0,6.1058,9.1104,0.7056,1]},
{"frame":12,"values":[0.9651,-0.2554,-0.0579,0,0.2558,0.9667,0.0007,0,0.0558,-0.0155,0.9983,0,6.1058,9.1104,0.7055,1]},
{"frame":13,"values":[0.9705,-0.2374,-0.0417,0,0.2378,0.9713,0.004,0,0.0396,-0.0138,0.9991,0,6.1058,9.1104,0.7055,1]},
{"frame":14,"values":[0.9731,-0.2275,-0.0355,0,0.2279,0.9737,0.0051,0,0.0334,-0.0131,0.9994,0,6.1058,9.1104,0.7056,1]},
{"frame":15,"values":[0.973,-0.2288,-0.0292,0,0.2291,0.9734,0.0064,0,0.027,-0.0129,0.9996,0,6.1058,9.1104,0.7056,1]},
{"frame":16,"values":[0.9711,-0.2367,-0.0303,0,0.237,0.9715,0.0063,0,0.0279,-0.0133,0.9995,0,6.1058,9.1104,0.7056,1]},
{"frame":17,"values":[0.9684,-0.2444,-0.0497,0,0.2448,0.9696,0.0023,0,0.0476,-0.0144,0.9988,0,6.1058,9.1104,0.7056,1]},
{"frame":18,"values":[0.9643,-0.2554,-0.0696,0,0.2559,0.9667,-0.0019,0,0.0677,-0.016,0.9976,0,6.1058,9.1104,0.7056,1]},
{"frame":19,"values":[0.9603,-0.2712,-0.0652,0,0.2717,0.9624,-0.0009,0,0.063,-0.0168,0.9979,0,6.1058,9.1104,0.7055,1]},
{"frame":20,"values":[0.9563,-0.2886,-0.0463,0,0.289,0.9573,0.0036,0,0.0433,-0.0168,0.9989,0,6.1058,9.1104,0.7056,1]},
{"frame":21,"values":[0.9498,-0.3124,-0.0149,0,0.3126,0.9498,0.0116,0,0.0105,-0.0157,0.9998,0,6.1058,9.1104,0.7056,1]},
{"frame":22,"values":[0.9481,-0.3164,0.0311,0,0.3158,0.9485,0.0233,0,-0.0369,-0.0122,0.9992,0,6.1058,9.1104,0.7056,1]},
{"frame":23,"values":[0.9564,-0.2852,0.0634,0,0.2839,0.9584,0.0291,0,-0.069,-0.0098,0.9976,0,6.1058,9.1104,0.7055,1]},
{"frame":24,"values":[0.9635,-0.26,0.0633,0,0.2588,0.9656,0.0272,0,-0.0682,-0.0099,0.9976,0,6.1058,9.1104,0.7055,1]}],"loopBehavior":1,"name":"anim","property":"_matrix"}},
{"name":"mixamorig:LeftArm","index":10,"matrix":[0.6929,-0.7207,-0.0236,0,0.6731,0.6346,0.3798,0,-0.2587,-0.2791,0.9248,0,12.655,-0.2659,-2.6009,1],"rest":[1,0,0,0,0,1,0,0,0,0,1,0,12.655,-0.2659,-2.6009,1],"parentBoneIndex":9,"length":27.4047
,"animation":{"dataType":3,"framePerSecond":30,"keys":[
{"frame":1,"values":[0.6929,-0.7207,-0.0236,0,0.6731,0.6346,0.3798,0,-0.2587,-0.2791,0.9248,0,12.655,-0.2659,-2.6009,1]},
{"frame":2,"values":[0.7414,-0.6689,-0.0538,0,0.6475,0.6921,0.319,0,-0.1761,-0.2714,0.9462,0,12.655,-0.2659,-2.6009,1]},
{"frame":3,"values":[0.7885,-0.6087,-0.0881,0,0.6087,0.7516,0.2542,0,-0.0886,-0.254,0.9631,0,12.655,-0.2659,-2.6009,1]},
{"frame":4,"values":[0.8209,-0.5575,-0.1239,0,0.5709,0.7952,0.2046,0,-0.0155,-0.2387,0.971,0,12.655,-0.2659,-2.6009,1]},
{"frame":5,"values":[0.83,-0.5349,-0.1579,0,0.557,0.8093,0.1866,0,0.028,-0.2428,0.9697,0,12.655,-0.2659,-2.6009,1]},
{"frame":6,"values":[0.8105,-0.5566,-0.1824,0,0.5853,0.7825,0.2125,0,0.0244,-0.279,0.96,0,12.655,-0.2659,-2.6009,1]},
{"frame":7,"values":[0.7658,-0.6113,-0.1996,0,0.6427,0.7178,0.2679,0,-0.0205,-0.3334,0.9426,0,12.655,-0.2659,-2.6009,1]},
{"frame":8,"values":[0.703,-0.6757,-0.2219,0,0.7069,0.6294,0.3227,0,-0.0783,-0.3838,0.9201,0,12.655,-0.2659,-2.6009,1]},
{"frame":9,"values":[0.6113,-0.7483,-0.2575,0,0.7813,0.5187,0.3473,0,-0.1263,-0.4135,0.9017,0,12.655,-0.2659,-2.6009,1]},
{"frame":10,"values":[0.5187,-0.805,-0.288,0,0.8451,0.4316,0.3155,0,-0.1296,-0.407,0.9042,0,12.655,-0.2659,-2.6009,1]},
{"frame":11,"values":[0.469,-0.8046,-0.3643,0,0.8789,0.3843,0.2826,0,-0.0873,-0.4527,0.8874,0,12.655,-0.2659,-2.6009,1]},
{"frame":12,"values":[0.4703,-0.7449,-0.4732,0,0.8814,0.3701,0.2934,0,-0.0435,-0.5551,0.8307,0,12.655,-0.2659,-2.6009,1]},
{"frame":13,"values":[0.4982,-0.6589,-0.5636,0,0.867,0.3691,0.3348,0,-0.0126,-0.6554,0.7552,0,12.655,-0.2659,-2.6009,1]},
{"frame":14,"values":[0.5345,-0.5594,-0.6335,0,0.8447,0.3785,0.3785,0,0.0281,-0.7374,0.6749,0,12.655,-0.2659,-2.6009,1]},
{"frame":15,"values":[0.5563,-0.4775,-0.6801,0,0.8268,0.3996,0.3959,0,0.0827,-0.7825,0.6171,0,12.655,-0.2659,-2.6009,1]},
{"frame":16,"values":[0.5362,-0.4964,-0.6827,0,0.8386,0.4058,0.3636,0,0.0966,-0.7674,0.6338,0,12.655,-0.2659,-2.6009,1]},
{"frame":17,"values":[0.499,-0.5547,-0.6658,0,0.8626,0.3917,0.32,0,0.0833,-0.7341,0.674,0,12.655,-0.2659,-2.6009,1]},
{"frame":18,"values":[0.4874,-0.6077,-0.627,0,0.8718,0.3788,0.3105,0,0.0488,-0.698,0.7144,0,12.655,-0.2659,-2.6009,1]},
{"frame":19,"values":[0.5012,-0.6569,-0.5632,0,0.8652,0.391,0.314,0,0.014,-0.6446,0.7644,0,12.655,-0.2659,-2.6009,1]},
{"frame":20,"values":[0.5356,-0.7083,-0.4598,0,0.8435,0.4224,0.3318,0,-0.0408,-0.5655,0.8237,0,12.655,-0.2659,-2.6009,1]},
{"frame":21,"values":[0.5927,-0.749,-0.2961,0,0.7937,0.4805,0.3731,0,-0.1372,-0.4562,0.8792,0,12.655,-0.2659,-2.6009,1]},
{"frame":22,"values":[0.6466,-0.7505,-0.1365,0,0.7305,0.5577,0.3943,0,-0.2198,-0.3546,0.9088,0,12.655,-0.2659,-2.6009,1]},
{"frame":23,"values":[0.669,-0.7422,-0.04,0,0.6949,0.6054,0.388,0,-0.2637,-0.2874,0.9208,0,12.655,-0.2659,-2.6009,1]},
{"frame":24,"values":[0.6929,-0.7207,-0.0236,0,0.6731,0.6346,0.3798,0,-0.2587,-0.2791,0.9248,0,12.655,-0.2659,-2.6009,1]}],"loopBehavior":1,"name":"anim","property":"_matrix"}},
{"name":"mixamorig:LeftForeArm","index":11,"matrix":[0.329,0,0.9443,0,0,1,0,0,-0.9443,0,0.329,0,27.4047,0,0,1],"rest":[1,0,0,0,0,1,0,0,0,0,1,0,27.4047,0,0,1],"parentBoneIndex":10,"length":27.6145
,"animation":{"dataType":3,"framePerSecond":30,"keys":[
{"frame":1,"values":[0.329,0,0.9443,0,0,1,0,0,-0.9443,0,0.329,0,27.4047,0,0,1]},
{"frame":2,"values":[0.1614,0,0.9869,0,0,1,0,0,-0.9869,0,0.1614,0,27.4047,0,0,1]},
{"frame":3,"values":[-0.0278,0,0.9996,0,0,1,0,0,-0.9996,0,-0.0278,0,27.4047,0,0,1]},
{"frame":4,"values":[-0.1817,0,0.9834,0,0,1,0,0,-0.9834,0,-0.1817,0,27.4047,0,0,1]},
{"frame":5,"values":[-0.2483,0,0.9687,0,0,1,0,0,-0.9687,0,-0.2483,0,27.4047,0,0,1]},
{"frame":6,"values":[-0.1906,0,0.9817,0,0,1,0,0,-0.9817,0,-0.1906,0,27.4047,0,0,1]},
{"frame":7,"values":[-0.0321,0,0.9995,0,0,1,0,0,-0.9995,0,-0.0321,0,27.4047,0,0,1]},
{"frame":8,"values":[0.1712,0,0.9852,0,0,1,0,0,-0.9852,0,0.1712,0,27.4047,0,0,1]},
{"frame":9,"values":[0.415,0,0.9098,0,0,1,0,0,-0.9098,0,0.415,0,27.4047,0,0,1]},
{"frame":10,"values":[0.6034,0,0.7975,0,0,1,0,0,-0.7975,0,0.6034,0,27.4047,0,0,1]},
{"frame":11,"values":[0.648,0,0.7616,0,0,1,0,0,-0.7616,0,0.648,0,27.4047,0,0,1]},
{"frame":12,"values":[0.59,0,0.8074,0,0,1,0,0,-0.8074,0,0.59,0,27.4047,0,0,1]},
{"frame":13,"values":[0.52,0,0.8542,0,0,1,0,0,-0.8542,0,0.52,0,27.4047,0,0,1]},
{"frame":14,"values":[0.4368,0,0.8995,0,0,1,0,0,-0.8995,0,0.4368,0,27.4047,0,0,1]},
{"frame":15,"values":[0.3563,0,0.9344,0,0,1,0,0,-0.9344,0,0.3563,0,27.4047,0,0,1]},
{"frame":16,"values":[0.3847,0,0.923,0,0,1,0,0,-0.923,0,0.3847,0,27.4047,0,0,1]},
{"frame":17,"values":[0.4358,0,0.9,0,0,1,0,0,-0.9,0,0.4358,0,27.4047,0,0,1]},
{"frame":18,"values":[0.4707,0,0.8823,0,0,1,0,0,-0.8823,0,0.4707,0,27.4047,0,0,1]},
{"frame":19,"values":[0.4968,0,0.8679,0,0,1,0,0,-0.8679,0,0.4968,0,27.4047,0,0,1]},
{"frame":20,"values":[0.5267,0,0.8501,0,0,1,0,0,-0.8501,0,0.5267,0,27.4047,0,0,1]},
{"frame":21,"values":[0.5678,0,0.8231,0,0,1,0,0,-0.8231,0,0.5678,0,27.4047,0,0,1]},
{"frame":22,"values":[0.5599,0,0.8286,0,0,1,0,0,-0.8286,0,0.5599,0,27.4047,0,0,1]},
{"frame":23,"values":[0.4843,0,0.8749,0,0,1,0,0,-0.8749,0,0.4843,0,27.4047,0,0,1]},
{"frame":24,"values":[0.329,0,0.9443,0,0,1,0,0,-0.9443,0,0.329,0,27.4047,0,0,1]}],"loopBehavior":1,"name":"anim","property":"_matrix"}},
{"name":"mixamorig:LeftHand","index":12,"matrix":[0.9385,0.2936,0.182,0,-0.2698,0.952,-0.1446,0,-0.2157,0.0866,0.9726,0,27.6145,0,0,1],"rest":[1,0,0,0,0,1,0,0,0,0,1,0,27.6145,0,0,1],"parentBoneIndex":11,"length":10.9801
,"animation":{"dataType":3,"framePerSecond":30,"keys":[
{"frame":1,"values":[0.9385,0.2936,0.182,0,-0.2698,0.952,-0.1446,0,-0.2157,0.0866,0.9726,0,27.6145,0,0,1]},
{"frame":2,"values":[0.9339,0.3063,0.1842,0,-0.2801,0.9473,-0.1553,0,-0.222,0.0934,0.9706,0,27.6145,0,0,1]},
{"frame":3,"values":[0.9281,0.3219,0.1868,0,-0.2924,0.9412,-0.1692,0,-0.2303,0.1024,0.9677,0,27.6145,0,0,1]},
{"frame":4,"values":[0.9241,0.3326,0.1881,0,-0.3008,0.9368,-0.1788,0,-0.2357,0.1086,0.9657,0,27.6145,0,0,1]},
{"frame":5,"values":[0.9252,0.3308,0.1862,0,-0.2998,0.9376,-0.1763,0,-0.2329,0.1073,0.9666,0,27.6145,0,0,1]},
{"frame":6,"values":[0.9339,0.3102,0.1776,0,-0.2847,0.946,-0.1551,0,-0.2161,0.0943,0.9718,0,27.6145,0,0,1]},
{"frame":7,"values":[0.9474,0.2742,0.1651,0,-0.2569,0.9591,-0.1191,0,-0.191,0.0704,0.9791,0,27.6145,0,0,1]},
{"frame":8,"values":[0.9602,0.2313,0.1567,0,-0.2215,0.9721,-0.0778,0,-0.1703,0.04,0.9846,0,27.6145,0,0,1]},
{"frame":9,"values":[0.9727,0.1752,0.1523,0,-0.1734,0.9845,-0.0249,0,-0.1543,-0.0022,0.988,0,27.6144,0,0,1]},
{"frame":10,"values":[0.9893,0.1064,0.0996,0,-0.1126,0.9919,0.0588,0,-0.0925,-0.0694,0.9933,0,27.6145,0,0,1]},
{"frame":11,"values":[0.997,0.0657,0.042,0,-0.0704,0.99,0.1219,0,-0.0336,-0.1245,0.9917,0,27.6145,0,0,1]},
{"frame":12,"values":[0.9994,0.0281,0.0198,0,-0.0305,0.9906,0.1337,0,-0.0159,-0.1342,0.9908,0,27.6145,0,0,1]},
{"frame":13,"values":[0.9998,-0.0187,0.0089,0,0.0174,0.9912,0.1315,0,-0.0113,-0.1313,0.9913,0,27.6145,0,0,1]},
{"frame":14,"values":[0.9989,-0.0477,-0.0005,0,0.0473,0.9889,0.1409,0,-0.0063,-0.1408,0.99,0,27.6145,0,0,1]},
{"frame":15,"values":[0.9987,-0.0507,-0.0032,0,0.0507,0.9893,0.1367,0,-0.0038,-0.1366,0.9906,0,27.6145,0,0,1]},
{"frame":16,"values":[0.9999,-0.0162,-0.005,0,0.0167,0.9941,0.1068,0,0.0033,-0.1069,0.9943,0,27.6145,0,0,1]},
{"frame":17,"values":[0.9999,-0.0044,-0.0095,0,0.0053,0.9948,0.1014,0,0.009,-0.1015,0.9948,0,27.6145,0,0,1]},
{"frame":18,"values":[0.9999,-0.007,0.0153,0,0.005,0.992,0.1263,0,-0.016,-0.1262,0.9919,0,27.6145,0,0,1]},
{"frame":19,"values":[0.9986,0.0058,0.0521,0,-0.013,0.9903,0.1384,0,-0.0508,-0.1389,0.989,0,27.6145,0,0,1]},
{"frame":20,"values":[0.9958,0.039,0.0831,0,-0.0484,0.9923,0.114,0,-0.078,-0.1175,0.99,0,27.6145,0,0,1]},
{"frame":21,"values":[0.9901,0.0944,0.1036,0,-0.101,0.9931,0.06,0,-0.0972,-0.0698,0.9928,0,27.6145,0,0,1]},
{"frame":22,"values":[0.9828,0.147,0.1122,0,-0.1488,0.9888,0.0079,0,-0.1097,-0.0245,0.9937,0,27.6145,0,0,1]},
{"frame":23,"values":[0.963,0.218,0.1585,0,-0.2104,0.9755,-0.0638,0,-0.1685,0.0281,0.9853,0,27.6145,0,0,1]},
{"frame":24,"values":[0.9385,0.2936,0.182,0,-0.2698,0.952,-0.1446,0,-0.2157,0.0866,0.9726,0,27.6145,0,0,1]}],"loopBehavior":1,"name":"anim","property":"_matrix"}},
{"name":"mixamorig:LeftHandMiddle1","index":13,"matrix":[0.6631,-0.7469,0.0484,0,0.7483,0.6603,-0.0637,0,0.0157,0.0785,0.9968,0,12.7755,0,0,1],"rest":[1,0,0,0,0,1,0,0,0,0,1,0,12.7755,0,0,1],"parentBoneIndex":12,"length":3.614
,"animation":{"dataType":3,"framePerSecond":30,"keys":[
{"frame":1,"values":[0.6631,-0.7469,0.0484,0,0.7483,0.6603,-0.0637,0,0.0157,0.0785,0.9968,0,12.7755,0,0,1]},
{"frame":2,"values":[0.6407,-0.7663,0.0468,0,0.7675,0.6376,-0.0669,0,0.0214,0.0788,0.9967,0,12.7755,0,0,1]},
{"frame":3,"values":[0.5895,-0.8066,0.0438,0,0.8071,0.5858,-0.0739,0,0.034,0.0789,0.9963,0,12.7755,0,0,1]},
{"frame":4,"values":[0.5346,-0.8441,0.0411,0,0.8438,0.5305,-0.0812,0,0.0467,0.0781,0.9959,0,12.7755,0,0,1]},
{"frame":5,"values":[0.5063,-0.8614,0.04,0,0.8607,0.5019,-0.0848,0,0.053,0.0774,0.9956,0,12.7755,0,0,1]},
{"frame":6,"values":[0.5137,-0.857,0.04,0,0.8564,0.5095,-0.0839,0,0.0515,0.0773,0.9957,0,12.7755,0,0,1]},
{"frame":7,"values":[0.5389,-0.8414,0.0403,0,0.8411,0.5348,-0.0806,0,0.0463,0.0773,0.9959,0,12.7755,0,0,1]},
{"frame":8,"values":[0.5755,-0.8168,0.0408,0,0.8169,0.5718,-0.0758,0,0.0386,0.077,0.9963,0,12.7755,0,0,1]},
{"frame":9,"values":[0.6183,-0.7849,0.0418,0,0.7854,0.615,-0.07,0,0.0292,0.0762,0.9967,0,12.7755,0,0,1]},
{"frame":10,"values":[0.662,-0.7482,0.0432,0,0.7492,0.6592,-0.064,0,0.0194,0.0747,0.997,0,12.7755,0,0,1]},
{"frame":11,"values":[0.7024,-0.7104,0.0449,0,0.7117,0.7,-0.0582,0,0.0099,0.0728,0.9973,0,12.7755,0,0,1]},
{"frame":12,"values":[0.7358,-0.6756,0.0466,0,0.6772,0.7338,-0.0533,0,0.0018,0.0708,0.9975,0,12.7755,0,0,1]},
{"frame":13,"values":[0.7594,-0.6489,0.048,0,0.6507,0.7577,-0.0497,0,-0.0041,0.069,0.9976,0,12.7755,0,0,1]},
{"frame":14,"values":[0.7707,-0.6354,0.0488,0,0.6372,0.7692,-0.048,0,-0.007,0.0681,0.9977,0,12.7755,0,0,1]},
{"frame":15,"values":[0.7701,-0.636,0.0488,0,0.6379,0.7686,-0.0481,0,-0.007,0.0682,0.9977,0,12.7755,0,0,1]},
{"frame":16,"values":[0.7634,-0.6441,0.0487,0,0.6459,0.7619,-0.0491,0,-0.0055,0.0689,0.9976,0,12.7755,0,0,1]},
{"frame":17,"values":[0.7524,-0.6569,0.0486,0,0.6587,0.7507,-0.0508,0,-0.0031,0.0702,0.9975,0,12.7755,0,0,1]},
{"frame":18,"values":[0.7383,-0.6728,0.0484,0,0.6745,0.7364,-0.0529,0,-0.0001,0.0717,0.9974,0,12.7755,0,0,1]},
{"frame":19,"values":[0.7221,-0.6901,0.0483,0,0.6918,0.72,-0.0553,0,0.0034,0.0733,0.9973,0,12.7755,0,0,1]},
{"frame":20,"values":[0.7053,-0.7072,0.0482,0,0.7088,0.703,-0.0577,0,0.0069,0.0749,0.9972,0,12.7755,0,0,1]},
{"frame":21,"values":[0.6894,-0.7228,0.0482,0,0.7243,0.6869,-0.06,0,0.0102,0.0763,0.997,0,12.7755,0,0,1]},
{"frame":22,"values":[0.676,-0.7354,0.0483,0,0.7368,0.6732,-0.0619,0,0.013,0.0774,0.9969,0,12.7755,0,0,1]},
{"frame":23,"values":[0.6666,-0.7438,0.0483,0,0.7452,0.6638,-0.0633,0,0.015,0.0782,0.9968,0,12.7755,0,0,1]},
{"frame":24,"values":[0.6631,-0.7469,0.0484,0,0.7483,0.6603,-0.0637,0,0.0157,0.0785,0.9968,0,12.7755,0,0,1]}],"loopBehavior":1,"name":"anim","property":"_matrix"}},
{"name":"mixamorig:LeftHandMiddle2","index":14,"matrix":[0.403,-0.9104,-0.0932,0,0.9104,0.4092,-0.0605,0,0.0932,-0.0605,0.9938,0,3.614,0,0,1],"rest":[1,0,0,0,0,1,0,0,0,0,1,0,3.614,0,0,1],"parentBoneIndex":13,"length":3.4598
,"animation":{"dataType":3,"framePerSecond":30,"keys":[
{"frame":1,"values":[0.403,-0.9104,-0.0932,0,0.9104,0.4092,-0.0605,0,0.0932,-0.0605,0.9938,0,3.614,0,0,1]},
{"frame":2,"values":[0.3744,-0.9224,-0.0945,0,0.9224,0.3809,-0.0634,0,0.0945,-0.0634,0.9935,0,3.614,0,0,1]},
{"frame":3,"values":[0.3103,-0.9457,-0.0969,0,0.9457,0.3174,-0.0699,0,0.0969,-0.0699,0.9928,0,3.614,0,0,1]},
{"frame":4,"values":[0.2434,-0.9649,-0.0988,0,0.9649,0.2513,-0.0767,0,0.0988,-0.0767,0.9921,0,3.614,0,0,1]},
{"frame":5,"values":[0.2095,-0.9727,-0.0996,0,0.9727,0.2177,-0.0801,0,0.0996,-0.0801,0.9918,0,3.614,0,0,1]},
{"frame":6,"values":[0.2184,-0.9708,-0.0994,0,0.9708,0.2265,-0.0792,0,0.0994,-0.0792,0.9919,0,3.614,0,0,1]},
{"frame":7,"values":[0.2484,-0.9636,-0.0987,0,0.9636,0.2562,-0.0762,0,0.0987,-0.0762,0.9922,0,3.614,0,0,1]},
{"frame":8,"values":[0.2928,-0.9512,-0.0974,0,0.9512,0.3001,-0.0717,0,0.0974,-0.0717,0.9927,0,3.614,0,0,1]},
{"frame":9,"values":[0.3456,-0.9335,-0.0956,0,0.9335,0.3524,-0.0663,0,0.0956,-0.0663,0.9932,0,3.614,0,0,1]},
{"frame":10,"values":[0.4008,-0.9114,-0.0933,0,0.9114,0.407,-0.0607,0,0.0933,-0.0607,0.9938,0,3.614,0,0,1]},
