{"producer":{"name":"Blender","version":"2.79 (sub 0)","exporter_version":"5.6.4","file":"malerunturnright.babylon"},
"autoClear":true,"clearColor":[0.0509,0.0509,0.0509],"ambientColor":[0,0,0],"gravity":[0,-9.81,0],
"materials":[{"name":"malerunturnright.Alpha_Joints_MAT","id":"malerunturnright.Alpha_Joints_MAT","ambient":[0.1536,0.2129,0.2222],"diffuse":[0.1228,0.1703,0.1778],"specular":[0.141,0.141,0.141],"emissive":[0,0,0],"specularPower":11,"alpha":1,"backFaceCulling":true,"checkReadyOnlyOnce":false,"maxSimultaneousLights":4},
{"name":"malerunturnright.Alpha_Body_MAT","id":"malerunturnright.Alpha_Body_MAT","ambient":[0.0966,0.4216,0.522],"diffuse":[0.0773,0.3373,0.4176],"specular":[0.2393,0.2393,0.2393],"emissive":[0,0,0],"specularPower":19,"alpha":1,"backFaceCulling":true,"checkReadyOnlyOnce":false,"maxSimultaneousLights":4}],
"multiMaterials":[],
"skeletons":[{"name":"Armature","id":0,"dimensionsAtRest":[194.6188,193.2823,30.9004],"bones":[
{"name":"mixamorig:Hips","index":0,"matrix":[0.9686,0.2357,-0.0792,0,-0.2451,0.9586,-0.145,0,-0.0418,-0.1598,-0.9863,0,0.0457,84.32,-0.0828,1],"rest":[1,0,0,0,0,1,0,0,0,0,-1,0,0,99.6721,-0.2471,1],"parentBoneIndex":-1,"length":10.8627
,"animation":{"dataType":3,"framePerSecond":30,"keys":[
{"frame":1,"values":[0.9686,0.2357,-0.0792,0,-0.2451,0.9586,-0.145,0,-0.0418,-0.1598,-0.9863,0,0.0457,84.32,-0.0828,1]},
{"frame":2,"values":[0.9581,0.2753,-0.0797,0,-0.2848,0.9456,-0.1572,0,-0.0321,-0.1733,-0.9844,0,3.7541,86.0304,-1.061,1]},
{"frame":3,"values":[0.9451,0.3169,-0.0794,0,-0.3262,0.9295,-0.172,0,-0.0193,-0.1884,-0.9819,0,7.4662,88.0659,-1.9626,1]},
{"frame":4,"values":[0.932,0.3542,-0.0766,0,-0.3623,0.914,-0.1825,0,-0.0053,-0.1978,-0.9802,0,10.9746,89.981,-2.736,1]},
{"frame":5,"values":[0.9217,0.3815,-0.07,0,-0.3878,0.9036,-0.1817,0,0.0061,-0.1947,-0.9809,0,14.1194,91.1675,-3.2133,1]},
{"frame":6,"values":[0.9219,0.3826,-0.0613,0,-0.3875,0.9076,-0.1617,0,0.0062,-0.1728,-0.9849,0,16.8267,90.8403,-3.663,1]},
{"frame":7,"values":[0.9297,0.3647,-0.0511,0,-0.3682,0.9209,-0.1278,0,-0.0004,-0.1376,-0.9905,0,19.1898,89.3583,-4.2679,1]},
{"frame":8,"values":[0.9329,0.358,-0.0387,0,-0.3601,0.9278,-0.0971,0,-0.0012,-0.1045,-0.9945,0,21.4765,87.4613,-4.7083,1]},
{"frame":9,"values":[0.9158,0.4011,-0.0191,0,-0.4011,0.9118,-0.088,0,0.0179,-0.0883,-0.9959,0,23.6576,85.2891,-4.2613,1]},
{"frame":10,"values":[0.896,0.444,0.0005,0,-0.4417,0.8916,-0.0998,0,0.0448,-0.0891,-0.995,0,25.3641,83.4171,-2.7055,1]},
{"frame":11,"values":[0.9036,0.4281,0.0162,0,-0.4242,0.8994,-0.1056,0,0.0598,-0.0886,-0.9943,0,26.2462,82.7414,-1.4547,1]},
{"frame":12,"values":[0.9271,0.3747,0.0073,0,-0.3725,0.9235,-0.0913,0,0.0409,-0.0819,-0.9958,0,26.0534,83.8905,-1.4385,1]},
{"frame":13,"values":[0.9468,0.3175,-0.0516,0,-0.3209,0.9436,-0.0817,0,-0.0227,-0.0939,-0.9953,0,24.8984,86.3522,-2.5134,1]},
{"frame":14,"values":[0.9519,0.2715,-0.1418,0,-0.2851,0.9546,-0.0859,0,-0.1121,-0.1222,-0.9862,0,23.506,88.1877,-3.6134,1]},
{"frame":15,"values":[0.9421,0.258,-0.214,0,-0.2829,0.9545,-0.0946,0,-0.1798,-0.1496,-0.9723,0,22.179,88.894,-4.1174,1]},
{"frame":16,"values":[0.9288,0.2799,-0.2431,0,-0.3108,0.9453,-0.0991,0,-0.202,-0.1676,-0.9649,0,20.0453,90.343,-5.0605,1]},
{"frame":17,"values":[0.9186,0.3096,-0.2457,0,-0.3393,0.9366,-0.0882,0,-0.2028,-0.1643,-0.9653,0,17.8418,90.8216,-5.7682,1]},
{"frame":18,"values":[0.9137,0.3252,-0.2439,0,-0.3495,0.9349,-0.0627,0,-0.2076,-0.1425,-0.9678,0,15.8756,89.9293,-5.9611,1]},
{"frame":19,"values":[0.9121,0.3258,-0.2487,0,-0.3434,0.9387,-0.0299,0,-0.2237,-0.1127,-0.9681,0,14.1132,87.8672,-6.1903,1]},
{"frame":20,"values":[0.9079,0.3127,-0.2792,0,-0.3252,0.9456,0.0015,0,-0.2645,-0.0894,-0.9602,0,12.4545,84.7939,-6.1013,1]},
{"frame":21,"values":[0.8862,0.2746,-0.3733,0,-0.2931,0.9561,0.0075,0,-0.3589,-0.1028,-0.9277,0,10.6632,82.1514,-4.6038,1]},
{"frame":22,"values":[0.8304,0.234,-0.5056,0,-0.2741,0.9617,-0.0051,0,-0.4851,-0.1428,-0.8627,0,8.495,81.1188,-2.7311,1]},
{"frame":23,"values":[0.772,0.2177,-0.5972,0,-0.2691,0.9631,0.0033,0,-0.5759,-0.1581,-0.8021,0,4.9127,82.1233,-1.3537,1]},
{"frame":24,"values":[0.7402,0.2357,-0.6297,0,-0.2837,0.9586,0.0254,0,-0.6096,-0.1598,-0.7764,0,-0.0112,84.32,-0.0939,1]}],"loopBehavior":1,"name":"anim","property":"_matrix"}},
{"name":"mixamorig:Spine","index":1,"matrix":[0.9977,-0.0075,-0.0667,0,0.0199,0.982,0.1876,0,0.0641,-0.1885,0.98,0,0,9.9235,-1.2273,1],"rest":[1,0,0,0,0,1,0,0,0,0,1,0,0,9.9235,-1.2273,1],"parentBoneIndex":0,"length":11.732
,"animation":{"dataType":3,"framePerSecond":30,"keys":[
{"frame":1,"values":[0.9977,-0.0075,-0.0667,0,0.0199,0.982,0.1876,0,0.0641,-0.1885,0.98,0,0,9.9235,-1.2273,1]},
{"frame":2,"values":[0.9954,-0.0274,-0.0919,0,0.0416,0.987,0.1553,0,0.0865,-0.1584,0.9836,0,0,9.9235,-1.2273,1]},
{"frame":3,"values":[0.9918,-0.0502,-0.1176,0,0.0643,0.9908,0.1192,0,0.1105,-0.1257,0.9859,0,0,9.9235,-1.2273,1]},
{"frame":4,"values":[0.9883,-0.0725,-0.1342,0,0.0849,0.9924,0.089,0,0.1268,-0.0994,0.9869,0,0,9.9235,-1.2273,1]},
{"frame":5,"values":[0.9868,-0.0906,-0.1343,0,0.1013,0.9921,0.0747,0,0.1265,-0.0873,0.9881,0,0,9.9235,-1.2273,1]},
{"frame":6,"values":[0.9893,-0.0908,-0.1139,0,0.1009,0.9911,0.0865,0,0.105,-0.097,0.9897,0,0,9.9235,-1.2273,1]},
{"frame":7,"values":[0.9937,-0.0801,-0.0778,0,0.0889,0.9891,0.1173,0,0.0676,-0.1234,0.99,0,0,9.9235,-1.2273,1]},
{"frame":8,"values":[0.9956,-0.0849,-0.0405,0,0.09,0.985,0.1471,0,0.0274,-0.1501,0.9883,0,0,9.9235,-1.2273,1]},
{"frame":9,"values":[0.9902,-0.1395,-0.0086,0,0.139,0.9768,0.1631,0,-0.0143,-0.1627,0.9866,0,0,9.9235,-1.2273,1]},
{"frame":10,"values":[0.9809,-0.1908,0.0374,0,0.1809,0.9661,0.1841,0,-0.0713,-0.1738,0.9822,0,0,9.9235,-1.2273,1]},
{"frame":11,"values":[0.9797,-0.1739,0.0999,0,0.1509,0.9674,0.2035,0,-0.132,-0.1843,0.974,0,0,9.9235,-1.2273,1]},
{"frame":12,"values":[0.9782,-0.1185,0.1704,0,0.0809,0.9737,0.2128,0,-0.1911,-0.1944,0.9621,0,0,9.9235,-1.2273,1]},
{"frame":13,"values":[0.9756,-0.0619,0.2107,0,0.0194,0.98,0.1979,0,-0.2187,-0.189,0.9573,0,0,9.9235,-1.2273,1]},
{"frame":14,"values":[0.975,-0.0186,0.2212,0,-0.0212,0.9841,0.1764,0,-0.221,-0.1767,0.9591,0,0,9.9235,-1.2273,1]},
{"frame":15,"values":[0.9718,-0.0085,0.2355,0,-0.0315,0.9857,0.1654,0,-0.2335,-0.1682,0.9577,0,0,9.9235,-1.2273,1]},
{"frame":16,"values":[0.9678,-0.0184,0.251,0,-0.0141,0.9918,0.1273,0,-0.2513,-0.1268,0.9596,0,0,9.9235,-1.2273,1]},
{"frame":17,"values":[0.9683,-0.0326,0.2475,0,0.0089,0.9953,0.0963,0,-0.2495,-0.0911,0.9641,0,0,9.9235,-1.2273,1]},
{"frame":18,"values":[0.9717,-0.0413,0.2327,0,0.0194,0.9952,0.0955,0,-0.2355,-0.0883,0.9679,0,0,9.9235,-1.2273,1]},
{"frame":19,"values":[0.9744,-0.036,0.222,0,0.0134,0.9947,0.1023,0,-0.2245,-0.0967,0.9696,0,0,9.9235,-1.2273,1]},
{"frame":20,"values":[0.9788,-0.0237,0.2035,0,-0.0009,0.9928,0.1197,0,-0.2049,-0.1174,0.9717,0,0,9.9235,-1.2273,1]},
{"frame":21,"values":[0.9895,-0.0029,0.1443,0,-0.0196,0.9877,0.1549,0,-0.1429,-0.1561,0.9773,0,0,9.9235,-1.2273,1]},
{"frame":22,"values":[0.9983,0.0167,0.0554,0,-0.0265,0.983,0.1817,0,-0.0514,-0.1829,0.9818,0,0,9.9235,-1.2273,1]},
{"frame":23,"values":[0.9997,0.0178,-0.0184,0,-0.0139,0.9806,0.1956,0,0.0215,-0.1953,0.9805,0,0,9.9235,-1.2273,1]},
{"frame":24,"values":[0.9977,-0.0075,-0.0667,0,0.0199,0.982,0.1876,0,0.0641,-0.1885,0.98,0,0,9.9235,-1.2273,1]}],"loopBehavior":1,"name":"anim","property":"_matrix"}},
{"name":"mixamorig:Spine1","index":2,"matrix":[0.9998,0.0027,-0.0186,0,-0.0025,0.9999,0.013,0,0.0187,-0.0129,0.9997,0,-0.0001,11.6454,-1.4223,1],"rest":[1,0,0,0,0,1,0,0,0,0,1,0,-0.0001,11.6454,-1.4223,1],"parentBoneIndex":1,"length":13.4588
,"animation":{"dataType":3,"framePerSecond":30,"keys":[
{"frame":1,"values":[0.9998,0.0027,-0.0186,0,-0.0025,0.9999,0.013,0,0.0187,-0.0129,0.9997,0,-0.0001,11.6454,-1.4223,1]},
{"frame":2,"values":[0.9997,-0.002,-0.025,0,0.0023,0.9999,0.0098,0,0.025,-0.0099,0.9996,0,-0.0001,11.6454,-1.4223,1]},
{"frame":3,"values":[0.9995,-0.0071,-0.032,0,0.0073,1,0.0064,0,0.0319,-0.0067,0.9995,0,-0.0001,11.6454,-1.4223,1]},
{"frame":4,"values":[0.9992,-0.0117,-0.0371,0,0.0118,0.9999,0.0036,0,0.0371,-0.004,0.9993,0,-0.0001,11.6454,-1.4223,1]},
{"frame":5,"values":[0.9992,-0.0148,-0.0381,0,0.0149,0.9999,0.0021,0,0.0381,-0.0027,0.9993,0,-0.0001,11.6454,-1.4223,1]},
{"frame":6,"values":[0.9994,-0.0147,-0.0323,0,0.0148,0.9999,0.0032,0,0.0322,-0.0036,0.9995,0,-0.0001,11.6454,-1.4223,1]},
{"frame":7,"values":[0.9997,-0.0125,-0.0215,0,0.0127,0.9999,0.006,0,0.0214,-0.0062,0.9998,0,-0.0001,11.6454,-1.4223,1]},
{"frame":8,"values":[0.9999,-0.0129,-0.0106,0,0.013,0.9999,0.0083,0,0.0105,-0.0085,0.9999,0,-0.0001,11.6454,-1.4223,1]},
{"frame":9,"values":[0.9998,-0.0215,-0.002,0,0.0215,0.9997,0.0085,0,0.0019,-0.0085,1,0,-0.0001,11.6454,-1.4223,1]},
{"frame":10,"values":[0.9995,-0.0306,0.0099,0,0.0305,0.9995,0.0072,0,-0.0101,-0.0069,0.9999,0,-0.0001,11.6454,-1.4223,1]},
{"frame":11,"values":[0.9993,-0.0274,0.0268,0,0.0273,0.9996,0.0057,0,-0.0269,-0.0049,0.9996,0,-0.0001,11.6454,-1.4223,1]},
{"frame":12,"values":[0.9988,-0.0166,0.0466,0,0.0164,0.9998,0.0057,0,-0.0467,-0.005,0.9989,0,-0.0001,11.6454,-1.4223,1]},
{"frame":13,"values":[0.9983,-0.0072,0.0579,0,0.007,1,0.0047,0,-0.0579,-0.0043,0.9983,0,-0.0001,11.6454,-1.4223,1]},
{"frame":14,"values":[0.9982,-0.0002,0.0608,0,0.0002,1,-0.0004,0,-0.0608,0.0004,0.9982,0,-0.0001,11.6454,-1.4223,1]},
{"frame":15,"values":[0.9979,0.005,0.0644,0,-0.0043,0.9999,-0.0114,0,-0.0645,0.0111,0.9979,0,-0.0001,11.6454,-1.4223,1]},
{"frame":16,"values":[0.9977,0.0033,0.0683,0,-0.0026,1,-0.0096,0,-0.0684,0.0094,0.9976,0,-0.0001,11.6454,-1.4223,1]},
{"frame":17,"values":[0.9977,-0.0032,0.0671,0,0.0034,1,-0.003,0,-0.0671,0.0032,0.9977,0,-0.0001,11.6454,-1.4223,1]},
{"frame":18,"values":[0.998,-0.0063,0.0624,0,0.0063,1,-0.0006,0,-0.0624,0.001,0.9981,0,-0.0001,11.6454,-1.4223,1]},
{"frame":19,"values":[0.9982,-0.0063,0.059,0,0.0062,1,0.0021,0,-0.0591,-0.0017,0.9983,0,-0.0001,11.6454,-1.4223,1]},
{"frame":20,"values":[0.9985,-0.0047,0.0537,0,0.0045,1,0.0041,0,-0.0537,-0.0038,0.9985,0,-0.0001,11.6454,-1.4223,1]},
{"frame":21,"values":[0.9993,-0.0002,0.0379,0,0.0001,1,0.0032,0,-0.0379,-0.0032,0.9993,0,-0.0001,11.6454,-1.4223,1]},
{"frame":22,"values":[0.9999,0.0053,0.0145,0,-0.0054,1,0.0039,0,-0.0145,-0.004,0.9999,0,-0.0001,11.6454,-1.4223,1]},
{"frame":23,"values":[1,0.008,-0.0053,0,-0.0079,0.9999,0.011,0,0.0054,-0.011,0.9999,0,-0.0001,11.6454,-1.4223,1]},
{"frame":24,"values":[0.9998,0.0027,-0.0186,0,-0.0025,0.9999,0.013,0,0.0187,-0.0129,0.9997,0,-0.0001,11.6454,-1.4223,1]}],"loopBehavior":1,"name":"anim","property":"_matrix"}},
{"name":"mixamorig:Spine2","index":3,"matrix":[0.9998,0.0027,-0.0184,0,-0.0024,0.9999,0.013,0,0.0185,-0.013,0.9997,0,0.0001,13.3602,-1.6265,1],"rest":[1,0,0,0,0,1,0,0,0,0,1,0,0.0001,13.3602,-1.6265,1],"parentBoneIndex":2,"length":12.3444
,"animation":{"dataType":3,"framePerSecond":30,"keys":[
{"frame":1,"values":[0.9998,0.0027,-0.0184,0,-0.0024,0.9999,0.013,0,0.0185,-0.013,0.9997,0,0.0001,13.3602,-1.6265,1]},
{"frame":2,"values":[0.9997,-0.002,-0.0249,0,0.0023,0.9999,0.0098,0,0.0248,-0.0099,0.9996,0,0.0001,13.3602,-1.6265,1]},
{"frame":3,"values":[0.9995,-0.0071,-0.0319,0,0.0073,1,0.0063,0,0.0319,-0.0066,0.9995,0,0.0001,13.3602,-1.6265,1]},
{"frame":4,"values":[0.9992,-0.0117,-0.0372,0,0.0118,0.9999,0.0034,0,0.0372,-0.0038,0.9993,0,0.0001,13.3602,-1.6265,1]},
{"frame":5,"values":[0.9992,-0.0148,-0.0383,0,0.0149,0.9999,0.0019,0,0.0382,-0.0025,0.9993,0,0.0001,13.3602,-1.6265,1]},
{"frame":6,"values":[0.9994,-0.0147,-0.0325,0,0.0148,0.9999,0.003,0,0.0324,-0.0034,0.9995,0,0.0001,13.3602,-1.6265,1]},
{"frame":7,"values":[0.9997,-0.0126,-0.0216,0,0.0127,0.9999,0.0058,0,0.0216,-0.0061,0.9997,0,0.0001,13.3602,-1.6265,1]},
{"frame":8,"values":[0.9999,-0.013,-0.0108,0,0.013,0.9999,0.0082,0,0.0107,-0.0083,0.9999,0,0.0001,13.3602,-1.6265,1]},
{"frame":9,"values":[0.9998,-0.0216,-0.0026,0,0.0216,0.9997,0.0083,0,0.0024,-0.0084,1,0,0.0001,13.3602,-1.6265,1]},
{"frame":10,"values":[0.9995,-0.0307,0.009,0,0.0307,0.9995,0.0071,0,-0.0092,-0.0068,0.9999,0,0.0001,13.3602,-1.6265,1]},
{"frame":11,"values":[0.9993,-0.0276,0.0258,0,0.0275,0.9996,0.0058,0,-0.0259,-0.0051,0.9997,0,0.0001,13.3602,-1.6265,1]},
{"frame":12,"values":[0.9988,-0.0167,0.0459,0,0.0165,0.9998,0.006,0,-0.046,-0.0053,0.9989,0,0.0001,13.3602,-1.6265,1]},
{"frame":13,"values":[0.9983,-0.0073,0.0575,0,0.007,1,0.0049,0,-0.0575,-0.0045,0.9983,0,0.0001,13.3602,-1.6265,1]},
{"frame":14,"values":[0.9982,-0.0002,0.0606,0,0.0002,1,-0.0004,0,-0.0606,0.0004,0.9982,0,0.0001,13.3602,-1.6265,1]},
{"frame":15,"values":[0.9979,0.0054,0.0643,0,-0.0046,0.9999,-0.0114,0,-0.0644,0.0111,0.9979,0,0.0001,13.3602,-1.6265,1]},
{"frame":16,"values":[0.9977,0.0034,0.0682,0,-0.0027,1,-0.0095,0,-0.0682,0.0093,0.9976,0,0.0001,13.3602,-1.6265,1]},
{"frame":17,"values":[0.9978,-0.0034,0.0668,0,0.0036,1,-0.0028,0,-0.0668,0.0031,0.9978,0,0.0001,13.3602,-1.6265,1]},
{"frame":18,"values":[0.998,-0.0064,0.0621,0,0.0064,1,-0.0004,0,-0.0621,0.0008,0.9981,0,0.0001,13.3602,-1.6265,1]},
{"frame":19,"values":[0.9983,-0.0063,0.0587,0,0.0062,1,0.0022,0,-0.0588,-0.0018,0.9983,0,0.0001,13.3602,-1.6265,1]},
{"frame":20,"values":[0.9986,-0.0047,0.0535,0,0.0045,1,0.0041,0,-0.0535,-0.0038,0.9986,0,0.0001,13.3602,-1.6265,1]},
{"frame":21,"values":[0.9993,-0.0002,0.0378,0,0.0001,1,0.003,0,-0.0378,-0.003,0.9993,0,0.0001,13.3602,-1.6265,1]},
{"frame":22,"values":[0.9999,0.0055,0.0147,0,-0.0055,1,0.0038,0,-0.0147,-0.0039,0.9999,0,0.0001,13.3602,-1.6265,1]},
{"frame":23,"values":[1,0.0081,-0.005,0,-0.008,0.9999,0.011,0,0.005,-0.011,0.9999,0,0.0001,13.3602,-1.6265,1]},
{"frame":24,"values":[0.9998,0.0027,-0.0184,0,-0.0024,0.9999,0.013,0,0.0185,-0.013,0.9997,0,0.0001,13.3602,-1.6265,1]}],"loopBehavior":1,"name":"anim","property":"_matrix"}},
{"name":"mixamorig:Neck","index":4,"matrix":[0.9992,0.0072,0.0396,0,-0.0028,0.9941,-0.1088,0,-0.0402,0.1086,0.9933,0,0,15.0325,0.7929,1],"rest":[1,0,0,0,0,1,0,0,0,0,1,0,0,15.0325,0.7929,1],"parentBoneIndex":3,"length":10.7896
,"animation":{"dataType":3,"framePerSecond":30,"keys":[
{"frame":1,"values":[0.9992,0.0072,0.0396,0,-0.0028,0.9941,-0.1088,0,-0.0402,0.1086,0.9933,0,0,15.0325,0.7929,1]},
{"frame":2,"values":[0.999,0.0021,0.044,0,0.0028,0.9938,-0.111,0,-0.0439,0.111,0.9928,0,0,15.0325,0.7929,1]},
{"frame":3,"values":[0.9988,-0.0035,0.0486,0,0.009,0.9935,-0.1135,0,-0.0479,0.1138,0.9923,0,0,15.0325,0.7929,1]},
{"frame":4,"values":[0.9986,-0.0083,0.0526,0,0.0143,0.9932,-0.1154,0,-0.0513,0.116,0.9919,0,0,15.0325,0.7929,1]},
{"frame":5,"values":[0.9984,-0.0111,0.055,0,0.0174,0.9931,-0.1157,0,-0.0534,0.1165,0.9918,0,0,15.0325,0.7929,1]},
{"frame":6,"values":[0.9984,-0.0106,0.0548,0,0.0168,0.9934,-0.1132,0,-0.0532,0.114,0.9921,0,0,15.0325,0.7929,1]},
{"frame":7,"values":[0.9986,-0.0077,0.0527,0,0.0134,0.994,-0.1088,0,-0.0515,0.1093,0.9927,0,0,15.0325,0.7929,1]},
{"frame":8,"values":[0.9987,-0.0046,0.0506,0,0.0099,0.9944,-0.1049,0,-0.0498,0.1053,0.9932,0,0,15.0325,0.7929,1]},
{"frame":9,"values":[0.9988,-0.0018,0.0497,0,0.007,0.9944,-0.1053,0,-0.0493,0.1055,0.9932,0,0,15.0325,0.7929,1]},
{"frame":10,"values":[0.9988,0.001,0.0493,0,0.0046,0.9936,-0.1132,0,-0.0491,0.1133,0.9923,0,0,15.0325,0.7929,1]},
{"frame":11,"values":[0.999,-0.0001,0.0455,0,0.0056,0.9927,-0.1202,0,-0.0452,0.1203,0.9917,0,0,15.0325,0.7929,1]},
{"frame":12,"values":[0.9993,0.001,0.0373,0,0.0036,0.9924,-0.1229,0,-0.0372,0.123,0.9917,0,0,15.0325,0.7929,1]},
{"frame":13,"values":[0.9995,0.0048,0.0307,0,-0.001,0.9925,-0.1219,0,-0.031,0.1218,0.9921,0,0,15.0325,0.7929,1]},
{"frame":14,"values":[0.9997,0.0054,0.0255,0,-0.0023,0.9928,-0.1199,0,-0.026,0.1198,0.9925,0,0,15.0325,0.7929,1]},
{"frame":15,"values":[0.9998,0.0038,0.02,0,-0.0014,0.9927,-0.1209,0,-0.0204,0.1208,0.9925,0,0,15.0325,0.7929,1]},
{"frame":16,"values":[0.9998,0.0015,0.0174,0,0.0007,0.9924,-0.1233,0,-0.0174,0.1232,0.9922,0,0,15.0325,0.7929,1]},
{"frame":17,"values":[0.9998,-0.0007,0.0194,0,0.0031,0.9924,-0.1228,0,-0.0191,0.1228,0.9922,0,0,15.0325,0.7929,1]},
{"frame":18,"values":[0.9997,-0.0036,0.023,0,0.0063,0.9929,-0.119,0,-0.0224,0.1191,0.9926,0,0,15.0325,0.7929,1]},
{"frame":19,"values":[0.9997,-0.0056,0.0252,0,0.0084,0.9937,-0.112,0,-0.0244,0.1121,0.9934,0,0,15.0325,0.7929,1]},
{"frame":20,"values":[0.9996,-0.0032,0.0268,0,0.0061,0.9941,-0.1079,0,-0.0263,0.108,0.9938,0,0,15.0325,0.7929,1]},
{"frame":21,"values":[0.9996,0.0041,0.0292,0,-0.0009,0.9939,-0.1102,0,-0.0295,0.1101,0.9935,0,0,15.0325,0.7929,1]},
{"frame":22,"values":[0.9995,0.0081,0.0313,0,-0.0045,0.9937,-0.1124,0,-0.032,0.1122,0.9932,0,0,15.0325,0.7929,1]},
{"frame":23,"values":[0.9994,0.0083,0.0336,0,-0.0044,0.9936,-0.1133,0,-0.0344,0.1131,0.993,0,0,15.0325,0.7929,1]},
{"frame":24,"values":[0.9992,0.0072,0.0396,0,-0.0028,0.9941,-0.1088,0,-0.0402,0.1086,0.9933,0,0,15.0325,0.7929,1]}],"loopBehavior":1,"name":"anim","property":"_matrix"}},
{"name":"mixamorig:Head","index":5,"matrix":[0.9849,0.0472,0.1663,0,-0.0044,0.9686,-0.2485,0,-0.1728,0.244,0.9543,0,0,10.3218,3.1424,1],"rest":[1,0,0,0,0,1,0,0,0,0,1,0,0,10.3218,3.1424,1],"parentBoneIndex":4,"length":14.7322
,"animation":{"dataType":3,"framePerSecond":30,"keys":[
{"frame":1,"values":[0.9849,0.0472,0.1663,0,-0.0044,0.9686,-0.2485,0,-0.1728,0.244,0.9543,0,0,10.3218,3.1424,1]},
{"frame":2,"values":[0.9756,0.05,0.2139,0,-0.0001,0.9738,-0.2275,0,-0.2197,0.2219,0.95,0,0,10.3218,3.1424,1]},
{"frame":3,"values":[0.9631,0.0511,0.2643,0,0.0046,0.9786,-0.2059,0,-0.2692,0.1995,0.9422,0,0,10.3218,3.1424,1]},
{"frame":4,"values":[0.9498,0.0514,0.3086,0,0.0077,0.9823,-0.187,0,-0.3128,0.18,0.9326,0,0,10.3218,3.1424,1]},
{"frame":5,"values":[0.9396,0.0528,0.3382,0,0.0074,0.9847,-0.1743,0,-0.3422,0.1663,0.9248,0,0,10.3218,3.1424,1]},
{"frame":6,"values":[0.9374,0.0562,0.3436,0,0.0026,0.9857,-0.1683,0,-0.3482,0.1586,0.9239,0,0,10.3218,3.1424,1]},
{"frame":7,"values":[0.9413,0.0626,0.3316,0,-0.0062,0.9857,-0.1686,0,-0.3374,0.1567,0.9282,0,0,10.3218,3.1424,1]},
{"frame":8,"values":[0.9442,0.0749,0.3206,0,-0.0173,0.9837,-0.1788,0,-0.3288,0.1632,0.9302,0,0,10.3218,3.1424,1]},
{"frame":9,"values":[0.9407,0.1024,0.3233,0,-0.0328,0.9763,-0.2138,0,-0.3376,0.1905,0.9218,0,0,10.3218,3.1424,1]},
{"frame":10,"values":[0.9343,0.1332,0.3305,0,-0.0462,0.965,-0.2583,0,-0.3534,0.226,0.9078,0,0,10.3218,3.1424,1]},
{"frame":11,"values":[0.9382,0.1413,0.3158,0,-0.0505,0.959,-0.279,0,-0.3423,0.2458,0.9069,0,0,10.3218,3.1424,1]},
{"frame":12,"values":[0.9576,0.1293,0.2575,0,-0.0565,0.9606,-0.2721,0,-0.2825,0.2461,0.9272,0,0,10.3218,3.1424,1]},
{"frame":13,"values":[0.9751,0.108,0.1939,0,-0.0594,0.9687,-0.2409,0,-0.2138,0.2234,0.951,0,0,10.3218,3.1424,1]},
{"frame":14,"values":[0.9863,0.0865,0.1407,0,-0.0573,0.9782,-0.1997,0,-0.1549,0.1889,0.9697,0,0,10.3218,3.1424,1]},
{"frame":15,"values":[0.9931,0.0673,0.0956,0,-0.0498,0.9834,-0.1748,0,-0.1058,0.1688,0.98,0,0,10.3218,3.1424,1]},
{"frame":16,"values":[0.9948,0.0611,0.082,0,-0.0457,0.9831,-0.1775,0,-0.0915,0.1728,0.9807,0,0,10.3218,3.1424,1]},
{"frame":17,"values":[0.992,0.0704,0.1049,0,-0.0499,0.9813,-0.1862,0,-0.116,0.1794,0.9769,0,0,10.3218,3.1424,1]},
{"frame":18,"values":[0.9868,0.0782,0.1417,0,-0.0512,0.9814,-0.1849,0,-0.1536,0.1752,0.9725,0,0,10.3218,3.1424,1]},
{"frame":19,"values":[0.9832,0.0793,0.1647,0,-0.0496,0.9829,-0.1771,0,-0.1759,0.166,0.9703,0,0,10.3218,3.1424,1]},
{"frame":20,"values":[0.9831,0.0794,0.165,0,-0.0483,0.9817,-0.1844,0,-0.1766,0.1733,0.9689,0,0,10.3218,3.1424,1]},
{"frame":21,"values":[0.9866,0.0745,0.1454,0,-0.0408,0.9742,-0.2221,0,-0.1582,0.2132,0.9641,0,0,10.3218,3.1424,1]},
{"frame":22,"values":[0.9912,0.0545,0.1206,0,-0.0205,0.9634,-0.2672,0,-0.1307,0.2624,0.9561,0,0,10.3218,3.1424,1]},
{"frame":23,"values":[0.9923,0.0365,0.1183,0,-0.0014,0.9588,-0.2841,0,-0.1238,0.2818,0.9515,0,0,10.3218,3.1424,1]},
{"frame":24,"values":[0.9849,0.0472,0.1663,0,-0.0044,0.9686,-0.2485,0,-0.1728,0.244,0.9543,0,0,10.3218,3.1424,1]}],"loopBehavior":1,"name":"anim","property":"_matrix"}},
{"name":"mixamorig:HeadTop_End","index":6,"matrix":[1,0,0,0,0,1,0,0,0,0,1,0,0.0002,18.4747,6.6364,1],"rest":[1,0,0,0,0,1,0,0,0,0,1,0,0.0002,18.4747,6.6364,1],"parentBoneIndex":5,"length":14.7322
,"animation":{"dataType":3,"framePerSecond":30,"keys":[
{"frame":1,"values":[1,0,0,0,0,1,0,0,0,0,1,0,0.0002,18.4747,6.6364,1]},
{"frame":8,"values":[1,0,0,0,0,1,0,0,0,0,1,0,0.0002,18.4746,6.6364,1]},
{"frame":9,"values":[1,0,0,0,0,1,0,0,0,0,1,0,0.0001,18.4747,6.6364,1]},
{"frame":10,"values":[1,0,0,0,0,1,0,0,0,0,1,0,0.0002,18.4747,6.6364,1]},
{"frame":17,"values":[1,0,0,0,0,1,0,0,0,0,1,0,0.0001,18.4747,6.6364,1]},
{"frame":18,"values":[1,0,0,0,0,1,0,0,0,0,1,0,0.0002,18.4747,6.6364,1]},
{"frame":20,"values":[1,0,0,0,0,1,0,0,0,0,1,0,0.0001,18.4747,6.6364,1]},
{"frame":21,"values":[1,0,0,0,0,1,0,0,0,0,1,0,0.0002,18.4747,6.6364,1]},
{"frame":24,"values":[1,0,0,0,0,1,0,0,0,0,1,0,0.0002,18.4747,6.6364,1]}],"loopBehavior":1,"name":"anim","property":"_matrix"}},
{"name":"mixamorig:LeftEye","index":7,"matrix":[1,0,0,0,0,1,0,0,0,0,1,0,2.9479,7.6818,9.1207,1],"rest":[1,0,0,0,0,1,0,0,0,0,1,0,2.9479,7.6818,9.1207,1],"parentBoneIndex":5,"length":14.7322
,"animation":{"dataType":3,"framePerSecond":30,"keys":[
{"frame":1,"values":[1,0,0,0,0,1,0,0,0,0,1,0,2.9479,7.6818,9.1207,1]},
{"frame":5,"values":[1,0,0,0,0,1,0,0,0,0,1,0,2.9479,7.6817,9.1207,1]},
{"frame":13,"values":[1,0,0,0,0,1,0,0,0,0,1,0,2.9479,7.6818,9.1207,1]},
{"frame":15,"values":[1,0,0,0,0,1,0,0,0,0,1,0,2.9479,7.6817,9.1207,1]},
{"frame":16,"values":[1,0,0,0,0,1,0,0,0,0,1,0,2.9479,7.6818,9.1207,1]},
{"frame":21,"values":[1,0,0,0,0,1,0,0,0,0,1,0,2.9479,7.6817,9.1207,1]},
{"frame":22,"values":[1,0,0,0,0,1,0,0,0,0,1,0,2.9479,7.6818,9.1207,1]},
{"frame":23,"values":[1,0,0,0,0,1,0,0,0,0,1,0,2.9479,7.6817,9.1207,1]},
{"frame":24,"values":[1,0,0,0,0,1,0,0,0,0,1,0,2.9479,7.6817,9.1207,1]}],"loopBehavior":1,"name":"anim","property":"_matrix"}},
{"name":"mixamorig:RightEye","index":8,"matrix":[1,0,0,0,0,1,0,0,0,0,1,0,-2.9445,7.6817,9.1205,1],"rest":[1,0,0,0,0,1,0,0,0,0,1,0,-2.9445,7.6818,9.1205,1],"parentBoneIndex":5,"length":14.7322
,"animation":{"dataType":3,"framePerSecond":30,"keys":[
{"frame":1,"values":[1,0,0,0,0,1,0,0,0,0,1,0,-2.9445,7.6817,9.1205,1]},
{"frame":2,"values":[1,0,0,0,0,1,0,0,0,0,1,0,-2.9445,7.6818,9.1205,1]},
{"frame":3,"values":[1,0,0,0,0,1,0,0,0,0,1,0,-2.9445,7.6817,9.1205,1]},
{"frame":4,"values":[1,0,0,0,0,1,0,0,0,0,1,0,-2.9445,7.6818,9.1205,1]},
{"frame":5,"values":[1,0,0,0,0,1,0,0,0,0,1,0,-2.9445,7.6817,9.1205,1]},
{"frame":9,"values":[1,0,0,0,0,1,0,0,0,0,1,0,-2.9445,7.6818,9.1205,1]},
{"frame":10,"values":[1,0,0,0,0,1,0,0,0,0,1,0,-2.9445,7.6817,9.1205,1]},
{"frame":13,"values":[1,0,0,0,0,1,0,0,0,0,1,0,-2.9445,7.6818,9.1205,1]},
{"frame":17,"values":[1,0,0,0,0,1,0,0,0,0,1,0,-2.9445,7.6817,9.1205,1]},
{"frame":18,"values":[1,0,0,0,0,1,0,0,0,0,1,0,-2.9445,7.6818,9.1205,1]},
{"frame":21,"values":[1,0,0,0,0,1,0,0,0,0,1,0,-2.9445,7.6817,9.1205,1]},
{"frame":23,"values":[1,0,0,0,0,1,0,0,0,0,1,0,-2.9445,7.6818,9.1205,1]},
{"frame":24,"values":[1,0,0,0,0,1,0,0,0,0,1,0,-2.9445,7.6817,9.1205,1]}],"loopBehavior":1,"name":"anim","property":"_matrix"}},
{"name":"mixamorig:LeftShoulder","index":9,"matrix":[0.9551,-0.2933,-0.0419,0,0.2938,0.9559,0.0046,0,0.0387,-0.0167,0.9991,0,6.1058,9.1104,0.7055,1],"rest":[1,0,0,0,0,1,0,0,0,0,1,0,6.1058,9.1104,0.7056,1],"parentBoneIndex":3,"length":12.9223
,"animation":{"dataType":3,"framePerSecond":30,"keys":[
{"frame":1,"values":[0.9551,-0.2933,-0.0419,0,0.2938,0.9559,0.0046,0,0.0387,-0.0167,0.9991,0,6.1058,9.1104,0.7055,1]},
{"frame":2,"values":[0.9565,-0.2905,-0.0275,0,0.2909,0.9567,0.0078,0,0.0241,-0.0155,0.9996,0,6.1058,9.1104,0.7055,1]},
{"frame":3,"values":[0.9578,-0.2871,-0.0127,0,0.2872,0.9578,0.0112,0,0.009,-0.0144,0.9999,0,6.1058,9.1104,0.7056,1]},
{"frame":4,"values":[0.9584,-0.2853,0.0011,0,0.2853,0.9583,0.0144,0,-0.0051,-0.0135,0.9999,0,6.1058,9.1104,0.7056,1]},
{"frame":5,"values":[0.9576,-0.2877,0.0124,0,0.2875,0.9576,0.0173,0,-0.0168,-0.013,0.9998,0,6.1058,9.1104,0.7055,1]},
{"frame":6,"values":[0.9552,-0.2956,0.0155,0,0.2953,0.9552,0.0183,0,-0.0203,-0.0129,0.9997,0,6.1058,9.1104,0.7056,1]},
{"frame":7,"values":[0.9512,-0.3082,0.0147,0,0.3079,0.9512,0.0187,0,-0.0197,-0.0132,0.9997,0,6.1058,9.1104,0.7055,1]},
{"frame":8,"values":[0.9456,-0.3241,0.0263,0,0.3236,0.9459,0.0225,0,-0.0322,-0.0127,0.9994,0,6.1058,9.1104,0.7056,1]},
{"frame":9,"values":[0.9364,-0.3432,0.073,0,0.3414,0.9392,0.036,0,-0.081,-0.0088,0.9967,0,6.1058,9.1104,0.7056,1]},
{"frame":10,"values":[0.9264,-0.3543,0.1272,0,0.3505,0.9351,0.0519,0,-0.1374,-0.0035,0.9905,0,6.1058,9.1104,0.7056,1]},
{"frame":11,"values":[0.9188,-0.3575,0.1672,0,0.3518,0.9339,0.0636,0,-0.1789,0.0004,0.9839,0,6.1058,9.1104,0.7056,1]},
{"frame":12,"values":[0.925,-0.3419,0.1659,0,0.3364,0.9397,0.0613,0,-0.1769,-0.0009,0.9842,0,6.1058,9.1104,0.7056,1]},
{"frame":13,"values":[0.9376,-0.3181,0.1406,0,0.3139,0.948,0.0519,0,-0.1498,-0.0045,0.9887,0,6.1058,9.1104,0.7056,1]},
{"frame":14,"values":[0.9448,-0.3084,0.1108,0,0.3054,0.9512,0.0434,0,-0.1188,-0.0071,0.9929,0,6.1058,9.1104,0.7056,1]},
{"frame":15,"values":[0.9462,-0.3144,0.0762,0,0.3126,0.9492,0.0352,0,-0.0834,-0.0095,0.9965,0,6.1058,9.1104,0.7056,1]},
{"frame":16,"values":[0.9447,-0.322,0.0625,0,0.3206,0.9467,0.0324,0,-0.0696,-0.0105,0.9975,0,6.1058,9.1104,0.7056,1]},
{"frame":17,"values":[0.9447,-0.3181,0.0798,0,0.3161,0.948,0.0367,0,-0.0873,-0.0094,0.9961,0,6.1058,9.1104,0.7055,1]},
{"frame":18,"values":[0.9443,-0.3139,0.0986,0,0.3112,0.9494,0.0413,0,-0.1065,-0.0083,0.9943,0,6.1058,9.1104,0.7055,1]},
{"frame":19,"values":[0.9447,-0.3123,0.1004,0,0.3096,0.95,0.0417,0,-0.1084,-0.0083,0.9941,0,6.1058,9.1104,0.7055,1]},
{"frame":20,"values":[0.9484,-0.3057,0.0841,0,0.3036,0.9521,0.037,0,-0.0914,-0.0095,0.9958,0,6.1058,9.1104,0.7056,1]},
{"frame":21,"values":[0.955,-0.2901,0.0618,0,0.2887,0.9569,0.0302,0,-0.0679,-0.011,0.9976,0,6.1058,9.1104,0.7056,1]},
{"frame":22,"values":[0.9593,-0.2802,0.0342,0,0.2795,0.9599,0.0228,0,-0.0392,-0.0123,0.9992,0,6.1058,9.1104,0.7055,1]},
{"frame":23,"values":[0.9554,-0.2953,-0.009,0,0.2954,0.9553,0.0129,0,0.0048,-0.015,0.9999,0,6.1058,9.1104,0.7056,1]},
{"frame":24,"values":[0.9551,-0.2933,-0.0419,0,0.2938,0.9559,0.0046,0,0.0387,-0.0167,0.9991,0,6.1058,9.1104,0.7056,1]}],"loopBehavior":1,"name":"anim","property":"_matrix"}},
{"name":"mixamorig:LeftArm","index":10,"matrix":[0.4671,-0.6806,-0.5644,0,0.8691,0.4709,0.1515,0,0.1626,-0.5613,0.8115,0,12.655,-0.2659,-2.6009,1],"rest":[1,0,0,0,0,1,0,0,0,0,1,0,12.655,-0.2659,-2.6009,1],"parentBoneIndex":9,"length":27.4047
,"animation":{"dataType":3,"framePerSecond":30,"keys":[
{"frame":1,"values":[0.4671,-0.6806,-0.5644,0,0.8691,0.4709,0.1515,0,0.1626,-0.5613,0.8115,0,12.655,-0.2659,-2.6009,1]},
{"frame":2,"values":[0.481,-0.5991,-0.6401,0,0.8511,0.4943,0.1769,0,0.2104,-0.6298,0.7477,0,12.655,-0.2659,-2.6009,1]},
{"frame":3,"values":[0.4808,-0.5009,-0.7197,0,0.8368,0.5072,0.2061,0,0.2618,-0.7013,0.663,0,12.655,-0.2659,-2.6009,1]},
{"frame":4,"values":[0.475,-0.415,-0.776,0,0.8257,0.5152,0.2298,0,0.3045,-0.7499,0.5874,0,12.655,-0.2659,-2.6009,1]},
{"frame":5,"values":[0.4836,-0.3756,-0.7906,0,0.8099,0.5346,0.2414,0,0.332,-0.757,0.5627,0,12.655,-0.2659,-2.6009,1]},
{"frame":6,"values":[0.5098,-0.4174,-0.7523,0,0.7929,0.5672,0.2226,0,0.3338,-0.71,0.6201,0,12.655,-0.2659,-2.6009,1]},
{"frame":7,"values":[0.5423,-0.5151,-0.6638,0,0.7817,0.599,0.1737,0,0.3081,-0.613,0.7275,0,12.655,-0.2659,-2.6009,1]},
{"frame":8,"values":[0.585,-0.608,-0.5368,0,0.7674,0.6291,0.1237,0,0.2625,-0.4843,0.8346,0,12.655,-0.2659,-2.6009,1]},
{"frame":9,"values":[0.6664,-0.6608,-0.3454,0,0.7236,0.6849,0.0859,0,0.1798,-0.3071,0.9345,0,12.655,-0.2659,-2.6009,1]},
{"frame":10,"values":[0.7397,-0.6601,-0.1307,0,0.6679,0.7439,0.0233,0,0.0819,-0.1045,0.9911,0,12.655,-0.2659,-2.6009,1]},
{"frame":11,"values":[0.7861,-0.6177,0.0217,0,0.618,0.7847,-0.0483,0,0.0128,0.0513,0.9986,0,12.655,-0.2659,-2.6009,1]},
{"frame":12,"values":[0.8095,-0.5824,0.0746,0,0.5871,0.8,-0.1238,0,0.0124,0.144,0.9895,0,12.655,-0.2659,-2.6009,1]},
{"frame":13,"values":[0.8281,-0.5576,0.0581,0,0.5587,0.8123,-0.1675,0,0.0462,0.1712,0.9841,0,12.655,-0.2659,-2.6009,1]},
{"frame":14,"values":[0.8607,-0.5086,0.0213,0,0.5021,0.8412,-0.2008,0,0.0842,0.1835,0.9794,0,12.655,-0.2659,-2.6009,1]},
{"frame":15,"values":[0.8883,-0.4592,-0.0067,0,0.4412,0.8573,-0.2653,0,0.1275,0.2327,0.9641,0,12.655,-0.2659,-2.6009,1]},
{"frame":16,"values":[0.8851,-0.4648,-0.0253,0,0.4387,0.851,-0.2887,0,0.1557,0.2445,0.9571,0,12.655,-0.2659,-2.6009,1]},
{"frame":17,"values":[0.8648,-0.5004,-0.041,0,0.4771,0.8444,-0.2437,0,0.1565,0.1912,0.969,0,12.655,-0.2659,-2.6009,1]},
{"frame":18,"values":[0.8382,-0.5395,-0.08,0,0.5255,0.8381,-0.1467,0,0.1462,0.0809,0.9859,0,12.655,-0.2659,-2.6009,1]},
{"frame":19,"values":[0.8008,-0.5786,-0.1549,0,0.5835,0.8119,-0.0162,0,0.1351,-0.0774,0.9878,0,12.655,-0.2659,-2.6009,1]},
{"frame":20,"values":[0.747,-0.6228,-0.2325,0,0.6566,0.7459,0.1114,0,0.104,-0.2359,0.9662,0,12.655,-0.2659,-2.6009,1]},
{"frame":21,"values":[0.6496,-0.7004,-0.2956,0,0.7551,0.6398,0.1433,0,0.0888,-0.3163,0.9445,0,12.655,-0.2659,-2.6009,1]},
{"frame":22,"values":[0.5177,-0.7737,-0.3652,0,0.845,0.5292,0.0767,0,0.1339,-0.3484,0.9277,0,12.655,-0.2659,-2.6009,1]},
{"frame":23,"values":[0.4587,-0.7655,-0.4512,0,0.8724,0.4844,0.0652,0,0.1686,-0.4236,0.89,0,12.655,-0.2659,-2.6009,1]},
{"frame":24,"values":[0.4671,-0.6806,-0.5644,0,0.8691,0.4709,0.1515,0,0.1626,-0.5613,0.8115,0,12.655,-0.2659,-2.6009,1]}],"loopBehavior":1,"name":"anim","property":"_matrix"}},
{"name":"mixamorig:LeftForeArm","index":11,"matrix":[0.5179,0,0.8554,0,0,1,0,0,-0.8554,0,0.5179,0,27.4047,0,0,1],"rest":[1,0,0,0,0,1,0,0,0,0,1,0,27.4047,0,0,1],"parentBoneIndex":10,"length":27.6145
,"animation":{"dataType":3,"framePerSecond":30,"keys":[
{"frame":1,"values":[0.5179,0,0.8554,0,0,1,0,0,-0.8554,0,0.5179,0,27.4047,0,0,1]},
{"frame":2,"values":[0.4485,0,0.8938,0,0,1,0,0,-0.8938,0,0.4485,0,27.4047,0,0,1]},
{"frame":3,"values":[0.3706,0,0.9288,0,0,1,0,0,-0.9288,0,0.3706,0,27.4047,0,0,1]},
{"frame":4,"values":[0.3042,0,0.9526,0,0,1,0,0,-0.9526,0,0.3042,0,27.4047,0,0,1]},
{"frame":5,"values":[0.2707,0,0.9627,0,0,1,0,0,-0.9627,0,0.2707,0,27.4047,0,0,1]},
{"frame":6,"values":[0.2896,0,0.9572,0,0,1,0,0,-0.9572,0,0.2896,0,27.4047,0,0,1]},
{"frame":7,"values":[0.3478,0,0.9376,0,0,1,0,0,-0.9376,0,0.3478,0,27.4047,0,0,1]},
{"frame":8,"values":[0.4147,0,0.9099,0,0,1,0,0,-0.9099,0,0.4147,0,27.4047,0,0,1]},
{"frame":9,"values":[0.4785,0,0.8781,0,0,1,0,0,-0.8781,0,0.4785,0,27.4047,0,0,1]},
{"frame":10,"values":[0.5084,0,0.8611,0,0,1,0,0,-0.8611,0,0.5084,0,27.4047,0,0,1]},
{"frame":11,"values":[0.4606,0,0.8876,0,0,1,0,0,-0.8876,0,0.4606,0,27.4047,0,0,1]},
{"frame":12,"values":[0.328,0,0.9447,0,0,1,0,0,-0.9447,0,0.328,0,27.4047,0.0001,0,1]},
{"frame":13,"values":[0.1477,0,0.989,0,0,1,0,0,-0.989,0,0.1477,0,27.4047,0.0001,0,1]},
{"frame":14,"values":[-0.0405,0,0.9992,0,0,1,0,0,-0.9992,0,-0.0405,0,27.4047,0,0,1]},
{"frame":15,"values":[-0.1784,0,0.984,0,0,1,0,0,-0.984,0,-0.1784,0,27.4047,0,0,1]},
{"frame":16,"values":[-0.2031,0,0.9791,0,0,1,0,0,-0.9791,0,-0.2031,0,27.4047,0,0,1]},
{"frame":17,"values":[-0.1463,0,0.9892,0,0,1,0,0,-0.9892,0,-0.1463,0,27.4047,0,0,1]},
{"frame":18,"values":[-0.0504,0,0.9987,0,0,1,0,0,-0.9987,0,-0.0504,0,27.4047,0,0,1]},
{"frame":19,"values":[0.0576,0,0.9983,0,0,1,0,0,-0.9983,0,0.0576,0,27.4047,0,0,1]},
{"frame":20,"values":[0.1956,0,0.9807,0,0,1,0,0,-0.9807,0,0.1956,0,27.4047,0,0,1]},
{"frame":21,"values":[0.3833,0,0.9236,0,0,1,0,0,-0.9236,0,0.3833,0,27.4047,0,0,1]},
{"frame":22,"values":[0.5453,0,0.8382,0,0,1,0,0,-0.8382,0,0.5453,0,27.4047,0,0,1]},
{"frame":23,"values":[0.5942,0,0.8043,0,0,1,0,0,-0.8043,0,0.5942,0,27.4047,0,0,1]},
{"frame":24,"values":[0.5179,0,0.8554,0,0,1,0,0,-0.8554,0,0.5179,0,27.4047,0,0,1]}],"loopBehavior":1,"name":"anim","property":"_matrix"}},
{"name":"mixamorig:LeftHand","index":12,"matrix":[0.9844,0.1256,0.1235,0,-0.1568,0.9442,0.2898,0,-0.0802,-0.3046,0.9491,0,27.6145,0,0,1],"rest":[1,0,0,0,0,1,0,0,0,0,1,0,27.6145,0,0,1],"parentBoneIndex":11,"length":10.9801
,"animation":{"dataType":3,"framePerSecond":30,"keys":[
{"frame":1,"values":[0.9844,0.1256,0.1235,0,-0.1568,0.9442,0.2898,0,-0.0802,-0.3046,0.9491,0,27.6145,0,0,1]},
{"frame":2,"values":[0.9897,0.1027,0.0997,0,-0.1278,0.9476,0.2927,0,-0.0644,-0.3025,0.951,0,27.6145,0,0,1]},
{"frame":3,"values":[0.9943,0.0765,0.0743,0,-0.0953,0.9502,0.2967,0,-0.0479,-0.3021,0.9521,0,27.6145,0,0,1]},
{"frame":4,"values":[0.997,0.056,0.0536,0,-0.0695,0.9519,0.2986,0,-0.0343,-0.3014,0.9529,0,27.6145,0,0,1]},
{"frame":5,"values":[0.9978,0.0501,0.044,0,-0.0609,0.9535,0.2953,0,-0.0272,-0.2973,0.9544,0,27.6145,0,0,1]},
{"frame":6,"values":[0.9964,0.0685,0.0502,0,-0.0801,0.9551,0.2854,0,-0.0284,-0.2884,0.9571,0,27.6145,0,0,1]},
{"frame":7,"values":[0.9921,0.1047,0.0691,0,-0.1196,0.9555,0.2696,0,-0.0378,-0.2758,0.9605,0,27.6145,0,0,1]},
{"frame":8,"values":[0.9856,0.1398,0.0952,0,-0.1595,0.9554,0.2486,0,-0.0562,-0.2602,0.9639,0,27.6145,0,0,1]},
{"frame":9,"values":[0.9794,0.1565,0.1273,0,-0.1826,0.9561,0.2292,0,-0.0858,-0.2477,0.965,0,27.6145,0,0,1]},
{"frame":10,"values":[0.9717,0.182,0.1507,0,-0.2124,0.9521,0.2198,0,-0.1034,-0.2456,0.9638,0,27.6145,0,0,1]},
{"frame":11,"values":[0.9519,0.2419,0.1878,0,-0.27,0.9523,0.1419,0,-0.1445,-0.1858,0.9719,0,27.6145,0,0,1]},
{"frame":12,"values":[0.935,0.2785,0.2195,0,-0.3056,0.9468,0.1006,0,-0.1798,-0.1612,0.9704,0,27.6145,0,0,1]},
{"frame":13,"values":[0.9242,0.3128,0.2192,0,-0.3445,0.9304,0.1249,0,-0.1649,-0.191,0.9676,0,27.6145,0,0,1]},
{"frame":14,"values":[0.9131,0.3526,0.2049,0,-0.3857,0.9098,0.1532,0,-0.1325,-0.2189,0.9667,0,27.6145,0,0,1]},
{"frame":15,"values":[0.9139,0.3494,0.2068,0,-0.3888,0.8998,0.1979,0,-0.117,-0.2613,0.9581,0,27.6145,0,0,1]},
{"frame":16,"values":[0.9088,0.3496,0.2277,0,-0.3983,0.8895,0.2242,0,-0.1242,-0.2944,0.9476,0,27.6145,0,0,1]},
{"frame":17,"values":[0.9012,0.371,0.2241,0,-0.4168,0.8837,0.2129,0,-0.119,-0.2853,0.951,0,27.6145,0,0,1]},
{"frame":18,"values":[0.9094,0.3515,0.2224,0,-0.4015,0.8816,0.2483,0,-0.1087,-0.3151,0.9428,0,27.6145,0,0,1]},
{"frame":19,"values":[0.9297,0.3037,0.2083,0,-0.356,0.886,0.2971,0,-0.0943,-0.3504,0.9318,0,27.6145,0,0,1]},
{"frame":20,"values":[0.9393,0.2832,0.1938,0,-0.33,0.9004,0.2834,0,-0.0943,-0.3301,0.9392,0,27.6145,0,0,1]},
{"frame":21,"values":[0.9412,0.2685,0.2051,0,-0.3164,0.9133,0.2562,0,-0.1185,-0.3061,0.9446,0,27.6145,0,0,1]},
{"frame":22,"values":[0.9592,0.2452,0.141,0,-0.2724,0.9351,0.2267,0,-0.0762,-0.2559,0.9637,0,27.6145,0,0,1]},
{"frame":23,"values":[0.9751,0.1946,0.106,0,-0.214,0.9512,0.2224,0,-0.0575,-0.2395,0.9692,0,27.6145,0,0,1]},
{"frame":24,"values":[0.9844,0.1256,0.1235,0,-0.1568,0.9442,0.2898,0,-0.0802,-0.3046,0.9491,0,27.6145,0,0,1]}],"loopBehavior":1,"name":"anim","property":"_matrix"}},
{"name":"mixamorig:LeftHandMiddle1","index":13,"matrix":[0.4377,-0.8991,0.0095,0,0.8955,0.435,-0.0936,0,0.08,0.0495,0.9956,0,12.7755,0,0,1],"rest":[1,0,0,0,0,1,0,0,0,0,1,0,12.7755,0,0,1],"parentBoneIndex":12,"length":3.614
,"animation":{"dataType":3,"framePerSecond":30,"keys":[
{"frame":1,"values":[0.4377,-0.8991,0.0095,0,0.8955,0.435,-0.0936,0,0.08,0.0495,0.9956,0,12.7755,0,0,1]},
{"frame":2,"values":[0.4428,-0.8965,0.0093,0,0.8931,0.4402,-0.093,0,0.0793,0.0495,0.9956,0,12.7755,0,0,1]},
{"frame":3,"values":[0.4561,-0.8899,0.009,0,0.8866,0.4535,-0.0913,0,0.0772,0.0496,0.9958,0,12.7755,0,0,1]},
{"frame":4,"values":[0.4745,-0.8802,0.0085,0,0.8771,0.472,-0.089,0,0.0744,0.0497,0.996,0,12.7755,0,0,1]},
{"frame":5,"values":[0.495,-0.8688,0.008,0,0.866,0.4926,-0.0865,0,0.0712,0.0497,0.9962,0,12.7755,0,0,1]},
{"frame":6,"values":[0.5148,-0.8573,0.0076,0,0.8546,0.5124,-0.0839,0,0.0681,0.0497,0.9964,0,12.7755,0,0,1]},
{"frame":7,"values":[0.531,-0.8473,0.0073,0,0.8448,0.5288,-0.0819,0,0.0655,0.0496,0.9966,0,12.7755,0,0,1]},
{"frame":8,"values":[0.5412,-0.8408,0.0072,0,0.8385,0.539,-0.0805,0,0.0639,0.0496,0.9967,0,12.7755,0,0,1]},
{"frame":9,"values":[0.5412,-0.8408,0.007,0,0.8384,0.539,-0.0805,0,0.0639,0.0495,0.9967,0,12.7755,0,0,1]},
{"frame":10,"values":[0.5197,-0.8543,0.0064,0,0.8516,0.5175,-0.0833,0,0.0679,0.0487,0.9965,0,12.7755,0,0,1]},
{"frame":11,"values":[0.4785,-0.8781,0.0053,0,0.8748,0.4762,-0.0885,0,0.0752,0.047,0.9961,0,12.7755,0,0,1]},
{"frame":12,"values":[0.4252,-0.9051,0.0044,0,0.9012,0.4229,-0.0952,0,0.0843,0.0444,0.9955,0,12.7755,0,0,1]},
{"frame":13,"values":[0.368,-0.9298,0.0038,0,0.9251,0.3657,-0.1021,0,0.0935,0.0411,0.9948,0,12.7755,0,0,1]},
{"frame":14,"values":[0.3165,-0.9486,0.0037,0,0.9431,0.3143,-0.1082,0,0.1014,0.0377,0.9941,0,12.7755,0,0,1]},
{"frame":15,"values":[0.2808,-0.9598,0.0038,0,0.9538,0.2786,-0.1123,0,0.1067,0.0351,0.9937,0,12.7755,0,0,1]},
{"frame":16,"values":[0.27,-0.9628,0.0038,0,0.9567,0.2679,-0.1135,0,0.1083,0.0343,0.9935,0,12.7755,0,0,1]},
{"frame":17,"values":[0.2794,-0.9602,0.0041,0,0.9542,0.2772,-0.1125,0,0.1069,0.0353,0.9936,0,12.7755,0,0,1]},
{"frame":18,"values":[0.2998,-0.954,0.0046,0,0.9484,0.2975,-0.1101,0,0.1037,0.0373,0.9939,0,12.7755,0,0,1]},
{"frame":19,"values":[0.3272,-0.9449,0.0053,0,0.9397,0.3248,-0.1069,0,0.0993,0.04,0.9943,0,12.7755,0,0,1]},
{"frame":20,"values":[0.3577,-0.9338,0.0063,0,0.9291,0.3552,-0.1033,0,0.0942,0.0428,0.9946,0,12.7755,0,0,1]},
{"frame":21,"values":[0.3876,-0.9218,0.0074,0,0.9175,0.385,-0.0997,0,0.0891,0.0454,0.995,0,12.7755,0,0,1]},
{"frame":22,"values":[0.4131,-0.9106,0.0084,0,0.9067,0.4105,-0.0966,0,0.0845,0.0475,0.9953,0,12.7755,0,0,1]},
{"frame":23,"values":[0.431,-0.9023,0.0092,0,0.8987,0.4283,-0.0944,0,0.0813,0.0489,0.9955,0,12.7755,0,0,1]},
{"frame":24,"values":[0.4377,-0.8991,0.0095,0,0.8955,0.435,-0.0936,0,0.08,0.0495,0.9956,0,12.7755,0,0,1]}],"loopBehavior":1,"name":"anim","property":"_matrix"}},
{"name":"mixamorig:LeftHandMiddle2","index":14,"matrix":[0.3108,-0.9455,-0.0968,0,0.9455,0.3179,-0.0699,0,0.0968,-0.0699,0.9928,0,3.614,0,0,1],"rest":[1,0,0,0,0,1,0,0,0,0,1,0,3.614,0,0,1],"parentBoneIndex":13,"length":3.4598
,"animation":{"dataType":3,"framePerSecond":30,"keys":[
{"frame":1,"values":[0.3108,-0.9455,-0.0968,0,0.9455,0.3179,-0.0699,0,0.0968,-0.0699,0.9928,0,3.614,0,0,1]},
{"frame":2,"values":[0.3164,-0.9437,-0.0967,0,0.9437,0.3235,-0.0693,0,0.0967,-0.0693,0.9929,0,3.614,0,0,1]},
{"frame":3,"values":[0.3308,-0.9388,-0.0962,0,0.9388,0.3378,-0.0678,0,0.0962,-0.0678,0.9931,0,3.614,0,0,1]},
{"frame":4,"values":[0.3509,-0.9316,-0.0954,0,0.9316,0.3576,-0.0658,0,0.0954,-0.0658,0.9933,0,3.614,0,0,1]},
{"frame":5,"values":[0.3733,-0.9229,-0.0945,0,0.9229,0.3798,-0.0635,0,0.0945,-0.0635,0.9935,0,3.614,0,0,1]},
{"frame":6,"values":[0.395,-0.9139,-0.0936,0,0.9139,0.4013,-0.0613,0,0.0936,-0.0613,0.9937,0,3.614,0,0,1]},
{"frame":7,"values":[0.4129,-0.906,-0.0928,0,0.906,0.419,-0.0595,0,0.0928,-0.0595,0.9939,0,3.614,0,0,1]},
{"frame":8,"values":[0.4241,-0.9009,-0.0923,0,0.9009,0.4301,-0.0584,0,0.0923,-0.0584,0.994,0,3.614,0,0,1]},
{"frame":10,"values":[0.4004,-0.9116,-0.0934,0,0.9116,0.4066,-0.0608,0,0.0934,-0.0608,0.9938,0,3.614,0,0,1]},
{"frame":11,"values":[0.3552,-0.9299,-0.0952,0,0.9299,0.3619,-0.0654,0,0.0952,-0.0654,0.9933,0,3.614,0,0,1]},
{"frame":12,"values":[0.2971,-0.9499,-0.0973,0,0.9499,0.3044,-0.0712,0,0.0973,-0.0712,0.9927,0,3.614,0,0,1]},
{"frame":13,"values":[0.2354,-0.9668,-0.099,0,0.9668,0.2434,-0.0775,0,0.099,-0.0775,0.9921,0,3.614,0,0,1]},
{"frame":14,"values":[0.1804,-0.9785,-0.1002,0,0.9785,0.1889,-0.0831,0,0.1002,-0.0831,0.9915,0,3.614,0,0,1]},
{"frame":15,"values":[0.1425,-0.9846,-0.1009,0,0.9847,0.1514,-0.0869,0,0.1009,-0.0869,0.9911,0,3.614,0,0,1]},
