{"producer":{"name":"Blender","version":"2.79 (sub 0)","exporter_version":"5.6.4","file":"malestrafeleft.babylon"},
"autoClear":true,"clearColor":[0.0509,0.0509,0.0509],"ambientColor":[0,0,0],"gravity":[0,-9.81,0],
"materials":[{"name":"malestrafeleft.Alpha_Joints_MAT","id":"malestrafeleft.Alpha_Joints_MAT","ambient":[0.1536,0.2129,0.2222],"diffuse":[0.1228,0.1703,0.1778],"specular":[0.141,0.141,0.141],"emissive":[0,0,0],"specularPower":11,"alpha":1,"backFaceCulling":true,"checkReadyOnlyOnce":false,"maxSimultaneousLights":4},
{"name":"malestrafeleft.Alpha_Body_MAT","id":"malestrafeleft.Alpha_Body_MAT","ambient":[0.0966,0.4216,0.522],"diffuse":[0.0773,0.3373,0.4176],"specular":[0.2393,0.2393,0.2393],"emissive":[0,0,0],"specularPower":19,"alpha":1,"backFaceCulling":true,"checkReadyOnlyOnce":false,"maxSimultaneousLights":4}],
"multiMaterials":[],
"skeletons":[{"name":"Armature","id":0,"dimensionsAtRest":[194.6188,193.2823,30.9004],"bones":[
{"name":"mixamorig:Hips","index":0,"matrix":[0.7838,0.0599,0.6182,0,-0.079,0.9969,0.0036,0,0.616,0.0517,-0.786,0,-0.3074,97.7521,0.0953,1],"rest":[1,0,0,0,0,1,0,0,0,0,-1,0,0,99.6721,-0.2471,1],"parentBoneIndex":-1,"length":10.8627
,"animation":{"dataType":3,"framePerSecond":30,"keys":[
{"frame":1,"values":[0.7838,0.0599,0.6182,0,-0.079,0.9969,0.0036,0,0.616,0.0517,-0.786,0,-0.3074,97.7521,0.0953,1]},
{"frame":2,"values":[0.8007,0.0587,0.5962,0,-0.0754,0.9971,0.0031,0,0.5943,0.0474,-0.8028,0,-0.4131,97.9599,0.1147,1]},
{"frame":3,"values":[0.8193,0.0555,0.5706,0,-0.0684,0.9977,0.0011,0,0.5692,0.0399,-0.8212,0,-0.4711,97.9809,0.1639,1]},
{"frame":4,"values":[0.8385,0.051,0.5426,0,-0.0594,0.9982,-0.0019,0,0.5417,0.0306,-0.84,0,-0.4881,98.0205,0.2012,1]},
{"frame":5,"values":[0.8565,0.0453,0.5141,0,-0.0495,0.9988,-0.0056,0,0.5137,0.0207,-0.8577,0,-0.4236,98.0431,0.1954,1]},
{"frame":6,"values":[0.8725,0.0375,0.4872,0,-0.0381,0.9992,-0.0087,0,0.4872,0.011,-0.8732,0,-0.1882,97.9738,0.1461,1]},
{"frame":7,"values":[0.8854,0.0285,0.464,0,-0.0266,0.9996,-0.0105,0,0.4641,0.0031,-0.8858,0,0.2868,97.759,0.157,1]},
{"frame":8,"values":[0.8949,0.0225,0.4457,0,-0.0199,0.9997,-0.0107,0,0.4458,-0.0007,-0.8951,0,0.9746,97.5224,0.3013,1]},
{"frame":9,"values":[0.9023,0.0246,0.4304,0,-0.0225,0.9997,-0.01,0,0.4305,0.0007,-0.9026,0,1.7943,97.3663,0.5332,1]},
{"frame":10,"values":[0.9099,0.0363,0.4133,0,-0.0355,0.9993,-0.0095,0,0.4133,0.006,-0.9106,0,2.6966,97.2198,0.8181,1]},
{"frame":11,"values":[0.9187,0.0553,0.3911,0,-0.0558,0.9984,-0.0101,0,0.391,0.0125,-0.9203,0,3.6416,97.065,1.1732,1]},
{"frame":12,"values":[0.9273,0.075,0.3668,0,-0.0768,0.997,-0.0098,0,0.3664,0.0191,-0.9302,0,4.6377,96.909,1.5654,1]},
{"frame":13,"values":[0.9331,0.0898,0.3482,0,-0.0934,0.9956,-0.0065,0,0.3473,0.0265,-0.9374,0,5.6183,96.8335,1.928,1]},
{"frame":14,"values":[0.9346,0.0981,0.3419,0,-0.1044,0.9945,-0.0001,0,0.3401,0.0356,-0.9397,0,6.4453,96.7939,2.2578,1]},
{"frame":15,"values":[0.9319,0.1007,0.3485,0,-0.1104,0.9939,0.0081,0,0.3455,0.046,-0.9373,0,7.0143,96.718,2.5717,1]},
{"frame":16,"values":[0.9265,0.0979,0.3634,0,-0.1118,0.9936,0.0174,0,0.3594,0.0568,-0.9315,0,7.35,96.6623,2.8357,1]},
{"frame":17,"values":[0.9201,0.0901,0.3813,0,-0.1091,0.9936,0.0285,0,0.3763,0.0678,-0.924,0,7.5366,96.7299,3.0232,1]},
{"frame":18,"values":[0.9136,0.0792,0.3987,0,-0.1039,0.9938,0.0407,0,0.393,0.0786,-0.9162,0,7.5648,96.8066,3.1282,1]},
{"frame":19,"values":[0.9075,0.069,0.4143,0,-0.0989,0.9938,0.0513,0,0.4082,0.0875,-0.9087,0,7.4531,96.8323,3.2067,1]},
{"frame":20,"values":[0.9014,0.0616,0.4286,0,-0.0955,0.9937,0.0582,0,0.4223,0.0934,-0.9016,0,7.2263,96.8437,3.2813,1]},
{"frame":21,"values":[0.8944,0.0572,0.4436,0,-0.094,0.9937,0.0613,0,0.4373,0.0965,-0.8941,0,6.8932,96.8265,3.3125,1]},
{"frame":22,"values":[0.8856,0.0552,0.4613,0,-0.094,0.9937,0.0616,0,0.4549,0.0979,-0.8851,0,6.4895,96.7607,3.313,1]},
{"frame":23,"values":[0.874,0.0547,0.4828,0,-0.0952,0.9937,0.0596,0,0.4765,0.0981,-0.8737,0,6.0541,96.6592,3.2923,1]},
{"frame":24,"values":[0.8599,0.0559,0.5074,0,-0.0973,0.9937,0.0555,0,0.5011,0.0971,-0.8599,0,5.6409,96.5219,3.2218,1]},
{"frame":25,"values":[0.8446,0.0587,0.5322,0,-0.0998,0.9938,0.0487,0,0.5261,0.0943,-0.8452,0,5.298,96.32,3.1233,1]},
{"frame":26,"values":[0.8298,0.0624,0.5545,0,-0.1011,0.9941,0.0394,0,0.5488,0.0887,-0.8312,0,5.0001,96.076,3.0437,1]},
{"frame":27,"values":[0.8172,0.0664,0.5726,0,-0.1,0.9946,0.0274,0,0.5677,0.0796,-0.8194,0,4.7086,95.8249,2.982,1]},
{"frame":28,"values":[0.807,0.0713,0.5862,0,-0.0968,0.9952,0.0122,0,0.5825,0.0666,-0.8101,0,4.4532,95.5355,2.9233,1]},
{"frame":29,"values":[0.7988,0.0775,0.5966,0,-0.0923,0.9957,-0.0059,0,0.5945,0.0504,-0.8025,0,4.2216,95.1827,2.8664,1]},
{"frame":30,"values":[0.7907,0.0831,0.6065,0,-0.0861,0.996,-0.0241,0,0.6061,0.0332,-0.7947,0,3.9106,94.8477,2.8404,1]},
{"frame":31,"values":[0.7817,0.0835,0.618,0,-0.0768,0.9963,-0.0374,0,0.6189,0.0182,-0.7853,0,3.5896,94.6015,2.8285,1]},
{"frame":32,"values":[0.7728,0.0759,0.6301,0,-0.0639,0.9971,-0.0418,0,0.6315,0.008,-0.7754,0,3.3845,94.4844,2.771,1]},
{"frame":33,"values":[0.7659,0.0622,0.6399,0,-0.0494,0.9981,-0.038,0,0.6411,0.0025,-0.7675,0,3.2341,94.4987,2.6449,1]},
{"frame":34,"values":[0.7612,0.0488,0.6467,0,-0.0372,0.9988,-0.0316,0,0.6474,0,-0.7621,0,3.1023,94.6153,2.4858,1]},
{"frame":35,"values":[0.7567,0.0401,0.6526,0,-0.0296,0.9992,-0.027,0,0.6531,-0.0011,-0.7573,0,3.0596,94.798,2.2791,1]},
{"frame":36,"values":[0.7515,0.0364,0.6588,0,-0.0271,0.9993,-0.0243,0,0.6592,-0.0004,-0.7519,0,3.0843,95.0851,1.9981,1]},
{"frame":37,"values":[0.7468,0.0356,0.6641,0,-0.0293,0.9994,-0.0207,0,0.6644,0.004,-0.7474,0,3.0458,95.4588,1.7177,1]},
{"frame":38,"values":[0.7431,0.0363,0.6682,0,-0.0353,0.9993,-0.015,0,0.6682,0.0125,-0.7438,0,2.8714,95.8184,1.473,1]},
{"frame":39,"values":[0.7392,0.038,0.6724,0,-0.0434,0.999,-0.0088,0,0.6721,0.0227,-0.7401,0,2.5164,96.0652,1.1909,1]},
{"frame":40,"values":[0.736,0.0401,0.6758,0,-0.051,0.9987,-0.0037,0,0.675,0.0318,-0.7371,0,2.0399,96.2431,0.8692,1]},
{"frame":41,"values":[0.737,0.0426,0.6745,0,-0.0577,0.9983,0,0,0.6734,0.0389,-0.7382,0,1.5763,96.5459,0.5672,1]},
{"frame":42,"values":[0.744,0.0471,0.6665,0,-0.0648,0.9979,0.0019,0,0.665,0.0446,-0.7455,0,1.0648,96.8957,0.3151,1]},
{"frame":43,"values":[0.7554,0.0529,0.6531,0,-0.0722,0.9974,0.0028,0,0.6513,0.0493,-0.7572,0,0.4688,97.2314,0.1456,1]},
{"frame":44,"values":[0.7688,0.0578,0.6368,0,-0.0777,0.997,0.0033,0,0.6347,0.0521,-0.771,0,-0.1283,97.5221,0.0811,1]},
{"frame":45,"values":[0.7838,0.0599,0.6182,0,-0.079,0.9969,0.0036,0,0.616,0.0517,-0.786,0,-0.3074,97.8249,0.0953,1]}],"loopBehavior":1,"name":"anim","property":"_matrix"}},
{"name":"mixamorig:Spine","index":1,"matrix":[0.9983,0.0496,0.032,0,-0.0535,0.9891,0.1374,0,-0.0248,-0.1389,0.99,0,0,9.9235,-1.2273,1],"rest":[1,0,0,0,0,1,0,0,0,0,1,0,0,9.9235,-1.2273,1],"parentBoneIndex":0,"length":11.732
,"animation":{"dataType":3,"framePerSecond":30,"keys":[
{"frame":1,"values":[0.9983,0.0496,0.032,0,-0.0535,0.9891,0.1374,0,-0.0248,-0.1389,0.99,0,0,9.9235,-1.2273,1]},
{"frame":2,"values":[0.9987,0.0456,0.0219,0,-0.0482,0.989,0.1395,0,-0.0153,-0.1404,0.99,0,0,9.9235,-1.2273,1]},
{"frame":3,"values":[0.999,0.0427,0.0123,0,-0.044,0.9889,0.142,0,-0.0061,-0.1424,0.9898,0,0,9.9235,-1.2273,1]},
{"frame":4,"values":[0.9992,0.0403,0.0036,0,-0.0404,0.9888,0.1439,0,0.0022,-0.1439,0.9896,0,0,9.9235,-1.2273,1]},
{"frame":5,"values":[0.9992,0.0389,-0.0023,0,-0.0382,0.9889,0.1434,0,0.0078,-0.1432,0.9897,0,0,9.9235,-1.2273,1]},
{"frame":6,"values":[0.9992,0.0401,-0.0032,0,-0.0393,0.9895,0.1393,0,0.0087,-0.139,0.9902,0,0,9.9235,-1.2273,1]},
{"frame":7,"values":[0.9991,0.0432,0.0016,0,-0.043,0.9901,0.1335,0,0.0042,-0.1335,0.991,0,0,9.9235,-1.2273,1]},
{"frame":8,"values":[0.999,0.0431,0.0102,0,-0.044,0.9905,0.1301,0,-0.0045,-0.1304,0.9914,0,0,9.9235,-1.2273,1]},
{"frame":9,"values":[0.9993,0.0332,0.0187,0,-0.0354,0.9907,0.1317,0,-0.0141,-0.1323,0.9911,0,0,9.9235,-1.2273,1]},
{"frame":10,"values":[0.9997,0.012,0.023,0,-0.0151,0.9903,0.1379,0,-0.0211,-0.1382,0.9902,0,0,9.9235,-1.2273,1]},
{"frame":11,"values":[0.9996,-0.0163,0.0216,0,0.013,0.9892,0.1461,0,-0.0237,-0.1458,0.989,0,0,9.9235,-1.2273,1]},
{"frame":12,"values":[0.9989,-0.0429,0.017,0,0.0398,0.9873,0.1537,0,-0.0234,-0.1528,0.988,0,0,9.9235,-1.2273,1]},
{"frame":13,"values":[0.9979,-0.0623,0.0147,0,0.0592,0.9853,0.1602,0,-0.0244,-0.159,0.987,0,0,9.9235,-1.2273,1]},
{"frame":14,"values":[0.9971,-0.0742,0.018,0,0.0702,0.9836,0.1663,0,-0.03,-0.1646,0.9859,0,0,9.9235,-1.2273,1]},
{"frame":15,"values":[0.9964,-0.0804,0.0268,0,0.0746,0.9822,0.1725,0,-0.0402,-0.1699,0.9846,0,0,9.9235,-1.2273,1]},
{"frame":16,"values":[0.9959,-0.0813,0.0389,0,0.0731,0.9812,0.1788,0,-0.0527,-0.1752,0.9831,0,0,9.9235,-1.2273,1]},
{"frame":17,"values":[0.9957,-0.077,0.0525,0,0.0661,0.9805,0.1849,0,-0.0657,-0.1806,0.9814,0,0,9.9235,-1.2273,1]},
{"frame":18,"values":[0.9954,-0.0688,0.0667,0,0.055,0.9802,0.1904,0,-0.0784,-0.1859,0.9794,0,0,9.9235,-1.2273,1]},
{"frame":19,"values":[0.9949,-0.0602,0.0808,0,0.0435,0.9799,0.1949,0,-0.0909,-0.1903,0.9775,0,0,9.9235,-1.2273,1]},
{"frame":20,"values":[0.9941,-0.054,0.0944,0,0.0344,0.9796,0.1978,0,-0.1032,-0.1934,0.9757,0,0,9.9235,-1.2273,1]},
{"frame":21,"values":[0.9929,-0.0505,0.1074,0,0.0283,0.9795,0.1993,0,-0.1153,-0.1948,0.974,0,0,9.9235,-1.2273,1]},
{"frame":22,"values":[0.9915,-0.0485,0.1208,0,0.0236,0.9796,0.1995,0,-0.128,-0.1949,0.9724,0,0,9.9235,-1.2273,1]},
{"frame":23,"values":[0.9897,-0.0466,0.1354,0,0.019,0.98,0.1982,0,-0.1419,-0.1936,0.9708,0,0,9.9235,-1.2273,1]},
{"frame":24,"values":[0.9876,-0.044,0.1507,0,0.014,0.9807,0.1951,0,-0.1563,-0.1906,0.9691,0,0,9.9235,-1.2273,1]},
{"frame":25,"values":[0.9856,-0.0401,0.1644,0,0.0083,0.9818,0.19,0,-0.169,-0.1858,0.9679,0,0,9.9235,-1.2273,1]},
{"frame":26,"values":[0.9842,-0.0344,0.1736,0,0.0021,0.9832,0.1825,0,-0.177,-0.1793,0.9678,0,0,9.9235,-1.2273,1]},
{"frame":27,"values":[0.9839,-0.0274,0.1764,0,-0.0036,0.9849,0.1729,0,-0.1785,-0.1707,0.969,0,0,9.9235,-1.2273,1]},
{"frame":28,"values":[0.9846,-0.021,0.1737,0,-0.0074,0.9869,0.1613,0,-0.1748,-0.1601,0.9715,0,0,9.9235,-1.2273,1]},
{"frame":29,"values":[0.9856,-0.0164,0.1685,0,-0.009,0.9889,0.1486,0,-0.1691,-0.148,0.9744,0,0,9.9235,-1.2273,1]},
{"frame":30,"values":[0.9864,-0.0117,0.1642,0,-0.0111,0.9905,0.1367,0,-0.1642,-0.1367,0.9769,0,0,9.9235,-1.2273,1]},
{"frame":31,"values":[0.9868,-0.003,0.1618,0,-0.0179,0.9916,0.128,0,-0.1609,-0.1292,0.9785,0,0,9.9235,-1.2273,1]},
{"frame":32,"values":[0.9869,0.0113,0.1611,0,-0.0316,0.9918,0.1238,0,-0.1584,-0.1272,0.9791,0,0,9.9235,-1.2273,1]},
{"frame":33,"values":[0.9864,0.0295,0.1617,0,-0.0498,0.9911,0.1232,0,-0.1566,-0.1296,0.9791,0,0,9.9235,-1.2273,1]},
{"frame":34,"values":[0.9855,0.047,0.1633,0,-0.0676,0.9901,0.123,0,-0.1559,-0.1322,0.9789,0,0,9.9235,-1.2273,1]},
{"frame":35,"values":[0.9846,0.0612,0.164,0,-0.0816,0.9893,0.1205,0,-0.1549,-0.1321,0.9791,0,0,9.9235,-1.2273,1]},
{"frame":36,"values":[0.9845,0.0717,0.1601,0,-0.091,0.989,0.1165,0,-0.15,-0.1293,0.9802,0,0,9.9234,-1.2273,1]},
{"frame":37,"values":[0.9857,0.0791,0.1487,0,-0.0966,0.9887,0.1144,0,-0.138,-0.1271,0.9822,0,0,9.9235,-1.2273,1]},
{"frame":38,"values":[0.9878,0.0836,0.1311,0,-0.0991,0.9882,0.1165,0,-0.1198,-0.128,0.9845,0,0,9.9235,-1.2273,1]},
{"frame":39,"values":[0.9902,0.0843,0.1113,0,-0.0977,0.9878,0.1213,0,-0.0998,-0.131,0.9863,0,0,9.9235,-1.2273,1]},
{"frame":40,"values":[0.9923,0.0819,0.0934,0,-0.0933,0.9876,0.1259,0,-0.082,-0.1337,0.9876,0,0,9.9235,-1.2273,1]},
{"frame":41,"values":[0.9939,0.0774,0.0787,0,-0.0872,0.9878,0.1289,0,-0.0678,-0.135,0.9885,0,0,9.9235,-1.2273,1]},
{"frame":42,"values":[0.9953,0.0708,0.066,0,-0.079,0.9882,0.1311,0,-0.056,-0.1357,0.9892,0,0,9.9235,-1.2273,1]},
{"frame":43,"values":[0.9965,0.0629,0.0541,0,-0.0697,0.9886,0.1334,0,-0.0451,-0.1367,0.9896,0,0,9.9235,-1.2273,1]},
{"frame":44,"values":[0.9976,0.0554,0.0427,0,-0.0607,0.9889,0.1355,0,-0.0347,-0.1378,0.9899,0,0,9.9235,-1.2273,1]},
{"frame":45,"values":[0.9983,0.0496,0.032,0,-0.0535,0.9891,0.1374,0,-0.0248,-0.1389,0.99,0,0,9.9235,-1.2273,1]}],"loopBehavior":1,"name":"anim","property":"_matrix"}},
{"name":"mixamorig:Spine1","index":2,"matrix":[1,0.0002,0.0093,0,-0.0006,0.999,0.0445,0,-0.0092,-0.0445,0.999,0,-0.0001,11.6454,-1.4223,1],"rest":[1,0,0,0,0,1,0,0,0,0,1,0,-0.0001,11.6454,-1.4223,1],"parentBoneIndex":1,"length":13.4588
,"animation":{"dataType":3,"framePerSecond":30,"keys":[
{"frame":1,"values":[1,0.0002,0.0093,0,-0.0006,0.999,0.0445,0,-0.0092,-0.0445,0.999,0,-0.0001,11.6454,-1.4223,1]},
{"frame":2,"values":[1,-0.0018,0.0065,0,0.0015,0.999,0.044,0,-0.0066,-0.044,0.999,0,-0.0001,11.6454,-1.4223,1]},
{"frame":3,"values":[1,-0.0035,0.0038,0,0.0033,0.9991,0.0432,0,-0.004,-0.0432,0.9991,0,-0.0001,11.6454,-1.4223,1]},
{"frame":4,"values":[1,-0.0049,0.0014,0,0.0048,0.9991,0.0422,0,-0.0016,-0.0422,0.9991,0,-0.0001,11.6454,-1.4223,1]},
{"frame":5,"values":[1,-0.0061,-0.0003,0,0.0061,0.9991,0.0408,0,0.0001,-0.0408,0.9992,0,-0.0001,11.6454,-1.4223,1]},
{"frame":6,"values":[1,-0.0068,-0.0008,0,0.0069,0.9992,0.0394,0,0.0005,-0.0394,0.9992,0,-0.0001,11.6454,-1.4223,1]},
{"frame":7,"values":[1,-0.0067,0.0003,0,0.0067,0.9992,0.0382,0,-0.0005,-0.0382,0.9993,0,-0.0001,11.6454,-1.4223,1]},
{"frame":8,"values":[1,-0.0053,0.0022,0,0.0052,0.9993,0.038,0,-0.0024,-0.038,0.9993,0,-0.0001,11.6454,-1.4223,1]},
{"frame":9,"values":[1,-0.0025,0.0041,0,0.0024,0.9992,0.039,0,-0.0042,-0.039,0.9992,0,-0.0001,11.6454,-1.4223,1]},
{"frame":10,"values":[1,0.0005,0.005,0,-0.0007,0.9992,0.041,0,-0.005,-0.041,0.9991,0,-0.0001,11.6454,-1.4223,1]},
{"frame":11,"values":[1,0.0026,0.0048,0,-0.0028,0.9991,0.0434,0,-0.0046,-0.0434,0.999,0,-0.0001,11.6454,-1.4223,1]},
{"frame":12,"values":[1,0.0036,0.004,0,-0.0037,0.999,0.0456,0,-0.0038,-0.0456,0.999,0,-0.0001,11.6454,-1.4223,1]},
{"frame":13,"values":[1,0.0044,0.0039,0,-0.0046,0.9989,0.0476,0,-0.0037,-0.0476,0.9989,0,-0.0001,11.6454,-1.4223,1]},
{"frame":14,"values":[1,0.006,0.0052,0,-0.0062,0.9987,0.05,0,-0.0049,-0.05,0.9987,0,-0.0001,11.6454,-1.4223,1]},
{"frame":15,"values":[0.9999,0.0083,0.0077,0,-0.0087,0.9986,0.053,0,-0.0073,-0.053,0.9986,0,-0.0001,11.6454,-1.4223,1]},
{"frame":16,"values":[0.9999,0.0102,0.0111,0,-0.0108,0.9983,0.0565,0,-0.0105,-0.0566,0.9983,0,-0.0001,11.6454,-1.4223,1]},
{"frame":17,"values":[0.9998,0.0109,0.0148,0,-0.0118,0.9981,0.0599,0,-0.0141,-0.0601,0.9981,0,-0.0001,11.6454,-1.4223,1]},
{"frame":18,"values":[0.9998,0.0103,0.0186,0,-0.0115,0.998,0.0628,0,-0.0179,-0.063,0.9979,0,-0.0001,11.6454,-1.4223,1]},
{"frame":19,"values":[0.9997,0.0089,0.0223,0,-0.0103,0.9978,0.0649,0,-0.0217,-0.0651,0.9976,0,-0.0001,11.6454,-1.4223,1]},
{"frame":20,"values":[0.9996,0.0071,0.0258,0,-0.0088,0.9978,0.0662,0,-0.0253,-0.0664,0.9975,0,-0.0001,11.6454,-1.4223,1]},
{"frame":21,"values":[0.9996,0.0055,0.0292,0,-0.0074,0.9977,0.067,0,-0.0287,-0.0672,0.9973,0,-0.0001,11.6454,-1.4223,1]},
{"frame":22,"values":[0.9995,0.0042,0.0326,0,-0.0064,0.9977,0.0676,0,-0.0323,-0.0677,0.9972,0,-0.0001,11.6454,-1.4223,1]},
{"frame":23,"values":[0.9993,0.0034,0.0363,0,-0.0059,0.9977,0.068,0,-0.036,-0.0682,0.997,0,-0.0001,11.6454,-1.4223,1]},
{"frame":24,"values":[0.9992,0.0029,0.0403,0,-0.0056,0.9977,0.0682,0,-0.04,-0.0684,0.9969,0,-0.0001,11.6454,-1.4223,1]},
{"frame":25,"values":[0.999,0.0024,0.0438,0,-0.0054,0.9977,0.0678,0,-0.0435,-0.068,0.9967,0,-0.0001,11.6454,-1.4223,1]},
{"frame":26,"values":[0.9989,0.0021,0.0462,0,-0.0051,0.9978,0.0664,0,-0.046,-0.0665,0.9967,0,-0.0001,11.6454,-1.4223,1]},
{"frame":27,"values":[0.9989,0.0018,0.0471,0,-0.0049,0.9979,0.0639,0,-0.0469,-0.0641,0.9968,0,-0.0001,11.6454,-1.4223,1]},
{"frame":28,"values":[0.9989,0.0019,0.0465,0,-0.0047,0.9982,0.0605,0,-0.0463,-0.0607,0.9971,0,-0.0001,11.6454,-1.4223,1]},
{"frame":29,"values":[0.999,0.0025,0.0452,0,-0.0051,0.9984,0.0565,0,-0.045,-0.0567,0.9974,0,-0.0001,11.6454,-1.4223,1]},
{"frame":30,"values":[0.999,0.0037,0.044,0,-0.006,0.9986,0.0524,0,-0.0438,-0.0526,0.9977,0,-0.0001,11.6454,-1.4223,1]},
{"frame":31,"values":[0.999,0.0056,0.0433,0,-0.0077,0.9988,0.0491,0,-0.043,-0.0494,0.9979,0,-0.0001,11.6454,-1.4223,1]},
{"frame":32,"values":[0.999,0.0084,0.043,0,-0.0104,0.9988,0.0474,0,-0.0426,-0.0478,0.9979,0,-0.0001,11.6454,-1.4223,1]},
{"frame":33,"values":[0.999,0.0119,0.043,0,-0.014,0.9988,0.0477,0,-0.0424,-0.0483,0.9979,0,-0.0001,11.6454,-1.4223,1]},
{"frame":34,"values":[0.9989,0.0158,0.0432,0,-0.0179,0.9986,0.0491,0,-0.0424,-0.0498,0.9979,0,-0.0001,11.6454,-1.4223,1]},
{"frame":35,"values":[0.9989,0.0191,0.0432,0,-0.0213,0.9985,0.0499,0,-0.0422,-0.0508,0.9978,0,-0.0001,11.6454,-1.4223,1]},
{"frame":36,"values":[0.9989,0.0211,0.0422,0,-0.0231,0.9985,0.0493,0,-0.0411,-0.0502,0.9979,0,-0.0001,11.6454,-1.4223,1]},
{"frame":37,"values":[0.999,0.0213,0.0393,0,-0.0232,0.9986,0.0475,0,-0.0382,-0.0483,0.9981,0,-0.0001,11.6454,-1.4223,1]},
{"frame":38,"values":[0.9992,0.02,0.0348,0,-0.0215,0.9987,0.0453,0,-0.0338,-0.0461,0.9984,0,-0.0001,11.6454,-1.4223,1]},
{"frame":39,"values":[0.9994,0.0174,0.0297,0,-0.0187,0.9989,0.0438,0,-0.0289,-0.0443,0.9986,0,-0.0001,11.6454,-1.4223,1]},
{"frame":40,"values":[0.9996,0.0142,0.0252,0,-0.0152,0.999,0.0431,0,-0.0246,-0.0434,0.9988,0,-0.0001,11.6454,-1.4223,1]},
{"frame":41,"values":[0.9997,0.0109,0.0214,0,-0.0118,0.999,0.0431,0,-0.0209,-0.0433,0.9988,0,-0.0001,11.6454,-1.4223,1]},
{"frame":42,"values":[0.9998,0.0078,0.0182,0,-0.0086,0.999,0.0436,0,-0.0178,-0.0437,0.9989,0,-0.0001,11.6454,-1.4223,1]},
{"frame":43,"values":[0.9999,0.005,0.0151,0,-0.0057,0.999,0.0442,0,-0.0148,-0.0442,0.9989,0,-0.0001,11.6454,-1.4223,1]},
{"frame":44,"values":[0.9999,0.0025,0.0121,0,-0.003,0.999,0.0445,0,-0.012,-0.0446,0.9989,0,-0.0001,11.6454,-1.4223,1]},
{"frame":45,"values":[1,0.0002,0.0093,0,-0.0006,0.999,0.0445,0,-0.0092,-0.0445,0.999,0,-0.0001,11.6454,-1.4223,1]}],"loopBehavior":1,"name":"anim","property":"_matrix"}},
{"name":"mixamorig:Spine2","index":3,"matrix":[1,0.0002,0.0094,0,-0.0006,0.999,0.0444,0,-0.0094,-0.0445,0.999,0,0.0001,13.3602,-1.6265,1],"rest":[1,0,0,0,0,1,0,0,0,0,1,0,0.0001,13.3602,-1.6265,1],"parentBoneIndex":2,"length":12.3444
,"animation":{"dataType":3,"framePerSecond":30,"keys":[
{"frame":1,"values":[1,0.0002,0.0094,0,-0.0006,0.999,0.0444,0,-0.0094,-0.0445,0.999,0,0.0001,13.3602,-1.6265,1]},
{"frame":2,"values":[1,-0.0018,0.0067,0,0.0015,0.999,0.044,0,-0.0067,-0.044,0.999,0,0.0001,13.3602,-1.6265,1]},
{"frame":3,"values":[1,-0.0035,0.004,0,0.0033,0.9991,0.0432,0,-0.0041,-0.0432,0.9991,0,0.0001,13.3602,-1.6265,1]},
{"frame":4,"values":[1,-0.0049,0.0015,0,0.0048,0.9991,0.0422,0,-0.0017,-0.0421,0.9991,0,0.0001,13.3602,-1.6265,1]},
{"frame":5,"values":[1,-0.0061,-0.0002,0,0.0061,0.9991,0.0409,0,0,-0.0409,0.9992,0,0.0001,13.3602,-1.6265,1]},
{"frame":6,"values":[1,-0.0068,-0.0006,0,0.0069,0.9992,0.0394,0,0.0004,-0.0394,0.9992,0,0.0001,13.3602,-1.6265,1]},
{"frame":7,"values":[1,-0.0067,0.0004,0,0.0067,0.9992,0.0382,0,-0.0007,-0.0382,0.9993,0,0.0001,13.3602,-1.6265,1]},
{"frame":8,"values":[1,-0.0053,0.0024,0,0.0052,0.9993,0.038,0,-0.0026,-0.038,0.9993,0,0.0001,13.3602,-1.6265,1]},
{"frame":9,"values":[1,-0.0025,0.0042,0,0.0023,0.9992,0.039,0,-0.0043,-0.039,0.9992,0,0.0001,13.3602,-1.6265,1]},
{"frame":10,"values":[1,0.0005,0.0051,0,-0.0007,0.9992,0.041,0,-0.005,-0.041,0.9991,0,0.0001,13.3602,-1.6265,1]},
{"frame":11,"values":[1,0.0026,0.0047,0,-0.0028,0.9991,0.0434,0,-0.0046,-0.0434,0.999,0,0.0001,13.3602,-1.6265,1]},
{"frame":12,"values":[1,0.0036,0.0039,0,-0.0037,0.999,0.0456,0,-0.0037,-0.0456,0.999,0,0.0001,13.3602,-1.6265,1]},
{"frame":13,"values":[1,0.0044,0.0037,0,-0.0046,0.9989,0.0477,0,-0.0035,-0.0477,0.9989,0,0.0001,13.3602,-1.6265,1]},
{"frame":14,"values":[1,0.006,0.0049,0,-0.0062,0.9987,0.05,0,-0.0046,-0.0501,0.9987,0,0.0001,13.3602,-1.6265,1]},
{"frame":15,"values":[0.9999,0.0083,0.0074,0,-0.0087,0.9986,0.0531,0,-0.007,-0.0531,0.9986,0,0.0001,13.3602,-1.6265,1]},
{"frame":16,"values":[0.9999,0.0102,0.0107,0,-0.0108,0.9983,0.0566,0,-0.0101,-0.0567,0.9983,0,0.0001,13.3602,-1.6265,1]},
{"frame":17,"values":[0.9998,0.011,0.0144,0,-0.0118,0.9981,0.0601,0,-0.0137,-0.0602,0.9981,0,0.0001,13.3602,-1.6265,1]},
{"frame":18,"values":[0.9998,0.0104,0.0182,0,-0.0115,0.9979,0.063,0,-0.0175,-0.0632,0.9978,0,0.0001,13.3602,-1.6265,1]},
{"frame":19,"values":[0.9997,0.009,0.022,0,-0.0104,0.9978,0.065,0,-0.0214,-0.0652,0.9976,0,0.0001,13.3602,-1.6265,1]},
{"frame":20,"values":[0.9996,0.0072,0.0256,0,-0.0089,0.9978,0.0663,0,-0.0251,-0.0665,0.9975,0,0.0001,13.3602,-1.6265,1]},
{"frame":21,"values":[0.9996,0.0056,0.029,0,-0.0076,0.9977,0.067,0,-0.0286,-0.0672,0.9973,0,0.0001,13.3602,-1.6265,1]},
{"frame":22,"values":[0.9995,0.0044,0.0325,0,-0.0066,0.9977,0.0676,0,-0.0321,-0.0678,0.9972,0,0.0001,13.3602,-1.6265,1]},
{"frame":23,"values":[0.9993,0.0036,0.0362,0,-0.006,0.9977,0.068,0,-0.0359,-0.0682,0.997,0,0.0001,13.3602,-1.6265,1]},
{"frame":24,"values":[0.9992,0.003,0.0402,0,-0.0058,0.9977,0.0682,0,-0.0399,-0.0684,0.9969,0,0.0001,13.3602,-1.6265,1]},
{"frame":25,"values":[0.999,0.0026,0.0438,0,-0.0055,0.9977,0.0677,0,-0.0435,-0.0679,0.9967,0,0.0001,13.3602,-1.6265,1]},
{"frame":26,"values":[0.9989,0.0022,0.0462,0,-0.0052,0.9978,0.0662,0,-0.046,-0.0664,0.9967,0,0.0001,13.3602,-1.6265,1]},
{"frame":27,"values":[0.9989,0.0019,0.0471,0,-0.0049,0.998,0.0638,0,-0.0469,-0.0639,0.9969,0,0.0001,13.3602,-1.6265,1]},
{"frame":28,"values":[0.9989,0.002,0.0465,0,-0.0048,0.9982,0.0604,0,-0.0463,-0.0605,0.9971,0,0.0001,13.3602,-1.6265,1]},
{"frame":29,"values":[0.999,0.0025,0.0453,0,-0.0051,0.9984,0.0564,0,-0.0451,-0.0566,0.9974,0,0.0001,13.3602,-1.6265,1]},
{"frame":30,"values":[0.999,0.0037,0.0441,0,-0.006,0.9986,0.0523,0,-0.0438,-0.0525,0.9977,0,0.0001,13.3602,-1.6265,1]},
{"frame":31,"values":[0.999,0.0056,0.0434,0,-0.0077,0.9988,0.049,0,-0.043,-0.0493,0.9979,0,0.0001,13.3602,-1.6265,1]},
{"frame":32,"values":[0.999,0.0084,0.0431,0,-0.0104,0.9988,0.0473,0,-0.0426,-0.0477,0.9979,0,0.0001,13.3602,-1.6265,1]},
{"frame":33,"values":[0.999,0.0119,0.0431,0,-0.014,0.9988,0.0476,0,-0.0425,-0.0482,0.9979,0,0.0001,13.3602,-1.6265,1]},
{"frame":34,"values":[0.9989,0.0158,0.0433,0,-0.0179,0.9986,0.0489,0,-0.0425,-0.0496,0.9979,0,0.0001,13.3602,-1.6265,1]},
{"frame":35,"values":[0.9989,0.0191,0.0434,0,-0.0212,0.9985,0.0497,0,-0.0424,-0.0506,0.9978,0,0.0001,13.3602,-1.6265,1]},
{"frame":36,"values":[0.9989,0.021,0.0424,0,-0.0231,0.9985,0.0491,0,-0.0413,-0.05,0.9979,0,0.0001,13.3602,-1.6265,1]},
{"frame":37,"values":[0.999,0.0213,0.0395,0,-0.0231,0.9986,0.0472,0,-0.0385,-0.0481,0.9981,0,0.0001,13.3602,-1.6265,1]},
{"frame":38,"values":[0.9992,0.02,0.035,0,-0.0216,0.9987,0.0451,0,-0.0341,-0.0458,0.9984,0,0.0001,13.3602,-1.6265,1]},
{"frame":39,"values":[0.9994,0.0175,0.03,0,-0.0188,0.9989,0.0436,0,-0.0292,-0.0441,0.9986,0,0.0001,13.3602,-1.6265,1]},
{"frame":40,"values":[0.9996,0.0143,0.0254,0,-0.0154,0.999,0.0429,0,-0.0248,-0.0432,0.9988,0,0.0001,13.3602,-1.6265,1]},
{"frame":41,"values":[0.9997,0.011,0.0216,0,-0.0119,0.999,0.0429,0,-0.0212,-0.0432,0.9988,0,0.0001,13.3602,-1.6265,1]},
{"frame":42,"values":[0.9998,0.0079,0.0184,0,-0.0087,0.999,0.0434,0,-0.018,-0.0436,0.9989,0,0.0001,13.3602,-1.6265,1]},
{"frame":43,"values":[0.9999,0.0051,0.0153,0,-0.0058,0.999,0.0441,0,-0.015,-0.0441,0.9989,0,0.0001,13.3602,-1.6265,1]},
{"frame":44,"values":[0.9999,0.0025,0.0123,0,-0.0031,0.999,0.0445,0,-0.0121,-0.0445,0.9989,0,0.0001,13.3602,-1.6265,1]},
{"frame":45,"values":[1,0.0002,0.0094,0,-0.0006,0.999,0.0444,0,-0.0094,-0.0445,0.999,0,0.0001,13.3602,-1.6265,1]}],"loopBehavior":1,"name":"anim","property":"_matrix"}},
{"name":"mixamorig:Neck","index":4,"matrix":[0.9964,0.0447,0.0717,0,-0.0407,0.9976,-0.056,0,-0.074,0.0529,0.9959,0,0,15.0325,0.7929,1],"rest":[1,0,0,0,0,1,0,0,0,0,1,0,0,15.0325,0.7929,1],"parentBoneIndex":3,"length":10.7896
,"animation":{"dataType":3,"framePerSecond":30,"keys":[
{"frame":1,"values":[0.9964,0.0447,0.0717,0,-0.0407,0.9976,-0.056,0,-0.074,0.0529,0.9959,0,0,15.0325,0.7929,1]},
{"frame":2,"values":[0.9965,0.0438,0.0706,0,-0.0397,0.9975,-0.0579,0,-0.073,0.0549,0.9958,0,0,15.0325,0.7929,1]},
{"frame":3,"values":[0.9967,0.043,0.0695,0,-0.0388,0.9974,-0.0614,0,-0.072,0.0585,0.9957,0,0,15.0325,0.7929,1]},
{"frame":4,"values":[0.9968,0.0426,0.0682,0,-0.0381,0.9971,-0.0655,0,-0.0708,0.0627,0.9955,0,0,15.0325,0.7929,1]},
{"frame":5,"values":[0.9969,0.0428,0.0664,0,-0.0382,0.9969,-0.0683,0,-0.0691,0.0655,0.9955,0,0,15.0325,0.7929,1]},
{"frame":6,"values":[0.997,0.0437,0.0639,0,-0.0393,0.9969,-0.0689,0,-0.0667,0.0662,0.9956,0,0,15.0325,0.7929,1]},
{"frame":7,"values":[0.9971,0.0449,0.0609,0,-0.0407,0.9969,-0.068,0,-0.0637,0.0654,0.9958,0,0,15.0325,0.7929,1]},
{"frame":8,"values":[0.9973,0.0455,0.0579,0,-0.0416,0.9969,-0.0673,0,-0.0607,0.0648,0.9961,0,0,15.0325,0.7929,1]},
{"frame":9,"values":[0.9975,0.0451,0.0552,0,-0.0413,0.9968,-0.0678,0,-0.0581,0.0654,0.9962,0,0,15.0325,0.7929,1]},
{"frame":10,"values":[0.9977,0.0433,0.0529,0,-0.0396,0.9968,-0.0692,0,-0.0557,0.0669,0.9962,0,0,15.0325,0.7929,1]},
{"frame":11,"values":[0.9979,0.0394,0.0505,0,-0.0358,0.9969,-0.0705,0,-0.0532,0.0686,0.9962,0,0,15.0325,0.7929,1]},
{"frame":12,"values":[0.9983,0.033,0.048,0,-0.0296,0.997,-0.0714,0,-0.0503,0.0698,0.9963,0,0,15.0325,0.7929,1]},
{"frame":13,"values":[0.9986,0.0251,0.0456,0,-0.0218,0.9972,-0.0712,0,-0.0473,0.0701,0.9964,0,0,15.0325,0.7929,1]},
{"frame":14,"values":[0.9989,0.0176,0.0437,0,-0.0145,0.9975,-0.0697,0,-0.0448,0.069,0.9966,0,0,15.0325,0.7929,1]},
{"frame":15,"values":[0.999,0.0122,0.0428,0,-0.0093,0.9977,-0.0668,0,-0.0435,0.0664,0.9968,0,0,15.0325,0.7929,1]},
{"frame":16,"values":[0.999,0.0093,0.043,0,-0.0066,0.998,-0.0631,0,-0.0435,0.0628,0.9971,0,0,15.0325,0.7929,1]},
{"frame":17,"values":[0.999,0.008,0.0438,0,-0.0054,0.9982,-0.0593,0,-0.0442,0.059,0.9973,0,0,15.0325,0.7929,1]},
{"frame":18,"values":[0.999,0.007,0.0445,0,-0.0045,0.9984,-0.056,0,-0.0448,0.0558,0.9974,0,0,15.0325,0.7929,1]},
{"frame":19,"values":[0.999,0.0057,0.0447,0,-0.0033,0.9986,-0.0536,0,-0.0449,0.0534,0.9976,0,0,15.0325,0.7929,1]},
{"frame":20,"values":[0.999,0.0041,0.0445,0,-0.0018,0.9986,-0.0523,0,-0.0446,0.0521,0.9976,0,0,15.0325,0.7929,1]},
{"frame":21,"values":[0.999,0.0024,0.0442,0,-0.0001,0.9986,-0.052,0,-0.0443,0.052,0.9977,0,0,15.0325,0.7929,1]},
{"frame":22,"values":[0.999,0.0005,0.0442,0,0.0019,0.9986,-0.0525,0,-0.0442,0.0525,0.9976,0,0,15.0325,0.7929,1]},
{"frame":23,"values":[0.999,-0.0019,0.0445,0,0.0042,0.9986,-0.0531,0,-0.0443,0.0532,0.9976,0,0,15.0325,0.7929,1]},
{"frame":24,"values":[0.999,-0.0046,0.0449,0,0.007,0.9985,-0.0539,0,-0.0446,0.0542,0.9975,0,0,15.0325,0.7929,1]},
{"frame":25,"values":[0.9989,-0.0074,0.0455,0,0.0099,0.9984,-0.0551,0,-0.045,0.0555,0.9974,0,0,15.0325,0.7929,1]},
{"frame":26,"values":[0.9989,-0.0098,0.0465,0,0.0124,0.9983,-0.0569,0,-0.0459,0.0574,0.9973,0,0,15.0325,0.7929,1]},
{"frame":27,"values":[0.9988,-0.0109,0.048,0,0.0138,0.9982,-0.0591,0,-0.0473,0.0597,0.9971,0,0,15.0325,0.7929,1]},
{"frame":28,"values":[0.9987,-0.0104,0.0499,0,0.0134,0.998,-0.0618,0,-0.0491,0.0624,0.9968,0,0,15.0325,0.7929,1]},
{"frame":29,"values":[0.9986,-0.008,0.0515,0,0.0113,0.9978,-0.065,0,-0.0509,0.0655,0.9966,0,0,15.0325,0.7929,1]},
{"frame":30,"values":[0.9986,-0.0039,0.0529,0,0.0076,0.9976,-0.0692,0,-0.0525,0.0695,0.9962,0,0,15.0325,0.7929,1]},
{"frame":31,"values":[0.9985,0.0018,0.0541,0,0.0022,0.9972,-0.0747,0,-0.0541,0.0747,0.9957,0,0,15.0325,0.7929,1]},
{"frame":32,"values":[0.9984,0.0092,0.0553,0,-0.0047,0.9967,-0.0809,0,-0.0558,0.0805,0.9952,0,0,15.0325,0.7929,1]},
{"frame":33,"values":[0.9983,0.0177,0.056,0,-0.0128,0.9962,-0.0864,0,-0.0573,0.0855,0.9947,0,0,15.0325,0.7929,1]},
{"frame":34,"values":[0.9981,0.0257,0.0562,0,-0.0206,0.9958,-0.0893,0,-0.0583,0.0879,0.9944,0,0,15.0325,0.7929,1]},
{"frame":35,"values":[0.9979,0.0319,0.0566,0,-0.0268,0.9957,-0.0885,0,-0.0591,0.0868,0.9945,0,0,15.0325,0.7929,1]},
{"frame":36,"values":[0.9977,0.0361,0.0582,0,-0.0311,0.9959,-0.0845,0,-0.061,0.0824,0.9947,0,0,15.0325,0.7929,1]},
{"frame":37,"values":[0.9973,0.0395,0.0616,0,-0.0346,0.9963,-0.079,0,-0.0645,0.0766,0.995,0,0,15.0325,0.7929,1]},
{"frame":38,"values":[0.9969,0.0433,0.0661,0,-0.0384,0.9965,-0.0736,0,-0.069,0.0708,0.9951,0,0,15.0325,0.7929,1]},
{"frame":39,"values":[0.9964,0.0475,0.0703,0,-0.0426,0.9967,-0.069,0,-0.0733,0.0658,0.9951,0,0,15.0325,0.7929,1]},
{"frame":40,"values":[0.996,0.0506,0.0732,0,-0.0458,0.9968,-0.0651,0,-0.0763,0.0615,0.9952,0,0,15.0325,0.7929,1]},
{"frame":41,"values":[0.9959,0.0515,0.0744,0,-0.0469,0.997,-0.0617,0,-0.0774,0.058,0.9953,0,0,15.0325,0.7929,1]},
{"frame":42,"values":[0.996,0.0503,0.0744,0,-0.046,0.9972,-0.059,0,-0.0771,0.0554,0.9955,0,0,15.0325,0.7929,1]},
{"frame":43,"values":[0.9961,0.0482,0.0736,0,-0.044,0.9974,-0.057,0,-0.0762,0.0536,0.9957,0,0,15.0325,0.7929,1]},
{"frame":44,"values":[0.9963,0.0462,0.0727,0,-0.0421,0.9975,-0.0559,0,-0.0751,0.0526,0.9958,0,0,15.0325,0.7929,1]},
{"frame":45,"values":[0.9964,0.0447,0.0717,0,-0.0407,0.9976,-0.056,0,-0.074,0.0529,0.9959,0,0,15.0325,0.7929,1]}],"loopBehavior":1,"name":"anim","property":"_matrix"}},
{"name":"mixamorig:Head","index":5,"matrix":[0.9371,0.1479,0.3161,0,-0.0919,0.9784,-0.1852,0,-0.3367,0.1445,0.9305,0,0,10.3218,3.1424,1],"rest":[1,0,0,0,0,1,0,0,0,0,1,0,0,10.3218,3.1424,1],"parentBoneIndex":4,"length":14.7322
,"animation":{"dataType":3,"framePerSecond":30,"keys":[
{"frame":1,"values":[0.9371,0.1479,0.3161,0,-0.0919,0.9784,-0.1852,0,-0.3367,0.1445,0.9305,0,0,10.3218,3.1424,1]},
{"frame":2,"values":[0.9388,0.1495,0.3103,0,-0.0936,0.9777,-0.1878,0,-0.3314,0.1472,0.9319,0,0,10.3218,3.1424,1]},
{"frame":3,"values":[0.9404,0.1528,0.3038,0,-0.0958,0.9762,-0.1944,0,-0.3263,0.1537,0.9327,0,0,10.3218,3.1424,1]},
{"frame":4,"values":[0.9423,0.1564,0.2961,0,-0.0982,0.9744,-0.2023,0,-0.3201,0.1615,0.9335,0,0,10.3218,3.1424,1]},
{"frame":5,"values":[0.945,0.1586,0.286,0,-0.1006,0.9731,-0.2073,0,-0.3112,0.1671,0.9355,0,0,10.3218,3.1424,1]},
{"frame":6,"values":[0.949,0.158,0.273,0,-0.1025,0.973,-0.2068,0,-0.2983,0.1683,0.9395,0,0,10.3218,3.1424,1]},
{"frame":7,"values":[0.9534,0.1558,0.2583,0,-0.1045,0.9738,-0.2019,0,-0.283,0.1655,0.9447,0,0,10.3218,3.1424,1]},
{"frame":8,"values":[0.957,0.1556,0.2448,0,-0.1081,0.9745,-0.1967,0,-0.2692,0.1618,0.9494,0,0,10.3218,3.1424,1]},
{"frame":9,"values":[0.9588,0.1604,0.2344,0,-0.1153,0.974,-0.1949,0,-0.2596,0.1598,0.9524,0,0,10.3218,3.1424,1]},
{"frame":10,"values":[0.9591,0.1697,0.2266,0,-0.1257,0.9724,-0.1963,0,-0.2537,0.1598,0.954,0,0,10.3218,3.1424,1]},
{"frame":11,"values":[0.959,0.1785,0.22,0,-0.1352,0.9708,-0.1981,0,-0.249,0.1602,0.9552,0,0,10.3218,3.1424,1]},
{"frame":12,"values":[0.9599,0.1807,0.2142,0,-0.1388,0.9706,-0.1968,0,-0.2434,0.1592,0.9568,0,0,10.3218,3.1424,1]},
{"frame":13,"values":[0.9622,0.1738,0.2099,0,-0.1338,0.9723,-0.1918,0,-0.2374,0.1564,0.9587,0,0,10.3218,3.1424,1]},
{"frame":14,"values":[0.9647,0.1613,0.2084,0,-0.123,0.975,-0.185,0,-0.233,0.1528,0.9604,0,0,10.3218,3.1424,1]},
{"frame":15,"values":[0.9662,0.1487,0.2105,0,-0.1114,0.9775,-0.1791,0,-0.2324,0.1496,0.961,0,0,10.3218,3.1424,1]},
{"frame":16,"values":[0.9664,0.1398,0.2158,0,-0.1026,0.9792,-0.175,0,-0.2358,0.147,0.9606,0,0,10.3218,3.1424,1]},
{"frame":17,"values":[0.9656,0.1349,0.2225,0,-0.0973,0.9803,-0.172,0,-0.2413,0.1445,0.9596,0,0,10.3218,3.1424,1]},
{"frame":18,"values":[0.9644,0.1331,0.2285,0,-0.0954,0.981,-0.1691,0,-0.2466,0.1413,0.9588,0,0,10.3218,3.1424,1]},
{"frame":19,"values":[0.9633,0.134,0.2325,0,-0.0965,0.9814,-0.1657,0,-0.2504,0.1372,0.9584,0,0,10.3218,3.1424,1]},
{"frame":20,"values":[0.9624,0.1363,0.235,0,-0.0994,0.9817,-0.1625,0,-0.2528,0.133,0.9583,0,0,10.3218,3.1424,1]},
{"frame":21,"values":[0.9616,0.1378,0.2373,0,-0.101,0.9818,-0.1608,0,-0.2551,0.1307,0.958,0,0,10.3218,3.1424,1]},
{"frame":22,"values":[0.9609,0.1368,0.2407,0,-0.0992,0.9818,-0.1619,0,-0.2585,0.1317,0.957,0,0,10.3218,3.1424,1]},
{"frame":23,"values":[0.9601,0.1334,0.2456,0,-0.0942,0.9818,-0.1652,0,-0.2632,0.1354,0.9552,0,0,10.3218,3.1424,1]},
{"frame":24,"values":[0.9592,0.1291,0.2517,0,-0.0879,0.9818,-0.1686,0,-0.2689,0.1396,0.953,0,0,10.3218,3.1424,1]},
{"frame":25,"values":[0.9579,0.1248,0.2585,0,-0.082,0.9819,-0.1705,0,-0.2751,0.1422,0.9509,0,0,10.3218,3.1424,1]},
{"frame":26,"values":[0.9563,0.1211,0.2661,0,-0.0768,0.9823,-0.171,0,-0.2821,0.1431,0.9487,0,0,10.3218,3.1424,1]},
{"frame":27,"values":[0.9543,0.1184,0.2742,0,-0.0724,0.9824,-0.1723,0,-0.2898,0.1445,0.9461,0,0,10.3218,3.1424,1]},
{"frame":28,"values":[0.9524,0.1173,0.2813,0,-0.0688,0.9819,-0.1765,0,-0.297,0.1488,0.9432,0,0,10.3218,3.1424,1]},
{"frame":29,"values":[0.951,0.1184,0.2858,0,-0.0667,0.9806,-0.1842,0,-0.302,0.1561,0.9404,0,0,10.3218,3.1424,1]},
{"frame":30,"values":[0.9501,0.1217,0.2874,0,-0.0667,0.9787,-0.1942,0,-0.3049,0.1653,0.9379,0,0,10.3218,3.1424,1]},
{"frame":31,"values":[0.9493,0.1276,0.2872,0,-0.069,0.9762,-0.2058,0,-0.3066,0.1755,0.9355,0,0,10.3218,3.1424,1]},
{"frame":32,"values":[0.9488,0.1359,0.2853,0,-0.0734,0.9729,-0.2195,0,-0.3074,0.1873,0.933,0,0,10.3218,3.1424,1]},
{"frame":33,"values":[0.9488,0.1447,0.2808,0,-0.0783,0.9689,-0.2348,0,-0.3061,0.2008,0.9306,0,0,10.3218,3.1424,1]},
{"frame":34,"values":[0.9497,0.1505,0.2747,0,-0.0814,0.9655,-0.2473,0,-0.3024,0.2125,0.9292,0,0,10.3218,3.1424,1]},
{"frame":35,"values":[0.9507,0.1502,0.2714,0,-0.0809,0.9647,-0.2507,0,-0.2995,0.2163,0.9293,0,0,10.3218,3.1424,1]},
{"frame":36,"values":[0.9502,0.1451,0.2758,0,-0.0772,0.967,-0.2429,0,-0.3019,0.2096,0.93,0,0,10.3218,3.1424,1]},
{"frame":37,"values":[0.9472,0.14,0.2883,0,-0.0736,0.9705,-0.2296,0,-0.312,0.1963,0.9296,0,0,10.3218,3.1424,1]},
{"frame":38,"values":[0.9422,0.1397,0.3046,0,-0.0735,0.973,-0.2189,0,-0.327,0.1839,0.927,0,0,10.3218,3.1424,1]},
{"frame":39,"values":[0.9366,0.1448,0.319,0,-0.0776,0.9737,-0.2143,0,-0.3416,0.176,0.9232,0,0,10.3218,3.1424,1]},
{"frame":40,"values":[0.9325,0.1515,0.3278,0,-0.0835,0.9736,-0.2124,0,-0.3513,0.1707,0.9206,0,0,10.3218,3.1424,1]},
{"frame":41,"values":[0.9309,0.1551,0.3307,0,-0.0882,0.974,-0.2086,0,-0.3545,0.165,0.9204,0,0,10.3218,3.1424,1]},
{"frame":42,"values":[0.9315,0.1543,0.3294,0,-0.0902,0.9753,-0.2017,0,-0.3524,0.1582,0.9224,0,0,10.3218,3.1424,1]},
{"frame":43,"values":[0.9332,0.1512,0.3259,0,-0.0906,0.9768,-0.1938,0,-0.3477,0.1513,0.9253,0,0,10.3218,3.1424,1]},
{"frame":44,"values":[0.9352,0.1485,0.3214,0,-0.0909,0.978,-0.1876,0,-0.3422,0.1462,0.9282,0,0,10.3218,3.1424,1]},
{"frame":45,"values":[0.9371,0.1479,0.3161,0,-0.0919,0.9784,-0.1852,0,-0.3367,0.1445,0.9305,0,0,10.3218,3.1424,1]}],"loopBehavior":1,"name":"anim","property":"_matrix"}},
{"name":"mixamorig:HeadTop_End","index":6,"matrix":[1,0,0,0,0,1,0,0,0,0,1,0,0.0002,18.4747,6.6364,1],"rest":[1,0,0,0,0,1,0,0,0,0,1,0,0.0002,18.4747,6.6364,1],"parentBoneIndex":5,"length":14.7322
,"animation":{"dataType":3,"framePerSecond":30,"keys":[
{"frame":1,"values":[1,0,0,0,0,1,0,0,0,0,1,0,0.0002,18.4747,6.6364,1]},
{"frame":5,"values":[1,0,0,0,0,1,0,0,0,0,1,0,0.0001,18.4747,6.6364,1]},
{"frame":6,"values":[1,0,0,0,0,1,0,0,0,0,1,0,0.0002,18.4747,6.6364,1]},
{"frame":10,"values":[1,0,0,0,0,1,0,0,0,0,1,0,0.0001,18.4747,6.6364,1]},
{"frame":11,"values":[1,0,0,0,0,1,0,0,0,0,1,0,0.0002,18.4747,6.6364,1]},
{"frame":13,"values":[1,0,0,0,0,1,0,0,0,0,1,0,0.0001,18.4747,6.6364,1]},
{"frame":14,"values":[1,0,0,0,0,1,0,0,0,0,1,0,0.0002,18.4747,6.6364,1]},
{"frame":33,"values":[1,0,0,0,0,1,0,0,0,0,1,0,0.0001,18.4747,6.6364,1]},
{"frame":34,"values":[1,0,0,0,0,1,0,0,0,0,1,0,0.0002,18.4747,6.6364,1]},
{"frame":40,"values":[1,0,0,0,0,1,0,0,0,0,1,0,0.0001,18.4747,6.6364,1]},
{"frame":41,"values":[1,0,0,0,0,1,0,0,0,0,1,0,0.0002,18.4747,6.6364,1]},
{"frame":45,"values":[1,0,0,0,0,1,0,0,0,0,1,0,0.0002,18.4747,6.6364,1]}],"loopBehavior":1,"name":"anim","property":"_matrix"}},
{"name":"mixamorig:LeftEye","index":7,"matrix":[1,0,0,0,0,1,0,0,0,0,1,0,2.9479,7.6818,9.1207,1],"rest":[1,0,0,0,0,1,0,0,0,0,1,0,2.9479,7.6818,9.1207,1],"parentBoneIndex":5,"length":14.7322
,"animation":{"dataType":3,"framePerSecond":30,"keys":[
{"frame":1,"values":[1,0,0,0,0,1,0,0,0,0,1,0,2.9479,7.6818,9.1207,1]},
{"frame":3,"values":[1,0,0,0,0,1,0,0,0,0,1,0,2.9479,7.6817,9.1207,1]},
{"frame":4,"values":[1,0,0,0,0,1,0,0,0,0,1,0,2.9479,7.6818,9.1207,1]},
{"frame":5,"values":[1,0,0,0,0,1,0,0,0,0,1,0,2.9479,7.6817,9.1207,1]},
{"frame":8,"values":[1,0,0,0,0,1,0,0,0,0,1,0,2.9479,7.6818,9.1207,1]},
{"frame":12,"values":[1,0,0,0,0,1,0,0,0,0,1,0,2.9479,7.6817,9.1207,1]},
{"frame":17,"values":[1,0,0,0,0,1,0,0,0,0,1,0,2.9479,7.6818,9.1207,1]},
{"frame":20,"values":[1,0,0,0,0,1,0,0,0,0,1,0,2.9479,7.6817,9.1207,1]},
{"frame":22,"values":[1,0,0,0,0,1,0,0,0,0,1,0,2.9479,7.6818,9.1207,1]},
{"frame":25,"values":[1,0,0,0,0,1,0,0,0,0,1,0,2.9479,7.6817,9.1207,1]},
{"frame":27,"values":[1,0,0,0,0,1,0,0,0,0,1,0,2.9479,7.6818,9.1207,1]},
{"frame":29,"values":[1,0,0,0,0,1,0,0,0,0,1,0,2.9479,7.6817,9.1207,1]},
{"frame":31,"values":[1,0,0,0,0,1,0,0,0,0,1,0,2.9479,7.6818,9.1207,1]},
{"frame":32,"values":[1,0,0,0,0,1,0,0,0,0,1,0,2.9479,7.6817,9.1207,1]},
{"frame":33,"values":[1,0,0,0,0,1,0,0,0,0,1,0,2.9479,7.6818,9.1207,1]},
{"frame":35,"values":[1,0,0,0,0,1,0,0,0,0,1,0,2.9479,7.6817,9.1207,1]},
{"frame":38,"values":[1,0,0,0,0,1,0,0,0,0,1,0,2.9479,7.6818,9.1207,1]},
{"frame":40,"values":[1,0,0,0,0,1,0,0,0,0,1,0,2.9479,7.6817,9.1207,1]},
{"frame":44,"values":[1,0,0,0,0,1,0,0,0,0,1,0,2.9479,7.6818,9.1207,1]},
{"frame":45,"values":[1,0,0,0,0,1,0,0,0,0,1,0,2.9479,7.6817,9.1207,1]}],"loopBehavior":1,"name":"anim","property":"_matrix"}},
{"name":"mixamorig:RightEye","index":8,"matrix":[1,0,0,0,0,1,0,0,0,0,1,0,-2.9445,7.6817,9.1205,1],"rest":[1,0,0,0,0,1,0,0,0,0,1,0,-2.9445,7.6818,9.1205,1],"parentBoneIndex":5,"length":14.7322
,"animation":{"dataType":3,"framePerSecond":30,"keys":[
{"frame":1,"values":[1,0,0,0,0,1,0,0,0,0,1,0,-2.9445,7.6817,9.1205,1]},
{"frame":2,"values":[1,0,0,0,0,1,0,0,0,0,1,0,-2.9445,7.6818,9.1205,1]},
{"frame":3,"values":[1,0,0,0,0,1,0,0,0,0,1,0,-2.9445,7.6817,9.1205,1]},
{"frame":4,"values":[1,0,0,0,0,1,0,0,0,0,1,0,-2.9445,7.6818,9.1205,1]},
{"frame":5,"values":[1,0,0,0,0,1,0,0,0,0,1,0,-2.9445,7.6817,9.1205,1]},
{"frame":9,"values":[1,0,0,0,0,1,0,0,0,0,1,0,-2.9445,7.6818,9.1205,1]},
{"frame":12,"values":[1,0,0,0,0,1,0,0,0,0,1,0,-2.9445,7.6817,9.1205,1]},
{"frame":13,"values":[1,0,0,0,0,1,0,0,0,0,1,0,-2.9445,7.6818,9.1205,1]},
{"frame":14,"values":[1,0,0,0,0,1,0,0,0,0,1,0,-2.9445,7.6817,9.1205,1]},
{"frame":18,"values":[1,0,0,0,0,1,0,0,0,0,1,0,-2.9445,7.6818,9.1205,1]},
{"frame":19,"values":[1,0,0,0,0,1,0,0,0,0,1,0,-2.9445,7.6817,9.1205,1]},
{"frame":21,"values":[1,0,0,0,0,1,0,0,0,0,1,0,-2.9445,7.6818,9.1205,1]},
{"frame":25,"values":[1,0,0,0,0,1,0,0,0,0,1,0,-2.9445,7.6817,9.1205,1]},
{"frame":28,"values":[1,0,0,0,0,1,0,0,0,0,1,0,-2.9445,7.6818,9.1205,1]},
{"frame":29,"values":[1,0,0,0,0,1,0,0,0,0,1,0,-2.9445,7.6817,9.1205,1]},
{"frame":31,"values":[1,0,0,0,0,1,0,0,0,0,1,0,-2.9445,7.6818,9.1205,1]},
{"frame":32,"values":[1,0,0,0,0,1,0,0,0,0,1,0,-2.9445,7.6817,9.1205,1]},
{"frame":33,"values":[1,0,0,0,0,1,0,0,0,0,1,0,-2.9445,7.6818,9.1205,1]},
{"frame":35,"values":[1,0,0,0,0,1,0,0,0,0,1,0,-2.9445,7.6817,9.1205,1]},
{"frame":38,"values":[1,0,0,0,0,1,0,0,0,0,1,0,-2.9445,7.6818,9.1205,1]},
{"frame":40,"values":[1,0,0,0,0,1,0,0,0,0,1,0,-2.9445,7.6817,9.1205,1]},
{"frame":44,"values":[1,0,0,0,0,1,0,0,0,0,1,0,-2.9445,7.6818,9.1205,1]},
{"frame":45,"values":[1,0,0,0,0,1,0,0,0,0,1,0,-2.9445,7.6818,9.1205,1]}],"loopBehavior":1,"name":"anim","property":"_matrix"}},
