{"producer":{"name":"Blender","version":"2.79 (sub 0)","exporter_version":"5.6.4","file":"malerunstraferight.babylon"},
"autoClear":true,"clearColor":[0.0509,0.0509,0.0509],"ambientColor":[0,0,0],"gravity":[0,-9.81,0],
"materials":[{"name":"malerunstraferight.Alpha_Body_MAT","id":"malerunstraferight.Alpha_Body_MAT","ambient":[0.0966,0.4216,0.522],"diffuse":[0.0773,0.3373,0.4176],"specular":[0.2393,0.2393,0.2393],"emissive":[0,0,0],"specularPower":19,"alpha":1,"backFaceCulling":true,"checkReadyOnlyOnce":false,"maxSimultaneousLights":4},
{"name":"malerunstraferight.Alpha_Joints_MAT","id":"malerunstraferight.Alpha_Joints_MAT","ambient":[0.1536,0.2129,0.2222],"diffuse":[0.1228,0.1703,0.1778],"specular":[0.141,0.141,0.141],"emissive":[0,0,0],"specularPower":11,"alpha":1,"backFaceCulling":true,"checkReadyOnlyOnce":false,"maxSimultaneousLights":4}],
"multiMaterials":[],
"skeletons":[{"name":"Armature","id":0,"dimensionsAtRest":[194.6188,30.9004,193.2823],"bones":[
{"name":"mixamorig:Hips","index":0,"matrix":[0.2603,-0.0255,-0.9652,0,-0.3283,0.9378,-0.1133,0,-0.908,-0.3463,-0.2358,0,-2.5234,90.7359,-0.9841,1],"rest":[1,0,0,0,0,1,0,0,0,0,-1,0,0,99.6721,-0.2471,1],"parentBoneIndex":-1,"length":10.8627
,"animation":{"dataType":3,"framePerSecond":30,"keys":[
{"frame":1,"values":[0.1591,-0.018,-0.9871,0,-0.3395,0.9379,-0.0718,0,-0.9271,-0.3465,-0.1431,0,-0.5579,88.6279,-0.3862,1]},
{"frame":2,"values":[0.1412,0.0122,-0.9899,0,-0.3527,0.9349,-0.0388,0,-0.925,-0.3546,-0.1363,0,-0.5797,88.7176,-0.4279,1]},
{"frame":3,"values":[0.1264,0.06,-0.9902,0,-0.3621,0.9321,0.0102,0,-0.9235,-0.3573,-0.1395,0,-0.7391,89.5824,-0.4573,1]},
{"frame":4,"values":[0.1271,0.1049,-0.9863,0,-0.3659,0.9292,0.0517,0,-0.922,-0.3543,-0.1565,0,-1.2554,90.6281,-0.3937,1]},
{"frame":5,"values":[0.1497,0.1196,-0.9815,0,-0.3607,0.9309,0.0584,0,-0.9206,-0.3453,-0.1825,0,-2.2076,91.2621,-0.2797,1]},
{"frame":6,"values":[0.1896,0.0948,-0.9773,0,-0.3424,0.9392,0.0247,0,-0.9202,-0.3299,-0.2106,0,-3.7818,91.4288,-0.2518,1]},
{"frame":7,"values":[0.2339,0.0592,-0.9705,0,-0.3134,0.9495,-0.0176,0,-0.9204,-0.3082,-0.2406,0,-5.6838,91.4013,-0.3637,1]},
{"frame":8,"values":[0.2632,0.0474,-0.9636,0,-0.29,0.9565,-0.0322,0,-0.9201,-0.2879,-0.2655,0,-6.7721,91.0502,-0.5818,1]},
{"frame":9,"values":[0.2698,0.064,-0.9608,0,-0.2914,0.9564,-0.0181,0,-0.9178,-0.2848,-0.2767,0,-6.7224,90.0946,-0.8589,1]},
{"frame":10,"values":[0.2689,0.0949,-0.9585,0,-0.3167,0.9485,0.005,0,-0.9096,-0.3022,-0.2851,0,-5.9662,88.9709,-1.2011,1]},
{"frame":11,"values":[0.2733,0.1186,-0.9546,0,-0.3401,0.9402,0.0195,0,-0.8998,-0.3194,-0.2973,0,-5.1903,88.2058,-1.5621,1]},
{"frame":12,"values":[0.2801,0.1168,-0.9528,0,-0.3422,0.9395,0.0145,0,-0.8969,-0.3219,-0.3032,0,-4.5047,88.0697,-1.7867,1]},
{"frame":13,"values":[0.2824,0.0801,-0.9559,0,-0.3299,0.9438,-0.0184,0,-0.9008,-0.3205,-0.293,0,-3.7895,88.6045,-1.7171,1]},
{"frame":14,"values":[0.2763,0.0202,-0.9609,0,-0.3218,0.944,-0.0726,0,-0.9056,-0.3292,-0.2673,0,-3.0622,89.5941,-1.3799,1]},
{"frame":15,"values":[0.2603,-0.0255,-0.9652,0,-0.3283,0.9378,-0.1133,0,-0.908,-0.3463,-0.2358,0,-2.5234,90.7359,-0.9841,1]},
{"frame":16,"values":[0.2382,-0.0326,-0.9707,0,-0.342,0.9326,-0.1152,0,-0.909,-0.3594,-0.211,0,-2.2137,91.4944,-0.7396,1]},
{"frame":17,"values":[0.2145,-0.015,-0.9766,0,-0.3478,0.9332,-0.0907,0,-0.9127,-0.3591,-0.1949,0,-2.2257,91.6401,-0.6851,1]},
{"frame":18,"values":[0.1909,-0.0035,-0.9816,0,-0.3408,0.9376,-0.0696,0,-0.9205,-0.3478,-0.1778,0,-2.599,91.1192,-0.6562,1]},
{"frame":19,"values":[0.1713,-0.0083,-0.9852,0,-0.3317,0.9411,-0.0656,0,-0.9277,-0.338,-0.1584,0,-2.673,90.1421,-0.5508,1]},
{"frame":20,"values":[0.1606,-0.0175,-0.9869,0,-0.3314,0.9408,-0.0706,0,-0.9297,-0.3384,-0.1453,0,-1.8841,89.2396,-0.414,1]},
{"frame":21,"values":[0.1591,-0.018,-0.9871,0,-0.3395,0.9379,-0.0718,0,-0.9271,-0.3465,-0.1431,0,-0.5579,88.6279,-0.3862,1]}],"loopBehavior":1,"name":"anim","property":"_matrix"}},
{"name":"mixamorig:Spine","index":1,"matrix":[0.9989,0.0247,-0.0402,0,-0.0199,0.993,0.1161,0,0.0428,-0.1151,0.9924,0,0,9.9235,-1.2273,1],"rest":[1,0,0,0,0,1,0,0,0,0,1,0,0,9.9235,-1.2273,1],"parentBoneIndex":0,"length":11.732
,"animation":{"dataType":3,"framePerSecond":30,"keys":[
{"frame":1,"values":[0.9831,-0.0175,-0.182,0,0.0455,0.9875,0.1506,0,0.1771,-0.1564,0.9717,0,0,9.9235,-1.2273,1]},
{"frame":2,"values":[0.9734,-0.0538,-0.2227,0,0.0885,0.9849,0.1488,0,0.2113,-0.1646,0.9635,0,0,9.9235,-1.2273,1]},
{"frame":3,"values":[0.9578,-0.108,-0.2665,0,0.1487,0.9792,0.1378,0,0.2461,-0.1716,0.9539,0,0,9.9235,-1.2273,1]},
{"frame":4,"values":[0.9385,-0.1541,-0.309,0,0.1998,0.9722,0.1223,0,0.2815,-0.1765,0.9432,0,0,9.9235,-1.2273,1]},
{"frame":5,"values":[0.925,-0.1668,-0.3415,0,0.2152,0.9705,0.1088,0,0.3133,-0.1741,0.9336,0,0,9.9235,-1.2273,1]},
{"frame":6,"values":[0.9237,-0.1423,-0.3558,0,0.1894,0.9767,0.101,0,0.3331,-0.1606,0.9291,0,0,9.9235,-1.2273,1]},
{"frame":7,"values":[0.933,-0.1061,-0.3438,0,0.1487,0.9838,0.0999,0,0.3277,-0.1443,0.9337,0,0,9.9235,-1.2273,1]},
{"frame":8,"values":[0.9485,-0.0891,-0.3041,0,0.1265,0.9864,0.1054,0,0.2906,-0.1384,0.9468,0,0,9.9235,-1.2273,1]},
{"frame":9,"values":[0.9644,-0.0955,-0.2466,0,0.1272,0.9851,0.1161,0,0.2318,-0.1433,0.9621,0,0,9.9235,-1.2273,1]},
{"frame":10,"values":[0.9759,-0.1097,-0.1885,0,0.1354,0.9823,0.1296,0,0.1709,-0.152,0.9735,0,0,9.9235,-1.2273,1]},
{"frame":11,"values":[0.9826,-0.1136,-0.1472,0,0.1347,0.9806,0.1422,0,0.1282,-0.1596,0.9788,0,0,9.9235,-1.2273,1]},
{"frame":12,"values":[0.9877,-0.0981,-0.122,0,0.1158,0.9822,0.1479,0,0.1053,-0.1602,0.9814,0,0,9.9235,-1.2273,1]},
{"frame":13,"values":[0.9932,-0.0606,-0.0992,0,0.0744,0.987,0.1423,0,0.0893,-0.1487,0.9848,0,0,9.9235,-1.2273,1]},
{"frame":14,"values":[0.9974,-0.0106,-0.0711,0,0.0197,0.9915,0.1284,0,0.0691,-0.1294,0.9892,0,0,9.9235,-1.2273,1]},
{"frame":15,"values":[0.9989,0.0247,-0.0402,0,-0.0199,0.993,0.1161,0,0.0428,-0.1151,0.9924,0,0,9.9235,-1.2273,1]},
{"frame":16,"values":[0.9995,0.0266,-0.0168,0,-0.0246,0.9933,0.1129,0,0.0197,-0.1124,0.9935,0,0,9.9235,-1.2273,1]},
{"frame":17,"values":[0.9999,0.0032,-0.0143,0,-0.0015,0.9931,0.1171,0,0.0146,-0.1171,0.993,0,0,9.9235,-1.2273,1]},
{"frame":18,"values":[0.999,-0.0198,-0.0389,0,0.0245,0.992,0.1235,0,0.0362,-0.1244,0.9916,0,0,9.9235,-1.2273,1]},
{"frame":19,"values":[0.9961,-0.0254,-0.0845,0,0.0364,0.9908,0.1305,0,0.0804,-0.1331,0.9878,0,0,9.9235,-1.2273,1]},
{"frame":20,"values":[0.9904,-0.019,-0.1366,0,0.0382,0.9895,0.1394,0,0.1326,-0.1433,0.9808,0,0,9.9235,-1.2273,1]},
{"frame":21,"values":[0.9831,-0.0175,-0.182,0,0.0455,0.9875,0.1506,0,0.1771,-0.1564,0.9717,0,0,9.9235,-1.2273,1]}],"loopBehavior":1,"name":"anim","property":"_matrix"}},
{"name":"mixamorig:Spine1","index":2,"matrix":[0.9999,-0.0038,-0.0163,0,0.0046,0.9988,0.0488,0,0.0161,-0.0488,0.9987,0,-0.0001,11.6454,-1.4223,1],"rest":[1,0,0,0,0,1,0,0,0,0,1,0,-0.0001,11.6454,-1.4223,1],"parentBoneIndex":1,"length":13.4588
,"animation":{"dataType":3,"framePerSecond":30,"keys":[
{"frame":1,"values":[0.997,-0.0189,-0.0744,0,0.0234,0.9979,0.06,0,0.0731,-0.0616,0.9954,0,-0.0001,11.6454,-1.4223,1]},
{"frame":2,"values":[0.9951,-0.0307,-0.0942,0,0.0363,0.9976,0.0592,0,0.0921,-0.0623,0.9938,0,-0.0001,11.6454,-1.4223,1]},
{"frame":3,"values":[0.9926,-0.0439,-0.1135,0,0.0505,0.9972,0.056,0,0.1108,-0.0613,0.992,0,-0.0001,11.6454,-1.4223,1]},
{"frame":4,"values":[0.9902,-0.0536,-0.1291,0,0.0607,0.9968,0.0519,0,0.126,-0.0592,0.9903,0,-0.0001,11.6454,-1.4223,1]},
{"frame":5,"values":[0.9888,-0.0561,-0.1382,0,0.0632,0.9969,0.0476,0,0.1351,-0.0558,0.9893,0,-0.0001,11.6454,-1.4223,1]},
{"frame":6,"values":[0.9887,-0.053,-0.1402,0,0.0596,0.9973,0.0433,0,0.1376,-0.0511,0.9892,0,-0.0001,11.6454,-1.4223,1]},
{"frame":7,"values":[0.9896,-0.0489,-0.1354,0,0.0548,0.9977,0.0403,0,0.1332,-0.0473,0.99,0,-0.0001,11.6454,-1.4223,1]},
{"frame":8,"values":[0.9913,-0.0468,-0.123,0,0.0521,0.9978,0.0407,0,0.1208,-0.0467,0.9916,0,-0.0001,11.6454,-1.4223,1]},
{"frame":9,"values":[0.9936,-0.0464,-0.1032,0,0.0512,0.9977,0.0445,0,0.1009,-0.0495,0.9937,0,-0.0001,11.6454,-1.4223,1]},
{"frame":10,"values":[0.9956,-0.0459,-0.0811,0,0.05,0.9975,0.05,0,0.0786,-0.0538,0.9954,0,-0.0001,11.6454,-1.4223,1]},
{"frame":11,"values":[0.997,-0.0437,-0.0634,0,0.0472,0.9974,0.0548,0,0.0608,-0.0576,0.9965,0,-0.0001,11.6454,-1.4223,1]},
{"frame":12,"values":[0.998,-0.0382,-0.051,0,0.0411,0.9975,0.0568,0,0.0487,-0.0588,0.9971,0,-0.0001,11.6454,-1.4223,1]},
{"frame":13,"values":[0.9988,-0.0279,-0.04,0,0.0301,0.998,0.0553,0,0.0384,-0.0565,0.9977,0,-0.0001,11.6454,-1.4223,1]},
{"frame":14,"values":[0.9995,-0.0142,-0.0279,0,0.0157,0.9985,0.0518,0,0.0272,-0.0522,0.9983,0,-0.0001,11.6454,-1.4223,1]},
{"frame":15,"values":[0.9999,-0.0038,-0.0163,0,0.0046,0.9988,0.0488,0,0.0161,-0.0488,0.9987,0,-0.0001,11.6454,-1.4223,1]},
{"frame":16,"values":[1,-0.0021,-0.0092,0,0.0026,0.9989,0.0474,0,0.0091,-0.0474,0.9988,0,-0.0001,11.6454,-1.4223,1]},
{"frame":17,"values":[0.9999,-0.0074,-0.0103,0,0.0079,0.9988,0.0474,0,0.01,-0.0475,0.9988,0,-0.0001,11.6454,-1.4223,1]},
{"frame":18,"values":[0.9997,-0.013,-0.0207,0,0.014,0.9987,0.0484,0,0.02,-0.0487,0.9986,0,-0.0001,11.6455,-1.4223,1]},
{"frame":19,"values":[0.9992,-0.0152,-0.0374,0,0.0171,0.9986,0.051,0,0.0365,-0.0516,0.998,0,-0.0001,11.6454,-1.4223,1]},
{"frame":20,"values":[0.9983,-0.0158,-0.0561,0,0.0189,0.9983,0.0552,0,0.0552,-0.0561,0.9969,0,-0.0001,11.6454,-1.4223,1]},
{"frame":21,"values":[0.997,-0.0189,-0.0744,0,0.0234,0.9979,0.06,0,0.0731,-0.0616,0.9954,0,-0.0001,11.6454,-1.4223,1]}],"loopBehavior":1,"name":"anim","property":"_matrix"}},
{"name":"mixamorig:Spine2","index":3,"matrix":[0.9999,-0.0039,-0.0168,0,0.0047,0.9988,0.0486,0,0.0166,-0.0487,0.9987,0,0.0001,13.3602,-1.6265,1],"rest":[1,0,0,0,0,1,0,0,0,0,1,0,0.0001,13.3602,-1.6265,1],"parentBoneIndex":2,"length":12.3444
,"animation":{"dataType":3,"framePerSecond":30,"keys":[
{"frame":1,"values":[0.997,-0.0198,-0.0743,0,0.0243,0.9979,0.0599,0,0.0729,-0.0615,0.9954,0,0.0001,13.3602,-1.6265,1]},
{"frame":2,"values":[0.9951,-0.0319,-0.0939,0,0.0375,0.9976,0.059,0,0.0918,-0.0622,0.9938,0,0.0001,13.3602,-1.6265,1]},
{"frame":3,"values":[0.9925,-0.0453,-0.1132,0,0.0519,0.9971,0.0554,0,0.1104,-0.0609,0.992,0,0.0001,13.3602,-1.6265,1]},
{"frame":4,"values":[0.9901,-0.0551,-0.1288,0,0.0621,0.9968,0.051,0,0.1256,-0.0585,0.9904,0,0.0001,13.3602,-1.6265,1]},
{"frame":5,"values":[0.9888,-0.0579,-0.1379,0,0.0649,0.9968,0.0464,0,0.1348,-0.0549,0.9894,0,0.0001,13.3602,-1.6265,1]},
{"frame":6,"values":[0.9886,-0.0552,-0.1397,0,0.0617,0.9972,0.0422,0,0.137,-0.0504,0.9893,0,0.0001,13.3602,-1.6265,1]},
{"frame":7,"values":[0.9896,-0.0514,-0.1347,0,0.0572,0.9976,0.0396,0,0.1324,-0.0469,0.9901,0,0.0001,13.3602,-1.6265,1]},
{"frame":8,"values":[0.9913,-0.0492,-0.1222,0,0.0545,0.9977,0.0403,0,0.1199,-0.0466,0.9917,0,0.0001,13.3602,-1.6265,1]},
{"frame":9,"values":[0.9936,-0.0483,-0.1026,0,0.0531,0.9976,0.0442,0,0.1002,-0.0494,0.9937,0,0.0001,13.3602,-1.6265,1]},
{"frame":10,"values":[0.9956,-0.0472,-0.0807,0,0.0513,0.9975,0.0496,0,0.0781,-0.0535,0.9955,0,0.0001,13.3602,-1.6265,1]},
{"frame":11,"values":[0.997,-0.0446,-0.0631,0,0.048,0.9974,0.0544,0,0.0605,-0.0572,0.9965,0,0.0001,13.3602,-1.6265,1]},
{"frame":12,"values":[0.9979,-0.0389,-0.0509,0,0.0418,0.9975,0.0565,0,0.0485,-0.0585,0.9971,0,0.0001,13.3602,-1.6265,1]},
{"frame":13,"values":[0.9988,-0.0284,-0.0401,0,0.0306,0.998,0.055,0,0.0384,-0.0562,0.9977,0,0.0001,13.3602,-1.6265,1]},
{"frame":14,"values":[0.9995,-0.0145,-0.0282,0,0.016,0.9985,0.0516,0,0.0274,-0.052,0.9983,0,0.0001,13.3602,-1.6265,1]},
{"frame":15,"values":[0.9999,-0.0039,-0.0168,0,0.0047,0.9988,0.0486,0,0.0166,-0.0487,0.9987,0,0.0001,13.3602,-1.6265,1]},
{"frame":16,"values":[1,-0.0022,-0.0096,0,0.0026,0.9989,0.0473,0,0.0095,-0.0473,0.9988,0,0.0001,13.3602,-1.6265,1]},
{"frame":17,"values":[0.9999,-0.0075,-0.0106,0,0.008,0.9988,0.0473,0,0.0102,-0.0474,0.9988,0,0.0001,13.3602,-1.6265,1]},
{"frame":18,"values":[0.9997,-0.0132,-0.0208,0,0.0142,0.9987,0.0483,0,0.0202,-0.0486,0.9986,0,0.0001,13.3602,-1.6265,1]},
{"frame":19,"values":[0.9992,-0.0155,-0.0374,0,0.0174,0.9986,0.0508,0,0.0366,-0.0514,0.998,0,0.0001,13.3602,-1.6265,1]},
{"frame":20,"values":[0.9983,-0.0164,-0.0561,0,0.0195,0.9983,0.055,0,0.0551,-0.056,0.9969,0,0.0001,13.3602,-1.6265,1]},
{"frame":21,"values":[0.997,-0.0198,-0.0743,0,0.0243,0.9979,0.0599,0,0.0729,-0.0615,0.9954,0,0.0001,13.3602,-1.6265,1]}],"loopBehavior":1,"name":"anim","property":"_matrix"}},
{"name":"mixamorig:Neck","index":4,"matrix":[0.9852,0.0107,-0.1709,0,-0.0148,0.9996,-0.0225,0,0.1706,0.0247,0.985,0,0,15.0325,0.7929,1],"rest":[1,0,0,0,0,1,0,0,0,0,1,0,0,15.0325,0.7929,1],"parentBoneIndex":3,"length":10.7896
,"animation":{"dataType":3,"framePerSecond":30,"keys":[
{"frame":1,"values":[0.9919,0.0242,-0.1248,0,-0.0294,0.9988,-0.0399,0,0.1237,0.0433,0.9914,0,0,15.0325,0.7929,1]},
{"frame":2,"values":[0.9933,0.0384,-0.1093,0,-0.0428,0.9983,-0.0386,0,0.1076,0.043,0.9933,0,0,15.0325,0.7929,1]},
{"frame":3,"values":[0.9945,0.053,-0.0908,0,-0.0557,0.9981,-0.0274,0,0.0892,0.0323,0.9955,0,0,15.0325,0.7929,1]},
{"frame":4,"values":[0.9955,0.0622,-0.0721,0,-0.063,0.998,-0.0101,0,0.0713,0.0146,0.9973,0,0,15.0325,0.7929,1]},
{"frame":5,"values":[0.9962,0.0653,-0.0572,0,-0.065,0.9979,0.0079,0,0.0576,-0.0041,0.9983,0,0,15.0325,0.7929,1]},
{"frame":6,"values":[0.9964,0.0679,-0.0499,0,-0.067,0.9975,0.0207,0,0.0512,-0.0173,0.9985,0,0,15.0325,0.7929,1]},
{"frame":7,"values":[0.996,0.0721,-0.0528,0,-0.0709,0.9972,0.0236,0,0.0544,-0.0197,0.9983,0,0,15.0325,0.7929,1]},
{"frame":8,"values":[0.9952,0.0711,-0.0677,0,-0.0702,0.9974,0.0148,0,0.0686,-0.01,0.9976,0,0,15.0325,0.7929,1]},
{"frame":9,"values":[0.9941,0.0591,-0.0906,0,-0.0594,0.9982,-0.0008,0,0.0904,0.0062,0.9959,0,0,15.0325,0.7929,1]},
{"frame":10,"values":[0.9929,0.0427,-0.1109,0,-0.0446,0.9989,-0.014,0,0.1102,0.0189,0.9937,0,0,15.0325,0.7929,1]},
{"frame":11,"values":[0.9919,0.0344,-0.1219,0,-0.0369,0.9992,-0.0182,0,0.1212,0.0225,0.9924,0,0,15.0325,0.7929,1]},
{"frame":12,"values":[0.9912,0.0345,-0.1282,0,-0.0367,0.9992,-0.0146,0,0.1275,0.0192,0.9916,0,0,15.0325,0.7929,1]},
{"frame":13,"values":[0.9899,0.0325,-0.1382,0,-0.0342,0.9994,-0.0102,0,0.1378,0.0149,0.9903,0,0,15.0325,0.7929,1]},
{"frame":14,"values":[0.9878,0.0229,-0.1543,0,-0.0251,0.9996,-0.0123,0,0.1539,0.016,0.988,0,0,15.0325,0.7929,1]},
{"frame":15,"values":[0.9852,0.0107,-0.1709,0,-0.0148,0.9996,-0.0225,0,0.1706,0.0247,0.985,0,0,15.0325,0.7929,1]},
{"frame":16,"values":[0.9835,0.0033,-0.1811,0,-0.0096,0.9994,-0.0341,0,0.1809,0.0352,0.9829,0,0,15.0325,0.7929,1]},
{"frame":17,"values":[0.9835,0.0034,-0.1808,0,-0.0105,0.9992,-0.038,0,0.1806,0.0393,0.9828,0,0,15.0325,0.7929,1]},
{"frame":18,"values":[0.9853,0.0083,-0.1706,0,-0.0142,0.9993,-0.0333,0,0.1702,0.0352,0.9848,0,0,15.0325,0.7929,1]},
{"frame":19,"values":[0.9878,0.014,-0.1549,0,-0.0185,0.9994,-0.0282,0,0.1544,0.0307,0.9875,0,0,15.0325,0.7929,1]},
{"frame":20,"values":[0.9901,0.0189,-0.1388,0,-0.0233,0.9993,-0.0303,0,0.1381,0.0332,0.9899,0,0,15.0325,0.7929,1]},
{"frame":21,"values":[0.9919,0.0242,-0.1248,0,-0.0294,0.9988,-0.0399,0,0.1237,0.0433,0.9914,0,0,15.0325,0.7929,1]}],"loopBehavior":1,"name":"anim","property":"_matrix"}},
{"name":"mixamorig:Head","index":5,"matrix":[0.5087,-0.4634,-0.7256,0,0.1999,0.8833,-0.4239,0,0.8374,0.0706,0.542,0,0,10.3218,3.1424,1],"rest":[1,0,0,0,0,1,0,0,0,0,1,0,0,10.3218,3.1424,1],"parentBoneIndex":4,"length":14.7322
,"animation":{"dataType":3,"framePerSecond":30,"keys":[
{"frame":1,"values":[0.6191,-0.5008,-0.6049,0,0.2105,0.8479,-0.4866,0,0.7566,0.1739,0.6303,0,0,10.3218,3.1424,1]},
{"frame":2,"values":[0.6535,-0.4845,-0.5816,0,0.2113,0.8545,-0.4745,0,0.7269,0.1872,0.6608,0,0,10.3218,3.1424,1]},
{"frame":3,"values":[0.6938,-0.4586,-0.5552,0,0.2101,0.8664,-0.453,0,0.6888,0.1977,0.6975,0,0,10.3218,3.1424,1]},
{"frame":4,"values":[0.732,-0.4349,-0.5245,0,0.2147,0.8778,-0.4282,0,0.6467,0.2008,0.7359,0,0,10.3218,3.1424,1]},
{"frame":5,"values":[0.7589,-0.4199,-0.4977,0,0.2269,0.8869,-0.4024,0,0.6104,0.1925,0.7684,0,0,10.3218,3.1424,1]},
{"frame":6,"values":[0.7704,-0.4096,-0.4886,0,0.2377,0.8956,-0.376,0,0.5916,0.1735,0.7873,0,0,10.3218,3.1424,1]},
{"frame":7,"values":[0.7655,-0.3984,-0.5053,0,0.2353,0.9042,-0.3564,0,0.5989,0.1539,0.7859,0,0,10.3218,3.1424,1]},
{"frame":8,"values":[0.7433,-0.3924,-0.5418,0,0.2179,0.9078,-0.3585,0,0.6325,0.1484,0.7602,0,0,10.3218,3.1424,1]},
{"frame":9,"values":[0.7081,-0.405,-0.5784,0,0.1962,0.8998,-0.3898,0,0.6783,0.1625,0.7166,0,0,10.3218,3.1424,1]},
{"frame":10,"values":[0.6749,-0.4357,-0.5955,0,0.1824,0.8805,-0.4375,0,0.715,0.1867,0.6738,0,0,10.3218,3.1424,1]},
{"frame":11,"values":[0.6558,-0.4635,-0.5959,0,0.1791,0.8623,-0.4736,0,0.7333,0.2039,0.6486,0,0,10.3218,3.1424,1]},
{"frame":12,"values":[0.6409,-0.4713,-0.6059,0,0.1815,0.86,-0.477,0,0.7458,0.1958,0.6367,0,0,10.3218,3.1424,1]},
{"frame":13,"values":[0.6095,-0.4653,-0.6419,0,0.1879,0.8714,-0.4532,0,0.7702,0.1556,0.6186,0,0,10.3218,3.1424,1]},
{"frame":14,"values":[0.5585,-0.4607,-0.6898,0,0.1976,0.8815,-0.4288,0,0.8056,0.1032,0.5834,0,0,10.3218,3.1424,1]},
{"frame":15,"values":[0.5087,-0.4634,-0.7256,0,0.1999,0.8833,-0.4239,0,0.8374,0.0706,0.542,0,0,10.3218,3.1424,1]},
{"frame":16,"values":[0.4858,-0.467,-0.7389,0,0.1873,0.8813,-0.4339,0,0.8538,0.0724,0.5155,0,0,10.3218,3.1424,1]},
{"frame":17,"values":[0.4976,-0.4647,-0.7324,0,0.1693,0.8802,-0.4434,0,0.8507,0.0966,0.5167,0,0,10.3218,3.1424,1]},
{"frame":18,"values":[0.5308,-0.461,-0.7111,0,0.1628,0.879,-0.4483,0,0.8317,0.1222,0.5416,0,0,10.3218,3.1424,1]},
{"frame":19,"values":[0.5664,-0.4672,-0.6789,0,0.1734,0.8729,-0.456,0,0.8057,0.1406,0.5754,0,0,10.3218,3.1424,1]},
{"frame":20,"values":[0.5952,-0.484,-0.6414,0,0.1931,0.861,-0.4705,0,0.78,0.1562,0.606,0,0,10.3218,3.1424,1]},
{"frame":21,"values":[0.6191,-0.5008,-0.6049,0,0.2105,0.8479,-0.4866,0,0.7566,0.1739,0.6303,0,0,10.3218,3.1424,1]}],"loopBehavior":1,"name":"anim","property":"_matrix"}},
{"name":"mixamorig:HeadTop_End","index":6,"matrix":[1,0,0,0,0,1,0,0,0,0,1,0,0.0002,18.4747,6.6364,1],"rest":[1,0,0,0,0,1,0,0,0,0,1,0,0.0002,18.4747,6.6364,1],"parentBoneIndex":5,"length":14.7322
,"animation":{"dataType":3,"framePerSecond":30,"keys":[
{"frame":1,"values":[1,0,0,0,0,1,0,0,0,0,1,0,0.0002,18.4747,6.6364,1]},
{"frame":5,"values":[1,0,0,0,0,1,0,0,0,0,1,0,0.0002,18.4746,6.6364,1]},
{"frame":6,"values":[1,0,0,0,0,1,0,0,0,0,1,0,0.0002,18.4747,6.6364,1]},
{"frame":12,"values":[1,0,0,0,0,1,0,0,0,0,1,0,0.0002,18.4746,6.6364,1]},
{"frame":13,"values":[1,0,0,0,0,1,0,0,0,0,1,0,0.0002,18.4747,6.6364,1]},
{"frame":21,"values":[1,0,0,0,0,1,0,0,0,0,1,0,0.0002,18.4747,6.6364,1]}],"loopBehavior":1,"name":"anim","property":"_matrix"}},
{"name":"mixamorig:LeftEye","index":7,"matrix":[1,0,0,0,0,1,0,0,0,0,1,0,2.9479,7.6817,9.1207,1],"rest":[1,0,0,0,0,1,0,0,0,0,1,0,2.9479,7.6817,9.1207,1],"parentBoneIndex":5,"length":14.7322
,"animation":{"dataType":3,"framePerSecond":30,"keys":[
{"frame":1,"values":[1,0,0,0,0,1,0,0,0,0,1,0,2.9479,7.6817,9.1207,1]},
{"frame":8,"values":[1,0,0,0,0,1,0,0,0,0,1,0,2.9479,7.6818,9.1207,1]},
{"frame":10,"values":[1,0,0,0,0,1,0,0,0,0,1,0,2.9479,7.6817,9.1207,1]},
{"frame":11,"values":[1,0,0,0,0,1,0,0,0,0,1,0,2.9479,7.6818,9.1207,1]},
{"frame":12,"values":[1,0,0,0,0,1,0,0,0,0,1,0,2.9479,7.6817,9.1207,1]},
{"frame":18,"values":[1,0,0,0,0,1,0,0,0,0,1,0,2.9479,7.6818,9.1207,1]},
{"frame":19,"values":[1,0,0,0,0,1,0,0,0,0,1,0,2.9479,7.6817,9.1207,1]},
{"frame":20,"values":[1,0,0,0,0,1,0,0,0,0,1,0,2.9479,7.6818,9.1207,1]},
{"frame":21,"values":[1,0,0,0,0,1,0,0,0,0,1,0,2.9479,7.6817,9.1207,1]}],"loopBehavior":1,"name":"anim","property":"_matrix"}},
{"name":"mixamorig:RightEye","index":8,"matrix":[1,0,0,0,0,1,0,0,0,0,1,0,-2.9445,7.6817,9.1205,1],"rest":[1,0,0,0,0,1,0,0,0,0,1,0,-2.9445,7.6817,9.1205,1],"parentBoneIndex":5,"length":14.7322
,"animation":{"dataType":3,"framePerSecond":30,"keys":[
{"frame":1,"values":[1,0,0,0,0,1,0,0,0,0,1,0,-2.9445,7.6817,9.1205,1]},
{"frame":4,"values":[1,0,0,0,0,1,0,0,0,0,1,0,-2.9445,7.6818,9.1205,1]},
{"frame":5,"values":[1,0,0,0,0,1,0,0,0,0,1,0,-2.9445,7.6817,9.1205,1]},
{"frame":7,"values":[1,0,0,0,0,1,0,0,0,0,1,0,-2.9445,7.6818,9.1205,1]},
{"frame":8,"values":[1,0,0,0,0,1,0,0,0,0,1,0,-2.9445,7.6817,9.1205,1]},
{"frame":9,"values":[1,0,0,0,0,1,0,0,0,0,1,0,-2.9445,7.6818,9.1205,1]},
{"frame":10,"values":[1,0,0,0,0,1,0,0,0,0,1,0,-2.9445,7.6817,9.1205,1]},
{"frame":21,"values":[1,0,0,0,0,1,0,0,0,0,1,0,-2.9445,7.6818,9.1205,1]}],"loopBehavior":1,"name":"anim","property":"_matrix"}},
{"name":"mixamorig:LeftShoulder","index":9,"matrix":[0.9759,-0.2059,0.0723,0,0.2046,0.9785,0.025,0,-0.0759,-0.0096,0.9971,0,6.1058,9.1104,0.7056,1],"rest":[1,0,0,0,0,1,0,0,0,0,1,0,6.1058,9.1104,0.7056,1],"parentBoneIndex":3,"length":12.9223
,"animation":{"dataType":3,"framePerSecond":30,"keys":[
{"frame":1,"values":[0.9764,-0.2127,-0.0381,0,0.213,0.9771,0.0032,0,0.0366,-0.0113,0.9993,0,6.1058,9.1104,0.7055,1]},
{"frame":2,"values":[0.9777,-0.1901,-0.0897,0,0.1903,0.9817,-0.0061,0,0.0892,-0.0111,0.996,0,6.1058,9.1104,0.7055,1]},
{"frame":3,"values":[0.9804,-0.1335,-0.145,0,0.1329,0.991,-0.0143,0,0.1456,-0.0052,0.9893,0,6.1058,9.1104,0.7056,1]},
{"frame":4,"values":[0.9808,-0.0539,-0.1875,0,0.0513,0.9985,-0.019,0,0.1882,0.009,0.9821,0,6.1058,9.1104,0.7055,1]},
{"frame":5,"values":[0.9786,0.0235,-0.2046,0,-0.0281,0.9994,-0.0197,0,0.204,0.0251,0.9786,0,6.1058,9.1104,0.7055,1]},
{"frame":6,"values":[0.9773,0.0732,-0.1986,0,-0.0786,0.9967,-0.0192,0,0.1966,0.0344,0.9799,0,6.1058,9.1104,0.7055,1]},
{"frame":7,"values":[0.9803,0.0795,-0.1811,0,-0.0844,0.9962,-0.0197,0,0.1788,0.0346,0.9833,0,6.1058,9.1104,0.7055,1]},
{"frame":8,"values":[0.987,0.0329,-0.1572,0,-0.0366,0.9991,-0.0201,0,0.1564,0.0256,0.9874,0,6.1058,9.1104,0.7056,1]},
{"frame":9,"values":[0.9908,-0.0642,-0.1188,0,0.0628,0.9979,-0.0155,0,0.1195,0.0079,0.9928,0,6.1058,9.1104,0.7055,1]},
{"frame":10,"values":[0.9816,-0.1833,-0.0544,0,0.1835,0.983,-0.0011,0,0.0537,-0.0089,0.9985,0,6.1058,9.1104,0.7055,1]},
{"frame":11,"values":[0.9612,-0.2743,0.0275,0,0.2739,0.9616,0.0203,0,-0.032,-0.0119,0.9994,0,6.1058,9.1104,0.7055,1]},
{"frame":12,"values":[0.9476,-0.3049,0.0953,0,0.3027,0.9523,0.0375,0,-0.1022,-0.0066,0.9947,0,6.1058,9.1104,0.7056,1]},
{"frame":13,"values":[0.951,-0.2836,0.1229,0,0.2806,0.9589,0.0421,0,-0.1298,-0.0056,0.9915,0,6.1058,9.1104,0.7055,1]},
{"frame":14,"values":[0.9642,-0.2412,0.1097,0,0.2387,0.9704,0.0358,0,-0.1151,-0.0083,0.9933,0,6.1058,9.1104,0.7055,1]},
{"frame":15,"values":[0.9759,-0.2059,0.0723,0,0.2046,0.9785,0.025,0,-0.0759,-0.0096,0.9971,0,6.1058,9.1104,0.7056,1]},
{"frame":16,"values":[0.9811,-0.1907,0.0341,0,0.1902,0.9816,0.0162,0,-0.0366,-0.0094,0.9993,0,6.1058,9.1104,0.7055,1]},
{"frame":17,"values":[0.9812,-0.1926,0.013,0,0.1925,0.9812,0.0124,0,-0.0151,-0.0096,0.9998,0,6.1058,9.1104,0.7055,1]},
{"frame":18,"values":[0.9796,-0.2008,0.0085,0,0.2007,0.9796,0.0122,0,-0.0108,-0.0102,0.9999,0,6.1058,9.1104,0.7055,1]},
{"frame":19,"values":[0.9782,-0.2074,0.0059,0,0.2073,0.9782,0.012,0,-0.0083,-0.0105,0.9999,0,6.1058,9.1104,0.7056,1]},
{"frame":20,"values":[0.9774,-0.2112,-0.0082,0,0.2112,0.9774,0.0092,0,0.0061,-0.0107,0.9999,0,6.1058,9.1104,0.7056,1]},
{"frame":21,"values":[0.9764,-0.2127,-0.0381,0,0.213,0.9771,0.0032,0,0.0366,-0.0113,0.9993,0,6.1058,9.1104,0.7055,1]}],"loopBehavior":1,"name":"anim","property":"_matrix"}},
{"name":"mixamorig:LeftArm","index":10,"matrix":[0.824,-0.4609,0.3294,0,0.409,0.8863,0.2171,0,-0.392,-0.0442,0.9189,0,12.655,-0.2659,-2.6009,1],"rest":[1,0,0,0,0,1,0,0,0,0,1,0,12.655,-0.2659,-2.6009,1],"parentBoneIndex":9,"length":27.4047
,"animation":{"dataType":3,"framePerSecond":30,"keys":[
{"frame":1,"values":[0.7017,-0.7082,-0.0784,0,0.706,0.6762,0.2105,0,-0.096,-0.2031,0.9744,0,12.655,-0.2659,-2.6009,1]},
{"frame":2,"values":[0.6668,-0.7161,-0.2064,0,0.7451,0.6355,0.2023,0,-0.0137,-0.2887,0.9573,0,12.655,-0.2659,-2.6009,1]},
{"frame":3,"values":[0.6233,-0.6987,-0.3513,0,0.7796,0.5903,0.2091,0,0.0614,-0.4042,0.9126,0,12.655,-0.2659,-2.6009,1]},
{"frame":4,"values":[0.5677,-0.6622,-0.4891,0,0.8141,0.5397,0.2144,0,0.122,-0.5199,0.8455,0,12.655,-0.2659,-2.6009,1]},
{"frame":5,"values":[0.5139,-0.6242,-0.5885,0,0.8417,0.4993,0.2055,0,0.1655,-0.601,0.782,0,12.655,-0.2659,-2.6009,1]},
{"frame":6,"values":[0.4778,-0.6047,-0.6373,0,0.8569,0.4805,0.1865,0,0.1934,-0.6352,0.7477,0,12.655,-0.2659,-2.6009,1]},
{"frame":7,"values":[0.4587,-0.6125,-0.6438,0,0.8643,0.4757,0.1632,0,0.2063,-0.6313,0.7476,0,12.655,-0.2659,-2.6009,1]},
{"frame":8,"values":[0.4575,-0.6427,-0.6145,0,0.864,0.4848,0.1363,0,0.2103,-0.5933,0.777,0,12.655,-0.2659,-2.6009,1]},
{"frame":9,"values":[0.4961,-0.6776,-0.5428,0,0.8428,0.5262,0.1134,0,0.2088,-0.5137,0.8322,0,12.655,-0.2659,-2.6009,1]},
{"frame":10,"values":[0.5893,-0.6927,-0.4159,0,0.7887,0.6047,0.1104,0,0.175,-0.3931,0.9027,0,12.655,-0.2659,-2.6009,1]},
{"frame":11,"values":[0.7041,-0.672,-0.2294,0,0.7068,0.6945,0.1347,0,0.0688,-0.257,0.964,0,12.655,-0.2659,-2.6009,1]},
{"frame":12,"values":[0.7824,-0.6225,-0.0199,0,0.6155,0.7678,0.1779,0,-0.0955,-0.1514,0.9838,0,12.655,-0.2659,-2.6009,1]},
{"frame":13,"values":[0.8118,-0.5645,0.1495,0,0.5289,0.8193,0.2215,0,-0.2475,-0.1008,0.9636,0,12.655,-0.2659,-2.6009,1]},
{"frame":14,"values":[0.8204,-0.5095,0.2595,0,0.4564,0.857,0.2395,0,-0.3444,-0.078,0.9356,0,12.655,-0.2659,-2.6009,1]},
{"frame":15,"values":[0.824,-0.4609,0.3294,0,0.409,0.8863,0.2171,0,-0.392,-0.0442,0.9189,0,12.655,-0.2659,-2.6009,1]},
{"frame":16,"values":[0.8238,-0.4354,0.3631,0,0.3992,0.9002,0.1738,0,-0.4025,0.0018,0.9154,0,12.655,-0.2659,-2.6009,1]},
{"frame":17,"values":[0.8207,-0.4573,0.3425,0,0.4319,0.889,0.1521,0,-0.3741,0.0231,0.9271,0,12.655,-0.2659,-2.6009,1]},
{"frame":18,"values":[0.8093,-0.5262,0.2608,0,0.4978,0.8503,0.1709,0,-0.3117,-0.0085,0.9501,0,12.655,-0.2659,-2.6009,1]},
{"frame":19,"values":[0.7805,-0.6085,0.1433,0,0.578,0.7898,0.2054,0,-0.2381,-0.0775,0.9681,0,12.655,-0.266,-2.6009,1]},
{"frame":20,"values":[0.74,-0.6721,0.0255,0,0.6513,0.7255,0.2223,0,-0.1679,-0.1479,0.9746,0,12.655,-0.2659,-2.6009,1]},
{"frame":21,"values":[0.7017,-0.7082,-0.0784,0,0.706,0.6762,0.2105,0,-0.096,-0.2031,0.9744,0,12.655,-0.2659,-2.6009,1]}],"loopBehavior":1,"name":"anim","property":"_matrix"}},
{"name":"mixamorig:LeftForeArm","index":11,"matrix":[0.1567,0,0.9876,0,0,1,0,0,-0.9876,0,0.1567,0,27.4047,0,0,1],"rest":[1,0,0,0,0,1,0,0,0,0,1,0,27.4047,0,0,1],"parentBoneIndex":10,"length":27.6145
,"animation":{"dataType":3,"framePerSecond":30,"keys":[
{"frame":1,"values":[0.4989,0,0.8666,0,0,1,0,0,-0.8666,0,0.4989,0,27.4047,0,0,1]},
{"frame":2,"values":[0.621,0,0.7838,0,0,1,0,0,-0.7838,0,0.621,0,27.4047,0,0,1]},
{"frame":3,"values":[0.6597,0,0.7515,0,0,1,0,0,-0.7515,0,0.6597,0,27.4047,0,0,1]},
{"frame":4,"values":[0.631,0,0.7758,0,0,1,0,0,-0.7758,0,0.631,0,27.4047,0,0,1]},
{"frame":5,"values":[0.5723,0,0.82,0,0,1,0,0,-0.82,0,0.5723,0,27.4047,0,0,1]},
{"frame":6,"values":[0.5267,0,0.8501,0,0,1,0,0,-0.8501,0,0.5267,0,27.4047,0,0,1]},
{"frame":7,"values":[0.5022,0,0.8648,0,0,1,0,0,-0.8648,0,0.5022,0,27.4047,0,0,1]},
{"frame":8,"values":[0.4802,0,0.8772,0,0,1,0,0,-0.8772,0,0.4802,0,27.4047,0,0,1]},
{"frame":9,"values":[0.4561,0,0.8899,0,0,1,0,0,-0.8899,0,0.4561,0,27.4047,0,0,1]},
{"frame":10,"values":[0.4449,0,0.8956,0,0,1,0,0,-0.8956,0,0.4449,0,27.4047,0,0,1]},
{"frame":11,"values":[0.4452,0,0.8954,0,0,1,0,0,-0.8954,0,0.4452,0,27.4047,0,0,1]},
{"frame":12,"values":[0.4244,0,0.9055,0,0,1,0,0,-0.9055,0,0.4244,0,27.4047,0,0,1]},
{"frame":13,"values":[0.3561,0,0.9344,0,0,1,0,0,-0.9344,0,0.3561,0,27.4047,0,0,1]},
{"frame":14,"values":[0.2541,0,0.9672,0,0,1,0,0,-0.9672,0,0.2541,0,27.4047,0,0,1]},
{"frame":15,"values":[0.1567,0,0.9876,0,0,1,0,0,-0.9876,0,0.1567,0,27.4047,0,0,1]},
{"frame":16,"values":[0.0935,0,0.9956,0,0,1,0,0,-0.9956,0,0.0935,0,27.4047,0,0,1]},
{"frame":17,"values":[0.075,0,0.9972,0,0,1,0,0,-0.9972,0,0.075,0,27.4047,0,0,1]},
{"frame":18,"values":[0.1055,0,0.9944,0,0,1,0,0,-0.9944,0,0.1055,0,27.4047,0,0,1]},
{"frame":19,"values":[0.192,0,0.9814,0,0,1,0,0,-0.9814,0,0.192,0,27.4047,0,0,1]},
{"frame":20,"values":[0.3308,0,0.9437,0,0,1,0,0,-0.9437,0,0.3308,0,27.4047,0,0,1]},
{"frame":21,"values":[0.4989,0,0.8666,0,0,1,0,0,-0.8666,0,0.4989,0,27.4047,0,0,1]}],"loopBehavior":1,"name":"anim","property":"_matrix"}},
{"name":"mixamorig:LeftHand","index":12,"matrix":[0.9448,-0.3137,0.095,0,0.2884,0.9333,0.2138,0,-0.1558,-0.1746,0.9722,0,27.6145,0,0,1],"rest":[1,0,0,0,0,1,0,0,0,0,1,0,27.6145,0,0,1],"parentBoneIndex":11,"length":10.9801
,"animation":{"dataType":3,"framePerSecond":30,"keys":[
{"frame":1,"values":[0.9752,0.0744,0.2083,0,-0.1498,0.9151,0.3744,0,-0.1628,-0.3963,0.9036,0,27.6145,0,0,1]},
{"frame":2,"values":[0.9482,0.0646,0.3112,0,-0.2043,0.8739,0.4411,0,-0.2434,-0.4818,0.8418,0,27.6145,0,0,1]},
{"frame":3,"values":[0.9086,0.099,0.4059,0,-0.2953,0.8393,0.4564,0,-0.2955,-0.5346,0.7918,0,27.6145,0,0,1]},
{"frame":4,"values":[0.8842,0.137,0.4465,0,-0.3535,0.8211,0.4481,0,-0.3052,-0.5541,0.7745,0,27.6145,0,0,1]},
{"frame":5,"values":[0.8942,0.1427,0.4242,0,-0.3461,0.8214,0.4533,0,-0.2838,-0.5522,0.784,0,27.6145,0,0,1]},
{"frame":6,"values":[0.9228,0.1099,0.3692,0,-0.2916,0.8256,0.483,0,-0.2518,-0.5534,0.7939,0,27.6145,0,0,1]},
{"frame":7,"values":[0.9484,0.0665,0.3101,0,-0.2274,0.8241,0.5187,0,-0.221,-0.5625,0.7967,0,27.6145,0,0,1]},
{"frame":8,"values":[0.9691,0.0261,0.2454,0,-0.1596,0.825,0.5422,0,-0.1883,-0.5646,0.8036,0,27.6145,0,0,1]},
{"frame":9,"values":[0.9852,-0.0393,0.1666,0,-0.0603,0.8312,0.5526,0,-0.1602,-0.5545,0.8166,0,27.6145,0,0,1]},
{"frame":10,"values":[0.9849,-0.1462,0.0922,0,0.0725,0.8338,0.5473,0,-0.1569,-0.5324,0.8318,0,27.6145,0,0,1]},
{"frame":11,"values":[0.9647,-0.2578,0.0546,0,0.1952,0.8382,0.5092,0,-0.177,-0.4805,0.8589,0,27.6144,0,0,1]},
{"frame":12,"values":[0.9391,-0.3397,0.0526,0,0.286,0.857,0.4288,0,-0.1908,-0.3876,0.9019,0,27.6145,0,0,1]},
{"frame":13,"values":[0.9163,-0.3963,0.057,0,0.3577,0.8742,0.3283,0,-0.18,-0.2804,0.9429,0,27.6145,0,0,1]},
{"frame":14,"values":[0.9103,-0.409,0.0631,0,0.3825,0.8897,0.2494,0,-0.1581,-0.2029,0.9663,0,27.6145,0,0,1]},
{"frame":15,"values":[0.9448,-0.3137,0.095,0,0.2884,0.9333,0.2138,0,-0.1558,-0.1746,0.9722,0,27.6145,0,0,1]},
{"frame":16,"values":[0.9833,-0.085,0.1611,0,0.0505,0.977,0.2073,0,-0.175,-0.1957,0.9649,0,27.6145,0,0,1]},
{"frame":17,"values":[0.9585,0.1697,0.2293,0,-0.2183,0.9538,0.2063,0,-0.1837,-0.2478,0.9513,0,27.6145,0,0,1]},
{"frame":18,"values":[0.9179,0.3023,0.2571,0,-0.3585,0.9096,0.2101,0,-0.1703,-0.285,0.9433,0,27.6145,0,0,1]},
{"frame":19,"values":[0.9291,0.283,0.2381,0,-0.338,0.911,0.2361,0,-0.1501,-0.2998,0.9421,0,27.6145,0,0,1]},
{"frame":20,"values":[0.9622,0.1768,0.2073,0,-0.2335,0.9271,0.2932,0,-0.1403,-0.3305,0.9333,0,27.6145,0,0,1]},
{"frame":21,"values":[0.9752,0.0744,0.2083,0,-0.1498,0.9151,0.3744,0,-0.1628,-0.3963,0.9036,0,27.6145,0,0,1]}],"loopBehavior":1,"name":"anim","property":"_matrix"}},
{"name":"mixamorig:LeftHandMiddle1","index":13,"matrix":[0.7675,-0.6408,0.0171,0,0.6408,0.7662,-0.0489,0,0.0182,0.0484,0.9987,0,12.7755,0,0,1],"rest":[1,0,0,0,0,1,0,0,0,0,1,0,12.7755,0,0,1],"parentBoneIndex":12,"length":3.614
,"animation":{"dataType":3,"framePerSecond":30,"keys":[
{"frame":1,"values":[0.9921,-0.1249,-0.0129,0,0.1249,0.9922,-0.0048,0,0.0134,0.0031,0.9999,0,12.7755,0,0,1]},
{"frame":2,"values":[0.9848,-0.173,-0.013,0,0.1729,0.9849,-0.0075,0,0.0141,0.0051,0.9999,0,12.7755,0,0,1]},
{"frame":3,"values":[0.9696,-0.2444,-0.0119,0,0.2443,0.9696,-0.012,0,0.0145,0.0087,0.9999,0,12.7755,0,0,1]},
{"frame":4,"values":[0.9423,-0.3346,-0.0099,0,0.3344,0.9423,-0.0184,0,0.0155,0.0141,0.9998,0,12.7755,0,0,1]},
{"frame":5,"values":[0.9002,-0.4354,-0.0073,0,0.4351,0.9,-0.0269,0,0.0183,0.021,0.9996,0,12.7755,0,0,1]},
{"frame":6,"values":[0.8434,-0.5373,-0.0043,0,0.5368,0.8429,-0.0369,0,0.0235,0.0288,0.9993,0,12.7755,0,0,1]},
{"frame":7,"values":[0.7754,-0.6314,-0.0013,0,0.6307,0.7746,-0.0478,0,0.0311,0.0363,0.9989,0,12.7755,0,0,1]},
{"frame":8,"values":[0.7031,-0.7111,0.0017,0,0.71,0.7018,-0.0585,0,0.0404,0.0423,0.9983,0,12.7755,0,0,1]},
{"frame":9,"values":[0.6349,-0.7726,0.0041,0,0.771,0.6332,-0.0681,0,0.05,0.0463,0.9977,0,12.7755,0,0,1]},
{"frame":10,"values":[0.5799,-0.8147,0.0057,0,0.8126,0.5779,-0.0755,0,0.0582,0.0484,0.9971,0,12.7755,0,0,1]},
{"frame":11,"values":[0.5491,-0.8357,0.0067,0,0.8334,0.5469,-0.0795,0,0.0628,0.0493,0.9968,0,12.7755,0,0,1]},
{"frame":12,"values":[0.5558,-0.8313,0.0078,0,0.8291,0.5536,-0.0786,0,0.0611,0.0501,0.9969,0,12.7755,0,0,1]},
{"frame":13,"values":[0.6046,-0.7965,0.0097,0,0.7949,0.6025,-0.0722,0,0.0516,0.0514,0.9973,0,12.7755,0,0,1]},
{"frame":14,"values":[0.6826,-0.7307,0.0131,0,0.7299,0.6808,-0.0614,0,0.0359,0.0515,0.998,0,12.7755,0,0,1]},
{"frame":15,"values":[0.7675,-0.6408,0.0171,0,0.6408,0.7662,-0.0489,0,0.0182,0.0484,0.9987,0,12.7755,0,0,1]},
{"frame":16,"values":[0.8438,-0.5363,0.0189,0,0.5366,0.843,-0.0367,0,0.0038,0.0411,0.9991,0,12.7755,0,0,1]},
{"frame":17,"values":[0.9067,-0.4214,0.0159,0,0.4217,0.9064,-0.0255,0,-0.0037,0.0298,0.9995,0,12.7755,0,0,1]},
{"frame":18,"values":[0.9534,-0.3016,0.0081,0,0.3017,0.9533,-0.0158,0,-0.0029,0.0175,0.9998,0,12.7755,0,0,1]},
{"frame":19,"values":[0.9804,-0.1971,-0.0014,0,0.1971,0.9804,-0.0089,0,0.0031,0.0084,1,0,12.7755,0,0,1]},
{"frame":20,"values":[0.9909,-0.134,-0.009,0,0.1339,0.991,-0.0052,0,0.0096,0.004,0.9999,0,12.7755,0,0,1]},
{"frame":21,"values":[0.9921,-0.1249,-0.0129,0,0.1249,0.9922,-0.0048,0,0.0134,0.0031,0.9999,0,12.7755,0,0,1]}],"loopBehavior":1,"name":"anim","property":"_matrix"}},
{"name":"mixamorig:LeftHandMiddle2","index":14,"matrix":[0.7618,-0.6445,-0.066,0,0.6445,0.7643,-0.0241,0,0.066,-0.0241,0.9975,0,3.614,0,0,1],"rest":[1,0,0,0,0,1,0,0,0,0,1,0,3.614,0,0,1],"parentBoneIndex":13,"length":3.4598
,"animation":{"dataType":3,"framePerSecond":30,"keys":[
{"frame":1,"values":[0.9917,-0.1278,-0.0131,0,0.1278,0.9918,-0.0008,0,0.0131,-0.0008,0.9999,0,3.614,0,0,1]},
{"frame":2,"values":[0.9841,-0.1765,-0.0181,0,0.1765,0.9843,-0.0016,0,0.0181,-0.0016,0.9998,0,3.614,0,0,1]},
{"frame":3,"values":[0.9683,-0.2484,-0.0254,0,0.2484,0.9686,-0.0032,0,0.0254,-0.0032,0.9997,0,3.614,0,0,1]},
{"frame":4,"values":[0.9401,-0.3391,-0.0347,0,0.3391,0.9407,-0.0061,0,0.0347,-0.0061,0.9994,0,3.614,0,0,1]},
{"frame":5,"values":[0.8966,-0.4404,-0.0451,0,0.4404,0.8977,-0.0105,0,0.0451,-0.0105,0.9989,0,3.614,0,0,1]},
{"frame":6,"values":[0.8382,-0.5426,-0.0556,0,0.5426,0.8399,-0.0164,0,0.0556,-0.0164,0.9983,0,3.614,0,0,1]},
{"frame":7,"values":[0.7682,-0.6368,-0.0652,0,0.6368,0.7707,-0.0235,0,0.0652,-0.0235,0.9976,0,3.614,0,0,1]},
{"frame":8,"values":[0.6938,-0.7164,-0.0734,0,0.7164,0.697,-0.031,0,0.0734,-0.031,0.9968,0,3.614,0,0,1]},
{"frame":9,"values":[0.6238,-0.7776,-0.0796,0,0.7776,0.6277,-0.0381,0,0.0796,-0.0381,0.9961,0,3.614,0,0,1]},
{"frame":10,"values":[0.5672,-0.8193,-0.0839,0,0.8193,0.5717,-0.0439,0,0.0839,-0.0439,0.9955,0,3.614,0,0,1]},
{"frame":11,"values":[0.5356,-0.8401,-0.086,0,0.8401,0.5404,-0.0471,0,0.086,-0.0471,0.9952,0,3.614,0,0,1]},
{"frame":12,"values":[0.5426,-0.8356,-0.0856,0,0.8356,0.5473,-0.0464,0,0.0856,-0.0464,0.9953,0,3.614,0,0,1]},
{"frame":13,"values":[0.5931,-0.8009,-0.082,0,0.8009,0.5973,-0.0412,0,0.082,-0.0412,0.9958,0,3.614,0,0,1]},
{"frame":14,"values":[0.6739,-0.735,-0.0753,0,0.735,0.6773,-0.0331,0,0.0753,-0.0331,0.9966,0,3.614,0,0,1]},
{"frame":15,"values":[0.7618,-0.6445,-0.066,0,0.6445,0.7643,-0.0241,0,0.066,-0.0241,0.9975,0,3.614,0,0,1]},
{"frame":16,"values":[0.8405,-0.5391,-0.0552,0,0.5391,0.8421,-0.0162,0,0.0552,-0.0162,0.9983,0,3.614,0,0,1]},
{"frame":17,"values":[0.9049,-0.4234,-0.0434,0,0.4234,0.9059,-0.0096,0,0.0434,-0.0096,0.999,0,3.614,0,0,1]},
{"frame":18,"values":[0.9524,-0.3033,-0.0311,0,0.3033,0.9529,-0.0048,0,0.0311,-0.0048,0.9995,0,3.614,0,0,1]},
{"frame":19,"values":[0.9798,-0.199,-0.0204,0,0.199,0.98,-0.002,0,0.0204,-0.002,0.9998,0,3.614,0,0,1]},
{"frame":20,"values":[0.9906,-0.1364,-0.014,0,0.1364,0.9906,-0.001,0,0.014,-0.001,0.9999,0,3.614,0,0,1]},
{"frame":21,"values":[0.9917,-0.1278,-0.0131,0,0.1278,0.9918,-0.0008,0,0.0131,-0.0008,0.9999,0,3.614,0,0,1]}],"loopBehavior":1,"name":"anim","property":"_matrix"}},
{"name":"mixamorig:LeftHandMiddle3","index":15,"matrix":[0.9935,0.1131,0.0116,0,-0.1131,0.9936,-0.0007,0,-0.0116,-0.0007,0.9999,0,3.4597,0,0,1],"rest":[1,0,0,0,0,1,0,0,0,0,1,0,3.4598,0,0,1],"parentBoneIndex":14,"length":3.6802
,"animation":{"dataType":3,"framePerSecond":30,"keys":[
{"frame":1,"values":[0.9689,0.2461,0.0252,0,-0.2461,0.9692,-0.0031,0,-0.0252,-0.0031,0.9997,0,3.4598,0,0,1]},
{"frame":2,"values":[0.9755,0.2188,0.0224,0,-0.2188,0.9758,-0.0025,0,-0.0224,-0.0025,0.9997,0,3.4598,0,0,1]},
{"frame":3,"values":[0.9839,0.1776,0.0182,0,-0.1776,0.9841,-0.0016,0,-0.0182,-0.0016,0.9998,0,3.4598,0,0,1]},
{"frame":4,"values":[0.9922,0.1244,0.0127,0,-0.1244,0.9922,-0.0008,0,-0.0127,-0.0008,0.9999,0,3.4598,0,0,1]},
{"frame":5,"values":[0.998,0.0633,0.0065,0,-0.0633,0.998,-0.0002,0,-0.0065,-0.0002,1,0,3.4598,0,0,1]},
{"frame":6,"values":[1,-0.0006,-0.0001,0,0.0006,1,0,0,0.0001,0,1,0,3.4598,0,0,1]},
{"frame":7,"values":[0.998,-0.0629,-0.0064,0,0.0629,0.998,-0.0002,0,0.0064,-0.0002,1,0,3.4598,0,0,1]},
{"frame":8,"values":[0.9928,-0.1193,-0.0122,0,0.1193,0.9929,-0.0007,0,0.0122,-0.0007,0.9999,0,3.4598,0,0,1]},
{"frame":9,"values":[0.9857,-0.1676,-0.0172,0,0.1676,0.9859,-0.0014,0,0.0172,-0.0014,0.9999,0,3.4598,0,0,1]},
{"frame":10,"values":[0.9783,-0.2061,-0.0211,0,0.2061,0.9785,-0.0022,0,0.0211,-0.0022,0.9998,0,3.4598,0,0,1]},
{"frame":11,"values":[0.9738,-0.2263,-0.0232,0,0.2263,0.9741,-0.0027,0,0.0232,-0.0027,0.9997,0,3.4598,0,0,1]},
{"frame":12,"values":[0.9778,-0.2087,-0.0214,0,0.2087,0.978,-0.0023,0,0.0214,-0.0023,0.9998,0,3.4598,0,0,1]},
{"frame":13,"values":[0.9906,-0.1361,-0.0139,0,0.1361,0.9907,-0.001,0,0.0139,-0.001,0.9999,0,3.4598,0,0,1]},
{"frame":14,"values":[0.9999,-0.0164,-0.0017,0,0.0164,0.9999,0,0,0.0017,0,1,0,3.4598,0,0,1]},
{"frame":15,"values":[0.9935,0.1131,0.0116,0,-0.1131,0.9936,-0.0007,0,-0.0116,-0.0007,0.9999,0,3.4597,0,0,1]},
{"frame":16,"values":[0.9776,0.2092,0.0214,0,-0.2092,0.9779,-0.0023,0,-0.0214,-0.0023,0.9998,0,3.4598,0,0,1]},
{"frame":17,"values":[0.9669,0.254,0.026,0,-0.254,0.9672,-0.0034,0,-0.026,-0.0034,0.9997,0,3.4598,0,0,1]},
{"frame":18,"values":[0.9659,0.2575,0.0264,0,-0.2575,0.9663,-0.0035,0,-0.0264,-0.0035,0.9996,0,3.4598,0,0,1]},
{"frame":20,"values":[0.9671,0.2531,0.0259,0,-0.2531,0.9674,-0.0033,0,-0.0259,-0.0033,0.9997,0,3.4598,0,0,1]},
{"frame":21,"values":[0.9689,0.2461,0.0252,0,-0.2461,0.9692,-0.0031,0,-0.0252,-0.0031,0.9997,0,3.4598,0,0,1]}],"loopBehavior":1,"name":"anim","property":"_matrix"}},
{"name":"mixamorig:LeftHandMiddle4","index":16,"matrix":[1,0,0,0,0,1,0,0,0,0,1,0,3.6802,0,0,1],"rest":[1,0,0,0,0,1,0,0,0,0,1,0,3.6802,0,0,1],"parentBoneIndex":15,"length":3.6802
,"animation":{"dataType":3,"framePerSecond":30,"keys":[
{"frame":1,"values":[1,0,0,0,0,1,0,0,0,0,1,0,3.6802,0,0,1]},
{"frame":21,"values":[1,0,0,0,0,1,0,0,0,0,1,0,3.6802,0,0,1]}],"loopBehavior":1,"name":"anim","property":"_matrix"}},
{"name":"mixamorig:LeftHandThumb1","index":17,"matrix":[0.991,-0.0939,0.0951,0,0.0996,0.9933,-0.0577,0,-0.089,0.0667,0.9938,0,3.7888,-2.167,3.0031,1],"rest":[1,0,0,0,0,1,0,0,0,0,1,0,3.7888,-2.167,3.0031,1],"parentBoneIndex":12,"length":4.745
,"animation":{"dataType":3,"framePerSecond":30,"keys":[
{"frame":1,"values":[0.9775,-0.1157,0.1765,0,0.1322,0.9876,-0.0851,0,-0.1644,0.1065,0.9806,0,3.7888,-2.167,3.0031,1]},
{"frame":2,"values":[0.9817,-0.1103,0.155,0,0.1234,0.9893,-0.0782,0,-0.1448,0.0959,0.9848,0,3.7888,-2.167,3.0031,1]},
