{"producer":{"name":"Blender","version":"2.90.0","exporter_version":"6.4.4","file":"jump.babylon"},
"autoClear":true,"clearColor":[0.0509,0.0509,0.0509],"gravity":[0,-9.81,0],
"materials":[{"name":"Material","id":"Material","customType":"BABYLON.PBRMaterial","backFaceCulling":true,"checkReadyOnlyOnce":false,"maxSimultaneousLights":4,"environmentIntensity":1,"albedo":[0.8,0.8,0.8],"reflectivity":[0.5,0.5,0.5],"roughness":0.4,"alpha":1,"transparencyMode":0,"alphaCutOff":0.4,"metallic":0}],
"multiMaterials":[],
"skeletons":[{"name":"Armature","id":0,"dimensionsAtRest":[180.6981,191.5439,26.6006],"bones":[
{"name":"mixamorig:Hips","index":0,"matrix":[0.7293,-0.0004,-0.6842,0,0.0534,0.997,0.0562,0,-0.6821,0.0775,-0.7271,0,-0.8182,96.9364,-0.0862,1],"rest":[1,0,0,0,0,1,0,0,0,0,-1,0,0,103.9915,0,1],"parentBoneIndex":-1,"length":10.5593
,"animation":{"dataType":3,"framePerSecond":24,"keys":[
{"frame":1,"values":[0.7293,-0.0004,-0.6842,0,0.0533,0.997,0.0562,0,-0.6821,0.0775,-0.7272,0,-0.818,96.9357,-0.0846,1]},
{"frame":2,"values":[0.727,-0.004,-0.6866,0,0.0389,0.9986,0.0353,0,-0.6855,0.0524,-0.7262,0,-0.1401,96.6337,0.0782,1]},
{"frame":3,"values":[0.7091,-0.006,-0.7051,0,-0.0056,0.9999,-0.0141,0,-0.7051,-0.0139,-0.7089,0,1.8145,94.5633,0.7217,1]},
{"frame":4,"values":[0.6709,-0.023,-0.7411,0,-0.0739,0.9925,-0.0978,0,-0.7378,-0.1204,-0.6642,0,4.485,89.8652,1.607,1]},
{"frame":5,"values":[0.6252,-0.0571,-0.7783,0,-0.1452,0.9714,-0.1879,0,-0.7668,-0.2305,-0.5991,0,7.4267,82.3136,2.6326,1]},
{"frame":6,"values":[0.597,-0.0767,-0.7986,0,-0.2093,0.946,-0.2474,0,-0.7745,-0.3148,-0.5487,0,9.8495,72.7187,3.5327,1]},
{"frame":7,"values":[0.5948,-0.0394,-0.8029,0,-0.2534,0.9387,-0.2338,0,-0.7629,-0.3425,-0.5484,0,11.3535,63.3031,3.8508,1]},
{"frame":8,"values":[0.5953,-0.0017,-0.8035,0,-0.2481,0.9508,-0.1858,0,-0.7643,-0.3099,-0.5655,0,11.4427,57.1599,3.696,1]},
{"frame":9,"values":[0.6169,0.012,-0.787,0,-0.1694,0.9785,-0.1178,0,-0.7686,-0.206,-0.6057,0,10.3668,55.6006,3.5428,1]},
{"frame":10,"values":[0.6558,0.0252,-0.7545,0,-0.0877,0.9952,-0.043,0,-0.7498,-0.0944,-0.6549,0,7.8558,59.5878,3.673,1]},
{"frame":11,"values":[0.7113,0.027,-0.7023,0,-0.017,0.9996,0.0211,0,-0.7027,0.003,-0.7115,0,4.4235,68.6039,4.3255,1]},
{"frame":12,"values":[0.7546,0.0379,-0.6551,0,0.0575,0.9907,0.1235,0,-0.6536,0.1309,-0.7454,0,-0.1023,82.1698,4.1693,1]},
{"frame":13,"values":[0.7769,0.0573,-0.627,0,0.0928,0.9745,0.2041,0,-0.6227,0.2168,-0.7518,0,-5.6235,99.1864,2.621,1]},
{"frame":14,"values":[0.7638,0.0785,-0.6407,0,0.0688,0.977,0.2018,0,-0.6418,0.1982,-0.7408,0,-9.708,114.0138,2.1246,1]},
{"frame":15,"values":[0.7796,0.1389,-0.6107,0,-0.0152,0.979,0.2033,0,-0.6261,0.1492,-0.7653,0,-8.7714,130.0101,2.9358,1]},
{"frame":16,"values":[0.7696,0.1903,-0.6095,0,-0.1204,0.9807,0.1542,0,-0.6271,0.0453,-0.7776,0,-6.1829,142.1671,4.2641,1]},
{"frame":17,"values":[0.7566,0.2397,-0.6084,0,-0.1921,0.9708,0.1436,0,-0.625,-0.0082,-0.7806,0,-4.4569,150.8865,5.8233,1]},
{"frame":18,"values":[0.7526,0.2431,-0.6119,0,-0.1691,0.9695,0.1772,0,-0.6364,0.0299,-0.7708,0,-4.0637,156.6275,7.0861,1]},
{"frame":19,"values":[0.7695,0.2479,-0.5886,0,-0.1024,0.9576,0.2694,0,-0.6304,0.147,-0.7622,0,-4.6145,158.7334,7.6715,1]},
{"frame":20,"values":[0.8003,0.2444,-0.5475,0,-0.0366,0.9314,0.3622,0,-0.5985,0.2698,-0.7543,0,-5.6684,156.9157,7.7605,1]},
{"frame":21,"values":[0.8249,0.2161,-0.5223,0,-0.0034,0.926,0.3776,0,-0.5653,0.3097,-0.7646,0,-6.094,153.3514,7.6755,1]},
{"frame":22,"values":[0.8417,0.2014,-0.5009,0,-0.0214,0.9396,0.3417,0,-0.5395,0.2769,-0.7952,0,-5.7581,149.2606,6.8132,1]},
{"frame":23,"values":[0.8536,0.1914,-0.4845,0,-0.0636,0.9614,0.2678,0,-0.517,0.1978,-0.8328,0,-5.2484,144.3182,5.1702,1]},
{"frame":24,"values":[0.8656,0.1625,-0.4736,0,-0.0958,0.9821,0.162,0,-0.4914,0.0949,-0.8657,0,-5.0797,137.2975,2.5319,1]},
{"frame":25,"values":[0.8972,0.1221,-0.4244,0,-0.0981,0.9921,0.078,0,-0.4306,0.0284,-0.9021,0,-5.2467,126.832,-1.4163,1]},
{"frame":26,"values":[0.9381,0.0801,-0.3371,0,-0.0671,0.9965,0.05,0,-0.3399,0.0242,-0.9401,0,-5.3724,113.1894,-5.2995,1]},
{"frame":27,"values":[0.9666,0.0348,-0.2537,0,-0.0303,0.9993,0.0216,0,-0.2543,0.0132,-0.967,0,-5.4093,96.7813,-7.0842,1]},
{"frame":28,"values":[0.9782,0.0645,-0.1973,0,-0.0807,0.9939,-0.0754,0,-0.1912,-0.0897,-0.9774,0,-5.4936,81.5719,-6.0139,1]},
{"frame":29,"values":[0.9567,0.1518,-0.2483,0,-0.1909,0.9713,-0.1417,0,-0.2196,-0.183,-0.9583,0,-4.5029,71.9518,-5.0385,1]},
{"frame":30,"values":[0.9294,0.2191,-0.2971,0,-0.2825,0.9402,-0.1904,0,-0.2376,-0.2609,-0.9357,0,-3.0489,66.0311,-3.9863,1]},
{"frame":31,"values":[0.9051,0.2393,-0.3515,0,-0.3195,0.9281,-0.1909,0,-0.2805,-0.2851,-0.9165,0,-1.6493,62.5186,-3.1404,1]},
{"frame":32,"values":[0.8793,0.246,-0.4079,0,-0.3425,0.9217,-0.1824,0,-0.3311,-0.3001,-0.8946,0,-0.7488,61.4128,-2.7023,1]},
{"frame":33,"values":[0.8672,0.2272,-0.4432,0,-0.3256,0.9319,-0.1595,0,-0.3768,-0.2826,-0.8821,0,-0.3662,62.8737,-2.4098,1]},
{"frame":34,"values":[0.859,0.196,-0.473,0,-0.2906,0.9472,-0.1354,0,-0.4215,-0.2538,-0.8706,0,-0.4936,66.7588,-2.1031,1]},
{"frame":35,"values":[0.8543,0.1529,-0.4968,0,-0.2452,0.9613,-0.1258,0,-0.4583,-0.2293,-0.8587,0,-0.994,72.3049,-1.8635,1]},
{"frame":36,"values":[0.8396,0.1174,-0.5303,0,-0.2013,0.9741,-0.103,0,-0.5045,-0.1933,-0.8415,0,-1.4256,78.6227,-1.4965,1]},
{"frame":37,"values":[0.82,0.0855,-0.566,0,-0.1609,0.9833,-0.0845,0,-0.5493,-0.1604,-0.8201,0,-1.5853,84.8376,-1.1427,1]},
{"frame":38,"values":[0.7993,0.0552,-0.5983,0,-0.1175,0.9909,-0.0656,0,-0.5893,-0.1227,-0.7986,0,-1.5802,90.066,-0.8474,1]},
{"frame":39,"values":[0.7779,0.0307,-0.6277,0,-0.0733,0.9964,-0.0421,0,-0.6241,-0.0788,-0.7774,0,-1.5581,93.6583,-0.6286,1]},
{"frame":40,"values":[0.7589,0.0117,-0.6511,0,-0.0284,0.9995,-0.0152,0,-0.6506,-0.03,-0.7588,0,-1.4277,95.7115,-0.3738,1]},
{"frame":41,"values":[0.7435,0.0044,-0.6687,0,0.0062,0.9999,0.0135,0,-0.6687,0.0142,-0.7434,0,-1.2177,96.5778,-0.179,1]},
{"frame":42,"values":[0.7366,0.0026,-0.6763,0,0.0225,0.9993,0.0283,0,-0.6759,0.0361,-0.7361,0,-1.0907,96.7763,-0.1126,1]},
{"frame":43,"values":[0.7335,0.0018,-0.6797,0,0.0312,0.9989,0.0363,0,-0.679,0.0479,-0.7326,0,-1.0145,96.848,-0.0836,1]},
{"frame":44,"values":[0.7305,0.0009,-0.6829,0,0.0415,0.9981,0.0457,0,-0.6816,0.0617,-0.7291,0,-0.9181,96.9021,-0.061,1]},
{"frame":45,"values":[0.7294,0.0003,-0.6841,0,0.0475,0.9976,0.0511,0,-0.6824,0.0698,-0.7276,0,-0.8632,96.922,-0.0594,1]},
{"frame":46,"values":[0.7293,-0.0004,-0.6842,0,0.0534,0.997,0.0562,0,-0.6821,0.0775,-0.7271,0,-0.8182,96.9364,-0.0862,1]}],"loopBehavior":1,"name":"anim","property":"_matrix"}},
{"name":"mixamorig:Spine","index":1,"matrix":[0.9966,-0.0104,-0.0822,0,0.0186,0.9948,0.0999,0,0.0807,-0.1011,0.9916,0,0,10.1816,0.1315,1],"rest":[1,0,0,0,0,1,0,0,0,0,1,0,0,10.1816,0.1315,1],"parentBoneIndex":0,"length":10.133
,"animation":{"dataType":3,"framePerSecond":24,"keys":[
{"frame":1,"values":[0.9966,-0.0104,-0.0822,0,0.0186,0.9948,0.0999,0,0.0807,-0.1011,0.9916,0,0,10.1816,0.1315,1]},
{"frame":2,"values":[0.9971,-0.0108,-0.0747,0,0.0183,0.9947,0.1007,0,0.0732,-0.1018,0.9921,0,0,10.1816,0.1315,1]},
{"frame":3,"values":[0.9977,-0.0114,-0.0661,0,0.0183,0.9944,0.1041,0,0.0646,-0.1051,0.9924,0,0,10.1816,0.1315,1]},
{"frame":4,"values":[0.9982,-0.009,-0.0596,0,0.0155,0.9939,0.1094,0,0.0583,-0.1101,0.9922,0,0,10.1816,0.1315,1]},
{"frame":5,"values":[0.9987,-0.0034,-0.0507,0,0.0094,0.9929,0.1184,0,0.05,-0.1187,0.9917,0,0,10.1816,0.1315,1]},
{"frame":6,"values":[0.9994,-0.0017,-0.0341,0,0.0061,0.9914,0.1304,0,0.0336,-0.1305,0.9909,0,0,10.1816,0.1315,1]},
{"frame":7,"values":[0.9998,-0.0061,-0.0171,0,0.0085,0.9893,0.1459,0,0.0161,-0.1461,0.9891,0,0,10.1816,0.1315,1]},
{"frame":8,"values":[0.9999,-0.0108,-0.0108,0,0.0124,0.988,0.1541,0,0.009,-0.1542,0.988,0,0,10.1816,0.1315,1]},
{"frame":9,"values":[0.9999,-0.0093,-0.009,0,0.0106,0.9872,0.1593,0,0.0074,-0.1594,0.9872,0,0,10.1816,0.1315,1]},
{"frame":10,"values":[0.9998,-0.008,-0.0166,0,0.0104,0.9888,0.1489,0,0.0152,-0.1491,0.9887,0,0,10.1816,0.1315,1]},
{"frame":11,"values":[0.9998,-0.0043,-0.0182,0,0.0066,0.9913,0.1317,0,0.0174,-0.1318,0.9911,0,0,10.1816,0.1315,1]},
{"frame":12,"values":[0.9997,-0.0044,-0.024,0,0.0073,0.9923,0.1233,0,0.0233,-0.1234,0.9921,0,0,10.1816,0.1315,1]},
{"frame":13,"values":[0.9994,-0.0132,-0.0306,0,0.0163,0.9946,0.1028,0,0.0291,-0.1033,0.9942,0,0,10.1816,0.1315,1]},
{"frame":14,"values":[0.9991,-0.0232,-0.035,0,0.0262,0.9959,0.0869,0,0.0328,-0.0877,0.9956,0,0,10.1816,0.1315,1]},
{"frame":15,"values":[0.9983,-0.0418,-0.0396,0,0.0454,0.9944,0.0949,0,0.0354,-0.0966,0.9947,0,0,10.1816,0.1315,1]},
{"frame":16,"values":[0.9976,-0.0585,-0.0362,0,0.0621,0.992,0.11,0,0.0295,-0.1119,0.9933,0,0,10.1816,0.1315,1]},
{"frame":17,"values":[0.9973,-0.069,-0.0237,0,0.0715,0.9886,0.1323,0,0.0143,-0.1337,0.9909,0,0,10.1816,0.1315,1]},
{"frame":18,"values":[0.9975,-0.0699,-0.0133,0,0.0711,0.9833,0.1675,0,0.0014,-0.1681,0.9858,0,0,10.1816,0.1315,1]},
{"frame":19,"values":[0.9977,-0.0664,-0.0128,0,0.0676,0.9746,0.2133,0,-0.0017,-0.2137,0.9769,0,0,10.1816,0.1315,1]},
{"frame":20,"values":[0.9982,-0.0594,-0.0119,0,0.0605,0.967,0.2475,0,-0.0032,-0.2478,0.9688,0,0,10.1816,0.1315,1]},
{"frame":21,"values":[0.9987,-0.0496,-0.0071,0,0.0497,0.9659,0.2542,0,-0.0057,-0.2542,0.9671,0,0,10.1816,0.1315,1]},
{"frame":22,"values":[0.999,-0.0442,-0.0018,0,0.0434,0.9702,0.2382,0,-0.0087,-0.2381,0.9712,0,0,10.1816,0.1315,1]},
{"frame":23,"values":[0.9992,-0.0398,0.0055,0,0.0378,0.9776,0.2069,0,-0.0136,-0.2065,0.9783,0,0,10.1816,0.1315,1]},
{"frame":24,"values":[0.9994,-0.0331,0.0129,0,0.0305,0.9859,0.1648,0,-0.0181,-0.1643,0.9862,0,0,10.1816,0.1315,1]},
{"frame":25,"values":[0.9996,-0.025,0.0099,0,0.0236,0.9918,0.126,0,-0.013,-0.1257,0.992,0,0,10.1816,0.1315,1]},
{"frame":26,"values":[0.9999,-0.0154,0.0076,0,0.0145,0.9949,0.0998,0,-0.0091,-0.0997,0.995,0,0,10.1816,0.1315,1]},
{"frame":27,"values":[1,-0.0046,0.0042,0,0.0042,0.9958,0.0915,0,-0.0046,-0.0915,0.9958,0,0,10.1816,0.1315,1]},
{"frame":28,"values":[1,0.002,-0.0033,0,-0.0017,0.9947,0.1032,0,0.0035,-0.1032,0.9947,0,0,10.1816,0.1315,1]},
{"frame":29,"values":[0.9999,-0.0083,-0.0127,0,0.0099,0.9916,0.1289,0,0.0115,-0.129,0.9916,0,0,10.1816,0.1315,1]},
{"frame":30,"values":[0.9998,-0.0108,-0.0146,0,0.0129,0.9874,0.158,0,0.0127,-0.1582,0.9873,0,0,10.1816,0.1315,1]},
{"frame":31,"values":[0.9998,-0.0015,-0.0186,0,0.005,0.982,0.1889,0,0.018,-0.189,0.9818,0,0,10.1816,0.1315,1]},
{"frame":32,"values":[0.9997,0.0099,-0.0203,0,-0.0054,0.9777,0.2098,0,0.0219,-0.2097,0.9775,0,0,10.1816,0.1315,1]},
{"frame":33,"values":[0.9995,0.0217,-0.0249,0,-0.0155,0.974,0.2259,0,0.0291,-0.2254,0.9738,0,0,10.1816,0.1315,1]},
{"frame":34,"values":[0.9992,0.0272,-0.0294,0,-0.0198,0.9734,0.2283,0,0.0349,-0.2276,0.9731,0,0,10.1816,0.1315,1]},
{"frame":35,"values":[0.9989,0.0302,-0.0351,0,-0.0219,0.9761,0.216,0,0.0408,-0.215,0.9758,0,0,10.1816,0.1315,1]},
{"frame":36,"values":[0.9988,0.0266,-0.0419,0,-0.0177,0.9799,0.1985,0,0.0463,-0.1975,0.9792,0,0,10.1816,0.1315,1]},
{"frame":37,"values":[0.9985,0.0222,-0.0492,0,-0.0131,0.9839,0.1784,0,0.0523,-0.1775,0.9827,0,0,10.1816,0.1315,1]},
{"frame":38,"values":[0.9981,0.0186,-0.0582,0,-0.009,0.9869,0.1612,0,0.0605,-0.1603,0.9852,0,0,10.1816,0.1315,1]},
{"frame":39,"values":[0.9977,0.0144,-0.0667,0,-0.0046,0.9894,0.1451,0,0.068,-0.1444,0.9872,0,0,10.1816,0.1315,1]},
{"frame":40,"values":[0.9973,0.009,-0.073,0,0.0004,0.9918,0.1279,0,0.0735,-0.1276,0.9891,0,0,10.1816,0.1315,1]},
{"frame":41,"values":[0.997,0.0021,-0.078,0,0.0069,0.9934,0.1147,0,0.0777,-0.1149,0.9903,0,0,10.1816,0.1315,1]},
{"frame":42,"values":[0.9967,-0.0028,-0.0806,0,0.0116,0.994,0.1086,0,0.0799,-0.1092,0.9908,0,0,10.1816,0.1315,1]},
{"frame":43,"values":[0.9966,-0.0062,-0.0817,0,0.0149,0.9943,0.1056,0,0.0806,-0.1065,0.991,0,0,10.1816,0.1315,1]},
{"frame":44,"values":[0.9966,-0.0088,-0.0822,0,0.0173,0.9946,0.1026,0,0.0808,-0.1037,0.9913,0,0,10.1816,0.1315,1]},
{"frame":45,"values":[0.9965,-0.0103,-0.0824,0,0.0186,0.9947,0.1008,0,0.081,-0.102,0.9915,0,0,10.1816,0.1315,1]},
{"frame":46,"values":[0.9966,-0.0104,-0.0822,0,0.0186,0.9948,0.0999,0,0.0807,-0.1011,0.9916,0,0,10.1816,0.1315,1]}],"loopBehavior":1,"name":"anim","property":"_matrix"}},
{"name":"mixamorig:Spine1","index":2,"matrix":[0.9862,-0.0205,-0.1644,0,0.0531,0.979,0.1966,0,0.157,-0.2026,0.9666,0,0,10.0835,-1.0008,1],"rest":[1,0,0,0,0,1,0,0,0,0,1,0,0,10.0835,-1.0008,1],"parentBoneIndex":1,"length":9.203
,"animation":{"dataType":3,"framePerSecond":24,"keys":[
{"frame":1,"values":[0.9862,-0.0204,-0.1644,0,0.0531,0.979,0.1966,0,0.157,-0.2026,0.9666,0,0,10.0835,-1.0008,1]},
{"frame":2,"values":[0.9886,-0.022,-0.1491,0,0.0517,0.9787,0.1984,0,0.1416,-0.2039,0.9687,0,0,10.0835,-1.0008,1]},
{"frame":3,"values":[0.9913,-0.0212,-0.1298,0,0.0478,0.9775,0.2056,0,0.1225,-0.21,0.97,0,0,10.0835,-1.0008,1]},
{"frame":4,"values":[0.9933,-0.0154,-0.1141,0,0.04,0.9755,0.2165,0,0.108,-0.2196,0.9696,0,0,10.0835,-1.0008,1]},
{"frame":5,"values":[0.9957,-0.0067,-0.0926,0,0.0283,0.9717,0.2346,0,0.0885,-0.2362,0.9677,0,0,10.0835,-1.0008,1]},
{"frame":6,"values":[0.9984,-0.0022,-0.0562,0,0.0167,0.9659,0.2584,0,0.0537,-0.259,0.9644,0,0,10.0835,-1.0008,1]},
{"frame":7,"values":[0.9997,-0.0009,-0.0249,0,0.0081,0.9574,0.2888,0,0.0236,-0.2889,0.9571,0,0,10.0835,-1.0008,1]},
{"frame":8,"values":[0.9999,-0.0024,-0.0146,0,0.0068,0.9525,0.3045,0,0.0132,-0.3046,0.9524,0,0,10.0835,-1.0008,1]},
{"frame":9,"values":[1,0.0046,-0.0082,0,-0.0017,0.9492,0.3147,0,0.0093,-0.3146,0.9492,0,0,10.0835,-1.0008,1]},
{"frame":10,"values":[0.9998,0.0079,-0.0205,0,-0.0015,0.9556,0.2946,0,0.0219,-0.2945,0.9554,0,0,10.0835,-1.0008,1]},
{"frame":11,"values":[0.9997,0.0077,-0.023,0,-0.0014,0.9653,0.2611,0,0.0242,-0.261,0.965,0,0,10.0835,-1.0008,1]},
{"frame":12,"values":[0.9993,0.0023,-0.0386,0,0.0072,0.9696,0.2446,0,0.038,-0.2447,0.9689,0,0,10.0835,-1.0008,1]},
{"frame":13,"values":[0.998,-0.016,-0.0613,0,0.0282,0.9785,0.2042,0,0.0568,-0.2055,0.977,0,0,10.0835,-1.0008,1]},
{"frame":14,"values":[0.9967,-0.0316,-0.0741,0,0.044,0.9841,0.1723,0,0.0675,-0.175,0.9823,0,0,10.0835,-1.0008,1]},
{"frame":15,"values":[0.9956,-0.0479,-0.0811,0,0.0624,0.9802,0.1877,0,0.0705,-0.192,0.9789,0,0,10.0835,-1.0008,1]},
{"frame":16,"values":[0.9952,-0.0601,-0.0773,0,0.0757,0.9732,0.217,0,0.0622,-0.2218,0.9731,0,0,10.0835,-1.0008,1]},
{"frame":17,"values":[0.9948,-0.0814,-0.0615,0,0.0947,0.9609,0.2603,0,0.0379,-0.2648,0.9636,0,0,10.0835,-1.0008,1]},
{"frame":18,"values":[0.9939,-0.1014,-0.0429,0,0.1099,0.938,0.3286,0,0.0069,-0.3314,0.9435,0,0,10.0835,-1.0008,1]},
{"frame":19,"values":[0.9922,-0.1184,-0.0391,0,0.1239,0.9011,0.4155,0,-0.0139,-0.4171,0.9088,0,0,10.0835,-1.0008,1]},
{"frame":20,"values":[0.992,-0.1205,-0.0366,0,0.1232,0.8694,0.4786,0,-0.0259,-0.4793,0.8773,0,0,10.0835,-1.0008,1]},
{"frame":21,"values":[0.9936,-0.1099,-0.0259,0,0.1084,0.8643,0.4911,0,-0.0316,-0.4907,0.8707,0,0,10.0835,-1.0008,1]},
{"frame":22,"values":[0.9957,-0.0912,-0.0132,0,0.087,0.8823,0.4625,0,-0.0305,-0.4617,0.8865,0,0,10.0835,-1.0008,1]},
{"frame":23,"values":[0.9975,-0.0709,0.0044,0,0.0631,0.9122,0.4049,0,-0.0327,-0.4036,0.9143,0,0,10.0835,-1.0008,1]},
{"frame":24,"values":[0.9984,-0.0514,0.0221,0,0.0414,0.9447,0.3253,0,-0.0375,-0.3239,0.9453,0,0,10.0835,-1.0008,1]},
{"frame":25,"values":[0.9992,-0.0345,0.0189,0,0.0287,0.9678,0.2501,0,-0.0269,-0.2494,0.968,0,0,10.0835,-1.0008,1]},
{"frame":26,"values":[0.9997,-0.022,0.0098,0,0.0196,0.9799,0.1986,0,-0.014,-0.1984,0.98,0,0,10.0835,-1.0008,1]},
{"frame":27,"values":[0.9999,-0.0148,0.0034,0,0.014,0.9831,0.1823,0,-0.0061,-0.1822,0.9832,0,0,10.0835,-1.0008,1]},
{"frame":28,"values":[0.9999,-0.0126,-0.0061,0,0.0135,0.9786,0.2053,0,0.0034,-0.2054,0.9787,0,0,10.0835,-1.0008,1]},
{"frame":29,"values":[0.9997,-0.012,-0.02,0,0.0168,0.9666,0.2556,0,0.0163,-0.2559,0.9666,0,0,10.0835,-1.0008,1]},
{"frame":30,"values":[0.9998,0.0033,-0.0219,0,0.0037,0.95,0.3121,0,0.0219,-0.3121,0.9498,0,0,10.0835,-1.0008,1]},
{"frame":31,"values":[0.9992,0.0293,-0.0257,0,-0.0177,0.9284,0.3712,0,0.0347,-0.3704,0.9282,0,0,10.0835,-1.0008,1]},
{"frame":32,"values":[0.9982,0.0542,-0.0253,0,-0.0391,0.911,0.4104,0,0.0453,-0.4087,0.9115,0,0,10.0835,-1.0008,1]},
{"frame":33,"values":[0.9965,0.0774,-0.0313,0,-0.0558,0.8961,0.4403,0,0.0622,-0.437,0.8973,0,0,10.0835,-1.0008,1]},
{"frame":34,"values":[0.9953,0.088,-0.0403,0,-0.0609,0.8934,0.4451,0,0.0752,-0.4405,0.8946,0,0,10.0835,-1.0008,1]},
{"frame":35,"values":[0.9943,0.0919,-0.0535,0,-0.0609,0.9043,0.4226,0,0.0873,-0.4169,0.9048,0,0,10.0835,-1.0008,1]},
{"frame":36,"values":[0.9942,0.0819,-0.0702,0,-0.0482,0.9196,0.3899,0,0.0965,-0.3842,0.9182,0,0,10.0835,-1.0008,1]},
{"frame":37,"values":[0.9939,0.0677,-0.0876,0,-0.0328,0.9355,0.3518,0,0.1058,-0.3468,0.932,0,0,10.0835,-1.0008,1]},
{"frame":38,"values":[0.9928,0.0531,-0.1076,0,-0.0162,0.9478,0.3185,0,0.1189,-0.3145,0.9418,0,0,10.0835,-1.0008,1]},
{"frame":39,"values":[0.9912,0.0373,-0.1273,0,0.0008,0.9579,0.287,0,0.1327,-0.2846,0.9494,0,0,10.0835,-1.0008,1]},
{"frame":40,"values":[0.9896,0.0212,-0.1426,0,0.0157,0.9673,0.2531,0,0.1433,-0.2527,0.9569,0,0,10.0835,-1.0008,1]},
{"frame":41,"values":[0.988,0.0061,-0.1542,0,0.0294,0.9735,0.2267,0,0.1515,-0.2285,0.9617,0,0,10.0835,-1.0008,1]},
{"frame":42,"values":[0.9871,-0.0041,-0.1602,0,0.0389,0.976,0.2143,0,0.1555,-0.2178,0.9635,0,0,10.0835,-1.0008,1]},
{"frame":43,"values":[0.9866,-0.0112,-0.1627,0,0.0454,0.977,0.2082,0,0.1567,-0.2128,0.9645,0,0,10.0835,-1.0008,1]},
{"frame":44,"values":[0.9863,-0.0167,-0.1641,0,0.0502,0.9781,0.2021,0,0.1572,-0.2076,0.9655,0,0,10.0835,-1.0008,1]},
{"frame":45,"values":[0.9861,-0.0198,-0.1648,0,0.0529,0.9787,0.1984,0,0.1574,-0.2044,0.9661,0,0,10.0835,-1.0008,1]},
{"frame":46,"values":[0.9862,-0.0205,-0.1644,0,0.0531,0.979,0.1966,0,0.157,-0.2026,0.9666,0,0,10.0835,-1.0008,1]}],"loopBehavior":1,"name":"anim","property":"_matrix"}},
{"name":"mixamorig:Spine2","index":3,"matrix":[0.9862,-0.0205,-0.1644,0,0.0531,0.979,0.1966,0,0.157,-0.2026,0.9666,0,0,9.1,-1.3734,1],"rest":[1,0,0,0,0,1,0,0,0,0,1,0,0,9.1,-1.3734,1],"parentBoneIndex":2,"length":13.7198
,"animation":{"dataType":3,"framePerSecond":24,"keys":[
{"frame":1,"values":[0.9862,-0.0204,-0.1644,0,0.0531,0.979,0.1966,0,0.157,-0.2026,0.9666,0,0,9.1,-1.3734,1]},
{"frame":2,"values":[0.9886,-0.022,-0.1491,0,0.0517,0.9787,0.1984,0,0.1416,-0.2039,0.9687,0,0,9.1,-1.3734,1]},
{"frame":3,"values":[0.9913,-0.0212,-0.1298,0,0.0478,0.9775,0.2056,0,0.1225,-0.21,0.97,0,0,9.1,-1.3734,1]},
{"frame":4,"values":[0.9933,-0.0154,-0.1141,0,0.04,0.9755,0.2165,0,0.108,-0.2196,0.9696,0,0,9.1,-1.3734,1]},
{"frame":5,"values":[0.9957,-0.0067,-0.0926,0,0.0283,0.9717,0.2346,0,0.0885,-0.2362,0.9677,0,0,9.1,-1.3734,1]},
{"frame":6,"values":[0.9984,-0.0022,-0.0562,0,0.0167,0.9659,0.2584,0,0.0537,-0.259,0.9644,0,0,9.1,-1.3734,1]},
{"frame":7,"values":[0.9997,-0.0009,-0.0249,0,0.0081,0.9574,0.2888,0,0.0236,-0.2889,0.9571,0,0,9.1,-1.3734,1]},
{"frame":8,"values":[0.9999,-0.0024,-0.0146,0,0.0068,0.9525,0.3045,0,0.0132,-0.3046,0.9524,0,0,9.1,-1.3734,1]},
{"frame":9,"values":[1,0.0046,-0.0082,0,-0.0017,0.9492,0.3147,0,0.0093,-0.3146,0.9492,0,0,9.1,-1.3734,1]},
{"frame":10,"values":[0.9998,0.0079,-0.0205,0,-0.0015,0.9556,0.2946,0,0.0219,-0.2945,0.9554,0,0,9.1,-1.3734,1]},
{"frame":11,"values":[0.9997,0.0077,-0.023,0,-0.0014,0.9653,0.2611,0,0.0242,-0.261,0.965,0,0,9.1,-1.3734,1]},
{"frame":12,"values":[0.9993,0.0023,-0.0386,0,0.0072,0.9696,0.2446,0,0.038,-0.2447,0.9689,0,0,9.1,-1.3734,1]},
{"frame":13,"values":[0.998,-0.016,-0.0613,0,0.0282,0.9785,0.2042,0,0.0568,-0.2055,0.977,0,0,9.1,-1.3734,1]},
{"frame":14,"values":[0.9967,-0.0316,-0.0741,0,0.044,0.9841,0.1723,0,0.0675,-0.175,0.9823,0,0,9.1,-1.3734,1]},
{"frame":15,"values":[0.9956,-0.0479,-0.0811,0,0.0624,0.9802,0.1877,0,0.0705,-0.192,0.9789,0,0,9.1,-1.3734,1]},
{"frame":16,"values":[0.9952,-0.0601,-0.0773,0,0.0757,0.9732,0.217,0,0.0622,-0.2218,0.9731,0,0,9.1,-1.3734,1]},
{"frame":17,"values":[0.9948,-0.0814,-0.0615,0,0.0947,0.9609,0.2603,0,0.0379,-0.2648,0.9636,0,0,9.1,-1.3734,1]},
{"frame":18,"values":[0.9939,-0.1014,-0.0429,0,0.1099,0.938,0.3286,0,0.0069,-0.3314,0.9435,0,0,9.1,-1.3734,1]},
{"frame":19,"values":[0.9922,-0.1184,-0.0391,0,0.1239,0.9011,0.4155,0,-0.0139,-0.4171,0.9088,0,0,9.1,-1.3734,1]},
{"frame":20,"values":[0.992,-0.1205,-0.0366,0,0.1232,0.8694,0.4786,0,-0.0259,-0.4793,0.8773,0,0,9.1,-1.3734,1]},
{"frame":21,"values":[0.9936,-0.1099,-0.0259,0,0.1084,0.8643,0.4911,0,-0.0316,-0.4907,0.8707,0,0,9.1,-1.3734,1]},
{"frame":22,"values":[0.9957,-0.0912,-0.0132,0,0.087,0.8823,0.4625,0,-0.0305,-0.4617,0.8865,0,0,9.1,-1.3734,1]},
{"frame":23,"values":[0.9975,-0.0709,0.0044,0,0.0631,0.9122,0.4049,0,-0.0327,-0.4036,0.9143,0,0,9.1,-1.3734,1]},
{"frame":24,"values":[0.9984,-0.0514,0.0221,0,0.0414,0.9447,0.3253,0,-0.0375,-0.3239,0.9453,0,0,9.1,-1.3734,1]},
{"frame":25,"values":[0.9992,-0.0345,0.0189,0,0.0287,0.9678,0.2501,0,-0.0269,-0.2494,0.968,0,0,9.1,-1.3734,1]},
{"frame":26,"values":[0.9997,-0.022,0.0098,0,0.0196,0.9799,0.1986,0,-0.014,-0.1984,0.98,0,0,9.1,-1.3734,1]},
{"frame":27,"values":[0.9999,-0.0148,0.0034,0,0.014,0.9831,0.1823,0,-0.0061,-0.1822,0.9832,0,0,9.1,-1.3734,1]},
{"frame":28,"values":[0.9999,-0.0126,-0.0061,0,0.0135,0.9786,0.2053,0,0.0034,-0.2054,0.9787,0,0,9.1,-1.3734,1]},
{"frame":29,"values":[0.9997,-0.012,-0.02,0,0.0168,0.9666,0.2556,0,0.0163,-0.2559,0.9666,0,0,9.1,-1.3734,1]},
{"frame":30,"values":[0.9998,0.0033,-0.0219,0,0.0037,0.95,0.3121,0,0.0219,-0.3121,0.9498,0,0,9.1,-1.3734,1]},
{"frame":31,"values":[0.9992,0.0293,-0.0257,0,-0.0177,0.9284,0.3712,0,0.0347,-0.3704,0.9282,0,0,9.1,-1.3734,1]},
{"frame":32,"values":[0.9982,0.0542,-0.0253,0,-0.0391,0.911,0.4104,0,0.0453,-0.4087,0.9115,0,0,9.1,-1.3734,1]},
{"frame":33,"values":[0.9965,0.0774,-0.0313,0,-0.0558,0.8961,0.4403,0,0.0622,-0.437,0.8973,0,0,9.1,-1.3734,1]},
{"frame":34,"values":[0.9953,0.088,-0.0403,0,-0.0609,0.8934,0.4451,0,0.0752,-0.4405,0.8946,0,0,9.1,-1.3734,1]},
{"frame":35,"values":[0.9943,0.0919,-0.0535,0,-0.0609,0.9043,0.4226,0,0.0873,-0.4169,0.9048,0,0,9.1,-1.3734,1]},
{"frame":36,"values":[0.9942,0.0819,-0.0702,0,-0.0482,0.9196,0.3899,0,0.0965,-0.3842,0.9182,0,0,9.1,-1.3734,1]},
{"frame":37,"values":[0.9939,0.0677,-0.0876,0,-0.0328,0.9355,0.3518,0,0.1058,-0.3468,0.932,0,0,9.1,-1.3734,1]},
{"frame":38,"values":[0.9928,0.0531,-0.1076,0,-0.0162,0.9478,0.3185,0,0.1189,-0.3145,0.9418,0,0,9.1,-1.3734,1]},
{"frame":39,"values":[0.9912,0.0373,-0.1273,0,0.0008,0.9579,0.287,0,0.1327,-0.2846,0.9494,0,0,9.1,-1.3734,1]},
{"frame":40,"values":[0.9896,0.0212,-0.1426,0,0.0157,0.9673,0.2531,0,0.1433,-0.2527,0.9569,0,0,9.1,-1.3734,1]},
{"frame":41,"values":[0.988,0.0061,-0.1542,0,0.0294,0.9735,0.2267,0,0.1515,-0.2285,0.9617,0,0,9.1,-1.3734,1]},
{"frame":42,"values":[0.9871,-0.0041,-0.1602,0,0.0389,0.976,0.2143,0,0.1555,-0.2178,0.9635,0,0,9.1,-1.3734,1]},
{"frame":43,"values":[0.9866,-0.0112,-0.1627,0,0.0454,0.977,0.2082,0,0.1567,-0.2128,0.9645,0,0,9.1,-1.3734,1]},
{"frame":44,"values":[0.9863,-0.0167,-0.1641,0,0.0502,0.9781,0.2021,0,0.1572,-0.2076,0.9655,0,0,9.1,-1.3734,1]},
{"frame":45,"values":[0.9861,-0.0198,-0.1648,0,0.0529,0.9787,0.1984,0,0.1574,-0.2044,0.9661,0,0,9.1,-1.3734,1]},
{"frame":46,"values":[0.9862,-0.0205,-0.1644,0,0.0531,0.979,0.1966,0,0.157,-0.2026,0.9666,0,0,9.1,-1.3734,1]}],"loopBehavior":1,"name":"anim","property":"_matrix"}},
{"name":"mixamorig:Neck","index":4,"matrix":[0.9997,0.0051,0.0221,0,-0.0034,0.9972,-0.0752,0,-0.0224,0.0751,0.9969,0,0,16.6717,-2.5162,1],"rest":[1,0,0,0,0,1,0,0,0,0,1,0,0,16.6717,-2.5162,1],"parentBoneIndex":3,"length":9.7644
,"animation":{"dataType":3,"framePerSecond":24,"keys":[
{"frame":1,"values":[0.9997,0.0051,0.0221,0,-0.0034,0.9972,-0.0751,0,-0.0224,0.075,0.9969,0,0,16.6717,-2.5162,1]},
{"frame":2,"values":[0.9999,0.0082,0.0082,0,-0.0074,0.9957,-0.0925,0,-0.0089,0.0924,0.9957,0,0,16.6717,-2.5162,1]},
{"frame":3,"values":[0.9998,0.0071,-0.0195,0,-0.0097,0.9906,-0.1366,0,0.0184,0.1368,0.9904,0,0,16.6717,-2.5162,1]},
{"frame":4,"values":[0.9982,-0.0071,-0.0604,0,-0.0044,0.9821,-0.1884,0,0.0606,0.1883,0.9802,0,0,16.6717,-2.5162,1]},
{"frame":5,"values":[0.9942,-0.0369,-0.101,0,0.0139,0.9753,-0.2203,0,0.1066,0.2177,0.9702,0,0,16.6717,-2.5162,1]},
{"frame":6,"values":[0.9893,-0.0755,-0.1252,0,0.0466,0.9746,-0.219,0,0.1385,0.2108,0.9677,0,0,16.6717,-2.5162,1]},
{"frame":7,"values":[0.987,-0.0962,-0.1289,0,0.0688,0.9769,-0.2022,0,0.1454,0.1907,0.9708,0,0,16.6717,-2.5162,1]},
{"frame":8,"values":[0.9893,-0.0841,-0.1194,0,0.0591,0.9782,-0.1993,0,0.1336,0.1901,0.9726,0,0,16.6717,-2.5162,1]},
{"frame":9,"values":[0.9921,-0.0584,-0.1114,0,0.0328,0.9751,-0.2192,0,0.1215,0.2138,0.9693,0,0,16.6717,-2.5162,1]},
{"frame":10,"values":[0.9936,-0.0286,-0.1093,0,0.002,0.9717,-0.2361,0,0.1129,0.2343,0.9656,0,0,16.6717,-2.5162,1]},
{"frame":11,"values":[0.9945,0.0098,-0.104,0,-0.0317,0.9771,-0.2106,0,0.0996,0.2127,0.972,0,0,16.6717,-2.5162,1]},
{"frame":12,"values":[0.9949,0.0577,-0.083,0,-0.0669,0.9913,-0.1137,0,0.0758,0.1187,0.99,0,0,16.6717,-2.5162,1]},
{"frame":13,"values":[0.9934,0.1042,-0.0476,0,-0.1031,0.9943,0.026,0,0.0501,-0.021,0.9985,0,0,16.6717,-2.5162,1]},
{"frame":14,"values":[0.9929,0.1168,-0.0228,0,-0.1128,0.9848,0.1323,0,0.0379,-0.1288,0.9909,0,0,16.6717,-2.5162,1]},
{"frame":15,"values":[0.9958,0.0866,-0.03,0,-0.0789,0.9764,0.2011,0,0.0467,-0.1979,0.9791,0,0,16.6717,-2.5162,1]},
{"frame":16,"values":[0.9975,0.039,-0.059,0,-0.0217,0.963,0.2685,0,0.0673,-0.2666,0.9615,0,0,16.6717,-2.5162,1]},
{"frame":17,"values":[0.9967,-0.0034,-0.081,0,0.0264,0.9581,0.2852,0,0.0766,-0.2864,0.955,0,0,16.6717,-2.5162,1]},
{"frame":18,"values":[0.9964,-0.0322,-0.0781,0,0.0479,0.9771,0.2075,0,0.0696,-0.2105,0.9751,0,0,16.6717,-2.5162,1]},
{"frame":19,"values":[0.996,-0.0558,-0.0698,0,0.0627,0.9929,0.1009,0,0.0637,-0.1049,0.9924,0,0,16.6717,-2.5162,1]},
{"frame":20,"values":[0.9929,-0.0922,-0.0749,0,0.0953,0.9947,0.0385,0,0.071,-0.0454,0.9964,0,0,16.6717,-2.5162,1]},
{"frame":21,"values":[0.989,-0.1211,-0.0851,0,0.1228,0.9923,0.0146,0,0.0827,-0.0249,0.9963,0,0,16.6717,-2.5162,1]},
{"frame":22,"values":[0.9892,-0.118,-0.0873,0,0.118,0.993,-0.0047,0,0.0872,-0.0056,0.9962,0,0,16.6717,-2.5162,1]},
{"frame":23,"values":[0.9907,-0.1042,-0.0879,0,0.102,0.9944,-0.0288,0,0.0904,0.0196,0.9957,0,0,16.6717,-2.5162,1]},
{"frame":24,"values":[0.991,-0.0987,-0.0909,0,0.0945,0.9943,-0.0501,0,0.0954,0.041,0.9946,0,0,16.6717,-2.5162,1]},
{"frame":25,"values":[0.9931,-0.0826,-0.0836,0,0.0772,0.9949,-0.0655,0,0.0886,0.0586,0.9943,0,0,16.6717,-2.5162,1]},
{"frame":26,"values":[0.9972,-0.0459,-0.0593,0,0.041,0.9959,-0.0811,0,0.0627,0.0785,0.9949,0,0,16.6717,-2.5162,1]},
{"frame":27,"values":[0.9992,-0.029,-0.0276,0,0.0255,0.9927,-0.1181,0,0.0308,0.1173,0.9926,0,0,16.6717,-2.5162,1]},
{"frame":28,"values":[0.9988,-0.0487,0.0044,0,0.0486,0.9784,-0.2007,0,0.0055,0.2007,0.9796,0,0,16.6717,-2.5162,1]},
{"frame":29,"values":[0.9974,-0.0635,0.0347,0,0.071,0.9496,-0.3053,0,-0.0136,0.3069,0.9516,0,0,16.6717,-2.5162,1]},
{"frame":30,"values":[0.9976,-0.0372,0.0577,0,0.0566,0.9215,-0.3842,0,-0.0389,0.3866,0.9214,0,0,16.6717,-2.5162,1]},
{"frame":31,"values":[0.9968,0.0013,0.0798,0,0.0318,0.9108,-0.4116,0,-0.0732,0.4128,0.9079,0,0,16.6717,-2.5162,1]},
{"frame":32,"values":[0.9938,0.0147,0.1104,0,0.0308,0.9163,-0.3993,0,-0.107,0.4002,0.9102,0,0,16.6717,-2.5162,1]},
{"frame":33,"values":[0.9893,0.0153,0.1448,0,0.0393,0.9296,-0.3666,0,-0.1402,0.3684,0.919,0,0,16.6717,-2.5162,1]},
{"frame":34,"values":[0.9851,0.0176,0.1711,0,0.0374,0.9491,-0.3127,0,-0.1679,0.3144,0.9343,0,0,16.6717,-2.5162,1]},
{"frame":35,"values":[0.9846,0.0147,0.1745,0,0.0273,0.9714,-0.2359,0,-0.1729,0.237,0.956,0,0,16.6717,-2.5162,1]},
{"frame":36,"values":[0.9878,0.0075,0.1557,0,0.0174,0.9873,-0.1582,0,-0.1549,0.159,0.9751,0,0,16.6717,-2.5162,1]},
{"frame":37,"values":[0.9913,0.0026,0.1314,0,0.0111,0.9946,-0.1034,0,-0.1309,0.104,0.9859,0,0,16.6717,-2.5162,1]},
{"frame":38,"values":[0.9938,0.0025,0.1111,0,0.0063,0.9969,-0.0789,0,-0.1109,0.0791,0.9907,0,0,16.6717,-2.5162,1]},
{"frame":39,"values":[0.996,0.0057,0.0888,0,0.0014,0.9968,-0.0793,0,-0.089,0.0791,0.9929,0,0,16.6717,-2.5162,1]},
{"frame":40,"values":[0.9979,0.0077,0.0638,0,-0.0019,0.9958,-0.0916,0,-0.0642,0.0913,0.9937,0,0,16.6717,-2.5162,1]},
{"frame":41,"values":[0.999,0.0072,0.0449,0,-0.0026,0.9949,-0.1012,0,-0.0454,0.101,0.9939,0,0,16.6717,-2.5162,1]},
{"frame":42,"values":[0.9994,0.0057,0.0353,0,-0.0022,0.9951,-0.0993,0,-0.0357,0.0992,0.9944,0,0,16.6717,-2.5162,1]},
{"frame":43,"values":[0.9995,0.0042,0.0304,0,-0.0014,0.9959,-0.0908,0,-0.0306,0.0907,0.9954,0,0,16.6717,-2.5162,1]},
{"frame":44,"values":[0.9997,0.0032,0.026,0,-0.001,0.9965,-0.0835,0,-0.0262,0.0834,0.9962,0,0,16.6717,-2.5162,1]},
{"frame":45,"values":[0.9997,0.0034,0.023,0,-0.0016,0.9969,-0.0784,0,-0.0232,0.0784,0.9967,0,0,16.6717,-2.5162,1]},
{"frame":46,"values":[0.9997,0.0051,0.0221,0,-0.0034,0.9972,-0.0752,0,-0.0224,0.0751,0.9969,0,0,16.6717,-2.5162,1]}],"loopBehavior":1,"name":"anim","property":"_matrix"}},
{"name":"mixamorig:Head","index":5,"matrix":[0.937,-0.0447,-0.3464,0,0.0062,0.9937,-0.1115,0,0.3492,0.1024,0.9314,0,0,9.6179,1.685,1],"rest":[1,0,0,0,0,1,0,0,0,0,1,0,0,9.6179,1.685,1],"parentBoneIndex":4,"length":13.7945
,"animation":{"dataType":3,"framePerSecond":24,"keys":[
{"frame":1,"values":[0.937,-0.0447,-0.3464,0,0.0062,0.9937,-0.1115,0,0.3492,0.1024,0.9314,0,0,9.6179,1.685,1]},
{"frame":2,"values":[0.9326,-0.0515,-0.3573,0,0.0166,0.9949,-0.0999,0,0.3606,0.0872,0.9286,0,0,9.6179,1.685,1]},
{"frame":3,"values":[0.9215,-0.098,-0.3759,0,0.0552,0.9909,-0.123,0,0.3846,0.0926,0.9184,0,0,9.6179,1.685,1]},
{"frame":4,"values":[0.9005,-0.1695,-0.4004,0,0.0962,0.9757,-0.1966,0,0.424,0.1385,0.895,0,0,9.6179,1.685,1]},
{"frame":5,"values":[0.8831,-0.2318,-0.4079,0,0.106,0.9455,-0.3079,0,0.457,0.2287,0.8595,0,0,9.6179,1.685,1]},
{"frame":6,"values":[0.8871,-0.2669,-0.3766,0,0.087,0.898,-0.4314,0,0.4533,0.3499,0.8198,0,0,9.6179,1.685,1]},
{"frame":7,"values":[0.9054,-0.2729,-0.3251,0,0.0731,0.8548,-0.5137,0,0.4181,0.4414,0.794,0,0,9.6179,1.685,1]},
{"frame":8,"values":[0.9218,-0.2561,-0.2909,0,0.0704,0.8487,-0.5241,0,0.3811,0.4627,0.8004,0,0,9.6179,1.685,1]},
{"frame":9,"values":[0.9298,-0.2308,-0.2866,0,0.0682,0.8734,-0.4821,0,0.3616,0.4288,0.8279,0,0,9.6179,1.685,1]},
{"frame":10,"values":[0.9328,-0.1936,-0.304,0,0.0612,0.9163,-0.3957,0,0.3551,0.3505,0.8666,0,0,9.6179,1.685,1]},
{"frame":11,"values":[0.9383,-0.1412,-0.3157,0,0.0527,0.9606,-0.2729,0,0.3418,0.2394,0.9088,0,0,9.6179,1.685,1]},
{"frame":12,"values":[0.9487,-0.1005,-0.2998,0,0.0678,0.9908,-0.1175,0,0.3088,0.0911,0.9468,0,0,9.6179,1.685,1]},
{"frame":13,"values":[0.9537,-0.1058,-0.2815,0,0.1214,0.9919,0.0386,0,0.2751,-0.071,0.9588,0,0,9.6179,1.685,1]},
{"frame":14,"values":[0.9464,-0.1554,-0.283,0,0.1883,0.9777,0.0928,0,0.2623,-0.1411,0.9546,0,0,9.6179,1.685,1]},
{"frame":15,"values":[0.9338,-0.2082,-0.2908,0,0.2185,0.9758,0.003,0,0.2832,-0.0663,0.9568,0,0,9.6179,1.685,1]},
{"frame":16,"values":[0.926,-0.2268,-0.3017,0,0.1949,0.9719,-0.1324,0,0.3232,0.0638,0.9442,0,0,9.6179,1.685,1]},
{"frame":17,"values":[0.9369,-0.1984,-0.2879,0,0.1485,0.9713,-0.1859,0,0.3165,0.1314,0.9395,0,0,9.6179,1.685,1]},
{"frame":18,"values":[0.9641,-0.1345,-0.229,0,0.1043,0.9847,-0.1395,0,0.2443,0.1106,0.9634,0,0,9.6179,1.685,1]},
{"frame":19,"values":[0.9848,-0.0633,-0.1615,0,0.0548,0.9969,-0.0564,0,0.1646,0.0466,0.9853,0,0,9.6179,1.685,1]},
{"frame":20,"values":[0.9917,0.0033,-0.1283,0,-0.0012,0.9999,0.016,0,0.1283,-0.0157,0.9916,0,0,9.6179,1.685,1]},
{"frame":21,"values":[0.99,0.048,-0.1325,0,-0.0414,0.9978,0.052,0,0.1347,-0.046,0.9898,0,0,9.6179,1.685,1]},
{"frame":22,"values":[0.9867,0.047,-0.1555,0,-0.0382,0.9975,0.0586,0,0.1578,-0.0519,0.9861,0,0,9.6179,1.685,1]},
{"frame":23,"values":[0.9821,0.027,-0.1866,0,-0.0124,0.9968,0.0791,0,0.1882,-0.0754,0.9792,0,0,9.6179,1.685,1]},
{"frame":24,"values":[0.9754,0.0266,-0.219,0,0.0062,0.989,0.1476,0,0.2205,-0.1453,0.9645,0,0,9.6179,1.685,1]},
{"frame":25,"values":[0.9714,0.0571,-0.2303,0,0.0043,0.9662,0.2577,0,0.2373,-0.2513,0.9384,0,0,9.6179,1.685,1]},
{"frame":26,"values":[0.9735,0.0988,-0.2061,0,-0.018,0.9321,0.3618,0,0.2279,-0.3485,0.9092,0,0,9.6179,1.685,1]},
{"frame":27,"values":[0.9825,0.123,-0.1398,0,-0.0614,0.9229,0.3802,0,0.1758,-0.365,0.9143,0,0,9.6179,1.685,1]},
{"frame":28,"values":[0.9957,0.0821,-0.0434,0,-0.0704,0.9721,0.2238,0,0.0605,-0.2198,0.9737,0,0,9.6179,1.685,1]},
{"frame":29,"values":[0.9977,0.0186,0.0647,0,-0.0126,0.9957,-0.0916,0,-0.0661,0.0906,0.9937,0,0,9.6179,1.685,1]},
{"frame":30,"values":[0.9923,-0.0145,0.1226,0,0.0588,0.9287,-0.3662,0,-0.1086,0.3706,0.9224,0,0,9.6179,1.685,1]},
{"frame":31,"values":[0.9935,-0.0422,0.1057,0,0.0873,0.8784,-0.4699,0,-0.073,0.476,0.8764,0,0,9.6179,1.685,1]},
{"frame":32,"values":[0.9959,-0.0594,0.0683,0,0.0843,0.8844,-0.4591,0,-0.0331,0.463,0.8858,0,0,9.6179,1.685,1]},
{"frame":33,"values":[0.997,-0.0667,0.0393,0,0.077,0.9092,-0.4092,0,-0.0085,0.411,0.9116,0,0,9.6179,1.685,1]},
{"frame":34,"values":[0.9973,-0.0738,0.0067,0,0.0713,0.9304,-0.3595,0,0.0203,0.359,0.9331,0,0,9.6179,1.685,1]},
{"frame":35,"values":[0.9955,-0.0844,-0.0436,0,0.0675,0.9512,-0.3012,0,0.0669,0.2969,0.9526,0,0,9.6179,1.685,1]},
{"frame":36,"values":[0.9897,-0.0897,-0.1117,0,0.0631,0.9728,-0.2228,0,0.1286,0.2134,0.9685,0,0,9.6179,1.685,1]},
{"frame":37,"values":[0.9809,-0.0846,-0.175,0,0.057,0.9859,-0.1573,0,0.1858,0.1443,0.9719,0,0,9.6179,1.685,1]},
{"frame":38,"values":[0.9723,-0.0782,-0.2203,0,0.049,0.9897,-0.1348,0,0.2285,0.1203,0.9661,0,0,9.6179,1.685,1]},
{"frame":39,"values":[0.963,-0.074,-0.2591,0,0.0377,0.9891,-0.1425,0,0.2669,0.1275,0.9553,0,0,9.6179,1.685,1]},
{"frame":40,"values":[0.9523,-0.0709,-0.2967,0,0.025,0.9875,-0.1558,0,0.304,0.1409,0.9422,0,0,9.6179,1.685,1]},
{"frame":41,"values":[0.9443,-0.068,-0.3221,0,0.0159,0.9867,-0.1618,0,0.3288,0.1476,0.9328,0,0,9.6179,1.685,1]},
{"frame":42,"values":[0.9408,-0.0624,-0.333,0,0.0106,0.9878,-0.1551,0,0.3387,0.1423,0.9301,0,0,9.6179,1.685,1]},
{"frame":43,"values":[0.9397,-0.0545,-0.3376,0,0.007,0.9901,-0.1402,0,0.3419,0.1294,0.9308,0,0,9.6179,1.685,1]},
{"frame":44,"values":[0.9386,-0.048,-0.3416,0,0.0047,0.992,-0.1265,0,0.3449,0.1171,0.9313,0,0,9.6179,1.685,1]},
{"frame":45,"values":[0.9377,-0.0446,-0.3446,0,0.0043,0.9931,-0.1168,0,0.3475,0.108,0.9315,0,0,9.6179,1.685,1]},
{"frame":46,"values":[0.937,-0.0447,-0.3464,0,0.0062,0.9937,-0.1115,0,0.3492,0.1024,0.9314,0,0,9.6179,1.685,1]}],"loopBehavior":1,"name":"anim","property":"_matrix"}},
{"name":"mixamorig:HeadTop_End","index":6,"matrix":[1,0,0,0,0,1,0,0,0,0,1,0,0,17.8152,2.585,1],"rest":[1,0,0,0,0,1,0,0,0,0,1,0,0,17.8152,2.585,1],"parentBoneIndex":5,"length":13.7945
,"animation":{"dataType":3,"framePerSecond":24,"keys":[
{"frame":1,"values":[1,0,0,0,0,1,0,0,0,0,1,0,0,17.8152,2.585,1]},
{"frame":46,"values":[1,0,0,0,0,1,0,0,0,0,1,0,0,17.8152,2.585,1]}],"loopBehavior":1,"name":"anim","property":"_matrix"}},
{"name":"mixamorig:LeftEye","index":7,"matrix":[1,0,0,0,0,1,0,0,0,0,1,0,3.0676,6.4095,9.2836,1],"rest":[1,0,0,0,0,1,0,0,0,0,1,0,3.0676,6.4095,9.2836,1],"parentBoneIndex":5,"length":13.7945
,"animation":{"dataType":3,"framePerSecond":24,"keys":[
{"frame":1,"values":[1,0,0,0,0,1,0,0,0,0,1,0,3.0676,6.4095,9.2836,1]},
{"frame":46,"values":[1,0,0,0,0,1,0,0,0,0,1,0,3.0676,6.4095,9.2836,1]}],"loopBehavior":1,"name":"anim","property":"_matrix"}},
{"name":"mixamorig:RightEye","index":8,"matrix":[1,0,0,0,0,1,0,0,0,0,1,0,-3.0676,6.4095,9.2835,1],"rest":[1,0,0,0,0,1,0,0,0,0,1,0,-3.0676,6.4095,9.2835,1],"parentBoneIndex":5,"length":13.7945
,"animation":{"dataType":3,"framePerSecond":24,"keys":[
{"frame":1,"values":[1,0,0,0,0,1,0,0,0,0,1,0,-3.0676,6.4095,9.2835,1]},
{"frame":46,"values":[1,0,0,0,0,1,0,0,0,0,1,0,-3.0676,6.4095,9.2835,1]}],"loopBehavior":1,"name":"anim","property":"_matrix"}},
{"name":"mixamorig:LeftShoulder","index":9,"matrix":[0.9905,-0.1374,0.0087,0,0.1371,0.9902,0.0256,0,-0.0122,-0.0241,0.9996,0,4.5704,10.946,-2.628,1],"rest":[1,0,0,0,0,1,0,0,0,0,1,0,4.5704,10.946,-2.628,1],"parentBoneIndex":3,"length":10.8377
,"animation":{"dataType":3,"framePerSecond":24,"keys":[
{"frame":1,"values":[0.9905,-0.1374,0.0087,0,0.1371,0.9902,0.0256,0,-0.0121,-0.0242,0.9996,0,4.5704,10.946,-2.628,1]},
{"frame":2,"values":[0.9896,-0.1437,-0.0045,0,0.1438,0.9893,0.0228,0,0.0012,-0.0232,0.9997,0,4.5704,10.946,-2.628,1]},
{"frame":3,"values":[0.9862,-0.1647,-0.016,0,0.165,0.9861,0.0183,0,0.0128,-0.0207,0.9997,0,4.5704,10.946,-2.628,1]},
{"frame":4,"values":[0.978,-0.207,-0.0261,0,0.2073,0.9782,0.0128,0,0.0229,-0.018,0.9996,0,4.5704,10.946,-2.628,1]},
{"frame":5,"values":[0.9614,-0.2723,-0.04,0,0.2728,0.962,0.0069,0,0.0366,-0.0176,0.9992,0,4.5704,10.946,-2.628,1]},
{"frame":6,"values":[0.9339,-0.3534,-0.0536,0,0.354,0.9352,0.0023,0,0.0493,-0.0212,0.9986,0,4.5704,10.946,-2.628,1]},
{"frame":7,"values":[0.9091,-0.4135,-0.0497,0,0.4142,0.9102,0.0035,0,0.0438,-0.0237,0.9988,0,4.5704,10.946,-2.628,1]},
{"frame":8,"values":[0.9079,-0.4185,-0.0235,0,0.4189,0.908,0.0112,0,0.0166,-0.02,0.9997,0,4.5704,10.946,-2.628,1]},
{"frame":9,"values":[0.9261,-0.3773,0.0027,0,0.3772,0.9259,0.0189,0,-0.0096,-0.0165,0.9998,0,4.5704,10.946,-2.628,1]},
{"frame":10,"values":[0.9534,-0.3012,0.019,0,0.3008,0.9535,0.0205,0,-0.0243,-0.0139,0.9996,0,4.5704,10.946,-2.628,1]},
{"frame":11,"values":[0.9836,-0.1782,0.0272,0,0.178,0.984,0.0127,0,-0.029,-0.0077,0.9995,0,4.5704,10.946,-2.628,1]},
{"frame":12,"values":[0.9998,0.0201,-0.0054,0,-0.0201,0.9998,0.0036,0,0.0055,-0.0035,1,0,4.5704,10.946,-2.628,1]},
{"frame":13,"values":[0.9586,0.2587,-0.1189,0,-0.2585,0.9658,0.0176,0,0.1194,0.0138,0.9927,0,4.5704,10.946,-2.628,1]},
{"frame":14,"values":[0.8754,0.3932,-0.2811,0,-0.3962,0.9169,0.0488,0,0.2769,0.0686,0.9584,0,4.5704,10.946,-2.628,1]},
{"frame":15,"values":[0.8507,0.3378,-0.4028,0,-0.349,0.9359,0.0477,0,0.3931,0.1,0.914,0,4.5704,10.946,-2.628,1]},
{"frame":16,"values":[0.8823,0.1761,-0.4365,0,-0.1943,0.9809,0.003,0,0.4287,0.0822,0.8997,0,4.5704,10.946,-2.628,1]},
{"frame":17,"values":[0.9218,0.0681,-0.3816,0,-0.0892,0.9953,-0.0377,0,0.3772,0.0688,0.9236,0,4.5704,10.946,-2.628,1]},
{"frame":18,"values":[0.9622,0.0519,-0.2674,0,-0.0683,0.9963,-0.0523,0,0.2637,0.0686,0.9622,0,4.5704,10.946,-2.628,1]},
{"frame":19,"values":[0.9882,0.0493,-0.145,0,-0.0585,0.9965,-0.0596,0,0.1415,0.0674,0.9876,0,4.5704,10.946,-2.628,1]},
{"frame":20,"values":[0.9981,0.0242,-0.0574,0,-0.0281,0.9973,-0.0685,0,0.0556,0.0699,0.996,0,4.5704,10.946,-2.628,1]},
{"frame":21,"values":[0.9999,-0.0004,-0.0131,0,-0.0006,0.9974,-0.0721,0,0.0131,0.0721,0.9973,0,4.5704,10.946,-2.628,1]},
{"frame":22,"values":[0.9999,-0.007,0.0109,0,0.0077,0.9976,-0.0694,0,-0.0104,0.0695,0.9975,0,4.5704,10.946,-2.628,1]},
{"frame":23,"values":[0.9996,-0.0069,0.0264,0,0.0087,0.9978,-0.0656,0,-0.0258,0.0658,0.9975,0,4.5704,10.946,-2.628,1]},
{"frame":24,"values":[0.9991,-0.0282,0.0317,0,0.0302,0.9975,-0.0633,0,-0.0298,0.0642,0.9975,0,4.5704,10.946,-2.628,1]},
{"frame":25,"values":[0.9962,-0.0783,0.0377,0,0.0805,0.9949,-0.0611,0,-0.0327,0.0639,0.9974,0,4.5704,10.946,-2.628,1]},
{"frame":26,"values":[0.99,-0.1291,0.0565,0,0.1323,0.9896,-0.0563,0,-0.0486,0.0632,0.9968,0,4.5704,10.946,-2.628,1]},
{"frame":27,"values":[0.9835,-0.1549,0.0933,0,0.1597,0.986,-0.0472,0,-0.0847,0.0613,0.9945,0,4.5704,10.946,-2.628,1]},
{"frame":28,"values":[0.9786,-0.1531,0.1377,0,0.1593,0.9866,-0.0353,0,-0.1305,0.0564,0.9898,0,4.5704,10.946,-2.628,1]},
{"frame":29,"values":[0.975,-0.1453,0.1681,0,0.1514,0.9882,-0.0244,0,-0.1626,0.0492,0.9855,0,4.5704,10.946,-2.628,1]},
