{"producer":{"name":"Blender","version":"2.79 (sub 0)","exporter_version":"5.6.4","file":"maleturnleft.babylon"},
"autoClear":true,"clearColor":[0.0509,0.0509,0.0509],"ambientColor":[0,0,0],"gravity":[0,-9.81,0],
"materials":[],
"multiMaterials":[],
"skeletons":[{"name":"Armature","id":0,"dimensionsAtRest":[194.6188,193.2823,30.9004],"bones":[
{"name":"mixamorig:Hips","index":0,"matrix":[0.9924,-0.0552,-0.11,0,0.0619,0.9963,0.0588,0,-0.1064,0.0652,-0.9922,0,0.2642,98.9993,0.1219,1],"rest":[1,0,0,0,0,1,0,0,0,0,-1,0,0,99.6721,-0.2471,1],"parentBoneIndex":-1,"length":10.8627
,"animation":{"dataType":3,"framePerSecond":30,"keys":[
{"frame":1,"values":[0.9924,-0.0552,-0.11,0,0.0619,0.9963,0.0588,0,-0.1064,0.0652,-0.9922,0,0.2642,98.9993,0.1219,1]},
{"frame":2,"values":[0.9924,-0.0552,-0.11,0,0.0619,0.9963,0.0588,0,-0.1064,0.0652,-0.9922,0,0.0728,98.8827,0.8351,1]},
{"frame":3,"values":[0.9924,-0.0552,-0.11,0,0.0619,0.9963,0.0588,0,-0.1064,0.0652,-0.9922,0,-0.2722,98.7069,1.5927,1]},
{"frame":4,"values":[0.9924,-0.0552,-0.11,0,0.0619,0.9963,0.0588,0,-0.1064,0.0652,-0.9922,0,-0.7958,98.6957,2.4847,1]},
{"frame":5,"values":[0.9924,-0.0552,-0.11,0,0.0619,0.9963,0.0588,0,-0.1064,0.0652,-0.9922,0,-1.479,98.8417,3.4458,1]},
{"frame":6,"values":[0.9924,-0.0552,-0.11,0,0.0619,0.9963,0.0588,0,-0.1064,0.0652,-0.9922,0,-2.2236,98.9302,4.4006,1]},
{"frame":7,"values":[0.9924,-0.0552,-0.11,0,0.0619,0.9963,0.0588,0,-0.1064,0.0652,-0.9922,0,-2.9238,98.8493,5.313,1]},
{"frame":8,"values":[0.9924,-0.0552,-0.11,0,0.0619,0.9963,0.0588,0,-0.1064,0.0652,-0.9922,0,-3.5574,98.6736,6.1974,1]},
{"frame":9,"values":[0.9924,-0.0552,-0.11,0,0.0619,0.9963,0.0588,0,-0.1064,0.0652,-0.9922,0,-4.1169,98.4786,7.0703,1]},
{"frame":10,"values":[0.9924,-0.0552,-0.11,0,0.0619,0.9963,0.0588,0,-0.1064,0.0652,-0.9922,0,-4.5615,98.3142,7.8988,1]},
{"frame":11,"values":[0.9924,-0.0552,-0.11,0,0.0619,0.9963,0.0588,0,-0.1064,0.0652,-0.9922,0,-4.8214,98.2503,8.6612,1]},
{"frame":12,"values":[0.9924,-0.0552,-0.11,0,0.0619,0.9963,0.0588,0,-0.1064,0.0652,-0.9922,0,-4.8042,98.2829,9.3907,1]},
{"frame":13,"values":[0.9924,-0.0552,-0.11,0,0.0619,0.9963,0.0588,0,-0.1064,0.0652,-0.9922,0,-4.5999,98.3152,10.1276,1]},
{"frame":14,"values":[0.9924,-0.0552,-0.11,0,0.0619,0.9963,0.0588,0,-0.1064,0.0652,-0.9922,0,-4.4775,98.2003,10.7963,1]},
{"frame":15,"values":[0.9924,-0.0552,-0.11,0,0.0619,0.9963,0.0588,0,-0.1064,0.0652,-0.9922,0,-4.481,98.0016,11.3143,1]},
{"frame":16,"values":[0.9924,-0.0552,-0.11,0,0.0619,0.9963,0.0588,0,-0.1064,0.0652,-0.9922,0,-4.52,97.918,11.6639,1]},
{"frame":17,"values":[0.9924,-0.0552,-0.11,0,0.0619,0.9963,0.0588,0,-0.1064,0.0652,-0.9922,0,-4.5952,98.0425,11.7737,1]},
{"frame":18,"values":[0.9924,-0.0552,-0.11,0,0.0619,0.9963,0.0588,0,-0.1064,0.0652,-0.9922,0,-4.6811,98.2473,11.5917,1]},
{"frame":19,"values":[0.9924,-0.0552,-0.11,0,0.0619,0.9963,0.0588,0,-0.1064,0.0652,-0.9922,0,-4.6631,98.4712,11.1789,1]},
{"frame":20,"values":[0.9924,-0.0552,-0.11,0,0.0619,0.9963,0.0588,0,-0.1064,0.0652,-0.9922,0,-4.5447,98.7241,10.5808,1]},
{"frame":21,"values":[0.9924,-0.0552,-0.11,0,0.0619,0.9963,0.0588,0,-0.1064,0.0652,-0.9922,0,-4.3377,98.8884,9.7818,1]},
{"frame":22,"values":[0.9924,-0.0552,-0.11,0,0.0619,0.9963,0.0588,0,-0.1064,0.0652,-0.9922,0,-3.9882,98.909,8.7779,1]},
{"frame":23,"values":[0.9924,-0.0552,-0.11,0,0.0619,0.9963,0.0588,0,-0.1064,0.0652,-0.9922,0,-3.4481,98.7592,7.572,1]},
{"frame":24,"values":[0.9924,-0.0552,-0.11,0,0.0619,0.9963,0.0588,0,-0.1064,0.0652,-0.9922,0,-2.7559,98.4373,6.2148,1]},
{"frame":25,"values":[0.9924,-0.0552,-0.11,0,0.0619,0.9963,0.0588,0,-0.1064,0.0652,-0.9922,0,-2.0645,98.2619,4.9014,1]},
{"frame":26,"values":[0.9924,-0.0552,-0.11,0,0.0619,0.9963,0.0588,0,-0.1064,0.0652,-0.9922,0,-1.4608,98.3595,3.7011,1]},
{"frame":27,"values":[0.9924,-0.0552,-0.11,0,0.0619,0.9963,0.0588,0,-0.1064,0.0652,-0.9922,0,-0.9345,98.6311,2.5186,1]},
{"frame":28,"values":[0.9924,-0.0552,-0.11,0,0.0619,0.9963,0.0588,0,-0.1064,0.0652,-0.9922,0,-0.5086,98.8742,1.3248,1]},
{"frame":29,"values":[0.9924,-0.0552,-0.11,0,0.0619,0.9963,0.0588,0,-0.1064,0.0652,-0.9922,0,-0.245,98.9993,0.1571,1]}],"loopBehavior":1,"name":"anim","property":"_matrix"}},
{"name":"mixamorig:Spine","index":1,"matrix":[0.9987,0.0448,-0.0242,0,-0.0433,0.9973,0.0587,0,0.0268,-0.0576,0.998,0,0,9.9235,-1.2273,1],"rest":[1,0,0,0,0,1,0,0,0,0,1,0,0,9.9235,-1.2273,1],"parentBoneIndex":0,"length":11.732
,"animation":{"dataType":3,"framePerSecond":30,"keys":[
{"frame":1,"values":[0.9987,0.0448,-0.0242,0,-0.0433,0.9973,0.0587,0,0.0268,-0.0576,0.998,0,0,9.9235,-1.2273,1]},
{"frame":2,"values":[0.9985,0.0476,-0.028,0,-0.0458,0.9971,0.0609,0,0.0308,-0.0595,0.9978,0,0,9.9235,-1.2273,1]},
{"frame":3,"values":[0.9982,0.0518,-0.0308,0,-0.0498,0.9968,0.0632,0,0.034,-0.0615,0.9975,0,0,9.9235,-1.2273,1]},
{"frame":4,"values":[0.9981,0.0514,-0.0337,0,-0.0492,0.9966,0.0655,0,0.0369,-0.0638,0.9973,0,0,9.9235,-1.2273,1]},
{"frame":5,"values":[0.9983,0.0454,-0.037,0,-0.0429,0.9968,0.0675,0,0.04,-0.0658,0.997,0,0,9.9235,-1.2273,1]},
{"frame":6,"values":[0.9984,0.0379,-0.041,0,-0.035,0.9971,0.0682,0,0.0435,-0.0667,0.9968,0,0,9.9235,-1.2273,1]},
{"frame":7,"values":[0.9984,0.0345,-0.0457,0,-0.0314,0.9972,0.0671,0,0.0479,-0.0656,0.9967,0,0,9.9235,-1.2273,1]},
{"frame":8,"values":[0.9982,0.0347,-0.0497,0,-0.0314,0.9974,0.0644,0,0.0518,-0.0627,0.9967,0,0,9.9235,-1.2273,1]},
{"frame":9,"values":[0.9981,0.0352,-0.0511,0,-0.0321,0.9976,0.0609,0,0.0531,-0.0591,0.9968,0,0,9.9235,-1.2273,1]},
{"frame":10,"values":[0.998,0.0357,-0.052,0,-0.0327,0.9978,0.0581,0,0.0539,-0.0562,0.997,0,0,9.9235,-1.2273,1]},
{"frame":11,"values":[0.9979,0.0349,-0.0551,0,-0.0318,0.9979,0.0559,0,0.057,-0.054,0.9969,0,0,9.9235,-1.2273,1]},
{"frame":12,"values":[0.9976,0.0338,-0.0605,0,-0.0306,0.9981,0.0531,0,0.0621,-0.0512,0.9968,0,0,9.9235,-1.2273,1]},
{"frame":13,"values":[0.9973,0.0346,-0.0642,0,-0.0314,0.9982,0.0505,0,0.0658,-0.0484,0.9967,0,0,9.9235,-1.2273,1]},
{"frame":14,"values":[0.9975,0.0316,-0.0632,0,-0.0285,0.9984,0.0495,0,0.0646,-0.0476,0.9968,0,0,9.9235,-1.2273,1]},
{"frame":15,"values":[0.9979,0.0298,-0.0583,0,-0.0268,0.9984,0.0507,0,0.0597,-0.0491,0.997,0,0,9.9235,-1.2273,1]},
{"frame":16,"values":[0.9981,0.0333,-0.0518,0,-0.0305,0.9981,0.053,0,0.0535,-0.0513,0.9973,0,0,9.9235,-1.2273,1]},
{"frame":17,"values":[0.9982,0.04,-0.0447,0,-0.0376,0.9978,0.0539,0,0.0467,-0.0521,0.9975,0,0,9.9234,-1.2273,1]},
{"frame":18,"values":[0.9984,0.0416,-0.0396,0,-0.0393,0.9977,0.0551,0,0.0418,-0.0534,0.9977,0,0,9.9235,-1.2273,1]},
{"frame":19,"values":[0.9985,0.039,-0.0377,0,-0.0368,0.9976,0.0581,0,0.0399,-0.0566,0.9976,0,0,9.9235,-1.2273,1]},
{"frame":20,"values":[0.9987,0.0377,-0.0352,0,-0.0355,0.9975,0.0608,0,0.0374,-0.0595,0.9975,0,0,9.9235,-1.2273,1]},
{"frame":21,"values":[0.999,0.0351,-0.0294,0,-0.0332,0.9975,0.0627,0,0.0315,-0.0617,0.9976,0,0,9.9235,-1.2273,1]},
{"frame":22,"values":[0.9993,0.0288,-0.0218,0,-0.0273,0.9975,0.0648,0,0.0236,-0.0642,0.9977,0,0,9.9235,-1.2273,1]},
{"frame":23,"values":[0.9997,0.0188,-0.015,0,-0.0177,0.9976,0.0664,0,0.0162,-0.0661,0.9977,0,0,9.9235,-1.2273,1]},
{"frame":24,"values":[1,0.0048,-0.0086,0,-0.0043,0.9978,0.066,0,0.0089,-0.066,0.9978,0,0,9.9235,-1.2273,1]},
{"frame":25,"values":[1,-0.001,-0.0014,0,0.0011,0.9979,0.0642,0,0.0014,-0.0642,0.9979,0,0,9.9235,-1.2273,1]},
{"frame":26,"values":[1,0.0047,0.0029,0,-0.0049,0.998,0.0629,0,-0.0026,-0.0629,0.998,0,0,9.9235,-1.2273,1]},
{"frame":27,"values":[0.9999,0.0167,-0.0007,0,-0.0166,0.9979,0.0626,0,0.0017,-0.0625,0.998,0,0,9.9235,-1.2273,1]},
{"frame":28,"values":[0.9995,0.0308,-0.0118,0,-0.03,0.9977,0.0615,0,0.0137,-0.0611,0.998,0,0,9.9235,-1.2273,1]},
{"frame":29,"values":[0.9987,0.0448,-0.0242,0,-0.0433,0.9973,0.0587,0,0.0268,-0.0576,0.998,0,0,9.9235,-1.2273,1]}],"loopBehavior":1,"name":"anim","property":"_matrix"}},
{"name":"mixamorig:Spine1","index":2,"matrix":[0.9996,0.0272,-0.0054,0,-0.0271,0.9994,0.0203,0,0.0059,-0.0201,0.9998,0,-0.0001,11.6454,-1.4223,1],"rest":[1,0,0,0,0,1,0,0,0,0,1,0,-0.0001,11.6454,-1.4223,1],"parentBoneIndex":1,"length":13.4588
,"animation":{"dataType":3,"framePerSecond":30,"keys":[
{"frame":1,"values":[0.9996,0.0272,-0.0054,0,-0.0271,0.9994,0.0203,0,0.0059,-0.0201,0.9998,0,-0.0001,11.6454,-1.4223,1]},
{"frame":2,"values":[0.9996,0.0273,-0.008,0,-0.0271,0.9994,0.022,0,0.0086,-0.0218,0.9997,0,-0.0001,11.6454,-1.4223,1]},
{"frame":3,"values":[0.9995,0.0294,-0.01,0,-0.0292,0.9993,0.0238,0,0.0107,-0.0235,0.9997,0,-0.0001,11.6454,-1.4223,1]},
{"frame":4,"values":[0.9994,0.0331,-0.0123,0,-0.0328,0.9991,0.0257,0,0.0131,-0.0253,0.9996,0,-0.0001,11.6454,-1.4223,1]},
{"frame":5,"values":[0.9992,0.0373,-0.0155,0,-0.0369,0.9989,0.0277,0,0.0165,-0.0271,0.9995,0,-0.0001,11.6454,-1.4223,1]},
{"frame":6,"values":[0.9989,0.042,-0.0194,0,-0.0414,0.9987,0.0286,0,0.0206,-0.0278,0.9994,0,-0.0001,11.6454,-1.4223,1]},
{"frame":7,"values":[0.9986,0.0475,-0.0236,0,-0.0469,0.9985,0.0279,0,0.0249,-0.0267,0.9993,0,-0.0001,11.6454,-1.4223,1]},
{"frame":8,"values":[0.9982,0.0541,-0.0273,0,-0.0535,0.9982,0.0256,0,0.0286,-0.0241,0.9993,0,-0.0001,11.6454,-1.4223,1]},
{"frame":9,"values":[0.9977,0.0612,-0.0291,0,-0.0606,0.9979,0.0228,0,0.0304,-0.0209,0.9993,0,-0.0001,11.6455,-1.4223,1]},
{"frame":10,"values":[0.9972,0.0681,-0.0305,0,-0.0675,0.9975,0.0204,0,0.0318,-0.0182,0.9993,0,-0.0001,11.6454,-1.4223,1]},
{"frame":11,"values":[0.9966,0.075,-0.0338,0,-0.0744,0.9971,0.0185,0,0.0351,-0.0159,0.9993,0,-0.0001,11.6454,-1.4223,1]},
{"frame":12,"values":[0.9959,0.0819,-0.0386,0,-0.0813,0.9966,0.0163,0,0.0398,-0.0131,0.9991,0,-0.0001,11.6455,-1.4223,1]},
{"frame":13,"values":[0.9953,0.0871,-0.0422,0,-0.0866,0.9961,0.0141,0,0.0433,-0.0104,0.999,0,-0.0001,11.6454,-1.4223,1]},
{"frame":14,"values":[0.9951,0.0901,-0.0417,0,-0.0896,0.9959,0.0132,0,0.0428,-0.0094,0.999,0,-0.0001,11.6454,-1.4223,1]},
{"frame":15,"values":[0.9948,0.0941,-0.038,0,-0.0936,0.9955,0.0141,0,0.0392,-0.0105,0.9992,0,-0.0001,11.6454,-1.4223,1]},
{"frame":16,"values":[0.9945,0.0994,-0.0331,0,-0.0989,0.995,0.016,0,0.0345,-0.0126,0.9993,0,-0.0001,11.6455,-1.4223,1]},
{"frame":17,"values":[0.9943,0.1034,-0.0277,0,-0.103,0.9945,0.0168,0,0.0292,-0.0138,0.9995,0,-0.0001,11.6454,-1.4223,1]},
{"frame":18,"values":[0.9943,0.1036,-0.0234,0,-0.1032,0.9945,0.0176,0,0.0251,-0.0151,0.9996,0,-0.0001,11.6454,-1.4223,1]},
{"frame":19,"values":[0.9947,0.101,-0.0215,0,-0.1005,0.9947,0.0199,0,0.0234,-0.0176,0.9996,0,-0.0001,11.6454,-1.4223,1]},
{"frame":20,"values":[0.9951,0.0974,-0.0191,0,-0.097,0.995,0.022,0,0.0212,-0.02,0.9996,0,-0.0001,11.6454,-1.4223,1]},
{"frame":21,"values":[0.9957,0.0916,-0.0141,0,-0.0913,0.9955,0.0233,0,0.0161,-0.0219,0.9996,0,-0.0001,11.6454,-1.4223,1]},
{"frame":22,"values":[0.9966,0.0825,-0.0077,0,-0.0823,0.9963,0.0248,0,0.0097,-0.024,0.9997,0,-0.0001,11.6454,-1.4223,1]},
{"frame":23,"values":[0.9974,0.0715,-0.0021,0,-0.0714,0.9971,0.0257,0,0.0039,-0.0255,0.9997,0,-0.0001,11.6454,-1.4223,1]},
{"frame":24,"values":[0.9982,0.0597,0.003,0,-0.0597,0.9979,0.0252,0,-0.0015,-0.0253,0.9997,0,-0.0001,11.6454,-1.4223,1]},
{"frame":25,"values":[0.9988,0.0484,0.0092,0,-0.0486,0.9985,0.0237,0,-0.008,-0.0241,0.9997,0,-0.0001,11.6454,-1.4223,1]},
{"frame":26,"values":[0.9992,0.038,0.0138,0,-0.0383,0.999,0.0231,0,-0.0129,-0.0236,0.9996,0,-0.0001,11.6454,-1.4223,1]},
{"frame":27,"values":[0.9995,0.0294,0.0121,0,-0.0297,0.9993,0.0233,0,-0.0114,-0.0236,0.9997,0,-0.0001,11.6455,-1.4223,1]},
{"frame":28,"values":[0.9997,0.0258,0.0039,0,-0.0259,0.9994,0.0226,0,-0.0033,-0.0227,0.9997,0,-0.0001,11.6454,-1.4223,1]},
{"frame":29,"values":[0.9996,0.0272,-0.0054,0,-0.0271,0.9994,0.0203,0,0.0059,-0.0201,0.9998,0,-0.0001,11.6454,-1.4223,1]}],"loopBehavior":1,"name":"anim","property":"_matrix"}},
{"name":"mixamorig:Spine2","index":3,"matrix":[0.9996,0.0273,-0.0058,0,-0.0272,0.9994,0.0198,0,0.0063,-0.0197,0.9998,0,0.0001,13.3602,-1.6265,1],"rest":[1,0,0,0,0,1,0,0,0,0,1,0,0.0001,13.3602,-1.6265,1],"parentBoneIndex":2,"length":12.3444
,"animation":{"dataType":3,"framePerSecond":30,"keys":[
{"frame":1,"values":[0.9996,0.0273,-0.0058,0,-0.0272,0.9994,0.0198,0,0.0063,-0.0197,0.9998,0,0.0001,13.3602,-1.6265,1]},
{"frame":2,"values":[0.9996,0.0267,-0.0085,0,-0.0265,0.9994,0.0215,0,0.009,-0.0213,0.9997,0,0.0001,13.3602,-1.6265,1]},
{"frame":3,"values":[0.9996,0.0266,-0.0103,0,-0.0264,0.9994,0.0232,0,0.011,-0.0229,0.9997,0,0.0001,13.3602,-1.6265,1]},
{"frame":4,"values":[0.9996,0.027,-0.0125,0,-0.0267,0.9993,0.0251,0,0.0131,-0.0248,0.9996,0,0.0001,13.3602,-1.6265,1]},
{"frame":5,"values":[0.9995,0.0269,-0.0154,0,-0.0265,0.9993,0.0269,0,0.0161,-0.0265,0.9995,0,0.0001,13.3602,-1.6265,1]},
{"frame":6,"values":[0.9995,0.0265,-0.0189,0,-0.026,0.9993,0.0277,0,0.0196,-0.0272,0.9994,0,0.0001,13.3602,-1.6265,1]},
{"frame":7,"values":[0.9994,0.0264,-0.0226,0,-0.0257,0.9993,0.0268,0,0.0233,-0.0262,0.9994,0,0.0001,13.3602,-1.6265,1]},
{"frame":8,"values":[0.9993,0.0268,-0.0257,0,-0.0262,0.9994,0.0244,0,0.0264,-0.0237,0.9994,0,0.0001,13.3602,-1.6265,1]},
{"frame":9,"values":[0.9993,0.0274,-0.0269,0,-0.0268,0.9994,0.0213,0,0.0275,-0.0206,0.9994,0,0.0001,13.3602,-1.6265,1]},
{"frame":10,"values":[0.9992,0.0277,-0.0277,0,-0.0272,0.9995,0.0187,0,0.0282,-0.0179,0.9994,0,0.0001,13.3602,-1.6265,1]},
{"frame":11,"values":[0.9991,0.0281,-0.0304,0,-0.0276,0.9995,0.0165,0,0.0308,-0.0157,0.9994,0,0.0001,13.3602,-1.6265,1]},
{"frame":12,"values":[0.999,0.029,-0.0345,0,-0.0286,0.9995,0.0139,0,0.0349,-0.0129,0.9993,0,0.0001,13.3602,-1.6265,1]},
{"frame":13,"values":[0.9989,0.0286,-0.0376,0,-0.0282,0.9995,0.0113,0,0.0379,-0.0102,0.9992,0,0.0001,13.3602,-1.6265,1]},
{"frame":14,"values":[0.999,0.0267,-0.0366,0,-0.0264,0.9996,0.0103,0,0.0369,-0.0093,0.9993,0,0.0001,13.3602,-1.6265,1]},
{"frame":15,"values":[0.9991,0.0266,-0.0327,0,-0.0263,0.9996,0.0113,0,0.033,-0.0104,0.9994,0,0.0001,13.3602,-1.6265,1]},
{"frame":16,"values":[0.9992,0.0289,-0.0277,0,-0.0285,0.9995,0.0134,0,0.0281,-0.0126,0.9995,0,0.0001,13.3602,-1.6265,1]},
{"frame":17,"values":[0.9993,0.0312,-0.0221,0,-0.0308,0.9994,0.0145,0,0.0226,-0.0139,0.9996,0,0.0001,13.3602,-1.6265,1]},
{"frame":18,"values":[0.9994,0.031,-0.0178,0,-0.0307,0.9994,0.0157,0,0.0183,-0.0152,0.9997,0,0.0001,13.3602,-1.6265,1]},
{"frame":19,"values":[0.9994,0.0299,-0.0161,0,-0.0296,0.9994,0.0181,0,0.0166,-0.0177,0.9997,0,0.0001,13.3602,-1.6265,1]},
{"frame":20,"values":[0.9994,0.0308,-0.0142,0,-0.0305,0.9993,0.0204,0,0.0148,-0.02,0.9997,0,0.0001,13.3602,-1.6265,1]},
{"frame":21,"values":[0.9994,0.0318,-0.0096,0,-0.0315,0.9993,0.0222,0,0.0103,-0.0218,0.9997,0,0.0001,13.3602,-1.6265,1]},
{"frame":22,"values":[0.9995,0.031,-0.0038,0,-0.0309,0.9992,0.0239,0,0.0046,-0.0238,0.9997,0,0.0001,13.3602,-1.6265,1]},
{"frame":23,"values":[0.9996,0.0296,0.0011,0,-0.0297,0.9992,0.0251,0,-0.0004,-0.0251,0.9997,0,0.0001,13.3602,-1.6265,1]},
{"frame":24,"values":[0.9996,0.0278,0.0057,0,-0.0279,0.9993,0.0246,0,-0.005,-0.0248,0.9997,0,0.0001,13.3602,-1.6265,1]},
{"frame":25,"values":[0.9996,0.0261,0.0112,0,-0.0263,0.9994,0.0231,0,-0.0106,-0.0234,0.9997,0,0.0001,13.3602,-1.6265,1]},
{"frame":26,"values":[0.9996,0.0243,0.015,0,-0.0246,0.9994,0.0225,0,-0.0144,-0.0229,0.9996,0,0.0001,13.3602,-1.6265,1]},
{"frame":27,"values":[0.9997,0.0228,0.0126,0,-0.0231,0.9995,0.0227,0,-0.0121,-0.023,0.9997,0,0.0001,13.3602,-1.6265,1]},
{"frame":28,"values":[0.9997,0.024,0.0038,0,-0.0241,0.9995,0.0221,0,-0.0033,-0.0221,0.9997,0,0.0001,13.3602,-1.6265,1]},
{"frame":29,"values":[0.9996,0.0273,-0.0058,0,-0.0272,0.9994,0.0198,0,0.0063,-0.0197,0.9998,0,0.0001,13.3602,-1.6265,1]}],"loopBehavior":1,"name":"anim","property":"_matrix"}},
{"name":"mixamorig:Neck","index":4,"matrix":[1,0.0078,0.0021,0,-0.0079,0.9952,0.098,0,-0.0014,-0.098,0.9952,0,0,15.0325,0.7929,1],"rest":[1,0,0,0,0,1,0,0,0,0,1,0,0,15.0325,0.7929,1],"parentBoneIndex":3,"length":10.7896
,"animation":{"dataType":3,"framePerSecond":30,"keys":[
{"frame":1,"values":[1,0.0078,0.0021,0,-0.0079,0.9952,0.098,0,-0.0014,-0.098,0.9952,0,0,15.0325,0.7929,1]},
{"frame":2,"values":[0.9999,0.003,-0.0096,0,-0.0021,0.9954,0.096,0,0.0098,-0.096,0.9953,0,0,15.0325,0.7929,1]},
{"frame":3,"values":[0.9995,-0.0046,-0.0323,0,0.0078,0.9951,0.0988,0,0.0317,-0.099,0.9946,0,0,15.0325,0.7929,1]},
{"frame":4,"values":[0.998,-0.0128,-0.0614,0,0.0192,0.9942,0.1061,0,0.0597,-0.107,0.9925,0,0,15.0325,0.7929,1]},
{"frame":5,"values":[0.9955,-0.0196,-0.0926,0,0.0302,0.9929,0.1154,0,0.0897,-0.1177,0.989,0,0,15.0325,0.7929,1]},
{"frame":6,"values":[0.9923,-0.0234,-0.1214,0,0.0386,0.9915,0.1244,0,0.1174,-0.1282,0.9848,0,0,15.0325,0.7929,1]},
{"frame":7,"values":[0.9894,-0.0246,-0.1431,0,0.0436,0.9903,0.1316,0,0.1385,-0.1365,0.9809,0,0,15.0325,0.7929,1]},
{"frame":8,"values":[0.9877,-0.0245,-0.1543,0,0.0457,0.9897,0.1357,0,0.1494,-0.1411,0.9787,0,0,15.0325,0.7929,1]},
{"frame":9,"values":[0.9867,-0.0244,-0.1605,0,0.0468,0.9894,0.1374,0,0.1554,-0.1431,0.9774,0,0,15.0325,0.7929,1]},
{"frame":10,"values":[0.9864,-0.0248,-0.1625,0,0.0475,0.9894,0.1375,0,0.1574,-0.1434,0.9771,0,0,15.0325,0.7929,1]},
{"frame":11,"values":[0.9867,-0.0252,-0.1608,0,0.0477,0.9893,0.1377,0,0.1556,-0.1435,0.9773,0,0,15.0325,0.7929,1]},
{"frame":12,"values":[0.9873,-0.0252,-0.1568,0,0.0473,0.9892,0.1388,0,0.1517,-0.1444,0.9778,0,0,15.0325,0.7929,1]},
{"frame":13,"values":[0.9881,-0.0252,-0.1517,0,0.0466,0.9891,0.1394,0,0.1465,-0.1449,0.9785,0,0,15.0325,0.7929,1]},
{"frame":14,"values":[0.9891,-0.0245,-0.1452,0,0.0447,0.9894,0.1378,0,0.1403,-0.1428,0.9798,0,0,15.0325,0.7929,1]},
{"frame":15,"values":[0.9904,-0.0208,-0.1369,0,0.0394,0.9901,0.1347,0,0.1327,-0.1388,0.9814,0,0,15.0325,0.7929,1]},
{"frame":16,"values":[0.9918,-0.0159,-0.1266,0,0.0328,0.9907,0.132,0,0.1233,-0.1351,0.9831,0,0,15.0325,0.7929,1]},
{"frame":17,"values":[0.9933,-0.0136,-0.1146,0,0.0286,0.991,0.1305,0,0.1118,-0.1329,0.9848,0,0,15.0325,0.7929,1]},
{"frame":18,"values":[0.9948,-0.0121,-0.1013,0,0.0251,0.9915,0.1281,0,0.0988,-0.1299,0.9866,0,0,15.0325,0.7929,1]},
{"frame":19,"values":[0.9962,-0.0086,-0.0872,0,0.0194,0.9921,0.1238,0,0.0855,-0.125,0.9885,0,0,15.0324,0.7929,1]},
{"frame":20,"values":[0.9973,-0.003,-0.073,0,0.0116,0.9929,0.1184,0,0.0722,-0.1189,0.9903,0,0,15.0325,0.7929,1]},
{"frame":21,"values":[0.9982,0.0029,-0.0592,0,0.0038,0.9937,0.1124,0,0.0592,-0.1124,0.9919,0,0,15.0325,0.7929,1]},
{"frame":22,"values":[0.9989,0.0083,-0.0462,0,-0.0034,0.9943,0.1064,0,0.0468,-0.1061,0.9932,0,0,15.0325,0.7929,1]},
{"frame":23,"values":[0.9993,0.0131,-0.0343,0,-0.0095,0.9947,0.102,0,0.0355,-0.1016,0.9942,0,0,15.0325,0.7929,1]},
{"frame":24,"values":[0.9996,0.0164,-0.0238,0,-0.0139,0.9949,0.0997,0,0.0253,-0.0994,0.9947,0,0,15.0325,0.7929,1]},
{"frame":25,"values":[0.9997,0.0182,-0.0149,0,-0.0166,0.995,0.0985,0,0.0166,-0.0982,0.995,0,0,15.0325,0.7929,1]},
{"frame":26,"values":[0.9998,0.0179,-0.0078,0,-0.0171,0.995,0.0984,0,0.0096,-0.0983,0.9951,0,0,15.0325,0.7929,1]},
{"frame":27,"values":[0.9999,0.0153,-0.003,0,-0.0149,0.9949,0.0996,0,0.0045,-0.0996,0.995,0,0,15.0325,0.7929,1]},
{"frame":28,"values":[0.9999,0.0115,0.0006,0,-0.0115,0.9949,0.1002,0,0.0006,-0.1002,0.995,0,0,15.0325,0.7929,1]},
{"frame":29,"values":[1,0.0078,0.0021,0,-0.0079,0.9952,0.098,0,-0.0014,-0.098,0.9952,0,0,15.0325,0.7929,1]}],"loopBehavior":1,"name":"anim","property":"_matrix"}},
{"name":"mixamorig:Head","index":5,"matrix":[0.9997,-0.0046,-0.0236,0,0.0014,0.9913,-0.1317,0,0.024,0.1316,0.991,0,0,10.3218,3.1424,1],"rest":[1,0,0,0,0,1,0,0,0,0,1,0,0,10.3218,3.1424,1],"parentBoneIndex":4,"length":14.7322
,"animation":{"dataType":3,"framePerSecond":30,"keys":[
{"frame":1,"values":[0.9997,-0.0046,-0.0236,0,0.0014,0.9913,-0.1317,0,0.024,0.1316,0.991,0,0,10.3218,3.1424,1]},
{"frame":2,"values":[0.9981,-0.019,-0.0586,0,0.0107,0.9903,-0.1383,0,0.0607,0.1375,0.9886,0,0,10.3218,3.1424,1]},
{"frame":3,"values":[0.9927,-0.041,-0.1137,0,0.0251,0.9902,-0.1372,0,0.1183,0.1334,0.984,0,0,10.3218,3.1424,1]},
{"frame":4,"values":[0.9814,-0.0656,-0.1803,0,0.0423,0.9906,-0.1299,0,0.1871,0.1199,0.975,0,0,10.3218,3.1424,1]},
{"frame":5,"values":[0.9641,-0.0861,-0.2511,0,0.0589,0.9917,-0.1139,0,0.2589,0.095,0.9612,0,0,10.3218,3.1424,1]},
{"frame":6,"values":[0.9424,-0.1001,-0.3193,0,0.0747,0.993,-0.091,0,0.3262,0.0619,0.9433,0,0,10.3218,3.1424,1]},
{"frame":7,"values":[0.9205,-0.1089,-0.3753,0,0.0892,0.9936,-0.0694,0,0.3805,0.0304,0.9243,0,0,10.3218,3.1424,1]},
{"frame":8,"values":[0.9039,-0.1158,-0.4117,0,0.1015,0.9932,-0.0565,0,0.4155,0.0093,0.9096,0,0,10.3218,3.1424,1]},
{"frame":9,"values":[0.8907,-0.124,-0.4373,0,0.1137,0.9923,-0.0497,0,0.4401,-0.0055,0.8979,0,0,10.3218,3.1424,1]},
{"frame":10,"values":[0.8827,-0.1325,-0.4509,0,0.1246,0.9911,-0.0473,0,0.4532,-0.0144,0.8913,0,0,10.3218,3.1424,1]},
{"frame":11,"values":[0.88,-0.1395,-0.454,0,0.1327,0.99,-0.047,0,0.4561,-0.0189,0.8898,0,0,10.3218,3.1424,1]},
{"frame":12,"values":[0.88,-0.1443,-0.4525,0,0.1384,0.9893,-0.0465,0,0.4543,-0.0217,0.8906,0,0,10.3218,3.1424,1]},
{"frame":13,"values":[0.8808,-0.1472,-0.4501,0,0.1419,0.9888,-0.0458,0,0.4518,-0.0235,0.8918,0,0,10.3218,3.1424,1]},
{"frame":14,"values":[0.8821,-0.1488,-0.4469,0,0.1437,0.9886,-0.0456,0,0.4486,-0.024,0.8934,0,0,10.3218,3.1424,1]},
{"frame":15,"values":[0.8837,-0.1512,-0.443,0,0.1454,0.9882,-0.0473,0,0.4449,-0.0226,0.8953,0,0,10.3218,3.1424,1]},
{"frame":16,"values":[0.8868,-0.1568,-0.4347,0,0.1486,0.9875,-0.053,0,0.4376,-0.0176,0.899,0,0,10.3218,3.1424,1]},
{"frame":17,"values":[0.8945,-0.1634,-0.4162,0,0.1518,0.9865,-0.0609,0,0.4206,-0.0087,0.9072,0,0,10.3218,3.1424,1]},
{"frame":18,"values":[0.9073,-0.1624,-0.3878,0,0.1483,0.9867,-0.0664,0,0.3935,0.0028,0.9193,0,0,10.3218,3.1424,1]},
{"frame":19,"values":[0.9229,-0.1498,-0.3547,0,0.1346,0.9886,-0.0675,0,0.3608,0.0145,0.9325,0,0,10.3218,3.1424,1]},
{"frame":20,"values":[0.9382,-0.1321,-0.3199,0,0.1163,0.9909,-0.0681,0,0.326,0.0267,0.945,0,0,10.3218,3.1424,1]},
{"frame":21,"values":[0.952,-0.1148,-0.2837,0,0.0974,0.9924,-0.0746,0,0.2901,0.0434,0.956,0,0,10.3218,3.1424,1]},
{"frame":22,"values":[0.9642,-0.0974,-0.2466,0,0.0782,0.9932,-0.0867,0,0.2534,0.0644,0.9652,0,0,10.3218,3.1424,1]},
{"frame":23,"values":[0.9745,-0.0799,-0.2098,0,0.0602,0.9933,-0.0986,0,0.2163,0.0834,0.9728,0,0,10.3218,3.1424,1]},
{"frame":24,"values":[0.9828,-0.0632,-0.1733,0,0.045,0.9932,-0.107,0,0.1789,0.0974,0.979,0,0,10.3218,3.1424,1]},
{"frame":25,"values":[0.9894,-0.0478,-0.1374,0,0.0324,0.9931,-0.1128,0,0.1418,0.1071,0.9841,0,0,10.3218,3.1424,1]},
{"frame":26,"values":[0.9941,-0.0355,-0.1025,0,0.0234,0.9929,-0.1168,0,0.1059,0.1137,0.9879,0,0,10.3218,3.1424,1]},
{"frame":27,"values":[0.9972,-0.0255,-0.0699,0,0.017,0.9926,-0.1199,0,0.0724,0.1184,0.9903,0,0,10.3218,3.1424,1]},
{"frame":28,"values":[0.999,-0.0148,-0.041,0,0.0095,0.9921,-0.1252,0,0.0425,0.1247,0.9913,0,0,10.3218,3.1424,1]},
{"frame":29,"values":[0.9997,-0.0046,-0.0236,0,0.0014,0.9913,-0.1317,0,0.024,0.1316,0.991,0,0,10.3218,3.1424,1]}],"loopBehavior":1,"name":"anim","property":"_matrix"}},
{"name":"mixamorig:HeadTop_End","index":6,"matrix":[1,0,0,0,0,1,0,0,0,0,1,0,0.0002,18.4747,6.6364,1],"rest":[1,0,0,0,0,1,0,0,0,0,1,0,0.0002,18.4747,6.6364,1],"parentBoneIndex":5,"length":14.7322
,"animation":{"dataType":3,"framePerSecond":30,"keys":[
{"frame":1,"values":[1,0,0,0,0,1,0,0,0,0,1,0,0.0002,18.4747,6.6364,1]},
{"frame":29,"values":[1,0,0,0,0,1,0,0,0,0,1,0,0.0002,18.4747,6.6364,1]}],"loopBehavior":1,"name":"anim","property":"_matrix"}},
{"name":"mixamorig:LeftEye","index":7,"matrix":[1,0,0,0,0,1,0,0,0,0,1,0,2.9479,7.6818,9.1207,1],"rest":[1,0,0,0,0,1,0,0,0,0,1,0,2.9479,7.6818,9.1207,1],"parentBoneIndex":5,"length":14.7322
,"animation":{"dataType":3,"framePerSecond":30,"keys":[
{"frame":1,"values":[1,0,0,0,0,1,0,0,0,0,1,0,2.9479,7.6818,9.1207,1]},
{"frame":7,"values":[1,0,0,0,0,1,0,0,0,0,1,0,2.9479,7.6817,9.1207,1]},
{"frame":10,"values":[1,0,0,0,0,1,0,0,0,0,1,0,2.9479,7.6818,9.1207,1]},
{"frame":11,"values":[1,0,0,0,0,1,0,0,0,0,1,0,2.9479,7.6817,9.1207,1]},
{"frame":14,"values":[1,0,0,0,0,1,0,0,0,0,1,0,2.9479,7.6818,9.1207,1]},
{"frame":15,"values":[1,0,0,0,0,1,0,0,0,0,1,0,2.9479,7.6817,9.1207,1]},
{"frame":16,"values":[1,0,0,0,0,1,0,0,0,0,1,0,2.9479,7.6818,9.1207,1]},
{"frame":22,"values":[1,0,0,0,0,1,0,0,0,0,1,0,2.9479,7.6817,9.1207,1]},
{"frame":23,"values":[1,0,0,0,0,1,0,0,0,0,1,0,2.9479,7.6818,9.1207,1]},
{"frame":27,"values":[1,0,0,0,0,1,0,0,0,0,1,0,2.9479,7.6817,9.1207,1]},
{"frame":29,"values":[1,0,0,0,0,1,0,0,0,0,1,0,2.9479,7.6818,9.1207,1]}],"loopBehavior":1,"name":"anim","property":"_matrix"}},
{"name":"mixamorig:RightEye","index":8,"matrix":[1,0,0,0,0,1,0,0,0,0,1,0,-2.9445,7.6818,9.1205,1],"rest":[1,0,0,0,0,1,0,0,0,0,1,0,-2.9445,7.6818,9.1205,1],"parentBoneIndex":5,"length":14.7322
,"animation":{"dataType":3,"framePerSecond":30,"keys":[
{"frame":1,"values":[1,0,0,0,0,1,0,0,0,0,1,0,-2.9445,7.6818,9.1205,1]},
{"frame":7,"values":[1,0,0,0,0,1,0,0,0,0,1,0,-2.9445,7.6817,9.1205,1]},
{"frame":8,"values":[1,0,0,0,0,1,0,0,0,0,1,0,-2.9445,7.6818,9.1205,1]},
{"frame":11,"values":[1,0,0,0,0,1,0,0,0,0,1,0,-2.9445,7.6817,9.1205,1]},
{"frame":13,"values":[1,0,0,0,0,1,0,0,0,0,1,0,-2.9445,7.6818,9.1205,1]},
{"frame":15,"values":[1,0,0,0,0,1,0,0,0,0,1,0,-2.9445,7.6817,9.1205,1]},
{"frame":16,"values":[1,0,0,0,0,1,0,0,0,0,1,0,-2.9445,7.6818,9.1205,1]},
{"frame":18,"values":[1,0,0,0,0,1,0,0,0,0,1,0,-2.9445,7.6817,9.1205,1]},
{"frame":19,"values":[1,0,0,0,0,1,0,0,0,0,1,0,-2.9445,7.6818,9.1205,1]},
{"frame":22,"values":[1,0,0,0,0,1,0,0,0,0,1,0,-2.9445,7.6817,9.1205,1]},
{"frame":23,"values":[1,0,0,0,0,1,0,0,0,0,1,0,-2.9445,7.6818,9.1205,1]},
{"frame":27,"values":[1,0,0,0,0,1,0,0,0,0,1,0,-2.9445,7.6817,9.1205,1]},
{"frame":29,"values":[1,0,0,0,0,1,0,0,0,0,1,0,-2.9445,7.6818,9.1205,1]}],"loopBehavior":1,"name":"anim","property":"_matrix"}},
{"name":"mixamorig:LeftShoulder","index":9,"matrix":[0.9321,-0.2187,0.2889,0,0.2036,0.9756,0.0818,0,-0.2997,-0.0175,0.9539,0,6.1058,9.1104,0.7055,1],"rest":[1,0,0,0,0,1,0,0,0,0,1,0,6.1058,9.1104,0.7056,1],"parentBoneIndex":3,"length":12.9223
,"animation":{"dataType":3,"framePerSecond":30,"keys":[
{"frame":1,"values":[0.9321,-0.2187,0.2889,0,0.2036,0.9756,0.0818,0,-0.2997,-0.0175,0.9539,0,6.1058,9.1104,0.7055,1]},
{"frame":2,"values":[0.9312,-0.2208,0.2902,0,0.2056,0.9752,0.0823,0,-0.3011,-0.0169,0.9534,0,6.1058,9.1104,0.7056,1]},
{"frame":3,"values":[0.9299,-0.2234,0.2921,0,0.208,0.9746,0.0829,0,-0.3032,-0.0163,0.9528,0,6.1058,9.1104,0.7056,1]},
{"frame":4,"values":[0.9291,-0.2252,0.2934,0,0.2098,0.9742,0.0833,0,-0.3046,-0.0158,0.9523,0,6.1058,9.1104,0.7055,1]},
{"frame":5,"values":[0.9296,-0.2246,0.2922,0,0.2093,0.9743,0.083,0,-0.3033,-0.016,0.9528,0,6.1058,9.1104,0.7056,1]},
{"frame":6,"values":[0.9311,-0.2216,0.2896,0,0.2065,0.975,0.0822,0,-0.3006,-0.0168,0.9536,0,6.1058,9.1104,0.7055,1]},
{"frame":7,"values":[0.9327,-0.2183,0.2871,0,0.2033,0.9757,0.0814,0,-0.2979,-0.0176,0.9544,0,6.1058,9.1105,0.7056,1]},
{"frame":8,"values":[0.934,-0.2158,0.2846,0,0.201,0.9763,0.0807,0,-0.2952,-0.0182,0.9553,0,6.1058,9.1104,0.7055,1]},
{"frame":9,"values":[0.9354,-0.2136,0.2818,0,0.1989,0.9768,0.08,0,-0.2923,-0.0188,0.9561,0,6.1058,9.1104,0.7056,1]},
{"frame":10,"values":[0.9362,-0.2117,0.2806,0,0.1971,0.9772,0.0796,0,-0.291,-0.0192,0.9565,0,6.1058,9.1104,0.7056,1]},
{"frame":11,"values":[0.9366,-0.2105,0.2802,0,0.1959,0.9774,0.0794,0,-0.2906,-0.0195,0.9567,0,6.1058,9.1104,0.7056,1]},
{"frame":12,"values":[0.9371,-0.2099,0.279,0,0.1954,0.9775,0.0791,0,-0.2893,-0.0196,0.957,0,6.1058,9.1104,0.7056,1]},
{"frame":13,"values":[0.9377,-0.2103,0.2765,0,0.1961,0.9774,0.0787,0,-0.2868,-0.0195,0.9578,0,6.1058,9.1104,0.7056,1]},
{"frame":14,"values":[0.9391,-0.2097,0.2723,0,0.1957,0.9776,0.0777,0,-0.2825,-0.0197,0.9591,0,6.1058,9.1104,0.7056,1]},
{"frame":15,"values":[0.9416,-0.2053,0.2669,0,0.1918,0.9785,0.0763,0,-0.2768,-0.0207,0.9607,0,6.1058,9.1104,0.7056,1]},
{"frame":16,"values":[0.9437,-0.2006,0.263,0,0.1872,0.9794,0.0752,0,-0.2727,-0.0217,0.9619,0,6.1058,9.1104,0.7056,1]},
{"frame":17,"values":[0.9437,-0.2008,0.263,0,0.1874,0.9794,0.0752,0,-0.2726,-0.0217,0.9619,0,6.1058,9.1104,0.7055,1]},
{"frame":18,"values":[0.9422,-0.2036,0.2662,0,0.1901,0.9788,0.0761,0,-0.276,-0.0211,0.9609,0,6.1058,9.1104,0.7056,1]},
{"frame":19,"values":[0.9409,-0.2041,0.2704,0,0.1902,0.9787,0.0769,0,-0.2804,-0.0209,0.9597,0,6.1058,9.1104,0.7055,1]},
{"frame":20,"values":[0.9403,-0.2035,0.2729,0,0.1894,0.9789,0.0774,0,-0.2828,-0.0211,0.9589,0,6.1058,9.1104,0.7056,1]},
{"frame":21,"values":[0.9398,-0.2048,0.2737,0,0.1906,0.9786,0.0776,0,-0.2837,-0.0208,0.9587,0,6.1058,9.1104,0.7056,1]},
{"frame":22,"values":[0.9391,-0.2063,0.2748,0,0.1921,0.9783,0.078,0,-0.285,-0.0204,0.9583,0,6.1058,9.1104,0.7056,1]},
{"frame":23,"values":[0.939,-0.2057,0.2757,0,0.1914,0.9784,0.0781,0,-0.2858,-0.0206,0.9581,0,6.1058,9.1104,0.7056,1]},
{"frame":24,"values":[0.9393,-0.2043,0.2756,0,0.19,0.9787,0.078,0,-0.2857,-0.0209,0.9581,0,6.1058,9.1104,0.7056,1]},
{"frame":25,"values":[0.9392,-0.2041,0.276,0,0.1898,0.9787,0.078,0,-0.286,-0.0209,0.958,0,6.1058,9.1104,0.7056,1]},
{"frame":26,"values":[0.9384,-0.2055,0.278,0,0.191,0.9784,0.0785,0,-0.2881,-0.0206,0.9574,0,6.1058,9.1104,0.7056,1]},
{"frame":27,"values":[0.9367,-0.2081,0.2816,0,0.1934,0.9779,0.0794,0,-0.2919,-0.02,0.9562,0,6.1058,9.1104,0.7056,1]},
{"frame":28,"values":[0.9343,-0.2127,0.2863,0,0.1976,0.9769,0.0808,0,-0.2968,-0.0189,0.9547,0,6.1058,9.1105,0.7056,1]},
{"frame":29,"values":[0.9321,-0.2187,0.2889,0,0.2036,0.9756,0.0818,0,-0.2997,-0.0175,0.9539,0,6.1058,9.1104,0.7056,1]}],"loopBehavior":1,"name":"anim","property":"_matrix"}},
{"name":"mixamorig:LeftArm","index":10,"matrix":[0.325,-0.9442,0.0539,0,0.8818,0.3232,0.3436,0,-0.3418,-0.0642,0.9376,0,12.655,-0.2659,-2.6009,1],"rest":[1,0,0,0,0,1,0,0,0,0,1,0,12.655,-0.2659,-2.6009,1],"parentBoneIndex":9,"length":27.4047
,"animation":{"dataType":3,"framePerSecond":30,"keys":[
{"frame":1,"values":[0.325,-0.9442,0.0539,0,0.8818,0.3232,0.3436,0,-0.3418,-0.0642,0.9376,0,12.655,-0.2659,-2.6009,1]},
{"frame":2,"values":[0.3346,-0.9398,0.0688,0,0.8797,0.3377,0.3348,0,-0.3379,-0.0515,0.9398,0,12.655,-0.2659,-2.6009,1]},
{"frame":3,"values":[0.3489,-0.9341,0.0758,0,0.8767,0.3539,0.3258,0,-0.3311,-0.0472,0.9424,0,12.655,-0.2659,-2.6009,1]},
{"frame":4,"values":[0.3665,-0.9274,0.0751,0,0.8734,0.3708,0.3158,0,-0.3207,-0.0502,0.9458,0,12.655,-0.2659,-2.6009,1]},
{"frame":5,"values":[0.3842,-0.9209,0.0658,0,0.8719,0.3853,0.3021,0,-0.3036,-0.0587,0.951,0,12.655,-0.2659,-2.6009,1]},
{"frame":6,"values":[0.4001,-0.9153,0.0456,0,0.8738,0.396,0.2821,0,-0.2763,-0.073,0.9583,0,12.655,-0.2659,-2.6009,1]},
{"frame":7,"values":[0.4144,-0.91,0.0129,0,0.8779,0.4034,0.2581,0,-0.2401,-0.0956,0.966,0,12.655,-0.2659,-2.6009,1]},
{"frame":8,"values":[0.4274,-0.9036,-0.0293,0,0.8812,0.4091,0.2369,0,-0.2021,-0.127,0.9711,0,12.655,-0.2659,-2.6009,1]},
{"frame":9,"values":[0.4382,-0.8958,-0.0746,0,0.8833,0.4137,0.2205,0,-0.1667,-0.1626,0.9725,0,12.655,-0.2659,-2.6009,1]},
{"frame":10,"values":[0.4459,-0.8875,-0.1165,0,0.8848,0.4174,0.207,0,-0.1351,-0.1954,0.9714,0,12.655,-0.2659,-2.6009,1]},
{"frame":11,"values":[0.4477,-0.8811,-0.1525,0,0.8875,0.417,0.1961,0,-0.1092,-0.2231,0.9687,0,12.655,-0.2659,-2.6009,1]},
{"frame":12,"values":[0.4398,-0.8791,-0.1836,0,0.8936,0.408,0.1873,0,-0.0897,-0.2464,0.965,0,12.655,-0.2659,-2.6009,1]},
{"frame":13,"values":[0.4251,-0.881,-0.2077,0,0.9018,0.3925,0.1809,0,-0.0778,-0.2642,0.9613,0,12.655,-0.2659,-2.6009,1]},
{"frame":14,"values":[0.4101,-0.8849,-0.2208,0,0.9089,0.3765,0.1794,0,-0.0757,-0.2743,0.9587,0,12.655,-0.266,-2.6009,1]},
{"frame":15,"values":[0.3947,-0.8912,-0.2237,0,0.915,0.3589,0.1846,0,-0.0842,-0.2775,0.957,0,12.655,-0.2659,-2.6009,1]},
{"frame":16,"values":[0.3806,-0.8985,-0.2185,0,0.9189,0.3411,0.198,0,-0.1034,-0.2762,0.9555,0,12.655,-0.2659,-2.6009,1]},
{"frame":17,"values":[0.372,-0.9051,-0.2058,0,0.9197,0.3296,0.2132,0,-0.1251,-0.2686,0.9551,0,12.655,-0.2659,-2.6009,1]},
{"frame":18,"values":[0.3662,-0.9118,-0.1858,0,0.9205,0.3258,0.2157,0,-0.1361,-0.25,0.9586,0,12.655,-0.2659,-2.6009,1]},
{"frame":19,"values":[0.3587,-0.9193,-0.1617,0,0.9227,0.3231,0.2103,0,-0.1411,-0.2246,0.9642,0,12.655,-0.2659,-2.6009,1]},
{"frame":20,"values":[0.3525,-0.9256,-0.1379,0,0.923,0.3196,0.2143,0,-0.1543,-0.2029,0.967,0,12.655,-0.2659,-2.6009,1]},
{"frame":21,"values":[0.3525,-0.9286,-0.1159,0,0.9195,0.3206,0.2275,0,-0.1742,-0.1868,0.9668,0,12.655,-0.2659,-2.6009,1]},
{"frame":22,"values":[0.3555,-0.9298,-0.0959,0,0.9146,0.3248,0.2409,0,-0.1929,-0.1734,0.9658,0,12.655,-0.2659,-2.6009,1]},
{"frame":23,"values":[0.3563,-0.9311,-0.0776,0,0.9104,0.3274,0.2529,0,-0.21,-0.1607,0.9644,0,12.655,-0.2659,-2.6009,1]},
{"frame":24,"values":[0.3559,-0.9326,-0.0602,0,0.9068,0.3291,0.2637,0,-0.2261,-0.1484,0.9627,0,12.655,-0.2659,-2.6009,1]},
{"frame":25,"values":[0.3528,-0.9347,-0.0432,0,0.9029,0.328,0.2778,0,-0.2455,-0.137,0.9597,0,12.655,-0.2659,-2.6009,1]},
{"frame":26,"values":[0.3489,-0.9369,-0.0239,0,0.8963,0.3261,0.3004,0,-0.2736,-0.1263,0.9535,0,12.655,-0.2659,-2.6009,1]},
{"frame":27,"values":[0.3446,-0.9387,0.0005,0,0.887,0.3258,0.3273,0,-0.3074,-0.1124,0.9449,0,12.655,-0.2659,-2.6009,1]},
{"frame":28,"values":[0.3376,-0.9408,0.0288,0,0.8795,0.3262,0.3465,0,-0.3354,-0.0916,0.9376,0,12.655,-0.2659,-2.6009,1]},
{"frame":29,"values":[0.325,-0.9442,0.0539,0,0.8818,0.3232,0.3436,0,-0.3418,-0.0642,0.9376,0,12.655,-0.2659,-2.6009,1]}],"loopBehavior":1,"name":"anim","property":"_matrix"}},
{"name":"mixamorig:LeftForeArm","index":11,"matrix":[0.9997,0,0.0255,0,0,1,0,0,-0.0255,0,0.9997,0,27.4047,0,0,1],"rest":[1,0,0,0,0,1,0,0,0,0,1,0,27.4047,0,0,1],"parentBoneIndex":10,"length":27.6145
,"animation":{"dataType":3,"framePerSecond":30,"keys":[
{"frame":1,"values":[0.9997,0,0.0255,0,0,1,0,0,-0.0255,0,0.9997,0,27.4047,0,0,1]},
{"frame":2,"values":[0.9988,0,0.0492,0,0,1,0,0,-0.0492,0,0.9988,0,27.4047,0,0,1]},
{"frame":3,"values":[0.9965,0,0.0841,0,0,1,0,0,-0.0841,0,0.9965,0,27.4047,0,0,1]},
{"frame":4,"values":[0.9921,0,0.1252,0,0,1,0,0,-0.1252,0,0.9921,0,27.4047,0,0,1]},
{"frame":5,"values":[0.9857,0,0.1683,0,0,1,0,0,-0.1683,0,0.9857,0,27.4047,0,0,1]},
{"frame":6,"values":[0.9773,0,0.2119,0,0,1,0,0,-0.2119,0,0.9773,0,27.4047,0,0,1]},
{"frame":7,"values":[0.9664,0,0.2571,0,0,1,0,0,-0.2571,0,0.9664,0,27.4047,0,0,1]},
{"frame":8,"values":[0.9532,0,0.3023,0,0,1,0,0,-0.3023,0,0.9532,0,27.4047,0,0,1]},
{"frame":9,"values":[0.939,0,0.3438,0,0,1,0,0,-0.3438,0,0.939,0,27.4047,0,0,1]},
{"frame":10,"values":[0.926,0,0.3776,0,0,1,0,0,-0.3776,0,0.926,0,27.4047,0,0,1]},
{"frame":11,"values":[0.9164,0,0.4002,0,0,1,0,0,-0.4002,0,0.9164,0,27.4047,0,0,1]},
{"frame":12,"values":[0.9123,0,0.4095,0,0,1,0,0,-0.4095,0,0.9123,0,27.4047,0,0,1]},
{"frame":13,"values":[0.9147,0,0.4042,0,0,1,0,0,-0.4042,0,0.9147,0,27.4047,0,0,1]},
{"frame":14,"values":[0.9205,0,0.3907,0,0,1,0,0,-0.3907,0,0.9205,0,27.4047,0,0,1]},
{"frame":15,"values":[0.9257,0,0.3783,0,0,1,0,0,-0.3783,0,0.9257,0,27.4047,0,0,1]},
{"frame":16,"values":[0.9338,0,0.3579,0,0,1,0,0,-0.3579,0,0.9338,0,27.4047,0,0,1]},
{"frame":17,"values":[0.9437,0,0.3309,0,0,1,0,0,-0.3309,0,0.9437,0,27.4047,0,0,1]},
{"frame":18,"values":[0.9543,0,0.2989,0,0,1,0,0,-0.2989,0,0.9543,0,27.4047,0,0,1]},
{"frame":19,"values":[0.9646,0,0.2636,0,0,1,0,0,-0.2636,0,0.9646,0,27.4047,0,0,1]},
{"frame":20,"values":[0.9739,0,0.2268,0,0,1,0,0,-0.2268,0,0.9739,0,27.4047,0,0,1]},
{"frame":21,"values":[0.9817,0,0.1903,0,0,1,0,0,-0.1903,0,0.9817,0,27.4047,0,0,1]},
{"frame":22,"values":[0.9873,0,0.1589,0,0,1,0,0,-0.1589,0,0.9873,0,27.4047,0,0,1]},
{"frame":23,"values":[0.9897,0,0.1432,0,0,1,0,0,-0.1432,0,0.9897,0,27.4047,0,0,1]},
{"frame":24,"values":[0.992,0,0.1263,0,0,1,0,0,-0.1263,0,0.992,0,27.4047,0,0,1]},
{"frame":25,"values":[0.9943,0,0.107,0,0,1,0,0,-0.107,0,0.9943,0,27.4047,0,0,1]},
{"frame":26,"values":[0.9962,0,0.0866,0,0,1,0,0,-0.0866,0,0.9962,0,27.4047,0,0,1]},
{"frame":27,"values":[0.998,0,0.0637,0,0,1,0,0,-0.0637,0,0.998,0,27.4047,0,0,1]},
{"frame":28,"values":[0.9992,0,0.0406,0,0,1,0,0,-0.0406,0,0.9992,0,27.4047,0,0,1]},
{"frame":29,"values":[0.9997,0,0.0255,0,0,1,0,0,-0.0255,0,0.9997,0,27.4047,0,0,1]}],"loopBehavior":1,"name":"anim","property":"_matrix"}},
{"name":"mixamorig:LeftHand","index":12,"matrix":[0.9939,-0.0772,0.0789,0,0.1077,0.833,-0.5426,0,-0.0238,0.5478,0.8363,0,27.6145,0,0,1],"rest":[1,0,0,0,0,1,0,0,0,0,1,0,27.6145,0,0,1],"parentBoneIndex":11,"length":10.9801
,"animation":{"dataType":3,"framePerSecond":30,"keys":[
{"frame":1,"values":[0.9939,-0.0772,0.0789,0,0.1077,0.833,-0.5426,0,-0.0238,0.5478,0.8363,0,27.6145,0,0,1]},
{"frame":2,"values":[0.9933,-0.0527,0.1026,0,0.101,0.8279,-0.5517,0,-0.0559,0.5584,0.8277,0,27.6145,0,0,1]},
{"frame":3,"values":[0.9909,-0.0314,0.1311,0,0.0994,0.8273,-0.5529,0,-0.0911,0.5608,0.8229,0,27.6145,0,0,1]},
{"frame":4,"values":[0.9868,-0.0113,0.1613,0,0.0987,0.8323,-0.5455,0,-0.1281,0.5543,0.8224,0,27.6145,0,0,1]},
{"frame":5,"values":[0.9816,0.0196,0.1901,0,0.0861,0.8428,-0.5313,0,-0.1706,0.5378,0.8256,0,27.6144,0,0,1]},
{"frame":6,"values":[0.9759,0.0539,0.2116,0,0.064,0.8558,-0.5133,0,-0.2088,0.5144,0.8317,0,27.6145,0,0,1]},
{"frame":7,"values":[0.9694,0.0861,0.23,0,0.0407,0.8673,-0.4961,0,-0.2422,0.4903,0.8372,0,27.6145,0,0,1]},
{"frame":8,"values":[0.9598,0.1248,0.2512,0,0.0126,0.8754,-0.4832,0,-0.2802,0.4669,0.8387,0,27.6145,0,0,1]},
{"frame":9,"values":[0.9493,0.1595,0.271,0,-0.0124,0.8801,-0.4746,0,-0.3143,0.4472,0.8374,0,27.6145,0,0,1]},
{"frame":10,"values":[0.9416,0.176,0.287,0,-0.0213,0.8819,-0.471,0,-0.336,0.4374,0.8342,0,27.6145,0,0,1]},
{"frame":11,"values":[0.9363,0.1835,0.2993,0,-0.0237,0.8837,-0.4674,0,-0.3503,0.4305,0.8318,0,27.6145,0,0,1]},
{"frame":12,"values":[0.9326,0.1911,0.306,0,-0.0304,0.8868,-0.4611,0,-0.3595,0.4208,0.8329,0,27.6145,0,0,1]},
{"frame":13,"values":[0.9329,0.1962,0.302,0,-0.0368,0.8861,-0.462,0,-0.3583,0.4199,0.8338,0,27.6145,0,0,1]},
{"frame":14,"values":[0.9388,0.1921,0.2859,0,-0.0359,0.8801,-0.4734,0,-0.3426,0.4341,0.8332,0,27.6144,0,0,1]},
{"frame":15,"values":[0.948,0.1791,0.2631,0,-0.0303,0.8736,-0.4857,0,-0.3168,0.4524,0.8336,0,27.6145,0,0,1]},
{"frame":16,"values":[0.9557,0.1701,0.2403,0,-0.0291,0.8667,-0.4979,0,-0.293,0.4689,0.8333,0,27.6145,0,0,1]},
{"frame":17,"values":[0.9603,0.1775,0.2154,0,-0.0424,0.8556,-0.5159,0,-0.2759,0.4863,0.8291,0,27.6145,0,0,1]},
{"frame":18,"values":[0.9637,0.1983,0.1786,0,-0.0726,0.8388,-0.5396,0,-0.2568,0.507,0.8228,0,27.6145,0,0,1]},
{"frame":19,"values":[0.9667,0.2183,0.1337,0,-0.1049,0.8143,-0.5709,0,-0.2335,0.5378,0.8101,0,27.6144,0,0,1]},
{"frame":20,"values":[0.97,0.2232,0.0968,0,-0.1197,0.7842,-0.6089,0,-0.2118,0.579,0.7873,0,27.6145,0,0,1]},
{"frame":21,"values":[0.9739,0.2157,0.0709,0,-0.1208,0.7566,-0.6426,0,-0.1922,0.6173,0.7629,0,27.6144,0,0,1]},
{"frame":22,"values":[0.9762,0.2112,0.0489,0,-0.1263,0.7376,-0.6633,0,-0.1762,0.6413,0.7468,0,27.6144,0,0,1]},
{"frame":23,"values":[0.9771,0.2103,0.0327,0,-0.134,0.7274,-0.673,0,-0.1653,0.6532,0.7389,0,27.6145,0,0,1]},
{"frame":24,"values":[0.9808,0.1932,0.0266,0,-0.1253,0.7288,-0.6732,0,-0.1495,0.6569,0.739,0,27.6145,0,0,1]},
{"frame":25,"values":[0.9896,0.1408,0.029,0,-0.0871,0.7476,-0.6584,0,-0.1144,0.649,0.7521,0,27.6145,0,0,1]},
{"frame":26,"values":[0.9967,0.0712,0.0389,0,-0.0306,0.7741,-0.6323,0,-0.0752,0.6291,0.7737,0,27.6145,0,0,1]},
{"frame":27,"values":[0.9984,0.0014,0.0573,0,0.0332,0.8005,-0.5984,0,-0.0467,0.5993,0.7992,0,27.6145,0,0,1]},
{"frame":28,"values":[0.9956,-0.054,0.076,0,0.0875,0.8219,-0.5629,0,-0.0321,0.5671,0.823,0,27.6145,0,0,1]},
{"frame":29,"values":[0.9939,-0.0772,0.0789,0,0.1077,0.833,-0.5426,0,-0.0238,0.5478,0.8363,0,27.6145,0,0,1]}],"loopBehavior":1,"name":"anim","property":"_matrix"}},
