{"producer":{"name":"Blender","version":"2.79 (sub 0)","exporter_version":"5.6.4","file":"malewalkback.babylon"},
"autoClear":true,"clearColor":[0.0509,0.0509,0.0509],"ambientColor":[0,0,0],"gravity":[0,-9.81,0],
"materials":[{"name":"malewalkback.Material","id":"malewalkback.Material","ambient":[0.8,0.8,0.8],"diffuse":[0.64,0.64,0.64],"specular":[0.5,0.5,0.5],"emissive":[0,0,0],"specularPower":50,"alpha":1,"backFaceCulling":true,"checkReadyOnlyOnce":false,"maxSimultaneousLights":4}],
"multiMaterials":[],
"skeletons":[{"name":"Armature","id":0,"dimensionsAtRest":[194.6189,193.2823,30.9004],"bones":[
{"name":"mixamorig:Hips","index":0,"matrix":[1,0.0024,-0.0093,0,-0.0018,0.9977,0.0683,0,-0.0094,0.0683,-0.9976,0,0.0865,98.0039,0.1933,1],"rest":[1,0,0,0,0,1,0,0,0,0,-1,0,0,99.6721,0,1],"parentBoneIndex":-1,"length":10.8627
,"animation":{"dataType":3,"framePerSecond":24,"keys":[
{"frame":1,"values":[1,0.0024,-0.0093,0,-0.0018,0.9977,0.0683,0,-0.0094,0.0683,-0.9976,0,0.0865,98.0039,0.1933,1]},
{"frame":2,"values":[0.9999,-0.0085,0.0055,0,0.008,0.9966,0.0819,0,0.0062,0.0819,-0.9966,0,-0.0767,97.9591,-1.0292,1]},
{"frame":3,"values":[0.9997,-0.0197,0.0156,0,0.0182,0.9959,0.0883,0,0.0173,0.088,-0.996,0,-0.0708,97.581,-2.0946,1]},
{"frame":4,"values":[0.9993,-0.0281,0.0254,0,0.0258,0.9958,0.0878,0,0.0278,0.0871,-0.9958,0,0.1431,97.028,-2.8833,1]},
{"frame":5,"values":[0.9987,-0.0291,0.0425,0,0.0255,0.9962,0.0834,0,0.0447,0.0823,-0.9956,0,0.5705,96.1846,-3.3038,1]},
{"frame":6,"values":[0.997,-0.0232,0.0741,0,0.0183,0.9976,0.0665,0,0.0755,0.0649,-0.995,0,1.2828,95.1336,-2.9836,1]},
{"frame":7,"values":[0.9937,-0.0094,0.1118,0,0.0052,0.9993,0.0377,0,0.1121,0.0369,-0.993,0,2.2031,94.2918,-1.7814,1]},
{"frame":8,"values":[0.992,0.0166,0.1253,0,-0.0183,0.9997,0.0129,0,0.1251,0.0151,-0.992,0,3.2822,93.8944,0.0635,1]},
{"frame":9,"values":[0.9895,0.0401,0.1389,0,-0.0404,0.9992,-0.0003,0,0.1388,0.0053,-0.9903,0,4.1589,94.4034,1.4626,1]},
{"frame":10,"values":[0.991,0.0459,0.1261,0,-0.0473,0.9989,0.0078,0,0.1256,0.0137,-0.992,0,4.551,94.9124,2.8617,1]},
{"frame":11,"values":[0.993,0.0335,0.1133,0,-0.0355,0.9992,0.016,0,0.1126,0.0199,-0.9934,0,4.943,95.4214,4.2608,1]},
{"frame":12,"values":[0.9947,0.0211,0.1004,0,-0.0236,0.9994,0.0242,0,0.0999,0.0264,-0.9946,0,5.3351,95.9305,3.6181,1]},
{"frame":13,"values":[0.9961,0.0086,0.0876,0,-0.0115,0.9994,0.0324,0,0.0873,0.0333,-0.9956,0,5.3112,96.4395,2.9755,1]},
{"frame":14,"values":[0.9972,-0.0039,0.0748,0,0.0009,0.9992,0.0406,0,0.0749,0.0405,-0.9964,0,5.3562,96.9485,2.3328,1]},
{"frame":15,"values":[0.9981,-0.0004,0.0619,0,-0.0026,0.9988,0.0489,0,0.0618,0.0489,-0.9969,0,5.4011,97.4575,1.6901,1]},
{"frame":16,"values":[0.9988,0.0031,0.049,0,-0.0059,0.9984,0.0571,0,0.0488,0.0573,-0.9972,0,4.8837,96.8543,1.0475,1]},
{"frame":17,"values":[0.9993,0.0066,0.0361,0,-0.009,0.9978,0.0653,0,0.0356,0.0656,-0.9972,0,4.3662,96.2511,0.4048,1]},
{"frame":18,"values":[0.9997,0.0102,0.0233,0,-0.0114,0.9986,0.0514,0,0.0227,0.0516,-0.9984,0,3.8488,95.6479,-0.2379,1]},
{"frame":19,"values":[0.9999,0.0137,0.0104,0,-0.0141,0.9992,0.0375,0,0.0098,0.0376,-0.9992,0,3.3313,95.0446,-0.8805,1]},
{"frame":20,"values":[0.9998,0.0172,-0.0025,0,-0.0171,0.9996,0.0236,0,-0.0029,0.0235,-0.9997,0,2.8138,94.4414,0.0845,1]},
{"frame":21,"values":[0.9998,0.0091,-0.0155,0,-0.0089,0.9999,0.0097,0,-0.0156,0.0095,-0.9998,0,2.2964,93.8382,1.0496,1]},
{"frame":22,"values":[0.9996,0.0008,-0.0283,0,-0.0009,1,-0.0043,0,-0.0283,-0.0044,-0.9996,0,1.7789,93.235,2.0146,1]},
{"frame":23,"values":[0.9998,-0.0074,-0.0185,0,0.0075,0.9999,0.009,0,-0.0184,0.0092,-0.9998,0,1.2615,94.0847,2.9797,1]},
{"frame":24,"values":[1,-0.0017,-0.0086,0,0.0018,0.9997,0.0224,0,-0.0086,0.0224,-0.9997,0,0.744,94.9344,3.9447,1]},
{"frame":25,"values":[1,0.0041,0.0012,0,-0.0041,0.9994,0.0357,0,0.0011,0.0357,-0.9994,0,0.2265,95.7841,3.1247,1]},
{"frame":26,"values":[0.9999,0.0098,-0.003,0,-0.0096,0.9987,0.0491,0,-0.0034,0.0491,-0.9988,0,-0.2909,96.6338,2.3046,1]},
{"frame":27,"values":[0.9999,0.0091,-0.0072,0,-0.0087,0.998,0.0624,0,-0.0077,0.0624,-0.998,0,-0.1438,97.4835,1.4845,1]},
{"frame":28,"values":[1,0.0024,-0.0093,0,-0.0018,0.9977,0.0683,0,-0.0094,0.0683,-0.9976,0,0.0865,98.0039,0.1933,1]}],"loopBehavior":1,"name":"anim","property":"_matrix"}},
{"name":"mixamorig:Spine","index":1,"matrix":[0.9994,0.0056,-0.0333,0,-0.0011,0.9911,0.1333,0,0.0337,-0.1332,0.9905,0,0,9.9235,-1.2273,1],"rest":[1,0,0,0,0,1,0,0,0,0,1,0,0,9.9235,-1.2273,1],"parentBoneIndex":0,"length":11.7319
,"animation":{"dataType":3,"framePerSecond":24,"keys":[
{"frame":1,"values":[0.9994,0.0056,-0.0333,0,-0.0011,0.9911,0.1333,0,0.0337,-0.1332,0.9905,0,0,9.9235,-1.2273,1]},
{"frame":2,"values":[0.9999,0.0158,-0.0041,0,-0.0152,0.992,0.1254,0,0.006,-0.1254,0.9921,0,0,9.9235,-1.2273,1]},
{"frame":3,"values":[0.9994,0.0261,0.024,0,-0.0286,0.9933,0.1123,0,-0.0209,-0.1129,0.9934,0,0,9.9235,-1.2273,1]},
{"frame":4,"values":[0.9981,0.0344,0.052,0,-0.0393,0.9946,0.0965,0,-0.0484,-0.0984,0.994,0,0,9.9235,-1.2273,1]},
{"frame":5,"values":[0.9964,0.036,0.0761,0,-0.0424,0.9956,0.0836,0,-0.0728,-0.0865,0.9936,0,0,9.9235,-1.2273,1]},
{"frame":6,"values":[0.9946,0.0331,0.0983,0,-0.0403,0.9966,0.0722,0,-0.0956,-0.0757,0.9925,0,0,9.9235,-1.2273,1]},
{"frame":7,"values":[0.9939,0.0231,0.1075,0,-0.0306,0.9971,0.0691,0,-0.1056,-0.072,0.9918,0,0,9.9235,-1.2273,1]},
{"frame":8,"values":[0.9932,0.0029,0.1166,0,-0.0128,0.9964,0.0841,0,-0.1159,-0.0851,0.9896,0,0,9.9235,-1.2273,1]},
{"frame":9,"values":[0.9951,-0.0201,0.0973,0,0.0096,0.9942,0.107,0,-0.0989,-0.1056,0.9895,0,0,9.9235,-1.2273,1]},
{"frame":10,"values":[0.9964,-0.0324,0.0779,0,0.022,0.9913,0.1299,0,-0.0814,-0.1277,0.9885,0,0,9.9235,-1.2273,1]},
{"frame":11,"values":[0.998,-0.0235,0.0584,0,0.0143,0.9882,0.1526,0,-0.0613,-0.1515,0.9866,0,0,9.9235,-1.2273,1]},
{"frame":12,"values":[0.9991,-0.0142,0.039,0,0.0071,0.9845,0.1755,0,-0.0409,-0.175,0.9837,0,0,9.9235,-1.2273,1]},
{"frame":13,"values":[0.9998,-0.0048,0.0197,0,0.0015,0.9864,0.1646,0,-0.0202,-0.1645,0.9862,0,0,9.9235,-1.2273,1]},
{"frame":14,"values":[1,0.0043,0.0002,0,-0.0043,0.9881,0.1538,0,0.0004,-0.1538,0.9881,0,0,9.9235,-1.2273,1]},
{"frame":15,"values":[0.9997,0.0132,-0.0193,0,-0.0103,0.9896,0.1432,0,0.021,-0.1429,0.9895,0,0,9.9235,-1.2273,1]},
{"frame":16,"values":[0.9992,0.0089,-0.0389,0,-0.0037,0.9912,0.1324,0,0.0397,-0.1322,0.9904,0,0,9.9235,-1.2273,1]},
{"frame":17,"values":[0.9983,0.0043,-0.0584,0,0.0028,0.9926,0.1216,0,0.0585,-0.1215,0.9909,0,0,9.9235,-1.2273,1]},
{"frame":18,"values":[0.997,-0.0005,-0.0778,0,0.0091,0.9938,0.1106,0,0.0773,-0.111,0.9908,0,0,9.9235,-1.2273,1]},
{"frame":19,"values":[0.9953,-0.0055,-0.0971,0,0.0152,0.9949,0.0995,0,0.0961,-0.1005,0.9903,0,0,9.9235,-1.2273,1]},
{"frame":20,"values":[0.9932,-0.0107,-0.1164,0,0.021,0.9959,0.0882,0,0.1149,-0.0901,0.9893,0,0,9.9235,-1.2273,1]},
{"frame":21,"values":[0.9908,-0.0023,-0.1357,0,0.0129,0.9969,0.0772,0,0.1351,-0.0782,0.9877,0,0,9.9235,-1.2273,1]},
{"frame":22,"values":[0.9926,0.0062,-0.1213,0,0.006,0.995,0.1001,0,0.1213,-0.1001,0.9876,0,0,9.9235,-1.2273,1]},
{"frame":23,"values":[0.9942,0.0144,-0.1067,0,-0.0012,0.9924,0.1228,0,0.1077,-0.122,0.9867,0,0,9.9235,-1.2273,1]},
{"frame":24,"values":[0.9957,0.0072,-0.0921,0,0.0063,0.9893,0.1456,0,0.0922,-0.1455,0.985,0,0,9.9235,-1.2273,1]},
{"frame":25,"values":[0.997,-0.0004,-0.0777,0,0.0135,0.9856,0.1684,0,0.0765,-0.1689,0.9827,0,0,9.9235,-1.2273,1]},
{"frame":26,"values":[0.998,-0.0078,-0.0632,0,0.0178,0.9873,0.1581,0,0.0611,-0.1589,0.9854,0,0,9.9235,-1.2273,1]},
{"frame":27,"values":[0.9988,-0.0032,-0.0486,0,0.0104,0.989,0.1479,0,0.0476,-0.1482,0.9878,0,0,9.9235,-1.2273,1]},
{"frame":28,"values":[0.9994,0.0056,-0.0333,0,-0.0011,0.9911,0.1333,0,0.0337,-0.1332,0.9905,0,0,9.9235,-1.2273,1]}],"loopBehavior":1,"name":"anim","property":"_matrix"}},
{"name":"mixamorig:Spine1","index":2,"matrix":[0.9999,0.0064,-0.0094,0,-0.0062,0.9998,0.0163,0,0.0095,-0.0162,0.9998,0,-0.0001,11.6454,-1.4223,1],"rest":[1,0,0,0,0,1,0,0,0,0,1,0,-0.0001,11.6454,-1.4223,1],"parentBoneIndex":1,"length":13.4588
,"animation":{"dataType":3,"framePerSecond":24,"keys":[
{"frame":1,"values":[0.9999,0.0067,-0.0094,0,-0.0065,0.9998,0.0163,0,0.0095,-0.0162,0.9998,0,-0.0001,11.6454,-1.4223,1]},
{"frame":2,"values":[1,0.0065,-0.0016,0,-0.0065,0.9999,0.0158,0,0.0017,-0.0158,0.9999,0,-0.0001,11.6454,-1.4223,1]},
{"frame":3,"values":[1,0.0064,0.0061,0,-0.0065,0.9999,0.0147,0,-0.006,-0.0148,0.9999,0,-0.0001,11.6454,-1.4223,1]},
{"frame":4,"values":[0.9999,0.0063,0.0139,0,-0.0065,0.9999,0.0136,0,-0.0139,-0.0137,0.9998,0,-0.0001,11.6454,-1.4223,1]},
{"frame":5,"values":[0.9998,0.0061,0.0208,0,-0.0064,0.9999,0.0127,0,-0.0207,-0.0128,0.9997,0,-0.0001,11.6454,-1.4223,1]},
{"frame":6,"values":[0.9996,0.006,0.0272,0,-0.0063,0.9999,0.0109,0,-0.0271,-0.0111,0.9996,0,-0.0001,11.6454,-1.4223,1]},
{"frame":7,"values":[0.9995,0.0059,0.0297,0,-0.0062,0.9999,0.0099,0,-0.0296,-0.0101,0.9995,0,-0.0001,11.6454,-1.4223,1]},
{"frame":8,"values":[0.9995,0.0058,0.0322,0,-0.0062,0.9999,0.0125,0,-0.0321,-0.0127,0.9994,0,-0.0001,11.6454,-1.4223,1]},
{"frame":9,"values":[0.9996,0.0056,0.0268,0,-0.0061,0.9998,0.0171,0,-0.0267,-0.0173,0.9995,0,-0.0001,11.6454,-1.4223,1]},
{"frame":10,"values":[0.9998,0.0055,0.0214,0,-0.0059,0.9997,0.0217,0,-0.0213,-0.0219,0.9995,0,-0.0001,11.6454,-1.4223,1]},
{"frame":11,"values":[0.9999,0.0054,0.016,0,-0.0058,0.9996,0.0264,0,-0.0159,-0.0265,0.9995,0,-0.0001,11.6454,-1.4223,1]},
{"frame":12,"values":[0.9999,0.0053,0.0106,0,-0.0055,0.9997,0.0247,0,-0.0105,-0.0247,0.9996,0,-0.0001,11.6454,-1.4223,1]},
{"frame":13,"values":[1,0.0052,0.0052,0,-0.0053,0.9997,0.023,0,-0.0051,-0.023,0.9997,0,-0.0001,11.6454,-1.4223,1]},
{"frame":14,"values":[1,0.0051,-0.0002,0,-0.0051,0.9998,0.0213,0,0.0003,-0.0213,0.9998,0,-0.0001,11.6454,-1.4223,1]},
{"frame":15,"values":[1,0.005,-0.0055,0,-0.0048,0.9998,0.0196,0,0.0056,-0.0196,0.9998,0,-0.0001,11.6454,-1.4223,1]},
{"frame":16,"values":[0.9999,0.0048,-0.0109,0,-0.0046,0.9998,0.0179,0,0.011,-0.0179,0.9998,0,-0.0001,11.6454,-1.4223,1]},
{"frame":17,"values":[0.9999,0.0047,-0.0163,0,-0.0044,0.9999,0.0162,0,0.0164,-0.0162,0.9997,0,-0.0001,11.6454,-1.4223,1]},
{"frame":18,"values":[0.9998,0.0045,-0.0217,0,-0.0042,0.9999,0.0145,0,0.0218,-0.0144,0.9997,0,-0.0001,11.6454,-1.4223,1]},
{"frame":19,"values":[0.9996,0.0044,-0.0271,0,-0.004,0.9999,0.0128,0,0.0272,-0.0127,0.9995,0,-0.0001,11.6454,-1.4223,1]},
{"frame":20,"values":[0.9995,0.0042,-0.0325,0,-0.0039,0.9999,0.0112,0,0.0325,-0.011,0.9994,0,-0.0001,11.6454,-1.4223,1]},
{"frame":21,"values":[0.9993,0.0058,-0.0379,0,-0.0053,0.9999,0.0141,0,0.038,-0.0139,0.9992,0,-0.0001,11.6454,-1.4223,1]},
{"frame":22,"values":[0.9994,0.0075,-0.0338,0,-0.0069,0.9998,0.0171,0,0.0339,-0.0169,0.9993,0,-0.0001,11.6454,-1.4223,1]},
{"frame":23,"values":[0.9995,0.0091,-0.0297,0,-0.0085,0.9998,0.0201,0,0.0299,-0.0198,0.9994,0,-0.0001,11.6454,-1.4223,1]},
{"frame":24,"values":[0.9996,0.0107,-0.0257,0,-0.0101,0.9997,0.0231,0,0.0259,-0.0228,0.9994,0,-0.0001,11.6454,-1.4223,1]},
{"frame":25,"values":[0.9997,0.0092,-0.0216,0,-0.0087,0.9996,0.026,0,0.0218,-0.0258,0.9994,0,-0.0001,11.6454,-1.4223,1]},
{"frame":26,"values":[0.9998,0.0078,-0.0175,0,-0.0074,0.9997,0.0227,0,0.0177,-0.0226,0.9996,0,-0.0001,11.6454,-1.4223,1]},
{"frame":27,"values":[0.9999,0.0064,-0.0134,0,-0.0061,0.9998,0.0195,0,0.0135,-0.0194,0.9997,0,-0.0001,11.6454,-1.4223,1]},
{"frame":28,"values":[0.9999,0.0064,-0.0094,0,-0.0062,0.9998,0.0163,0,0.0095,-0.0162,0.9998,0,-0.0001,11.6454,-1.4223,1]}],"loopBehavior":1,"name":"anim","property":"_matrix"}},
{"name":"mixamorig:Spine2","index":3,"matrix":[0.9999,0.0062,-0.0092,0,-0.006,0.9998,0.0163,0,0.0093,-0.0163,0.9998,0,0.0001,13.3602,-1.6265,1],"rest":[1,0,0,0,0,1,0,0,0,0,1,0,0.0001,13.3602,-1.6265,1],"parentBoneIndex":2,"length":12.3444
,"animation":{"dataType":3,"framePerSecond":24,"keys":[
{"frame":1,"values":[0.9999,0.0066,-0.0092,0,-0.0065,0.9998,0.0163,0,0.0093,-0.0163,0.9998,0,0.0001,13.3602,-1.6265,1]},
{"frame":2,"values":[1,0.0065,-0.0014,0,-0.0064,0.9999,0.0158,0,0.0015,-0.0158,0.9999,0,0.0001,13.3602,-1.6265,1]},
{"frame":3,"values":[1,0.0063,0.0062,0,-0.0064,0.9999,0.0147,0,-0.0061,-0.0147,0.9999,0,0.0001,13.3602,-1.6265,1]},
{"frame":4,"values":[0.9999,0.0062,0.014,0,-0.0064,0.9999,0.0135,0,-0.0139,-0.0136,0.9998,0,0.0001,13.3602,-1.6265,1]},
{"frame":5,"values":[0.9998,0.0061,0.0208,0,-0.0063,0.9999,0.0126,0,-0.0208,-0.0127,0.9997,0,0.0001,13.3602,-1.6265,1]},
{"frame":6,"values":[0.9996,0.0059,0.0272,0,-0.0062,0.9999,0.0109,0,-0.0271,-0.0111,0.9996,0,0.0001,13.3602,-1.6265,1]},
{"frame":7,"values":[0.9995,0.0058,0.0296,0,-0.0061,0.9999,0.0099,0,-0.0296,-0.0101,0.9995,0,0.0001,13.3602,-1.6265,1]},
{"frame":8,"values":[0.9995,0.0056,0.0321,0,-0.006,0.9999,0.0126,0,-0.0321,-0.0128,0.9994,0,0.0001,13.3602,-1.6265,1]},
{"frame":9,"values":[0.9996,0.0055,0.0268,0,-0.0059,0.9998,0.0172,0,-0.0267,-0.0173,0.9995,0,0.0001,13.3602,-1.6265,1]},
{"frame":10,"values":[0.9998,0.0053,0.0214,0,-0.0058,0.9997,0.0218,0,-0.0213,-0.0219,0.9995,0,0.0001,13.3602,-1.6265,1]},
{"frame":11,"values":[0.9999,0.0052,0.016,0,-0.0057,0.9996,0.0264,0,-0.0159,-0.0265,0.9995,0,0.0001,13.3602,-1.6265,1]},
{"frame":12,"values":[0.9999,0.0051,0.0107,0,-0.0054,0.9997,0.0248,0,-0.0105,-0.0248,0.9996,0,0.0001,13.3602,-1.6265,1]},
{"frame":13,"values":[1,0.005,0.0053,0,-0.0051,0.9997,0.0231,0,-0.0052,-0.0231,0.9997,0,0.0001,13.3602,-1.6265,1]},
{"frame":14,"values":[1,0.0049,-0.0001,0,-0.0049,0.9998,0.0214,0,0.0002,-0.0214,0.9998,0,0.0001,13.3602,-1.6265,1]},
{"frame":15,"values":[1,0.0048,-0.0054,0,-0.0047,0.9998,0.0198,0,0.0055,-0.0197,0.9998,0,0.0001,13.3602,-1.6265,1]},
{"frame":16,"values":[0.9999,0.0046,-0.0108,0,-0.0044,0.9998,0.0181,0,0.0109,-0.018,0.9998,0,0.0001,13.3602,-1.6265,1]},
{"frame":17,"values":[0.9999,0.0045,-0.0162,0,-0.0042,0.9999,0.0164,0,0.0163,-0.0163,0.9997,0,0.0001,13.3602,-1.6265,1]},
{"frame":18,"values":[0.9998,0.0043,-0.0215,0,-0.004,0.9999,0.0147,0,0.0216,-0.0146,0.9997,0,0.0001,13.3602,-1.6265,1]},
{"frame":19,"values":[0.9996,0.0042,-0.0269,0,-0.0038,0.9999,0.0131,0,0.027,-0.0129,0.9996,0,0.0001,13.3602,-1.6265,1]},
{"frame":20,"values":[0.9995,0.004,-0.0323,0,-0.0036,0.9999,0.0114,0,0.0323,-0.0113,0.9994,0,0.0001,13.3602,-1.6265,1]},
{"frame":21,"values":[0.9993,0.0056,-0.0376,0,-0.0051,0.9999,0.0143,0,0.0377,-0.0141,0.9992,0,0.0001,13.3602,-1.6265,1]},
{"frame":22,"values":[0.9994,0.0072,-0.0336,0,-0.0066,0.9998,0.0173,0,0.0337,-0.0171,0.9993,0,0.0001,13.3602,-1.6265,1]},
{"frame":23,"values":[0.9995,0.0088,-0.0295,0,-0.0082,0.9998,0.0203,0,0.0297,-0.02,0.9994,0,0.0001,13.3602,-1.6265,1]},
{"frame":24,"values":[0.9996,0.0104,-0.0254,0,-0.0098,0.9997,0.0232,0,0.0256,-0.0229,0.9994,0,0.0001,13.3602,-1.6265,1]},
{"frame":25,"values":[0.9997,0.009,-0.0213,0,-0.0084,0.9996,0.0262,0,0.0215,-0.026,0.9994,0,0.0001,13.3602,-1.6265,1]},
{"frame":26,"values":[0.9998,0.0076,-0.0172,0,-0.0072,0.9997,0.0228,0,0.0174,-0.0227,0.9996,0,0.0001,13.3602,-1.6265,1]},
{"frame":27,"values":[0.9999,0.0062,-0.0131,0,-0.0059,0.9998,0.0195,0,0.0133,-0.0195,0.9997,0,0.0001,13.3602,-1.6265,1]},
{"frame":28,"values":[0.9999,0.0062,-0.0092,0,-0.006,0.9998,0.0163,0,0.0093,-0.0163,0.9998,0,0.0001,13.3602,-1.6265,1]}],"loopBehavior":1,"name":"anim","property":"_matrix"}},
{"name":"mixamorig:Neck","index":4,"matrix":[1,0.0058,0.0072,0,-0.0057,0.9998,-0.0187,0,-0.0073,0.0187,0.9998,0,0,15.0325,0.7929,1],"rest":[1,0,0,0,0,1,0,0,0,0,1,0,0,15.0325,0.7929,1],"parentBoneIndex":3,"length":10.7896
,"animation":{"dataType":3,"framePerSecond":24,"keys":[
{"frame":1,"values":[1,0.0047,0.0072,0,-0.0046,0.9998,-0.0187,0,-0.0073,0.0187,0.9998,0,0,15.0325,0.7929,1]},
{"frame":2,"values":[1,0.0052,0.0046,0,-0.0051,0.9998,-0.0174,0,-0.0047,0.0174,0.9998,0,0,15.0325,0.7929,1]},
{"frame":3,"values":[1,0.0056,0.0022,0,-0.0056,0.9999,-0.0162,0,-0.0023,0.0162,0.9999,0,0,15.0325,0.7929,1]},
{"frame":4,"values":[1,0.006,-0.0003,0,-0.006,0.9999,-0.0149,0,0.0002,0.0149,0.9999,0,0,15.0325,0.7929,1]},
{"frame":5,"values":[1,0.0065,-0.0023,0,-0.0065,0.9999,-0.0137,0,0.0022,0.0137,0.9999,0,0,15.0325,0.7929,1]},
{"frame":6,"values":[1,0.0069,-0.003,0,-0.0069,0.9998,-0.0176,0,0.0028,0.0177,0.9998,0,0,15.0325,0.7929,1]},
{"frame":7,"values":[1,0.0073,-0.001,0,-0.0073,0.9997,-0.0216,0,0.0008,0.0216,0.9998,0,0,15.0325,0.7929,1]},
{"frame":8,"values":[1,0.0077,0.0011,0,-0.0077,0.9996,-0.0256,0,-0.0013,0.0256,0.9997,0,0,15.0325,0.7929,1]},
{"frame":9,"values":[1,0.0082,0.0031,0,-0.0081,0.9995,-0.0296,0,-0.0033,0.0296,0.9996,0,0,15.0325,0.7929,1]},
{"frame":10,"values":[1,0.0075,0.0051,0,-0.0073,0.9994,-0.0324,0,-0.0053,0.0324,0.9995,0,0,15.0325,0.7929,1]},
{"frame":11,"values":[1,0.0068,0.0071,0,-0.0066,0.9995,-0.0299,0,-0.0073,0.0299,0.9995,0,0,15.0325,0.7929,1]},
{"frame":12,"values":[0.9999,0.0061,0.0091,0,-0.0058,0.9996,-0.0275,0,-0.0092,0.0274,0.9996,0,0,15.0325,0.7929,1]},
{"frame":13,"values":[0.9999,0.0054,0.0111,0,-0.0051,0.9997,-0.025,0,-0.0112,0.025,0.9996,0,0,15.0325,0.7929,1]},
{"frame":14,"values":[0.9999,0.0047,0.0131,0,-0.0044,0.9997,-0.0258,0,-0.0132,0.0257,0.9996,0,0,15.0325,0.7929,1]},
{"frame":15,"values":[0.9999,0.004,0.0151,0,-0.0036,0.9997,-0.0245,0,-0.0152,0.0245,0.9996,0,0,15.0325,0.7929,1]},
{"frame":16,"values":[0.9998,0.0033,0.0171,0,-0.0029,0.9997,-0.0233,0,-0.0172,0.0233,0.9996,0,0,15.0325,0.7929,1]},
{"frame":17,"values":[0.9998,0.0026,0.0191,0,-0.0022,0.9998,-0.0221,0,-0.0192,0.022,0.9996,0,0,15.0325,0.7929,1]},
{"frame":18,"values":[0.9998,0.0019,0.0211,0,-0.0015,0.9998,-0.0209,0,-0.0212,0.0208,0.9996,0,0,15.0325,0.7929,1]},
{"frame":19,"values":[0.9997,0.0024,0.0231,0,-0.0018,0.9997,-0.0227,0,-0.0232,0.0227,0.9995,0,0,15.0325,0.7929,1]},
{"frame":20,"values":[0.9997,0.0028,0.0251,0,-0.0022,0.9997,-0.0246,0,-0.0252,0.0246,0.9994,0,0,15.0325,0.7929,1]},
{"frame":21,"values":[0.9997,0.0032,0.023,0,-0.0026,0.9996,-0.0265,0,-0.023,0.0264,0.9994,0,0,15.0325,0.7929,1]},
{"frame":22,"values":[0.9998,0.0037,0.0208,0,-0.0031,0.9996,-0.0284,0,-0.0209,0.0283,0.9994,0,0,15.0325,0.7929,1]},
{"frame":23,"values":[0.9998,0.0041,0.0186,0,-0.0036,0.9996,-0.0265,0,-0.0187,0.0265,0.9995,0,0,15.0325,0.7929,1]},
{"frame":24,"values":[0.9999,0.0045,0.0164,0,-0.0041,0.9997,-0.0247,0,-0.0165,0.0246,0.9996,0,0,15.0325,0.7929,1]},
{"frame":25,"values":[0.9999,0.005,0.0143,0,-0.0046,0.9997,-0.0229,0,-0.0144,0.0228,0.9996,0,0,15.0325,0.7929,1]},
{"frame":26,"values":[0.9999,0.0054,0.0121,0,-0.0051,0.9998,-0.021,0,-0.0122,0.0209,0.9997,0,0,15.0325,0.7929,1]},
{"frame":27,"values":[0.9999,0.0058,0.0099,0,-0.0056,0.9998,-0.0192,0,-0.01,0.0191,0.9998,0,0,15.0325,0.7929,1]},
{"frame":28,"values":[1,0.0058,0.0072,0,-0.0057,0.9998,-0.0187,0,-0.0073,0.0187,0.9998,0,0,15.0325,0.7929,1]}],"loopBehavior":1,"name":"anim","property":"_matrix"}},
{"name":"mixamorig:Head","index":5,"matrix":[0.9978,-0.0291,0.0594,0,0.0347,0.9948,-0.0955,0,-0.0563,0.0973,0.9937,0,0,10.3218,3.1424,1],"rest":[1,0,0,0,0,1,0,0,0,0,1,0,0,10.3218,3.1424,1],"parentBoneIndex":4,"length":14.7322
,"animation":{"dataType":3,"framePerSecond":24,"keys":[
{"frame":1,"values":[0.9978,-0.0291,0.0594,0,0.0347,0.9948,-0.0955,0,-0.0563,0.0973,0.9937,0,0,10.3218,3.1424,1]},
{"frame":2,"values":[0.9988,-0.0332,0.0366,0,0.036,0.9962,-0.0788,0,-0.0338,0.08,0.9962,0,0,10.3218,3.1424,1]},
{"frame":3,"values":[0.9991,-0.0396,0.0123,0,0.0403,0.9974,-0.0599,0,-0.0099,0.0604,0.9981,0,0,10.3218,3.1424,1]},
{"frame":4,"values":[0.9988,-0.0465,-0.0126,0,0.0459,0.998,-0.0445,0,0.0146,0.0439,0.9989,0,0,10.3218,3.1424,1]},
{"frame":5,"values":[0.9985,-0.0485,-0.0265,0,0.0474,0.9981,-0.0391,0,0.0284,0.0378,0.9989,0,0,10.3218,3.1424,1]},
{"frame":6,"values":[0.9985,-0.0478,-0.0249,0,0.0467,0.9979,-0.0453,0,0.027,0.044,0.9987,0,0,10.3218,3.1424,1]},
{"frame":7,"values":[0.999,-0.0431,-0.0075,0,0.0425,0.9967,-0.0698,0,0.0105,0.0694,0.9975,0,0,10.3218,3.1424,1]},
{"frame":8,"values":[0.9996,-0.0283,0.01,0,0.0293,0.9917,-0.1251,0,-0.0063,0.1253,0.9921,0,0,10.3218,3.1424,1]},
{"frame":9,"values":[0.9996,-0.0104,0.0274,0,0.0145,0.9881,-0.1531,0,-0.0255,0.1535,0.9878,0,0,10.3218,3.1424,1]},
{"frame":10,"values":[0.999,-0.0021,0.0448,0,0.0101,0.9834,-0.181,0,-0.0437,0.1812,0.9825,0,0,10.3218,3.1424,1]},
{"frame":11,"values":[0.998,-0.0115,0.0622,0,0.0243,0.9777,-0.2086,0,-0.0584,0.2097,0.976,0,0,10.3218,3.1424,1]},
{"frame":12,"values":[0.9966,-0.0205,0.0799,0,0.0358,0.9801,-0.1953,0,-0.0743,0.1975,0.9775,0,0,10.3218,3.1424,1]},
{"frame":13,"values":[0.9948,-0.0297,0.0974,0,0.0471,0.9822,-0.1817,0,-0.0903,0.1854,0.9785,0,0,10.3218,3.1424,1]},
{"frame":14,"values":[0.9926,-0.039,0.1147,0,0.0581,0.9841,-0.168,0,-0.1063,0.1734,0.9791,0,0,10.3218,3.1424,1]},
{"frame":15,"values":[0.9901,-0.0486,0.1319,0,0.0689,0.9857,-0.154,0,-0.1225,0.1616,0.9792,0,0,10.3218,3.1424,1]},
{"frame":16,"values":[0.9871,-0.0584,0.1489,0,0.0795,0.987,-0.1398,0,-0.1388,0.1499,0.9789,0,0,10.3218,3.1424,1]},
{"frame":17,"values":[0.9846,-0.0547,0.1661,0,0.0762,0.9891,-0.126,0,-0.1574,0.1367,0.978,0,0,10.3218,3.1424,1]},
{"frame":18,"values":[0.9817,-0.0513,0.1833,0,0.0727,0.991,-0.1122,0,-0.1759,0.1235,0.9766,0,0,10.3218,3.1424,1]},
{"frame":19,"values":[0.9785,-0.0479,0.2004,0,0.0748,0.9888,-0.129,0,-0.192,0.1413,0.9712,0,0,10.3218,3.1424,1]},
{"frame":20,"values":[0.9751,-0.0442,0.2175,0,0.0772,0.9863,-0.1458,0,-0.2081,0.1589,0.9651,0,0,10.3218,3.1424,1]},
{"frame":21,"values":[0.9792,-0.041,0.1985,0,0.0743,0.9837,-0.1635,0,-0.1886,0.1749,0.9664,0,0,10.3218,3.1424,1]},
{"frame":22,"values":[0.9828,-0.0428,0.1795,0,0.0758,0.9805,-0.1813,0,-0.1682,0.1918,0.9669,0,0,10.3218,3.1424,1]},
{"frame":23,"values":[0.9865,-0.0327,0.1605,0,0.0648,0.9778,-0.1992,0,-0.1504,0.2069,0.9667,0,0,10.3218,3.1424,1]},
{"frame":24,"values":[0.9897,-0.0228,0.1413,0,0.0534,0.9747,-0.2169,0,-0.1328,0.2222,0.9659,0,0,10.3218,3.1424,1]},
{"frame":25,"values":[0.9924,-0.0127,0.1221,0,0.0355,0.9818,-0.1865,0,-0.1175,0.1895,0.9748,0,0,10.3218,3.1424,1]},
{"frame":26,"values":[0.9945,-0.0178,0.1029,0,0.0338,0.9872,-0.1558,0,-0.0988,0.1584,0.9824,0,0,10.3218,3.1424,1]},
{"frame":27,"values":[0.9963,-0.0223,0.0835,0,0.0327,0.9916,-0.1248,0,-0.0801,0.127,0.9887,0,0,10.3218,3.1424,1]},
{"frame":28,"values":[0.9978,-0.0291,0.0594,0,0.0347,0.9948,-0.0955,0,-0.0563,0.0973,0.9937,0,0,10.3218,3.1424,1]}],"loopBehavior":1,"name":"anim","property":"_matrix"}},
{"name":"mixamorig:HeadTop_End","index":6,"matrix":[1,0,0,0,0,1,0,0,0,0,1,0,0.0002,18.4747,6.6364,1],"rest":[1,0,0,0,0,1,0,0,0,0,1,0,0.0002,18.4747,6.6364,1],"parentBoneIndex":5,"length":14.7322
,"animation":{"dataType":3,"framePerSecond":24,"keys":[
{"frame":1,"values":[1,0,0,0,0,1,0,0,0,0,1,0,0.0002,18.4747,6.6364,1]},
{"frame":28,"values":[1,0,0,0,0,1,0,0,0,0,1,0,0.0002,18.4747,6.6364,1]}],"loopBehavior":1,"name":"anim","property":"_matrix"}},
{"name":"mixamorig:LeftEye","index":7,"matrix":[1,0,0,0,0,1,0,0,0,0,1,0,2.9479,7.6817,9.1207,1],"rest":[1,0,0,0,0,1,0,0,0,0,1,0,2.9479,7.6817,9.1207,1],"parentBoneIndex":5,"length":14.7322
,"animation":{"dataType":3,"framePerSecond":24,"keys":[
{"frame":1,"values":[1,0,0,0,0,1,0,0,0,0,1,0,2.9479,7.6817,9.1207,1]},
{"frame":28,"values":[1,0,0,0,0,1,0,0,0,0,1,0,2.9479,7.6817,9.1207,1]}],"loopBehavior":1,"name":"anim","property":"_matrix"}},
{"name":"mixamorig:RightEye","index":8,"matrix":[1,0,0,0,0,1,0,0,0,0,1,0,-2.9445,7.6817,9.1205,1],"rest":[1,0,0,0,0,1,0,0,0,0,1,0,-2.9445,7.6817,9.1205,1],"parentBoneIndex":5,"length":14.7322
,"animation":{"dataType":3,"framePerSecond":24,"keys":[
{"frame":1,"values":[1,0,0,0,0,1,0,0,0,0,1,0,-2.9445,7.6817,9.1205,1]},
{"frame":28,"values":[1,0,0,0,0,1,0,0,0,0,1,0,-2.9445,7.6817,9.1205,1]}],"loopBehavior":1,"name":"anim","property":"_matrix"}},
{"name":"mixamorig:LeftShoulder","index":9,"matrix":[0.9435,-0.3258,0.0607,0,0.3244,0.9454,0.0311,0,-0.0675,-0.0097,0.9977,0,6.1058,9.1104,0.7056,1],"rest":[1,0,0,0,0,1,0,0,0,0,1,0,6.1058,9.1104,0.7056,1],"parentBoneIndex":3,"length":12.9222
,"animation":{"dataType":3,"framePerSecond":24,"keys":[
{"frame":1,"values":[0.9435,-0.3258,0.0607,0,0.3244,0.9454,0.0311,0,-0.0675,-0.0097,0.9977,0,6.1058,9.1104,0.7056,1]},
{"frame":2,"values":[0.9433,-0.3244,0.0709,0,0.3227,0.9459,0.0336,0,-0.078,-0.0088,0.9969,0,6.1058,9.1104,0.7056,1]},
{"frame":3,"values":[0.9427,-0.3253,0.0737,0,0.3236,0.9456,0.0344,0,-0.0809,-0.0086,0.9967,0,6.1058,9.1104,0.7056,1]},
{"frame":4,"values":[0.942,-0.3275,0.0738,0,0.3258,0.9448,0.0346,0,-0.0811,-0.0085,0.9967,0,6.1058,9.1104,0.7056,1]},
{"frame":5,"values":[0.9391,-0.3341,0.0802,0,0.3322,0.9425,0.0367,0,-0.0878,-0.0079,0.9961,0,6.1058,9.1104,0.7056,1]},
{"frame":6,"values":[0.9388,-0.3334,0.0869,0,0.3312,0.9428,0.0384,0,-0.0947,-0.0073,0.9955,0,6.1058,9.1104,0.7056,1]},
{"frame":7,"values":[0.9372,-0.3334,0.1029,0,0.3307,0.9428,0.0425,0,-0.1112,-0.0058,0.9938,0,6.1058,9.1104,0.7056,1]},
{"frame":8,"values":[0.9363,-0.328,0.1253,0,0.3246,0.9447,0.0477,0,-0.134,-0.004,0.991,0,6.1058,9.1104,0.7056,1]},
{"frame":9,"values":[0.9345,-0.3296,0.134,0,0.3253,0.9441,0.0538,0,-0.1443,-0.0067,0.9895,0,6.1058,9.1104,0.7056,1]},
{"frame":10,"values":[0.933,-0.3303,0.1427,0,0.3258,0.9439,0.0542,0,-0.1527,-0.0041,0.9883,0,6.1058,9.1104,0.7056,1]},
{"frame":11,"values":[0.9312,-0.3314,0.1515,0,0.3269,0.9435,0.0547,0,-0.161,-0.0014,0.9869,0,6.1058,9.1104,0.7056,1]},
{"frame":12,"values":[0.935,-0.3261,0.1395,0,0.3221,0.9453,0.0511,0,-0.1486,-0.0028,0.9889,0,6.1058,9.1104,0.7056,1]},
{"frame":13,"values":[0.9385,-0.3207,0.1276,0,0.3172,0.9472,0.0475,0,-0.1361,-0.0041,0.9907,0,6.1058,9.1104,0.7056,1]},
{"frame":14,"values":[0.9419,-0.3153,0.1156,0,0.3123,0.949,0.044,0,-0.1236,-0.0053,0.9923,0,6.1058,9.1104,0.7056,1]},
{"frame":15,"values":[0.9451,-0.3099,0.1035,0,0.3073,0.9507,0.0405,0,-0.111,-0.0065,0.9938,0,6.1058,9.1104,0.7056,1]},
{"frame":16,"values":[0.9481,-0.3045,0.0915,0,0.3023,0.9525,0.0371,0,-0.0984,-0.0075,0.9951,0,6.1058,9.1104,0.7056,1]},
{"frame":17,"values":[0.9509,-0.299,0.0794,0,0.2972,0.9542,0.0338,0,-0.0858,-0.0086,0.9963,0,6.1058,9.1104,0.7056,1]},
{"frame":18,"values":[0.9536,-0.2935,0.0672,0,0.2921,0.9559,0.0305,0,-0.0732,-0.0095,0.9973,0,6.1058,9.1104,0.7056,1]},
{"frame":19,"values":[0.956,-0.288,0.0551,0,0.2869,0.9576,0.0274,0,-0.0606,-0.0104,0.9981,0,6.1058,9.1104,0.7056,1]},
{"frame":20,"values":[0.9587,-0.2824,0.0329,0,0.2816,0.9592,0.0258,0,-0.0388,-0.0154,0.9991,0,6.1058,9.1104,0.7056,1]},
{"frame":21,"values":[0.9605,-0.2765,0.0307,0,0.2758,0.9609,0.0241,0,-0.0362,-0.0147,0.9992,0,6.1058,9.1104,0.7056,1]},
{"frame":22,"values":[0.9589,-0.2824,0.0285,0,0.2818,0.9592,0.0225,0,-0.0337,-0.0135,0.9993,0,6.1058,9.1104,0.7056,1]},
{"frame":23,"values":[0.9564,-0.2909,0.0264,0,0.2904,0.9567,0.0209,0,-0.0313,-0.0123,0.9994,0,6.1058,9.1104,0.7056,1]},
{"frame":24,"values":[0.9535,-0.2992,0.0362,0,0.2984,0.9541,0.0263,0,-0.0424,-0.0143,0.999,0,6.1058,9.1104,0.7056,1]},
{"frame":25,"values":[0.9508,-0.3062,0.0461,0,0.305,0.9518,0.0318,0,-0.0536,-0.0162,0.9984,0,6.1058,9.1104,0.7056,1]},
{"frame":26,"values":[0.948,-0.3132,0.0559,0,0.3118,0.9496,0.0318,0,-0.063,-0.0128,0.9979,0,6.1058,9.1104,0.7056,1]},
{"frame":27,"values":[0.9451,-0.3201,0.0657,0,0.3186,0.9473,0.032,0,-0.0725,-0.0093,0.9973,0,6.1058,9.1104,0.7056,1]},
{"frame":28,"values":[0.9435,-0.3258,0.0607,0,0.3244,0.9454,0.0311,0,-0.0675,-0.0097,0.9977,0,6.1058,9.1104,0.7056,1]}],"loopBehavior":1,"name":"anim","property":"_matrix"}},
{"name":"mixamorig:LeftArm","index":10,"matrix":[0.4476,-0.8923,-0.0593,0,0.8942,0.447,0.0238,0,0.0053,-0.0637,0.998,0,12.655,-0.2659,-2.6009,1],"rest":[1,0,0,0,0,1,0,0,0,0,1,0,12.655,-0.2659,-2.6009,1],"parentBoneIndex":9,"length":27.4047
,"animation":{"dataType":3,"framePerSecond":24,"keys":[
{"frame":1,"values":[0.4476,-0.8923,-0.0593,0,0.8942,0.447,0.0238,0,0.0053,-0.0637,0.998,0,12.655,-0.2659,-2.6009,1]},
{"frame":2,"values":[0.4613,-0.887,0.0218,0,0.8866,0.4617,0.0283,0,-0.0352,0.0063,0.9994,0,12.655,-0.2659,-2.6009,1]},
{"frame":3,"values":[0.4732,-0.8742,0.109,0,0.8772,0.479,0.0331,0,-0.0811,0.0799,0.9935,0,12.655,-0.2659,-2.6009,1]},
{"frame":4,"values":[0.4816,-0.8536,0.1986,0,0.8663,0.498,0.0396,0,-0.1327,0.153,0.9793,0,12.655,-0.2659,-2.6009,1]},
{"frame":5,"values":[0.4909,-0.8236,0.2839,0,0.8471,0.5275,0.0655,0,-0.2037,0.2084,0.9566,0,12.655,-0.2659,-2.6009,1]},
{"frame":6,"values":[0.485,-0.7911,0.3727,0,0.8248,0.5555,0.1056,0,-0.2906,0.2562,0.9219,0,12.655,-0.2659,-2.6009,1]},
{"frame":7,"values":[0.468,-0.7573,0.4555,0,0.8213,0.563,0.092,0,-0.3261,0.331,0.8855,0,12.655,-0.2659,-2.6009,1]},
{"frame":8,"values":[0.4529,-0.7269,0.5163,0,0.8197,0.5672,0.0795,0,-0.3507,0.3872,0.8527,0,12.655,-0.2659,-2.6009,1]},
{"frame":9,"values":[0.436,-0.7124,0.5499,0,0.8264,0.5589,0.0688,0,-0.3563,0.4244,0.8324,0,12.655,-0.2659,-2.6009,1]},
{"frame":10,"values":[0.431,-0.717,0.5479,0,0.8346,0.5476,0.0601,0,-0.3431,0.4313,0.8344,0,12.655,-0.2659,-2.6009,1]},
{"frame":11,"values":[0.4524,-0.7627,0.4622,0,0.8437,0.534,0.0554,0,-0.2891,0.3648,0.885,0,12.655,-0.2659,-2.6009,1]},
{"frame":12,"values":[0.4684,-0.8018,0.371,0,0.8524,0.5206,0.0491,0,-0.2325,0.2933,0.9273,0,12.655,-0.2659,-2.6009,1]},
{"frame":13,"values":[0.4786,-0.8336,0.2757,0,0.8606,0.5077,0.0411,0,-0.1742,0.2176,0.9604,0,12.655,-0.2659,-2.6009,1]},
{"frame":14,"values":[0.4829,-0.8575,0.1777,0,0.8681,0.4954,0.0316,0,-0.1151,0.139,0.9836,0,12.655,-0.2659,-2.6009,1]},
{"frame":15,"values":[0.4811,-0.8732,0.0785,0,0.8749,0.4839,0.0208,0,-0.0561,0.0586,0.9967,0,12.655,-0.2659,-2.6009,1]},
{"frame":16,"values":[0.4735,-0.8806,-0.0204,0,0.8808,0.4734,0.0088,0,0.0019,-0.0221,0.9998,0,12.655,-0.2659,-2.6009,1]},
{"frame":17,"values":[0.4644,-0.8764,-0.1278,0,0.8836,0.4683,-0.0001,0,0.0599,-0.1128,0.9918,0,12.655,-0.2659,-2.6009,1]},
{"frame":18,"values":[0.4491,-0.8623,-0.2342,0,0.8858,0.4639,-0.0097,0,0.117,-0.2031,0.9721,0,12.655,-0.2659,-2.6009,1]},
{"frame":19,"values":[0.4276,-0.8385,-0.3378,0,0.8874,0.4605,-0.0197,0,0.1721,-0.2914,0.941,0,12.655,-0.2659,-2.6009,1]},
{"frame":20,"values":[0.4005,-0.8055,-0.4368,0,0.8884,0.458,-0.03,0,0.2242,-0.3761,0.8991,0,12.655,-0.2659,-2.6009,1]},
{"frame":21,"values":[0.3893,-0.791,-0.4719,0,0.8909,0.4535,-0.0251,0,0.2338,-0.4107,0.8813,0,12.655,-0.2659,-2.6009,1]},
{"frame":22,"values":[0.3918,-0.8041,-0.4471,0,0.8941,0.4474,-0.0211,0,0.217,-0.3915,0.8942,0,12.655,-0.2659,-2.6009,1]},
{"frame":23,"values":[0.3939,-0.8166,-0.4219,0,0.8971,0.4414,-0.0169,0,0.2,-0.3719,0.9065,0,12.655,-0.2659,-2.6009,1]},
{"frame":24,"values":[0.4032,-0.8436,-0.3546,0,0.9,0.4356,-0.0131,0,0.1655,-0.3139,0.9349,0,12.655,-0.2659,-2.6009,1]},
{"frame":25,"values":[0.4099,-0.8664,-0.2853,0,0.9028,0.4301,-0.0088,0,0.1303,-0.2539,0.9584,0,12.655,-0.2659,-2.6009,1]},
{"frame":26,"values":[0.4141,-0.8846,-0.2144,0,0.9053,0.4248,-0.0041,0,0.0947,-0.1924,0.9767,0,12.655,-0.2659,-2.6009,1]},
{"frame":27,"values":[0.4156,-0.8983,-0.1426,0,0.9076,0.4198,0.001,0,0.059,-0.1298,0.9898,0,12.655,-0.2659,-2.6009,1]},
{"frame":28,"values":[0.4476,-0.8923,-0.0593,0,0.8942,0.447,0.0238,0,0.0053,-0.0637,0.998,0,12.655,-0.2659,-2.6009,1]}],"loopBehavior":1,"name":"anim","property":"_matrix"}},
{"name":"mixamorig:LeftForeArm","index":11,"matrix":[0.9936,0,0.113,0,0,1,0,0,-0.113,0,0.9936,0,27.4047,0,0,1],"rest":[1,0,0,0,0,1,0,0,0,0,1,0,27.4047,0,0,1],"parentBoneIndex":10,"length":27.6145
,"animation":{"dataType":3,"framePerSecond":24,"keys":[
{"frame":1,"values":[0.9936,0,0.113,0,0,1,0,0,-0.113,0,0.9936,0,27.4047,0,0,1]},
{"frame":2,"values":[0.9914,0,0.1309,0,0,1,0,0,-0.1309,0,0.9914,0,27.4047,0,0,1]},
{"frame":3,"values":[0.9875,0,0.1577,0,0,1,0,0,-0.1577,0,0.9875,0,27.4047,0,0,1]},
{"frame":4,"values":[0.9812,0,0.1931,0,0,1,0,0,-0.1931,0,0.9812,0,27.4047,0,0,1]},
{"frame":5,"values":[0.9702,0,0.2423,0,0,1,0,0,-0.2423,0,0.9702,0,27.4047,0,0,1]},
{"frame":6,"values":[0.9568,0,0.2907,0,0,1,0,0,-0.2907,0,0.9568,0,27.4047,0,0,1]},
{"frame":7,"values":[0.9408,0,0.339,0,0,1,0,0,-0.339,0,0.9408,0,27.4047,0,0,1]},
{"frame":8,"values":[0.9223,0,0.3865,0,0,1,0,0,-0.3865,0,0.9223,0,27.4047,0,0,1]},
{"frame":9,"values":[0.9316,0,0.3636,0,0,1,0,0,-0.3636,0,0.9316,0,27.4047,0,0,1]},
{"frame":10,"values":[0.9403,0,0.3405,0,0,1,0,0,-0.3405,0,0.9403,0,27.4047,0,0,1]},
{"frame":11,"values":[0.9484,0,0.3171,0,0,1,0,0,-0.3171,0,0.9484,0,27.4047,0,0,1]},
{"frame":12,"values":[0.956,0,0.2935,0,0,1,0,0,-0.2935,0,0.956,0,27.4047,0,0,1]},
{"frame":13,"values":[0.963,0,0.2696,0,0,1,0,0,-0.2696,0,0.963,0,27.4047,0,0,1]},
{"frame":14,"values":[0.9694,0,0.2457,0,0,1,0,0,-0.2457,0,0.9694,0,27.4047,0,0,1]},
{"frame":15,"values":[0.9752,0,0.2215,0,0,1,0,0,-0.2215,0,0.9752,0,27.4047,0,0,1]},
{"frame":16,"values":[0.9804,0,0.1972,0,0,1,0,0,-0.1972,0,0.9804,0,27.4047,0,0,1]},
{"frame":17,"values":[0.9849,0,0.1729,0,0,1,0,0,-0.1729,0,0.9849,0,27.4047,0,0,1]},
{"frame":18,"values":[0.9889,0,0.1484,0,0,1,0,0,-0.1484,0,0.9889,0,27.4047,0,0,1]},
{"frame":19,"values":[0.9923,0,0.1238,0,0,1,0,0,-0.1238,0,0.9923,0,27.4047,0,0,1]},
{"frame":20,"values":[0.9951,0,0.0993,0,0,1,0,0,-0.0993,0,0.9951,0,27.4047,0,0,1]},
{"frame":21,"values":[0.9972,0,0.0747,0,0,1,0,0,-0.0747,0,0.9972,0,27.4047,0,0,1]},
{"frame":22,"values":[0.9972,0,0.0753,0,0,1,0,0,-0.0753,0,0.9972,0,27.4047,0,0,1]},
{"frame":23,"values":[0.9971,0,0.076,0,0,1,0,0,-0.076,0,0.9971,0,27.4047,0,0,1]},
{"frame":24,"values":[0.9971,0,0.0766,0,0,1,0,0,-0.0766,0,0.9971,0,27.4047,0,0,1]},
{"frame":25,"values":[0.997,0,0.0773,0,0,1,0,0,-0.0773,0,0.997,0,27.4047,0,0,1]},
{"frame":26,"values":[0.997,0,0.0779,0,0,1,0,0,-0.0779,0,0.997,0,27.4047,0,0,1]},
{"frame":27,"values":[0.9969,0,0.0786,0,0,1,0,0,-0.0786,0,0.9969,0,27.4047,0,0,1]},
{"frame":28,"values":[0.9936,0,0.113,0,0,1,0,0,-0.113,0,0.9936,0,27.4047,0,0,1]}],"loopBehavior":1,"name":"anim","property":"_matrix"}},
{"name":"mixamorig:LeftHand","index":12,"matrix":[0.9926,0.0609,0.1051,0,-0.0758,0.9867,0.1441,0,-0.0949,-0.151,0.984,0,27.6145,0,0,1],"rest":[1,0,0,0,0,1,0.0001,0,0,-0.0001,1,0,27.6145,0,0,1],"parentBoneIndex":11,"length":10.9801
,"animation":{"dataType":3,"framePerSecond":24,"keys":[
{"frame":1,"values":[0.9926,0.0609,0.1051,0,-0.0758,0.9867,0.1441,0,-0.0949,-0.151,0.984,0,27.6145,0,0,1]},
{"frame":2,"values":[0.9864,0.0962,0.1329,0,-0.1169,0.9805,0.1579,0,-0.1151,-0.1713,0.9785,0,27.6145,0,0,1]},
{"frame":3,"values":[0.9767,0.1433,0.1595,0,-0.1678,0.9739,0.1529,0,-0.1334,-0.1761,0.9753,0,27.6145,0,0,1]},
{"frame":4,"values":[0.9617,0.1806,0.2063,0,-0.2123,0.9667,0.1432,0,-0.1735,-0.1815,0.968,0,27.6145,0,0,1]},
{"frame":5,"values":[0.9468,0.1897,0.2599,0,-0.2266,0.9665,0.1202,0,-0.2284,-0.1727,0.9581,0,27.6145,0,0,1]},
{"frame":6,"values":[0.9352,0.1899,0.2987,0,-0.2271,0.9693,0.0946,0,-0.2716,-0.1563,0.9496,0,27.6145,0,0,1]},
{"frame":7,"values":[0.9368,0.1711,0.3053,0,-0.201,0.9772,0.0691,0,-0.2865,-0.1261,0.9497,0,27.6145,0,0,1]},
{"frame":8,"values":[0.9377,0.1524,0.3123,0,-0.1744,0.9837,0.0437,0,-0.3006,-0.0954,0.949,0,27.6145,0,0,1]},
{"frame":9,"values":[0.9467,0.1371,0.2915,0,-0.1623,0.9847,0.064,0,-0.2783,-0.1079,0.9544,0,27.6145,0,0,1]},
{"frame":10,"values":[0.955,0.1219,0.2702,0,-0.1495,0.9852,0.084,0,-0.256,-0.1207,0.9591,0,27.6145,0,0,1]},
{"frame":11,"values":[0.9627,0.107,0.2484,0,-0.1363,0.9852,0.1038,0,-0.2336,-0.1338,0.9631,0,27.6145,0,0,1]},
{"frame":12,"values":[0.9697,0.0924,0.2261,0,-0.1226,0.9848,0.1233,0,-0.2113,-0.1473,0.9663,0,27.6145,0,0,1]},
{"frame":13,"values":[0.976,0.0781,0.2034,0,-0.1084,0.9839,0.1424,0,-0.189,-0.161,0.9687,0,27.6145,0,0,1]},
{"frame":14,"values":[0.9815,0.064,0.1803,0,-0.0937,0.9825,0.1612,0,-0.1668,-0.1751,0.9703,0,27.6145,0,0,1]},
{"frame":15,"values":[0.9864,0.0503,0.1568,0,-0.0785,0.9806,0.1796,0,-0.1447,-0.1894,0.9712,0,27.6145,0,0,1]},
{"frame":16,"values":[0.9904,0.0369,0.133,0,-0.063,0.9783,0.1975,0,-0.1228,-0.204,0.9712,0,27.6145,0,0,1]},
{"frame":17,"values":[0.9938,0.0239,0.1089,0,-0.047,0.9755,0.215,0,-0.1011,-0.2188,0.9705,0,27.6145,0,0,1]},
{"frame":18,"values":[0.9964,0.0112,0.0845,0,-0.0307,0.9722,0.2321,0,-0.0796,-0.2338,0.969,0,27.6145,0,0,1]},
{"frame":19,"values":[0.9982,-0.001,0.06,0,-0.014,0.9685,0.2486,0,-0.0583,-0.249,0.9667,0,27.6145,0,0,1]},
{"frame":20,"values":[0.9993,-0.0128,0.0352,0,0.003,0.9643,0.2647,0,-0.0373,-0.2644,0.9637,0,27.6145,0,0,1]},
{"frame":21,"values":[0.9997,-0.0242,0.0103,0,0.0203,0.9597,0.2802,0,-0.0167,-0.2799,0.9599,0,27.6145,0,0,1]},
{"frame":22,"values":[0.9996,-0.0161,0.0215,0,0.0098,0.9632,0.2686,0,-0.0251,-0.2683,0.963,0,27.6145,0,0,1]},
{"frame":23,"values":[0.9994,-0.0079,0.0326,0,-0.0007,0.9664,0.2569,0,-0.0336,-0.2567,0.9659,0,27.6145,0,0,1]},
{"frame":24,"values":[0.999,0.0004,0.0436,0,-0.0111,0.9695,0.245,0,-0.0422,-0.2452,0.9685,0,27.6145,0,0,1]},
{"frame":25,"values":[0.9985,0.0088,0.0545,0,-0.0213,0.9723,0.2329,0,-0.051,-0.2337,0.971,0,27.6145,0,0,1]},
{"frame":26,"values":[0.9977,0.0174,0.0653,0,-0.0315,0.9748,0.2208,0,-0.0598,-0.2223,0.9731,0,27.6145,0,0,1]},
{"frame":27,"values":[0.9968,0.0261,0.076,0,-0.0415,0.9772,0.2084,0,-0.0688,-0.2109,0.9751,0,27.6145,0,0,1]},
{"frame":28,"values":[0.9926,0.0609,0.1051,0,-0.0758,0.9867,0.1441,0,-0.0949,-0.151,0.984,0,27.6145,0,0,1]}],"loopBehavior":1,"name":"anim","property":"_matrix"}},
{"name":"mixamorig:LeftHandMiddle1","index":13,"matrix":[0.7832,-0.6135,-0.1014,0,0.6123,0.7893,-0.046,0,0.1082,-0.0261,0.9938,0,12.7755,0,0,1],"rest":[1,0,0,0,0,1,0,0,0,0,1,0,12.7755,0,0,1],"parentBoneIndex":12,"length":3.614
,"animation":{"dataType":3,"framePerSecond":24,"keys":[
{"frame":1,"values":[0.7832,-0.6135,-0.1014,0,0.6123,0.7893,-0.046,0,0.1082,-0.0261,0.9938,0,12.7755,0,0,1]},
{"frame":2,"values":[0.802,-0.5877,-0.1066,0,0.587,0.8086,-0.0414,0,0.1105,-0.0294,0.9934,0,12.7755,0,0,1]},
{"frame":3,"values":[0.8271,-0.5524,-0.1035,0,0.5519,0.8331,-0.0356,0,0.1059,-0.0277,0.994,0,12.7755,0,0,1]},
{"frame":4,"values":[0.854,-0.5122,-0.0914,0,0.5117,0.8586,-0.0305,0,0.0941,-0.0208,0.9953,0,12.7755,0,0,1]},
{"frame":5,"values":[0.8749,-0.4783,-0.0759,0,0.4777,0.8781,-0.0274,0,0.0798,-0.0123,0.9967,0,12.7755,0,0,1]},
{"frame":6,"values":[0.8906,-0.4513,-0.0565,0,0.4505,0.8924,-0.0268,0,0.0625,-0.0016,0.998,0,12.7755,0,0,1]},
{"frame":7,"values":[0.8972,-0.439,-0.0471,0,0.4382,0.8985,-0.0269,0,0.0541,0.0035,0.9985,0,12.7755,0,0,1]},
{"frame":8,"values":[0.8976,-0.4388,-0.0421,0,0.438,0.8985,-0.0277,0,0.05,0.0065,0.9987,0,12.7755,0,0,1]},
{"frame":9,"values":[0.8928,-0.449,-0.037,0,0.4482,0.8935,-0.0295,0,0.0463,0.0097,0.9989,0,12.7755,0,0,1]},
{"frame":10,"values":[0.8753,-0.481,-0.0489,0,0.48,0.8767,-0.0311,0,0.0579,0.0038,0.9983,0,12.7755,0,0,1]},
{"frame":11,"values":[0.8566,-0.5124,-0.0608,0,0.5113,0.8588,-0.0332,0,0.0693,-0.0026,0.9976,0,12.7755,0,0,1]},
{"frame":12,"values":[0.8366,-0.543,-0.0726,0,0.5419,0.8397,-0.0358,0,0.0804,-0.0094,0.9967,0,12.7755,0,0,1]},
{"frame":13,"values":[0.8153,-0.5728,-0.0843,0,0.5718,0.8195,-0.0387,0,0.0913,-0.0166,0.9957,0,12.7755,0,0,1]},
{"frame":14,"values":[0.7929,-0.6018,-0.0959,0,0.6008,0.7983,-0.0421,0,0.1018,-0.0242,0.9945,0,12.7755,0,0,1]},
{"frame":15,"values":[0.7693,-0.6298,-0.1072,0,0.629,0.7761,-0.0458,0,0.1121,-0.0322,0.9932,0,12.7755,0,0,1]},
{"frame":16,"values":[0.7589,-0.6427,-0.1045,0,0.6417,0.7655,-0.0479,0,0.1108,-0.0307,0.9934,0,12.7755,0,0,1]},
{"frame":17,"values":[0.7484,-0.6554,-0.1018,0,0.6542,0.7547,-0.05,0,0.1095,-0.0292,0.9936,0,12.7755,0,0,1]},
{"frame":18,"values":[0.7376,-0.668,-0.099,0,0.6665,0.7437,-0.052,0,0.1083,-0.0276,0.9937,0,12.7755,0,0,1]},
{"frame":19,"values":[0.7266,-0.6803,-0.0961,0,0.6787,0.7324,-0.0539,0,0.1071,-0.0261,0.9939,0,12.7755,0,0,1]},
{"frame":20,"values":[0.7154,-0.6925,-0.0933,0,0.6907,0.721,-0.0558,0,0.1059,-0.0245,0.9941,0,12.7755,0,0,1]},
