{"producer":{"name":"Blender","version":"2.90.0","exporter_version":"6.4.4","file":"option_dance.babylon"},
"autoClear":true,"clearColor":[0.0509,0.0509,0.0509],"gravity":[0,-9.81,0],
"materials":[{"name":"Material","id":"Material","customType":"BABYLON.PBRMaterial","backFaceCulling":true,"checkReadyOnlyOnce":false,"maxSimultaneousLights":4,"environmentIntensity":1,"albedo":[0.8,0.8,0.8],"reflectivity":[0.5,0.5,0.5],"roughness":0.4,"alpha":1,"transparencyMode":0,"alphaCutOff":0.4,"metallic":0}],
"multiMaterials":[],
"skeletons":[{"name":"Armature","id":0,"dimensionsAtRest":[388.2814,398.0699,56.8775],"bones":[
{"name":"mixamorig:Hips","index":0,"matrix":[0.8715,0.1064,-0.4786,0,-0.0956,0.9943,0.0468,0,-0.4809,-0.005,-0.8768,0,-0.5188,174.9237,0.7925,1],"rest":[1,0,0,0,0,1,0,0,0,0,-1,0,0,209.0984,0,1],"parentBoneIndex":-1,"length":22.288
,"animation":{"dataType":3,"framePerSecond":24,"keys":[
{"frame":1,"values":[0.8715,0.1064,-0.4786,0,-0.0956,0.9943,0.0468,0,-0.4809,-0.005,-0.8768,0,-0.5188,174.9236,0.7925,1]},
{"frame":2,"values":[0.8704,0.0955,-0.4829,0,-0.0862,0.9954,0.0414,0,-0.4847,-0.0055,-0.8747,0,1.9788,173.8748,2.0826,1]},
{"frame":3,"values":[0.8754,0.0889,-0.4752,0,-0.0871,0.9959,0.0259,0,-0.4756,-0.0187,-0.8795,0,1.7214,176.5088,2.0937,1]},
{"frame":4,"values":[0.889,0.089,-0.4492,0,-0.0972,0.9953,0.0049,0,-0.4475,-0.0393,-0.8934,0,-1.034,181.8111,1.1847,1]},
{"frame":5,"values":[0.9074,0.0923,-0.4101,0,-0.1052,0.9944,-0.0089,0,-0.407,-0.0512,-0.912,0,-4.2455,185.8796,0.5582,1]},
{"frame":6,"values":[0.9237,0.1086,-0.3674,0,-0.1138,0.9935,0.0076,0,-0.3658,-0.0348,-0.93,0,-7.1404,186.6828,0.7773,1]},
{"frame":7,"values":[0.9358,0.1339,-0.326,0,-0.1229,0.9909,0.054,0,-0.3303,0.0105,-0.9438,0,-10.1887,186.0053,1.7076,1]},
{"frame":8,"values":[0.9437,0.1587,-0.2903,0,-0.1334,0.9855,0.105,0,-0.3027,0.0604,-0.9512,0,-13.6788,186.9999,2.4281,1]},
{"frame":9,"values":[0.9462,0.1826,-0.2671,0,-0.1532,0.98,0.1272,0,-0.285,0.0794,-0.9552,0,-17.5845,191.5344,2.1985,1]},
{"frame":10,"values":[0.9444,0.2031,-0.2587,0,-0.1796,0.9774,0.1117,0,-0.2755,0.059,-0.9595,0,-21.7683,198.2498,1.3879,1]},
{"frame":11,"values":[0.9444,0.2115,-0.2519,0,-0.1947,0.9767,0.0902,0,-0.2651,0.0361,-0.9635,0,-26.2089,203.6188,0.6477,1]},
{"frame":12,"values":[0.9512,0.2035,-0.232,0,-0.1859,0.9779,0.0953,0,-0.2463,0.0475,-0.968,0,-30.8206,204.7524,0.1423,1]},
{"frame":13,"values":[0.9618,0.1871,-0.1999,0,-0.1641,0.9784,0.1259,0,-0.2191,0.0883,-0.9717,0,-35.0685,201.7873,-0.3241,1]},
{"frame":14,"values":[0.9708,0.172,-0.167,0,-0.1456,0.9765,0.1591,0,-0.1904,0.1302,-0.973,0,-39.1255,196.8669,-0.9994,1]},
{"frame":15,"values":[0.9765,0.1604,-0.1437,0,-0.1346,0.9755,0.1738,0,-0.1681,0.1504,-0.9742,0,-44.1438,192.5716,-1.8818,1]},
{"frame":16,"values":[0.9798,0.1502,-0.1323,0,-0.1283,0.9786,0.1608,0,-0.1536,0.1406,-0.9781,0,-50.8184,190.8042,-2.4138,1]},
{"frame":17,"values":[0.9825,0.1374,-0.1261,0,-0.1214,0.9845,0.1269,0,-0.1415,0.1093,-0.9839,0,-58.5733,191.9063,-2.1043,1]},
{"frame":18,"values":[0.9858,0.122,-0.1155,0,-0.1119,0.9896,0.0901,0,-0.1253,0.0759,-0.9892,0,-65.9889,193.6104,-1.2369,1]},
{"frame":19,"values":[0.9897,0.1086,-0.0933,0,-0.102,0.9921,0.0729,0,-0.1005,0.0626,-0.993,0,-72.3236,192.741,-0.6817,1]},
{"frame":20,"values":[0.9943,0.0924,-0.0524,0,-0.0881,0.993,0.0792,0,-0.0593,0.0741,-0.9955,0,-78.0104,190.3939,-0.521,1]},
{"frame":21,"values":[0.9967,0.0789,0.0168,0,-0.08,0.993,0.0868,0,0.0098,0.0879,-0.9961,0,-83.6806,188.6453,-0.5569,1]},
{"frame":22,"values":[0.9899,0.057,0.1298,0,-0.0673,0.9948,0.0765,0,0.1247,0.0844,-0.9886,0,-90.2665,188.9291,-0.7991,1]},
{"frame":23,"values":[0.9607,0.0127,0.2774,0,-0.0331,0.9971,0.0687,0,0.2757,0.0751,-0.9583,0,-97.8221,190.0696,-1.1755,1]},
{"frame":24,"values":[0.9084,-0.0422,0.4159,0,0.0029,0.9955,0.0949,0,0.4181,0.085,-0.9044,0,-105.4928,189.2054,-1.2628,1]},
{"frame":25,"values":[0.8625,-0.0819,0.4994,0,0.0163,0.9908,0.1343,0,0.5058,0.1077,-0.8559,0,-112.59,184.7281,-0.585,1]},
{"frame":26,"values":[0.841,-0.1011,0.5315,0,0.0259,0.9888,0.147,0,0.5404,0.1099,-0.8342,0,-118.5051,178.2191,0.4245,1]},
{"frame":27,"values":[0.8285,-0.1087,0.5493,0,0.0463,0.9909,0.1262,0,0.558,0.0791,-0.8261,0,-122.435,172.4957,1.0581,1]},
{"frame":28,"values":[0.8185,-0.1052,0.5648,0,0.0679,0.9939,0.0868,0,0.5705,0.0327,-0.8207,0,-123.5797,170.3242,1.5129,1]},
{"frame":29,"values":[0.8236,-0.0939,0.5593,0,0.0824,0.9955,0.0458,0,0.5611,-0.0084,-0.8277,0,-121.8661,172.7894,2.5843,1]},
{"frame":30,"values":[0.859,-0.0857,0.5048,0,0.0905,0.9958,0.015,0,0.5039,-0.0328,-0.8631,0,-118.2194,178.7377,4.7977,1]},
{"frame":31,"values":[0.9104,-0.0883,0.4042,0,0.0929,0.9956,0.0082,0,0.4031,-0.0301,-0.9147,0,-113.9278,185.1541,7.6371,1]},
{"frame":32,"values":[0.9492,-0.1124,0.294,0,0.1064,0.9937,0.0366,0,0.2963,0.0034,-0.9551,0,-109.3574,190.5287,9.9754,1]},
{"frame":33,"values":[0.9646,-0.1511,0.2159,0,0.1383,0.9877,0.0733,0,0.2244,0.0409,-0.9737,0,-104.9781,195.2279,11.6716,1]},
{"frame":34,"values":[0.9665,-0.1817,0.1811,0,0.1685,0.9819,0.0863,0,0.1935,0.0529,-0.9797,0,-100.6977,200.4581,12.3383,1]},
{"frame":35,"values":[0.9677,-0.1925,0.1631,0,0.1813,0.9801,0.0812,0,0.1755,0.049,-0.9833,0,-95.9241,206.5555,11.327,1]},
{"frame":36,"values":[0.9728,-0.1869,0.1367,0,0.1759,0.9804,0.0885,0,0.1505,0.062,-0.9867,0,-90.8485,211.133,9.0576,1]},
{"frame":37,"values":[0.9795,-0.1734,0.1029,0,0.1612,0.98,0.1169,0,0.1211,0.0979,-0.9878,0,-86.3225,211.3481,6.3326,1]},
{"frame":38,"values":[0.9843,-0.1587,0.0776,0,0.1464,0.9786,0.1446,0,0.0989,0.1309,-0.9864,0,-82.4048,207.4425,3.613,1]},
{"frame":39,"values":[0.987,-0.1469,0.0659,0,0.1353,0.9786,0.1547,0,0.0872,0.1438,-0.9858,0,-78.5465,202.0776,1.5399,1]},
{"frame":40,"values":[0.9888,-0.1353,0.0623,0,0.1246,0.9805,0.1522,0,0.0817,0.1428,-0.9864,0,-74.1166,197.1837,0.6123,1]},
{"frame":41,"values":[0.9916,-0.1138,0.0619,0,0.1039,0.9839,0.1456,0,0.0774,0.138,-0.9874,0,-68.6538,193.9732,0.5507,1]},
{"frame":42,"values":[0.995,-0.0756,0.066,0,0.0663,0.989,0.1324,0,0.0753,0.1274,-0.989,0,-62.2548,193.0698,0.7685,1]},
{"frame":43,"values":[0.9965,-0.0386,0.0738,0,0.03,0.993,0.1143,0,0.0776,0.1117,-0.9907,0,-56.1726,192.3384,1.0023,1]},
{"frame":44,"values":[0.9961,-0.0231,0.0857,0,0.0141,0.9945,0.1039,0,0.0876,0.1023,-0.9909,0,-51.2606,189.3115,1.3286,1]},
{"frame":45,"values":[0.9948,-0.0264,0.0988,0,0.0159,0.9942,0.106,0,0.101,0.1039,-0.9894,0,-47.1085,186.1199,2.1617,1]},
{"frame":46,"values":[0.9954,-0.0245,0.0928,0,0.0148,0.9945,0.1033,0,0.0948,0.1015,-0.9903,0,-42.8715,185.4503,3.1761,1]},
{"frame":47,"values":[0.9992,0.0076,0.039,0,-0.0106,0.9969,0.0786,0,0.0383,0.0789,-0.9961,0,-37.7011,187.8273,3.8451,1]},
{"frame":48,"values":[0.9946,0.0692,-0.0778,0,-0.0662,0.997,0.0414,0,-0.0804,0.036,-0.9961,0,-31.4709,191.293,4.2612,1]},
{"frame":49,"values":[0.967,0.13,-0.2192,0,-0.1308,0.9913,0.0111,0,-0.2188,-0.0179,-0.9756,0,-24.6747,192.6114,5.1789,1]},
{"frame":50,"values":[0.9264,0.1707,-0.3356,0,-0.1871,0.9822,-0.0169,0,-0.3268,-0.0785,-0.9418,0,-18.0079,190.383,6.9163,1]},
{"frame":51,"values":[0.8903,0.1896,-0.414,0,-0.2294,0.9721,-0.0482,0,-0.3933,-0.1378,-0.909,0,-11.9387,185.5693,8.9301,1]},
{"frame":52,"values":[0.8657,0.1972,-0.4601,0,-0.2579,0.9635,-0.0722,0,-0.429,-0.1812,-0.8849,0,-7.0338,180.5357,10.4219,1]},
{"frame":53,"values":[0.8532,0.207,-0.4787,0,-0.2779,0.9572,-0.0814,0,-0.4414,-0.2025,-0.8742,0,-3.6025,177.7104,11.4623,1]},
{"frame":54,"values":[0.8582,0.2239,-0.4619,0,-0.2927,0.9527,-0.082,0,-0.4217,-0.2056,-0.8831,0,-1.9851,179.0555,12.1539,1]},
{"frame":55,"values":[0.874,0.2414,-0.4217,0,-0.3033,0.9491,-0.0853,0,-0.3796,-0.2025,-0.9027,0,-2.401,183.4202,12.4412,1]},
{"frame":56,"values":[0.8929,0.243,-0.379,0,-0.2956,0.9514,-0.0865,0,-0.3396,-0.1893,-0.9213,0,-4.6375,187.3736,12.5587,1]},
{"frame":57,"values":[0.9148,0.22,-0.3387,0,-0.2563,0.9643,-0.066,0,-0.3121,-0.1472,-0.9386,0,-7.8565,189.1528,12.9203,1]},
{"frame":58,"values":[0.9377,0.1877,-0.2924,0,-0.2008,0.9795,-0.0153,0,-0.2836,-0.0731,-0.9562,0,-11.6247,189.9399,13.5241,1]},
{"frame":59,"values":[0.9535,0.1717,-0.2476,0,-0.1688,0.9851,0.0332,0,-0.2496,-0.0102,-0.9683,0,-15.7528,191.5935,13.4393,1]},
{"frame":60,"values":[0.9567,0.1856,-0.2243,0,-0.18,0.9826,0.0452,0,-0.2288,0.0028,-0.9735,0,-20.4346,195.882,11.9553,1]},
{"frame":61,"values":[0.953,0.2044,-0.2235,0,-0.2029,0.9787,0.0302,0,-0.2249,-0.0166,-0.9742,0,-25.4016,202.2713,9.595,1]},
{"frame":62,"values":[0.9528,0.2062,-0.2227,0,-0.2083,0.978,0.0142,0,-0.2207,-0.0328,-0.9748,0,-30.1659,207.7899,7.1126,1]},
{"frame":63,"values":[0.9593,0.1956,-0.2039,0,-0.1976,0.9802,0.0104,0,-0.2019,-0.0303,-0.9789,0,-34.5916,209.6116,4.706,1]},
{"frame":64,"values":[0.9688,0.1803,-0.1703,0,-0.1796,0.9835,0.0196,0,-0.171,-0.0116,-0.9852,0,-38.7464,207.5315,2.3154,1]},
{"frame":65,"values":[0.9764,0.1654,-0.1389,0,-0.1617,0.9861,0.0378,0,-0.1432,0.0144,-0.9896,0,-43.0482,203.2173,-0.1021,1]},
{"frame":66,"values":[0.9806,0.1506,-0.1256,0,-0.1446,0.9879,0.0552,0,-0.1324,0.036,-0.9905,0,-48.2928,198.7417,-2.7124,1]},
{"frame":67,"values":[0.9825,0.1297,-0.1336,0,-0.123,0.9908,0.0567,0,-0.1397,0.0392,-0.9894,0,-54.6344,196.0778,-5.4171,1]},
{"frame":68,"values":[0.9825,0.1066,-0.1525,0,-0.1016,0.994,0.0404,0,-0.1559,0.0242,-0.9875,0,-61.2719,195.5564,-7.9957,1]},
{"frame":69,"values":[0.9806,0.1063,-0.1647,0,-0.102,0.9942,0.0344,0,-0.1674,0.0169,-0.9857,0,-67.2066,194.2197,-10.3575,1]},
{"frame":70,"values":[0.9798,0.1241,-0.1566,0,-0.1164,0.9915,0.0573,0,-0.1624,0.0379,-0.986,0,-72.8425,191.6242,-12.6388,1]},
{"frame":71,"values":[0.9849,0.1238,-0.1208,0,-0.1142,0.9899,0.084,0,-0.13,0.0689,-0.9891,0,-78.6423,189.6276,-14.6929,1]},
{"frame":72,"values":[0.9951,0.0896,-0.0421,0,-0.0859,0.9929,0.0826,0,-0.0492,0.0786,-0.9957,0,-85.0978,189.7376,-16.7957,1]},
{"frame":73,"values":[0.9947,0.0478,0.0906,0,-0.0532,0.9969,0.0574,0,0.0875,0.0619,-0.9942,0,-92.62,192.3549,-19.5046,1]},
{"frame":74,"values":[0.9608,0.0291,0.2756,0,-0.0366,0.9991,0.0221,0,0.2747,0.0314,-0.961,0,-100.6116,196.4294,-22.846,1]},
{"frame":75,"values":[0.8776,0.0291,0.4785,0,-0.024,0.9996,-0.0167,0,0.4788,-0.0031,-0.8779,0,-108.4282,199.6521,-26.5138,1]},
{"frame":76,"values":[0.7472,0.0179,0.6644,0,0.0091,0.9993,-0.0371,0,0.6646,-0.0338,-0.7465,0,-116.0201,200.0656,-30.3594,1]},
{"frame":77,"values":[0.5925,-0.0155,0.8054,0,0.0449,0.9989,-0.0138,0,0.8043,-0.0443,-0.5925,0,-123.0996,197.0233,-34.0135,1]},
{"frame":78,"values":[0.4616,-0.05,0.8857,0,0.0436,0.9985,0.0336,0,0.886,-0.023,-0.4631,0,-129.1891,191.4899,-36.7299,1]},
{"frame":79,"values":[0.3977,-0.0577,0.9157,0,0.0133,0.9983,0.0572,0,0.9174,0.0106,-0.3978,0,-134.1754,186.302,-37.6925,1]},
{"frame":80,"values":[0.4179,-0.038,0.9077,0,-0.0102,0.9989,0.0465,0,0.9084,0.0287,-0.417,0,-137.8936,184.4695,-36.4162,1]},
{"frame":81,"values":[0.489,-0.0149,0.8721,0,-0.0085,0.9997,0.0219,0,0.8722,0.0182,-0.4888,0,-140.009,186.6263,-33.0564,1]},
{"frame":82,"values":[0.5843,-0.0018,0.8116,0,0.0181,0.9998,-0.0108,0,0.8114,-0.021,-0.5842,0,-140.3142,190.6507,-28.4693,1]},
{"frame":83,"values":[0.6919,0.0046,0.722,0,0.046,0.9977,-0.0504,0,0.7205,-0.0681,-0.6901,0,-139.029,193.8068,-23.761,1]},
{"frame":84,"values":[0.8054,-0.0009,0.5928,0,0.0538,0.996,-0.0716,0,0.5903,-0.0896,-0.8022,0,-136.9127,195.1413,-19.5499,1]},
{"frame":85,"values":[0.9017,-0.0304,0.4313,0,0.0569,0.9972,-0.0487,0,0.4286,-0.0685,-0.9009,0,-134.7867,195.3628,-16.1041,1]},
{"frame":86,"values":[0.9636,-0.0798,0.2553,0,0.0815,0.9967,0.004,0,0.2548,-0.017,-0.9669,0,-132.7675,195.7776,-14.1339,1]},
{"frame":87,"values":[0.989,-0.1237,0.0809,0,0.1204,0.9917,0.0443,0,0.0857,0.0341,-0.9957,0,-130.6198,197.2609,-14.1525,1]},
{"frame":88,"values":[0.9857,-0.1472,-0.0824,0,0.152,0.9869,0.055,0,-0.0732,0.0667,-0.9951,0,-128.5952,199.4645,-15.8784,1]},
{"frame":89,"values":[0.96,-0.1559,-0.2325,0,0.1719,0.9838,0.0503,0,-0.2209,0.0882,-0.9713,0,-127.4432,201.0968,-18.4377,1]},
{"frame":90,"values":[0.9204,-0.1561,-0.3585,0,0.1871,0.9809,0.0533,0,-0.3434,0.1161,-0.932,0,-127.4407,201.2299,-20.926,1]},
{"frame":91,"values":[0.8809,-0.1469,-0.4498,0,0.2012,0.9767,0.075,0,-0.4283,0.1565,-0.89,0,-127.896,199.4881,-22.6034,1]},
{"frame":92,"values":[0.8555,-0.1269,-0.502,0,0.2069,0.9725,0.1068,0,-0.4747,0.1952,-0.8582,0,-127.5734,196.0986,-22.7451,1]},
{"frame":93,"values":[0.8464,-0.105,-0.5221,0,0.2005,0.9711,0.1298,0,-0.4934,0.2146,-0.8429,0,-125.8576,192.3683,-21.0348,1]},
{"frame":94,"values":[0.8583,-0.0818,-0.5065,0,0.1758,0.9743,0.1406,0,-0.482,0.2097,-0.8507,0,-123.1139,189.3087,-17.7356,1]},
{"frame":95,"values":[0.8904,-0.057,-0.4515,0,0.1348,0.9806,0.1421,0,-0.4347,0.1874,-0.8809,0,-120.1467,187.5336,-13.3548,1]},
{"frame":96,"values":[0.9349,-0.032,-0.3535,0,0.0831,0.988,0.1304,0,-0.3451,0.1513,-0.9263,0,-117.4657,187.0491,-8.1315,1]},
{"frame":97,"values":[0.9732,0.0016,-0.2301,0,0.0242,0.9937,0.1093,0,-0.2288,0.112,-0.967,0,-115.3464,187.2838,-2.4809,1]},
{"frame":98,"values":[0.9936,0.0516,-0.1009,0,-0.0427,0.9952,0.0883,0,-0.105,0.0834,-0.991,0,-114.1183,187.6018,2.579,1]},
{"frame":99,"values":[0.9942,0.1014,0.0345,0,-0.1037,0.9919,0.0729,0,0.0268,0.076,-0.9967,0,-114.3405,188.0262,5.929,1]},
{"frame":100,"values":[0.972,0.1231,0.1999,0,-0.1395,0.9877,0.0703,0,0.1888,0.0963,-0.9773,0,-116.3704,188.6795,6.5826,1]},
{"frame":101,"values":[0.908,0.1195,0.4016,0,-0.1646,0.9831,0.0796,0,0.3853,0.1384,-0.9123,0,-119.6596,189.3212,4.2882,1]},
{"frame":102,"values":[0.7807,0.1052,0.616,0,-0.1993,0.9762,0.0859,0,0.5923,0.1899,-0.783,0,-123.1177,189.4281,-0.2623,1]},
{"frame":103,"values":[0.5991,0.0784,0.7968,0,-0.2332,0.9691,0.08,0,0.7659,0.2337,-0.5989,0,-125.7392,188.5873,-5.7128,1]},
{"frame":104,"values":[0.4022,0.033,0.915,0,-0.2478,0.966,0.0741,0,0.8814,0.2565,-0.3967,0,-127.1392,186.9704,-10.6583,1]},
{"frame":105,"values":[0.2276,-0.0202,0.9735,0,-0.2436,0.9668,0.077,0,0.9428,0.2547,-0.2152,0,-127.5632,184.7545,-13.8883,1]},
{"frame":106,"values":[0.1046,-0.0605,0.9927,0,-0.2305,0.9695,0.0834,0,0.9674,0.2375,-0.0875,0,-127.983,182.213,-14.716,1]},
{"frame":107,"values":[0.042,-0.0778,0.9961,0,-0.2222,0.9713,0.0852,0,0.9741,0.2249,-0.0235,0,-129.1465,180.2174,-13.3161,1]},
{"frame":108,"values":[0.0485,-0.0797,0.9956,0,-0.2188,0.9717,0.0884,0,0.9746,0.2222,-0.0296,0,-130.8646,179.2574,-10.0512,1]},
{"frame":109,"values":[0.1124,-0.0737,0.9909,0,-0.2025,0.9746,0.0955,0,0.9728,0.2114,-0.0946,0,-132.453,179.3642,-5.1161,1]},
{"frame":110,"values":[0.2301,-0.0517,0.9718,0,-0.1612,0.9828,0.0904,0,0.9597,0.1775,-0.2179,0,-133.2974,180.3327,1.2959,1]},
{"frame":111,"values":[0.3939,-0.0182,0.919,0,-0.116,0.9908,0.0693,0,0.9118,0.1339,-0.3882,0,-132.5589,181.9504,8.4251,1]},
{"frame":112,"values":[0.5924,0.0023,0.8056,0,-0.0886,0.9941,0.0623,0,0.8008,0.1083,-0.5891,0,-129.3496,184.1645,14.926,1]},
{"frame":113,"values":[0.7843,-0.0013,0.6204,0,-0.0665,0.9941,0.0861,0,0.6168,0.1088,-0.7795,0,-123.7414,186.9699,19.3717,1]},
{"frame":114,"values":[0.9264,-0.011,0.3763,0,-0.0362,0.9923,0.1181,0,0.3747,0.1231,-0.9189,0,-116.9729,189.9747,20.779,1]},
{"frame":115,"values":[0.9937,-0.0092,0.1121,0,-0.0061,0.9908,0.1355,0,0.1123,0.1353,-0.9844,0,-110.6738,192.4254,19.2272,1]},
{"frame":116,"values":[0.9905,0.0042,-0.1373,0,0.0158,0.9895,0.144,0,-0.1364,0.1448,-0.98,0,-105.8972,193.5446,15.9093,1]},
{"frame":117,"values":[0.9316,0.0237,-0.3626,0,0.0336,0.988,0.151,0,-0.3618,0.1529,-0.9196,0,-102.8676,192.9399,12.6333,1]},
{"frame":118,"values":[0.8308,0.0468,-0.5545,0,0.0461,0.9872,0.1525,0,-0.5546,0.1522,-0.8181,0,-101.1617,190.7216,10.8883,1]},
{"frame":119,"values":[0.7193,0.0689,-0.6913,0,0.0496,0.9874,0.15,0,-0.6929,0.1422,-0.7069,0,-100.3051,187.7296,11.205,1]},
{"frame":120,"values":[0.6518,0.0794,-0.7542,0,0.0521,0.9875,0.149,0,-0.7566,0.1364,-0.6395,0,-100.0486,185.1559,13.7242,1]},
{"frame":121,"values":[0.6506,0.0736,-0.7559,0,0.0602,0.9872,0.148,0,-0.7571,0.1418,-0.6378,0,-100.3483,183.892,18.4304,1]},
{"frame":122,"values":[0.7106,0.0556,-0.7014,0,0.065,0.9874,0.1441,0,-0.7006,0.148,-0.6981,0,-101.3801,184.0634,24.9073,1]},
{"frame":123,"values":[0.805,0.0364,-0.5921,0,0.0579,0.9885,0.1394,0,-0.5904,0.1465,-0.7937,0,-103.5489,185.007,32.051,1]},
{"frame":124,"values":[0.9059,0.0216,-0.423,0,0.0412,0.9895,0.1387,0,-0.4216,0.1431,-0.8954,0,-107.1716,185.9215,38.3746,1]},
{"frame":125,"values":[0.975,0.0085,-0.222,0,0.0237,0.9896,0.1419,0,-0.2209,0.1436,-0.9647,0,-112.0452,186.8454,42.6417,1]},
{"frame":126,"values":[0.9993,-0.0105,-0.0368,0,0.0157,0.9895,0.144,0,-0.0349,0.1444,-0.9889,0,-117.42,187.8611,44.2474,1]},
{"frame":127,"values":[0.993,-0.0365,0.1123,0,0.0197,0.9889,0.1475,0,0.1164,0.1442,-0.9827,0,-122.5163,188.8395,43.2024,1]},
{"frame":128,"values":[0.9687,-0.063,0.2403,0,0.0234,0.9862,0.1642,0,0.2473,0.1534,-0.9567,0,-126.8735,189.6357,40.228,1]},
{"frame":129,"values":[0.9265,-0.0813,0.3674,0,0.0105,0.9816,0.1907,0,0.3762,0.1729,-0.9103,0,-130.2275,189.9907,36.4584,1]},
{"frame":130,"values":[0.8692,-0.0836,0.4874,0,-0.0199,0.9789,0.2034,0,0.4941,0.1865,-0.8491,0,-132.3065,189.8355,32.913,1]},
{"frame":131,"values":[0.8127,-0.0751,0.5777,0,-0.0467,0.9801,0.1931,0,0.5807,0.1839,-0.793,0,-132.8506,189.1576,30.2909,1]},
{"frame":132,"values":[0.7838,-0.0616,0.618,0,-0.0602,0.9829,0.1743,0,0.6181,0.1738,-0.7666,0,-131.9208,188.6102,29.2011,1]},
{"frame":133,"values":[0.7909,-0.0454,0.6102,0,-0.0654,0.9853,0.1581,0,0.6084,0.165,-0.7763,0,-129.8537,188.8243,29.9411,1]},
{"frame":134,"values":[0.8252,-0.028,0.5641,0,-0.0629,0.988,0.1409,0,0.5613,0.1517,-0.8136,0,-127.1981,189.5999,32.5023,1]},
{"frame":135,"values":[0.8672,-0.0064,0.4979,0,-0.0614,0.9909,0.1195,0,0.4941,0.1342,-0.859,0,-124.5624,190.3428,36.661,1]},
{"frame":136,"values":[0.9108,0.0239,0.4122,0,-0.0745,0.9915,0.107,0,0.4061,0.1281,-0.9048,0,-122.1552,189.8701,41.6744,1]},
{"frame":137,"values":[0.9507,0.0498,0.3062,0,-0.0917,0.988,0.124,0,0.2964,0.1459,-0.9439,0,-119.6488,187.739,46.1871,1]},
{"frame":138,"values":[0.9784,0.0504,0.2002,0,-0.0861,0.981,0.1737,0,0.1877,0.1872,-0.9642,0,-117.005,185.1,48.8904,1]},
{"frame":139,"values":[0.9915,0.0257,0.1274,0,-0.0541,0.9729,0.225,0,0.1181,0.23,-0.966,0,-114.6075,184.1526,49.4714,1]},
{"frame":140,"values":[0.995,-0.013,0.099,0,-0.0115,0.97,0.2429,0,0.0992,0.2428,-0.965,0,-112.8532,186.6509,48.4986,1]},
{"frame":141,"values":[0.9945,-0.051,0.0912,0,0.0299,0.9752,0.2193,0,0.1001,0.2154,-0.9714,0,-111.7398,191.953,46.272,1]},
{"frame":142,"values":[0.993,-0.0766,0.0897,0,0.0603,0.9833,0.1719,0,0.1014,0.1653,-0.981,0,-111.0024,196.7671,42.699,1]},
{"frame":143,"values":[0.9914,-0.085,0.0999,0,0.0711,0.9883,0.1349,0,0.1102,0.1266,-0.9858,0,-110.6619,198.4255,38.2026,1]},
{"frame":144,"values":[0.9889,-0.0812,0.1244,0,0.0655,0.9899,0.1257,0,0.1334,0.1161,-0.9842,0,-110.9894,198.2138,33.8872,1]},
{"frame":145,"values":[0.9861,-0.0775,0.1467,0,0.0578,0.9893,0.1337,0,0.1555,0.1233,-0.9801,0,-112.1015,198.2096,30.5317,1]},
{"frame":146,"values":[0.9852,-0.074,0.1549,0,0.0518,0.9884,0.1429,0,0.1636,0.1328,-0.9775,0,-113.4357,198.4838,27.926,1]},
{"frame":147,"values":[0.9843,-0.0691,0.1624,0,0.0453,0.9883,0.1459,0,0.1706,0.1363,-0.9759,0,-114.6563,198.7386,25.7004,1]},
{"frame":148,"values":[0.9797,-0.063,0.1903,0,0.0358,0.9891,0.143,0,0.1972,0.1333,-0.9713,0,-116.0934,198.9125,23.7858,1]},
{"frame":149,"values":[0.97,-0.0602,0.2354,0,0.0288,0.9904,0.1348,0,0.2413,0.124,-0.9625,0,-117.8599,199.058,22.1106,1]},
{"frame":150,"values":[0.9603,-0.0633,0.2715,0,0.0315,0.9923,0.1199,0,0.277,0.1066,-0.9549,0,-119.2841,199.302,20.333,1]},
{"frame":151,"values":[0.96,-0.0676,0.2719,0,0.042,0.9942,0.0988,0,0.277,0.0834,-0.9573,0,-119.4911,199.9455,18.0832,1]},
{"frame":152,"values":[0.9702,-0.0668,0.233,0,0.0514,0.9961,0.0717,0,0.2369,0.0576,-0.9698,0,-118.4159,201.066,15.4719,1]},
{"frame":153,"values":[0.98,-0.0614,0.1894,0,0.0542,0.9976,0.0428,0,0.1916,0.0317,-0.981,0,-116.9555,202.2692,13.0606,1]},
{"frame":154,"values":[0.9833,-0.0545,0.1737,0,0.0519,0.9985,0.0197,0,0.1745,0.0104,-0.9846,0,-115.9438,203.0404,11.4476,1]},
{"frame":155,"values":[0.9826,-0.0474,0.1797,0,0.0466,0.9989,0.0091,0,0.1799,0.0005,-0.9837,0,-115.3809,203.1292,10.8681,1]},
{"frame":156,"values":[0.9828,-0.0385,0.1807,0,0.037,0.9992,0.0118,0,0.181,0.0049,-0.9835,0,-114.7121,202.6919,10.9786,1]},
{"frame":157,"values":[0.9859,-0.0277,0.1653,0,0.0254,0.9996,0.0158,0,0.1657,0.0114,-0.9861,0,-113.6687,202.2273,11.0478,1]},
{"frame":158,"values":[0.9896,-0.0179,0.1426,0,0.0169,0.9998,0.0083,0,0.1427,0.0058,-0.9898,0,-112.5862,202.1004,10.6567,1]},
{"frame":159,"values":[0.9923,-0.0141,0.1228,0,0.015,0.9999,-0.0057,0,0.1227,-0.0075,-0.9924,0,-111.8913,202.1107,10.2508,1]},
{"frame":160,"values":[0.9938,-0.0192,0.1094,0,0.02,0.9998,-0.006,0,0.1092,-0.0081,-0.994,0,-111.6435,201.5208,10.7922,1]},
{"frame":161,"values":[0.9936,-0.027,0.1093,0,0.0255,0.9996,0.0152,0,0.1096,0.0123,-0.9939,0,-111.7192,199.6422,12.7204,1]},
{"frame":162,"values":[0.9903,-0.0256,0.1362,0,0.0202,0.999,0.0408,0,0.1371,0.0377,-0.9898,0,-112.1247,196.8277,15.2708,1]},
{"frame":163,"values":[0.9825,-0.0076,0.1861,0,-0.001,0.9989,0.0463,0,0.1863,0.0456,-0.9814,0,-112.8803,194.4756,17.1459,1]},
{"frame":164,"values":[0.9699,0.0243,0.2423,0,-0.0322,0.9991,0.0287,0,0.2414,0.0357,-0.9698,0,-113.8817,193.4204,17.8593,1]},
{"frame":165,"values":[0.9534,0.054,0.2969,0,-0.0596,0.9982,0.0098,0,0.2958,0.027,-0.9549,0,-115.0933,192.7083,18.0409,1]},
{"frame":166,"values":[0.932,0.0715,0.3554,0,-0.0781,0.9969,0.0043,0,0.354,0.0318,-0.9347,0,-116.6752,190.5134,18.57,1]},
{"frame":167,"values":[0.906,0.0847,0.4147,0,-0.0965,0.9953,0.0075,0,0.4122,0.0468,-0.9099,0,-118.7933,186.1288,19.729,1]},
{"frame":168,"values":[0.8778,0.1026,0.4679,0,-0.1195,0.9928,0.0064,0,0.4638,0.0616,-0.8838,0,-121.4725,180.7758,20.9848,1]},
{"frame":169,"values":[0.8458,0.1213,0.5195,0,-0.1367,0.9906,-0.0088,0,0.5156,0.0636,-0.8545,0,-124.546,176.724,21.2508,1]},
{"frame":170,"values":[0.8077,0.1326,0.5745,0,-0.1344,0.9901,-0.0395,0,0.5741,0.0453,-0.8175,0,-127.6103,175.7701,19.653,1]},
{"frame":171,"values":[0.7686,0.136,0.6251,0,-0.1181,0.9905,-0.0703,0,0.6287,0.0198,-0.7774,0,-130.1667,178.0438,16.3724,1]},
{"frame":172,"values":[0.7349,0.134,0.6648,0,-0.1069,0.9909,-0.0816,0,0.6697,0.011,-0.7426,0,-132.0318,181.7167,12.4552,1]},
{"frame":173,"values":[0.7001,0.1331,0.7015,0,-0.1157,0.9906,-0.0725,0,0.7046,0.0304,-0.709,0,-133.4977,184.6213,8.8028,1]},
{"frame":174,"values":[0.6582,0.1297,0.7416,0,-0.1391,0.989,-0.0495,0,0.7399,0.0706,-0.6691,0,-134.9449,185.9703,5.6348,1]},
{"frame":175,"values":[0.6177,0.1202,0.7772,0,-0.1599,0.9868,-0.0254,0,0.77,0.1086,-0.6287,0,-136.2078,186.5388,2.5572,1]},
{"frame":176,"values":[0.5895,0.1154,0.7995,0,-0.1684,0.9855,-0.018,0,0.79,0.1241,-0.6004,0,-136.6577,187.9808,-0.8712,1]},
{"frame":177,"values":[0.5707,0.1265,0.8114,0,-0.1651,0.9856,-0.0376,0,0.8044,0.1125,-0.5833,0,-135.7404,190.8708,-4.8126,1]},
{"frame":178,"values":[0.5579,0.1395,0.8181,0,-0.146,0.9869,-0.0688,0,0.817,0.081,-0.571,0,-133.4715,194.1955,-9.1437,1]},
{"frame":179,"values":[0.5524,0.1263,0.8239,0,-0.1095,0.9909,-0.0785,0,0.8263,0.0468,-0.5612,0,-130.3425,196.4618,-13.6215,1]},
{"frame":180,"values":[0.5519,0.0883,0.8292,0,-0.0687,0.9958,-0.0603,0,0.8311,0.0237,-0.5557,0,-126.9902,197.5701,-17.8836,1]},
{"frame":181,"values":[0.549,0.0591,0.8337,0,-0.0444,0.9981,-0.0415,0,0.8346,0.0142,-0.5506,0,-123.9518,198.146,-21.5641,1]},
{"frame":182,"values":[0.5392,0.0575,0.8402,0,-0.0406,0.9983,-0.0423,0,0.8412,0.0113,-0.5406,0,-121.3874,198.3463,-24.6889,1]},
{"frame":183,"values":[0.5291,0.0675,0.8459,0,-0.0385,0.9977,-0.0555,0,0.8477,0.0032,-0.5305,0,-119.1389,198.2114,-27.3237,1]},
{"frame":184,"values":[0.5306,0.0723,0.8445,0,-0.0292,0.9973,-0.0671,0,0.8471,-0.0109,-0.5313,0,-116.9725,197.9334,-29.463,1]},
{"frame":185,"values":[0.5441,0.073,0.8358,0,-0.0225,0.9971,-0.0724,0,0.8387,-0.0206,-0.5442,0,-114.8294,197.7393,-31.1727,1]},
{"frame":186,"values":[0.564,0.0756,0.8223,0,-0.0247,0.9969,-0.0747,0,0.8254,-0.0218,-0.5641,0,-112.6321,197.7405,-32.5753,1]},
{"frame":187,"values":[0.5857,0.0828,0.8063,0,-0.0332,0.9964,-0.0782,0,0.8098,-0.0191,-0.5864,0,-110.3792,197.2716,-33.6442,1]},
{"frame":188,"values":[0.5999,0.0968,0.7942,0,-0.0544,0.9953,-0.0803,0,0.7983,-0.0049,-0.6023,0,-108.6521,195.0273,-34.5111,1]},
{"frame":189,"values":[0.5885,0.1036,0.8018,0,-0.0873,0.9941,-0.0644,0,0.8037,0.0321,-0.5941,0,-107.9922,191.5992,-35.5065,1]},
{"frame":190,"values":[0.5408,0.0953,0.8357,0,-0.1273,0.9914,-0.0307,0,0.8315,0.0898,-0.5483,0,-108.3425,187.8373,-36.6202,1]},
{"frame":191,"values":[0.4735,0.08,0.8771,0,-0.1673,0.9859,0.0004,0,0.8647,0.1469,-0.4802,0,-108.63,184.2192,-38.5335,1]},
{"frame":192,"values":[0.4093,0.0652,0.9101,0,-0.2016,0.9793,0.0205,0,0.8899,0.1918,-0.414,0,-107.4554,180.7815,-42.1735,1]},
{"frame":193,"values":[0.3543,0.0506,0.9338,0,-0.233,0.9718,0.0358,0,0.9056,0.2302,-0.3561,0,-104.5106,177.4848,-47.3488,1]},
{"frame":194,"values":[0.3062,0.034,0.9514,0,-0.2621,0.9638,0.05,0,0.9152,0.2646,-0.304,0,-100.904,175.0569,-52.863,1]},
{"frame":195,"values":[0.2686,0.018,0.9631,0,-0.2786,0.9586,0.0598,0,0.9221,0.2843,-0.2625,0,-98.1307,174.0648,-57.5425,1]},
{"frame":196,"values":[0.2445,0.0089,0.9696,0,-0.2682,0.9616,0.0588,0,0.9318,0.2744,-0.2375,0,-96.728,174.3515,-60.9531,1]},
{"frame":197,"values":[0.2206,0.008,0.9753,0,-0.2366,0.9705,0.0456,0,0.9462,0.2408,-0.216,0,-96.4034,175.6678,-63.34,1]},
{"frame":198,"values":[0.1825,0.013,0.9831,0,-0.2016,0.9792,0.0245,0,0.9623,0.2027,-0.1813,0,-96.778,177.8214,-65.3293,1]},
{"frame":199,"values":[0.1426,0.0202,0.9896,0,-0.1746,0.9846,0.0051,0,0.9743,0.1735,-0.144,0,-97.6567,180.4758,-67.2516,1]},
{"frame":200,"values":[0.1327,0.0303,0.9907,0,-0.15,0.9886,-0.0101,0,0.9797,0.1472,-0.1357,0,-98.8849,182.8352,-68.844,1]},
{"frame":201,"values":[0.1565,0.0421,0.9868,0,-0.1175,0.9928,-0.0237,0,0.9807,0.1123,-0.1603,0,-100.6374,184.3219,-70.1388,1]},
{"frame":202,"values":[0.179,0.0511,0.9825,0,-0.0755,0.9964,-0.0381,0,0.981,0.0674,-0.1822,0,-103.1126,185.4973,-72.0366,1]},
{"frame":203,"values":[0.1667,0.0549,0.9845,0,-0.0302,0.9983,-0.0506,0,0.9855,0.0212,-0.1681,0,-105.9089,187.5731,-75.5122,1]},
{"frame":204,"values":[0.1227,0.0521,0.9911,0,0.0149,0.9984,-0.0544,0,0.9923,-0.0214,-0.1217,0,-108.4751,191.0884,-80.5958,1]},
{"frame":205,"values":[0.0733,0.0442,0.9963,0,0.0608,0.997,-0.0487,0,0.9955,-0.0642,-0.0704,0,-110.5158,195.45,-86.1759,1]},
{"frame":206,"values":[0.0318,0.0366,0.9988,0,0.1103,0.9931,-0.0399,0,0.9934,-0.1114,-0.0275,0,-111.9804,199.3029,-91.2667,1]},
{"frame":207,"values":[-0.0032,0.0362,0.9993,0,0.1548,0.9873,-0.0352,0,0.9879,-0.1546,0.0088,0,-112.9968,201.6157,-95.5966,1]},
{"frame":208,"values":[-0.0327,0.0454,0.9984,0,0.1718,0.9843,-0.0391,0,0.9846,-0.1703,0.04,0,-114.0903,202.3324,-99.3044,1]},
{"frame":209,"values":[-0.0531,0.0589,0.9968,0,0.1516,0.9872,-0.0502,0,0.987,-0.1485,0.0614,0,-115.9175,201.8334,-102.5117,1]},
{"frame":210,"values":[-0.0606,0.0691,0.9958,0,0.108,0.9922,-0.0623,0,0.9923,-0.1038,0.0675,0,-118.7285,200.2927,-104.965,1]},
{"frame":211,"values":[-0.0641,0.0775,0.9949,0,0.0706,0.9948,-0.073,0,0.9954,-0.0655,0.0692,0,-122.2335,197.7617,-106.3054,1]},
{"frame":212,"values":[-0.0751,0.0927,0.9929,0,0.052,0.9947,-0.0889,0,0.9958,-0.0449,0.0795,0,-125.8073,194.4817,-106.3081,1]},
{"frame":213,"values":[-0.0818,0.1119,0.9903,0,0.0419,0.9932,-0.1088,0,0.9958,-0.0326,0.086,0,-128.7276,190.8457,-104.9095,1]},
{"frame":214,"values":[-0.0557,0.1228,0.9909,0,0.0264,0.9922,-0.1215,0,0.9981,-0.0194,0.0585,0,-130.2737,187.1067,-102.1354,1]},
{"frame":215,"values":[0.0081,0.1235,0.9923,0,0.0004,0.9923,-0.1235,0,1,-0.0014,-0.008,0,-129.9751,183.4478,-98.2727,1]},
{"frame":216,"values":[0.0944,0.123,0.9879,0,-0.033,0.9922,-0.1204,0,0.995,0.0212,-0.0977,0,-127.7332,180.2598,-93.9578,1]},
{"frame":217,"values":[0.1866,0.1261,0.9743,0,-0.0667,0.9911,-0.1155,0,0.9802,0.0434,-0.1934,0,-123.7458,178.0208,-89.9999,1]},
{"frame":218,"values":[0.2849,0.13,0.9497,0,-0.0946,0.9897,-0.1071,0,0.9539,0.0593,-0.2943,0,-118.448,177.0286,-87.0247,1]},
{"frame":219,"values":[0.3921,0.1368,0.9097,0,-0.1154,0.9884,-0.0989,0,0.9126,0.0662,-0.4034,0,-112.5371,177.264,-85.287,1]},
{"frame":220,"values":[0.5107,0.1542,0.8458,0,-0.1311,0.9862,-0.1007,0,0.8497,0.0594,-0.5239,0,-106.6931,178.4104,-84.7295,1]},
{"frame":221,"values":[0.6354,0.1811,0.7507,0,-0.1458,0.9828,-0.1137,0,0.7583,0.0372,-0.6508,0,-101.3591,179.9594,-85.1972,1]},
{"frame":222,"values":[0.7555,0.2056,0.622,0,-0.162,0.9786,-0.1267,0,0.6348,0.005,-0.7727,0,-97.0018,181.4526,-86.6996,1]},
{"frame":223,"values":[0.8551,0.214,0.4722,0,-0.1762,0.9766,-0.1235,0,0.4876,-0.0224,-0.8728,0,-94.2894,182.7691,-89.2951,1]},
{"frame":224,"values":[0.9249,0.2058,0.3196,0,-0.1836,0.9781,-0.0984,0,0.3328,-0.0323,-0.9424,0,-93.6068,184.0413,-92.7057,1]},
{"frame":225,"values":[0.966,0.1935,0.1718,0,-0.1856,0.9807,-0.0609,0,0.1803,-0.027,-0.9832,0,-94.359,185.2584,-96.3351,1]},
{"frame":226,"values":[0.9821,0.1845,0.0374,0,-0.1837,0.9827,-0.0231,0,0.041,-0.0158,-0.999,0,-95.6741,186.363,-99.8337,1]},
{"frame":227,"values":[0.9823,0.1784,-0.0574,0,-0.1786,0.9839,0.0023,0,-0.0569,-0.008,-0.9983,0,-97.4722,187.6608,-102.9455,1]},
{"frame":228,"values":[0.9826,0.1748,-0.0632,0,-0.1749,0.9846,0.005,0,-0.0631,-0.0061,-0.998,0,-100.2294,189.5233,-105.3412,1]},
{"frame":229,"values":[0.9842,0.1739,0.0331,0,-0.1737,0.9848,-0.0088,0,0.0341,-0.003,-0.9994,0,-104.1013,191.4139,-107.004,1]},
{"frame":230,"values":[0.9614,0.1737,0.2134,0,-0.1732,0.9847,-0.0213,0,0.2138,0.0164,-0.9767,0,-108.691,192.4502,-108.3962,1]},
{"frame":231,"values":[0.891,0.1722,0.4201,0,-0.1807,0.9833,-0.0199,0,0.4165,0.0582,-0.9073,0,-113.495,192.7417,-110.2075,1]},
{"frame":232,"values":[0.7796,0.1693,0.603,0,-0.1993,0.9798,-0.0175,0,0.5938,0.1065,-0.7975,0,-117.9838,193.1258,-112.6358,1]},
{"frame":233,"values":[0.6608,0.1615,0.733,0,-0.206,0.9781,-0.0298,0,0.7217,0.1313,-0.6796,0,-121.8543,193.816,-115.4486,1]},
{"frame":234,"values":[0.5655,0.1475,0.8115,0,-0.1838,0.9817,-0.0503,0,0.804,0.1207,-0.5822,0,-125.5938,194.588,-118.5718,1]},
{"frame":235,"values":[0.4793,0.131,0.8678,0,-0.1496,0.9865,-0.0662,0,0.8648,0.0981,-0.4924,0,-129.878,195.5745,-121.9942,1]},
{"frame":236,"values":[0.3734,0.1094,0.9212,0,-0.1162,0.9907,-0.0705,0,0.9204,0.0807,-0.3826,0,-134.3702,196.779,-125.5051,1]},
{"frame":237,"values":[0.2523,0.0778,0.9645,0,-0.0791,0.9951,-0.0596,0,0.9644,0.0612,-0.2573,0,-137.8599,197.7329,-128.6724,1]},
{"frame":238,"values":[0.1534,0.046,0.9871,0,-0.0386,0.9984,-0.0406,0,0.9874,0.0319,-0.1549,0,-139.7115,198.1828,-131.0535,1]},
{"frame":239,"values":[0.0972,0.0304,0.9948,0,-0.0052,0.9995,-0.03,0,0.9953,0.0022,-0.0973,0,-140.4727,198.2169,-132.5567,1]},
{"frame":240,"values":[0.0815,0.028,0.9963,0,0.0132,0.9995,-0.0292,0,0.9966,-0.0155,-0.0811,0,-141.0663,198.0948,-133.3773,1]},
{"frame":241,"values":[0.0923,0.0199,0.9955,0,0.0182,0.9996,-0.0217,0,0.9956,-0.0202,-0.0919,0,-141.846,197.8547,-133.7184,1]},
{"frame":242,"values":[0.1279,0.0006,0.9918,0,0.0125,0.9999,-0.0023,0,0.9917,-0.0127,-0.1279,0,-142.7281,197.3648,-133.5994,1]},
{"frame":243,"values":[0.1757,-0.0138,0.9843,0,-0.0011,0.9999,0.0142,0,0.9844,0.0036,-0.1757,0,-143.6977,196.6437,-133.0508,1]},
{"frame":244,"values":[0.2083,-0.0075,0.978,0,-0.0233,0.9996,0.0126,0,0.9778,0.0255,-0.208,0,-144.7852,195.7761,-132.3115,1]},
{"frame":245,"values":[0.2073,0.0129,0.9782,0,-0.0523,0.9986,-0.0021,0,0.9769,0.0507,-0.2077,0,-145.9505,194.7598,-131.5701,1]},
{"frame":246,"values":[0.1843,0.0267,0.9825,0,-0.0824,0.9965,-0.0116,0,0.9794,0.0788,-0.1859,0,-147.0066,193.8257,-130.597,1]},
{"frame":247,"values":[0.1746,0.0235,0.9844,0,-0.1071,0.9942,-0.0048,0,0.9788,0.1046,-0.1761,0,-147.526,193.4953,-129.0345,1]},
{"frame":248,"values":[0.2107,0.0116,0.9775,0,-0.118,0.9929,0.0136,0,0.9704,0.1182,-0.2106,0,-147.0271,193.9862,-126.7176,1]},
{"frame":249,"values":[0.3103,0.0049,0.9506,0,-0.109,0.9936,0.0305,0,0.9444,0.1131,-0.3088,0,-145.2303,194.856,-123.6435,1]},
{"frame":250,"values":[0.4911,0.0057,0.8711,0,-0.0818,0.9959,0.0396,0,0.8673,0.0907,-0.4895,0,-142.1015,195.6386,-119.9728,1]},
{"frame":251,"values":[0.7153,0.0055,0.6988,0,-0.0511,0.9977,0.0444,0,0.6969,0.0675,-0.7139,0,-137.811,196.2064,-116.3697,1]},
{"frame":252,"values":[0.9026,0.0052,0.4304,0,-0.0321,0.998,0.0551,0,0.4292,0.0635,-0.901,0,-132.9758,196.3784,-113.8708,1]},
{"frame":253,"values":[0.9905,0.0143,0.1367,0,-0.0253,0.9965,0.0791,0,0.1351,0.0818,-0.9875,0,-128.7283,196.2489,-113.1406,1]},
{"frame":254,"values":[0.9936,0.0359,-0.1072,0,-0.024,0.9936,0.1103,0,-0.1105,0.1071,-0.9881,0,-125.9199,196.074,-114.1765,1]},
{"frame":255,"values":[0.9552,0.0565,-0.2904,0,-0.0199,0.9917,0.1274,0,-0.2952,0.1159,-0.9484,0,-124.7012,196.0729,-116.302,1]},
{"frame":256,"values":[0.9017,0.0597,-0.4281,0,-0.01,0.993,0.1175,0,-0.4322,0.1017,-0.896,0,-124.8136,196.3604,-118.409,1]},
{"frame":257,"values":[0.8403,0.0479,-0.54,0,0.0049,0.9954,0.0959,0,-0.5421,0.0833,-0.8362,0,-125.8767,196.9306,-119.7997,1]},
{"frame":258,"values":[0.7753,0.0368,-0.6306,0,0.0203,0.9963,0.083,0,-0.6313,0.0771,-0.7717,0,-127.6636,197.5417,-120.7145,1]},
{"frame":259,"values":[0.7156,0.0336,-0.6977,0,0.0277,0.9967,0.0764,0,-0.698,0.074,-0.7123,0,-129.9299,198.119,-121.5446,1]},
{"frame":260,"values":[0.6775,0.0349,-0.7347,0,0.0157,0.998,0.0619,0,-0.7353,0.0535,-0.6756,0,-132.2169,198.7102,-121.9971,1]},
{"frame":261,"values":[0.6628,0.0407,-0.7477,0,-0.0157,0.9991,0.0405,0,-0.7486,0.0151,-0.6628,0,-133.9537,198.9625,-121.4907,1]},
{"frame":262,"values":[0.6612,0.0502,-0.7485,0,-0.0513,0.9984,0.0217,0,-0.7484,-0.0241,-0.6628,0,-134.5467,198.5869,-120.1057,1]},
{"frame":263,"values":[0.6631,0.0592,-0.7462,0,-0.0765,0.997,0.0112,0,-0.7446,-0.0497,-0.6657,0,-133.9509,198.0458,-118.4827,1]},
{"frame":264,"values":[0.6723,0.0684,-0.7371,0,-0.091,0.9958,0.0094,0,-0.7347,-0.0608,-0.6757,0,-132.9689,198.2209,-116.9228,1]},
{"frame":265,"values":[0.6964,0.0791,-0.7133,0,-0.101,0.9948,0.0116,0,-0.7105,-0.064,-0.7008,0,-132.5858,199.1045,-115.1571,1]},
{"frame":266,"values":[0.7447,0.087,-0.6617,0,-0.1058,0.9943,0.0116,0,-0.659,-0.0613,-0.7497,0,-133.4174,199.9539,-113.0178,1]},
{"frame":267,"values":[0.8163,0.0918,-0.5703,0,-0.1061,0.9943,0.0081,0,-0.5678,-0.0539,-0.8214,0,-135.7583,200.5104,-110.8106,1]},
{"frame":268,"values":[0.9003,0.1048,-0.4225,0,-0.1125,0.9936,0.0067,0,-0.4205,-0.0414,-0.9063,0,-139.5732,200.9934,-108.9773,1]},
{"frame":269,"values":[0.9672,0.1291,-0.2188,0,-0.1314,0.9913,0.0038,0,-0.2174,-0.0251,-0.9758,0,-144.4326,201.5081,-107.7033,1]},
{"frame":270,"values":[0.9887,0.1469,0.0293,0,-0.1466,0.9891,-0.0131,0,0.0309,-0.0086,-0.9995,0,-149.8569,201.929,-106.9722,1]},
{"frame":271,"values":[0.9482,0.1416,0.2843,0,-0.1373,0.9899,-0.0349,0,0.2864,0.006,-0.9581,0,-155.4389,202.1711,-106.7122,1]},
{"frame":272,"values":[0.8557,0.1207,0.5031,0,-0.1137,0.9925,-0.0446,0,0.5048,0.019,-0.863,0,-160.764,202.4315,-106.6119,1]},
{"frame":273,"values":[0.738,0.105,0.6665,0,-0.0976,0.994,-0.0485,0,0.6677,0.0292,-0.7439,0,-165.7462,202.6877,-106.2404,1]},
{"frame":274,"values":[0.6317,0.1016,0.7685,0,-0.0887,0.9943,-0.0585,0,0.7701,0.0313,-0.6371,0,-170.5994,202.8146,-105.3707,1]},
{"frame":275,"values":[0.5697,0.0994,0.8158,0,-0.074,0.9948,-0.0695,0,0.8185,0.0208,-0.5742,0,-175.3244,202.9959,-103.8394,1]},
{"frame":276,"values":[0.5591,0.0819,0.825,0,-0.0423,0.9966,-0.0703,0,0.828,-0.0044,-0.5607,0,-179.8036,203.4534,-101.7954,1]},
{"frame":277,"values":[0.5499,0.0454,0.834,0,0.0059,0.9983,-0.0582,0,0.8352,-0.0369,-0.5487,0,-184.1295,204.1723,-100.0108,1]},
{"frame":278,"values":[0.4973,0.0094,0.8675,0,0.051,0.9979,-0.04,0,0.8661,-0.0641,-0.4958,0,-188.3114,205.1256,-99.2432,1]},
{"frame":279,"values":[0.4119,-0.0014,0.9112,0,0.0738,0.9968,-0.0318,0,0.9082,-0.0804,-0.4107,0,-191.9113,206.2198,-99.2901,1]},
{"frame":280,"values":[0.3315,0.0134,0.9433,0,0.083,0.9956,-0.0433,0,0.9398,-0.0927,-0.329,0,-194.4217,206.6625,-99.2108,1]},
{"frame":281,"values":[0.2804,0.0275,0.9595,0,0.099,0.9934,-0.0574,0,0.9548,-0.111,-0.2758,0,-196.0796,205.5545,-98.3429,1]},
{"frame":282,"values":[0.2601,0.0296,0.9651,0,0.1231,0.9904,-0.0635,0,0.9577,-0.1353,-0.2539,0,-197.7321,202.95,-96.7591,1]},
{"frame":283,"values":[0.251,0.0331,0.9674,0,0.1476,0.9864,-0.072,0,0.9567,-0.1608,-0.2427,0,-200.0907,199.9272,-95.0715,1]},
{"frame":284,"values":[0.2357,0.0435,0.9708,0,0.1746,0.9808,-0.0863,0,0.956,-0.1899,-0.2236,0,-203.1129,197.3595,-93.8264,1]},
{"frame":285,"values":[0.2149,0.0457,0.9756,0,0.2056,0.9744,-0.0909,0,0.9548,-0.2201,-0.2,0,-206.1403,194.8422,-93.0378,1]},
{"frame":286,"values":[0.2035,0.0301,0.9786,0,0.2281,0.9706,-0.0772,0,0.9521,-0.2389,-0.1906,0,-208.8403,191.6885,-92.2465,1]},
{"frame":287,"values":[0.2052,0.01,0.9787,0,0.2358,0.97,-0.0594,0,0.9499,-0.2429,-0.1967,0,-211.5462,188.5264,-91.0176,1]},
{"frame":288,"values":[0.2028,0.0051,0.9792,0,0.2325,0.9711,-0.0533,0,0.9512,-0.2385,-0.1957,0,-214.4186,187.0074,-89.4521,1]},
{"frame":289,"values":[0.1771,0.0198,0.984,0,0.2172,0.9744,-0.0587,0,0.9599,-0.2241,-0.1683,0,-216.9156,187.3114,-88.0851,1]},
{"frame":290,"values":[0.1225,0.0413,0.9916,0,0.1787,0.9819,-0.0629,0,0.9762,-0.1849,-0.1129,0,-218.7466,187.4362,-87.1135,1]},
{"frame":291,"values":[0.0551,0.0544,0.997,0,0.1133,0.9917,-0.0604,0,0.992,-0.1163,-0.0485,0,-220.5556,186.181,-86.6396,1]},
{"frame":292,"values":[-0.0046,0.0596,0.9982,0,0.0247,0.9979,-0.0595,0,0.9997,-0.0244,0.0061,0,-221.9823,184.1204,-86.7846,1]},
{"frame":293,"values":[-0.0513,0.0607,0.9968,0,-0.0658,0.9958,-0.064,0,0.9965,0.0689,0.0471,0,-221.5795,182.7364,-87.2034,1]},
{"frame":294,"values":[-0.0897,0.0522,0.9946,0,-0.1328,0.9891,-0.0639,0,0.9871,0.1378,0.0818,0,-219.9119,183.8254,-87.5184,1]},
{"frame":295,"values":[-0.1228,0.0371,0.9917,0,-0.1708,0.9836,-0.058,0,0.9776,0.1765,0.1145,0,-218.3075,187.0025,-88.0994,1]},
{"frame":296,"values":[-0.1399,0.0207,0.9899,0,-0.1948,0.9797,-0.0481,0,0.9708,0.1995,0.133,0,-215.9203,190.0092,-88.8189,1]},
{"frame":297,"values":[-0.1329,0.009,0.9911,0,-0.2203,0.9747,-0.0384,0,0.9663,0.2235,0.1275,0,-211.2705,191.0142,-89.1969,1]},
{"frame":298,"values":[-0.1065,0.0061,0.9943,0,-0.2405,0.9701,-0.0318,0,0.9648,0.2426,0.1018,0,-204.9173,190.7854,-89.0831,1]},
{"frame":299,"values":[-0.0751,0.0039,0.9972,0,-0.244,0.9695,-0.0222,0,0.9669,0.245,0.0718,0,-199.0556,190.8793,-88.742,1]},
{"frame":300,"values":[-0.0433,-0.0037,0.9991,0,-0.2304,0.9731,-0.0064,0,0.9721,0.2305,0.043,0,-194.8313,191.203,-88.4123,1]},
{"frame":301,"values":[-0.009,-0.0067,0.9999,0,-0.2078,0.9782,0.0047,0,0.9781,0.2077,0.0102,0,-191.8481,191.2492,-87.7835,1]},
{"frame":302,"values":[0.028,0.0018,0.9996,0,-0.1776,0.9841,0.0032,0,0.9837,0.1776,-0.0278,0,-189.4024,191.2029,-86.9373,1]},
{"frame":303,"values":[0.0622,0.012,0.998,0,-0.1423,0.9898,-0.003,0,0.9879,0.1418,-0.0633,0,-187.1852,191.1964,-86.1908,1]},
{"frame":304,"values":[0.0881,0.0159,0.996,0,-0.1076,0.9942,-0.0064,0,0.9903,0.1066,-0.0893,0,-185.5528,190.8525,-85.6091,1]},
{"frame":305,"values":[0.1044,0.0166,0.9944,0,-0.0772,0.997,-0.0085,0,0.9915,0.0759,-0.1054,0,-184.9895,189.8481,-85.0763,1]},
{"frame":306,"values":[0.1068,0.0201,0.9941,0,-0.0461,0.9988,-0.0153,0,0.9932,0.0441,-0.1076,0,-185.5221,188.2989,-84.5437,1]},
{"frame":307,"values":[0.0914,0.0327,0.9953,0,-0.0037,0.9995,-0.0325,0,0.9958,0.0007,-0.0915,0,-186.6443,186.5332,-84.2069,1]},
{"frame":308,"values":[0.0588,0.058,0.9966,0,0.0557,0.9966,-0.0613,0,0.9967,-0.0591,-0.0554,0,-187.7542,185.0235,-84.3068,1]},
