{"producer":{"name":"Blender","version":"2.90.0","exporter_version":"6.4.4","file":"walkbackwards_jump.babylon"},
"autoClear":true,"clearColor":[0.0509,0.0509,0.0509],"gravity":[0,-9.81,0],
"materials":[{"name":"Material","id":"Material","customType":"BABYLON.PBRMaterial","backFaceCulling":true,"checkReadyOnlyOnce":false,"maxSimultaneousLights":4,"environmentIntensity":1,"albedo":[0.8,0.8,0.8],"reflectivity":[0.5,0.5,0.5],"roughness":0.4,"alpha":1,"transparencyMode":0,"alphaCutOff":0.4,"metallic":0}],
"multiMaterials":[],
"skeletons":[{"name":"Armature","id":0,"dimensionsAtRest":[180.6981,191.5439,26.6006],"bones":[
{"name":"mixamorig:Hips","index":0,"matrix":[0.9992,0.0089,0.0378,0,-0.0088,1,-0.0021,0,0.0378,-0.0018,-0.9993,0,0.1189,92.0608,-1.6759,1],"rest":[1,0,0,0,0,1,0,0,0,0,-1,0,0,103.9915,0,1],"parentBoneIndex":-1,"length":10.5593
,"animation":{"dataType":3,"framePerSecond":24,"keys":[
{"frame":1,"values":[0.9992,0.0089,0.0378,0,-0.0088,1,-0.0021,0,0.0378,-0.0018,-0.9993,0,0.1189,92.0608,-1.6759,1]},
{"frame":2,"values":[0.9994,0.025,0.0259,0,-0.0307,0.9674,0.2512,0,0.0187,0.2519,-0.9676,0,-2.2664,89.824,-1.49,1]},
{"frame":3,"values":[0.9972,0.0466,0.0592,0,-0.0675,0.9018,0.4268,0,0.0334,0.4296,-0.9024,0,-6.4318,92.9108,-0.825,1]},
{"frame":4,"values":[0.986,0.126,0.1089,0,-0.159,0.907,0.3899,0,0.0496,0.4018,-0.9144,0,-10.5523,108.6365,-1.9412,1]},
{"frame":5,"values":[0.96,0.1893,0.2063,0,-0.2419,0.9317,0.2711,0,0.1409,0.3101,-0.9402,0,-12.2068,121.9911,-5.3987,1]},
{"frame":6,"values":[0.9599,0.1155,0.2556,0,-0.1573,0.9761,0.1497,0,0.2322,0.1839,-0.9551,0,-10.7038,134.0938,-8.6269,1]},
{"frame":7,"values":[0.9802,-0.0419,0.1937,0,0.0189,0.9927,0.119,0,0.1973,0.113,-0.9738,0,-8.447,143.2749,-10.1715,1]},
{"frame":8,"values":[0.9808,-0.1332,0.1427,0,0.1083,0.9795,0.17,0,0.1625,0.1513,-0.975,0,-6.0703,149.2852,-6.4826,1]},
{"frame":9,"values":[0.9771,-0.1958,0.0838,0,0.1793,0.9686,0.1725,0,0.115,0.1535,-0.9814,0,-2.7862,148.7756,1.3224,1]},
{"frame":10,"values":[0.974,-0.2196,0.0562,0,0.2152,0.9737,0.0751,0,0.0712,0.0611,-0.9956,0,0.3626,144.0488,8.8098,1]},
{"frame":11,"values":[0.9757,-0.2164,0.0338,0,0.2169,0.9761,-0.0118,0,0.0304,-0.0188,-0.9994,0,2.891,135.9233,16.1067,1]},
{"frame":12,"values":[0.9799,-0.1988,-0.0154,0,0.1993,0.9791,0.0406,0,-0.007,0.0428,-0.9991,0,4.3121,124.6301,22.6304,1]},
{"frame":13,"values":[0.9808,-0.1768,-0.082,0,0.1865,0.9737,0.1305,0,-0.0568,0.1433,-0.988,0,4.0148,111.7069,26.0525,1]},
{"frame":14,"values":[0.9804,-0.1478,-0.13,0,0.1702,0.9682,0.1832,0,-0.0988,0.2017,-0.9744,0,2.2882,99.2584,25.6274,1]},
{"frame":15,"values":[0.9832,-0.1198,-0.1375,0,0.148,0.9648,0.2176,0,-0.1066,0.2343,-0.9663,0,0.1178,88.6616,22.8037,1]},
{"frame":16,"values":[0.992,-0.0817,-0.0967,0,0.1008,0.9717,0.2137,0,-0.0765,0.2218,-0.9721,0,-2.2827,82.9775,18.0997,1]},
{"frame":17,"values":[0.9999,-0.0146,-0.0086,0,0.0155,0.9917,0.1275,0,-0.0067,0.1276,-0.9918,0,-4.5274,81.4868,13.4014,1]},
{"frame":18,"values":[0.9954,0.0413,0.0867,0,-0.0374,0.9982,-0.0462,0,0.0885,-0.0427,-0.9952,0,-5.6925,85.1097,8.6151,1]},
{"frame":19,"values":[0.9899,0.0422,0.1353,0,-0.0154,0.9811,-0.1929,0,0.1408,-0.1889,-0.9719,0,-5.6584,90.5406,3.7784,1]},
{"frame":20,"values":[0.9949,0.0161,0.0994,0,0.0075,0.9725,-0.2327,0,0.1004,-0.2323,-0.9675,0,-4.3976,94.2761,1.5635,1]},
{"frame":21,"values":[0.9988,0.0146,0.0466,0,-0.0054,0.9815,-0.1916,0,0.0486,-0.1911,-0.9804,0,-2.467,93.6579,0.4066,1]},
{"frame":22,"values":[0.9989,0.0239,0.0394,0,-0.0198,0.9946,-0.1016,0,0.0416,-0.1007,-0.9941,0,-0.9347,91.1772,-1.3176,1]},
{"frame":23,"values":[0.9992,0.0089,0.0378,0,-0.0088,1,-0.0021,0,0.0378,-0.0018,-0.9993,0,0.1189,92.0608,-1.6759,1]}],"loopBehavior":1,"name":"anim","property":"_matrix"}},
{"name":"mixamorig:Spine","index":1,"matrix":[0.9993,0.0174,-0.0338,0,-0.0076,0.9626,0.2709,0,0.0373,-0.2704,0.962,0,0,10.1816,0.1315,1],"rest":[1,0,0,0,0,1,0,0,0,0,1,0,0,10.1816,0.1315,1],"parentBoneIndex":0,"length":10.133
,"animation":{"dataType":3,"framePerSecond":24,"keys":[
{"frame":1,"values":[0.9993,0.0174,-0.0338,0,-0.0076,0.9626,0.2709,0,0.0373,-0.2704,0.962,0,0,10.1816,0.1315,1]},
{"frame":2,"values":[0.9987,0.0259,-0.0431,0,-0.0142,0.968,0.2507,0,0.0482,-0.2498,0.9671,0,0,10.1816,0.1315,1]},
{"frame":3,"values":[0.999,-0.0403,-0.0213,0,0.0437,0.9798,0.1953,0,0.013,-0.1961,0.9805,0,0,10.1816,0.1315,1]},
{"frame":4,"values":[0.9753,-0.2075,0.0753,0,0.196,0.9711,0.1363,0,-0.1014,-0.1182,0.9878,0,0,10.1816,0.1315,1]},
{"frame":5,"values":[0.9169,-0.3252,0.2314,0,0.3129,0.9456,0.089,0,-0.2478,-0.0092,0.9688,0,0,10.1816,0.1315,1]},
{"frame":6,"values":[0.9044,-0.2621,0.3367,0,0.2582,0.9644,0.0574,0,-0.3397,0.035,0.9399,0,0,10.1816,0.1315,1]},
{"frame":7,"values":[0.9337,-0.1288,0.3341,0,0.108,0.9909,0.08,0,-0.3414,-0.0386,0.9391,0,0,10.1816,0.1315,1]},
{"frame":8,"values":[0.9627,-0.0172,0.2701,0,-0.0297,0.9853,0.1684,0,-0.2691,-0.1701,0.948,0,0,10.1816,0.1315,1]},
{"frame":9,"values":[0.9736,0.0668,0.2181,0,-0.1184,0.9652,0.233,0,-0.195,-0.2527,0.9477,0,0,10.1816,0.1315,1]},
{"frame":10,"values":[0.9719,0.1468,0.1838,0,-0.187,0.9562,0.2253,0,-0.1427,-0.2533,0.9568,0,0,10.1816,0.1315,1]},
{"frame":11,"values":[0.9682,0.1961,0.1551,0,-0.2283,0.9465,0.2282,0,-0.1021,-0.2564,0.9612,0,0,10.1816,0.1315,1]},
{"frame":12,"values":[0.9722,0.2007,0.1209,0,-0.2286,0.9254,0.3023,0,-0.0512,-0.3215,0.9455,0,0,10.1816,0.1315,1]},
{"frame":13,"values":[0.9832,0.17,0.0671,0,-0.1827,0.9025,0.3901,0,0.0057,-0.3958,0.9183,0,0,10.1816,0.1315,1]},
{"frame":14,"values":[0.9934,0.1146,0.0022,0,-0.1041,0.8941,0.4356,0,0.048,-0.433,0.9001,0,0,10.1816,0.1315,1]},
{"frame":15,"values":[0.9964,0.0582,-0.0609,0,-0.0252,0.8957,0.444,0,0.0804,-0.4409,0.8939,0,0,10.1816,0.1315,1]},
{"frame":16,"values":[0.9949,0.0209,-0.099,0,0.0225,0.9081,0.4181,0,0.0986,-0.4182,0.903,0,0,10.1816,0.1315,1]},
{"frame":17,"values":[0.9952,0.0002,-0.0978,0,0.0342,0.936,0.3503,0,0.0916,-0.352,0.9315,0,0,10.1816,0.1315,1]},
{"frame":18,"values":[0.9959,0.0067,-0.0904,0,0.0174,0.9646,0.2633,0,0.089,-0.2638,0.9605,0,0,10.1816,0.1315,1]},
{"frame":19,"values":[0.9929,0.041,-0.1116,0,-0.0183,0.9801,0.1979,0,0.1175,-0.1944,0.9738,0,0,10.1816,0.1315,1]},
{"frame":20,"values":[0.9884,0.0637,-0.1381,0,-0.0374,0.982,0.1851,0,0.1474,-0.1778,0.973,0,0,10.1816,0.1315,1]},
{"frame":21,"values":[0.9908,0.057,-0.1229,0,-0.029,0.9753,0.2189,0,0.1323,-0.2133,0.968,0,0,10.1816,0.1315,1]},
{"frame":22,"values":[0.9968,0.0327,-0.0723,0,-0.0129,0.9657,0.2592,0,0.0783,-0.2574,0.9631,0,0,10.1816,0.1315,1]},
{"frame":23,"values":[0.9993,0.0174,-0.0338,0,-0.0076,0.9626,0.2709,0,0.0373,-0.2704,0.962,0,0,10.1816,0.1315,1]}],"loopBehavior":1,"name":"anim","property":"_matrix"}},
{"name":"mixamorig:Spine1","index":2,"matrix":[0.9999,0.0084,-0.0087,0,-0.008,0.9989,0.0452,0,0.0091,-0.0451,0.9989,0,0,10.0835,-1.0008,1],"rest":[1,0,0,0,0,1,0,0,0,0,1,0,0,10.0835,-1.0008,1],"parentBoneIndex":1,"length":9.203
,"animation":{"dataType":3,"framePerSecond":24,"keys":[
{"frame":1,"values":[0.9999,0.0084,-0.0087,0,-0.008,0.9989,0.0452,0,0.0091,-0.0451,0.9989,0,0,10.0835,-1.0008,1]},
{"frame":2,"values":[0.9997,0.023,-0.0099,0,-0.0201,0.974,0.2256,0,0.0148,-0.2254,0.9742,0,0,10.0835,-1.0008,1]},
{"frame":3,"values":[0.9998,0.0214,-0.0059,0,-0.0179,0.9344,0.3557,0,0.0132,-0.3555,0.9346,0,0,10.0835,-1.0008,1]},
{"frame":4,"values":[1,-0.0066,-0.0003,0,0.0062,0.9243,0.3817,0,-0.0023,-0.3817,0.9243,0,0,10.0835,-1.0008,1]},
{"frame":5,"values":[0.9992,-0.0381,0.0072,0,0.0333,0.9376,0.3461,0,-0.0199,-0.3456,0.9382,0,0,10.0835,-1.0008,1]},
{"frame":6,"values":[0.9987,-0.0497,0.0083,0,0.045,0.9535,0.298,0,-0.0227,-0.2972,0.9545,0,0,10.0835,-1.0008,1]},
{"frame":7,"values":[0.9987,-0.0509,-0.0033,0,0.0498,0.9566,0.2871,0,-0.0114,-0.2869,0.9579,0,0,10.0835,-1.0008,1]},
{"frame":8,"values":[0.9986,-0.0488,-0.0191,0,0.0523,0.944,0.3258,0,0.0021,-0.3264,0.9452,0,0,10.0835,-1.0008,1]},
{"frame":9,"values":[0.9994,-0.0273,-0.0235,0,0.0337,0.9381,0.3448,0,0.0127,-0.3454,0.9384,0,0,10.0835,-1.0008,1]},
{"frame":10,"values":[0.9998,0.0137,-0.0164,0,-0.0084,0.9577,0.2877,0,0.0197,-0.2875,0.9576,0,0,10.0835,-1.0008,1]},
{"frame":11,"values":[0.9987,0.0502,-0.011,0,-0.0466,0.9756,0.2144,0,0.0215,-0.2136,0.9767,0,0,10.0835,-1.0008,1]},
{"frame":12,"values":[0.9982,0.059,-0.0061,0,-0.0563,0.974,0.2197,0,0.0189,-0.2189,0.9756,0,0,10.0835,-1.0008,1]},
{"frame":13,"values":[0.9992,0.0396,-0.0018,0,-0.0373,0.9555,0.2925,0,0.0133,-0.2922,0.9563,0,0,10.0835,-1.0008,1]},
{"frame":14,"values":[0.9999,0.0117,-0.0034,0,-0.0097,0.9313,0.3641,0,0.0074,-0.3641,0.9313,0,0,10.0835,-1.0008,1]},
{"frame":15,"values":[0.9999,-0.0093,-0.0097,0,0.0125,0.9088,0.4169,0,0.005,-0.417,0.9089,0,0,10.0835,-1.0008,1]},
{"frame":16,"values":[0.9997,-0.0188,-0.0161,0,0.0241,0.8945,0.4465,0,0.006,-0.4468,0.8946,0,0,10.0835,-1.0008,1]},
{"frame":17,"values":[0.9996,-0.0198,-0.0183,0,0.0258,0.9003,0.4346,0,0.0079,-0.4349,0.9005,0,0,10.0835,-1.0008,1]},
{"frame":18,"values":[0.9997,-0.019,-0.0172,0,0.0241,0.9251,0.379,0,0.0087,-0.3793,0.9252,0,0,10.0835,-1.0008,1]},
{"frame":19,"values":[0.9997,-0.0202,-0.0165,0,0.0242,0.9541,0.2984,0,0.0097,-0.2987,0.9543,0,0,10.0835,-1.0008,1]},
{"frame":20,"values":[0.9997,-0.0194,-0.0166,0,0.0225,0.9772,0.2112,0,0.0121,-0.2115,0.9773,0,0,10.0835,-1.0008,1]},
{"frame":21,"values":[0.9998,-0.0118,-0.0148,0,0.0137,0.9916,0.129,0,0.0132,-0.1292,0.9915,0,0,10.0835,-1.0008,1]},
{"frame":22,"values":[0.9999,-0.0003,-0.0115,0,0.0011,0.9976,0.0696,0,0.0114,-0.0696,0.9975,0,0,10.0835,-1.0008,1]},
{"frame":23,"values":[0.9999,0.0084,-0.0087,0,-0.008,0.9989,0.0452,0,0.0091,-0.0451,0.9989,0,0,10.0835,-1.0008,1]}],"loopBehavior":1,"name":"anim","property":"_matrix"}},
{"name":"mixamorig:Spine2","index":3,"matrix":[0.9999,0.0082,-0.0083,0,-0.0079,0.9989,0.0453,0,0.0087,-0.0452,0.9989,0,0,9.1,-1.3734,1],"rest":[1,0,0,0,0,1,0,0,0,0,1,0,0,9.1,-1.3734,1],"parentBoneIndex":2,"length":13.7198
,"animation":{"dataType":3,"framePerSecond":24,"keys":[
{"frame":1,"values":[0.9999,0.0082,-0.0083,0,-0.0079,0.9989,0.0453,0,0.0087,-0.0452,0.9989,0,0,9.1,-1.3734,1]},
{"frame":2,"values":[0.9998,0.0154,-0.012,0,-0.0122,0.9732,0.2294,0,0.0152,-0.2293,0.9732,0,0,9.1,-1.3734,1]},
{"frame":3,"values":[1,-0.0025,-0.0094,0,0.0058,0.9283,0.3719,0,0.0078,-0.3719,0.9282,0,0,9.1,-1.3734,1]},
{"frame":4,"values":[0.9985,-0.0547,-0.0028,0,0.0508,0.9057,0.4208,0,-0.0204,-0.4203,0.9071,0,0,9.1,-1.3734,1]},
{"frame":5,"values":[0.9937,-0.1121,0.0059,0,0.0995,0.9038,0.4163,0,-0.052,-0.4131,0.9092,0,0,9.1,-1.3734,1]},
{"frame":6,"values":[0.9899,-0.1414,0.0042,0,0.1278,0.9067,0.4018,0,-0.0606,-0.3973,0.9157,0,0,9.1,-1.3734,1]},
{"frame":7,"values":[0.9894,-0.1439,-0.0175,0,0.1379,0.897,0.42,0,-0.0447,-0.418,0.9073,0,0,9.1,-1.3734,1]},
{"frame":8,"values":[0.9909,-0.1273,-0.0449,0,0.1332,0.8676,0.4791,0,-0.022,-0.4807,0.8766,0,0,9.1,-1.3734,1]},
{"frame":9,"values":[0.9952,-0.0843,-0.0506,0,0.0984,0.8527,0.5131,0,-0.0001,-0.5155,0.8569,0,0,9.1,-1.3734,1]},
{"frame":10,"values":[0.9992,-0.0188,-0.0344,0,0.0327,0.8846,0.4652,0,0.0217,-0.4659,0.8846,0,0,9.1,-1.3734,1]},
{"frame":11,"values":[0.9988,0.0456,-0.0187,0,-0.0352,0.9259,0.3762,0,0.0344,-0.3751,0.9263,0,0,9.1,-1.3734,1]},
{"frame":12,"values":[0.9971,0.0767,-0.0017,0,-0.0716,0.9381,0.339,0,0.0276,-0.3379,0.9408,0,0,9.1,-1.3734,1]},
{"frame":13,"values":[0.9977,0.0652,0.0192,0,-0.0677,0.9279,0.3666,0,0.0061,-0.367,0.9302,0,0,9.1,-1.3734,1]},
{"frame":14,"values":[0.9989,0.0347,0.0301,0,-0.044,0.9112,0.4097,0,-0.0133,-0.4106,0.9117,0,0,9.1,-1.3734,1]},
{"frame":15,"values":[0.9996,0.0077,0.0271,0,-0.0191,0.8928,0.4501,0,-0.0207,-0.4505,0.8925,0,0,9.1,-1.3734,1]},
{"frame":16,"values":[0.9999,-0.0055,0.0163,0,-0.0029,0.8787,0.4773,0,-0.0169,-0.4773,0.8786,0,0,9.1,-1.3734,1]},
{"frame":17,"values":[1,-0.0051,0.0042,0,0.0026,0.8817,0.4718,0,-0.0061,-0.4718,0.8817,0,0,9.1,-1.3734,1]},
{"frame":18,"values":[1,0,-0.0065,0,0.0028,0.9028,0.4301,0,0.0059,-0.4301,0.9028,0,0,9.1,-1.3734,1]},
{"frame":19,"values":[0.9999,0.0024,-0.0156,0,0.0035,0.9312,0.3644,0,0.0154,-0.3644,0.9311,0,0,9.1,-1.3734,1]},
{"frame":20,"values":[0.9998,0.0022,-0.0207,0,0.0037,0.96,0.2799,0,0.0205,-0.2799,0.9598,0,0,9.1,-1.3734,1]},
{"frame":21,"values":[0.9998,0.0027,-0.0192,0,0.0007,0.9839,0.1786,0,0.0194,-0.1785,0.9837,0,0,9.1,-1.3734,1]},
{"frame":22,"values":[0.9999,0.0051,-0.0131,0,-0.0039,0.996,0.0889,0,0.0135,-0.0889,0.996,0,0,9.1,-1.3734,1]},
{"frame":23,"values":[0.9999,0.0082,-0.0083,0,-0.0079,0.9989,0.0453,0,0.0087,-0.0452,0.9989,0,0,9.1,-1.3734,1]}],"loopBehavior":1,"name":"anim","property":"_matrix"}},
{"name":"mixamorig:Neck","index":4,"matrix":[0.9998,0.0152,0.0134,0,-0.0154,0.9998,0.0149,0,-0.0132,-0.0151,0.9998,0,0,16.6717,-2.5162,1],"rest":[1,0,0,0,0,1,0,0,0,0,1,0,0,16.6717,-2.5162,1],"parentBoneIndex":3,"length":9.7644
,"animation":{"dataType":3,"framePerSecond":24,"keys":[
{"frame":1,"values":[0.9998,0.0152,0.0134,0,-0.0154,0.9998,0.0149,0,-0.0132,-0.0151,0.9998,0,0,16.6717,-2.5162,1]},
{"frame":2,"values":[0.9998,-0.0049,0.0172,0,0.0052,0.9999,-0.0143,0,-0.0171,0.0143,0.9998,0,0,16.6717,-2.5162,1]},
{"frame":3,"values":[0.9998,-0.0018,0.0217,0,0.0023,0.9997,-0.0252,0,-0.0217,0.0253,0.9994,0,0,16.6717,-2.5162,1]},
{"frame":4,"values":[0.9999,0.001,0.01,0,-0.001,1,-0.0027,0,-0.01,0.0027,0.9999,0,0,16.6717,-2.5162,1]},
{"frame":5,"values":[0.9996,-0.0224,-0.0157,0,0.023,0.9989,0.0401,0,0.0147,-0.0405,0.9991,0,0,16.6717,-2.5162,1]},
{"frame":6,"values":[0.9976,-0.0557,-0.0405,0,0.0589,0.9949,0.0818,0,0.0357,-0.084,0.9958,0,0,16.6717,-2.5162,1]},
{"frame":7,"values":[0.9966,-0.0656,-0.0507,0,0.0702,0.9929,0.0955,0,0.0441,-0.0987,0.9941,0,0,16.6717,-2.5162,1]},
{"frame":8,"values":[0.9975,-0.0547,-0.0452,0,0.0578,0.9958,0.0711,0,0.0411,-0.0735,0.9964,0,0,16.6717,-2.5162,1]},
{"frame":9,"values":[0.9983,-0.0477,-0.0329,0,0.0485,0.9985,0.0243,0,0.0317,-0.0259,0.9992,0,0,16.6717,-2.5162,1]},
{"frame":10,"values":[0.9984,-0.0516,-0.0211,0,0.0511,0.9984,-0.0248,0,0.0223,0.0236,0.9995,0,0,16.6717,-2.5162,1]},
{"frame":11,"values":[0.9984,-0.0548,-0.0147,0,0.0534,0.9954,-0.0796,0,0.019,0.0786,0.9967,0,0,16.6717,-2.5162,1]},
{"frame":12,"values":[0.9987,-0.0482,-0.0151,0,0.0454,0.9879,-0.1481,0,0.022,0.1472,0.9889,0,0,16.6717,-2.5162,1]},
{"frame":13,"values":[0.9993,-0.0315,-0.0202,0,0.0264,0.9755,-0.2184,0,0.0266,0.2177,0.9757,0,0,16.6717,-2.5162,1]},
{"frame":14,"values":[0.9996,-0.011,-0.0264,0,0.0035,0.963,-0.2696,0,0.0283,0.2694,0.9626,0,0,16.6717,-2.5162,1]},
{"frame":15,"values":[0.9996,0.0023,-0.0297,0,-0.0107,0.9579,-0.2868,0,0.0278,0.287,0.9575,0,0,16.6717,-2.5162,1]},
{"frame":16,"values":[0.9997,-0.0001,-0.0252,0,-0.0067,0.9634,-0.2681,0,0.0243,0.2681,0.9631,0,0,16.6717,-2.5162,1]},
{"frame":17,"values":[0.9999,-0.0139,-0.0102,0,0.0112,0.9742,-0.2255,0,0.0131,0.2254,0.9742,0,0,16.6717,-2.5162,1]},
{"frame":18,"values":[0.9995,-0.0298,0.01,0,0.0311,0.9829,-0.1817,0,-0.0044,0.182,0.9833,0,0,16.6717,-2.5162,1]},
{"frame":19,"values":[0.9988,-0.0434,0.0244,0,0.0465,0.9882,-0.1456,0,-0.0178,0.1466,0.989,0,0,16.6717,-2.5162,1]},
{"frame":20,"values":[0.9985,-0.047,0.0264,0,0.0495,0.9934,-0.1035,0,-0.0213,0.1047,0.9943,0,0,16.6717,-2.5162,1]},
{"frame":21,"values":[0.9992,-0.0347,0.0202,0,0.0355,0.9984,-0.0449,0,-0.0186,0.0456,0.9988,0,0,16.6717,-2.5162,1]},
{"frame":22,"values":[0.9998,-0.0109,0.0148,0,0.0108,0.9999,0.0052,0,-0.0148,-0.0051,0.9999,0,0,16.6717,-2.5162,1]},
{"frame":23,"values":[0.9998,0.0152,0.0134,0,-0.0154,0.9998,0.0149,0,-0.0132,-0.0151,0.9998,0,0,16.6717,-2.5162,1]}],"loopBehavior":1,"name":"anim","property":"_matrix"}},
{"name":"mixamorig:Head","index":5,"matrix":[0.9936,-0.0667,0.0913,0,0.0844,0.9749,-0.2058,0,-0.0752,0.2122,0.9743,0,0,9.6179,1.685,1],"rest":[1,0,0,0,0,1,0,0,0,0,1,0,0,9.6179,1.685,1],"parentBoneIndex":4,"length":13.7945
,"animation":{"dataType":3,"framePerSecond":24,"keys":[
{"frame":1,"values":[0.9936,-0.0667,0.0913,0,0.0844,0.9749,-0.2058,0,-0.0752,0.2122,0.9743,0,0,9.6179,1.685,1]},
{"frame":2,"values":[0.992,-0.0662,0.1071,0,0.09,0.9677,-0.2355,0,-0.088,0.2433,0.966,0,0,9.6179,1.685,1]},
{"frame":3,"values":[0.9935,-0.0552,0.0996,0,0.0765,0.9714,-0.2249,0,-0.0843,0.231,0.9693,0,0,9.6179,1.685,1]},
{"frame":4,"values":[0.9978,-0.0643,0.0158,0,0.066,0.9833,-0.1698,0,-0.0046,0.1705,0.9854,0,0,9.6179,1.685,1]},
{"frame":5,"values":[0.9905,-0.0845,-0.1086,0,0.0727,0.9915,-0.1082,0,0.1168,0.0992,0.9882,0,0,9.6179,1.685,1]},
{"frame":6,"values":[0.975,-0.0842,-0.2056,0,0.0752,0.9958,-0.0514,0,0.209,0.0347,0.9773,0,0,9.6179,1.685,1]},
{"frame":7,"values":[0.9678,-0.0525,-0.2462,0,0.0523,0.9986,-0.0073,0,0.2462,-0.0058,0.9692,0,0,9.6179,1.685,1]},
{"frame":8,"values":[0.972,-0.0102,-0.2346,0,0.013,0.9999,0.0101,0,0.2345,-0.0128,0.972,0,0,9.6179,1.685,1]},
{"frame":9,"values":[0.9804,0.0098,-0.1968,0,-0.0081,0.9999,0.0093,0,0.1969,-0.0076,0.9804,0,0,9.6179,1.685,1]},
{"frame":10,"values":[0.9862,-0.0119,-0.1652,0,0.0131,0.9999,0.0066,0,0.1651,-0.0087,0.9862,0,0,9.6179,1.685,1]},
{"frame":11,"values":[0.9859,-0.0647,-0.1545,0,0.0636,0.9979,-0.0121,0,0.155,0.0021,0.9879,0,0,9.6179,1.685,1]},
{"frame":12,"values":[0.9813,-0.111,-0.157,0,0.1027,0.9929,-0.0599,0,0.1626,0.0427,0.9858,0,0,9.6179,1.685,1]},
{"frame":13,"values":[0.9781,-0.122,-0.1685,0,0.1025,0.9875,-0.1197,0,0.181,0.0998,0.9784,0,0,9.6179,1.685,1]},
{"frame":14,"values":[0.9782,-0.0992,-0.1823,0,0.0701,0.9847,-0.1598,0,0.1954,0.1435,0.9702,0,0,9.6179,1.685,1]},
{"frame":15,"values":[0.9829,-0.0509,-0.1771,0,0.0219,0.9865,-0.162,0,0.183,0.1554,0.9708,0,0,9.6179,1.685,1]},
{"frame":16,"values":[0.9917,0.0029,-0.1283,0,-0.0226,0.988,-0.1525,0,0.1263,0.1541,0.9799,0,0,9.6179,1.685,1]},
{"frame":17,"values":[0.9991,0.0355,-0.0239,0,-0.0397,0.9782,-0.204,0,0.0161,0.2048,0.9787,0,0,9.6179,1.685,1]},
{"frame":18,"values":[0.9928,0.0475,0.1104,0,-0.0065,0.9382,-0.346,0,-0.12,0.3428,0.9317,0,0,9.6179,1.685,1]},
{"frame":19,"values":[0.9756,0.0511,0.2135,0,0.0599,0.8738,-0.4826,0,-0.2112,0.4837,0.8494,0,0,9.6179,1.685,1]},
{"frame":20,"values":[0.9714,0.0223,0.2366,0,0.1047,0.8536,-0.5102,0,-0.2133,0.5204,0.8269,0,0,9.6179,1.685,1]},
{"frame":21,"values":[0.9814,-0.0259,0.1902,0,0.1075,0.8951,-0.4328,0,-0.1591,0.4452,0.8812,0,0,9.6179,1.685,1]},
{"frame":22,"values":[0.9903,-0.0536,0.1281,0,0.0913,0.9461,-0.3106,0,-0.1045,0.3193,0.9419,0,0,9.6179,1.685,1]},
{"frame":23,"values":[0.9936,-0.0667,0.0913,0,0.0844,0.9749,-0.2058,0,-0.0752,0.2122,0.9743,0,0,9.6179,1.685,1]}],"loopBehavior":1,"name":"anim","property":"_matrix"}},
{"name":"mixamorig:HeadTop_End","index":6,"matrix":[1,0,0,0,0,1,0,0,0,0,1,0,0,17.8152,2.585,1],"rest":[1,0,0,0,0,1,0,0,0,0,1,0,0,17.8152,2.585,1],"parentBoneIndex":5,"length":13.7945
,"animation":{"dataType":3,"framePerSecond":24,"keys":[
{"frame":1,"values":[1,0,0,0,0,1,0,0,0,0,1,0,0,17.8152,2.585,1]},
{"frame":23,"values":[1,0,0,0,0,1,0,0,0,0,1,0,0,17.8152,2.585,1]}],"loopBehavior":1,"name":"anim","property":"_matrix"}},
{"name":"mixamorig:LeftEye","index":7,"matrix":[1,0,0,0,0,1,0,0,0,0,1,0,3.0676,6.4095,9.2836,1],"rest":[1,0,0,0,0,1,0,0,0,0,1,0,3.0676,6.4095,9.2836,1],"parentBoneIndex":5,"length":13.7945
,"animation":{"dataType":3,"framePerSecond":24,"keys":[
{"frame":1,"values":[1,0,0,0,0,1,0,0,0,0,1,0,3.0676,6.4095,9.2836,1]},
{"frame":23,"values":[1,0,0,0,0,1,0,0,0,0,1,0,3.0676,6.4095,9.2836,1]}],"loopBehavior":1,"name":"anim","property":"_matrix"}},
{"name":"mixamorig:RightEye","index":8,"matrix":[1,0,0,0,0,1,0,0,0,0,1,0,-3.0676,6.4095,9.2835,1],"rest":[1,0,0,0,0,1,0,0,0,0,1,0,-3.0676,6.4095,9.2835,1],"parentBoneIndex":5,"length":13.7945
,"animation":{"dataType":3,"framePerSecond":24,"keys":[
{"frame":1,"values":[1,0,0,0,0,1,0,0,0,0,1,0,-3.0676,6.4095,9.2835,1]},
{"frame":23,"values":[1,0,0,0,0,1,0,0,0,0,1,0,-3.0676,6.4095,9.2835,1]}],"loopBehavior":1,"name":"anim","property":"_matrix"}},
{"name":"mixamorig:LeftShoulder","index":9,"matrix":[0.9577,-0.2793,0.0699,0,0.2779,0.9602,0.0301,0,-0.0755,-0.0094,0.9971,0,4.5704,10.946,-2.628,1],"rest":[1,0,0,0,0,1,0,0,0,0,1,0,4.5704,10.946,-2.628,1],"parentBoneIndex":3,"length":10.8377
,"animation":{"dataType":3,"framePerSecond":24,"keys":[
{"frame":1,"values":[0.9577,-0.2793,0.0699,0,0.2779,0.9602,0.0301,0,-0.0755,-0.0094,0.9971,0,4.5704,10.946,-2.628,1]},
{"frame":2,"values":[0.9526,-0.2627,0.1536,0,0.2586,0.9649,0.0462,0,-0.1604,-0.0043,0.9871,0,4.5704,10.946,-2.628,1]},
{"frame":3,"values":[0.9502,-0.1846,0.251,0,0.1782,0.9828,0.0481,0,-0.2556,-0.001,0.9668,0,4.5704,10.946,-2.628,1]},
{"frame":4,"values":[0.948,-0.0428,0.3155,0,0.0347,0.9989,0.0312,0,-0.3165,-0.0186,0.9484,0,4.5704,10.946,-2.628,1]},
{"frame":5,"values":[0.944,0.0728,0.3218,0,-0.0794,0.9968,0.0073,0,-0.3203,-0.0324,0.9468,0,4.5704,10.946,-2.628,1]},
{"frame":6,"values":[0.9549,0.086,0.2843,0,-0.0849,0.9963,-0.0162,0,-0.2847,-0.0087,0.9586,0,4.5704,10.946,-2.628,1]},
{"frame":7,"values":[0.9714,0.0271,0.2361,0,-0.0182,0.999,-0.0397,0,-0.2369,0.0343,0.9709,0,4.5704,10.946,-2.628,1]},
{"frame":8,"values":[0.982,-0.0311,0.1863,0,0.0429,0.9973,-0.0596,0,-0.1839,0.0666,0.9807,0,4.5704,10.946,-2.628,1]},
{"frame":9,"values":[0.9901,-0.0625,0.1253,0,0.0717,0.995,-0.0701,0,-0.1203,0.0783,0.9896,0,4.5704,10.946,-2.628,1]},
{"frame":10,"values":[0.9954,-0.0773,0.0561,0,0.0812,0.9942,-0.0707,0,-0.0503,0.0749,0.9959,0,4.5704,10.946,-2.628,1]},
{"frame":11,"values":[0.9967,-0.0807,0.0025,0,0.0807,0.9947,-0.0631,0,0.0026,0.0631,0.998,0,4.5704,10.946,-2.628,1]},
{"frame":12,"values":[0.9971,-0.0728,-0.0201,0,0.0717,0.9961,-0.0517,0,0.0238,0.0501,0.9985,0,4.5704,10.946,-2.628,1]},
{"frame":13,"values":[0.9987,-0.0481,-0.0145,0,0.0475,0.998,-0.0417,0,0.0165,0.041,0.999,0,4.5704,10.946,-2.628,1]},
{"frame":14,"values":[0.9998,-0.0148,0.0092,0,0.0151,0.9993,-0.0327,0,-0.0087,0.0329,0.9994,0,4.5704,10.946,-2.628,1]},
{"frame":15,"values":[0.9985,-0.0033,0.0544,0,0.0044,0.9998,-0.0192,0,-0.0543,0.0194,0.9983,0,4.5704,10.946,-2.628,1]},
{"frame":16,"values":[0.9937,-0.033,0.1075,0,0.0335,0.9994,-0.0034,0,-0.1073,0.0069,0.9942,0,4.5704,10.946,-2.628,1]},
{"frame":17,"values":[0.987,-0.094,0.1303,0,0.094,0.9956,0.0064,0,-0.1303,0.0059,0.9915,0,4.5704,10.946,-2.628,1]},
{"frame":18,"values":[0.9788,-0.1668,0.119,0,0.1667,0.986,0.0107,0,-0.1191,0.0094,0.9928,0,4.5704,10.946,-2.628,1]},
{"frame":19,"values":[0.9671,-0.2314,0.1053,0,0.231,0.9728,0.0157,0,-0.1061,0.0092,0.9943,0,4.5704,10.946,-2.628,1]},
{"frame":20,"values":[0.96,-0.2628,0.0964,0,0.262,0.9648,0.021,0,-0.0985,0.0051,0.9951,0,4.5704,10.946,-2.628,1]},
{"frame":21,"values":[0.9615,-0.2627,0.0811,0,0.2617,0.9649,0.0235,0,-0.0844,-0.0014,0.9964,0,4.5704,10.946,-2.628,1]},
{"frame":22,"values":[0.9626,-0.2624,0.0673,0,0.2613,0.9649,0.0255,0,-0.0716,-0.0069,0.9974,0,4.5704,10.946,-2.628,1]},
{"frame":23,"values":[0.9577,-0.2793,0.0699,0,0.2779,0.9602,0.0301,0,-0.0755,-0.0094,0.9971,0,4.5704,10.946,-2.628,1]}],"loopBehavior":1,"name":"anim","property":"_matrix"}},
{"name":"mixamorig:LeftArm","index":10,"matrix":[0.2852,-0.8022,-0.5246,0,0.932,0.3599,-0.0437,0,0.2238,-0.4764,0.8502,0,10.5924,-0.5246,-2.2321,1],"rest":[1,0,0,0,0,1,0,0,0,0,1,0,10.5924,-0.5246,-2.2321,1],"parentBoneIndex":9,"length":27.8415
,"animation":{"dataType":3,"framePerSecond":24,"keys":[
{"frame":1,"values":[0.2852,-0.8022,-0.5246,0,0.932,0.3599,-0.0437,0,0.2238,-0.4764,0.8502,0,10.5924,-0.5246,-2.2321,1]},
{"frame":2,"values":[0.5826,-0.7889,-0.1953,0,0.807,0.5901,0.0238,0,0.0964,-0.1714,0.9805,0,10.5924,-0.5246,-2.2321,1]},
{"frame":3,"values":[0.7429,-0.6315,0.2217,0,0.6274,0.7725,0.0982,0,-0.2333,0.0661,0.9701,0,10.5924,-0.5246,-2.2321,1]},
{"frame":4,"values":[0.7668,-0.3773,0.5193,0,0.3567,0.9231,0.1441,0,-0.5337,0.0748,0.8423,0,10.5924,-0.5246,-2.2321,1]},
{"frame":5,"values":[0.7751,-0.1733,0.6076,0,0.0847,0.9815,0.172,0,-0.6261,-0.0818,0.7754,0,10.5924,-0.5246,-2.2321,1]},
{"frame":6,"values":[0.7987,-0.086,0.5956,0,-0.0302,0.9828,0.1824,0,-0.601,-0.1637,0.7823,0,10.5924,-0.5246,-2.2321,1]},
{"frame":7,"values":[0.8363,-0.0758,0.5429,0,0.0081,0.992,0.1261,0,-0.5481,-0.1011,0.8303,0,10.5924,-0.5246,-2.2321,1]},
{"frame":8,"values":[0.8941,-0.1044,0.4355,0,0.1038,0.9943,0.0253,0,-0.4357,0.0226,0.8998,0,10.5924,-0.5246,-2.2321,1]},
{"frame":9,"values":[0.9517,-0.1454,0.2705,0,0.1703,0.9828,-0.0709,0,-0.2555,0.1135,0.9601,0,10.5924,-0.5246,-2.2321,1]},
{"frame":10,"values":[0.9824,-0.1687,0.0799,0,0.1782,0.975,-0.1326,0,-0.0556,0.1446,0.9879,0,10.5924,-0.5246,-2.2321,1]},
{"frame":11,"values":[0.9849,-0.1422,-0.099,0,0.1277,0.9819,-0.1398,0,0.1171,0.125,0.9852,0,10.5924,-0.5246,-2.2321,1]},
{"frame":12,"values":[0.9616,-0.077,-0.2635,0,0.0549,0.9944,-0.0902,0,0.269,0.0723,0.9604,0,10.5924,-0.5246,-2.2321,1]},
{"frame":13,"values":[0.8996,-0.0662,-0.4317,0,0.0809,0.9966,0.0158,0,0.4292,-0.0492,0.9019,0,10.5924,-0.5246,-2.2321,1]},
{"frame":14,"values":[0.8056,-0.2222,-0.5493,0,0.3253,0.9407,0.0966,0,0.4952,-0.2565,0.83,0,10.5924,-0.5246,-2.2321,1]},
{"frame":15,"values":[0.7022,-0.5473,-0.4554,0,0.6537,0.7491,0.1077,0,0.2822,-0.3733,0.8838,0,10.5924,-0.5246,-2.2321,1]},
{"frame":16,"values":[0.5466,-0.8159,-0.1886,0,0.8364,0.5209,0.1708,0,-0.0411,-0.2511,0.9671,0,10.5924,-0.5246,-2.2321,1]},
{"frame":17,"values":[0.4051,-0.9142,-0.0069,0,0.8932,0.3942,0.2163,0,-0.1951,-0.0938,0.9763,0,10.5924,-0.5246,-2.2321,1]},
{"frame":18,"values":[0.3655,-0.9294,0.052,0,0.9125,0.3688,0.177,0,-0.1837,-0.0172,0.9828,0,10.5924,-0.5246,-2.2321,1]},
{"frame":19,"values":[0.3652,-0.9309,-0.0025,0,0.9268,0.3633,0.0954,0,-0.0879,-0.0372,0.9954,0,10.5924,-0.5246,-2.2321,1]},
{"frame":20,"values":[0.3229,-0.9347,-0.1484,0,0.9461,0.323,0.024,0,0.0255,-0.1482,0.9886,0,10.5924,-0.5246,-2.2321,1]},
{"frame":21,"values":[0.2536,-0.9191,-0.3016,0,0.9627,0.2701,-0.0133,0,0.0937,-0.287,0.9533,0,10.5924,-0.5246,-2.2321,1]},
{"frame":22,"values":[0.2344,-0.8675,-0.4388,0,0.9617,0.2729,-0.0258,0,0.1421,-0.416,0.8982,0,10.5924,-0.5246,-2.2321,1]},
{"frame":23,"values":[0.2852,-0.8022,-0.5246,0,0.932,0.3599,-0.0437,0,0.2238,-0.4764,0.8502,0,10.5924,-0.5246,-2.2321,1]}],"loopBehavior":1,"name":"anim","property":"_matrix"}},
{"name":"mixamorig:LeftForeArm","index":11,"matrix":[0.5674,0,0.8234,0,0,1,0,0,-0.8234,0,0.5674,0,27.8415,-0.0001,0,1],"rest":[1,0,0,0,0,1,0,0,0,0,1,0,27.8415,-0.0001,0,1],"parentBoneIndex":10,"length":28.3288
,"animation":{"dataType":3,"framePerSecond":24,"keys":[
{"frame":1,"values":[0.5674,0,0.8234,0,0,1,0,0,-0.8234,0,0.5674,0,27.8415,-0.0001,0,1]},
{"frame":2,"values":[0.5099,0,0.8602,0,0,1,0,0,-0.8602,0,0.5099,0,27.8415,-0.0001,0,1]},
{"frame":3,"values":[0.5807,0,0.8141,0,0,1,0,0,-0.8141,0,0.5807,0,27.8415,-0.0001,0,1]},
{"frame":4,"values":[0.7273,0,0.6863,0,0,1,0,0,-0.6863,0,0.7273,0,27.8415,-0.0001,0,1]},
{"frame":5,"values":[0.8617,0,0.5074,0,0,1,0,0,-0.5074,0,0.8617,0,27.8415,-0.0001,0,1]},
{"frame":6,"values":[0.9261,0,0.3773,0,0,1,0,0,-0.3773,0,0.9261,0,27.8415,-0.0001,0,1]},
{"frame":7,"values":[0.9135,0,0.4069,0,0,1,0,0,-0.4069,0,0.9135,0,27.8415,-0.0001,0,1]},
{"frame":8,"values":[0.8259,0,0.5638,0,0,1,0,0,-0.5638,0,0.8259,0,27.8415,-0.0001,0,1]},
{"frame":9,"values":[0.7119,0,0.7023,0,0,1,0,0,-0.7023,0,0.7119,0,27.8415,-0.0001,0,1]},
{"frame":10,"values":[0.6401,0,0.7683,0,0,1,0,0,-0.7683,0,0.6401,0,27.8415,-0.0001,0,1]},
{"frame":11,"values":[0.6007,0,0.7994,0,0,1,0,0,-0.7994,0,0.6007,0,27.8415,-0.0001,0,1]},
{"frame":12,"values":[0.6091,0,0.7931,0,0,1,0,0,-0.7931,0,0.6091,0,27.8415,-0.0001,0,1]},
{"frame":13,"values":[0.7759,0,0.6308,0,0,1,0,0,-0.6308,0,0.7759,0,27.8415,-0.0001,0,1]},
{"frame":14,"values":[0.9494,0,0.314,0,0,1,0,0,-0.314,0,0.9494,0,27.8415,-0.0001,0,1]},
{"frame":15,"values":[0.9809,0,0.1947,0,0,1,0,0,-0.1947,0,0.9809,0,27.8415,-0.0001,0,1]},
{"frame":16,"values":[0.9592,0,0.2828,0,0,1,0,0,-0.2828,0,0.9592,0,27.8415,-0.0001,0,1]},
{"frame":17,"values":[0.9534,0,0.3016,0,0,1,0,0,-0.3016,0,0.9534,0,27.8415,-0.0001,0,1]},
{"frame":18,"values":[0.9474,0,0.3202,0,0,1,0,0,-0.3202,0,0.9474,0,27.8415,-0.0001,0,1]},
{"frame":19,"values":[0.8897,0,0.4565,0,0,1,0,0,-0.4565,0,0.8897,0,27.8415,-0.0001,0,1]},
{"frame":20,"values":[0.8141,0,0.5807,0,0,1,0,0,-0.5807,0,0.8141,0,27.8415,-0.0001,0,1]},
{"frame":21,"values":[0.7677,0,0.6408,0,0,1,0,0,-0.6408,0,0.7677,0,27.8415,-0.0001,0,1]},
{"frame":22,"values":[0.6969,0,0.7172,0,0,1,0,0,-0.7172,0,0.6969,0,27.8415,-0.0001,0,1]},
{"frame":23,"values":[0.5674,0,0.8234,0,0,1,0,0,-0.8234,0,0.5674,0,27.8415,-0.0001,0,1]}],"loopBehavior":1,"name":"anim","property":"_matrix"}},
{"name":"mixamorig:LeftHand","index":12,"matrix":[0.9979,0.0029,-0.0646,0,0.0028,0.9962,0.0871,0,0.0646,-0.0871,0.9941,0,28.3288,0,0,1],"rest":[1,0,0,0,0,1,0.0005,0,0,-0.0005,1,0,28.3288,0,0,1],"parentBoneIndex":11,"length":8.2279
,"animation":{"dataType":3,"framePerSecond":24,"keys":[
{"frame":1,"values":[0.9979,0.0029,-0.0646,0,0.0028,0.9962,0.0871,0,0.0646,-0.0871,0.9941,0,28.3288,0,0,1]},
{"frame":2,"values":[0.9932,0.0335,0.1113,0,-0.0449,0.9939,0.1012,0,-0.1073,-0.1055,0.9886,0,28.3288,0,0,1]},
{"frame":3,"values":[0.9683,0.0114,0.2497,0,-0.0535,0.9853,0.1625,0,-0.2441,-0.1707,0.9546,0,28.3288,0,0,1]},
{"frame":4,"values":[0.9333,-0.0473,0.3561,0,-0.021,0.9824,0.1857,0,-0.3586,-0.1807,0.9158,0,28.3288,0,0,1]},
{"frame":5,"values":[0.8794,-0.0577,0.4725,0,0.0093,0.9945,0.1041,0,-0.4759,-0.0872,0.8751,0,28.3288,0,0,1]},
{"frame":6,"values":[0.8182,0.0169,0.5747,0,-0.0316,0.9994,0.0156,0,-0.5741,-0.0309,0.8182,0,28.3288,0,0,1]},
{"frame":7,"values":[0.7823,0.1056,0.6138,0,-0.159,0.9867,0.033,0,-0.6022,-0.1234,0.7887,0,28.3288,0,0,1]},
{"frame":8,"values":[0.779,0.1674,0.6043,0,-0.2804,0.955,0.0969,0,-0.5609,-0.245,0.7908,0,28.3288,0,0,1]},
{"frame":9,"values":[0.7766,0.2325,0.5855,0,-0.3389,0.9377,0.0772,0,-0.5311,-0.2584,0.807,0,28.3288,0,0,1]},
{"frame":10,"values":[0.7561,0.331,0.5646,0,-0.375,0.9261,-0.0407,0,-0.5364,-0.181,0.8243,0,28.3288,0,0,1]},
{"frame":11,"values":[0.7217,0.4486,0.5272,0,-0.4223,0.8888,-0.1782,0,-0.5485,-0.094,0.8309,0,28.3288,0,0,1]},
{"frame":12,"values":[0.7124,0.5202,0.4709,0,-0.4533,0.8535,-0.2571,0,-0.5357,-0.0303,0.8439,0,28.3288,0,0,1]},
{"frame":13,"values":[0.7965,0.4736,0.3759,0,-0.418,0.8805,-0.2236,0,-0.4368,0.021,0.8993,0,28.3288,0,0,1]},
{"frame":14,"values":[0.9217,0.328,0.2071,0,-0.3176,0.9446,-0.0828,0,-0.2227,0.0105,0.9748,0,28.3288,0,0,1]},
{"frame":15,"values":[0.9822,0.1876,-0.0116,0,-0.1863,0.9798,0.0732,0,0.0251,-0.0698,0.9972,0,28.3288,0,0,1]},
{"frame":16,"values":[0.9781,0.102,-0.1812,0,-0.0858,0.9918,0.0948,0,0.1894,-0.0772,0.9789,0,28.3288,0,0,1]},
{"frame":17,"values":[0.9682,0.0584,-0.2434,0,-0.0635,0.9979,-0.0132,0,0.2421,0.0282,0.9698,0,28.3288,0,0,1]},
{"frame":18,"values":[0.9693,0.0673,-0.2365,0,-0.0936,0.9904,-0.1016,0,0.2274,0.1206,0.9663,0,28.3288,0,0,1]},
{"frame":19,"values":[0.9793,0.0978,-0.1774,0,-0.1175,0.9876,-0.1043,0,0.165,0.123,0.9786,0,28.3288,0,0,1]},
{"frame":20,"values":[0.9954,0.0895,-0.0346,0,-0.0921,0.9923,-0.0832,0,0.0269,0.086,0.9959,0,28.3288,0,0,1]},
{"frame":21,"values":[0.993,0.0456,0.1085,0,-0.0399,0.9977,-0.0542,0,-0.1108,0.0495,0.9926,0,28.3288,0,0,1]},
{"frame":22,"values":[0.9952,0.0121,0.0966,0,-0.0135,0.9998,0.0136,0,-0.0965,-0.0149,0.9952,0,28.3288,0,0,1]},
{"frame":23,"values":[0.9979,0.0029,-0.0646,0,0.0028,0.9962,0.0871,0,0.0646,-0.0871,0.9941,0,28.3288,0,0,1]}],"loopBehavior":1,"name":"anim","property":"_matrix"}},
{"name":"mixamorig:LeftHandThumb1","index":13,"matrix":[0.9714,0.237,0.0134,0,-0.236,0.9702,-0.0543,0,-0.0259,0.0496,0.9984,0,2.4661,-1.575,2.6824,1],"rest":[1,0.0002,0.0002,0,-0.0002,1,-0.0002,0,-0.0002,0.0002,1,0,2.4661,-1.575,2.6824,1],"parentBoneIndex":12,"length":4.1696
,"animation":{"dataType":3,"framePerSecond":24,"keys":[
{"frame":1,"values":[0.9714,0.237,0.0134,0,-0.236,0.9702,-0.0543,0,-0.0259,0.0496,0.9984,0,2.4661,-1.575,2.6824,1]},
{"frame":2,"values":[0.97,0.2429,-0.0078,0,-0.243,0.9689,-0.0463,0,-0.0037,0.0469,0.9989,0,2.4661,-1.575,2.6824,1]},
{"frame":3,"values":[0.9674,0.2508,-0.0359,0,-0.2521,0.9671,-0.0356,0,0.0258,0.0435,0.9987,0,2.4661,-1.575,2.6824,1]},
{"frame":4,"values":[0.9659,0.2543,-0.0482,0,-0.2559,0.9662,-0.0308,0,0.0388,0.0421,0.9984,0,2.4661,-1.575,2.6824,1]},
{"frame":5,"values":[0.9651,0.2561,-0.0545,0,-0.2578,0.9658,-0.0283,0,0.0454,0.0414,0.9981,0,2.4661,-1.575,2.6824,1]},
{"frame":6,"values":[0.965,0.2564,-0.0557,0,-0.2582,0.9657,-0.0278,0,0.0467,0.0412,0.9981,0,2.4661,-1.575,2.6824,1]},
{"frame":9,"values":[0.9662,0.2519,-0.0556,0,-0.2539,0.9667,-0.0315,0,0.0458,0.0446,0.998,0,2.4661,-1.575,2.6824,1]},
{"frame":10,"values":[0.9852,0.1631,-0.0524,0,-0.1678,0.9805,-0.1027,0,0.0346,0.11,0.9933,0,2.4661,-1.575,2.6824,1]},
{"frame":11,"values":[0.9991,-0.0087,-0.0421,0,-0.0012,0.973,-0.2308,0,0.043,0.2306,0.9721,0,2.4661,-1.575,2.6824,1]},
{"frame":12,"values":[0.9846,-0.1723,-0.0298,0,0.1505,0.9218,-0.3572,0,0.089,0.3472,0.9336,0,2.4661,-1.575,2.6824,1]},
{"frame":13,"values":[0.9464,-0.3205,-0.039,0,0.259,0.8259,-0.5009,0,0.1928,0.4639,0.8646,0,2.4661,-1.575,2.6824,1]},
{"frame":14,"values":[0.9173,-0.3981,0.0059,0,0.3148,0.716,-0.6232,0,0.2439,0.5735,0.7821,0,2.4661,-1.575,2.6824,1]},
{"frame":15,"values":[0.946,-0.2854,0.1538,0,0.3108,0.663,-0.681,0,0.0924,0.692,0.7159,0,2.4661,-1.575,2.6824,1]},
{"frame":16,"values":[0.9565,-0.0973,0.2751,0,0.273,0.6319,-0.7254,0,-0.1033,0.7689,0.631,0,2.4661,-1.575,2.6824,1]},
{"frame":17,"values":[0.9882,0.1451,0.0482,0,-0.1161,0.9172,-0.3812,0,-0.0995,0.3711,0.9232,0,2.4661,-1.575,2.6824,1]},
{"frame":18,"values":[0.9674,0.2507,-0.0354,0,-0.2519,0.9671,-0.0358,0,0.0253,0.0435,0.9987,0,2.4661,-1.575,2.6824,1]},
{"frame":21,"values":[0.9678,0.2497,-0.0321,0,-0.2508,0.9673,-0.037,0,0.0218,0.0439,0.9988,0,2.4661,-1.575,2.6824,1]},
{"frame":22,"values":[0.9702,0.2423,-0.0057,0,-0.2423,0.969,-0.0471,0,-0.0059,0.0471,0.9989,0,2.4661,-1.575,2.6824,1]},
{"frame":23,"values":[0.9714,0.237,0.0134,0,-0.236,0.9702,-0.0543,0,-0.0259,0.0496,0.9984,0,2.4661,-1.575,2.6824,1]}],"loopBehavior":1,"name":"anim","property":"_matrix"}},
{"name":"mixamorig:LeftHandThumb2","index":14,"matrix":[0.9346,-0.004,-0.3556,0,0.1139,0.9506,0.2887,0,0.3369,-0.3103,0.8889,0,3.2298,-1.8647,1.8647,1],"rest":[1,0,0,0,0,1,0,0,0,0,1,0,3.2298,-1.8647,1.8647,1],"parentBoneIndex":13,"length":3.4245
,"animation":{"dataType":3,"framePerSecond":24,"keys":[
{"frame":1,"values":[0.9346,-0.004,-0.3556,0,0.1139,0.9506,0.2887,0,0.3369,-0.3103,0.8889,0,3.2298,-1.8647,1.8647,1]},
{"frame":9,"values":[0.9356,-0.0053,-0.3531,0,0.1141,0.9508,0.2881,0,0.3342,-0.3099,0.8901,0,3.2298,-1.8647,1.8647,1]},
{"frame":10,"values":[0.9521,-0.0295,-0.3042,0,0.1182,0.9534,0.2776,0,0.2818,-0.3002,0.9113,0,3.2298,-1.8647,1.8647,1]},
{"frame":11,"values":[0.975,-0.0732,-0.2099,0,0.1275,0.9576,0.2583,0,0.1821,-0.2786,0.943,0,3.2298,-1.8647,1.8647,1]},
{"frame":12,"values":[0.9866,-0.1117,-0.119,0,0.1379,0.9606,0.2411,0,0.0874,-0.2543,0.9632,0,3.2298,-1.8647,1.8647,1]},
{"frame":13,"values":[0.9876,-0.1513,-0.0411,0,0.1567,0.9616,0.2253,0,0.0055,-0.229,0.9734,0,3.2298,-1.8647,1.8647,1]},
{"frame":14,"values":[0.9845,-0.1753,0.001,0,0.1709,0.9611,0.217,0,-0.039,-0.2135,0.9762,0,3.2298,-1.8647,1.8647,1]},
{"frame":16,"values":[0.985,-0.1724,-0.0061,0,0.1696,0.9611,0.2181,0,-0.0318,-0.2159,0.9759,0,3.2298,-1.8647,1.8647,1]},
{"frame":17,"values":[0.975,-0.0825,-0.2064,0,0.135,0.9576,0.2547,0,0.1766,-0.2762,0.9447,0,3.2298,-1.8647,1.8647,1]},
{"frame":18,"values":[0.9346,-0.004,-0.3556,0,0.1139,0.9506,0.2887,0,0.3369,-0.3103,0.8889,0,3.2298,-1.8647,1.8647,1]},
{"frame":23,"values":[0.9346,-0.004,-0.3556,0,0.1139,0.9506,0.2887,0,0.3369,-0.3103,0.8889,0,3.2298,-1.8647,1.8647,1]}],"loopBehavior":1,"name":"anim","property":"_matrix"}},
{"name":"mixamorig:LeftHandThumb3","index":15,"matrix":[0.9211,0.3152,0.2284,0,-0.2132,0.8994,-0.3815,0,-0.3257,0.3027,0.8957,0,2.6526,-1.5315,1.5315,1],"rest":[1,0,0,0,0,1,0,0,0,0,1,0,2.6526,-1.5315,1.5315,1],"parentBoneIndex":14,"length":2.5234
,"animation":{"dataType":3,"framePerSecond":24,"keys":[
{"frame":1,"values":[0.9211,0.3152,0.2284,0,-0.2132,0.8994,-0.3815,0,-0.3257,0.3027,0.8957,0,2.6526,-1.5315,1.5315,1]},
{"frame":2,"values":[0.9502,0.3074,0.0506,0,-0.2759,0.9058,-0.3214,0,-0.1447,0.2915,0.9456,0,2.6526,-1.5315,1.5315,1]},
{"frame":3,"values":[0.947,0.3024,-0.108,0,-0.3205,0.911,-0.2594,0,0.0199,0.2803,0.9597,0,2.6526,-1.5315,1.5315,1]},
{"frame":4,"values":[0.9475,0.3087,0.0839,0,-0.2652,0.9047,-0.3335,0,-0.1788,0.2937,0.939,0,2.6526,-1.5315,1.5315,1]},
{"frame":5,"values":[0.874,0.323,0.3631,0,-0.156,0.8941,-0.4197,0,-0.4602,0.3102,0.8318,0,2.6526,-1.5315,1.5315,1]},
{"frame":6,"values":[0.83,0.329,0.4504,0,-0.1138,0.8904,-0.4406,0,-0.546,0.3145,0.7765,0,2.6526,-1.5315,1.5315,1]},
{"frame":9,"values":[0.8301,0.3289,0.4502,0,-0.1139,0.8905,-0.4406,0,-0.5458,0.3145,0.7767,0,2.6526,-1.5315,1.5315,1]},
{"frame":10,"values":[0.8327,0.3286,0.4456,0,-0.1162,0.8907,-0.4396,0,-0.5414,0.3142,0.7799,0,2.6526,-1.5315,1.5315,1]},
{"frame":11,"values":[0.8381,0.3279,0.4359,0,-0.1212,0.8911,-0.4374,0,-0.5318,0.3138,0.7866,0,2.6526,-1.5315,1.5315,1]},
{"frame":12,"values":[0.8446,0.3271,0.4238,0,-0.1272,0.8916,-0.4346,0,-0.52,0.3132,0.7947,0,2.6526,-1.5315,1.5315,1]},
{"frame":13,"values":[0.8563,0.3211,0.4046,0,-0.1369,0.8963,-0.4218,0,-0.4981,0.3058,0.8114,0,2.6526,-1.5315,1.5315,1]},
{"frame":14,"values":[0.8607,0.3149,0.4001,0,-0.1389,0.9012,-0.4105,0,-0.4899,0.2977,0.8194,0,2.6526,-1.5315,1.5315,1]},
{"frame":15,"values":[0.8411,0.3164,0.4386,0,-0.1202,0.9001,-0.4187,0,-0.5273,0.2995,0.7951,0,2.6526,-1.5315,1.5315,1]},
{"frame":16,"values":[0.8235,0.3188,0.4693,0,-0.1042,0.8982,-0.4271,0,-0.5577,0.3028,0.7728,0,2.6526,-1.5315,1.5315,1]},
{"frame":17,"values":[0.9434,0.306,0.1282,0,-0.2474,0.9063,-0.3428,0,-0.2211,0.2916,0.9306,0,2.6526,-1.5315,1.5315,1]},
{"frame":18,"values":[0.9467,0.3023,-0.1114,0,-0.3214,0.9111,-0.258,0,0.0235,0.28,0.9597,0,2.6526,-1.5315,1.5315,1]},
{"frame":21,"values":[0.9489,0.3029,-0.0884,0,-0.3156,0.9104,-0.2675,0,-0.0005,0.2817,0.9595,0,2.6526,-1.5315,1.5315,1]},
{"frame":22,"values":[0.946,0.3092,0.0971,0,-0.2608,0.9042,-0.3381,0,-0.1923,0.2946,0.9361,0,2.6526,-1.5315,1.5315,1]},
{"frame":23,"values":[0.9211,0.3152,0.2284,0,-0.2132,0.8994,-0.3815,0,-0.3257,0.3027,0.8957,0,2.6526,-1.5315,1.5315,1]}],"loopBehavior":1,"name":"anim","property":"_matrix"}},
{"name":"mixamorig:LeftHandThumb4","index":16,"matrix":[1,0,0,0,0,1,0,0,0,0,1,0,1.9546,-1.1285,1.1285,1],"rest":[1,0,0,0,0,1,0,0,0,0,1,0,1.9546,-1.1285,1.1285,1],"parentBoneIndex":15,"length":2.5234
,"animation":{"dataType":3,"framePerSecond":24,"keys":[
{"frame":1,"values":[1,0,0,0,0,1,0,0,0,0,1,0,1.9546,-1.1285,1.1285,1]},
{"frame":23,"values":[1,0,0,0,0,1,0,0,0,0,1,0,1.9546,-1.1285,1.1285,1]}],"loopBehavior":1,"name":"anim","property":"_matrix"}},
{"name":"mixamorig:LeftHandIndex1","index":17,"matrix":[0.8746,-0.4842,-0.0259,0,0.4834,0.8748,-0.0315,0,0.0379,0.0151,0.9992,0,9.1093,-0.5171,2.2601,1],"rest":[1,0,0,0,0,1,0,0,0,0,1,0,9.1093,-0.5171,2.2601,1],"parentBoneIndex":12,"length":3.6764
,"animation":{"dataType":3,"framePerSecond":24,"keys":[
{"frame":1,"values":[0.8746,-0.4842,-0.0259,0,0.4834,0.8748,-0.0315,0,0.0379,0.0151,0.9992,0,9.1093,-0.5171,2.2601,1]},
{"frame":2,"values":[0.7332,-0.6787,-0.0419,0,0.6775,0.7344,-0.0397,0,0.0577,0.0007,0.9983,0,9.1093,-0.5171,2.2601,1]},
{"frame":3,"values":[0.5627,-0.8248,-0.0546,0,0.8234,0.5651,-0.0505,0,0.0725,-0.0166,0.9972,0,9.1093,-0.5171,2.2601,1]},
{"frame":4,"values":[0.7225,-0.6901,-0.0427,0,0.6891,0.7237,-0.0367,0,0.0563,-0.0029,0.9984,0,9.1093,-0.5171,2.2601,1]},
{"frame":5,"values":[0.9089,-0.4166,-0.0201,0,0.4162,0.9091,-0.0204,0,0.0267,0.0102,0.9996,0,9.1093,-0.5171,2.2601,1]},
