{"producer":{"name":"Blender","version":"2.90.0","exporter_version":"2.80.1","file":"fight_castspell2hands.babylon"},
"autoClear":true,"clearColor":[0.0509,0.0509,0.0509],"gravity":[0,-9.81,0],
"materials":[{"name":"Material","id":"Material","customType":"BABYLON.PBRMaterial","backFaceCulling":true,"checkReadyOnlyOnce":false,"maxSimultaneousLights":4,"environmentIntensity":1,"albedo":[0.8,0.8,0.8],"reflectivity":[0.5,0.5,0.5],"roughness":0.4,"alpha":1,"transparencyMode":0,"alphaCutOff":0.4,"metallic":0}],
"multiMaterials":[],
"skeletons":[{"name":"Armature","id":0,"dimensionsAtRest":[379.1952,391.6652,55.677],"bones":[
{"name":"mixamorig:Hips","index":0,"matrix":[0.4658,0.0289,-0.8844,0,0.0236,0.9987,0.0451,0,-0.8846,0.0419,-0.4645,0,-0.792,176.4825,-0.4233,1],"rest":[1,0,0,0,0,1,0,0,0,0,-1,0,0,201.6394,0,1],"parentBoneIndex":-1,"length":21.6784
,"animation":{"dataType":3,"framePerSecond":24,"keys":[
{"frame":1,"values":[0.4658,0.0289,-0.8844,0,0.0236,0.9987,0.0451,0,-0.8846,0.0419,-0.4645,0,-0.792,176.4825,-0.4233,1]},
{"frame":2,"values":[0.4749,0.0227,-0.8797,0,0.0238,0.999,0.0386,0,-0.8797,0.0393,-0.4739,0,-1.1073,176.4998,0.4199,1]},
{"frame":3,"values":[0.4881,0.0119,-0.8727,0,0.0241,0.9993,0.0271,0,-0.8725,0.0342,-0.4875,0,-1.4295,176.532,1.3896,1]},
{"frame":4,"values":[0.5095,0.0015,-0.8605,0,0.0228,0.9996,0.0152,0,-0.8602,0.0273,-0.5093,0,-1.6988,176.4439,2.4419,1]},
{"frame":5,"values":[0.5411,-0.0088,-0.8409,0,0.0186,0.9998,0.0015,0,-0.8408,0.0165,-0.5412,0,-1.834,175.9274,3.1359,1]},
{"frame":6,"values":[0.5836,-0.0269,-0.8116,0,0.0145,0.9996,-0.0227,0,-0.8119,-0.0015,-0.5838,0,-1.887,175.3826,2.982,1]},
{"frame":7,"values":[0.6329,-0.058,-0.7721,0,0.0219,0.9981,-0.0571,0,-0.7739,-0.0192,-0.633,0,-2.1146,175.3004,1.2898,1]},
{"frame":8,"values":[0.6888,-0.0873,-0.7197,0,0.0421,0.9959,-0.0805,0,-0.7238,-0.0252,-0.6896,0,-2.823,175.8659,-2.5642,1]},
{"frame":9,"values":[0.7529,-0.0917,-0.6517,0,0.0533,0.9955,-0.0786,0,-0.6559,-0.0245,-0.7544,0,-3.63,176.797,-8.9774,1]},
{"frame":10,"values":[0.8133,-0.0595,-0.5789,0,0.0387,0.9981,-0.0481,0,-0.5806,-0.0167,-0.814,0,-3.6522,177.4952,-17.4606,1]},
{"frame":11,"values":[0.8529,0.0028,-0.5221,0,0.0083,0.9998,0.0189,0,-0.522,0.0204,-0.8527,0,-3.0232,176.9143,-25.8563,1]},
{"frame":12,"values":[0.8868,0.0716,-0.4565,0,-0.0171,0.9923,0.1223,0,-0.4617,0.1007,-0.8813,0,-2.5822,175.6136,-33.4068,1]},
{"frame":13,"values":[0.9329,0.1209,-0.3392,0,-0.0412,0.9716,0.233,0,-0.3577,0.2034,-0.9114,0,-2.8412,175.6825,-41.0636,1]},
{"frame":14,"values":[0.9731,0.1389,-0.1838,0,-0.0722,0.9414,0.3296,0,-0.2188,0.3075,-0.9261,0,-3.9333,177.2263,-48.941,1]},
{"frame":15,"values":[0.9897,0.1357,-0.0465,0,-0.1061,0.9108,0.3989,0,-0.0965,0.3898,-0.9158,0,-5.5598,178.9661,-56.6954,1]},
{"frame":16,"values":[0.9915,0.1195,0.051,0,-0.1298,0.8941,0.4287,0,-0.0056,0.4316,-0.902,0,-7.0006,180.4458,-63.7784,1]},
{"frame":17,"values":[0.9878,0.0878,0.1289,0,-0.1357,0.8917,0.4319,0,0.077,0.4441,-0.8927,0,-7.9629,181.4747,-68.973,1]},
{"frame":18,"values":[0.9801,0.0532,0.1912,0,-0.1318,0.8946,0.4269,0,0.1483,0.4436,-0.8839,0,-9.0974,181.515,-71.4036,1]},
{"frame":19,"values":[0.9737,0.0365,0.2248,0,-0.1305,0.8982,0.4197,0,0.1866,0.438,-0.8794,0,-10.6414,180.6441,-71.2575,1]},
{"frame":20,"values":[0.975,0.0374,0.2191,0,-0.1271,0.9026,0.4113,0,0.1824,0.4288,-0.8848,0,-12.1949,179.4767,-69.3537,1]},
{"frame":21,"values":[0.9831,0.0402,0.1786,0,-0.1107,0.9075,0.4053,0,0.1458,0.4182,-0.8966,0,-13.6651,179.1206,-66.5253,1]},
{"frame":22,"values":[0.9936,0.0433,0.1045,0,-0.0823,0.9107,0.4048,0,0.0777,0.4108,-0.9084,0,-15.1948,179.8842,-64.0738,1]},
{"frame":23,"values":[0.9986,0.0499,0.0201,0,-0.0537,0.91,0.4112,0,-0.0022,0.4117,-0.9113,0,-16.8758,181.3425,-63.5598,1]},
{"frame":24,"values":[0.9981,0.0533,-0.0305,0,-0.0355,0.9059,0.422,0,-0.0501,0.4201,-0.9061,0,-18.976,182.8552,-65.6736,1]},
{"frame":25,"values":[0.9984,0.0469,-0.0306,0,-0.0292,0.9022,0.4303,0,-0.0478,0.4288,-0.9021,0,-21.687,184.0704,-69.6339,1]},
{"frame":26,"values":[0.9994,0.0347,-0.0063,0,-0.0286,0.9016,0.4317,0,-0.0206,0.4313,-0.902,0,-24.6978,184.7683,-75.0747,1]},
{"frame":27,"values":[0.9997,0.0255,0.0051,0,-0.0252,0.9036,0.4276,0,-0.0063,0.4275,-0.904,0,-27.8326,185.1724,-81.7973,1]},
{"frame":28,"values":[0.9998,0.0216,-0.0011,0,-0.0192,0.911,0.4121,0,-0.0099,0.4119,-0.9112,0,-31.4146,185.9468,-89.209,1]},
{"frame":29,"values":[0.9998,0.0191,-0.0093,0,-0.0142,0.9272,0.3743,0,-0.0158,0.374,-0.9273,0,-35.89,187.3008,-96.5728,1]},
{"frame":30,"values":[0.9998,0.0158,-0.015,0,-0.0103,0.95,0.312,0,-0.0191,0.3117,-0.95,0,-41.4094,188.483,-102.8085,1]},
{"frame":31,"values":[0.9999,0.008,-0.0147,0,-0.0043,0.9715,0.2369,0,-0.0162,0.2368,-0.9714,0,-47.6839,188.4988,-106.1441,1]},
{"frame":32,"values":[0.9999,-0.006,0.0106,0,0.0042,0.9872,0.1595,0,0.0115,0.1594,-0.9871,0,-54.0616,186.6434,-105.4656,1]},
{"frame":33,"values":[0.9983,-0.014,0.0574,0,0.0074,0.9936,0.113,0,0.0586,0.1124,-0.9919,0,-60.3848,182.9049,-101.7584,1]},
{"frame":34,"values":[0.9967,-0.0092,0.0805,0,-0.0027,0.9892,0.1467,0,0.081,0.1464,-0.9859,0,-66.6555,179.5859,-97.4651,1]},
{"frame":35,"values":[0.998,-0.0039,0.0628,0,-0.0107,0.9732,0.2298,0,0.062,0.23,-0.9712,0,-71.983,178.7533,-95.0172,1]},
{"frame":36,"values":[0.9988,-0.0026,0.0485,0,-0.0107,0.9619,0.2731,0,0.0473,0.2733,-0.9608,0,-75.6583,180.0931,-94.9564,1]},
{"frame":37,"values":[0.9978,-0.0002,0.0661,0,-0.0163,0.9681,0.2499,0,0.064,0.2505,-0.966,0,-78.0801,182.1573,-96.6699,1]},
{"frame":38,"values":[0.9965,0.0026,0.084,0,-0.0203,0.9773,0.2109,0,0.0816,0.2118,-0.9739,0,-79.4418,183.779,-98.5876,1]},
{"frame":39,"values":[0.9971,-0.0002,0.0761,0,-0.0149,0.9801,0.198,0,0.0746,0.1986,-0.9772,0,-79.9173,184.6767,-99.7043,1]},
{"frame":40,"values":[0.9985,-0.0049,0.0547,0,-0.0054,0.9825,0.1863,0,0.0547,0.1863,-0.981,0,-79.6275,184.9293,-100.6288,1]},
{"frame":41,"values":[0.9993,-0.0088,0.0377,0,0.0024,0.9863,0.1647,0,0.0386,0.1645,-0.9856,0,-78.9789,185.0295,-101.5694,1]},
{"frame":42,"values":[0.9995,-0.0097,0.0288,0,0.0051,0.9877,0.1566,0,0.0299,0.1563,-0.9873,0,-78.3395,185.0128,-102.1987,1]},
{"frame":43,"values":[0.9996,-0.0059,0.0261,0,0.0017,0.9874,0.158,0,0.0267,0.1579,-0.9871,0,-77.8857,184.9028,-102.6116,1]},
{"frame":44,"values":[0.9996,-0.0026,0.028,0,-0.0019,0.9877,0.1564,0,0.0281,0.1564,-0.9873,0,-77.6224,184.6844,-102.8949,1]},
{"frame":45,"values":[0.9995,-0.0025,0.0328,0,-0.0027,0.9878,0.1554,0,0.0328,0.1554,-0.9873,0,-77.5969,184.4135,-102.9421,1]},
{"frame":46,"values":[0.9992,-0.0033,0.0392,0,-0.003,0.9873,0.1586,0,0.0392,0.1586,-0.9866,0,-77.8114,184.2596,-102.7497,1]},
{"frame":47,"values":[0.9989,-0.0035,0.0462,0,-0.0041,0.9867,0.1624,0,0.0462,0.1624,-0.9856,0,-78.1692,184.3798,-102.4234,1]},
{"frame":48,"values":[0.9985,-0.003,0.0551,0,-0.0061,0.9864,0.1641,0,0.0548,0.1642,-0.9849,0,-78.6029,184.7767,-102.0551,1]},
{"frame":49,"values":[0.9978,-0.0029,0.066,0,-0.008,0.9864,0.1643,0,0.0656,0.1645,-0.9842,0,-79.0312,185.2322,-101.6608,1]},
{"frame":50,"values":[0.9971,-0.005,0.0756,0,-0.0077,0.986,0.1668,0,0.0753,0.1669,-0.9831,0,-79.266,185.3492,-101.2035,1]},
{"frame":51,"values":[0.9968,-0.0084,0.0789,0,-0.0057,0.9842,0.1771,0,0.0792,0.177,-0.981,0,-78.8977,184.3949,-100.6466,1]},
{"frame":52,"values":[0.9973,-0.0077,0.073,0,-0.0071,0.9797,0.2004,0,0.0731,0.2004,-0.977,0,-77.7786,182.387,-100.0161,1]},
{"frame":53,"values":[0.998,0.0027,0.0632,0,-0.0174,0.9726,0.2318,0,0.0609,0.2325,-0.9707,0,-75.9196,179.4701,-99.3547,1]},
{"frame":54,"values":[0.9982,0.0166,0.0579,0,-0.0312,0.9649,0.2608,0,0.0516,0.2621,-0.9637,0,-72.9358,176.2186,-98.6527,1]},
{"frame":55,"values":[0.9983,0.0216,0.0539,0,-0.0356,0.9607,0.2754,0,0.0459,0.2768,-0.9598,0,-67.9492,173.5487,-97.779,1]},
{"frame":56,"values":[0.9994,0.0173,0.0292,0,-0.0244,0.9639,0.2651,0,0.0236,0.2656,-0.9638,0,-60.5242,172.6151,-95.8196,1]},
{"frame":57,"values":[0.9993,0.0116,-0.0367,0,-0.0028,0.9728,0.2317,0,-0.0384,0.2314,-0.9721,0,-51.3442,173.8396,-92.1923,1]},
{"frame":58,"values":[0.9887,0.0056,-0.1495,0,0.0224,0.9824,0.1855,0,-0.1479,0.1868,-0.9712,0,-41.9787,176.4174,-86.705,1]},
{"frame":59,"values":[0.9583,-0.0046,-0.2858,0,0.0481,0.9882,0.1454,0,-0.2817,0.1531,-0.9472,0,-33.7229,179.0623,-80.0331,1]},
{"frame":60,"values":[0.9121,-0.0143,-0.4097,0,0.0683,0.9907,0.1173,0,-0.4042,0.135,-0.9046,0,-26.8243,180.8218,-73.6217,1]},
{"frame":61,"values":[0.8679,-0.0189,-0.4963,0,0.0752,0.9928,0.0936,0,-0.491,0.1186,-0.8631,0,-21.0617,181.7496,-68.0975,1]},
{"frame":62,"values":[0.8306,-0.0213,-0.5565,0,0.0748,0.9945,0.0736,0,-0.5518,0.1028,-0.8276,0,-16.3509,181.9891,-63.3107,1]},
{"frame":63,"values":[0.786,-0.0252,-0.6177,0,0.0753,0.9956,0.0551,0,-0.6136,0.0898,-0.7845,0,-12.5221,181.9819,-58.8204,1]},
{"frame":64,"values":[0.7285,-0.0314,-0.6844,0,0.0762,0.9965,0.0354,0,-0.6808,0.078,-0.7283,0,-9.4141,182.0431,-54.3914,1]},
{"frame":65,"values":[0.6642,-0.0401,-0.7465,0,0.0777,0.9969,0.0155,0,-0.7435,0.0682,-0.6652,0,-6.9419,182.024,-49.9219,1]},
{"frame":66,"values":[0.6019,-0.0487,-0.7971,0,0.0787,0.9969,-0.0014,0,-0.7947,0.0619,-0.6038,0,-5.0849,181.8983,-45.4389,1]},
{"frame":67,"values":[0.5493,-0.0517,-0.834,0,0.0759,0.997,-0.0118,0,-0.8322,0.0568,-0.5516,0,-3.9489,181.729,-41.0353,1]},
{"frame":68,"values":[0.5129,-0.0474,-0.8571,0,0.0673,0.9976,-0.0149,0,-0.8558,0.05,-0.5149,0,-3.6255,181.4443,-36.29,1]},
{"frame":69,"values":[0.4919,-0.0396,-0.8698,0,0.0544,0.9984,-0.0147,0,-0.869,0.0401,-0.4933,0,-4.0531,180.8627,-30.6801,1]},
{"frame":70,"values":[0.4846,-0.0319,-0.8741,0,0.0409,0.9991,-0.0138,0,-0.8738,0.0291,-0.4855,0,-4.8143,179.8714,-24.2913,1]},
{"frame":71,"values":[0.4831,-0.0266,-0.8751,0,0.0325,0.9994,-0.0125,0,-0.8749,0.0224,-0.4837,0,-5.3028,178.5088,-17.7099,1]},
{"frame":72,"values":[0.4793,-0.023,-0.8773,0,0.0323,0.9994,-0.0086,0,-0.877,0.0242,-0.4798,0,-5.2685,177.1614,-11.9209,1]},
{"frame":73,"values":[0.4705,-0.0188,-0.8822,0,0.0364,0.9993,-0.0019,0,-0.8816,0.0312,-0.4709,0,-4.8713,176.269,-7.5139,1]},
{"frame":74,"values":[0.4587,-0.0128,-0.8885,0,0.0396,0.9992,0.0061,0,-0.8877,0.0379,-0.4588,0,-4.3749,175.9875,-4.4284,1]},
{"frame":75,"values":[0.4492,-0.0054,-0.8934,0,0.0378,0.9992,0.013,0,-0.8926,0.0397,-0.4491,0,-3.923,176.1875,-2.3566,1]},
{"frame":76,"values":[0.4481,0.0012,-0.894,0,0.0327,0.9993,0.0178,0,-0.8934,0.0372,-0.4477,0,-3.4175,176.5713,-1.1039,1]},
{"frame":77,"values":[0.4519,0.0074,-0.892,0,0.0285,0.9993,0.0227,0,-0.8916,0.0357,-0.4514,0,-2.7929,176.8597,-0.4425,1]},
{"frame":78,"values":[0.4532,0.014,-0.8913,0,0.0253,0.9993,0.0286,0,-0.891,0.0356,-0.4525,0,-2.1788,177.0106,-0.1253,1]},
{"frame":79,"values":[0.4527,0.0195,-0.8914,0,0.023,0.9992,0.0336,0,-0.8913,0.0357,-0.4519,0,-1.6503,177.043,-0.011,1]},
{"frame":80,"values":[0.4551,0.0228,-0.8901,0,0.0223,0.9991,0.037,0,-0.8901,0.0367,-0.4542,0,-1.2012,176.9627,-0.0465,1]},
{"frame":81,"values":[0.46,0.0251,-0.8876,0,0.023,0.9989,0.0402,0,-0.8876,0.0389,-0.4589,0,-0.8811,176.8017,-0.1541,1]},
{"frame":82,"values":[0.4639,0.027,-0.8855,0,0.0238,0.9988,0.0429,0,-0.8856,0.041,-0.4627,0,-0.7483,176.6216,-0.2845,1]},
{"frame":83,"values":[0.4658,0.0289,-0.8844,0,0.0236,0.9987,0.0451,0,-0.8846,0.0419,-0.4645,0,-0.7921,176.4825,-0.4233,1]}],"loopBehavior":1,"name":"anim","property":"_matrix"}},
{"name":"mixamorig:Spine","index":1,"matrix":[0.999,-0.0327,0.0319,0,0.0227,0.9615,0.274,0,-0.0396,-0.273,0.9612,0,0.0062,19.525,-2.4818,1],"rest":[1,0,0,0,0,1,0,0,0,0,1,0,0.0062,19.525,-2.4818,1],"parentBoneIndex":0,"length":23.0091
,"animation":{"dataType":3,"framePerSecond":24,"keys":[
{"frame":1,"values":[0.999,-0.0327,0.0319,0,0.0227,0.9615,0.274,0,-0.0396,-0.273,0.9612,0,0.0062,19.525,-2.4818,1]},
{"frame":2,"values":[0.999,-0.0312,0.0308,0,0.0214,0.9605,0.2776,0,-0.0382,-0.2766,0.9602,0,0.0062,19.525,-2.4818,1]},
{"frame":3,"values":[0.9992,-0.0248,0.031,0,0.0151,0.9597,0.2805,0,-0.0367,-0.2798,0.9594,0,0.0062,19.525,-2.4818,1]},
{"frame":4,"values":[0.9993,-0.0208,0.0315,0,0.011,0.9586,0.2844,0,-0.0361,-0.2839,0.9582,0,0.0062,19.525,-2.4818,1]},
{"frame":5,"values":[0.9993,-0.019,0.0311,0,0.0093,0.958,0.2868,0,-0.0352,-0.2863,0.9575,0,0.0062,19.525,-2.4818,1]},
{"frame":6,"values":[0.9995,-0.0081,0.0309,0,-0.0009,0.9598,0.2806,0,-0.0319,-0.2805,0.9593,0,0.0062,19.525,-2.4818,1]},
{"frame":7,"values":[0.9994,0.0188,0.0297,0,-0.026,0.9636,0.2662,0,-0.0236,-0.2668,0.9635,0,0.0062,19.525,-2.4818,1]},
{"frame":8,"values":[0.9986,0.0444,0.0275,0,-0.0498,0.9682,0.2453,0,-0.0157,-0.2464,0.969,0,0.0062,19.525,-2.4818,1]},
{"frame":9,"values":[0.9984,0.0501,0.0277,0,-0.0549,0.9754,0.2136,0,-0.0163,-0.2148,0.9765,0,0.0062,19.525,-2.4818,1]},
{"frame":10,"values":[0.9992,0.0375,0.017,0,-0.04,0.9829,0.1796,0,-0.0099,-0.1801,0.9836,0,0.0062,19.525,-2.4818,1]},
{"frame":11,"values":[0.9998,0.0105,-0.0147,0,-0.0077,0.9848,0.1733,0,0.0163,-0.1731,0.9848,0,0.0062,19.525,-2.4818,1]},
{"frame":12,"values":[0.9994,-0.0196,-0.0289,0,0.0251,0.9787,0.2039,0,0.0243,-0.2045,0.9786,0,0.0062,19.525,-2.4818,1]},
{"frame":13,"values":[0.9991,-0.042,0.0083,0,0.0389,0.972,0.2319,0,-0.0178,-0.2314,0.9727,0,0.0062,19.525,-2.4818,1]},
{"frame":14,"values":[0.9958,-0.063,0.0662,0,0.0456,0.9701,0.2383,0,-0.0793,-0.2343,0.9689,0,0.0062,19.525,-2.4818,1]},
{"frame":15,"values":[0.9924,-0.0796,0.0938,0,0.0569,0.9729,0.224,0,-0.1091,-0.2169,0.9701,0,0.0062,19.525,-2.4818,1]},
{"frame":16,"values":[0.9932,-0.0752,0.0887,0,0.0577,0.981,0.1854,0,-0.1009,-0.1791,0.9787,0,0.0062,19.525,-2.4818,1]},
{"frame":17,"values":[0.9956,-0.0505,0.0792,0,0.0383,0.9882,0.148,0,-0.0858,-0.1443,0.9858,0,0.0062,19.525,-2.4818,1]},
{"frame":18,"values":[0.9969,-0.0262,0.0745,0,0.015,0.9888,0.1483,0,-0.0775,-0.1467,0.9861,0,0.0062,19.525,-2.4818,1]},
{"frame":19,"values":[0.9972,-0.0181,0.0731,0,0.0041,0.9824,0.1869,0,-0.0752,-0.1861,0.9796,0,0.0062,19.525,-2.4818,1]},
{"frame":20,"values":[0.9964,-0.0256,0.0811,0,0.0052,0.97,0.2431,0,-0.0849,-0.2418,0.9666,0,0.0062,19.525,-2.4818,1]},
{"frame":21,"values":[0.9951,-0.0377,0.0913,0,0.009,0.9553,0.2955,0,-0.0984,-0.2932,0.951,0,0.0062,19.525,-2.4818,1]},
{"frame":22,"values":[0.9958,-0.0444,0.0803,0,0.0153,0.9431,0.332,0,-0.0905,-0.3294,0.9398,0,0.0062,19.525,-2.4818,1]},
{"frame":23,"values":[0.9976,-0.0445,0.0533,0,0.0232,0.937,0.3485,0,-0.0655,-0.3464,0.9358,0,0.0062,19.525,-2.4818,1]},
{"frame":24,"values":[0.998,-0.0464,0.0432,0,0.0287,0.9381,0.3452,0,-0.0565,-0.3433,0.9375,0,0.0062,19.525,-2.4818,1]},
{"frame":25,"values":[0.9971,-0.0537,0.0536,0,0.0327,0.9416,0.3352,0,-0.0684,-0.3325,0.9406,0,0.0062,19.525,-2.4818,1]},
{"frame":26,"values":[0.9966,-0.0565,0.0597,0,0.0342,0.9456,0.3236,0,-0.0748,-0.3205,0.9443,0,0.0062,19.525,-2.4818,1]},
{"frame":27,"values":[0.9973,-0.0499,0.0541,0,0.0311,0.9518,0.3052,0,-0.0667,-0.3027,0.9508,0,0.0062,19.525,-2.4818,1]},
{"frame":28,"values":[0.9978,-0.0403,0.0526,0,0.025,0.964,0.2649,0,-0.0614,-0.263,0.9628,0,0.0062,19.525,-2.4818,1]},
{"frame":29,"values":[0.9976,-0.0323,0.0618,0,0.0197,0.9807,0.1947,0,-0.0669,-0.193,0.9789,0,0.0062,19.525,-2.4818,1]},
{"frame":30,"values":[0.9973,-0.0279,0.0677,0,0.0198,0.9929,0.1172,0,-0.0705,-0.1155,0.9908,0,0.0062,19.525,-2.4818,1]},
{"frame":31,"values":[0.998,-0.026,0.0575,0,0.021,0.9961,0.0851,0,-0.0595,-0.0838,0.9947,0,0.0062,19.525,-2.4818,1]},
{"frame":32,"values":[0.9994,-0.0136,0.033,0,0.0092,0.9917,0.1286,0,-0.0345,-0.1282,0.9911,0,0.0062,19.525,-2.4818,1]},
{"frame":33,"values":[0.9999,0.0127,0.0046,0,-0.0134,0.9728,0.2312,0,-0.0015,-0.2313,0.9729,0,0.0062,19.525,-2.4818,1]},
{"frame":34,"values":[0.9995,0.0287,-0.0121,0,-0.0222,0.9283,0.3713,0,0.0219,-0.3708,0.9284,0,0.0062,19.525,-2.4818,1]},
{"frame":35,"values":[0.9998,0.0181,-0.0085,0,-0.0117,0.8744,0.4851,0,0.0162,-0.4849,0.8744,0,0.0062,19.525,-2.4818,1]},
{"frame":36,"values":[0.9999,-0.0064,0.0137,0,-0.0018,0.8495,0.5275,0,-0.0151,-0.5275,0.8494,0,0.0062,19.525,-2.4818,1]},
{"frame":37,"values":[0.999,-0.0187,0.041,0,-0.0048,0.8601,0.5101,0,-0.0448,-0.5098,0.8591,0,0.0062,19.525,-2.4818,1]},
{"frame":38,"values":[0.9985,-0.0217,0.0503,0,-0.0045,0.8831,0.4691,0,-0.0546,-0.4686,0.8817,0,0.0062,19.525,-2.4818,1]},
{"frame":39,"values":[0.9987,-0.0215,0.0453,0,-0.0015,0.8905,0.4551,0,-0.0501,-0.4546,0.8893,0,0.0062,19.525,-2.4818,1]},
{"frame":40,"values":[0.999,-0.0155,0.043,0,-0.0052,0.8961,0.4438,0,-0.0455,-0.4436,0.8951,0,0.0062,19.525,-2.4818,1]},
{"frame":41,"values":[0.999,-0.0068,0.0444,0,-0.0123,0.9092,0.4162,0,-0.0431,-0.4163,0.9082,0,0.0062,19.525,-2.4818,1]},
{"frame":42,"values":[0.999,-0.0021,0.0443,0,-0.0158,0.9166,0.3995,0,-0.0414,-0.3998,0.9157,0,0.0062,19.525,-2.4818,1]},
{"frame":43,"values":[0.9991,-0.0044,0.0434,0,-0.013,0.92,0.3918,0,-0.0416,-0.392,0.919,0,0.0062,19.525,-2.4818,1]},
{"frame":44,"values":[0.9991,-0.0056,0.0428,0,-0.0111,0.9244,0.3812,0,-0.0417,-0.3814,0.9235,0,0.0062,19.525,-2.4818,1]},
{"frame":45,"values":[0.9991,-0.0034,0.0424,0,-0.0127,0.9273,0.3741,0,-0.0406,-0.3743,0.9264,0,0.0062,19.525,-2.4818,1]},
{"frame":46,"values":[0.9991,-0.0011,0.0421,0,-0.0148,0.9269,0.3749,0,-0.0394,-0.3752,0.9261,0,0.0062,19.525,-2.4818,1]},
{"frame":47,"values":[0.9991,0.0004,0.042,0,-0.0163,0.9255,0.3783,0,-0.0387,-0.3787,0.9247,0,0.0062,19.525,-2.4818,1]},
{"frame":48,"values":[0.9991,0.0004,0.0428,0,-0.0167,0.9248,0.38,0,-0.0394,-0.3803,0.924,0,0.0062,19.525,-2.4818,1]},
{"frame":49,"values":[0.999,-0.0008,0.045,0,-0.0164,0.9251,0.3794,0,-0.042,-0.3798,0.9241,0,0.0062,19.525,-2.4818,1]},
{"frame":50,"values":[0.9989,-0.002,0.047,0,-0.0161,0.9246,0.3807,0,-0.0443,-0.381,0.9235,0,0.0062,19.525,-2.4818,1]},
{"frame":51,"values":[0.999,-0.0018,0.0445,0,-0.0157,0.9207,0.3899,0,-0.0417,-0.3902,0.9198,0,0.0062,19.525,-2.4818,1]},
{"frame":52,"values":[0.9995,-0.0059,0.0308,0,-0.0074,0.9107,0.413,0,-0.0304,-0.413,0.9102,0,0.0062,19.525,-2.4818,1]},
{"frame":53,"values":[0.9998,-0.0186,0.0047,0,0.0146,0.8957,0.4445,0,-0.0125,-0.4443,0.8958,0,0.0062,19.525,-2.4818,1]},
{"frame":54,"values":[0.9992,-0.027,-0.0303,0,0.0382,0.8809,0.4718,0,0.014,-0.4726,0.8812,0,0.0062,19.525,-2.4818,1]},
{"frame":55,"values":[0.9979,-0.0145,-0.0638,0,0.0436,0.8747,0.4827,0,0.0488,-0.4845,0.8734,0,0.0062,19.525,-2.4818,1]},
{"frame":56,"values":[0.9965,0.0112,-0.0833,0,0.0294,0.882,0.4704,0,0.0788,-0.4711,0.8785,0,0.0062,19.525,-2.4818,1]},
{"frame":57,"values":[0.996,0.0313,-0.084,0,0.0097,0.8939,0.4481,0,0.0891,-0.4471,0.89,0,0.0062,19.525,-2.4818,1]},
{"frame":58,"values":[0.9965,0.0417,-0.0725,0,-0.0056,0.8983,0.4394,0,0.0834,-0.4375,0.8954,0,0.0062,19.525,-2.4818,1]},
{"frame":59,"values":[0.9972,0.0423,-0.0623,0,-0.0094,0.8907,0.4545,0,0.0747,-0.4526,0.8886,0,0.0062,19.525,-2.4818,1]},
{"frame":60,"values":[0.9983,0.029,-0.0507,0,-0.0015,0.8806,0.4738,0,0.0584,-0.4729,0.8792,0,0.0062,19.525,-2.4818,1]},
{"frame":61,"values":[0.9995,0.0117,-0.0303,0,0.0039,0.8815,0.4721,0,0.0322,-0.472,0.881,0,0.0062,19.525,-2.4818,1]},
{"frame":62,"values":[0.9999,0.0048,-0.0149,0,0.0024,0.893,0.4501,0,0.0155,-0.4501,0.8928,0,0.0062,19.525,-2.4818,1]},
{"frame":63,"values":[0.9998,0.0072,-0.0189,0,0.0015,0.9061,0.4231,0,0.0201,-0.4231,0.9059,0,0.0062,19.525,-2.4818,1]},
{"frame":64,"values":[0.9993,0.011,-0.0361,0,0.0043,0.918,0.3965,0,0.0375,-0.3963,0.9173,0,0.0062,19.525,-2.4818,1]},
{"frame":65,"values":[0.9985,0.0125,-0.0535,0,0.0084,0.9281,0.3723,0,0.0543,-0.3722,0.9266,0,0.0062,19.525,-2.4818,1]},
{"frame":66,"values":[0.9978,0.009,-0.0654,0,0.0147,0.9355,0.3531,0,0.0644,-0.3533,0.9333,0,0.0062,19.525,-2.4818,1]},
{"frame":67,"values":[0.9975,-0.0013,-0.0713,0,0.0254,0.9408,0.3381,0,0.0666,-0.339,0.9384,0,0.0062,19.525,-2.4818,1]},
{"frame":68,"values":[0.9974,-0.0165,-0.0708,0,0.0387,0.945,0.3249,0,0.0616,-0.3268,0.9431,0,0.0062,19.525,-2.4818,1]},
{"frame":69,"values":[0.9974,-0.0331,-0.0647,0,0.0516,0.9497,0.3088,0,0.0512,-0.3114,0.9489,0,0.0062,19.525,-2.4818,1]},
{"frame":70,"values":[0.9975,-0.0481,-0.0517,0,0.0612,0.9541,0.2932,0,0.0353,-0.2956,0.9547,0,0.0062,19.525,-2.4818,1]},
{"frame":71,"values":[0.9979,-0.0553,-0.0333,0,0.0626,0.9561,0.2863,0,0.016,-0.2877,0.9576,0,0.0062,19.525,-2.4818,1]},
{"frame":72,"values":[0.9985,-0.053,-0.0141,0,0.0548,0.9555,0.2898,0,-0.0019,-0.2901,0.957,0,0.0062,19.525,-2.4818,1]},
{"frame":73,"values":[0.9989,-0.0475,0.0015,0,0.0449,0.9541,0.296,0,-0.0155,-0.2956,0.9552,0,0.0062,19.525,-2.4818,1]},
{"frame":74,"values":[0.999,-0.044,0.0116,0,0.0385,0.9537,0.2984,0,-0.0241,-0.2977,0.9544,0,0.0062,19.525,-2.4818,1]},
{"frame":75,"values":[0.9989,-0.0428,0.0182,0,0.0355,0.955,0.2944,0,-0.03,-0.2934,0.9555,0,0.0062,19.525,-2.4818,1]},
{"frame":76,"values":[0.9989,-0.0397,0.0244,0,0.0311,0.9573,0.2874,0,-0.0348,-0.2863,0.9575,0,0.0062,19.525,-2.4818,1]},
{"frame":77,"values":[0.9989,-0.0357,0.0295,0,0.0259,0.9587,0.2832,0,-0.0384,-0.2821,0.9586,0,0.0062,19.525,-2.4818,1]},
{"frame":78,"values":[0.999,-0.0344,0.0298,0,0.0246,0.9594,0.2809,0,-0.0383,-0.2799,0.9593,0,0.0062,19.525,-2.4818,1]},
{"frame":79,"values":[0.999,-0.0341,0.0275,0,0.0252,0.9602,0.2782,0,-0.0359,-0.2772,0.9601,0,0.0062,19.525,-2.4818,1]},
{"frame":80,"values":[0.9991,-0.0326,0.0268,0,0.0239,0.9608,0.2761,0,-0.0347,-0.2753,0.9607,0,0.0062,19.525,-2.4818,1]},
{"frame":81,"values":[0.9991,-0.0312,0.0283,0,0.0222,0.961,0.2757,0,-0.0358,-0.2749,0.9608,0,0.0062,19.525,-2.4818,1]},
{"frame":82,"values":[0.999,-0.0317,0.0305,0,0.0221,0.961,0.2755,0,-0.0381,-0.2746,0.9608,0,0.0062,19.525,-2.4818,1]},
{"frame":83,"values":[0.999,-0.0327,0.0319,0,0.0227,0.9615,0.274,0,-0.0396,-0.273,0.9612,0,0.0062,19.525,-2.4818,1]}],"loopBehavior":1,"name":"anim","property":"_matrix"}},
{"name":"mixamorig:Spine1","index":2,"matrix":[1,-0.0043,0.0059,0,0.004,0.9987,0.0509,0,-0.0061,-0.0509,0.9987,0,-0.0009,22.835,-2.8254,1],"rest":[1,0,0,0,0,1,0,0,0,0,1,0,-0.0009,22.835,-2.8254,1],"parentBoneIndex":1,"length":26.7438
,"animation":{"dataType":3,"framePerSecond":24,"keys":[
{"frame":1,"values":[1,-0.0043,0.0059,0,0.004,0.9987,0.0509,0,-0.0061,-0.0509,0.9987,0,-0.0009,22.835,-2.8254,1]},
{"frame":2,"values":[1,-0.0041,0.0057,0,0.0038,0.9987,0.0515,0,-0.0059,-0.0515,0.9987,0,-0.0009,22.835,-2.8254,1]},
{"frame":3,"values":[1,-0.0029,0.0056,0,0.0026,0.9986,0.0521,0,-0.0057,-0.0521,0.9986,0,-0.0009,22.835,-2.8254,1]},
{"frame":4,"values":[1,-0.002,0.0055,0,0.0017,0.9986,0.0529,0,-0.0056,-0.0529,0.9986,0,-0.0009,22.835,-2.8254,1]},
{"frame":5,"values":[1,-0.0019,0.0053,0,0.0016,0.9986,0.0534,0,-0.0054,-0.0534,0.9986,0,-0.0009,22.835,-2.8254,1]},
{"frame":6,"values":[1,0,0.0051,0,-0.0002,0.9986,0.0524,0,-0.0051,-0.0524,0.9986,0,-0.0009,22.835,-2.8254,1]},
{"frame":7,"values":[1,0.0048,0.0045,0,-0.005,0.9987,0.0498,0,-0.0042,-0.0499,0.9987,0,-0.0009,22.835,-2.8254,1]},
{"frame":8,"values":[0.9999,0.0094,0.0039,0,-0.0095,0.9989,0.0461,0,-0.0035,-0.0461,0.9989,0,-0.0009,22.835,-2.8254,1]},
{"frame":9,"values":[0.9999,0.0099,0.0044,0,-0.01,0.9991,0.0403,0,-0.004,-0.0403,0.9992,0,-0.0009,22.835,-2.8254,1]},
{"frame":10,"values":[1,0.0067,0.003,0,-0.0068,0.9994,0.0338,0,-0.0028,-0.0338,0.9994,0,-0.0009,22.835,-2.8254,1]},
{"frame":11,"values":[1,0.0015,-0.002,0,-0.0014,0.9995,0.0323,0,0.0021,-0.0323,0.9995,0,-0.0009,22.835,-2.8254,1]},
{"frame":12,"values":[1,-0.0042,-0.0038,0,0.0043,0.9993,0.0377,0,0.0036,-0.0377,0.9993,0,-0.0009,22.835,-2.8254,1]},
{"frame":13,"values":[1,-0.0071,0.0036,0,0.007,0.9991,0.0418,0,-0.0039,-0.0418,0.9991,0,-0.0009,22.835,-2.8254,1]},
{"frame":14,"values":[0.9999,-0.0092,0.0144,0,0.0086,0.9991,0.0416,0,-0.0148,-0.0415,0.999,0,-0.0009,22.835,-2.8254,1]},
{"frame":15,"values":[0.9997,-0.0118,0.0197,0,0.011,0.9992,0.0379,0,-0.0202,-0.0377,0.9991,0,-0.0009,22.835,-2.8254,1]},
{"frame":16,"values":[0.9998,-0.0116,0.0184,0,0.011,0.9995,0.0306,0,-0.0187,-0.0304,0.9994,0,-0.0009,22.835,-2.8254,1]},
{"frame":17,"values":[0.9998,-0.0077,0.0157,0,0.0073,0.9997,0.0243,0,-0.0159,-0.0242,0.9996,0,-0.0009,22.835,-2.8254,1]},
{"frame":18,"values":[0.9999,-0.0035,0.0142,0,0.0031,0.9997,0.0251,0,-0.0143,-0.0251,0.9996,0,-0.0009,22.835,-2.8254,1]},
{"frame":19,"values":[0.9999,-0.0017,0.0137,0,0.0012,0.9995,0.0328,0,-0.0138,-0.0328,0.9994,0,-0.0009,22.835,-2.8254,1]},
{"frame":20,"values":[0.9999,-0.0022,0.0155,0,0.0015,0.9991,0.0434,0,-0.0155,-0.0434,0.9989,0,-0.0009,22.835,-2.8254,1]},
{"frame":21,"values":[0.9998,-0.0037,0.0179,0,0.0027,0.9986,0.0528,0,-0.0181,-0.0528,0.9984,0,-0.0009,22.835,-2.8254,1]},
{"frame":22,"values":[0.9998,-0.005,0.0167,0,0.004,0.9983,0.0588,0,-0.0169,-0.0587,0.9981,0,-0.0009,22.835,-2.8254,1]},
{"frame":23,"values":[0.9999,-0.0059,0.0123,0,0.0051,0.9981,0.0609,0,-0.0126,-0.0608,0.9981,0,-0.0009,22.835,-2.8254,1]},
{"frame":24,"values":[0.9999,-0.0066,0.0109,0,0.006,0.9982,0.0596,0,-0.0113,-0.0595,0.9982,0,-0.0009,22.835,-2.8254,1]},
{"frame":25,"values":[0.9999,-0.0076,0.0135,0,0.0068,0.9983,0.0573,0,-0.014,-0.0572,0.9983,0,-0.0009,22.835,-2.8254,1]},
{"frame":26,"values":[0.9999,-0.0079,0.0153,0,0.007,0.9985,0.0547,0,-0.0157,-0.0546,0.9984,0,-0.0009,22.835,-2.8254,1]},
{"frame":27,"values":[0.9999,-0.0067,0.0142,0,0.006,0.9987,0.0509,0,-0.0146,-0.0508,0.9986,0,-0.0009,22.835,-2.8254,1]},
{"frame":28,"values":[0.9999,-0.0048,0.0135,0,0.0042,0.9991,0.0431,0,-0.0137,-0.043,0.999,0,-0.0009,22.835,-2.8254,1]},
{"frame":29,"values":[0.9999,-0.0037,0.0144,0,0.0032,0.9995,0.0298,0,-0.0145,-0.0298,0.9995,0,-0.0009,22.835,-2.8254,1]},
{"frame":30,"values":[0.9999,-0.0042,0.0145,0,0.004,0.9999,0.0162,0,-0.0146,-0.0161,0.9998,0,-0.0009,22.835,-2.8254,1]},
{"frame":31,"values":[0.9999,-0.0052,0.0119,0,0.005,0.9999,0.0122,0,-0.0119,-0.0122,0.9999,0,-0.0009,22.835,-2.8254,1]},
{"frame":32,"values":[1,-0.0031,0.0071,0,0.0029,0.9997,0.0226,0,-0.0072,-0.0225,0.9997,0,-0.0009,22.835,-2.8254,1]},
{"frame":33,"values":[1,0.0021,0.0013,0,-0.0022,0.9991,0.0433,0,-0.0012,-0.0433,0.9991,0,-0.0009,22.835,-2.8254,1]},
{"frame":34,"values":[1,0.0053,-0.0028,0,-0.0051,0.9974,0.0712,0,0.0031,-0.0712,0.9975,0,-0.0009,22.835,-2.8254,1]},
{"frame":35,"values":[1,0.0035,-0.0023,0,-0.0033,0.9955,0.0948,0,0.0027,-0.0948,0.9955,0,-0.0009,22.835,-2.8254,1]},
{"frame":36,"values":[1,-0.0004,0.0029,0,0.0001,0.9946,0.1037,0,-0.0029,-0.1037,0.9946,0,-0.0009,22.835,-2.8254,1]},
{"frame":37,"values":[1,-0.0016,0.0084,0,0.0008,0.995,0.0999,0,-0.0085,-0.0999,0.995,0,-0.0009,22.835,-2.8254,1]},
{"frame":38,"values":[0.9999,-0.0019,0.0099,0,0.001,0.9958,0.0915,0,-0.01,-0.0915,0.9958,0,-0.0009,22.835,-2.8254,1]},
{"frame":39,"values":[1,-0.0021,0.0088,0,0.0013,0.996,0.0892,0,-0.0089,-0.0892,0.996,0,-0.0009,22.835,-2.8254,1]},
{"frame":40,"values":[1,-0.0012,0.0081,0,0.0005,0.9962,0.0874,0,-0.0082,-0.0874,0.9961,0,-0.0009,22.835,-2.8254,1]},
{"frame":41,"values":[1,0.0003,0.0081,0,-0.0009,0.9966,0.0819,0,-0.008,-0.0819,0.9966,0,-0.0009,22.835,-2.8254,1]},
{"frame":42,"values":[1,0.001,0.008,0,-0.0016,0.9969,0.0786,0,-0.0079,-0.0786,0.9969,0,-0.0009,22.835,-2.8254,1]},
{"frame":43,"values":[1,0.0004,0.0079,0,-0.001,0.997,0.077,0,-0.0078,-0.0771,0.997,0,-0.0009,22.835,-2.8254,1]},
{"frame":44,"values":[1,0.0001,0.0078,0,-0.0006,0.9972,0.0749,0,-0.0078,-0.0749,0.9972,0,-0.0009,22.835,-2.8254,1]},
{"frame":45,"values":[1,0.0003,0.0077,0,-0.0009,0.9973,0.0735,0,-0.0077,-0.0735,0.9973,0,-0.0009,22.835,-2.8254,1]},
{"frame":46,"values":[1,0.0007,0.0076,0,-0.0012,0.9973,0.0737,0,-0.0075,-0.0737,0.9973,0,-0.0009,22.835,-2.8254,1]},
{"frame":47,"values":[1,0.001,0.0075,0,-0.0015,0.9972,0.0744,0,-0.0074,-0.0744,0.9972,0,-0.0009,22.835,-2.8254,1]},
{"frame":48,"values":[1,0.0011,0.0077,0,-0.0016,0.9972,0.0746,0,-0.0076,-0.0747,0.9972,0,-0.0009,22.835,-2.8254,1]},
{"frame":49,"values":[1,0.001,0.0081,0,-0.0016,0.9972,0.0745,0,-0.008,-0.0745,0.9972,0,-0.0009,22.835,-2.8254,1]},
{"frame":50,"values":[1,0.0009,0.0084,0,-0.0015,0.9972,0.0748,0,-0.0083,-0.0748,0.9972,0,-0.0009,22.835,-2.8254,1]},
{"frame":51,"values":[1,0.001,0.0079,0,-0.0016,0.9971,0.0767,0,-0.0078,-0.0767,0.997,0,-0.0009,22.835,-2.8254,1]},
{"frame":52,"values":[1,-0.0001,0.0055,0,-0.0003,0.9967,0.0815,0,-0.0055,-0.0815,0.9967,0,-0.0009,22.835,-2.8254,1]},
{"frame":53,"values":[1,-0.0035,0.0012,0,0.0033,0.9961,0.0883,0,-0.0015,-0.0883,0.9961,0,-0.0009,22.835,-2.8254,1]},
{"frame":54,"values":[1,-0.0063,-0.0047,0,0.0067,0.9955,0.0946,0,0.0041,-0.0946,0.9955,0,-0.0009,22.835,-2.8254,1]},
{"frame":55,"values":[0.9999,-0.0049,-0.0112,0,0.0059,0.9952,0.0976,0,0.0107,-0.0976,0.9952,0,-0.0009,22.835,-2.8254,1]},
{"frame":56,"values":[0.9999,-0.0005,-0.0156,0,0.0019,0.9955,0.0952,0,0.0155,-0.0952,0.9953,0,-0.0009,22.835,-2.8254,1]},
{"frame":57,"values":[0.9999,0.0031,-0.0162,0,-0.0017,0.9959,0.0903,0,0.0164,-0.0903,0.9958,0,-0.0009,22.835,-2.8254,1]},
{"frame":58,"values":[0.9999,0.0052,-0.0143,0,-0.004,0.9961,0.0882,0,0.0147,-0.0881,0.996,0,-0.0009,22.835,-2.8254,1]},
{"frame":59,"values":[0.9999,0.0058,-0.0126,0,-0.0047,0.9959,0.0908,0,0.0131,-0.0908,0.9958,0,-0.0009,22.835,-2.8254,1]},
{"frame":60,"values":[0.9999,0.0044,-0.0107,0,-0.0034,0.9955,0.0944,0,0.0111,-0.0944,0.9955,0,-0.0009,22.835,-2.8254,1]},
{"frame":61,"values":[1,0.0027,-0.007,0,-0.002,0.9956,0.0936,0,0.0072,-0.0935,0.9956,0,-0.0009,22.835,-2.8254,1]},
{"frame":62,"values":[1,0.0025,-0.0042,0,-0.0021,0.9961,0.0883,0,0.0044,-0.0883,0.9961,0,-0.0009,22.835,-2.8254,1]},
{"frame":63,"values":[1,0.0033,-0.0052,0,-0.0028,0.9966,0.082,0,0.0055,-0.082,0.9966,0,-0.0009,22.835,-2.8254,1]},
{"frame":64,"values":[1,0.0036,-0.0085,0,-0.003,0.9971,0.0758,0,0.0087,-0.0757,0.9971,0,-0.0009,22.835,-2.8254,1]},
{"frame":65,"values":[0.9999,0.0032,-0.0115,0,-0.0024,0.9975,0.0704,0,0.0117,-0.0704,0.9975,0,-0.0009,22.835,-2.8254,1]},
{"frame":66,"values":[0.9999,0.002,-0.0134,0,-0.0011,0.9978,0.0663,0,0.0135,-0.0663,0.9977,0,-0.0009,22.835,-2.8254,1]},
{"frame":67,"values":[0.9999,-0.0003,-0.0141,0,0.0012,0.998,0.0633,0,0.0141,-0.0633,0.9979,0,-0.0009,22.835,-2.8254,1]},
{"frame":68,"values":[0.9999,-0.003,-0.0136,0,0.0038,0.9981,0.0609,0,0.0133,-0.0609,0.9981,0,-0.0009,22.835,-2.8254,1]},
{"frame":69,"values":[0.9999,-0.0058,-0.012,0,0.0065,0.9983,0.0579,0,0.0116,-0.0579,0.9983,0,-0.0009,22.835,-2.8254,1]},
{"frame":70,"values":[0.9999,-0.0083,-0.0093,0,0.0088,0.9985,0.0549,0,0.0088,-0.055,0.9984,0,-0.0009,22.835,-2.8254,1]},
{"frame":71,"values":[0.9999,-0.0093,-0.006,0,0.0096,0.9985,0.0536,0,0.0054,-0.0537,0.9985,0,-0.0009,22.835,-2.8254,1]},
{"frame":72,"values":[1,-0.0082,-0.0027,0,0.0083,0.9985,0.0543,0,0.0023,-0.0544,0.9985,0,-0.0009,22.835,-2.8254,1]},
{"frame":73,"values":[1,-0.0067,-0.0002,0,0.0067,0.9984,0.0555,0,-0.0002,-0.0555,0.9985,0,-0.0009,22.835,-2.8254,1]},
{"frame":74,"values":[1,-0.0059,0.0017,0,0.0058,0.9984,0.0558,0,-0.002,-0.0558,0.9984,0,-0.0009,22.835,-2.8254,1]},
{"frame":75,"values":[1,-0.0058,0.0031,0,0.0056,0.9985,0.055,0,-0.0034,-0.055,0.9985,0,-0.0009,22.835,-2.8254,1]},
{"frame":76,"values":[1,-0.0053,0.0043,0,0.0051,0.9986,0.0536,0,-0.0046,-0.0536,0.9986,0,-0.0009,22.835,-2.8254,1]},
{"frame":77,"values":[1,-0.0045,0.0052,0,0.0043,0.9986,0.0527,0,-0.0055,-0.0527,0.9986,0,-0.0009,22.835,-2.8254,1]},
{"frame":78,"values":[1,-0.0044,0.0053,0,0.0041,0.9986,0.0522,0,-0.0056,-0.0522,0.9986,0,-0.0009,22.835,-2.8254,1]},
{"frame":79,"values":[1,-0.0045,0.005,0,0.0043,0.9987,0.0517,0,-0.0052,-0.0517,0.9986,0,-0.0009,22.835,-2.8254,1]},
{"frame":80,"values":[1,-0.0043,0.0049,0,0.0041,0.9987,0.0513,0,-0.0051,-0.0513,0.9987,0,-0.0009,22.835,-2.8254,1]},
{"frame":81,"values":[1,-0.0041,0.0052,0,0.0038,0.9987,0.0512,0,-0.0054,-0.0512,0.9987,0,-0.0009,22.835,-2.8254,1]},
{"frame":82,"values":[1,-0.0041,0.0056,0,0.0039,0.9987,0.0512,0,-0.0058,-0.0512,0.9987,0,-0.0009,22.835,-2.8254,1]},
{"frame":83,"values":[1,-0.0043,0.0059,0,0.004,0.9987,0.0509,0,-0.0061,-0.0509,0.9987,0,-0.0009,22.835,-2.8254,1]}],"loopBehavior":1,"name":"anim","property":"_matrix"}},
{"name":"mixamorig:Spine2","index":3,"matrix":[1,-0.0043,0.0057,0,0.004,0.9987,0.0509,0,-0.0059,-0.0509,0.9987,0,-0.0206,26.5525,-3.1933,1],"rest":[1,0,0,0,0,1,0,0,0,0,1,0,-0.0206,26.5525,-3.1933,1],"parentBoneIndex":2,"length":24.825
,"animation":{"dataType":3,"framePerSecond":24,"keys":[
{"frame":1,"values":[1,-0.0043,0.0057,0,0.004,0.9987,0.0509,0,-0.0059,-0.0509,0.9987,0,-0.0206,26.5525,-3.1933,1]},
{"frame":2,"values":[1,-0.0041,0.0055,0,0.0038,0.9987,0.0516,0,-0.0057,-0.0516,0.9987,0,-0.0206,26.5525,-3.1933,1]},
{"frame":3,"values":[1,-0.0029,0.0053,0,0.0026,0.9986,0.0521,0,-0.0054,-0.0521,0.9986,0,-0.0206,26.5525,-3.1933,1]},
{"frame":4,"values":[1,-0.002,0.0051,0,0.0017,0.9986,0.0529,0,-0.0052,-0.0529,0.9986,0,-0.0206,26.5525,-3.1933,1]},
{"frame":5,"values":[1,-0.0018,0.005,0,0.0016,0.9986,0.0535,0,-0.0051,-0.0535,0.9986,0,-0.0206,26.5525,-3.1933,1]},
{"frame":6,"values":[1,0,0.0048,0,-0.0002,0.9986,0.0524,0,-0.0048,-0.0524,0.9986,0,-0.0206,26.5525,-3.1933,1]},
{"frame":7,"values":[1,0.0048,0.0042,0,-0.005,0.9987,0.0499,0,-0.0039,-0.0499,0.9987,0,-0.0206,26.5525,-3.1933,1]},
{"frame":8,"values":[0.9999,0.0094,0.0038,0,-0.0095,0.9989,0.0461,0,-0.0033,-0.0461,0.9989,0,-0.0206,26.5525,-3.1933,1]},
{"frame":9,"values":[0.9999,0.0098,0.0044,0,-0.01,0.9991,0.0403,0,-0.004,-0.0403,0.9992,0,-0.0206,26.5525,-3.1933,1]},
{"frame":10,"values":[1,0.0067,0.0032,0,-0.0068,0.9994,0.0338,0,-0.0029,-0.0338,0.9994,0,-0.0206,26.5525,-3.1933,1]},
{"frame":11,"values":[1,0.0015,-0.0018,0,-0.0014,0.9995,0.0323,0,0.0019,-0.0323,0.9995,0,-0.0206,26.5525,-3.1933,1]},
{"frame":12,"values":[1,-0.0042,-0.0034,0,0.0043,0.9993,0.0377,0,0.0033,-0.0377,0.9993,0,-0.0206,26.5525,-3.1933,1]},
{"frame":13,"values":[1,-0.0071,0.0039,0,0.007,0.9991,0.0418,0,-0.0042,-0.0418,0.9991,0,-0.0206,26.5525,-3.1933,1]},
{"frame":14,"values":[0.9999,-0.0089,0.0147,0,0.0083,0.9991,0.0416,0,-0.0151,-0.0414,0.999,0,-0.0206,26.5525,-3.1933,1]},
{"frame":15,"values":[0.9997,-0.0114,0.02,0,0.0106,0.9992,0.0379,0,-0.0204,-0.0376,0.9991,0,-0.0206,26.5525,-3.1933,1]},
{"frame":16,"values":[0.9998,-0.0112,0.0187,0,0.0106,0.9995,0.0306,0,-0.019,-0.0303,0.9994,0,-0.0206,26.5525,-3.1933,1]},
{"frame":17,"values":[0.9998,-0.0074,0.0159,0,0.007,0.9997,0.0242,0,-0.0161,-0.0241,0.9996,0,-0.0206,26.5525,-3.1933,1]},
{"frame":18,"values":[0.9999,-0.0033,0.0142,0,0.0029,0.9997,0.0251,0,-0.0143,-0.0251,0.9996,0,-0.0206,26.5525,-3.1933,1]},
{"frame":19,"values":[0.9999,-0.0015,0.0137,0,0.0011,0.9995,0.0328,0,-0.0138,-0.0328,0.9994,0,-0.0206,26.5525,-3.1933,1]},
{"frame":20,"values":[0.9999,-0.002,0.0155,0,0.0014,0.9991,0.0434,0,-0.0155,-0.0434,0.9989,0,-0.0206,26.5525,-3.1933,1]},
{"frame":21,"values":[0.9998,-0.0034,0.0181,0,0.0025,0.9986,0.0528,0,-0.0182,-0.0528,0.9984,0,-0.0206,26.5525,-3.1933,1]},
{"frame":22,"values":[0.9998,-0.0047,0.017,0,0.0037,0.9983,0.0587,0,-0.0172,-0.0586,0.9981,0,-0.0206,26.5525,-3.1933,1]},
{"frame":23,"values":[0.9999,-0.0056,0.0127,0,0.0048,0.9981,0.0608,0,-0.0131,-0.0607,0.9981,0,-0.0206,26.5525,-3.1933,1]},
{"frame":24,"values":[0.9999,-0.0063,0.0115,0,0.0056,0.9982,0.0595,0,-0.0119,-0.0594,0.9982,0,-0.0206,26.5525,-3.1933,1]},
{"frame":25,"values":[0.9999,-0.0072,0.0143,0,0.0063,0.9983,0.0571,0,-0.0147,-0.057,0.9983,0,-0.0206,26.5525,-3.1933,1]},
{"frame":26,"values":[0.9998,-0.0074,0.0161,0,0.0065,0.9985,0.0545,0,-0.0165,-0.0544,0.9984,0,-0.0206,26.5525,-3.1933,1]},
{"frame":27,"values":[0.9999,-0.0062,0.0151,0,0.0054,0.9987,0.0507,0,-0.0154,-0.0506,0.9986,0,-0.0206,26.5525,-3.1933,1]},
{"frame":28,"values":[0.9999,-0.0043,0.0142,0,0.0037,0.9991,0.0429,0,-0.0144,-0.0428,0.999,0,-0.0206,26.5525,-3.1933,1]},
{"frame":29,"values":[0.9999,-0.0031,0.015,0,0.0027,0.9996,0.0296,0,-0.0151,-0.0296,0.9994,0,-0.0206,26.5525,-3.1933,1]},
{"frame":30,"values":[0.9999,-0.0038,0.0149,0,0.0036,0.9999,0.016,0,-0.0149,-0.0159,0.9998,0,-0.0206,26.5525,-3.1933,1]},
{"frame":31,"values":[0.9999,-0.005,0.0122,0,0.0048,0.9999,0.012,0,-0.0122,-0.012,0.9999,0,-0.0206,26.5525,-3.1933,1]},
{"frame":32,"values":[1,-0.003,0.0074,0,0.0029,0.9997,0.0225,0,-0.0074,-0.0225,0.9997,0,-0.0206,26.5525,-3.1933,1]},
{"frame":33,"values":[1,0.0021,0.0016,0,-0.0021,0.9991,0.0433,0,-0.0015,-0.0433,0.9991,0,-0.0206,26.5525,-3.1933,1]},
{"frame":34,"values":[1,0.0052,-0.0027,0,-0.005,0.9974,0.0712,0,0.0031,-0.0712,0.9975,0,-0.0206,26.5525,-3.1933,1]},
{"frame":35,"values":[1,0.0034,-0.0024,0,-0.0032,0.9955,0.0948,0,0.0027,-0.0948,0.9955,0,-0.0206,26.5525,-3.1933,1]},
{"frame":36,"values":[1,-0.0005,0.0029,0,0.0002,0.9946,0.1037,0,-0.0029,-0.1037,0.9946,0,-0.0206,26.5525,-3.1933,1]},
{"frame":37,"values":[1,-0.0017,0.0084,0,0.0008,0.995,0.0999,0,-0.0085,-0.0999,0.995,0,-0.0206,26.5525,-3.1933,1]},
{"frame":38,"values":[0.9999,-0.002,0.0099,0,0.001,0.9958,0.0915,0,-0.01,-0.0915,0.9958,0,-0.0206,26.5525,-3.1933,1]},
{"frame":39,"values":[1,-0.0022,0.0087,0,0.0014,0.996,0.0892,0,-0.0089,-0.0892,0.996,0,-0.0206,26.5525,-3.1933,1]},
{"frame":40,"values":[1,-0.0013,0.008,0,0.0006,0.9962,0.0874,0,-0.0081,-0.0874,0.9961,0,-0.0206,26.5525,-3.1933,1]},
{"frame":41,"values":[1,0.0001,0.008,0,-0.0008,0.9966,0.0819,0,-0.008,-0.0819,0.9966,0,-0.0206,26.5525,-3.1933,1]},
{"frame":42,"values":[1,0.0008,0.0079,0,-0.0015,0.9969,0.0786,0,-0.0078,-0.0786,0.9969,0,-0.0206,26.5525,-3.1933,1]},
{"frame":43,"values":[1,0.0003,0.0078,0,-0.0009,0.997,0.0771,0,-0.0078,-0.0771,0.997,0,-0.0206,26.5525,-3.1933,1]},
{"frame":44,"values":[1,-0.0001,0.0078,0,-0.0005,0.9972,0.0749,0,-0.0078,-0.0749,0.9972,0,-0.0206,26.5525,-3.1933,1]},
{"frame":45,"values":[1,0.0002,0.0077,0,-0.0007,0.9973,0.0735,0,-0.0076,-0.0735,0.9973,0,-0.0206,26.5525,-3.1933,1]},
{"frame":46,"values":[1,0.0005,0.0076,0,-0.0011,0.9973,0.0737,0,-0.0075,-0.0737,0.9973,0,-0.0206,26.5525,-3.1933,1]},
{"frame":47,"values":[1,0.0008,0.0075,0,-0.0014,0.9972,0.0744,0,-0.0074,-0.0744,0.9972,0,-0.0206,26.5525,-3.1933,1]},
{"frame":48,"values":[1,0.0009,0.0076,0,-0.0015,0.9972,0.0747,0,-0.0075,-0.0747,0.9972,0,-0.0206,26.5525,-3.1933,1]},
{"frame":49,"values":[1,0.0008,0.008,0,-0.0014,0.9972,0.0745,0,-0.0079,-0.0745,0.9972,0,-0.0206,26.5525,-3.1933,1]},
{"frame":50,"values":[1,0.0007,0.0083,0,-0.0014,0.9972,0.0748,0,-0.0083,-0.0748,0.9972,0,-0.0206,26.5525,-3.1933,1]},
{"frame":51,"values":[1,0.0009,0.0078,0,-0.0015,0.997,0.0768,0,-0.0077,-0.0768,0.997,0,-0.0206,26.5525,-3.1933,1]},
{"frame":52,"values":[1,-0.0003,0.0054,0,-0.0001,0.9967,0.0816,0,-0.0054,-0.0816,0.9967,0,-0.0206,26.5525,-3.1933,1]},
{"frame":53,"values":[1,-0.0037,0.0012,0,0.0036,0.9961,0.0883,0,-0.0015,-0.0883,0.9961,0,-0.0206,26.5525,-3.1933,1]},
{"frame":54,"values":[1,-0.0065,-0.0047,0,0.0069,0.9955,0.0946,0,0.004,-0.0946,0.9955,0,-0.0206,26.5525,-3.1933,1]},
{"frame":55,"values":[0.9999,-0.0051,-0.0112,0,0.0062,0.9952,0.0976,0,0.0106,-0.0976,0.9952,0,-0.0206,26.5525,-3.1933,1]},
{"frame":56,"values":[0.9999,-0.0007,-0.0156,0,0.0022,0.9955,0.0952,0,0.0155,-0.0952,0.9953,0,-0.0206,26.5525,-3.1933,1]},
{"frame":57,"values":[0.9999,0.0029,-0.0162,0,-0.0015,0.9959,0.0903,0,0.0164,-0.0903,0.9958,0,-0.0206,26.5525,-3.1933,1]},
{"frame":58,"values":[0.9999,0.0051,-0.0142,0,-0.0038,0.9961,0.0882,0,0.0146,-0.0881,0.996,0,-0.0206,26.5525,-3.1933,1]},
{"frame":59,"values":[0.9999,0.0057,-0.0127,0,-0.0045,0.9959,0.0908,0,0.0131,-0.0908,0.9958,0,-0.0206,26.5525,-3.1933,1]},
{"frame":60,"values":[0.9999,0.0043,-0.0109,0,-0.0032,0.9955,0.0944,0,0.0113,-0.0943,0.9955,0,-0.0206,26.5525,-3.1933,1]},
{"frame":61,"values":[1,0.0026,-0.0074,0,-0.0019,0.9956,0.0935,0,0.0076,-0.0935,0.9956,0,-0.0206,26.5525,-3.1933,1]},
{"frame":62,"values":[1,0.0024,-0.0047,0,-0.002,0.9961,0.0883,0,0.0049,-0.0883,0.9961,0,-0.0206,26.5525,-3.1933,1]},
{"frame":63,"values":[1,0.0032,-0.0058,0,-0.0028,0.9966,0.0819,0,0.006,-0.0819,0.9966,0,-0.0206,26.5525,-3.1933,1]},
{"frame":64,"values":[1,0.0036,-0.009,0,-0.0029,0.9971,0.0757,0,0.0093,-0.0757,0.9971,0,-0.0206,26.5525,-3.1933,1]},
