{"producer":{"name":"Blender","version":"2.90.0","exporter_version":"2.80.1","file":"fight_kickleft.babylon"},
"autoClear":true,"clearColor":[0.0509,0.0509,0.0509],"gravity":[0,-9.81,0],
"materials":[{"name":"Material","id":"Material","customType":"BABYLON.PBRMaterial","backFaceCulling":true,"checkReadyOnlyOnce":false,"maxSimultaneousLights":4,"environmentIntensity":1,"albedo":[0.8,0.8,0.8],"reflectivity":[0.5,0.5,0.5],"roughness":0.4,"alpha":1,"transparencyMode":0,"alphaCutOff":0.4,"metallic":0}],
"multiMaterials":[],
"skeletons":[{"name":"Armature","id":0,"dimensionsAtRest":[379.1952,391.6652,55.677],"bones":[
{"name":"mixamorig:Hips","index":0,"matrix":[0.5836,-0.0473,-0.8107,0,0.0995,0.9949,0.0136,0,-0.8059,0.0886,-0.5854,0,-3.0314,193.2206,-0.7372,1],"rest":[1,0,0,0,0,1,0,0,0,0,-1,0,0,201.6394,0,1],"parentBoneIndex":-1,"length":21.6784
,"animation":{"dataType":3,"framePerSecond":24,"keys":[
{"frame":1,"values":[0.5836,-0.0473,-0.8107,0,0.0995,0.9949,0.0136,0,-0.8059,0.0886,-0.5854,0,-3.0314,193.2206,-0.7372,1]},
{"frame":2,"values":[0.5782,-0.0461,-0.8146,0,0.1013,0.9947,0.0155,0,-0.8096,0.0915,-0.5798,0,-3.097,193.2479,-0.9477,1]},
{"frame":3,"values":[0.5741,-0.0439,-0.8176,0,0.1014,0.9947,0.0178,0,-0.8125,0.0931,-0.5755,0,-3.078,193.2781,-1.1864,1]},
{"frame":4,"values":[0.5698,-0.0405,-0.8208,0,0.1005,0.9947,0.0206,0,-0.8156,0.0942,-0.5709,0,-3.0218,193.3263,-1.4624,1]},
{"frame":5,"values":[0.563,-0.036,-0.8257,0,0.0997,0.9947,0.0246,0,-0.8204,0.0961,-0.5636,0,-2.9869,193.4137,-1.7877,1]},
{"frame":6,"values":[0.5542,-0.0299,-0.8319,0,0.0989,0.9946,0.0302,0,-0.8265,0.099,-0.5541,0,-2.9748,193.5208,-2.1471,1]},
{"frame":7,"values":[0.5439,-0.0212,-0.8389,0,0.0978,0.9945,0.0383,0,-0.8334,0.1029,-0.543,0,-3.0232,193.5505,-2.492,1]},
{"frame":8,"values":[0.5312,-0.0077,-0.8472,0,0.0975,0.9939,0.052,0,-0.8416,0.1102,-0.5287,0,-3.2471,193.3852,-2.7442,1]},
{"frame":9,"values":[0.5164,0.0126,-0.8563,0,0.0989,0.9923,0.0743,0,-0.8506,0.123,-0.5112,0,-3.732,192.9704,-2.7637,1]},
{"frame":10,"values":[0.5028,0.039,-0.8636,0,0.1038,0.989,0.1051,0,-0.8582,0.1424,-0.4932,0,-4.4664,192.297,-2.3763,1]},
{"frame":11,"values":[0.4946,0.0624,-0.8669,0,0.1162,0.9837,0.1371,0,-0.8613,0.1686,-0.4793,0,-5.4621,191.4158,-1.4332,1]},
{"frame":12,"values":[0.4969,0.0704,-0.8649,0,0.1366,0.9779,0.1581,0,-0.857,0.1967,-0.4763,0,-6.7727,190.5359,0.2396,1]},
{"frame":13,"values":[0.5114,0.06,-0.8572,0,0.1545,0.9749,0.1605,0,-0.8453,0.2145,-0.4893,0,-8.1963,189.8929,2.7797,1]},
{"frame":14,"values":[0.5336,0.0381,-0.8449,0,0.1578,0.977,0.1437,0,-0.8309,0.21,-0.5153,0,-9.2525,189.5522,6.2371,1]},
{"frame":15,"values":[0.56,0.0149,-0.8284,0,0.1428,0.9831,0.1142,0,-0.8161,0.1822,-0.5484,0,-9.6304,189.5731,10.6454,1]},
{"frame":16,"values":[0.594,0.0061,-0.8045,0,0.112,0.9896,0.0902,0,-0.7967,0.1437,-0.5871,0,-9.3152,190.1981,15.8324,1]},
{"frame":17,"values":[0.6314,0.0191,-0.7753,0,0.0731,0.9938,0.084,0,-0.772,0.1097,-0.626,0,-8.1624,190.7957,20.731,1]},
{"frame":18,"values":[0.659,0.06,-0.7498,0,0.0294,0.994,0.1053,0,-0.7516,0.0915,-0.6532,0,-6.4889,192.3165,25.0813,1]},
{"frame":19,"values":[0.6735,0.1143,-0.7303,0,-0.0117,0.9895,0.144,0,-0.7391,0.0884,-0.6678,0,-4.7349,194.3282,28.5069,1]},
{"frame":20,"values":[0.6887,0.1652,-0.706,0,-0.0449,0.9816,0.1858,0,-0.7237,0.0963,-0.6834,0,-3.2432,196.0504,31.023,1]},
{"frame":21,"values":[0.7111,0.2081,-0.6716,0,-0.0619,0.97,0.2351,0,-0.7004,0.1256,-0.7026,0,-2.1349,197.316,33.0645,1]},
{"frame":22,"values":[0.7292,0.2495,-0.6372,0,-0.0626,0.9516,0.301,0,-0.6814,0.1796,-0.7095,0,-1.3472,198.3112,34.8395,1]},
{"frame":23,"values":[0.7362,0.2967,-0.6082,0,-0.0579,0.9231,0.3803,0,-0.6743,0.2447,-0.6967,0,-0.6988,199.3632,37.101,1]},
{"frame":24,"values":[0.7369,0.3399,-0.5843,0,-0.0463,0.8877,0.458,0,-0.6744,0.3105,-0.6699,0,0.1327,199.6405,40.0945,1]},
{"frame":25,"values":[0.7336,0.3624,-0.5749,0,-0.0132,0.8534,0.5211,0,-0.6795,0.3747,-0.6308,0,0.8255,197.8734,42.1061,1]},
{"frame":26,"values":[0.7269,0.3648,-0.5818,0,0.0362,0.8257,0.563,0,-0.6858,0.4303,-0.587,0,0.7296,194.3277,42.8027,1]},
{"frame":27,"values":[0.7165,0.3508,-0.603,0,0.088,0.812,0.5769,0,-0.692,0.4664,-0.551,0,-0.2812,189.834,44.0634,1]},
{"frame":28,"values":[0.6996,0.3295,-0.634,0,0.1301,0.8138,0.5664,0,-0.7026,0.4788,-0.5264,0,-1.9792,185.8288,46.0805,1]},
{"frame":29,"values":[0.6672,0.318,-0.6735,0,0.1564,0.8243,0.5442,0,-0.7282,0.4684,-0.5002,0,-3.9958,184.433,45.769,1]},
{"frame":30,"values":[0.621,0.3245,-0.7135,0,0.1732,0.831,0.5287,0,-0.7644,0.4519,-0.4598,0,-6.0986,186.1331,41.6193,1]},
{"frame":31,"values":[0.5892,0.3412,-0.7325,0,0.1842,0.8259,0.5329,0,-0.7867,0.4488,-0.4238,0,-8.286,189.3174,35.6015,1]},
{"frame":32,"values":[0.6055,0.3504,-0.7146,0,0.184,0.8119,0.554,0,-0.7743,0.467,-0.4271,0,-10.3759,191.917,29.2043,1]},
{"frame":33,"values":[0.6564,0.3301,-0.6784,0,0.1755,0.8077,0.5629,0,-0.7337,0.4885,-0.4722,0,-11.7339,192.8793,21.8727,1]},
{"frame":34,"values":[0.69,0.2808,-0.6671,0,0.1701,0.8329,0.5266,0,-0.7035,0.4769,-0.527,0,-11.9354,192.2832,15.2043,1]},
{"frame":35,"values":[0.6951,0.2188,-0.6848,0,0.1734,0.8734,0.4551,0,-0.6977,0.4351,-0.5692,0,-11.4122,190.795,10.4589,1]},
{"frame":36,"values":[0.7041,0.157,-0.6925,0,0.186,0.9004,0.3933,0,-0.6853,0.4057,-0.6048,0,-10.9866,189.0906,6.4949,1]},
{"frame":37,"values":[0.7203,0.1071,-0.6854,0,0.2033,0.912,0.3562,0,-0.6632,0.3959,-0.6352,0,-10.7449,187.9852,2.5099,1]},
{"frame":38,"values":[0.72,0.0765,-0.6898,0,0.2121,0.9221,0.3235,0,-0.6608,0.3792,-0.6477,0,-10.4195,188.3088,-0.9832,1]},
{"frame":39,"values":[0.7048,0.0563,-0.7072,0,0.2036,0.9388,0.2777,0,-0.6796,0.3397,-0.6502,0,-9.548,188.7961,-3.948,1]},
{"frame":40,"values":[0.692,0.0472,-0.7204,0,0.1756,0.9569,0.2314,0,-0.7002,0.2866,-0.6539,0,-8.0584,189.232,-6.6361,1]},
{"frame":41,"values":[0.6805,0.0497,-0.7311,0,0.1458,0.9686,0.2015,0,-0.7181,0.2437,-0.6519,0,-6.2529,189.3436,-8.7568,1]},
{"frame":42,"values":[0.6593,0.0543,-0.75,0,0.132,0.9735,0.1866,0,-0.7402,0.222,-0.6346,0,-4.664,189.2874,-10.2923,1]},
{"frame":43,"values":[0.6334,0.0527,-0.772,0,0.1302,0.9762,0.1734,0,-0.7628,0.2103,-0.6115,0,-3.6764,189.4035,-11.3829,1]},
{"frame":44,"values":[0.6141,0.045,-0.7879,0,0.1286,0.9793,0.1562,0,-0.7786,0.1972,-0.5957,0,-3.1566,189.7261,-12.0641,1]},
{"frame":45,"values":[0.6013,0.0347,-0.7983,0,0.1244,0.9828,0.1364,0,-0.7893,0.1813,-0.5867,0,-2.8197,190.1432,-12.2143,1]},
{"frame":46,"values":[0.5918,0.0228,-0.8058,0,0.1197,0.986,0.1158,0,-0.7972,0.165,-0.5808,0,-2.6029,190.6125,-11.505,1]},
{"frame":47,"values":[0.5852,0.0095,-0.8109,0,0.1152,0.9888,0.0948,0,-0.8027,0.1489,-0.5775,0,-2.5217,191.1223,-10.1043,1]},
{"frame":48,"values":[0.5817,-0.0042,-0.8134,0,0.1109,0.9911,0.0742,0,-0.8058,0.1334,-0.577,0,-2.5466,191.6411,-8.2545,1]},
{"frame":49,"values":[0.5805,-0.0174,-0.8141,0,0.107,0.9927,0.0551,0,-0.8072,0.1191,-0.5781,0,-2.6352,192.1321,-6.1982,1]},
{"frame":50,"values":[0.5808,-0.0292,-0.8135,0,0.1038,0.9939,0.0385,0,-0.8074,0.1068,-0.5803,0,-2.76,192.5671,-4.1783,1]},
{"frame":51,"values":[0.5819,-0.0387,-0.8123,0,0.1014,0.9945,0.0253,0,-0.8069,0.0971,-0.5826,0,-2.8894,192.9125,-2.4342,1]},
{"frame":52,"values":[0.583,-0.0447,-0.8112,0,0.1001,0.9948,0.017,0,-0.8063,0.0911,-0.5845,0,-2.9869,193.1318,-1.2074,1]},
{"frame":53,"values":[0.5836,-0.0473,-0.8107,0,0.0995,0.9949,0.0136,0,-0.8059,0.0886,-0.5854,0,-3.0314,193.2206,-0.7372,1]}],"loopBehavior":1,"name":"anim","property":"_matrix"}},
{"name":"mixamorig:Spine","index":1,"matrix":[0.9967,0.0776,-0.0237,0,-0.0767,0.9962,0.0402,0,0.0267,-0.0382,0.9989,0,0.0062,19.525,-2.4818,1],"rest":[1,0,0,0,0,1,0,0,0,0,1,0,0.0062,19.525,-2.4818,1],"parentBoneIndex":0,"length":23.0091
,"animation":{"dataType":3,"framePerSecond":24,"keys":[
{"frame":1,"values":[0.9967,0.0776,-0.0237,0,-0.0767,0.9962,0.0402,0,0.0267,-0.0382,0.9989,0,0.0062,19.525,-2.4818,1]},
{"frame":2,"values":[0.9968,0.0768,-0.0242,0,-0.0758,0.9963,0.041,0,0.0273,-0.0391,0.9989,0,0.0062,19.525,-2.4818,1]},
{"frame":3,"values":[0.9968,0.0759,-0.0245,0,-0.0748,0.9963,0.0416,0,0.0276,-0.0396,0.9988,0,0.0062,19.525,-2.4818,1]},
{"frame":4,"values":[0.9969,0.0744,-0.0248,0,-0.0733,0.9964,0.0419,0,0.0278,-0.04,0.9988,0,0.0062,19.525,-2.4818,1]},
{"frame":5,"values":[0.9971,0.0722,-0.0251,0,-0.0712,0.9966,0.0421,0,0.0281,-0.0402,0.9988,0,0.0062,19.525,-2.4818,1]},
{"frame":6,"values":[0.9972,0.0699,-0.0256,0,-0.0688,0.9967,0.0423,0,0.0285,-0.0404,0.9988,0,0.0062,19.525,-2.4818,1]},
{"frame":7,"values":[0.9974,0.0679,-0.0258,0,-0.0667,0.9969,0.0424,0,0.0286,-0.0405,0.9988,0,0.0062,19.525,-2.4818,1]},
{"frame":8,"values":[0.9975,0.0653,-0.0256,0,-0.0641,0.997,0.0427,0,0.0283,-0.0409,0.9988,0,0.0062,19.525,-2.4818,1]},
{"frame":9,"values":[0.9979,0.0604,-0.025,0,-0.0592,0.9973,0.0435,0,0.0276,-0.042,0.9987,0,0.0062,19.525,-2.4818,1]},
{"frame":10,"values":[0.9983,0.0527,-0.0242,0,-0.0516,0.9976,0.0453,0,0.0265,-0.044,0.9987,0,0.0062,19.525,-2.4818,1]},
{"frame":11,"values":[0.9987,0.0457,-0.0228,0,-0.0445,0.9978,0.0482,0,0.0249,-0.0471,0.9986,0,0.0062,19.525,-2.4818,1]},
{"frame":12,"values":[0.9988,0.0455,-0.0199,0,-0.0444,0.9977,0.0511,0,0.0222,-0.0501,0.9985,0,0.0062,19.525,-2.4818,1]},
{"frame":13,"values":[0.9983,0.0556,-0.0153,0,-0.0548,0.9972,0.0513,0,0.0181,-0.0504,0.9986,0,0.0062,19.525,-2.4818,1]},
{"frame":14,"values":[0.9973,0.0731,-0.0111,0,-0.0725,0.9963,0.0463,0,0.0144,-0.0454,0.9989,0,0.0062,19.525,-2.4818,1]},
{"frame":15,"values":[0.996,0.0892,-0.0103,0,-0.0888,0.9954,0.0368,0,0.0135,-0.0358,0.9993,0,0.0062,19.525,-2.4818,1]},
{"frame":16,"values":[0.9953,0.0955,-0.0136,0,-0.0951,0.9951,0.0276,0,0.0161,-0.0262,0.9995,0,0.0062,19.525,-2.4818,1]},
{"frame":17,"values":[0.9955,0.0927,-0.0195,0,-0.0922,0.9954,0.0243,0,0.0216,-0.0224,0.9995,0,0.0062,19.525,-2.4818,1]},
{"frame":18,"values":[0.997,0.0724,-0.0259,0,-0.0717,0.997,0.0291,0,0.0279,-0.0271,0.9992,0,0.0062,19.525,-2.4818,1]},
{"frame":19,"values":[0.9986,0.0436,-0.0299,0,-0.0424,0.9983,0.0401,0,0.0316,-0.0388,0.9987,0,0.0062,19.525,-2.4818,1]},
{"frame":20,"values":[0.9994,0.0187,-0.0306,0,-0.017,0.9984,0.0545,0,0.0316,-0.054,0.998,0,0.0062,19.525,-2.4818,1]},
{"frame":21,"values":[0.9996,-0.0002,-0.027,0,0.0022,0.9973,0.0731,0,0.0269,-0.0731,0.997,0,0.0062,19.525,-2.4818,1]},
{"frame":22,"values":[0.9996,-0.0192,-0.0192,0,0.021,0.995,0.0977,0,0.0172,-0.098,0.995,0,0.0062,19.525,-2.4818,1]},
{"frame":23,"values":[0.9989,-0.0456,-0.0061,0,0.046,0.9909,0.1267,0,0.0002,-0.1268,0.9919,0,0.0062,19.525,-2.4818,1]},
{"frame":24,"values":[0.9972,-0.0741,0.0128,0,0.0713,0.9857,0.1528,0,-0.024,-0.1515,0.9882,0,0.0062,19.525,-2.4818,1]},
{"frame":25,"values":[0.9954,-0.0906,0.0327,0,0.0838,0.982,0.1694,0,-0.0474,-0.1659,0.985,0,0.0062,19.525,-2.4818,1]},
{"frame":26,"values":[0.9945,-0.0931,0.0482,0,0.0832,0.9806,0.1775,0,-0.0638,-0.1725,0.9829,0,0.0062,19.525,-2.4818,1]},
{"frame":27,"values":[0.995,-0.0837,0.054,0,0.0727,0.9809,0.1803,0,-0.0681,-0.1755,0.9821,0,0.0062,19.525,-2.4818,1]},
{"frame":28,"values":[0.9969,-0.0648,0.0444,0,0.0559,0.9825,0.1778,0,-0.0551,-0.1747,0.9831,0,0.0062,19.525,-2.4818,1]},
{"frame":29,"values":[0.999,-0.0424,0.0131,0,0.0397,0.9853,0.1659,0,-0.02,-0.1652,0.9861,0,0.0062,19.525,-2.4818,1]},
{"frame":30,"values":[0.9993,-0.0286,-0.026,0,0.032,0.9888,0.1459,0,0.0215,-0.1466,0.989,0,0.0062,19.525,-2.4818,1]},
{"frame":31,"values":[0.9983,-0.0257,-0.0516,0,0.0319,0.9919,0.1229,0,0.048,-0.1243,0.9911,0,0.0062,19.525,-2.4818,1]},
{"frame":32,"values":[0.9983,-0.0205,-0.0541,0,0.0259,0.9945,0.1017,0,0.0517,-0.1029,0.9933,0,0.0062,19.525,-2.4818,1]},
{"frame":33,"values":[0.9991,0.0001,-0.0417,0,0.0034,0.9966,0.0826,0,0.0416,-0.0826,0.9957,0,0.0062,19.525,-2.4818,1]},
{"frame":34,"values":[0.9991,0.0313,-0.0277,0,-0.0294,0.9974,0.0658,0,0.0297,-0.0649,0.9975,0,0.0062,19.525,-2.4818,1]},
{"frame":35,"values":[0.9981,0.0602,-0.0159,0,-0.0593,0.9968,0.0536,0,0.0191,-0.0526,0.9984,0,0.0062,19.525,-2.4818,1]},
{"frame":36,"values":[0.9971,0.0757,-0.0057,0,-0.0754,0.996,0.048,0,0.0093,-0.0475,0.9988,0,0.0062,19.525,-2.4818,1]},
{"frame":37,"values":[0.9969,0.0788,0.0002,0,-0.0787,0.9957,0.0486,0,0.0036,-0.0484,0.9988,0,0.0062,19.525,-2.4818,1]},
{"frame":38,"values":[0.9976,0.0694,-0.0032,0,-0.0691,0.9963,0.0512,0,0.0068,-0.0509,0.9987,0,0.0062,19.525,-2.4818,1]},
{"frame":39,"values":[0.9984,0.0546,-0.0117,0,-0.054,0.9972,0.0515,0,0.0145,-0.0508,0.9986,0,0.0062,19.525,-2.4818,1]},
{"frame":40,"values":[0.9992,0.0359,-0.0191,0,-0.035,0.9981,0.05,0,0.0209,-0.0493,0.9986,0,0.0062,19.525,-2.4818,1]},
{"frame":41,"values":[0.9995,0.0189,-0.0244,0,-0.0176,0.9986,0.0508,0,0.0253,-0.0504,0.9984,0,0.0062,19.525,-2.4818,1]},
{"frame":42,"values":[0.9995,0.0095,-0.0291,0,-0.0079,0.9985,0.0545,0,0.0296,-0.0543,0.9981,0,0.0062,19.525,-2.4818,1]},
{"frame":43,"values":[0.9994,0.0079,-0.0332,0,-0.006,0.9983,0.0576,0,0.0336,-0.0574,0.9978,0,0.0062,19.525,-2.4818,1]},
{"frame":44,"values":[0.9993,0.0114,-0.0354,0,-0.0094,0.9983,0.058,0,0.036,-0.0577,0.9977,0,0.0062,19.525,-2.4818,1]},
{"frame":45,"values":[0.9992,0.0175,-0.0356,0,-0.0155,0.9983,0.0568,0,0.0365,-0.0562,0.9977,0,0.0062,19.525,-2.4818,1]},
{"frame":46,"values":[0.9991,0.0255,-0.0347,0,-0.0235,0.9982,0.0551,0,0.036,-0.0542,0.9979,0,0.0062,19.525,-2.4818,1]},
{"frame":47,"values":[0.9988,0.0347,-0.0332,0,-0.033,0.9981,0.0529,0,0.035,-0.0518,0.998,0,0.0062,19.525,-2.4818,1]},
{"frame":48,"values":[0.9985,0.0447,-0.0313,0,-0.0431,0.9978,0.0502,0,0.0335,-0.0488,0.9982,0,0.0062,19.525,-2.4818,1]},
{"frame":49,"values":[0.9981,0.0546,-0.0291,0,-0.0531,0.9975,0.0474,0,0.0316,-0.0457,0.9985,0,0.0062,19.525,-2.4818,1]},
{"frame":50,"values":[0.9976,0.0636,-0.027,0,-0.0623,0.9971,0.0446,0,0.0298,-0.0429,0.9986,0,0.0062,19.525,-2.4818,1]},
{"frame":51,"values":[0.9972,0.0709,-0.0253,0,-0.0698,0.9967,0.0424,0,0.0282,-0.0405,0.9988,0,0.0062,19.525,-2.4818,1]},
{"frame":52,"values":[0.9968,0.0755,-0.0242,0,-0.0745,0.9964,0.0409,0,0.0272,-0.0389,0.9989,0,0.0062,19.525,-2.4818,1]},
{"frame":53,"values":[0.9967,0.0776,-0.0237,0,-0.0767,0.9962,0.0402,0,0.0267,-0.0382,0.9989,0,0.0062,19.525,-2.4818,1]}],"loopBehavior":1,"name":"anim","property":"_matrix"}},
{"name":"mixamorig:Spine1","index":2,"matrix":[0.9973,0.0367,-0.0639,0,-0.0312,0.9959,0.0849,0,0.0668,-0.0826,0.9943,0,-0.0009,22.835,-2.8254,1],"rest":[1,0,0,0,0,1,0,0,0,0,1,0,-0.0009,22.835,-2.8254,1],"parentBoneIndex":1,"length":26.7438
,"animation":{"dataType":3,"framePerSecond":24,"keys":[
{"frame":1,"values":[0.9973,0.0367,-0.0639,0,-0.0312,0.9959,0.0849,0,0.0668,-0.0826,0.9943,0,-0.0009,22.835,-2.8254,1]},
{"frame":2,"values":[0.9972,0.037,-0.0654,0,-0.0313,0.9958,0.0864,0,0.0683,-0.0842,0.9941,0,-0.0009,22.835,-2.8254,1]},
{"frame":3,"values":[0.9971,0.037,-0.0661,0,-0.0311,0.9957,0.0875,0,0.0691,-0.0852,0.994,0,-0.0009,22.835,-2.8254,1]},
{"frame":4,"values":[0.9971,0.0365,-0.0665,0,-0.0306,0.9956,0.088,0,0.0695,-0.0857,0.9939,0,-0.0009,22.835,-2.8254,1]},
{"frame":5,"values":[0.9971,0.0359,-0.0673,0,-0.0299,0.9956,0.0883,0,0.0701,-0.086,0.9938,0,-0.0009,22.835,-2.8254,1]},
{"frame":6,"values":[0.997,0.0357,-0.0682,0,-0.0296,0.9956,0.0884,0,0.0711,-0.0861,0.9937,0,-0.0009,22.835,-2.8254,1]},
{"frame":7,"values":[0.997,0.0362,-0.0689,0,-0.03,0.9956,0.0884,0,0.0718,-0.0861,0.9937,0,-0.0009,22.835,-2.8254,1]},
{"frame":8,"values":[0.997,0.0362,-0.069,0,-0.03,0.9956,0.0889,0,0.072,-0.0866,0.9936,0,-0.0009,22.835,-2.8254,1]},
{"frame":9,"values":[0.9971,0.0337,-0.0686,0,-0.0274,0.9955,0.0905,0,0.0713,-0.0884,0.9935,0,-0.0009,22.835,-2.8254,1]},
{"frame":10,"values":[0.9973,0.0281,-0.0675,0,-0.0217,0.9953,0.094,0,0.0698,-0.0923,0.9933,0,-0.0009,22.835,-2.8254,1]},
{"frame":11,"values":[0.9976,0.022,-0.0657,0,-0.0154,0.9949,0.0995,0,0.0676,-0.0982,0.9929,0,-0.0009,22.835,-2.8254,1]},
{"frame":12,"values":[0.9978,0.0191,-0.0631,0,-0.0124,0.9944,0.1053,0,0.0648,-0.1043,0.9924,0,-0.0009,22.835,-2.8254,1]},
{"frame":13,"values":[0.998,0.021,-0.0599,0,-0.0145,0.9942,0.1067,0,0.0618,-0.1056,0.9925,0,-0.0009,22.835,-2.8254,1]},
{"frame":14,"values":[0.998,0.0258,-0.057,0,-0.0201,0.9949,0.0987,0,0.0592,-0.0973,0.9935,0,-0.0009,22.835,-2.8254,1]},
{"frame":15,"values":[0.998,0.0301,-0.0548,0,-0.0256,0.9963,0.0814,0,0.0571,-0.0799,0.9952,0,-0.0009,22.835,-2.8254,1]},
{"frame":16,"values":[0.9981,0.0307,-0.0538,0,-0.0273,0.9976,0.063,0,0.0556,-0.0614,0.9966,0,-0.0009,22.835,-2.8254,1]},
{"frame":17,"values":[0.9982,0.025,-0.0551,0,-0.022,0.9983,0.0544,0,0.0563,-0.0531,0.997,0,-0.0009,22.835,-2.8254,1]},
{"frame":18,"values":[0.9981,0.0134,-0.0599,0,-0.0097,0.9981,0.0604,0,0.0606,-0.0597,0.9964,0,-0.0009,22.835,-2.8254,1]},
{"frame":19,"values":[0.9978,-0.0011,-0.067,0,0.0063,0.9969,0.0779,0,0.0667,-0.0782,0.9947,0,-0.0009,22.835,-2.8254,1]},
{"frame":20,"values":[0.9973,-0.0154,-0.0716,0,0.0226,0.9945,0.1022,0,0.0696,-0.1035,0.9922,0,-0.0009,22.835,-2.8254,1]},
{"frame":21,"values":[0.9971,-0.0294,-0.0708,0,0.0387,0.9903,0.1334,0,0.0662,-0.1358,0.9885,0,-0.0009,22.835,-2.8254,1]},
{"frame":22,"values":[0.9966,-0.0464,-0.0677,0,0.0575,0.9832,0.173,0,0.0585,-0.1763,0.9826,0,-0.0009,22.835,-2.8254,1]},
{"frame":23,"values":[0.9954,-0.0678,-0.0677,0,0.0811,0.9725,0.2181,0,0.0511,-0.2226,0.9736,0,-0.0009,22.835,-2.8254,1]},
{"frame":24,"values":[0.9932,-0.0901,-0.0734,0,0.1064,0.9593,0.2617,0,0.0468,-0.2677,0.9624,0,-0.0009,22.835,-2.8254,1]},
{"frame":25,"values":[0.9907,-0.1077,-0.0835,0,0.128,0.9462,0.2971,0,0.047,-0.305,0.9512,0,-0.0009,22.835,-2.8254,1]},
{"frame":26,"values":[0.9884,-0.1177,-0.0959,0,0.1427,0.9362,0.3213,0,0.0519,-0.3313,0.9421,0,-0.0009,22.835,-2.8254,1]},
{"frame":27,"values":[0.9868,-0.1185,-0.1102,0,0.1489,0.9316,0.3316,0,0.0634,-0.3436,0.937,0,-0.0009,22.835,-2.8254,1]},
{"frame":28,"values":[0.9859,-0.1103,-0.1261,0,0.1463,0.9336,0.3272,0,0.0816,-0.341,0.9365,0,-0.0009,22.835,-2.8254,1]},
{"frame":29,"values":[0.9853,-0.0953,-0.1418,0,0.1352,0.9423,0.3063,0,0.1044,-0.321,0.9413,0,-0.0009,22.835,-2.8254,1]},
{"frame":30,"values":[0.9847,-0.0811,-0.1542,0,0.1214,0.9542,0.2736,0,0.1249,-0.2881,0.9494,0,-0.0009,22.835,-2.8254,1]},
{"frame":31,"values":[0.9846,-0.0753,-0.1578,0,0.1118,0.9651,0.237,0,0.1344,-0.251,0.9586,0,-0.0009,22.835,-2.8254,1]},
{"frame":32,"values":[0.9861,-0.0747,-0.1487,0,0.1043,0.9737,0.2026,0,0.1297,-0.2153,0.9679,0,-0.0009,22.835,-2.8254,1]},
{"frame":33,"values":[0.9895,-0.0667,-0.1285,0,0.088,0.9818,0.1683,0,0.1149,-0.1778,0.9773,0,-0.0009,22.835,-2.8254,1]},
{"frame":34,"values":[0.9932,-0.0466,-0.1064,0,0.0608,0.9891,0.1342,0,0.099,-0.1398,0.9852,0,-0.0009,22.835,-2.8254,1]},
{"frame":35,"values":[0.9958,-0.0221,-0.0887,0,0.0318,0.9935,0.1094,0,0.0857,-0.1118,0.99,0,-0.0009,22.835,-2.8254,1]},
{"frame":36,"values":[0.9972,-0.0036,-0.0747,0,0.0113,0.9947,0.1026,0,0.074,-0.1031,0.9919,0,-0.0009,22.835,-2.8254,1]},
{"frame":37,"values":[0.9978,0.0068,-0.0654,0,0.0004,0.994,0.1097,0,0.0657,-0.1095,0.9918,0,-0.0009,22.835,-2.8254,1]},
{"frame":38,"values":[0.9979,0.0125,-0.0638,0,-0.005,0.9932,0.1162,0,0.0648,-0.1157,0.9912,0,-0.0009,22.835,-2.8254,1]},
{"frame":39,"values":[0.9976,0.014,-0.0683,0,-0.0061,0.9935,0.1136,0,0.0694,-0.1129,0.9912,0,-0.0009,22.835,-2.8254,1]},
{"frame":40,"values":[0.9972,0.0102,-0.0735,0,-0.0022,0.9942,0.1076,0,0.0742,-0.1071,0.9915,0,-0.0009,22.835,-2.8254,1]},
{"frame":41,"values":[0.9969,0.0032,-0.0786,0,0.0053,0.9942,0.1075,0,0.0785,-0.1076,0.9911,0,-0.0009,22.835,-2.8254,1]},
{"frame":42,"values":[0.9963,-0.0023,-0.0854,0,0.012,0.9935,0.1136,0,0.0846,-0.1142,0.9898,0,-0.0009,22.835,-2.8254,1]},
{"frame":43,"values":[0.9958,-0.0033,-0.0918,0,0.0142,0.9928,0.1186,0,0.0907,-0.1194,0.9887,0,-0.0009,22.835,-2.8254,1]},
{"frame":44,"values":[0.9955,-0.0008,-0.0943,0,0.012,0.9928,0.1188,0,0.0935,-0.1194,0.9884,0,-0.0009,22.835,-2.8254,1]},
{"frame":45,"values":[0.9957,0.003,-0.0931,0,0.0079,0.9932,0.1163,0,0.0928,-0.1165,0.9888,0,-0.0009,22.835,-2.8254,1]},
{"frame":46,"values":[0.9959,0.0075,-0.0902,0,0.0027,0.9936,0.1128,0,0.0904,-0.1126,0.9895,0,-0.0009,22.835,-2.8254,1]},
{"frame":47,"values":[0.9962,0.0127,-0.0863,0,-0.0032,0.9941,0.1085,0,0.0872,-0.1078,0.9903,0,-0.0009,22.835,-2.8254,1]},
{"frame":48,"values":[0.9965,0.0182,-0.0816,0,-0.0097,0.9946,0.1034,0,0.083,-0.1023,0.9913,0,-0.0009,22.835,-2.8254,1]},
{"frame":49,"values":[0.9968,0.0237,-0.0765,0,-0.0161,0.995,0.0981,0,0.0785,-0.0965,0.9922,0,-0.0009,22.835,-2.8254,1]},
{"frame":50,"values":[0.997,0.0287,-0.0717,0,-0.022,0.9954,0.093,0,0.074,-0.0912,0.9931,0,-0.0009,22.835,-2.8254,1]},
{"frame":51,"values":[0.9972,0.0329,-0.0677,0,-0.0268,0.9957,0.0888,0,0.0703,-0.0868,0.9937,0,-0.0009,22.835,-2.8254,1]},
{"frame":52,"values":[0.9972,0.0355,-0.0651,0,-0.0298,0.9958,0.0861,0,0.0679,-0.0839,0.9942,0,-0.0009,22.835,-2.8254,1]},
{"frame":53,"values":[0.9973,0.0367,-0.0639,0,-0.0312,0.9959,0.0849,0,0.0668,-0.0826,0.9943,0,-0.0009,22.835,-2.8254,1]}],"loopBehavior":1,"name":"anim","property":"_matrix"}},
{"name":"mixamorig:Spine2","index":3,"matrix":[0.9972,0.0364,-0.0654,0,-0.0308,0.996,0.0839,0,0.0682,-0.0816,0.9943,0,-0.0206,26.5525,-3.1933,1],"rest":[1,0,0,0,0,1,0,0,0,0,1,0,-0.0206,26.5525,-3.1933,1],"parentBoneIndex":2,"length":24.825
,"animation":{"dataType":3,"framePerSecond":24,"keys":[
{"frame":1,"values":[0.9972,0.0364,-0.0654,0,-0.0308,0.996,0.0839,0,0.0682,-0.0816,0.9943,0,-0.0206,26.5525,-3.1933,1]},
{"frame":2,"values":[0.9971,0.0367,-0.0668,0,-0.0309,0.9959,0.0854,0,0.0697,-0.0831,0.9941,0,-0.0206,26.5525,-3.1933,1]},
{"frame":3,"values":[0.997,0.0367,-0.0676,0,-0.0308,0.9958,0.0865,0,0.0705,-0.0841,0.994,0,-0.0206,26.5525,-3.1933,1]},
{"frame":4,"values":[0.997,0.0362,-0.068,0,-0.0302,0.9957,0.087,0,0.0708,-0.0847,0.9939,0,-0.0206,26.5525,-3.1933,1]},
{"frame":5,"values":[0.997,0.0356,-0.0687,0,-0.0295,0.9957,0.0873,0,0.0715,-0.085,0.9938,0,-0.0206,26.5525,-3.1933,1]},
{"frame":6,"values":[0.9969,0.0354,-0.0696,0,-0.0293,0.9957,0.0874,0,0.0724,-0.0851,0.9937,0,-0.0206,26.5525,-3.1933,1]},
{"frame":7,"values":[0.9969,0.0359,-0.0702,0,-0.0297,0.9957,0.0875,0,0.0731,-0.0851,0.9937,0,-0.0206,26.5525,-3.1933,1]},
{"frame":8,"values":[0.9969,0.0359,-0.0703,0,-0.0297,0.9957,0.088,0,0.0731,-0.0857,0.9936,0,-0.0206,26.5525,-3.1933,1]},
{"frame":9,"values":[0.997,0.0334,-0.0697,0,-0.0271,0.9956,0.0897,0,0.0724,-0.0876,0.9935,0,-0.0206,26.5525,-3.1933,1]},
{"frame":10,"values":[0.9973,0.0279,-0.0686,0,-0.0214,0.9954,0.0932,0,0.0709,-0.0915,0.9933,0,-0.0206,26.5525,-3.1933,1]},
{"frame":11,"values":[0.9975,0.0218,-0.0668,0,-0.0151,0.995,0.0988,0,0.0686,-0.0976,0.9929,0,-0.0206,26.5525,-3.1933,1]},
{"frame":12,"values":[0.9978,0.0189,-0.0642,0,-0.0121,0.9944,0.1047,0,0.0659,-0.1036,0.9924,0,-0.0206,26.5525,-3.1933,1]},
{"frame":13,"values":[0.9979,0.0207,-0.0613,0,-0.0141,0.9943,0.106,0,0.0632,-0.1049,0.9925,0,-0.0206,26.5525,-3.1933,1]},
{"frame":14,"values":[0.998,0.0255,-0.0587,0,-0.0197,0.995,0.0977,0,0.0609,-0.0964,0.9935,0,-0.0206,26.5525,-3.1933,1]},
{"frame":15,"values":[0.9979,0.0298,-0.0567,0,-0.0252,0.9965,0.0803,0,0.0589,-0.0787,0.9952,0,-0.0206,26.5525,-3.1933,1]},
{"frame":16,"values":[0.998,0.0303,-0.0555,0,-0.0269,0.9977,0.0618,0,0.0572,-0.0602,0.9965,0,-0.0206,26.5525,-3.1933,1]},
{"frame":17,"values":[0.9981,0.0246,-0.0562,0,-0.0216,0.9983,0.0534,0,0.0574,-0.0521,0.997,0,-0.0206,26.5525,-3.1933,1]},
{"frame":18,"values":[0.9981,0.0132,-0.0606,0,-0.0096,0.9982,0.0598,0,0.0612,-0.0591,0.9964,0,-0.0206,26.5525,-3.1933,1]},
{"frame":19,"values":[0.9977,-0.001,-0.0672,0,0.0063,0.997,0.0777,0,0.067,-0.078,0.9947,0,-0.0206,26.5525,-3.1933,1]},
{"frame":20,"values":[0.9973,-0.015,-0.0715,0,0.0222,0.9945,0.1023,0,0.0696,-0.1036,0.9922,0,-0.0206,26.5525,-3.1933,1]},
{"frame":21,"values":[0.9971,-0.0287,-0.0703,0,0.0379,0.9903,0.1338,0,0.0658,-0.1361,0.9885,0,-0.0206,26.5525,-3.1933,1]},
{"frame":22,"values":[0.9967,-0.0454,-0.067,0,0.0564,0.9832,0.1736,0,0.058,-0.1768,0.9825,0,-0.0206,26.5525,-3.1933,1]},
{"frame":23,"values":[0.9955,-0.0665,-0.0669,0,0.0797,0.9725,0.2189,0,0.0505,-0.2232,0.9735,0,-0.0206,26.5525,-3.1933,1]},
{"frame":24,"values":[0.9934,-0.0884,-0.0725,0,0.1045,0.9592,0.2626,0,0.0463,-0.2685,0.9622,0,-0.0206,26.5525,-3.1933,1]},
{"frame":25,"values":[0.991,-0.1054,-0.0822,0,0.1254,0.9462,0.2983,0,0.0464,-0.306,0.9509,0,-0.0206,26.5525,-3.1933,1]},
{"frame":26,"values":[0.9889,-0.1148,-0.0939,0,0.1393,0.936,0.3231,0,0.0508,-0.3327,0.9417,0,-0.0206,26.5525,-3.1933,1]},
{"frame":27,"values":[0.9875,-0.1151,-0.1074,0,0.1448,0.9314,0.334,0,0.0616,-0.3454,0.9364,0,-0.0206,26.5525,-3.1933,1]},
{"frame":28,"values":[0.9866,-0.1069,-0.1232,0,0.1423,0.9333,0.3297,0,0.0797,-0.3428,0.936,0,-0.0206,26.5525,-3.1933,1]},
{"frame":29,"values":[0.9858,-0.0928,-0.1399,0,0.1324,0.9421,0.3081,0,0.1032,-0.3222,0.941,0,-0.0206,26.5525,-3.1933,1]},
{"frame":30,"values":[0.9849,-0.08,-0.1538,0,0.1203,0.9541,0.2742,0,0.1248,-0.2885,0.9493,0,-0.0206,26.5525,-3.1933,1]},
{"frame":31,"values":[0.9845,-0.0753,-0.1584,0,0.1119,0.9651,0.2367,0,0.135,-0.2508,0.9586,0,-0.0206,26.5525,-3.1933,1]},
{"frame":32,"values":[0.9859,-0.0753,-0.1495,0,0.105,0.9738,0.2019,0,0.1304,-0.2147,0.9679,0,-0.0206,26.5525,-3.1933,1]},
{"frame":33,"values":[0.9893,-0.0676,-0.1295,0,0.089,0.9819,0.1671,0,0.1158,-0.1768,0.9774,0,-0.0206,26.5525,-3.1933,1]},
{"frame":34,"values":[0.993,-0.0478,-0.1078,0,0.062,0.9892,0.1326,0,0.1003,-0.1384,0.9853,0,-0.0206,26.5525,-3.1933,1]},
{"frame":35,"values":[0.9956,-0.0232,-0.0904,0,0.033,0.9936,0.1079,0,0.0873,-0.1104,0.9901,0,-0.0206,26.5525,-3.1933,1]},
{"frame":36,"values":[0.9971,-0.0045,-0.0765,0,0.0123,0.9948,0.1013,0,0.0757,-0.1019,0.9919,0,-0.0206,26.5525,-3.1933,1]},
{"frame":37,"values":[0.9977,0.0062,-0.0673,0,0.0012,0.9941,0.1086,0,0.0676,-0.1084,0.9918,0,-0.0206,26.5525,-3.1933,1]},
{"frame":38,"values":[0.9978,0.0119,-0.0658,0,-0.0042,0.9933,0.1152,0,0.0667,-0.1147,0.9912,0,-0.0206,26.5525,-3.1933,1]},
{"frame":39,"values":[0.9975,0.0134,-0.0699,0,-0.0054,0.9936,0.1128,0,0.0709,-0.1121,0.9912,0,-0.0206,26.5525,-3.1933,1]},
{"frame":40,"values":[0.9972,0.0097,-0.0745,0,-0.0017,0.9943,0.1069,0,0.0751,-0.1065,0.9915,0,-0.0206,26.5525,-3.1933,1]},
{"frame":41,"values":[0.9969,0.0027,-0.0791,0,0.0058,0.9942,0.1071,0,0.079,-0.1073,0.9911,0,-0.0206,26.5525,-3.1933,1]},
{"frame":42,"values":[0.9963,-0.0027,-0.0858,0,0.0124,0.9935,0.1133,0,0.0849,-0.114,0.9898,0,-0.0206,26.5525,-3.1933,1]},
{"frame":43,"values":[0.9957,-0.0036,-0.0921,0,0.0145,0.9929,0.1183,0,0.091,-0.1191,0.9887,0,-0.0206,26.5525,-3.1933,1]},
{"frame":44,"values":[0.9955,-0.0011,-0.0947,0,0.0123,0.9929,0.1185,0,0.0939,-0.1191,0.9884,0,-0.0206,26.5525,-3.1933,1]},
{"frame":45,"values":[0.9956,0.0027,-0.0936,0,0.0082,0.9932,0.1159,0,0.0933,-0.1161,0.9888,0,-0.0206,26.5525,-3.1933,1]},
{"frame":46,"values":[0.9958,0.0072,-0.0908,0,0.003,0.9937,0.1123,0,0.091,-0.1121,0.9895,0,-0.0206,26.5525,-3.1933,1]},
{"frame":47,"values":[0.9961,0.0124,-0.0871,0,-0.0029,0.9942,0.108,0,0.0879,-0.1073,0.9903,0,-0.0206,26.5525,-3.1933,1]},
{"frame":48,"values":[0.9964,0.0179,-0.0825,0,-0.0094,0.9947,0.1028,0,0.0839,-0.1016,0.9913,0,-0.0206,26.5525,-3.1933,1]},
{"frame":49,"values":[0.9967,0.0234,-0.0776,0,-0.0158,0.9951,0.0973,0,0.0795,-0.0958,0.9922,0,-0.0206,26.5525,-3.1933,1]},
{"frame":50,"values":[0.9969,0.0285,-0.0729,0,-0.0217,0.9955,0.0922,0,0.0752,-0.0903,0.9931,0,-0.0206,26.5525,-3.1933,1]},
{"frame":51,"values":[0.9971,0.0326,-0.0691,0,-0.0264,0.9958,0.0879,0,0.0716,-0.0858,0.9937,0,-0.0206,26.5525,-3.1933,1]},
{"frame":52,"values":[0.9972,0.0352,-0.0666,0,-0.0295,0.9959,0.0851,0,0.0693,-0.0829,0.9941,0,-0.0206,26.5525,-3.1933,1]},
{"frame":53,"values":[0.9972,0.0364,-0.0654,0,-0.0308,0.996,0.0839,0,0.0682,-0.0816,0.9943,0,-0.0206,26.5525,-3.1933,1]}],"loopBehavior":1,"name":"anim","property":"_matrix"}},
{"name":"mixamorig:Neck","index":4,"matrix":[0.9986,0.0151,-0.0498,0,-0.016,0.9997,-0.0183,0,0.0495,0.019,0.9986,0,-0.06,30.7018,1.3522,1],"rest":[1,0,0,0,0,1,0,0,0,0,1,0,-0.06,30.7018,1.3522,1],"parentBoneIndex":3,"length":22.8446
,"animation":{"dataType":3,"framePerSecond":24,"keys":[
{"frame":1,"values":[0.9986,0.0151,-0.0498,0,-0.016,0.9997,-0.0183,0,0.0495,0.019,0.9986,0,-0.06,30.7018,1.3522,1]},
{"frame":2,"values":[0.9986,0.0154,-0.0499,0,-0.0163,0.9997,-0.019,0,0.0496,0.0198,0.9986,0,-0.06,30.7018,1.3522,1]},
{"frame":3,"values":[0.9986,0.0161,-0.0501,0,-0.0171,0.9997,-0.0199,0,0.0498,0.0207,0.9985,0,-0.06,30.7019,1.3522,1]},
{"frame":4,"values":[0.9986,0.0172,-0.0503,0,-0.0183,0.9996,-0.0204,0,0.0499,0.0213,0.9985,0,-0.06,30.7018,1.3522,1]},
{"frame":5,"values":[0.9986,0.0182,-0.0505,0,-0.0193,0.9996,-0.02,0,0.0502,0.0209,0.9985,0,-0.06,30.7018,1.3522,1]},
{"frame":6,"values":[0.9985,0.0175,-0.0513,0,-0.0185,0.9997,-0.0184,0,0.051,0.0193,0.9985,0,-0.06,30.7018,1.3522,1]},
{"frame":7,"values":[0.9985,0.0137,-0.0534,0,-0.0145,0.9998,-0.0153,0,0.0532,0.0161,0.9985,0,-0.06,30.7018,1.3522,1]},
{"frame":8,"values":[0.9983,0.0067,-0.0573,0,-0.0073,0.9999,-0.0097,0,0.0572,0.0101,0.9983,0,-0.06,30.7018,1.3522,1]},
{"frame":9,"values":[0.998,-0.0015,-0.0628,0,0.0015,1,-0.0007,0,0.0628,0.0006,0.998,0,-0.06,30.7018,1.3522,1]},
{"frame":10,"values":[0.9976,-0.0095,-0.0689,0,0.0102,0.9999,0.0107,0,0.0688,-0.0114,0.9976,0,-0.06,30.7018,1.3522,1]},
{"frame":11,"values":[0.9971,-0.0165,-0.074,0,0.0182,0.9996,0.0222,0,0.0736,-0.0235,0.997,0,-0.06,30.7018,1.3522,1]},
{"frame":12,"values":[0.9968,-0.0224,-0.0774,0,0.0249,0.9992,0.0317,0,0.0766,-0.0336,0.9965,0,-0.06,30.7018,1.3522,1]},
{"frame":13,"values":[0.9964,-0.0278,-0.08,0,0.031,0.9987,0.0394,0,0.0788,-0.0418,0.996,0,-0.06,30.7018,1.3522,1]},
{"frame":14,"values":[0.9959,-0.0344,-0.0836,0,0.0383,0.9982,0.0461,0,0.0818,-0.0492,0.9954,0,-0.06,30.7018,1.3522,1]},
{"frame":15,"values":[0.9952,-0.0432,-0.088,0,0.0479,0.9975,0.0517,0,0.0856,-0.0557,0.9948,0,-0.06,30.7018,1.3522,1]},
{"frame":16,"values":[0.9944,-0.0532,-0.0917,0,0.0584,0.9968,0.0549,0,0.0885,-0.06,0.9943,0,-0.06,30.7018,1.3522,1]},
{"frame":17,"values":[0.9936,-0.0632,-0.0939,0,0.0684,0.9962,0.0535,0,0.0902,-0.0596,0.9941,0,-0.06,30.7018,1.3522,1]},
{"frame":18,"values":[0.9927,-0.0734,-0.0955,0,0.078,0.9959,0.0454,0,0.0918,-0.0525,0.9944,0,-0.06,30.7018,1.3522,1]},
{"frame":19,"values":[0.9919,-0.0829,-0.0966,0,0.0862,0.9958,0.0305,0,0.0937,-0.0386,0.9949,0,-0.06,30.7018,1.3522,1]},
{"frame":20,"values":[0.9914,-0.0884,-0.0966,0,0.0899,0.9959,0.0113,0,0.0953,-0.0199,0.9953,0,-0.06,30.7018,1.3522,1]},
{"frame":21,"values":[0.9916,-0.0869,-0.0958,0,0.0864,0.9962,-0.0101,0,0.0963,0.0017,0.9954,0,-0.06,30.7018,1.3522,1]},
{"frame":22,"values":[0.9924,-0.0788,-0.095,0,0.076,0.9966,-0.0321,0,0.0972,0.0246,0.995,0,-0.06,30.7018,1.3522,1]},
{"frame":23,"values":[0.9932,-0.0669,-0.095,0,0.0621,0.9967,-0.0524,0,0.0982,0.0462,0.9941,0,-0.06,30.7018,1.3522,1]},
{"frame":24,"values":[0.9938,-0.0563,-0.0954,0,0.0501,0.9965,-0.0662,0,0.0988,0.061,0.9932,0,-0.06,30.7018,1.3522,1]},
{"frame":25,"values":[0.9941,-0.0501,-0.0959,0,0.0437,0.9967,-0.0681,0,0.099,0.0635,0.9931,0,-0.06,30.7018,1.3522,1]},
{"frame":26,"values":[0.9943,-0.0464,-0.0962,0,0.041,0.9975,-0.057,0,0.0987,0.0528,0.9937,0,-0.06,30.7018,1.3522,1]},
{"frame":27,"values":[0.9945,-0.0432,-0.0958,0,0.0399,0.9985,-0.0363,0,0.0972,0.0323,0.9947,0,-0.06,30.7018,1.3522,1]},
{"frame":28,"values":[0.9946,-0.042,-0.0946,0,0.0409,0.9991,-0.0137,0,0.0951,0.0098,0.9954,0,-0.06,30.7018,1.3522,1]},
{"frame":29,"values":[0.9946,-0.0447,-0.0937,0,0.0455,0.9989,0.0064,0,0.0933,-0.0107,0.9956,0,-0.06,30.7019,1.3522,1]},
{"frame":30,"values":[0.9945,-0.0478,-0.0932,0,0.0504,0.9984,0.0266,0,0.0918,-0.0312,0.9953,0,-0.06,30.7018,1.3522,1]},
{"frame":31,"values":[0.9947,-0.0458,-0.0917,0,0.0504,0.9975,0.0493,0,0.0892,-0.0536,0.9946,0,-0.06,30.7018,1.3522,1]},
{"frame":32,"values":[0.9953,-0.0402,-0.0884,0,0.0464,0.9965,0.07,0,0.0853,-0.0738,0.9936,0,-0.06,30.7018,1.3522,1]},
{"frame":33,"values":[0.9957,-0.0366,-0.0853,0,0.0435,0.9958,0.0811,0,0.082,-0.0844,0.9931,0,-0.06,30.7018,1.3522,1]},
{"frame":34,"values":[0.9957,-0.0363,-0.0847,0,0.0431,0.9959,0.0798,0,0.0814,-0.0831,0.9932,0,-0.06,30.7018,1.3522,1]},
{"frame":35,"values":[0.9957,-0.0346,-0.086,0,0.0404,0.9969,0.0672,0,0.0834,-0.0704,0.994,0,-0.06,30.7019,1.3522,1]},
{"frame":36,"values":[0.9959,-0.0286,-0.0864,0,0.0329,0.9983,0.048,0,0.0848,-0.0507,0.9951,0,-0.06,30.7018,1.3522,1]},
{"frame":37,"values":[0.9963,-0.0204,-0.0839,0,0.0228,0.9993,0.0286,0,0.0833,-0.0304,0.9961,0,-0.06,30.7018,1.3522,1]},
{"frame":38,"values":[0.9968,-0.0117,-0.0792,0,0.0128,0.9998,0.0135,0,0.0791,-0.0144,0.9968,0,-0.06,30.7018,1.3522,1]},
{"frame":39,"values":[0.9972,-0.0024,-0.0745,0,0.0025,1,0.0014,0,0.0745,-0.0016,0.9972,0,-0.06,30.7019,1.3522,1]},
{"frame":40,"values":[0.9974,0.0057,-0.0714,0,-0.0065,0.9999,-0.0117,0,0.0714,0.0121,0.9974,0,-0.06,30.7018,1.3522,1]},
{"frame":41,"values":[0.9975,0.0093,-0.0702,0,-0.0112,0.9996,-0.0258,0,0.0699,0.0265,0.9972,0,-0.06,30.7018,1.3522,1]},
{"frame":42,"values":[0.9975,0.0086,-0.0697,0,-0.0112,0.9993,-0.0363,0,0.0693,0.037,0.9969,0,-0.06,30.7018,1.3522,1]},
{"frame":43,"values":[0.9976,0.0071,-0.0688,0,-0.0099,0.9991,-0.0405,0,0.0684,0.041,0.9968,0,-0.06,30.7018,1.3522,1]},
{"frame":44,"values":[0.9977,0.007,-0.0671,0,-0.0097,0.9991,-0.0404,0,0.0668,0.0409,0.9969,0,-0.06,30.7018,1.3522,1]},
{"frame":45,"values":[0.9979,0.0077,-0.065,0,-0.0102,0.9992,-0.039,0,0.0646,0.0396,0.9971,0,-0.06,30.7018,1.3522,1]},
{"frame":46,"values":[0.998,0.0086,-0.0626,0,-0.0109,0.9993,-0.037,0,0.0622,0.0376,0.9974,0,-0.06,30.7018,1.3522,1]},
{"frame":47,"values":[0.9981,0.0096,-0.0601,0,-0.0117,0.9993,-0.0341,0,0.0597,0.0348,0.9976,0,-0.06,30.7018,1.3522,1]},
{"frame":48,"values":[0.9983,0.0108,-0.0576,0,-0.0126,0.9995,-0.0307,0,0.0572,0.0313,0.9979,0,-0.06,30.7018,1.3522,1]},
{"frame":49,"values":[0.9984,0.0121,-0.0552,0,-0.0136,0.9995,-0.0271,0,0.0548,0.0278,0.9981,0,-0.06,30.7018,1.3522,1]},
{"frame":50,"values":[0.9985,0.0133,-0.053,0,-0.0145,0.9996,-0.0237,0,0.0527,0.0244,0.9983,0,-0.06,30.7018,1.3522,1]},
{"frame":51,"values":[0.9986,0.0142,-0.0513,0,-0.0153,0.9997,-0.0209,0,0.051,0.0217,0.9985,0,-0.06,30.7018,1.3522,1]},
{"frame":52,"values":[0.9986,0.0148,-0.0503,0,-0.0158,0.9997,-0.0191,0,0.05,0.0199,0.9986,0,-0.06,30.7018,1.3522,1]},
{"frame":53,"values":[0.9986,0.0151,-0.0498,0,-0.016,0.9997,-0.0183,0,0.0495,0.019,0.9986,0,-0.06,30.7018,1.3522,1]}],"loopBehavior":1,"name":"anim","property":"_matrix"}},
{"name":"mixamorig:Head","index":5,"matrix":[0.9322,-0.1938,-0.3057,0,0.2128,0.9766,0.0297,0,0.2928,-0.0928,0.9517,0,-0.0872,22.5477,3.6709,1],"rest":[1,0,0,0,0,1,0,0,0,0,1,0,-0.0872,22.5476,3.6709,1],"parentBoneIndex":4,"length":30.5923
,"animation":{"dataType":3,"framePerSecond":24,"keys":[
{"frame":1,"values":[0.9322,-0.1938,-0.3057,0,0.2128,0.9766,0.0297,0,0.2928,-0.0928,0.9517,0,-0.0872,22.5477,3.6709,1]},
{"frame":2,"values":[0.932,-0.1934,-0.3066,0,0.2127,0.9766,0.0306,0,0.2935,-0.0938,0.9514,0,-0.0872,22.5476,3.6709,1]},
{"frame":3,"values":[0.9316,-0.1928,-0.3082,0,0.2129,0.9765,0.0328,0,0.2946,-0.0961,0.9508,0,-0.0872,22.5476,3.6709,1]},
{"frame":4,"values":[0.9309,-0.1923,-0.3106,0,0.2135,0.9763,0.0355,0,0.2964,-0.0993,0.9499,0,-0.0872,22.5476,3.6709,1]},
{"frame":5,"values":[0.9299,-0.1921,-0.3136,0,0.2144,0.976,0.0381,0,0.2987,-0.1026,0.9488,0,-0.0872,22.5476,3.6709,1]},
{"frame":6,"values":[0.9287,-0.1919,-0.3174,0,0.2159,0.9755,0.0419,0,0.3015,-0.1075,0.9474,0,-0.0872,22.5476,3.6709,1]},
{"frame":7,"values":[0.9265,-0.1915,-0.3239,0,0.2187,0.9745,0.0495,0,0.3061,-0.1167,0.9448,0,-0.0872,22.5476,3.6709,1]},
{"frame":8,"values":[0.9221,-0.1912,-0.3365,0,0.2243,0.9725,0.062,0,0.3154,-0.1327,0.9396,0,-0.0872,22.5477,3.6709,1]},
{"frame":9,"values":[0.9147,-0.1914,-0.356,0,0.2331,0.9693,0.0777,0,0.3302,-0.1541,0.9312,0,-0.0872,22.5476,3.6709,1]},
{"frame":10,"values":[0.9054,-0.1919,-0.3787,0,0.2441,0.9651,0.0945,0,0.3474,-0.178,0.9207,0,-0.0872,22.5476,3.6709,1]},
{"frame":11,"values":[0.897,-0.1926,-0.3978,0,0.2557,0.9603,0.1118,0,0.3604,-0.202,0.9107,0,-0.0872,22.5476,3.6709,1]},
{"frame":12,"values":[0.8916,-0.1929,-0.4097,0,0.2664,0.9551,0.1299,0,0.3663,-0.2249,0.9029,0,-0.0872,22.5476,3.6709,1]},
{"frame":13,"values":[0.8883,-0.1912,-0.4176,0,0.274,0.9503,0.1476,0,0.3687,-0.2455,0.8965,0,-0.0872,22.5476,3.6709,1]},
{"frame":14,"values":[0.8856,-0.1865,-0.4254,0,0.2769,0.9473,0.1612,0,0.3729,-0.2606,0.8905,0,-0.0872,22.5476,3.6709,1]},
{"frame":15,"values":[0.8831,-0.1823,-0.4324,0,0.2764,0.9467,0.1654,0,0.3792,-0.2656,0.8864,0,-0.0872,22.5475,3.6709,1]},
{"frame":16,"values":[0.8808,-0.1856,-0.4356,0,0.2768,0.9483,0.1555,0,0.3842,-0.2575,0.8866,0,-0.0872,22.5476,3.6709,1]},
{"frame":17,"values":[0.8782,-0.2,-0.4344,0,0.2816,0.9504,0.1319,0,0.3865,-0.2381,0.891,0,-0.0872,22.5476,3.6709,1]},
{"frame":18,"values":[0.8755,-0.2208,-0.4298,0,0.2901,0.9515,0.1021,0,0.3864,-0.2141,0.8971,0,-0.0872,22.5476,3.6709,1]},
{"frame":19,"values":[0.874,-0.2396,-0.4227,0,0.2976,0.9517,0.0757,0,0.3842,-0.192,0.9031,0,-0.0872,22.5476,3.6709,1]},
{"frame":20,"values":[0.8746,-0.251,-0.4149,0,0.3,0.9523,0.0565,0,0.3809,-0.1739,0.9081,0,-0.0872,22.5476,3.6709,1]},
{"frame":21,"values":[0.8758,-0.2537,-0.4107,0,0.2959,0.9543,0.0415,0,0.3814,-0.1579,0.9108,0,-0.0872,22.5476,3.6709,1]},
{"frame":22,"values":[0.8757,-0.2499,-0.4132,0,0.2851,0.9582,0.0246,0,0.3897,-0.1393,0.9103,0,-0.0872,22.5476,3.6709,1]},
{"frame":23,"values":[0.8744,-0.2419,-0.4207,0,0.2677,0.9635,0.0023,0,0.4048,-0.1146,0.9072,0,-0.0872,22.5476,3.6709,1]},
{"frame":24,"values":[0.873,-0.2331,-0.4285,0,0.2484,0.9684,-0.0207,0,0.4198,-0.0884,0.9033,0,-0.0872,22.5476,3.6709,1]},
{"frame":25,"values":[0.8716,-0.2258,-0.4351,0,0.2351,0.9714,-0.0332,0,0.4301,-0.0733,0.8998,0,-0.0872,22.5476,3.6709,1]},
{"frame":26,"values":[0.8705,-0.2184,-0.4411,0,0.2293,0.9729,-0.0293,0,0.4356,-0.0756,0.897,0,-0.0872,22.5476,3.6709,1]},
{"frame":27,"values":[0.872,-0.205,-0.4445,0,0.2238,0.9746,-0.0103,0,0.4353,-0.0905,0.8957,0,-0.0872,22.5476,3.6709,1]},
{"frame":28,"values":[0.8788,-0.1805,-0.4418,0,0.2117,0.9771,0.022,0,0.4277,-0.1129,0.8969,0,-0.0872,22.5476,3.6709,1]},
{"frame":29,"values":[0.8901,-0.1447,-0.4321,0,0.1959,0.9777,0.0762,0,0.4114,-0.1524,0.8986,0,-0.0872,22.5476,3.6709,1]},
{"frame":30,"values":[0.9017,-0.1076,-0.4188,0,0.185,0.9714,0.1487,0,0.3908,-0.2116,0.8958,0,-0.0872,22.5476,3.6709,1]},
{"frame":31,"values":[0.9096,-0.081,-0.4074,0,0.1827,0.9589,0.2172,0,0.3731,-0.272,0.887,0,-0.0872,22.5476,3.6709,1]},
{"frame":32,"values":[0.9128,-0.0701,-0.4024,0,0.1865,0.948,0.2579,0,0.3634,-0.3104,0.8784,0,-0.0872,22.5477,3.6709,1]},
{"frame":33,"values":[0.9112,-0.0738,-0.4052,0,0.1938,0.945,0.2636,0,0.3635,-0.3187,0.8754,0,-0.0872,22.5476,3.6709,1]},
{"frame":34,"values":[0.9065,-0.0851,-0.4135,0,0.1999,0.9493,0.2428,0,0.3719,-0.3028,0.8775,0,-0.0872,22.5477,3.6709,1]},
{"frame":35,"values":[0.9018,-0.0963,-0.4214,0,0.1973,0.9591,0.2031,0,0.3846,-0.2663,0.8839,0,-0.0872,22.5476,3.6709,1]},
{"frame":36,"values":[0.9009,-0.1036,-0.4215,0,0.1842,0.9706,0.1552,0,0.393,-0.2174,0.8935,0,-0.0872,22.5476,3.6709,1]},
{"frame":37,"values":[0.9048,-0.1081,-0.412,0,0.167,0.9798,0.1097,0,0.3918,-0.168,0.9046,0,-0.0872,22.5476,3.6709,1]},
{"frame":38,"values":[0.9103,-0.1124,-0.3984,0,0.153,0.9856,0.0715,0,0.3846,-0.126,0.9144,0,-0.0872,22.5476,3.6709,1]},
{"frame":39,"values":[0.9145,-0.1172,-0.3874,0,0.1429,0.989,0.0383,0,0.3786,-0.0903,0.9211,0,-0.0872,22.5476,3.6709,1]},
{"frame":40,"values":[0.9169,-0.1217,-0.3801,0,0.1337,0.991,0.0051,0,0.3761,-0.0555,0.9249,0,-0.0872,22.5476,3.6709,1]},
{"frame":41,"values":[0.9187,-0.1273,-0.374,0,0.1259,0.9916,-0.0283,0,0.3745,-0.0211,0.927,0,-0.0872,22.5476,3.6709,1]},
