{"producer":{"name":"Blender","version":"2.90.0","exporter_version":"2.80.1","file":"fight_punch1_2.babylon"},
"autoClear":true,"clearColor":[0.0509,0.0509,0.0509],"gravity":[0,-9.81,0],
"materials":[{"name":"Material","id":"Material","customType":"BABYLON.PBRMaterial","backFaceCulling":true,"checkReadyOnlyOnce":false,"maxSimultaneousLights":4,"environmentIntensity":1,"albedo":[0.8,0.8,0.8],"reflectivity":[0.5,0.5,0.5],"roughness":0.4,"alpha":1,"transparencyMode":0,"alphaCutOff":0.4,"metallic":0}],
"multiMaterials":[],
"skeletons":[{"name":"Armature","id":0,"dimensionsAtRest":[379.1952,391.6652,55.677],"bones":[
{"name":"mixamorig:Hips","index":0,"matrix":[0.8192,0.016,-0.5732,0,-0.0138,0.9999,0.0082,0,-0.5733,-0.0012,-0.8194,0,-0.3552,185.2813,-0.3476,1],"rest":[1,0,0,0,0,1,0,0,0,0,-1,0,0,201.6394,0,1],"parentBoneIndex":-1,"length":21.6784
,"animation":{"dataType":3,"framePerSecond":24,"keys":[
{"frame":1,"values":[0.8192,0.016,-0.5732,0,-0.0138,0.9999,0.0082,0,-0.5733,-0.0012,-0.8194,0,-0.3552,185.2813,-0.3476,1]},
{"frame":2,"values":[0.8214,0.017,-0.5701,0,-0.0126,0.9999,0.0117,0,-0.5702,0.0024,-0.8215,0,0.7259,184.2245,-2.4837,1]},
{"frame":3,"values":[0.8195,0.0223,-0.5726,0,-0.0107,0.9997,0.0236,0,-0.5729,0.0132,-0.8195,0,1.995,182.4864,-5.0755,1]},
{"frame":4,"values":[0.8073,0.0341,-0.5891,0,-0.012,0.9991,0.0415,0,-0.59,0.0264,-0.807,0,3.2889,180.1259,-8.7091,1]},
{"frame":5,"values":[0.778,0.0511,-0.6262,0,-0.0215,0.9983,0.0547,0,-0.6279,0.0291,-0.7778,0,4.4307,177.8179,-13.855,1]},
{"frame":6,"values":[0.7298,0.0712,-0.68,0,-0.042,0.9974,0.0593,0,-0.6824,0.0148,-0.7308,0,6.0458,176.0811,-19.9351,1]},
{"frame":7,"values":[0.6677,0.0823,-0.7399,0,-0.0623,0.9966,0.0546,0,-0.7419,-0.0097,-0.6705,0,8.1162,174.6388,-26.4359,1]},
{"frame":8,"values":[0.6136,0.058,-0.7875,0,-0.062,0.9978,0.0252,0,-0.7872,-0.0333,-0.6158,0,10.4341,172.9774,-33.528,1]},
{"frame":9,"values":[0.6048,0.0004,-0.7964,0,-0.0394,0.9988,-0.0295,0,-0.7954,-0.0492,-0.6041,0,12.8527,170.6722,-41.9536,1]},
{"frame":10,"values":[0.6709,-0.0535,-0.7396,0,-0.0071,0.9969,-0.0786,0,-0.7415,-0.0579,-0.6684,0,15.1969,168.7182,-51.6532,1]},
{"frame":11,"values":[0.7879,-0.0701,-0.6119,0,0.0172,0.9956,-0.0919,0,-0.6156,-0.0618,-0.7856,0,16.8291,167.998,-61.265,1]},
{"frame":12,"values":[0.9065,-0.0478,-0.4195,0,0.0179,0.997,-0.0749,0,-0.4218,-0.0604,-0.9047,0,17.1747,167.7624,-69.8237,1]},
{"frame":13,"values":[0.9781,-0.0127,-0.2076,0,0.0016,0.9986,-0.0536,0,-0.208,-0.0521,-0.9767,0,16.8569,168.0304,-76.7757,1]},
{"frame":14,"values":[0.9986,0.0192,-0.0483,0,-0.0212,0.9989,-0.0413,0,-0.0475,-0.0423,-0.998,0,16.5298,168.8921,-81.6217,1]},
{"frame":15,"values":[0.9977,0.0556,0.0389,0,-0.0537,0.9974,-0.0489,0,0.0415,-0.0467,-0.998,0,15.8829,170.3774,-85.1767,1]},
{"frame":16,"values":[0.9902,0.0924,0.1051,0,-0.0849,0.9936,-0.0745,0,0.1113,-0.0648,-0.9917,0,14.4362,172.0071,-88.7909,1]},
{"frame":17,"values":[0.9791,0.1008,0.1765,0,-0.0857,0.9921,-0.0913,0,0.1843,-0.0743,-0.9801,0,12.3633,173.1811,-92.2544,1]},
{"frame":18,"values":[0.9784,0.071,0.1941,0,-0.055,0.9947,-0.0868,0,0.1993,-0.0743,-0.9771,0,10.4182,174.1389,-94.3993,1]},
{"frame":19,"values":[0.9916,0.0252,0.127,0,-0.0149,0.9966,-0.0807,0,0.1286,-0.0781,-0.9886,0,9.2747,175.203,-95.0811,1]},
{"frame":20,"values":[0.9997,-0.0242,0.0005,0,0.0242,0.9969,-0.0749,0,-0.0013,-0.0749,-0.9972,0,9.0836,175.7518,-94.1993,1]},
{"frame":21,"values":[0.9868,-0.0709,-0.1456,0,0.0627,0.9962,-0.0604,0,-0.1494,-0.0505,-0.9875,0,9.7042,175.4611,-91.5864,1]},
{"frame":22,"values":[0.9489,-0.0981,-0.3,0,0.09,0.9951,-0.0408,0,-0.3025,-0.0117,-0.9531,0,10.8989,174.56,-87.9008,1]},
{"frame":23,"values":[0.8948,-0.0958,-0.436,0,0.0976,0.9951,-0.0183,0,-0.4356,0.0262,-0.8998,0,11.6653,173.209,-83.9253,1]},
{"frame":24,"values":[0.8534,-0.0764,-0.5155,0,0.0927,0.9957,0.006,0,-0.5129,0.0529,-0.8568,0,10.5296,171.8532,-79.49,1]},
{"frame":25,"values":[0.8408,-0.0529,-0.5388,0,0.0785,0.9966,0.0247,0,-0.5357,0.0631,-0.8421,0,7.1896,171.2625,-74.012,1]},
{"frame":26,"values":[0.8515,-0.0235,-0.5238,0,0.0493,0.9982,0.0354,0,-0.522,0.056,-0.8511,0,2.8105,171.7489,-67.5112,1]},
{"frame":27,"values":[0.8721,0.0093,-0.4892,0,0.0128,0.999,0.0419,0,-0.4892,0.0428,-0.8711,0,-0.9871,172.8033,-60.5374,1]},
{"frame":28,"values":[0.8955,0.0395,-0.4434,0,-0.0205,0.9987,0.0476,0,-0.4447,0.0336,-0.8951,0,-3.3705,174.4655,-53.4608,1]},
{"frame":29,"values":[0.9108,0.0568,-0.409,0,-0.0393,0.9979,0.0511,0,-0.411,0.0305,-0.9111,0,-4.3756,177.3078,-46.744,1]},
{"frame":30,"values":[0.9074,0.0519,-0.4169,0,-0.0381,0.9984,0.0414,0,-0.4184,0.0217,-0.908,0,-4.0669,181.3514,-41.0132,1]},
{"frame":31,"values":[0.8835,0.0295,-0.4675,0,-0.028,0.9996,0.0101,0,-0.4676,-0.0041,-0.8839,0,-2.6768,185.9328,-36.3507,1]},
{"frame":32,"values":[0.8415,-0.0012,-0.5403,0,-0.0219,0.9991,-0.0362,0,-0.5398,-0.0423,-0.8407,0,-0.8831,189.5041,-32.4798,1]},
{"frame":33,"values":[0.7934,-0.0336,-0.6077,0,-0.0194,0.9966,-0.0805,0,-0.6083,-0.0757,-0.7901,0,0.7687,191.1009,-29.209,1]},
{"frame":34,"values":[0.7604,-0.0561,-0.647,0,-0.0187,0.994,-0.1082,0,-0.6492,-0.0944,-0.7547,0,2.3433,191.3266,-26.2246,1]},
{"frame":35,"values":[0.7573,-0.0566,-0.6506,0,-0.021,0.9936,-0.1109,0,-0.6527,-0.0976,-0.7513,0,3.6704,190.8064,-22.8899,1]},
{"frame":36,"values":[0.7813,-0.0365,-0.6231,0,-0.0255,0.9956,-0.0903,0,-0.6237,-0.0864,-0.7769,0,3.9441,189.7272,-18.8658,1]},
{"frame":37,"values":[0.809,-0.0152,-0.5877,0,-0.0288,0.9974,-0.0654,0,-0.5872,-0.0698,-0.8065,0,2.8946,188.0894,-14.431,1]},
{"frame":38,"values":[0.8261,-0.0013,-0.5635,0,-0.0298,0.9985,-0.046,0,-0.5627,-0.0547,-0.8248,0,0.9402,186.1954,-9.7741,1]},
{"frame":39,"values":[0.8347,0.0091,-0.5506,0,-0.0317,0.999,-0.0315,0,-0.5498,-0.0438,-0.8342,0,-1.1794,184.572,-4.8981,1]},
{"frame":40,"values":[0.8386,0.0151,-0.5445,0,-0.0323,0.9992,-0.022,0,-0.5438,-0.0361,-0.8384,0,-2.5898,183.8649,-0.0933,1]},
{"frame":41,"values":[0.8406,0.0211,-0.5413,0,-0.0336,0.9994,-0.0131,0,-0.5406,-0.0292,-0.8407,0,-3.2953,184.3547,4.0132,1]},
{"frame":42,"values":[0.8454,0.0306,-0.5332,0,-0.0372,0.9993,-0.0016,0,-0.5328,-0.0212,-0.846,0,-3.9742,185.4272,7.1567,1]},
{"frame":43,"values":[0.8559,0.0383,-0.5156,0,-0.0393,0.9992,0.0091,0,-0.5156,-0.0124,-0.8568,0,-4.6999,186.6821,9.34,1]},
{"frame":44,"values":[0.865,0.0415,-0.5,0,-0.0403,0.9991,0.0132,0,-0.5001,-0.0088,-0.8659,0,-4.9252,187.6717,10.5264,1]},
{"frame":45,"values":[0.8635,0.0421,-0.5026,0,-0.0432,0.999,0.0095,0,-0.5025,-0.0135,-0.8645,0,-4.7295,188.2541,10.8703,1]},
{"frame":46,"values":[0.8507,0.0377,-0.5242,0,-0.0432,0.9991,0.0017,0,-0.5238,-0.0212,-0.8516,0,-4.3199,188.3345,10.4249,1]},
{"frame":47,"values":[0.8356,0.0288,-0.5486,0,-0.0365,0.9993,-0.0031,0,-0.5481,-0.0226,-0.8361,0,-3.7141,187.9915,9.0122,1]},
{"frame":48,"values":[0.8234,0.0204,-0.5671,0,-0.0258,0.9997,-0.0015,0,-0.5669,-0.0159,-0.8236,0,-2.947,187.4921,6.7682,1]},
{"frame":49,"values":[0.8171,0.0171,-0.5762,0,-0.0178,0.9998,0.0044,0,-0.5762,-0.0066,-0.8173,0,-2.1163,186.9384,4.2526,1]},
{"frame":50,"values":[0.817,0.0162,-0.5764,0,-0.0143,0.9999,0.0079,0,-0.5765,-0.0018,-0.8171,0,-1.2405,186.097,1.8278,1]},
{"frame":51,"values":[0.8192,0.016,-0.5732,0,-0.0138,0.9999,0.0082,0,-0.5733,-0.0012,-0.8194,0,-0.3552,185.2813,-0.3476,1]}],"loopBehavior":1,"name":"anim","property":"_matrix"}},
{"name":"mixamorig:Spine","index":1,"matrix":[0.9927,0.0221,-0.1185,0,0.003,0.9782,0.2075,0,0.1205,-0.2064,0.971,0,0.0062,19.525,-2.4818,1],"rest":[1,0,0,0,0,1,0,0,0,0,1,0,0.0062,19.525,-2.4818,1],"parentBoneIndex":0,"length":23.0091
,"animation":{"dataType":3,"framePerSecond":24,"keys":[
{"frame":1,"values":[0.9927,0.0221,-0.1185,0,0.003,0.9782,0.2075,0,0.1205,-0.2064,0.971,0,0.0062,19.525,-2.4818,1]},
{"frame":2,"values":[0.9926,0.0193,-0.1198,0,0.0077,0.9752,0.2211,0,0.1211,-0.2204,0.9679,0,0.0062,19.525,-2.4818,1]},
{"frame":3,"values":[0.992,0.0205,-0.1247,0,0.0105,0.9699,0.2431,0,0.1259,-0.2425,0.962,0,0.0062,19.525,-2.4818,1]},
{"frame":4,"values":[0.9902,0.0227,-0.1378,0,0.0153,0.9632,0.2684,0,0.1388,-0.2679,0.9534,0,0.0062,19.525,-2.4818,1]},
{"frame":5,"values":[0.9877,0.0252,-0.1543,0,0.0195,0.9593,0.2818,0,0.1551,-0.2814,0.947,0,0.0062,19.525,-2.4818,1]},
{"frame":6,"values":[0.9866,0.0177,-0.1619,0,0.0295,0.9582,0.2847,0,0.1602,-0.2857,0.9448,0,0.0062,19.525,-2.4818,1]},
{"frame":7,"values":[0.9891,-0.0029,-0.147,0,0.0454,0.9569,0.2869,0,0.1398,-0.2904,0.9466,0,0.0062,19.525,-2.4818,1]},
{"frame":8,"values":[0.9956,-0.0205,-0.091,0,0.0457,0.9578,0.2838,0,0.0814,-0.2867,0.9546,0,0.0062,19.525,-2.4818,1]},
{"frame":9,"values":[0.9996,-0.0262,0.0076,0,0.0232,0.9633,0.2673,0,-0.0143,-0.267,0.9636,0,0.0062,19.525,-2.4818,1]},
{"frame":10,"values":[0.9921,-0.0435,0.1179,0,0.0118,0.9664,0.2568,0,-0.1251,-0.2533,0.9593,0,0.0062,19.525,-2.4818,1]},
{"frame":11,"values":[0.9789,-0.0972,0.1798,0,0.0439,0.9592,0.2795,0,-0.1997,-0.2657,0.9432,0,0.0062,19.525,-2.4818,1]},
{"frame":12,"values":[0.9744,-0.1641,0.1537,0,0.1069,0.9396,0.3252,0,-0.1977,-0.3004,0.9331,0,0.0062,19.525,-2.4818,1]},
{"frame":13,"values":[0.9845,-0.1668,0.0544,0,0.1356,0.9201,0.3675,0,-0.1113,-0.3544,0.9284,0,0.0062,19.525,-2.4818,1]},
{"frame":14,"values":[0.9931,-0.0691,-0.0945,0,0.1025,0.9028,0.4177,0,0.0564,-0.4245,0.9037,0,0.0062,19.525,-2.4818,1]},
{"frame":15,"values":[0.9701,0.0233,-0.2417,0,0.0901,0.8899,0.4472,0,0.2255,-0.4555,0.8612,0,0.0062,19.525,-2.4818,1]},
{"frame":16,"values":[0.9438,0.0231,-0.3297,0,0.1299,0.8914,0.4342,0,0.3039,-0.4527,0.8383,0,0.0062,19.525,-2.4818,1]},
{"frame":17,"values":[0.9404,-0.0245,-0.3391,0,0.1752,0.8896,0.4218,0,0.2913,-0.4561,0.8409,0,0.0062,19.525,-2.4818,1]},
{"frame":18,"values":[0.9509,-0.0648,-0.3025,0,0.1984,0.878,0.4355,0,0.2374,-0.4742,0.8478,0,0.0062,19.525,-2.4818,1]},
{"frame":19,"values":[0.9583,-0.1052,-0.2656,0,0.2171,0.8726,0.4376,0,0.1858,-0.477,0.859,0,0.0062,19.525,-2.4818,1]},
{"frame":20,"values":[0.9647,-0.1398,-0.2233,0,0.2256,0.876,0.4264,0,0.136,-0.4617,0.8766,0,0.0062,19.525,-2.4818,1]},
{"frame":21,"values":[0.9744,-0.1486,-0.1684,0,0.2085,0.8776,0.4317,0,0.0836,-0.4558,0.8861,0,0.0062,19.525,-2.4818,1]},
{"frame":22,"values":[0.9828,-0.1366,-0.1245,0,0.1787,0.875,0.4499,0,0.0475,-0.4643,0.8844,0,0.0062,19.525,-2.4818,1]},
{"frame":23,"values":[0.9873,-0.1172,-0.1072,0,0.1538,0.8739,0.4612,0,0.0397,-0.4718,0.8808,0,0.0062,19.525,-2.4818,1]},
{"frame":24,"values":[0.9897,-0.093,-0.1084,0,0.1327,0.8797,0.4567,0,0.0529,-0.4664,0.883,0,0.0062,19.525,-2.4818,1]},
{"frame":25,"values":[0.9905,-0.0722,-0.1173,0,0.1166,0.8925,0.4358,0,0.0732,-0.4453,0.8924,0,0.0062,19.525,-2.4818,1]},
{"frame":26,"values":[0.9902,-0.0548,-0.1286,0,0.1027,0.9094,0.4031,0,0.0949,-0.4124,0.9061,0,0.0062,19.525,-2.4818,1]},
{"frame":27,"values":[0.9913,-0.0272,-0.1291,0,0.0737,0.9257,0.3709,0,0.1094,-0.3772,0.9197,0,0.0062,19.525,-2.4818,1]},
{"frame":28,"values":[0.9939,0.0017,-0.1102,0,0.0375,0.9352,0.352,0,0.1036,-0.354,0.9295,0,0.0062,19.525,-2.4818,1]},
{"frame":29,"values":[0.9961,0.014,-0.0873,0,0.018,0.9344,0.3557,0,0.0866,-0.3559,0.9305,0,0.0062,19.525,-2.4818,1]},
{"frame":30,"values":[0.9967,0.0154,-0.0791,0,0.0149,0.9293,0.3691,0,0.0792,-0.3691,0.926,0,0.0062,19.525,-2.4818,1]},
{"frame":31,"values":[0.9962,0.0167,-0.0852,0,0.0155,0.931,0.3647,0,0.0854,-0.3646,0.9272,0,0.0062,19.525,-2.4818,1]},
{"frame":32,"values":[0.9955,0.0165,-0.0929,0,0.0154,0.9429,0.3327,0,0.0931,-0.3327,0.9384,0,0.0062,19.525,-2.4818,1]},
{"frame":33,"values":[0.9953,0.0168,-0.0959,0,0.0117,0.9571,0.2897,0,0.0966,-0.2894,0.9523,0,0.0062,19.525,-2.4818,1]},
{"frame":34,"values":[0.9956,0.02,-0.092,0,0.0044,0.9661,0.2582,0,0.094,-0.2574,0.9617,0,0.0062,19.525,-2.4818,1]},
{"frame":35,"values":[0.9963,0.015,-0.0846,0,0.0069,0.9675,0.2526,0,0.0857,-0.2523,0.9639,0,0.0062,19.525,-2.4818,1]},
{"frame":36,"values":[0.9967,0.0001,-0.081,0,0.0214,0.9642,0.2643,0,0.0782,-0.2652,0.961,0,0.0062,19.525,-2.4818,1]},
{"frame":37,"values":[0.9964,-0.0063,-0.085,0,0.029,0.9629,0.2682,0,0.0801,-0.2697,0.9596,0,0.0062,19.525,-2.4818,1]},
{"frame":38,"values":[0.9951,-0.0006,-0.0991,0,0.0266,0.9651,0.2606,0,0.0955,-0.2619,0.9604,0,0.0062,19.525,-2.4818,1]},
{"frame":39,"values":[0.9927,0.0138,-0.1195,0,0.017,0.9674,0.2527,0,0.1191,-0.2529,0.9601,0,0.0062,19.525,-2.4818,1]},
{"frame":40,"values":[0.9899,0.0435,-0.1353,0,-0.0081,0.9678,0.2516,0,0.1419,-0.2479,0.9583,0,0.0062,19.525,-2.4818,1]},
{"frame":41,"values":[0.9875,0.0692,-0.1419,0,-0.0317,0.9674,0.2514,0,0.1546,-0.2437,0.9574,0,0.0062,19.525,-2.4818,1]},
{"frame":42,"values":[0.988,0.0676,-0.1389,0,-0.0319,0.9692,0.2444,0,0.1512,-0.237,0.9597,0,0.0062,19.525,-2.4818,1]},
{"frame":43,"values":[0.9906,0.055,-0.1256,0,-0.0243,0.972,0.2339,0,0.135,-0.2286,0.9641,0,0.0062,19.525,-2.4818,1]},
{"frame":44,"values":[0.9926,0.0479,-0.1118,0,-0.0221,0.975,0.2213,0,0.1196,-0.2172,0.9688,0,0.0062,19.525,-2.4818,1]},
{"frame":45,"values":[0.9929,0.0429,-0.1113,0,-0.0192,0.9783,0.2063,0,0.1177,-0.2027,0.9721,0,0.0062,19.525,-2.4818,1]},
{"frame":46,"values":[0.9919,0.0398,-0.121,0,-0.0157,0.9808,0.1942,0,0.1264,-0.1907,0.9735,0,0.0062,19.525,-2.4818,1]},
{"frame":47,"values":[0.991,0.0427,-0.1271,0,-0.0181,0.9818,0.1888,0,0.1329,-0.1848,0.9737,0,0.0062,19.525,-2.4818,1]},
{"frame":48,"values":[0.9909,0.0486,-0.1255,0,-0.0241,0.9815,0.1899,0,0.1324,-0.1852,0.9737,0,0.0062,19.525,-2.4818,1]},
{"frame":49,"values":[0.9916,0.044,-0.1214,0,-0.0198,0.9807,0.1943,0,0.1277,-0.1902,0.9734,0,0.0062,19.525,-2.4818,1]},
{"frame":50,"values":[0.9924,0.0312,-0.1192,0,-0.0068,0.9798,0.1998,0,0.1231,-0.1974,0.9726,0,0.0062,19.525,-2.4818,1]},
{"frame":51,"values":[0.9927,0.0221,-0.1185,0,0.003,0.9782,0.2075,0,0.1205,-0.2064,0.971,0,0.0062,19.525,-2.4818,1]}],"loopBehavior":1,"name":"anim","property":"_matrix"}},
{"name":"mixamorig:Spine1","index":2,"matrix":[0.9997,-0.0148,-0.017,0,0.0154,0.9992,0.0379,0,0.0165,-0.0382,0.9991,0,-0.0009,22.835,-2.8254,1],"rest":[1,0,0,0,0,1,0,0,0,0,1,0,-0.0009,22.835,-2.8254,1],"parentBoneIndex":1,"length":26.7438
,"animation":{"dataType":3,"framePerSecond":24,"keys":[
{"frame":1,"values":[0.9997,-0.0148,-0.017,0,0.0154,0.9992,0.0379,0,0.0165,-0.0382,0.9991,0,-0.0009,22.835,-2.8254,1]},
{"frame":2,"values":[0.9998,-0.0112,-0.017,0,0.0118,0.9993,0.0356,0,0.0166,-0.0358,0.9992,0,-0.0009,22.835,-2.8254,1]},
{"frame":3,"values":[0.9998,-0.0093,-0.0175,0,0.0099,0.9994,0.0328,0,0.0172,-0.0329,0.9993,0,-0.0009,22.835,-2.8254,1]},
{"frame":4,"values":[0.9997,-0.012,-0.0194,0,0.0126,0.9994,0.0308,0,0.019,-0.031,0.9993,0,-0.0009,22.835,-2.8254,1]},
{"frame":5,"values":[0.9996,-0.0193,-0.022,0,0.02,0.9994,0.0295,0,0.0215,-0.0299,0.9993,0,-0.0009,22.835,-2.8254,1]},
{"frame":6,"values":[0.9994,-0.0267,-0.0234,0,0.0273,0.9993,0.0265,0,0.0226,-0.0271,0.9994,0,-0.0009,22.835,-2.8254,1]},
{"frame":7,"values":[0.9994,-0.0289,-0.021,0,0.0293,0.9994,0.0202,0,0.0204,-0.0208,0.9996,0,-0.0009,22.835,-2.8254,1]},
{"frame":8,"values":[0.9997,-0.0226,-0.0127,0,0.0228,0.9996,0.0152,0,0.0124,-0.0155,0.9998,0,-0.0009,22.835,-2.8254,1]},
{"frame":9,"values":[1,-0.0098,0.0013,0,0.0098,0.9998,0.0159,0,-0.0014,-0.0159,0.9999,0,-0.0009,22.835,-2.8254,1]},
{"frame":10,"values":[0.9998,0.0104,0.0176,0,-0.0107,0.9998,0.0147,0,-0.0174,-0.0149,0.9997,0,-0.0009,22.835,-2.8254,1]},
{"frame":11,"values":[0.9989,0.0375,0.0284,0,-0.0376,0.9993,0.0049,0,-0.0282,-0.006,0.9996,0,-0.0009,22.835,-2.8254,1]},
{"frame":12,"values":[0.9979,0.0583,0.0276,0,-0.0582,0.9983,-0.0055,0,-0.0279,0.0038,0.9996,0,-0.0009,22.835,-2.8254,1]},
{"frame":13,"values":[0.9984,0.0543,0.015,0,-0.0542,0.9985,-0.0068,0,-0.0153,0.006,0.9999,0,-0.0009,22.835,-2.8254,1]},
{"frame":14,"values":[0.9996,0.028,-0.0081,0,-0.028,0.9996,-0.0036,0,0.0079,0.0038,1,0,-0.0009,22.8351,-2.8254,1]},
{"frame":15,"values":[0.9995,0.0092,-0.0318,0,-0.009,0.9999,0.0052,0,0.0318,-0.0049,0.9995,0,-0.0009,22.835,-2.8254,1]},
{"frame":16,"values":[0.999,0.0101,-0.0438,0,-0.0095,0.9999,0.0136,0,0.0439,-0.0132,0.9989,0,-0.0009,22.835,-2.8254,1]},
{"frame":17,"values":[0.9989,0.0196,-0.0426,0,-0.0189,0.9997,0.0168,0,0.0429,-0.016,0.999,0,-0.0009,22.835,-2.8254,1]},
{"frame":18,"values":[0.999,0.0264,-0.0353,0,-0.0258,0.9995,0.0164,0,0.0357,-0.0155,0.9992,0,-0.0009,22.835,-2.8254,1]},
{"frame":19,"values":[0.9991,0.0322,-0.0282,0,-0.0318,0.9994,0.0168,0,0.0287,-0.0159,0.9995,0,-0.0009,22.835,-2.8254,1]},
{"frame":20,"values":[0.9992,0.034,-0.0215,0,-0.0337,0.9993,0.0154,0,0.022,-0.0147,0.9997,0,-0.0009,22.835,-2.8254,1]},
{"frame":21,"values":[0.9995,0.0273,-0.0147,0,-0.0271,0.9996,0.0077,0,0.0149,-0.0073,0.9999,0,-0.0009,22.835,-2.8254,1]},
{"frame":22,"values":[0.9998,0.0151,-0.0105,0,-0.0151,0.9999,-0.0055,0,0.0104,0.0057,0.9999,0,-0.0009,22.835,-2.8254,1]},
{"frame":23,"values":[0.9999,0.0038,-0.0098,0,-0.004,0.9999,-0.016,0,0.0097,0.016,0.9998,0,-0.0009,22.835,-2.8254,1]},
{"frame":24,"values":[0.9999,-0.0031,-0.0112,0,0.0029,0.9999,-0.0157,0,0.0112,0.0157,0.9998,0,-0.0009,22.835,-2.8254,1]},
{"frame":25,"values":[0.9999,-0.0059,-0.0132,0,0.0058,1,-0.0062,0,0.0132,0.0061,0.9999,0,-0.0009,22.835,-2.8254,1]},
{"frame":26,"values":[0.9998,-0.0099,-0.0155,0,0.01,0.9999,0.0099,0,0.0154,-0.0101,0.9998,0,-0.0009,22.835,-2.8254,1]},
{"frame":27,"values":[0.9996,-0.0213,-0.0173,0,0.0218,0.9994,0.028,0,0.0167,-0.0284,0.9995,0,-0.0009,22.835,-2.8254,1]},
{"frame":28,"values":[0.9993,-0.0338,-0.0168,0,0.0344,0.9987,0.0381,0,0.0154,-0.0386,0.9991,0,-0.0009,22.835,-2.8254,1]},
{"frame":29,"values":[0.9993,-0.0348,-0.0141,0,0.0352,0.9988,0.0344,0,0.0129,-0.0349,0.9993,0,-0.0009,22.835,-2.8254,1]},
{"frame":30,"values":[0.9996,-0.0258,-0.0122,0,0.0261,0.9993,0.0271,0,0.0115,-0.0274,0.9996,0,-0.0009,22.835,-2.8254,1]},
{"frame":31,"values":[0.9998,-0.0167,-0.0122,0,0.017,0.9995,0.0278,0,0.0118,-0.028,0.9995,0,-0.0009,22.835,-2.8254,1]},
{"frame":32,"values":[0.9999,-0.0099,-0.0129,0,0.0104,0.9993,0.0346,0,0.0126,-0.0348,0.9993,0,-0.0009,22.835,-2.8254,1]},
{"frame":33,"values":[0.9999,-0.0048,-0.0133,0,0.0053,0.9991,0.0411,0,0.013,-0.0411,0.9991,0,-0.0009,22.835,-2.8254,1]},
{"frame":34,"values":[0.9999,-0.0025,-0.0128,0,0.003,0.9992,0.0403,0,0.0127,-0.0404,0.9991,0,-0.0009,22.835,-2.8254,1]},
{"frame":35,"values":[0.9999,-0.0003,-0.0115,0,0.0007,0.9995,0.0301,0,0.0115,-0.0302,0.9995,0,-0.0009,22.835,-2.8254,1]},
{"frame":36,"values":[0.9999,0.0022,-0.0105,0,-0.002,0.9998,0.0196,0,0.0105,-0.0195,0.9998,0,-0.0009,22.835,-2.8254,1]},
{"frame":37,"values":[0.9999,0.0003,-0.011,0,-0.0001,0.9998,0.0176,0,0.011,-0.0176,0.9998,0,-0.0009,22.835,-2.8254,1]},
{"frame":38,"values":[0.9999,-0.0061,-0.0133,0,0.0064,0.9998,0.0207,0,0.0132,-0.0208,0.9997,0,-0.0009,22.835,-2.8254,1]},
{"frame":39,"values":[0.9997,-0.0154,-0.0169,0,0.0158,0.9996,0.0237,0,0.0165,-0.0239,0.9996,0,-0.0009,22.835,-2.8254,1]},
{"frame":40,"values":[0.9994,-0.0294,-0.0203,0,0.03,0.9992,0.0269,0,0.0195,-0.0275,0.9994,0,-0.0009,22.835,-2.8254,1]},
{"frame":41,"values":[0.9989,-0.0411,-0.0224,0,0.0418,0.9986,0.0321,0,0.0211,-0.033,0.9992,0,-0.0009,22.835,-2.8254,1]},
{"frame":42,"values":[0.9989,-0.0421,-0.0221,0,0.0429,0.9983,0.0385,0,0.0205,-0.0394,0.999,0,-0.0009,22.835,-2.8254,1]},
{"frame":43,"values":[0.9991,-0.0386,-0.0198,0,0.0394,0.9983,0.0429,0,0.0181,-0.0436,0.9989,0,-0.0009,22.835,-2.8254,1]},
{"frame":44,"values":[0.9992,-0.0367,-0.0176,0,0.0375,0.9983,0.0445,0,0.016,-0.0451,0.9989,0,-0.0009,22.835,-2.8254,1]},
{"frame":45,"values":[0.9993,-0.0345,-0.0172,0,0.0352,0.9984,0.0441,0,0.0157,-0.0447,0.9989,0,-0.0009,22.835,-2.8254,1]},
{"frame":46,"values":[0.9994,-0.031,-0.0182,0,0.0317,0.9986,0.0422,0,0.0169,-0.0427,0.9989,0,-0.0009,22.835,-2.8254,1]},
{"frame":47,"values":[0.9994,-0.0287,-0.019,0,0.0294,0.9988,0.0404,0,0.0178,-0.0409,0.999,0,-0.0009,22.835,-2.8254,1]},
{"frame":48,"values":[0.9994,-0.0273,-0.0189,0,0.028,0.9988,0.0401,0,0.0178,-0.0406,0.999,0,-0.0009,22.835,-2.8254,1]},
{"frame":49,"values":[0.9995,-0.0242,-0.0182,0,0.025,0.9989,0.04,0,0.0172,-0.0404,0.999,0,-0.0009,22.835,-2.8254,1]},
{"frame":50,"values":[0.9997,-0.0195,-0.0175,0,0.0202,0.999,0.0394,0,0.0167,-0.0397,0.9991,0,-0.0009,22.835,-2.8254,1]},
{"frame":51,"values":[0.9997,-0.0148,-0.017,0,0.0154,0.9992,0.0379,0,0.0165,-0.0382,0.9991,0,-0.0009,22.835,-2.8254,1]}],"loopBehavior":1,"name":"anim","property":"_matrix"}},
{"name":"mixamorig:Spine2","index":3,"matrix":[0.9998,-0.0147,-0.0167,0,0.0153,0.9992,0.0381,0,0.0161,-0.0384,0.9991,0,-0.0206,26.5525,-3.1933,1],"rest":[1,0,0,0,0,1,0,0,0,0,1,0,-0.0206,26.5525,-3.1933,1],"parentBoneIndex":2,"length":24.825
,"animation":{"dataType":3,"framePerSecond":24,"keys":[
{"frame":1,"values":[0.9998,-0.0147,-0.0167,0,0.0153,0.9992,0.0381,0,0.0161,-0.0384,0.9991,0,-0.0206,26.5525,-3.1933,1]},
{"frame":2,"values":[0.9998,-0.0111,-0.0167,0,0.0117,0.9993,0.0357,0,0.0163,-0.0359,0.9992,0,-0.0206,26.5525,-3.1933,1]},
{"frame":3,"values":[0.9998,-0.0093,-0.0173,0,0.0099,0.9994,0.0329,0,0.0169,-0.0331,0.9993,0,-0.0206,26.5525,-3.1933,1]},
{"frame":4,"values":[0.9997,-0.0121,-0.019,0,0.0127,0.9994,0.031,0,0.0186,-0.0312,0.9993,0,-0.0206,26.5525,-3.1933,1]},
{"frame":5,"values":[0.9996,-0.0195,-0.0214,0,0.0201,0.9994,0.0298,0,0.0209,-0.0302,0.9993,0,-0.0206,26.5525,-3.1933,1]},
{"frame":6,"values":[0.9994,-0.0269,-0.0226,0,0.0275,0.9993,0.027,0,0.0218,-0.0276,0.9994,0,-0.0206,26.5525,-3.1933,1]},
{"frame":7,"values":[0.9994,-0.0291,-0.0201,0,0.0295,0.9993,0.0207,0,0.0195,-0.0212,0.9996,0,-0.0206,26.5525,-3.1933,1]},
{"frame":8,"values":[0.9997,-0.0228,-0.012,0,0.023,0.9996,0.0155,0,0.0117,-0.0157,0.9998,0,-0.0206,26.5525,-3.1933,1]},
{"frame":9,"values":[1,-0.0098,0.0016,0,0.0098,0.9998,0.016,0,-0.0017,-0.016,0.9999,0,-0.0206,26.5525,-3.1933,1]},
{"frame":10,"values":[0.9998,0.0106,0.0173,0,-0.0109,0.9998,0.015,0,-0.0171,-0.0152,0.9997,0,-0.0206,26.5525,-3.1933,1]},
{"frame":11,"values":[0.9989,0.038,0.0274,0,-0.0382,0.9993,0.0061,0,-0.0271,-0.0072,0.9996,0,-0.0206,26.5525,-3.1933,1]},
{"frame":12,"values":[0.9979,0.0591,0.0258,0,-0.059,0.9982,-0.0036,0,-0.026,0.0021,0.9997,0,-0.0206,26.5525,-3.1933,1]},
{"frame":13,"values":[0.9984,0.0548,0.0129,0,-0.0547,0.9985,-0.0058,0,-0.0132,0.0051,0.9999,0,-0.0206,26.5525,-3.1933,1]},
{"frame":14,"values":[0.9996,0.0276,-0.0094,0,-0.0276,0.9996,-0.0038,0,0.0093,0.004,0.9999,0,-0.0206,26.5525,-3.1933,1]},
{"frame":15,"values":[0.9994,0.0078,-0.0324,0,-0.0076,1,0.0048,0,0.0324,-0.0045,0.9995,0,-0.0206,26.5525,-3.1933,1]},
{"frame":16,"values":[0.999,0.0085,-0.0445,0,-0.0079,0.9999,0.013,0,0.0446,-0.0126,0.9989,0,-0.0206,26.5525,-3.1933,1]},
{"frame":17,"values":[0.9989,0.0181,-0.0439,0,-0.0174,0.9997,0.0156,0,0.0442,-0.0149,0.9989,0,-0.0206,26.5525,-3.1933,1]},
{"frame":18,"values":[0.999,0.0251,-0.0371,0,-0.0245,0.9996,0.0151,0,0.0374,-0.0142,0.9992,0,-0.0206,26.5525,-3.1933,1]},
{"frame":19,"values":[0.9991,0.0312,-0.0304,0,-0.0307,0.9994,0.0156,0,0.0309,-0.0146,0.9994,0,-0.0206,26.5525,-3.1933,1]},
{"frame":20,"values":[0.9992,0.0332,-0.0237,0,-0.0329,0.9994,0.0144,0,0.0241,-0.0136,0.9996,0,-0.0206,26.5525,-3.1933,1]},
{"frame":21,"values":[0.9995,0.0266,-0.0164,0,-0.0265,0.9996,0.0071,0,0.0166,-0.0067,0.9998,0,-0.0206,26.5525,-3.1933,1]},
{"frame":22,"values":[0.9998,0.0145,-0.0113,0,-0.0146,0.9999,-0.0058,0,0.0112,0.0059,0.9999,0,-0.0206,26.5525,-3.1933,1]},
{"frame":23,"values":[0.9999,0.0033,-0.0099,0,-0.0034,0.9999,-0.0161,0,0.0099,0.0161,0.9998,0,-0.0206,26.5525,-3.1933,1]},
{"frame":24,"values":[0.9999,-0.0037,-0.011,0,0.0036,0.9999,-0.0157,0,0.0111,0.0157,0.9998,0,-0.0206,26.5525,-3.1933,1]},
{"frame":25,"values":[0.9999,-0.0065,-0.013,0,0.0064,1,-0.0062,0,0.0131,0.0061,0.9999,0,-0.0206,26.5525,-3.1933,1]},
{"frame":26,"values":[0.9998,-0.0104,-0.0154,0,0.0105,0.9999,0.0099,0,0.0153,-0.0101,0.9998,0,-0.0206,26.5525,-3.1933,1]},
{"frame":27,"values":[0.9996,-0.0216,-0.0169,0,0.022,0.9994,0.0282,0,0.0163,-0.0286,0.9995,0,-0.0206,26.5525,-3.1933,1]},
{"frame":28,"values":[0.9993,-0.0339,-0.0159,0,0.0345,0.9987,0.0385,0,0.0146,-0.039,0.9991,0,-0.0206,26.5525,-3.1933,1]},
{"frame":29,"values":[0.9993,-0.0349,-0.0131,0,0.0353,0.9988,0.0347,0,0.0119,-0.0352,0.9993,0,-0.0206,26.5525,-3.1933,1]},
{"frame":30,"values":[0.9996,-0.026,-0.0114,0,0.0263,0.9993,0.0273,0,0.0107,-0.0276,0.9996,0,-0.0206,26.5525,-3.1933,1]},
{"frame":31,"values":[0.9998,-0.0168,-0.0118,0,0.0172,0.9995,0.028,0,0.0114,-0.0282,0.9995,0,-0.0206,26.5525,-3.1933,1]},
{"frame":32,"values":[0.9999,-0.01,-0.0128,0,0.0105,0.9993,0.0348,0,0.0124,-0.0349,0.9993,0,-0.0206,26.5525,-3.1933,1]},
{"frame":33,"values":[0.9999,-0.0047,-0.0132,0,0.0053,0.9991,0.0412,0,0.013,-0.0412,0.9991,0,-0.0206,26.5525,-3.1933,1]},
{"frame":34,"values":[0.9999,-0.0025,-0.0128,0,0.003,0.9992,0.0404,0,0.0126,-0.0404,0.9991,0,-0.0206,26.5525,-3.1933,1]},
{"frame":35,"values":[0.9999,-0.0004,-0.0115,0,0.0007,0.9995,0.0302,0,0.0115,-0.0302,0.9995,0,-0.0206,26.5525,-3.1933,1]},
{"frame":36,"values":[0.9999,0.0021,-0.0106,0,-0.0019,0.9998,0.0196,0,0.0106,-0.0196,0.9998,0,-0.0206,26.5525,-3.1933,1]},
{"frame":37,"values":[0.9999,0.0001,-0.011,0,0.0001,0.9998,0.0176,0,0.011,-0.0176,0.9998,0,-0.0206,26.5525,-3.1933,1]},
{"frame":38,"values":[0.9999,-0.0063,-0.0132,0,0.0065,0.9998,0.0208,0,0.0131,-0.0209,0.9997,0,-0.0206,26.5525,-3.1933,1]},
{"frame":39,"values":[0.9997,-0.0155,-0.0165,0,0.0159,0.9996,0.0239,0,0.0162,-0.0241,0.9996,0,-0.0206,26.5525,-3.1933,1]},
{"frame":40,"values":[0.9994,-0.0295,-0.0196,0,0.03,0.9992,0.0273,0,0.0188,-0.0279,0.9994,0,-0.0206,26.5525,-3.1933,1]},
{"frame":41,"values":[0.9989,-0.0411,-0.0214,0,0.0418,0.9986,0.0328,0,0.02,-0.0336,0.9992,0,-0.0206,26.5525,-3.1933,1]},
{"frame":42,"values":[0.9989,-0.0419,-0.0211,0,0.0427,0.9983,0.0392,0,0.0194,-0.04,0.999,0,-0.0206,26.5525,-3.1933,1]},
{"frame":43,"values":[0.9991,-0.0384,-0.019,0,0.0392,0.9983,0.0435,0,0.0173,-0.0442,0.9989,0,-0.0206,26.5525,-3.1933,1]},
{"frame":44,"values":[0.9992,-0.0366,-0.0168,0,0.0373,0.9983,0.0449,0,0.0152,-0.0455,0.9988,0,-0.0206,26.5525,-3.1933,1]},
{"frame":45,"values":[0.9993,-0.0343,-0.0165,0,0.035,0.9984,0.0446,0,0.015,-0.0451,0.9989,0,-0.0206,26.5525,-3.1933,1]},
{"frame":46,"values":[0.9994,-0.0308,-0.0176,0,0.0315,0.9986,0.0426,0,0.0163,-0.0431,0.9989,0,-0.0206,26.5525,-3.1933,1]},
{"frame":47,"values":[0.9994,-0.0285,-0.0184,0,0.0292,0.9987,0.0408,0,0.0172,-0.0413,0.999,0,-0.0206,26.5525,-3.1933,1]},
{"frame":48,"values":[0.9995,-0.0271,-0.0183,0,0.0278,0.9988,0.0404,0,0.0171,-0.0409,0.999,0,-0.0206,26.5525,-3.1933,1]},
{"frame":49,"values":[0.9996,-0.024,-0.0176,0,0.0247,0.9989,0.0403,0,0.0166,-0.0407,0.999,0,-0.0206,26.5525,-3.1933,1]},
{"frame":50,"values":[0.9997,-0.0193,-0.017,0,0.02,0.999,0.0396,0,0.0163,-0.04,0.9991,0,-0.0206,26.5525,-3.1933,1]},
{"frame":51,"values":[0.9998,-0.0147,-0.0167,0,0.0153,0.9992,0.0381,0,0.0161,-0.0384,0.9991,0,-0.0206,26.5525,-3.1933,1]}],"loopBehavior":1,"name":"anim","property":"_matrix"}},
{"name":"mixamorig:Neck","index":4,"matrix":[0.9947,-0.072,-0.0733,0,0.0778,0.9938,0.0795,0,0.0671,-0.0848,0.9941,0,-0.06,30.7018,1.3522,1],"rest":[1,0,0,0,0,1,0,0,0,0,1,0,-0.06,30.7018,1.3522,1],"parentBoneIndex":3,"length":22.8446
,"animation":{"dataType":3,"framePerSecond":24,"keys":[
{"frame":1,"values":[0.9947,-0.072,-0.0733,0,0.0778,0.9938,0.0795,0,0.0671,-0.0848,0.9941,0,-0.06,30.7018,1.3522,1]},
{"frame":2,"values":[0.9953,-0.0668,-0.0695,0,0.0724,0.9941,0.0802,0,0.0638,-0.0849,0.9943,0,-0.06,30.7018,1.3522,1]},
{"frame":3,"values":[0.9958,-0.0632,-0.066,0,0.0684,0.9945,0.0799,0,0.0605,-0.0841,0.9946,0,-0.06,30.7018,1.3522,1]},
{"frame":4,"values":[0.9961,-0.0619,-0.0632,0,0.0668,0.9946,0.0796,0,0.0579,-0.0835,0.9948,0,-0.06,30.7018,1.3522,1]},
{"frame":5,"values":[0.9961,-0.0627,-0.0625,0,0.0676,0.9946,0.0788,0,0.0572,-0.0827,0.9949,0,-0.06,30.7018,1.3522,1]},
{"frame":6,"values":[0.9952,-0.0712,-0.0676,0,0.0758,0.9947,0.0689,0,0.0624,-0.0737,0.9953,0,-0.06,30.7018,1.3522,1]},
{"frame":7,"values":[0.9921,-0.0942,-0.0828,0,0.0983,0.994,0.047,0,0.0779,-0.0547,0.9955,0,-0.06,30.7018,1.3522,1]},
{"frame":8,"values":[0.9862,-0.1269,-0.106,0,0.1294,0.9914,0.0176,0,0.1028,-0.0311,0.9942,0,-0.06,30.7018,1.3522,1]},
{"frame":9,"values":[0.981,-0.1475,-0.1264,0,0.1473,0.989,-0.0106,0,0.1266,-0.0082,0.9919,0,-0.06,30.7018,1.3522,1]},
{"frame":10,"values":[0.9816,-0.1363,-0.1338,0,0.1338,0.9906,-0.0272,0,0.1362,0.0088,0.9906,0,-0.06,30.7018,1.3522,1]},
{"frame":11,"values":[0.9868,-0.1025,-0.1256,0,0.0995,0.9946,-0.0296,0,0.1279,0.0168,0.9916,0,-0.06,30.7018,1.3522,1]},
{"frame":12,"values":[0.9928,-0.0646,-0.1012,0,0.0628,0.9978,-0.0208,0,0.1023,0.0143,0.9946,0,-0.06,30.7018,1.3522,1]},
{"frame":13,"values":[0.9974,-0.0317,-0.0643,0,0.0312,0.9995,-0.0078,0,0.0645,0.0058,0.9979,0,-0.06,30.7018,1.3522,1]},
{"frame":14,"values":[0.9997,-0.0074,-0.0238,0,0.0075,1,0.0019,0,0.0237,-0.0021,0.9997,0,-0.06,30.7018,1.3522,1]},
{"frame":15,"values":[0.9999,0.0144,0.0079,0,-0.0145,0.9998,0.0124,0,-0.0077,-0.0125,0.9999,0,-0.06,30.7018,1.3522,1]},
{"frame":16,"values":[0.9988,0.0424,0.0256,0,-0.043,0.9988,0.0237,0,-0.0246,-0.0248,0.9994,0,-0.06,30.7018,1.3522,1]},
{"frame":17,"values":[0.9975,0.064,0.03,0,-0.0648,0.9975,0.028,0,-0.0281,-0.0299,0.9992,0,-0.06,30.7018,1.3522,1]},
{"frame":18,"values":[0.9981,0.059,0.019,0,-0.0595,0.9978,0.0278,0,-0.0173,-0.0289,0.9994,0,-0.06,30.7018,1.3522,1]},
{"frame":19,"values":[0.9995,0.0328,-0.0024,0,-0.0327,0.999,0.0321,0,0.0034,-0.032,0.9995,0,-0.06,30.7018,1.3522,1]},
{"frame":20,"values":[0.9996,0.0064,-0.0268,0,-0.0051,0.9989,0.0466,0,0.0271,-0.0465,0.9986,0,-0.06,30.7018,1.3522,1]},
{"frame":21,"values":[0.9987,-0.0126,-0.0497,0,0.0158,0.9978,0.064,0,0.0488,-0.0647,0.9967,0,-0.06,30.7018,1.3522,1]},
{"frame":22,"values":[0.9972,-0.0303,-0.0679,0,0.0354,0.9966,0.0742,0,0.0654,-0.0764,0.9949,0,-0.06,30.7018,1.3522,1]},
{"frame":23,"values":[0.9957,-0.0489,-0.0789,0,0.0549,0.9956,0.0759,0,0.0749,-0.08,0.994,0,-0.06,30.7018,1.3522,1]},
{"frame":24,"values":[0.9945,-0.0638,-0.0832,0,0.0701,0.9947,0.0751,0,0.078,-0.0806,0.9937,0,-0.06,30.7018,1.3522,1]},
{"frame":25,"values":[0.9937,-0.0743,-0.0839,0,0.0807,0.9939,0.0757,0,0.0778,-0.082,0.9936,0,-0.06,30.7018,1.3522,1]},
{"frame":26,"values":[0.9929,-0.0852,-0.083,0,0.0914,0.9931,0.0742,0,0.0761,-0.0812,0.9938,0,-0.06,30.7018,1.3522,1]},
{"frame":27,"values":[0.992,-0.096,-0.0817,0,0.1018,0.9923,0.0707,0,0.0743,-0.0784,0.9941,0,-0.06,30.7018,1.3522,1]},
{"frame":28,"values":[0.9919,-0.0996,-0.0794,0,0.1053,0.9918,0.072,0,0.0716,-0.0797,0.9942,0,-0.06,30.7018,1.3522,1]},
{"frame":29,"values":[0.9925,-0.096,-0.076,0,0.1019,0.9917,0.0784,0,0.0678,-0.0856,0.994,0,-0.06,30.7018,1.3522,1]},
{"frame":30,"values":[0.9932,-0.0904,-0.0731,0,0.0962,0.9921,0.0808,0,0.0652,-0.0873,0.994,0,-0.06,30.7018,1.3522,1]},
{"frame":31,"values":[0.9935,-0.0874,-0.0733,0,0.0929,0.9928,0.0751,0,0.0662,-0.0814,0.9945,0,-0.06,30.7018,1.3522,1]},
{"frame":32,"values":[0.9928,-0.0907,-0.0785,0,0.0961,0.9931,0.0676,0,0.0718,-0.0747,0.9946,0,-0.06,30.7018,1.3522,1]},
{"frame":33,"values":[0.9919,-0.0949,-0.0849,0,0.1004,0.9929,0.0632,0,0.0783,-0.0712,0.9944,0,-0.06,30.7018,1.3522,1]},
{"frame":34,"values":[0.9922,-0.0896,-0.0865,0,0.095,0.9936,0.0603,0,0.0806,-0.0681,0.9944,0,-0.06,30.7018,1.3522,1]},
{"frame":35,"values":[0.9935,-0.078,-0.0826,0,0.0828,0.9949,0.0571,0,0.0777,-0.0636,0.9949,0,-0.06,30.7018,1.3522,1]},
{"frame":36,"values":[0.9946,-0.0708,-0.0763,0,0.0752,0.9956,0.0566,0,0.0719,-0.062,0.9955,0,-0.06,30.7018,1.3522,1]},
{"frame":37,"values":[0.995,-0.069,-0.0717,0,0.0735,0.9953,0.0625,0,0.067,-0.0674,0.9955,0,-0.06,30.7018,1.3522,1]},
{"frame":38,"values":[0.995,-0.0701,-0.0709,0,0.0751,0.9947,0.0709,0,0.0655,-0.0758,0.995,0,-0.06,30.7018,1.3522,1]},
{"frame":39,"values":[0.9947,-0.0729,-0.0726,0,0.0784,0.9941,0.0751,0,0.0667,-0.0804,0.9945,0,-0.06,30.7018,1.3522,1]},
{"frame":40,"values":[0.9943,-0.0764,-0.0747,0,0.0821,0.9937,0.0764,0,0.0684,-0.0821,0.9943,0,-0.06,30.7018,1.3522,1]},
{"frame":41,"values":[0.9938,-0.0806,-0.0761,0,0.0867,0.9929,0.0808,0,0.0691,-0.0869,0.9938,0,-0.06,30.7018,1.3522,1]},
{"frame":42,"values":[0.9934,-0.0854,-0.0768,0,0.0921,0.9917,0.0892,0,0.0685,-0.0957,0.9931,0,-0.06,30.7018,1.3522,1]},
{"frame":43,"values":[0.9931,-0.0881,-0.0771,0,0.0954,0.9908,0.0964,0,0.0679,-0.1031,0.9924,0,-0.06,30.7018,1.3522,1]},
{"frame":44,"values":[0.9931,-0.0889,-0.0769,0,0.0963,0.9905,0.0985,0,0.0674,-0.1052,0.9922,0,-0.06,30.7019,1.3522,1]},
{"frame":45,"values":[0.993,-0.0898,-0.0768,0,0.097,0.9906,0.096,0,0.0674,-0.1028,0.9924,0,-0.06,30.7018,1.3522,1]},
{"frame":46,"values":[0.9928,-0.0909,-0.0775,0,0.0978,0.9911,0.0903,0,0.0686,-0.0973,0.9929,0,-0.06,30.7018,1.3522,1]},
{"frame":47,"values":[0.9926,-0.0915,-0.0794,0,0.0982,0.9916,0.0842,0,0.071,-0.0913,0.9933,0,-0.06,30.7018,1.3522,1]},
{"frame":48,"values":[0.9925,-0.091,-0.0811,0,0.0975,0.992,0.0801,0,0.0731,-0.0874,0.9935,0,-0.06,30.7018,1.3522,1]},
{"frame":49,"values":[0.993,-0.0865,-0.0804,0,0.0928,0.9926,0.0784,0,0.073,-0.0853,0.9937,0,-0.06,30.7018,1.3522,1]},
{"frame":50,"values":[0.9939,-0.0789,-0.0771,0,0.0849,0.9933,0.0786,0,0.0704,-0.0846,0.9939,0,-0.06,30.7018,1.3522,1]},
{"frame":51,"values":[0.9947,-0.072,-0.0733,0,0.0778,0.9938,0.0795,0,0.0671,-0.0848,0.9941,0,-0.06,30.7018,1.3522,1]}],"loopBehavior":1,"name":"anim","property":"_matrix"}},
{"name":"mixamorig:Head","index":5,"matrix":[0.981,-0.1061,-0.1626,0,0.1241,0.9867,0.1046,0,0.1494,-0.1228,0.9811,0,-0.0872,22.5476,3.6709,1],"rest":[1,0,0,0,0,1,0,0,0,0,1,0,-0.0872,22.5476,3.6709,1],"parentBoneIndex":4,"length":30.5923
,"animation":{"dataType":3,"framePerSecond":24,"keys":[
{"frame":1,"values":[0.981,-0.1061,-0.1626,0,0.1241,0.9867,0.1046,0,0.1494,-0.1228,0.9811,0,-0.0872,22.5476,3.6709,1]},
{"frame":2,"values":[0.9827,-0.1073,-0.1507,0,0.1237,0.9869,0.1034,0,0.1376,-0.1203,0.9832,0,-0.0872,22.5476,3.6709,1]},
{"frame":3,"values":[0.9846,-0.1078,-0.1378,0,0.1214,0.9881,0.0947,0,0.1259,-0.11,0.9859,0,-0.0872,22.5476,3.6709,1]},
{"frame":4,"values":[0.9854,-0.112,-0.1282,0,0.1226,0.9894,0.0779,0,0.1181,-0.0924,0.9887,0,-0.0872,22.5476,3.6709,1]},
{"frame":5,"values":[0.9822,-0.1338,-0.132,0,0.1433,0.9875,0.0651,0,0.1217,-0.0828,0.9891,0,-0.0872,22.5476,3.6709,1]},
{"frame":6,"values":[0.9698,-0.1819,-0.1628,0,0.1921,0.9801,0.0497,0,0.1505,-0.0795,0.9854,0,-0.0872,22.5476,3.6709,1]},
{"frame":7,"values":[0.9398,-0.2524,-0.2305,0,0.261,0.9653,0.0072,0,0.2207,-0.0669,0.973,0,-0.0872,22.5476,3.6709,1]},
{"frame":8,"values":[0.8894,-0.3223,-0.3242,0,0.3175,0.9457,-0.0691,0,0.3289,-0.0415,0.9435,0,-0.0872,22.5476,3.6709,1]},
{"frame":9,"values":[0.8417,-0.357,-0.4051,0,0.3319,0.9338,-0.1333,0,0.4259,-0.0223,0.9045,0,-0.0872,22.5476,3.6709,1]},
{"frame":10,"values":[0.8275,-0.3478,-0.4409,0,0.3133,0.9375,-0.1514,0,0.466,-0.0128,0.8847,0,-0.0872,22.5476,3.6709,1]},
{"frame":11,"values":[0.8589,-0.2955,-0.4184,0,0.2634,0.9553,-0.1339,0,0.4393,0.0048,0.8983,0,-0.0872,22.5476,3.6709,1]},
{"frame":12,"values":[0.9343,-0.1656,-0.3158,0,0.1463,0.9856,-0.0843,0,0.3252,0.0326,0.9451,0,-0.0872,22.5476,3.6709,1]},
{"frame":13,"values":[0.9913,0.0086,-0.131,0,-0.0139,0.9991,-0.0397,0,0.1306,0.0412,0.9906,0,-0.0872,22.5476,3.6709,1]},
{"frame":14,"values":[0.9884,0.1314,0.0756,0,-0.1288,0.9909,-0.039,0,-0.08,0.0288,0.9964,0,-0.0872,22.5476,3.6709,1]},
{"frame":15,"values":[0.9559,0.1911,0.2232,0,-0.1833,0.9815,-0.0552,0,-0.2296,0.0118,0.9732,0,-0.0872,22.5476,3.6709,1]},
{"frame":16,"values":[0.9224,0.2511,0.2933,0,-0.242,0.9679,-0.0677,0,-0.3009,-0.0086,0.9536,0,-0.0872,22.5476,3.6709,1]},
{"frame":17,"values":[0.9018,0.308,0.3031,0,-0.2979,0.9512,-0.0802,0,-0.313,-0.018,0.9496,0,-0.0872,22.5476,3.6709,1]},
{"frame":18,"values":[0.9152,0.3121,0.2551,0,-0.3022,0.95,-0.0781,0,-0.2667,-0.0056,0.9638,0,-0.0872,22.5476,3.6709,1]},
{"frame":19,"values":[0.9477,0.2699,0.1703,0,-0.2645,0.9629,-0.0543,0,-0.1786,0.0064,0.9839,0,-0.0872,22.5476,3.6709,1]},
{"frame":20,"values":[0.9768,0.2046,0.064,0,-0.2035,0.9788,-0.0225,0,-0.0673,0.009,0.9977,0,-0.0872,22.5476,3.6709,1]},
{"frame":21,"values":[0.9911,0.1223,-0.053,0,-0.1225,0.9925,-0.0002,0,0.0526,0.0067,0.9986,0,-0.0872,22.5476,3.6709,1]},
{"frame":22,"values":[0.9875,0.0283,-0.1549,0,-0.0275,0.9996,0.007,0,0.1551,-0.0026,0.9879,0,-0.0872,22.5476,3.6709,1]},
{"frame":23,"values":[0.9752,-0.0535,-0.2146,0,0.0565,0.9984,0.008,0,0.2139,-0.0199,0.9767,0,-0.0872,22.5476,3.6709,1]},
{"frame":24,"values":[0.9678,-0.0992,-0.2315,0,0.1059,0.9942,0.0168,0,0.2285,-0.0408,0.9727,0,-0.0872,22.5476,3.6709,1]},
{"frame":25,"values":[0.9676,-0.1143,-0.2253,0,0.1246,0.9917,0.0322,0,0.2198,-0.0592,0.9738,0,-0.0872,22.5476,3.6709,1]},
{"frame":26,"values":[0.972,-0.115,-0.2048,0,0.1266,0.991,0.0444,0,0.1978,-0.0691,0.9778,0,-0.0872,22.5476,3.6709,1]},
{"frame":27,"values":[0.9779,-0.1087,-0.1788,0,0.1201,0.9913,0.0543,0,0.1714,-0.0746,0.9824,0,-0.0872,22.5476,3.6709,1]},
{"frame":28,"values":[0.9822,-0.1015,-0.1578,0,0.1127,0.9916,0.0638,0,0.15,-0.0805,0.9854,0,-0.0872,22.5476,3.6709,1]},
{"frame":29,"values":[0.9835,-0.1065,-0.1465,0,0.1174,0.9908,0.0677,0,0.138,-0.0838,0.9869,0,-0.0872,22.5476,3.6709,1]},
{"frame":30,"values":[0.9813,-0.1248,-0.1469,0,0.135,0.9889,0.0621,0,0.1375,-0.0807,0.9872,0,-0.0872,22.5477,3.6709,1]},
{"frame":31,"values":[0.976,-0.1469,-0.1606,0,0.1567,0.9864,0.0497,0,0.1511,-0.0737,0.9858,0,-0.0872,22.5476,3.6709,1]},
{"frame":32,"values":[0.9675,-0.1662,-0.1904,0,0.1751,0.9841,0.0308,0,0.1823,-0.0632,0.9812,0,-0.0872,22.5476,3.6709,1]},
{"frame":33,"values":[0.9584,-0.1775,-0.2236,0,0.1837,0.983,0.0072,0,0.2185,-0.048,0.9747,0,-0.0872,22.5476,3.6709,1]},
{"frame":34,"values":[0.9543,-0.179,-0.2394,0,0.1831,0.9831,-0.0052,0,0.2363,-0.0389,0.9709,0,-0.0872,22.5476,3.6709,1]},
{"frame":35,"values":[0.959,-0.1681,-0.228,0,0.1743,0.9847,0.0071,0,0.2234,-0.0465,0.9736,0,-0.0872,22.5476,3.6709,1]},
{"frame":36,"values":[0.9703,-0.1437,-0.1946,0,0.1531,0.9876,0.0339,0,0.1873,-0.0627,0.9803,0,-0.0872,22.5476,3.6709,1]},
{"frame":37,"values":[0.9793,-0.1189,-0.1638,0,0.1298,0.9898,0.058,0,0.1552,-0.0781,0.9848,0,-0.0872,22.5476,3.6709,1]},
{"frame":38,"values":[0.9832,-0.102,-0.1515,0,0.1152,0.9901,0.0808,0,0.1418,-0.0969,0.9851,0,-0.0872,22.5476,3.6709,1]},
{"frame":39,"values":[0.9843,-0.0914,-0.1512,0,0.1073,0.9891,0.1008,0,0.1403,-0.1154,0.9834,0,-0.0872,22.5476,3.6709,1]},
{"frame":40,"values":[0.984,-0.0879,-0.1549,0,0.1059,0.988,0.1122,0,0.1432,-0.1268,0.9815,0,-0.0872,22.5476,3.6709,1]},
{"frame":41,"values":[0.9838,-0.0883,-0.1559,0,0.1078,0.9867,0.1217,0,0.143,-0.1365,0.9803,0,-0.0872,22.5476,3.6709,1]},
{"frame":42,"values":[0.9847,-0.0866,-0.1514,0,0.1069,0.9855,0.1316,0,0.1378,-0.1458,0.9797,0,-0.0872,22.5476,3.6709,1]},
{"frame":43,"values":[0.9859,-0.0811,-0.1461,0,0.1014,0.9853,0.1376,0,0.1328,-0.1505,0.9796,0,-0.0872,22.5476,3.6709,1]},
{"frame":44,"values":[0.9871,-0.0745,-0.1416,0,0.094,0.9861,0.1366,0,0.1294,-0.1482,0.9805,0,-0.0872,22.5476,3.6709,1]},
{"frame":45,"values":[0.9876,-0.0725,-0.1392,0,0.0907,0.9875,0.1291,0,0.1281,-0.1402,0.9818,0,-0.0872,22.5476,3.6709,1]},
{"frame":46,"values":[0.9864,-0.0779,-0.1451,0,0.0953,0.9885,0.1175,0,0.1343,-0.1298,0.9824,0,-0.0872,22.5476,3.6709,1]},
{"frame":47,"values":[0.9834,-0.0869,-0.1591,0,0.1045,0.9889,0.1061,0,0.1481,-0.1209,0.9815,0,-0.0872,22.5476,3.6709,1]},
{"frame":48,"values":[0.9803,-0.0957,-0.1729,0,0.114,0.9885,0.0993,0,0.1614,-0.1171,0.9799,0,-0.0872,22.5476,3.6709,1]},
{"frame":49,"values":[0.9788,-0.1019,-0.1779,0,0.1209,0.9877,0.0993,0,0.1656,-0.1187,0.979,0,-0.0872,22.5476,3.6709,1]},
{"frame":50,"values":[0.9795,-0.1045,-0.1725,0,0.1233,0.9871,0.1021,0,0.1596,-0.1213,0.9797,0,-0.0872,22.5476,3.6709,1]},
