{"producer":{"name":"Blender","version":"2.90.0","exporter_version":"2.80.1","file":"fight_punchcombo.babylon"},
"autoClear":true,"clearColor":[0.0509,0.0509,0.0509],"gravity":[0,-9.81,0],
"materials":[{"name":"Material","id":"Material","customType":"BABYLON.PBRMaterial","backFaceCulling":true,"checkReadyOnlyOnce":false,"maxSimultaneousLights":4,"environmentIntensity":1,"albedo":[0.8,0.8,0.8],"reflectivity":[0.5,0.5,0.5],"roughness":0.4,"alpha":1,"transparencyMode":0,"alphaCutOff":0.4,"metallic":0}],
"multiMaterials":[],
"skeletons":[{"name":"Armature","id":0,"dimensionsAtRest":[379.1952,391.6652,55.677],"bones":[
{"name":"mixamorig:Hips","index":0,"matrix":[0.7929,-0.0007,-0.6093,0,0.0395,0.9979,0.0504,0,-0.6081,0.064,-0.7913,0,-1.2191,188.1248,-0.4284,1],"rest":[1,0,0,0,0,1,0,0,0,0,-1,0,0,201.6394,0,1],"parentBoneIndex":-1,"length":21.6784
,"animation":{"dataType":3,"framePerSecond":24,"keys":[
{"frame":1,"values":[0.7929,-0.0007,-0.6093,0,0.0395,0.9979,0.0504,0,-0.6081,0.064,-0.7913,0,-1.2191,188.1248,-0.4284,1]},
{"frame":2,"values":[0.7934,-0.0012,-0.6087,0,0.0394,0.998,0.0494,0,-0.6075,0.0631,-0.7918,0,-1.3395,188.1571,-0.4755,1]},
{"frame":3,"values":[0.7929,-0.0015,-0.6094,0,0.0387,0.9981,0.048,0,-0.6081,0.0617,-0.7914,0,-1.5563,188.1463,-0.5245,1]},
{"frame":4,"values":[0.7922,-0.0017,-0.6103,0,0.0378,0.9982,0.0463,0,-0.6091,0.0597,-0.7909,0,-1.8591,188.1295,-0.5914,1]},
{"frame":5,"values":[0.7919,-0.0019,-0.6106,0,0.0371,0.9983,0.045,0,-0.6095,0.0582,-0.7907,0,-2.1818,188.132,-0.688,1]},
{"frame":6,"values":[0.7918,-0.0023,-0.6108,0,0.0369,0.9983,0.044,0,-0.6097,0.0574,-0.7906,0,-2.4984,188.1447,-0.7939,1]},
{"frame":7,"values":[0.7896,-0.0016,-0.6136,0,0.0361,0.9984,0.0437,0,-0.6125,0.0567,-0.7884,0,-2.783,188.0985,-0.9492,1]},
{"frame":8,"values":[0.7642,0.0072,-0.645,0,0.0252,0.9988,0.041,0,-0.6445,0.0476,-0.7631,0,-2.9312,188.0838,-1.1568,1]},
{"frame":9,"values":[0.6889,0.0203,-0.7246,0,0.005,0.9995,0.0327,0,-0.7249,0.0262,-0.6884,0,-2.8166,188.5524,-1.3028,1]},
{"frame":10,"values":[0.5845,0.0144,-0.8113,0,-0.0029,0.9999,0.0156,0,-0.8114,0.0068,-0.5845,0,-2.5309,189.3905,-1.1755,1]},
{"frame":11,"values":[0.5169,-0.0098,-0.856,0,0.0119,0.9999,-0.0042,0,-0.856,0.008,-0.517,0,-2.1285,189.9271,-0.6813,1]},
{"frame":12,"values":[0.5219,-0.0265,-0.8526,0,0.033,0.9994,-0.0109,0,-0.8524,0.0224,-0.5224,0,-1.5942,189.9399,-0.3558,1]},
{"frame":13,"values":[0.5566,-0.0178,-0.8306,0,0.0338,0.9994,0.0013,0,-0.8301,0.0288,-0.5569,0,-1.0883,189.7534,-0.8395,1]},
{"frame":14,"values":[0.5812,0.0187,-0.8135,0,0.0099,0.9995,0.03,0,-0.8137,0.0255,-0.5807,0,-0.5989,189.5298,-1.9682,1]},
{"frame":15,"values":[0.5971,0.053,-0.8004,0,-0.0182,0.9985,0.0525,0,-0.802,0.0168,-0.5971,0,0.2812,189.1491,-3.2286,1]},
{"frame":16,"values":[0.5863,0.0671,-0.8073,0,-0.0402,0.9977,0.0537,0,-0.8091,-0.0009,-0.5876,0,1.2624,188.874,-4.2957,1]},
{"frame":17,"values":[0.5409,0.0627,-0.8388,0,-0.0518,0.9978,0.0412,0,-0.8395,-0.0212,-0.5429,0,2.0349,188.9349,-4.7887,1]},
{"frame":18,"values":[0.4995,0.0427,-0.8653,0,-0.0401,0.9989,0.0261,0,-0.8654,-0.0217,-0.5006,0,2.7129,188.9543,-4.5367,1]},
{"frame":19,"values":[0.5076,0.0203,-0.8613,0,-0.0159,0.9998,0.0142,0,-0.8614,-0.0064,-0.5078,0,3.3825,188.6835,-3.7777,1]},
{"frame":20,"values":[0.5629,0.0065,-0.8265,0,0.0015,1,0.0088,0,-0.8265,0.0062,-0.5629,0,3.7159,188.3604,-3.3569,1]},
{"frame":21,"values":[0.6131,0.0108,-0.7899,0,0.0028,0.9999,0.0159,0,-0.79,0.012,-0.613,0,3.5511,188.2061,-3.619,1]},
{"frame":22,"values":[0.6555,0.0228,-0.7549,0,-0.0064,0.9997,0.0247,0,-0.7552,0.0114,-0.6554,0,3.123,187.9337,-4.2868,1]},
{"frame":23,"values":[0.718,0.0227,-0.6957,0,-0.0145,0.9997,0.0176,0,-0.6959,0.0026,-0.7181,0,2.3813,187.466,-5.4314,1]},
{"frame":24,"values":[0.8005,0.0171,-0.5991,0,-0.0227,0.9997,-0.0019,0,-0.5989,-0.0152,-0.8007,0,1.3232,186.9285,-6.6321,1]},
{"frame":25,"values":[0.873,0.011,-0.4876,0,-0.025,0.9994,-0.0222,0,-0.4871,-0.0316,-0.8728,0,-0.0611,186.466,-7.274,1]},
{"frame":26,"values":[0.9055,0.0082,-0.4243,0,-0.0216,0.9994,-0.0268,0,-0.4239,-0.0335,-0.9051,0,-1.4694,186.1431,-7.1317,1]},
{"frame":27,"values":[0.8993,0.009,-0.4372,0,-0.0244,0.9993,-0.0296,0,-0.4366,-0.0373,-0.8989,0,-2.5699,186.2611,-6.8255,1]},
{"frame":28,"values":[0.8784,-0.0024,-0.4779,0,-0.0174,0.9992,-0.0368,0,-0.4776,-0.0406,-0.8776,0,-3.463,186.794,-7.1244,1]},
{"frame":29,"values":[0.8519,-0.0266,-0.523,0,0.0135,0.9995,-0.0288,0,-0.5235,-0.0175,-0.8518,0,-4.0981,186.9553,-7.5033,1]},
{"frame":30,"values":[0.8231,-0.0301,-0.5671,0,0.0281,0.9995,-0.0122,0,-0.5672,0.0058,-0.8236,0,-4.0991,186.5844,-7.6874,1]},
{"frame":31,"values":[0.825,-0.0262,-0.5646,0,0.0215,0.9997,-0.0149,0,-0.5648,-0.0002,-0.8252,0,-3.7426,185.8748,-7.997,1]},
{"frame":32,"values":[0.8656,-0.0375,-0.4993,0,0.0222,0.9991,-0.0366,0,-0.5002,-0.0206,-0.8657,0,-3.7111,185.0361,-8.0506,1]},
{"frame":33,"values":[0.9041,-0.0433,-0.4252,0,0.0223,0.9983,-0.0544,0,-0.4268,-0.0397,-0.9035,0,-3.9715,184.6664,-7.6308,1]},
{"frame":34,"values":[0.9142,-0.0414,-0.4032,0,0.0213,0.9983,-0.0542,0,-0.4047,-0.041,-0.9135,0,-4.2595,185.2077,-7.022,1]},
{"frame":35,"values":[0.9088,-0.0398,-0.4154,0,0.0198,0.9984,-0.0523,0,-0.4168,-0.0393,-0.9081,0,-4.4754,186.3677,-6.6915,1]},
{"frame":36,"values":[0.9054,-0.0362,-0.4229,0,0.0172,0.9987,-0.0488,0,-0.4241,-0.0369,-0.9048,0,-4.4636,187.2921,-6.6563,1]},
{"frame":37,"values":[0.8962,-0.0299,-0.4426,0,0.0159,0.9993,-0.0352,0,-0.4433,-0.0245,-0.8961,0,-4.1798,187.5078,-6.3228,1]},
{"frame":38,"values":[0.8886,-0.0163,-0.4584,0,0.0055,0.9997,-0.025,0,-0.4586,-0.0196,-0.8884,0,-3.5059,187.3278,-5.7862,1]},
{"frame":39,"values":[0.8883,-0.0044,-0.4593,0,-0.004,0.9998,-0.0172,0,-0.4593,-0.0171,-0.8881,0,-2.7936,186.8454,-5.3211,1]},
{"frame":40,"values":[0.864,0.0037,-0.5035,0,-0.0094,0.9999,-0.0088,0,-0.5034,-0.0123,-0.864,0,-1.6323,186.3089,-4.7596,1]},
{"frame":41,"values":[0.7769,0.0142,-0.6294,0,-0.0278,0.9995,-0.0119,0,-0.6289,-0.0267,-0.777,0,0.0094,186.6884,-4.5606,1]},
{"frame":42,"values":[0.6339,0.0119,-0.7733,0,-0.0424,0.9989,-0.0194,0,-0.7722,-0.0451,-0.6337,0,1.3863,187.5985,-4.4695,1]},
{"frame":43,"values":[0.5217,-0.0115,-0.8531,0,-0.0277,0.9992,-0.0304,0,-0.8527,-0.0395,-0.5209,0,2.6667,187.977,-3.8645,1]},
{"frame":44,"values":[0.5246,-0.0407,-0.8504,0,0.0081,0.9991,-0.0428,0,-0.8513,-0.0156,-0.5244,0,3.695,187.6694,-2.9749,1]},
{"frame":45,"values":[0.613,-0.0615,-0.7877,0,0.0343,0.9981,-0.0512,0,-0.7894,-0.0043,-0.6139,0,3.6016,187.4908,-2.7262,1]},
{"frame":46,"values":[0.7,-0.0566,-0.7119,0,0.0346,0.9984,-0.0454,0,-0.7133,-0.0072,-0.7008,0,2.5019,188.0298,-3.6467,1]},
{"frame":47,"values":[0.7782,-0.026,-0.6275,0,0.0143,0.9996,-0.0236,0,-0.6279,-0.0094,-0.7782,0,1.8274,188.4009,-4.8679,1]},
{"frame":48,"values":[0.8437,0.0032,-0.5368,0,-0.012,0.9998,-0.0128,0,-0.5367,-0.0172,-0.8436,0,1.8478,187.7722,-5.8613,1]},
{"frame":49,"values":[0.8779,0.0209,-0.4783,0,-0.0305,0.9995,-0.0122,0,-0.4778,-0.0253,-0.8781,0,2.063,186.941,-6.6926,1]},
{"frame":50,"values":[0.888,0.0373,-0.4582,0,-0.0449,0.999,-0.0056,0,-0.4576,-0.0256,-0.8888,0,2.062,186.4749,-7.3276,1]},
{"frame":51,"values":[0.8844,0.0452,-0.4645,0,-0.0486,0.9988,0.0046,0,-0.4642,-0.0185,-0.8856,0,1.9546,186.1693,-8.0685,1]},
{"frame":52,"values":[0.8458,0.0388,-0.5321,0,-0.0362,0.9992,0.0153,0,-0.5323,-0.0064,-0.8466,0,2.3117,185.8423,-8.7903,1]},
{"frame":53,"values":[0.7614,0.0268,-0.6478,0,-0.0224,0.9996,0.015,0,-0.6479,-0.003,-0.7617,0,3.1362,185.6267,-9.266,1]},
{"frame":54,"values":[0.679,-0.0003,-0.7342,0,0.0027,1,0.002,0,-0.7341,0.0034,-0.679,0,3.7469,185.2968,-9.5096,1]},
{"frame":55,"values":[0.6634,-0.042,-0.747,0,0.0415,0.999,-0.0193,0,-0.7471,0.0182,-0.6645,0,3.9936,185.2007,-9.4627,1]},
{"frame":56,"values":[0.7009,-0.0685,-0.7099,0,0.0622,0.9975,-0.0348,0,-0.7105,0.0198,-0.7034,0,3.96,185.4905,-9.5604,1]},
{"frame":57,"values":[0.742,-0.0582,-0.6679,0,0.0457,0.9983,-0.0363,0,-0.6689,0.0036,-0.7434,0,3.7345,186.1877,-10.0772,1]},
{"frame":58,"values":[0.7911,-0.0322,-0.6109,0,0.0117,0.9992,-0.0375,0,-0.6116,-0.0225,-0.7908,0,3.3751,186.8974,-10.4705,1]},
{"frame":59,"values":[0.842,-0.0132,-0.5393,0,-0.0155,0.9987,-0.0486,0,-0.5392,-0.0492,-0.8407,0,2.7885,187.2312,-10.4739,1]},
{"frame":60,"values":[0.87,-0.001,-0.4931,0,-0.0316,0.9978,-0.0579,0,-0.4921,-0.0659,-0.868,0,1.9219,187.4343,-10.1724,1]},
{"frame":61,"values":[0.8866,0.0076,-0.4624,0,-0.0422,0.997,-0.0646,0,-0.4605,-0.0768,-0.8843,0,0.7427,187.8148,-9.9477,1]},
{"frame":62,"values":[0.8999,0.0092,-0.436,0,-0.0359,0.9979,-0.053,0,-0.4346,-0.0634,-0.8984,0,-0.5408,187.8813,-9.6461,1]},
{"frame":63,"values":[0.8964,0.005,-0.4432,0,-0.0171,0.9996,-0.0234,0,-0.4429,-0.0286,-0.8961,0,-1.6119,187.5751,-8.755,1]},
{"frame":64,"values":[0.8849,0.0018,-0.4658,0,-0.006,1,-0.0075,0,-0.4657,-0.0094,-0.8849,0,-2.2383,186.9889,-7.4078,1]},
{"frame":65,"values":[0.8749,-0.0056,-0.4843,0,0.0073,1,0.0017,0,-0.4843,0.0051,-0.8749,0,-2.7186,186.1394,-5.7018,1]},
{"frame":66,"values":[0.8644,-0.0153,-0.5025,0,0.0255,0.9996,0.0134,0,-0.5021,0.0244,-0.8645,0,-3.0798,185.4621,-3.8283,1]},
{"frame":67,"values":[0.849,-0.0256,-0.5277,0,0.0418,0.999,0.0187,0,-0.5267,0.038,-0.8492,0,-3.2142,185.3226,-2.2399,1]},
{"frame":68,"values":[0.8272,-0.0317,-0.561,0,0.0539,0.9983,0.0231,0,-0.5593,0.0493,-0.8275,0,-3.1278,185.6061,-1.1139,1]},
{"frame":69,"values":[0.8021,-0.0314,-0.5964,0,0.0594,0.9979,0.0272,0,-0.5942,0.0572,-0.8023,0,-2.9212,186.1463,-0.4377,1]},
{"frame":70,"values":[0.7803,-0.0269,-0.6248,0,0.0604,0.9976,0.0325,0,-0.6225,0.0631,-0.7801,0,-2.7278,186.7672,-0.1576,1]},
{"frame":71,"values":[0.7704,-0.0194,-0.6373,0,0.059,0.9974,0.041,0,-0.6348,0.0692,-0.7695,0,-2.5678,187.3371,-0.2308,1]},
{"frame":72,"values":[0.7681,-0.0125,-0.6402,0,0.0573,0.9971,0.0492,0,-0.6378,0.0744,-0.7666,0,-2.421,187.7077,-0.4734,1]},
{"frame":73,"values":[0.7693,-0.0073,-0.6388,0,0.0543,0.9971,0.054,0,-0.6366,0.0762,-0.7674,0,-2.2244,187.8651,-0.6519,1]},
{"frame":74,"values":[0.7742,-0.0037,-0.6329,0,0.0497,0.9973,0.0549,0,-0.631,0.0739,-0.7723,0,-1.9328,187.8653,-0.6482,1]},
{"frame":75,"values":[0.7792,-0.0017,-0.6268,0,0.046,0.9975,0.0544,0,-0.6251,0.0712,-0.7773,0,-1.6021,187.7893,-0.5177,1]},
{"frame":76,"values":[0.7849,-0.0003,-0.6196,0,0.0423,0.9977,0.0532,0,-0.6182,0.0679,-0.7831,0,-1.338,187.8669,-0.4136,1]},
{"frame":77,"values":[0.7901,-0.0001,-0.6129,0,0.0402,0.9979,0.0516,0,-0.6116,0.0654,-0.7884,0,-1.2081,188.0181,-0.3939,1]},
{"frame":78,"values":[0.7929,-0.0007,-0.6093,0,0.0395,0.9979,0.0504,0,-0.6081,0.064,-0.7913,0,-1.2191,188.1248,-0.4284,1]}],"loopBehavior":1,"name":"anim","property":"_matrix"}},
{"name":"mixamorig:Spine","index":1,"matrix":[0.9813,-0.0191,-0.1916,0,0.041,0.993,0.111,0,0.1881,-0.1168,0.9752,0,0.0062,19.525,-2.4818,1],"rest":[1,0,0,0,0,1,0,0,0,0,1,0,0.0062,19.525,-2.4818,1],"parentBoneIndex":0,"length":23.0091
,"animation":{"dataType":3,"framePerSecond":24,"keys":[
{"frame":1,"values":[0.9813,-0.0191,-0.1916,0,0.041,0.993,0.111,0,0.1881,-0.1168,0.9752,0,0.0062,19.525,-2.4818,1]},
{"frame":2,"values":[0.9812,-0.0201,-0.1917,0,0.042,0.993,0.1107,0,0.1882,-0.1167,0.9752,0,0.0062,19.525,-2.4818,1]},
{"frame":3,"values":[0.9812,-0.0215,-0.1918,0,0.0433,0.993,0.1101,0,0.1881,-0.1164,0.9752,0,0.0062,19.525,-2.4818,1]},
{"frame":4,"values":[0.9811,-0.0232,-0.1919,0,0.0448,0.993,0.1093,0,0.1881,-0.1159,0.9753,0,0.0062,19.525,-2.4818,1]},
{"frame":5,"values":[0.981,-0.0244,-0.1922,0,0.046,0.993,0.1087,0,0.1882,-0.1154,0.9753,0,0.0062,19.525,-2.4818,1]},
{"frame":6,"values":[0.9809,-0.0249,-0.193,0,0.0465,0.993,0.1082,0,0.189,-0.1151,0.9752,0,0.0062,19.525,-2.4818,1]},
{"frame":7,"values":[0.9803,-0.0258,-0.1959,0,0.0476,0.9931,0.1073,0,0.1918,-0.1145,0.9747,0,0.0062,19.525,-2.4818,1]},
{"frame":8,"values":[0.9766,-0.034,-0.2125,0,0.0566,0.9932,0.1013,0,0.2076,-0.111,0.9719,0,0.0062,19.525,-2.4818,1]},
{"frame":9,"values":[0.9693,-0.0537,-0.2399,0,0.0772,0.993,0.0893,0,0.2334,-0.1051,0.9667,0,0.0062,19.525,-2.4818,1]},
{"frame":10,"values":[0.9677,-0.0703,-0.2422,0,0.0924,0.9924,0.0811,0,0.2346,-0.1008,0.9668,0,0.0062,19.525,-2.4818,1]},
{"frame":11,"values":[0.9759,-0.0719,-0.2058,0,0.0916,0.9919,0.0879,0,0.1978,-0.1047,0.9746,0,0.0062,19.525,-2.4818,1]},
{"frame":12,"values":[0.986,-0.0661,-0.153,0,0.0824,0.9913,0.1029,0,0.1449,-0.1141,0.9828,0,0.0062,19.525,-2.4818,1]},
{"frame":13,"values":[0.9887,-0.0616,-0.1368,0,0.0765,0.9913,0.1067,0,0.129,-0.1159,0.9848,0,0.0062,19.525,-2.4818,1]},
{"frame":14,"values":[0.9825,-0.0604,-0.1764,0,0.0796,0.9914,0.1034,0,0.1686,-0.1157,0.9789,0,0.0062,19.525,-2.4818,1]},
{"frame":15,"values":[0.9741,-0.0532,-0.2199,0,0.0776,0.9916,0.1038,0,0.2125,-0.1182,0.97,0,0.0062,19.525,-2.4818,1]},
{"frame":16,"values":[0.9686,-0.0456,-0.2444,0,0.072,0.9924,0.0999,0,0.238,-0.1144,0.9645,0,0.0062,19.525,-2.4818,1]},
{"frame":17,"values":[0.9671,-0.0469,-0.2501,0,0.0728,0.9928,0.0954,0,0.2438,-0.1104,0.9635,0,0.0062,19.525,-2.4818,1]},
{"frame":18,"values":[0.9732,-0.0445,-0.2257,0,0.0697,0.9921,0.1048,0,0.2192,-0.1177,0.9685,0,0.0062,19.525,-2.4818,1]},
{"frame":19,"values":[0.9846,-0.0419,-0.1697,0,0.0634,0.9903,0.1233,0,0.1629,-0.1322,0.9778,0,0.0062,19.525,-2.4818,1]},
{"frame":20,"values":[0.9923,-0.0397,-0.1177,0,0.0551,0.9899,0.1308,0,0.1113,-0.1363,0.9844,0,0.0062,19.525,-2.4818,1]},
{"frame":21,"values":[0.9928,-0.0368,-0.1137,0,0.0515,0.9903,0.1291,0,0.1079,-0.1341,0.9851,0,0.0062,19.525,-2.4818,1]},
{"frame":22,"values":[0.9901,-0.038,-0.135,0,0.0556,0.9901,0.1291,0,0.1287,-0.1354,0.9824,0,0.0062,19.525,-2.4818,1]},
{"frame":23,"values":[0.9891,-0.0405,-0.1418,0,0.0579,0.991,0.1208,0,0.1356,-0.1277,0.9825,0,0.0062,19.525,-2.4818,1]},
{"frame":24,"values":[0.9883,-0.048,-0.1451,0,0.0636,0.9924,0.1052,0,0.1389,-0.1131,0.9838,0,0.0062,19.525,-2.4818,1]},
{"frame":25,"values":[0.9822,-0.0553,-0.1795,0,0.0739,0.9924,0.0986,0,0.1727,-0.1101,0.9788,0,0.0062,19.525,-2.4818,1]},
{"frame":26,"values":[0.9658,-0.0584,-0.2527,0,0.0887,0.9899,0.1101,0,0.2438,-0.1288,0.9612,0,0.0062,19.525,-2.4818,1]},
{"frame":27,"values":[0.9417,-0.0631,-0.3306,0,0.1063,0.9877,0.1144,0,0.3193,-0.1429,0.9368,0,0.0062,19.525,-2.4818,1]},
{"frame":28,"values":[0.9321,-0.0678,-0.3559,0,0.1117,0.9883,0.1043,0,0.3447,-0.137,0.9287,0,0.0062,19.525,-2.4818,1]},
{"frame":29,"values":[0.9452,-0.0702,-0.319,0,0.1066,0.9894,0.0982,0,0.3087,-0.1269,0.9427,0,0.0062,19.525,-2.4818,1]},
{"frame":30,"values":[0.9584,-0.0894,-0.271,0,0.1196,0.988,0.0973,0,0.2591,-0.1256,0.9577,0,0.0062,19.525,-2.4818,1]},
{"frame":31,"values":[0.9677,-0.1052,-0.2293,0,0.1295,0.9871,0.0939,0,0.2164,-0.1206,0.9688,0,0.0062,19.525,-2.4818,1]},
{"frame":32,"values":[0.9774,-0.1004,-0.1858,0,0.1184,0.989,0.0886,0,0.1749,-0.1087,0.9786,0,0.0062,19.525,-2.4818,1]},
{"frame":33,"values":[0.979,-0.0949,-0.1804,0,0.1119,0.99,0.0862,0,0.1704,-0.1046,0.9798,0,0.0062,19.525,-2.4818,1]},
{"frame":34,"values":[0.9658,-0.0881,-0.2438,0,0.1151,0.9884,0.0987,0,0.2323,-0.1234,0.9648,0,0.0062,19.525,-2.4818,1]},
{"frame":35,"values":[0.9479,-0.0753,-0.3094,0,0.1131,0.9879,0.106,0,0.2977,-0.1355,0.945,0,0.0062,19.525,-2.4818,1]},
{"frame":36,"values":[0.9474,-0.0665,-0.3131,0,0.1028,0.9896,0.1009,0,0.3031,-0.1278,0.9444,0,0.0062,19.525,-2.4818,1]},
{"frame":37,"values":[0.9533,-0.0655,-0.295,0,0.0999,0.9897,0.103,0,0.2852,-0.1277,0.9499,0,0.0062,19.525,-2.4818,1]},
{"frame":38,"values":[0.9582,-0.0694,-0.2777,0,0.1033,0.9886,0.1093,0,0.267,-0.1334,0.9544,0,0.0062,19.525,-2.4818,1]},
{"frame":39,"values":[0.9635,-0.0651,-0.2595,0,0.0975,0.9887,0.1137,0,0.2492,-0.1349,0.959,0,0.0062,19.525,-2.4818,1]},
{"frame":40,"values":[0.9616,-0.0543,-0.2689,0,0.0893,0.9888,0.1195,0,0.2594,-0.139,0.9557,0,0.0062,19.525,-2.4818,1]},
{"frame":41,"values":[0.9523,-0.0587,-0.2996,0,0.0963,0.989,0.1121,0,0.2897,-0.1356,0.9475,0,0.0062,19.525,-2.4818,1]},
{"frame":42,"values":[0.9501,-0.0731,-0.3033,0,0.1083,0.989,0.1008,0,0.2926,-0.1286,0.9475,0,0.0062,19.525,-2.4818,1]},
{"frame":43,"values":[0.9633,-0.074,-0.2579,0,0.1044,0.9888,0.1063,0,0.2471,-0.1293,0.9603,0,0.0062,19.525,-2.4818,1]},
{"frame":44,"values":[0.9844,-0.0633,-0.1644,0,0.0848,0.9883,0.127,0,0.1545,-0.1389,0.9782,0,0.0062,19.525,-2.4818,1]},
{"frame":45,"values":[0.9955,-0.0564,-0.0764,0,0.0661,0.989,0.1321,0,0.0681,-0.1366,0.9883,0,0.0062,19.525,-2.4818,1]},
{"frame":46,"values":[0.9956,-0.0574,-0.074,0,0.0658,0.991,0.1165,0,0.0667,-0.1208,0.9904,0,0.0062,19.525,-2.4818,1]},
{"frame":47,"values":[0.99,-0.0612,-0.1269,0,0.076,0.9904,0.1153,0,0.1186,-0.1238,0.9852,0,0.0062,19.525,-2.4818,1]},
{"frame":48,"values":[0.9802,-0.0568,-0.1899,0,0.0803,0.9897,0.1184,0,0.1813,-0.1312,0.9746,0,0.0062,19.525,-2.4818,1]},
{"frame":49,"values":[0.9589,-0.0413,-0.2806,0,0.0774,0.9899,0.1189,0,0.2728,-0.1357,0.9525,0,0.0062,19.525,-2.4818,1]},
{"frame":50,"values":[0.9325,-0.028,-0.36,0,0.0783,0.9889,0.126,0,0.3525,-0.1457,0.9244,0,0.0062,19.525,-2.4818,1]},
{"frame":51,"values":[0.9304,-0.0236,-0.3659,0,0.0761,0.9886,0.1297,0,0.3587,-0.1485,0.9216,0,0.0062,19.525,-2.4818,1]},
{"frame":52,"values":[0.9424,-0.0239,-0.3337,0,0.0709,0.9891,0.1293,0,0.3269,-0.1455,0.9338,0,0.0062,19.525,-2.4818,1]},
{"frame":53,"values":[0.9503,-0.0326,-0.3097,0,0.0764,0.9885,0.1306,0,0.3019,-0.1478,0.9418,0,0.0062,19.525,-2.4818,1]},
{"frame":54,"values":[0.9651,-0.0372,-0.2591,0,0.0738,0.9884,0.1329,0,0.2511,-0.1474,0.9567,0,0.0062,19.525,-2.4818,1]},
{"frame":55,"values":[0.9874,-0.0299,-0.1553,0,0.0516,0.9891,0.1377,0,0.1495,-0.144,0.9782,0,0.0062,19.525,-2.4818,1]},
{"frame":56,"values":[0.9972,-0.0293,-0.0687,0,0.0383,0.9903,0.1334,0,0.0641,-0.1357,0.9887,0,0.0062,19.525,-2.4818,1]},
{"frame":57,"values":[0.9964,-0.0427,-0.0732,0,0.0512,0.9917,0.1178,0,0.0676,-0.1211,0.9903,0,0.0062,19.525,-2.4818,1]},
{"frame":58,"values":[0.9907,-0.0563,-0.1238,0,0.0698,0.9918,0.1068,0,0.1167,-0.1145,0.9865,0,0.0062,19.525,-2.4818,1]},
{"frame":59,"values":[0.9815,-0.0607,-0.1814,0,0.0811,0.991,0.1069,0,0.1732,-0.1196,0.9776,0,0.0062,19.525,-2.4818,1]},
{"frame":60,"values":[0.963,-0.059,-0.2628,0,0.0916,0.9893,0.1133,0,0.2533,-0.1332,0.9582,0,0.0062,19.525,-2.4818,1]},
{"frame":61,"values":[0.9431,-0.054,-0.3281,0,0.097,0.9885,0.1163,0,0.3181,-0.1415,0.9375,0,0.0062,19.525,-2.4818,1]},
{"frame":62,"values":[0.9411,-0.0474,-0.3348,0,0.0929,0.9883,0.1212,0,0.3251,-0.1452,0.9345,0,0.0062,19.525,-2.4818,1]},
{"frame":63,"values":[0.9445,-0.0433,-0.3257,0,0.0916,0.9867,0.1342,0,0.3155,-0.1566,0.9359,0,0.0062,19.525,-2.4818,1]},
{"frame":64,"values":[0.9459,-0.0402,-0.322,0,0.0906,0.9855,0.1432,0,0.3116,-0.1646,0.9358,0,0.0062,19.525,-2.4818,1]},
{"frame":65,"values":[0.9545,-0.0361,-0.2959,0,0.0833,0.9854,0.1485,0,0.2863,-0.1664,0.9436,0,0.0062,19.525,-2.4818,1]},
{"frame":66,"values":[0.967,-0.035,-0.2523,0,0.0752,0.9856,0.1513,0,0.2434,-0.1653,0.9557,0,0.0062,19.525,-2.4818,1]},
{"frame":67,"values":[0.9762,-0.0349,-0.2139,0,0.0672,0.987,0.1457,0,0.2061,-0.1566,0.9659,0,0.0062,19.525,-2.4818,1]},
{"frame":68,"values":[0.9811,-0.0344,-0.1905,0,0.0613,0.9886,0.1375,0,0.1836,-0.1466,0.972,0,0.0062,19.525,-2.4818,1]},
{"frame":69,"values":[0.983,-0.0346,-0.1804,0,0.0587,0.9898,0.1301,0,0.1741,-0.1384,0.975,0,0.0062,19.525,-2.4818,1]},
{"frame":70,"values":[0.9838,-0.0349,-0.176,0,0.0573,0.9906,0.1238,0,0.17,-0.1319,0.9766,0,0.0062,19.525,-2.4818,1]},
{"frame":71,"values":[0.9845,-0.0344,-0.1717,0,0.0554,0.9914,0.1189,0,0.1662,-0.1266,0.9779,0,0.0062,19.525,-2.4818,1]},
{"frame":72,"values":[0.9847,-0.0315,-0.1711,0,0.0519,0.9919,0.1163,0,0.1661,-0.1234,0.9784,0,0.0062,19.525,-2.4818,1]},
{"frame":73,"values":[0.9842,-0.0275,-0.1747,0,0.0483,0.9921,0.116,0,0.1702,-0.1226,0.9778,0,0.0062,19.525,-2.4818,1]},
{"frame":74,"values":[0.9836,-0.0231,-0.1788,0,0.0443,0.9923,0.1158,0,0.1748,-0.1219,0.977,0,0.0062,19.525,-2.4818,1]},
{"frame":75,"values":[0.9827,-0.0194,-0.184,0,0.0413,0.9924,0.1158,0,0.1804,-0.1214,0.9761,0,0.0062,19.525,-2.4818,1]},
{"frame":76,"values":[0.9819,-0.0186,-0.1886,0,0.0407,0.9926,0.1141,0,0.185,-0.1197,0.9754,0,0.0062,19.525,-2.4818,1]},
{"frame":77,"values":[0.9814,-0.0187,-0.1908,0,0.0406,0.9929,0.1118,0,0.1874,-0.1175,0.9752,0,0.0062,19.525,-2.4818,1]},
{"frame":78,"values":[0.9813,-0.0191,-0.1916,0,0.041,0.993,0.111,0,0.1881,-0.1168,0.9752,0,0.0062,19.525,-2.4818,1]}],"loopBehavior":1,"name":"anim","property":"_matrix"}},
{"name":"mixamorig:Spine1","index":2,"matrix":[0.9972,-0.0042,-0.0748,0,0.0077,0.9989,0.0471,0,0.0745,-0.0475,0.9961,0,-0.0009,22.835,-2.8254,1],"rest":[1,0,0,0,0,1,0,0,0,0,1,0,-0.0009,22.835,-2.8254,1],"parentBoneIndex":1,"length":26.7438
,"animation":{"dataType":3,"framePerSecond":24,"keys":[
{"frame":1,"values":[0.9972,-0.0042,-0.0748,0,0.0077,0.9989,0.0471,0,0.0745,-0.0475,0.9961,0,-0.0009,22.835,-2.8254,1]},
{"frame":2,"values":[0.9972,-0.0046,-0.0748,0,0.0081,0.9989,0.0469,0,0.0745,-0.0474,0.9961,0,-0.0009,22.835,-2.8254,1]},
{"frame":3,"values":[0.9972,-0.0052,-0.0748,0,0.0087,0.9989,0.0467,0,0.0745,-0.0472,0.9961,0,-0.0009,22.835,-2.8254,1]},
{"frame":4,"values":[0.9972,-0.006,-0.0749,0,0.0095,0.9989,0.0463,0,0.0745,-0.0469,0.9961,0,-0.0009,22.835,-2.8254,1]},
{"frame":5,"values":[0.9972,-0.0065,-0.075,0,0.01,0.9989,0.046,0,0.0746,-0.0466,0.9961,0,-0.0009,22.835,-2.8254,1]},
{"frame":6,"values":[0.9971,-0.0067,-0.0753,0,0.0102,0.9989,0.0458,0,0.0749,-0.0465,0.9961,0,-0.0009,22.835,-2.8254,1]},
{"frame":7,"values":[0.9971,-0.0071,-0.0764,0,0.0106,0.9989,0.0454,0,0.076,-0.0461,0.996,0,-0.0009,22.835,-2.8254,1]},
{"frame":8,"values":[0.9965,-0.0103,-0.083,0,0.0139,0.999,0.0433,0,0.0824,-0.0443,0.9956,0,-0.0009,22.835,-2.8254,1]},
{"frame":9,"values":[0.9954,-0.0175,-0.0938,0,0.0213,0.999,0.0391,0,0.093,-0.0409,0.9948,0,-0.0009,22.835,-2.8254,1]},
{"frame":10,"values":[0.9952,-0.0244,-0.0947,0,0.0279,0.999,0.0357,0,0.0937,-0.0382,0.9949,0,-0.0009,22.835,-2.8254,1]},
{"frame":11,"values":[0.9964,-0.0275,-0.0801,0,0.0307,0.9988,0.0382,0,0.079,-0.0405,0.9961,0,-0.0009,22.835,-2.8254,1]},
{"frame":12,"values":[0.9979,-0.0279,-0.0592,0,0.0305,0.9985,0.0447,0,0.0579,-0.0464,0.9972,0,-0.0009,22.835,-2.8254,1]},
{"frame":13,"values":[0.9983,-0.0257,-0.0528,0,0.0282,0.9985,0.0466,0,0.0515,-0.0481,0.9975,0,-0.0009,22.835,-2.8254,1]},
{"frame":14,"values":[0.9974,-0.0223,-0.0684,0,0.0254,0.9987,0.044,0,0.0673,-0.0457,0.9967,0,-0.0009,22.835,-2.8254,1]},
{"frame":15,"values":[0.9962,-0.0162,-0.0856,0,0.02,0.9989,0.0433,0,0.0848,-0.0448,0.9954,0,-0.0009,22.835,-2.8254,1]},
{"frame":16,"values":[0.9954,-0.0109,-0.0955,0,0.0151,0.999,0.0427,0,0.0949,-0.044,0.9945,0,-0.0009,22.835,-2.8254,1]},
{"frame":17,"values":[0.9951,-0.0113,-0.0978,0,0.0155,0.999,0.0422,0,0.0972,-0.0435,0.9943,0,-0.0009,22.835,-2.8254,1]},
{"frame":18,"values":[0.996,-0.013,-0.0881,0,0.0171,0.9988,0.0465,0,0.0874,-0.0479,0.995,0,-0.0009,22.835,-2.8254,1]},
{"frame":19,"values":[0.9977,-0.0156,-0.0659,0,0.0192,0.9983,0.0545,0,0.0649,-0.0556,0.9963,0,-0.0009,22.835,-2.8254,1]},
{"frame":20,"values":[0.9988,-0.0162,-0.0454,0,0.0188,0.9982,0.0576,0,0.0444,-0.0584,0.9973,0,-0.0009,22.835,-2.8254,1]},
{"frame":21,"values":[0.9989,-0.0144,-0.0439,0,0.0169,0.9983,0.0557,0,0.043,-0.0564,0.9975,0,-0.0009,22.835,-2.8254,1]},
{"frame":22,"values":[0.9985,-0.0142,-0.0521,0,0.017,0.9984,0.0541,0,0.0513,-0.0549,0.9972,0,-0.0009,22.835,-2.8254,1]},
{"frame":23,"values":[0.9984,-0.0144,-0.0548,0,0.0172,0.9986,0.0497,0,0.054,-0.0505,0.9973,0,-0.0009,22.835,-2.8254,1]},
{"frame":24,"values":[0.9983,-0.0177,-0.0561,0,0.0201,0.9989,0.0431,0,0.0553,-0.0442,0.9975,0,-0.0009,22.835,-2.8254,1]},
{"frame":25,"values":[0.9974,-0.0203,-0.0696,0,0.0232,0.9989,0.0412,0,0.0687,-0.0427,0.9967,0,-0.0009,22.835,-2.8254,1]},
{"frame":26,"values":[0.995,-0.0183,-0.0985,0,0.0231,0.9986,0.0472,0,0.0975,-0.0493,0.994,0,-0.0009,22.835,-2.8254,1]},
{"frame":27,"values":[0.9914,-0.0168,-0.1298,0,0.0234,0.9985,0.0497,0,0.1288,-0.0523,0.9903,0,-0.0009,22.835,-2.8254,1]},
{"frame":28,"values":[0.9899,-0.0191,-0.1404,0,0.0256,0.9987,0.0443,0,0.1394,-0.0474,0.9891,0,-0.0009,22.835,-2.8254,1]},
{"frame":29,"values":[0.9919,-0.0211,-0.1253,0,0.0264,0.9988,0.0408,0,0.1243,-0.0438,0.9913,0,-0.0009,22.835,-2.8254,1]},
{"frame":30,"values":[0.9939,-0.0302,-0.1057,0,0.0347,0.9986,0.0401,0,0.1043,-0.0436,0.9936,0,-0.0009,22.835,-2.8254,1]},
{"frame":31,"values":[0.9952,-0.04,-0.0889,0,0.0434,0.9984,0.0372,0,0.0873,-0.0408,0.9953,0,-0.0009,22.835,-2.8254,1]},
{"frame":32,"values":[0.9966,-0.0407,-0.0718,0,0.0433,0.9984,0.0354,0,0.0703,-0.0383,0.9968,0,-0.0009,22.835,-2.8254,1]},
{"frame":33,"values":[0.9969,-0.0376,-0.0697,0,0.0403,0.9985,0.0372,0,0.0682,-0.0399,0.9969,0,-0.0009,22.835,-2.8254,1]},
{"frame":34,"values":[0.995,-0.0313,-0.0948,0,0.0356,0.9984,0.0438,0,0.0932,-0.0469,0.9945,0,-0.0009,22.835,-2.8254,1]},
{"frame":35,"values":[0.9923,-0.0247,-0.1213,0,0.0304,0.9985,0.0454,0,0.12,-0.0487,0.9916,0,-0.0009,22.835,-2.8254,1]},
{"frame":36,"values":[0.9922,-0.0221,-0.123,0,0.0274,0.9988,0.0416,0,0.1219,-0.0446,0.9915,0,-0.0009,22.835,-2.8254,1]},
{"frame":37,"values":[0.993,-0.023,-0.1157,0,0.028,0.9987,0.0422,0,0.1146,-0.0451,0.9924,0,-0.0009,22.835,-2.8254,1]},
{"frame":38,"values":[0.9937,-0.0259,-0.1086,0,0.0308,0.9986,0.044,0,0.1073,-0.0471,0.9931,0,-0.0009,22.835,-2.8254,1]},
{"frame":39,"values":[0.9945,-0.025,-0.1013,0,0.0298,0.9985,0.0458,0,0.1,-0.0486,0.9938,0,-0.0009,22.835,-2.8254,1]},
{"frame":40,"values":[0.9943,-0.0193,-0.1052,0,0.0247,0.9985,0.0495,0,0.104,-0.0518,0.9932,0,-0.0009,22.835,-2.8254,1]},
{"frame":41,"values":[0.9929,-0.0184,-0.1175,0,0.0241,0.9986,0.0473,0,0.1165,-0.0498,0.9919,0,-0.0009,22.835,-2.8254,1]},
{"frame":42,"values":[0.9926,-0.024,-0.119,0,0.0293,0.9986,0.0434,0,0.1178,-0.0466,0.9919,0,-0.0009,22.835,-2.8254,1]},
{"frame":43,"values":[0.9945,-0.0278,-0.1007,0,0.0326,0.9984,0.0457,0,0.0993,-0.0488,0.9939,0,-0.0009,22.835,-2.8254,1]},
{"frame":44,"values":[0.9976,-0.0283,-0.0636,0,0.0318,0.998,0.0552,0,0.0619,-0.0571,0.9964,0,-0.0009,22.835,-2.8254,1]},
{"frame":45,"values":[0.9992,-0.0273,-0.0292,0,0.029,0.9978,0.0589,0,0.0275,-0.0597,0.9978,0,-0.0009,22.835,-2.8254,1]},
{"frame":46,"values":[0.9993,-0.0265,-0.0282,0,0.0279,0.9983,0.0508,0,0.0268,-0.0515,0.9983,0,-0.0009,22.835,-2.8254,1]},
{"frame":47,"values":[0.9985,-0.0262,-0.0488,0,0.0286,0.9984,0.0478,0,0.0475,-0.0492,0.9977,0,-0.0009,22.835,-2.8254,1]},
{"frame":48,"values":[0.9971,-0.0209,-0.0736,0,0.0245,0.9985,0.0488,0,0.0725,-0.0504,0.9961,0,-0.0009,22.835,-2.8254,1]},
{"frame":49,"values":[0.9939,-0.0098,-0.1099,0,0.0153,0.9987,0.0496,0,0.1092,-0.051,0.9927,0,-0.0009,22.835,-2.8254,1]},
{"frame":50,"values":[0.9898,-0.0025,-0.1424,0,0.01,0.9986,0.0521,0,0.1421,-0.053,0.9884,0,-0.0009,22.835,-2.8254,1]},
{"frame":51,"values":[0.9894,-0.0017,-0.1449,0,0.0094,0.9986,0.053,0,0.1446,-0.0538,0.988,0,-0.0009,22.835,-2.8254,1]},
{"frame":52,"values":[0.9913,-0.002,-0.1316,0,0.0092,0.9985,0.054,0,0.1313,-0.0548,0.9898,0,-0.0009,22.835,-2.8254,1]},
{"frame":53,"values":[0.9925,-0.0066,-0.1217,0,0.0134,0.9984,0.0554,0,0.1211,-0.0566,0.991,0,-0.0009,22.835,-2.8254,1]},
{"frame":54,"values":[0.9948,-0.0122,-0.1013,0,0.0179,0.9983,0.056,0,0.1005,-0.0575,0.9933,0,-0.0009,22.835,-2.8254,1]},
{"frame":55,"values":[0.9981,-0.0145,-0.0604,0,0.018,0.9981,0.0586,0,0.0594,-0.0596,0.9965,0,-0.0009,22.835,-2.8254,1]},
{"frame":56,"values":[0.9995,-0.017,-0.0265,0,0.0185,0.9981,0.0581,0,0.0255,-0.0586,0.998,0,-0.0009,22.835,-2.8254,1]},
{"frame":57,"values":[0.9994,-0.021,-0.0281,0,0.0224,0.9984,0.051,0,0.027,-0.0516,0.9983,0,-0.0009,22.835,-2.8254,1]},
{"frame":58,"values":[0.9986,-0.0247,-0.0477,0,0.0269,0.9986,0.0459,0,0.0465,-0.0472,0.9978,0,-0.0009,22.835,-2.8254,1]},
{"frame":59,"values":[0.9973,-0.0233,-0.0703,0,0.0267,0.9985,0.0473,0,0.0691,-0.049,0.9964,0,-0.0009,22.835,-2.8254,1]},
{"frame":60,"values":[0.9946,-0.0176,-0.1025,0,0.0229,0.9985,0.0506,0,0.1015,-0.0527,0.9934,0,-0.0009,22.835,-2.8254,1]},
{"frame":61,"values":[0.9915,-0.0144,-0.129,0,0.021,0.9985,0.0499,0,0.1281,-0.0522,0.9904,0,-0.0009,22.835,-2.8254,1]},
{"frame":62,"values":[0.9912,-0.0141,-0.1319,0,0.0209,0.9985,0.0505,0,0.131,-0.0528,0.99,0,-0.0009,22.835,-2.8254,1]},
{"frame":63,"values":[0.9916,-0.0147,-0.1282,0,0.0221,0.9982,0.056,0,0.1271,-0.0584,0.9902,0,-0.0009,22.835,-2.8254,1]},
{"frame":64,"values":[0.9918,-0.0153,-0.1268,0,0.0229,0.998,0.0589,0,0.1256,-0.0614,0.9902,0,-0.0009,22.835,-2.8254,1]},
{"frame":65,"values":[0.9931,-0.0148,-0.1162,0,0.022,0.9979,0.0607,0,0.1151,-0.0629,0.9914,0,-0.0009,22.835,-2.8254,1]},
{"frame":66,"values":[0.995,-0.0145,-0.0986,0,0.0208,0.9978,0.0628,0,0.0975,-0.0645,0.9931,0,-0.0009,22.835,-2.8254,1]},
{"frame":67,"values":[0.9964,-0.0141,-0.0833,0,0.0192,0.9979,0.0611,0,0.0822,-0.0624,0.9947,0,-0.0009,22.835,-2.8254,1]},
{"frame":68,"values":[0.9972,-0.0135,-0.074,0,0.0178,0.9981,0.0583,0,0.0731,-0.0595,0.9956,0,-0.0009,22.835,-2.8254,1]},
{"frame":69,"values":[0.9975,-0.0129,-0.07,0,0.0168,0.9983,0.0556,0,0.0692,-0.0566,0.996,0,-0.0009,22.835,-2.8254,1]},
{"frame":70,"values":[0.9976,-0.0123,-0.0683,0,0.016,0.9985,0.0531,0,0.0675,-0.054,0.9963,0,-0.0009,22.835,-2.8254,1]},
{"frame":71,"values":[0.9977,-0.0115,-0.0666,0,0.0149,0.9986,0.0511,0,0.066,-0.0519,0.9965,0,-0.0009,22.835,-2.8254,1]},
{"frame":72,"values":[0.9977,-0.01,-0.0665,0,0.0133,0.9987,0.0497,0,0.0659,-0.0505,0.9966,0,-0.0009,22.835,-2.8254,1]},
{"frame":73,"values":[0.9977,-0.0085,-0.068,0,0.0119,0.9987,0.0491,0,0.0675,-0.0497,0.9965,0,-0.0009,22.835,-2.8254,1]},
{"frame":74,"values":[0.9975,-0.0069,-0.0697,0,0.0103,0.9988,0.0487,0,0.0692,-0.0493,0.9964,0,-0.0009,22.835,-2.8254,1]},
{"frame":75,"values":[0.9974,-0.0052,-0.0718,0,0.0088,0.9988,0.0488,0,0.0714,-0.0493,0.9962,0,-0.0009,22.835,-2.8254,1]},
{"frame":76,"values":[0.9973,-0.0044,-0.0736,0,0.008,0.9988,0.0484,0,0.0733,-0.0489,0.9961,0,-0.0009,22.835,-2.8254,1]},
{"frame":77,"values":[0.9972,-0.0041,-0.0745,0,0.0077,0.9988,0.0475,0,0.0742,-0.0479,0.9961,0,-0.0009,22.835,-2.8254,1]},
{"frame":78,"values":[0.9972,-0.0042,-0.0748,0,0.0077,0.9989,0.0471,0,0.0745,-0.0475,0.9961,0,-0.0009,22.835,-2.8254,1]}],"loopBehavior":1,"name":"anim","property":"_matrix"}},
{"name":"mixamorig:Spine2","index":3,"matrix":[0.9972,-0.0041,-0.075,0,0.0076,0.9989,0.0466,0,0.0748,-0.0471,0.9961,0,-0.0206,26.5525,-3.1933,1],"rest":[1,0,0,0,0,1,0,0,0,0,1,0,-0.0206,26.5525,-3.1933,1],"parentBoneIndex":2,"length":24.825
,"animation":{"dataType":3,"framePerSecond":24,"keys":[
{"frame":1,"values":[0.9972,-0.0041,-0.075,0,0.0076,0.9989,0.0466,0,0.0748,-0.0471,0.9961,0,-0.0206,26.5525,-3.1933,1]},
{"frame":2,"values":[0.9972,-0.0045,-0.0751,0,0.008,0.9989,0.0465,0,0.0748,-0.0469,0.9961,0,-0.0206,26.5525,-3.1933,1]},
{"frame":3,"values":[0.9972,-0.0051,-0.0751,0,0.0086,0.9989,0.0463,0,0.0748,-0.0468,0.9961,0,-0.0206,26.5525,-3.1933,1]},
{"frame":4,"values":[0.9972,-0.0059,-0.0751,0,0.0093,0.9989,0.0459,0,0.0748,-0.0465,0.9961,0,-0.0206,26.5525,-3.1933,1]},
{"frame":5,"values":[0.9971,-0.0064,-0.0752,0,0.0099,0.9989,0.0456,0,0.0749,-0.0462,0.9961,0,-0.0206,26.5525,-3.1933,1]},
{"frame":6,"values":[0.9971,-0.0066,-0.0756,0,0.01,0.9989,0.0454,0,0.0752,-0.046,0.9961,0,-0.0206,26.5525,-3.1933,1]},
{"frame":7,"values":[0.997,-0.007,-0.0767,0,0.0105,0.9989,0.045,0,0.0763,-0.0457,0.996,0,-0.0206,26.5525,-3.1933,1]},
{"frame":8,"values":[0.9965,-0.0102,-0.0832,0,0.0138,0.999,0.0429,0,0.0827,-0.0439,0.9956,0,-0.0206,26.5525,-3.1933,1]},
{"frame":9,"values":[0.9954,-0.0174,-0.094,0,0.0212,0.999,0.0385,0,0.0933,-0.0403,0.9948,0,-0.0206,26.5525,-3.1933,1]},
{"frame":10,"values":[0.9952,-0.0244,-0.0949,0,0.0278,0.999,0.0351,0,0.0939,-0.0376,0.9949,0,-0.0206,26.5525,-3.1933,1]},
{"frame":11,"values":[0.9964,-0.0274,-0.0803,0,0.0306,0.9988,0.0379,0,0.0792,-0.0402,0.996,0,-0.0206,26.5525,-3.1933,1]},
{"frame":12,"values":[0.9979,-0.0277,-0.0593,0,0.0304,0.9985,0.0447,0,0.058,-0.0464,0.9972,0,-0.0206,26.5525,-3.1933,1]},
{"frame":13,"values":[0.9983,-0.0255,-0.0529,0,0.028,0.9985,0.0466,0,0.0517,-0.048,0.9975,0,-0.0206,26.5525,-3.1933,1]},
{"frame":14,"values":[0.9974,-0.0222,-0.0686,0,0.0253,0.9987,0.0438,0,0.0675,-0.0454,0.9967,0,-0.0206,26.5525,-3.1933,1]},
{"frame":15,"values":[0.9962,-0.0163,-0.0859,0,0.02,0.9989,0.0427,0,0.0851,-0.0442,0.9954,0,-0.0206,26.5525,-3.1933,1]},
{"frame":16,"values":[0.9953,-0.0109,-0.0959,0,0.015,0.999,0.0418,0,0.0954,-0.043,0.9945,0,-0.0206,26.5525,-3.1933,1]},
{"frame":17,"values":[0.9951,-0.0112,-0.0982,0,0.0153,0.999,0.0413,0,0.0977,-0.0426,0.9943,0,-0.0206,26.5525,-3.1933,1]},
{"frame":18,"values":[0.996,-0.0127,-0.0885,0,0.0168,0.9988,0.0459,0,0.0878,-0.0472,0.995,0,-0.0206,26.5525,-3.1933,1]},
{"frame":19,"values":[0.9977,-0.0153,-0.0661,0,0.0189,0.9983,0.0543,0,0.0652,-0.0554,0.9963,0,-0.0206,26.5525,-3.1933,1]},
{"frame":20,"values":[0.9988,-0.016,-0.0455,0,0.0186,0.9982,0.0575,0,0.0445,-0.0583,0.9973,0,-0.0206,26.5525,-3.1933,1]},
{"frame":21,"values":[0.9989,-0.0143,-0.044,0,0.0167,0.9983,0.0557,0,0.0431,-0.0563,0.9975,0,-0.0206,26.5525,-3.1933,1]},
{"frame":22,"values":[0.9985,-0.014,-0.0523,0,0.0169,0.9984,0.0539,0,0.0515,-0.0547,0.9972,0,-0.0206,26.5525,-3.1933,1]},
{"frame":23,"values":[0.9984,-0.0144,-0.055,0,0.0171,0.9986,0.0495,0,0.0542,-0.0504,0.9973,0,-0.0206,26.5525,-3.1933,1]},
{"frame":24,"values":[0.9983,-0.0176,-0.0562,0,0.0201,0.9989,0.043,0,0.0554,-0.044,0.9975,0,-0.0206,26.5525,-3.1933,1]},
{"frame":25,"values":[0.9974,-0.0203,-0.0698,0,0.0232,0.9989,0.0409,0,0.0689,-0.0424,0.9967,0,-0.0206,26.5525,-3.1933,1]},
{"frame":26,"values":[0.9949,-0.0183,-0.0989,0,0.023,0.9987,0.0464,0,0.098,-0.0484,0.994,0,-0.0206,26.5525,-3.1933,1]},
{"frame":27,"values":[0.9913,-0.0171,-0.1305,0,0.0235,0.9986,0.0479,0,0.1295,-0.0506,0.9903,0,-0.0206,26.5525,-3.1933,1]},
{"frame":28,"values":[0.9898,-0.0197,-0.1409,0,0.026,0.9988,0.0424,0,0.1399,-0.0456,0.9891,0,-0.0206,26.5525,-3.1933,1]},
{"frame":29,"values":[0.9918,-0.0216,-0.1257,0,0.0268,0.9989,0.0394,0,0.1247,-0.0424,0.9913,0,-0.0206,26.5525,-3.1933,1]},
{"frame":30,"values":[0.9939,-0.0306,-0.1059,0,0.0349,0.9986,0.0392,0,0.1046,-0.0427,0.9936,0,-0.0206,26.5525,-3.1933,1]},
{"frame":31,"values":[0.9952,-0.0403,-0.0889,0,0.0437,0.9984,0.0368,0,0.0873,-0.0405,0.9954,0,-0.0206,26.5525,-3.1933,1]},
{"frame":32,"values":[0.9966,-0.0408,-0.0718,0,0.0435,0.9984,0.0353,0,0.0702,-0.0383,0.9968,0,-0.0206,26.5525,-3.1933,1]},
{"frame":33,"values":[0.9969,-0.0376,-0.0698,0,0.0402,0.9985,0.037,0,0.0683,-0.0397,0.9969,0,-0.0206,26.5525,-3.1933,1]},
{"frame":34,"values":[0.995,-0.0313,-0.0951,0,0.0355,0.9984,0.0431,0,0.0936,-0.0463,0.9945,0,-0.0206,26.5525,-3.1933,1]},
{"frame":35,"values":[0.9923,-0.0249,-0.1217,0,0.0305,0.9986,0.0442,0,0.1204,-0.0475,0.9916,0,-0.0206,26.5525,-3.1933,1]},
{"frame":36,"values":[0.9921,-0.0225,-0.1233,0,0.0277,0.9988,0.0405,0,0.1223,-0.0436,0.9915,0,-0.0206,26.5525,-3.1933,1]},
{"frame":37,"values":[0.993,-0.0233,-0.1159,0,0.0283,0.9987,0.0413,0,0.1148,-0.0443,0.9924,0,-0.0206,26.5525,-3.1933,1]},
{"frame":38,"values":[0.9937,-0.0263,-0.1088,0,0.0311,0.9986,0.0434,0,0.1075,-0.0465,0.9931,0,-0.0206,26.5525,-3.1933,1]},
{"frame":39,"values":[0.9945,-0.0252,-0.1015,0,0.03,0.9985,0.0454,0,0.1002,-0.0482,0.9938,0,-0.0206,26.5525,-3.1933,1]},
{"frame":40,"values":[0.9942,-0.0195,-0.1054,0,0.0247,0.9985,0.0489,0,0.1043,-0.0512,0.9932,0,-0.0206,26.5525,-3.1933,1]},
{"frame":41,"values":[0.9929,-0.0186,-0.1179,0,0.0242,0.9986,0.0462,0,0.1169,-0.0487,0.992,0,-0.0206,26.5525,-3.1933,1]},
{"frame":42,"values":[0.9926,-0.0242,-0.1194,0,0.0294,0.9987,0.0423,0,0.1182,-0.0455,0.992,0,-0.0206,26.5525,-3.1933,1]},
{"frame":43,"values":[0.9945,-0.0278,-0.1009,0,0.0325,0.9984,0.0452,0,0.0995,-0.0483,0.9939,0,-0.0206,26.5525,-3.1933,1]},
{"frame":44,"values":[0.9976,-0.0281,-0.0637,0,0.0316,0.998,0.0552,0,0.062,-0.0571,0.9964,0,-0.0206,26.5525,-3.1933,1]},
{"frame":45,"values":[0.9992,-0.0272,-0.0291,0,0.0288,0.9978,0.059,0,0.0274,-0.0598,0.9978,0,-0.0206,26.5525,-3.1933,1]},
{"frame":46,"values":[0.9993,-0.0263,-0.0282,0,0.0277,0.9983,0.0509,0,0.0268,-0.0516,0.9983,0,-0.0206,26.5525,-3.1933,1]},
{"frame":47,"values":[0.9985,-0.0261,-0.0489,0,0.0285,0.9984,0.0479,0,0.0475,-0.0492,0.9977,0,-0.0206,26.5525,-3.1933,1]},
{"frame":48,"values":[0.9971,-0.0209,-0.0738,0,0.0245,0.9985,0.0485,0,0.0727,-0.0501,0.9961,0,-0.0206,26.5525,-3.1933,1]},
{"frame":49,"values":[0.9938,-0.01,-0.1104,0,0.0154,0.9987,0.0484,0,0.1098,-0.0498,0.9927,0,-0.0206,26.5525,-3.1933,1]},
{"frame":50,"values":[0.9897,-0.003,-0.1431,0,0.0103,0.9987,0.05,0,0.1428,-0.051,0.9884,0,-0.0206,26.5525,-3.1933,1]},
{"frame":51,"values":[0.9893,-0.0023,-0.1456,0,0.0098,0.9987,0.051,0,0.1453,-0.0518,0.988,0,-0.0206,26.5525,-3.1933,1]},
{"frame":52,"values":[0.9912,-0.0023,-0.1323,0,0.0093,0.9986,0.0523,0,0.132,-0.0531,0.9898,0,-0.0206,26.5525,-3.1933,1]},
{"frame":53,"values":[0.9925,-0.0067,-0.1223,0,0.0134,0.9985,0.054,0,0.1218,-0.0552,0.991,0,-0.0206,26.5525,-3.1933,1]},
{"frame":54,"values":[0.9947,-0.0121,-0.1017,0,0.0178,0.9983,0.0553,0,0.1009,-0.0568,0.9933,0,-0.0206,26.5525,-3.1933,1]},
{"frame":55,"values":[0.9981,-0.0143,-0.0604,0,0.0178,0.9981,0.0586,0,0.0595,-0.0596,0.9965,0,-0.0206,26.5525,-3.1933,1]},
{"frame":56,"values":[0.9995,-0.0168,-0.0263,0,0.0183,0.9981,0.0582,0,0.0253,-0.0587,0.998,0,-0.0206,26.5525,-3.1933,1]},
{"frame":57,"values":[0.9994,-0.0208,-0.028,0,0.0222,0.9984,0.0511,0,0.0269,-0.0517,0.9983,0,-0.0206,26.5525,-3.1933,1]},
{"frame":58,"values":[0.9986,-0.0246,-0.0478,0,0.0268,0.9986,0.046,0,0.0466,-0.0472,0.9978,0,-0.0206,26.5525,-3.1933,1]},
{"frame":59,"values":[0.9972,-0.0231,-0.0705,0,0.0265,0.9985,0.0471,0,0.0693,-0.0488,0.9964,0,-0.0206,26.5525,-3.1933,1]},
{"frame":60,"values":[0.9945,-0.0174,-0.103,0,0.0227,0.9985,0.0496,0,0.102,-0.0517,0.9934,0,-0.0206,26.5525,-3.1933,1]},
{"frame":61,"values":[0.9915,-0.0146,-0.1296,0,0.021,0.9986,0.0483,0,0.1287,-0.0506,0.9904,0,-0.0206,26.5525,-3.1933,1]},
{"frame":62,"values":[0.9911,-0.0144,-0.1324,0,0.0211,0.9986,0.0491,0,0.1315,-0.0514,0.99,0,-0.0206,26.5525,-3.1933,1]},
{"frame":63,"values":[0.9916,-0.015,-0.1286,0,0.0222,0.9982,0.055,0,0.1276,-0.0574,0.9902,0,-0.0206,26.5525,-3.1933,1]},
{"frame":64,"values":[0.9918,-0.0156,-0.1271,0,0.0231,0.998,0.0581,0,0.126,-0.0605,0.9902,0,-0.0206,26.5525,-3.1933,1]},
{"frame":65,"values":[0.9931,-0.015,-0.1165,0,0.0221,0.9979,0.0601,0,0.1154,-0.0623,0.9914,0,-0.0206,26.5525,-3.1933,1]},
{"frame":66,"values":[0.995,-0.0145,-0.0989,0,0.0207,0.9978,0.0624,0,0.0978,-0.0641,0.9931,0,-0.0206,26.5525,-3.1933,1]},
{"frame":67,"values":[0.9964,-0.0139,-0.0835,0,0.019,0.998,0.0608,0,0.0825,-0.0621,0.9947,0,-0.0206,26.5525,-3.1933,1]},
{"frame":68,"values":[0.9972,-0.0133,-0.0742,0,0.0176,0.9982,0.0581,0,0.0733,-0.0592,0.9955,0,-0.0206,26.5525,-3.1933,1]},
{"frame":69,"values":[0.9974,-0.0127,-0.0703,0,0.0166,0.9983,0.0554,0,0.0694,-0.0564,0.996,0,-0.0206,26.5525,-3.1933,1]},
{"frame":70,"values":[0.9976,-0.0121,-0.0685,0,0.0157,0.9985,0.0528,0,0.0678,-0.0538,0.9962,0,-0.0206,26.5525,-3.1933,1]},
{"frame":71,"values":[0.9977,-0.0113,-0.0669,0,0.0147,0.9986,0.0508,0,0.0662,-0.0516,0.9965,0,-0.0206,26.5525,-3.1933,1]},
{"frame":72,"values":[0.9977,-0.0098,-0.0667,0,0.0131,0.9987,0.0494,0,0.0661,-0.0501,0.9965,0,-0.0206,26.5525,-3.1933,1]},
{"frame":73,"values":[0.9976,-0.0084,-0.0682,0,0.0117,0.9987,0.0487,0,0.0677,-0.0494,0.9965,0,-0.0206,26.5525,-3.1933,1]},
{"frame":74,"values":[0.9975,-0.0068,-0.0699,0,0.0102,0.9988,0.0484,0,0.0695,-0.049,0.9964,0,-0.0206,26.5525,-3.1933,1]},
{"frame":75,"values":[0.9974,-0.0051,-0.072,0,0.0086,0.9988,0.0485,0,0.0717,-0.049,0.9962,0,-0.0206,26.5525,-3.1933,1]},
{"frame":76,"values":[0.9973,-0.0043,-0.0738,0,0.0078,0.9988,0.048,0,0.0735,-0.0485,0.9961,0,-0.0206,26.5525,-3.1933,1]},
