{"producer":{"name":"Blender","version":"2.90.0","exporter_version":"2.80.1","file":"fight_kickright.babylon"},
"autoClear":true,"clearColor":[0.0509,0.0509,0.0509],"gravity":[0,-9.81,0],
"materials":[{"name":"Material","id":"Material","customType":"BABYLON.PBRMaterial","backFaceCulling":true,"checkReadyOnlyOnce":false,"maxSimultaneousLights":4,"environmentIntensity":1,"albedo":[0.8,0.8,0.8],"reflectivity":[0.5,0.5,0.5],"roughness":0.4,"alpha":1,"transparencyMode":0,"alphaCutOff":0.4,"metallic":0}],
"multiMaterials":[],
"skeletons":[{"name":"Armature","id":0,"dimensionsAtRest":[379.1952,391.6652,55.677],"bones":[
{"name":"mixamorig:Hips","index":0,"matrix":[0.7462,-0.0429,-0.6643,0,0.1177,0.9907,0.0682,0,-0.6552,0.1291,-0.7443,0,1.4051,193.0468,-5.1396,1],"rest":[1,0,0,0,0,1,0,0,0,0,-1,0,0,201.6394,0,1],"parentBoneIndex":-1,"length":21.6784
,"animation":{"dataType":3,"framePerSecond":24,"keys":[
{"frame":1,"values":[0.7462,-0.0429,-0.6643,0,0.1177,0.9907,0.0682,0,-0.6552,0.1291,-0.7443,0,1.4051,193.0468,-5.1396,1]},
{"frame":2,"values":[0.6568,-0.0294,-0.7535,0,0.1135,0.9917,0.0602,0,-0.7455,0.125,-0.6547,0,1.2553,194.657,-6.7852,1]},
{"frame":3,"values":[0.5693,-0.0228,-0.8218,0,0.1058,0.9933,0.0457,0,-0.8153,0.113,-0.5679,0,1.005,196.1932,-7.4039,1]},
{"frame":4,"values":[0.5304,-0.0302,-0.8472,0,0.0933,0.9954,0.0229,0,-0.8426,0.0912,-0.5307,0,0.6221,196.027,-7.0487,1]},
{"frame":5,"values":[0.5157,-0.037,-0.856,0,0.0789,0.9969,0.0044,0,-0.8531,0.0698,-0.517,0,-0.1097,194.9805,-5.1544,1]},
{"frame":6,"values":[0.529,-0.0474,-0.8473,0,0.0489,0.9985,-0.0253,0,-0.8472,0.028,-0.5305,0,-0.9676,193.2511,-1.6425,1]},
{"frame":7,"values":[0.5799,-0.0556,-0.8128,0,0.0097,0.9981,-0.0613,0,-0.8146,-0.0277,-0.5793,0,-1.9102,190.9951,2.351,1]},
{"frame":8,"values":[0.6618,-0.0599,-0.7473,0,-0.0011,0.9967,-0.0808,0,-0.7497,-0.0543,-0.6595,0,-3.0067,188.6897,5.6048,1]},
{"frame":9,"values":[0.7406,-0.057,-0.6695,0,0.0208,0.9979,-0.062,0,-0.6716,-0.032,-0.7402,0,-4.2008,186.2814,7.7611,1]},
{"frame":10,"values":[0.7834,-0.0208,-0.6212,0,0.0359,0.9993,0.0119,0,-0.6205,0.0316,-0.7836,0,-5.3552,183.8625,8.5035,1]},
{"frame":11,"values":[0.7803,0.05,-0.6235,0,0.0381,0.9912,0.1272,0,-0.6243,0.123,-0.7714,0,-5.8999,182.5575,8.0465,1]},
{"frame":12,"values":[0.7483,0.1218,-0.6521,0,0.0561,0.9678,0.2452,0,-0.661,0.2201,-0.7174,0,-5.2268,183.5574,8.0094,1]},
{"frame":13,"values":[0.7324,0.179,-0.6569,0,0.074,0.9382,0.3381,0,-0.6768,0.2962,-0.6739,0,-4.1229,188.2439,9.0727,1]},
{"frame":14,"values":[0.7548,0.236,-0.612,0,0.045,0.9122,0.4074,0,-0.6544,0.335,-0.6779,0,-3.6962,198.2762,13.8186,1]},
{"frame":15,"values":[0.7951,0.252,-0.5517,0,-0.001,0.9101,0.4143,0,-0.6065,0.3288,-0.7239,0,-4.35,210.0154,19.882,1]},
{"frame":16,"values":[0.8398,0.1993,-0.505,0,0.0141,0.9218,0.3873,0,-0.5427,0.3324,-0.7714,0,-5.3957,221.3143,21.7347,1]},
{"frame":17,"values":[0.9055,0.1315,-0.4034,0,0.0588,0.9027,0.4262,0,-0.4202,0.4096,-0.8097,0,-6.692,228.4013,20.5617,1]},
{"frame":18,"values":[0.9748,0.0752,-0.2099,0,0.044,0.8579,0.512,0,-0.2186,0.5083,-0.833,0,-8.1688,232.2377,18.084,1]},
{"frame":19,"values":[0.9994,-0.0056,-0.0351,0,0.0236,0.8425,0.5382,0,-0.0266,0.5386,-0.8421,0,-8.5701,236.5207,13.889,1]},
{"frame":20,"values":[0.9901,-0.14,0.0035,0,0.1186,0.8511,0.5114,0,0.0746,0.5059,-0.8593,0,-5.8654,240.5127,9.0776,1]},
{"frame":21,"values":[0.9686,-0.2456,-0.0396,0,0.2361,0.8577,0.4567,0,0.0782,0.4517,-0.8888,0,-0.4819,237.9898,8.5831,1]},
{"frame":22,"values":[0.9619,-0.2594,-0.0859,0,0.2723,0.8846,0.3786,0,0.0222,0.3876,-0.9216,0,3.8962,228.5371,9.8925,1]},
{"frame":23,"values":[0.9633,-0.2421,-0.1164,0,0.2677,0.9015,0.3402,0,-0.0226,0.3588,-0.9331,0,5.6514,217.6696,6.1501,1]},
{"frame":24,"values":[0.9598,-0.234,-0.1552,0,0.2765,0.8836,0.3778,0,-0.0487,0.4055,-0.9128,0,6.8906,204.5335,4.1661,1]},
{"frame":25,"values":[0.9546,-0.2423,-0.1732,0,0.2949,0.8503,0.4359,0,-0.0417,0.4672,-0.8832,0,4.9556,194.7717,-1.031,1]},
{"frame":26,"values":[0.9517,-0.2486,-0.18,0,0.3036,0.8479,0.4346,0,-0.0445,0.4683,-0.8824,0,3.3458,188.6315,-4.705,1]},
{"frame":27,"values":[0.95,-0.2519,-0.1846,0,0.3059,0.8695,0.3879,0,-0.0628,0.4249,-0.903,0,2.4775,187.9411,-6.3147,1]},
{"frame":28,"values":[0.96,-0.2395,-0.1452,0,0.2755,0.9005,0.3365,0,-0.0502,0.363,-0.9304,0,0.3925,190.2755,-10.176,1]},
{"frame":29,"values":[0.9779,-0.2082,-0.0182,0,0.2043,0.9339,0.2935,0,0.0441,0.2907,-0.9558,0,-1.9237,192.1437,-14.045,1]},
{"frame":30,"values":[0.9774,-0.1683,0.1277,0,0.133,0.9599,0.2469,0,0.1641,0.2244,-0.9606,0,-3.2669,193.5413,-17.4587,1]},
{"frame":31,"values":[0.9758,-0.1306,0.1751,0,0.0938,0.9745,0.204,0,0.1973,0.1826,-0.9632,0,-3.2252,194.3375,-19.9413,1]},
{"frame":32,"values":[0.9919,-0.0993,0.0794,0,0.084,0.9807,0.1764,0,0.0953,0.1683,-0.9811,0,-2.4408,194.6335,-20.6036,1]},
{"frame":33,"values":[0.9882,-0.0758,-0.133,0,0.0968,0.9825,0.1594,0,-0.1186,0.1704,-0.9782,0,-1.6649,194.3181,-19.8274,1]},
{"frame":34,"values":[0.9252,-0.0635,-0.3742,0,0.1232,0.9828,0.1379,0,-0.359,0.1737,-0.917,0,-1.3286,193.1927,-17.9057,1]},
{"frame":35,"values":[0.83,-0.0634,-0.5541,0,0.1491,0.9826,0.111,0,-0.5374,0.1747,-0.825,0,-1.5107,191.0201,-14.957,1]},
{"frame":36,"values":[0.7579,-0.0706,-0.6486,0,0.1698,0.9812,0.0917,0,-0.6299,0.1797,-0.7556,0,-1.8141,188.7945,-11.7689,1]},
{"frame":37,"values":[0.7277,-0.0767,-0.6816,0,0.18,0.9803,0.0818,0,-0.6619,0.1822,-0.7271,0,-1.8973,187.7233,-9.1852,1]},
{"frame":38,"values":[0.7267,-0.0757,-0.6828,0,0.175,0.9815,0.0774,0,-0.6643,0.1757,-0.7265,0,-1.6246,187.4536,-7.3033,1]},
{"frame":39,"values":[0.7383,-0.0665,-0.6712,0,0.1608,0.9838,0.0794,0,-0.655,0.1665,-0.737,0,-1.146,187.538,-5.818,1]},
{"frame":40,"values":[0.7455,-0.0563,-0.6641,0,0.1477,0.9856,0.0822,0,-0.65,0.1594,-0.7431,0,-0.6463,188.1978,-4.9068,1]},
{"frame":41,"values":[0.7467,-0.0521,-0.6631,0,0.1399,0.9869,0.08,0,-0.6503,0.1525,-0.7442,0,-0.1005,189.1986,-4.7149,1]},
{"frame":42,"values":[0.7485,-0.0509,-0.6612,0,0.1339,0.9881,0.0755,0,-0.6495,0.145,-0.7464,0,0.387,190.0822,-4.9114,1]},
{"frame":43,"values":[0.7469,-0.0498,-0.6631,0,0.129,0.9891,0.071,0,-0.6523,0.1386,-0.7452,0,0.6875,190.7048,-5.1336,1]},
{"frame":44,"values":[0.7403,-0.0485,-0.6706,0,0.1259,0.9897,0.0674,0,-0.6604,0.1344,-0.7388,0,0.853,191.066,-5.2245,1]},
{"frame":45,"values":[0.7364,-0.0475,-0.6748,0,0.1247,0.99,0.0664,0,-0.6649,0.1331,-0.735,0,0.9967,191.2649,-5.2144,1]},
{"frame":46,"values":[0.7399,-0.0486,-0.671,0,0.1258,0.9898,0.067,0,-0.6609,0.134,-0.7384,0,1.1355,191.4445,-5.193,1]},
{"frame":47,"values":[0.7455,-0.0506,-0.6646,0,0.1272,0.9896,0.0674,0,-0.6543,0.1348,-0.7442,0,1.1913,191.6495,-5.1906,1]},
{"frame":48,"values":[0.7474,-0.0507,-0.6624,0,0.127,0.9896,0.0675,0,-0.6521,0.1346,-0.7461,0,1.1719,191.8643,-5.1613,1]},
{"frame":49,"values":[0.7465,-0.0491,-0.6636,0,0.1256,0.9897,0.0681,0,-0.6534,0.1342,-0.745,0,1.1669,192.0954,-5.1042,1]},
{"frame":50,"values":[0.7465,-0.0477,-0.6637,0,0.1243,0.9899,0.0687,0,-0.6537,0.1338,-0.7448,0,1.1963,192.3349,-5.0685,1]},
{"frame":51,"values":[0.7475,-0.0463,-0.6627,0,0.1229,0.99,0.0694,0,-0.6528,0.1333,-0.7457,0,1.2308,192.5583,-5.0504,1]},
{"frame":52,"values":[0.7472,-0.044,-0.6632,0,0.121,0.9901,0.0706,0,-0.6535,0.133,-0.7451,0,1.2754,192.7502,-5.0344,1]},
{"frame":53,"values":[0.7465,-0.0422,-0.6641,0,0.119,0.9904,0.0708,0,-0.6547,0.1319,-0.7443,0,1.345,192.9185,-5.0567,1]},
{"frame":54,"values":[0.7462,-0.0428,-0.6643,0,0.1176,0.9907,0.0683,0,-0.6552,0.1291,-0.7443,0,1.4008,193.0599,-5.1444,1]}],"loopBehavior":1,"name":"anim","property":"_matrix"}},
{"name":"mixamorig:Spine","index":1,"matrix":[1,0.0039,-0.0065,0,-0.0035,0.9974,0.0725,0,0.0068,-0.0725,0.9973,0,0.0062,19.525,-2.4818,1],"rest":[1,0,0,0,0,1,0,0,0,0,1,0,0.0062,19.525,-2.4818,1],"parentBoneIndex":0,"length":23.0091
,"animation":{"dataType":3,"framePerSecond":24,"keys":[
{"frame":1,"values":[1,0.0039,-0.0065,0,-0.0035,0.9974,0.0725,0,0.0068,-0.0725,0.9973,0,0.0062,19.525,-2.4818,1]},
{"frame":2,"values":[0.9999,0.0112,-0.0102,0,-0.0105,0.998,0.0626,0,0.0109,-0.0624,0.998,0,0.0062,19.525,-2.4818,1]},
{"frame":3,"values":[0.9997,0.0191,-0.013,0,-0.0184,0.9985,0.0523,0,0.014,-0.052,0.9985,0,0.0062,19.525,-2.4818,1]},
{"frame":4,"values":[0.9997,0.0213,-0.0115,0,-0.0207,0.9985,0.0503,0,0.0126,-0.0501,0.9987,0,0.0062,19.525,-2.4818,1]},
{"frame":5,"values":[0.9997,0.0238,-0.0056,0,-0.0235,0.9984,0.0514,0,0.0068,-0.0513,0.9987,0,0.0062,19.525,-2.4818,1]},
{"frame":6,"values":[0.9995,0.0316,0.0071,0,-0.0319,0.9982,0.0501,0,-0.0055,-0.0503,0.9987,0,0.0062,19.525,-2.4818,1]},
{"frame":7,"values":[0.9988,0.0398,0.0271,0,-0.041,0.998,0.0476,0,-0.0252,-0.0486,0.9985,0,0.0062,19.525,-2.4818,1]},
{"frame":8,"values":[0.9981,0.0423,0.0451,0,-0.0448,0.9975,0.0554,0,-0.0426,-0.0573,0.9974,0,0.0062,19.525,-2.4818,1]},
{"frame":9,"values":[0.9977,0.0469,0.049,0,-0.0504,0.996,0.0733,0,-0.0454,-0.0756,0.9961,0,0.0062,19.525,-2.4818,1]},
{"frame":10,"values":[0.9974,0.0568,0.0434,0,-0.0605,0.9942,0.0888,0,-0.0381,-0.0912,0.9951,0,0.0062,19.525,-2.4818,1]},
{"frame":11,"values":[0.9976,0.0566,0.0402,0,-0.0603,0.9933,0.099,0,-0.0343,-0.1012,0.9943,0,0.0062,19.525,-2.4818,1]},
{"frame":12,"values":[0.9989,0.0353,0.0319,0,-0.0386,0.9934,0.1081,0,-0.0278,-0.1092,0.9936,0,0.0062,19.525,-2.4818,1]},
{"frame":13,"values":[0.9999,0.0105,0.008,0,-0.0113,0.9934,0.1143,0,-0.0068,-0.1144,0.9934,0,0.0062,19.525,-2.4818,1]},
{"frame":14,"values":[0.9996,-0.0132,-0.0231,0,0.0156,0.9939,0.1089,0,0.0215,-0.1092,0.9938,0,0.0062,19.525,-2.4818,1]},
{"frame":15,"values":[0.9985,-0.0263,-0.0472,0,0.0307,0.995,0.0955,0,0.0444,-0.0968,0.9943,0,0.0062,19.525,-2.4818,1]},
{"frame":16,"values":[0.9974,-0.0239,-0.0679,0,0.0305,0.9948,0.0974,0,0.0652,-0.0992,0.9929,0,0.0062,19.525,-2.4818,1]},
{"frame":17,"values":[0.9976,-0.0245,-0.0653,0,0.0326,0.9914,0.1264,0,0.0616,-0.1283,0.9898,0,0.0062,19.525,-2.4818,1]},
{"frame":18,"values":[0.9989,-0.0388,-0.026,0,0.0425,0.9854,0.1646,0,0.0192,-0.1656,0.986,0,0.0062,19.525,-2.4818,1]},
{"frame":19,"values":[0.9977,-0.0626,0.0261,0,0.0566,0.9801,0.1902,0,-0.0375,-0.1883,0.9814,0,0.0062,19.525,-2.4818,1]},
{"frame":20,"values":[0.9971,-0.0382,0.0659,0,0.0244,0.9799,0.1982,0,-0.0721,-0.196,0.9779,0,0.0062,19.525,-2.4818,1]},
{"frame":21,"values":[0.9961,0.0187,0.0858,0,-0.0345,0.9818,0.1869,0,-0.0807,-0.1891,0.9786,0,0.0062,19.525,-2.4818,1]},
{"frame":22,"values":[0.9951,0.0504,0.0855,0,-0.0637,0.985,0.1604,0,-0.0761,-0.1651,0.9833,0,0.0062,19.525,-2.4818,1]},
{"frame":23,"values":[0.9952,0.05,0.0843,0,-0.0613,0.9887,0.137,0,-0.0765,-0.1415,0.987,0,0.0062,19.525,-2.4818,1]},
{"frame":24,"values":[0.9965,0.0442,0.0715,0,-0.0537,0.9891,0.1369,0,-0.0647,-0.1402,0.988,0,0.0062,19.525,-2.4818,1]},
{"frame":25,"values":[0.9981,0.0303,0.0531,0,-0.0377,0.9889,0.1439,0,-0.0482,-0.1456,0.9882,0,0.0062,19.525,-2.4818,1]},
{"frame":26,"values":[0.9991,0.0142,0.0391,0,-0.0198,0.9892,0.1454,0,-0.0366,-0.146,0.9886,0,0.0062,19.525,-2.4818,1]},
{"frame":27,"values":[0.9997,0.0003,0.0249,0,-0.0038,0.99,0.141,0,-0.0246,-0.1411,0.9897,0,0.0062,19.525,-2.4818,1]},
{"frame":28,"values":[0.9999,-0.0054,0.0158,0,0.0034,0.9918,0.1275,0,-0.0164,-0.1274,0.9917,0,0.0062,19.525,-2.4818,1]},
{"frame":29,"values":[0.9998,-0.0143,0.0165,0,0.0124,0.9939,0.11,0,-0.018,-0.1098,0.9938,0,0.0062,19.525,-2.4818,1]},
{"frame":30,"values":[0.9995,-0.0225,0.0216,0,0.0204,0.9954,0.0935,0,-0.0236,-0.093,0.9954,0,0.0062,19.525,-2.4818,1]},
{"frame":31,"values":[0.9994,-0.0291,0.0171,0,0.0277,0.9965,0.0782,0,-0.0194,-0.0777,0.9968,0,0.0062,19.525,-2.4818,1]},
{"frame":32,"values":[0.9995,-0.0324,0.001,0,0.0323,0.9973,0.0658,0,-0.0031,-0.0658,0.9978,0,0.0062,19.525,-2.4818,1]},
{"frame":33,"values":[0.9994,-0.0292,-0.0195,0,0.0303,0.9978,0.0582,0,0.0178,-0.0588,0.9981,0,0.0062,19.525,-2.4818,1]},
{"frame":34,"values":[0.999,-0.0205,-0.0398,0,0.0227,0.9982,0.0555,0,0.0386,-0.0563,0.9977,0,0.0062,19.525,-2.4818,1]},
{"frame":35,"values":[0.9983,-0.0102,-0.0565,0,0.0135,0.9982,0.0585,0,0.0558,-0.0592,0.9967,0,0.0062,19.525,-2.4818,1]},
{"frame":36,"values":[0.998,-0.005,-0.0631,0,0.0092,0.9978,0.0652,0,0.0627,-0.0657,0.9959,0,0.0062,19.525,-2.4818,1]},
{"frame":37,"values":[0.9984,-0.0052,-0.057,0,0.0092,0.9975,0.07,0,0.0565,-0.0704,0.9959,0,0.0062,19.525,-2.4818,1]},
{"frame":38,"values":[0.999,-0.0045,-0.044,0,0.0076,0.9974,0.0716,0,0.0436,-0.0718,0.9965,0,0.0062,19.525,-2.4818,1]},
{"frame":39,"values":[0.9995,-0.0022,-0.0315,0,0.0045,0.9972,0.074,0,0.0312,-0.0741,0.9968,0,0.0062,19.525,-2.4818,1]},
{"frame":40,"values":[0.9997,-0.0016,-0.0239,0,0.0035,0.997,0.0769,0,0.0237,-0.077,0.9967,0,0.0062,19.525,-2.4818,1]},
{"frame":41,"values":[0.9998,-0.0024,-0.0215,0,0.004,0.997,0.0776,0,0.0212,-0.0777,0.9968,0,0.0062,19.525,-2.4818,1]},
{"frame":42,"values":[0.9998,-0.0025,-0.0201,0,0.004,0.9971,0.0766,0,0.0198,-0.0767,0.9969,0,0.0062,19.525,-2.4818,1]},
{"frame":43,"values":[0.9998,-0.0015,-0.018,0,0.0028,0.9971,0.0756,0,0.0179,-0.0756,0.997,0,0.0062,19.525,-2.4818,1]},
{"frame":44,"values":[0.9999,-0.0001,-0.0169,0,0.0013,0.9972,0.075,0,0.0169,-0.075,0.997,0,0.0062,19.525,-2.4818,1]},
{"frame":45,"values":[0.9999,0.001,-0.0162,0,0.0002,0.9972,0.0752,0,0.0162,-0.0752,0.997,0,0.0062,19.525,-2.4818,1]},
{"frame":46,"values":[0.9999,0.0014,-0.0143,0,-0.0003,0.9971,0.0762,0,0.0143,-0.0761,0.997,0,0.0062,19.525,-2.4818,1]},
{"frame":47,"values":[0.9999,0.0014,-0.0115,0,-0.0005,0.997,0.0768,0,0.0115,-0.0768,0.997,0,0.0062,19.525,-2.4818,1]},
{"frame":48,"values":[1,0.0013,-0.0096,0,-0.0006,0.9971,0.0766,0,0.0097,-0.0766,0.997,0,0.0062,19.525,-2.4818,1]},
{"frame":49,"values":[1,0.001,-0.0093,0,-0.0003,0.9971,0.076,0,0.0094,-0.076,0.9971,0,0.0062,19.525,-2.4818,1]},
{"frame":50,"values":[1,0.0008,-0.0091,0,-0.0002,0.9972,0.0754,0,0.0092,-0.0754,0.9971,0,0.0062,19.525,-2.4818,1]},
{"frame":51,"values":[1,0.001,-0.0084,0,-0.0004,0.9972,0.0746,0,0.0084,-0.0746,0.9972,0,0.0062,19.525,-2.4818,1]},
{"frame":52,"values":[1,0.0014,-0.0077,0,-0.0009,0.9973,0.0738,0,0.0077,-0.0738,0.9972,0,0.0062,19.525,-2.4818,1]},
{"frame":53,"values":[1,0.0019,-0.0072,0,-0.0014,0.9973,0.0732,0,0.0073,-0.0732,0.9973,0,0.0062,19.525,-2.4818,1]},
{"frame":54,"values":[1,0.0021,-0.0069,0,-0.0016,0.9974,0.0725,0,0.007,-0.0725,0.9973,0,0.0062,19.525,-2.4818,1]}],"loopBehavior":1,"name":"anim","property":"_matrix"}},
{"name":"mixamorig:Spine1","index":2,"matrix":[0.9999,0.0054,-0.0134,0,-0.0034,0.9896,0.1441,0,0.0141,-0.1441,0.9895,0,-0.0009,22.835,-2.8254,1],"rest":[1,0,0,0,0,1,0,0,0,0,1,0,-0.0009,22.835,-2.8254,1],"parentBoneIndex":1,"length":26.7439
,"animation":{"dataType":3,"framePerSecond":24,"keys":[
{"frame":1,"values":[0.9999,0.0054,-0.0134,0,-0.0034,0.9896,0.1441,0,0.0141,-0.1441,0.9895,0,-0.0009,22.835,-2.8254,1]},
{"frame":2,"values":[0.9995,0.0256,-0.0194,0,-0.023,0.9919,0.1246,0,0.0224,-0.1241,0.992,0,-0.0009,22.835,-2.8254,1]},
{"frame":3,"values":[0.9988,0.0425,-0.0241,0,-0.0398,0.9937,0.1044,0,0.0284,-0.1033,0.9942,0,-0.0009,22.835,-2.8254,1]},
{"frame":4,"values":[0.9986,0.0483,-0.0204,0,-0.046,0.9939,0.1004,0,0.0252,-0.0993,0.9947,0,-0.0009,22.835,-2.8254,1]},
{"frame":5,"values":[0.9984,0.0559,-0.0078,0,-0.0548,0.9932,0.1024,0,0.0135,-0.1018,0.9947,0,-0.0009,22.835,-2.8254,1]},
{"frame":6,"values":[0.9973,0.0711,0.0189,0,-0.0726,0.9924,0.0989,0,-0.0118,-0.1,0.9949,0,-0.0009,22.835,-2.8254,1]},
{"frame":7,"values":[0.9949,0.0805,0.0603,0,-0.0859,0.992,0.0924,0,-0.0524,-0.0971,0.9939,0,-0.0009,22.835,-2.8254,1]},
{"frame":8,"values":[0.9927,0.0727,0.0962,0,-0.0829,0.9908,0.1068,0,-0.0876,-0.114,0.9896,0,-0.0009,22.835,-2.8254,1]},
{"frame":9,"values":[0.9925,0.0599,0.1068,0,-0.0748,0.9871,0.1416,0,-0.0969,-0.1485,0.9841,0,-0.0009,22.835,-2.8254,1]},
{"frame":10,"values":[0.9936,0.0479,0.1026,0,-0.0651,0.9831,0.1714,0,-0.0926,-0.177,0.9799,0,-0.0009,22.835,-2.8254,1]},
{"frame":11,"values":[0.9951,0.0228,0.0962,0,-0.041,0.9806,0.1915,0,-0.09,-0.1945,0.9768,0,-0.0009,22.835,-2.8254,1]},
{"frame":12,"values":[0.9975,-0.0088,0.0702,0,-0.0062,0.9777,0.2101,0,-0.0705,-0.21,0.9752,0,-0.0009,22.835,-2.8254,1]},
{"frame":13,"values":[0.9994,-0.0317,0.0139,0,0.0279,0.9747,0.2218,0,-0.0206,-0.2212,0.975,0,-0.0009,22.835,-2.8254,1]},
{"frame":14,"values":[0.9971,-0.0449,-0.0617,0,0.0569,0.9759,0.2105,0,0.0508,-0.2134,0.9756,0,-0.0009,22.835,-2.8254,1]},
{"frame":15,"values":[0.9917,-0.044,-0.121,0,0.0661,0.9805,0.1849,0,0.1105,-0.1914,0.9753,0,-0.0009,22.835,-2.8254,1]},
{"frame":16,"values":[0.9894,-0.0246,-0.1428,0,0.052,0.9802,0.1913,0,0.1353,-0.1967,0.9711,0,-0.0009,22.835,-2.8254,1]},
{"frame":17,"values":[0.9936,-0.0124,-0.1127,0,0.0402,0.968,0.2479,0,0.106,-0.2508,0.9622,0,-0.0009,22.835,-2.8254,1]},
{"frame":18,"values":[0.9992,-0.0202,-0.0338,0,0.0299,0.9467,0.3207,0,0.0255,-0.3215,0.9466,0,-0.0009,22.835,-2.8254,1]},
{"frame":19,"values":[0.9986,-0.0057,0.053,0,-0.0142,0.93,0.3672,0,-0.0514,-0.3674,0.9286,0,-0.0009,22.835,-2.8254,1]},
{"frame":20,"values":[0.9917,0.0404,0.1218,0,-0.0839,0.9224,0.377,0,-0.0971,-0.3841,0.9182,0,-0.0009,22.835,-2.8254,1]},
{"frame":21,"values":[0.9837,0.0754,0.163,0,-0.1297,0.9259,0.3548,0,-0.1242,-0.3701,0.9206,0,-0.0009,22.8351,-2.8254,1]},
{"frame":22,"values":[0.982,0.0854,0.1686,0,-0.1349,0.9416,0.3084,0,-0.1324,-0.3256,0.9362,0,-0.0009,22.835,-2.8254,1]},
{"frame":23,"values":[0.9849,0.0822,0.1525,0,-0.1212,0.9561,0.2668,0,-0.1239,-0.2812,0.9516,0,-0.0009,22.835,-2.8254,1]},
{"frame":24,"values":[0.9894,0.0684,0.1281,0,-0.1011,0.9578,0.2692,0,-0.1043,-0.2793,0.9545,0,-0.0009,22.835,-2.8254,1]},
{"frame":25,"values":[0.9946,0.0453,0.0935,0,-0.07,0.9571,0.281,0,-0.0768,-0.286,0.9551,0,-0.0009,22.835,-2.8254,1]},
{"frame":26,"values":[0.998,0.0232,0.0589,0,-0.0389,0.9585,0.2824,0,-0.0499,-0.2842,0.9575,0,-0.0009,22.835,-2.8254,1]},
{"frame":27,"values":[0.9993,0.0145,0.0338,0,-0.0232,0.9616,0.2734,0,-0.0286,-0.274,0.9613,0,-0.0009,22.835,-2.8254,1]},
{"frame":28,"values":[0.9997,0.0024,0.0242,0,-0.0083,0.9686,0.2485,0,-0.0228,-0.2487,0.9683,0,-0.0009,22.835,-2.8254,1]},
{"frame":29,"values":[0.9991,-0.0252,0.0337,0,0.0174,0.9761,0.2167,0,-0.0383,-0.216,0.9757,0,-0.0009,22.835,-2.8254,1]},
{"frame":30,"values":[0.9979,-0.0525,0.0381,0,0.0445,0.9815,0.1862,0,-0.0471,-0.1841,0.9818,0,-0.0009,22.835,-2.8254,1]},
{"frame":31,"values":[0.9979,-0.0625,0.0166,0,0.0592,0.986,0.1559,0,-0.0262,-0.1546,0.9876,0,-0.0009,22.835,-2.8254,1]},
{"frame":32,"values":[0.9982,-0.0566,-0.0209,0,0.0589,0.9897,0.1307,0,0.0133,-0.1316,0.9912,0,-0.0009,22.835,-2.8254,1]},
{"frame":33,"values":[0.9972,-0.0428,-0.062,0,0.0498,0.9921,0.1153,0,0.0566,-0.1181,0.9914,0,-0.0009,22.835,-2.8254,1]},
{"frame":34,"values":[0.9945,-0.0284,-0.1007,0,0.0395,0.9932,0.1099,0,0.0969,-0.1133,0.9888,0,-0.0009,22.835,-2.8254,1]},
{"frame":35,"values":[0.992,-0.019,-0.1251,0,0.0336,0.9927,0.1159,0,0.122,-0.1192,0.9853,0,-0.0009,22.835,-2.8254,1]},
{"frame":36,"values":[0.9922,-0.0128,-0.1239,0,0.0289,0.9911,0.1296,0,0.1212,-0.1322,0.9838,0,-0.0009,22.835,-2.8254,1]},
{"frame":37,"values":[0.9949,-0.007,-0.101,0,0.0211,0.99,0.1395,0,0.099,-0.1409,0.9851,0,-0.0009,22.835,-2.8254,1]},
{"frame":38,"values":[0.9973,-0.0045,-0.0736,0,0.0149,0.9897,0.1427,0,0.0722,-0.1434,0.987,0,-0.0009,22.835,-2.8254,1]},
{"frame":39,"values":[0.9985,-0.0062,-0.0539,0,0.0141,0.989,0.1471,0,0.0524,-0.1477,0.9876,0,-0.0009,22.835,-2.8254,1]},
{"frame":40,"values":[0.9989,-0.008,-0.0454,0,0.0149,0.9881,0.1528,0,0.0436,-0.1533,0.9872,0,-0.0009,22.835,-2.8254,1]},
{"frame":41,"values":[0.9991,-0.0068,-0.0424,0,0.0133,0.988,0.1541,0,0.0408,-0.1545,0.9871,0,-0.0009,22.835,-2.8254,1]},
{"frame":42,"values":[0.9993,-0.004,-0.0382,0,0.0098,0.9883,0.1522,0,0.0371,-0.1525,0.9876,0,-0.0009,22.835,-2.8254,1]},
{"frame":43,"values":[0.9994,-0.0014,-0.0349,0,0.0067,0.9886,0.1502,0,0.0343,-0.1504,0.988,0,-0.0009,22.835,-2.8254,1]},
{"frame":44,"values":[0.9994,0.0004,-0.0337,0,0.0047,0.9888,0.1491,0,0.0333,-0.1492,0.9883,0,-0.0009,22.835,-2.8254,1]},
{"frame":45,"values":[0.9995,0.001,-0.0307,0,0.0036,0.9888,0.1494,0,0.0305,-0.1494,0.9883,0,-0.0009,22.835,-2.8254,1]},
{"frame":46,"values":[0.9997,0.001,-0.0252,0,0.0028,0.9885,0.1513,0,0.025,-0.1514,0.9882,0,-0.0009,22.835,-2.8254,1]},
{"frame":47,"values":[0.9998,0.0006,-0.0207,0,0.0026,0.9883,0.1526,0,0.0206,-0.1527,0.9881,0,-0.0009,22.835,-2.8254,1]},
{"frame":48,"values":[0.9998,0.0001,-0.0193,0,0.0029,0.9883,0.1522,0,0.0191,-0.1522,0.9882,0,-0.0009,22.835,-2.8254,1]},
{"frame":49,"values":[0.9998,-0.0003,-0.0194,0,0.0033,0.9885,0.1511,0,0.0191,-0.1511,0.9883,0,-0.0009,22.835,-2.8254,1]},
{"frame":50,"values":[0.9998,-0.0004,-0.0185,0,0.0031,0.9887,0.1498,0,0.0183,-0.1499,0.9885,0,-0.0009,22.835,-2.8254,1]},
{"frame":51,"values":[0.9999,0.0002,-0.0168,0,0.0023,0.989,0.1482,0,0.0167,-0.1482,0.9888,0,-0.0009,22.835,-2.8254,1]},
{"frame":52,"values":[0.9999,0.0012,-0.0156,0,0.0011,0.9892,0.1467,0,0.0156,-0.1467,0.9891,0,-0.0009,22.835,-2.8254,1]},
{"frame":53,"values":[0.9999,0.0029,-0.0145,0,-0.0007,0.9893,0.1456,0,0.0147,-0.1455,0.9892,0,-0.0009,22.835,-2.8254,1]},
{"frame":54,"values":[0.9999,0.0054,-0.0134,0,-0.0034,0.9896,0.1441,0,0.0141,-0.1441,0.9895,0,-0.0009,22.835,-2.8254,1]}],"loopBehavior":1,"name":"anim","property":"_matrix"}},
{"name":"mixamorig:Spine2","index":3,"matrix":[0.9999,0.0054,-0.0133,0,-0.0034,0.9896,0.1441,0,0.014,-0.1441,0.9895,0,-0.0206,26.5525,-3.1933,1],"rest":[1,0,0,0,0,1,0,0,0,0,1,0,-0.0206,26.5525,-3.1933,1],"parentBoneIndex":2,"length":24.825
,"animation":{"dataType":3,"framePerSecond":24,"keys":[
{"frame":1,"values":[0.9999,0.0054,-0.0133,0,-0.0034,0.9896,0.1441,0,0.014,-0.1441,0.9895,0,-0.0206,26.5525,-3.1933,1]},
{"frame":2,"values":[0.9995,0.0236,-0.0195,0,-0.021,0.992,0.1246,0,0.0223,-0.1242,0.992,0,-0.0206,26.5525,-3.1933,1]},
{"frame":3,"values":[0.9988,0.0422,-0.024,0,-0.0395,0.9938,0.1044,0,0.0283,-0.1033,0.9942,0,-0.0206,26.5525,-3.1933,1]},
{"frame":4,"values":[0.9986,0.0483,-0.0203,0,-0.046,0.9939,0.1004,0,0.0251,-0.0994,0.9947,0,-0.0206,26.5525,-3.1933,1]},
{"frame":5,"values":[0.9984,0.0559,-0.0077,0,-0.0548,0.9932,0.1024,0,0.0133,-0.1018,0.9947,0,-0.0206,26.5525,-3.1933,1]},
{"frame":6,"values":[0.9973,0.0711,0.0191,0,-0.0726,0.9924,0.0989,0,-0.0119,-0.1,0.9949,0,-0.0206,26.5525,-3.1933,1]},
{"frame":7,"values":[0.9949,0.0805,0.0604,0,-0.0858,0.992,0.0924,0,-0.0525,-0.0971,0.9939,0,-0.0206,26.5525,-3.1933,1]},
{"frame":8,"values":[0.9927,0.0726,0.0964,0,-0.0829,0.9908,0.1067,0,-0.0878,-0.1139,0.9896,0,-0.0206,26.5525,-3.1933,1]},
{"frame":9,"values":[0.9925,0.0598,0.107,0,-0.0747,0.9871,0.1415,0,-0.0972,-0.1484,0.9841,0,-0.0206,26.5525,-3.1933,1]},
{"frame":10,"values":[0.9935,0.0477,0.1029,0,-0.0649,0.9831,0.1712,0,-0.093,-0.1768,0.9798,0,-0.0206,26.5525,-3.1933,1]},
{"frame":11,"values":[0.9951,0.0224,0.0968,0,-0.0407,0.9807,0.1913,0,-0.0906,-0.1943,0.9767,0,-0.0206,26.5525,-3.1933,1]},
{"frame":12,"values":[0.9974,-0.0091,0.0709,0,-0.006,0.9777,0.2099,0,-0.0712,-0.2098,0.9752,0,-0.0206,26.5525,-3.1933,1]},
{"frame":13,"values":[0.9994,-0.0319,0.0144,0,0.0279,0.9747,0.2217,0,-0.0211,-0.2212,0.975,0,-0.0206,26.5525,-3.1933,1]},
{"frame":14,"values":[0.9971,-0.0446,-0.0615,0,0.0566,0.9759,0.2106,0,0.0506,-0.2135,0.9756,0,-0.0206,26.5525,-3.1933,1]},
{"frame":15,"values":[0.9917,-0.0436,-0.121,0,0.0657,0.9805,0.1851,0,0.1106,-0.1915,0.9752,0,-0.0206,26.5525,-3.1933,1]},
{"frame":16,"values":[0.9895,-0.0244,-0.1428,0,0.0518,0.9802,0.1914,0,0.1353,-0.1967,0.9711,0,-0.0206,26.5525,-3.1933,1]},
{"frame":17,"values":[0.9936,-0.012,-0.1126,0,0.0398,0.9679,0.248,0,0.106,-0.2509,0.9622,0,-0.0206,26.5525,-3.1933,1]},
{"frame":18,"values":[0.9992,-0.02,-0.0337,0,0.0298,0.9467,0.3207,0,0.0255,-0.3215,0.9466,0,-0.0206,26.5526,-3.1933,1]},
{"frame":19,"values":[0.9986,-0.0059,0.0526,0,-0.0138,0.93,0.3672,0,-0.0511,-0.3674,0.9286,0,-0.0206,26.5525,-3.1933,1]},
{"frame":20,"values":[0.9918,0.0399,0.1211,0,-0.0832,0.9223,0.3773,0,-0.0967,-0.3843,0.9181,0,-0.0206,26.5525,-3.1933,1]},
{"frame":21,"values":[0.9838,0.0748,0.1627,0,-0.1291,0.9259,0.3551,0,-0.1241,-0.3703,0.9206,0,-0.0206,26.5525,-3.1933,1]},
{"frame":22,"values":[0.982,0.0854,0.1683,0,-0.1348,0.9416,0.3086,0,-0.1321,-0.3258,0.9362,0,-0.0206,26.5525,-3.1933,1]},
{"frame":23,"values":[0.9849,0.0834,0.1514,0,-0.122,0.9559,0.267,0,-0.1225,-0.2815,0.9517,0,-0.0206,26.5525,-3.1933,1]},
{"frame":24,"values":[0.9894,0.0685,0.1278,0,-0.1011,0.9577,0.2693,0,-0.104,-0.2794,0.9545,0,-0.0206,26.5525,-3.1933,1]},
{"frame":25,"values":[0.9946,0.045,0.0937,0,-0.0698,0.9572,0.281,0,-0.077,-0.286,0.9551,0,-0.0206,26.5525,-3.1933,1]},
{"frame":26,"values":[0.998,0.0229,0.0593,0,-0.0387,0.9585,0.2824,0,-0.0503,-0.2841,0.9575,0,-0.0206,26.5525,-3.1933,1]},
{"frame":27,"values":[0.9993,0.0143,0.0339,0,-0.023,0.9616,0.2734,0,-0.0287,-0.274,0.9613,0,-0.0206,26.5525,-3.1933,1]},
{"frame":28,"values":[0.9997,0.0023,0.0241,0,-0.0082,0.9686,0.2486,0,-0.0227,-0.2487,0.9683,0,-0.0206,26.5525,-3.1933,1]},
{"frame":29,"values":[0.9991,-0.0253,0.0335,0,0.0174,0.9761,0.2168,0,-0.0382,-0.216,0.9757,0,-0.0206,26.5525,-3.1933,1]},
{"frame":30,"values":[0.9979,-0.0525,0.0379,0,0.0446,0.9815,0.1862,0,-0.047,-0.1842,0.9818,0,-0.0206,26.5525,-3.1933,1]},
{"frame":31,"values":[0.9979,-0.0625,0.0166,0,0.0592,0.986,0.1559,0,-0.0261,-0.1546,0.9876,0,-0.0206,26.5525,-3.1933,1]},
{"frame":32,"values":[0.9982,-0.0567,-0.0208,0,0.0589,0.9897,0.1307,0,0.0132,-0.1317,0.9912,0,-0.0206,26.5525,-3.1933,1]},
{"frame":33,"values":[0.9972,-0.0428,-0.062,0,0.0497,0.9921,0.1153,0,0.0565,-0.1181,0.9914,0,-0.0206,26.5525,-3.1933,1]},
{"frame":34,"values":[0.9945,-0.0284,-0.1006,0,0.0394,0.9931,0.11,0,0.0967,-0.1134,0.9888,0,-0.0206,26.5525,-3.1933,1]},
{"frame":35,"values":[0.992,-0.0189,-0.125,0,0.0335,0.9927,0.1161,0,0.1218,-0.1193,0.9853,0,-0.0206,26.5525,-3.1933,1]},
{"frame":36,"values":[0.9922,-0.0127,-0.1237,0,0.0289,0.9911,0.1298,0,0.1209,-0.1324,0.9838,0,-0.0206,26.5525,-3.1933,1]},
{"frame":37,"values":[0.9949,-0.0069,-0.1008,0,0.0211,0.99,0.1396,0,0.0988,-0.1411,0.9851,0,-0.0206,26.5525,-3.1933,1]},
{"frame":38,"values":[0.9973,-0.0044,-0.0734,0,0.0149,0.9896,0.1428,0,0.072,-0.1435,0.987,0,-0.0206,26.5525,-3.1933,1]},
{"frame":39,"values":[0.9985,-0.0062,-0.0538,0,0.014,0.989,0.1472,0,0.0523,-0.1477,0.9876,0,-0.0206,26.5525,-3.1933,1]},
{"frame":40,"values":[0.9989,-0.008,-0.0453,0,0.0148,0.9881,0.1528,0,0.0435,-0.1533,0.9872,0,-0.0206,26.5525,-3.1933,1]},
{"frame":41,"values":[0.9991,-0.0068,-0.0422,0,0.0132,0.988,0.1541,0,0.0407,-0.1545,0.9871,0,-0.0206,26.5525,-3.1933,1]},
{"frame":42,"values":[0.9993,-0.004,-0.038,0,0.0098,0.9883,0.1522,0,0.037,-0.1525,0.9876,0,-0.0206,26.5525,-3.1933,1]},
{"frame":43,"values":[0.9994,-0.0014,-0.0348,0,0.0066,0.9886,0.1503,0,0.0342,-0.1504,0.988,0,-0.0206,26.5525,-3.1933,1]},
{"frame":44,"values":[0.9994,0.0004,-0.0335,0,0.0046,0.9888,0.1491,0,0.0332,-0.1492,0.9883,0,-0.0206,26.5525,-3.1933,1]},
{"frame":45,"values":[0.9995,0.001,-0.0305,0,0.0036,0.9888,0.1494,0,0.0303,-0.1495,0.9883,0,-0.0206,26.5525,-3.1933,1]},
{"frame":46,"values":[0.9997,0.001,-0.025,0,0.0028,0.9885,0.1514,0,0.0249,-0.1514,0.9882,0,-0.0206,26.5525,-3.1933,1]},
{"frame":47,"values":[0.9998,0.0006,-0.0206,0,0.0025,0.9883,0.1526,0,0.0205,-0.1527,0.9881,0,-0.0206,26.5525,-3.1933,1]},
{"frame":48,"values":[0.9998,0.0001,-0.0192,0,0.0029,0.9883,0.1522,0,0.019,-0.1522,0.9882,0,-0.0206,26.5525,-3.1933,1]},
{"frame":49,"values":[0.9998,-0.0003,-0.0193,0,0.0033,0.9885,0.1511,0,0.019,-0.1511,0.9883,0,-0.0206,26.5525,-3.1933,1]},
{"frame":50,"values":[0.9998,-0.0004,-0.0184,0,0.0031,0.9887,0.1498,0,0.0182,-0.1499,0.9885,0,-0.0206,26.5525,-3.1933,1]},
{"frame":51,"values":[0.9999,0.0002,-0.0167,0,0.0023,0.989,0.1482,0,0.0166,-0.1482,0.9888,0,-0.0206,26.5525,-3.1933,1]},
{"frame":52,"values":[0.9999,0.0012,-0.0155,0,0.0011,0.9892,0.1467,0,0.0155,-0.1467,0.9891,0,-0.0206,26.5525,-3.1933,1]},
{"frame":53,"values":[0.9999,0.0029,-0.0144,0,-0.0007,0.9893,0.1456,0,0.0147,-0.1455,0.9892,0,-0.0206,26.5525,-3.1933,1]},
{"frame":54,"values":[0.9999,0.0054,-0.0133,0,-0.0034,0.9896,0.1441,0,0.014,-0.1441,0.9895,0,-0.0206,26.5525,-3.1933,1]}],"loopBehavior":1,"name":"anim","property":"_matrix"}},
{"name":"mixamorig:Neck","index":4,"matrix":[0.9948,0.0298,-0.0979,0,-0.0282,0.9994,0.0184,0,0.0984,-0.0155,0.995,0,-0.06,30.7018,1.3522,1],"rest":[1,0,0,0,0,1,0,0,0,0,1,0,-0.06,30.7018,1.3522,1],"parentBoneIndex":3,"length":22.8446
,"animation":{"dataType":3,"framePerSecond":24,"keys":[
{"frame":1,"values":[0.9948,0.0298,-0.0979,0,-0.0282,0.9994,0.0184,0,0.0984,-0.0155,0.995,0,-0.06,30.7018,1.3522,1]},
{"frame":2,"values":[0.9957,0.0194,-0.0905,0,-0.0182,0.9997,0.0143,0,0.0908,-0.0126,0.9958,0,-0.06,30.7018,1.3522,1]},
{"frame":3,"values":[0.9963,0.0121,-0.0851,0,-0.0115,0.9999,0.0078,0,0.0852,-0.0068,0.9963,0,-0.06,30.7018,1.3522,1]},
{"frame":4,"values":[0.9957,0.0069,-0.0924,0,-0.007,1,-0.0009,0,0.0924,0.0016,0.9957,0,-0.06,30.7018,1.3522,1]},
{"frame":5,"values":[0.9941,-0.0181,-0.1072,0,0.017,0.9998,-0.0109,0,0.1073,0.009,0.9942,0,-0.06,30.7019,1.3522,1]},
{"frame":6,"values":[0.9904,-0.056,-0.1266,0,0.0536,0.9983,-0.0223,0,0.1276,0.0154,0.9917,0,-0.06,30.7018,1.3522,1]},
{"frame":7,"values":[0.9869,-0.0745,-0.143,0,0.0699,0.9969,-0.0364,0,0.1452,0.026,0.9891,0,-0.06,30.7018,1.3522,1]},
{"frame":8,"values":[0.9878,-0.0538,-0.1465,0,0.0448,0.997,-0.0636,0,0.1494,0.0563,0.9872,0,-0.06,30.7018,1.3522,1]},
{"frame":9,"values":[0.9898,-0.0283,-0.1394,0,0.0136,0.9944,-0.1049,0,0.1416,0.102,0.9847,0,-0.06,30.7018,1.3522,1]},
{"frame":10,"values":[0.9904,-0.0272,-0.1357,0,0.0099,0.992,-0.1259,0,0.1381,0.1233,0.9827,0,-0.06,30.7018,1.3522,1]},
{"frame":11,"values":[0.9896,-0.0253,-0.1414,0,0.0103,0.9943,-0.1059,0,0.1433,0.1034,0.9843,0,-0.06,30.7018,1.3522,1]},
{"frame":12,"values":[0.9901,-0.009,-0.14,0,0.0001,0.998,-0.0634,0,0.1402,0.0627,0.9881,0,-0.06,30.7018,1.3522,1]},
{"frame":13,"values":[0.9931,0.0085,-0.1169,0,-0.0119,0.9995,-0.0276,0,0.1166,0.0288,0.9928,0,-0.06,30.7018,1.3522,1]},
{"frame":14,"values":[0.997,0.0115,-0.0762,0,-0.0104,0.9998,0.016,0,0.0763,-0.0152,0.997,0,-0.06,30.7018,1.3522,1]},
{"frame":15,"values":[0.9993,-0.0046,-0.0383,0,0.0075,0.997,0.0765,0,0.0378,-0.0768,0.9963,0,-0.06,30.7018,1.3522,1]},
{"frame":16,"values":[0.9997,-0.0224,-0.0131,0,0.0238,0.9929,0.1168,0,0.0104,-0.1171,0.9931,0,-0.06,30.7018,1.3522,1]},
{"frame":17,"values":[0.9999,-0.0092,0.0079,0,0.0081,0.9917,0.128,0,-0.009,-0.128,0.9917,0,-0.06,30.7018,1.3522,1]},
{"frame":18,"values":[0.9994,0.0241,0.0251,0,-0.0271,0.9918,0.125,0,-0.0219,-0.1256,0.9918,0,-0.06,30.7018,1.3522,1]},
{"frame":19,"values":[0.9987,0.0392,0.0314,0,-0.0425,0.9926,0.1137,0,-0.0267,-0.1149,0.993,0,-0.06,30.7018,1.3522,1]},
{"frame":20,"values":[0.9995,0.0247,0.0217,0,-0.0268,0.9942,0.1041,0,-0.019,-0.1046,0.9943,0,-0.06,30.7018,1.3522,1]},
{"frame":21,"values":[1,0.0003,0.0038,0,-0.0007,0.9944,0.1056,0,-0.0038,-0.1056,0.9944,0,-0.06,30.7018,1.3522,1]},
{"frame":22,"values":[0.9999,-0.0083,-0.006,0,0.009,0.9934,0.1141,0,0.005,-0.1142,0.9934,0,-0.06,30.7018,1.3522,1]},
{"frame":23,"values":[1,-0.0045,-0.0067,0,0.0053,0.9931,0.1169,0,0.0061,-0.117,0.9931,0,-0.06,30.7018,1.3522,1]},
{"frame":24,"values":[1,0.0055,-0.0052,0,-0.0049,0.9939,0.11,0,0.0058,-0.11,0.9939,0,-0.06,30.7018,1.3522,1]},
{"frame":25,"values":[0.9995,0.0327,0.0004,0,-0.0325,0.9951,0.0929,0,0.0027,-0.0929,0.9957,0,-0.06,30.7018,1.3522,1]},
{"frame":26,"values":[0.9981,0.0616,0.008,0,-0.062,0.9961,0.0629,0,-0.0041,-0.0633,0.998,0,-0.06,30.7018,1.3522,1]},
{"frame":27,"values":[0.9973,0.0731,0.0116,0,-0.0734,0.9969,0.0271,0,-0.0096,-0.0279,0.9996,0,-0.06,30.7018,1.3522,1]},
{"frame":28,"values":[0.9968,0.0792,0.0133,0,-0.0793,0.9968,0.0038,0,-0.0129,-0.0049,0.9999,0,-0.06,30.7018,1.3522,1]},
{"frame":29,"values":[0.9953,0.0943,0.0216,0,-0.0944,0.9955,0.0025,0,-0.0213,-0.0045,0.9998,0,-0.06,30.7018,1.3522,1]},
{"frame":30,"values":[0.9937,0.1049,0.0389,0,-0.1053,0.9944,0.0079,0,-0.0379,-0.0119,0.9992,0,-0.06,30.7018,1.3522,1]},
{"frame":31,"values":[0.9944,0.0912,0.0529,0,-0.0919,0.9957,0.0119,0,-0.0516,-0.0167,0.9985,0,-0.06,30.7019,1.3522,1]},
{"frame":32,"values":[0.9972,0.056,0.0489,0,-0.057,0.9982,0.0178,0,-0.0478,-0.0205,0.9986,0,-0.06,30.7018,1.3522,1]},
{"frame":33,"values":[0.9995,0.0179,0.0245,0,-0.0185,0.9996,0.0218,0,-0.0241,-0.0223,0.9995,0,-0.06,30.7018,1.3522,1]},
{"frame":34,"values":[0.9999,-0.0062,-0.0088,0,0.0064,0.9997,0.025,0,0.0086,-0.025,0.9996,0,-0.06,30.7018,1.3522,1]},
{"frame":35,"values":[0.9993,-0.0097,-0.0373,0,0.0108,0.9995,0.0291,0,0.037,-0.0295,0.9989,0,-0.06,30.7018,1.3522,1]},
{"frame":36,"values":[0.9984,-0.0022,-0.0568,0,0.0037,0.9996,0.027,0,0.0567,-0.0271,0.998,0,-0.06,30.7018,1.3522,1]},
{"frame":37,"values":[0.9975,0.0037,-0.0707,0,-0.0024,0.9998,0.0183,0,0.0708,-0.0181,0.9973,0,-0.06,30.7018,1.3522,1]},
{"frame":38,"values":[0.9967,0.0074,-0.0806,0,-0.0061,0.9999,0.0158,0,0.0807,-0.0152,0.9966,0,-0.06,30.7018,1.3522,1]},
{"frame":39,"values":[0.9963,0.0107,-0.0858,0,-0.009,0.9997,0.0207,0,0.086,-0.0198,0.9961,0,-0.06,30.7018,1.3522,1]},
{"frame":40,"values":[0.996,0.0127,-0.0879,0,-0.0108,0.9997,0.0223,0,0.0882,-0.0213,0.9959,0,-0.06,30.7018,1.3522,1]},
{"frame":41,"values":[0.9959,0.014,-0.0895,0,-0.0123,0.9997,0.0199,0,0.0897,-0.0187,0.9958,0,-0.06,30.7018,1.3522,1]},
{"frame":42,"values":[0.9957,0.0165,-0.0914,0,-0.0147,0.9997,0.0205,0,0.0917,-0.0191,0.9956,0,-0.06,30.7018,1.3522,1]},
{"frame":43,"values":[0.9955,0.021,-0.0929,0,-0.0188,0.9995,0.0243,0,0.0934,-0.0225,0.9954,0,-0.06,30.7019,1.3522,1]},
{"frame":44,"values":[0.9953,0.0252,-0.0939,0,-0.0228,0.9994,0.0263,0,0.0945,-0.024,0.9952,0,-0.06,30.7018,1.3522,1]},
{"frame":45,"values":[0.9951,0.0274,-0.0951,0,-0.025,0.9994,0.0256,0,0.0957,-0.0231,0.9951,0,-0.06,30.7018,1.3522,1]},
{"frame":46,"values":[0.9949,0.0291,-0.0964,0,-0.0268,0.9993,0.0243,0,0.0971,-0.0216,0.995,0,-0.06,30.7018,1.3522,1]},
{"frame":47,"values":[0.9948,0.0319,-0.097,0,-0.0299,0.9993,0.0223,0,0.0976,-0.0192,0.995,0,-0.06,30.7018,1.3522,1]},
{"frame":48,"values":[0.9947,0.0343,-0.0964,0,-0.0326,0.9993,0.0196,0,0.097,-0.0164,0.9951,0,-0.06,30.7018,1.3522,1]},
{"frame":49,"values":[0.9948,0.0349,-0.0959,0,-0.0334,0.9993,0.0177,0,0.0965,-0.0144,0.9952,0,-0.06,30.7018,1.3522,1]},
{"frame":50,"values":[0.9948,0.0351,-0.0958,0,-0.0336,0.9993,0.0168,0,0.0964,-0.0135,0.9953,0,-0.06,30.7018,1.3522,1]},
{"frame":51,"values":[0.9948,0.0354,-0.0956,0,-0.0339,0.9993,0.0171,0,0.0961,-0.0137,0.9953,0,-0.06,30.7018,1.3522,1]},
{"frame":52,"values":[0.9948,0.0344,-0.0959,0,-0.0329,0.9993,0.018,0,0.0964,-0.0147,0.9952,0,-0.06,30.7018,1.3522,1]},
{"frame":53,"values":[0.9948,0.032,-0.0969,0,-0.0303,0.9994,0.0187,0,0.0975,-0.0157,0.9951,0,-0.06,30.7018,1.3522,1]},
{"frame":54,"values":[0.9948,0.0299,-0.0975,0,-0.0282,0.9994,0.0187,0,0.098,-0.0159,0.9951,0,-0.06,30.7018,1.3522,1]}],"loopBehavior":1,"name":"anim","property":"_matrix"}},
{"name":"mixamorig:Head","index":5,"matrix":[0.8173,-0.1962,-0.5418,0,0.2092,0.9771,-0.0382,0,0.5369,-0.0821,0.8396,0,-0.0872,22.5476,3.6709,1],"rest":[1,0,0,0,0,1,0,0,0,0,1,0,-0.0872,22.5476,3.6709,1],"parentBoneIndex":4,"length":30.5923
,"animation":{"dataType":3,"framePerSecond":24,"keys":[
{"frame":1,"values":[0.8173,-0.1962,-0.5418,0,0.2092,0.9771,-0.0382,0,0.5369,-0.0821,0.8396,0,-0.0872,22.5476,3.6709,1]},
{"frame":2,"values":[0.8484,-0.1842,-0.4963,0,0.2135,0.9769,0.0024,0,0.4845,-0.108,0.8681,0,-0.0872,22.5476,3.6709,1]},
{"frame":3,"values":[0.8659,-0.1755,-0.4685,0,0.2188,0.975,0.0392,0,0.4499,-0.1365,0.8826,0,-0.0872,22.5476,3.6709,1]},
{"frame":4,"values":[0.8516,-0.176,-0.4937,0,0.221,0.9747,0.0339,0,0.4753,-0.138,0.869,0,-0.0872,22.5476,3.6709,1]},
{"frame":5,"values":[0.8306,-0.1869,-0.5245,0,0.2103,0.9775,-0.0152,0,0.5156,-0.0977,0.8512,0,-0.0872,22.5476,3.6709,1]},
{"frame":6,"values":[0.795,-0.223,-0.5642,0,0.2064,0.9739,-0.0941,0,0.5705,-0.0417,0.8203,0,-0.0872,22.5476,3.6709,1]},
{"frame":7,"values":[0.7476,-0.2677,-0.6078,0,0.2062,0.9635,-0.1707,0,0.6314,0.0023,0.7755,0,-0.0872,22.5476,3.6709,1]},
{"frame":8,"values":[0.7248,-0.2908,-0.6246,0,0.1933,0.956,-0.2208,0,0.6613,0.0393,0.7491,0,-0.0872,22.5476,3.6709,1]},
{"frame":9,"values":[0.74,-0.29,-0.6069,0,0.1788,0.9546,-0.2381,0,0.6485,0.0677,0.7582,0,-0.0872,22.5476,3.6709,1]},
{"frame":10,"values":[0.7443,-0.2985,-0.5974,0,0.1954,0.9527,-0.2326,0,0.6386,0.0564,0.7675,0,-0.0872,22.5476,3.6709,1]},
{"frame":11,"values":[0.7084,-0.3246,-0.6268,0,0.2436,0.9458,-0.2146,0,0.6625,-0.0007,0.7491,0,-0.0872,22.5476,3.6709,1]},
{"frame":12,"values":[0.6985,-0.3292,-0.6354,0,0.2688,0.9436,-0.1934,0,0.6632,-0.0357,0.7476,0,-0.0872,22.5476,3.6709,1]},
{"frame":13,"values":[0.7749,-0.2935,-0.5599,0,0.2488,0.9558,-0.1566,0,0.5811,-0.0179,0.8136,0,-0.0872,22.5476,3.6709,1]},
{"frame":14,"values":[0.8918,-0.2146,-0.3983,0,0.2095,0.9761,-0.057,0,0.4011,-0.0326,0.9155,0,-0.0872,22.5476,3.6709,1]},
{"frame":15,"values":[0.9691,-0.1328,-0.2081,0,0.1568,0.9822,0.1035,0,0.1906,-0.1329,0.9726,0,-0.0872,22.5476,3.6709,1]},
{"frame":16,"values":[0.996,-0.0799,-0.04,0,0.0869,0.9711,0.2222,0,0.0211,-0.2248,0.9742,0,-0.0872,22.5476,3.6709,1]},
{"frame":17,"values":[0.9976,-0.0307,0.0615,0,0.0148,0.9697,0.2438,0,-0.0671,-0.2424,0.9679,0,-0.0872,22.5476,3.6709,1]},
{"frame":18,"values":[0.996,-0.0008,0.0898,0,-0.0183,0.9772,0.2114,0,-0.088,-0.2122,0.9733,0,-0.0872,22.5476,3.6709,1]},
{"frame":19,"values":[0.9971,-0.0116,0.0758,0,-0.002,0.9844,0.1757,0,-0.0766,-0.1753,0.9815,0,-0.0872,22.5477,3.6709,1]},
{"frame":20,"values":[0.9985,-0.0485,0.0253,0,0.0438,0.9858,0.1624,0,-0.0328,-0.161,0.9864,0,-0.0872,22.5476,3.6709,1]},
{"frame":21,"values":[0.9959,-0.0834,-0.0351,0,0.0885,0.9785,0.1864,0,0.0188,-0.1887,0.9818,0,-0.0872,22.5476,3.6709,1]},
{"frame":22,"values":[0.9927,-0.1004,-0.0675,0,0.1138,0.964,0.2403,0,0.041,-0.2462,0.9683,0,-0.0872,22.5476,3.6709,1]},
{"frame":23,"values":[0.9926,-0.095,-0.075,0,0.1128,0.9513,0.2868,0,0.0441,-0.2931,0.9551,0,-0.0872,22.5476,3.6709,1]},
{"frame":24,"values":[0.9946,-0.0722,-0.0739,0,0.091,0.9509,0.2958,0,0.049,-0.301,0.9524,0,-0.0872,22.5476,3.6709,1]},
{"frame":25,"values":[0.9965,-0.0392,-0.0732,0,0.0573,0.9629,0.2638,0,0.0601,-0.2671,0.9618,0,-0.0872,22.5476,3.6709,1]},
{"frame":26,"values":[0.9978,-0.0084,-0.0664,0,0.0217,0.9792,0.2016,0,0.0633,-0.2026,0.9772,0,-0.0872,22.5476,3.6709,1]},
{"frame":27,"values":[0.9985,0.0163,-0.0525,0,-0.0085,0.9894,0.1451,0,0.0543,-0.1445,0.988,0,-0.0872,22.5477,3.6709,1]},
{"frame":28,"values":[0.9982,0.0514,-0.0308,0,-0.0471,0.9908,0.1268,0,0.037,-0.1252,0.9914,0,-0.0872,22.5476,3.6709,1]},
{"frame":29,"values":[0.9957,0.0911,0.0173,0,-0.0926,0.9868,0.1331,0,-0.0049,-0.1341,0.991,0,-0.0872,22.5476,3.6709,1]},
{"frame":30,"values":[0.9896,0.1074,0.0957,0,-0.1197,0.9838,0.1337,0,-0.0798,-0.1438,0.9864,0,-0.0872,22.5476,3.6709,1]},
{"frame":31,"values":[0.9838,0.091,0.1545,0,-0.1122,0.9846,0.1342,0,-0.14,-0.1493,0.9788,0,-0.0872,22.5476,3.6709,1]},
{"frame":32,"values":[0.9892,0.0541,0.1359,0,-0.0744,0.986,0.1493,0,-0.1259,-0.1578,0.9794,0,-0.0872,22.5476,3.6709,1]},
{"frame":33,"values":[0.9995,0.0061,0.0317,0,-0.0112,0.9868,0.1613,0,-0.0303,-0.1616,0.9864,0,-0.0872,22.5476,3.6709,1]},
{"frame":34,"values":[0.9925,-0.0474,-0.1126,0,0.0637,0.9872,0.146,0,0.1043,-0.1521,0.9829,0,-0.0872,22.5476,3.6709,1]},
{"frame":35,"values":[0.9654,-0.0931,-0.2436,0,0.1231,0.9862,0.111,0,0.2299,-0.1371,0.9635,0,-0.0872,22.5476,3.6709,1]},
{"frame":36,"values":[0.9329,-0.1189,-0.3401,0,0.1523,0.9856,0.0734,0,0.3264,-0.1203,0.9375,0,-0.0872,22.5476,3.6709,1]},
{"frame":37,"values":[0.9038,-0.1348,-0.4062,0,0.1645,0.9856,0.039,0,0.3951,-0.102,0.913,0,-0.0872,22.5476,3.6709,1]},
