{"producer":{"name":"Blender","version":"2.90.0","exporter_version":"2.80.1","file":"fight_punchleft.babylon"},
"autoClear":true,"clearColor":[0.0509,0.0509,0.0509],"gravity":[0,-9.81,0],
"materials":[{"name":"Material","id":"Material","customType":"BABYLON.PBRMaterial","backFaceCulling":true,"checkReadyOnlyOnce":false,"maxSimultaneousLights":4,"environmentIntensity":1,"albedo":[0.8,0.8,0.8],"reflectivity":[0.5,0.5,0.5],"roughness":0.4,"alpha":1,"transparencyMode":0,"alphaCutOff":0.4,"metallic":0}],
"multiMaterials":[],
"skeletons":[{"name":"Armature","id":0,"dimensionsAtRest":[379.1952,391.6652,55.677],"bones":[
{"name":"mixamorig:Hips","index":0,"matrix":[0.9415,-0.0293,-0.3359,0,0.0005,0.9963,-0.0856,0,-0.3371,-0.0804,-0.938,0,0.0767,186.6494,0.9182,1],"rest":[1,0,0,0,0,1,0,0,0,0,-1,0,0,201.6394,0,1],"parentBoneIndex":-1,"length":21.6784
,"animation":{"dataType":3,"framePerSecond":24,"keys":[
{"frame":1,"values":[0.9415,-0.0293,-0.3359,0,0.0005,0.9963,-0.0856,0,-0.3371,-0.0804,-0.938,0,0.0767,186.6494,0.9182,1]},
{"frame":2,"values":[0.9521,-0.0323,-0.3039,0,0.0027,0.9952,-0.0974,0,-0.3056,-0.0919,-0.9477,0,0.5012,186.6469,0.2103,1]},
{"frame":3,"values":[0.9623,-0.0354,-0.2698,0,0.0061,0.9941,-0.1087,0,-0.272,-0.103,-0.9568,0,0.734,186.6056,-0.436,1]},
{"frame":4,"values":[0.9705,-0.0388,-0.2381,0,0.0104,0.9928,-0.1191,0,-0.241,-0.1132,-0.9639,0,0.8259,186.4104,-0.9591,1]},
{"frame":5,"values":[0.9765,-0.0406,-0.2115,0,0.0139,0.9919,-0.126,0,-0.2149,-0.1201,-0.9692,0,0.709,185.7872,-1.0463,1]},
{"frame":6,"values":[0.9813,-0.0394,-0.1882,0,0.0144,0.9911,-0.1323,0,-0.1917,-0.1271,-0.9732,0,0.675,184.6968,-0.7893,1]},
{"frame":7,"values":[0.9813,-0.0435,-0.1876,0,0.0166,0.9896,-0.1431,0,-0.1919,-0.1373,-0.9718,0,0.6447,183.2504,-0.5398,1]},
{"frame":8,"values":[0.9609,-0.0558,-0.2713,0,0.0142,0.9881,-0.1531,0,-0.2767,-0.1433,-0.9502,0,0.9298,181.8892,-0.9038,1]},
{"frame":9,"values":[0.8799,-0.0646,-0.4707,0,-0.0065,0.989,-0.1479,0,-0.4751,-0.1332,-0.8698,0,1.8855,181.2145,-2.622,1]},
{"frame":10,"values":[0.6799,-0.0579,-0.7311,0,-0.0425,0.9921,-0.118,0,-0.7321,-0.1113,-0.672,0,3.2081,181.4595,-5.8657,1]},
{"frame":11,"values":[0.4054,-0.0462,-0.913,0,-0.0644,0.9948,-0.0789,0,-0.9119,-0.0908,-0.4003,0,4.3458,181.9173,-9.5758,1]},
{"frame":12,"values":[0.2012,-0.0494,-0.9783,0,-0.0566,0.9965,-0.062,0,-0.9779,-0.0679,-0.1977,0,5.6671,181.4607,-12.2784,1]},
{"frame":13,"values":[0.1196,-0.0664,-0.9906,0,-0.0389,0.9967,-0.0715,0,-0.9921,-0.0471,-0.1166,0,7.7635,180.5596,-13.1287,1]},
{"frame":14,"values":[0.1239,-0.0892,-0.9883,0,-0.0339,0.995,-0.0941,0,-0.9917,-0.0452,-0.1203,0,10.6316,180.0356,-12.6414,1]},
{"frame":15,"values":[0.1534,-0.0991,-0.9832,0,-0.0451,0.9932,-0.1071,0,-0.9871,-0.0607,-0.1479,0,13.061,180.1881,-11.7915,1]},
{"frame":16,"values":[0.1795,-0.0917,-0.9795,0,-0.0635,0.9925,-0.1046,0,-0.9817,-0.081,-0.1724,0,14.3596,180.6256,-11.2571,1]},
{"frame":17,"values":[0.1971,-0.0743,-0.9776,0,-0.0811,0.9925,-0.0918,0,-0.977,-0.0974,-0.1896,0,14.6264,181.2998,-10.7992,1]},
{"frame":18,"values":[0.2272,-0.055,-0.9723,0,-0.0915,0.9928,-0.0776,0,-0.9695,-0.1066,-0.2206,0,14.0373,182.4464,-9.8104,1]},
{"frame":19,"values":[0.2936,-0.039,-0.9551,0,-0.0915,0.9934,-0.0686,0,-0.9516,-0.1075,-0.2881,0,12.5415,184.0582,-7.9101,1]},
{"frame":20,"values":[0.3967,-0.0267,-0.9176,0,-0.0845,0.9943,-0.0655,0,-0.9141,-0.1035,-0.3921,0,10.2254,185.8656,-5.334,1]},
{"frame":21,"values":[0.5089,-0.0143,-0.8607,0,-0.0788,0.9949,-0.0632,0,-0.8572,-0.1,-0.5052,0,7.3865,187.7271,-2.6656,1]},
{"frame":22,"values":[0.6088,-0.0035,-0.7933,0,-0.0745,0.9953,-0.0616,0,-0.7898,-0.0966,-0.6057,0,4.4199,189.4824,-0.4582,1]},
{"frame":23,"values":[0.6889,-0.0018,-0.7249,0,-0.064,0.9959,-0.0634,0,-0.7221,-0.09,-0.686,0,1.8869,190.5358,0.9618,1]},
{"frame":24,"values":[0.7493,-0.0095,-0.6621,0,-0.0453,0.9968,-0.0656,0,-0.6607,-0.0792,-0.7465,0,0.1493,190.5989,1.7246,1]},
{"frame":25,"values":[0.7986,-0.0187,-0.6015,0,-0.0254,0.9976,-0.0647,0,-0.6013,-0.0669,-0.7962,0,-0.8165,189.8172,2.1708,1]},
{"frame":26,"values":[0.8461,-0.0212,-0.5325,0,-0.0124,0.9982,-0.0593,0,-0.5328,-0.0568,-0.8443,0,-1.5522,188.8519,2.5896,1]},
{"frame":27,"values":[0.8904,-0.0213,-0.4546,0,-0.0039,0.9985,-0.0544,0,-0.4551,-0.0502,-0.889,0,-2.3333,188.0587,2.8635,1]},
{"frame":28,"values":[0.9195,-0.0232,-0.3925,0,0.0019,0.9985,-0.0546,0,-0.3932,-0.0495,-0.9181,0,-2.6871,187.5335,2.7639,1]},
{"frame":29,"values":[0.9291,-0.0252,-0.369,0,0.0024,0.9981,-0.0619,0,-0.3698,-0.0566,-0.9274,0,-1.8688,187.0775,2.2768,1]},
{"frame":30,"values":[0.9324,-0.0266,-0.3604,0,0,0.9973,-0.0737,0,-0.3614,-0.0687,-0.9299,0,-0.6193,186.7412,1.6245,1]},
{"frame":31,"values":[0.9415,-0.0293,-0.3359,0,0.0005,0.9963,-0.0856,0,-0.3371,-0.0804,-0.938,0,0.0767,186.6494,0.9182,1]}],"loopBehavior":1,"name":"anim","property":"_matrix"}},
{"name":"mixamorig:Spine","index":1,"matrix":[0.9976,0.0693,0.0081,0,-0.0686,0.9955,-0.0658,0,-0.0126,0.0651,0.9978,0,0.0062,19.525,-2.4818,1],"rest":[1,0,0,0,0,1,0,0,0,0,1,0,0.0062,19.525,-2.4818,1],"parentBoneIndex":0,"length":23.0091
,"animation":{"dataType":3,"framePerSecond":24,"keys":[
{"frame":1,"values":[0.9976,0.0693,0.0081,0,-0.0686,0.9955,-0.0658,0,-0.0126,0.0651,0.9978,0,0.0062,19.525,-2.4818,1]},
{"frame":2,"values":[0.9977,0.0669,0.0087,0,-0.0662,0.9956,-0.0665,0,-0.0131,0.0658,0.9977,0,0.0062,19.525,-2.4818,1]},
{"frame":3,"values":[0.9978,0.0651,0.009,0,-0.0643,0.9956,-0.068,0,-0.0134,0.0673,0.9976,0,0.0062,19.525,-2.4818,1]},
{"frame":4,"values":[0.9979,0.0643,0.0087,0,-0.0635,0.9955,-0.0708,0,-0.0133,0.0701,0.9975,0,0.0062,19.525,-2.4818,1]},
{"frame":5,"values":[0.9979,0.0649,0.007,0,-0.0642,0.9951,-0.0755,0,-0.0119,0.0749,0.9971,0,0.0062,19.525,-2.4818,1]},
{"frame":6,"values":[0.9979,0.0648,0.0049,0,-0.0642,0.9951,-0.0757,0,-0.0098,0.0752,0.9971,0,0.0062,19.525,-2.4818,1]},
{"frame":7,"values":[0.9979,0.064,-0.0014,0,-0.0639,0.9954,-0.0717,0,-0.0032,0.0717,0.9974,0,0.0062,19.525,-2.4818,1]},
{"frame":8,"values":[0.9978,0.0647,-0.0157,0,-0.0656,0.9957,-0.065,0,0.0114,0.0659,0.9978,0,0.0062,19.525,-2.4818,1]},
{"frame":9,"values":[0.9973,0.0652,-0.0347,0,-0.0671,0.9962,-0.0555,0,0.031,0.0576,0.9979,0,0.0062,19.525,-2.4818,1]},
{"frame":10,"values":[0.997,0.0583,-0.0505,0,-0.0605,0.9972,-0.043,0,0.0478,0.046,0.9978,0,0.0062,19.525,-2.4818,1]},
{"frame":11,"values":[0.9976,0.0403,-0.057,0,-0.0422,0.9986,-0.0321,0,0.0557,0.0345,0.9979,0,0.0062,19.525,-2.4818,1]},
{"frame":12,"values":[0.9985,0.0174,-0.0517,0,-0.0189,0.9994,-0.0287,0,0.0511,0.0297,0.9983,0,0.0062,19.525,-2.4818,1]},
{"frame":13,"values":[0.9994,-0.0079,-0.0347,0,0.0068,0.9995,-0.0321,0,0.0349,0.0318,0.9989,0,0.0062,19.525,-2.4818,1]},
{"frame":14,"values":[0.9996,-0.0287,-0.0086,0,0.0284,0.9989,-0.0363,0,0.0097,0.0361,0.9993,0,0.0062,19.525,-2.4818,1]},
{"frame":15,"values":[0.999,-0.0405,0.0178,0,0.0411,0.9985,-0.0373,0,-0.0162,0.038,0.9991,0,0.0062,19.525,-2.4818,1]},
{"frame":16,"values":[0.9988,-0.0357,0.033,0,0.0369,0.9987,-0.0364,0,-0.0316,0.0375,0.9988,0,0.0062,19.525,-2.4818,1]},
{"frame":17,"values":[0.9992,-0.0211,0.0336,0,0.0223,0.9991,-0.0367,0,-0.0327,0.0375,0.9988,0,0.0062,19.525,-2.4818,1]},
{"frame":18,"values":[0.9997,-0.0057,0.0251,0,0.0067,0.9992,-0.0398,0,-0.0249,0.0399,0.9989,0,0.0062,19.525,-2.4818,1]},
{"frame":19,"values":[0.9998,0.007,0.0179,0,-0.0061,0.999,-0.0446,0,-0.0182,0.0445,0.9988,0,0.0062,19.525,-2.4818,1]},
{"frame":20,"values":[0.9997,0.0186,0.0152,0,-0.0179,0.9986,-0.0503,0,-0.0161,0.05,0.9986,0,0.0062,19.525,-2.4818,1]},
{"frame":21,"values":[0.9995,0.0286,0.0132,0,-0.0278,0.998,-0.0559,0,-0.0148,0.0555,0.9983,0,0.0062,19.525,-2.4818,1]},
{"frame":22,"values":[0.9993,0.0356,0.0091,0,-0.035,0.9975,-0.061,0,-0.0113,0.0607,0.9981,0,0.0062,19.525,-2.4818,1]},
{"frame":23,"values":[0.9991,0.0426,0.0037,0,-0.0422,0.997,-0.0651,0,-0.0064,0.0649,0.9979,0,0.0062,19.525,-2.4818,1]},
{"frame":24,"values":[0.9987,0.0515,-0.0008,0,-0.0514,0.9964,-0.0674,0,-0.0027,0.0673,0.9977,0,0.0062,19.525,-2.4818,1]},
{"frame":25,"values":[0.9981,0.062,-0.0025,0,-0.062,0.9958,-0.0675,0,-0.0017,0.0675,0.9977,0,0.0062,19.525,-2.4818,1]},
{"frame":26,"values":[0.9976,0.0693,-0.0002,0,-0.0692,0.9954,-0.0664,0,-0.0045,0.0663,0.9978,0,0.0062,19.525,-2.4818,1]},
{"frame":27,"values":[0.9972,0.0741,0.0041,0,-0.0737,0.9951,-0.0657,0,-0.0089,0.0653,0.9978,0,0.0062,19.525,-2.4818,1]},
{"frame":28,"values":[0.9971,0.0764,0.0069,0,-0.0757,0.995,-0.0658,0,-0.0119,0.0651,0.9978,0,0.0062,19.525,-2.4818,1]},
{"frame":29,"values":[0.9971,0.0754,0.0075,0,-0.0748,0.995,-0.0656,0,-0.0124,0.0649,0.9978,0,0.0062,19.525,-2.4818,1]},
{"frame":30,"values":[0.9974,0.0722,0.0075,0,-0.0715,0.9953,-0.0655,0,-0.0122,0.0648,0.9978,0,0.0062,19.525,-2.4818,1]},
{"frame":31,"values":[0.9976,0.0693,0.0081,0,-0.0686,0.9955,-0.0658,0,-0.0126,0.0651,0.9978,0,0.0062,19.525,-2.4818,1]}],"loopBehavior":1,"name":"anim","property":"_matrix"}},
{"name":"mixamorig:Spine1","index":2,"matrix":[0.9984,0.0517,0.0221,0,-0.0509,0.998,-0.0385,0,-0.024,0.0373,0.999,0,-0.0009,22.835,-2.8254,1],"rest":[1,0,0,0,0,1,0,0,0,0,1,0,-0.0009,22.835,-2.8254,1],"parentBoneIndex":1,"length":26.7438
,"animation":{"dataType":3,"framePerSecond":24,"keys":[
{"frame":1,"values":[0.9984,0.0517,0.0221,0,-0.0509,0.998,-0.0385,0,-0.024,0.0373,0.999,0,-0.0009,22.835,-2.8254,1]},
{"frame":2,"values":[0.9985,0.0498,0.0232,0,-0.0488,0.998,-0.0404,0,-0.0252,0.0392,0.9989,0,-0.0009,22.835,-2.8254,1]},
{"frame":3,"values":[0.9986,0.0475,0.0239,0,-0.0464,0.998,-0.0433,0,-0.0259,0.0421,0.9988,0,-0.0009,22.835,-2.8254,1]},
{"frame":4,"values":[0.9987,0.0449,0.0231,0,-0.0438,0.9979,-0.0481,0,-0.0252,0.047,0.9986,0,-0.0009,22.835,-2.8254,1]},
{"frame":5,"values":[0.999,0.0406,0.0211,0,-0.0395,0.9979,-0.0521,0,-0.0232,0.0512,0.9984,0,-0.0009,22.835,-2.8254,1]},
{"frame":6,"values":[0.9992,0.0351,0.0168,0,-0.0342,0.9982,-0.0489,0,-0.0185,0.0483,0.9987,0,-0.0009,22.835,-2.8254,1]},
{"frame":7,"values":[0.9995,0.0314,0.0031,0,-0.0313,0.9987,-0.0411,0,-0.0044,0.041,0.9992,0,-0.0009,22.835,-2.8254,1]},
{"frame":8,"values":[0.9992,0.0323,-0.0245,0,-0.0331,0.9989,-0.0334,0,0.0234,0.0342,0.9991,0,-0.0009,22.835,-2.8254,1]},
{"frame":9,"values":[0.9977,0.0367,-0.0577,0,-0.0384,0.9989,-0.0274,0,0.0566,0.0296,0.998,0,-0.0009,22.835,-2.8254,1]},
{"frame":10,"values":[0.9957,0.0412,-0.0825,0,-0.0431,0.9988,-0.0215,0,0.0815,0.025,0.9964,0,-0.0009,22.835,-2.8254,1]},
{"frame":11,"values":[0.9952,0.0389,-0.0893,0,-0.0405,0.9991,-0.0157,0,0.0886,0.0192,0.9959,0,-0.0009,22.835,-2.8254,1]},
{"frame":12,"values":[0.9971,0.0251,-0.0721,0,-0.0261,0.9996,-0.0133,0,0.0718,0.0151,0.9973,0,-0.0009,22.835,-2.8254,1]},
{"frame":13,"values":[0.9994,0.008,-0.034,0,-0.0085,0.9999,-0.0141,0,0.0339,0.0144,0.9993,0,-0.0009,22.835,-2.8254,1]},
{"frame":14,"values":[0.9999,0.0029,0.0156,0,-0.0027,0.9999,-0.0129,0,-0.0157,0.0128,0.9998,0,-0.0009,22.835,-2.8254,1]},
{"frame":15,"values":[0.9982,0.0113,0.0589,0,-0.0109,0.9999,-0.0079,0,-0.059,0.0073,0.9982,0,-0.0009,22.835,-2.8254,1]},
{"frame":16,"values":[0.9965,0.0226,0.081,0,-0.0223,0.9997,-0.0041,0,-0.0811,0.0023,0.9967,0,-0.0009,22.835,-2.8254,1]},
{"frame":17,"values":[0.9963,0.0281,0.0815,0,-0.0278,0.9996,-0.0045,0,-0.0816,0.0022,0.9967,0,-0.0009,22.835,-2.8254,1]},
{"frame":18,"values":[0.9972,0.0318,0.0676,0,-0.0313,0.9995,-0.0077,0,-0.0678,0.0056,0.9977,0,-0.0009,22.835,-2.8254,1]},
{"frame":19,"values":[0.9978,0.0396,0.0523,0,-0.039,0.9992,-0.0122,0,-0.0527,0.0102,0.9986,0,-0.0009,22.835,-2.8254,1]},
{"frame":20,"values":[0.9979,0.0484,0.0426,0,-0.0477,0.9987,-0.0185,0,-0.0434,0.0164,0.9989,0,-0.0009,22.835,-2.8254,1]},
{"frame":21,"values":[0.998,0.0529,0.0357,0,-0.0519,0.9983,-0.0262,0,-0.037,0.0243,0.999,0,-0.0009,22.835,-2.8254,1]},
{"frame":22,"values":[0.9982,0.0545,0.0267,0,-0.0535,0.998,-0.0342,0,-0.0285,0.0327,0.9991,0,-0.0009,22.835,-2.8254,1]},
{"frame":23,"values":[0.9982,0.0573,0.016,0,-0.0566,0.9976,-0.0408,0,-0.0183,0.0398,0.999,0,-0.0009,22.835,-2.8254,1]},
{"frame":24,"values":[0.9981,0.0606,0.0082,0,-0.0602,0.9972,-0.0442,0,-0.0108,0.0436,0.999,0,-0.0009,22.835,-2.8254,1]},
{"frame":25,"values":[0.9981,0.0611,0.0063,0,-0.0608,0.9972,-0.0439,0,-0.009,0.0434,0.999,0,-0.0009,22.835,-2.8254,1]},
{"frame":26,"values":[0.9982,0.0584,0.0112,0,-0.0579,0.9975,-0.0411,0,-0.0136,0.0404,0.9991,0,-0.0009,22.835,-2.8254,1]},
{"frame":27,"values":[0.9983,0.0553,0.0183,0,-0.0546,0.9978,-0.0385,0,-0.0204,0.0374,0.9991,0,-0.0009,22.835,-2.8254,1]},
{"frame":28,"values":[0.9983,0.0541,0.0223,0,-0.0533,0.9979,-0.0373,0,-0.0243,0.036,0.9991,0,-0.0009,22.835,-2.8254,1]},
{"frame":29,"values":[0.9983,0.0541,0.022,0,-0.0533,0.9979,-0.0368,0,-0.024,0.0356,0.9991,0,-0.0009,22.835,-2.8254,1]},
{"frame":30,"values":[0.9983,0.0533,0.0213,0,-0.0525,0.9979,-0.0372,0,-0.0233,0.0361,0.9991,0,-0.0009,22.835,-2.8254,1]},
{"frame":31,"values":[0.9984,0.0517,0.0221,0,-0.0509,0.998,-0.0385,0,-0.024,0.0373,0.999,0,-0.0009,22.835,-2.8254,1]}],"loopBehavior":1,"name":"anim","property":"_matrix"}},
{"name":"mixamorig:Spine2","index":3,"matrix":[0.9985,0.052,0.0192,0,-0.0512,0.9979,-0.0405,0,-0.0212,0.0394,0.999,0,-0.0206,26.5525,-3.1933,1],"rest":[1,0,0,0,0,1,0,0,0,0,1,0,-0.0206,26.5525,-3.1933,1],"parentBoneIndex":2,"length":24.825
,"animation":{"dataType":3,"framePerSecond":24,"keys":[
{"frame":1,"values":[0.9985,0.052,0.0192,0,-0.0512,0.9979,-0.0405,0,-0.0212,0.0394,0.999,0,-0.0206,26.5525,-3.1933,1]},
{"frame":2,"values":[0.9985,0.05,0.0205,0,-0.0491,0.9979,-0.0422,0,-0.0226,0.0412,0.9989,0,-0.0206,26.5525,-3.1933,1]},
{"frame":3,"values":[0.9986,0.0476,0.0214,0,-0.0466,0.9979,-0.0451,0,-0.0235,0.044,0.9988,0,-0.0206,26.5525,-3.1933,1]},
{"frame":4,"values":[0.9988,0.0445,0.0208,0,-0.0434,0.9978,-0.0499,0,-0.023,0.049,0.9985,0,-0.0206,26.5525,-3.1933,1]},
{"frame":5,"values":[0.999,0.0398,0.019,0,-0.0388,0.9978,-0.0539,0,-0.0211,0.0531,0.9984,0,-0.0206,26.5525,-3.1933,1]},
{"frame":6,"values":[0.9993,0.0341,0.0149,0,-0.0333,0.9982,-0.0505,0,-0.0166,0.05,0.9986,0,-0.0206,26.5525,-3.1933,1]},
{"frame":7,"values":[0.9996,0.0297,0.0013,0,-0.0297,0.9986,-0.0427,0,-0.0026,0.0427,0.9991,0,-0.0206,26.5525,-3.1933,1]},
{"frame":8,"values":[0.9992,0.0288,-0.0262,0,-0.0297,0.9989,-0.0356,0,0.0251,0.0364,0.999,0,-0.0206,26.5525,-3.1933,1]},
{"frame":9,"values":[0.9978,0.0311,-0.0593,0,-0.033,0.999,-0.0312,0,0.0582,0.033,0.9978,0,-0.0206,26.5525,-3.1933,1]},
{"frame":10,"values":[0.9959,0.0345,-0.0838,0,-0.0369,0.9989,-0.0272,0,0.0828,0.0302,0.9961,0,-0.0206,26.5525,-3.1933,1]},
{"frame":11,"values":[0.9954,0.0328,-0.0901,0,-0.035,0.9991,-0.0221,0,0.0893,0.0252,0.9957,0,-0.0206,26.5525,-3.1933,1]},
{"frame":12,"values":[0.9972,0.0209,-0.0723,0,-0.0223,0.9996,-0.0182,0,0.0718,0.0198,0.9972,0,-0.0206,26.5525,-3.1933,1]},
{"frame":13,"values":[0.9994,0.0061,-0.0336,0,-0.0066,0.9998,-0.0162,0,0.0335,0.0165,0.9993,0,-0.0206,26.5525,-3.1933,1]},
{"frame":14,"values":[0.9999,0.0033,0.0159,0,-0.0031,0.9999,-0.0133,0,-0.0159,0.0132,0.9998,0,-0.0206,26.5525,-3.1933,1]},
{"frame":15,"values":[0.9982,0.0143,0.0584,0,-0.0139,0.9999,-0.0084,0,-0.0585,0.0076,0.9983,0,-0.0206,26.5525,-3.1933,1]},
{"frame":16,"values":[0.9964,0.0274,0.0798,0,-0.0271,0.9996,-0.0052,0,-0.0799,0.003,0.9968,0,-0.0206,26.5525,-3.1933,1]},
{"frame":17,"values":[0.9963,0.033,0.0799,0,-0.0327,0.9995,-0.0054,0,-0.08,0.0028,0.9968,0,-0.0206,26.5525,-3.1933,1]},
{"frame":18,"values":[0.9972,0.0357,0.0658,0,-0.0352,0.9993,-0.0084,0,-0.066,0.0061,0.9978,0,-0.0206,26.5525,-3.1933,1]},
{"frame":19,"values":[0.9978,0.0425,0.0499,0,-0.0419,0.999,-0.0132,0,-0.0504,0.0111,0.9987,0,-0.0206,26.5525,-3.1933,1]},
{"frame":20,"values":[0.9979,0.0507,0.0397,0,-0.05,0.9986,-0.0198,0,-0.0406,0.0177,0.999,0,-0.0206,26.5525,-3.1933,1]},
{"frame":21,"values":[0.998,0.0545,0.0327,0,-0.0536,0.9982,-0.0276,0,-0.0341,0.0258,0.9991,0,-0.0206,26.5525,-3.1933,1]},
{"frame":22,"values":[0.9982,0.0551,0.0238,0,-0.0543,0.9979,-0.0357,0,-0.0257,0.0344,0.9991,0,-0.0206,26.5525,-3.1933,1]},
{"frame":23,"values":[0.9983,0.0569,0.013,0,-0.0563,0.9975,-0.0429,0,-0.0154,0.0421,0.999,0,-0.0206,26.5525,-3.1933,1]},
{"frame":24,"values":[0.9982,0.0593,0.005,0,-0.059,0.9972,-0.0468,0,-0.0077,0.0465,0.9989,0,-0.0206,26.5525,-3.1933,1]},
{"frame":25,"values":[0.9982,0.0597,0.003,0,-0.0595,0.9971,-0.0468,0,-0.0058,0.0466,0.9989,0,-0.0206,26.5525,-3.1933,1]},
{"frame":26,"values":[0.9983,0.0575,0.008,0,-0.0571,0.9974,-0.0438,0,-0.0105,0.0433,0.999,0,-0.0206,26.5525,-3.1933,1]},
{"frame":27,"values":[0.9984,0.0552,0.0153,0,-0.0545,0.9977,-0.0408,0,-0.0175,0.0399,0.9991,0,-0.0206,26.5525,-3.1933,1]},
{"frame":28,"values":[0.9983,0.0544,0.0192,0,-0.0536,0.9978,-0.0394,0,-0.0213,0.0383,0.999,0,-0.0206,26.5525,-3.1933,1]},
{"frame":29,"values":[0.9983,0.0544,0.0189,0,-0.0536,0.9978,-0.0389,0,-0.021,0.0379,0.9991,0,-0.0206,26.5525,-3.1933,1]},
{"frame":30,"values":[0.9984,0.0535,0.0183,0,-0.0528,0.9978,-0.0394,0,-0.0203,0.0383,0.9991,0,-0.0206,26.5525,-3.1933,1]},
{"frame":31,"values":[0.9985,0.052,0.0192,0,-0.0512,0.9979,-0.0405,0,-0.0212,0.0394,0.999,0,-0.0206,26.5525,-3.1933,1]}],"loopBehavior":1,"name":"anim","property":"_matrix"}},
{"name":"mixamorig:Neck","index":4,"matrix":[0.9983,-0.0575,-0.0053,0,0.0574,0.9759,0.2104,0,-0.0069,-0.2104,0.9776,0,-0.06,30.7018,1.3522,1],"rest":[1,0,0,0,0,1,0,0,0,0,1,0,-0.06,30.7018,1.3522,1],"parentBoneIndex":3,"length":22.8446
,"animation":{"dataType":3,"framePerSecond":24,"keys":[
{"frame":1,"values":[0.9983,-0.0575,-0.0053,0,0.0574,0.9759,0.2104,0,-0.0069,-0.2104,0.9776,0,-0.06,30.7018,1.3522,1]},
{"frame":2,"values":[0.9984,-0.0561,-0.0008,0,0.055,0.9762,0.2098,0,-0.0109,-0.2095,0.9778,0,-0.06,30.7018,1.3522,1]},
{"frame":3,"values":[0.9985,-0.0548,0.0036,0,0.0529,0.9763,0.21,0,-0.015,-0.2095,0.9777,0,-0.06,30.7018,1.3522,1]},
{"frame":4,"values":[0.9985,-0.0536,0.0074,0,0.0508,0.9761,0.2112,0,-0.0185,-0.2105,0.9774,0,-0.06,30.7018,1.3522,1]},
{"frame":5,"values":[0.9985,-0.0544,0.0114,0,0.0508,0.9765,0.2093,0,-0.0225,-0.2084,0.9778,0,-0.06,30.7018,1.3522,1]},
{"frame":6,"values":[0.9982,-0.0581,0.0159,0,0.0537,0.9779,0.2019,0,-0.0273,-0.2007,0.9793,0,-0.06,30.7018,1.3522,1]},
{"frame":7,"values":[0.9978,-0.0626,0.0211,0,0.0573,0.9794,0.1936,0,-0.0328,-0.192,0.9808,0,-0.06,30.7018,1.3522,1]},
{"frame":8,"values":[0.9975,-0.0675,0.022,0,0.0622,0.98,0.1892,0,-0.0343,-0.1874,0.9817,0,-0.06,30.7018,1.3522,1]},
{"frame":9,"values":[0.9971,-0.0751,0.0122,0,0.0715,0.9796,0.1877,0,-0.0261,-0.1862,0.9822,0,-0.06,30.7018,1.3522,1]},
{"frame":10,"values":[0.9965,-0.0829,-0.01,0,0.0833,0.979,0.1861,0,-0.0056,-0.1863,0.9825,0,-0.06,30.7018,1.3522,1]},
{"frame":11,"values":[0.9959,-0.0822,-0.0364,0,0.0876,0.9786,0.1861,0,0.0203,-0.1885,0.9819,0,-0.06,30.7018,1.3522,1]},
{"frame":12,"values":[0.9962,-0.0691,-0.0539,0,0.0782,0.9783,0.1919,0,0.0394,-0.1954,0.9799,0,-0.06,30.7018,1.3522,1]},
{"frame":13,"values":[0.997,-0.0544,-0.0551,0,0.0645,0.9773,0.2018,0,0.0429,-0.2047,0.9779,0,-0.06,30.7018,1.3522,1]},
{"frame":14,"values":[0.9977,-0.0523,-0.0435,0,0.0603,0.9762,0.2084,0,0.0315,-0.2105,0.9771,0,-0.06,30.7018,1.3522,1]},
{"frame":15,"values":[0.9975,-0.0623,-0.0322,0,0.0676,0.976,0.2072,0,0.0185,-0.2089,0.9778,0,-0.06,30.7018,1.3522,1]},
{"frame":16,"values":[0.997,-0.0724,-0.0291,0,0.0768,0.9766,0.2009,0,0.0139,-0.2026,0.9792,0,-0.06,30.7018,1.3522,1]},
{"frame":17,"values":[0.9967,-0.0747,-0.0306,0,0.0793,0.9772,0.1967,0,0.0152,-0.1985,0.98,0,-0.06,30.7018,1.3522,1]},
{"frame":18,"values":[0.9969,-0.0725,-0.031,0,0.0772,0.9775,0.1963,0,0.016,-0.1981,0.98,0,-0.06,30.7018,1.3522,1]},
{"frame":19,"values":[0.997,-0.0715,-0.0298,0,0.0759,0.9777,0.1957,0,0.0152,-0.1973,0.9802,0,-0.06,30.7018,1.3522,1]},
{"frame":20,"values":[0.997,-0.0713,-0.0295,0,0.0757,0.9782,0.1932,0,0.0151,-0.1948,0.9807,0,-0.06,30.7018,1.3522,1]},
{"frame":21,"values":[0.9971,-0.0705,-0.03,0,0.075,0.9785,0.1919,0,0.0158,-0.1936,0.981,0,-0.06,30.7018,1.3522,1]},
{"frame":22,"values":[0.9971,-0.0699,-0.03,0,0.0744,0.978,0.1949,0,0.0157,-0.1966,0.9804,0,-0.06,30.7018,1.3522,1]},
{"frame":23,"values":[0.9971,-0.0697,-0.0292,0,0.0741,0.9767,0.2012,0,0.0145,-0.2028,0.9791,0,-0.06,30.7018,1.3522,1]},
{"frame":24,"values":[0.9973,-0.0676,-0.028,0,0.072,0.9755,0.2079,0,0.0133,-0.2094,0.9778,0,-0.06,30.7018,1.3522,1]},
{"frame":25,"values":[0.9976,-0.0636,-0.0265,0,0.0677,0.9748,0.2124,0,0.0123,-0.2137,0.9768,0,-0.06,30.7018,1.3522,1]},
{"frame":26,"values":[0.9979,-0.0601,-0.0244,0,0.0639,0.9747,0.2144,0,0.0109,-0.2155,0.9764,0,-0.06,30.7018,1.3522,1]},
{"frame":27,"values":[0.998,-0.0591,-0.0214,0,0.0623,0.9744,0.216,0,0.0081,-0.2169,0.9762,0,-0.06,30.7018,1.3522,1]},
{"frame":28,"values":[0.998,-0.0601,-0.0177,0,0.0625,0.9741,0.2174,0,0.0042,-0.2181,0.9759,0,-0.06,30.7018,1.3522,1]},
{"frame":29,"values":[0.9981,-0.0604,-0.0139,0,0.062,0.9745,0.2158,0,0.0005,-0.2163,0.9763,0,-0.06,30.7018,1.3522,1]},
{"frame":30,"values":[0.9982,-0.0591,-0.0098,0,0.0598,0.9754,0.2123,0,-0.003,-0.2125,0.9772,0,-0.06,30.7018,1.3522,1]},
{"frame":31,"values":[0.9983,-0.0575,-0.0053,0,0.0574,0.9759,0.2104,0,-0.0069,-0.2104,0.9776,0,-0.06,30.7018,1.3522,1]}],"loopBehavior":1,"name":"anim","property":"_matrix"}},
{"name":"mixamorig:Head","index":5,"matrix":[0.9981,-0.054,0.0309,0,0.0563,0.9952,-0.0798,0,-0.0265,0.0814,0.9963,0,-0.0872,22.5476,3.6709,1],"rest":[1,0,0,0,0,1,0,0,0,0,1,0,-0.0872,22.5476,3.6709,1],"parentBoneIndex":4,"length":30.5923
,"animation":{"dataType":3,"framePerSecond":24,"keys":[
{"frame":1,"values":[0.9981,-0.054,0.0309,0,0.0563,0.9952,-0.0798,0,-0.0265,0.0814,0.9963,0,-0.0872,22.5476,3.6709,1]},
{"frame":2,"values":[0.9976,-0.041,0.0566,0,0.0455,0.9957,-0.0811,0,-0.053,0.0835,0.9951,0,-0.0872,22.5476,3.6709,1]},
{"frame":3,"values":[0.9962,-0.0258,0.0835,0,0.0328,0.9959,-0.084,0,-0.081,0.0864,0.993,0,-0.0872,22.5476,3.6709,1]},
{"frame":4,"values":[0.9937,-0.0082,0.112,0,0.0184,0.9958,-0.0902,0,-0.1108,0.0917,0.9896,0,-0.0872,22.5476,3.6709,1]},
{"frame":5,"values":[0.9899,0.0145,0.1412,0,0.0005,0.9944,-0.1056,0,-0.1419,0.1046,0.9843,0,-0.0872,22.5476,3.6709,1]},
{"frame":6,"values":[0.9837,0.0416,0.1748,0,-0.0188,0.9913,-0.1301,0,-0.1787,0.1247,0.976,0,-0.0872,22.5476,3.6709,1]},
{"frame":7,"values":[0.9755,0.0654,0.21,0,-0.0334,0.9877,-0.1527,0,-0.2174,0.1419,0.9657,0,-0.0872,22.5476,3.6709,1]},
{"frame":8,"values":[0.9731,0.0681,0.2201,0,-0.0329,0.9866,-0.1595,0,-0.228,0.148,0.9623,0,-0.0872,22.5476,3.6709,1]},
{"frame":9,"values":[0.984,0.0427,0.1731,0,-0.0158,0.988,-0.1539,0,-0.1776,0.1487,0.9728,0,-0.0872,22.5476,3.6709,1]},
{"frame":10,"values":[0.9987,-0.0095,0.0509,0,0.0174,0.9874,-0.1575,0,-0.0488,0.1582,0.9862,0,-0.0872,22.5476,3.6709,1]},
{"frame":11,"values":[0.9913,-0.0795,-0.1052,0,0.0593,0.9813,-0.1833,0,0.1178,0.1755,0.9774,0,-0.0872,22.5476,3.6709,1]},
{"frame":12,"values":[0.9653,-0.1405,-0.2199,0,0.0934,0.9729,-0.2113,0,0.2437,0.1835,0.9523,0,-0.0872,22.5476,3.6709,1]},
{"frame":13,"values":[0.9542,-0.1638,-0.2505,0,0.11,0.9703,-0.2156,0,0.2784,0.1781,0.9438,0,-0.0872,22.5476,3.6709,1]},
{"frame":14,"values":[0.9656,-0.1623,-0.2032,0,0.1209,0.9719,-0.2018,0,0.2303,0.1703,0.9581,0,-0.0872,22.5476,3.6709,1]},
{"frame":15,"values":[0.9751,-0.1707,-0.1415,0,0.1407,0.9696,-0.2001,0,0.1714,0.1752,0.9695,0,-0.0872,22.5476,3.6709,1]},
{"frame":16,"values":[0.9748,-0.1886,-0.1193,0,0.1593,0.9625,-0.2196,0,0.1563,0.1951,0.9683,0,-0.0872,22.5476,3.6709,1]},
{"frame":17,"values":[0.9722,-0.197,-0.1266,0,0.1631,0.9576,-0.2374,0,0.1679,0.2101,0.9631,0,-0.0872,22.5476,3.6709,1]},
{"frame":18,"values":[0.9725,-0.1932,-0.1304,0,0.1593,0.9592,-0.2335,0,0.1702,0.2063,0.9636,0,-0.0872,22.5476,3.6709,1]},
{"frame":19,"values":[0.9738,-0.1898,-0.1252,0,0.1599,0.9631,-0.2164,0,0.1616,0.1908,0.9682,0,-0.0872,22.5476,3.6709,1]},
{"frame":20,"values":[0.9741,-0.1892,-0.1239,0,0.1621,0.9661,-0.2008,0,0.1577,0.1755,0.9718,0,-0.0872,22.5476,3.6709,1]},
{"frame":21,"values":[0.9747,-0.1839,-0.1268,0,0.159,0.9699,-0.1844,0,0.1569,0.1596,0.9746,0,-0.0872,22.5476,3.6709,1]},
{"frame":22,"values":[0.9775,-0.1704,-0.1242,0,0.1503,0.9762,-0.1566,0,0.1479,0.1344,0.9798,0,-0.0872,22.5476,3.6709,1]},
{"frame":23,"values":[0.9817,-0.1521,-0.1148,0,0.1379,0.9828,-0.123,0,0.1315,0.1049,0.9857,0,-0.0872,22.5476,3.6709,1]},
{"frame":24,"values":[0.9855,-0.1334,-0.1044,0,0.1231,0.9874,-0.0993,0,0.1164,0.085,0.9896,0,-0.0872,22.5476,3.6709,1]},
{"frame":25,"values":[0.9884,-0.1179,-0.096,0,0.1094,0.99,-0.0889,0,0.1055,0.0774,0.9914,0,-0.0872,22.5476,3.6709,1]},
{"frame":26,"values":[0.9908,-0.1053,-0.0846,0,0.0982,0.9916,-0.0841,0,0.0927,0.075,0.9929,0,-0.0872,22.5476,3.6709,1]},
{"frame":27,"values":[0.9937,-0.0918,-0.0647,0,0.0867,0.9932,-0.0779,0,0.0714,0.0718,0.9949,0,-0.0872,22.5476,3.6709,1]},
{"frame":28,"values":[0.9962,-0.0783,-0.0378,0,0.0754,0.9945,-0.0731,0,0.0433,0.07,0.9966,0,-0.0872,22.5476,3.6709,1]},
{"frame":29,"values":[0.9974,-0.0704,-0.0138,0,0.0692,0.9948,-0.0745,0,0.0189,0.0733,0.9971,0,-0.0872,22.5476,3.6709,1]},
{"frame":30,"values":[0.9979,-0.0645,0.0071,0,0.0648,0.9948,-0.0785,0,-0.002,0.0788,0.9969,0,-0.0872,22.5476,3.6709,1]},
{"frame":31,"values":[0.9981,-0.054,0.0309,0,0.0563,0.9952,-0.0798,0,-0.0265,0.0814,0.9963,0,-0.0872,22.5476,3.6709,1]}],"loopBehavior":1,"name":"anim","property":"_matrix"}},
{"name":"mixamorig:HeadTop_End","index":6,"matrix":[1,0,0,0,0,1,0,0,0,0,1,0,-0.8306,40.3553,7.8935,1],"rest":[1,0,0,0,0,1,0,0,0,0,1,0,-0.8306,40.3552,7.8935,1],"parentBoneIndex":5,"length":30.5923
,"animation":{"dataType":3,"framePerSecond":24,"keys":[
{"frame":1,"values":[1,0,0,0,0,1,0,0,0,0,1,0,-0.8306,40.3553,7.8935,1]},
{"frame":2,"values":[1,0,0,0,0,1,0,0,0,0,1,0,-0.8306,40.3552,7.8935,1]},
{"frame":11,"values":[1,0,0,0,0,1,0,0,0,0,1,0,-0.8306,40.3551,7.8935,1]},
{"frame":12,"values":[1,0,0,0,0,1,0,0,0,0,1,0,-0.8306,40.3552,7.8935,1]},
{"frame":15,"values":[1,0,0,0,0,1,0,0,0,0,1,0,-0.8306,40.3553,7.8935,1]},
{"frame":16,"values":[1,0,0,0,0,1,0,0,0,0,1,0,-0.8306,40.3552,7.8935,1]},
{"frame":24,"values":[1,0,0,0,0,1,0,0,0,0,1,0,-0.8306,40.3553,7.8935,1]},
{"frame":25,"values":[1,0,0,0,0,1,0,0,0,0,1,0,-0.8306,40.3552,7.8935,1]},
{"frame":31,"values":[1,0,0,0,0,1,0,0,0,0,1,0,-0.8306,40.3553,7.8935,1]}],"loopBehavior":1,"name":"anim","property":"_matrix"}},
{"name":"mixamorig:RightEye","index":7,"matrix":[1,0,0,0,0,1,0,0,0,0,1,0,-6.3021,18.1186,16.1971,1],"rest":[1,0,0,0,0,1,0,0,0,0,1,0,-6.3021,18.1186,16.1971,1],"parentBoneIndex":5,"length":30.5923
,"animation":{"dataType":3,"framePerSecond":24,"keys":[
{"frame":1,"values":[1,0,0,0,0,1,0,0,0,0,1,0,-6.3021,18.1186,16.1971,1]},
{"frame":12,"values":[1,0,0,0,0,1,0,0,0,0,1,0,-6.3021,18.1187,16.1971,1]},
{"frame":13,"values":[1,0,0,0,0,1,0,0,0,0,1,0,-6.3021,18.1186,16.1971,1]},
{"frame":31,"values":[1,0,0,0,0,1,0,0,0,0,1,0,-6.3021,18.1186,16.1971,1]}],"loopBehavior":1,"name":"anim","property":"_matrix"}},
{"name":"mixamorig:LeftEye","index":8,"matrix":[1,0,0,0,0,1,0,0,0,0,1,0,6.7415,18.3828,16.4019,1],"rest":[1,0,0,0,0,1,0,0,0,0,1,0,6.7415,18.3827,16.4019,1],"parentBoneIndex":5,"length":30.5923
,"animation":{"dataType":3,"framePerSecond":24,"keys":[
{"frame":1,"values":[1,0,0,0,0,1,0,0,0,0,1,0,6.7415,18.3828,16.4019,1]},
{"frame":2,"values":[1,0,0,0,0,1,0,0,0,0,1,0,6.7415,18.3827,16.4019,1]},
{"frame":31,"values":[1,0,0,0,0,1,0,0,0,0,1,0,6.7415,18.3828,16.4019,1]}],"loopBehavior":1,"name":"anim","property":"_matrix"}},
{"name":"mixamorig:LeftShoulder","index":9,"matrix":[0.9867,-0.1522,-0.0577,0,0.1526,0.9883,0.0022,0,0.0567,-0.011,0.9983,0,11.9249,18.2305,1.4254,1],"rest":[1,0.0062,0,0,-0.0062,1,0,0,0,0,1,0,11.9249,18.2305,1.4254,1],"parentBoneIndex":3,"length":25.9773
,"animation":{"dataType":3,"framePerSecond":24,"keys":[
{"frame":1,"values":[0.9867,-0.1522,-0.0577,0,0.1526,0.9883,0.0022,0,0.0567,-0.011,0.9983,0,11.9249,18.2305,1.4254,1]},
{"frame":2,"values":[0.989,-0.1415,-0.0429,0,0.1417,0.9899,0.0009,0,0.0423,-0.007,0.9991,0,11.9249,18.2305,1.4254,1]},
{"frame":3,"values":[0.991,-0.1313,-0.0261,0,0.1314,0.9913,0.0001,0,0.0259,-0.0035,0.9997,0,11.9249,18.2305,1.4254,1]},
{"frame":4,"values":[0.9925,-0.1222,-0.0097,0,0.1222,0.9925,0.0005,0,0.0095,-0.0017,1,0,11.9249,18.2305,1.4254,1]},
{"frame":5,"values":[0.9932,-0.1167,0.0055,0,0.1167,0.9932,0.0006,0,-0.0055,0.0001,1,0,11.9249,18.2305,1.4254,1]},
{"frame":6,"values":[0.9929,-0.1173,0.021,0,0.1173,0.9931,0.0028,0,-0.0211,-0.0003,0.9998,0,11.9249,18.2305,1.4254,1]},
{"frame":7,"values":[0.992,-0.1246,0.0202,0,0.1244,0.9922,0.0099,0,-0.0213,-0.0073,0.9997,0,11.9249,18.2305,1.4254,1]},
{"frame":8,"values":[0.988,-0.144,-0.056,0,0.1444,0.9895,0.0032,0,0.055,-0.0112,0.9984,0,11.9249,18.2305,1.4254,1]},
{"frame":9,"values":[0.9556,-0.1777,-0.2351,0,0.1714,0.9841,-0.047,0,0.2397,0.0046,0.9708,0,11.9249,18.2305,1.4254,1]},
{"frame":10,"values":[0.8662,-0.2026,-0.4567,0,0.1609,0.9785,-0.1288,0,0.473,0.0381,0.8802,0,11.9249,18.2305,1.4254,1]},
{"frame":11,"values":[0.7753,-0.1822,-0.6048,0,0.098,0.9806,-0.1697,0,0.624,0.0723,0.7781,0,11.9249,18.2305,1.4254,1]},
{"frame":12,"values":[0.7746,-0.0998,-0.6245,0,0.02,0.9908,-0.1336,0,0.6321,0.091,0.7695,0,11.9249,18.2305,1.4254,1]},
{"frame":13,"values":[0.8677,0.0192,-0.4967,0,-0.066,0.9949,-0.0767,0,0.4927,0.0993,0.8645,0,11.9249,18.2305,1.4254,1]},
{"frame":14,"values":[0.9727,0.1131,-0.2028,0,-0.128,0.9898,-0.062,0,0.1937,0.0863,0.9772,0,11.9249,18.2305,1.4254,1]},
{"frame":15,"values":[0.985,0.129,0.1145,0,-0.1215,0.9901,-0.0705,0,-0.1224,0.0555,0.9909,0,11.9249,18.2305,1.4254,1]},
{"frame":16,"values":[0.9627,0.0959,0.2532,0,-0.083,0.9947,-0.061,0,-0.2577,0.0377,0.9655,0,11.9249,18.2305,1.4254,1]},
{"frame":17,"values":[0.9714,0.0585,0.2303,0,-0.0497,0.9978,-0.0437,0,-0.2323,0.031,0.9721,0,11.9249,18.2305,1.4254,1]},
{"frame":18,"values":[0.9895,0.0161,0.1435,0,-0.0113,0.9994,-0.0341,0,-0.144,0.0321,0.9891,0,11.9249,18.2305,1.4254,1]},
{"frame":19,"values":[0.9981,-0.0334,0.051,0,0.0351,0.9989,-0.0317,0,-0.0499,0.0334,0.9982,0,11.9249,18.2305,1.4254,1]},
{"frame":20,"values":[0.9959,-0.0834,-0.034,0,0.0823,0.9961,-0.0314,0,0.0365,0.0285,0.9989,0,11.9249,18.2305,1.4254,1]},
{"frame":21,"values":[0.9872,-0.1246,-0.0996,0,0.1221,0.992,-0.0309,0,0.1026,0.0183,0.9946,0,11.9249,18.2305,1.4254,1]},
{"frame":22,"values":[0.9786,-0.1517,-0.139,0,0.1491,0.9884,-0.029,0,0.1418,0.0076,0.9899,0,11.9249,18.2305,1.4254,1]},
{"frame":23,"values":[0.9726,-0.1665,-0.162,0,0.1644,0.986,-0.0265,0,0.1641,-0.0009,0.9864,0,11.9249,18.2305,1.4254,1]},
{"frame":24,"values":[0.9695,-0.1725,-0.1742,0,0.1709,0.985,-0.0241,0,0.1757,-0.0064,0.9844,0,11.9249,18.2305,1.4254,1]},
{"frame":25,"values":[0.9689,-0.1756,-0.1742,0,0.1747,0.9844,-0.0205,0,0.1751,-0.0105,0.9845,0,11.9249,18.2305,1.4254,1]},
{"frame":26,"values":[0.9717,-0.1789,-0.1544,0,0.1791,0.9838,-0.0128,0,0.1542,-0.0152,0.9879,0,11.9249,18.2305,1.4254,1]},
{"frame":27,"values":[0.9764,-0.181,-0.1182,0,0.1821,0.9833,-0.0013,0,0.1165,-0.0203,0.993,0,11.9249,18.2305,1.4254,1]},
{"frame":28,"values":[0.9803,-0.1789,-0.0835,0,0.1801,0.9836,0.0077,0,0.0807,-0.0226,0.9965,0,11.9249,18.2305,1.4254,1]},
{"frame":29,"values":[0.9825,-0.1723,-0.0701,0,0.1733,0.9848,0.0083,0,0.0677,-0.0203,0.9975,0,11.9249,18.2305,1.4254,1]},
{"frame":30,"values":[0.9843,-0.1628,-0.0682,0,0.1634,0.9865,0.0043,0,0.0666,-0.0154,0.9977,0,11.9249,18.2305,1.4254,1]},
{"frame":31,"values":[0.9867,-0.1522,-0.0577,0,0.1526,0.9883,0.0022,0,0.0567,-0.011,0.9983,0,11.9249,18.2305,1.4254,1]}],"loopBehavior":1,"name":"anim","property":"_matrix"}},
{"name":"mixamorig:LeftArm","index":10,"matrix":[0.6221,-0.6319,0.4623,0,0.6602,0.7408,0.1241,0,-0.4209,0.228,0.878,0,25.4312,-0.8546,-5.2293,1],"rest":[0.9983,0.0295,0.0512,0,-0.0294,0.9996,-0.0017,0,-0.0512,0.0002,0.9987,0,25.4312,-0.8546,-5.2293,1],"parentBoneIndex":9,"length":54.6847
,"animation":{"dataType":3,"framePerSecond":24,"keys":[
{"frame":1,"values":[0.6221,-0.6319,0.4623,0,0.6602,0.7408,0.1241,0,-0.4209,0.228,0.878,0,25.4312,-0.8546,-5.2293,1]},
{"frame":2,"values":[0.6192,-0.6242,0.4765,0,0.6555,0.7449,0.1239,0,-0.4323,0.2356,0.8704,0,25.4312,-0.8546,-5.2293,1]},
{"frame":3,"values":[0.6178,-0.6159,0.489,0,0.6493,0.7503,0.1246,0,-0.4436,0.2405,0.8633,0,25.4312,-0.8546,-5.2293,1]},
{"frame":4,"values":[0.6161,-0.6102,0.4981,0,0.6415,0.7556,0.1323,0,-0.4571,0.238,0.857,0,25.4312,-0.8546,-5.2293,1]},
{"frame":5,"values":[0.6142,-0.6107,0.4998,0,0.6334,0.7593,0.1494,0,-0.4707,0.2248,0.8532,0,25.4312,-0.8546,-5.2293,1]},
{"frame":6,"values":[0.6034,-0.6103,0.5132,0,0.632,0.7585,0.1589,0,-0.4863,0.2285,0.8434,0,25.4312,-0.8546,-5.2293,1]},
{"frame":7,"values":[0.5737,-0.6048,0.5523,0,0.6319,0.7559,0.1714,0,-0.5212,0.2506,0.8158,0,25.4312,-0.8546,-5.2293,1]},
{"frame":8,"values":[0.5386,-0.6108,0.5804,0,0.6338,0.7476,0.1985,0,-0.5551,0.261,0.7898,0,25.4312,-0.8546,-5.2293,1]},
{"frame":9,"values":[0.5537,-0.6446,0.5271,0,0.6377,0.7353,0.2294,0,-0.5355,0.2092,0.8183,0,25.4312,-0.8546,-5.2293,1]},
{"frame":10,"values":[0.6684,-0.6439,0.3723,0,0.5962,0.7631,0.2496,0,-0.4448,0.0552,0.8939,0,25.4312,-0.8546,-5.2293,1]},
{"frame":11,"values":[0.8179,-0.5292,0.2259,0,0.4784,0.8435,0.244,0,-0.3197,-0.0915,0.9431,0,25.4312,-0.8546,-5.2293,1]},
{"frame":12,"values":[0.9075,-0.3847,0.1687,0,0.3534,0.9163,0.1885,0,-0.2271,-0.1114,0.9675,0,25.4312,-0.8546,-5.2293,1]},
{"frame":13,"values":[0.9363,-0.3027,0.1781,0,0.2842,0.9509,0.1222,0,-0.2063,-0.0638,0.9764,0,25.4312,-0.8546,-5.2293,1]},
{"frame":14,"values":[0.9425,-0.2774,0.1865,0,0.273,0.9607,0.0497,0,-0.193,0.0041,0.9812,0,25.4312,-0.8546,-5.2293,1]},
{"frame":15,"values":[0.9537,-0.2764,0.1182,0,0.2872,0.954,-0.0865,0,-0.0889,0.1165,0.9892,0,25.4312,-0.8546,-5.2293,1]},
{"frame":16,"values":[0.9498,-0.309,0.0479,0,0.3109,0.9164,-0.2523,0,0.034,0.2545,0.9665,0,25.4312,-0.8546,-5.2293,1]},
{"frame":17,"values":[0.9247,-0.3778,0.0469,0,0.3689,0.8588,-0.3555,0,0.0941,0.3461,0.9335,0,25.4312,-0.8546,-5.2293,1]},
{"frame":18,"values":[0.8819,-0.4602,0.102,0,0.4633,0.8063,-0.3679,0,0.0871,0.3717,0.9243,0,25.4312,-0.8546,-5.2293,1]},
{"frame":19,"values":[0.8289,-0.5305,0.1777,0,0.5587,0.7688,-0.3111,0,0.0284,0.3571,0.9336,0,25.4312,-0.8546,-5.2293,1]},
{"frame":20,"values":[0.782,-0.5728,0.2458,0,0.6199,0.7559,-0.2105,0,-0.0652,0.317,0.9462,0,25.4312,-0.8546,-5.2293,1]},
{"frame":21,"values":[0.7491,-0.591,0.2993,0,0.6412,0.7604,-0.1034,0,-0.1664,0.2694,0.9486,0,25.4312,-0.8546,-5.2293,1]},
{"frame":22,"values":[0.7211,-0.5998,0.3467,0,0.6429,0.7659,-0.0121,0,-0.2583,0.2316,0.9379,0,25.4312,-0.8546,-5.2293,1]},
{"frame":23,"values":[0.6868,-0.6134,0.3899,0,0.6444,0.762,0.0637,0,-0.3362,0.2075,0.9186,0,25.4312,-0.8546,-5.2293,1]},
{"frame":24,"values":[0.6527,-0.63,0.4208,0,0.6467,0.7526,0.1236,0,-0.3946,0.1914,0.8987,0,25.4312,-0.8546,-5.2293,1]},
{"frame":25,"values":[0.6333,-0.6402,0.4348,0,0.6462,0.7466,0.158,0,-0.4258,0.1809,0.8866,0,25.4312,-0.8546,-5.2293,1]},
{"frame":26,"values":[0.6358,-0.639,0.4329,0,0.6455,0.7477,0.1556,0,-0.4231,0.1806,0.8879,0,25.4312,-0.8546,-5.2293,1]},
{"frame":27,"values":[0.6492,-0.631,0.4247,0,0.6458,0.7523,0.1304,0,-0.4018,0.1896,0.8959,0,25.4312,-0.8546,-5.2293,1]},
{"frame":28,"values":[0.6557,-0.626,0.4221,0,0.6488,0.7531,0.1092,0,-0.3863,0.2022,0.8999,0,25.4312,-0.8546,-5.2293,1]},
{"frame":29,"values":[0.6447,-0.6309,0.4316,0,0.6567,0.7461,0.1096,0,-0.3912,0.2127,0.8954,0,25.4312,-0.8546,-5.2293,1]},
{"frame":30,"values":[0.6291,-0.6358,0.4472,0,0.6619,0.7398,0.1207,0,-0.4076,0.2201,0.8862,0,25.4312,-0.8546,-5.2293,1]},
{"frame":31,"values":[0.6221,-0.6319,0.4623,0,0.6602,0.7408,0.1241,0,-0.4209,0.228,0.878,0,25.4312,-0.8546,-5.2293,1]}],"loopBehavior":1,"name":"anim","property":"_matrix"}},
{"name":"mixamorig:LeftForeArm","index":11,"matrix":[-0.3127,0.0379,0.9491,0,0.0439,0.9987,-0.0255,0,-0.9488,0.0337,-0.3139,0,54.5783,-1.9463,-2.8009,1],"rest":[0.9943,-0.0088,-0.1062,0,0.0091,1,0.0028,0,0.1061,-0.0038,0.9943,0,54.5783,-1.9463,-2.8009,1],"parentBoneIndex":10,"length":55.0982
,"animation":{"dataType":3,"framePerSecond":24,"keys":[
{"frame":1,"values":[-0.3127,0.0379,0.9491,0,0.0439,0.9987,-0.0255,0,-0.9488,0.0337,-0.3139,0,54.5783,-1.9463,-2.8009,1]},
{"frame":2,"values":[-0.3365,0.0388,0.9409,0,0.0445,0.9987,-0.0253,0,-0.9406,0.0334,-0.3378,0,54.5783,-1.9463,-2.8009,1]},
{"frame":3,"values":[-0.3548,0.0394,0.9341,0,0.045,0.9987,-0.0251,0,-0.9339,0.0331,-0.3561,0,54.5783,-1.9463,-2.8009,1]},
{"frame":4,"values":[-0.3587,0.0396,0.9326,0,0.0451,0.9987,-0.025,0,-0.9324,0.0331,-0.36,0,54.5783,-1.9463,-2.8009,1]},
{"frame":5,"values":[-0.3353,0.0388,0.9413,0,0.0445,0.9987,-0.0253,0,-0.9411,0.0334,-0.3365,0,54.5783,-1.9463,-2.8009,1]},
{"frame":6,"values":[-0.3075,0.0378,0.9508,0,0.0437,0.9987,-0.0255,0,-0.9506,0.0337,-0.3087,0,54.5783,-1.9463,-2.8009,1]},
{"frame":7,"values":[-0.2882,0.0371,0.9568,0,0.0432,0.9987,-0.0257,0,-0.9566,0.0339,-0.2894,0,54.5783,-1.9463,-2.8009,1]},
{"frame":8,"values":[-0.2935,0.0373,0.9552,0,0.0434,0.9987,-0.0256,0,-0.955,0.0339,-0.2948,0,54.5783,-1.9463,-2.8009,1]},
{"frame":9,"values":[-0.3226,0.0383,0.9458,0,0.0441,0.9987,-0.0254,0,-0.9455,0.0335,-0.3238,0,54.5783,-1.9463,-2.8009,1]},
{"frame":10,"values":[-0.299,0.0375,0.9535,0,0.0435,0.9987,-0.0256,0,-0.9533,0.0338,-0.3002,0,54.5783,-1.9463,-2.8009,1]},
{"frame":11,"values":[-0.1153,0.0309,0.9929,0,0.0386,0.9989,-0.0266,0,-0.9926,0.0352,-0.1164,0,54.5783,-1.9463,-2.8009,1]},
{"frame":12,"values":[0.2441,0.0181,0.9696,0,0.029,0.9992,-0.026,0,-0.9693,0.0345,0.2434,0,54.5783,-1.9463,-2.8009,1]},
{"frame":13,"values":[0.5991,0.0054,0.8006,0,0.0196,0.9996,-0.0214,0,-0.8004,0.0285,0.5988,0,54.5783,-1.9463,-2.8009,1]},
{"frame":14,"values":[0.7988,-0.0017,0.6016,0,0.0143,0.9998,-0.0161,0,-0.6015,0.0214,0.7986,0,54.5783,-1.9463,-2.8009,1]},
{"frame":15,"values":[0.8518,-0.0036,0.5239,0,0.0128,0.9998,-0.014,0,-0.5237,0.0186,0.8517,0,54.5783,-1.9463,-2.8009,1]},
{"frame":16,"values":[0.833,-0.0029,0.5533,0,0.0133,0.9998,-0.0148,0,-0.5532,0.0197,0.8328,0,54.5783,-1.9463,-2.8009,1]},
{"frame":17,"values":[0.7814,-0.0011,0.624,0,0.0147,0.9998,-0.0167,0,-0.6238,0.0222,0.7812,0,54.5783,-1.9463,-2.8009,1]},
{"frame":18,"values":[0.6884,0.0022,0.7253,0,0.0172,0.9997,-0.0194,0,-0.7251,0.0258,0.6881,0,54.5783,-1.9463,-2.8009,1]},
{"frame":19,"values":[0.5523,0.0071,0.8336,0,0.0208,0.9995,-0.0223,0,-0.8334,0.0296,0.5519,0,54.5783,-1.9463,-2.8009,1]},
{"frame":20,"values":[0.3785,0.0133,0.9255,0,0.0254,0.9994,-0.0248,0,-0.9253,0.0329,0.3779,0,54.5783,-1.9463,-2.8009,1]},
{"frame":21,"values":[0.1951,0.0198,0.9806,0,0.0303,0.9992,-0.0263,0,-0.9803,0.0348,0.1944,0,54.5783,-1.9463,-2.8009,1]},
{"frame":22,"values":[0.0386,0.0254,0.9989,0,0.0345,0.999,-0.0268,0,-0.9987,0.0355,0.0377,0,54.5783,-1.9463,-2.8009,1]},
{"frame":23,"values":[-0.0786,0.0296,0.9965,0,0.0376,0.9989,-0.0267,0,-0.9962,0.0354,-0.0797,0,54.5783,-1.9463,-2.8009,1]},
{"frame":24,"values":[-0.1581,0.0324,0.9869,0,0.0397,0.9989,-0.0265,0,-0.9866,0.035,-0.1592,0,54.5783,-1.9463,-2.8009,1]},
{"frame":25,"values":[-0.2122,0.0344,0.9766,0,0.0412,0.9988,-0.0262,0,-0.9764,0.0347,-0.2134,0,54.5783,-1.9463,-2.8009,1]},
{"frame":26,"values":[-0.2472,0.0356,0.9683,0,0.0421,0.9988,-0.026,0,-0.968,0.0344,-0.2484,0,54.5783,-1.9463,-2.8009,1]},
{"frame":27,"values":[-0.268,0.0364,0.9627,0,0.0427,0.9988,-0.0258,0,-0.9625,0.0342,-0.2692,0,54.5783,-1.9463,-2.8009,1]},
{"frame":28,"values":[-0.2764,0.0367,0.9603,0,0.0429,0.9987,-0.0258,0,-0.9601,0.0341,-0.2776,0,54.5783,-1.9463,-2.8009,1]},
{"frame":29,"values":[-0.2797,0.0368,0.9594,0,0.043,0.9987,-0.0258,0,-0.9591,0.034,-0.2809,0,54.5783,-1.9463,-2.8009,1]},
{"frame":30,"values":[-0.2907,0.0372,0.9561,0,0.0433,0.9987,-0.0257,0,-0.9558,0.0339,-0.292,0,54.5783,-1.9463,-2.8009,1]},
