{"producer":{"name":"Blender","version":"2.90.0","exporter_version":"2.80.1","file":"fight_blockright.babylon"},
"autoClear":true,"clearColor":[0.0509,0.0509,0.0509],"gravity":[0,-9.81,0],
"materials":[{"name":"Material","id":"Material","customType":"BABYLON.PBRMaterial","backFaceCulling":true,"checkReadyOnlyOnce":false,"maxSimultaneousLights":4,"environmentIntensity":1,"albedo":[0.8,0.8,0.8],"reflectivity":[0.5,0.5,0.5],"roughness":0.4,"alpha":1,"transparencyMode":0,"alphaCutOff":0.4,"metallic":0}],
"multiMaterials":[],
"skeletons":[{"name":"Armature","id":0,"dimensionsAtRest":[379.1952,391.6652,55.677],"bones":[
{"name":"mixamorig:Hips","index":0,"matrix":[0.9944,0.0264,-0.1019,0,0.001,0.9658,0.2592,0,-0.1052,0.2579,-0.9604,0,-0.476,191.6853,-3.4183,1],"rest":[1,0,0,0,0,1,0,0,0,0,-1,0,0,201.6394,0,1],"parentBoneIndex":-1,"length":21.6784
,"animation":{"dataType":3,"framePerSecond":24,"keys":[
{"frame":1,"values":[0.9944,0.0264,-0.1019,0,0.001,0.9658,0.2592,0,-0.1052,0.2579,-0.9604,0,-0.476,191.6853,-3.4183,1]},
{"frame":2,"values":[0.9965,0.0209,-0.0805,0,0.0003,0.967,0.2548,0,-0.0832,0.2539,-0.9637,0,0.1263,191.8341,-3.2957,1]},
{"frame":3,"values":[0.9996,0.0195,-0.0222,0,-0.0132,0.9663,0.2571,0,-0.0264,0.2567,-0.9661,0,1.1916,192.3654,-3.3119,1]},
{"frame":4,"values":[0.9962,0.0156,0.0851,0,-0.0372,0.9655,0.2579,0,0.0782,0.2601,-0.9624,0,2.8567,193.3726,-3.5369,1]},
{"frame":5,"values":[0.977,0.0136,0.2127,0,-0.0676,0.9663,0.2485,0,0.2021,0.2571,-0.945,0,4.908,194.4698,-3.5744,1]},
{"frame":6,"values":[0.9465,0.018,0.3222,0,-0.0982,0.9671,0.2345,0,0.3074,0.2536,-0.9171,0,6.9417,194.9192,-2.7665,1]},
{"frame":7,"values":[0.918,0.0184,0.3963,0,-0.1177,0.9666,0.2278,0,0.3788,0.2557,-0.8894,0,8.667,194.3461,-1.4635,1]},
{"frame":8,"values":[0.9012,0.0138,0.4333,0,-0.1243,0.9657,0.2278,0,0.4153,0.2591,-0.872,0,9.9506,193.3262,-0.8585,1]},
{"frame":9,"values":[0.8944,0.0133,0.4471,0,-0.1276,0.9656,0.2266,0,0.4287,0.2597,-0.8653,0,10.802,192.6798,-0.9581,1]},
{"frame":10,"values":[0.8858,0.0159,0.4638,0,-0.1327,0.9663,0.2204,0,0.4447,0.2568,-0.8581,0,11.3969,192.4219,-0.9656,1]},
{"frame":11,"values":[0.8662,0.0139,0.4995,0,-0.1368,0.968,0.2103,0,0.4806,0.2505,-0.8404,0,11.9819,192.0799,-0.7324,1]},
{"frame":12,"values":[0.8406,0.0042,0.5416,0,-0.1353,0.9699,0.2025,0,0.5244,0.2435,-0.8159,0,12.4708,191.434,-0.3433,1]},
{"frame":13,"values":[0.8226,-0.0078,0.5686,0,-0.1293,0.9711,0.2004,0,0.5538,0.2383,-0.7978,0,12.6492,190.7082,0.0822,1]},
{"frame":14,"values":[0.8161,-0.0157,0.5777,0,-0.1239,0.9716,0.2015,0,0.5645,0.236,-0.791,0,12.5819,190.2218,0.2851,1]},
{"frame":15,"values":[0.8189,-0.0187,0.5736,0,-0.1209,0.9714,0.2044,0,0.561,0.2368,-0.7932,0,12.3995,190.0767,0.2549,1]},
{"frame":16,"values":[0.8275,-0.019,0.5611,0,-0.119,0.9708,0.2084,0,0.5486,0.2392,-0.8011,0,12.0951,190.1531,0.233,1]},
{"frame":17,"values":[0.8383,-0.0173,0.545,0,-0.1175,0.9703,0.2115,0,0.5325,0.2413,-0.8113,0,11.6877,190.2853,0.3286,1]},
{"frame":18,"values":[0.8503,-0.0127,0.5261,0,-0.1172,0.97,0.213,0,0.513,0.2428,-0.8233,0,11.2401,190.4358,0.4457,1]},
{"frame":19,"values":[0.8674,-0.0047,0.4977,0,-0.1182,0.9694,0.2151,0,0.4834,0.2454,-0.8403,0,10.7662,190.674,0.4555,1]},
{"frame":20,"values":[0.8881,0.0023,0.4597,0,-0.1161,0.9687,0.2195,0,0.4448,0.2483,-0.8605,0,10.2612,191.0045,0.3451,1]},
{"frame":21,"values":[0.9093,0.005,0.4161,0,-0.1083,0.9683,0.225,0,0.4018,0.2497,-0.881,0,9.6297,191.4079,0.1602,1]},
{"frame":22,"values":[0.9304,0.0063,0.3665,0,-0.0966,0.9687,0.2287,0,0.3536,0.2482,-0.9019,0,8.7687,191.8452,-0.0756,1]},
{"frame":23,"values":[0.9494,0.0057,0.3141,0,-0.0816,0.97,0.229,0,0.3034,0.2431,-0.9213,0,7.8067,192.1075,-0.3697,1]},
{"frame":24,"values":[0.9631,0.0006,0.2692,0,-0.0646,0.9713,0.2288,0,0.2614,0.2377,-0.9355,0,6.8906,191.9811,-0.7428,1]},
{"frame":25,"values":[0.9734,-0.0039,0.2289,0,-0.0505,0.9716,0.2312,0,0.2233,0.2366,-0.9456,0,5.8448,191.576,-1.031,1]},
{"frame":26,"values":[0.9848,-0.0013,0.1737,0,-0.0405,0.9708,0.2366,0,0.1689,0.2401,-0.9559,0,4.4469,191.2469,-1.1202,1]},
{"frame":27,"values":[0.9956,0.007,0.0935,0,-0.0297,0.9693,0.244,0,0.089,0.2457,-0.9653,0,2.816,191.2204,-1.4635,1]},
{"frame":28,"values":[0.9999,0.0167,-0.0035,0,-0.0153,0.9676,0.2518,0,-0.0076,0.2517,-0.9678,0,1.1626,191.4349,-2.3584,1]},
{"frame":29,"values":[0.9944,0.0264,-0.1019,0,0.001,0.9658,0.2592,0,-0.1052,0.2579,-0.9604,0,-0.476,191.6853,-3.4183,1]}],"loopBehavior":1,"name":"anim","property":"_matrix"}},
{"name":"mixamorig:Spine","index":1,"matrix":[0.9996,-0.0227,-0.0145,0,0.0231,0.9992,0.0333,0,0.0137,-0.0337,0.9993,0,0.0062,19.525,-2.4818,1],"rest":[1,0,0,0,0,1,0,0,0,0,1,0,0.0062,19.525,-2.4818,1],"parentBoneIndex":0,"length":23.0091
,"animation":{"dataType":3,"framePerSecond":24,"keys":[
{"frame":1,"values":[0.9996,-0.0227,-0.0145,0,0.0231,0.9992,0.0333,0,0.0137,-0.0337,0.9993,0,0.0062,19.525,-2.4818,1]},
{"frame":2,"values":[0.9997,-0.0207,-0.0144,0,0.0212,0.9992,0.0343,0,0.0137,-0.0346,0.9993,0,0.0062,19.525,-2.4818,1]},
{"frame":3,"values":[0.9997,-0.0193,-0.0123,0,0.0197,0.9991,0.0372,0,0.0115,-0.0374,0.9992,0,0.0062,19.525,-2.4818,1]},
{"frame":4,"values":[0.9997,-0.0218,-0.011,0,0.0222,0.999,0.0391,0,0.0102,-0.0394,0.9992,0,0.0062,19.525,-2.4818,1]},
{"frame":5,"values":[0.9993,-0.0343,-0.0166,0,0.0348,0.9988,0.0338,0,0.0155,-0.0344,0.9993,0,0.0062,19.525,-2.4818,1]},
{"frame":6,"values":[0.9984,-0.0499,-0.0282,0,0.0504,0.9986,0.0184,0,0.0272,-0.0198,0.9994,0,0.0062,19.525,-2.4818,1]},
{"frame":7,"values":[0.9981,-0.0472,-0.0397,0,0.0473,0.9989,0.0024,0,0.0396,-0.0043,0.9992,0,0.0062,19.525,-2.4818,1]},
{"frame":8,"values":[0.9983,-0.0221,-0.0533,0,0.022,0.9998,-0.003,0,0.0533,0.0018,0.9986,0,0.0062,19.525,-2.4818,1]},
{"frame":9,"values":[0.9973,0.0002,-0.0729,0,-0.0002,1,0.0006,0,0.0729,-0.0006,0.9973,0,0.0062,19.525,-2.4818,1]},
{"frame":10,"values":[0.9957,0.002,-0.0928,0,-0.0017,1,0.0039,0,0.0928,-0.0038,0.9957,0,0.0062,19.525,-2.4818,1]},
{"frame":11,"values":[0.9948,-0.0057,-0.1021,0,0.0062,1,0.0047,0,0.1021,-0.0053,0.9948,0,0.0062,19.525,-2.4818,1]},
{"frame":12,"values":[0.9949,-0.0057,-0.1006,0,0.0064,1,0.0064,0,0.1006,-0.007,0.9949,0,0.0062,19.525,-2.4818,1]},
{"frame":13,"values":[0.9954,0.0024,-0.0962,0,-0.0014,1,0.0097,0,0.0963,-0.0096,0.9953,0,0.0062,19.525,-2.4818,1]},
{"frame":14,"values":[0.9955,0.0084,-0.0948,0,-0.0072,0.9999,0.0123,0,0.0949,-0.0116,0.9954,0,0.0062,19.525,-2.4818,1]},
{"frame":15,"values":[0.9954,0.0084,-0.0958,0,-0.0071,0.9999,0.0134,0,0.0959,-0.0127,0.9953,0,0.0062,19.525,-2.4818,1]},
{"frame":16,"values":[0.9953,0.0065,-0.0963,0,-0.0052,0.9999,0.0141,0,0.0964,-0.0135,0.9953,0,0.0062,19.525,-2.4818,1]},
{"frame":17,"values":[0.9954,0.0056,-0.0952,0,-0.0043,0.9999,0.0147,0,0.0953,-0.0142,0.9953,0,0.0062,19.525,-2.4818,1]},
{"frame":18,"values":[0.9956,0.0047,-0.0938,0,-0.0032,0.9999,0.0155,0,0.0938,-0.0152,0.9955,0,0.0062,19.525,-2.4818,1]},
{"frame":19,"values":[0.9957,0.0023,-0.0922,0,-0.0008,0.9999,0.0165,0,0.0923,-0.0164,0.9956,0,0.0062,19.525,-2.4818,1]},
{"frame":20,"values":[0.9961,-0.0001,-0.0884,0,0.0016,0.9999,0.017,0,0.0884,-0.017,0.9959,0,0.0062,19.525,-2.4818,1]},
{"frame":21,"values":[0.9967,-0.0014,-0.0806,0,0.0027,0.9999,0.0167,0,0.0806,-0.0168,0.9966,0,0.0062,19.525,-2.4818,1]},
{"frame":22,"values":[0.9974,-0.0034,-0.0713,0,0.0047,0.9998,0.0175,0,0.0713,-0.0178,0.9973,0,0.0062,19.525,-2.4818,1]},
{"frame":23,"values":[0.998,-0.0074,-0.0623,0,0.0087,0.9997,0.0213,0,0.0622,-0.0218,0.9978,0,0.0062,19.525,-2.4818,1]},
{"frame":24,"values":[0.9986,-0.011,-0.052,0,0.0124,0.9996,0.0269,0,0.0516,-0.0276,0.9983,0,0.0062,19.525,-2.4818,1]},
{"frame":25,"values":[0.9991,-0.012,-0.0396,0,0.0133,0.9994,0.0324,0,0.0392,-0.0329,0.9987,0,0.0062,19.525,-2.4818,1]},
{"frame":26,"values":[0.9995,-0.0119,-0.0291,0,0.013,0.9992,0.0366,0,0.0286,-0.037,0.9989,0,0.0062,19.525,-2.4818,1]},
{"frame":27,"values":[0.9996,-0.0138,-0.0227,0,0.0146,0.9992,0.038,0,0.0221,-0.0383,0.999,0,0.0062,19.525,-2.4818,1]},
{"frame":28,"values":[0.9997,-0.0181,-0.0187,0,0.0187,0.9992,0.0361,0,0.018,-0.0364,0.9992,0,0.0062,19.525,-2.4818,1]},
{"frame":29,"values":[0.9996,-0.0227,-0.0145,0,0.0231,0.9992,0.0333,0,0.0137,-0.0337,0.9993,0,0.0062,19.525,-2.4818,1]}],"loopBehavior":1,"name":"anim","property":"_matrix"}},
{"name":"mixamorig:Spine1","index":2,"matrix":[0.9999,0.0036,-0.013,0,-0.0027,0.9977,0.0682,0,0.0132,-0.0681,0.9976,0,-0.0009,22.835,-2.8254,1],"rest":[1,0,0,0,0,1,0,0,0,0,1,0,-0.0009,22.835,-2.8254,1],"parentBoneIndex":1,"length":26.7438
,"animation":{"dataType":3,"framePerSecond":24,"keys":[
{"frame":1,"values":[0.9999,0.0036,-0.013,0,-0.0027,0.9977,0.0682,0,0.0132,-0.0681,0.9976,0,-0.0009,22.835,-2.8254,1]},
{"frame":2,"values":[0.9999,0.0075,-0.0122,0,-0.0066,0.9975,0.0703,0,0.0127,-0.0703,0.9974,0,-0.0009,22.835,-2.8254,1]},
{"frame":3,"values":[0.9999,0.0093,-0.0079,0,-0.0087,0.9972,0.0746,0,0.0086,-0.0745,0.9972,0,-0.0009,22.835,-2.8254,1]},
{"frame":4,"values":[1,0.0081,-0.0031,0,-0.0078,0.997,0.0772,0,0.0037,-0.0771,0.997,0,-0.0009,22.835,-2.8254,1]},
{"frame":5,"values":[1,0.0023,-0.0019,0,-0.0021,0.9974,0.0715,0,0.002,-0.0715,0.9974,0,-0.0009,22.835,-2.8254,1]},
{"frame":6,"values":[1,-0.0048,-0.0071,0,0.0052,0.9985,0.0538,0,0.0068,-0.0538,0.9985,0,-0.0009,22.835,-2.8254,1]},
{"frame":7,"values":[0.9997,-0.0019,-0.0257,0,0.0027,0.9995,0.0314,0,0.0256,-0.0314,0.9992,0,-0.0009,22.835,-2.8254,1]},
{"frame":8,"values":[0.9977,0.0137,-0.0666,0,-0.0126,0.9998,0.0173,0,0.0669,-0.0164,0.9976,0,-0.0009,22.835,-2.8254,1]},
{"frame":9,"values":[0.9924,0.0265,-0.1201,0,-0.0249,0.9996,0.0148,0,0.1205,-0.0117,0.9926,0,-0.0009,22.835,-2.8254,1]},
{"frame":10,"values":[0.9866,0.0249,-0.161,0,-0.0226,0.9996,0.0165,0,0.1614,-0.0126,0.9868,0,-0.0009,22.835,-2.8254,1]},
{"frame":11,"values":[0.9846,0.0171,-0.1742,0,-0.0142,0.9997,0.0179,0,0.1745,-0.0152,0.9845,0,-0.0009,22.835,-2.8254,1]},
{"frame":12,"values":[0.9855,0.0156,-0.169,0,-0.0122,0.9997,0.0212,0,0.1693,-0.0188,0.9854,0,-0.0009,22.835,-2.8254,1]},
{"frame":13,"values":[0.9865,0.0197,-0.1623,0,-0.0156,0.9995,0.0265,0,0.1627,-0.0236,0.9864,0,-0.0009,22.835,-2.8254,1]},
{"frame":14,"values":[0.9867,0.0222,-0.1613,0,-0.0174,0.9994,0.0309,0,0.1619,-0.0277,0.9864,0,-0.0009,22.835,-2.8254,1]},
{"frame":15,"values":[0.9863,0.0224,-0.1635,0,-0.0173,0.9993,0.0329,0,0.1641,-0.0296,0.986,0,-0.0009,22.835,-2.8254,1]},
{"frame":16,"values":[0.9861,0.023,-0.1646,0,-0.0176,0.9993,0.034,0,0.1652,-0.0306,0.9858,0,-0.0009,22.835,-2.8254,1]},
{"frame":17,"values":[0.9863,0.0232,-0.1634,0,-0.0177,0.9992,0.0353,0,0.1641,-0.032,0.9859,0,-0.0009,22.835,-2.8254,1]},
{"frame":18,"values":[0.9866,0.0214,-0.1617,0,-0.0156,0.9992,0.0372,0,0.1624,-0.0342,0.9861,0,-0.0009,22.835,-2.8254,1]},
{"frame":19,"values":[0.9871,0.0187,-0.1592,0,-0.0125,0.9991,0.0395,0,0.1598,-0.037,0.9865,0,-0.0009,22.835,-2.8254,1]},
{"frame":20,"values":[0.9883,0.017,-0.1517,0,-0.0109,0.9991,0.0413,0,0.1523,-0.0392,0.9876,0,-0.0009,22.835,-2.8254,1]},
{"frame":21,"values":[0.9905,0.0167,-0.1367,0,-0.011,0.999,0.0425,0,0.1373,-0.0406,0.9897,0,-0.0009,22.835,-2.8254,1]},
{"frame":22,"values":[0.9928,0.0175,-0.1188,0,-0.0122,0.9989,0.0449,0,0.1194,-0.0431,0.9919,0,-0.0009,22.835,-2.8254,1]},
{"frame":23,"values":[0.9946,0.0196,-0.1018,0,-0.0145,0.9986,0.0499,0,0.1026,-0.0482,0.9936,0,-0.0009,22.835,-2.8254,1]},
{"frame":24,"values":[0.9963,0.0221,-0.0829,0,-0.0175,0.9982,0.0565,0,0.084,-0.0549,0.995,0,-0.0009,22.835,-2.8254,1]},
{"frame":25,"values":[0.9979,0.0232,-0.0607,0,-0.0193,0.9978,0.0639,0,0.0621,-0.0626,0.9961,0,-0.0009,22.835,-2.8254,1]},
{"frame":26,"values":[0.9989,0.0219,-0.0412,0,-0.0189,0.9973,0.0714,0,0.0427,-0.0706,0.9966,0,-0.0009,22.835,-2.8254,1]},
{"frame":27,"values":[0.9994,0.0179,-0.0289,0,-0.0157,0.9971,0.0748,0,0.0302,-0.0743,0.9968,0,-0.0009,22.835,-2.8254,1]},
{"frame":28,"values":[0.9997,0.0111,-0.021,0,-0.0096,0.9973,0.0723,0,0.0218,-0.0721,0.9972,0,-0.0009,22.835,-2.8254,1]},
{"frame":29,"values":[0.9999,0.0036,-0.013,0,-0.0027,0.9977,0.0682,0,0.0132,-0.0681,0.9976,0,-0.0009,22.835,-2.8254,1]}],"loopBehavior":1,"name":"anim","property":"_matrix"}},
{"name":"mixamorig:Spine2","index":3,"matrix":[0.9999,0.0036,-0.0131,0,-0.0027,0.9977,0.0681,0,0.0134,-0.0681,0.9976,0,-0.0206,26.5525,-3.1933,1],"rest":[1,0,0,0,0,1,0,0,0,0,1,0,-0.0206,26.5525,-3.1933,1],"parentBoneIndex":2,"length":24.825
,"animation":{"dataType":3,"framePerSecond":24,"keys":[
{"frame":1,"values":[0.9999,0.0036,-0.0131,0,-0.0027,0.9977,0.0681,0,0.0134,-0.0681,0.9976,0,-0.0206,26.5525,-3.1933,1]},
{"frame":2,"values":[0.9999,0.0076,-0.0123,0,-0.0067,0.9975,0.0703,0,0.0128,-0.0702,0.9974,0,-0.0206,26.5525,-3.1933,1]},
{"frame":3,"values":[0.9999,0.0094,-0.0081,0,-0.0088,0.9972,0.0745,0,0.0088,-0.0745,0.9972,0,-0.0206,26.5525,-3.1933,1]},
{"frame":4,"values":[1,0.0082,-0.0032,0,-0.0079,0.997,0.0771,0,0.0038,-0.077,0.997,0,-0.0206,26.5525,-3.1933,1]},
{"frame":5,"values":[1,0.0026,-0.0017,0,-0.0025,0.9974,0.0715,0,0.0019,-0.0715,0.9974,0,-0.0206,26.5525,-3.1933,1]},
{"frame":6,"values":[1,-0.004,-0.0067,0,0.0044,0.9985,0.0539,0,0.0065,-0.0539,0.9985,0,-0.0206,26.5525,-3.1933,1]},
{"frame":7,"values":[0.9997,-0.0013,-0.0256,0,0.0021,0.9995,0.0312,0,0.0255,-0.0313,0.9992,0,-0.0206,26.5525,-3.1933,1]},
{"frame":8,"values":[0.9977,0.0124,-0.0672,0,-0.0114,0.9998,0.0163,0,0.0674,-0.0155,0.9976,0,-0.0206,26.5525,-3.1933,1]},
{"frame":9,"values":[0.9924,0.0232,-0.1211,0,-0.0218,0.9997,0.0128,0,0.1214,-0.0101,0.9926,0,-0.0206,26.5525,-3.1933,1]},
{"frame":10,"values":[0.9866,0.021,-0.1618,0,-0.019,0.9997,0.0139,0,0.1621,-0.0107,0.9867,0,-0.0206,26.5525,-3.1933,1]},
{"frame":11,"values":[0.9845,0.0139,-0.1748,0,-0.0114,0.9998,0.0153,0,0.175,-0.0131,0.9845,0,-0.0206,26.5525,-3.1933,1]},
{"frame":12,"values":[0.9854,0.0131,-0.1696,0,-0.0101,0.9998,0.0184,0,0.1698,-0.0165,0.9853,0,-0.0206,26.5525,-3.1933,1]},
{"frame":13,"values":[0.9865,0.0175,-0.163,0,-0.0139,0.9996,0.0235,0,0.1634,-0.0209,0.9863,0,-0.0206,26.5525,-3.1933,1]},
{"frame":14,"values":[0.9866,0.0201,-0.1622,0,-0.0159,0.9995,0.0276,0,0.1626,-0.0247,0.9864,0,-0.0206,26.5525,-3.1933,1]},
{"frame":15,"values":[0.9862,0.0204,-0.1644,0,-0.0158,0.9994,0.0296,0,0.1649,-0.0266,0.986,0,-0.0206,26.5525,-3.1933,1]},
{"frame":16,"values":[0.986,0.0211,-0.1655,0,-0.0162,0.9994,0.0306,0,0.166,-0.0275,0.9857,0,-0.0206,26.5525,-3.1933,1]},
{"frame":17,"values":[0.9862,0.0213,-0.1644,0,-0.0162,0.9994,0.032,0,0.165,-0.0289,0.9859,0,-0.0206,26.5525,-3.1933,1]},
{"frame":18,"values":[0.9865,0.0196,-0.1627,0,-0.0142,0.9993,0.034,0,0.1632,-0.0313,0.9861,0,-0.0206,26.5525,-3.1933,1]},
{"frame":19,"values":[0.987,0.017,-0.1601,0,-0.0113,0.9993,0.0366,0,0.1606,-0.0343,0.9864,0,-0.0206,26.5525,-3.1933,1]},
{"frame":20,"values":[0.9882,0.0155,-0.1526,0,-0.0097,0.9992,0.0386,0,0.1531,-0.0367,0.9875,0,-0.0206,26.5525,-3.1933,1]},
{"frame":21,"values":[0.9904,0.0154,-0.1377,0,-0.01,0.9992,0.0399,0,0.1382,-0.0381,0.9897,0,-0.0206,26.5525,-3.1933,1]},
{"frame":22,"values":[0.9927,0.0165,-0.1198,0,-0.0115,0.999,0.0424,0,0.1204,-0.0408,0.9919,0,-0.0206,26.5525,-3.1933,1]},
{"frame":23,"values":[0.9945,0.0192,-0.1029,0,-0.0143,0.9988,0.0478,0,0.1037,-0.0461,0.9935,0,-0.0206,26.5525,-3.1933,1]},
{"frame":24,"values":[0.9962,0.0221,-0.0839,0,-0.0176,0.9983,0.055,0,0.085,-0.0533,0.995,0,-0.0206,26.5525,-3.1933,1]},
{"frame":25,"values":[0.9978,0.0233,-0.0615,0,-0.0194,0.9978,0.0631,0,0.0628,-0.0618,0.9961,0,-0.0206,26.5525,-3.1933,1]},
{"frame":26,"values":[0.9989,0.022,-0.0419,0,-0.019,0.9973,0.071,0,0.0433,-0.0701,0.9966,0,-0.0206,26.5525,-3.1933,1]},
{"frame":27,"values":[0.9994,0.018,-0.0295,0,-0.0158,0.9971,0.0746,0,0.0307,-0.0741,0.9968,0,-0.0206,26.5525,-3.1933,1]},
{"frame":28,"values":[0.9997,0.0112,-0.0214,0,-0.0096,0.9973,0.0721,0,0.0221,-0.0719,0.9972,0,-0.0206,26.5525,-3.1933,1]},
{"frame":29,"values":[0.9999,0.0036,-0.0131,0,-0.0027,0.9977,0.0681,0,0.0134,-0.0681,0.9976,0,-0.0206,26.5525,-3.1933,1]}],"loopBehavior":1,"name":"anim","property":"_matrix"}},
{"name":"mixamorig:Neck","index":4,"matrix":[0.9991,0.0152,-0.0387,0,-0.0081,0.9841,0.1772,0,0.0408,-0.1768,0.9834,0,-0.06,30.7018,1.3522,1],"rest":[1,0,0,0,0,1,0,0,0,0,1,0,-0.06,30.7018,1.3522,1],"parentBoneIndex":3,"length":22.8446
,"animation":{"dataType":3,"framePerSecond":24,"keys":[
{"frame":1,"values":[0.9991,0.0152,-0.0387,0,-0.0081,0.9841,0.1772,0,0.0408,-0.1768,0.9834,0,-0.06,30.7018,1.3522,1]},
{"frame":2,"values":[0.9992,0.0165,-0.0351,0,-0.0102,0.9853,0.1705,0,0.0374,-0.17,0.9847,0,-0.06,30.7018,1.3522,1]},
{"frame":3,"values":[0.9994,0.018,-0.0291,0,-0.0129,0.9858,0.1671,0,0.0317,-0.1667,0.9855,0,-0.06,30.7018,1.3522,1]},
{"frame":4,"values":[0.9995,0.0252,-0.0166,0,-0.0221,0.9861,0.1648,0,0.0205,-0.1644,0.9862,0,-0.06,30.7018,1.3522,1]},
{"frame":5,"values":[0.9992,0.0401,0.0056,0,-0.0405,0.986,0.1615,0,0.001,-0.1616,0.9869,0,-0.06,30.7018,1.3522,1]},
{"frame":6,"values":[0.998,0.0526,0.0347,0,-0.0576,0.985,0.1625,0,-0.0257,-0.1641,0.9861,0,-0.06,30.7018,1.3522,1]},
{"frame":7,"values":[0.9971,0.047,0.0599,0,-0.0567,0.9832,0.1734,0,-0.0507,-0.1763,0.983,0,-0.06,30.7018,1.3522,1]},
{"frame":8,"values":[0.9969,0.0263,0.0746,0,-0.0399,0.9813,0.1882,0,-0.0683,-0.1906,0.9793,0,-0.06,30.7018,1.3522,1]},
{"frame":9,"values":[0.996,0.0138,0.0888,0,-0.0309,0.9805,0.1941,0,-0.0844,-0.1961,0.977,0,-0.06,30.7018,1.3522,1]},
{"frame":10,"values":[0.9934,0.0228,0.1124,0,-0.0438,0.981,0.1888,0,-0.106,-0.1924,0.9756,0,-0.06,30.7018,1.3522,1]},
{"frame":11,"values":[0.9897,0.0421,0.1369,0,-0.0666,0.9816,0.1792,0,-0.1268,-0.1865,0.9742,0,-0.06,30.7018,1.3522,1]},
{"frame":12,"values":[0.9874,0.0535,0.1492,0,-0.079,0.9822,0.1706,0,-0.1374,-0.1802,0.974,0,-0.06,30.7018,1.3522,1]},
{"frame":13,"values":[0.9873,0.053,0.1497,0,-0.0777,0.9834,0.1642,0,-0.1385,-0.1737,0.975,0,-0.06,30.7018,1.3522,1]},
{"frame":14,"values":[0.9878,0.0496,0.1477,0,-0.0736,0.9841,0.1614,0,-0.1374,-0.1703,0.9758,0,-0.06,30.7018,1.3522,1]},
{"frame":15,"values":[0.9879,0.0489,0.147,0,-0.073,0.9839,0.1632,0,-0.1367,-0.172,0.9756,0,-0.06,30.7018,1.3522,1]},
{"frame":16,"values":[0.988,0.0496,0.1463,0,-0.074,0.9833,0.1666,0,-0.1356,-0.1754,0.9751,0,-0.06,30.7018,1.3522,1]},
{"frame":17,"values":[0.9883,0.0493,0.1443,0,-0.0736,0.9829,0.1687,0,-0.1335,-0.1773,0.9751,0,-0.06,30.7018,1.3522,1]},
{"frame":18,"values":[0.9889,0.0473,0.141,0,-0.0711,0.983,0.1691,0,-0.1306,-0.1773,0.9755,0,-0.06,30.7018,1.3522,1]},
{"frame":19,"values":[0.9898,0.0441,0.1356,0,-0.067,0.9833,0.1691,0,-0.1258,-0.1765,0.9762,0,-0.06,30.7018,1.3522,1]},
{"frame":20,"values":[0.9911,0.0411,0.127,0,-0.0625,0.9835,0.1696,0,-0.1179,-0.1761,0.9773,0,-0.06,30.7018,1.3522,1]},
{"frame":21,"values":[0.9926,0.0394,0.1148,0,-0.0587,0.9836,0.1703,0,-0.1063,-0.1758,0.9787,0,-0.06,30.7018,1.3522,1]},
{"frame":22,"values":[0.9942,0.0396,0.1001,0,-0.0564,0.9838,0.1703,0,-0.0918,-0.1749,0.9803,0,-0.06,30.7018,1.3522,1]},
{"frame":23,"values":[0.9957,0.0406,0.0838,0,-0.0544,0.984,0.1697,0,-0.0755,-0.1735,0.9819,0,-0.06,30.7018,1.3522,1]},
{"frame":24,"values":[0.9971,0.0386,0.0654,0,-0.0493,0.9841,0.1704,0,-0.0577,-0.1731,0.9832,0,-0.06,30.7018,1.3522,1]},
{"frame":25,"values":[0.9985,0.0317,0.045,0,-0.0391,0.9841,0.173,0,-0.0388,-0.1745,0.9839,0,-0.06,30.7018,1.3522,1]},
{"frame":26,"values":[0.9994,0.0236,0.0241,0,-0.0275,0.9841,0.1754,0,-0.0196,-0.176,0.9842,0,-0.06,30.7018,1.3522,1]},
{"frame":27,"values":[0.9998,0.0186,0.0035,0,-0.0189,0.9841,0.1764,0,-0.0001,-0.1764,0.9843,0,-0.06,30.7018,1.3522,1]},
{"frame":28,"values":[0.9997,0.0167,-0.0175,0,-0.0134,0.9842,0.1767,0,0.0201,-0.1765,0.9841,0,-0.06,30.7018,1.3522,1]},
{"frame":29,"values":[0.9991,0.0152,-0.0387,0,-0.0081,0.9841,0.1772,0,0.0408,-0.1768,0.9834,0,-0.06,30.7018,1.3522,1]}],"loopBehavior":1,"name":"anim","property":"_matrix"}},
{"name":"mixamorig:Head","index":5,"matrix":[0.9518,-0.1816,-0.2471,0,0.0985,0.9442,-0.3144,0,0.2904,0.2749,0.9166,0,-0.0872,22.5476,3.6709,1],"rest":[1,0,0,0,0,1,0,0,0,0,1,0,-0.0872,22.5476,3.6709,1],"parentBoneIndex":4,"length":30.5923
,"animation":{"dataType":3,"framePerSecond":24,"keys":[
{"frame":1,"values":[0.9518,-0.1816,-0.2471,0,0.0985,0.9442,-0.3144,0,0.2904,0.2749,0.9166,0,-0.0872,22.5476,3.6709,1]},
{"frame":2,"values":[0.9538,-0.1918,-0.2314,0,0.1099,0.9392,-0.3254,0,0.2798,0.2849,0.9168,0,-0.0872,22.5476,3.6709,1]},
{"frame":3,"values":[0.9572,-0.2027,-0.2066,0,0.1273,0.936,-0.3282,0,0.2599,0.2879,0.9217,0,-0.0872,22.5476,3.6709,1]},
{"frame":4,"values":[0.9649,-0.2093,-0.1588,0,0.1495,0.9345,-0.3232,0,0.216,0.2881,0.9329,0,-0.0872,22.5476,3.6709,1]},
{"frame":5,"values":[0.9754,-0.2071,-0.075,0,0.1741,0.9337,-0.3129,0,0.1349,0.2922,0.9468,0,-0.0872,22.5476,3.6709,1]},
{"frame":6,"values":[0.9806,-0.1911,0.0446,0,0.1958,0.9363,-0.2915,0,0.014,0.2946,0.9555,0,-0.0872,22.5476,3.6709,1]},
{"frame":7,"values":[0.9715,-0.161,0.1741,0,0.2017,0.947,-0.2501,0,-0.1246,0.2781,0.9524,0,-0.0872,22.5476,3.6709,1]},
{"frame":8,"values":[0.949,-0.1266,0.2888,0,0.1863,0.964,-0.1899,0,-0.2543,0.234,0.9384,0,-0.0872,22.5476,3.6709,1]},
{"frame":9,"values":[0.9163,-0.1045,0.3866,0,0.1658,0.9777,-0.1289,0,-0.3645,0.1823,0.9132,0,-0.0872,22.5476,3.6709,1]},
{"frame":10,"values":[0.8765,-0.0994,0.4711,0,0.159,0.9833,-0.0883,0,-0.4544,0.1523,0.8777,0,-0.0872,22.5476,3.6709,1]},
{"frame":11,"values":[0.8392,-0.1027,0.534,0,0.1673,0.9831,-0.0738,0,-0.5174,0.1513,0.8423,0,-0.0872,22.5476,3.6709,1]},
{"frame":12,"values":[0.816,-0.1049,0.5685,0,0.1802,0.9806,-0.0777,0,-0.5493,0.1658,0.819,0,-0.0872,22.5477,3.6709,1]},
{"frame":13,"values":[0.8085,-0.1039,0.5792,0,0.1897,0.9778,-0.0893,0,-0.5571,0.1821,0.8103,0,-0.0872,22.5476,3.6709,1]},
{"frame":14,"values":[0.8087,-0.1022,0.5793,0,0.193,0.9764,-0.0972,0,-0.5557,0.1904,0.8093,0,-0.0872,22.5476,3.6709,1]},
{"frame":15,"values":[0.8111,-0.1005,0.5762,0,0.1907,0.9767,-0.0981,0,-0.553,0.1894,0.8114,0,-0.0872,22.5476,3.6709,1]},
{"frame":16,"values":[0.8144,-0.0982,0.5719,0,0.1862,0.9777,-0.0972,0,-0.5496,0.1856,0.8145,0,-0.0872,22.5477,3.6709,1]},
{"frame":17,"values":[0.8191,-0.0947,0.5658,0,0.1806,0.9787,-0.0978,0,-0.5444,0.1823,0.8188,0,-0.0872,22.5476,3.6709,1]},
{"frame":18,"values":[0.8261,-0.0911,0.5561,0,0.174,0.9799,-0.0979,0,-0.536,0.1776,0.8253,0,-0.0872,22.5476,3.6709,1]},
{"frame":19,"values":[0.8382,-0.0904,0.5378,0,0.1688,0.9807,-0.0983,0,-0.5185,0.1732,0.8373,0,-0.0872,22.5476,3.6709,1]},
{"frame":20,"values":[0.8584,-0.0933,0.5045,0,0.1675,0.9804,-0.1037,0,-0.4849,0.1735,0.8572,0,-0.0872,22.5476,3.6709,1]},
{"frame":21,"values":[0.8862,-0.0955,0.4533,0,0.1659,0.979,-0.1181,0,-0.4325,0.1798,0.8835,0,-0.0872,22.5476,3.6709,1]},
{"frame":22,"values":[0.9169,-0.0932,0.3881,0,0.1595,0.9769,-0.1423,0,-0.3658,0.1924,0.9106,0,-0.0872,22.5476,3.6709,1]},
{"frame":23,"values":[0.9455,-0.0928,0.3121,0,0.1532,0.9726,-0.175,0,-0.2873,0.2133,0.9338,0,-0.0872,22.5476,3.6709,1]},
{"frame":24,"values":[0.9683,-0.1062,0.2259,0,0.1549,0.9653,-0.2104,0,-0.1957,0.2387,0.9512,0,-0.0872,22.5476,3.6709,1]},
{"frame":25,"values":[0.9822,-0.1329,0.1326,0,0.162,0.9569,-0.2409,0,-0.0949,0.2581,0.9614,0,-0.0872,22.5476,3.6709,1]},
{"frame":26,"values":[0.9866,-0.1583,0.0389,0,0.1629,0.9508,-0.2636,0,0.0047,0.2664,0.9639,0,-0.0872,22.5476,3.6709,1]},
{"frame":27,"values":[0.9835,-0.1724,-0.0545,0,0.1504,0.9474,-0.2825,0,0.1003,0.2697,0.9577,0,-0.0872,22.5476,3.6709,1]},
{"frame":28,"values":[0.9725,-0.1777,-0.1507,0,0.1263,0.9455,-0.3,0,0.1958,0.2727,0.942,0,-0.0872,22.5476,3.6709,1]},
{"frame":29,"values":[0.9518,-0.1816,-0.2471,0,0.0985,0.9442,-0.3144,0,0.2904,0.2749,0.9166,0,-0.0872,22.5476,3.6709,1]}],"loopBehavior":1,"name":"anim","property":"_matrix"}},
{"name":"mixamorig:HeadTop_End","index":6,"matrix":[1,0,0,0,0,1,0,0,0,0,1,0,-0.8306,40.3552,7.8935,1],"rest":[1,0,0,0,0,1,0,0,0,0,1,0,-0.8306,40.3552,7.8935,1],"parentBoneIndex":5,"length":30.5923
,"animation":{"dataType":3,"framePerSecond":24,"keys":[
{"frame":1,"values":[1,0,0,0,0,1,0,0,0,0,1,0,-0.8306,40.3552,7.8935,1]},
{"frame":4,"values":[1,0,0,0,0,1,0,0,0,0,1,0,-0.8306,40.3553,7.8935,1]},
{"frame":5,"values":[1,0,0,0,0,1,0,0,0,0,1,0,-0.8306,40.3552,7.8935,1]},
{"frame":21,"values":[1,0,0,0,0,1,0,0,0,0,1,0,-0.8306,40.3553,7.8935,1]},
{"frame":22,"values":[1,0,0,0,0,1,0,0,0,0,1,0,-0.8306,40.3552,7.8935,1]},
{"frame":29,"values":[1,0,0,0,0,1,0,0,0,0,1,0,-0.8306,40.3552,7.8935,1]}],"loopBehavior":1,"name":"anim","property":"_matrix"}},
{"name":"mixamorig:RightEye","index":7,"matrix":[1,0,0,0,0,1,0,0,0,0,1,0,-6.3021,18.1186,16.1971,1],"rest":[1,0,0,0,0,1,0,0,0,0,1,0,-6.3021,18.1186,16.1971,1],"parentBoneIndex":5,"length":30.5923
,"animation":{"dataType":3,"framePerSecond":24,"keys":[
{"frame":1,"values":[1,0,0,0,0,1,0,0,0,0,1,0,-6.3021,18.1186,16.1971,1]},
{"frame":29,"values":[1,0,0,0,0,1,0,0,0,0,1,0,-6.3021,18.1186,16.1971,1]}],"loopBehavior":1,"name":"anim","property":"_matrix"}},
{"name":"mixamorig:LeftEye","index":8,"matrix":[1,0,0,0,0,1,0,0,0,0,1,0,6.7415,18.3827,16.4019,1],"rest":[1,0,0,0,0,1,0,0,0,0,1,0,6.7415,18.3827,16.4019,1],"parentBoneIndex":5,"length":30.5923
,"animation":{"dataType":3,"framePerSecond":24,"keys":[
{"frame":1,"values":[1,0,0,0,0,1,0,0,0,0,1,0,6.7415,18.3827,16.4019,1]},
{"frame":29,"values":[1,0,0,0,0,1,0,0,0,0,1,0,6.7415,18.3827,16.4019,1]}],"loopBehavior":1,"name":"anim","property":"_matrix"}},
{"name":"mixamorig:LeftShoulder","index":9,"matrix":[0.9526,-0.2028,0.2268,0,0.1926,0.979,0.0666,0,-0.2356,-0.0197,0.9717,0,11.9249,18.2305,1.4254,1],"rest":[1,0.0062,0,0,-0.0062,1,0,0,0,0,1,0,11.9249,18.2305,1.4254,1],"parentBoneIndex":3,"length":25.9773
,"animation":{"dataType":3,"framePerSecond":24,"keys":[
{"frame":1,"values":[0.9526,-0.2028,0.2268,0,0.1926,0.979,0.0666,0,-0.2356,-0.0197,0.9717,0,11.9249,18.2305,1.4254,1]},
{"frame":2,"values":[0.9525,-0.2027,0.2271,0,0.1924,0.9791,0.0664,0,-0.2358,-0.0196,0.9716,0,11.9249,18.2305,1.4254,1]},
{"frame":3,"values":[0.9527,-0.2004,0.2283,0,0.1902,0.9795,0.0661,0,-0.2369,-0.0196,0.9713,0,11.9249,18.2305,1.4254,1]},
{"frame":4,"values":[0.9544,-0.1955,0.2257,0,0.1858,0.9805,0.0635,0,-0.2338,-0.0187,0.9721,0,11.9249,18.2305,1.4254,1]},
{"frame":5,"values":[0.957,-0.1916,0.2179,0,0.1831,0.9813,0.0588,0,-0.2251,-0.0163,0.9742,0,11.9249,18.2305,1.4254,1]},
{"frame":6,"values":[0.9573,-0.193,0.215,0,0.1849,0.9811,0.0575,0,-0.2221,-0.0153,0.9749,0,11.9249,18.2305,1.4254,1]},
{"frame":7,"values":[0.9529,-0.1979,0.2298,0,0.1878,0.98,0.065,0,-0.2381,-0.0188,0.9711,0,11.9249,18.2305,1.4254,1]},
{"frame":8,"values":[0.9449,-0.2016,0.2577,0,0.1881,0.9792,0.0766,0,-0.2678,-0.0239,0.9632,0,11.9249,18.2305,1.4254,1]},
{"frame":9,"values":[0.9388,-0.2023,0.279,0,0.1865,0.979,0.0824,0,-0.2898,-0.0253,0.9568,0,11.9249,18.2305,1.4254,1]},
{"frame":10,"values":[0.9373,-0.2008,0.2849,0,0.1852,0.9794,0.0811,0,-0.2953,-0.0233,0.9551,0,11.9249,18.2305,1.4254,1]},
{"frame":11,"values":[0.9376,-0.1991,0.2851,0,0.184,0.9797,0.0791,0,-0.295,-0.0217,0.9552,0,11.9249,18.2305,1.4254,1]},
{"frame":12,"values":[0.9367,-0.1979,0.2887,0,0.1826,0.98,0.0794,0,-0.2986,-0.0216,0.9541,0,11.9249,18.2305,1.4254,1]},
{"frame":13,"values":[0.9357,-0.196,0.2932,0,0.1805,0.9804,0.0794,0,-0.303,-0.0214,0.9527,0,11.9249,18.2305,1.4254,1]},
{"frame":14,"values":[0.9362,-0.1933,0.2934,0,0.1781,0.9809,0.0778,0,-0.3029,-0.0206,0.9528,0,11.9249,18.2305,1.4254,1]},
{"frame":15,"values":[0.9377,-0.1919,0.2898,0,0.1772,0.9812,0.0762,0,-0.2989,-0.0201,0.9541,0,11.9249,18.2305,1.4254,1]},
{"frame":16,"values":[0.9385,-0.1929,0.2862,0,0.1784,0.981,0.0761,0,-0.2955,-0.0204,0.9551,0,11.9249,18.2305,1.4254,1]},
{"frame":17,"values":[0.9384,-0.1946,0.2856,0,0.1799,0.9807,0.0769,0,-0.295,-0.0208,0.9553,0,11.9249,18.2305,1.4254,1]},
{"frame":18,"values":[0.938,-0.1951,0.2866,0,0.1803,0.9806,0.0774,0,-0.2961,-0.0209,0.9549,0,11.9249,18.2305,1.4254,1]},
{"frame":19,"values":[0.9387,-0.1947,0.2845,0,0.1802,0.9806,0.0768,0,-0.294,-0.0208,0.9556,0,11.9249,18.2305,1.4254,1]},
{"frame":20,"values":[0.9418,-0.1949,0.274,0,0.1812,0.9806,0.0745,0,-0.2832,-0.0205,0.9588,0,11.9249,18.2305,1.4254,1]},
{"frame":21,"values":[0.9478,-0.1954,0.2522,0,0.1835,0.9805,0.0699,0,-0.2609,-0.02,0.9652,0,11.9249,18.2305,1.4254,1]},
{"frame":22,"values":[0.9551,-0.1952,0.2229,0,0.1857,0.9806,0.0631,0,-0.2309,-0.0189,0.9728,0,11.9249,18.2305,1.4254,1]},
{"frame":23,"values":[0.9607,-0.195,0.1975,0,0.1873,0.9806,0.0571,0,-0.2048,-0.0179,0.9786,0,11.9249,18.2305,1.4254,1]},
{"frame":24,"values":[0.9623,-0.1962,0.1882,0,0.189,0.9804,0.0554,0,-0.1954,-0.0178,0.9806,0,11.9249,18.2305,1.4254,1]},
{"frame":25,"values":[0.9606,-0.1983,0.1947,0,0.1906,0.98,0.0579,0,-0.2023,-0.0185,0.9792,0,11.9249,18.2305,1.4254,1]},
{"frame":26,"values":[0.958,-0.1996,0.2057,0,0.191,0.9797,0.0609,0,-0.2137,-0.0191,0.9767,0,11.9249,18.2305,1.4254,1]},
{"frame":27,"values":[0.9561,-0.2003,0.2138,0,0.1911,0.9795,0.0629,0,-0.222,-0.0193,0.9748,0,11.9249,18.2305,1.4254,1]},
{"frame":28,"values":[0.9545,-0.2014,0.2201,0,0.1918,0.9793,0.0646,0,-0.2286,-0.0195,0.9733,0,11.9249,18.2305,1.4254,1]},
{"frame":29,"values":[0.9526,-0.2028,0.2268,0,0.1926,0.979,0.0666,0,-0.2356,-0.0197,0.9717,0,11.9249,18.2305,1.4254,1]}],"loopBehavior":1,"name":"anim","property":"_matrix"}},
{"name":"mixamorig:LeftArm","index":10,"matrix":[0.5239,-0.6916,-0.4972,0,0.8509,0.452,0.2678,0,0.0395,-0.5634,0.8253,0,25.4312,-0.8546,-5.2293,1],"rest":[0.9983,0.0295,0.0512,0,-0.0294,0.9996,-0.0017,0,-0.0512,0.0002,0.9987,0,25.4312,-0.8546,-5.2293,1],"parentBoneIndex":9,"length":54.6847
,"animation":{"dataType":3,"framePerSecond":24,"keys":[
{"frame":1,"values":[0.5239,-0.6916,-0.4972,0,0.8509,0.452,0.2678,0,0.0395,-0.5634,0.8253,0,25.4312,-0.8546,-5.2293,1]},
{"frame":2,"values":[0.5235,-0.6957,-0.4919,0,0.8513,0.4506,0.2688,0,0.0346,-0.5595,0.8281,0,25.4312,-0.8546,-5.2293,1]},
{"frame":3,"values":[0.5258,-0.6952,-0.4902,0,0.85,0.4518,0.2709,0,0.0332,-0.5591,0.8285,0,25.4312,-0.8546,-5.2293,1]},
{"frame":4,"values":[0.5322,-0.6915,-0.4885,0,0.846,0.4558,0.2767,0,0.0313,-0.5605,0.8276,0,25.4312,-0.8546,-5.2293,1]},
{"frame":5,"values":[0.5348,-0.6878,-0.4908,0,0.8442,0.4591,0.2766,0,0.0351,-0.5622,0.8262,0,25.4312,-0.8546,-5.2293,1]},
{"frame":6,"values":[0.5228,-0.6805,-0.5134,0,0.8505,0.4572,0.26,0,0.0578,-0.5726,0.8178,0,25.4312,-0.8546,-5.2293,1]},
{"frame":7,"values":[0.4997,-0.6647,-0.5553,0,0.862,0.4445,0.2436,0,0.0849,-0.6005,0.7951,0,25.4312,-0.8546,-5.2293,1]},
{"frame":8,"values":[0.4815,-0.651,-0.5867,0,0.873,0.4152,0.2558,0,0.077,-0.6354,0.7683,0,25.4312,-0.8546,-5.2293,1]},
{"frame":9,"values":[0.4773,-0.6546,-0.5863,0,0.8783,0.3771,0.294,0,0.0286,-0.6552,0.7549,0,25.4312,-0.8546,-5.2293,1]},
{"frame":10,"values":[0.4783,-0.6699,-0.5679,0,0.878,0.3499,0.3267,0,-0.0202,-0.6549,0.7555,0,25.4312,-0.8546,-5.2293,1]},
{"frame":11,"values":[0.4758,-0.6809,-0.5567,0,0.8786,0.3388,0.3366,0,-0.0406,-0.6493,0.7595,0,25.4312,-0.8546,-5.2293,1]},
{"frame":12,"values":[0.4729,-0.6836,-0.5559,0,0.8798,0.3323,0.3398,0,-0.0476,-0.6498,0.7586,0,25.4312,-0.8546,-5.2293,1]},
{"frame":13,"values":[0.475,-0.6825,-0.5555,0,0.878,0.3252,0.3512,0,-0.059,-0.6546,0.7537,0,25.4312,-0.8546,-5.2293,1]},
{"frame":14,"values":[0.4803,-0.6816,-0.5521,0,0.8744,0.322,0.3631,0,-0.0697,-0.6571,0.7506,0,25.4312,-0.8546,-5.2293,1]},
{"frame":15,"values":[0.4821,-0.6832,-0.5485,0,0.8733,0.3244,0.3635,0,-0.0704,-0.6542,0.753,0,25.4312,-0.8546,-5.2293,1]},
{"frame":16,"values":[0.4797,-0.6876,-0.5451,0,0.875,0.3285,0.3557,0,-0.0655,-0.6475,0.7592,0,25.4312,-0.8546,-5.2293,1]},
{"frame":17,"values":[0.4791,-0.692,-0.54,0,0.8755,0.3329,0.3501,0,-0.0625,-0.6405,0.7654,0,25.4312,-0.8546,-5.2293,1]},
{"frame":18,"values":[0.4841,-0.6939,-0.5331,0,0.8728,0.3393,0.3508,0,-0.0625,-0.6351,0.7699,0,25.4312,-0.8546,-5.2293,1]},
{"frame":19,"values":[0.4901,-0.6937,-0.5278,0,0.8696,0.3469,0.3515,0,-0.0608,-0.6312,0.7732,0,25.4312,-0.8546,-5.2293,1]},
{"frame":20,"values":[0.4905,-0.6928,-0.5285,0,0.8699,0.3529,0.3447,0,-0.0523,-0.6288,0.7758,0,25.4312,-0.8546,-5.2293,1]},
{"frame":21,"values":[0.4877,-0.6909,-0.5337,0,0.8722,0.3597,0.3314,0,-0.037,-0.6272,0.778,0,25.4312,-0.8546,-5.2293,1]},
{"frame":22,"values":[0.4901,-0.6893,-0.5336,0,0.8715,0.3733,0.3181,0,-0.0201,-0.6209,0.7836,0,25.4312,-0.8546,-5.2293,1]},
{"frame":23,"values":[0.4986,-0.6909,-0.5235,0,0.8668,0.3943,0.3052,0,-0.0045,-0.6059,0.7955,0,25.4312,-0.8546,-5.2293,1]},
{"frame":24,"values":[0.507,-0.694,-0.5112,0,0.8619,0.4158,0.2902,0,0.0111,-0.5878,0.8089,0,25.4312,-0.8546,-5.2293,1]},
{"frame":25,"values":[0.5145,-0.695,-0.5022,0,0.8572,0.433,0.2789,0,0.0236,-0.574,0.8185,0,25.4312,-0.8546,-5.2293,1]},
{"frame":26,"values":[0.5233,-0.6951,-0.493,0,0.8517,0.445,0.2767,0,0.027,-0.5647,0.8249,0,25.4312,-0.8546,-5.2293,1]},
{"frame":27,"values":[0.5287,-0.6952,-0.4871,0,0.8484,0.451,0.2771,0,0.0271,-0.5597,0.8282,0,25.4312,-0.8546,-5.2293,1]},
{"frame":28,"values":[0.5272,-0.6939,-0.4904,0,0.8491,0.452,0.2733,0,0.032,-0.5605,0.8275,0,25.4312,-0.8546,-5.2293,1]},
{"frame":29,"values":[0.5239,-0.6916,-0.4972,0,0.8509,0.452,0.2678,0,0.0395,-0.5634,0.8253,0,25.4312,-0.8546,-5.2293,1]}],"loopBehavior":1,"name":"anim","property":"_matrix"}},
{"name":"mixamorig:LeftForeArm","index":11,"matrix":[0.2837,0.0167,0.9588,0,0.0279,0.9993,-0.0257,0,-0.9585,0.0341,0.2831,0,54.5783,-1.9463,-2.8009,1],"rest":[0.9943,-0.0088,-0.1062,0,0.0091,1,0.0028,0,0.1061,-0.0038,0.9943,0,54.5783,-1.9463,-2.8009,1],"parentBoneIndex":10,"length":55.0981
,"animation":{"dataType":3,"framePerSecond":24,"keys":[
{"frame":1,"values":[0.2837,0.0167,0.9588,0,0.0279,0.9993,-0.0257,0,-0.9585,0.0341,0.2831,0,54.5783,-1.9463,-2.8009,1]},
{"frame":2,"values":[0.2839,0.0167,0.9587,0,0.0279,0.9993,-0.0257,0,-0.9584,0.0341,0.2833,0,54.5783,-1.9463,-2.8009,1]},
{"frame":3,"values":[0.278,0.0169,0.9604,0,0.0281,0.9993,-0.0257,0,-0.9602,0.0341,0.2774,0,54.5783,-1.9463,-2.8009,1]},
{"frame":4,"values":[0.2646,0.0174,0.9642,0,0.0285,0.9993,-0.0258,0,-0.9639,0.0343,0.2639,0,54.5783,-1.9463,-2.8009,1]},
{"frame":5,"values":[0.2598,0.0175,0.9655,0,0.0286,0.9993,-0.0258,0,-0.9652,0.0343,0.2591,0,54.5783,-1.9463,-2.8009,1]},
{"frame":6,"values":[0.271,0.0171,0.9624,0,0.0283,0.9993,-0.0258,0,-0.9622,0.0342,0.2703,0,54.5783,-1.9463,-2.8009,1]},
{"frame":7,"values":[0.272,0.0171,0.9621,0,0.0283,0.9993,-0.0258,0,-0.9619,0.0342,0.2713,0,54.5783,-1.9463,-2.8009,1]},
{"frame":8,"values":[0.2416,0.0182,0.9702,0,0.0291,0.9992,-0.026,0,-0.9699,0.0345,0.2409,0,54.5783,-1.9463,-2.8009,1]},
{"frame":9,"values":[0.2016,0.0196,0.9793,0,0.0301,0.9992,-0.0262,0,-0.979,0.0348,0.2008,0,54.5783,-1.9463,-2.8009,1]},
{"frame":10,"values":[0.1844,0.0202,0.9826,0,0.0306,0.9992,-0.0263,0,-0.9824,0.0349,0.1836,0,54.5783,-1.9463,-2.8009,1]},
{"frame":11,"values":[0.1884,0.0201,0.9819,0,0.0305,0.9992,-0.0263,0,-0.9816,0.0349,0.1876,0,54.5783,-1.9463,-2.8009,1]},
{"frame":12,"values":[0.1915,0.02,0.9813,0,0.0304,0.9992,-0.0263,0,-0.981,0.0349,0.1907,0,54.5783,-1.9463,-2.8009,1]},
{"frame":13,"values":[0.1868,0.0201,0.9822,0,0.0305,0.9992,-0.0263,0,-0.9819,0.0349,0.186,0,54.5783,-1.9463,-2.8009,1]},
{"frame":14,"values":[0.1826,0.0203,0.983,0,0.0306,0.9992,-0.0263,0,-0.9827,0.0349,0.1818,0,54.5783,-1.9463,-2.8009,1]},
{"frame":15,"values":[0.1834,0.0203,0.9828,0,0.0306,0.9992,-0.0263,0,-0.9826,0.0349,0.1827,0,54.5783,-1.9463,-2.8009,1]},
{"frame":16,"values":[0.1863,0.0202,0.9823,0,0.0305,0.9992,-0.0263,0,-0.982,0.0349,0.1855,0,54.5783,-1.9463,-2.8009,1]},
{"frame":17,"values":[0.1879,0.0201,0.982,0,0.0305,0.9992,-0.0263,0,-0.9817,0.0349,0.1872,0,54.5783,-1.9463,-2.8009,1]},
{"frame":18,"values":[0.1879,0.0201,0.982,0,0.0305,0.9992,-0.0263,0,-0.9817,0.0349,0.1871,0,54.5783,-1.9463,-2.8009,1]},
{"frame":19,"values":[0.1869,0.0201,0.9822,0,0.0305,0.9992,-0.0263,0,-0.9819,0.0349,0.1861,0,54.5783,-1.9463,-2.8009,1]},
{"frame":20,"values":[0.1852,0.0202,0.9825,0,0.0306,0.9992,-0.0263,0,-0.9822,0.0349,0.1845,0,54.5783,-1.9463,-2.8009,1]},
{"frame":21,"values":[0.1805,0.0204,0.9834,0,0.0307,0.9992,-0.0263,0,-0.9831,0.0349,0.1797,0,54.5783,-1.9463,-2.8009,1]},
{"frame":22,"values":[0.1727,0.0206,0.9848,0,0.0309,0.9992,-0.0264,0,-0.9845,0.035,0.1719,0,54.5783,-1.9463,-2.8009,1]},
{"frame":23,"values":[0.1696,0.0208,0.9853,0,0.031,0.9992,-0.0264,0,-0.985,0.035,0.1688,0,54.5783,-1.9463,-2.8009,1]},
{"frame":24,"values":[0.1795,0.0204,0.9835,0,0.0307,0.9992,-0.0263,0,-0.9833,0.0349,0.1787,0,54.5783,-1.9463,-2.8009,1]},
{"frame":25,"values":[0.1992,0.0197,0.9798,0,0.0302,0.9992,-0.0262,0,-0.9795,0.0348,0.1985,0,54.5783,-1.9463,-2.8009,1]},
{"frame":26,"values":[0.22,0.019,0.9753,0,0.0296,0.9992,-0.0261,0,-0.975,0.0347,0.2193,0,54.5783,-1.9463,-2.8009,1]},
{"frame":27,"values":[0.24,0.0182,0.9706,0,0.0291,0.9992,-0.026,0,-0.9703,0.0345,0.2393,0,54.5783,-1.9463,-2.8009,1]},
{"frame":28,"values":[0.2615,0.0175,0.9651,0,0.0285,0.9993,-0.0258,0,-0.9648,0.0343,0.2608,0,54.5783,-1.9463,-2.8009,1]},
{"frame":29,"values":[0.2837,0.0167,0.9588,0,0.0279,0.9993,-0.0257,0,-0.9585,0.0341,0.2831,0,54.5783,-1.9463,-2.8009,1]}],"loopBehavior":1,"name":"anim","property":"_matrix"}},
{"name":"mixamorig:LeftHand","index":12,"matrix":[0.9784,0.1899,0.0818,0,-0.2042,0.9498,0.2372,0,-0.0327,-0.2488,0.968,0,54.9948,-1.4671,3.0376,1],"rest":[0.9961,0.088,0.001,0,-0.0871,0.9842,0.154,0,0.0125,-0.1535,0.9881,0,54.9948,-1.4671,3.0376,1],"parentBoneIndex":11,"length":20.3347
,"animation":{"dataType":3,"framePerSecond":24,"keys":[
{"frame":1,"values":[0.9784,0.1899,0.0818,0,-0.2042,0.9498,0.2372,0,-0.0327,-0.2488,0.968,0,54.9948,-1.4671,3.0376,1]},
{"frame":2,"values":[0.9784,0.1903,0.0812,0,-0.2045,0.9487,0.2412,0,-0.0312,-0.2526,0.9671,0,54.9948,-1.4671,3.0376,1]},
{"frame":3,"values":[0.9789,0.19,0.0748,0,-0.2026,0.9489,0.2418,0,-0.025,-0.2519,0.9674,0,54.9948,-1.4671,3.0376,1]},
{"frame":4,"values":[0.9799,0.189,0.063,0,-0.1988,0.9486,0.2461,0,-0.0133,-0.2537,0.9672,0,54.9948,-1.4671,3.0376,1]},
{"frame":5,"values":[0.9806,0.1883,0.0549,0,-0.1961,0.946,0.2582,0,-0.0033,-0.264,0.9645,0,54.9948,-1.4671,3.0376,1]},
{"frame":6,"values":[0.9809,0.1877,0.0508,0,-0.1944,0.9442,0.266,0,0.002,-0.2708,0.9626,0,54.9948,-1.4671,3.0376,1]},
{"frame":7,"values":[0.9818,0.1865,0.0351,0,-0.1893,0.9485,0.2539,0,0.014,-0.2559,0.9666,0,54.9948,-1.4671,3.0376,1]},
{"frame":8,"values":[0.9827,0.1852,-0.0017,0,-0.1799,0.9567,0.2286,0,0.044,-0.2244,0.9735,0,54.9948,-1.4671,3.0376,1]},
{"frame":9,"values":[0.9819,0.1847,-0.0429,0,-0.1717,0.9621,0.2119,0,0.0804,-0.2007,0.9763,0,54.9948,-1.4671,3.0376,1]},
{"frame":10,"values":[0.9807,0.1851,-0.0635,0,-0.168,0.9628,0.2119,0,0.1003,-0.1971,0.9752,0,54.9948,-1.4671,3.0376,1]},
{"frame":11,"values":[0.9808,0.1856,-0.0601,0,-0.1681,0.9603,0.2224,0,0.099,-0.208,0.9731,0,54.9948,-1.4671,3.0376,1]},
{"frame":12,"values":[0.9813,0.1859,-0.0498,0,-0.1692,0.9567,0.2369,0,0.0917,-0.224,0.9703,0,54.9948,-1.4671,3.0376,1]},
{"frame":13,"values":[0.9816,0.1858,-0.0448,0,-0.1689,0.9529,0.2518,0,0.0895,-0.2396,0.9667,0,54.9948,-1.4671,3.0376,1]},
{"frame":14,"values":[0.9816,0.1857,-0.0446,0,-0.1678,0.9501,0.2628,0,0.0912,-0.2505,0.9638,0,54.9948,-1.4671,3.0376,1]},
{"frame":15,"values":[0.9815,0.1859,-0.0456,0,-0.1676,0.9497,0.2646,0,0.0924,-0.252,0.9633,0,54.9948,-1.4671,3.0376,1]},
{"frame":16,"values":[0.9814,0.1863,-0.0465,0,-0.1684,0.9514,0.2578,0,0.0923,-0.2451,0.9651,0,54.9948,-1.4671,3.0376,1]},
{"frame":17,"values":[0.9813,0.1866,-0.047,0,-0.1693,0.9534,0.2497,0,0.0914,-0.2371,0.9672,0,54.9948,-1.4671,3.0376,1]},
{"frame":18,"values":[0.9814,0.1861,-0.0465,0,-0.1692,0.9539,0.2477,0,0.0905,-0.2353,0.9677,0,54.9948,-1.4671,3.0376,1]},
{"frame":19,"values":[0.9816,0.1853,-0.0453,0,-0.1685,0.9536,0.2496,0,0.0895,-0.2374,0.9673,0,54.9948,-1.4671,3.0376,1]},
