{"producer":{"name":"Blender","version":"2.90.0","exporter_version":"2.80.1","file":"fight_wait.babylon"},
"autoClear":true,"clearColor":[0.0509,0.0509,0.0509],"gravity":[0,-9.81,0],
"materials":[{"name":"Material","id":"Material","customType":"BABYLON.PBRMaterial","backFaceCulling":true,"checkReadyOnlyOnce":false,"maxSimultaneousLights":4,"environmentIntensity":1,"albedo":[0.8,0.8,0.8],"reflectivity":[0.5,0.5,0.5],"roughness":0.4,"alpha":1,"transparencyMode":0,"alphaCutOff":0.4,"metallic":0}],
"multiMaterials":[],
"skeletons":[{"name":"Armature","id":0,"dimensionsAtRest":[379.1952,391.6652,55.677],"bones":[
{"name":"mixamorig:Hips","index":0,"matrix":[0.2968,-0.0188,-0.9547,0,0.1954,0.9798,0.0414,0,-0.9347,0.1988,-0.2945,0,-7.386,204.9435,0.7856,1],"rest":[1,0,0,0,0,1,0,0,0,0,-1,0,0,201.6394,0,1],"parentBoneIndex":-1,"length":21.6784
,"animation":{"dataType":3,"framePerSecond":24,"keys":[
{"frame":1,"values":[0.2968,-0.0188,-0.9547,0,0.1954,0.9798,0.0414,0,-0.9347,0.1988,-0.2945,0,-7.386,204.9435,0.7856,1]},
{"frame":2,"values":[0.2785,-0.0063,-0.9604,0,0.2157,0.9748,0.0561,0,-0.9359,0.2228,-0.2728,0,-6.2861,204.5677,-3.3966,1]},
{"frame":3,"values":[0.2566,0.0044,-0.9665,0,0.2257,0.9721,0.0643,0,-0.9398,0.2346,-0.2485,0,-5.1545,201.9912,-6.7006,1]},
{"frame":4,"values":[0.2365,0.0152,-0.9715,0,0.2232,0.9723,0.0696,0,-0.9456,0.2333,-0.2266,0,-4.0292,197.7414,-8.9116,1]},
{"frame":5,"values":[0.2239,0.0248,-0.9743,0,0.2132,0.9742,0.0738,0,-0.951,0.2242,-0.2128,0,-3.0279,193.2362,-10.0312,1]},
{"frame":6,"values":[0.2211,0.0317,-0.9747,0,0.2009,0.9766,0.0774,0,-0.9543,0.2129,-0.2095,0,-2.4785,190.2483,-10.1747,1]},
{"frame":7,"values":[0.2254,0.034,-0.9737,0,0.1888,0.9789,0.0779,0,-0.9558,0.2014,-0.2142,0,-2.6005,189.8352,-9.4089,1]},
{"frame":8,"values":[0.2369,0.0297,-0.9711,0,0.1769,0.9815,0.0732,0,-0.9553,0.1891,-0.2273,0,-3.2497,191.9781,-7.5408,1]},
{"frame":9,"values":[0.2592,0.0159,-0.9657,0,0.168,0.9839,0.0612,0,-0.9511,0.1781,-0.2523,0,-4.1076,195.8896,-4.5524,1]},
{"frame":10,"values":[0.2944,-0.0051,-0.9557,0,0.1674,0.9848,0.0462,0,-0.9409,0.1735,-0.2907,0,-4.9665,199.7003,-0.6053,1]},
{"frame":11,"values":[0.3357,-0.0272,-0.9416,0,0.1747,0.984,0.0339,0,-0.9256,0.1758,-0.3351,0,-5.6647,201.1527,3.8325,1]},
{"frame":12,"values":[0.3722,-0.0458,-0.927,0,0.1798,0.9834,0.0236,0,-0.9106,0.1755,-0.3742,0,-6.0085,199.6053,8.0016,1]},
{"frame":13,"values":[0.3956,-0.061,-0.9164,0,0.1721,0.985,0.0087,0,-0.9022,0.1611,-0.4002,0,-5.8166,196.0187,11.1766,1]},
{"frame":14,"values":[0.4025,-0.0691,-0.9128,0,0.1486,0.9889,-0.0093,0,-0.9033,0.1319,-0.4083,0,-5.2064,191.8234,13.3217,1]},
{"frame":15,"values":[0.395,-0.0712,-0.9159,0,0.1218,0.9922,-0.0246,0,-0.9106,0.1019,-0.4006,0,-4.5179,188.4364,14.5185,1]},
{"frame":16,"values":[0.3754,-0.0709,-0.9241,0,0.1055,0.9939,-0.0334,0,-0.9208,0.085,-0.3806,0,-4.1045,187.2011,14.681,1]},
{"frame":17,"values":[0.3491,-0.0675,-0.9346,0,0.1,0.9944,-0.0345,0,-0.9317,0.0815,-0.3539,0,-3.9346,188.7138,13.5931,1]},
{"frame":18,"values":[0.3224,-0.0559,-0.9449,0,0.097,0.995,-0.0258,0,-0.9416,0.0833,-0.3262,0,-3.6261,192.6201,11.0684,1]},
{"frame":19,"values":[0.2993,-0.0324,-0.9536,0,0.0909,0.9958,-0.0053,0,-0.9498,0.0851,-0.301,0,-2.979,197.5496,7.2956,1]},
{"frame":20,"values":[0.2785,-0.0051,-0.9604,0,0.0874,0.996,0.0201,0,-0.9564,0.0896,-0.2779,0,-2.0572,201.2342,2.3951,1]},
{"frame":21,"values":[0.2566,0.0209,-0.9663,0,0.0907,0.9948,0.0456,0,-0.9622,0.0993,-0.2534,0,-0.9095,202.035,-2.8623,1]},
{"frame":22,"values":[0.235,0.0443,-0.971,0,0.0972,0.9929,0.0688,0,-0.9671,0.1106,-0.229,0,0.3644,199.7505,-7.5361,1]},
{"frame":23,"values":[0.2199,0.0637,-0.9734,0,0.1004,0.9911,0.0876,0,-0.9703,0.117,-0.2116,0,1.7147,195.3991,-11.0685,1]},
{"frame":24,"values":[0.2166,0.0783,-0.9731,0,0.0972,0.9901,0.1013,0,-0.9714,0.1165,-0.2069,0,3.0153,190.8074,-13.2708,1]},
{"frame":25,"values":[0.2234,0.0864,-0.9709,0,0.0895,0.99,0.1087,0,-0.9706,0.1111,-0.2134,0,4.0805,187.6536,-14.4141,1]},
{"frame":26,"values":[0.2354,0.0881,-0.9679,0,0.0783,0.9909,0.1092,0,-0.9687,0.1015,-0.2264,0,4.7026,187.178,-14.7629,1]},
{"frame":27,"values":[0.2494,0.0831,-0.9648,0,0.0642,0.9927,0.1022,0,-0.9663,0.0875,-0.2423,0,4.8403,189.6315,-14.3182,1]},
{"frame":28,"values":[0.2683,0.0713,-0.9607,0,0.0509,0.9948,0.088,0,-0.962,0.0725,-0.2633,0,4.6326,194.0768,-12.8882,1]},
{"frame":29,"values":[0.2992,0.0506,-0.9529,0,0.0466,0.9966,0.0675,0,-0.9531,0.0646,-0.2958,0,4.1655,198.9586,-10.4009,1]},
{"frame":30,"values":[0.3463,0.023,-0.9378,0,0.0564,0.9974,0.0453,0,-0.9364,0.0686,-0.3441,0,3.4399,202.7219,-7.0031,1]},
{"frame":31,"values":[0.4017,-0.0046,-0.9158,0,0.0738,0.9969,0.0273,0,-0.9128,0.0786,-0.4008,0,2.5449,203.9867,-3.1299,1]},
{"frame":32,"values":[0.4468,-0.0293,-0.8941,0,0.0887,0.996,0.0117,0,-0.8902,0.0845,-0.4476,0,1.7835,202.3157,0.5123,1]},
{"frame":33,"values":[0.4664,-0.0476,-0.8833,0,0.0947,0.9955,-0.0037,0,-0.8795,0.0819,-0.4688,0,1.3771,198.5886,3.4633,1]},
{"frame":34,"values":[0.4598,-0.0593,-0.886,0,0.0933,0.9955,-0.0182,0,-0.8831,0.0743,-0.4633,0,1.3245,194.5325,5.6694,1]},
{"frame":35,"values":[0.4403,-0.0639,-0.8956,0,0.0884,0.9957,-0.0276,0,-0.8935,0.067,-0.444,0,1.6119,191.3792,7.0519,1]},
{"frame":36,"values":[0.4218,-0.0613,-0.9046,0,0.0822,0.9962,-0.0292,0,-0.9029,0.062,-0.4253,0,1.9646,190.4935,7.4106,1]},
{"frame":37,"values":[0.4092,-0.0528,-0.9109,0,0.075,0.9969,-0.0241,0,-0.9094,0.0585,-0.4118,0,2.1359,192.1109,6.4892,1]},
{"frame":38,"values":[0.3966,-0.038,-0.9172,0,0.069,0.9975,-0.0114,0,-0.9154,0.0588,-0.3982,0,2.0786,195.6977,4.2017,1]},
{"frame":39,"values":[0.3753,-0.0187,-0.9267,0,0.0735,0.9972,0.0097,0,-0.924,0.0718,-0.3757,0,1.8187,200.0361,0.8159,1]},
{"frame":40,"values":[0.3411,-0.0046,-0.94,0,0.1008,0.9944,0.0317,0,-0.9346,0.1056,-0.3396,0,1.4556,203.1241,-3.46,1]},
{"frame":41,"values":[0.2978,0.0063,-0.9546,0,0.146,0.9879,0.052,0,-0.9434,0.1548,-0.2933,0,1.2375,203.5664,-7.8764,1]},
{"frame":42,"values":[0.2567,0.0198,-0.9663,0,0.1886,0.9795,0.0702,0,-0.9479,0.2003,-0.2478,0,1.3427,201.3669,-11.5671,1]},
{"frame":43,"values":[0.2296,0.0336,-0.9727,0,0.2114,0.9738,0.0835,0,-0.95,0.2248,-0.2165,0,1.8415,197.3864,-14.1096,1]},
{"frame":44,"values":[0.2212,0.0444,-0.9742,0,0.2126,0.9727,0.0926,0,-0.9518,0.2276,-0.2058,0,2.5493,193.1219,-15.4228,1]},
{"frame":45,"values":[0.2287,0.0518,-0.9721,0,0.2011,0.9745,0.0993,0,-0.9525,0.2182,-0.2125,0,3.0651,190.0767,-15.689,1]},
{"frame":46,"values":[0.2445,0.056,-0.968,0,0.1849,0.9773,0.1032,0,-0.9519,0.2043,-0.2286,0,3.0294,189.3188,-15.135,1]},
{"frame":47,"values":[0.2616,0.0547,-0.9636,0,0.1677,0.9806,0.1012,0,-0.9505,0.1881,-0.2474,0,2.4387,191.0705,-13.8115,1]},
{"frame":48,"values":[0.2788,0.0443,-0.9593,0,0.1535,0.984,0.0901,0,-0.948,0.1724,-0.2676,0,1.5896,194.8837,-11.6664,1]},
{"frame":49,"values":[0.2995,0.0253,-0.9538,0,0.1485,0.9862,0.0728,0,-0.9425,0.1634,-0.2916,0,0.7838,199.2844,-8.5899,1]},
{"frame":50,"values":[0.3251,0.0037,-0.9457,0,0.1546,0.9863,0.057,0,-0.933,0.1647,-0.3201,0,0.2128,202.1758,-4.5905,1]},
{"frame":51,"values":[0.3505,-0.0164,-0.9364,0,0.1672,0.9849,0.0453,0,-0.9215,0.1725,-0.3479,0,-0.0444,201.9401,-0.0767,1]},
{"frame":52,"values":[0.3673,-0.0338,-0.9295,0,0.1785,0.9833,0.0347,0,-0.9128,0.1786,-0.3672,0,0.0148,198.6721,4.2053,1]},
{"frame":53,"values":[0.3696,-0.052,-0.9277,0,0.187,0.9822,0.0194,0,-0.9102,0.1807,-0.3728,0,0.2835,194.0471,7.6241,1]},
{"frame":54,"values":[0.3555,-0.0696,-0.9321,0,0.199,0.98,0.0027,0,-0.9133,0.1864,-0.3622,0,0.52,189.8339,9.9711,1]},
{"frame":55,"values":[0.3226,-0.0801,-0.9431,0,0.2202,0.9754,-0.0076,0,-0.9206,0.2052,-0.3323,0,0.3627,187.5719,11.0455,1]},
{"frame":56,"values":[0.2736,-0.0767,-0.9588,0,0.2466,0.9691,-0.0072,0,-0.9297,0.2344,-0.284,0,-0.4217,188.1402,10.5826,1]},
{"frame":57,"values":[0.2202,-0.0565,-0.9738,0,0.2652,0.9642,0.004,0,-0.9387,0.2592,-0.2273,0,-1.5192,191.3142,8.3117,1]},
{"frame":58,"values":[0.1788,-0.0233,-0.9836,0,0.2682,0.963,0.0259,0,-0.9466,0.2684,-0.1784,0,-2.3969,196.1852,4.5598,1]},
{"frame":59,"values":[0.1574,0.0088,-0.9875,0,0.2618,0.9638,0.0503,0,-0.9522,0.2664,-0.1494,0,-2.7118,200.7696,-0.124,1]},
{"frame":60,"values":[0.1469,0.0298,-0.9887,0,0.2595,0.9634,0.0675,0,-0.9545,0.2664,-0.1338,0,-2.4306,202.881,-5.094,1]},
{"frame":61,"values":[0.1334,0.043,-0.9901,0,0.2658,0.9609,0.0775,0,-0.9548,0.2735,-0.1168,0,-1.8719,202.0344,-9.3898,1]},
{"frame":62,"values":[0.1135,0.0528,-0.9921,0,0.2741,0.9582,0.0823,0,-0.955,0.2813,-0.0943,0,-1.2644,198.7387,-12.5272,1]},
{"frame":63,"values":[0.0967,0.0597,-0.9935,0,0.277,0.9572,0.0845,0,-0.956,0.2834,-0.076,0,-0.6942,194.2949,-14.4523,1]},
{"frame":64,"values":[0.0931,0.0645,-0.9936,0,0.2749,0.9574,0.0879,0,-0.957,0.2813,-0.0714,0,-0.3338,190.3042,-15.2836,1]},
{"frame":65,"values":[0.1053,0.066,-0.9923,0,0.2715,0.958,0.0925,0,-0.9567,0.2791,-0.0829,0,-0.4743,188.2603,-15.2877,1]},
{"frame":66,"values":[0.126,0.0616,-0.9901,0,0.2667,0.9592,0.0937,0,-0.9555,0.2759,-0.1044,0,-1.2736,188.9275,-14.4976,1]},
{"frame":67,"values":[0.1506,0.0478,-0.9874,0,0.2572,0.9625,0.0858,0,-0.9546,0.2669,-0.1327,0,-2.4588,192.126,-12.6173,1]},
{"frame":68,"values":[0.1831,0.0235,-0.9828,0,0.2435,0.9675,0.0684,0,-0.9525,0.2518,-0.1714,0,-3.6543,196.7603,-9.4142,1]},
{"frame":69,"values":[0.232,-0.0038,-0.9727,0,0.23,0.9719,0.0511,0,-0.9451,0.2355,-0.2263,0,-4.6875,201.1359,-4.8816,1]},
{"frame":70,"values":[0.2957,-0.0256,-0.9549,0,0.2212,0.9743,0.0423,0,-0.9293,0.2237,-0.2938,0,-5.5686,203.5775,0.3948,1]},
{"frame":71,"values":[0.3597,-0.0418,-0.9321,0,0.2187,0.9749,0.0407,0,-0.9071,0.2185,-0.3598,0,-6.4073,203.4373,5.3877,1]},
{"frame":72,"values":[0.406,-0.0577,-0.912,0,0.221,0.9746,0.0368,0,-0.8867,0.2165,-0.4085,0,-7.1411,201.0283,9.1672,1]},
{"frame":73,"values":[0.4255,-0.078,-0.9016,0,0.2262,0.9738,0.0225,0,-0.8762,0.2136,-0.432,0,-7.5986,197.3787,11.5356,1]},
{"frame":74,"values":[0.4238,-0.0968,-0.9005,0,0.2308,0.973,0.004,0,-0.8758,0.2095,-0.4347,0,-7.7034,193.5464,12.9506,1]},
{"frame":75,"values":[0.4089,-0.1082,-0.9061,0,0.2327,0.9725,-0.0111,0,-0.8824,0.2063,-0.4228,0,-7.7566,191.002,13.6057,1]},
{"frame":76,"values":[0.3872,-0.1069,-0.9158,0,0.23,0.9731,-0.0163,0,-0.8929,0.2043,-0.4014,0,-8.0842,190.9399,13.3262,1]},
{"frame":77,"values":[0.3613,-0.0912,-0.928,0,0.2206,0.9753,-0.01,0,-0.906,0.2011,-0.3725,0,-8.5301,193.3459,11.7237,1]},
{"frame":78,"values":[0.335,-0.0649,-0.94,0,0.2068,0.9784,0.0061,0,-0.9193,0.1964,-0.3412,0,-8.6794,197.4332,8.8511,1]},
{"frame":79,"values":[0.3128,-0.0369,-0.9491,0,0.196,0.9802,0.0265,0,-0.9294,0.1943,-0.3138,0,-8.308,201.7151,5.1291,1]},
{"frame":80,"values":[0.2968,-0.0188,-0.9547,0,0.1954,0.9798,0.0414,0,-0.9347,0.1988,-0.2945,0,-7.386,204.9435,0.7856,1]}],"loopBehavior":1,"name":"anim","property":"_matrix"}},
{"name":"mixamorig:Spine","index":1,"matrix":[0.9983,-0.0161,-0.0567,0,0.0194,0.9981,0.058,0,0.0556,-0.059,0.9967,0,0.0062,19.525,-2.4818,1],"rest":[1,0,0,0,0,1,0,0,0,0,1,0,0.0062,19.525,-2.4818,1],"parentBoneIndex":0,"length":23.0091
,"animation":{"dataType":3,"framePerSecond":24,"keys":[
{"frame":1,"values":[0.9983,-0.0161,-0.0567,0,0.0194,0.9981,0.058,0,0.0556,-0.059,0.9967,0,0.0062,19.525,-2.4818,1]},
{"frame":2,"values":[0.9984,-0.0071,-0.0569,0,0.0107,0.9979,0.0633,0,0.0563,-0.0638,0.9964,0,0.0062,19.525,-2.4818,1]},
{"frame":3,"values":[0.9982,-0.0002,-0.06,0,0.0041,0.9979,0.0652,0,0.0599,-0.0654,0.9961,0,0.0062,19.525,-2.4818,1]},
{"frame":4,"values":[0.998,-0.0015,-0.0635,0,0.0058,0.9977,0.067,0,0.0632,-0.0672,0.9957,0,0.0062,19.525,-2.4818,1]},
{"frame":5,"values":[0.9978,-0.0099,-0.0656,0,0.0143,0.9977,0.0666,0,0.0648,-0.0674,0.9956,0,0.0062,19.525,-2.4818,1]},
{"frame":6,"values":[0.9977,-0.0168,-0.0658,0,0.0211,0.9976,0.0655,0,0.0646,-0.0667,0.9957,0,0.0062,19.525,-2.4818,1]},
{"frame":7,"values":[0.9973,-0.0274,-0.0677,0,0.0318,0.9974,0.065,0,0.0657,-0.067,0.9956,0,0.0062,19.525,-2.4818,1]},
{"frame":8,"values":[0.9968,-0.0389,-0.0701,0,0.0433,0.9971,0.0627,0,0.0675,-0.0655,0.9956,0,0.0062,19.525,-2.4818,1]},
{"frame":9,"values":[0.997,-0.0373,-0.0684,0,0.0415,0.9973,0.0604,0,0.066,-0.0631,0.9958,0,0.0062,19.525,-2.4818,1]},
{"frame":10,"values":[0.9968,-0.0433,-0.0675,0,0.0473,0.9971,0.0594,0,0.0648,-0.0624,0.9959,0,0.0062,19.525,-2.4818,1]},
{"frame":11,"values":[0.9966,-0.0479,-0.0676,0,0.052,0.9968,0.0602,0,0.0645,-0.0635,0.9959,0,0.0062,19.525,-2.4818,1]},
{"frame":12,"values":[0.997,-0.0439,-0.0641,0,0.0479,0.997,0.0609,0,0.0612,-0.0638,0.9961,0,0.0062,19.525,-2.4818,1]},
{"frame":13,"values":[0.9974,-0.0401,-0.0605,0,0.0438,0.9972,0.0606,0,0.0579,-0.063,0.9963,0,0.0062,19.525,-2.4818,1]},
{"frame":14,"values":[0.9979,-0.0296,-0.0572,0,0.0329,0.9978,0.0579,0,0.0553,-0.0596,0.9967,0,0.0062,19.525,-2.4818,1]},
{"frame":15,"values":[0.998,-0.0277,-0.0573,0,0.0309,0.998,0.0555,0,0.0556,-0.0572,0.9968,0,0.0062,19.525,-2.4818,1]},
{"frame":16,"values":[0.9979,-0.0257,-0.0586,0,0.0289,0.9981,0.0546,0,0.0571,-0.0562,0.9968,0,0.0062,19.525,-2.4818,1]},
{"frame":17,"values":[0.9981,-0.0142,-0.0605,0,0.0174,0.9984,0.0543,0,0.0597,-0.0552,0.9967,0,0.0062,19.525,-2.4818,1]},
{"frame":18,"values":[0.9979,-0.0149,-0.0625,0,0.0183,0.9984,0.0533,0,0.0616,-0.0543,0.9966,0,0.0062,19.525,-2.4818,1]},
{"frame":19,"values":[0.9978,-0.0204,-0.0626,0,0.0235,0.9985,0.0494,0,0.0615,-0.0508,0.9968,0,0.0062,19.525,-2.4818,1]},
{"frame":20,"values":[0.9979,-0.0224,-0.0613,0,0.0252,0.9986,0.046,0,0.0602,-0.0474,0.9971,0,0.0062,19.525,-2.4818,1]},
{"frame":21,"values":[0.9979,-0.0242,-0.0604,0,0.0269,0.9987,0.0438,0,0.0593,-0.0453,0.9972,0,0.0062,19.525,-2.4818,1]},
{"frame":22,"values":[0.9978,-0.0215,-0.0634,0,0.0243,0.9988,0.0431,0,0.0624,-0.0445,0.9971,0,0.0062,19.525,-2.4818,1]},
{"frame":23,"values":[0.9978,-0.0231,-0.0624,0,0.0259,0.9987,0.0433,0,0.0613,-0.0448,0.9971,0,0.0062,19.525,-2.4818,1]},
{"frame":24,"values":[0.9977,-0.0333,-0.0598,0,0.036,0.9984,0.0446,0,0.0582,-0.0466,0.9972,0,0.0062,19.525,-2.4818,1]},
{"frame":25,"values":[0.9976,-0.0405,-0.0565,0,0.0431,0.998,0.0453,0,0.0545,-0.0477,0.9974,0,0.0062,19.525,-2.4818,1]},
{"frame":26,"values":[0.9977,-0.0421,-0.0525,0,0.0445,0.998,0.0446,0,0.0505,-0.0469,0.9976,0,0.0062,19.525,-2.4818,1]},
{"frame":27,"values":[0.9979,-0.0422,-0.0488,0,0.0444,0.998,0.0445,0,0.0469,-0.0466,0.9978,0,0.0062,19.525,-2.4818,1]},
{"frame":28,"values":[0.9979,-0.0418,-0.0487,0,0.0439,0.9981,0.0423,0,0.0468,-0.0443,0.9979,0,0.0062,19.525,-2.4818,1]},
{"frame":29,"values":[0.9979,-0.0427,-0.0486,0,0.0446,0.9983,0.0379,0,0.0469,-0.04,0.9981,0,0.0062,19.525,-2.4818,1]},
{"frame":30,"values":[0.9981,-0.0392,-0.0474,0,0.041,0.9984,0.0385,0,0.0458,-0.0404,0.9981,0,0.0062,19.525,-2.4818,1]},
{"frame":31,"values":[0.9985,-0.0325,-0.0438,0,0.0344,0.9985,0.0422,0,0.0424,-0.0437,0.9981,0,0.0062,19.525,-2.4818,1]},
{"frame":32,"values":[0.9989,-0.0281,-0.0369,0,0.0296,0.9987,0.0409,0,0.0357,-0.0419,0.9985,0,0.0062,19.525,-2.4818,1]},
{"frame":33,"values":[0.9992,-0.0217,-0.0342,0,0.0231,0.9989,0.0415,0,0.0333,-0.0422,0.9986,0,0.0062,19.525,-2.4818,1]},
{"frame":34,"values":[0.9993,-0.0114,-0.0365,0,0.0129,0.999,0.0431,0,0.036,-0.0436,0.9984,0,0.0062,19.525,-2.4818,1]},
{"frame":35,"values":[0.9992,-0.0086,-0.0396,0,0.0104,0.999,0.0446,0,0.0391,-0.0449,0.9982,0,0.0062,19.525,-2.4818,1]},
{"frame":36,"values":[0.9991,-0.0097,-0.0416,0,0.0116,0.9989,0.0454,0,0.0411,-0.0458,0.9981,0,0.0062,19.525,-2.4818,1]},
{"frame":37,"values":[0.9991,-0.0094,-0.041,0,0.0113,0.9989,0.0465,0,0.0405,-0.047,0.9981,0,0.0062,19.525,-2.4818,1]},
{"frame":38,"values":[0.999,-0.0171,-0.0417,0,0.019,0.9988,0.046,0,0.0408,-0.0468,0.9981,0,0.0062,19.525,-2.4818,1]},
{"frame":39,"values":[0.9989,-0.017,-0.044,0,0.0189,0.9989,0.0433,0,0.0432,-0.0441,0.9981,0,0.0062,19.525,-2.4818,1]},
{"frame":40,"values":[0.9989,-0.0056,-0.0475,0,0.0077,0.999,0.0434,0,0.0472,-0.0437,0.9979,0,0.0062,19.525,-2.4818,1]},
{"frame":41,"values":[0.9985,-0.0012,-0.0556,0,0.0041,0.9986,0.0532,0,0.0555,-0.0533,0.997,0,0.0062,19.525,-2.4818,1]},
{"frame":42,"values":[0.9979,0.0014,-0.0641,0,0.0025,0.9982,0.0607,0,0.0641,-0.0608,0.9961,0,0.0062,19.525,-2.4818,1]},
{"frame":43,"values":[0.9975,-0.0039,-0.0707,0,0.0085,0.9979,0.0649,0,0.0703,-0.0653,0.9954,0,0.0062,19.525,-2.4818,1]},
{"frame":44,"values":[0.9973,-0.0135,-0.0724,0,0.0184,0.9976,0.0673,0,0.0713,-0.0684,0.9951,0,0.0062,19.525,-2.4818,1]},
{"frame":45,"values":[0.9974,-0.0184,-0.0699,0,0.0232,0.9974,0.0678,0,0.0685,-0.0693,0.9952,0,0.0062,19.525,-2.4818,1]},
{"frame":46,"values":[0.9972,-0.0274,-0.0693,0,0.0321,0.9971,0.0683,0,0.0672,-0.0703,0.9953,0,0.0062,19.525,-2.4818,1]},
{"frame":47,"values":[0.9969,-0.039,-0.0678,0,0.0435,0.9969,0.0658,0,0.0651,-0.0685,0.9955,0,0.0062,19.525,-2.4818,1]},
{"frame":48,"values":[0.9969,-0.0398,-0.0682,0,0.044,0.9971,0.0617,0,0.0656,-0.0645,0.9958,0,0.0062,19.525,-2.4818,1]},
{"frame":49,"values":[0.9972,-0.0328,-0.0679,0,0.0367,0.9977,0.0578,0,0.0659,-0.0601,0.996,0,0.0062,19.525,-2.4818,1]},
{"frame":50,"values":[0.9973,-0.0305,-0.0663,0,0.0342,0.9979,0.0558,0,0.0645,-0.0579,0.9962,0,0.0062,19.525,-2.4818,1]},
{"frame":51,"values":[0.9976,-0.0268,-0.0632,0,0.0305,0.9979,0.058,0,0.0615,-0.0598,0.9963,0,0.0062,19.525,-2.4818,1]},
{"frame":52,"values":[0.9981,-0.0216,-0.0582,0,0.0251,0.9978,0.0611,0,0.0567,-0.0624,0.9964,0,0.0062,19.525,-2.4818,1]},
{"frame":53,"values":[0.9984,-0.0131,-0.0554,0,0.0167,0.9978,0.0645,0,0.0544,-0.0653,0.9964,0,0.0062,19.525,-2.4818,1]},
{"frame":54,"values":[0.9984,-0.0023,-0.0569,0,0.0063,0.9975,0.0702,0,0.0566,-0.0704,0.9959,0,0.0062,19.525,-2.4818,1]},
{"frame":55,"values":[0.9982,0.0018,-0.0608,0,0.0029,0.9971,0.0767,0,0.0607,-0.0767,0.9952,0,0.0062,19.525,-2.4818,1]},
{"frame":56,"values":[0.9976,0.0034,-0.0698,0,0.0025,0.9965,0.0839,0,0.0698,-0.0839,0.994,0,0.0062,19.525,-2.4818,1]},
{"frame":57,"values":[0.9963,-0.0001,-0.0856,0,0.0079,0.9959,0.0905,0,0.0852,-0.0908,0.9922,0,0.0062,19.525,-2.4818,1]},
{"frame":58,"values":[0.9955,-0.0087,-0.0947,0,0.0173,0.9958,0.0899,0,0.0935,-0.0911,0.9914,0,0.0062,19.525,-2.4818,1]},
{"frame":59,"values":[0.9957,-0.0026,-0.0925,0,0.0106,0.9963,0.0854,0,0.0919,-0.086,0.992,0,0.0062,19.525,-2.4818,1]},
{"frame":60,"values":[0.9961,0.0029,-0.0883,0,0.0044,0.9966,0.0827,0,0.0883,-0.0827,0.9927,0,0.0062,19.525,-2.4818,1]},
{"frame":61,"values":[0.996,0.0069,-0.0887,0,0.0006,0.9964,0.0843,0,0.0889,-0.084,0.9925,0,0.0062,19.525,-2.4818,1]},
{"frame":62,"values":[0.9956,0.0112,-0.0927,0,-0.0033,0.9964,0.0845,0,0.0933,-0.0839,0.9921,0,0.0062,19.525,-2.4818,1]},
{"frame":63,"values":[0.9952,0.0043,-0.0979,0,0.0039,0.9965,0.0835,0,0.0979,-0.0835,0.9917,0,0.0062,19.525,-2.4818,1]},
{"frame":64,"values":[0.9952,0,-0.0975,0,0.008,0.9967,0.081,0,0.0972,-0.0814,0.9919,0,0.0062,19.525,-2.4818,1]},
{"frame":65,"values":[0.9954,-0.0045,-0.0959,0,0.0121,0.9968,0.0786,0,0.0952,-0.0794,0.9923,0,0.0062,19.525,-2.4818,1]},
{"frame":66,"values":[0.9954,-0.014,-0.0948,0,0.0215,0.9967,0.0783,0,0.0933,-0.08,0.9924,0,0.0062,19.525,-2.4818,1]},
{"frame":67,"values":[0.9958,-0.0169,-0.0898,0,0.0233,0.9972,0.0712,0,0.0883,-0.073,0.9934,0,0.0062,19.525,-2.4818,1]},
{"frame":68,"values":[0.9964,-0.0116,-0.0839,0,0.017,0.9978,0.0644,0,0.083,-0.0656,0.9944,0,0.0062,19.525,-2.4818,1]},
{"frame":69,"values":[0.9968,-0.0163,-0.078,0,0.0211,0.9979,0.0615,0,0.0769,-0.063,0.9951,0,0.0062,19.525,-2.4818,1]},
{"frame":70,"values":[0.9969,-0.0313,-0.0721,0,0.0358,0.9974,0.0623,0,0.0699,-0.0647,0.9955,0,0.0062,19.525,-2.4818,1]},
{"frame":71,"values":[0.9968,-0.0463,-0.0651,0,0.0505,0.9966,0.0644,0,0.0619,-0.0675,0.9958,0,0.0062,19.525,-2.4818,1]},
{"frame":72,"values":[0.997,-0.0517,-0.0572,0,0.0555,0.9963,0.0661,0,0.0536,-0.069,0.9962,0,0.0062,19.525,-2.4818,1]},
{"frame":73,"values":[0.9981,-0.0352,-0.0497,0,0.0385,0.997,0.0675,0,0.0472,-0.0693,0.9965,0,0.0062,19.525,-2.4818,1]},
{"frame":74,"values":[0.9988,-0.0159,-0.046,0,0.019,0.9975,0.0687,0,0.0448,-0.0695,0.9966,0,0.0062,19.525,-2.4818,1]},
{"frame":75,"values":[0.9989,-0.0102,-0.0466,0,0.0134,0.9976,0.0686,0,0.0458,-0.0691,0.9966,0,0.0062,19.525,-2.4818,1]},
{"frame":76,"values":[0.9988,-0.0081,-0.0482,0,0.0114,0.9976,0.0682,0,0.0475,-0.0687,0.9965,0,0.0062,19.525,-2.4818,1]},
{"frame":77,"values":[0.9984,-0.0173,-0.0534,0,0.0208,0.9976,0.0663,0,0.0521,-0.0673,0.9964,0,0.0062,19.525,-2.4818,1]},
{"frame":78,"values":[0.9976,-0.0341,-0.0598,0,0.0378,0.9974,0.0618,0,0.0576,-0.0639,0.9963,0,0.0062,19.525,-2.4818,1]},
{"frame":79,"values":[0.9977,-0.0316,-0.0601,0,0.0351,0.9977,0.0575,0,0.0582,-0.0595,0.9965,0,0.0062,19.525,-2.4818,1]},
{"frame":80,"values":[0.9983,-0.0161,-0.0567,0,0.0194,0.9981,0.058,0,0.0556,-0.059,0.9967,0,0.0062,19.525,-2.4818,1]}],"loopBehavior":1,"name":"anim","property":"_matrix"}},
{"name":"mixamorig:Spine1","index":2,"matrix":[0.9947,0.0544,-0.0869,0,-0.0438,0.9919,0.1192,0,0.0927,-0.1148,0.9891,0,-0.0009,22.835,-2.8254,1],"rest":[1,0,0,0,0,1,0,0,0,0,1,0,-0.0009,22.835,-2.8254,1],"parentBoneIndex":1,"length":26.7438
,"animation":{"dataType":3,"framePerSecond":24,"keys":[
{"frame":1,"values":[0.9947,0.0544,-0.0869,0,-0.0438,0.9919,0.1192,0,0.0927,-0.1148,0.9891,0,-0.0009,22.835,-2.8254,1]},
{"frame":2,"values":[0.9943,0.0596,-0.0885,0,-0.0479,0.9905,0.1286,0,0.0953,-0.1236,0.9877,0,-0.0009,22.835,-2.8254,1]},
{"frame":3,"values":[0.9933,0.0616,-0.0975,0,-0.0485,0.99,0.1321,0,0.1047,-0.1265,0.9864,0,-0.0009,22.835,-2.8254,1]},
{"frame":4,"values":[0.9928,0.058,-0.1044,0,-0.0435,0.9898,0.1358,0,0.1112,-0.1303,0.9852,0,-0.0009,22.835,-2.8254,1]},
{"frame":5,"values":[0.9931,0.0494,-0.1065,0,-0.0346,0.9901,0.136,0,0.1122,-0.1313,0.985,0,-0.0009,22.835,-2.8254,1]},
{"frame":6,"values":[0.9935,0.0428,-0.1054,0,-0.0284,0.9905,0.1344,0,0.1102,-0.1305,0.9853,0,-0.0009,22.835,-2.8254,1]},
{"frame":7,"values":[0.9938,0.0388,-0.1044,0,-0.0246,0.9907,0.1337,0,0.1086,-0.1303,0.9855,0,-0.0009,22.835,-2.8254,1]},
{"frame":8,"values":[0.9938,0.0366,-0.1049,0,-0.0229,0.9914,0.1291,0,0.1087,-0.1259,0.9861,0,-0.0009,22.835,-2.8254,1]},
{"frame":9,"values":[0.9937,0.0437,-0.1033,0,-0.0308,0.9918,0.124,0,0.1079,-0.1201,0.9869,0,-0.0009,22.835,-2.8254,1]},
{"frame":10,"values":[0.9938,0.0464,-0.1006,0,-0.034,0.9921,0.1211,0,0.1054,-0.1169,0.9875,0,-0.0009,22.835,-2.8254,1]},
{"frame":11,"values":[0.9939,0.0487,-0.0985,0,-0.0366,0.9919,0.122,0,0.1036,-0.1177,0.9876,0,-0.0009,22.835,-2.8254,1]},
{"frame":12,"values":[0.9944,0.0532,-0.0916,0,-0.0417,0.9915,0.1229,0,0.0974,-0.1184,0.9882,0,-0.0009,22.835,-2.8254,1]},
{"frame":13,"values":[0.9947,0.0529,-0.0887,0,-0.0419,0.9917,0.1218,0,0.0944,-0.1174,0.9886,0,-0.0009,22.835,-2.8254,1]},
{"frame":14,"values":[0.9943,0.052,-0.0927,0,-0.0411,0.9924,0.116,0,0.098,-0.1116,0.9889,0,-0.0009,22.835,-2.8254,1]},
{"frame":15,"values":[0.9939,0.049,-0.0988,0,-0.0379,0.9931,0.1109,0,0.1035,-0.1065,0.9889,0,-0.0009,22.835,-2.8254,1]},
{"frame":16,"values":[0.9935,0.0455,-0.104,0,-0.0341,0.9935,0.109,0,0.1083,-0.1048,0.9886,0,-0.0009,22.835,-2.8254,1]},
{"frame":17,"values":[0.9927,0.0494,-0.1098,0,-0.0373,0.9933,0.109,0,0.1145,-0.1041,0.988,0,-0.0009,22.835,-2.8254,1]},
{"frame":18,"values":[0.9924,0.0476,-0.1133,0,-0.0354,0.9936,0.1074,0,0.1176,-0.1025,0.9877,0,-0.0009,22.835,-2.8254,1]},
{"frame":19,"values":[0.9928,0.0405,-0.113,0,-0.0292,0.9946,0.0998,0,0.1164,-0.0958,0.9886,0,-0.0009,22.835,-2.8254,1]},
{"frame":20,"values":[0.9933,0.0353,-0.1102,0,-0.0251,0.9953,0.0931,0,0.113,-0.0897,0.9895,0,-0.0009,22.835,-2.8254,1]},
{"frame":21,"values":[0.9938,0.031,-0.1071,0,-0.0215,0.9958,0.0888,0,0.1094,-0.086,0.9903,0,-0.0009,22.835,-2.8254,1]},
{"frame":22,"values":[0.9932,0.0305,-0.1121,0,-0.0207,0.9959,0.0877,0,0.1143,-0.0848,0.9898,0,-0.0009,22.835,-2.8254,1]},
{"frame":23,"values":[0.9936,0.0297,-0.109,0,-0.0201,0.9959,0.0885,0,0.1112,-0.0858,0.9901,0,-0.0009,22.835,-2.8254,1]},
{"frame":24,"values":[0.9947,0.0251,-0.0999,0,-0.0159,0.9957,0.0916,0,0.1018,-0.0895,0.9908,0,-0.0009,22.835,-2.8254,1]},
{"frame":25,"values":[0.9956,0.0212,-0.0917,0,-0.0127,0.9956,0.0931,0,0.0933,-0.0916,0.9914,0,-0.0009,22.835,-2.8254,1]},
{"frame":26,"values":[0.9962,0.0212,-0.0844,0,-0.0135,0.9957,0.0915,0,0.086,-0.09,0.9922,0,-0.0009,22.835,-2.8254,1]},
{"frame":27,"values":[0.9966,0.0184,-0.0798,0,-0.0111,0.9958,0.0908,0,0.0812,-0.0896,0.9927,0,-0.0009,22.835,-2.8254,1]},
{"frame":28,"values":[0.9964,0.0226,-0.0813,0,-0.0156,0.9962,0.0858,0,0.083,-0.0842,0.993,0,-0.0009,22.835,-2.8254,1]},
{"frame":29,"values":[0.9962,0.0296,-0.0824,0,-0.0233,0.9968,0.0765,0,0.0844,-0.0743,0.9937,0,-0.0009,22.835,-2.8254,1]},
{"frame":30,"values":[0.9961,0.0377,-0.0801,0,-0.0316,0.9965,0.0772,0,0.0827,-0.0743,0.9938,0,-0.0009,22.835,-2.8254,1]},
{"frame":31,"values":[0.9964,0.0461,-0.0714,0,-0.04,0.9957,0.0839,0,0.075,-0.0807,0.9939,0,-0.0009,22.835,-2.8254,1]},
{"frame":32,"values":[0.9971,0.0486,-0.0593,0,-0.0438,0.9958,0.0804,0,0.063,-0.0776,0.995,0,-0.0009,22.835,-2.8254,1]},
{"frame":33,"values":[0.9971,0.0504,-0.0564,0,-0.0457,0.9956,0.0814,0,0.0603,-0.0785,0.9951,0,-0.0009,22.835,-2.8254,1]},
{"frame":34,"values":[0.9965,0.0522,-0.0645,0,-0.0466,0.9953,0.0851,0,0.0687,-0.0818,0.9943,0,-0.0009,22.835,-2.8254,1]},
{"frame":35,"values":[0.996,0.0509,-0.0731,0,-0.0444,0.9951,0.0881,0,0.0773,-0.0845,0.9934,0,-0.0009,22.835,-2.8254,1]},
{"frame":36,"values":[0.9958,0.0475,-0.0782,0,-0.0404,0.9951,0.0899,0,0.0821,-0.0864,0.9929,0,-0.0009,22.835,-2.8254,1]},
{"frame":37,"values":[0.9959,0.0454,-0.0786,0,-0.0381,0.995,0.0921,0,0.0824,-0.0887,0.9926,0,-0.0009,22.835,-2.8254,1]},
{"frame":38,"values":[0.9961,0.0406,-0.079,0,-0.0333,0.9953,0.0909,0,0.0823,-0.088,0.9927,0,-0.0009,22.835,-2.8254,1]},
{"frame":39,"values":[0.9959,0.0384,-0.0821,0,-0.0312,0.9958,0.0865,0,0.0851,-0.0835,0.9929,0,-0.0009,22.835,-2.8254,1]},
{"frame":40,"values":[0.9951,0.0421,-0.0889,0,-0.0343,0.9955,0.0879,0,0.0922,-0.0844,0.9922,0,-0.0009,22.835,-2.8254,1]},
{"frame":41,"values":[0.9939,0.0496,-0.099,0,-0.0388,0.9934,0.108,0,0.1037,-0.1034,0.9892,0,-0.0009,22.835,-2.8254,1]},
{"frame":42,"values":[0.9923,0.0556,-0.1107,0,-0.0418,0.9915,0.123,0,0.1166,-0.1174,0.9862,0,-0.0009,22.835,-2.8254,1]},
{"frame":43,"values":[0.9914,0.0554,-0.1185,0,-0.0396,0.9905,0.1316,0,0.1246,-0.1258,0.9842,0,-0.0009,22.835,-2.8254,1]},
{"frame":44,"values":[0.9919,0.0477,-0.1179,0,-0.0313,0.99,0.1372,0,0.1233,-0.1324,0.9835,0,-0.0009,22.835,-2.8254,1]},
{"frame":45,"values":[0.9927,0.0398,-0.1137,0,-0.0238,0.99,0.1388,0,0.1181,-0.1351,0.9838,0,-0.0009,22.835,-2.8254,1]},
{"frame":46,"values":[0.9934,0.0346,-0.109,0,-0.0191,0.99,0.1396,0,0.1127,-0.1366,0.9842,0,-0.0009,22.835,-2.8254,1]},
{"frame":47,"values":[0.9943,0.0276,-0.1034,0,-0.0135,0.9909,0.1342,0,0.1062,-0.132,0.9855,0,-0.0009,22.835,-2.8254,1]},
{"frame":48,"values":[0.994,0.0315,-0.1052,0,-0.0182,0.9919,0.1257,0,0.1083,-0.123,0.9865,0,-0.0009,22.835,-2.8254,1]},
{"frame":49,"values":[0.9933,0.0395,-0.1086,0,-0.0266,0.9927,0.1177,0,0.1124,-0.114,0.9871,0,-0.0009,22.835,-2.8254,1]},
{"frame":50,"values":[0.9933,0.0442,-0.1068,0,-0.0321,0.9931,0.1132,0,0.111,-0.109,0.9878,0,-0.0009,22.835,-2.8254,1]},
{"frame":51,"values":[0.9937,0.0525,-0.099,0,-0.0407,0.9923,0.1172,0,0.1044,-0.1124,0.9882,0,-0.0009,22.835,-2.8254,1]},
{"frame":52,"values":[0.9943,0.0564,-0.0902,0,-0.0451,0.9914,0.123,0,0.0964,-0.1183,0.9883,0,-0.0009,22.835,-2.8254,1]},
{"frame":53,"values":[0.9943,0.0581,-0.0898,0,-0.0462,0.9905,0.1297,0,0.0965,-0.1248,0.9875,0,-0.0009,22.835,-2.8254,1]},
{"frame":54,"values":[0.9932,0.0635,-0.0976,0,-0.0493,0.9887,0.1415,0,0.1055,-0.1357,0.9851,0,-0.0009,22.835,-2.8254,1]},
{"frame":55,"values":[0.9921,0.0682,-0.1055,0,-0.0513,0.9866,0.1551,0,0.1147,-0.1484,0.9822,0,-0.0009,22.835,-2.8254,1]},
{"frame":56,"values":[0.99,0.0764,-0.1183,0,-0.0555,0.9838,0.1707,0,0.1294,-0.1624,0.9782,0,-0.0009,22.835,-2.8254,1]},
{"frame":57,"values":[0.9866,0.0871,-0.1381,0,-0.0606,0.9808,0.1853,0,0.1516,-0.1745,0.9729,0,-0.0009,22.835,-2.8254,1]},
{"frame":58,"values":[0.9855,0.0833,-0.1481,0,-0.0551,0.9812,0.1851,0,0.1608,-0.1743,0.9715,0,-0.0009,22.835,-2.8254,1]},
{"frame":59,"values":[0.9855,0.0785,-0.1504,0,-0.0515,0.9831,0.1757,0,0.1617,-0.1654,0.9729,0,-0.0009,22.835,-2.8254,1]},
{"frame":60,"values":[0.9861,0.0756,-0.1479,0,-0.0501,0.9843,0.1691,0,0.1584,-0.1594,0.9744,0,-0.0009,22.835,-2.8254,1]},
{"frame":61,"values":[0.9858,0.0759,-0.15,0,-0.0497,0.984,0.1713,0,0.1605,-0.1614,0.9737,0,-0.0009,22.835,-2.8254,1]},
{"frame":62,"values":[0.9841,0.0796,-0.1586,0,-0.0519,0.9838,0.1716,0,0.1697,-0.1606,0.9723,0,-0.0009,22.835,-2.8254,1]},
{"frame":63,"values":[0.9835,0.0776,-0.1632,0,-0.0494,0.9842,0.1702,0,0.1739,-0.1593,0.9718,0,-0.0009,22.835,-2.8254,1]},
{"frame":64,"values":[0.9843,0.0736,-0.1603,0,-0.0466,0.985,0.166,0,0.1702,-0.1559,0.973,0,-0.0009,22.835,-2.8254,1]},
{"frame":65,"values":[0.9854,0.0711,-0.1545,0,-0.0457,0.9857,0.1619,0,0.1638,-0.1525,0.9746,0,-0.0009,22.835,-2.8254,1]},
{"frame":66,"values":[0.9872,0.0689,-0.144,0,-0.0452,0.9859,0.1613,0,0.1531,-0.1528,0.9763,0,-0.0009,22.835,-2.8254,1]},
{"frame":67,"values":[0.9886,0.0705,-0.1333,0,-0.0506,0.9878,0.1471,0,0.1421,-0.1387,0.9801,0,-0.0009,22.835,-2.8254,1]},
{"frame":68,"values":[0.9889,0.0739,-0.1286,0,-0.0566,0.9895,0.1329,0,0.137,-0.1242,0.9828,0,-0.0009,22.835,-2.8254,1]},
{"frame":69,"values":[0.9905,0.0704,-0.1183,0,-0.0553,0.9904,0.1263,0,0.1261,-0.1186,0.9849,0,-0.0009,22.835,-2.8254,1]},
{"frame":70,"values":[0.9929,0.058,-0.1039,0,-0.0445,0.9909,0.1273,0,0.1103,-0.1218,0.9864,0,-0.0009,22.835,-2.8254,1]},
{"frame":71,"values":[0.9952,0.045,-0.0864,0,-0.0335,0.9908,0.131,0,0.0915,-0.1274,0.9876,0,-0.0009,22.835,-2.8254,1]},
{"frame":72,"values":[0.9968,0.0404,-0.0686,0,-0.031,0.9906,0.1334,0,0.0733,-0.1308,0.9887,0,-0.0009,22.835,-2.8254,1]},
{"frame":73,"values":[0.997,0.046,-0.0624,0,-0.0372,0.9901,0.1355,0,0.068,-0.1328,0.9888,0,-0.0009,22.835,-2.8254,1]},
{"frame":74,"values":[0.9964,0.0553,-0.0649,0,-0.0459,0.9894,0.138,0,0.0718,-0.1345,0.9883,0,-0.0009,22.835,-2.8254,1]},
{"frame":75,"values":[0.9958,0.0598,-0.0693,0,-0.0497,0.9891,0.1383,0,0.0768,-0.1343,0.988,0,-0.0009,22.835,-2.8254,1]},
{"frame":76,"values":[0.9954,0.0628,-0.0728,0,-0.0523,0.989,0.1383,0,0.0806,-0.1338,0.9877,0,-0.0009,22.835,-2.8254,1]},
{"frame":77,"values":[0.995,0.0622,-0.078,0,-0.0512,0.9895,0.1355,0,0.0856,-0.1308,0.9877,0,-0.0009,22.835,-2.8254,1]},
{"frame":78,"values":[0.995,0.0537,-0.0839,0,-0.0427,0.9909,0.1277,0,0.09,-0.1235,0.9883,0,-0.0009,22.835,-2.8254,1]},
{"frame":79,"values":[0.9949,0.0513,-0.0865,0,-0.0408,0.992,0.1193,0,0.0919,-0.1152,0.9891,0,-0.0009,22.835,-2.8254,1]},
{"frame":80,"values":[0.9947,0.0544,-0.0869,0,-0.0438,0.9919,0.1192,0,0.0927,-0.1148,0.9891,0,-0.0009,22.835,-2.8254,1]}],"loopBehavior":1,"name":"anim","property":"_matrix"}},
{"name":"mixamorig:Spine2","index":3,"matrix":[0.9948,0.0544,-0.0856,0,-0.0439,0.9918,0.1202,0,0.0914,-0.1158,0.9891,0,-0.0206,26.5525,-3.1933,1],"rest":[1,0,0,0,0,1,0,0,0,0,1,0,-0.0206,26.5525,-3.1933,1],"parentBoneIndex":2,"length":24.825
,"animation":{"dataType":3,"framePerSecond":24,"keys":[
{"frame":1,"values":[0.9948,0.0544,-0.0856,0,-0.0439,0.9918,0.1202,0,0.0914,-0.1158,0.9891,0,-0.0206,26.5525,-3.1933,1]},
{"frame":2,"values":[0.9944,0.0596,-0.0873,0,-0.0481,0.9904,0.1294,0,0.0942,-0.1244,0.9878,0,-0.0206,26.5525,-3.1933,1]},
{"frame":3,"values":[0.9934,0.0617,-0.0965,0,-0.0486,0.9899,0.1328,0,0.1037,-0.1273,0.9864,0,-0.0206,26.5525,-3.1933,1]},
{"frame":4,"values":[0.9929,0.058,-0.1035,0,-0.0436,0.9897,0.1365,0,0.1103,-0.131,0.9852,0,-0.0206,26.5525,-3.1933,1]},
{"frame":5,"values":[0.9932,0.0494,-0.1054,0,-0.0347,0.99,0.1368,0,0.1111,-0.1322,0.985,0,-0.0206,26.5525,-3.1933,1]},
{"frame":6,"values":[0.9936,0.0427,-0.1043,0,-0.0284,0.9904,0.1353,0,0.109,-0.1315,0.9853,0,-0.0206,26.5525,-3.1933,1]},
{"frame":7,"values":[0.9939,0.0388,-0.1029,0,-0.0247,0.9906,0.1348,0,0.1072,-0.1314,0.9855,0,-0.0206,26.5525,-3.1933,1]},
{"frame":8,"values":[0.994,0.0367,-0.1032,0,-0.023,0.9912,0.1304,0,0.1071,-0.1272,0.9861,0,-0.0206,26.5525,-3.1933,1]},
{"frame":9,"values":[0.9939,0.0439,-0.1015,0,-0.031,0.9916,0.1254,0,0.1062,-0.1215,0.9869,0,-0.0206,26.5525,-3.1933,1]},
{"frame":10,"values":[0.994,0.0466,-0.0985,0,-0.0344,0.9918,0.1227,0,0.1034,-0.1186,0.9875,0,-0.0206,26.5525,-3.1933,1]},
{"frame":11,"values":[0.9942,0.0491,-0.0959,0,-0.037,0.9916,0.1239,0,0.1012,-0.1196,0.9876,0,-0.0206,26.5525,-3.1933,1]},
{"frame":12,"values":[0.9946,0.0535,-0.089,0,-0.0422,0.9913,0.1246,0,0.0949,-0.1202,0.9882,0,-0.0206,26.5525,-3.1933,1]},
{"frame":13,"values":[0.9949,0.0532,-0.0861,0,-0.0423,0.9914,0.1234,0,0.092,-0.1192,0.9886,0,-0.0206,26.5525,-3.1933,1]},
{"frame":14,"values":[0.9945,0.0523,-0.0905,0,-0.0415,0.9922,0.1176,0,0.096,-0.1132,0.9889,0,-0.0206,26.5525,-3.1933,1]},
{"frame":15,"values":[0.9941,0.0494,-0.0967,0,-0.0384,0.9929,0.1125,0,0.1016,-0.1081,0.9889,0,-0.0206,26.5525,-3.1933,1]},
{"frame":16,"values":[0.9937,0.0459,-0.1021,0,-0.0346,0.9933,0.1106,0,0.1065,-0.1064,0.9886,0,-0.0206,26.5525,-3.1933,1]},
{"frame":17,"values":[0.9929,0.0498,-0.1082,0,-0.0377,0.9932,0.1105,0,0.1129,-0.1056,0.988,0,-0.0206,26.5525,-3.1933,1]},
{"frame":18,"values":[0.9926,0.048,-0.1116,0,-0.0358,0.9934,0.1089,0,0.1161,-0.1041,0.9878,0,-0.0206,26.5525,-3.1933,1]},
{"frame":19,"values":[0.9929,0.0409,-0.1115,0,-0.0296,0.9944,0.1013,0,0.1151,-0.0973,0.9886,0,-0.0206,26.5525,-3.1933,1]},
{"frame":20,"values":[0.9934,0.0356,-0.109,0,-0.0253,0.9952,0.0944,0,0.1118,-0.091,0.9895,0,-0.0206,26.5525,-3.1933,1]},
{"frame":21,"values":[0.9939,0.0313,-0.106,0,-0.0217,0.9957,0.09,0,0.1084,-0.0871,0.9903,0,-0.0206,26.5525,-3.1933,1]},
{"frame":22,"values":[0.9933,0.0307,-0.1113,0,-0.0209,0.9958,0.0887,0,0.1135,-0.0857,0.9898,0,-0.0206,26.5525,-3.1933,1]},
{"frame":23,"values":[0.9937,0.0298,-0.1083,0,-0.0202,0.9958,0.0894,0,0.1105,-0.0867,0.9901,0,-0.0206,26.5525,-3.1933,1]},
{"frame":24,"values":[0.9948,0.0252,-0.099,0,-0.016,0.9956,0.0925,0,0.1009,-0.0904,0.9908,0,-0.0206,26.5525,-3.1933,1]},
{"frame":25,"values":[0.9957,0.0213,-0.0907,0,-0.0127,0.9955,0.0941,0,0.0923,-0.0925,0.9914,0,-0.0206,26.5525,-3.1933,1]},
{"frame":26,"values":[0.9963,0.0213,-0.0833,0,-0.0135,0.9956,0.0924,0,0.0849,-0.0909,0.9922,0,-0.0206,26.5525,-3.1933,1]},
{"frame":27,"values":[0.9967,0.0185,-0.0789,0,-0.0112,0.9957,0.0916,0,0.0802,-0.0904,0.9927,0,-0.0206,26.5525,-3.1933,1]},
{"frame":28,"values":[0.9965,0.0227,-0.0804,0,-0.0157,0.9961,0.0866,0,0.082,-0.0851,0.993,0,-0.0206,26.5525,-3.1933,1]},
{"frame":29,"values":[0.9962,0.0298,-0.0814,0,-0.0235,0.9967,0.0775,0,0.0834,-0.0753,0.9937,0,-0.0206,26.5525,-3.1933,1]},
{"frame":30,"values":[0.9962,0.038,-0.0789,0,-0.0318,0.9964,0.0783,0,0.0816,-0.0754,0.9938,0,-0.0206,26.5525,-3.1933,1]},
{"frame":31,"values":[0.9965,0.0463,-0.0702,0,-0.0403,0.9956,0.0848,0,0.0738,-0.0817,0.9939,0,-0.0206,26.5525,-3.1933,1]},
{"frame":32,"values":[0.9971,0.0488,-0.0581,0,-0.044,0.9957,0.0812,0,0.0618,-0.0784,0.995,0,-0.0206,26.5525,-3.1933,1]},
{"frame":33,"values":[0.9972,0.0505,-0.0552,0,-0.0459,0.9956,0.0821,0,0.0591,-0.0793,0.9951,0,-0.0206,26.5525,-3.1933,1]},
{"frame":34,"values":[0.9966,0.0524,-0.0635,0,-0.0469,0.9952,0.0858,0,0.0676,-0.0825,0.9943,0,-0.0206,26.5525,-3.1933,1]},
{"frame":35,"values":[0.9961,0.0511,-0.0721,0,-0.0446,0.995,0.0889,0,0.0763,-0.0853,0.9934,0,-0.0206,26.5525,-3.1933,1]},
{"frame":36,"values":[0.9959,0.0477,-0.0772,0,-0.0406,0.995,0.0907,0,0.0811,-0.0872,0.9929,0,-0.0206,26.5525,-3.1933,1]},
{"frame":37,"values":[0.9959,0.0457,-0.0775,0,-0.0384,0.9949,0.0929,0,0.0814,-0.0896,0.9927,0,-0.0206,26.5525,-3.1933,1]},
{"frame":38,"values":[0.9961,0.0408,-0.0777,0,-0.0336,0.9952,0.0919,0,0.081,-0.089,0.9927,0,-0.0206,26.5525,-3.1933,1]},
{"frame":39,"values":[0.996,0.0386,-0.0811,0,-0.0315,0.9957,0.0874,0,0.0841,-0.0845,0.9929,0,-0.0206,26.5525,-3.1933,1]},
{"frame":40,"values":[0.9952,0.0422,-0.0882,0,-0.0344,0.9955,0.0886,0,0.0915,-0.0852,0.9922,0,-0.0206,26.5525,-3.1933,1]},
{"frame":41,"values":[0.9939,0.0497,-0.0982,0,-0.0389,0.9933,0.1086,0,0.103,-0.1042,0.9892,0,-0.0206,26.5525,-3.1933,1]},
{"frame":42,"values":[0.9924,0.0557,-0.1099,0,-0.0419,0.9914,0.1236,0,0.1159,-0.1181,0.9862,0,-0.0206,26.5525,-3.1933,1]},
{"frame":43,"values":[0.9915,0.0555,-0.1175,0,-0.0398,0.9904,0.1324,0,0.1237,-0.1266,0.9842,0,-0.0206,26.5525,-3.1933,1]},
{"frame":44,"values":[0.992,0.0477,-0.1167,0,-0.0314,0.9899,0.1382,0,0.1222,-0.1334,0.9835,0,-0.0206,26.5525,-3.1933,1]},
{"frame":45,"values":[0.9928,0.0398,-0.1125,0,-0.0239,0.9899,0.1397,0,0.117,-0.1361,0.9838,0,-0.0206,26.5525,-3.1933,1]},
{"frame":46,"values":[0.9936,0.0346,-0.1076,0,-0.0192,0.9899,0.1407,0,0.1113,-0.1378,0.9842,0,-0.0206,26.5525,-3.1933,1]},
{"frame":47,"values":[0.9944,0.0277,-0.1018,0,-0.0137,0.9907,0.1354,0,0.1046,-0.1333,0.9855,0,-0.0206,26.5525,-3.1933,1]},
{"frame":48,"values":[0.9941,0.0317,-0.1036,0,-0.0184,0.9917,0.127,0,0.1068,-0.1243,0.9865,0,-0.0206,26.5525,-3.1933,1]},
{"frame":49,"values":[0.9935,0.0397,-0.1071,0,-0.0268,0.9925,0.1189,0,0.1111,-0.1153,0.9871,0,-0.0206,26.5525,-3.1933,1]},
{"frame":50,"values":[0.9935,0.0445,-0.1052,0,-0.0323,0.9929,0.1146,0,0.1096,-0.1104,0.9878,0,-0.0206,26.5525,-3.1933,1]},
{"frame":51,"values":[0.9939,0.0528,-0.0972,0,-0.0411,0.9921,0.1186,0,0.1027,-0.1138,0.9882,0,-0.0206,26.5525,-3.1933,1]},
{"frame":52,"values":[0.9945,0.0566,-0.0884,0,-0.0454,0.9912,0.1242,0,0.0947,-0.1195,0.9883,0,-0.0206,26.5525,-3.1933,1]},
{"frame":53,"values":[0.9944,0.0583,-0.0882,0,-0.0464,0.9903,0.1308,0,0.095,-0.1259,0.9875,0,-0.0206,26.5525,-3.1933,1]},
{"frame":54,"values":[0.9933,0.0636,-0.0961,0,-0.0495,0.9886,0.1424,0,0.104,-0.1367,0.9851,0,-0.0206,26.5525,-3.1933,1]},
{"frame":55,"values":[0.9922,0.0683,-0.1039,0,-0.0516,0.9864,0.1561,0,0.1132,-0.1495,0.9823,0,-0.0206,26.5525,-3.1933,1]},
{"frame":56,"values":[0.9903,0.0765,-0.1163,0,-0.0558,0.9835,0.1719,0,0.1276,-0.1638,0.9782,0,-0.0206,26.5525,-3.1933,1]},
{"frame":57,"values":[0.9869,0.0873,-0.1354,0,-0.061,0.9804,0.1872,0,0.149,-0.1765,0.9729,0,-0.0206,26.5525,-3.1933,1]},
{"frame":58,"values":[0.9859,0.0835,-0.1452,0,-0.0555,0.9807,0.1873,0,0.158,-0.1766,0.9715,0,-0.0206,26.5525,-3.1933,1]},
{"frame":59,"values":[0.9858,0.0786,-0.1484,0,-0.0517,0.9828,0.1774,0,0.1598,-0.1672,0.9729,0,-0.0206,26.5525,-3.1933,1]},
{"frame":60,"values":[0.9863,0.0757,-0.1463,0,-0.0502,0.9841,0.1704,0,0.1569,-0.1608,0.9744,0,-0.0206,26.5525,-3.1933,1]},
{"frame":61,"values":[0.986,0.076,-0.1486,0,-0.0499,0.9838,0.1724,0,0.1593,-0.1625,0.9738,0,-0.0206,26.5525,-3.1933,1]},
{"frame":62,"values":[0.9843,0.0798,-0.1574,0,-0.0521,0.9836,0.1725,0,0.1686,-0.1616,0.9723,0,-0.0206,26.5525,-3.1933,1]},
{"frame":63,"values":[0.9837,0.0778,-0.1619,0,-0.0496,0.9839,0.1714,0,0.1726,-0.1606,0.9718,0,-0.0206,26.5525,-3.1933,1]},
{"frame":64,"values":[0.9845,0.0737,-0.159,0,-0.0467,0.9848,0.1673,0,0.1689,-0.1572,0.973,0,-0.0206,26.5525,-3.1933,1]},
{"frame":65,"values":[0.9857,0.0711,-0.1531,0,-0.0457,0.9855,0.1632,0,0.1625,-0.1539,0.9746,0,-0.0206,26.5525,-3.1933,1]},
{"frame":66,"values":[0.9874,0.069,-0.1422,0,-0.0454,0.9856,0.1629,0,0.1514,-0.1544,0.9763,0,-0.0206,26.5525,-3.1933,1]},
{"frame":67,"values":[0.9888,0.0706,-0.1317,0,-0.0507,0.9876,0.1486,0,0.1405,-0.1402,0.9801,0,-0.0206,26.5525,-3.1933,1]},
{"frame":68,"values":[0.9891,0.074,-0.1271,0,-0.0567,0.9893,0.1342,0,0.1357,-0.1255,0.9828,0,-0.0206,26.5525,-3.1933,1]},
{"frame":69,"values":[0.9907,0.0706,-0.1167,0,-0.0555,0.9903,0.1277,0,0.1246,-0.12,0.9849,0,-0.0206,26.5525,-3.1933,1]},
{"frame":70,"values":[0.9931,0.0582,-0.1018,0,-0.0449,0.9907,0.1288,0,0.1083,-0.1234,0.9864,0,-0.0206,26.5525,-3.1933,1]},
