{"producer":{"name":"Blender","version":"2.90.0","exporter_version":"2.80.1","file":"fight_quadpunch.babylon"},
"autoClear":true,"clearColor":[0.0509,0.0509,0.0509],"gravity":[0,-9.81,0],
"materials":[{"name":"Material","id":"Material","customType":"BABYLON.PBRMaterial","backFaceCulling":true,"checkReadyOnlyOnce":false,"maxSimultaneousLights":4,"environmentIntensity":1,"albedo":[0.8,0.8,0.8],"reflectivity":[0.5,0.5,0.5],"roughness":0.4,"alpha":1,"transparencyMode":0,"alphaCutOff":0.4,"metallic":0}],
"multiMaterials":[],
"skeletons":[{"name":"Armature","id":0,"dimensionsAtRest":[379.1952,391.6652,55.677],"bones":[
{"name":"mixamorig:Hips","index":0,"matrix":[0.7452,-0.0002,-0.6669,0,0.0367,0.9985,0.0407,0,-0.6659,0.0548,-0.744,0,-11.2128,181.8548,11.2836,1],"rest":[1,0,0,0,0,1,0,0,0,0,-1,0,0,201.6394,0,1],"parentBoneIndex":-1,"length":21.6784
,"animation":{"dataType":3,"framePerSecond":24,"keys":[
{"frame":1,"values":[0.7452,-0.0002,-0.6669,0,0.0367,0.9985,0.0407,0,-0.6659,0.0548,-0.744,0,-11.2128,181.8548,11.2836,1]},
{"frame":2,"values":[0.7502,0.0038,-0.6612,0,0.0322,0.9986,0.0422,0,-0.6605,0.0529,-0.749,0,-11.2509,181.7985,11.478,1]},
{"frame":3,"values":[0.777,0.0053,-0.6295,0,0.0303,0.9985,0.0459,0,-0.6288,0.0547,-0.7757,0,-11.8066,181.701,11.6439,1]},
{"frame":4,"values":[0.8189,0.0077,-0.5739,0,0.0295,0.998,0.0555,0,-0.5732,0.0623,-0.817,0,-12.9618,181.3687,11.9594,1]},
{"frame":5,"values":[0.8623,0.0173,-0.5061,0,0.0169,0.9979,0.0629,0,-0.5061,0.0628,-0.8602,0,-14.3702,180.8026,12.1141,1]},
{"frame":6,"values":[0.8955,0.0354,-0.4436,0,-0.0037,0.9974,0.0721,0,-0.445,0.0629,-0.8933,0,-15.7209,180.0448,11.9167,1]},
{"frame":7,"values":[0.9104,0.0591,-0.4094,0,-0.0286,0.9964,0.0803,0,-0.4127,0.0614,-0.9088,0,-16.5334,179.2576,11.0981,1]},
{"frame":8,"values":[0.8952,0.0813,-0.4382,0,-0.049,0.9952,0.0847,0,-0.443,0.0543,-0.8949,0,-16.4036,178.8909,9.3586,1]},
{"frame":9,"values":[0.8466,0.0909,-0.5244,0,-0.0531,0.9948,0.0867,0,-0.5296,0.0455,-0.847,0,-15.3631,178.9848,6.7398,1]},
{"frame":10,"values":[0.7556,0.0819,-0.6499,0,-0.043,0.9962,0.0755,0,-0.6536,0.0291,-0.7563,0,-13.9117,179.0141,3.4784,1]},
{"frame":11,"values":[0.6335,0.0548,-0.7718,0,-0.0224,0.9984,0.0525,0,-0.7734,0.016,-0.6337,0,-12.4159,178.5469,-0.4988,1]},
{"frame":12,"values":[0.5784,-0.0018,-0.8158,0,0.0094,0.9999,0.0044,0,-0.8157,0.0102,-0.5784,0,-11.5967,177.8804,-4.6,1]},
{"frame":13,"values":[0.6632,-0.0548,-0.7464,0,0.0476,0.9984,-0.0311,0,-0.7469,0.0149,-0.6648,0,-11.9734,178.707,-8.1914,1]},
{"frame":14,"values":[0.7788,-0.0792,-0.6223,0,0.0722,0.9967,-0.0365,0,-0.6231,0.0165,-0.7819,0,-13.4939,180.912,-11.7071,1]},
{"frame":15,"values":[0.8656,-0.0702,-0.4958,0,0.0624,0.9975,-0.0323,0,-0.4969,0.003,-0.8678,0,-14.4174,183.2946,-13.7688,1]},
{"frame":16,"values":[0.9043,-0.0449,-0.4245,0,0.0303,0.9987,-0.0411,0,-0.4258,-0.0243,-0.9045,0,-14.8501,185.1195,-14.7395,1]},
{"frame":17,"values":[0.9181,-0.0197,-0.3959,0,-0.0115,0.997,-0.0763,0,-0.3963,-0.0746,-0.9151,0,-15.008,186.5902,-15.5473,1]},
{"frame":18,"values":[0.9171,-0.004,-0.3985,0,-0.0258,0.9973,-0.0694,0,-0.3977,-0.074,-0.9145,0,-14.7995,187.2764,-16.0183,1]},
{"frame":19,"values":[0.8934,0.0046,-0.4492,0,-0.0194,0.9994,-0.0284,0,-0.4488,-0.0341,-0.893,0,-14.32,187.1404,-15.9743,1]},
{"frame":20,"values":[0.8395,0.009,-0.5433,0,-0.0132,0.9999,-0.0037,0,-0.5432,-0.0103,-0.8396,0,-13.4497,186.587,-15.3709,1]},
{"frame":21,"values":[0.73,0.0147,-0.6833,0,-0.0126,0.9999,0.0081,0,-0.6833,-0.0027,-0.7301,0,-12.1133,185.2433,-14.32,1]},
{"frame":22,"values":[0.6113,-0.0081,-0.7913,0,0.008,1,-0.0041,0,-0.7913,0.0038,-0.6114,0,-10.7728,183.5363,-12.9517,1]},
{"frame":23,"values":[0.5899,-0.0397,-0.8065,0,0.0374,0.9991,-0.0218,0,-0.8066,0.0173,-0.5908,0,-9.8617,181.8254,-10.9419,1]},
{"frame":24,"values":[0.6461,-0.0495,-0.7616,0,0.0525,0.9984,-0.0203,0,-0.7614,0.0268,-0.6477,0,-9.392,181.2585,-9.4379,1]},
{"frame":25,"values":[0.738,-0.0555,-0.6725,0,0.0516,0.9983,-0.0258,0,-0.6728,0.0157,-0.7397,0,-9.8376,181.9389,-8.5567,1]},
{"frame":26,"values":[0.8434,-0.0491,-0.535,0,0.0393,0.9988,-0.0297,0,-0.5358,-0.004,-0.8444,0,-10.598,182.7654,-8.099,1]},
{"frame":27,"values":[0.9176,-0.0312,-0.3964,0,0.0204,0.9993,-0.0316,0,-0.3971,-0.0209,-0.9175,0,-10.6786,183.1055,-7.5242,1]},
{"frame":28,"values":[0.9427,-0.0069,-0.3334,0,-0.0037,0.9995,-0.031,0,-0.3335,-0.0305,-0.9423,0,-10.9192,183.6841,-6.6471,1]},
{"frame":29,"values":[0.9491,0.0142,-0.3146,0,-0.0231,0.9994,-0.0246,0,-0.314,-0.0306,-0.9489,0,-11.3168,185.0018,-5.6834,1]},
{"frame":30,"values":[0.9508,0.0086,-0.3096,0,-0.009,1,0.0001,0,-0.3095,-0.0027,-0.9509,0,-11.7178,185.2992,-4.3094,1]},
{"frame":31,"values":[0.949,-0.0003,-0.3152,0,0.0045,0.9999,0.0128,0,-0.3151,0.0136,-0.9489,0,-11.556,184.6785,-2.1409,1]},
{"frame":32,"values":[0.9295,-0.0075,-0.3688,0,0.01,0.9999,0.0048,0,-0.3687,0.0081,-0.9295,0,-10.8366,184.1106,0.6182,1]},
{"frame":33,"values":[0.8961,-0.0168,-0.4436,0,0.0179,0.9998,-0.0017,0,-0.4436,0.0064,-0.8962,0,-10.1247,183.6588,3.5208,1]},
{"frame":34,"values":[0.8594,-0.032,-0.5103,0,0.0322,0.9994,-0.0084,0,-0.5103,0.0092,-0.86,0,-9.5012,183.5695,6.035,1]},
{"frame":35,"values":[0.8201,-0.0461,-0.5703,0,0.0394,0.9989,-0.0241,0,-0.5708,0.0027,-0.8211,0,-8.7761,184.2148,7.8455,1]},
{"frame":36,"values":[0.784,-0.045,-0.6191,0,0.0293,0.9989,-0.0354,0,-0.6201,-0.0096,-0.7845,0,-7.7781,185.1806,9.0805,1]},
{"frame":37,"values":[0.7552,-0.0341,-0.6546,0,0.0142,0.9993,-0.0357,0,-0.6554,-0.0177,-0.7551,0,-6.3786,185.5214,9.478,1]},
{"frame":38,"values":[0.7293,-0.021,-0.6839,0,-0.0011,0.9995,-0.0319,0,-0.6842,-0.024,-0.7289,0,-5.0665,184.2966,9.3042,1]},
{"frame":39,"values":[0.7153,-0.0037,-0.6988,0,-0.0086,0.9999,-0.0141,0,-0.6988,-0.0161,-0.7151,0,-4.5198,182.0457,9.3225,1]},
{"frame":40,"values":[0.7231,0.0091,-0.6907,0,-0.003,0.9999,0.0099,0,-0.6908,0.0051,-0.723,0,-4.7383,180.2475,9.3154,1]},
{"frame":41,"values":[0.7258,0.0102,-0.6879,0,0.0072,0.9997,0.0224,0,-0.6879,0.0212,-0.7255,0,-5.6753,179.7997,8.9568,1]},
{"frame":42,"values":[0.7215,0.0107,-0.6923,0,0.0173,0.9993,0.0335,0,-0.6922,0.0362,-0.7208,0,-6.8271,180.2604,8.7032,1]},
{"frame":43,"values":[0.7223,0.0077,-0.6916,0,0.0241,0.9991,0.0363,0,-0.6912,0.0429,-0.7214,0,-7.6605,180.9678,8.8497,1]},
{"frame":44,"values":[0.7293,0.002,-0.6842,0,0.0262,0.9992,0.0308,0,-0.6837,0.0404,-0.7286,0,-8.2183,181.5906,9.2867,1]},
{"frame":45,"values":[0.735,-0.0035,-0.678,0,0.0284,0.9993,0.0256,0,-0.6775,0.038,-0.7346,0,-8.8126,182.0823,9.6537,1]},
{"frame":46,"values":[0.7384,-0.0065,-0.6744,0,0.0327,0.9991,0.0261,0,-0.6736,0.0413,-0.7379,0,-9.421,182.499,9.8187,1]},
{"frame":47,"values":[0.7407,-0.0072,-0.6718,0,0.038,0.9988,0.0312,0,-0.6708,0.0487,-0.74,0,-9.9289,182.6749,9.9226,1]},
{"frame":48,"values":[0.7415,-0.0059,-0.6709,0,0.042,0.9984,0.0377,0,-0.6696,0.0562,-0.7406,0,-10.2939,182.5233,10.0278,1]},
{"frame":49,"values":[0.7423,-0.0045,-0.67,0,0.0438,0.9982,0.0417,0,-0.6686,0.0603,-0.7412,0,-10.5018,182.1639,10.278,1]},
{"frame":50,"values":[0.7424,-0.0027,-0.6699,0,0.0427,0.9981,0.0433,0,-0.6686,0.0608,-0.7412,0,-10.6339,181.7864,10.6464,1]},
{"frame":51,"values":[0.7418,-0.0005,-0.6706,0,0.0401,0.9982,0.0436,0,-0.6694,0.0592,-0.7405,0,-10.7715,181.6493,10.9359,1]},
{"frame":52,"values":[0.7432,-0.0009,-0.6691,0,0.0386,0.9984,0.0416,0,-0.668,0.0568,-0.742,0,-10.9798,181.7797,11.1061,1]},
{"frame":53,"values":[0.7452,-0.0002,-0.6669,0,0.0367,0.9985,0.0407,0,-0.6659,0.0548,-0.744,0,-11.2128,181.8548,11.2836,1]}],"loopBehavior":1,"name":"anim","property":"_matrix"}},
{"name":"mixamorig:Spine","index":1,"matrix":[0.9784,-0.0334,-0.2041,0,0.0698,0.9823,0.1737,0,0.1947,-0.1842,0.9634,0,0.0062,19.525,-2.4818,1],"rest":[1,0,0,0,0,1,0,0,0,0,1,0,0.0062,19.525,-2.4818,1],"parentBoneIndex":0,"length":23.0091
,"animation":{"dataType":3,"framePerSecond":24,"keys":[
{"frame":1,"values":[0.9784,-0.0334,-0.2041,0,0.0698,0.9823,0.1737,0,0.1947,-0.1842,0.9634,0,0.0062,19.525,-2.4818,1]},
{"frame":2,"values":[0.9798,-0.0354,-0.1968,0,0.0695,0.9831,0.1693,0,0.1875,-0.1795,0.9657,0,0.0062,19.525,-2.4818,1]},
{"frame":3,"values":[0.9828,-0.0334,-0.1818,0,0.0639,0.9842,0.1651,0,0.1734,-0.1738,0.9694,0,0.0062,19.525,-2.4818,1]},
{"frame":4,"values":[0.9841,-0.0319,-0.1748,0,0.0615,0.9841,0.1664,0,0.1667,-0.1745,0.9705,0,0.0062,19.525,-2.4818,1]},
{"frame":5,"values":[0.9814,-0.0288,-0.1897,0,0.0603,0.9848,0.1627,0,0.1822,-0.1711,0.9683,0,0.0062,19.525,-2.4818,1]},
{"frame":6,"values":[0.9732,-0.0235,-0.2289,0,0.0615,0.9851,0.1605,0,0.2217,-0.1703,0.9601,0,0.0062,19.525,-2.4818,1]},
{"frame":7,"values":[0.9584,-0.0117,-0.2853,0,0.0592,0.9856,0.1584,0,0.2794,-0.1686,0.9453,0,0.0062,19.525,-2.4818,1]},
{"frame":8,"values":[0.9376,0.0046,-0.3478,0,0.0533,0.9862,0.1567,0,0.3437,-0.1654,0.9244,0,0.0062,19.525,-2.4818,1]},
{"frame":9,"values":[0.9282,0.0121,-0.3718,0,0.051,0.9859,0.1594,0,0.3685,-0.1669,0.9145,0,0.0062,19.525,-2.4818,1]},
{"frame":10,"values":[0.9412,-0.0026,-0.3377,0,0.0582,0.9863,0.1546,0,0.3327,-0.1651,0.9285,0,0.0062,19.525,-2.4818,1]},
{"frame":11,"values":[0.9592,-0.026,-0.2814,0,0.0668,0.9884,0.1364,0,0.2746,-0.1496,0.9499,0,0.0062,19.525,-2.4818,1]},
{"frame":12,"values":[0.986,-0.0558,-0.1569,0,0.0742,0.9907,0.114,0,0.1491,-0.124,0.981,0,0.0062,19.525,-2.4818,1]},
{"frame":13,"values":[0.9962,-0.0868,-0.0052,0,0.0868,0.9907,0.1048,0,-0.004,-0.1048,0.9945,0,0.0062,19.525,-2.4818,1]},
{"frame":14,"values":[0.9966,-0.0821,-0.0029,0,0.0821,0.9935,0.0783,0,-0.0035,-0.0782,0.9969,0,0.0062,19.525,-2.4818,1]},
{"frame":15,"values":[0.9931,-0.0792,-0.0861,0,0.0856,0.9936,0.074,0,0.0796,-0.0809,0.9935,0,0.0062,19.525,-2.4818,1]},
{"frame":16,"values":[0.9721,-0.0508,-0.2289,0,0.0725,0.9936,0.0872,0,0.223,-0.1013,0.9695,0,0.0062,19.525,-2.4818,1]},
{"frame":17,"values":[0.925,-0.0299,-0.3788,0,0.0579,0.9963,0.0627,0,0.3756,-0.08,0.9233,0,0.0062,19.525,-2.4818,1]},
{"frame":18,"values":[0.9104,-0.0299,-0.4127,0,0.0533,0.9976,0.0451,0,0.4103,-0.0631,0.9098,0,0.0062,19.525,-2.4818,1]},
{"frame":19,"values":[0.9131,-0.0144,-0.4074,0,0.0417,0.9974,0.0582,0,0.4056,-0.0701,0.9114,0,0.0062,19.525,-2.4818,1]},
{"frame":20,"values":[0.9218,-0.0033,-0.3877,0,0.0338,0.9968,0.072,0,0.3862,-0.0794,0.919,0,0.0062,19.525,-2.4818,1]},
{"frame":21,"values":[0.9388,-0.0184,-0.344,0,0.0461,0.9963,0.0727,0,0.3414,-0.0841,0.9362,0,0.0062,19.525,-2.4818,1]},
{"frame":22,"values":[0.9673,-0.0225,-0.2528,0,0.0444,0.9957,0.081,0,0.2499,-0.0895,0.9641,0,0.0062,19.525,-2.4818,1]},
{"frame":23,"values":[0.9926,-0.0352,-0.1162,0,0.046,0.9947,0.0923,0,0.1123,-0.097,0.9889,0,0.0062,19.525,-2.4818,1]},
{"frame":24,"values":[0.9978,-0.036,-0.0554,0,0.041,0.9949,0.0925,0,0.0518,-0.0946,0.9942,0,0.0062,19.525,-2.4818,1]},
{"frame":25,"values":[0.9965,-0.0457,-0.0693,0,0.0505,0.9964,0.0679,0,0.0659,-0.0712,0.9953,0,0.0062,19.525,-2.4818,1]},
{"frame":26,"values":[0.9921,-0.0694,-0.1045,0,0.0751,0.9958,0.0518,0,0.1004,-0.0592,0.9932,0,0.0062,19.525,-2.4818,1]},
{"frame":27,"values":[0.9806,-0.0569,-0.1875,0,0.0704,0.9953,0.0665,0,0.1829,-0.0784,0.98,0,0.0062,19.525,-2.4818,1]},
{"frame":28,"values":[0.9392,-0.0241,-0.3426,0,0.0543,0.9954,0.079,0,0.3391,-0.0928,0.9361,0,0.0062,19.525,-2.4818,1]},
{"frame":29,"values":[0.9036,-0.0224,-0.4278,0,0.0565,0.9961,0.0672,0,0.4247,-0.0849,0.9014,0,0.0062,19.525,-2.4818,1]},
{"frame":30,"values":[0.916,-0.0239,-0.4004,0,0.0614,0.9948,0.0811,0,0.3963,-0.0988,0.9128,0,0.0062,19.525,-2.4818,1]},
{"frame":31,"values":[0.932,-0.0229,-0.3618,0,0.065,0.9924,0.1045,0,0.3566,-0.1209,0.9264,0,0.0062,19.525,-2.4818,1]},
{"frame":32,"values":[0.9429,-0.0327,-0.3314,0,0.0742,0.9908,0.1133,0,0.3247,-0.1314,0.9367,0,0.0062,19.525,-2.4818,1]},
{"frame":33,"values":[0.9527,-0.0381,-0.3017,0,0.0823,0.9874,0.1352,0,0.2927,-0.1537,0.9438,0,0.0062,19.525,-2.4818,1]},
{"frame":34,"values":[0.9662,-0.039,-0.255,0,0.0822,0.9835,0.1609,0,0.2445,-0.1764,0.9535,0,0.0062,19.525,-2.4818,1]},
{"frame":35,"values":[0.9768,-0.0411,-0.2101,0,0.0778,0.9824,0.1696,0,0.1994,-0.182,0.9629,0,0.0062,19.525,-2.4818,1]},
{"frame":36,"values":[0.9812,-0.0459,-0.1876,0,0.0794,0.9814,0.1751,0,0.1761,-0.1867,0.9665,0,0.0062,19.525,-2.4818,1]},
{"frame":37,"values":[0.9827,-0.0432,-0.1803,0,0.0773,0.9794,0.1867,0,0.1685,-0.1974,0.9657,0,0.0062,19.525,-2.4818,1]},
{"frame":38,"values":[0.9828,-0.0358,-0.181,0,0.0712,0.9786,0.1932,0,0.1702,-0.2027,0.9643,0,0.0062,19.525,-2.4818,1]},
{"frame":39,"values":[0.983,-0.0376,-0.1798,0,0.0755,0.975,0.2089,0,0.1674,-0.2189,0.9613,0,0.0062,19.525,-2.4818,1]},
{"frame":40,"values":[0.9839,-0.0355,-0.1754,0,0.0755,0.971,0.227,0,0.1622,-0.2365,0.958,0,0.0062,19.525,-2.4818,1]},
{"frame":41,"values":[0.9827,-0.0324,-0.1824,0,0.0737,0.9717,0.2246,0,0.17,-0.2342,0.9572,0,0.0062,19.525,-2.4818,1]},
{"frame":42,"values":[0.9805,-0.0373,-0.1932,0,0.0801,0.9725,0.2187,0,0.1797,-0.2298,0.9565,0,0.0062,19.525,-2.4818,1]},
{"frame":43,"values":[0.9796,-0.0369,-0.1973,0,0.0793,0.9742,0.2113,0,0.1844,-0.2227,0.9573,0,0.0062,19.525,-2.4818,1]},
{"frame":44,"values":[0.9791,-0.0334,-0.2005,0,0.0744,0.9768,0.2007,0,0.1892,-0.2115,0.9589,0,0.0062,19.525,-2.4818,1]},
{"frame":45,"values":[0.9782,-0.032,-0.2053,0,0.0717,0.9794,0.1889,0,0.195,-0.1995,0.9603,0,0.0062,19.525,-2.4818,1]},
{"frame":46,"values":[0.9779,-0.0328,-0.2067,0,0.071,0.981,0.1804,0,0.1969,-0.1911,0.9616,0,0.0062,19.525,-2.4818,1]},
{"frame":47,"values":[0.9779,-0.0342,-0.2063,0,0.0715,0.9817,0.1764,0,0.1965,-0.1872,0.9625,0,0.0062,19.525,-2.4818,1]},
{"frame":48,"values":[0.9779,-0.0348,-0.2061,0,0.0719,0.9819,0.1751,0,0.1963,-0.186,0.9627,0,0.0062,19.525,-2.4818,1]},
{"frame":49,"values":[0.978,-0.0341,-0.2059,0,0.0711,0.9819,0.1753,0,0.1962,-0.1861,0.9627,0,0.0062,19.525,-2.4818,1]},
{"frame":50,"values":[0.9778,-0.0337,-0.207,0,0.0711,0.9818,0.176,0,0.1973,-0.1868,0.9624,0,0.0062,19.525,-2.4818,1]},
{"frame":51,"values":[0.9776,-0.0334,-0.2076,0,0.0709,0.9819,0.1755,0,0.1979,-0.1863,0.9623,0,0.0062,19.525,-2.4818,1]},
{"frame":52,"values":[0.978,-0.0318,-0.2061,0,0.0686,0.9824,0.1737,0,0.197,-0.1841,0.963,0,0.0062,19.525,-2.4818,1]},
{"frame":53,"values":[0.9784,-0.0334,-0.2041,0,0.0698,0.9823,0.1737,0,0.1947,-0.1842,0.9634,0,0.0062,19.525,-2.4818,1]}],"loopBehavior":1,"name":"anim","property":"_matrix"}},
{"name":"mixamorig:Spine1","index":2,"matrix":[0.9988,-0.0097,-0.0478,0,0.0132,0.9972,0.0738,0,0.0469,-0.0743,0.9961,0,-0.0009,22.835,-2.8254,1],"rest":[1,0,0,0,0,1,0,0,0,0,1,0,-0.0009,22.835,-2.8254,1],"parentBoneIndex":1,"length":26.7438
,"animation":{"dataType":3,"framePerSecond":24,"keys":[
{"frame":1,"values":[0.9988,-0.0097,-0.0478,0,0.0132,0.9972,0.0738,0,0.0469,-0.0743,0.9961,0,-0.0009,22.835,-2.8254,1]},
{"frame":2,"values":[0.9989,-0.0106,-0.046,0,0.014,0.9972,0.0737,0,0.0451,-0.0743,0.9962,0,-0.0009,22.835,-2.8254,1]},
{"frame":3,"values":[0.999,-0.0118,-0.0426,0,0.0149,0.9972,0.0736,0,0.0416,-0.0742,0.9964,0,-0.0009,22.835,-2.8254,1]},
{"frame":4,"values":[0.9991,-0.0111,-0.0409,0,0.0141,0.9972,0.0735,0,0.04,-0.0741,0.9965,0,-0.0009,22.835,-2.8254,1]},
{"frame":5,"values":[0.9989,-0.014,-0.0449,0,0.0172,0.9973,0.0714,0,0.0438,-0.0721,0.9964,0,-0.0009,22.835,-2.8254,1]},
{"frame":6,"values":[0.9983,-0.0179,-0.0549,0,0.0218,0.9972,0.0712,0,0.0535,-0.0723,0.9959,0,-0.0009,22.835,-2.8254,1]},
{"frame":7,"values":[0.9973,-0.0229,-0.0696,0,0.0282,0.9968,0.0753,0,0.0676,-0.0771,0.9947,0,-0.0009,22.835,-2.8254,1]},
{"frame":8,"values":[0.9959,-0.0266,-0.0861,0,0.0336,0.9961,0.0813,0,0.0836,-0.0838,0.993,0,-0.0009,22.835,-2.8254,1]},
{"frame":9,"values":[0.9953,-0.0268,-0.0926,0,0.0345,0.9959,0.0833,0,0.09,-0.0861,0.9922,0,-0.0009,22.835,-2.8254,1]},
{"frame":10,"values":[0.9962,-0.0264,-0.0833,0,0.0327,0.9966,0.0756,0,0.0811,-0.0781,0.9936,0,-0.0009,22.835,-2.8254,1]},
{"frame":11,"values":[0.9975,-0.0179,-0.0678,0,0.0225,0.9974,0.0684,0,0.0664,-0.0698,0.9954,0,-0.0009,22.835,-2.8254,1]},
{"frame":12,"values":[0.9994,0.0073,-0.035,0,-0.0053,0.9984,0.0556,0,0.0354,-0.0554,0.9978,0,-0.0009,22.835,-2.8254,1]},
{"frame":13,"values":[0.9995,0.0316,0.003,0,-0.0317,0.9985,0.044,0,-0.0016,-0.044,0.999,0,-0.0009,22.835,-2.8254,1]},
{"frame":14,"values":[0.9997,0.0244,0.0022,0,-0.0244,0.999,0.0363,0,-0.0013,-0.0364,0.9993,0,-0.0009,22.835,-2.8254,1]},
{"frame":15,"values":[0.9998,0.0041,-0.0186,0,-0.0034,0.9993,0.0365,0,0.0188,-0.0364,0.9992,0,-0.0009,22.835,-2.8254,1]},
{"frame":16,"values":[0.9977,-0.0389,-0.0555,0,0.0415,0.9981,0.0463,0,0.0536,-0.0485,0.9974,0,-0.0009,22.835,-2.8254,1]},
{"frame":17,"values":[0.9927,-0.0746,-0.0948,0,0.0812,0.9944,0.0676,0,0.0893,-0.0748,0.9932,0,-0.0009,22.835,-2.8254,1]},
{"frame":18,"values":[0.9918,-0.0748,-0.1033,0,0.0831,0.9934,0.0787,0,0.0967,-0.0867,0.9915,0,-0.0009,22.835,-2.8254,1]},
{"frame":19,"values":[0.9926,-0.0652,-0.1021,0,0.0729,0.9946,0.0736,0,0.0968,-0.0805,0.992,0,-0.0009,22.835,-2.8254,1]},
{"frame":20,"values":[0.9937,-0.0557,-0.0971,0,0.0624,0.9958,0.0668,0,0.0929,-0.0725,0.993,0,-0.0009,22.835,-2.8254,1]},
{"frame":21,"values":[0.9956,-0.0399,-0.0848,0,0.0453,0.997,0.0635,0,0.082,-0.0671,0.9944,0,-0.0009,22.835,-2.8254,1]},
{"frame":22,"values":[0.998,-0.0153,-0.0608,0,0.0188,0.9981,0.058,0,0.0598,-0.059,0.9965,0,-0.0009,22.835,-2.8254,1]},
{"frame":23,"values":[0.9996,0.0137,-0.0258,0,-0.0122,0.9984,0.0544,0,0.0265,-0.054,0.9982,0,-0.0009,22.835,-2.8254,1]},
{"frame":24,"values":[0.9998,0.0157,-0.0113,0,-0.0151,0.9988,0.0468,0,0.012,-0.0466,0.9988,0,-0.0009,22.835,-2.8254,1]},
{"frame":25,"values":[0.9998,0.0132,-0.0149,0,-0.0126,0.9992,0.0389,0,0.0154,-0.0387,0.9991,0,-0.0009,22.835,-2.8254,1]},
{"frame":26,"values":[0.9997,0.0049,-0.0234,0,-0.0041,0.9994,0.0358,0,0.0235,-0.0357,0.9991,0,-0.0009,22.835,-2.8254,1]},
{"frame":27,"values":[0.9987,-0.0243,-0.0446,0,0.0261,0.9989,0.04,0,0.0436,-0.0411,0.9982,0,-0.0009,22.835,-2.8254,1]},
{"frame":28,"values":[0.9944,-0.0625,-0.0854,0,0.0681,0.9957,0.0635,0,0.0811,-0.069,0.9943,0,-0.0009,22.835,-2.8254,1]},
{"frame":29,"values":[0.9919,-0.0676,-0.1076,0,0.0779,0.9924,0.095,0,0.1003,-0.1026,0.9897,0,-0.0009,22.835,-2.8254,1]},
{"frame":30,"values":[0.9937,-0.0512,-0.0996,0,0.0603,0.994,0.0908,0,0.0943,-0.0962,0.9909,0,-0.0009,22.835,-2.8254,1]},
{"frame":31,"values":[0.9951,-0.0416,-0.0894,0,0.049,0.9954,0.0827,0,0.0856,-0.0867,0.9926,0,-0.0009,22.835,-2.8254,1]},
{"frame":32,"values":[0.9963,-0.0301,-0.0806,0,0.0366,0.996,0.0813,0,0.0778,-0.0839,0.9934,0,-0.0009,22.835,-2.8254,1]},
{"frame":33,"values":[0.9972,-0.0207,-0.0723,0,0.0264,0.9965,0.0788,0,0.0704,-0.0805,0.9943,0,-0.0009,22.835,-2.8254,1]},
{"frame":34,"values":[0.9982,-0.0094,-0.0598,0,0.014,0.997,0.0766,0,0.0589,-0.0773,0.9953,0,-0.0009,22.835,-2.8254,1]},
{"frame":35,"values":[0.9989,0.0002,-0.0479,0,0.0034,0.9972,0.0748,0,0.0478,-0.0749,0.996,0,-0.0009,22.835,-2.8254,1]},
{"frame":36,"values":[0.9991,-0.0013,-0.0425,0,0.0044,0.9974,0.0717,0,0.0423,-0.0718,0.9965,0,-0.0009,22.835,-2.8254,1]},
{"frame":37,"values":[0.9991,-0.007,-0.0414,0,0.0099,0.9975,0.0704,0,0.0408,-0.0707,0.9967,0,-0.0009,22.835,-2.8254,1]},
{"frame":38,"values":[0.999,-0.013,-0.0425,0,0.0159,0.9975,0.0691,0,0.0415,-0.0697,0.9967,0,-0.0009,22.835,-2.8254,1]},
{"frame":39,"values":[0.999,-0.014,-0.0422,0,0.0167,0.9977,0.0651,0,0.0412,-0.0657,0.997,0,-0.0009,22.835,-2.8254,1]},
{"frame":40,"values":[0.999,-0.0144,-0.0413,0,0.0171,0.9977,0.0654,0,0.0402,-0.0661,0.997,0,-0.0009,22.835,-2.8254,1]},
{"frame":41,"values":[0.999,-0.0126,-0.0428,0,0.0156,0.9973,0.0712,0,0.0418,-0.0718,0.9965,0,-0.0009,22.835,-2.8254,1]},
{"frame":42,"values":[0.999,-0.0088,-0.0446,0,0.0122,0.997,0.0767,0,0.0438,-0.0772,0.9961,0,-0.0009,22.835,-2.8254,1]},
{"frame":43,"values":[0.9989,-0.0109,-0.0459,0,0.0145,0.9969,0.078,0,0.0449,-0.0786,0.9959,0,-0.0009,22.835,-2.8254,1]},
{"frame":44,"values":[0.9988,-0.014,-0.0473,0,0.0175,0.9971,0.0744,0,0.0461,-0.0752,0.9961,0,-0.0009,22.835,-2.8254,1]},
{"frame":45,"values":[0.9987,-0.0148,-0.0486,0,0.0183,0.9973,0.0716,0,0.0474,-0.0724,0.9962,0,-0.0009,22.835,-2.8254,1]},
{"frame":46,"values":[0.9987,-0.0149,-0.049,0,0.0184,0.9973,0.071,0,0.0478,-0.0719,0.9963,0,-0.0009,22.835,-2.8254,1]},
{"frame":47,"values":[0.9987,-0.0137,-0.0487,0,0.0172,0.9973,0.0721,0,0.0476,-0.0728,0.9962,0,-0.0009,22.835,-2.8254,1]},
{"frame":48,"values":[0.9988,-0.0122,-0.0484,0,0.0158,0.9971,0.0739,0,0.0474,-0.0746,0.9961,0,-0.0009,22.835,-2.8254,1]},
{"frame":49,"values":[0.9988,-0.0114,-0.0483,0,0.015,0.9971,0.0744,0,0.0473,-0.0751,0.9961,0,-0.0009,22.835,-2.8254,1]},
{"frame":50,"values":[0.9988,-0.0107,-0.0485,0,0.0143,0.9971,0.0742,0,0.0476,-0.0748,0.9961,0,-0.0009,22.835,-2.8254,1]},
{"frame":51,"values":[0.9988,-0.0107,-0.0487,0,0.0143,0.9972,0.074,0,0.0478,-0.0746,0.9961,0,-0.0009,22.835,-2.8254,1]},
{"frame":52,"values":[0.9988,-0.0106,-0.0484,0,0.0142,0.9972,0.0739,0,0.0475,-0.0745,0.9961,0,-0.0009,22.835,-2.8254,1]},
{"frame":53,"values":[0.9988,-0.0097,-0.0478,0,0.0132,0.9972,0.0738,0,0.0469,-0.0743,0.9961,0,-0.0009,22.835,-2.8254,1]}],"loopBehavior":1,"name":"anim","property":"_matrix"}},
{"name":"mixamorig:Spine2","index":3,"matrix":[0.9988,-0.0087,-0.0481,0,0.0122,0.9972,0.0737,0,0.0474,-0.0742,0.9961,0,-0.0206,26.5525,-3.1933,1],"rest":[1,0,0,0,0,1,0,0,0,0,1,0,-0.0206,26.5525,-3.1933,1],"parentBoneIndex":2,"length":24.825
,"animation":{"dataType":3,"framePerSecond":24,"keys":[
{"frame":1,"values":[0.9988,-0.0087,-0.0481,0,0.0122,0.9972,0.0737,0,0.0474,-0.0742,0.9961,0,-0.0206,26.5525,-3.1933,1]},
{"frame":2,"values":[0.9989,-0.0095,-0.0464,0,0.0129,0.9972,0.0736,0,0.0456,-0.0741,0.9962,0,-0.0206,26.5525,-3.1933,1]},
{"frame":3,"values":[0.999,-0.0108,-0.0429,0,0.0139,0.9972,0.0736,0,0.042,-0.0741,0.9964,0,-0.0206,26.5525,-3.1933,1]},
{"frame":4,"values":[0.9991,-0.0102,-0.0412,0,0.0132,0.9972,0.0735,0,0.0404,-0.074,0.9964,0,-0.0206,26.5525,-3.1933,1]},
{"frame":5,"values":[0.9989,-0.013,-0.0451,0,0.0162,0.9973,0.0715,0,0.0441,-0.0722,0.9964,0,-0.0206,26.5525,-3.1933,1]},
{"frame":6,"values":[0.9983,-0.0166,-0.055,0,0.0206,0.9972,0.0715,0,0.0537,-0.0726,0.9959,0,-0.0206,26.5525,-3.1933,1]},
{"frame":7,"values":[0.9974,-0.0211,-0.0696,0,0.0264,0.9968,0.076,0,0.0678,-0.0777,0.9947,0,-0.0206,26.5525,-3.1933,1]},
{"frame":8,"values":[0.996,-0.0238,-0.086,0,0.0309,0.9961,0.0825,0,0.0837,-0.0849,0.9929,0,-0.0206,26.5525,-3.1933,1]},
{"frame":9,"values":[0.9954,-0.0236,-0.0924,0,0.0315,0.9959,0.0847,0,0.09,-0.0872,0.9921,0,-0.0206,26.5525,-3.1933,1]},
{"frame":10,"values":[0.9962,-0.024,-0.0832,0,0.0304,0.9966,0.0768,0,0.0811,-0.079,0.9936,0,-0.0206,26.5525,-3.1933,1]},
{"frame":11,"values":[0.9976,-0.0162,-0.0679,0,0.0209,0.9974,0.0687,0,0.0666,-0.07,0.9953,0,-0.0206,26.5525,-3.1933,1]},
{"frame":12,"values":[0.9993,0.008,-0.0357,0,-0.006,0.9985,0.0551,0,0.036,-0.0548,0.9978,0,-0.0206,26.5525,-3.1933,1]},
{"frame":13,"values":[0.9995,0.0316,0.002,0,-0.0317,0.9985,0.0441,0,-0.0006,-0.0441,0.999,0,-0.0206,26.5525,-3.1933,1]},
{"frame":14,"values":[0.9997,0.0244,0.0015,0,-0.0244,0.999,0.0364,0,-0.0006,-0.0364,0.9993,0,-0.0206,26.5525,-3.1933,1]},
{"frame":15,"values":[0.9998,0.0043,-0.0191,0,-0.0036,0.9993,0.0362,0,0.0193,-0.0361,0.9992,0,-0.0206,26.5525,-3.1933,1]},
{"frame":16,"values":[0.9977,-0.0378,-0.0556,0,0.0404,0.9981,0.0473,0,0.0537,-0.0494,0.9973,0,-0.0206,26.5525,-3.1933,1]},
{"frame":17,"values":[0.993,-0.0703,-0.0952,0,0.0773,0.9944,0.0717,0,0.0896,-0.0786,0.9929,0,-0.0206,26.5525,-3.1933,1]},
{"frame":18,"values":[0.9922,-0.0688,-0.104,0,0.0776,0.9935,0.0833,0,0.0976,-0.0907,0.9911,0,-0.0206,26.5525,-3.1933,1]},
{"frame":19,"values":[0.9929,-0.0599,-0.1025,0,0.0681,0.9947,0.0777,0,0.0973,-0.0841,0.9917,0,-0.0206,26.5525,-3.1933,1]},
{"frame":20,"values":[0.9939,-0.0516,-0.0971,0,0.0585,0.9958,0.0703,0,0.0931,-0.0756,0.9928,0,-0.0206,26.5525,-3.1933,1]},
{"frame":21,"values":[0.9957,-0.0368,-0.0849,0,0.0424,0.997,0.0654,0,0.0822,-0.0687,0.9942,0,-0.0206,26.5525,-3.1933,1]},
{"frame":22,"values":[0.998,-0.0136,-0.0609,0,0.0171,0.9982,0.0583,0,0.06,-0.0593,0.9964,0,-0.0206,26.5525,-3.1933,1]},
{"frame":23,"values":[0.9996,0.0142,-0.0263,0,-0.0128,0.9985,0.0539,0,0.027,-0.0535,0.9982,0,-0.0206,26.5525,-3.1933,1]},
{"frame":24,"values":[0.9998,0.0159,-0.0117,0,-0.0153,0.9988,0.0466,0,0.0125,-0.0464,0.9988,0,-0.0206,26.5525,-3.1933,1]},
{"frame":25,"values":[0.9998,0.0134,-0.0153,0,-0.0129,0.9992,0.0386,0,0.0158,-0.0384,0.9991,0,-0.0206,26.5525,-3.1933,1]},
{"frame":26,"values":[0.9997,0.0053,-0.0238,0,-0.0045,0.9994,0.0354,0,0.0239,-0.0353,0.9991,0,-0.0206,26.5525,-3.1933,1]},
{"frame":27,"values":[0.9987,-0.0236,-0.0447,0,0.0254,0.9989,0.0403,0,0.0437,-0.0414,0.9982,0,-0.0206,26.5525,-3.1933,1]},
{"frame":28,"values":[0.9946,-0.0592,-0.0855,0,0.065,0.9956,0.0667,0,0.0812,-0.0719,0.9941,0,-0.0206,26.5525,-3.1933,1]},
{"frame":29,"values":[0.9923,-0.0606,-0.1082,0,0.0714,0.9925,0.0992,0,0.1014,-0.1061,0.9892,0,-0.0206,26.5525,-3.1933,1]},
{"frame":30,"values":[0.9939,-0.0456,-0.1001,0,0.055,0.9941,0.0935,0,0.0952,-0.0985,0.9906,0,-0.0206,26.5525,-3.1933,1]},
{"frame":31,"values":[0.9953,-0.0376,-0.0896,0,0.0452,0.9954,0.0846,0,0.086,-0.0882,0.9924,0,-0.0206,26.5525,-3.1933,1]},
{"frame":32,"values":[0.9964,-0.0269,-0.0809,0,0.0335,0.996,0.0822,0,0.0784,-0.0846,0.9933,0,-0.0206,26.5525,-3.1933,1]},
{"frame":33,"values":[0.9972,-0.0183,-0.0727,0,0.0241,0.9966,0.0791,0,0.071,-0.0806,0.9942,0,-0.0206,26.5525,-3.1933,1]},
{"frame":34,"values":[0.9981,-0.0079,-0.0603,0,0.0125,0.997,0.0764,0,0.0595,-0.077,0.9953,0,-0.0206,26.5525,-3.1933,1]},
{"frame":35,"values":[0.9988,0.0013,-0.0486,0,0.0024,0.9972,0.0743,0,0.0486,-0.0743,0.996,0,-0.0206,26.5525,-3.1933,1]},
{"frame":36,"values":[0.9991,-0.0005,-0.0431,0,0.0035,0.9975,0.0712,0,0.043,-0.0713,0.9965,0,-0.0206,26.5525,-3.1933,1]},
{"frame":37,"values":[0.9991,-0.0063,-0.0418,0,0.0092,0.9975,0.0701,0,0.0413,-0.0705,0.9967,0,-0.0206,26.5525,-3.1933,1]},
{"frame":38,"values":[0.999,-0.0123,-0.0427,0,0.0153,0.9975,0.0691,0,0.0417,-0.0697,0.9967,0,-0.0206,26.5525,-3.1933,1]},
{"frame":39,"values":[0.999,-0.0136,-0.0423,0,0.0163,0.9977,0.0651,0,0.0413,-0.0657,0.997,0,-0.0206,26.5525,-3.1933,1]},
{"frame":40,"values":[0.999,-0.0142,-0.0413,0,0.0169,0.9977,0.0655,0,0.0403,-0.0661,0.997,0,-0.0206,26.5525,-3.1933,1]},
{"frame":41,"values":[0.999,-0.0121,-0.043,0,0.0152,0.9973,0.0712,0,0.042,-0.0717,0.9965,0,-0.0206,26.5525,-3.1933,1]},
{"frame":42,"values":[0.999,-0.0081,-0.0451,0,0.0115,0.997,0.0766,0,0.0443,-0.077,0.996,0,-0.0206,26.5525,-3.1933,1]},
{"frame":43,"values":[0.9989,-0.0101,-0.0463,0,0.0137,0.9969,0.0779,0,0.0454,-0.0784,0.9959,0,-0.0206,26.5525,-3.1933,1]},
{"frame":44,"values":[0.9988,-0.0132,-0.0475,0,0.0167,0.9971,0.0745,0,0.0464,-0.0752,0.9961,0,-0.0206,26.5525,-3.1933,1]},
{"frame":45,"values":[0.9987,-0.014,-0.0488,0,0.0175,0.9973,0.0717,0,0.0477,-0.0725,0.9962,0,-0.0206,26.5525,-3.1933,1]},
{"frame":46,"values":[0.9987,-0.014,-0.0492,0,0.0175,0.9973,0.0711,0,0.048,-0.0719,0.9963,0,-0.0206,26.5525,-3.1933,1]},
{"frame":47,"values":[0.9987,-0.0127,-0.0489,0,0.0162,0.9973,0.0721,0,0.0479,-0.0728,0.9962,0,-0.0206,26.5525,-3.1933,1]},
{"frame":48,"values":[0.9987,-0.0111,-0.0488,0,0.0147,0.9972,0.0739,0,0.0478,-0.0745,0.9961,0,-0.0206,26.5525,-3.1933,1]},
{"frame":49,"values":[0.9988,-0.0104,-0.0487,0,0.014,0.9971,0.0744,0,0.0478,-0.075,0.996,0,-0.0206,26.5525,-3.1933,1]},
{"frame":50,"values":[0.9988,-0.0096,-0.0489,0,0.0132,0.9972,0.0741,0,0.048,-0.0747,0.9961,0,-0.0206,26.5525,-3.1933,1]},
{"frame":51,"values":[0.9988,-0.0097,-0.049,0,0.0133,0.9972,0.0739,0,0.0482,-0.0745,0.9961,0,-0.0206,26.5525,-3.1933,1]},
{"frame":52,"values":[0.9988,-0.0096,-0.0488,0,0.0132,0.9972,0.0738,0,0.0479,-0.0744,0.9961,0,-0.0206,26.5525,-3.1933,1]},
{"frame":53,"values":[0.9988,-0.0087,-0.0481,0,0.0122,0.9972,0.0737,0,0.0474,-0.0742,0.9961,0,-0.0206,26.5525,-3.1933,1]}],"loopBehavior":1,"name":"anim","property":"_matrix"}},
{"name":"mixamorig:Neck","index":4,"matrix":[0.9988,-0.026,-0.0406,0,0.0325,0.9849,0.1703,0,0.0355,-0.1714,0.9846,0,-0.06,30.7018,1.3522,1],"rest":[1,0,0,0,0,1,0,0,0,0,1,0,-0.06,30.7018,1.3522,1],"parentBoneIndex":3,"length":22.8446
,"animation":{"dataType":3,"framePerSecond":24,"keys":[
{"frame":1,"values":[0.9988,-0.026,-0.0406,0,0.0325,0.9849,0.1703,0,0.0355,-0.1714,0.9846,0,-0.06,30.7018,1.3522,1]},
{"frame":2,"values":[0.9988,-0.0255,-0.0414,0,0.0322,0.9848,0.1709,0,0.0364,-0.172,0.9844,0,-0.06,30.7018,1.3522,1]},
{"frame":3,"values":[0.9989,-0.0219,-0.0404,0,0.0286,0.9848,0.1712,0,0.036,-0.1722,0.9844,0,-0.06,30.7018,1.3522,1]},
{"frame":4,"values":[0.9991,-0.0185,-0.0392,0,0.0249,0.9852,0.1695,0,0.0355,-0.1703,0.9848,0,-0.06,30.7018,1.3522,1]},
{"frame":5,"values":[0.9991,-0.0184,-0.0375,0,0.0243,0.9861,0.1643,0,0.0339,-0.1651,0.9857,0,-0.06,30.7018,1.3522,1]},
{"frame":6,"values":[0.999,-0.0274,-0.0367,0,0.033,0.9859,0.1639,0,0.0317,-0.1649,0.9858,0,-0.06,30.7018,1.3522,1]},
{"frame":7,"values":[0.9985,-0.0406,-0.0354,0,0.046,0.9852,0.165,0,0.0282,-0.1664,0.9857,0,-0.06,30.7018,1.3522,1]},
{"frame":8,"values":[0.9983,-0.048,-0.0341,0,0.0527,0.9861,0.1573,0,0.0261,-0.1588,0.987,0,-0.06,30.7018,1.3522,1]},
{"frame":9,"values":[0.998,-0.0494,-0.0398,0,0.0545,0.9885,0.1412,0,0.0323,-0.1431,0.9892,0,-0.06,30.7018,1.3522,1]},
{"frame":10,"values":[0.9973,-0.0515,-0.0526,0,0.058,0.9897,0.1305,0,0.0453,-0.1332,0.9901,0,-0.06,30.7018,1.3522,1]},
{"frame":11,"values":[0.9954,-0.0581,-0.0757,0,0.0671,0.9902,0.1222,0,0.0679,-0.1267,0.9896,0,-0.06,30.7018,1.3522,1]},
{"frame":12,"values":[0.9927,-0.0582,-0.1055,0,0.0689,0.9925,0.1009,0,0.0988,-0.1075,0.9893,0,-0.06,30.7018,1.3522,1]},
{"frame":13,"values":[0.9927,-0.0363,-0.1147,0,0.0488,0.9929,0.1083,0,0.1099,-0.1131,0.9875,0,-0.06,30.7018,1.3522,1]},
{"frame":14,"values":[0.9956,-0.017,-0.0923,0,0.028,0.9924,0.1194,0,0.0895,-0.1215,0.9885,0,-0.06,30.7018,1.3522,1]},
{"frame":15,"values":[0.9978,-0.0171,-0.0638,0,0.0238,0.9941,0.1059,0,0.0616,-0.1071,0.9923,0,-0.06,30.7018,1.3522,1]},
{"frame":16,"values":[0.9996,-0.0091,-0.0285,0,0.0115,0.9962,0.0863,0,0.0276,-0.0866,0.9959,0,-0.06,30.7018,1.3522,1]},
{"frame":17,"values":[0.9998,0.0138,0.0119,0,-0.0145,0.9976,0.0683,0,-0.011,-0.0684,0.9976,0,-0.06,30.7018,1.3522,1]},
{"frame":18,"values":[0.9994,0.0258,0.0241,0,-0.0278,0.9959,0.0861,0,-0.0218,-0.0867,0.996,0,-0.06,30.7018,1.3522,1]},
{"frame":19,"values":[0.9994,0.0286,0.0185,0,-0.0305,0.9931,0.1128,0,-0.0151,-0.1133,0.9934,0,-0.06,30.7018,1.3522,1]},
{"frame":20,"values":[0.9999,0.0167,0.0022,0,-0.0168,0.9934,0.1134,0,-0.0002,-0.1134,0.9936,0,-0.06,30.7018,1.3522,1]},
{"frame":21,"values":[0.9993,-0.0225,-0.0304,0,0.0257,0.9936,0.1102,0,0.0277,-0.1109,0.9934,0,-0.06,30.7018,1.3522,1]},
{"frame":22,"values":[0.9957,-0.0584,-0.0719,0,0.0655,0.9927,0.101,0,0.0655,-0.1052,0.9923,0,-0.06,30.7018,1.3522,1]},
{"frame":23,"values":[0.9937,-0.0597,-0.0948,0,0.0692,0.9926,0.1002,0,0.0881,-0.1061,0.9904,0,-0.06,30.7018,1.3522,1]},
{"frame":24,"values":[0.9954,-0.0393,-0.0879,0,0.0479,0.994,0.0988,0,0.0835,-0.1025,0.9912,0,-0.06,30.7018,1.3522,1]},
{"frame":25,"values":[0.9979,-0.0154,-0.063,0,0.0214,0.9951,0.0965,0,0.0612,-0.0977,0.9933,0,-0.06,30.7018,1.3522,1]},
{"frame":26,"values":[0.9994,0.0046,-0.0353,0,-0.001,0.995,0.1001,0,0.0356,-0.1,0.9944,0,-0.06,30.7018,1.3522,1]},
{"frame":27,"values":[0.9998,0.022,0.0005,0,-0.0219,0.9959,0.0876,0,0.0014,-0.0876,0.9962,0,-0.06,30.7018,1.3522,1]},
{"frame":28,"values":[0.9979,0.0483,0.0425,0,-0.0515,0.9956,0.0782,0,-0.0385,-0.0802,0.996,0,-0.06,30.7018,1.3522,1]},
{"frame":29,"values":[0.9966,0.0602,0.0555,0,-0.0652,0.9936,0.0926,0,-0.0496,-0.0959,0.9942,0,-0.06,30.7018,1.3522,1]},
{"frame":30,"values":[0.9973,0.0585,0.0435,0,-0.0638,0.989,0.1334,0,-0.0352,-0.1358,0.9901,0,-0.06,30.7018,1.3522,1]},
{"frame":31,"values":[0.9977,0.0579,0.0349,0,-0.0624,0.9869,0.1485,0,-0.0258,-0.1504,0.9883,0,-0.06,30.7018,1.3522,1]},
{"frame":32,"values":[0.9991,0.0361,0.0226,0,-0.0389,0.9889,0.1432,0,-0.0172,-0.144,0.9894,0,-0.06,30.7018,1.3522,1]},
{"frame":33,"values":[1,0.0075,0.0052,0,-0.0082,0.9893,0.1459,0,-0.0041,-0.146,0.9893,0,-0.06,30.7018,1.3522,1]},
{"frame":34,"values":[0.9998,-0.0132,-0.012,0,0.0149,0.9872,0.1587,0,0.0097,-0.1589,0.9872,0,-0.06,30.7018,1.3522,1]},
{"frame":35,"values":[0.9993,-0.0272,-0.025,0,0.0311,0.9843,0.1736,0,0.0199,-0.1743,0.9845,0,-0.06,30.7018,1.3522,1]},
{"frame":36,"values":[0.9995,-0.0209,-0.0246,0,0.0251,0.983,0.1819,0,0.0203,-0.1825,0.983,0,-0.06,30.7018,1.3522,1]},
{"frame":37,"values":[0.9998,-0.0105,-0.0185,0,0.0136,0.9832,0.1821,0,0.0163,-0.1823,0.9831,0,-0.06,30.7018,1.3522,1]},
{"frame":38,"values":[0.9998,-0.0058,-0.0172,0,0.0088,0.9837,0.1794,0,0.0159,-0.1795,0.9836,0,-0.06,30.7018,1.3522,1]},
{"frame":39,"values":[0.9997,-0.0081,-0.0213,0,0.0117,0.9843,0.1759,0,0.0195,-0.1761,0.9842,0,-0.06,30.7018,1.3522,1]},
{"frame":40,"values":[0.9996,-0.011,-0.0245,0,0.015,0.9848,0.1729,0,0.0222,-0.1732,0.9846,0,-0.06,30.7018,1.3522,1]},
{"frame":41,"values":[0.9995,-0.0163,-0.0284,0,0.021,0.9847,0.1732,0,0.0252,-0.1737,0.9845,0,-0.06,30.7018,1.3522,1]},
{"frame":42,"values":[0.9991,-0.0257,-0.0352,0,0.0314,0.9844,0.1732,0,0.0302,-0.1742,0.9843,0,-0.06,30.7018,1.3522,1]},
{"frame":43,"values":[0.999,-0.026,-0.0375,0,0.0321,0.9841,0.1747,0,0.0324,-0.1757,0.9839,0,-0.06,30.7018,1.3522,1]},
{"frame":44,"values":[0.9991,-0.0215,-0.036,0,0.0275,0.9838,0.1769,0,0.0316,-0.1777,0.9836,0,-0.06,30.7019,1.3522,1]},
{"frame":45,"values":[0.9992,-0.0207,-0.0355,0,0.0266,0.9842,0.1749,0,0.0313,-0.1757,0.9839,0,-0.06,30.7018,1.3522,1]},
{"frame":46,"values":[0.9991,-0.023,-0.037,0,0.029,0.9846,0.1725,0,0.0325,-0.1734,0.9843,0,-0.06,30.7018,1.3522,1]},
{"frame":47,"values":[0.9989,-0.0257,-0.0388,0,0.032,0.9849,0.1703,0,0.0338,-0.1713,0.9846,0,-0.06,30.7018,1.3522,1]},
{"frame":48,"values":[0.9988,-0.027,-0.0401,0,0.0334,0.9851,0.1688,0,0.0349,-0.1699,0.9848,0,-0.06,30.7018,1.3522,1]},
{"frame":49,"values":[0.9989,-0.0253,-0.0399,0,0.0317,0.9849,0.17,0,0.035,-0.1711,0.9846,0,-0.06,30.7018,1.3522,1]},
{"frame":50,"values":[0.9989,-0.024,-0.0391,0,0.0304,0.9847,0.1716,0,0.0344,-0.1726,0.9844,0,-0.06,30.7018,1.3522,1]},
{"frame":51,"values":[0.9989,-0.0241,-0.0394,0,0.0305,0.9847,0.1717,0,0.0346,-0.1727,0.9844,0,-0.06,30.7018,1.3522,1]},
{"frame":52,"values":[0.9989,-0.0246,-0.04,0,0.0312,0.9846,0.1719,0,0.0351,-0.173,0.9843,0,-0.06,30.7018,1.3522,1]},
{"frame":53,"values":[0.9988,-0.026,-0.0406,0,0.0325,0.9849,0.1703,0,0.0355,-0.1714,0.9846,0,-0.06,30.7018,1.3522,1]}],"loopBehavior":1,"name":"anim","property":"_matrix"}},
{"name":"mixamorig:Head","index":5,"matrix":[0.9754,-0.0856,-0.2034,0,0.1244,0.9745,0.1866,0,0.1822,-0.2073,0.9612,0,-0.0872,22.5476,3.6709,1],"rest":[1,0,0,0,0,1,0,0,0,0,1,0,-0.0872,22.5476,3.6709,1],"parentBoneIndex":4,"length":30.5923
,"animation":{"dataType":3,"framePerSecond":24,"keys":[
{"frame":1,"values":[0.9754,-0.0856,-0.2034,0,0.1244,0.9745,0.1866,0,0.1822,-0.2073,0.9612,0,-0.0872,22.5476,3.6709,1]},
{"frame":2,"values":[0.9749,-0.0817,-0.2069,0,0.122,0.9742,0.1899,0,0.1861,-0.2104,0.9598,0,-0.0872,22.5476,3.6709,1]},
{"frame":3,"values":[0.9758,-0.0742,-0.2056,0,0.1154,0.9737,0.1965,0,0.1856,-0.2155,0.9587,0,-0.0872,22.5476,3.6709,1]},
{"frame":4,"values":[0.9783,-0.059,-0.1985,0,0.0997,0.9744,0.2016,0,0.1816,-0.217,0.9591,0,-0.0872,22.5476,3.6709,1]},
{"frame":5,"values":[0.9842,-0.0303,-0.1745,0,0.0689,0.9732,0.2195,0,0.1632,-0.228,0.9599,0,-0.0872,22.5476,3.6709,1]},
{"frame":6,"values":[0.9909,-0.0007,-0.1349,0,0.0314,0.9736,0.226,0,0.1312,-0.2281,0.9647,0,-0.0872,22.5476,3.6709,1]},
{"frame":7,"values":[0.996,0.022,-0.0872,0,-0.002,0.9747,0.2235,0,0.0899,-0.2224,0.9708,0,-0.0872,22.5476,3.6709,1]},
{"frame":8,"values":[0.9976,0.0178,-0.0674,0,-0.0024,0.9749,0.2227,0,0.0697,-0.222,0.9725,0,-0.0872,22.5476,3.6709,1]},
{"frame":9,"values":[0.9943,-0.0017,-0.1064,0,0.0252,0.9752,0.2198,0,0.1034,-0.2212,0.9697,0,-0.0872,22.5476,3.6709,1]},
{"frame":10,"values":[0.9795,-0.0509,-0.1949,0,0.0872,0.9793,0.1825,0,0.1816,-0.1957,0.9637,0,-0.0872,22.5476,3.6709,1]},
{"frame":11,"values":[0.9389,-0.1108,-0.3258,0,0.1647,0.9759,0.1429,0,0.3021,-0.1878,0.9346,0,-0.0872,22.5476,3.6709,1]},
{"frame":12,"values":[0.8704,-0.1274,-0.4757,0,0.2206,0.9645,0.1454,0,0.4402,-0.2315,0.8675,0,-0.0872,22.5476,3.6709,1]},
{"frame":13,"values":[0.8352,-0.0945,-0.5418,0,0.2124,0.9641,0.1593,0,0.5073,-0.2481,0.8253,0,-0.0872,22.5476,3.6709,1]},
{"frame":14,"values":[0.8987,0.0005,-0.4385,0,0.1351,0.951,0.278,0,0.4172,-0.3091,0.8546,0,-0.0872,22.5476,3.6709,1]},
{"frame":15,"values":[0.9618,0.0509,-0.2689,0,0.0282,0.9589,0.2825,0,0.2723,-0.2793,0.9208,0,-0.0872,22.5476,3.6709,1]},
{"frame":16,"values":[0.9913,0.0976,-0.088,0,-0.0794,0.9785,0.1903,0,0.1047,-0.1816,0.9778,0,-0.0872,22.5476,3.6709,1]},
{"frame":17,"values":[0.9836,0.1525,0.0959,0,-0.1663,0.9733,0.158,0,-0.0692,-0.1714,0.9828,0,-0.0872,22.5476,3.6709,1]},
{"frame":18,"values":[0.9793,0.1456,0.1405,0,-0.1748,0.9587,0.2246,0,-0.102,-0.2445,0.9643,0,-0.0872,22.5476,3.6709,1]},
{"frame":19,"values":[0.9874,0.1218,0.1007,0,-0.1458,0.9476,0.2842,0,-0.0609,-0.2953,0.9535,0,-0.0872,22.5476,3.6709,1]},
{"frame":20,"values":[0.9951,0.0957,0.0247,0,-0.0989,0.9646,0.2447,0,-0.0004,-0.2459,0.9693,0,-0.0872,22.5476,3.6709,1]},
{"frame":21,"values":[0.9939,0.0107,-0.1093,0,0.0084,0.9849,0.1727,0,0.1095,-0.1726,0.9789,0,-0.0872,22.5476,3.6709,1]},
{"frame":22,"values":[0.9433,-0.1211,-0.3092,0,0.1721,0.9746,0.1433,0,0.284,-0.1884,0.9401,0,-0.0872,22.5476,3.6709,1]},
{"frame":23,"values":[0.8716,-0.1941,-0.4502,0,0.2844,0.9481,0.1419,0,0.3993,-0.2517,0.8816,0,-0.0872,22.5476,3.6709,1]},
{"frame":24,"values":[0.8836,-0.1503,-0.4434,0,0.2758,0.9324,0.2334,0,0.3784,-0.3286,0.8654,0,-0.0872,22.5476,3.6709,1]},
{"frame":25,"values":[0.9413,-0.0737,-0.3295,0,0.1702,0.9464,0.2745,0,0.2916,-0.3145,0.9034,0,-0.0872,22.5476,3.6709,1]},
{"frame":26,"values":[0.9826,0.0117,-0.1854,0,0.031,0.9737,0.2256,0,0.1831,-0.2274,0.9564,0,-0.0872,22.5476,3.6709,1]},
{"frame":27,"values":[0.9957,0.0928,0.0021,0,-0.0914,0.9757,0.1989,0,0.0164,-0.1983,0.98,0,-0.0872,22.5476,3.6709,1]},
{"frame":28,"values":[0.9652,0.1693,0.1995,0,-0.2053,0.9626,0.1766,0,-0.1621,-0.2114,0.9639,0,-0.0872,22.5476,3.6709,1]},
{"frame":29,"values":[0.9488,0.1852,0.2557,0,-0.2441,0.944,0.2219,0,-0.2003,-0.273,0.9409,0,-0.0872,22.5476,3.6709,1]},
{"frame":30,"values":[0.9674,0.1624,0.1942,0,-0.2162,0.929,0.3003,0,-0.1317,-0.3325,0.9339,0,-0.0872,22.5476,3.6709,1]},
{"frame":31,"values":[0.9783,0.1497,0.143,0,-0.1864,0.9374,0.2942,0,-0.09,-0.3145,0.945,0,-0.0872,22.5476,3.6709,1]},
{"frame":32,"values":[0.989,0.1088,0.1007,0,-0.1313,0.9583,0.254,0,-0.0689,-0.2644,0.962,0,-0.0872,22.5476,3.6709,1]},
{"frame":33,"values":[0.9976,0.0561,0.0408,0,-0.0636,0.9743,0.2159,0,-0.0276,-0.218,0.9756,0,-0.0872,22.5476,3.6709,1]},
{"frame":34,"values":[0.9989,-0.0176,-0.0444,0,0.0265,0.9777,0.2084,0,0.0397,-0.2093,0.977,0,-0.0872,22.5476,3.6709,1]},
{"frame":35,"values":[0.9916,-0.0673,-0.1105,0,0.0906,0.9709,0.2218,0,0.0923,-0.2299,0.9688,0,-0.0872,22.5476,3.6709,1]},
{"frame":36,"values":[0.9873,-0.0859,-0.1334,0,0.1146,0.9676,0.2249,0,0.1097,-0.2373,0.9652,0,-0.0872,22.5476,3.6709,1]},
{"frame":37,"values":[0.986,-0.1016,-0.1324,0,0.1278,0.97,0.207,0,0.1074,-0.221,0.9693,0,-0.0872,22.5476,3.6709,1]},
{"frame":38,"values":[0.9828,-0.118,-0.1417,0,0.1421,0.9745,0.1739,0,0.1176,-0.1911,0.9745,0,-0.0872,22.5476,3.6709,1]},
{"frame":39,"values":[0.9792,-0.1253,-0.1597,0,0.1499,0.9768,0.1528,0,0.1368,-0.1736,0.9753,0,-0.0872,22.5476,3.6709,1]},
{"frame":40,"values":[0.9791,-0.1175,-0.166,0,0.1435,0.9775,0.1543,0,0.1442,-0.1749,0.974,0,-0.0872,22.5476,3.6709,1]},
