{"producer":{"name":"Blender","version":"2.90.0","exporter_version":"2.80.1","file":"fight_punchright.babylon"},
"autoClear":true,"clearColor":[0.0509,0.0509,0.0509],"gravity":[0,-9.81,0],
"materials":[{"name":"Material","id":"Material","customType":"BABYLON.PBRMaterial","backFaceCulling":true,"checkReadyOnlyOnce":false,"maxSimultaneousLights":4,"environmentIntensity":1,"albedo":[0.8,0.8,0.8],"reflectivity":[0.5,0.5,0.5],"roughness":0.4,"alpha":1,"transparencyMode":0,"alphaCutOff":0.4,"metallic":0}],
"multiMaterials":[],
"skeletons":[{"name":"Armature","id":0,"dimensionsAtRest":[379.1952,391.6652,55.677],"bones":[
{"name":"mixamorig:Hips","index":0,"matrix":[0.7259,0.0241,-0.6874,0,0.002,0.9993,0.0372,0,-0.6878,0.0284,-0.7253,0,-0.3679,181.377,-0.2579,1],"rest":[1,0,0,0,0,1,0,0,0,0,-1,0,0,201.6394,0,1],"parentBoneIndex":-1,"length":21.6784
,"animation":{"dataType":3,"framePerSecond":24,"keys":[
{"frame":1,"values":[0.7259,0.0241,-0.6874,0,0.002,0.9993,0.0372,0,-0.6878,0.0284,-0.7253,0,-0.3679,181.377,-0.2579,1]},
{"frame":2,"values":[0.7207,0.0263,-0.6928,0,0.0026,0.9992,0.0406,0,-0.6933,0.0311,-0.72,0,0.3109,180.2023,-2.4991,1]},
{"frame":3,"values":[0.7107,0.03,-0.7029,0,0.0019,0.999,0.0445,0,-0.7035,0.033,-0.7099,0,1.1197,178.6226,-5.0902,1]},
{"frame":4,"values":[0.693,0.0356,-0.7201,0,-0.0005,0.9988,0.0489,0,-0.721,0.0335,-0.6922,0,2.2219,176.3917,-8.6995,1]},
{"frame":5,"values":[0.6674,0.0437,-0.7434,0,-0.0072,0.9986,0.0523,0,-0.7447,0.0296,-0.6667,0,3.7155,173.7209,-13.5826,1]},
{"frame":6,"values":[0.6349,0.0526,-0.7708,0,-0.0174,0.9984,0.0537,0,-0.7724,0.0207,-0.6348,0,5.3953,171.3091,-19.4137,1]},
{"frame":7,"values":[0.6021,0.058,-0.7963,0,-0.0286,0.9983,0.0511,0,-0.7979,0.008,-0.6028,0,7.0139,169.635,-26.1264,1]},
{"frame":8,"values":[0.5877,0.0562,-0.8071,0,-0.0414,0.9984,0.0394,0,-0.808,-0.0102,-0.5891,0,8.3843,168.4578,-34.1294,1]},
{"frame":9,"values":[0.6085,0.0408,-0.7925,0,-0.0495,0.9987,0.0134,0,-0.792,-0.031,-0.6097,0,9.4928,167.2971,-44.3728,1]},
{"frame":10,"values":[0.6777,0.0099,-0.7353,0,-0.0393,0.999,-0.0228,0,-0.7343,-0.0444,-0.6774,0,10.3293,166.0065,-56.9635,1]},
{"frame":11,"values":[0.7838,-0.0179,-0.6207,0,-0.0129,0.9989,-0.0451,0,-0.6208,-0.0434,-0.7827,0,11.1149,164.9848,-70.8826,1]},
{"frame":12,"values":[0.8982,-0.0184,-0.4392,0,0.0057,0.9995,-0.0302,0,-0.4396,-0.0246,-0.8979,0,11.9612,164.0965,-83.647,1]},
{"frame":13,"values":[0.9762,0.0064,-0.217,0,-0.0048,1,0.0076,0,-0.217,0.0064,-0.9761,0,12.8623,163.0522,-93.2608,1]},
{"frame":14,"values":[0.9992,0.0324,-0.0248,0,-0.0316,0.999,0.0303,0,-0.0257,0.0295,-0.9992,0,13.8733,162.688,-99.5584,1]},
{"frame":15,"values":[0.9938,0.0591,0.0937,0,-0.061,0.998,0.0178,0,0.0925,0.0234,-0.9954,0,14.5625,163.4151,-103.6484,1]},
{"frame":16,"values":[0.9818,0.0839,0.1706,0,-0.0819,0.9965,-0.0186,0,0.1715,-0.0043,-0.9852,0,14.2599,164.5182,-107.2751,1]},
{"frame":17,"values":[0.9683,0.0757,0.2382,0,-0.0682,0.9969,-0.0397,0,0.2405,-0.0222,-0.9704,0,13.1395,165.7432,-111.0316,1]},
{"frame":18,"values":[0.9658,0.037,0.2566,0,-0.0291,0.999,-0.0343,0,0.2577,-0.0256,-0.9659,0,12.22,167.4386,-114.12,1]},
{"frame":19,"values":[0.979,-0.0029,0.2036,0,0.0095,0.9995,-0.0315,0,0.2034,-0.0327,-0.9785,0,12.2575,169.215,-115.8383,1]},
{"frame":20,"values":[0.9934,-0.0364,0.1086,0,0.0414,0.9982,-0.0441,0,0.1068,-0.0483,-0.9931,0,13.4236,170.6483,-116.2235,1]},
{"frame":21,"values":[0.9975,-0.0711,-0.0047,0,0.0707,0.9959,-0.0557,0,-0.0086,-0.0552,-0.9984,0,15.3604,171.3748,-115.137,1]},
{"frame":22,"values":[0.9851,-0.1023,-0.1385,0,0.0954,0.9939,-0.0555,0,-0.1434,-0.0415,-0.9888,0,17.7433,171.2601,-112.8006,1]},
{"frame":23,"values":[0.9525,-0.1182,-0.2805,0,0.1099,0.9929,-0.0454,0,-0.2839,-0.0125,-0.9588,0,20.2527,170.3492,-110.0358,1]},
{"frame":24,"values":[0.908,-0.1172,-0.4023,0,0.1159,0.9929,-0.0276,0,-0.4026,0.0216,-0.9151,0,22.2421,168.7765,-107.3773,1]},
{"frame":25,"values":[0.8651,-0.1064,-0.4902,0,0.1196,0.9928,-0.0045,0,-0.4871,0.0548,-0.8716,0,23.0437,166.9368,-104.4741,1]},
{"frame":26,"values":[0.8307,-0.09,-0.5495,0,0.121,0.9924,0.0203,0,-0.5435,0.0833,-0.8353,0,22.2201,165.3089,-100.4451,1]},
{"frame":27,"values":[0.8049,-0.0672,-0.5896,0,0.1136,0.9926,0.0419,0,-0.5825,0.1007,-0.8066,0,19.7909,164.3189,-94.5017,1]},
{"frame":28,"values":[0.7875,-0.0401,-0.615,0,0.0933,0.9941,0.0547,0,-0.6092,0.1005,-0.7866,0,16.4378,164.3701,-86.7188,1]},
{"frame":29,"values":[0.7794,-0.013,-0.6264,0,0.0631,0.9963,0.0579,0,-0.6234,0.0847,-0.7773,0,12.9838,165.1348,-77.6735,1]},
{"frame":30,"values":[0.7802,0.0119,-0.6254,0,0.0304,0.9979,0.0569,0,-0.6247,0.0634,-0.7783,0,10.1227,166.2893,-68.4013,1]},
{"frame":31,"values":[0.789,0.0298,-0.6137,0,0.0048,0.9985,0.0547,0,-0.6144,0.0461,-0.7876,0,8.0762,168.7289,-59.7753,1]},
{"frame":32,"values":[0.8017,0.0327,-0.5968,0,-0.0059,0.9989,0.0468,0,-0.5977,0.034,-0.801,0,6.6529,173.6358,-51.8441,1]},
{"frame":33,"values":[0.8099,0.021,-0.5862,0,-0.0058,0.9996,0.0278,0,-0.5866,0.0191,-0.8097,0,5.7981,179.7938,-45.1564,1]},
{"frame":34,"values":[0.8047,0.0041,-0.5937,0,-0.0054,1,-0.0005,0,-0.5937,-0.0036,-0.8047,0,5.4229,185.5541,-39.5825,1]},
{"frame":35,"values":[0.782,-0.0126,-0.6232,0,-0.008,0.9995,-0.0303,0,-0.6233,-0.0287,-0.7815,0,5.2631,189.5299,-34.9243,1]},
{"frame":36,"values":[0.746,-0.0272,-0.6654,0,-0.0096,0.9986,-0.0517,0,-0.6659,-0.0449,-0.7447,0,4.9431,191.1245,-31.0928,1]},
{"frame":37,"values":[0.7129,-0.0383,-0.7002,0,-0.0058,0.9982,-0.0605,0,-0.7012,-0.0472,-0.7114,0,4.545,190.7714,-27.9412,1]},
{"frame":38,"values":[0.7024,-0.0373,-0.7108,0,-0.0027,0.9985,-0.055,0,-0.7117,-0.0406,-0.7013,0,4.1243,189.1402,-24.6366,1]},
{"frame":39,"values":[0.7155,-0.0194,-0.6984,0,-0.0067,0.9994,-0.0346,0,-0.6986,-0.0295,-0.7149,0,3.1809,186.1391,-20.1217,1]},
{"frame":40,"values":[0.7321,0.0007,-0.6812,0,-0.0097,0.9999,-0.0094,0,-0.6812,-0.0135,-0.732,0,1.5385,182.6102,-14.5942,1]},
{"frame":41,"values":[0.7377,0.0077,-0.6751,0,-0.0013,0.9999,0.01,0,-0.6751,0.0065,-0.7377,0,0.0576,179.77,-9.1042,1]},
{"frame":42,"values":[0.733,0.0083,-0.6801,0,0.0098,0.9997,0.0228,0,-0.6801,0.0234,-0.7327,0,-0.7012,178.4156,-4.2223,1]},
{"frame":43,"values":[0.7265,0.0135,-0.687,0,0.0125,0.9994,0.0327,0,-0.687,0.0324,-0.7259,0,-1.2697,178.4815,0.0919,1]},
{"frame":44,"values":[0.726,0.0217,-0.6874,0,0.0087,0.9991,0.0408,0,-0.6877,0.0356,-0.7251,0,-1.9771,179.5125,3.5694,1]},
{"frame":45,"values":[0.7315,0.0278,-0.6813,0,0.0038,0.999,0.0449,0,-0.6819,0.0354,-0.7306,0,-2.5205,181.066,6.0644,1]},
{"frame":46,"values":[0.7386,0.0318,-0.6734,0,-0.0023,0.999,0.0446,0,-0.6741,0.0314,-0.7379,0,-2.774,182.6498,7.5308,1]},
{"frame":47,"values":[0.743,0.034,-0.6684,0,-0.0099,0.9992,0.0399,0,-0.6692,0.023,-0.7427,0,-2.792,183.7924,8.0504,1]},
{"frame":48,"values":[0.7435,0.0337,-0.6679,0,-0.0148,0.9993,0.0339,0,-0.6686,0.0153,-0.7434,0,-2.6229,184.2551,7.7592,1]},
{"frame":49,"values":[0.7406,0.0302,-0.6713,0,-0.0137,0.9995,0.03,0,-0.6718,0.013,-0.7406,0,-2.242,183.9944,6.5676,1]},
{"frame":50,"values":[0.7356,0.026,-0.6769,0,-0.0077,0.9995,0.03,0,-0.6774,0.0169,-0.7355,0,-1.6432,183.1868,4.4609,1]},
{"frame":51,"values":[0.7303,0.0239,-0.6827,0,-0.0016,0.9994,0.0334,0,-0.6831,0.0233,-0.7299,0,-1.0079,182.3209,2.0602,1]},
{"frame":52,"values":[0.7259,0.0241,-0.6874,0,0.002,0.9993,0.0372,0,-0.6878,0.0284,-0.7253,0,-0.3679,181.377,-0.2579,1]}],"loopBehavior":1,"name":"anim","property":"_matrix"}},
{"name":"mixamorig:Spine","index":1,"matrix":[0.9961,0.0109,-0.0878,0,0.0115,0.9678,0.2514,0,0.0878,-0.2514,0.9639,0,0.0062,19.525,-2.4818,1],"rest":[1,0,0,0,0,1,0,0,0,0,1,0,0.0062,19.525,-2.4818,1],"parentBoneIndex":0,"length":23.0091
,"animation":{"dataType":3,"framePerSecond":24,"keys":[
{"frame":1,"values":[0.9961,0.0109,-0.0878,0,0.0115,0.9678,0.2514,0,0.0878,-0.2514,0.9639,0,0.0062,19.525,-2.4818,1]},
{"frame":2,"values":[0.9964,0.0095,-0.0844,0,0.0132,0.9644,0.264,0,0.0839,-0.2642,0.9608,0,0.0062,19.525,-2.4818,1]},
{"frame":3,"values":[0.9966,0.0116,-0.0819,0,0.0118,0.9601,0.2795,0,0.0819,-0.2795,0.9566,0,0.0062,19.525,-2.4818,1]},
{"frame":4,"values":[0.9964,0.0187,-0.0823,0,0.0066,0.9552,0.2959,0,0.0841,-0.2954,0.9517,0,0.0062,19.525,-2.4818,1]},
{"frame":5,"values":[0.9964,0.0253,-0.0812,0,0.001,0.9512,0.3085,0,0.0851,-0.3075,0.9477,0,0.0062,19.525,-2.4818,1]},
{"frame":6,"values":[0.9971,0.0229,-0.0732,0,0.0015,0.9484,0.317,0,0.0767,-0.3162,0.9456,0,0.0062,19.525,-2.4818,1]},
{"frame":7,"values":[0.9984,0.006,-0.0556,0,0.0121,0.9475,0.3194,0,0.0546,-0.3196,0.946,0,0.0062,19.525,-2.4818,1]},
{"frame":8,"values":[0.9994,-0.0222,-0.0247,0,0.0287,0.9533,0.3006,0,0.0169,-0.3011,0.9534,0,0.0062,19.525,-2.4818,1]},
{"frame":9,"values":[0.9989,-0.0418,0.0193,0,0.0355,0.9666,0.2538,0,-0.0293,-0.2529,0.9671,0,0.0062,19.525,-2.4818,1]},
{"frame":10,"values":[0.9971,-0.0447,0.062,0,0.0317,0.9801,0.1961,0,-0.0695,-0.1936,0.9786,0,0.0062,19.525,-2.4818,1]},
{"frame":11,"values":[0.9959,-0.0516,0.0747,0,0.039,0.9862,0.1607,0,-0.0819,-0.1571,0.9842,0,0.0062,19.525,-2.4818,1]},
{"frame":12,"values":[0.9951,-0.0938,0.0311,0,0.0869,0.9804,0.1768,0,-0.0471,-0.1732,0.9838,0,0.0062,19.525,-2.4818,1]},
{"frame":13,"values":[0.9886,-0.1365,-0.0637,0,0.1479,0.96,0.2378,0,0.0287,-0.2445,0.9692,0,0.0062,19.525,-2.4818,1]},
{"frame":14,"values":[0.9793,-0.0974,-0.1774,0,0.1497,0.9384,0.3115,0,0.1361,-0.3316,0.9336,0,0.0062,19.525,-2.4818,1]},
{"frame":15,"values":[0.9637,-0.015,-0.2667,0,0.1172,0.9209,0.3718,0,0.24,-0.3896,0.8892,0,0.0062,19.525,-2.4818,1]},
{"frame":16,"values":[0.9487,0.0019,-0.3161,0,0.1302,0.9088,0.3963,0,0.288,-0.4171,0.862,0,0.0062,19.525,-2.4818,1]},
{"frame":17,"values":[0.9494,-0.0224,-0.3134,0,0.1588,0.8948,0.4173,0,0.2711,-0.4459,0.853,0,0.0062,19.525,-2.4818,1]},
{"frame":18,"values":[0.9585,-0.0556,-0.2797,0,0.1821,0.8741,0.4503,0,0.2195,-0.4825,0.8479,0,0.0062,19.525,-2.4818,1]},
{"frame":19,"values":[0.963,-0.1003,-0.25,0,0.2108,0.8582,0.468,0,0.1676,-0.5034,0.8476,0,0.0062,19.525,-2.4818,1]},
{"frame":20,"values":[0.9656,-0.1424,-0.2177,0,0.2313,0.8532,0.4674,0,0.1192,-0.5017,0.8568,0,0.0062,19.525,-2.4818,1]},
{"frame":21,"values":[0.9713,-0.1631,-0.1734,0,0.2272,0.8523,0.4711,0,0.071,-0.497,0.8648,0,0.0062,19.525,-2.4818,1]},
{"frame":22,"values":[0.9775,-0.1655,-0.1306,0,0.2085,0.8507,0.4824,0,0.0312,-0.4988,0.8661,0,0.0062,19.525,-2.4818,1]},
{"frame":23,"values":[0.9814,-0.1603,-0.1053,0,0.1915,0.8494,0.4918,0,0.0106,-0.5028,0.8643,0,0.0062,19.525,-2.4818,1]},
{"frame":24,"values":[0.9838,-0.1499,-0.0987,0,0.1792,0.8501,0.4951,0,0.0097,-0.5048,0.8632,0,0.0062,19.525,-2.4818,1]},
{"frame":25,"values":[0.9859,-0.1351,-0.0991,0,0.1666,0.8535,0.4938,0,0.0179,-0.5034,0.8639,0,0.0062,19.525,-2.4818,1]},
{"frame":26,"values":[0.9874,-0.1226,-0.0999,0,0.156,0.8601,0.4857,0,0.0264,-0.4951,0.8684,0,0.0062,19.525,-2.4818,1]},
{"frame":27,"values":[0.9876,-0.1189,-0.1024,0,0.1531,0.8724,0.4641,0,0.0341,-0.474,0.8798,0,0.0062,19.525,-2.4818,1]},
{"frame":28,"values":[0.9884,-0.112,-0.103,0,0.1457,0.8923,0.4272,0,0.044,-0.4373,0.8983,0,0.0062,19.525,-2.4818,1]},
{"frame":29,"values":[0.9912,-0.088,-0.0991,0,0.1196,0.9163,0.3821,0,0.0572,-0.3906,0.9188,0,0.0062,19.525,-2.4818,1]},
{"frame":30,"values":[0.9944,-0.0525,-0.0914,0,0.0808,0.9367,0.3407,0,0.0677,-0.3462,0.9357,0,0.0062,19.525,-2.4818,1]},
{"frame":31,"values":[0.9965,-0.0261,-0.0795,0,0.0501,0.9472,0.3167,0,0.067,-0.3195,0.9452,0,0.0062,19.525,-2.4818,1]},
{"frame":32,"values":[0.9974,-0.0225,-0.0683,0,0.0433,0.9459,0.3215,0,0.0574,-0.3236,0.9444,0,0.0062,19.525,-2.4818,1]},
{"frame":33,"values":[0.9976,-0.0268,-0.0631,0,0.0464,0.9418,0.333,0,0.0505,-0.3352,0.9408,0,0.0062,19.525,-2.4818,1]},
{"frame":34,"values":[0.9973,-0.0305,-0.066,0,0.0507,0.9424,0.3307,0,0.0521,-0.3331,0.9414,0,0.0062,19.525,-2.4818,1]},
{"frame":35,"values":[0.9966,-0.0313,-0.076,0,0.0534,0.9491,0.3103,0,0.0624,-0.3133,0.9476,0,0.0062,19.525,-2.4818,1]},
{"frame":36,"values":[0.9959,-0.0264,-0.087,0,0.0498,0.959,0.279,0,0.076,-0.2822,0.9563,0,0.0062,19.525,-2.4818,1]},
{"frame":37,"values":[0.9959,-0.0128,-0.0899,0,0.0354,0.9663,0.2548,0,0.0837,-0.2569,0.9628,0,0.0062,19.525,-2.4818,1]},
{"frame":38,"values":[0.9966,-0.0051,-0.0823,0,0.0256,0.9679,0.2499,0,0.0784,-0.2512,0.9648,0,0.0062,19.525,-2.4818,1]},
{"frame":39,"values":[0.9969,-0.0209,-0.0753,0,0.0398,0.9654,0.2579,0,0.0673,-0.2601,0.9632,0,0.0062,19.525,-2.4818,1]},
{"frame":40,"values":[0.9963,-0.0374,-0.0776,0,0.0569,0.9622,0.2664,0,0.0647,-0.2698,0.9607,0,0.0062,19.525,-2.4818,1]},
{"frame":41,"values":[0.9963,-0.0214,-0.0832,0,0.0438,0.9598,0.2773,0,0.0739,-0.2799,0.9572,0,0.0062,19.525,-2.4818,1]},
{"frame":42,"values":[0.9962,0.0124,-0.0865,0,0.0134,0.9566,0.2911,0,0.0864,-0.2912,0.9528,0,0.0062,19.525,-2.4818,1]},
{"frame":43,"values":[0.9956,0.0296,-0.0891,0,-0.0018,0.9549,0.2969,0,0.0939,-0.2954,0.9508,0,0.0062,19.525,-2.4818,1]},
{"frame":44,"values":[0.9957,0.0262,-0.0884,0,0.0009,0.9561,0.2931,0,0.0922,-0.2919,0.952,0,0.0062,19.525,-2.4818,1]},
{"frame":45,"values":[0.9965,0.0191,-0.0815,0,0.0051,0.9581,0.2864,0,0.0836,-0.2858,0.9546,0,0.0062,19.525,-2.4818,1]},
{"frame":46,"values":[0.9972,0.0144,-0.0738,0,0.0065,0.9611,0.2761,0,0.0749,-0.2758,0.9583,0,0.0062,19.525,-2.4818,1]},
{"frame":47,"values":[0.9973,0.0109,-0.0721,0,0.0084,0.9652,0.2613,0,0.0725,-0.2612,0.9626,0,0.0062,19.525,-2.4818,1]},
{"frame":48,"values":[0.997,0.0082,-0.0772,0,0.0113,0.9687,0.248,0,0.0769,-0.2481,0.9657,0,0.0062,19.525,-2.4818,1]},
{"frame":49,"values":[0.9964,0.0088,-0.0847,0,0.0119,0.9705,0.2408,0,0.0843,-0.2409,0.9669,0,0.0062,19.525,-2.4818,1]},
{"frame":50,"values":[0.9959,0.0121,-0.0895,0,0.0097,0.971,0.2389,0,0.0898,-0.2387,0.9669,0,0.0062,19.525,-2.4818,1]},
{"frame":51,"values":[0.9958,0.0129,-0.0903,0,0.0094,0.9701,0.2426,0,0.0907,-0.2425,0.9659,0,0.0062,19.525,-2.4818,1]},
{"frame":52,"values":[0.9961,0.0109,-0.0878,0,0.0115,0.9678,0.2514,0,0.0878,-0.2514,0.9639,0,0.0062,19.525,-2.4818,1]}],"loopBehavior":1,"name":"anim","property":"_matrix"}},
{"name":"mixamorig:Spine1","index":2,"matrix":[0.9999,-0.0088,-0.0124,0,0.0091,0.9997,0.0207,0,0.0122,-0.0209,0.9997,0,-0.0009,22.835,-2.8254,1],"rest":[1,0,0,0,0,1,0,0,0,0,1,0,-0.0009,22.835,-2.8254,1],"parentBoneIndex":1,"length":26.7438
,"animation":{"dataType":3,"framePerSecond":24,"keys":[
{"frame":1,"values":[0.9999,-0.0088,-0.0124,0,0.0091,0.9997,0.0207,0,0.0122,-0.0209,0.9997,0,-0.0009,22.835,-2.8254,1]},
{"frame":2,"values":[0.9999,-0.0077,-0.0118,0,0.0079,0.9998,0.0171,0,0.0117,-0.0171,0.9998,0,-0.0009,22.835,-2.8254,1]},
{"frame":3,"values":[0.9999,-0.0078,-0.0115,0,0.008,0.9999,0.0126,0,0.0114,-0.0127,0.9999,0,-0.0009,22.835,-2.8254,1]},
{"frame":4,"values":[0.9999,-0.0092,-0.0116,0,0.0093,0.9999,0.0073,0,0.0116,-0.0075,0.9999,0,-0.0009,22.835,-2.8254,1]},
{"frame":5,"values":[0.9999,-0.0106,-0.0116,0,0.0106,0.9999,0.0021,0,0.0116,-0.0023,0.9999,0,-0.0009,22.835,-2.8254,1]},
{"frame":6,"values":[0.9999,-0.0095,-0.0104,0,0.0094,1,-0.0026,0,0.0104,0.0025,0.9999,0,-0.0009,22.835,-2.8254,1]},
{"frame":7,"values":[1,-0.0029,-0.0074,0,0.0029,1,-0.0061,0,0.0074,0.006,1,0,-0.0009,22.835,-2.8254,1]},
{"frame":8,"values":[1,0.0088,-0.0021,0,-0.0088,1,-0.0045,0,0.0021,0.0046,1,0,-0.0009,22.835,-2.8254,1]},
{"frame":9,"values":[0.9998,0.021,0.0044,0,-0.021,0.9998,0.0017,0,-0.0044,-0.0018,1,0,-0.0009,22.835,-2.8254,1]},
{"frame":10,"values":[0.9994,0.0342,0.0102,0,-0.0343,0.9994,0.0061,0,-0.01,-0.0064,0.9999,0,-0.0009,22.835,-2.8254,1]},
{"frame":11,"values":[0.9987,0.0497,0.0121,0,-0.0497,0.9988,0.0025,0,-0.0119,-0.0031,0.9999,0,-0.0009,22.835,-2.8254,1]},
{"frame":12,"values":[0.9979,0.0645,0.007,0,-0.0644,0.9979,-0.007,0,-0.0075,0.0066,1,0,-0.0009,22.835,-2.8254,1]},
{"frame":13,"values":[0.9977,0.0677,-0.0039,0,-0.0678,0.9976,-0.0107,0,0.0032,0.0109,0.9999,0,-0.0009,22.835,-2.8254,1]},
{"frame":14,"values":[0.9986,0.0487,-0.0188,0,-0.0487,0.9988,-0.0024,0,0.0187,0.0033,0.9998,0,-0.0009,22.835,-2.8254,1]},
{"frame":15,"values":[0.9992,0.021,-0.0336,0,-0.0208,0.9998,0.006,0,0.0338,-0.0052,0.9994,0,-0.0009,22.835,-2.8254,1]},
{"frame":16,"values":[0.9991,0.0125,-0.0413,0,-0.0122,0.9999,0.0063,0,0.0414,-0.0058,0.9991,0,-0.0009,22.835,-2.8254,1]},
{"frame":17,"values":[0.999,0.0185,-0.0395,0,-0.0185,0.9998,-0.0003,0,0.0395,0.001,0.9992,0,-0.0009,22.835,-2.8254,1]},
{"frame":18,"values":[0.999,0.0308,-0.0324,0,-0.031,0.9995,-0.0047,0,0.0323,0.0057,0.9995,0,-0.0009,22.835,-2.8254,1]},
{"frame":19,"values":[0.9987,0.0432,-0.0255,0,-0.0433,0.9991,-0.0033,0,0.0253,0.0044,0.9997,0,-0.0009,22.835,-2.8254,1]},
{"frame":20,"values":[0.9986,0.0497,-0.0193,0,-0.0497,0.9988,-0.0026,0,0.0191,0.0036,0.9998,0,-0.0009,22.835,-2.8254,1]},
{"frame":21,"values":[0.9987,0.0502,-0.0129,0,-0.0503,0.9987,-0.0062,0,0.0126,0.0069,0.9999,0,-0.0009,22.835,-2.8254,1]},
{"frame":22,"values":[0.9989,0.0458,-0.0078,0,-0.0458,0.9989,-0.0124,0,0.0072,0.0128,0.9999,0,-0.0009,22.835,-2.8254,1]},
{"frame":23,"values":[0.9992,0.0391,-0.0053,0,-0.0392,0.9991,-0.0184,0,0.0046,0.0185,0.9998,0,-0.0009,22.835,-2.8254,1]},
{"frame":24,"values":[0.9994,0.0352,-0.0051,0,-0.0353,0.9992,-0.0213,0,0.0043,0.0214,0.9998,0,-0.0009,22.835,-2.8254,1]},
{"frame":25,"values":[0.9994,0.0342,-0.0056,0,-0.0343,0.9992,-0.0215,0,0.0049,0.0217,0.9998,0,-0.0009,22.835,-2.8254,1]},
{"frame":26,"values":[0.9994,0.0337,-0.0062,0,-0.0339,0.9992,-0.0201,0,0.0055,0.0203,0.9998,0,-0.0009,22.835,-2.8254,1]},
{"frame":27,"values":[0.9995,0.0322,-0.0069,0,-0.0323,0.9994,-0.0151,0,0.0064,0.0154,0.9999,0,-0.0009,22.835,-2.8254,1]},
{"frame":28,"values":[0.9997,0.0243,-0.0081,0,-0.0243,0.9997,-0.0057,0,0.0079,0.0059,1,0,-0.0009,22.835,-2.8254,1]},
{"frame":29,"values":[0.9999,0.0068,-0.0098,0,-0.0067,1,0.0061,0,0.0098,-0.006,0.9999,0,-0.0009,22.835,-2.8254,1]},
{"frame":30,"values":[0.9998,-0.0137,-0.0113,0,0.0139,0.9998,0.0166,0,0.0111,-0.0167,0.9998,0,-0.0009,22.835,-2.8254,1]},
{"frame":31,"values":[0.9996,-0.0253,-0.0113,0,0.0255,0.9994,0.0222,0,0.0107,-0.0225,0.9997,0,-0.0009,22.835,-2.8254,1]},
{"frame":32,"values":[0.9997,-0.0207,-0.0095,0,0.0208,0.9996,0.0198,0,0.0091,-0.02,0.9998,0,-0.0009,22.835,-2.8254,1]},
{"frame":33,"values":[0.9999,-0.0085,-0.0078,0,0.0087,0.9998,0.016,0,0.0076,-0.016,0.9998,0,-0.0009,22.835,-2.8254,1]},
{"frame":34,"values":[1,0.0023,-0.0073,0,-0.0022,0.9999,0.0147,0,0.0073,-0.0147,0.9999,0,-0.0009,22.835,-2.8254,1]},
{"frame":35,"values":[0.9999,0.0088,-0.0084,0,-0.0087,0.9998,0.0168,0,0.0085,-0.0167,0.9998,0,-0.0009,22.835,-2.8254,1]},
{"frame":36,"values":[0.9999,0.0107,-0.0102,0,-0.0105,0.9997,0.0209,0,0.0104,-0.0207,0.9997,0,-0.0009,22.835,-2.8254,1]},
{"frame":37,"values":[0.9999,0.0087,-0.0113,0,-0.0085,0.9997,0.0212,0,0.0115,-0.0211,0.9997,0,-0.0009,22.835,-2.8254,1]},
{"frame":38,"values":[0.9999,0.0066,-0.0106,0,-0.0064,0.9999,0.0143,0,0.0107,-0.0143,0.9998,0,-0.0009,22.835,-2.8254,1]},
{"frame":39,"values":[0.9999,0.0076,-0.0093,0,-0.0076,1,0.0064,0,0.0094,-0.0063,0.9999,0,-0.0009,22.835,-2.8254,1]},
{"frame":40,"values":[0.9999,0.0065,-0.0093,0,-0.0064,1,0.0052,0,0.0094,-0.0052,0.9999,0,-0.0009,22.835,-2.8254,1]},
{"frame":41,"values":[0.9999,-0.0034,-0.0107,0,0.0034,1,0.0079,0,0.0107,-0.0079,0.9999,0,-0.0009,22.835,-2.8254,1]},
{"frame":42,"values":[0.9998,-0.0163,-0.0124,0,0.0164,0.9998,0.0098,0,0.0123,-0.01,0.9999,0,-0.0009,22.835,-2.8254,1]},
{"frame":43,"values":[0.9996,-0.0228,-0.0135,0,0.023,0.9997,0.013,0,0.0132,-0.0133,0.9998,0,-0.0009,22.835,-2.8254,1]},
{"frame":44,"values":[0.9996,-0.023,-0.0133,0,0.0232,0.9996,0.0172,0,0.0129,-0.0175,0.9998,0,-0.0009,22.835,-2.8254,1]},
{"frame":45,"values":[0.9997,-0.0212,-0.0121,0,0.0215,0.9996,0.0199,0,0.0117,-0.0201,0.9997,0,-0.0009,22.835,-2.8254,1]},
{"frame":46,"values":[0.9998,-0.0192,-0.0109,0,0.0195,0.9996,0.0216,0,0.0105,-0.0218,0.9997,0,-0.0009,22.835,-2.8254,1]},
{"frame":47,"values":[0.9998,-0.0167,-0.0104,0,0.0169,0.9996,0.0229,0,0.0101,-0.023,0.9997,0,-0.0009,22.835,-2.8254,1]},
{"frame":48,"values":[0.9998,-0.0135,-0.0109,0,0.0138,0.9996,0.0233,0,0.0106,-0.0234,0.9997,0,-0.0009,22.835,-2.8254,1]},
{"frame":49,"values":[0.9999,-0.0111,-0.0119,0,0.0113,0.9997,0.0235,0,0.0116,-0.0236,0.9997,0,-0.0009,22.835,-2.8254,1]},
{"frame":50,"values":[0.9999,-0.0104,-0.0126,0,0.0107,0.9997,0.0239,0,0.0124,-0.0241,0.9996,0,-0.0009,22.835,-2.8254,1]},
{"frame":51,"values":[0.9999,-0.01,-0.0128,0,0.0103,0.9997,0.0232,0,0.0125,-0.0233,0.9997,0,-0.0009,22.835,-2.8254,1]},
{"frame":52,"values":[0.9999,-0.0088,-0.0124,0,0.0091,0.9997,0.0207,0,0.0122,-0.0209,0.9997,0,-0.0009,22.835,-2.8254,1]}],"loopBehavior":1,"name":"anim","property":"_matrix"}},
{"name":"mixamorig:Spine2","index":3,"matrix":[0.9999,-0.0089,-0.0121,0,0.0092,0.9997,0.0208,0,0.0119,-0.0209,0.9997,0,-0.0206,26.5525,-3.1933,1],"rest":[1,0,0,0,0,1,0,0,0,0,1,0,-0.0206,26.5525,-3.1933,1],"parentBoneIndex":2,"length":24.825
,"animation":{"dataType":3,"framePerSecond":24,"keys":[
{"frame":1,"values":[0.9999,-0.0089,-0.0121,0,0.0092,0.9997,0.0208,0,0.0119,-0.0209,0.9997,0,-0.0206,26.5525,-3.1933,1]},
{"frame":2,"values":[0.9999,-0.0079,-0.0116,0,0.0081,0.9998,0.0171,0,0.0114,-0.0172,0.9998,0,-0.0206,26.5525,-3.1933,1]},
{"frame":3,"values":[0.9999,-0.008,-0.0112,0,0.0082,0.9999,0.0127,0,0.0111,-0.0128,0.9999,0,-0.0206,26.5525,-3.1933,1]},
{"frame":4,"values":[0.9999,-0.0095,-0.0113,0,0.0096,0.9999,0.0074,0,0.0112,-0.0075,0.9999,0,-0.0206,26.5525,-3.1933,1]},
{"frame":5,"values":[0.9999,-0.0109,-0.0112,0,0.0109,0.9999,0.0022,0,0.0112,-0.0024,0.9999,0,-0.0206,26.5525,-3.1933,1]},
{"frame":6,"values":[0.9999,-0.0098,-0.01,0,0.0098,0.9999,-0.0026,0,0.01,0.0025,0.9999,0,-0.0206,26.5525,-3.1933,1]},
{"frame":7,"values":[1,-0.0032,-0.0071,0,0.0031,1,-0.006,0,0.0072,0.006,1,0,-0.0206,26.5525,-3.1933,1]},
{"frame":8,"values":[1,0.0087,-0.0023,0,-0.0087,1,-0.0045,0,0.0022,0.0046,1,0,-0.0206,26.5525,-3.1933,1]},
{"frame":9,"values":[0.9998,0.0211,0.004,0,-0.0211,0.9998,0.0018,0,-0.0039,-0.0019,1,0,-0.0206,26.5525,-3.1933,1]},
{"frame":10,"values":[0.9994,0.0344,0.0097,0,-0.0344,0.9994,0.0064,0,-0.0094,-0.0068,0.9999,0,-0.0206,26.5525,-3.1933,1]},
{"frame":11,"values":[0.9987,0.0499,0.0113,0,-0.0499,0.9987,0.003,0,-0.0112,-0.0036,0.9999,0,-0.0206,26.5525,-3.1933,1]},
{"frame":12,"values":[0.9979,0.0647,0.006,0,-0.0646,0.9979,-0.0066,0,-0.0064,0.0061,1,0,-0.0206,26.5525,-3.1933,1]},
{"frame":13,"values":[0.9977,0.0677,-0.0055,0,-0.0678,0.9976,-0.0107,0,0.0047,0.0111,0.9999,0,-0.0206,26.5525,-3.1933,1]},
{"frame":14,"values":[0.9986,0.0481,-0.0204,0,-0.0482,0.9988,-0.0031,0,0.0203,0.004,0.9998,0,-0.0206,26.5525,-3.1933,1]},
{"frame":15,"values":[0.9992,0.0199,-0.0346,0,-0.0198,0.9998,0.0053,0,0.0347,-0.0046,0.9994,0,-0.0206,26.5525,-3.1933,1]},
{"frame":16,"values":[0.9991,0.0109,-0.0419,0,-0.0107,0.9999,0.0057,0,0.042,-0.0052,0.9991,0,-0.0206,26.5525,-3.1933,1]},
{"frame":17,"values":[0.999,0.0166,-0.0405,0,-0.0167,0.9999,-0.0012,0,0.0405,0.0019,0.9992,0,-0.0206,26.5525,-3.1933,1]},
{"frame":18,"values":[0.999,0.029,-0.0341,0,-0.0292,0.9996,-0.0059,0,0.0339,0.0069,0.9994,0,-0.0206,26.5525,-3.1933,1]},
{"frame":19,"values":[0.9987,0.0417,-0.0279,0,-0.0418,0.9991,-0.0046,0,0.0277,0.0057,0.9996,0,-0.0206,26.5525,-3.1933,1]},
{"frame":20,"values":[0.9986,0.0485,-0.022,0,-0.0486,0.9988,-0.0037,0,0.0218,0.0048,0.9998,0,-0.0206,26.5525,-3.1933,1]},
{"frame":21,"values":[0.9987,0.0494,-0.0156,0,-0.0495,0.9988,-0.007,0,0.0152,0.0077,0.9999,0,-0.0206,26.5525,-3.1933,1]},
{"frame":22,"values":[0.9989,0.0452,-0.0101,0,-0.0453,0.9989,-0.0128,0,0.0095,0.0132,0.9999,0,-0.0206,26.5525,-3.1933,1]},
{"frame":23,"values":[0.9992,0.0387,-0.0072,0,-0.0389,0.9991,-0.0185,0,0.0065,0.0188,0.9998,0,-0.0206,26.5525,-3.1933,1]},
{"frame":24,"values":[0.9994,0.0348,-0.0068,0,-0.035,0.9992,-0.0214,0,0.006,0.0216,0.9997,0,-0.0206,26.5525,-3.1933,1]},
{"frame":25,"values":[0.9994,0.0338,-0.0073,0,-0.0339,0.9992,-0.0217,0,0.0065,0.0219,0.9997,0,-0.0206,26.5525,-3.1933,1]},
{"frame":26,"values":[0.9994,0.0333,-0.0078,0,-0.0335,0.9992,-0.0203,0,0.0071,0.0205,0.9998,0,-0.0206,26.5525,-3.1933,1]},
{"frame":27,"values":[0.9995,0.0318,-0.0084,0,-0.0319,0.9994,-0.0153,0,0.0079,0.0156,0.9998,0,-0.0206,26.5525,-3.1933,1]},
{"frame":28,"values":[0.9997,0.0239,-0.0092,0,-0.0239,0.9997,-0.0059,0,0.0091,0.0061,0.9999,0,-0.0206,26.5525,-3.1933,1]},
{"frame":29,"values":[0.9999,0.0065,-0.0102,0,-0.0064,1,0.0059,0,0.0103,-0.0059,0.9999,0,-0.0206,26.5525,-3.1933,1]},
{"frame":30,"values":[0.9998,-0.0139,-0.0111,0,0.0141,0.9998,0.0166,0,0.0109,-0.0168,0.9998,0,-0.0206,26.5525,-3.1933,1]},
{"frame":31,"values":[0.9996,-0.0254,-0.0108,0,0.0256,0.9994,0.0224,0,0.0102,-0.0226,0.9997,0,-0.0206,26.5525,-3.1933,1]},
{"frame":32,"values":[0.9997,-0.0208,-0.0091,0,0.021,0.9996,0.0199,0,0.0087,-0.0201,0.9998,0,-0.0206,26.5525,-3.1933,1]},
{"frame":33,"values":[0.9999,-0.0087,-0.0077,0,0.0088,0.9998,0.016,0,0.0075,-0.0161,0.9998,0,-0.0206,26.5525,-3.1933,1]},
{"frame":34,"values":[1,0.0021,-0.0075,0,-0.002,0.9999,0.0147,0,0.0076,-0.0147,0.9999,0,-0.0206,26.5525,-3.1933,1]},
{"frame":35,"values":[0.9999,0.0086,-0.0088,0,-0.0085,0.9998,0.0167,0,0.0089,-0.0167,0.9998,0,-0.0206,26.5525,-3.1933,1]},
{"frame":36,"values":[0.9999,0.0106,-0.0106,0,-0.0104,0.9997,0.0208,0,0.0108,-0.0207,0.9997,0,-0.0206,26.5525,-3.1933,1]},
{"frame":37,"values":[0.9999,0.0086,-0.0115,0,-0.0084,0.9997,0.0212,0,0.0117,-0.0211,0.9997,0,-0.0206,26.5525,-3.1933,1]},
{"frame":38,"values":[0.9999,0.0064,-0.0107,0,-0.0063,0.9999,0.0143,0,0.0108,-0.0142,0.9998,0,-0.0206,26.5525,-3.1933,1]},
{"frame":39,"values":[0.9999,0.0074,-0.0095,0,-0.0074,1,0.0063,0,0.0095,-0.0062,0.9999,0,-0.0206,26.5525,-3.1933,1]},
{"frame":40,"values":[0.9999,0.0063,-0.0095,0,-0.0062,1,0.0052,0,0.0095,-0.0051,0.9999,0,-0.0206,26.5525,-3.1933,1]},
{"frame":41,"values":[0.9999,-0.0036,-0.0107,0,0.0037,1,0.0079,0,0.0106,-0.0079,0.9999,0,-0.0206,26.5525,-3.1933,1]},
{"frame":42,"values":[0.9998,-0.0165,-0.012,0,0.0166,0.9998,0.0099,0,0.0118,-0.0101,0.9999,0,-0.0206,26.5525,-3.1933,1]},
{"frame":43,"values":[0.9997,-0.0231,-0.0129,0,0.0232,0.9996,0.0132,0,0.0125,-0.0135,0.9998,0,-0.0206,26.5525,-3.1933,1]},
{"frame":44,"values":[0.9997,-0.0232,-0.0127,0,0.0234,0.9996,0.0174,0,0.0123,-0.0177,0.9998,0,-0.0206,26.5525,-3.1933,1]},
{"frame":45,"values":[0.9997,-0.0214,-0.0116,0,0.0216,0.9996,0.0201,0,0.0112,-0.0203,0.9997,0,-0.0206,26.5525,-3.1933,1]},
{"frame":46,"values":[0.9998,-0.0194,-0.0104,0,0.0196,0.9996,0.0218,0,0.01,-0.022,0.9997,0,-0.0206,26.5525,-3.1933,1]},
{"frame":47,"values":[0.9998,-0.0168,-0.0101,0,0.017,0.9996,0.023,0,0.0097,-0.0232,0.9997,0,-0.0206,26.5525,-3.1933,1]},
{"frame":48,"values":[0.9999,-0.0136,-0.0106,0,0.0139,0.9996,0.0234,0,0.0103,-0.0235,0.9997,0,-0.0206,26.5525,-3.1933,1]},
{"frame":49,"values":[0.9999,-0.0111,-0.0116,0,0.0114,0.9997,0.0236,0,0.0113,-0.0237,0.9997,0,-0.0206,26.5525,-3.1933,1]},
{"frame":50,"values":[0.9999,-0.0104,-0.0123,0,0.0107,0.9997,0.024,0,0.0121,-0.0242,0.9996,0,-0.0206,26.5525,-3.1933,1]},
{"frame":51,"values":[0.9999,-0.0101,-0.0125,0,0.0104,0.9997,0.0232,0,0.0123,-0.0234,0.9997,0,-0.0206,26.5525,-3.1933,1]},
{"frame":52,"values":[0.9999,-0.0089,-0.0121,0,0.0092,0.9997,0.0208,0,0.0119,-0.0209,0.9997,0,-0.0206,26.5525,-3.1933,1]}],"loopBehavior":1,"name":"anim","property":"_matrix"}},
{"name":"mixamorig:Neck","index":4,"matrix":[0.9953,-0.0848,-0.0462,0,0.0887,0.9921,0.0886,0,0.0383,-0.0923,0.995,0,-0.06,30.7018,1.3522,1],"rest":[1,0,0,0,0,1,0,0,0,0,1,0,-0.06,30.7018,1.3522,1],"parentBoneIndex":3,"length":22.8446
,"animation":{"dataType":3,"framePerSecond":24,"keys":[
{"frame":1,"values":[0.9953,-0.0848,-0.0462,0,0.0887,0.9921,0.0886,0,0.0383,-0.0923,0.995,0,-0.06,30.7018,1.3522,1]},
{"frame":2,"values":[0.9955,-0.0828,-0.0452,0,0.0864,0.9926,0.0851,0,0.0378,-0.0886,0.9954,0,-0.06,30.7018,1.3522,1]},
{"frame":3,"values":[0.9954,-0.0843,-0.0455,0,0.0878,0.9928,0.081,0,0.0384,-0.0846,0.9957,0,-0.06,30.7018,1.3522,1]},
{"frame":4,"values":[0.9948,-0.0898,-0.0478,0,0.0933,0.9928,0.0757,0,0.0406,-0.0797,0.996,0,-0.06,30.7018,1.3522,1]},
{"frame":5,"values":[0.9937,-0.0991,-0.0526,0,0.1025,0.9925,0.0668,0,0.0456,-0.0718,0.9964,0,-0.06,30.7018,1.3522,1]},
{"frame":6,"values":[0.9919,-0.1114,-0.061,0,0.1145,0.9921,0.0508,0,0.0548,-0.0574,0.9968,0,-0.06,30.7018,1.3522,1]},
{"frame":7,"values":[0.9896,-0.1244,-0.072,0,0.1267,0.9915,0.0283,0,0.0678,-0.0371,0.997,0,-0.06,30.7018,1.3522,1]},
{"frame":8,"values":[0.9873,-0.1354,-0.0831,0,0.1363,0.9907,0.005,0,0.0817,-0.0163,0.9965,0,-0.06,30.7018,1.3522,1]},
{"frame":9,"values":[0.986,-0.1402,-0.0903,0,0.1398,0.9901,-0.0109,0,0.091,-0.0019,0.9959,0,-0.06,30.7018,1.3522,1]},
{"frame":10,"values":[0.9876,-0.1304,-0.0877,0,0.1299,0.9915,-0.0115,0,0.0885,0,0.9961,0,-0.06,30.7018,1.3522,1]},
{"frame":11,"values":[0.9922,-0.1022,-0.0716,0,0.1025,0.9947,0.0008,0,0.0712,-0.0081,0.9974,0,-0.06,30.7018,1.3522,1]},
{"frame":12,"values":[0.9972,-0.0623,-0.0413,0,0.0627,0.998,0.0092,0,0.0407,-0.0117,0.9991,0,-0.06,30.7018,1.3522,1]},
{"frame":13,"values":[0.9996,-0.0277,-0.0026,0,0.0277,0.9996,0.0033,0,0.0025,-0.0034,1,0,-0.06,30.7018,1.3522,1]},
{"frame":14,"values":[0.9994,-0.0102,0.0346,0,0.0104,0.9999,-0.0047,0,-0.0345,0.0051,0.9994,0,-0.06,30.7019,1.3522,1]},
{"frame":15,"values":[0.9982,-0.0026,0.0592,0,0.0026,1,0.0011,0,-0.0592,-0.001,0.9982,0,-0.06,30.7018,1.3522,1]},
{"frame":16,"values":[0.9972,0.0172,0.0734,0,-0.0186,0.9997,0.0182,0,-0.073,-0.0195,0.9971,0,-0.06,30.7017,1.3522,1]},
{"frame":17,"values":[0.9958,0.044,0.0797,0,-0.0466,0.9985,0.0304,0,-0.0782,-0.034,0.9964,0,-0.06,30.7018,1.3522,1]},
{"frame":18,"values":[0.9958,0.0538,0.0742,0,-0.0567,0.9977,0.0363,0,-0.0721,-0.0403,0.9966,0,-0.06,30.7018,1.3522,1]},
{"frame":19,"values":[0.9969,0.0492,0.0614,0,-0.0516,0.9979,0.0392,0,-0.0593,-0.0423,0.9973,0,-0.06,30.7018,1.3522,1]},
{"frame":20,"values":[0.9978,0.0452,0.0475,0,-0.0472,0.998,0.042,0,-0.0455,-0.0442,0.998,0,-0.06,30.7018,1.3522,1]},
{"frame":21,"values":[0.9986,0.0423,0.0331,0,-0.0438,0.9979,0.0477,0,-0.031,-0.0491,0.9983,0,-0.06,30.7018,1.3522,1]},
{"frame":22,"values":[0.9993,0.0344,0.0172,0,-0.0354,0.9978,0.0568,0,-0.0152,-0.0574,0.9982,0,-0.06,30.7018,1.3522,1]},
{"frame":23,"values":[0.9997,0.0224,0.0026,0,-0.0226,0.9978,0.0627,0,-0.0012,-0.0628,0.998,0,-0.06,30.7018,1.3522,1]},
{"frame":24,"values":[0.9999,0.0101,-0.0073,0,-0.0096,0.9981,0.061,0,0.0079,-0.0609,0.9981,0,-0.06,30.7018,1.3522,1]},
{"frame":25,"values":[0.9999,0.0006,-0.0131,0,0.0002,0.9984,0.0562,0,0.0131,-0.0562,0.9983,0,-0.06,30.7018,1.3522,1]},
{"frame":26,"values":[0.9998,-0.0064,-0.0167,0,0.0073,0.9986,0.0532,0,0.0163,-0.0533,0.9984,0,-0.06,30.7018,1.3522,1]},
{"frame":27,"values":[0.9997,-0.0151,-0.02,0,0.0161,0.9985,0.052,0,0.0192,-0.0523,0.9984,0,-0.06,30.7018,1.3522,1]},
{"frame":28,"values":[0.9993,-0.0294,-0.0251,0,0.0307,0.9981,0.0528,0,0.0235,-0.0535,0.9983,0,-0.06,30.7018,1.3522,1]},
{"frame":29,"values":[0.9983,-0.0486,-0.0322,0,0.0503,0.9972,0.0551,0,0.0294,-0.0566,0.998,0,-0.06,30.7018,1.3522,1]},
{"frame":30,"values":[0.997,-0.0671,-0.0389,0,0.0692,0.996,0.0558,0,0.035,-0.0583,0.9977,0,-0.06,30.7018,1.3522,1]},
{"frame":31,"values":[0.996,-0.0783,-0.0422,0,0.0805,0.9953,0.0529,0,0.0379,-0.0561,0.9977,0,-0.06,30.7018,1.3522,1]},
{"frame":32,"values":[0.9959,-0.0807,-0.0411,0,0.0827,0.9953,0.05,0,0.0369,-0.0532,0.9979,0,-0.06,30.7018,1.3522,1]},
{"frame":33,"values":[0.9963,-0.0772,-0.0377,0,0.0791,0.9956,0.0507,0,0.0336,-0.0535,0.998,0,-0.06,30.7018,1.3522,1]},
{"frame":34,"values":[0.9967,-0.0727,-0.0352,0,0.0746,0.9957,0.055,0,0.031,-0.0575,0.9979,0,-0.06,30.7018,1.3522,1]},
{"frame":35,"values":[0.9969,-0.0707,-0.0353,0,0.0728,0.9954,0.062,0,0.0308,-0.0644,0.9975,0,-0.06,30.7018,1.3522,1]},
{"frame":36,"values":[0.9967,-0.0713,-0.0381,0,0.0739,0.9948,0.0708,0,0.0328,-0.0734,0.9968,0,-0.06,30.7018,1.3522,1]},
{"frame":37,"values":[0.9965,-0.0723,-0.0418,0,0.0753,0.9942,0.0769,0,0.036,-0.0798,0.9962,0,-0.06,30.7019,1.3522,1]},
{"frame":38,"values":[0.9965,-0.071,-0.0436,0,0.0742,0.9944,0.0755,0,0.038,-0.0785,0.9962,0,-0.06,30.7018,1.3522,1]},
{"frame":39,"values":[0.9967,-0.0688,-0.0426,0,0.0717,0.995,0.069,0,0.0376,-0.0718,0.9967,0,-0.06,30.7018,1.3522,1]},
{"frame":40,"values":[0.9967,-0.0704,-0.0413,0,0.073,0.9952,0.0655,0,0.0365,-0.0683,0.997,0,-0.06,30.7018,1.3522,1]},
{"frame":41,"values":[0.9961,-0.0776,-0.0429,0,0.0804,0.9944,0.068,0,0.0374,-0.0712,0.9968,0,-0.06,30.7018,1.3522,1]},
{"frame":42,"values":[0.9951,-0.0876,-0.0469,0,0.0908,0.9932,0.073,0,0.0402,-0.0769,0.9962,0,-0.06,30.7018,1.3522,1]},
{"frame":43,"values":[0.9942,-0.0952,-0.0498,0,0.099,0.9919,0.08,0,0.0418,-0.0845,0.9955,0,-0.06,30.7018,1.3522,1]},
{"frame":44,"values":[0.9939,-0.0984,-0.0504,0,0.1026,0.9908,0.0886,0,0.0412,-0.0932,0.9948,0,-0.06,30.7018,1.3522,1]},
{"frame":45,"values":[0.9937,-0.1005,-0.0502,0,0.1049,0.9898,0.0961,0,0.04,-0.1008,0.9941,0,-0.06,30.7018,1.3522,1]},
{"frame":46,"values":[0.9935,-0.1025,-0.05,0,0.1072,0.9891,0.1014,0,0.039,-0.1061,0.9936,0,-0.06,30.7018,1.3522,1]},
{"frame":47,"values":[0.9936,-0.1021,-0.0491,0,0.1068,0.9888,0.1038,0,0.0379,-0.1084,0.9934,0,-0.06,30.7018,1.3522,1]},
{"frame":48,"values":[0.9938,-0.1001,-0.0483,0,0.1046,0.9892,0.1025,0,0.0375,-0.1069,0.9936,0,-0.06,30.7018,1.3522,1]},
{"frame":49,"values":[0.994,-0.0977,-0.0482,0,0.1021,0.9899,0.0985,0,0.0381,-0.1028,0.994,0,-0.06,30.7018,1.3522,1]},
{"frame":50,"values":[0.9944,-0.094,-0.0483,0,0.0983,0.9906,0.0947,0,0.0389,-0.099,0.9943,0,-0.06,30.7018,1.3522,1]},
{"frame":51,"values":[0.9949,-0.0891,-0.0475,0,0.0932,0.9914,0.0917,0,0.0389,-0.0957,0.9946,0,-0.06,30.7018,1.3522,1]},
{"frame":52,"values":[0.9953,-0.0848,-0.0462,0,0.0887,0.9921,0.0886,0,0.0383,-0.0923,0.995,0,-0.06,30.7018,1.3522,1]}],"loopBehavior":1,"name":"anim","property":"_matrix"}},
{"name":"mixamorig:Head","index":5,"matrix":[0.9684,-0.1882,-0.1635,0,0.186,0.9821,-0.0289,0,0.1661,-0.0024,0.9861,0,-0.0872,22.5476,3.6709,1],"rest":[1,0,0,0,0,1,0,0,0,0,1,0,-0.0872,22.5476,3.6709,1],"parentBoneIndex":4,"length":30.5923
,"animation":{"dataType":3,"framePerSecond":24,"keys":[
{"frame":1,"values":[0.9684,-0.1882,-0.1635,0,0.186,0.9821,-0.0289,0,0.1661,-0.0024,0.9861,0,-0.0872,22.5476,3.6709,1]},
{"frame":2,"values":[0.9669,-0.1962,-0.163,0,0.1933,0.9806,-0.0335,0,0.1664,0.0009,0.9861,0,-0.0872,22.5476,3.6709,1]},
{"frame":3,"values":[0.9642,-0.207,-0.1655,0,0.2032,0.9783,-0.0397,0,0.1701,0.0046,0.9854,0,-0.0872,22.5476,3.6709,1]},
{"frame":4,"values":[0.958,-0.2273,-0.1749,0,0.2233,0.9738,-0.0428,0,0.1801,0.002,0.9837,0,-0.0872,22.5476,3.6709,1]},
{"frame":5,"values":[0.9462,-0.2585,-0.1949,0,0.254,0.966,-0.0479,0,0.2006,-0.0042,0.9797,0,-0.0872,22.5476,3.6709,1]},
{"frame":6,"values":[0.9268,-0.2975,-0.2293,0,0.2909,0.9547,-0.0626,0,0.2376,-0.0087,0.9713,0,-0.0872,22.5476,3.6709,1]},
{"frame":7,"values":[0.9005,-0.3378,-0.2737,0,0.327,0.9411,-0.0858,0,0.2866,-0.0122,0.958,0,-0.0872,22.5476,3.6709,1]},
{"frame":8,"values":[0.874,-0.3681,-0.3173,0,0.352,0.9296,-0.1089,0,0.335,-0.0166,0.9421,0,-0.0872,22.5477,3.6709,1]},
{"frame":9,"values":[0.86,-0.3756,-0.3454,0,0.357,0.9265,-0.1187,0,0.3646,-0.0212,0.9309,0,-0.0872,22.5477,3.6709,1]},
{"frame":10,"values":[0.8743,-0.3478,-0.3385,0,0.3351,0.9371,-0.0975,0,0.3511,-0.0282,0.9359,0,-0.0872,22.5476,3.6709,1]},
{"frame":11,"values":[0.9194,-0.2777,-0.2786,0,0.2774,0.9599,-0.0414,0,0.2789,-0.0392,0.9595,0,-0.0872,22.5476,3.6709,1]},
{"frame":12,"values":[0.9793,-0.1451,-0.1411,0,0.1495,0.9885,0.0207,0,0.1365,-0.0414,0.9898,0,-0.0872,22.5476,3.6709,1]},
{"frame":13,"values":[0.9976,0.0305,0.0628,0,-0.0321,0.9992,0.0244,0,-0.062,-0.0264,0.9977,0,-0.0872,22.5476,3.6709,1]},
{"frame":14,"values":[0.9538,0.1602,0.254,0,-0.1567,0.9871,-0.0343,0,-0.2562,-0.007,0.9666,0,-0.0872,22.5476,3.6709,1]},
{"frame":15,"values":[0.9063,0.2115,0.3659,0,-0.1888,0.9772,-0.0972,0,-0.3782,0.019,0.9255,0,-0.0872,22.5476,3.6709,1]},
{"frame":16,"values":[0.8763,0.249,0.4124,0,-0.2065,0.9676,-0.1453,0,-0.4352,0.0421,0.8994,0,-0.0872,22.5476,3.6709,1]},
{"frame":17,"values":[0.8571,0.2987,0.4196,0,-0.245,0.953,-0.178,0,-0.4531,0.0498,0.8901,0,-0.0872,22.5476,3.6709,1]},
{"frame":18,"values":[0.8645,0.3203,0.3873,0,-0.2667,0.9455,-0.1865,0,-0.426,0.058,0.9029,0,-0.0872,22.5476,3.6709,1]},
{"frame":19,"values":[0.8926,0.3057,0.3315,0,-0.2613,0.9498,-0.1722,0,-0.3675,0.067,0.9276,0,-0.0872,22.5476,3.6709,1]},
{"frame":20,"values":[0.9258,0.2697,0.2649,0,-0.2365,0.9599,-0.1507,0,-0.2949,0.0768,0.9524,0,-0.0872,22.5476,3.6709,1]},
{"frame":21,"values":[0.959,0.2133,0.1867,0,-0.19,0.9725,-0.1348,0,-0.2103,0.0938,0.9731,0,-0.0872,22.5476,3.6709,1]},
{"frame":22,"values":[0.9854,0.1387,0.0988,0,-0.1263,0.9844,-0.1224,0,-0.1142,0.1081,0.9876,0,-0.0872,22.5476,3.6709,1]},
{"frame":23,"values":[0.9977,0.0648,0.0214,0,-0.062,0.9919,-0.1113,0,-0.0284,0.1097,0.9936,0,-0.0872,22.5476,3.6709,1]},
{"frame":24,"values":[0.9996,0.0042,-0.0285,0,-0.0072,0.9945,-0.1044,0,0.0279,0.1046,0.9941,0,-0.0872,22.5476,3.6709,1]},
{"frame":25,"values":[0.9975,-0.042,-0.0567,0,0.0362,0.9943,-0.0999,0,0.0606,0.0976,0.9934,0,-0.0872,22.5476,3.6709,1]},
{"frame":26,"values":[0.9945,-0.0747,-0.0737,0,0.068,0.9936,-0.0898,0,0.08,0.0843,0.9932,0,-0.0872,22.5476,3.6709,1]},
{"frame":27,"values":[0.9917,-0.0965,-0.0851,0,0.0904,0.9932,-0.0729,0,0.0915,0.0646,0.9937,0,-0.0872,22.5476,3.6709,1]},
{"frame":28,"values":[0.9893,-0.1098,-0.0964,0,0.1045,0.9928,-0.0584,0,0.1021,0.0477,0.9936,0,-0.0872,22.5476,3.6709,1]},
{"frame":29,"values":[0.9871,-0.1162,-0.1105,0,0.111,0.9924,-0.0524,0,0.1157,0.0395,0.9925,0,-0.0872,22.5476,3.6709,1]},
{"frame":30,"values":[0.9851,-0.1205,-0.1227,0,0.1151,0.9921,-0.0504,0,0.1278,0.0356,0.9912,0,-0.0872,22.5476,3.6709,1]},
{"frame":31,"values":[0.9836,-0.1282,-0.1267,0,0.123,0.9913,-0.0476,0,0.1317,0.0313,0.9908,0,-0.0872,22.5476,3.6709,1]},
{"frame":32,"values":[0.9834,-0.1361,-0.1201,0,0.1314,0.9902,-0.0466,0,0.1252,0.03,0.9917,0,-0.0872,22.5476,3.6709,1]},
{"frame":33,"values":[0.9846,-0.1377,-0.1077,0,0.133,0.9899,-0.0491,0,0.1133,0.034,0.993,0,-0.0872,22.5476,3.6709,1]},
{"frame":34,"values":[0.9857,-0.1354,-0.1005,0,0.1306,0.99,-0.0529,0,0.1067,0.039,0.9935,0,-0.0872,22.5476,3.6709,1]},
{"frame":35,"values":[0.9847,-0.1385,-0.1061,0,0.1328,0.9894,-0.0583,0,0.1131,0.0434,0.9926,0,-0.0872,22.5476,3.6709,1]},
{"frame":36,"values":[0.9808,-0.15,-0.1249,0,0.1428,0.9876,-0.0647,0,0.133,0.0456,0.9901,0,-0.0872,22.5476,3.6709,1]},
{"frame":37,"values":[0.9753,-0.1639,-0.1482,0,0.1558,0.9857,-0.0647,0,0.1567,0.0401,0.9868,0,-0.0872,22.5476,3.6709,1]},
{"frame":38,"values":[0.9719,-0.1712,-0.1614,0,0.1644,0.9849,-0.0549,0,0.1683,0.0268,0.9854,0,-0.0872,22.5476,3.6709,1]},
{"frame":39,"values":[0.9735,-0.1671,-0.156,0,0.1623,0.9858,-0.0431,0,0.161,0.0166,0.9868,0,-0.0872,22.5476,3.6709,1]},
{"frame":40,"values":[0.9771,-0.1575,-0.1432,0,0.1538,0.9874,-0.0366,0,0.1472,0.0138,0.989,0,-0.0872,22.5476,3.6709,1]},
{"frame":41,"values":[0.9774,-0.1567,-0.142,0,0.1539,0.9876,-0.0303,0,0.145,0.0077,0.9894,0,-0.0872,22.5476,3.6709,1]},
{"frame":42,"values":[0.9739,-0.1674,-0.1531,0,0.1659,0.9859,-0.0223,0,0.1547,-0.0037,0.988,0,-0.0872,22.5476,3.6709,1]},
{"frame":43,"values":[0.9705,-0.1782,-0.1625,0,0.1776,0.9839,-0.0183,0,0.1631,-0.0111,0.9865,0,-0.0872,22.5476,3.6709,1]},
{"frame":44,"values":[0.9699,-0.1807,-0.163,0,0.1807,0.9834,-0.0153,0,0.1631,-0.0146,0.9865,0,-0.0872,22.5476,3.6709,1]},
{"frame":45,"values":[0.9711,-0.1781,-0.1587,0,0.1787,0.9838,-0.0102,0,0.1579,-0.0185,0.9873,0,-0.0872,22.5476,3.6709,1]},
{"frame":46,"values":[0.9725,-0.1752,-0.1536,0,0.1763,0.9843,-0.0067,0,0.1524,-0.0206,0.9881,0,-0.0872,22.5476,3.6709,1]},
