{"producer":{"name":"Blender","version":"2.90.0","exporter_version":"2.80.1","file":"fight_castwidespell.babylon"},
"autoClear":true,"clearColor":[0.0509,0.0509,0.0509],"gravity":[0,-9.81,0],
"materials":[{"name":"Material","id":"Material","customType":"BABYLON.PBRMaterial","backFaceCulling":true,"checkReadyOnlyOnce":false,"maxSimultaneousLights":4,"environmentIntensity":1,"albedo":[0.8,0.8,0.8],"reflectivity":[0.5,0.5,0.5],"roughness":0.4,"alpha":1,"transparencyMode":0,"alphaCutOff":0.4,"metallic":0}],
"multiMaterials":[],
"skeletons":[{"name":"Armature","id":0,"dimensionsAtRest":[379.1952,391.6652,55.677],"bones":[
{"name":"mixamorig:Hips","index":0,"matrix":[0.4411,0.0096,-0.8974,0,-0.0969,0.9946,-0.0369,0,-0.8922,-0.1033,-0.4396,0,8.6786,176.9567,0.6061,1],"rest":[1,0,0,0,0,1,0,0,0,0,-1,0,0,201.6394,0,1],"parentBoneIndex":-1,"length":21.6784
,"animation":{"dataType":3,"framePerSecond":24,"keys":[
{"frame":1,"values":[0.4411,0.0096,-0.8974,0,-0.0969,0.9946,-0.0369,0,-0.8922,-0.1033,-0.4396,0,8.6786,176.9567,0.6061,1]},
{"frame":2,"values":[0.4463,0.0073,-0.8948,0,-0.0975,0.9944,-0.0405,0,-0.8896,-0.1053,-0.4445,0,8.4898,176.9461,1.028,1]},
{"frame":3,"values":[0.4572,0.0015,-0.8894,0,-0.0988,0.9939,-0.0491,0,-0.8839,-0.1104,-0.4545,0,8.1716,176.956,1.898,1]},
{"frame":4,"values":[0.4719,-0.0072,-0.8816,0,-0.1008,0.993,-0.0621,0,-0.8759,-0.1181,-0.4679,0,7.8368,176.9417,2.8865,1]},
{"frame":5,"values":[0.495,-0.0168,-0.8687,0,-0.1026,0.9917,-0.0776,0,-0.8628,-0.1275,-0.4892,0,7.6113,176.7505,3.853,1]},
{"frame":6,"values":[0.531,-0.0268,-0.8469,0,-0.1038,0.9899,-0.0964,0,-0.841,-0.1391,-0.5229,0,7.5208,176.2509,4.5496,1]},
{"frame":7,"values":[0.5755,-0.0396,-0.8168,0,-0.1015,0.9876,-0.1194,0,-0.8114,-0.1516,-0.5644,0,7.5976,175.8181,4.2534,1]},
{"frame":8,"values":[0.6293,-0.0559,-0.7752,0,-0.0889,0.9857,-0.1433,0,-0.7721,-0.1591,-0.6153,0,7.4836,175.8504,2.3502,1]},
{"frame":9,"values":[0.6898,-0.068,-0.7208,0,-0.063,0.9862,-0.1534,0,-0.7212,-0.1512,-0.676,0,6.823,176.4975,-1.7857,1]},
{"frame":10,"values":[0.7537,-0.0618,-0.6544,0,-0.037,0.99,-0.1361,0,-0.6562,-0.1268,-0.7438,0,6.1999,177.3852,-8.6547,1]},
{"frame":11,"values":[0.8211,-0.0263,-0.5702,0,-0.0371,0.9944,-0.0993,0,-0.5696,-0.1027,-0.8155,0,6.9107,177.7258,-17.3579,1]},
{"frame":12,"values":[0.8676,0.0285,-0.4964,0,-0.0552,0.9977,-0.0392,0,-0.4942,-0.0614,-0.8672,0,7.6524,177.0337,-25.8411,1]},
{"frame":13,"values":[0.8997,0.0818,-0.4288,0,-0.0704,0.9966,0.0424,0,-0.4308,0.008,-0.9024,0,8.2632,175.7484,-33.4671,1]},
{"frame":14,"values":[0.9356,0.1168,-0.3332,0,-0.0798,0.9892,0.1227,0,-0.3439,0.0882,-0.9349,0,8.1508,176.5114,-41.5628,1]},
{"frame":15,"values":[0.9654,0.1313,-0.2255,0,-0.0841,0.9746,0.2074,0,-0.247,0.1813,-0.9519,0,7.4673,178.3806,-49.647,1]},
{"frame":16,"values":[0.9849,0.1292,-0.1154,0,-0.0924,0.9553,0.2808,0,-0.1465,0.2659,-0.9528,0,6.1625,180.4424,-57.291,1]},
{"frame":17,"values":[0.9932,0.1155,-0.0122,0,-0.1051,0.9385,0.3288,0,-0.0494,0.3253,-0.9443,0,5.0234,181.7982,-63.7863,1]},
{"frame":18,"values":[0.993,0.0898,0.0765,0,-0.111,0.9308,0.3482,0,0.0399,0.3542,-0.9343,0,4.3626,182.5633,-68.2845,1]},
{"frame":19,"values":[0.987,0.0634,0.1479,0,-0.1115,0.9321,0.3446,0,0.116,0.3566,-0.927,0,3.0199,182.3592,-70.1453,1]},
{"frame":20,"values":[0.9836,0.0542,0.1721,0,-0.1064,0.9444,0.3112,0,0.1457,0.3244,-0.9346,0,1.6032,181.44,-69.7382,1]},
{"frame":21,"values":[0.9872,0.056,0.1491,0,-0.0958,0.9566,0.2751,0,0.1273,0.2859,-0.9498,0,0.4026,180.4437,-67.9847,1]},
{"frame":22,"values":[0.9941,0.0567,0.0922,0,-0.0773,0.968,0.2387,0,0.0758,0.2444,-0.9667,0,-1,180.4797,-65.4287,1]},
{"frame":23,"values":[0.9984,0.0529,0.0209,0,-0.0561,0.976,0.2103,0,0.0092,0.2111,-0.9774,0,-2.59,181.402,-63.362,1]},
{"frame":24,"values":[0.9977,0.054,-0.0402,0,-0.0446,0.9777,0.2051,0,-0.0504,0.2028,-0.9779,0,-4.3944,182.8076,-63.2619,1]},
{"frame":25,"values":[0.9948,0.058,-0.0831,0,-0.0386,0.9751,0.2185,0,-0.0937,0.2142,-0.9723,0,-6.5424,184.3419,-64.6099,1]},
{"frame":26,"values":[0.9951,0.0529,-0.0829,0,-0.0323,0.9721,0.2324,0,-0.0929,0.2286,-0.9691,0,-9.1221,185.5049,-66.8143,1]},
{"frame":27,"values":[0.9972,0.0448,-0.0591,0,-0.0297,0.9714,0.2358,0,-0.0679,0.2334,-0.97,0,-11.9331,186.0403,-70.0844,1]},
{"frame":28,"values":[0.9981,0.0413,-0.0456,0,-0.0291,0.9703,0.2401,0,-0.0542,0.2383,-0.9697,0,-15.0231,186.3172,-74.2213,1]},
{"frame":29,"values":[0.9978,0.0421,-0.051,0,-0.0283,0.9687,0.2465,0,-0.0597,0.2445,-0.9678,0,-18.6264,187.0449,-78.5385,1]},
{"frame":30,"values":[0.9969,0.0449,-0.0646,0,-0.0282,0.9704,0.2399,0,-0.0734,0.2374,-0.9686,0,-23.2037,188.289,-82.2336,1]},
{"frame":31,"values":[0.9969,0.0399,-0.0684,0,-0.024,0.9756,0.2184,0,-0.0754,0.2161,-0.9735,0,-28.6951,189.2021,-84.5351,1]},
{"frame":32,"values":[0.9981,0.0203,-0.0582,0,-0.0104,0.9861,0.1656,0,-0.0607,0.1647,-0.9845,0,-34.7719,188.6378,-84.22,1]},
{"frame":33,"values":[0.9999,0.0049,-0.009,0,-0.0042,0.9967,0.0812,0,-0.0094,0.0812,-0.9967,0,-40.8958,186.2528,-80.8105,1]},
{"frame":34,"values":[0.9978,0.0046,0.0665,0,-0.0031,0.9997,-0.0227,0,0.0666,-0.0225,-0.9975,0,-47.1795,182.2648,-74.7944,1]},
{"frame":35,"values":[0.9941,0.008,0.108,0,-0.0035,0.9992,-0.0409,0,0.1083,-0.0403,-0.9933,0,-53.763,178.9917,-69.7148,1]},
{"frame":36,"values":[0.9982,0.0042,0.0599,0,-0.0051,0.9999,0.0153,0,0.0598,0.0156,-0.9981,0,-57.985,179.6766,-68.0641,1]},
{"frame":37,"values":[0.9998,-0.0008,0.0189,0,0.0007,1,0.0048,0,0.0189,0.0047,-0.9998,0,-61.3059,180.6173,-68.0957,1]},
{"frame":38,"values":[0.9992,0.0046,0.0401,0,-0.0047,1,0.0031,0,0.0401,0.0033,-0.9992,0,-63.5073,182.9434,-70.2558,1]},
{"frame":39,"values":[0.9991,-0.0002,0.0415,0,0.0003,1,-0.0034,0,0.0415,-0.0034,-0.9991,0,-63.9614,185.0116,-71.1911,1]},
{"frame":40,"values":[0.9994,-0.0087,0.0345,0,0.0085,0.9999,0.0052,0,0.0345,0.0049,-0.9994,0,-64.2979,186.0358,-71.7542,1]},
{"frame":41,"values":[0.9999,-0.0063,0.0136,0,0.0064,1,-0.0013,0,0.0136,-0.0014,-0.9999,0,-63.7409,186.846,-72.7979,1]},
{"frame":42,"values":[1,-0.0077,0.0001,0,0.0077,0.9999,-0.0081,0,0,-0.0081,-1,0,-62.9814,187.404,-73.2843,1]},
{"frame":43,"values":[1,-0.0069,-0.0067,0,0.0069,1,0.0005,0,-0.0067,0.0005,-1,0,-62.3095,187.8522,-73.641,1]},
{"frame":44,"values":[1,-0.0014,-0.0091,0,0.0015,1,0.0048,0,-0.0091,0.0048,-0.9999,0,-61.5937,188.1483,-74.0442,1]},
{"frame":45,"values":[1,-0.0017,-0.006,0,0.0017,1,0.0078,0,-0.0059,0.0078,-1,0,-61.1477,188.061,-74.1438,1]},
{"frame":46,"values":[1,0.0001,0.0001,0,-0.0001,0.9999,0.0124,0,0.0001,0.0124,-0.9999,0,-61.0323,187.7346,-74.0373,1]},
{"frame":47,"values":[1,0,0.0075,0,-0.0001,0.9999,0.015,0,0.0075,0.015,-0.9999,0,-61.1038,187.4125,-73.7978,1]},
{"frame":48,"values":[0.9999,0.0005,0.0142,0,-0.0007,0.9999,0.0169,0,0.0141,0.0169,-0.9998,0,-61.2558,187.2256,-73.4432,1]},
{"frame":49,"values":[0.9997,0.0006,0.0226,0,-0.001,0.9999,0.0166,0,0.0226,0.0166,-0.9996,0,-61.5125,187.2256,-73.0719,1]},
{"frame":50,"values":[0.9995,-0.0001,0.0324,0,-0.0005,0.9998,0.0174,0,0.0324,0.0174,-0.9993,0,-61.6755,187.1469,-72.6153,1]},
{"frame":51,"values":[0.9992,-0.003,0.0393,0,0.0022,0.9998,0.0198,0,0.0394,0.0197,-0.999,0,-61.6719,186.6205,-72.1248,1]},
{"frame":52,"values":[0.999,-0.0063,0.0441,0,0.0051,0.9997,0.0259,0,0.0443,0.0257,-0.9987,0,-61.077,185.0968,-71.6006,1]},
{"frame":53,"values":[0.9987,-0.009,0.0493,0,0.0071,0.9992,0.0388,0,0.0496,0.0384,-0.998,0,-59.7216,182.6176,-71.1023,1]},
{"frame":54,"values":[0.9983,-0.0067,0.0571,0,0.0035,0.9984,0.0559,0,0.0574,0.0556,-0.9968,0,-57.4435,179.4295,-70.6628,1]},
{"frame":55,"values":[0.9972,-0.0033,0.0753,0,-0.0021,0.9974,0.0721,0,0.0753,0.0721,-0.9946,0,-54.0202,175.9534,-70.0727,1]},
{"frame":56,"values":[0.9949,0.0007,0.1004,0,-0.009,0.9966,0.0822,0,0.1,0.0827,-0.9915,0,-48.7538,173.478,-69.2215,1]},
{"frame":57,"values":[0.9953,0.0054,0.0966,0,-0.0129,0.9969,0.0775,0,0.0959,0.0784,-0.9923,0,-41.327,172.7316,-67.93,1]},
{"frame":58,"values":[0.9995,0.0146,0.0264,0,-0.016,0.9985,0.0532,0,0.0256,0.0536,-0.9982,0,-32.2613,173.9653,-65.8048,1]},
{"frame":59,"values":[0.995,0.0184,-0.0985,0,-0.0177,0.9998,0.0076,0,-0.0987,0.0059,-0.9951,0,-22.895,176.5521,-62.3649,1]},
{"frame":60,"values":[0.97,0.0092,-0.2428,0,-0.0198,0.9989,-0.0415,0,-0.2422,-0.045,-0.9692,0,-15.1388,178.8422,-58.7278,1]},
{"frame":61,"values":[0.925,-0.0083,-0.3799,0,-0.0224,0.9968,-0.0762,0,-0.3794,-0.079,-0.9219,0,-8.5798,180.454,-55.6589,1]},
{"frame":62,"values":[0.8772,-0.0187,-0.4797,0,-0.0335,0.9944,-0.1001,0,-0.4789,-0.1039,-0.8717,0,-3.1253,181.2465,-53.6495,1]},
{"frame":63,"values":[0.8368,-0.022,-0.547,0,-0.0426,0.9936,-0.1051,0,-0.5458,-0.1112,-0.8305,0,1.1719,181.3724,-51.9087,1]},
{"frame":64,"values":[0.7943,-0.0274,-0.607,0,-0.0507,0.9925,-0.1111,0,-0.6055,-0.119,-0.7869,0,4.6749,181.414,-50.3483,1]},
{"frame":65,"values":[0.7468,-0.0318,-0.6643,0,-0.0589,0.9918,-0.1136,0,-0.6625,-0.1239,-0.7388,0,7.3632,181.5361,-48.3457,1]},
{"frame":66,"values":[0.6949,-0.0401,-0.718,0,-0.0632,0.9912,-0.1165,0,-0.7163,-0.1263,-0.6863,0,9.4096,181.4682,-45.713,1]},
{"frame":67,"values":[0.641,-0.0512,-0.7658,0,-0.0647,0.9906,-0.1205,0,-0.7648,-0.1268,-0.6317,0,10.8157,181.3344,-42.4777,1]},
{"frame":68,"values":[0.594,-0.0596,-0.8022,0,-0.067,0.9901,-0.1231,0,-0.8017,-0.1269,-0.5842,0,11.4922,181.2232,-38.4931,1]},
{"frame":69,"values":[0.5576,-0.0618,-0.8278,0,-0.0706,0.9901,-0.1214,0,-0.8271,-0.1261,-0.5477,0,11.4092,180.9413,-33.721,1]},
{"frame":70,"values":[0.5321,-0.0624,-0.8444,0,-0.0743,0.99,-0.12,0,-0.8434,-0.1266,-0.5221,0,10.6102,180.2874,-28.1086,1]},
{"frame":71,"values":[0.5151,-0.0639,-0.8547,0,-0.0763,0.9898,-0.12,0,-0.8537,-0.1271,-0.505,0,9.4423,179.4485,-21.8282,1]},
{"frame":72,"values":[0.5025,-0.0639,-0.8622,0,-0.0799,0.9896,-0.1199,0,-0.8609,-0.1291,-0.4921,0,8.607,178.2432,-15.369,1]},
{"frame":73,"values":[0.4844,-0.0611,-0.8727,0,-0.0817,0.99,-0.1147,0,-0.871,-0.1269,-0.4746,0,8.1423,176.9413,-9.7441,1]},
{"frame":74,"values":[0.4652,-0.0536,-0.8836,0,-0.0847,0.9909,-0.1047,0,-0.8812,-0.1236,-0.4564,0,7.8868,176.1626,-5.5126,1]},
{"frame":75,"values":[0.4458,-0.0453,-0.894,0,-0.0861,0.9919,-0.0932,0,-0.891,-0.1186,-0.4383,0,7.9151,175.9158,-2.5862,1]},
{"frame":76,"values":[0.4314,-0.0349,-0.9015,0,-0.0888,0.9928,-0.0809,0,-0.8978,-0.115,-0.4252,0,7.8181,176.3458,-0.6227,1]},
{"frame":77,"values":[0.4272,-0.0265,-0.9038,0,-0.0927,0.993,-0.073,0,-0.8994,-0.115,-0.4218,0,7.9182,176.7975,0.5461,1]},
{"frame":78,"values":[0.4288,-0.0175,-0.9032,0,-0.0958,0.9933,-0.0648,0,-0.8983,-0.1143,-0.4243,0,8.2192,177.1149,1.0194,1]},
{"frame":79,"values":[0.4287,-0.0099,-0.9034,0,-0.0987,0.9934,-0.0578,0,-0.8981,-0.114,-0.4249,0,8.4354,177.3544,1.2686,1]},
{"frame":80,"values":[0.4299,-0.0046,-0.9029,0,-0.0994,0.9937,-0.0524,0,-0.8974,-0.1123,-0.4267,0,8.64,177.4496,1.2955,1]},
{"frame":81,"values":[0.433,-0.0003,-0.9014,0,-0.0994,0.9939,-0.0481,0,-0.8959,-0.1104,-0.4303,0,8.8516,177.4009,1.182,1]},
{"frame":82,"values":[0.4374,0.003,-0.8993,0,-0.0985,0.9941,-0.0446,0,-0.8939,-0.1081,-0.4351,0,8.9791,177.2614,1.0309,1]},
{"frame":83,"values":[0.4389,0.0044,-0.8985,0,-0.0975,0.9943,-0.0428,0,-0.8932,-0.1064,-0.4368,0,8.9755,177.1145,0.8581,1]},
{"frame":84,"values":[0.4391,0.0059,-0.8984,0,-0.0969,0.9945,-0.0408,0,-0.8932,-0.105,-0.4372,0,8.9221,176.9795,0.699,1]},
{"frame":85,"values":[0.4403,0.0082,-0.8978,0,-0.0968,0.9946,-0.0384,0,-0.8926,-0.1038,-0.4387,0,8.7915,176.9437,0.6055,1]},
{"frame":86,"values":[0.4411,0.0096,-0.8974,0,-0.0969,0.9946,-0.0369,0,-0.8922,-0.1033,-0.4396,0,8.6786,176.9567,0.6061,1]}],"loopBehavior":1,"name":"anim","property":"_matrix"}},
{"name":"mixamorig:Spine","index":1,"matrix":[0.9999,-0.0155,0.0033,0,0.0152,0.9975,0.0688,0,-0.0044,-0.0687,0.9976,0,0.0062,19.525,-2.4818,1],"rest":[1,0,0,0,0,1,0,0,0,0,1,0,0.0062,19.525,-2.4818,1],"parentBoneIndex":0,"length":23.0091
,"animation":{"dataType":3,"framePerSecond":24,"keys":[
{"frame":1,"values":[0.9999,-0.0155,0.0033,0,0.0152,0.9975,0.0688,0,-0.0044,-0.0687,0.9976,0,0.0062,19.525,-2.4818,1]},
{"frame":2,"values":[0.9999,-0.0154,0.0033,0,0.0151,0.9975,0.0695,0,-0.0043,-0.0694,0.9976,0,0.0062,19.525,-2.4818,1]},
{"frame":3,"values":[0.9999,-0.0149,0.0028,0,0.0146,0.9974,0.0703,0,-0.0039,-0.0702,0.9975,0,0.0062,19.525,-2.4818,1]},
{"frame":4,"values":[0.9999,-0.0132,0.0028,0,0.013,0.9974,0.0713,0,-0.0038,-0.0713,0.9974,0,0.0062,19.525,-2.4818,1]},
{"frame":5,"values":[0.9999,-0.0128,0.0031,0,0.0125,0.9973,0.0721,0,-0.004,-0.072,0.9974,0,0.0062,19.525,-2.4818,1]},
{"frame":6,"values":[0.9999,-0.0127,0.0029,0,0.0125,0.9973,0.0718,0,-0.0038,-0.0717,0.9974,0,0.0062,19.525,-2.4818,1]},
{"frame":7,"values":[0.9999,-0.01,0.003,0,0.0098,0.9976,0.069,0,-0.0037,-0.069,0.9976,0,0.0062,19.525,-2.4818,1]},
{"frame":8,"values":[1,-0.0027,0.0027,0,0.0026,0.998,0.0635,0,-0.0029,-0.0635,0.998,0,0.0062,19.525,-2.4818,1]},
{"frame":9,"values":[1,0.0056,0.0015,0,-0.0057,0.9984,0.0564,0,-0.0011,-0.0564,0.9984,0,0.0062,19.525,-2.4818,1]},
{"frame":10,"values":[1,0.0096,0.0027,0,-0.0097,0.9988,0.0476,0,-0.0022,-0.0477,0.9989,0,0.0062,19.525,-2.4818,1]},
{"frame":11,"values":[1,0.0094,0.0022,0,-0.0094,0.9992,0.0385,0,-0.0018,-0.0385,0.9993,0,0.0062,19.525,-2.4818,1]},
{"frame":12,"values":[1,0.0042,-0.0081,0,-0.0039,0.9991,0.042,0,0.0083,-0.0419,0.9991,0,0.0062,19.525,-2.4818,1]},
{"frame":13,"values":[0.9999,-0.0037,-0.0099,0,0.0042,0.9985,0.0552,0,0.0097,-0.0553,0.9984,0,0.0062,19.525,-2.4818,1]},
{"frame":14,"values":[0.9999,-0.0123,0.0053,0,0.0119,0.9977,0.0664,0,-0.0061,-0.0663,0.9978,0,0.0062,19.525,-2.4818,1]},
{"frame":15,"values":[0.9997,-0.0158,0.0199,0,0.0143,0.9971,0.0753,0,-0.021,-0.075,0.997,0,0.0062,19.525,-2.4818,1]},
{"frame":16,"values":[0.9995,-0.0175,0.0251,0,0.0155,0.9971,0.0751,0,-0.0263,-0.0746,0.9969,0,0.0062,19.525,-2.4818,1]},
{"frame":17,"values":[0.9996,-0.0154,0.0221,0,0.014,0.9979,0.0637,0,-0.023,-0.0634,0.9977,0,0.0062,19.525,-2.4818,1]},
{"frame":18,"values":[0.9998,-0.009,0.0201,0,0.008,0.9987,0.0512,0,-0.0205,-0.051,0.9985,0,0.0062,19.525,-2.4818,1]},
{"frame":19,"values":[0.9998,-0.0049,0.0193,0,0.0039,0.9987,0.051,0,-0.0195,-0.0509,0.9985,0,0.0062,19.525,-2.4818,1]},
{"frame":20,"values":[0.9998,-0.0056,0.018,0,0.0046,0.9982,0.0596,0,-0.0183,-0.0595,0.9981,0,0.0062,19.525,-2.4818,1]},
{"frame":21,"values":[0.9997,-0.0078,0.021,0,0.0062,0.9972,0.0746,0,-0.0215,-0.0744,0.997,0,0.0062,19.525,-2.4818,1]},
{"frame":22,"values":[0.9996,-0.0079,0.0253,0,0.0056,0.9959,0.0903,0,-0.0259,-0.0902,0.9956,0,0.0062,19.525,-2.4818,1]},
{"frame":23,"values":[0.9997,-0.0074,0.0226,0,0.0049,0.9943,0.1062,0,-0.0233,-0.1061,0.9941,0,0.0062,19.525,-2.4818,1]},
{"frame":24,"values":[0.9999,-0.0058,0.0148,0,0.004,0.993,0.1177,0,-0.0154,-0.1176,0.9929,0,0.0062,19.525,-2.4818,1]},
{"frame":25,"values":[0.9999,-0.0069,0.0156,0,0.005,0.9929,0.1189,0,-0.0163,-0.1188,0.9928,0,0.0062,19.525,-2.4818,1]},
{"frame":26,"values":[0.9998,-0.0071,0.0196,0,0.0048,0.9932,0.1165,0,-0.0202,-0.1163,0.993,0,0.0062,19.525,-2.4818,1]},
{"frame":27,"values":[0.9998,-0.0067,0.0195,0,0.0044,0.9933,0.1156,0,-0.0201,-0.1154,0.9931,0,0.0062,19.525,-2.4818,1]},
{"frame":28,"values":[0.9998,-0.005,0.0168,0,0.0031,0.9938,0.1115,0,-0.0172,-0.1114,0.9936,0,0.0062,19.525,-2.4818,1]},
{"frame":29,"values":[0.9999,-0.0053,0.0142,0,0.0038,0.9949,0.1011,0,-0.0147,-0.101,0.9948,0,0.0062,19.525,-2.4818,1]},
{"frame":30,"values":[0.9999,-0.0008,0.0162,0,-0.0006,0.9966,0.0828,0,-0.0162,-0.0828,0.9964,0,0.0062,19.525,-2.4818,1]},
{"frame":31,"values":[0.9998,0.0051,0.0166,0,-0.006,0.9984,0.0557,0,-0.0163,-0.0558,0.9983,0,0.0062,19.525,-2.4818,1]},
{"frame":32,"values":[0.9999,0.0047,0.0139,0,-0.0053,0.9993,0.0378,0,-0.0137,-0.0379,0.9992,0,0.0062,19.525,-2.4818,1]},
{"frame":33,"values":[1,0.0063,0.0074,0,-0.0066,0.9992,0.0392,0,-0.0072,-0.0393,0.9992,0,0.0062,19.525,-2.4818,1]},
{"frame":34,"values":[1,0.0073,0.0008,0,-0.0073,0.9983,0.0571,0,-0.0004,-0.0571,0.9984,0,0.0062,19.525,-2.4818,1]},
{"frame":35,"values":[1,0.0068,-0.0031,0,-0.0065,0.9957,0.0929,0,0.0037,-0.0928,0.9957,0,0.0062,19.525,-2.4818,1]},
{"frame":36,"values":[1,0.0002,-0.0031,0,0.0001,0.9941,0.1087,0,0.0031,-0.1087,0.9941,0,0.0062,19.525,-2.4818,1]},
{"frame":37,"values":[1,-0.0029,0.0076,0,0.0019,0.9913,0.1315,0,-0.0079,-0.1314,0.9913,0,0.0062,19.525,-2.4818,1]},
{"frame":38,"values":[0.9999,-0.0008,0.0123,0,-0.0006,0.9934,0.1145,0,-0.0123,-0.1145,0.9933,0,0.0062,19.525,-2.4818,1]},
{"frame":39,"values":[0.9999,-0.0062,0.014,0,0.0048,0.9952,0.0977,0,-0.0145,-0.0977,0.9951,0,0.0062,19.525,-2.4818,1]},
{"frame":40,"values":[0.9999,-0.0052,0.0099,0,0.0042,0.9949,0.1012,0,-0.0103,-0.1012,0.9948,0,0.0062,19.525,-2.4818,1]},
{"frame":41,"values":[0.9999,-0.0049,0.011,0,0.0039,0.996,0.0897,0,-0.0113,-0.0897,0.9959,0,0.0062,19.525,-2.4818,1]},
{"frame":42,"values":[0.9999,-0.0022,0.0102,0,0.0014,0.9968,0.0805,0,-0.0103,-0.0805,0.9967,0,0.0062,19.525,-2.4818,1]},
{"frame":43,"values":[0.9999,-0.0009,0.0104,0,0,0.9968,0.08,0,-0.0104,-0.08,0.9967,0,0.0062,19.525,-2.4818,1]},
{"frame":44,"values":[0.9999,-0.0024,0.0103,0,0.0016,0.9971,0.0764,0,-0.0104,-0.0763,0.997,0,0.0062,19.525,-2.4818,1]},
{"frame":45,"values":[0.9999,-0.0012,0.0099,0,0.0004,0.9973,0.0735,0,-0.01,-0.0735,0.9972,0,0.0062,19.525,-2.4818,1]},
{"frame":46,"values":[0.9999,0,0.0101,0,-0.0007,0.9973,0.073,0,-0.0101,-0.073,0.9973,0,0.0062,19.525,-2.4818,1]},
{"frame":47,"values":[0.9999,0.0005,0.0101,0,-0.0012,0.9973,0.0728,0,-0.01,-0.0728,0.9973,0,0.0062,19.525,-2.4818,1]},
{"frame":48,"values":[1,0.0011,0.0099,0,-0.0019,0.9973,0.0735,0,-0.0098,-0.0735,0.9972,0,0.0062,19.525,-2.4818,1]},
{"frame":49,"values":[0.9999,0.0009,0.0101,0,-0.0017,0.9972,0.0746,0,-0.01,-0.0747,0.9972,0,0.0062,19.525,-2.4818,1]},
{"frame":50,"values":[0.9999,0.0006,0.0107,0,-0.0014,0.9972,0.0746,0,-0.0106,-0.0746,0.9972,0,0.0062,19.525,-2.4818,1]},
{"frame":51,"values":[0.9999,-0.0002,0.011,0,-0.0006,0.9972,0.075,0,-0.0109,-0.075,0.9971,0,0.0062,19.525,-2.4818,1]},
{"frame":52,"values":[0.9999,-0.0014,0.0102,0,0.0006,0.9971,0.0767,0,-0.0103,-0.0767,0.997,0,0.0062,19.525,-2.4818,1]},
{"frame":53,"values":[1,-0.0026,0.0066,0,0.002,0.9967,0.0813,0,-0.0068,-0.0813,0.9967,0,0.0062,19.525,-2.4818,1]},
{"frame":54,"values":[1,-0.0047,0.0008,0,0.0046,0.9962,0.087,0,-0.0012,-0.087,0.9962,0,0.0062,19.525,-2.4818,1]},
{"frame":55,"values":[1,-0.0068,-0.0067,0,0.0074,0.9959,0.0905,0,0.006,-0.0905,0.9959,0,0.0062,19.525,-2.4818,1]},
{"frame":56,"values":[0.9999,-0.0039,-0.0155,0,0.0053,0.996,0.0895,0,0.0151,-0.0895,0.9959,0,0.0062,19.525,-2.4818,1]},
{"frame":57,"values":[0.9998,0.0009,-0.0214,0,0.0009,0.9965,0.083,0,0.0214,-0.083,0.9963,0,0.0062,19.525,-2.4818,1]},
{"frame":58,"values":[0.9998,0.0045,-0.0211,0,-0.0028,0.9968,0.0796,0,0.0214,-0.0795,0.9966,0,0.0062,19.525,-2.4818,1]},
{"frame":59,"values":[0.9998,0.0091,-0.0182,0,-0.0077,0.9969,0.0784,0,0.0189,-0.0782,0.9968,0,0.0062,19.525,-2.4818,1]},
{"frame":60,"values":[0.9998,0.0073,-0.016,0,-0.0059,0.9964,0.0848,0,0.0166,-0.0847,0.9963,0,0.0062,19.525,-2.4818,1]},
{"frame":61,"values":[0.9999,-0.0003,-0.0143,0,0.0016,0.9955,0.0951,0,0.0142,-0.0951,0.9954,0,0.0062,19.525,-2.4818,1]},
{"frame":62,"values":[0.9999,-0.0072,-0.0083,0,0.008,0.9954,0.0956,0,0.0076,-0.0957,0.9954,0,0.0062,19.525,-2.4818,1]},
{"frame":63,"values":[0.9999,-0.0102,-0.0048,0,0.0106,0.9955,0.0944,0,0.0038,-0.0944,0.9955,0,0.0062,19.525,-2.4818,1]},
{"frame":64,"values":[0.9999,-0.0132,-0.0088,0,0.014,0.9955,0.094,0,0.0075,-0.0941,0.9955,0,0.0062,19.525,-2.4818,1]},
{"frame":65,"values":[0.9998,-0.0132,-0.0127,0,0.0143,0.9957,0.0912,0,0.0114,-0.0913,0.9958,0,0.0062,19.525,-2.4818,1]},
{"frame":66,"values":[0.9998,-0.013,-0.0174,0,0.0144,0.996,0.0881,0,0.0162,-0.0884,0.996,0,0.0062,19.525,-2.4818,1]},
{"frame":67,"values":[0.9997,-0.0129,-0.0202,0,0.0146,0.9962,0.0854,0,0.019,-0.0857,0.9961,0,0.0062,19.525,-2.4818,1]},
{"frame":68,"values":[0.9997,-0.0149,-0.0214,0,0.0166,0.9964,0.0827,0,0.0201,-0.083,0.9963,0,0.0062,19.525,-2.4818,1]},
{"frame":69,"values":[0.9996,-0.0185,-0.0208,0,0.0201,0.9966,0.0795,0,0.0192,-0.0799,0.9966,0,0.0062,19.525,-2.4818,1]},
{"frame":70,"values":[0.9996,-0.0225,-0.0192,0,0.0239,0.9969,0.075,0,0.0174,-0.0755,0.997,0,0.0062,19.525,-2.4818,1]},
{"frame":71,"values":[0.9996,-0.025,-0.0158,0,0.0261,0.9971,0.0712,0,0.014,-0.0715,0.9973,0,0.0062,19.525,-2.4818,1]},
{"frame":72,"values":[0.9996,-0.0258,-0.0114,0,0.0265,0.9973,0.0691,0,0.0096,-0.0694,0.9975,0,0.0062,19.525,-2.4818,1]},
{"frame":73,"values":[0.9996,-0.026,-0.0077,0,0.0265,0.9972,0.0699,0,0.0059,-0.0701,0.9975,0,0.0062,19.525,-2.4818,1]},
{"frame":74,"values":[0.9996,-0.0266,-0.0047,0,0.0269,0.997,0.0719,0,0.0027,-0.072,0.9974,0,0.0062,19.525,-2.4818,1]},
{"frame":75,"values":[0.9997,-0.0244,-0.0019,0,0.0245,0.997,0.0735,0,0.0001,-0.0735,0.9973,0,0.0062,19.525,-2.4818,1]},
{"frame":76,"values":[0.9998,-0.0223,-0.0006,0,0.0223,0.9971,0.0727,0,-0.001,-0.0727,0.9974,0,0.0062,19.525,-2.4818,1]},
{"frame":77,"values":[0.9998,-0.0206,0.0011,0,0.0205,0.9973,0.0712,0,-0.0026,-0.0712,0.9975,0,0.0062,19.525,-2.4818,1]},
{"frame":78,"values":[0.9998,-0.019,0.0024,0,0.0188,0.9973,0.0713,0,-0.0038,-0.0712,0.9975,0,0.0062,19.525,-2.4818,1]},
{"frame":79,"values":[0.9998,-0.0183,0.0023,0,0.0181,0.9973,0.0706,0,-0.0036,-0.0706,0.9975,0,0.0062,19.525,-2.4818,1]},
{"frame":80,"values":[0.9998,-0.0174,0.0018,0,0.0172,0.9974,0.0698,0,-0.003,-0.0697,0.9976,0,0.0062,19.525,-2.4818,1]},
{"frame":81,"values":[0.9999,-0.0166,0.0019,0,0.0164,0.9975,0.0693,0,-0.0031,-0.0692,0.9976,0,0.0062,19.525,-2.4818,1]},
{"frame":82,"values":[0.9999,-0.0158,0.0022,0,0.0156,0.9975,0.0692,0,-0.0033,-0.0692,0.9976,0,0.0062,19.525,-2.4818,1]},
{"frame":83,"values":[0.9999,-0.0158,0.0029,0,0.0156,0.9975,0.0695,0,-0.004,-0.0694,0.9976,0,0.0062,19.525,-2.4818,1]},
{"frame":84,"values":[0.9999,-0.0157,0.0035,0,0.0154,0.9975,0.069,0,-0.0046,-0.0689,0.9976,0,0.0062,19.525,-2.4818,1]},
{"frame":85,"values":[0.9999,-0.0155,0.0035,0,0.0152,0.9975,0.0687,0,-0.0045,-0.0686,0.9976,0,0.0062,19.525,-2.4818,1]},
{"frame":86,"values":[0.9999,-0.0155,0.0033,0,0.0152,0.9975,0.0688,0,-0.0044,-0.0687,0.9976,0,0.0062,19.525,-2.4818,1]}],"loopBehavior":1,"name":"anim","property":"_matrix"}},
{"name":"mixamorig:Spine1","index":2,"matrix":[1,-0.0049,0.0061,0,0.0045,0.9986,0.0527,0,-0.0063,-0.0527,0.9986,0,-0.0009,22.835,-2.8254,1],"rest":[1,0,0,0,0,1,0,0,0,0,1,0,-0.0009,22.835,-2.8254,1],"parentBoneIndex":1,"length":26.7438
,"animation":{"dataType":3,"framePerSecond":24,"keys":[
{"frame":1,"values":[1,-0.0049,0.0061,0,0.0045,0.9986,0.0527,0,-0.0063,-0.0527,0.9986,0,-0.0009,22.835,-2.8254,1]},
{"frame":2,"values":[1,-0.0052,0.006,0,0.0049,0.9986,0.0532,0,-0.0062,-0.0532,0.9986,0,-0.0009,22.835,-2.8254,1]},
{"frame":3,"values":[1,-0.0049,0.0054,0,0.0046,0.9985,0.054,0,-0.0056,-0.0539,0.9985,0,-0.0009,22.835,-2.8254,1]},
{"frame":4,"values":[1,-0.0034,0.0054,0,0.0031,0.9985,0.0542,0,-0.0056,-0.0542,0.9985,0,-0.0009,22.835,-2.8254,1]},
{"frame":5,"values":[1,-0.0025,0.0059,0,0.0022,0.9985,0.055,0,-0.006,-0.055,0.9985,0,-0.0009,22.835,-2.8254,1]},
{"frame":6,"values":[1,-0.0024,0.0059,0,0.0021,0.9985,0.0554,0,-0.006,-0.0554,0.9984,0,-0.0009,22.835,-2.8254,1]},
{"frame":7,"values":[1,-0.0001,0.006,0,-0.0003,0.9985,0.0542,0,-0.006,-0.0542,0.9985,0,-0.0009,22.835,-2.8254,1]},
{"frame":8,"values":[1,0.0054,0.0053,0,-0.0057,0.9987,0.0505,0,-0.0051,-0.0505,0.9987,0,-0.0009,22.835,-2.8254,1]},
{"frame":9,"values":[0.9999,0.0095,0.0031,0,-0.0096,0.9989,0.046,0,-0.0027,-0.046,0.9989,0,-0.0009,22.835,-2.8254,1]},
{"frame":10,"values":[1,0.008,0.0044,0,-0.0081,0.9992,0.0404,0,-0.0041,-0.0404,0.9992,0,-0.0009,22.835,-2.8254,1]},
{"frame":11,"values":[1,0.0052,0.0037,0,-0.0054,0.9995,0.0326,0,-0.0036,-0.0326,0.9995,0,-0.0009,22.835,-2.8254,1]},
{"frame":12,"values":[1,-0.0005,-0.0097,0,0.0008,0.9995,0.0329,0,0.0097,-0.0329,0.9994,0,-0.0009,22.835,-2.8254,1]},
{"frame":13,"values":[0.9999,-0.0066,-0.011,0,0.0071,0.9991,0.0411,0,0.0107,-0.0412,0.9991,0,-0.0009,22.835,-2.8254,1]},
{"frame":14,"values":[0.9999,-0.0072,0.0111,0,0.0068,0.9991,0.0411,0,-0.0114,-0.041,0.9991,0,-0.0009,22.835,-2.8254,1]},
{"frame":15,"values":[0.9995,-0.0069,0.0308,0,0.0056,0.9991,0.042,0,-0.031,-0.0418,0.9986,0,-0.0009,22.835,-2.8254,1]},
{"frame":16,"values":[0.9993,-0.0092,0.0372,0,0.0077,0.9992,0.0381,0,-0.0376,-0.0378,0.9986,0,-0.0009,22.835,-2.8254,1]},
{"frame":17,"values":[0.9994,-0.0093,0.0324,0,0.0084,0.9995,0.0296,0,-0.0327,-0.0293,0.999,0,-0.0009,22.835,-2.8254,1]},
{"frame":18,"values":[0.9996,-0.0041,0.0291,0,0.0034,0.9997,0.0231,0,-0.0292,-0.023,0.9993,0,-0.0009,22.835,-2.8254,1]},
{"frame":19,"values":[0.9996,-0.0016,0.0275,0,0.0009,0.9996,0.0268,0,-0.0275,-0.0267,0.9993,0,-0.0009,22.835,-2.8254,1]},
{"frame":20,"values":[0.9997,-0.0005,0.0256,0,-0.0004,0.9994,0.0345,0,-0.0256,-0.0345,0.9991,0,-0.0009,22.835,-2.8254,1]},
{"frame":21,"values":[0.9996,0,0.0298,0,-0.0014,0.999,0.0457,0,-0.0297,-0.0457,0.9985,0,-0.0009,22.835,-2.8254,1]},
{"frame":22,"values":[0.9994,-0.0004,0.0355,0,-0.0015,0.9985,0.0541,0,-0.0354,-0.0541,0.9979,0,-0.0009,22.835,-2.8254,1]},
{"frame":23,"values":[0.9995,-0.0013,0.0312,0,-0.0005,0.9982,0.0594,0,-0.0313,-0.0594,0.9977,0,-0.0009,22.835,-2.8254,1]},
{"frame":24,"values":[0.9998,-0.0029,0.0198,0,0.0017,0.9982,0.0605,0,-0.02,-0.0605,0.998,0,-0.0009,22.835,-2.8254,1]},
{"frame":25,"values":[0.9998,-0.0039,0.0214,0,0.0027,0.9983,0.0586,0,-0.0216,-0.0585,0.9981,0,-0.0009,22.835,-2.8254,1]},
{"frame":26,"values":[0.9996,-0.0044,0.0278,0,0.0028,0.9984,0.057,0,-0.028,-0.0569,0.998,0,-0.0009,22.835,-2.8254,1]},
{"frame":27,"values":[0.9996,-0.0044,0.0286,0,0.0028,0.9985,0.0544,0,-0.0288,-0.0543,0.9981,0,-0.0009,22.835,-2.8254,1]},
{"frame":28,"values":[0.9997,-0.0029,0.0262,0,0.0016,0.9987,0.0501,0,-0.0263,-0.0501,0.9984,0,-0.0009,22.835,-2.8254,1]},
{"frame":29,"values":[0.9997,-0.0018,0.0246,0,0.0007,0.9991,0.0424,0,-0.0247,-0.0424,0.9988,0,-0.0009,22.835,-2.8254,1]},
{"frame":30,"values":[0.9996,-0.0001,0.0279,0,-0.0007,0.9996,0.0287,0,-0.0279,-0.0287,0.9992,0,-0.0009,22.835,-2.8254,1]},
{"frame":31,"values":[0.9996,-0.0016,0.0271,0,0.0012,0.9999,0.0152,0,-0.0271,-0.0152,0.9995,0,-0.0009,22.835,-2.8254,1]},
{"frame":32,"values":[0.9998,-0.0046,0.0213,0,0.0043,0.9999,0.0119,0,-0.0214,-0.0118,0.9997,0,-0.0009,22.835,-2.8254,1]},
{"frame":33,"values":[0.9999,-0.0007,0.0109,0,0.0004,0.9998,0.022,0,-0.0109,-0.022,0.9997,0,-0.0009,22.835,-2.8254,1]},
{"frame":34,"values":[1,0.0037,0.0004,0,-0.0037,0.9992,0.0404,0,-0.0003,-0.0404,0.9992,0,-0.0009,22.835,-2.8254,1]},
{"frame":35,"values":[1,0.0057,-0.0048,0,-0.0054,0.9976,0.0688,0,0.0052,-0.0688,0.9976,0,-0.0009,22.835,-2.8254,1]},
{"frame":36,"values":[1,0.0034,-0.0042,0,-0.003,0.9968,0.0803,0,0.0044,-0.0803,0.9968,0,-0.0009,22.835,-2.8254,1]},
{"frame":37,"values":[0.9999,0.0024,0.0112,0,-0.0034,0.9959,0.0903,0,-0.011,-0.0904,0.9958,0,-0.0009,22.835,-2.8254,1]},
{"frame":38,"values":[0.9998,0.001,0.0176,0,-0.0023,0.9971,0.076,0,-0.0174,-0.076,0.997,0,-0.0009,22.835,-2.8254,1]},
{"frame":39,"values":[0.9998,0.0001,0.0205,0,-0.0013,0.9983,0.0585,0,-0.0205,-0.0585,0.9981,0,-0.0009,22.835,-2.8254,1]},
{"frame":40,"values":[0.9999,0.0006,0.0147,0,-0.0015,0.9979,0.0653,0,-0.0146,-0.0654,0.9978,0,-0.0009,22.835,-2.8254,1]},
{"frame":41,"values":[0.9999,0.0003,0.0161,0,-0.0012,0.9984,0.056,0,-0.0161,-0.056,0.9983,0,-0.0009,22.835,-2.8254,1]},
{"frame":42,"values":[0.9999,0.0025,0.0148,0,-0.0032,0.9988,0.0489,0,-0.0147,-0.0489,0.9987,0,-0.0009,22.835,-2.8254,1]},
{"frame":43,"values":[0.9999,0.0029,0.0151,0,-0.0036,0.9987,0.0499,0,-0.0149,-0.05,0.9986,0,-0.0009,22.835,-2.8254,1]},
{"frame":44,"values":[0.9999,0.001,0.0149,0,-0.0017,0.9989,0.0465,0,-0.0148,-0.0465,0.9988,0,-0.0009,22.835,-2.8254,1]},
{"frame":45,"values":[0.9999,0.002,0.0144,0,-0.0027,0.999,0.044,0,-0.0143,-0.044,0.9989,0,-0.0009,22.835,-2.8254,1]},
{"frame":46,"values":[0.9999,0.0017,0.0145,0,-0.0023,0.999,0.0439,0,-0.0144,-0.0439,0.9989,0,-0.0009,22.835,-2.8254,1]},
{"frame":47,"values":[0.9999,0.0018,0.0144,0,-0.0024,0.999,0.0441,0,-0.0144,-0.0441,0.9989,0,-0.0009,22.835,-2.8254,1]},
{"frame":48,"values":[0.9999,0.0025,0.0142,0,-0.0031,0.999,0.0446,0,-0.0141,-0.0446,0.9989,0,-0.0009,22.835,-2.8254,1]},
{"frame":49,"values":[0.9999,0.0024,0.0145,0,-0.0031,0.999,0.045,0,-0.0144,-0.045,0.9989,0,-0.0009,22.835,-2.8254,1]},
{"frame":50,"values":[0.9999,0.0025,0.0154,0,-0.0032,0.999,0.0448,0,-0.0153,-0.0448,0.9989,0,-0.0009,22.835,-2.8254,1]},
{"frame":51,"values":[0.9999,0.0024,0.0158,0,-0.0031,0.999,0.0452,0,-0.0157,-0.0452,0.9989,0,-0.0009,22.835,-2.8254,1]},
{"frame":52,"values":[0.9999,0.0023,0.0149,0,-0.003,0.9989,0.0471,0,-0.0148,-0.0472,0.9988,0,-0.0009,22.835,-2.8254,1]},
{"frame":53,"values":[1,0.0009,0.0097,0,-0.0014,0.9986,0.052,0,-0.0096,-0.0521,0.9986,0,-0.0009,22.835,-2.8254,1]},
{"frame":54,"values":[1,-0.0032,0.0014,0,0.0031,0.9983,0.0587,0,-0.0016,-0.0587,0.9983,0,-0.0009,22.835,-2.8254,1]},
{"frame":55,"values":[0.9999,-0.0076,-0.0095,0,0.0082,0.9979,0.0646,0,0.009,-0.0646,0.9979,0,-0.0009,22.835,-2.8254,1]},
{"frame":56,"values":[0.9997,-0.0063,-0.0221,0,0.0078,0.9977,0.0671,0,0.0216,-0.0673,0.9975,0,-0.0009,22.835,-2.8254,1]},
{"frame":57,"values":[0.9995,-0.0018,-0.0306,0,0.0037,0.9979,0.0645,0,0.0304,-0.0645,0.9975,0,-0.0009,22.835,-2.8254,1]},
{"frame":58,"values":[0.9995,0.0008,-0.0305,0,0.0011,0.9981,0.0621,0,0.0305,-0.0621,0.9976,0,-0.0009,22.835,-2.8254,1]},
{"frame":59,"values":[0.9996,0.0031,-0.0266,0,-0.0015,0.9981,0.0622,0,0.0267,-0.0622,0.9977,0,-0.0009,22.835,-2.8254,1]},
{"frame":60,"values":[0.9997,0.0037,-0.0235,0,-0.0021,0.9977,0.0675,0,0.0237,-0.0674,0.9974,0,-0.0009,22.835,-2.8254,1]},
{"frame":61,"values":[0.9998,0.0026,-0.0212,0,-0.001,0.9971,0.0765,0,0.0214,-0.0765,0.9968,0,-0.0009,22.835,-2.8254,1]},
{"frame":62,"values":[0.9999,0.0012,-0.0124,0,-0.0002,0.9971,0.0762,0,0.0125,-0.0762,0.997,0,-0.0009,22.835,-2.8254,1]},
{"frame":63,"values":[1,0.0017,-0.0073,0,-0.0011,0.9971,0.0754,0,0.0074,-0.0754,0.9971,0,-0.0009,22.835,-2.8254,1]},
{"frame":64,"values":[0.9999,0.0024,-0.0123,0,-0.0015,0.9974,0.0726,0,0.0124,-0.0725,0.9973,0,-0.0009,22.835,-2.8254,1]},
{"frame":65,"values":[0.9998,0.0017,-0.0176,0,-0.0004,0.9976,0.0696,0,0.0176,-0.0696,0.9974,0,-0.0009,22.835,-2.8254,1]},
{"frame":66,"values":[0.9997,0.0006,-0.0241,0,0.001,0.9977,0.0673,0,0.0241,-0.0673,0.9974,0,-0.0009,22.835,-2.8254,1]},
{"frame":67,"values":[0.9996,-0.0009,-0.0278,0,0.0027,0.9979,0.0654,0,0.0277,-0.0655,0.9975,0,-0.0009,22.835,-2.8254,1]},
{"frame":68,"values":[0.9996,-0.0037,-0.0296,0,0.0055,0.998,0.0636,0,0.0293,-0.0637,0.9975,0,-0.0009,22.835,-2.8254,1]},
{"frame":69,"values":[0.9996,-0.0063,-0.0285,0,0.008,0.9981,0.0617,0,0.028,-0.0619,0.9977,0,-0.0009,22.835,-2.8254,1]},
{"frame":70,"values":[0.9996,-0.0084,-0.0259,0,0.0099,0.9982,0.0585,0,0.0254,-0.0588,0.9979,0,-0.0009,22.835,-2.8254,1]},
{"frame":71,"values":[0.9997,-0.0112,-0.021,0,0.0124,0.9984,0.0557,0,0.0203,-0.056,0.9982,0,-0.0009,22.835,-2.8254,1]},
{"frame":72,"values":[0.9998,-0.0113,-0.0146,0,0.0121,0.9984,0.0548,0,0.0139,-0.055,0.9984,0,-0.0009,22.835,-2.8254,1]},
{"frame":73,"values":[0.9999,-0.0097,-0.009,0,0.0101,0.9984,0.0564,0,0.0084,-0.0565,0.9984,0,-0.0009,22.835,-2.8254,1]},
{"frame":74,"values":[1,-0.0083,-0.0045,0,0.0086,0.9983,0.0571,0,0.004,-0.0571,0.9984,0,-0.0009,22.835,-2.8254,1]},
{"frame":75,"values":[1,-0.0068,-0.0006,0,0.0069,0.9983,0.0581,0,0.0002,-0.0581,0.9983,0,-0.0009,22.835,-2.8254,1]},
{"frame":76,"values":[1,-0.0072,0.0009,0,0.0072,0.9983,0.0572,0,-0.0013,-0.0572,0.9984,0,-0.0009,22.835,-2.8254,1]},
{"frame":77,"values":[1,-0.0063,0.0032,0,0.0061,0.9984,0.0556,0,-0.0035,-0.0556,0.9984,0,-0.0009,22.835,-2.8254,1]},
{"frame":78,"values":[1,-0.005,0.0051,0,0.0047,0.9984,0.0555,0,-0.0053,-0.0554,0.9984,0,-0.0009,22.835,-2.8254,1]},
{"frame":79,"values":[1,-0.0053,0.0048,0,0.005,0.9985,0.0548,0,-0.0051,-0.0547,0.9985,0,-0.0009,22.835,-2.8254,1]},
{"frame":80,"values":[1,-0.0053,0.004,0,0.0051,0.9985,0.0542,0,-0.0043,-0.0542,0.9985,0,-0.0009,22.835,-2.8254,1]},
{"frame":81,"values":[1,-0.005,0.0041,0,0.0047,0.9985,0.0538,0,-0.0044,-0.0538,0.9985,0,-0.0009,22.835,-2.8254,1]},
{"frame":82,"values":[1,-0.0046,0.0045,0,0.0044,0.9985,0.0537,0,-0.0047,-0.0537,0.9985,0,-0.0009,22.835,-2.8254,1]},
{"frame":83,"values":[1,-0.0048,0.0055,0,0.0045,0.9985,0.0537,0,-0.0058,-0.0537,0.9985,0,-0.0009,22.835,-2.8254,1]},
{"frame":84,"values":[1,-0.0048,0.0063,0,0.0045,0.9986,0.0533,0,-0.0066,-0.0533,0.9986,0,-0.0009,22.835,-2.8254,1]},
{"frame":85,"values":[1,-0.0048,0.0063,0,0.0045,0.9986,0.0529,0,-0.0065,-0.0529,0.9986,0,-0.0009,22.835,-2.8254,1]},
{"frame":86,"values":[1,-0.0049,0.0061,0,0.0045,0.9986,0.0527,0,-0.0063,-0.0527,0.9986,0,-0.0009,22.835,-2.8254,1]}],"loopBehavior":1,"name":"anim","property":"_matrix"}},
{"name":"mixamorig:Spine2","index":3,"matrix":[1,-0.0046,0.0051,0,0.0043,0.9986,0.0528,0,-0.0053,-0.0528,0.9986,0,-0.0206,26.5525,-3.1933,1],"rest":[1,0,0,0,0,1,0,0,0,0,1,0,-0.0206,26.5525,-3.1933,1],"parentBoneIndex":2,"length":24.825
,"animation":{"dataType":3,"framePerSecond":24,"keys":[
{"frame":1,"values":[1,-0.0046,0.0051,0,0.0043,0.9986,0.0528,0,-0.0053,-0.0528,0.9986,0,-0.0206,26.5525,-3.1933,1]},
{"frame":2,"values":[1,-0.0049,0.005,0,0.0046,0.9986,0.0533,0,-0.0053,-0.0533,0.9986,0,-0.0206,26.5525,-3.1933,1]},
{"frame":3,"values":[1,-0.0047,0.0045,0,0.0044,0.9985,0.054,0,-0.0047,-0.054,0.9985,0,-0.0206,26.5525,-3.1933,1]},
{"frame":4,"values":[1,-0.0031,0.0044,0,0.0029,0.9985,0.0543,0,-0.0046,-0.0543,0.9985,0,-0.0206,26.5525,-3.1933,1]},
{"frame":5,"values":[1,-0.0022,0.0048,0,0.0019,0.9985,0.0551,0,-0.0049,-0.055,0.9985,0,-0.0206,26.5525,-3.1933,1]},
{"frame":6,"values":[1,-0.0021,0.0047,0,0.0018,0.9985,0.0555,0,-0.0048,-0.0555,0.9984,0,-0.0206,26.5525,-3.1933,1]},
{"frame":7,"values":[1,0.0002,0.0049,0,-0.0005,0.9985,0.0543,0,-0.0049,-0.0543,0.9985,0,-0.0206,26.5525,-3.1933,1]},
{"frame":8,"values":[1,0.0056,0.0044,0,-0.0058,0.9987,0.0505,0,-0.0041,-0.0505,0.9987,0,-0.0206,26.5525,-3.1933,1]},
{"frame":9,"values":[1,0.0096,0.0026,0,-0.0097,0.9989,0.0459,0,-0.0022,-0.0459,0.9989,0,-0.0206,26.5525,-3.1933,1]},
{"frame":10,"values":[1,0.008,0.0045,0,-0.0082,0.9992,0.0403,0,-0.0042,-0.0403,0.9992,0,-0.0206,26.5525,-3.1933,1]},
{"frame":11,"values":[1,0.0053,0.004,0,-0.0054,0.9995,0.0325,0,-0.0039,-0.0325,0.9995,0,-0.0206,26.5525,-3.1933,1]},
{"frame":12,"values":[1,-0.0008,-0.0091,0,0.0011,0.9995,0.033,0,0.009,-0.033,0.9994,0,-0.0206,26.5525,-3.1933,1]},
{"frame":13,"values":[0.9999,-0.007,-0.0099,0,0.0075,0.9991,0.0412,0,0.0096,-0.0412,0.9991,0,-0.0206,26.5525,-3.1933,1]},
{"frame":14,"values":[0.9999,-0.0066,0.0118,0,0.0061,0.9991,0.041,0,-0.0121,-0.0409,0.9991,0,-0.0206,26.5525,-3.1933,1]},
{"frame":15,"values":[0.9995,-0.0048,0.0311,0,0.0035,0.9991,0.0422,0,-0.0313,-0.042,0.9986,0,-0.0206,26.5525,-3.1933,1]},
{"frame":16,"values":[0.9993,-0.0066,0.0378,0,0.0051,0.9992,0.0385,0,-0.038,-0.0383,0.9985,0,-0.0206,26.5525,-3.1933,1]},
{"frame":17,"values":[0.9994,-0.0073,0.033,0,0.0064,0.9995,0.0298,0,-0.0332,-0.0296,0.999,0,-0.0206,26.5525,-3.1933,1]},
{"frame":18,"values":[0.9996,-0.0026,0.0293,0,0.002,0.9997,0.0232,0,-0.0293,-0.0231,0.9993,0,-0.0206,26.5525,-3.1933,1]},
{"frame":19,"values":[0.9996,-0.0004,0.0275,0,-0.0004,0.9996,0.0268,0,-0.0275,-0.0268,0.9993,0,-0.0206,26.5525,-3.1933,1]},
{"frame":20,"values":[0.9997,0.0008,0.0255,0,-0.0017,0.9994,0.0346,0,-0.0255,-0.0346,0.9991,0,-0.0206,26.5525,-3.1933,1]},
{"frame":21,"values":[0.9996,0.0018,0.0295,0,-0.0032,0.9989,0.0459,0,-0.0294,-0.0459,0.9985,0,-0.0206,26.5525,-3.1933,1]},
{"frame":22,"values":[0.9994,0.0022,0.0354,0,-0.0041,0.9985,0.0542,0,-0.0353,-0.0543,0.9979,0,-0.0206,26.5525,-3.1933,1]},
{"frame":23,"values":[0.9995,0.0015,0.0315,0,-0.0034,0.9982,0.0594,0,-0.0314,-0.0595,0.9977,0,-0.0206,26.5525,-3.1933,1]},
{"frame":24,"values":[0.9998,-0.0007,0.0208,0,-0.0005,0.9982,0.0605,0,-0.0208,-0.0605,0.998,0,-0.0206,26.5525,-3.1933,1]},
{"frame":25,"values":[0.9997,-0.0015,0.0226,0,0.0002,0.9983,0.0585,0,-0.0227,-0.0584,0.998,0,-0.0206,26.5525,-3.1933,1]},
{"frame":26,"values":[0.9996,-0.0013,0.0294,0,-0.0004,0.9984,0.0568,0,-0.0294,-0.0568,0.998,0,-0.0206,26.5525,-3.1933,1]},
{"frame":27,"values":[0.9995,-0.0012,0.0305,0,-0.0005,0.9985,0.0541,0,-0.0305,-0.0541,0.9981,0,-0.0206,26.5525,-3.1933,1]},
{"frame":28,"values":[0.9996,0,0.0281,0,-0.0014,0.9988,0.0497,0,-0.0281,-0.0497,0.9984,0,-0.0206,26.5525,-3.1933,1]},
{"frame":29,"values":[0.9997,0.0008,0.0262,0,-0.0019,0.9991,0.0419,0,-0.0261,-0.042,0.9988,0,-0.0206,26.5525,-3.1933,1]},
{"frame":30,"values":[0.9996,0.0025,0.029,0,-0.0033,0.9996,0.0281,0,-0.0289,-0.0282,0.9992,0,-0.0206,26.5525,-3.1933,1]},
{"frame":31,"values":[0.9996,0.0002,0.0279,0,-0.0006,0.9999,0.0145,0,-0.0279,-0.0145,0.9995,0,-0.0206,26.5525,-3.1933,1]},
{"frame":32,"values":[0.9998,-0.0036,0.022,0,0.0034,0.9999,0.0115,0,-0.022,-0.0114,0.9997,0,-0.0206,26.5525,-3.1933,1]},
{"frame":33,"values":[0.9999,-0.0003,0.0116,0,0.0001,0.9998,0.0218,0,-0.0116,-0.0218,0.9997,0,-0.0206,26.5525,-3.1933,1]},
{"frame":34,"values":[1,0.0037,0.001,0,-0.0037,0.9992,0.0404,0,-0.0009,-0.0404,0.9992,0,-0.0206,26.5525,-3.1933,1]},
{"frame":35,"values":[1,0.0054,-0.0047,0,-0.0051,0.9976,0.0688,0,0.005,-0.0688,0.9976,0,-0.0206,26.5525,-3.1933,1]},
{"frame":36,"values":[1,0.0031,-0.0046,0,-0.0027,0.9968,0.0803,0,0.0048,-0.0803,0.9968,0,-0.0206,26.5525,-3.1933,1]},
{"frame":37,"values":[0.9999,0.0034,0.0107,0,-0.0044,0.9959,0.0903,0,-0.0104,-0.0904,0.9959,0,-0.0206,26.5525,-3.1933,1]},
{"frame":38,"values":[0.9998,0.0025,0.0177,0,-0.0038,0.9971,0.076,0,-0.0174,-0.0761,0.997,0,-0.0206,26.5525,-3.1933,1]},
{"frame":39,"values":[0.9998,0.0017,0.0201,0,-0.0029,0.9983,0.0586,0,-0.02,-0.0586,0.9981,0,-0.0206,26.5525,-3.1933,1]},
{"frame":40,"values":[0.9999,0.0017,0.0141,0,-0.0026,0.9979,0.0654,0,-0.014,-0.0655,0.9978,0,-0.0206,26.5525,-3.1933,1]},
{"frame":41,"values":[0.9999,0.0015,0.0157,0,-0.0024,0.9984,0.0561,0,-0.0156,-0.0561,0.9983,0,-0.0206,26.5525,-3.1933,1]},
{"frame":42,"values":[0.9999,0.0035,0.0144,0,-0.0042,0.9988,0.049,0,-0.0142,-0.049,0.9987,0,-0.0206,26.5525,-3.1933,1]},
{"frame":43,"values":[0.9999,0.0038,0.0147,0,-0.0046,0.9987,0.0499,0,-0.0145,-0.05,0.9986,0,-0.0206,26.5525,-3.1933,1]},
{"frame":44,"values":[0.9999,0.0019,0.0146,0,-0.0026,0.9989,0.0465,0,-0.0145,-0.0466,0.9988,0,-0.0206,26.5525,-3.1933,1]},
{"frame":45,"values":[0.9999,0.0029,0.014,0,-0.0035,0.999,0.044,0,-0.0139,-0.0441,0.9989,0,-0.0206,26.5525,-3.1933,1]},
{"frame":46,"values":[0.9999,0.0025,0.0143,0,-0.0032,0.999,0.0439,0,-0.0141,-0.044,0.9989,0,-0.0206,26.5525,-3.1933,1]},
{"frame":47,"values":[0.9999,0.0027,0.0142,0,-0.0033,0.999,0.0441,0,-0.0141,-0.0441,0.9989,0,-0.0206,26.5525,-3.1933,1]},
{"frame":48,"values":[0.9999,0.0033,0.0139,0,-0.0039,0.999,0.0446,0,-0.0137,-0.0447,0.9989,0,-0.0206,26.5525,-3.1933,1]},
{"frame":49,"values":[0.9999,0.0033,0.0142,0,-0.0039,0.999,0.045,0,-0.014,-0.045,0.9989,0,-0.0206,26.5525,-3.1933,1]},
{"frame":50,"values":[0.9999,0.0034,0.015,0,-0.0041,0.999,0.0448,0,-0.0148,-0.0449,0.9989,0,-0.0206,26.5525,-3.1933,1]},
{"frame":51,"values":[0.9999,0.0033,0.0154,0,-0.004,0.999,0.0452,0,-0.0152,-0.0453,0.9989,0,-0.0206,26.5525,-3.1933,1]},
{"frame":52,"values":[0.9999,0.0032,0.0144,0,-0.0038,0.9989,0.0472,0,-0.0143,-0.0473,0.9988,0,-0.0206,26.5525,-3.1933,1]},
{"frame":53,"values":[1,0.0015,0.0093,0,-0.002,0.9986,0.0521,0,-0.0092,-0.0521,0.9986,0,-0.0206,26.5525,-3.1933,1]},
{"frame":54,"values":[1,-0.0031,0.0013,0,0.003,0.9983,0.0587,0,-0.0015,-0.0587,0.9983,0,-0.0206,26.5525,-3.1933,1]},
