{"producer":{"name":"Blender","version":"2.90.0","exporter_version":"2.80.1","file":"fight_kickchapa.babylon"},
"autoClear":true,"clearColor":[0.0509,0.0509,0.0509],"gravity":[0,-9.81,0],
"materials":[{"name":"Material","id":"Material","customType":"BABYLON.PBRMaterial","backFaceCulling":true,"checkReadyOnlyOnce":false,"maxSimultaneousLights":4,"environmentIntensity":1,"albedo":[0.8,0.8,0.8],"reflectivity":[0.5,0.5,0.5],"roughness":0.4,"alpha":1,"transparencyMode":0,"alphaCutOff":0.4,"metallic":0}],
"multiMaterials":[],
"skeletons":[{"name":"Armature","id":0,"dimensionsAtRest":[379.1952,391.6652,55.677],"bones":[
{"name":"mixamorig:Hips","index":0,"matrix":[0.9867,-0.1328,-0.0936,0,0.0997,0.9499,-0.2963,0,-0.1282,-0.283,-0.9505,0,0.5485,155.9713,-2.5604,1],"rest":[1,0,0,0,0,1,0,0,0,0,-1,0,0,201.6394,0,1],"parentBoneIndex":-1,"length":21.6784
,"animation":{"dataType":3,"framePerSecond":24,"keys":[
{"frame":1,"values":[0.9867,-0.1328,-0.0936,0,0.0997,0.9499,-0.2963,0,-0.1282,-0.283,-0.9505,0,0.5485,155.9713,-2.5604,1]},
{"frame":2,"values":[0.9981,-0.0408,-0.0459,0,0.0239,0.9466,-0.3217,0,-0.0566,-0.32,-0.9457,0,-0.4895,156.7245,-19.9195,1]},
{"frame":3,"values":[0.999,0.0449,0.0067,0,-0.0398,0.9381,-0.344,0,0.0218,-0.3433,-0.939,0,-1.3029,160.2074,-37.2527,1]},
{"frame":4,"values":[0.9935,0.0786,0.0829,0,-0.0485,0.9472,-0.317,0,0.1034,-0.3109,-0.9448,0,-1.3554,167.1368,-55.5805,1]},
{"frame":5,"values":[0.9855,0.0476,0.1631,0,-0.0108,0.9756,-0.2193,0,0.1695,-0.2143,-0.9619,0,-0.0188,176.0425,-73.8302,1]},
{"frame":6,"values":[0.9738,-0.0195,0.2266,0,0.0397,0.9956,-0.0851,0,0.2239,-0.0918,-0.9703,0,1.4363,184.2763,-87.5915,1]},
{"frame":7,"values":[0.9452,-0.1061,0.3087,0,0.0998,0.9944,0.0362,0,0.3108,0.0034,-0.9505,0,0.1928,189.9389,-94.3772,1]},
{"frame":8,"values":[0.8749,-0.2448,0.4179,0,0.1987,0.9683,0.1513,0,0.4418,0.0494,-0.8958,0,-3.5478,194.0665,-97.4555,1]},
{"frame":9,"values":[0.7385,-0.462,0.4911,0,0.3637,0.8863,0.2867,0,0.5677,0.0331,-0.8226,0,-6.5811,198.3112,-99.6898,1]},
{"frame":10,"values":[0.5316,-0.6945,0.4848,0,0.5597,0.7177,0.4143,0,0.6357,-0.0511,-0.7703,0,-8.9041,200.6813,-100.5824,1]},
{"frame":11,"values":[0.281,-0.8464,0.4523,0,0.711,0.5002,0.4943,0,0.6447,-0.1827,-0.7423,0,-11.9018,200.2444,-101.5185,1]},
{"frame":12,"values":[0.0364,-0.9004,0.4336,0,0.787,0.2932,0.5427,0,0.6158,-0.3215,-0.7193,0,-16.3136,198.7438,-102.095,1]},
{"frame":13,"values":[-0.1161,-0.9098,0.3984,0,0.8032,0.1499,0.5765,0,0.5842,-0.3869,-0.7134,0,-20.2465,197.2902,-102.3462,1]},
{"frame":14,"values":[-0.1334,-0.9361,0.3254,0,0.8008,0.0917,0.5919,0,0.5839,-0.3396,-0.7374,0,-21.6334,196.0379,-102.4796,1]},
{"frame":15,"values":[-0.0803,-0.9625,0.2592,0,0.805,0.0907,0.5863,0,0.5878,-0.2557,-0.7675,0,-21.1833,194.8185,-101.6623,1]},
{"frame":16,"values":[-0.0534,-0.9669,0.2495,0,0.8156,0.1019,0.5696,0,0.5762,-0.2339,-0.7831,0,-20.0438,193.5052,-99.8504,1]},
{"frame":17,"values":[-0.0483,-0.9563,0.2883,0,0.8297,0.1223,0.5447,0,0.5561,-0.2655,-0.7876,0,-18.2791,192.2419,-97.8801,1]},
{"frame":18,"values":[-0.0105,-0.9426,0.3337,0,0.8424,0.1715,0.5108,0,0.5388,-0.2865,-0.7922,0,-16.069,191.1721,-95.7604,1]},
{"frame":19,"values":[0.0924,-0.9257,0.3668,0,0.847,0.2668,0.4597,0,0.5234,-0.2683,-0.8087,0,-13.7875,190.3846,-92.6352,1]},
{"frame":20,"values":[0.2518,-0.894,0.3707,0,0.8368,0.3935,0.3806,0,0.4862,-0.2144,-0.8471,0,-10.9374,189.8847,-87.539,1]},
{"frame":21,"values":[0.4643,-0.8226,0.3284,0,0.7839,0.5542,0.28,0,0.4123,-0.1274,-0.9021,0,-5.9456,189.9127,-78.6751,1]},
{"frame":22,"values":[0.6906,-0.6789,0.2494,0,0.6627,0.7321,0.1578,0,0.2897,-0.0563,-0.9555,0,1.5099,190.1465,-67.0346,1]},
{"frame":23,"values":[0.8427,-0.5151,0.1568,0,0.5166,0.8555,0.034,0,0.1517,-0.0524,-0.987,0,8.5701,189.4471,-56.5496,1]},
{"frame":24,"values":[0.9138,-0.3995,0.0737,0,0.404,0.9127,-0.0616,0,0.0426,-0.086,-0.9954,0,12.7484,187.5127,-48.9049,1]},
{"frame":25,"values":[0.9465,-0.3226,-0.0032,0,0.3191,0.9376,-0.1384,0,-0.0477,-0.13,-0.9904,0,14.6279,185.3245,-42.8851,1]},
{"frame":26,"values":[0.9624,-0.2611,-0.075,0,0.2413,0.9484,-0.2056,0,-0.1248,-0.1798,-0.9758,0,15.2787,182.9203,-37.7928,1]},
{"frame":27,"values":[0.9676,-0.2121,-0.1369,0,0.1713,0.9501,-0.2607,0,-0.1853,-0.2288,-0.9557,0,15.202,180.2123,-33.1126,1]},
{"frame":28,"values":[0.9677,-0.1759,-0.1804,0,0.1165,0.9472,-0.2986,0,-0.2234,-0.268,-0.9372,0,14.3926,177.1489,-28.4733,1]},
{"frame":29,"values":[0.9691,-0.1558,-0.1912,0,0.09,0.9451,-0.3143,0,-0.2296,-0.2874,-0.9299,0,12.4647,173.6602,-23.5839,1]},
{"frame":30,"values":[0.9741,-0.1497,-0.1693,0,0.0912,0.9458,-0.3116,0,-0.2068,-0.2881,-0.935,0,9.4862,169.4974,-18.2781,1]},
{"frame":31,"values":[0.9794,-0.1478,-0.1379,0,0.1001,0.9472,-0.3046,0,-0.1757,-0.2846,-0.9424,0,6.2905,165.0059,-12.9043,1]},
{"frame":32,"values":[0.9835,-0.142,-0.1124,0,0.1027,0.9485,-0.2998,0,-0.1492,-0.2832,-0.9474,0,3.349,160.4065,-7.5876,1]},
{"frame":33,"values":[0.9867,-0.1328,-0.0936,0,0.0997,0.9499,-0.2962,0,-0.1282,-0.2829,-0.9505,0,0.5487,155.972,-2.5592,1]}],"loopBehavior":1,"name":"anim","property":"_matrix"}},
{"name":"mixamorig:Spine","index":1,"matrix":[0.9622,-0.0895,-0.2574,0,0.1315,0.9797,0.151,0,0.2387,-0.1792,0.9544,0,0.0062,19.525,-2.4818,1],"rest":[1,0,0,0,0,1,0,0,0,0,1,0,0.0062,19.525,-2.4818,1],"parentBoneIndex":0,"length":23.0091
,"animation":{"dataType":3,"framePerSecond":24,"keys":[
{"frame":1,"values":[0.9622,-0.0895,-0.2574,0,0.1315,0.9797,0.151,0,0.2387,-0.1792,0.9544,0,0.0062,19.525,-2.4818,1]},
{"frame":2,"values":[0.9707,-0.0971,-0.22,0,0.1151,0.9908,0.0706,0,0.2111,-0.0938,0.973,0,0.0062,19.525,-2.4818,1]},
{"frame":3,"values":[0.978,-0.0975,-0.1842,0,0.1015,0.9948,0.0125,0,0.1821,-0.031,0.9828,0,0.0062,19.525,-2.4818,1]},
{"frame":4,"values":[0.9843,-0.088,-0.1532,0,0.0884,0.9961,-0.0043,0,0.153,-0.0093,0.9882,0,0.0062,19.525,-2.4818,1]},
{"frame":5,"values":[0.9894,-0.0725,-0.1258,0,0.0736,0.9973,0.004,0,0.1251,-0.0132,0.9921,0,0.0062,19.525,-2.4818,1]},
{"frame":6,"values":[0.994,-0.0438,-0.0998,0,0.0468,0.9985,0.028,0,0.0985,-0.0325,0.9946,0,0.0062,19.525,-2.4818,1]},
{"frame":7,"values":[0.9972,0.0041,-0.0749,0,0.0006,0.998,0.0625,0,0.075,-0.0624,0.9952,0,0.0062,19.525,-2.4818,1]},
{"frame":8,"values":[0.9969,0.0575,-0.0536,0,-0.0524,0.9943,0.0928,0,0.0587,-0.0897,0.9942,0,0.0062,19.525,-2.4818,1]},
{"frame":9,"values":[0.9944,0.1009,-0.0301,0,-0.0971,0.9893,0.1088,0,0.0408,-0.1052,0.9936,0,0.0062,19.525,-2.4818,1]},
{"frame":10,"values":[0.9919,0.1268,0.0111,0,-0.1273,0.9857,0.11,0,0.003,-0.1105,0.9939,0,0.0062,19.525,-2.4818,1]},
{"frame":11,"values":[0.9874,0.1415,0.0706,0,-0.1477,0.9847,0.0927,0,-0.0564,-0.1019,0.9932,0,0.0062,19.525,-2.4818,1]},
{"frame":12,"values":[0.981,0.156,0.1153,0,-0.1642,0.9842,0.0658,0,-0.1032,-0.0835,0.9912,0,0.0062,19.525,-2.4818,1]},
{"frame":13,"values":[0.9797,0.1554,0.1264,0,-0.1632,0.9851,0.0537,0,-0.1162,-0.0732,0.9905,0,0.0062,19.525,-2.4818,1]},
{"frame":14,"values":[0.9833,0.1404,0.1155,0,-0.1481,0.9871,0.0607,0,-0.1054,-0.0767,0.9915,0,0.0062,19.525,-2.4818,1]},
{"frame":15,"values":[0.9867,0.128,0.0998,0,-0.1355,0.9881,0.0726,0,-0.0893,-0.0851,0.9924,0,0.0062,19.525,-2.4818,1]},
{"frame":16,"values":[0.9886,0.1221,0.0884,0,-0.1294,0.9882,0.082,0,-0.0773,-0.0925,0.9927,0,0.0062,19.525,-2.4818,1]},
{"frame":17,"values":[0.9904,0.1163,0.0751,0,-0.1229,0.9884,0.0898,0,-0.0638,-0.0982,0.9931,0,0.0062,19.525,-2.4818,1]},
{"frame":18,"values":[0.9925,0.1071,0.0583,0,-0.1124,0.9889,0.0975,0,-0.0472,-0.1034,0.9935,0,0.0062,19.525,-2.4818,1]},
{"frame":19,"values":[0.994,0.0994,0.0462,0,-0.1038,0.989,0.1053,0,-0.0353,-0.1094,0.9934,0,0.0062,19.525,-2.4818,1]},
{"frame":20,"values":[0.9949,0.0926,0.0393,0,-0.0963,0.9894,0.1087,0,-0.0288,-0.1119,0.9933,0,0.0062,19.525,-2.4818,1]},
{"frame":21,"values":[0.9976,0.0645,0.0256,0,-0.0668,0.9924,0.1029,0,-0.0188,-0.1044,0.9944,0,0.0062,19.525,-2.4818,1]},
{"frame":22,"values":[0.9999,0.0154,0.0039,0,-0.0157,0.9955,0.0932,0,-0.0025,-0.0932,0.9956,0,0.0062,19.525,-2.4818,1]},
{"frame":23,"values":[0.9997,-0.0149,-0.0168,0,0.0165,0.9951,0.097,0,0.0153,-0.0973,0.9951,0,0.0062,19.525,-2.4818,1]},
{"frame":24,"values":[0.9992,-0.0182,-0.0363,0,0.0227,0.9916,0.1273,0,0.0337,-0.128,0.9912,0,0.0062,19.525,-2.4818,1]},
{"frame":25,"values":[0.9981,-0.0188,-0.0581,0,0.0287,0.9842,0.1749,0,0.0539,-0.1763,0.9829,0,0.0062,19.525,-2.4818,1]},
{"frame":26,"values":[0.9963,-0.0282,-0.0817,0,0.046,0.9735,0.2242,0,0.0732,-0.2271,0.9711,0,0.0062,19.525,-2.4818,1]},
{"frame":27,"values":[0.9934,-0.0402,-0.1075,0,0.068,0.961,0.2682,0,0.0925,-0.2738,0.9573,0,0.0062,19.525,-2.4818,1]},
{"frame":28,"values":[0.99,-0.0461,-0.1334,0,0.0847,0.9502,0.2998,0,0.113,-0.3081,0.9446,0,0.0062,19.525,-2.4818,1]},
{"frame":29,"values":[0.9867,-0.0417,-0.157,0,0.0888,0.9477,0.3065,0,0.136,-0.3164,0.9388,0,0.0062,19.525,-2.4818,1]},
{"frame":30,"values":[0.983,-0.0368,-0.1799,0,0.0873,0.9555,0.2817,0,0.1616,-0.2926,0.9425,0,0.0062,19.525,-2.4818,1]},
{"frame":31,"values":[0.9778,-0.0435,-0.2051,0,0.0929,0.9669,0.2376,0,0.188,-0.2513,0.9495,0,0.0062,19.525,-2.4818,1]},
{"frame":32,"values":[0.9707,-0.0643,-0.2316,0,0.1101,0.9755,0.1904,0,0.2137,-0.2103,0.954,0,0.0062,19.525,-2.4818,1]},
{"frame":33,"values":[0.9622,-0.0895,-0.2574,0,0.1315,0.9797,0.151,0,0.2387,-0.1792,0.9544,0,0.0062,19.525,-2.4818,1]}],"loopBehavior":1,"name":"anim","property":"_matrix"}},
{"name":"mixamorig:Spine1","index":2,"matrix":[0.9975,0.0014,-0.0713,0,0.0022,0.9988,0.0499,0,0.0713,-0.0499,0.9962,0,-0.0009,22.835,-2.8254,1],"rest":[1,0,0,0,0,1,0,0,0,0,1,0,-0.0009,22.835,-2.8254,1],"parentBoneIndex":1,"length":26.7438
,"animation":{"dataType":3,"framePerSecond":24,"keys":[
{"frame":1,"values":[0.9975,0.0014,-0.0713,0,0.0022,0.9988,0.0499,0,0.0713,-0.0499,0.9962,0,-0.0009,22.835,-2.8254,1]},
{"frame":2,"values":[0.9844,-0.0805,-0.1564,0,0.0848,0.9962,0.0209,0,0.1542,-0.0338,0.9875,0,-0.0009,22.835,-2.8254,1]},
{"frame":3,"values":[0.9641,-0.1487,-0.2199,0,0.1518,0.9884,-0.0026,0,0.2178,-0.0308,0.9755,0,-0.0009,22.835,-2.8254,1]},
{"frame":4,"values":[0.9564,-0.171,-0.2368,0,0.1732,0.9848,-0.012,0,0.2353,-0.0296,0.9715,0,-0.0009,22.835,-2.8254,1]},
{"frame":5,"values":[0.9637,-0.1529,-0.219,0,0.156,0.9878,-0.0033,0,0.2168,-0.031,0.9757,0,-0.0009,22.835,-2.8254,1]},
{"frame":6,"values":[0.9756,-0.1211,-0.1832,0,0.1291,0.9911,0.0325,0,0.1776,-0.0553,0.9825,0,-0.0009,22.835,-2.8254,1]},
{"frame":7,"values":[0.9878,-0.09,-0.1271,0,0.1018,0.9907,0.0898,0,0.1178,-0.1017,0.9878,0,-0.0009,22.835,-2.8254,1]},
{"frame":8,"values":[0.9977,-0.0452,-0.0504,0,0.0518,0.989,0.1385,0,0.0436,-0.1408,0.9891,0,-0.0009,22.835,-2.8254,1]},
{"frame":9,"values":[0.999,0.0322,0.0307,0,-0.0366,0.9868,0.1576,0,-0.0253,-0.1585,0.987,0,-0.0009,22.835,-2.8254,1]},
{"frame":10,"values":[0.9869,0.1252,0.1012,0,-0.14,0.9779,0.1552,0,-0.0796,-0.1673,0.9827,0,-0.0009,22.835,-2.8254,1]},
{"frame":11,"values":[0.9717,0.181,0.1517,0,-0.2026,0.969,0.1414,0,-0.1214,-0.1681,0.9783,0,-0.0009,22.835,-2.8254,1]},
{"frame":12,"values":[0.9686,0.1688,0.1828,0,-0.1936,0.9728,0.1271,0,-0.1563,-0.1584,0.9749,0,-0.0009,22.835,-2.8254,1]},
{"frame":13,"values":[0.9743,0.1105,0.1962,0,-0.1374,0.982,0.1293,0,-0.1784,-0.153,0.972,0,-0.0009,22.835,-2.8254,1]},
{"frame":14,"values":[0.9809,0.0545,0.1867,0,-0.0825,0.986,0.1452,0,-0.1761,-0.1579,0.9716,0,-0.0009,22.835,-2.8254,1]},
{"frame":15,"values":[0.9859,0.033,0.1639,0,-0.0592,0.9857,0.1579,0,-0.1564,-0.1654,0.9737,0,-0.0009,22.835,-2.8254,1]},
{"frame":16,"values":[0.9883,0.0386,0.1476,0,-0.0629,0.9844,0.1641,0,-0.139,-0.1715,0.9753,0,-0.0009,22.835,-2.8254,1]},
{"frame":17,"values":[0.9888,0.0483,0.1411,0,-0.0723,0.9827,0.1703,0,-0.1304,-0.1786,0.9752,0,-0.0009,22.835,-2.8254,1]},
{"frame":18,"values":[0.9896,0.0438,0.1371,0,-0.0687,0.9807,0.1831,0,-0.1264,-0.1906,0.9735,0,-0.0009,22.835,-2.8254,1]},
{"frame":19,"values":[0.991,0.0253,0.1318,0,-0.0516,0.9783,0.2007,0,-0.1238,-0.2057,0.9707,0,-0.0009,22.835,-2.8254,1]},
{"frame":20,"values":[0.9923,0.0032,0.1238,0,-0.0295,0.9769,0.2114,0,-0.1203,-0.2135,0.9695,0,-0.0009,22.835,-2.8254,1]},
{"frame":21,"values":[0.9934,-0.0202,0.113,0,-0.0047,0.9764,0.2157,0,-0.1147,-0.2148,0.9699,0,-0.0009,22.835,-2.8254,1]},
{"frame":22,"values":[0.9942,-0.0382,0.1006,0,0.0153,0.9754,0.2199,0,-0.1065,-0.2171,0.9703,0,-0.0009,22.835,-2.8254,1]},
{"frame":23,"values":[0.9953,-0.0426,0.0873,0,0.0229,0.9763,0.2151,0,-0.0944,-0.212,0.9727,0,-0.0009,22.835,-2.8254,1]},
{"frame":24,"values":[0.9964,-0.0432,0.0728,0,0.0282,0.9802,0.1958,0,-0.0798,-0.193,0.9779,0,-0.0009,22.835,-2.8254,1]},
{"frame":25,"values":[0.997,-0.0511,0.0574,0,0.0408,0.9849,0.1682,0,-0.0652,-0.1653,0.9841,0,-0.0009,22.835,-2.8254,1]},
{"frame":26,"values":[0.9969,-0.0661,0.0423,0,0.0596,0.9886,0.1382,0,-0.051,-0.1353,0.9895,0,-0.0009,22.835,-2.8254,1]},
{"frame":27,"values":[0.9961,-0.0837,0.0279,0,0.0802,0.9908,0.1087,0,-0.0368,-0.106,0.9937,0,-0.0009,22.835,-2.8254,1]},
{"frame":28,"values":[0.9953,-0.0963,0.0137,0,0.0948,0.9918,0.0854,0,-0.0218,-0.0837,0.9963,0,-0.0009,22.835,-2.8254,1]},
{"frame":29,"values":[0.9957,-0.0931,-0.0022,0,0.093,0.9929,0.0744,0,-0.0048,-0.0743,0.9972,0,-0.0009,22.835,-2.8254,1]},
{"frame":30,"values":[0.9972,-0.0719,-0.0197,0,0.0731,0.9947,0.0726,0,0.0144,-0.0738,0.9972,0,-0.0009,22.835,-2.8254,1]},
{"frame":31,"values":[0.9983,-0.0443,-0.0371,0,0.0468,0.9965,0.0698,0,0.0339,-0.0715,0.9969,0,-0.0009,22.835,-2.8254,1]},
{"frame":32,"values":[0.9983,-0.0196,-0.0542,0,0.0229,0.9978,0.0618,0,0.0528,-0.0629,0.9966,0,-0.0009,22.835,-2.8254,1]},
{"frame":33,"values":[0.9975,0.0014,-0.0713,0,0.0022,0.9988,0.0499,0,0.0713,-0.0499,0.9962,0,-0.0009,22.835,-2.8254,1]}],"loopBehavior":1,"name":"anim","property":"_matrix"}},
{"name":"mixamorig:Spine2","index":3,"matrix":[0.9972,-0.0017,-0.0754,0,0.0054,0.9988,0.0495,0,0.0752,-0.0498,0.9959,0,-0.0206,26.5525,-3.1933,1],"rest":[1,0,0,0,0,1,0,0,0,0,1,0,-0.0206,26.5525,-3.1933,1],"parentBoneIndex":2,"length":24.825
,"animation":{"dataType":3,"framePerSecond":24,"keys":[
{"frame":1,"values":[0.9972,-0.0017,-0.0754,0,0.0054,0.9988,0.0495,0,0.0752,-0.0498,0.9959,0,-0.0206,26.5525,-3.1933,1]},
{"frame":2,"values":[0.9824,-0.0888,-0.1645,0,0.093,0.9955,0.0183,0,0.1621,-0.0333,0.9862,0,-0.0206,26.5525,-3.1933,1]},
{"frame":3,"values":[0.9626,-0.1522,-0.224,0,0.155,0.9879,-0.0048,0,0.222,-0.0302,0.9746,0,-0.0206,26.5525,-3.1933,1]},
{"frame":4,"values":[0.958,-0.1673,-0.2328,0,0.1695,0.9855,-0.0106,0,0.2312,-0.0293,0.9725,0,-0.0206,26.5525,-3.1933,1]},
{"frame":5,"values":[0.965,-0.1536,-0.2125,0,0.157,0.9876,-0.0009,0,0.21,-0.0325,0.9772,0,-0.0206,26.5525,-3.1933,1]},
{"frame":6,"values":[0.9752,-0.1283,-0.1803,0,0.1362,0.9901,0.0324,0,0.1744,-0.0561,0.9831,0,-0.0206,26.5525,-3.1933,1]},
{"frame":7,"values":[0.9874,-0.0941,-0.1274,0,0.1058,0.9905,0.0882,0,0.1179,-0.1006,0.9879,0,-0.0206,26.5525,-3.1933,1]},
{"frame":8,"values":[0.9977,-0.0448,-0.0516,0,0.0516,0.9891,0.1378,0,0.0448,-0.1401,0.9891,0,-0.0206,26.5525,-3.1933,1]},
{"frame":9,"values":[0.999,0.0325,0.0291,0,-0.0367,0.9866,0.1588,0,-0.0236,-0.1597,0.9869,0,-0.0206,26.5525,-3.1933,1]},
{"frame":10,"values":[0.9871,0.1249,0.0997,0,-0.1396,0.9776,0.1574,0,-0.0778,-0.1693,0.9825,0,-0.0206,26.5525,-3.1933,1]},
{"frame":11,"values":[0.9718,0.1823,0.1493,0,-0.2035,0.9688,0.1417,0,-0.1188,-0.1681,0.9786,0,-0.0206,26.5525,-3.1933,1]},
{"frame":12,"values":[0.9689,0.1717,0.1781,0,-0.1955,0.9726,0.126,0,-0.1516,-0.1569,0.9759,0,-0.0206,26.5525,-3.1933,1]},
{"frame":13,"values":[0.9751,0.1128,0.1908,0,-0.1388,0.9819,0.129,0,-0.1728,-0.1523,0.9731,0,-0.0206,26.5525,-3.1933,1]},
{"frame":14,"values":[0.9815,0.0565,0.1827,0,-0.0833,0.9863,0.1422,0,-0.1722,-0.1548,0.9728,0,-0.0206,26.5525,-3.1933,1]},
{"frame":15,"values":[0.9858,0.0345,0.1642,0,-0.06,0.9864,0.1531,0,-0.1567,-0.1608,0.9745,0,-0.0206,26.5525,-3.1933,1]},
{"frame":16,"values":[0.9879,0.0396,0.1501,0,-0.0648,0.9839,0.1666,0,-0.1411,-0.1743,0.9745,0,-0.0206,26.5525,-3.1933,1]},
{"frame":17,"values":[0.9892,0.0468,0.1389,0,-0.0713,0.9815,0.1775,0,-0.128,-0.1855,0.9743,0,-0.0206,26.5525,-3.1933,1]},
{"frame":18,"values":[0.9909,0.0246,0.1325,0,-0.0491,0.9814,0.1855,0,-0.1255,-0.1903,0.9737,0,-0.0206,26.5525,-3.1933,1]},
{"frame":19,"values":[0.99,-0.0344,0.137,0,0.0063,0.9797,0.2005,0,-0.1411,-0.1976,0.9701,0,-0.0206,26.5525,-3.1933,1]},
{"frame":20,"values":[0.984,-0.1035,0.1452,0,0.0714,0.9749,0.2109,0,-0.1634,-0.1972,0.9667,0,-0.0206,26.5525,-3.1933,1]},
{"frame":21,"values":[0.9741,-0.1653,0.1546,0,0.1325,0.9703,0.2024,0,-0.1835,-0.1766,0.967,0,-0.0206,26.5525,-3.1933,1]},
{"frame":22,"values":[0.9654,-0.2066,0.1589,0,0.1768,0.967,0.1832,0,-0.1915,-0.1487,0.9702,0,-0.0206,26.5525,-3.1933,1]},
{"frame":23,"values":[0.9675,-0.212,0.1379,0,0.1885,0.968,0.1656,0,-0.1686,-0.1342,0.9765,0,-0.0206,26.5525,-3.1933,1]},
{"frame":24,"values":[0.9771,-0.1932,0.0886,0,0.1783,0.972,0.1532,0,-0.1157,-0.1339,0.9842,0,-0.0206,26.5525,-3.1933,1]},
{"frame":25,"values":[0.9848,-0.1716,0.0275,0,0.1661,0.9757,0.1427,0,-0.0513,-0.1359,0.9894,0,-0.0206,26.5525,-3.1933,1]},
{"frame":26,"values":[0.9874,-0.1547,-0.0335,0,0.1578,0.9787,0.1309,0,0.0125,-0.1346,0.9908,0,-0.0206,26.5525,-3.1933,1]},
{"frame":27,"values":[0.9859,-0.1415,-0.0897,0,0.1516,0.9815,0.1173,0,0.0715,-0.1293,0.989,0,-0.0206,26.5525,-3.1933,1]},
{"frame":28,"values":[0.9828,-0.1309,-0.13,0,0.1449,0.9839,0.1044,0,0.1142,-0.1215,0.986,0,-0.0206,26.5525,-3.1933,1]},
{"frame":29,"values":[0.9831,-0.1177,-0.1402,0,0.1318,0.9867,0.0957,0,0.127,-0.1125,0.9855,0,-0.0206,26.5525,-3.1933,1]},
{"frame":30,"values":[0.9879,-0.0936,-0.1236,0,0.105,0.9905,0.089,0,0.1141,-0.1009,0.9883,0,-0.0206,26.5525,-3.1933,1]},
{"frame":31,"values":[0.993,-0.0606,-0.1014,0,0.0688,0.9945,0.079,0,0.0961,-0.0854,0.9917,0,-0.0206,26.5525,-3.1933,1]},
{"frame":32,"values":[0.996,-0.0283,-0.0853,0,0.0339,0.9973,0.0649,0,0.0832,-0.0676,0.9942,0,-0.0206,26.5525,-3.1933,1]},
{"frame":33,"values":[0.9972,-0.0017,-0.0754,0,0.0054,0.9988,0.0495,0,0.0752,-0.0498,0.9959,0,-0.0206,26.5525,-3.1933,1]}],"loopBehavior":1,"name":"anim","property":"_matrix"}},
{"name":"mixamorig:Neck","index":4,"matrix":[0.9963,0.0767,0.0401,0,-0.0761,0.997,-0.0151,0,-0.0411,0.012,0.9991,0,-0.06,30.7018,1.3522,1],"rest":[1,0,0,0,0,1,0,0,0,0,1,0,-0.06,30.7018,1.3522,1],"parentBoneIndex":3,"length":22.8446
,"animation":{"dataType":3,"framePerSecond":24,"keys":[
{"frame":1,"values":[0.9963,0.0767,0.0401,0,-0.0761,0.997,-0.0151,0,-0.0411,0.012,0.9991,0,-0.06,30.7018,1.3522,1]},
{"frame":2,"values":[0.9979,0.0429,0.0477,0,-0.0445,0.9985,0.0334,0,-0.0462,-0.0355,0.9983,0,-0.06,30.7018,1.3522,1]},
{"frame":3,"values":[0.9991,0.0197,0.0375,0,-0.0224,0.997,0.0746,0,-0.0359,-0.0754,0.9965,0,-0.06,30.7018,1.3522,1]},
{"frame":4,"values":[0.9999,0.0138,0.0097,0,-0.0148,0.9939,0.1088,0,-0.0081,-0.109,0.994,0,-0.06,30.7018,1.3522,1]},
{"frame":5,"values":[0.9998,0.005,-0.0174,0,-0.0025,0.9902,0.1397,0,0.018,-0.1396,0.99,0,-0.06,30.7018,1.3522,1]},
{"frame":6,"values":[0.9992,-0.0206,-0.0334,0,0.0255,0.9875,0.1558,0,0.0298,-0.1565,0.9872,0,-0.06,30.7018,1.3522,1]},
{"frame":7,"values":[0.998,-0.0503,-0.0381,0,0.0555,0.9871,0.15,0,0.03,-0.1518,0.9879,0,-0.06,30.7018,1.3522,1]},
{"frame":8,"values":[0.9973,-0.0663,-0.0305,0,0.0698,0.989,0.1304,0,0.0215,-0.1322,0.991,0,-0.06,30.7018,1.3522,1]},
{"frame":9,"values":[0.9987,-0.0502,-0.0078,0,0.0508,0.9936,0.1013,0,0.0026,-0.1016,0.9948,0,-0.06,30.7018,1.3522,1]},
{"frame":10,"values":[0.9997,-0.0104,0.0217,0,0.009,0.9977,0.0675,0,-0.0224,-0.0672,0.9975,0,-0.06,30.7018,1.3522,1]},
{"frame":11,"values":[0.9988,0.0228,0.043,0,-0.0252,0.9981,0.0554,0,-0.0417,-0.0564,0.9975,0,-0.06,30.7018,1.3522,1]},
{"frame":12,"values":[0.9978,0.0405,0.0519,0,-0.0445,0.996,0.0779,0,-0.0485,-0.08,0.9956,0,-0.06,30.7018,1.3522,1]},
{"frame":13,"values":[0.9976,0.0479,0.0498,0,-0.053,0.9928,0.107,0,-0.0443,-0.1094,0.993,0,-0.06,30.7018,1.3522,1]},
{"frame":14,"values":[0.9979,0.0474,0.0431,0,-0.0521,0.992,0.115,0,-0.0373,-0.1171,0.9924,0,-0.06,30.7018,1.3522,1]},
{"frame":15,"values":[0.9983,0.0449,0.038,0,-0.0487,0.9929,0.1085,0,-0.0329,-0.1101,0.9934,0,-0.06,30.7018,1.3522,1]},
{"frame":16,"values":[0.9982,0.0498,0.032,0,-0.053,0.9929,0.1068,0,-0.0264,-0.1083,0.9938,0,-0.06,30.7018,1.3522,1]},
{"frame":17,"values":[0.9978,0.0634,0.0208,0,-0.0653,0.9916,0.1115,0,-0.0136,-0.1126,0.9935,0,-0.06,30.7018,1.3522,1]},
{"frame":18,"values":[0.9968,0.0801,0.0068,0,-0.0803,0.99,0.1157,0,0.0025,-0.1158,0.9933,0,-0.06,30.7018,1.3522,1]},
{"frame":19,"values":[0.9953,0.0962,-0.0071,0,-0.0947,0.9886,0.1169,0,0.0183,-0.1156,0.9931,0,-0.06,30.7018,1.3522,1]},
{"frame":20,"values":[0.9938,0.1092,-0.0191,0,-0.1064,0.9878,0.1141,0,0.0313,-0.1114,0.9933,0,-0.06,30.7018,1.3522,1]},
{"frame":21,"values":[0.9927,0.117,-0.029,0,-0.1134,0.988,0.1044,0,0.0408,-0.1004,0.9941,0,-0.06,30.7018,1.3522,1]},
{"frame":22,"values":[0.9919,0.1207,-0.0392,0,-0.117,0.9893,0.0866,0,0.0492,-0.0813,0.9955,0,-0.06,30.7018,1.3522,1]},
{"frame":23,"values":[0.9912,0.122,-0.0511,0,-0.1188,0.991,0.0616,0,0.0582,-0.055,0.9968,0,-0.06,30.7018,1.3522,1]},
{"frame":24,"values":[0.9906,0.1213,-0.0636,0,-0.1194,0.9923,0.0327,0,0.067,-0.0248,0.9974,0,-0.06,30.7018,1.3522,1]},
{"frame":25,"values":[0.9902,0.1185,-0.0744,0,-0.1187,0.9929,0.0026,0,0.0742,0.0063,0.9972,0,-0.06,30.7018,1.3522,1]},
{"frame":26,"values":[0.9901,0.1143,-0.082,0,-0.1167,0.9928,-0.0259,0,0.0785,0.0352,0.9963,0,-0.06,30.7018,1.3522,1]},
{"frame":27,"values":[0.9904,0.1093,-0.0851,0,-0.1138,0.9922,-0.05,0,0.079,0.0593,0.9951,0,-0.06,30.7018,1.3522,1]},
{"frame":28,"values":[0.9911,0.1046,-0.0822,0,-0.1102,0.9917,-0.0669,0,0.0745,0.0753,0.9944,0,-0.06,30.7018,1.3522,1]},
{"frame":29,"values":[0.9924,0.1004,-0.0709,0,-0.1055,0.9917,-0.0731,0,0.063,0.08,0.9948,0,-0.06,30.7018,1.3522,1]},
{"frame":30,"values":[0.9942,0.096,-0.0492,0,-0.0992,0.9928,-0.0666,0,0.0424,0.0711,0.9966,0,-0.06,30.7018,1.3522,1]},
{"frame":31,"values":[0.9957,0.0906,-0.0199,0,-0.0915,0.9945,-0.0509,0,0.0152,0.0525,0.9985,0,-0.06,30.7018,1.3522,1]},
{"frame":32,"values":[0.9964,0.0839,0.0113,0,-0.0835,0.996,-0.0321,0,-0.014,0.031,0.9994,0,-0.06,30.7018,1.3522,1]},
{"frame":33,"values":[0.9963,0.0767,0.0401,0,-0.0761,0.997,-0.0151,0,-0.0411,0.012,0.9991,0,-0.06,30.7018,1.3522,1]}],"loopBehavior":1,"name":"anim","property":"_matrix"}},
{"name":"mixamorig:Head","index":5,"matrix":[0.9683,0.2105,0.1345,0,-0.1901,0.9703,-0.1497,0,-0.162,0.1194,0.9795,0,-0.0872,22.5476,3.6709,1],"rest":[1,0,0,0,0,1,0,0,0,0,1,0,-0.0872,22.5476,3.6709,1],"parentBoneIndex":4,"length":30.5923
,"animation":{"dataType":3,"framePerSecond":24,"keys":[
{"frame":1,"values":[0.9683,0.2105,0.1345,0,-0.1901,0.9703,-0.1497,0,-0.162,0.1194,0.9795,0,-0.0872,22.5476,3.6709,1]},
{"frame":2,"values":[0.8873,0.2509,0.387,0,-0.2291,0.968,-0.1023,0,-0.4003,0.0021,0.9164,0,-0.0872,22.5476,3.6709,1]},
{"frame":3,"values":[0.796,0.2467,0.5527,0,-0.2644,0.9632,-0.0492,0,-0.5445,-0.107,0.8319,0,-0.0872,22.5476,3.6709,1]},
{"frame":4,"values":[0.785,0.2225,0.5781,0,-0.294,0.9553,0.0316,0,-0.5452,-0.1948,0.8153,0,-0.0872,22.5476,3.6709,1]},
{"frame":5,"values":[0.8137,0.2005,0.5456,0,-0.3146,0.9412,0.1234,0,-0.4887,-0.2721,0.8289,0,-0.0872,22.5476,3.6709,1]},
{"frame":6,"values":[0.8198,0.1899,0.5403,0,-0.3273,0.9295,0.1699,0,-0.4699,-0.3161,0.8242,0,-0.0872,22.5476,3.6709,1]},
{"frame":7,"values":[0.7973,0.2178,0.5629,0,-0.3593,0.9207,0.1527,0,-0.485,-0.324,0.8123,0,-0.0872,22.5476,3.6709,1]},
{"frame":8,"values":[0.7619,0.2799,0.5841,0,-0.4254,0.8963,0.1254,0,-0.4884,-0.344,0.802,0,-0.0872,22.5476,3.6709,1]},
{"frame":9,"values":[0.7465,0.3216,0.5825,0,-0.4829,0.8641,0.1418,0,-0.4578,-0.3871,0.8004,0,-0.0872,22.5476,3.6709,1]},
{"frame":10,"values":[0.7697,0.3381,0.5415,0,-0.4996,0.8471,0.1812,0,-0.3974,-0.41,0.821,0,-0.0872,22.5476,3.6709,1]},
{"frame":11,"values":[0.7914,0.3717,0.4853,0,-0.5122,0.8366,0.1945,0,-0.3337,-0.4025,0.8524,0,-0.0872,22.5476,3.6709,1]},
{"frame":12,"values":[0.7964,0.4145,0.4404,0,-0.542,0.8123,0.2156,0,-0.2684,-0.4104,0.8715,0,-0.0872,22.5476,3.6709,1]},
{"frame":13,"values":[0.829,0.4119,0.3783,0,-0.5276,0.8004,0.2846,0,-0.1856,-0.4355,0.8809,0,-0.0872,22.5476,3.6709,1]},
{"frame":14,"values":[0.8799,0.3702,0.298,0,-0.4581,0.8275,0.3247,0,-0.1264,-0.4223,0.8976,0,-0.0872,22.5476,3.6709,1]},
{"frame":15,"values":[0.9071,0.3387,0.2499,0,-0.4029,0.8704,0.2829,0,-0.1217,-0.3573,0.926,0,-0.0872,22.5476,3.6709,1]},
{"frame":16,"values":[0.9121,0.341,0.2274,0,-0.3909,0.8907,0.2321,0,-0.1234,-0.3006,0.9457,0,-0.0872,22.5476,3.6709,1]},
{"frame":17,"values":[0.9116,0.3555,0.2063,0,-0.3975,0.8902,0.2226,0,-0.1045,-0.2849,0.9528,0,-0.0872,22.5476,3.6709,1]},
{"frame":18,"values":[0.9118,0.368,0.1822,0,-0.4036,0.8848,0.233,0,-0.0754,-0.286,0.9553,0,-0.0872,22.5476,3.6709,1]},
{"frame":19,"values":[0.9117,0.3791,0.1583,0,-0.408,0.8804,0.2417,0,-0.0477,-0.285,0.9573,0,-0.0872,22.5476,3.6709,1]},
{"frame":20,"values":[0.9128,0.3858,0.134,0,-0.4076,0.8813,0.2391,0,-0.0259,-0.2729,0.9617,0,-0.0872,22.5476,3.6709,1]},
{"frame":21,"values":[0.9185,0.3812,0.1056,0,-0.3953,0.8926,0.2167,0,-0.0117,-0.2408,0.9705,0,-0.0872,22.5476,3.6709,1]},
{"frame":22,"values":[0.9298,0.3614,0.07,0,-0.3681,0.9134,0.1739,0,-0.0011,-0.1874,0.9823,0,-0.0872,22.5476,3.6709,1]},
{"frame":23,"values":[0.9449,0.3261,0.0293,0,-0.3272,0.9379,0.1152,0,0.0101,-0.1184,0.9929,0,-0.0872,22.5476,3.6709,1]},
{"frame":24,"values":[0.9603,0.2789,-0.0092,0,-0.2782,0.9594,0.0465,0,0.0218,-0.0421,0.9989,0,-0.0872,22.5476,3.6709,1]},
{"frame":25,"values":[0.9736,0.2252,-0.0385,0,-0.2263,0.9737,-0.027,0,0.0314,0.0349,0.9989,0,-0.0872,22.5476,3.6709,1]},
{"frame":26,"values":[0.9836,0.1717,-0.0549,0,-0.1764,0.9794,-0.0983,0,0.0369,0.1063,0.9936,0,-0.0872,22.5476,3.6709,1]},
{"frame":27,"values":[0.9904,0.1257,-0.0581,0,-0.1335,0.978,-0.1605,0,0.0367,0.1667,0.9853,0,-0.0872,22.5476,3.6709,1]},
{"frame":28,"values":[0.9943,0.0949,-0.0492,0,-0.1031,0.9731,-0.2061,0,0.0283,0.21,0.9773,0,-0.0872,22.5476,3.6709,1]},
{"frame":29,"values":[0.9958,0.0868,-0.029,0,-0.0911,0.9693,-0.2283,0,0.0083,0.23,0.9732,0,-0.0872,22.5476,3.6709,1]},
{"frame":30,"values":[0.9945,0.1046,0.0029,0,-0.1014,0.9695,-0.2231,0,-0.0262,0.2216,0.9748,0,-0.0872,22.5476,3.6709,1]},
{"frame":31,"values":[0.9892,0.1394,0.0444,0,-0.128,0.9715,-0.1996,0,-0.071,0.1918,0.9789,0,-0.0872,22.5476,3.6709,1]},
{"frame":32,"values":[0.9799,0.1778,0.0903,0,-0.1605,0.972,-0.1717,0,-0.1183,0.1537,0.981,0,-0.0872,22.5476,3.6709,1]},
{"frame":33,"values":[0.9683,0.2105,0.1345,0,-0.1901,0.9703,-0.1497,0,-0.162,0.1194,0.9795,0,-0.0872,22.5476,3.6709,1]}],"loopBehavior":1,"name":"anim","property":"_matrix"}},
{"name":"mixamorig:HeadTop_End","index":6,"matrix":[1,0,0,0,0,1,0,0,0,0,1,0,-0.8306,40.3552,7.8935,1],"rest":[1,0,0,0,0,1,0,0,0,0,1,0,-0.8306,40.3552,7.8935,1],"parentBoneIndex":5,"length":30.5923
,"animation":{"dataType":3,"framePerSecond":24,"keys":[
{"frame":1,"values":[1,0,0,0,0,1,0,0,0,0,1,0,-0.8306,40.3552,7.8935,1]},
{"frame":25,"values":[1,0,0,0,0,1,0,0,0,0,1,0,-0.8306,40.3551,7.8935,1]},
{"frame":26,"values":[1,0,0,0,0,1,0,0,0,0,1,0,-0.8306,40.3552,7.8935,1]},
{"frame":33,"values":[1,0,0,0,0,1,0,0,0,0,1,0,-0.8306,40.3552,7.8935,1]}],"loopBehavior":1,"name":"anim","property":"_matrix"}},
{"name":"mixamorig:RightEye","index":7,"matrix":[1,0,0,0,0,1,0,0,0,0,1,0,-6.3021,18.1186,16.1971,1],"rest":[1,0,0,0,0,1,0,0,0,0,1,0,-6.3021,18.1186,16.1971,1],"parentBoneIndex":5,"length":30.5923
,"animation":{"dataType":3,"framePerSecond":24,"keys":[
{"frame":1,"values":[1,0,0,0,0,1,0,0,0,0,1,0,-6.3021,18.1186,16.1971,1]},
{"frame":12,"values":[1,0,0,0,0,1,0,0,0,0,1,0,-6.3021,18.1185,16.1971,1]},
{"frame":13,"values":[1,0,0,0,0,1,0,0,0,0,1,0,-6.3021,18.1186,16.1971,1]},
{"frame":33,"values":[1,0,0,0,0,1,0,0,0,0,1,0,-6.3021,18.1186,16.1971,1]}],"loopBehavior":1,"name":"anim","property":"_matrix"}},
{"name":"mixamorig:LeftEye","index":8,"matrix":[1,0,0,0,0,1,0,0,0,0,1,0,6.7415,18.3827,16.4019,1],"rest":[1,0,0,0,0,1,0,0,0,0,1,0,6.7415,18.3827,16.4019,1],"parentBoneIndex":5,"length":30.5923
,"animation":{"dataType":3,"framePerSecond":24,"keys":[
{"frame":1,"values":[1,0,0,0,0,1,0,0,0,0,1,0,6.7415,18.3827,16.4019,1]},
{"frame":33,"values":[1,0,0,0,0,1,0,0,0,0,1,0,6.7415,18.3827,16.4019,1]}],"loopBehavior":1,"name":"anim","property":"_matrix"}},
{"name":"mixamorig:LeftShoulder","index":9,"matrix":[0.9667,-0.2552,0.0175,0,0.2548,0.9667,0.0249,0,-0.0232,-0.0196,0.9995,0,11.9249,18.2305,1.4254,1],"rest":[1,0.0062,0,0,-0.0062,1,0,0,0,0,1,0,11.9249,18.2305,1.4254,1],"parentBoneIndex":3,"length":25.9773
,"animation":{"dataType":3,"framePerSecond":24,"keys":[
{"frame":1,"values":[0.9667,-0.2552,0.0175,0,0.2548,0.9667,0.0249,0,-0.0232,-0.0196,0.9995,0,11.9249,18.2305,1.4254,1]},
{"frame":2,"values":[0.9407,-0.282,-0.1884,0,0.2807,0.9592,-0.0339,0,0.1903,-0.021,0.9815,0,11.9249,18.2305,1.4254,1]},
{"frame":3,"values":[0.8925,-0.3094,-0.3281,0,0.3057,0.95,-0.0643,0,0.3316,-0.0429,0.9425,0,11.9249,18.2305,1.4254,1]},
{"frame":4,"values":[0.8609,-0.36,-0.3597,0,0.3586,0.9306,-0.0731,0,0.361,-0.066,0.9302,0,11.9249,18.2305,1.4254,1]},
{"frame":5,"values":[0.8484,-0.4425,-0.2905,0,0.4456,0.8933,-0.0593,0,0.2857,-0.0791,0.955,0,11.9249,18.2305,1.4254,1]},
{"frame":6,"values":[0.8318,-0.5305,-0.1634,0,0.5347,0.8448,-0.0206,0,0.1489,-0.0703,0.9863,0,11.9249,18.2305,1.4254,1]},
{"frame":7,"values":[0.8147,-0.5779,-0.0477,0,0.579,0.8152,0.0129,0,0.0314,-0.0382,0.9988,0,11.9249,18.2305,1.4254,1]},
{"frame":8,"values":[0.8243,-0.5653,0.0308,0,0.5647,0.8249,0.0255,0,-0.0398,-0.0036,0.9992,0,11.9249,18.2305,1.4254,1]},
{"frame":9,"values":[0.8577,-0.5068,0.0862,0,0.5055,0.862,0.0379,0,-0.0935,0.0111,0.9956,0,11.9249,18.2305,1.4254,1]},
{"frame":10,"values":[0.8949,-0.4266,0.131,0,0.422,0.9045,0.062,0,-0.1449,-0.0002,0.9894,0,11.9249,18.2305,1.4254,1]},
{"frame":11,"values":[0.9268,-0.3178,0.2,0,0.31,0.9482,0.0702,0,-0.2119,-0.0031,0.9773,0,11.9249,18.2305,1.4254,1]},
{"frame":12,"values":[0.9277,-0.1726,0.3311,0,0.1739,0.9844,0.026,0,-0.3304,0.0335,0.9432,0,11.9249,18.2305,1.4254,1]},
{"frame":13,"values":[0.8786,-0.0738,0.4718,0,0.1108,0.9925,-0.0511,0,-0.4645,0.0971,0.8802,0,11.9249,18.2305,1.4254,1]},
{"frame":14,"values":[0.8347,-0.0733,0.5459,0,0.1592,0.9809,-0.1117,0,-0.5272,0.1801,0.8304,0,11.9249,18.2305,1.4254,1]},
{"frame":15,"values":[0.8216,-0.1032,0.5606,0,0.2191,0.9651,-0.1434,0,-0.5262,0.2407,0.8156,0,11.9249,18.2305,1.4254,1]},
{"frame":16,"values":[0.8223,-0.1062,0.5591,0,0.231,0.9601,-0.1575,0,-0.52,0.2586,0.814,0,11.9249,18.2305,1.4254,1]},
{"frame":17,"values":[0.8263,-0.0923,0.5557,0,0.2166,0.9627,-0.1622,0,-0.52,0.2544,0.8154,0,11.9249,18.2305,1.4254,1]},
{"frame":18,"values":[0.8333,-0.0701,0.5483,0,0.1859,0.9697,-0.1585,0,-0.5206,0.234,0.8211,0,11.9249,18.2305,1.4254,1]},
{"frame":19,"values":[0.8407,-0.0485,0.5394,0,0.145,0.9798,-0.1379,0,-0.5218,0.1941,0.8307,0,11.9249,18.2305,1.4254,1]},
{"frame":20,"values":[0.847,-0.0579,0.5285,0,0.1225,0.9886,-0.088,0,-0.5174,0.1392,0.8444,0,11.9249,18.2305,1.4254,1]},
{"frame":21,"values":[0.8619,-0.1162,0.4937,0,0.1389,0.9903,-0.0094,0,-0.4878,0.0767,0.8696,0,11.9249,18.2305,1.4254,1]},
{"frame":22,"values":[0.8841,-0.214,0.4153,0,0.2065,0.9764,0.0634,0,-0.4191,0.0297,0.9074,0,11.9249,18.2305,1.4254,1]},
{"frame":23,"values":[0.8929,-0.3238,0.3128,0,0.3095,0.9461,0.0957,0,-0.3269,0.0113,0.945,0,11.9249,18.2305,1.4254,1]},
{"frame":24,"values":[0.8935,-0.3935,0.2163,0,0.3834,0.9193,0.0883,0,-0.2337,0.004,0.9723,0,11.9249,18.2305,1.4254,1]},
{"frame":25,"values":[0.9095,-0.3971,0.1232,0,0.3924,0.9178,0.0612,0,-0.1374,-0.0073,0.9905,0,11.9249,18.2305,1.4254,1]},
{"frame":26,"values":[0.9319,-0.3606,0.0382,0,0.3593,0.9325,0.0379,0,-0.0493,-0.0216,0.9986,0,11.9249,18.2305,1.4254,1]},
{"frame":27,"values":[0.9446,-0.3279,-0.0156,0,0.3282,0.9441,0.0323,0,0.0041,-0.0356,0.9994,0,11.9249,18.2305,1.4254,1]},
{"frame":28,"values":[0.9491,-0.3132,-0.0341,0,0.3143,0.9487,0.0343,0,0.0216,-0.0433,0.9988,0,11.9249,18.2305,1.4254,1]},
{"frame":29,"values":[0.9522,-0.3038,-0.0323,0,0.3048,0.9518,0.0331,0,0.0207,-0.0414,0.9989,0,11.9249,18.2305,1.4254,1]},
{"frame":30,"values":[0.956,-0.2927,-0.0196,0,0.2932,0.9556,0.0303,0,0.0099,-0.0347,0.9993,0,11.9249,18.2305,1.4254,1]},
{"frame":31,"values":[0.9595,-0.2817,-0.0023,0,0.2817,0.9591,0.028,0,-0.0057,-0.0275,0.9996,0,11.9249,18.2305,1.4254,1]},
{"frame":32,"values":[0.9627,-0.2702,0.0118,0,0.2698,0.9626,0.0262,0,-0.0184,-0.022,0.9996,0,11.9249,18.2305,1.4254,1]},
{"frame":33,"values":[0.9667,-0.2552,0.0175,0,0.2548,0.9667,0.0249,0,-0.0232,-0.0196,0.9995,0,11.9249,18.2305,1.4254,1]}],"loopBehavior":1,"name":"anim","property":"_matrix"}},
{"name":"mixamorig:LeftArm","index":10,"matrix":[0.6939,-0.6714,-0.2604,0,0.5281,0.7203,-0.4499,0,0.4896,0.1746,0.8543,0,25.4312,-0.8546,-5.2293,1],"rest":[0.9983,0.0295,0.0512,0,-0.0294,0.9996,-0.0017,0,-0.0512,0.0002,0.9987,0,25.4312,-0.8546,-5.2293,1],"parentBoneIndex":9,"length":54.6847
,"animation":{"dataType":3,"framePerSecond":24,"keys":[
{"frame":1,"values":[0.6939,-0.6714,-0.2604,0,0.5281,0.7203,-0.4499,0,0.4896,0.1746,0.8543,0,25.4312,-0.8546,-5.2293,1]},
{"frame":2,"values":[0.6713,-0.6366,-0.3795,0,0.4172,0.7478,-0.5164,0,0.6126,0.1884,0.7676,0,25.4312,-0.8546,-5.2293,1]},
{"frame":3,"values":[0.6712,-0.5767,-0.4657,0,0.3114,0.7895,-0.5289,0,0.6727,0.21,0.7095,0,25.4312,-0.8546,-5.2293,1]},
{"frame":4,"values":[0.7383,-0.4621,-0.4914,0,0.217,0.8524,-0.4757,0,0.6387,0.2446,0.7296,0,25.4312,-0.8546,-5.2293,1]},
{"frame":5,"values":[0.8566,-0.2798,-0.4334,0,0.101,0.9148,-0.3911,0,0.5059,0.2913,0.8119,0,25.4312,-0.8546,-5.2293,1]},
{"frame":6,"values":[0.9558,-0.0652,-0.2867,0,-0.0396,0.9377,-0.3451,0,0.2914,0.3412,0.8937,0,25.4312,-0.8546,-5.2293,1]},
{"frame":7,"values":[0.9927,0.0937,-0.0761,0,-0.1148,0.9277,-0.3552,0,0.0373,0.3613,0.9317,0,25.4312,-0.8546,-5.2293,1]},
{"frame":8,"values":[0.9698,0.131,0.2057,0,-0.0554,0.9398,-0.3373,0,-0.2375,0.3157,0.9187,0,25.4312,-0.8546,-5.2293,1]},
{"frame":9,"values":[0.8664,0.0691,0.4946,0,0.0573,0.9701,-0.236,0,-0.4961,0.2328,0.8365,0,25.4312,-0.8546,-5.2293,1]},
{"frame":10,"values":[0.7393,0.0226,0.673,0,0.1148,0.9806,-0.1591,0,-0.6635,0.1949,0.7224,0,25.4312,-0.8546,-5.2293,1]},
{"frame":11,"values":[0.5985,0.0636,0.7986,0,0.0776,0.9875,-0.1369,0,-0.7973,0.1439,0.5861,0,25.4312,-0.8546,-5.2293,1]},
{"frame":12,"values":[0.351,0.0773,0.9332,0,-0.0675,0.9961,-0.0571,0,-0.9339,-0.0429,0.3549,0,25.4312,-0.8546,-5.2293,1]},
{"frame":13,"values":[0.0908,-0.0369,0.9952,0,-0.2588,0.9641,0.0594,0,-0.9616,-0.263,0.078,0,25.4312,-0.8546,-5.2293,1]},
{"frame":14,"values":[-0.0233,-0.1488,0.9886,0,-0.3447,0.9294,0.1318,0,-0.9384,-0.3377,-0.0729,0,25.4312,-0.8546,-5.2293,1]},
{"frame":15,"values":[-0.0277,-0.1319,0.9909,0,-0.314,0.9422,0.1166,0,-0.949,-0.3079,-0.0675,0,25.4312,-0.8546,-5.2293,1]},
{"frame":16,"values":[-0.0181,-0.0607,0.998,0,-0.2728,0.9606,0.0534,0,-0.9619,-0.2713,-0.0339,0,25.4312,-0.8546,-5.2293,1]},
{"frame":17,"values":[-0.0177,-0.0074,0.9998,0,-0.2035,0.9791,0.0037,0,-0.9789,-0.2034,-0.0188,0,25.4312,-0.8546,-5.2293,1]},
{"frame":18,"values":[-0.0141,0.0401,0.9991,0,-0.0552,0.9976,-0.0409,0,-0.9984,-0.0557,-0.0119,0,25.4312,-0.8546,-5.2293,1]},
{"frame":19,"values":[0.0637,0.0958,0.9934,0,0.0978,0.99,-0.1018,0,-0.9932,0.1036,0.0537,0,25.4312,-0.8546,-5.2293,1]},
{"frame":20,"values":[0.3048,0.1507,0.9404,0,0.1552,0.9663,-0.2052,0,-0.9397,0.2085,0.2712,0,25.4312,-0.8546,-5.2293,1]},
{"frame":21,"values":[0.6523,0.1783,0.7367,0,0.1309,0.9308,-0.3412,0,-0.7466,0.319,0.5838,0,25.4312,-0.8546,-5.2293,1]},
{"frame":22,"values":[0.8972,0.1361,0.4201,0,0.0666,0.8988,-0.4333,0,-0.4366,0.4168,0.7973,0,25.4312,-0.8546,-5.2293,1]},
{"frame":23,"values":[0.9885,0.0239,0.1496,0,0.0424,0.9044,-0.4245,0,-0.1455,0.426,0.893,0,25.4312,-0.8546,-5.2293,1]},
{"frame":24,"values":[0.9908,-0.1244,-0.0528,0,0.0948,0.9184,-0.3841,0,0.0962,0.3755,0.9218,0,25.4312,-0.8546,-5.2293,1]},
{"frame":25,"values":[0.9323,-0.2873,-0.2199,0,0.1926,0.9086,-0.3706,0,0.3063,0.3032,0.9024,0,25.4312,-0.8546,-5.2293,1]},
{"frame":26,"values":[0.8498,-0.4203,-0.3181,0,0.2961,0.8799,-0.3715,0,0.4361,0.2215,0.8722,0,25.4312,-0.8546,-5.2293,1]},
{"frame":27,"values":[0.8051,-0.4896,-0.3349,0,0.3707,0.856,-0.3603,0,0.4631,0.1659,0.8706,0,25.4312,-0.8546,-5.2293,1]},
{"frame":28,"values":[0.7901,-0.5231,-0.3195,0,0.4127,0.8394,-0.3537,0,0.4532,0.1476,0.8791,0,25.4312,-0.8546,-5.2293,1]},
{"frame":29,"values":[0.7736,-0.5545,-0.3069,0,0.4414,0.8189,-0.3668,0,0.4547,0.1483,0.8782,0,25.4312,-0.8546,-5.2293,1]},
{"frame":30,"values":[0.7538,-0.5861,-0.297,0,0.4643,0.795,-0.3904,0,0.4649,0.1564,0.8714,0,25.4312,-0.8546,-5.2293,1]},
{"frame":31,"values":[0.7356,-0.6145,-0.2851,0,0.4834,0.771,-0.4146,0,0.4746,0.1672,0.8642,0,25.4312,-0.8546,-5.2293,1]},
{"frame":32,"values":[0.7164,-0.6423,-0.2726,0,0.5035,0.7463,-0.4353,0,0.4831,0.1746,0.858,0,25.4312,-0.8546,-5.2293,1]},
{"frame":33,"values":[0.6939,-0.6714,-0.2604,0,0.5281,0.7203,-0.4499,0,0.4896,0.1746,0.8543,0,25.4312,-0.8546,-5.2293,1]}],"loopBehavior":1,"name":"anim","property":"_matrix"}},
{"name":"mixamorig:LeftForeArm","index":11,"matrix":[0.9967,-0.0088,0.0806,0,0.009,1,-0.0021,0,-0.0806,0.0029,0.9967,0,54.5783,-1.9463,-2.8009,1],"rest":[0.9943,-0.0088,-0.1062,0,0.0091,1,0.0028,0,0.1061,-0.0038,0.9943,0,54.5783,-1.9463,-2.8009,1],"parentBoneIndex":10,"length":55.0982
,"animation":{"dataType":3,"framePerSecond":24,"keys":[
{"frame":1,"values":[0.9967,-0.0088,0.0806,0,0.009,1,-0.0021,0,-0.0806,0.0029,0.9967,0,54.5783,-1.9463,-2.8009,1]},
{"frame":2,"values":[0.9999,-0.009,0.0063,0,0.009,1,-0.0002,0,-0.0063,0.0002,1,0,54.5783,-1.9463,-2.8009,1]},
{"frame":3,"values":[0.9996,-0.009,-0.0267,0,0.009,1,0.0007,0,0.0266,-0.001,0.9996,0,54.5783,-1.9463,-2.8009,1]},
{"frame":4,"values":[0.9999,-0.009,-0.005,0,0.009,1,0.0002,0,0.005,-0.0002,1,0,54.5783,-1.9463,-2.8009,1]},
{"frame":5,"values":[0.9991,-0.0089,0.0425,0,0.009,1,-0.0011,0,-0.0425,0.0015,0.9991,0,54.5783,-1.9463,-2.8009,1]},
{"frame":6,"values":[0.9955,-0.0088,0.0943,0,0.0091,1,-0.0025,0,-0.0943,0.0033,0.9955,0,54.5783,-1.9463,-2.8009,1]},
{"frame":7,"values":[0.9887,-0.0085,0.1495,0,0.0092,0.9999,-0.004,0,-0.1494,0.0053,0.9888,0,54.5783,-1.9463,-2.8009,1]},
{"frame":8,"values":[0.9767,-0.0081,0.2145,0,0.0096,0.9999,-0.0057,0,-0.2145,0.0076,0.9767,0,54.5783,-1.9463,-2.8009,1]},
{"frame":9,"values":[0.9577,-0.0074,0.2877,0,0.0101,0.9999,-0.0077,0,-0.2876,0.0102,0.9577,0,54.5783,-1.9463,-2.8009,1]},
{"frame":10,"values":[0.9351,-0.0066,0.3544,0,0.0106,0.9999,-0.0094,0,-0.3543,0.0126,0.935,0,54.5783,-1.9463,-2.8009,1]},
{"frame":11,"values":[0.9042,-0.0055,0.427,0,0.0115,0.9999,-0.0114,0,-0.4269,0.0152,0.9042,0,54.5783,-1.9463,-2.8009,1]},
{"frame":12,"values":[0.8187,-0.0024,0.5742,0,0.0137,0.9998,-0.0153,0,-0.574,0.0204,0.8186,0,54.5783,-1.9463,-2.8009,1]},
{"frame":13,"values":[0.607,0.0051,0.7947,0,0.0193,0.9996,-0.0212,0,-0.7945,0.0283,0.6066,0,54.5783,-1.9463,-2.8009,1]},
{"frame":14,"values":[0.3242,0.0152,0.9459,0,0.0269,0.9993,-0.0253,0,-0.9456,0.0336,0.3235,0,54.5783,-1.9463,-2.8009,1]},
{"frame":15,"values":[0.1566,0.0212,0.9874,0,0.0313,0.9992,-0.0264,0,-0.9872,0.0351,0.1558,0,54.5783,-1.9463,-2.8009,1]},
{"frame":16,"values":[0.1394,0.0218,0.99,0,0.0318,0.9991,-0.0265,0,-0.9897,0.0352,0.1386,0,54.5783,-1.9463,-2.8009,1]},
{"frame":17,"values":[0.2467,0.018,0.9689,0,0.0289,0.9992,-0.0259,0,-0.9687,0.0344,0.246,0,54.5783,-1.9463,-2.8009,1]},
{"frame":18,"values":[0.4817,0.0096,0.8763,0,0.0227,0.9995,-0.0234,0,-0.876,0.0312,0.4812,0,54.5783,-1.9463,-2.8009,1]},
