{"producer":{"name":"Blender","version":"2.90.0","exporter_version":"2.80.1","file":"fight_headbutt.babylon"},
"autoClear":true,"clearColor":[0.0509,0.0509,0.0509],"gravity":[0,-9.81,0],
"materials":[{"name":"Material","id":"Material","customType":"BABYLON.PBRMaterial","backFaceCulling":true,"checkReadyOnlyOnce":false,"maxSimultaneousLights":4,"environmentIntensity":1,"albedo":[0.8,0.8,0.8],"reflectivity":[0.5,0.5,0.5],"roughness":0.4,"alpha":1,"transparencyMode":0,"alphaCutOff":0.4,"metallic":0}],
"multiMaterials":[],
"skeletons":[{"name":"Armature","id":0,"dimensionsAtRest":[379.1952,391.6652,55.677],"bones":[
{"name":"mixamorig:Hips","index":0,"matrix":[0.8099,0.0285,-0.5858,0,-0.007,0.9992,0.0389,0,-0.5865,0.0274,-0.8095,0,-1.3611,178.5985,-0.2767,1],"rest":[1,0,0,0,0,1,0,0,0,0,-1,0,0,201.6394,0,1],"parentBoneIndex":-1,"length":21.6784
,"animation":{"dataType":3,"framePerSecond":24,"keys":[
{"frame":1,"values":[0.8099,0.0285,-0.5858,0,-0.007,0.9992,0.0389,0,-0.5865,0.0274,-0.8095,0,-1.3611,178.5985,-0.2767,1]},
{"frame":2,"values":[0.8094,0.0384,-0.586,0,-0.0052,0.9983,0.0583,0,-0.5872,0.0442,-0.8082,0,-1.2307,177.3622,-2.4274,1]},
{"frame":3,"values":[0.806,0.0476,-0.5901,0,0.0005,0.9967,0.0811,0,-0.592,0.0656,-0.8033,0,-1.1939,175.7996,-4.6909,1]},
{"frame":4,"values":[0.7982,0.0563,-0.5998,0,0.008,0.9945,0.104,0,-0.6024,0.0878,-0.7934,0,-1.26,173.8454,-7.5368,1]},
{"frame":5,"values":[0.7883,0.0649,-0.6118,0,0.0139,0.9923,0.1232,0,-0.6151,0.1056,-0.7813,0,-1.4877,171.6021,-11.3154,1]},
{"frame":6,"values":[0.7801,0.073,-0.6214,0,0.0142,0.9908,0.1343,0,-0.6255,0.1136,-0.7719,0,-1.5292,169.5361,-16.4251,1]},
{"frame":7,"values":[0.7721,0.081,-0.6304,0,0.0072,0.9907,0.136,0,-0.6355,0.1095,-0.7643,0,-1.4611,167.9126,-22.568,1]},
{"frame":8,"values":[0.7626,0.0855,-0.6412,0,-0.0082,0.9924,0.1226,0,-0.6468,0.0883,-0.7575,0,-1.398,166.9874,-29.4381,1]},
{"frame":9,"values":[0.7524,0.0794,-0.6539,0,-0.0298,0.9958,0.0867,0,-0.658,0.0457,-0.7516,0,-1.1811,166.8927,-37.1687,1]},
{"frame":10,"values":[0.7447,0.0613,-0.6646,0,-0.054,0.998,0.0315,0,-0.6652,-0.0124,-0.7465,0,-0.4172,167.4188,-45.9519,1]},
{"frame":11,"values":[0.7424,0.0323,-0.6692,0,-0.0697,0.9971,-0.0291,0,-0.6664,-0.0682,-0.7425,0,1.2081,167.9821,-55.8642,1]},
{"frame":12,"values":[0.7413,-0.0079,-0.6711,0,-0.0664,0.9942,-0.085,0,-0.6678,-0.1076,-0.7365,0,3.5314,167.436,-66.4367,1]},
{"frame":13,"values":[0.7353,-0.0501,-0.6759,0,-0.0481,0.9909,-0.1257,0,-0.6761,-0.1249,-0.7262,0,6.1951,165.2176,-77.0459,1]},
{"frame":14,"values":[0.7285,-0.0739,-0.681,0,-0.0258,0.9905,-0.1351,0,-0.6845,-0.116,-0.7197,0,9.0286,161.9989,-86.727,1]},
{"frame":15,"values":[0.7349,-0.0689,-0.6746,0,-0.0101,0.9936,-0.1125,0,-0.678,-0.0895,-0.7296,0,11.603,159.0682,-94.7599,1]},
{"frame":16,"values":[0.756,-0.0601,-0.6518,0,-0.0063,0.9951,-0.0991,0,-0.6545,-0.079,-0.7519,0,13.4188,157.7218,-101.2622,1]},
{"frame":17,"values":[0.7805,-0.0611,-0.6222,0,-0.0164,0.9929,-0.1181,0,-0.6249,-0.1024,-0.7739,0,14.6856,158.2962,-106.3247,1]},
{"frame":18,"values":[0.7968,-0.0595,-0.6013,0,-0.0343,0.9891,-0.1434,0,-0.6033,-0.1349,-0.786,0,15.8449,159.5009,-109.6612,1]},
{"frame":19,"values":[0.8,-0.0564,-0.5974,0,-0.0444,0.9873,-0.1527,0,-0.5984,-0.1487,-0.7873,0,16.8262,160.3031,-111.3832,1]},
{"frame":20,"values":[0.7954,-0.0589,-0.6032,0,-0.0395,0.9881,-0.1485,0,-0.6048,-0.1419,-0.7836,0,17.36,160.6566,-111.7384,1]},
{"frame":21,"values":[0.7877,-0.0648,-0.6126,0,-0.0258,0.9901,-0.1378,0,-0.6155,-0.1244,-0.7783,0,17.4139,160.7683,-110.7377,1]},
{"frame":22,"values":[0.7746,-0.068,-0.6288,0,-0.0112,0.9926,-0.1211,0,-0.6324,-0.1008,-0.7681,0,17.0723,160.985,-108.6441,1]},
{"frame":23,"values":[0.7522,-0.0627,-0.6559,0,0.0007,0.9955,-0.0944,0,-0.6589,-0.0706,-0.7489,0,16.2474,161.0434,-105.2839,1]},
{"frame":24,"values":[0.7236,-0.0424,-0.6889,0,0.0078,0.9986,-0.0532,0,-0.6901,-0.0332,-0.7229,0,14.8345,161.1611,-100.5366,1]},
{"frame":25,"values":[0.6998,-0.0106,-0.7143,0,0.0114,0.9999,-0.0037,0,-0.7143,0.0055,-0.6998,0,12.6632,162.0615,-94.1907,1]},
{"frame":26,"values":[0.6933,0.0177,-0.7204,0,0.0108,0.9993,0.035,0,-0.7205,0.0321,-0.6927,0,9.5789,163.9802,-86.2656,1]},
{"frame":27,"values":[0.7097,0.0414,-0.7033,0,-0.0041,0.9985,0.0547,0,-0.7045,0.0359,-0.7088,0,6.1491,166.2254,-77.3599,1]},
{"frame":28,"values":[0.7388,0.0616,-0.6711,0,-0.0276,0.9977,0.0612,0,-0.6734,0.0267,-0.7388,0,3.4183,168.5676,-67.845,1]},
{"frame":29,"values":[0.7668,0.0673,-0.6384,0,-0.0358,0.9974,0.0621,0,-0.6409,0.0248,-0.7672,0,1.7374,172.1026,-58.6455,1]},
{"frame":30,"values":[0.7853,0.0599,-0.6162,0,-0.0289,0.9978,0.0601,0,-0.6185,0.0293,-0.7853,0,0.616,176.9489,-50.44,1]},
{"frame":31,"values":[0.7895,0.043,-0.6122,0,-0.0214,0.9989,0.0427,0,-0.6134,0.0206,-0.7895,0,-0.1822,182.7579,-43.5411,1]},
{"frame":32,"values":[0.7769,0.0188,-0.6294,0,-0.0186,0.9998,0.0069,0,-0.6294,-0.0064,-0.7771,0,-0.5506,188.1701,-37.8899,1]},
{"frame":33,"values":[0.7468,-0.009,-0.665,0,-0.0185,0.9992,-0.0342,0,-0.6648,-0.0378,-0.746,0,-0.5449,191.2513,-33.1494,1]},
{"frame":34,"values":[0.7111,-0.0317,-0.7023,0,-0.016,0.998,-0.0613,0,-0.7029,-0.0548,-0.7092,0,-0.3138,191.5349,-29.0846,1]},
{"frame":35,"values":[0.6943,-0.049,-0.718,0,-0.0041,0.9974,-0.0721,0,-0.7196,-0.053,-0.6923,0,0.2061,190.4226,-25.6916,1]},
{"frame":36,"values":[0.709,-0.0487,-0.7036,0,0.0058,0.998,-0.0633,0,-0.7052,-0.0408,-0.7078,0,0.2581,188.1348,-21.7608,1]},
{"frame":37,"values":[0.7374,-0.0309,-0.6748,0,0.0061,0.9992,-0.0391,0,-0.6755,-0.0248,-0.737,0,-1.0491,184.9293,-16.4596,1]},
{"frame":38,"values":[0.756,-0.0113,-0.6545,0,0.0009,0.9999,-0.0162,0,-0.6546,-0.0116,-0.7559,0,-3.3521,181.664,-10.403,1]},
{"frame":39,"values":[0.7662,-0.0031,-0.6425,0,-0.0012,1,-0.0062,0,-0.6425,-0.0055,-0.7662,0,-5.2391,179.3724,-4.4132,1]},
{"frame":40,"values":[0.7778,-0.0045,-0.6285,0,0.0001,1,-0.0071,0,-0.6285,-0.0055,-0.7778,0,-6.0473,178.617,0.8927,1]},
{"frame":41,"values":[0.7891,-0.0017,-0.6143,0,-0.0035,1,-0.0072,0,-0.6142,-0.0078,-0.7891,0,-6.4552,179.246,5.1516,1]},
{"frame":42,"values":[0.7984,0.0102,-0.6021,0,-0.0131,0.9999,-0.0005,0,-0.602,-0.0083,-0.7985,0,-7.1652,180.6446,8.4863,1]},
{"frame":43,"values":[0.8108,0.0223,-0.5849,0,-0.0208,0.9997,0.0092,0,-0.5849,-0.0047,-0.8111,0,-7.8421,182.2273,10.9444,1]},
{"frame":44,"values":[0.8264,0.0312,-0.5623,0,-0.0263,0.9995,0.0168,0,-0.5625,-0.0009,-0.8268,0,-8.0192,183.4589,12.2944,1]},
{"frame":45,"values":[0.8359,0.0381,-0.5475,0,-0.0331,0.9993,0.019,0,-0.5478,-0.0022,-0.8366,0,-7.6673,184.0403,12.5728,1]},
{"frame":46,"values":[0.8346,0.0405,-0.5494,0,-0.0374,0.9992,0.0169,0,-0.5496,-0.0064,-0.8354,0,-6.9079,183.8927,12.0371,1]},
{"frame":47,"values":[0.8273,0.0376,-0.5605,0,-0.0348,0.9993,0.0157,0,-0.5607,-0.0065,-0.828,0,-5.8795,183.0771,10.6996,1]},
{"frame":48,"values":[0.8187,0.03,-0.5735,0,-0.0251,0.9996,0.0165,0,-0.5737,-0.0009,-0.8191,0,-4.5917,181.8486,8.3074,1]},
{"frame":49,"values":[0.8125,0.0234,-0.5825,0,-0.0152,0.9997,0.019,0,-0.5828,0.0066,-0.8126,0,-3.0879,180.7738,5.2644,1]},
{"frame":50,"values":[0.8101,0.0223,-0.5858,0,-0.0089,0.9996,0.0257,0,-0.5862,0.0156,-0.81,0,-1.8911,179.7021,2.2307,1]},
{"frame":51,"values":[0.8099,0.0285,-0.5858,0,-0.007,0.9992,0.0389,0,-0.5865,0.0274,-0.8095,0,-1.3611,178.5985,-0.2767,1]}],"loopBehavior":1,"name":"anim","property":"_matrix"}},
{"name":"mixamorig:Spine","index":1,"matrix":[0.9992,0.0215,-0.0346,0,-0.0185,0.996,0.087,0,0.0363,-0.0862,0.9956,0,0.0062,19.525,-2.4818,1],"rest":[1,0,0,0,0,1,0,0,0,0,1,0,0.0062,19.525,-2.4818,1],"parentBoneIndex":0,"length":23.0091
,"animation":{"dataType":3,"framePerSecond":24,"keys":[
{"frame":1,"values":[0.9992,0.0215,-0.0346,0,-0.0185,0.996,0.087,0,0.0363,-0.0862,0.9956,0,0.0062,19.525,-2.4818,1]},
{"frame":2,"values":[0.9992,0.024,-0.033,0,-0.021,0.9958,0.0895,0,0.035,-0.0888,0.9954,0,0.0062,19.525,-2.4818,1]},
{"frame":3,"values":[0.999,0.0325,-0.0315,0,-0.0295,0.9953,0.0926,0,0.0344,-0.0915,0.9952,0,0.0062,19.525,-2.4818,1]},
{"frame":4,"values":[0.9987,0.0408,-0.0313,0,-0.0377,0.9948,0.095,0,0.035,-0.0937,0.995,0,0.0062,19.525,-2.4818,1]},
{"frame":5,"values":[0.9984,0.0483,-0.0304,0,-0.0451,0.9943,0.0962,0,0.0349,-0.0947,0.9949,0,0.0062,19.525,-2.4818,1]},
{"frame":6,"values":[0.9981,0.0548,-0.0295,0,-0.0518,0.9943,0.0932,0,0.0344,-0.0915,0.9952,0,0.0062,19.525,-2.4818,1]},
{"frame":7,"values":[0.9979,0.0565,-0.0302,0,-0.0537,0.9948,0.0866,0,0.0349,-0.0848,0.9958,0,0.0062,19.525,-2.4818,1]},
{"frame":8,"values":[0.9982,0.0498,-0.0327,0,-0.0472,0.9959,0.0772,0,0.0364,-0.0755,0.9965,0,0.0062,19.525,-2.4818,1]},
{"frame":9,"values":[0.9987,0.0374,-0.036,0,-0.0351,0.9973,0.0645,0,0.0383,-0.0631,0.9973,0,0.0062,19.525,-2.4818,1]},
{"frame":10,"values":[0.999,0.0218,-0.0394,0,-0.0198,0.9985,0.0516,0,0.0404,-0.0508,0.9979,0,0.0062,19.525,-2.4818,1]},
{"frame":11,"values":[0.9991,0.0068,-0.0417,0,-0.0049,0.9989,0.0459,0,0.042,-0.0457,0.9981,0,0.0062,19.525,-2.4818,1]},
{"frame":12,"values":[0.999,-0.0053,-0.0437,0,0.0076,0.9986,0.052,0,0.0434,-0.0523,0.9977,0,0.0062,19.525,-2.4818,1]},
{"frame":13,"values":[0.9988,-0.0181,-0.0449,0,0.0212,0.9974,0.0694,0,0.0435,-0.0702,0.9966,0,0.0062,19.525,-2.4818,1]},
{"frame":14,"values":[0.9981,-0.0408,-0.0452,0,0.0453,0.9937,0.1021,0,0.0408,-0.104,0.9937,0,0.0062,19.525,-2.4818,1]},
{"frame":15,"values":[0.996,-0.0764,-0.0466,0,0.0826,0.9853,0.1495,0,0.0345,-0.1527,0.9877,0,0.0062,19.525,-2.4818,1]},
{"frame":16,"values":[0.9932,-0.1044,-0.0512,0,0.1125,0.9743,0.1953,0,0.0295,-0.1998,0.9794,0,0.0062,19.525,-2.4818,1]},
{"frame":17,"values":[0.9918,-0.115,-0.0561,0,0.1248,0.9656,0.2283,0,0.0279,-0.2334,0.972,0,0.0062,19.525,-2.4818,1]},
{"frame":18,"values":[0.9914,-0.1155,-0.0609,0,0.1272,0.96,0.2495,0,0.0297,-0.2551,0.9665,0,0.0062,19.525,-2.4818,1]},
{"frame":19,"values":[0.992,-0.1083,-0.0653,0,0.1217,0.9582,0.2591,0,0.0345,-0.265,0.9636,0,0.0062,19.525,-2.4818,1]},
{"frame":20,"values":[0.9934,-0.0935,-0.0665,0,0.1076,0.9601,0.2582,0,0.0397,-0.2637,0.9638,0,0.0062,19.525,-2.4818,1]},
{"frame":21,"values":[0.9951,-0.0751,-0.0639,0,0.0889,0.964,0.2506,0,0.0427,-0.2551,0.966,0,0.0062,19.525,-2.4818,1]},
{"frame":22,"values":[0.9965,-0.0578,-0.0599,0,0.0706,0.9681,0.2402,0,0.0441,-0.2436,0.9689,0,0.0062,19.525,-2.4818,1]},
{"frame":23,"values":[0.9974,-0.0445,-0.0562,0,0.0562,0.9721,0.2279,0,0.0445,-0.2305,0.9721,0,0.0062,19.525,-2.4818,1]},
{"frame":24,"values":[0.998,-0.035,-0.0523,0,0.0455,0.9755,0.2152,0,0.0435,-0.2171,0.9752,0,0.0062,19.525,-2.4818,1]},
{"frame":25,"values":[0.9985,-0.0243,-0.0485,0,0.0336,0.9788,0.2018,0,0.0426,-0.2031,0.9782,0,0.0062,19.525,-2.4818,1]},
{"frame":26,"values":[0.9989,-0.0075,-0.0468,0,0.0159,0.983,0.1828,0,0.0446,-0.1833,0.982,0,0.0062,19.525,-2.4818,1]},
{"frame":27,"values":[0.9988,0.0104,-0.0471,0,-0.0031,0.9882,0.1534,0,0.0481,-0.1531,0.987,0,0.0062,19.525,-2.4818,1]},
{"frame":28,"values":[0.9987,0.0223,-0.0468,0,-0.0162,0.992,0.1252,0,0.0492,-0.1243,0.991,0,0.0062,19.525,-2.4818,1]},
{"frame":29,"values":[0.9985,0.0278,-0.0462,0,-0.0223,0.993,0.1161,0,0.0491,-0.1149,0.9922,0,0.0062,19.525,-2.4818,1]},
{"frame":30,"values":[0.9986,0.0268,-0.0449,0,-0.0213,0.9926,0.1197,0,0.0478,-0.1186,0.9918,0,0.0062,19.525,-2.4818,1]},
{"frame":31,"values":[0.9989,0.0201,-0.0432,0,-0.0148,0.9927,0.1199,0,0.0453,-0.1191,0.9918,0,0.0062,19.525,-2.4818,1]},
{"frame":32,"values":[0.9991,0.0123,-0.0417,0,-0.0076,0.9938,0.111,0,0.0428,-0.1106,0.9929,0,0.0062,19.525,-2.4818,1]},
{"frame":33,"values":[0.9992,0.0058,-0.0407,0,-0.0019,0.9954,0.096,0,0.041,-0.0959,0.9945,0,0.0062,19.525,-2.4818,1]},
{"frame":34,"values":[0.9992,0.002,-0.0391,0,0.0012,0.9966,0.0825,0,0.0391,-0.0825,0.9958,0,0.0062,19.525,-2.4818,1]},
{"frame":35,"values":[0.9993,0.0099,-0.0352,0,-0.0073,0.9971,0.0756,0,0.0359,-0.0753,0.9965,0,0.0062,19.525,-2.4818,1]},
{"frame":36,"values":[0.9994,0.0144,-0.0305,0,-0.0121,0.997,0.0759,0,0.0315,-0.0755,0.9967,0,0.0062,19.525,-2.4818,1]},
{"frame":37,"values":[0.9996,0.005,-0.0295,0,-0.0026,0.9968,0.0801,0,0.0298,-0.08,0.9963,0,0.0062,19.525,-2.4818,1]},
{"frame":38,"values":[0.9994,-0.0078,-0.0331,0,0.0105,0.9965,0.0825,0,0.0323,-0.0828,0.996,0,0.0062,19.525,-2.4818,1]},
{"frame":39,"values":[0.9993,-0.0089,-0.0364,0,0.0119,0.9964,0.0842,0,0.0355,-0.0846,0.9958,0,0.0062,19.525,-2.4818,1]},
{"frame":40,"values":[0.9993,0.0023,-0.0379,0,0.0011,0.9961,0.088,0,0.038,-0.088,0.9954,0,0.0062,19.525,-2.4818,1]},
{"frame":41,"values":[0.9991,0.0117,-0.04,0,-0.0081,0.9959,0.09,0,0.0409,-0.0896,0.9951,0,0.0062,19.525,-2.4818,1]},
{"frame":42,"values":[0.9991,0.011,-0.0417,0,-0.0072,0.996,0.0895,0,0.0426,-0.0891,0.9951,0,0.0062,19.525,-2.4818,1]},
{"frame":43,"values":[0.9992,0.0073,-0.0401,0,-0.0037,0.9959,0.0899,0,0.0406,-0.0897,0.9951,0,0.0062,19.525,-2.4818,1]},
{"frame":44,"values":[0.9993,0.0064,-0.0368,0,-0.003,0.9959,0.0899,0,0.0372,-0.0898,0.9953,0,0.0062,19.525,-2.4818,1]},
{"frame":45,"values":[0.9993,0.0076,-0.0359,0,-0.0045,0.9962,0.0865,0,0.0364,-0.0863,0.9956,0,0.0062,19.525,-2.4818,1]},
{"frame":46,"values":[0.9992,0.0105,-0.0377,0,-0.0073,0.9966,0.0826,0,0.0384,-0.0822,0.9959,0,0.0062,19.525,-2.4818,1]},
{"frame":47,"values":[0.9991,0.0146,-0.0395,0,-0.0114,0.9966,0.0813,0,0.0405,-0.0808,0.9959,0,0.0062,19.525,-2.4818,1]},
{"frame":48,"values":[0.999,0.0194,-0.0397,0,-0.0161,0.9965,0.0817,0,0.0412,-0.081,0.9959,0,0.0062,19.525,-2.4818,1]},
{"frame":49,"values":[0.999,0.0223,-0.0384,0,-0.0191,0.9964,0.0825,0,0.0401,-0.0817,0.9958,0,0.0062,19.525,-2.4818,1]},
{"frame":50,"values":[0.9991,0.022,-0.0363,0,-0.0188,0.9962,0.0847,0,0.038,-0.0839,0.9957,0,0.0062,19.525,-2.4818,1]},
{"frame":51,"values":[0.9992,0.0215,-0.0346,0,-0.0185,0.996,0.087,0,0.0363,-0.0862,0.9956,0,0.0062,19.525,-2.4818,1]}],"loopBehavior":1,"name":"anim","property":"_matrix"}},
{"name":"mixamorig:Spine1","index":2,"matrix":[0.9984,0.022,-0.0514,0,-0.0168,0.9949,0.0996,0,0.0533,-0.0986,0.9937,0,-0.0009,22.835,-2.8254,1],"rest":[1,0,0,0,0,1,0,0,0,0,1,0,-0.0009,22.835,-2.8254,1],"parentBoneIndex":1,"length":26.7438
,"animation":{"dataType":3,"framePerSecond":24,"keys":[
{"frame":1,"values":[0.9984,0.022,-0.0514,0,-0.0168,0.9949,0.0996,0,0.0533,-0.0986,0.9937,0,-0.0009,22.835,-2.8254,1]},
{"frame":2,"values":[0.9985,0.0245,-0.0491,0,-0.0194,0.9946,0.1023,0,0.0514,-0.1012,0.9935,0,-0.0009,22.835,-2.8254,1]},
{"frame":3,"values":[0.9984,0.0318,-0.0475,0,-0.0267,0.9941,0.1056,0,0.0506,-0.1042,0.9933,0,-0.0009,22.835,-2.8254,1]},
{"frame":4,"values":[0.9981,0.0382,-0.0476,0,-0.0329,0.9937,0.1074,0,0.0514,-0.1056,0.9931,0,-0.0009,22.835,-2.8254,1]},
{"frame":5,"values":[0.998,0.0427,-0.0466,0,-0.0375,0.9935,0.1072,0,0.0508,-0.1052,0.9931,0,-0.0009,22.835,-2.8254,1]},
{"frame":6,"values":[0.9979,0.0464,-0.0455,0,-0.0416,0.9938,0.1027,0,0.05,-0.1006,0.9937,0,-0.0009,22.835,-2.8254,1]},
{"frame":7,"values":[0.9978,0.0478,-0.0461,0,-0.0433,0.9946,0.0941,0,0.0503,-0.0919,0.9945,0,-0.0009,22.835,-2.8254,1]},
{"frame":8,"values":[0.9979,0.0443,-0.0479,0,-0.0403,0.9958,0.0817,0,0.0513,-0.0795,0.9955,0,-0.0009,22.835,-2.8254,1]},
{"frame":9,"values":[0.998,0.0371,-0.0505,0,-0.0338,0.9973,0.0645,0,0.0527,-0.0627,0.9966,0,-0.0009,22.835,-2.8254,1]},
{"frame":10,"values":[0.9982,0.0269,-0.0542,0,-0.0244,0.9986,0.0474,0,0.0554,-0.046,0.9974,0,-0.0009,22.835,-2.8254,1]},
{"frame":11,"values":[0.9982,0.0152,-0.0586,0,-0.0129,0.9991,0.04,0,0.0591,-0.0392,0.9975,0,-0.0009,22.835,-2.8254,1]},
{"frame":12,"values":[0.998,0.0045,-0.0631,0,-0.0014,0.9988,0.0481,0,0.0633,-0.0479,0.9968,0,-0.0009,22.835,-2.8254,1]},
{"frame":13,"values":[0.9978,-0.0088,-0.0656,0,0.0134,0.9974,0.0701,0,0.0649,-0.0709,0.9954,0,-0.0009,22.835,-2.8254,1]},
{"frame":14,"values":[0.9974,-0.0342,-0.064,0,0.041,0.9934,0.1074,0,0.0599,-0.1097,0.9922,0,-0.0009,22.835,-2.8254,1]},
{"frame":15,"values":[0.9954,-0.0716,-0.0632,0,0.0809,0.9838,0.1598,0,0.0507,-0.1642,0.9851,0,-0.0009,22.835,-2.8254,1]},
{"frame":16,"values":[0.9925,-0.102,-0.0669,0,0.1141,0.9707,0.2117,0,0.0433,-0.2177,0.9751,0,-0.0009,22.835,-2.8254,1]},
{"frame":17,"values":[0.991,-0.1137,-0.0714,0,0.128,0.9604,0.2475,0,0.0404,-0.2544,0.9663,0,-0.0009,22.835,-2.8254,1]},
{"frame":18,"values":[0.9907,-0.1125,-0.0765,0,0.1291,0.9546,0.2683,0,0.0428,-0.2757,0.9603,0,-0.0009,22.835,-2.8254,1]},
{"frame":19,"values":[0.9913,-0.1029,-0.0818,0,0.1218,0.9531,0.2772,0,0.0494,-0.2848,0.9573,0,-0.0009,22.835,-2.8254,1]},
{"frame":20,"values":[0.9928,-0.0862,-0.083,0,0.106,0.9553,0.2761,0,0.0555,-0.2829,0.9575,0,-0.0009,22.835,-2.8254,1]},
{"frame":21,"values":[0.9946,-0.0666,-0.0792,0,0.0856,0.9596,0.268,0,0.0582,-0.2734,0.9601,0,-0.0009,22.835,-2.8254,1]},
{"frame":22,"values":[0.9961,-0.0487,-0.0742,0,0.0662,0.9642,0.2569,0,0.059,-0.2608,0.9636,0,-0.0009,22.835,-2.8254,1]},
{"frame":23,"values":[0.9969,-0.0359,-0.0702,0,0.0521,0.9684,0.2439,0,0.0592,-0.2468,0.9672,0,-0.0009,22.835,-2.8254,1]},
{"frame":24,"values":[0.9973,-0.0286,-0.067,0,0.0434,0.972,0.2307,0,0.0585,-0.233,0.9707,0,-0.0009,22.835,-2.8254,1]},
{"frame":25,"values":[0.9976,-0.0219,-0.0653,0,0.0356,0.9754,0.2177,0,0.0589,-0.2195,0.9738,0,-0.0009,22.835,-2.8254,1]},
{"frame":26,"values":[0.9977,-0.0101,-0.067,0,0.0234,0.9794,0.2005,0,0.0636,-0.2016,0.9774,0,-0.0009,22.835,-2.8254,1]},
{"frame":27,"values":[0.9975,0.0039,-0.0707,0,0.0084,0.9849,0.173,0,0.0703,-0.1732,0.9824,0,-0.0009,22.835,-2.8254,1]},
{"frame":28,"values":[0.9972,0.0139,-0.0728,0,-0.0033,0.9895,0.1442,0,0.0741,-0.1435,0.9869,0,-0.0009,22.835,-2.8254,1]},
{"frame":29,"values":[0.9972,0.019,-0.072,0,-0.0093,0.9911,0.1326,0,0.0738,-0.1316,0.9886,0,-0.0009,22.835,-2.8254,1]},
{"frame":30,"values":[0.9974,0.0193,-0.0689,0,-0.0098,0.9908,0.1348,0,0.0708,-0.1338,0.9885,0,-0.0009,22.835,-2.8254,1]},
{"frame":31,"values":[0.9978,0.0144,-0.0646,0,-0.0056,0.991,0.1338,0,0.0659,-0.1332,0.9889,0,-0.0009,22.835,-2.8254,1]},
{"frame":32,"values":[0.9981,0.008,-0.0609,0,-0.0004,0.9924,0.1234,0,0.0615,-0.1232,0.9905,0,-0.0009,22.835,-2.8254,1]},
{"frame":33,"values":[0.9983,0.0057,-0.0587,0,0.0007,0.9941,0.1081,0,0.059,-0.108,0.9924,0,-0.0009,22.835,-2.8254,1]},
{"frame":34,"values":[0.9984,0.0101,-0.0564,0,-0.0047,0.9955,0.0947,0,0.0571,-0.0943,0.9939,0,-0.0009,22.835,-2.8254,1]},
{"frame":35,"values":[0.9985,0.018,-0.0512,0,-0.0135,0.9962,0.0863,0,0.0525,-0.0854,0.995,0,-0.0009,22.835,-2.8254,1]},
{"frame":36,"values":[0.9988,0.0197,-0.0444,0,-0.0159,0.9963,0.0847,0,0.0459,-0.0839,0.9954,0,-0.0009,22.835,-2.8254,1]},
{"frame":37,"values":[0.9991,0.0102,-0.0424,0,-0.0063,0.996,0.0895,0,0.0431,-0.0892,0.9951,0,-0.0009,22.835,-2.8254,1]},
{"frame":38,"values":[0.9989,-0.0021,-0.0467,0,0.0065,0.9955,0.0941,0,0.0463,-0.0943,0.9945,0,-0.0009,22.835,-2.8254,1]},
{"frame":39,"values":[0.9986,-0.005,-0.0518,0,0.01,0.9953,0.0966,0,0.0511,-0.097,0.994,0,-0.0009,22.835,-2.8254,1]},
{"frame":40,"values":[0.9985,0.0028,-0.0554,0,0.0028,0.9949,0.1008,0,0.0554,-0.1008,0.9934,0,-0.0009,22.835,-2.8254,1]},
{"frame":41,"values":[0.9982,0.0094,-0.0597,0,-0.0031,0.9945,0.1047,0,0.0604,-0.1043,0.9927,0,-0.0009,22.835,-2.8254,1]},
{"frame":42,"values":[0.998,0.0066,-0.0622,0,0,0.9944,0.1055,0,0.0626,-0.1053,0.9925,0,-0.0009,22.835,-2.8254,1]},
{"frame":43,"values":[0.9982,0.0011,-0.0593,0,0.0052,0.9944,0.1059,0,0.059,-0.1061,0.9926,0,-0.0009,22.835,-2.8254,1]},
{"frame":44,"values":[0.9985,-0.0012,-0.054,0,0.0069,0.9944,0.1056,0,0.0536,-0.1058,0.9929,0,-0.0009,22.835,-2.8254,1]},
{"frame":45,"values":[0.9986,-0.0005,-0.0526,0,0.0059,0.9948,0.102,0,0.0523,-0.1021,0.9934,0,-0.0009,22.835,-2.8254,1]},
{"frame":46,"values":[0.9985,0.0028,-0.0555,0,0.0026,0.9952,0.0974,0,0.0555,-0.0974,0.9937,0,-0.0009,22.835,-2.8254,1]},
{"frame":47,"values":[0.9983,0.008,-0.0584,0,-0.0024,0.9954,0.0955,0,0.0589,-0.0952,0.9937,0,-0.0009,22.835,-2.8254,1]},
{"frame":48,"values":[0.9981,0.0142,-0.0592,0,-0.0084,0.9954,0.0955,0,0.0603,-0.0949,0.9937,0,-0.0009,22.835,-2.8254,1]},
{"frame":49,"values":[0.9981,0.0199,-0.0576,0,-0.0143,0.9953,0.0959,0,0.0592,-0.0949,0.9937,0,-0.0009,22.835,-2.8254,1]},
{"frame":50,"values":[0.9983,0.0215,-0.0541,0,-0.0161,0.9951,0.0975,0,0.0559,-0.0965,0.9938,0,-0.0009,22.835,-2.8254,1]},
{"frame":51,"values":[0.9984,0.022,-0.0514,0,-0.0168,0.9949,0.0996,0,0.0533,-0.0986,0.9937,0,-0.0009,22.835,-2.8254,1]}],"loopBehavior":1,"name":"anim","property":"_matrix"}},
{"name":"mixamorig:Spine2","index":3,"matrix":[0.9984,0.023,-0.0519,0,-0.0178,0.9949,0.0991,0,0.0539,-0.098,0.9937,0,-0.0206,26.5525,-3.1933,1],"rest":[1,0,0,0,0,1,0,0,0,0,1,0,-0.0206,26.5525,-3.1933,1],"parentBoneIndex":2,"length":24.825
,"animation":{"dataType":3,"framePerSecond":24,"keys":[
{"frame":1,"values":[0.9984,0.023,-0.0519,0,-0.0178,0.9949,0.0991,0,0.0539,-0.098,0.9937,0,-0.0206,26.5525,-3.1933,1]},
{"frame":2,"values":[0.9984,0.0256,-0.0497,0,-0.0204,0.9946,0.1018,0,0.052,-0.1006,0.9936,0,-0.0206,26.5525,-3.1933,1]},
{"frame":3,"values":[0.9983,0.0329,-0.0481,0,-0.0277,0.9941,0.105,0,0.0513,-0.1035,0.9933,0,-0.0206,26.5525,-3.1933,1]},
{"frame":4,"values":[0.9981,0.0394,-0.0482,0,-0.034,0.9937,0.1067,0,0.0521,-0.1049,0.9931,0,-0.0206,26.5525,-3.1933,1]},
{"frame":5,"values":[0.9979,0.0439,-0.0471,0,-0.0387,0.9936,0.1065,0,0.0514,-0.1045,0.9932,0,-0.0206,26.5525,-3.1933,1]},
{"frame":6,"values":[0.9978,0.0476,-0.0459,0,-0.0427,0.9939,0.102,0,0.0504,-0.0998,0.9937,0,-0.0206,26.5525,-3.1933,1]},
{"frame":7,"values":[0.9977,0.0489,-0.0463,0,-0.0444,0.9946,0.0935,0,0.0506,-0.0912,0.9945,0,-0.0206,26.5525,-3.1933,1]},
{"frame":8,"values":[0.9978,0.0454,-0.0478,0,-0.0414,0.9958,0.0811,0,0.0513,-0.0789,0.9956,0,-0.0206,26.5525,-3.1933,1]},
{"frame":9,"values":[0.998,0.0382,-0.0501,0,-0.0349,0.9973,0.0642,0,0.0524,-0.0623,0.9967,0,-0.0206,26.5525,-3.1933,1]},
{"frame":10,"values":[0.9982,0.028,-0.0536,0,-0.0255,0.9986,0.0473,0,0.0548,-0.0459,0.9974,0,-0.0206,26.5525,-3.1933,1]},
{"frame":11,"values":[0.9982,0.0164,-0.058,0,-0.0141,0.9991,0.0402,0,0.0586,-0.0393,0.9975,0,-0.0206,26.5525,-3.1933,1]},
{"frame":12,"values":[0.998,0.0058,-0.0627,0,-0.0028,0.9988,0.0485,0,0.0629,-0.0482,0.9969,0,-0.0206,26.5525,-3.1933,1]},
{"frame":13,"values":[0.9979,-0.0071,-0.0651,0,0.0117,0.9974,0.0708,0,0.0644,-0.0714,0.9954,0,-0.0206,26.5525,-3.1933,1]},
{"frame":14,"values":[0.9975,-0.0321,-0.0631,0,0.0388,0.9933,0.1086,0,0.0592,-0.1108,0.9921,0,-0.0206,26.5525,-3.1933,1]},
{"frame":15,"values":[0.9957,-0.0689,-0.0618,0,0.0781,0.9838,0.1616,0,0.0497,-0.1657,0.9849,0,-0.0206,26.5525,-3.1933,1]},
{"frame":16,"values":[0.993,-0.0988,-0.065,0,0.1106,0.9706,0.2139,0,0.042,-0.2195,0.9747,0,-0.0206,26.5525,-3.1933,1]},
{"frame":17,"values":[0.9915,-0.1098,-0.0694,0,0.1239,0.9603,0.2499,0,0.0392,-0.2564,0.9658,0,-0.0206,26.5525,-3.1933,1]},
{"frame":18,"values":[0.9914,-0.1079,-0.0747,0,0.1243,0.9546,0.2708,0,0.042,-0.2778,0.9597,0,-0.0206,26.5525,-3.1933,1]},
{"frame":19,"values":[0.992,-0.0975,-0.0799,0,0.1162,0.953,0.2799,0,0.0488,-0.287,0.9567,0,-0.0206,26.5525,-3.1933,1]},
{"frame":20,"values":[0.9935,-0.0805,-0.0807,0,0.1001,0.9552,0.2787,0,0.0546,-0.2849,0.957,0,-0.0206,26.5525,-3.1933,1]},
{"frame":21,"values":[0.9952,-0.0613,-0.0765,0,0.0799,0.9595,0.2703,0,0.0568,-0.2751,0.9597,0,-0.0206,26.5525,-3.1933,1]},
{"frame":22,"values":[0.9965,-0.0438,-0.0713,0,0.0609,0.964,0.2588,0,0.0574,-0.2622,0.9633,0,-0.0206,26.5525,-3.1933,1]},
{"frame":23,"values":[0.9972,-0.0315,-0.0674,0,0.0472,0.9683,0.2454,0,0.0576,-0.2479,0.9671,0,-0.0206,26.5525,-3.1933,1]},
{"frame":24,"values":[0.9976,-0.0246,-0.0648,0,0.039,0.972,0.2319,0,0.0572,-0.2339,0.9706,0,-0.0206,26.5525,-3.1933,1]},
{"frame":25,"values":[0.9978,-0.0182,-0.0641,0,0.0318,0.9753,0.2185,0,0.0586,-0.22,0.9737,0,-0.0206,26.5525,-3.1933,1]},
{"frame":26,"values":[0.9977,-0.0067,-0.067,0,0.0201,0.9795,0.2007,0,0.0643,-0.2016,0.9774,0,-0.0206,26.5525,-3.1933,1]},
{"frame":27,"values":[0.9974,0.0067,-0.072,0,0.0059,0.985,0.1725,0,0.072,-0.1725,0.9824,0,-0.0206,26.5525,-3.1933,1]},
{"frame":28,"values":[0.9971,0.016,-0.0747,0,-0.0052,0.9897,0.1431,0,0.0763,-0.1423,0.9869,0,-0.0206,26.5525,-3.1933,1]},
{"frame":29,"values":[0.997,0.0209,-0.0739,0,-0.0111,0.9913,0.1314,0,0.076,-0.1302,0.9886,0,-0.0206,26.5525,-3.1933,1]},
{"frame":30,"values":[0.9973,0.0213,-0.0703,0,-0.0118,0.9909,0.1338,0,0.0725,-0.1327,0.9885,0,-0.0206,26.5525,-3.1933,1]},
{"frame":31,"values":[0.9977,0.0164,-0.0653,0,-0.0075,0.991,0.1333,0,0.0669,-0.1325,0.9889,0,-0.0206,26.5525,-3.1933,1]},
{"frame":32,"values":[0.9981,0.0098,-0.0611,0,-0.0022,0.9924,0.1233,0,0.0618,-0.1229,0.9905,0,-0.0206,26.5525,-3.1933,1]},
{"frame":33,"values":[0.9983,0.0071,-0.0586,0,-0.0007,0.9941,0.1081,0,0.059,-0.1079,0.9924,0,-0.0206,26.5525,-3.1933,1]},
{"frame":34,"values":[0.9984,0.0112,-0.0562,0,-0.0059,0.9955,0.0947,0,0.0571,-0.0942,0.9939,0,-0.0206,26.5525,-3.1933,1]},
{"frame":35,"values":[0.9985,0.0189,-0.0512,0,-0.0145,0.9962,0.0861,0,0.0526,-0.0852,0.995,0,-0.0206,26.5525,-3.1933,1]},
{"frame":36,"values":[0.9988,0.0206,-0.0444,0,-0.0168,0.9963,0.0845,0,0.046,-0.0836,0.9954,0,-0.0206,26.5525,-3.1933,1]},
{"frame":37,"values":[0.999,0.0111,-0.0422,0,-0.0073,0.996,0.0895,0,0.043,-0.0891,0.9951,0,-0.0206,26.5525,-3.1933,1]},
{"frame":38,"values":[0.9989,-0.0011,-0.0463,0,0.0055,0.9955,0.0943,0,0.046,-0.0945,0.9945,0,-0.0206,26.5525,-3.1933,1]},
{"frame":39,"values":[0.9987,-0.004,-0.0515,0,0.0089,0.9953,0.0968,0,0.0509,-0.0971,0.994,0,-0.0206,26.5525,-3.1933,1]},
{"frame":40,"values":[0.9984,0.0039,-0.0556,0,0.0017,0.9949,0.1006,0,0.0557,-0.1006,0.9934,0,-0.0206,26.5525,-3.1933,1]},
{"frame":41,"values":[0.9981,0.0105,-0.0603,0,-0.0042,0.9945,0.1042,0,0.0611,-0.1038,0.9927,0,-0.0206,26.5525,-3.1933,1]},
{"frame":42,"values":[0.998,0.0077,-0.0628,0,-0.0011,0.9945,0.1051,0,0.0633,-0.1048,0.9925,0,-0.0206,26.5525,-3.1933,1]},
{"frame":43,"values":[0.9982,0.0022,-0.0597,0,0.0041,0.9944,0.1057,0,0.0596,-0.1057,0.9926,0,-0.0206,26.5525,-3.1933,1]},
{"frame":44,"values":[0.9985,-0.0002,-0.0544,0,0.0059,0.9944,0.1054,0,0.0541,-0.1055,0.9929,0,-0.0206,26.5525,-3.1933,1]},
{"frame":45,"values":[0.9986,0.0004,-0.053,0,0.005,0.9948,0.1017,0,0.0528,-0.1018,0.9934,0,-0.0206,26.5525,-3.1933,1]},
{"frame":46,"values":[0.9984,0.0037,-0.0559,0,0.0017,0.9953,0.097,0,0.056,-0.097,0.9937,0,-0.0206,26.5525,-3.1933,1]},
{"frame":47,"values":[0.9982,0.0089,-0.0589,0,-0.0033,0.9955,0.0951,0,0.0595,-0.0947,0.9937,0,-0.0206,26.5525,-3.1933,1]},
{"frame":48,"values":[0.9981,0.0151,-0.0598,0,-0.0094,0.9954,0.095,0,0.061,-0.0943,0.9937,0,-0.0206,26.5525,-3.1933,1]},
{"frame":49,"values":[0.9981,0.0209,-0.0582,0,-0.0153,0.9953,0.0953,0,0.0599,-0.0942,0.9937,0,-0.0206,26.5525,-3.1933,1]},
{"frame":50,"values":[0.9983,0.0225,-0.0547,0,-0.0171,0.9951,0.097,0,0.0566,-0.0959,0.9938,0,-0.0206,26.5525,-3.1933,1]},
{"frame":51,"values":[0.9984,0.023,-0.0519,0,-0.0178,0.9949,0.0991,0,0.0539,-0.098,0.9937,0,-0.0206,26.5524,-3.1933,1]}],"loopBehavior":1,"name":"anim","property":"_matrix"}},
{"name":"mixamorig:Neck","index":4,"matrix":[0.9927,-0.1129,-0.0429,0,0.1083,0.9894,-0.0972,0,0.0534,0.0918,0.9943,0,-0.06,30.7018,1.3522,1],"rest":[1,0,0,0,0,1,0,0,0,0,1,0,-0.06,30.7018,1.3522,1],"parentBoneIndex":3,"length":22.8446
,"animation":{"dataType":3,"framePerSecond":24,"keys":[
{"frame":1,"values":[0.9927,-0.1129,-0.0429,0,0.1083,0.9894,-0.0972,0,0.0534,0.0918,0.9943,0,-0.06,30.7018,1.3522,1]},
{"frame":2,"values":[0.9926,-0.1139,-0.042,0,0.1095,0.9894,-0.0952,0,0.0524,0.0899,0.9946,0,-0.06,30.7018,1.3522,1]},
{"frame":3,"values":[0.9923,-0.1165,-0.0424,0,0.112,0.9892,-0.0949,0,0.053,0.0894,0.9946,0,-0.06,30.7018,1.3522,1]},
{"frame":4,"values":[0.9921,-0.1175,-0.0443,0,0.1126,0.9886,-0.0994,0,0.0554,0.0937,0.9941,0,-0.06,30.7018,1.3522,1]},
{"frame":5,"values":[0.9922,-0.1159,-0.0469,0,0.1103,0.988,-0.1081,0,0.0589,0.1021,0.993,0,-0.06,30.7019,1.3522,1]},
{"frame":6,"values":[0.9922,-0.1145,-0.0491,0,0.1079,0.9868,-0.1212,0,0.0623,0.115,0.9914,0,-0.06,30.7018,1.3522,1]},
{"frame":7,"values":[0.9923,-0.1135,-0.0495,0,0.1055,0.9844,-0.1409,0,0.0647,0.1346,0.9888,0,-0.06,30.7018,1.3522,1]},
{"frame":8,"values":[0.9927,-0.1109,-0.0477,0,0.1014,0.9804,-0.169,0,0.0655,0.1629,0.9845,0,-0.06,30.7018,1.3522,1]},
{"frame":9,"values":[0.9933,-0.1073,-0.0431,0,0.0963,0.9741,-0.2043,0,0.0639,0.1988,0.9779,0,-0.06,30.7018,1.3522,1]},
{"frame":10,"values":[0.994,-0.1034,-0.0347,0,0.0918,0.9648,-0.2463,0,0.059,0.2417,0.9686,0,-0.06,30.7018,1.3522,1]},
{"frame":11,"values":[0.9947,-0.0997,-0.0235,0,0.0889,0.9542,-0.2855,0,0.0509,0.2819,0.9581,0,-0.06,30.7018,1.3522,1]},
{"frame":12,"values":[0.9949,-0.1,-0.0133,0,0.0915,0.9497,-0.2994,0,0.0426,0.2966,0.954,0,-0.06,30.7018,1.3522,1]},
{"frame":13,"values":[0.9937,-0.1115,-0.0101,0,0.1051,0.9602,-0.2586,0,0.0386,0.256,0.9659,0,-0.06,30.7018,1.3522,1]},
{"frame":14,"values":[0.9912,-0.1311,-0.0175,0,0.1267,0.9795,-0.1564,0,0.0377,0.1528,0.9875,0,-0.06,30.7018,1.3522,1]},
{"frame":15,"values":[0.9894,-0.1422,-0.0294,0,0.1403,0.9885,-0.0569,0,0.0371,0.0521,0.998,0,-0.06,30.7018,1.3522,1]},
{"frame":16,"values":[0.9892,-0.142,-0.0366,0,0.142,0.9899,-0.0027,0,0.0366,-0.0025,0.9993,0,-0.06,30.7018,1.3522,1]},
{"frame":17,"values":[0.9896,-0.1388,-0.0369,0,0.1393,0.9902,0.0099,0,0.0352,-0.0149,0.9993,0,-0.06,30.7018,1.3522,1]},
{"frame":18,"values":[0.9898,-0.1381,-0.0338,0,0.1379,0.9904,-0.0102,0,0.0349,0.0054,0.9994,0,-0.06,30.7018,1.3522,1]},
{"frame":19,"values":[0.9895,-0.1405,-0.0327,0,0.1397,0.9898,-0.027,0,0.0362,0.0222,0.9991,0,-0.06,30.7018,1.3522,1]},
{"frame":20,"values":[0.9894,-0.1414,-0.034,0,0.1407,0.9898,-0.0221,0,0.0368,0.0171,0.9992,0,-0.06,30.7018,1.3522,1]},
{"frame":21,"values":[0.99,-0.1367,-0.0335,0,0.1363,0.9906,-0.0148,0,0.0352,0.01,0.9993,0,-0.06,30.7018,1.3522,1]},
{"frame":22,"values":[0.9912,-0.1284,-0.0309,0,0.1279,0.9916,-0.0182,0,0.0329,0.0141,0.9994,0,-0.06,30.7018,1.3522,1]},
{"frame":23,"values":[0.9923,-0.1207,-0.0295,0,0.1199,0.9924,-0.0272,0,0.0326,0.0235,0.9992,0,-0.06,30.7018,1.3522,1]},
{"frame":24,"values":[0.9926,-0.1174,-0.0323,0,0.1163,0.9926,-0.0353,0,0.0362,0.0313,0.9989,0,-0.06,30.7018,1.3522,1]},
{"frame":25,"values":[0.9919,-0.1209,-0.0388,0,0.1194,0.9921,-0.0388,0,0.0432,0.0338,0.9985,0,-0.06,30.7018,1.3522,1]},
{"frame":26,"values":[0.9906,-0.1295,-0.0451,0,0.128,0.9912,-0.0343,0,0.0492,0.0282,0.9984,0,-0.06,30.7018,1.3522,1]},
{"frame":27,"values":[0.9892,-0.1383,-0.0477,0,0.1374,0.9903,-0.0209,0,0.0501,0.0141,0.9986,0,-0.06,30.7018,1.3522,1]},
{"frame":28,"values":[0.9887,-0.1424,-0.0466,0,0.142,0.9898,-0.0101,0,0.0475,0.0034,0.9989,0,-0.06,30.7018,1.3522,1]},
{"frame":29,"values":[0.9891,-0.141,-0.0428,0,0.1406,0.99,-0.0126,0,0.0441,0.0064,0.999,0,-0.06,30.7018,1.3522,1]},
{"frame":30,"values":[0.9898,-0.1367,-0.039,0,0.1359,0.9905,-0.021,0,0.0415,0.0155,0.999,0,-0.06,30.7018,1.3522,1]},
{"frame":31,"values":[0.9907,-0.1309,-0.0376,0,0.13,0.9912,-0.0248,0,0.0405,0.0197,0.999,0,-0.06,30.7018,1.3522,1]},
{"frame":32,"values":[0.9912,-0.1261,-0.0395,0,0.1251,0.9918,-0.0276,0,0.0427,0.0224,0.9988,0,-0.06,30.7018,1.3522,1]},
{"frame":33,"values":[0.9911,-0.1254,-0.0454,0,0.1238,0.9916,-0.0366,0,0.0496,0.0306,0.9983,0,-0.06,30.7018,1.3522,1]},
{"frame":34,"values":[0.9907,-0.1259,-0.0521,0,0.1235,0.9912,-0.0472,0,0.0576,0.0403,0.9975,0,-0.06,30.7018,1.3522,1]},
{"frame":35,"values":[0.991,-0.1225,-0.0546,0,0.1197,0.9914,-0.0523,0,0.0606,0.0453,0.9971,0,-0.06,30.7018,1.3522,1]},
{"frame":36,"values":[0.9918,-0.1166,-0.0517,0,0.1136,0.9919,-0.0575,0,0.058,0.0512,0.997,0,-0.06,30.7018,1.3522,1]},
{"frame":37,"values":[0.9923,-0.1141,-0.048,0,0.1107,0.9916,-0.067,0,0.0552,0.0611,0.9966,0,-0.06,30.7018,1.3522,1]},
{"frame":38,"values":[0.9919,-0.1174,-0.0485,0,0.1136,0.9907,-0.0747,0,0.0568,0.0686,0.996,0,-0.06,30.7018,1.3522,1]},
{"frame":39,"values":[0.9911,-0.1229,-0.052,0,0.1184,0.9896,-0.0812,0,0.0614,0.0743,0.9953,0,-0.06,30.7018,1.3522,1]},
{"frame":40,"values":[0.9905,-0.1267,-0.0538,0,0.1215,0.9885,-0.0901,0,0.0646,0.0827,0.9945,0,-0.06,30.7018,1.3522,1]},
{"frame":41,"values":[0.99,-0.1302,-0.0535,0,0.1248,0.9876,-0.0949,0,0.0652,0.0873,0.994,0,-0.06,30.7018,1.3522,1]},
{"frame":42,"values":[0.9897,-0.133,-0.0539,0,0.1278,0.9876,-0.0908,0,0.0653,0.083,0.9944,0,-0.06,30.7018,1.3522,1]},
{"frame":43,"values":[0.9896,-0.1329,-0.0545,0,0.1281,0.9882,-0.0837,0,0.065,0.0759,0.995,0,-0.06,30.7018,1.3522,1]},
{"frame":44,"values":[0.9899,-0.1309,-0.0536,0,0.1266,0.9889,-0.078,0,0.0632,0.0705,0.9955,0,-0.06,30.7018,1.3522,1]},
{"frame":45,"values":[0.9902,-0.1297,-0.0518,0,0.1257,0.9893,-0.0746,0,0.0609,0.0674,0.9959,0,-0.06,30.7018,1.3522,1]},
{"frame":46,"values":[0.9902,-0.1299,-0.051,0,0.1258,0.9891,-0.0763,0,0.0603,0.0691,0.9958,0,-0.06,30.7018,1.3522,1]},
{"frame":47,"values":[0.9904,-0.1287,-0.0506,0,0.1242,0.9888,-0.083,0,0.0607,0.076,0.9953,0,-0.06,30.7018,1.3522,1]},
{"frame":48,"values":[0.9911,-0.1239,-0.0494,0,0.1191,0.9887,-0.0908,0,0.06,0.0841,0.9946,0,-0.06,30.7018,1.3522,1]},
{"frame":49,"values":[0.992,-0.1175,-0.0473,0,0.1125,0.989,-0.096,0,0.058,0.0899,0.9943,0,-0.06,30.7018,1.3522,1]},
{"frame":50,"values":[0.9925,-0.1139,-0.0448,0,0.1091,0.9892,-0.098,0,0.0555,0.0924,0.9942,0,-0.06,30.7018,1.3522,1]},
{"frame":51,"values":[0.9927,-0.1129,-0.0429,0,0.1083,0.9894,-0.0972,0,0.0534,0.0918,0.9943,0,-0.06,30.7018,1.3522,1]}],"loopBehavior":1,"name":"anim","property":"_matrix"}},
{"name":"mixamorig:Head","index":5,"matrix":[0.9964,-0.0722,-0.0436,0,0.0813,0.9599,0.2683,0,0.0225,-0.2709,0.9624,0,-0.0872,22.5476,3.6709,1],"rest":[1,0,0,0,0,1,0,0,0,0,1,0,-0.0872,22.5476,3.6709,1],"parentBoneIndex":4,"length":30.5924
,"animation":{"dataType":3,"framePerSecond":24,"keys":[
{"frame":1,"values":[0.9964,-0.0722,-0.0436,0,0.0813,0.9599,0.2683,0,0.0225,-0.2709,0.9624,0,-0.0872,22.5476,3.6709,1]},
{"frame":2,"values":[0.996,-0.0811,-0.0377,0,0.0885,0.9556,0.2812,0,0.0133,-0.2834,0.9589,0,-0.0872,22.5476,3.6709,1]},
{"frame":3,"values":[0.9948,-0.094,-0.0396,0,0.1014,0.9527,0.2864,0,0.0108,-0.2889,0.9573,0,-0.0872,22.5476,3.6709,1]},
{"frame":4,"values":[0.993,-0.1057,-0.0518,0,0.1161,0.953,0.2799,0,0.0198,-0.284,0.9586,0,-0.0872,22.5476,3.6709,1]},
{"frame":5,"values":[0.9908,-0.1146,-0.0715,0,0.1297,0.955,0.2668,0,0.0377,-0.2736,0.9611,0,-0.0872,22.5476,3.6709,1]},
{"frame":6,"values":[0.9896,-0.1151,-0.0867,0,0.1333,0.96,0.2463,0,0.0549,-0.2553,0.9653,0,-0.0872,22.5476,3.6709,1]},
{"frame":7,"values":[0.991,-0.0969,-0.0925,0,0.1137,0.9734,0.1987,0,0.0708,-0.2074,0.9757,0,-0.0872,22.5476,3.6709,1]},
{"frame":8,"values":[0.9941,-0.0528,-0.0947,0,0.0619,0.9935,0.0956,0,0.089,-0.1009,0.9909,0,-0.0872,22.5476,3.6709,1]},
{"frame":9,"values":[0.9951,0.0114,-0.0982,0,-0.0166,0.9985,-0.052,0,0.0974,0.0534,0.9938,0,-0.0872,22.5476,3.6709,1]},
{"frame":10,"values":[0.9913,0.0867,-0.0989,0,-0.1048,0.9749,-0.1963,0,0.0794,0.2049,0.9756,0,-0.0872,22.5476,3.6709,1]},
{"frame":11,"values":[0.9823,0.1628,-0.0927,0,-0.1836,0.9347,-0.3043,0,0.0371,0.3159,0.9481,0,-0.0872,22.5476,3.6709,1]},
{"frame":12,"values":[0.9704,0.228,-0.0799,0,-0.2413,0.897,-0.3704,0,-0.0128,0.3787,0.9254,0,-0.0872,22.5477,3.6709,1]},
{"frame":13,"values":[0.962,0.267,-0.0563,0,-0.2679,0.885,-0.3808,0,-0.0518,0.3814,0.923,0,-0.0872,22.5476,3.6709,1]},
{"frame":14,"values":[0.965,0.2621,-0.0115,0,-0.2531,0.9183,-0.3045,0,-0.0692,0.2967,0.9525,0,-0.0872,22.5476,3.6709,1]},
{"frame":15,"values":[0.9775,0.2058,0.0461,0,-0.2002,0.9742,-0.1037,0,-0.0662,0.0921,0.9935,0,-0.0872,22.5476,3.6709,1]},
{"frame":16,"values":[0.9854,0.1512,0.0787,0,-0.158,0.9834,0.0889,0,-0.0639,-0.1,0.9929,0,-0.0872,22.5476,3.6709,1]},
{"frame":17,"values":[0.9853,0.1503,0.0809,0,-0.158,0.9824,0.0995,0,-0.0645,-0.1108,0.9917,0,-0.0872,22.5476,3.6709,1]},
{"frame":18,"values":[0.9819,0.1756,0.0715,0,-0.1775,0.9839,0.0216,0,-0.0666,-0.0339,0.9972,0,-0.0872,22.5476,3.6709,1]},
{"frame":19,"values":[0.9818,0.1769,0.0686,0,-0.1778,0.984,0.007,0,-0.0663,-0.0191,0.9976,0,-0.0872,22.5476,3.6709,1]},
{"frame":20,"values":[0.9855,0.1539,0.0716,0,-0.1575,0.9864,0.0473,0,-0.0633,-0.0578,0.9963,0,-0.0872,22.5476,3.6709,1]},
{"frame":21,"values":[0.9887,0.1309,0.073,0,-0.1363,0.9878,0.0754,0,-0.0622,-0.0845,0.9945,0,-0.0872,22.5476,3.6709,1]},
{"frame":22,"values":[0.9913,0.1106,0.0711,0,-0.1165,0.9896,0.0847,0,-0.061,-0.0923,0.9939,0,-0.0872,22.5476,3.6709,1]},
{"frame":23,"values":[0.9944,0.0856,0.0616,0,-0.0915,0.9908,0.0995,0,-0.0525,-0.1046,0.9931,0,-0.0872,22.5476,3.6709,1]},
{"frame":24,"values":[0.9978,0.0531,0.04,0,-0.0581,0.9889,0.1364,0,-0.0323,-0.1385,0.9898,0,-0.0872,22.5476,3.6709,1]},
{"frame":25,"values":[0.9998,0.0152,0.0114,0,-0.0172,0.9802,0.1972,0,-0.0082,-0.1974,0.9803,0,-0.0872,22.5476,3.6709,1]},
{"frame":26,"values":[0.9998,-0.021,-0.0066,0,0.022,0.9643,0.2641,0,0.0008,-0.2642,0.9645,0,-0.0872,22.5476,3.6709,1]},
{"frame":27,"values":[0.9987,-0.0509,-0.0034,0,0.0493,0.9449,0.3236,0,-0.0133,-0.3233,0.9462,0,-0.0872,22.5476,3.6709,1]},
{"frame":28,"values":[0.9972,-0.0738,0.0114,0,0.0642,0.9254,0.3735,0,-0.0381,-0.3717,0.9276,0,-0.0872,22.5476,3.6709,1]},
{"frame":29,"values":[0.9955,-0.0903,0.0275,0,0.071,0.9087,0.4115,0,-0.0621,-0.4077,0.911,0,-0.0872,22.5476,3.6709,1]},
{"frame":30,"values":[0.9943,-0.0993,0.0379,0,0.073,0.8973,0.4353,0,-0.0773,-0.4301,0.8995,0,-0.0872,22.5476,3.6709,1]},
{"frame":31,"values":[0.9944,-0.0989,0.0359,0,0.0729,0.8934,0.4433,0,-0.0759,-0.4382,0.8957,0,-0.0872,22.5476,3.6709,1]},
{"frame":32,"values":[0.9958,-0.0895,0.0199,0,0.072,0.8979,0.4342,0,-0.0568,-0.431,0.9006,0,-0.0872,22.5476,3.6709,1]},
{"frame":33,"values":[0.9971,-0.0755,-0.0103,0,0.0731,0.9093,0.4096,0,-0.0215,-0.4091,0.9122,0,-0.0872,22.5476,3.6709,1]},
{"frame":34,"values":[0.9964,-0.0704,-0.0475,0,0.0833,0.9198,0.3834,0,0.0167,-0.386,0.9223,0,-0.0872,22.5477,3.6709,1]},
{"frame":35,"values":[0.9942,-0.0797,-0.0721,0,0.1009,0.9231,0.3712,0,0.0369,-0.3763,0.9258,0,-0.0872,22.5476,3.6709,1]},
{"frame":36,"values":[0.9935,-0.0887,-0.0713,0,0.1089,0.9233,0.3684,0,0.0331,-0.3738,0.9269,0,-0.0872,22.5477,3.6709,1]},
{"frame":37,"values":[0.9948,-0.0848,-0.0571,0,0.0996,0.9288,0.3569,0,0.0228,-0.3607,0.9324,0,-0.0872,22.5476,3.6709,1]},
{"frame":38,"values":[0.9957,-0.0752,-0.0537,0,0.089,0.9371,0.3376,0,0.025,-0.341,0.9397,0,-0.0872,22.5476,3.6709,1]},
{"frame":39,"values":[0.9952,-0.0735,-0.0647,0,0.0906,0.9415,0.3246,0,0.0371,-0.3289,0.9436,0,-0.0872,22.5476,3.6709,1]},
{"frame":40,"values":[0.9941,-0.0802,-0.0729,0,0.0991,0.9448,0.3123,0,0.0438,-0.3177,0.9472,0,-0.0872,22.5476,3.6709,1]},
{"frame":41,"values":[0.9941,-0.083,-0.0698,0,0.1001,0.9502,0.2952,0,0.0418,-0.3005,0.9529,0,-0.0872,22.5476,3.6709,1]},
{"frame":42,"values":[0.995,-0.0753,-0.0653,0,0.0908,0.9547,0.2833,0,0.041,-0.2879,0.9568,0,-0.0872,22.5476,3.6709,1]},
{"frame":43,"values":[0.9958,-0.0649,-0.0643,0,0.0804,0.9573,0.2775,0,0.0436,-0.2815,0.9586,0,-0.0872,22.5476,3.6709,1]},
{"frame":44,"values":[0.9966,-0.0562,-0.0594,0,0.0702,0.9607,0.2686,0,0.042,-0.2718,0.9614,0,-0.0872,22.5476,3.6709,1]},
{"frame":45,"values":[0.9975,-0.0484,-0.0507,0,0.0597,0.9653,0.2541,0,0.0367,-0.2566,0.9658,0,-0.0872,22.5476,3.6709,1]},
{"frame":46,"values":[0.9978,-0.0457,-0.0478,0,0.0558,0.9695,0.2387,0,0.0354,-0.2408,0.9699,0,-0.0872,22.5475,3.6709,1]},
{"frame":47,"values":[0.9974,-0.05,-0.0523,0,0.0607,0.9717,0.2282,0,0.0394,-0.2307,0.9722,0,-0.0872,22.5476,3.6709,1]},
{"frame":48,"values":[0.9967,-0.0569,-0.0577,0,0.0686,0.9712,0.228,0,0.0431,-0.2312,0.972,0,-0.0872,22.5476,3.6709,1]},
{"frame":49,"values":[0.9963,-0.0622,-0.0591,0,0.0746,0.9685,0.2374,0,0.0425,-0.241,0.9696,0,-0.0872,22.5476,3.6709,1]},
{"frame":50,"values":[0.9964,-0.0664,-0.0522,0,0.0775,0.9644,0.2527,0,0.0336,-0.2559,0.9661,0,-0.0872,22.5476,3.6709,1]},
