{"producer":{"name":"Blender","version":"2.90.0","exporter_version":"2.80.1","file":"fight_blockleft.babylon"},
"autoClear":true,"clearColor":[0.0509,0.0509,0.0509],"gravity":[0,-9.81,0],
"materials":[{"name":"Material","id":"Material","customType":"BABYLON.PBRMaterial","backFaceCulling":true,"checkReadyOnlyOnce":false,"maxSimultaneousLights":4,"environmentIntensity":1,"albedo":[0.8,0.8,0.8],"reflectivity":[0.5,0.5,0.5],"roughness":0.4,"alpha":1,"transparencyMode":0,"alphaCutOff":0.4,"metallic":0}],
"multiMaterials":[],
"skeletons":[{"name":"Armature","id":0,"dimensionsAtRest":[379.1952,391.6652,55.677],"bones":[
{"name":"mixamorig:Hips","index":0,"matrix":[0.9945,-0.0259,0.1019,0,-0.0014,0.9658,0.2592,0,0.1051,0.2579,-0.9604,0,0.4452,191.6871,-3.4213,1],"rest":[1,0,0,0,0,1,0,0,0,0,-1,0,0,201.6394,0,1],"parentBoneIndex":-1,"length":21.6784
,"animation":{"dataType":3,"framePerSecond":24,"keys":[
{"frame":1,"values":[0.9945,-0.0259,0.1019,0,-0.0014,0.9658,0.2592,0,0.1051,0.2579,-0.9604,0,0.4452,191.6871,-3.4213,1]},
{"frame":2,"values":[0.9965,-0.0204,0.0804,0,-0.0007,0.967,0.2547,0,0.083,0.2539,-0.9637,0,-0.1571,191.8352,-3.2985,1]},
{"frame":3,"values":[0.9996,-0.019,0.0221,0,0.0127,0.9663,0.2571,0,0.0263,0.2567,-0.9661,0,-1.2216,192.3655,-3.3144,1]},
{"frame":4,"values":[0.9962,-0.0152,-0.0852,0,0.0368,0.9655,0.2579,0,-0.0783,0.2601,-0.9624,0,-2.8851,193.3704,-3.5388,1]},
{"frame":5,"values":[0.977,-0.0133,-0.2127,0,0.0672,0.9663,0.2485,0,-0.2022,0.2571,-0.945,0,-4.9329,194.4622,-3.5753,1]},
{"frame":6,"values":[0.9465,-0.0177,-0.3222,0,0.098,0.9671,0.2346,0,-0.3075,0.2536,-0.9171,0,-6.9643,194.9083,-2.7667,1]},
{"frame":7,"values":[0.918,-0.0181,-0.3963,0,0.1174,0.9666,0.2279,0,-0.3789,0.2557,-0.8894,0,-8.6903,194.3342,-1.4637,1]},
{"frame":8,"values":[0.9012,-0.0135,-0.4333,0,0.124,0.9658,0.2279,0,-0.4154,0.2591,-0.872,0,-9.976,193.315,-0.8589,1]},
{"frame":9,"values":[0.8944,-0.0129,-0.4472,0,0.1273,0.9656,0.2268,0,-0.4289,0.2597,-0.8652,0,-10.8289,192.6697,-0.9587,1]},
{"frame":10,"values":[0.8858,-0.0155,-0.4639,0,0.1324,0.9663,0.2206,0,-0.4448,0.2568,-0.858,0,-11.4241,192.4121,-0.9662,1]},
{"frame":11,"values":[0.8662,-0.0135,-0.4996,0,0.1365,0.968,0.2105,0,-0.4807,0.2505,-0.8403,0,-12.0093,192.0699,-0.733,1]},
{"frame":12,"values":[0.8406,-0.0038,-0.5416,0,0.1349,0.9699,0.2027,0,-0.5246,0.2435,-0.8158,0,-12.4988,191.4234,-0.3439,1]},
{"frame":13,"values":[0.8226,0.0083,-0.5686,0,0.1289,0.9711,0.2006,0,-0.5539,0.2383,-0.7978,0,-12.6781,190.6974,0.0815,1]},
{"frame":14,"values":[0.8161,0.0162,-0.5777,0,0.1235,0.9716,0.2018,0,-0.5646,0.236,-0.7909,0,-12.6114,190.2109,0.2843,1]},
{"frame":15,"values":[0.8189,0.0192,-0.5736,0,0.1206,0.9714,0.2047,0,-0.5611,0.2368,-0.7931,0,-12.4293,190.0659,0.254,1]},
{"frame":16,"values":[0.8275,0.0195,-0.5611,0,0.1186,0.9708,0.2087,0,-0.5488,0.2392,-0.801,0,-12.1249,190.1426,0.232,1]},
{"frame":17,"values":[0.8382,0.0178,-0.545,0,0.1171,0.9703,0.2117,0,-0.5326,0.2413,-0.8112,0,-11.7176,190.2751,0.3276,1]},
{"frame":18,"values":[0.8503,0.0132,-0.5261,0,0.1169,0.97,0.2132,0,-0.5131,0.2428,-0.8232,0,-11.2701,190.4263,0.4446,1]},
{"frame":19,"values":[0.8673,0.0052,-0.4977,0,0.1178,0.9694,0.2153,0,-0.4836,0.2454,-0.8402,0,-10.7963,190.6653,0.4543,1]},
{"frame":20,"values":[0.8881,-0.0018,-0.4597,0,0.1157,0.9687,0.2197,0,-0.4449,0.2483,-0.8605,0,-10.2912,190.9966,0.3439,1]},
{"frame":21,"values":[0.9093,-0.0046,-0.4161,0,0.1079,0.9683,0.2252,0,-0.4019,0.2497,-0.881,0,-9.6596,191.4005,0.1589,1]},
{"frame":22,"values":[0.9304,-0.0058,-0.3665,0,0.0962,0.9687,0.2288,0,-0.3537,0.2482,-0.9018,0,-8.7983,191.8385,-0.0769,1]},
{"frame":23,"values":[0.9493,-0.0053,-0.3142,0,0.0812,0.97,0.2292,0,-0.3035,0.2431,-0.9213,0,-7.8364,192.1015,-0.3712,1]},
{"frame":24,"values":[0.9631,-0.0002,-0.2693,0,0.0642,0.9713,0.2289,0,-0.2615,0.2377,-0.9355,0,-6.9208,191.9757,-0.7444,1]},
{"frame":25,"values":[0.9734,0.0044,-0.2289,0,0.05,0.9716,0.2313,0,-0.2234,0.2366,-0.9456,0,-5.8758,191.5714,-1.0328,1]},
{"frame":26,"values":[0.9848,0.0018,-0.1737,0,0.04,0.9708,0.2367,0,-0.1691,0.2401,-0.9559,0,-4.4786,191.2434,-1.1222,1]},
{"frame":27,"values":[0.9956,-0.0064,-0.0936,0,0.0292,0.9693,0.244,0,-0.0891,0.2457,-0.9652,0,-2.8479,191.2187,-1.4658,1]},
{"frame":28,"values":[0.9999,-0.0162,0.0035,0,0.0148,0.9677,0.2518,0,0.0075,0.2517,-0.9678,0,-1.194,191.4348,-2.361,1]},
{"frame":29,"values":[0.9945,-0.0259,0.1019,0,-0.0014,0.9658,0.2592,0,0.1051,0.2579,-0.9604,0,0.4452,191.6871,-3.4213,1]}],"loopBehavior":1,"name":"anim","property":"_matrix"}},
{"name":"mixamorig:Spine","index":1,"matrix":[0.9997,0.0222,0.0143,0,-0.0227,0.9992,0.0333,0,-0.0136,-0.0336,0.9993,0,0.0062,19.525,-2.4818,1],"rest":[1,0,0,0,0,1,0,0,0,0,1,0,0.0062,19.525,-2.4818,1],"parentBoneIndex":0,"length":23.0091
,"animation":{"dataType":3,"framePerSecond":24,"keys":[
{"frame":1,"values":[0.9997,0.0222,0.0143,0,-0.0227,0.9992,0.0333,0,-0.0136,-0.0336,0.9993,0,0.0062,19.525,-2.4818,1]},
{"frame":2,"values":[0.9997,0.0203,0.0143,0,-0.0207,0.9992,0.0343,0,-0.0136,-0.0346,0.9993,0,0.0062,19.525,-2.4818,1]},
{"frame":3,"values":[0.9997,0.0188,0.0121,0,-0.0193,0.9991,0.0372,0,-0.0114,-0.0374,0.9992,0,0.0062,19.525,-2.4818,1]},
{"frame":4,"values":[0.9997,0.0214,0.0109,0,-0.0218,0.999,0.0391,0,-0.01,-0.0394,0.9992,0,0.0062,19.525,-2.4818,1]},
{"frame":5,"values":[0.9993,0.034,0.0165,0,-0.0345,0.9988,0.0338,0,-0.0154,-0.0344,0.9993,0,0.0062,19.525,-2.4818,1]},
{"frame":6,"values":[0.9984,0.0496,0.0281,0,-0.0502,0.9986,0.0185,0,-0.0272,-0.0198,0.9994,0,0.0062,19.525,-2.4818,1]},
{"frame":7,"values":[0.9981,0.0469,0.0396,0,-0.047,0.9989,0.0024,0,-0.0395,-0.0043,0.9992,0,0.0062,19.525,-2.4818,1]},
{"frame":8,"values":[0.9983,0.0218,0.0532,0,-0.0216,0.9998,-0.003,0,-0.0532,0.0018,0.9986,0,0.0062,19.525,-2.4818,1]},
{"frame":9,"values":[0.9973,-0.0006,0.0728,0,0.0006,1,0.0006,0,-0.0728,-0.0005,0.9973,0,0.0062,19.525,-2.4818,1]},
{"frame":10,"values":[0.9957,-0.0024,0.0926,0,0.0021,1,0.0039,0,-0.0926,-0.0037,0.9957,0,0.0062,19.525,-2.4818,1]},
{"frame":11,"values":[0.9948,0.0053,0.102,0,-0.0058,1,0.0047,0,-0.102,-0.0053,0.9948,0,0.0062,19.525,-2.4818,1]},
{"frame":12,"values":[0.9949,0.0053,0.1005,0,-0.006,1,0.0064,0,-0.1004,-0.007,0.9949,0,0.0062,19.525,-2.4818,1]},
{"frame":13,"values":[0.9954,-0.0028,0.0961,0,0.0019,1,0.0097,0,-0.0961,-0.0095,0.9953,0,0.0062,19.525,-2.4818,1]},
{"frame":14,"values":[0.9955,-0.0088,0.0946,0,0.0077,0.9999,0.0123,0,-0.0947,-0.0115,0.9954,0,0.0062,19.525,-2.4818,1]},
{"frame":15,"values":[0.9954,-0.0088,0.0956,0,0.0076,0.9999,0.0134,0,-0.0958,-0.0127,0.9953,0,0.0062,19.525,-2.4818,1]},
{"frame":16,"values":[0.9953,-0.007,0.0962,0,0.0056,0.9999,0.0141,0,-0.0962,-0.0135,0.9953,0,0.0062,19.525,-2.4818,1]},
{"frame":17,"values":[0.9955,-0.0061,0.0951,0,0.0047,0.9999,0.0147,0,-0.0952,-0.0142,0.9954,0,0.0062,19.525,-2.4818,1]},
{"frame":18,"values":[0.9956,-0.0051,0.0936,0,0.0037,0.9999,0.0155,0,-0.0937,-0.0151,0.9955,0,0.0062,19.525,-2.4818,1]},
{"frame":19,"values":[0.9957,-0.0028,0.0921,0,0.0012,0.9999,0.0165,0,-0.0921,-0.0164,0.9956,0,0.0062,19.525,-2.4818,1]},
{"frame":20,"values":[0.9961,-0.0004,0.0882,0,-0.0011,0.9999,0.017,0,-0.0882,-0.017,0.996,0,0.0062,19.525,-2.4818,1]},
{"frame":21,"values":[0.9968,0.0009,0.0805,0,-0.0023,0.9999,0.0167,0,-0.0805,-0.0168,0.9966,0,0.0062,19.525,-2.4818,1]},
{"frame":22,"values":[0.9975,0.003,0.0712,0,-0.0042,0.9998,0.0175,0,-0.0711,-0.0178,0.9973,0,0.0062,19.525,-2.4818,1]},
{"frame":23,"values":[0.998,0.0069,0.0622,0,-0.0083,0.9997,0.0213,0,-0.062,-0.0218,0.9978,0,0.0062,19.525,-2.4818,1]},
{"frame":24,"values":[0.9986,0.0105,0.0518,0,-0.0119,0.9996,0.0269,0,-0.0515,-0.0275,0.9983,0,0.0062,19.525,-2.4818,1]},
{"frame":25,"values":[0.9992,0.0116,0.0395,0,-0.0129,0.9994,0.0324,0,-0.0391,-0.0329,0.9987,0,0.0062,19.525,-2.4818,1]},
{"frame":26,"values":[0.9995,0.0115,0.0289,0,-0.0125,0.9993,0.0366,0,-0.0285,-0.037,0.9989,0,0.0062,19.525,-2.4818,1]},
{"frame":27,"values":[0.9997,0.0133,0.0225,0,-0.0141,0.9992,0.038,0,-0.022,-0.0383,0.999,0,0.0062,19.525,-2.4818,1]},
{"frame":28,"values":[0.9997,0.0176,0.0185,0,-0.0182,0.9992,0.0361,0,-0.0178,-0.0364,0.9992,0,0.0062,19.525,-2.4818,1]},
{"frame":29,"values":[0.9997,0.0222,0.0143,0,-0.0227,0.9992,0.0333,0,-0.0136,-0.0336,0.9993,0,0.0062,19.525,-2.4818,1]}],"loopBehavior":1,"name":"anim","property":"_matrix"}},
{"name":"mixamorig:Spine1","index":2,"matrix":[0.9999,-0.0036,0.013,0,0.0027,0.9977,0.0682,0,-0.0132,-0.0681,0.9976,0,-0.0009,22.835,-2.8254,1],"rest":[1,0,0,0,0,1,0,0,0,0,1,0,-0.0009,22.835,-2.8254,1],"parentBoneIndex":1,"length":26.7438
,"animation":{"dataType":3,"framePerSecond":24,"keys":[
{"frame":1,"values":[0.9999,-0.0036,0.013,0,0.0027,0.9977,0.0682,0,-0.0132,-0.0681,0.9976,0,-0.0009,22.835,-2.8254,1]},
{"frame":2,"values":[0.9999,-0.0075,0.0122,0,0.0066,0.9975,0.0703,0,-0.0127,-0.0703,0.9974,0,-0.0009,22.835,-2.8254,1]},
{"frame":3,"values":[0.9999,-0.0093,0.0079,0,0.0087,0.9972,0.0746,0,-0.0086,-0.0745,0.9972,0,-0.0009,22.835,-2.8254,1]},
{"frame":4,"values":[1,-0.0081,0.0031,0,0.0078,0.997,0.0772,0,-0.0037,-0.0771,0.997,0,-0.0009,22.835,-2.8254,1]},
{"frame":5,"values":[1,-0.0023,0.0019,0,0.0021,0.9974,0.0715,0,-0.002,-0.0715,0.9974,0,-0.0009,22.835,-2.8254,1]},
{"frame":6,"values":[1,0.0048,0.0071,0,-0.0052,0.9985,0.0538,0,-0.0068,-0.0538,0.9985,0,-0.0009,22.835,-2.8254,1]},
{"frame":7,"values":[0.9997,0.0019,0.0257,0,-0.0027,0.9995,0.0314,0,-0.0256,-0.0314,0.9992,0,-0.0009,22.835,-2.8254,1]},
{"frame":8,"values":[0.9977,-0.0137,0.0666,0,0.0126,0.9998,0.0173,0,-0.0669,-0.0164,0.9976,0,-0.0009,22.835,-2.8254,1]},
{"frame":9,"values":[0.9924,-0.0265,0.1201,0,0.0249,0.9996,0.0148,0,-0.1205,-0.0117,0.9926,0,-0.0009,22.835,-2.8254,1]},
{"frame":10,"values":[0.9866,-0.0249,0.161,0,0.0226,0.9996,0.0165,0,-0.1614,-0.0126,0.9868,0,-0.0009,22.835,-2.8254,1]},
{"frame":11,"values":[0.9846,-0.0171,0.1742,0,0.0142,0.9997,0.0179,0,-0.1745,-0.0152,0.9845,0,-0.0009,22.835,-2.8254,1]},
{"frame":12,"values":[0.9855,-0.0156,0.169,0,0.0122,0.9997,0.0212,0,-0.1693,-0.0188,0.9854,0,-0.0009,22.835,-2.8254,1]},
{"frame":13,"values":[0.9865,-0.0197,0.1623,0,0.0156,0.9995,0.0265,0,-0.1627,-0.0236,0.9864,0,-0.0009,22.835,-2.8254,1]},
{"frame":14,"values":[0.9867,-0.0222,0.1613,0,0.0174,0.9994,0.0309,0,-0.1619,-0.0277,0.9864,0,-0.0009,22.835,-2.8254,1]},
{"frame":15,"values":[0.9863,-0.0224,0.1635,0,0.0173,0.9993,0.0329,0,-0.1641,-0.0296,0.986,0,-0.0009,22.835,-2.8254,1]},
{"frame":16,"values":[0.9861,-0.023,0.1646,0,0.0176,0.9993,0.034,0,-0.1652,-0.0306,0.9858,0,-0.0009,22.835,-2.8254,1]},
{"frame":17,"values":[0.9863,-0.0232,0.1634,0,0.0177,0.9992,0.0353,0,-0.1641,-0.032,0.9859,0,-0.0009,22.835,-2.8254,1]},
{"frame":18,"values":[0.9866,-0.0214,0.1617,0,0.0156,0.9992,0.0372,0,-0.1624,-0.0342,0.9861,0,-0.0009,22.835,-2.8254,1]},
{"frame":19,"values":[0.9871,-0.0187,0.1592,0,0.0125,0.9991,0.0395,0,-0.1598,-0.037,0.9865,0,-0.0009,22.835,-2.8254,1]},
{"frame":20,"values":[0.9883,-0.017,0.1517,0,0.0109,0.9991,0.0413,0,-0.1523,-0.0392,0.9876,0,-0.0009,22.835,-2.8254,1]},
{"frame":21,"values":[0.9905,-0.0167,0.1367,0,0.011,0.999,0.0425,0,-0.1373,-0.0406,0.9897,0,-0.0009,22.835,-2.8254,1]},
{"frame":22,"values":[0.9928,-0.0175,0.1188,0,0.0122,0.9989,0.0449,0,-0.1194,-0.0431,0.9919,0,-0.0009,22.835,-2.8254,1]},
{"frame":23,"values":[0.9946,-0.0196,0.1018,0,0.0145,0.9986,0.0499,0,-0.1026,-0.0482,0.9936,0,-0.0009,22.835,-2.8254,1]},
{"frame":24,"values":[0.9963,-0.0221,0.0829,0,0.0175,0.9982,0.0565,0,-0.084,-0.0549,0.995,0,-0.0009,22.835,-2.8254,1]},
{"frame":25,"values":[0.9979,-0.0232,0.0607,0,0.0193,0.9978,0.0639,0,-0.0621,-0.0626,0.9961,0,-0.0009,22.835,-2.8254,1]},
{"frame":26,"values":[0.9989,-0.0219,0.0412,0,0.0189,0.9973,0.0714,0,-0.0427,-0.0706,0.9966,0,-0.0009,22.835,-2.8254,1]},
{"frame":27,"values":[0.9994,-0.0179,0.0289,0,0.0157,0.9971,0.0748,0,-0.0302,-0.0743,0.9968,0,-0.0009,22.835,-2.8254,1]},
{"frame":28,"values":[0.9997,-0.0111,0.021,0,0.0096,0.9973,0.0723,0,-0.0218,-0.0721,0.9972,0,-0.0009,22.835,-2.8254,1]},
{"frame":29,"values":[0.9999,-0.0036,0.013,0,0.0027,0.9977,0.0682,0,-0.0132,-0.0681,0.9976,0,-0.0009,22.835,-2.8254,1]}],"loopBehavior":1,"name":"anim","property":"_matrix"}},
{"name":"mixamorig:Spine2","index":3,"matrix":[0.9999,-0.0036,0.0131,0,0.0027,0.9977,0.0681,0,-0.0134,-0.0681,0.9976,0,-0.0206,26.5525,-3.1933,1],"rest":[1,0,0,0,0,1,0,0,0,0,1,0,-0.0206,26.5525,-3.1933,1],"parentBoneIndex":2,"length":24.825
,"animation":{"dataType":3,"framePerSecond":24,"keys":[
{"frame":1,"values":[0.9999,-0.0036,0.0131,0,0.0027,0.9977,0.0681,0,-0.0134,-0.0681,0.9976,0,-0.0206,26.5525,-3.1933,1]},
{"frame":2,"values":[0.9999,-0.0076,0.0123,0,0.0067,0.9975,0.0703,0,-0.0128,-0.0702,0.9974,0,-0.0206,26.5525,-3.1933,1]},
{"frame":3,"values":[0.9999,-0.0094,0.0081,0,0.0088,0.9972,0.0745,0,-0.0088,-0.0745,0.9972,0,-0.0206,26.5525,-3.1933,1]},
{"frame":4,"values":[1,-0.0082,0.0032,0,0.0079,0.997,0.0771,0,-0.0038,-0.077,0.997,0,-0.0206,26.5525,-3.1933,1]},
{"frame":5,"values":[1,-0.0026,0.0017,0,0.0025,0.9974,0.0715,0,-0.0019,-0.0715,0.9974,0,-0.0206,26.5525,-3.1933,1]},
{"frame":6,"values":[1,0.004,0.0067,0,-0.0044,0.9985,0.0539,0,-0.0065,-0.0539,0.9985,0,-0.0206,26.5525,-3.1933,1]},
{"frame":7,"values":[0.9997,0.0013,0.0256,0,-0.0021,0.9995,0.0312,0,-0.0255,-0.0313,0.9992,0,-0.0206,26.5525,-3.1933,1]},
{"frame":8,"values":[0.9977,-0.0124,0.0672,0,0.0114,0.9998,0.0163,0,-0.0674,-0.0155,0.9976,0,-0.0206,26.5525,-3.1933,1]},
{"frame":9,"values":[0.9924,-0.0232,0.1211,0,0.0218,0.9997,0.0128,0,-0.1214,-0.0101,0.9926,0,-0.0206,26.5525,-3.1933,1]},
{"frame":10,"values":[0.9866,-0.021,0.1618,0,0.019,0.9997,0.0139,0,-0.1621,-0.0107,0.9867,0,-0.0206,26.5525,-3.1933,1]},
{"frame":11,"values":[0.9845,-0.0139,0.1748,0,0.0114,0.9998,0.0153,0,-0.175,-0.0131,0.9845,0,-0.0206,26.5525,-3.1933,1]},
{"frame":12,"values":[0.9854,-0.0131,0.1696,0,0.0101,0.9998,0.0184,0,-0.1698,-0.0165,0.9853,0,-0.0206,26.5525,-3.1933,1]},
{"frame":13,"values":[0.9865,-0.0175,0.163,0,0.0139,0.9996,0.0235,0,-0.1634,-0.0209,0.9863,0,-0.0206,26.5525,-3.1933,1]},
{"frame":14,"values":[0.9866,-0.0201,0.1622,0,0.0159,0.9995,0.0276,0,-0.1626,-0.0247,0.9864,0,-0.0206,26.5525,-3.1933,1]},
{"frame":15,"values":[0.9862,-0.0204,0.1644,0,0.0158,0.9994,0.0296,0,-0.1649,-0.0266,0.986,0,-0.0206,26.5525,-3.1933,1]},
{"frame":16,"values":[0.986,-0.0211,0.1655,0,0.0162,0.9994,0.0306,0,-0.166,-0.0275,0.9857,0,-0.0206,26.5525,-3.1933,1]},
{"frame":17,"values":[0.9862,-0.0213,0.1644,0,0.0162,0.9994,0.032,0,-0.165,-0.0289,0.9859,0,-0.0206,26.5525,-3.1933,1]},
{"frame":18,"values":[0.9865,-0.0196,0.1627,0,0.0142,0.9993,0.034,0,-0.1632,-0.0313,0.9861,0,-0.0206,26.5525,-3.1933,1]},
{"frame":19,"values":[0.987,-0.017,0.1601,0,0.0113,0.9993,0.0366,0,-0.1606,-0.0343,0.9864,0,-0.0206,26.5525,-3.1933,1]},
{"frame":20,"values":[0.9882,-0.0155,0.1526,0,0.0097,0.9992,0.0386,0,-0.1531,-0.0367,0.9875,0,-0.0206,26.5525,-3.1933,1]},
{"frame":21,"values":[0.9904,-0.0154,0.1377,0,0.01,0.9992,0.0399,0,-0.1382,-0.0381,0.9897,0,-0.0206,26.5525,-3.1933,1]},
{"frame":22,"values":[0.9927,-0.0165,0.1198,0,0.0115,0.999,0.0424,0,-0.1204,-0.0408,0.9919,0,-0.0206,26.5525,-3.1933,1]},
{"frame":23,"values":[0.9945,-0.0192,0.1029,0,0.0143,0.9988,0.0478,0,-0.1037,-0.0461,0.9935,0,-0.0206,26.5525,-3.1933,1]},
{"frame":24,"values":[0.9962,-0.0221,0.0839,0,0.0176,0.9983,0.055,0,-0.085,-0.0533,0.995,0,-0.0206,26.5525,-3.1933,1]},
{"frame":25,"values":[0.9978,-0.0233,0.0615,0,0.0194,0.9978,0.0631,0,-0.0628,-0.0618,0.9961,0,-0.0206,26.5525,-3.1933,1]},
{"frame":26,"values":[0.9989,-0.022,0.0419,0,0.019,0.9973,0.071,0,-0.0433,-0.0701,0.9966,0,-0.0206,26.5525,-3.1933,1]},
{"frame":27,"values":[0.9994,-0.018,0.0295,0,0.0158,0.9971,0.0746,0,-0.0307,-0.0741,0.9968,0,-0.0206,26.5525,-3.1933,1]},
{"frame":28,"values":[0.9997,-0.0112,0.0214,0,0.0096,0.9973,0.0721,0,-0.0221,-0.0719,0.9972,0,-0.0206,26.5525,-3.1933,1]},
{"frame":29,"values":[0.9999,-0.0036,0.0131,0,0.0027,0.9977,0.0681,0,-0.0134,-0.0681,0.9976,0,-0.0206,26.5525,-3.1933,1]}],"loopBehavior":1,"name":"anim","property":"_matrix"}},
{"name":"mixamorig:Neck","index":4,"matrix":[0.9991,-0.0152,0.0387,0,0.0081,0.9841,0.1772,0,-0.0408,-0.1768,0.9834,0,-0.06,30.7018,1.3522,1],"rest":[1,0,0,0,0,1,0,0,0,0,1,0,-0.06,30.7018,1.3522,1],"parentBoneIndex":3,"length":22.8446
,"animation":{"dataType":3,"framePerSecond":24,"keys":[
{"frame":1,"values":[0.9991,-0.0152,0.0387,0,0.0081,0.9841,0.1772,0,-0.0408,-0.1768,0.9834,0,-0.06,30.7018,1.3522,1]},
{"frame":2,"values":[0.9992,-0.0165,0.0351,0,0.0102,0.9853,0.1705,0,-0.0374,-0.17,0.9847,0,-0.06,30.7018,1.3522,1]},
{"frame":3,"values":[0.9994,-0.018,0.0291,0,0.0129,0.9858,0.1671,0,-0.0317,-0.1667,0.9855,0,-0.06,30.7018,1.3522,1]},
{"frame":4,"values":[0.9995,-0.0252,0.0166,0,0.0221,0.9861,0.1648,0,-0.0205,-0.1644,0.9862,0,-0.06,30.7018,1.3522,1]},
{"frame":5,"values":[0.9992,-0.0401,-0.0056,0,0.0405,0.986,0.1615,0,-0.001,-0.1616,0.9869,0,-0.06,30.7018,1.3522,1]},
{"frame":6,"values":[0.998,-0.0526,-0.0347,0,0.0576,0.985,0.1625,0,0.0257,-0.1641,0.9861,0,-0.06,30.7018,1.3522,1]},
{"frame":7,"values":[0.9971,-0.047,-0.0599,0,0.0567,0.9832,0.1734,0,0.0507,-0.1763,0.983,0,-0.06,30.7018,1.3522,1]},
{"frame":8,"values":[0.9969,-0.0263,-0.0746,0,0.0399,0.9813,0.1882,0,0.0683,-0.1906,0.9793,0,-0.06,30.7018,1.3522,1]},
{"frame":9,"values":[0.996,-0.0138,-0.0888,0,0.0309,0.9805,0.1941,0,0.0844,-0.1961,0.977,0,-0.06,30.7018,1.3522,1]},
{"frame":10,"values":[0.9934,-0.0228,-0.1124,0,0.0438,0.981,0.1888,0,0.106,-0.1924,0.9756,0,-0.06,30.7018,1.3522,1]},
{"frame":11,"values":[0.9897,-0.0421,-0.1369,0,0.0666,0.9816,0.1792,0,0.1268,-0.1865,0.9742,0,-0.06,30.7018,1.3522,1]},
{"frame":12,"values":[0.9874,-0.0535,-0.1492,0,0.079,0.9822,0.1706,0,0.1374,-0.1802,0.974,0,-0.06,30.7018,1.3522,1]},
{"frame":13,"values":[0.9873,-0.053,-0.1497,0,0.0777,0.9834,0.1642,0,0.1385,-0.1737,0.975,0,-0.06,30.7018,1.3522,1]},
{"frame":14,"values":[0.9878,-0.0496,-0.1477,0,0.0736,0.9841,0.1614,0,0.1374,-0.1703,0.9758,0,-0.06,30.7018,1.3522,1]},
{"frame":15,"values":[0.9879,-0.0489,-0.147,0,0.073,0.9839,0.1632,0,0.1367,-0.172,0.9756,0,-0.06,30.7018,1.3522,1]},
{"frame":16,"values":[0.988,-0.0496,-0.1463,0,0.074,0.9833,0.1666,0,0.1356,-0.1754,0.9751,0,-0.06,30.7018,1.3522,1]},
{"frame":17,"values":[0.9883,-0.0493,-0.1443,0,0.0736,0.9829,0.1687,0,0.1335,-0.1773,0.9751,0,-0.06,30.7018,1.3522,1]},
{"frame":18,"values":[0.9889,-0.0473,-0.141,0,0.0711,0.983,0.1691,0,0.1306,-0.1773,0.9755,0,-0.06,30.7018,1.3522,1]},
{"frame":19,"values":[0.9898,-0.0441,-0.1356,0,0.067,0.9833,0.1691,0,0.1258,-0.1765,0.9762,0,-0.06,30.7018,1.3522,1]},
{"frame":20,"values":[0.9911,-0.0411,-0.127,0,0.0625,0.9835,0.1696,0,0.1179,-0.1761,0.9773,0,-0.06,30.7018,1.3522,1]},
{"frame":21,"values":[0.9926,-0.0394,-0.1148,0,0.0587,0.9836,0.1703,0,0.1063,-0.1758,0.9787,0,-0.06,30.7018,1.3522,1]},
{"frame":22,"values":[0.9942,-0.0396,-0.1001,0,0.0564,0.9838,0.1703,0,0.0918,-0.1749,0.9803,0,-0.06,30.7018,1.3522,1]},
{"frame":23,"values":[0.9957,-0.0406,-0.0838,0,0.0544,0.984,0.1697,0,0.0755,-0.1735,0.9819,0,-0.06,30.7018,1.3522,1]},
{"frame":24,"values":[0.9971,-0.0386,-0.0654,0,0.0493,0.9841,0.1704,0,0.0577,-0.1731,0.9832,0,-0.06,30.7018,1.3522,1]},
{"frame":25,"values":[0.9985,-0.0317,-0.045,0,0.0391,0.9841,0.173,0,0.0388,-0.1745,0.9839,0,-0.06,30.7018,1.3522,1]},
{"frame":26,"values":[0.9994,-0.0236,-0.0241,0,0.0275,0.9841,0.1754,0,0.0196,-0.176,0.9842,0,-0.06,30.7018,1.3522,1]},
{"frame":27,"values":[0.9998,-0.0186,-0.0035,0,0.0189,0.9841,0.1764,0,0.0001,-0.1764,0.9843,0,-0.06,30.7018,1.3522,1]},
{"frame":28,"values":[0.9997,-0.0167,0.0175,0,0.0134,0.9842,0.1767,0,-0.0201,-0.1765,0.9841,0,-0.06,30.7018,1.3522,1]},
{"frame":29,"values":[0.9991,-0.0152,0.0387,0,0.0081,0.9841,0.1772,0,-0.0408,-0.1768,0.9834,0,-0.06,30.7018,1.3522,1]}],"loopBehavior":1,"name":"anim","property":"_matrix"}},
{"name":"mixamorig:Head","index":5,"matrix":[0.9518,0.1816,0.2471,0,-0.0985,0.9442,-0.3144,0,-0.2904,0.2749,0.9166,0,-0.0872,22.5476,3.6709,1],"rest":[1,0,0,0,0,1,0,0,0,0,1,0,-0.0872,22.5476,3.6709,1],"parentBoneIndex":4,"length":30.5923
,"animation":{"dataType":3,"framePerSecond":24,"keys":[
{"frame":1,"values":[0.9518,0.1816,0.2471,0,-0.0985,0.9442,-0.3144,0,-0.2904,0.2749,0.9166,0,-0.0872,22.5476,3.6709,1]},
{"frame":2,"values":[0.9538,0.1918,0.2314,0,-0.1099,0.9392,-0.3254,0,-0.2798,0.2849,0.9168,0,-0.0872,22.5476,3.6709,1]},
{"frame":3,"values":[0.9572,0.2027,0.2066,0,-0.1273,0.936,-0.3282,0,-0.2599,0.2879,0.9217,0,-0.0872,22.5476,3.6709,1]},
{"frame":4,"values":[0.9649,0.2093,0.1588,0,-0.1495,0.9345,-0.3232,0,-0.216,0.2881,0.9329,0,-0.0872,22.5476,3.6709,1]},
{"frame":5,"values":[0.9754,0.2071,0.075,0,-0.1741,0.9337,-0.3129,0,-0.1349,0.2922,0.9468,0,-0.0872,22.5476,3.6709,1]},
{"frame":6,"values":[0.9806,0.1911,-0.0446,0,-0.1958,0.9363,-0.2915,0,-0.014,0.2946,0.9555,0,-0.0872,22.5476,3.6709,1]},
{"frame":7,"values":[0.9715,0.161,-0.1741,0,-0.2017,0.947,-0.2501,0,0.1246,0.2781,0.9524,0,-0.0872,22.5476,3.6709,1]},
{"frame":8,"values":[0.949,0.1266,-0.2888,0,-0.1863,0.964,-0.1899,0,0.2543,0.234,0.9384,0,-0.0872,22.5476,3.6709,1]},
{"frame":9,"values":[0.9163,0.1045,-0.3866,0,-0.1658,0.9777,-0.1289,0,0.3645,0.1823,0.9132,0,-0.0872,22.5476,3.6709,1]},
{"frame":10,"values":[0.8765,0.0994,-0.4711,0,-0.159,0.9833,-0.0883,0,0.4544,0.1523,0.8777,0,-0.0872,22.5476,3.6709,1]},
{"frame":11,"values":[0.8392,0.1027,-0.534,0,-0.1673,0.9831,-0.0738,0,0.5174,0.1513,0.8423,0,-0.0872,22.5476,3.6709,1]},
{"frame":12,"values":[0.816,0.1049,-0.5685,0,-0.1802,0.9806,-0.0777,0,0.5493,0.1658,0.819,0,-0.0872,22.5476,3.6709,1]},
{"frame":13,"values":[0.8085,0.1039,-0.5792,0,-0.1897,0.9778,-0.0893,0,0.5571,0.1821,0.8103,0,-0.0872,22.5477,3.6709,1]},
{"frame":14,"values":[0.8087,0.1022,-0.5793,0,-0.193,0.9764,-0.0972,0,0.5557,0.1904,0.8093,0,-0.0872,22.5476,3.6709,1]},
{"frame":15,"values":[0.8111,0.1005,-0.5762,0,-0.1907,0.9767,-0.0981,0,0.553,0.1894,0.8114,0,-0.0872,22.5476,3.6709,1]},
{"frame":16,"values":[0.8144,0.0982,-0.5719,0,-0.1862,0.9777,-0.0972,0,0.5496,0.1856,0.8145,0,-0.0872,22.5476,3.6709,1]},
{"frame":17,"values":[0.8191,0.0947,-0.5658,0,-0.1806,0.9787,-0.0978,0,0.5444,0.1823,0.8188,0,-0.0872,22.5476,3.6709,1]},
{"frame":18,"values":[0.8261,0.0911,-0.5561,0,-0.174,0.9799,-0.0979,0,0.536,0.1776,0.8253,0,-0.0872,22.5476,3.6709,1]},
{"frame":19,"values":[0.8382,0.0904,-0.5378,0,-0.1688,0.9807,-0.0983,0,0.5185,0.1732,0.8373,0,-0.0872,22.5476,3.6709,1]},
{"frame":20,"values":[0.8584,0.0933,-0.5045,0,-0.1675,0.9804,-0.1037,0,0.4849,0.1735,0.8572,0,-0.0872,22.5476,3.6709,1]},
{"frame":21,"values":[0.8862,0.0955,-0.4533,0,-0.1659,0.979,-0.1181,0,0.4325,0.1798,0.8835,0,-0.0872,22.5476,3.6709,1]},
{"frame":22,"values":[0.9169,0.0932,-0.3881,0,-0.1595,0.9769,-0.1423,0,0.3658,0.1924,0.9106,0,-0.0872,22.5476,3.6709,1]},
{"frame":23,"values":[0.9455,0.0928,-0.3121,0,-0.1532,0.9726,-0.175,0,0.2873,0.2133,0.9338,0,-0.0872,22.5476,3.6709,1]},
{"frame":24,"values":[0.9683,0.1062,-0.2259,0,-0.1549,0.9653,-0.2104,0,0.1957,0.2387,0.9512,0,-0.0872,22.5476,3.6709,1]},
{"frame":25,"values":[0.9822,0.1329,-0.1326,0,-0.162,0.9569,-0.2409,0,0.0949,0.2581,0.9614,0,-0.0872,22.5476,3.6709,1]},
{"frame":26,"values":[0.9866,0.1583,-0.0389,0,-0.1629,0.9508,-0.2636,0,-0.0047,0.2664,0.9639,0,-0.0872,22.5476,3.6709,1]},
{"frame":27,"values":[0.9835,0.1724,0.0545,0,-0.1504,0.9474,-0.2825,0,-0.1003,0.2697,0.9577,0,-0.0872,22.5476,3.6709,1]},
{"frame":28,"values":[0.9725,0.1777,0.1507,0,-0.1263,0.9455,-0.3,0,-0.1958,0.2727,0.942,0,-0.0872,22.5476,3.6709,1]},
{"frame":29,"values":[0.9518,0.1816,0.2471,0,-0.0985,0.9442,-0.3144,0,-0.2904,0.2749,0.9166,0,-0.0872,22.5476,3.6709,1]}],"loopBehavior":1,"name":"anim","property":"_matrix"}},
{"name":"mixamorig:HeadTop_End","index":6,"matrix":[1,0,0,0,0,1,0,0,0,0,1,0,-0.8306,40.3552,7.8935,1],"rest":[1,0,0,0,0,1,0,0,0,0,1,0,-0.8306,40.3552,7.8935,1],"parentBoneIndex":5,"length":30.5923
,"animation":{"dataType":3,"framePerSecond":24,"keys":[
{"frame":1,"values":[1,0,0,0,0,1,0,0,0,0,1,0,-0.8306,40.3552,7.8935,1]},
{"frame":2,"values":[1,0,0,0,0,1,0,0,0,0,1,0,-0.8306,40.3553,7.8935,1]},
{"frame":3,"values":[1,0,0,0,0,1,0,0,0,0,1,0,-0.8306,40.3552,7.8935,1]},
{"frame":5,"values":[1,0,0,0,0,1,0,0,0,0,1,0,-0.8306,40.3553,7.8935,1]},
{"frame":6,"values":[1,0,0,0,0,1,0,0,0,0,1,0,-0.8306,40.3552,7.8935,1]},
{"frame":27,"values":[1,0,0,0,0,1,0,0,0,0,1,0,-0.8306,40.3553,7.8935,1]},
{"frame":28,"values":[1,0,0,0,0,1,0,0,0,0,1,0,-0.8306,40.3552,7.8935,1]},
{"frame":29,"values":[1,0,0,0,0,1,0,0,0,0,1,0,-0.8306,40.3552,7.8935,1]}],"loopBehavior":1,"name":"anim","property":"_matrix"}},
{"name":"mixamorig:RightEye","index":7,"matrix":[1,0,0,0,0,1,0,0,0,0,1,0,-6.3021,18.1186,16.1971,1],"rest":[1,0,0,0,0,1,0,0,0,0,1,0,-6.3021,18.1186,16.1971,1],"parentBoneIndex":5,"length":30.5923
,"animation":{"dataType":3,"framePerSecond":24,"keys":[
{"frame":1,"values":[1,0,0,0,0,1,0,0,0,0,1,0,-6.3021,18.1186,16.1971,1]},
{"frame":8,"values":[1,0,0,0,0,1,0,0,0,0,1,0,-6.3021,18.1187,16.1971,1]},
{"frame":9,"values":[1,0,0,0,0,1,0,0,0,0,1,0,-6.3021,18.1186,16.1971,1]},
{"frame":29,"values":[1,0,0,0,0,1,0,0,0,0,1,0,-6.3021,18.1186,16.1971,1]}],"loopBehavior":1,"name":"anim","property":"_matrix"}},
{"name":"mixamorig:LeftEye","index":8,"matrix":[1,0,0,0,0,1,0,0,0,0,1,0,6.7415,18.3827,16.4019,1],"rest":[1,0,0,0,0,1,0,0,0,0,1,0,6.7415,18.3827,16.4019,1],"parentBoneIndex":5,"length":30.5923
,"animation":{"dataType":3,"framePerSecond":24,"keys":[
{"frame":1,"values":[1,0,0,0,0,1,0,0,0,0,1,0,6.7415,18.3827,16.4019,1]},
{"frame":2,"values":[1,0,0,0,0,1,0,0,0,0,1,0,6.7415,18.3828,16.4019,1]},
{"frame":3,"values":[1,0,0,0,0,1,0,0,0,0,1,0,6.7415,18.3827,16.4019,1]},
{"frame":20,"values":[1,0,0,0,0,1,0,0,0,0,1,0,6.7415,18.3826,16.4019,1]},
{"frame":21,"values":[1,0,0,0,0,1,0,0,0,0,1,0,6.7415,18.3827,16.4019,1]},
{"frame":29,"values":[1,0,0,0,0,1,0,0,0,0,1,0,6.7415,18.3827,16.4019,1]}],"loopBehavior":1,"name":"anim","property":"_matrix"}},
{"name":"mixamorig:LeftShoulder","index":9,"matrix":[0.9675,-0.162,-0.194,0,0.1595,0.9868,-0.0285,0,0.1961,-0.0034,0.9806,0,11.9249,18.2305,1.4254,1],"rest":[1,0.0062,0,0,-0.0062,1,0,0,0,0,1,0,11.9249,18.2305,1.4254,1],"parentBoneIndex":3,"length":25.9773
,"animation":{"dataType":3,"framePerSecond":24,"keys":[
{"frame":1,"values":[0.9675,-0.162,-0.194,0,0.1595,0.9868,-0.0285,0,0.1961,-0.0034,0.9806,0,11.9249,18.2305,1.4254,1]},
{"frame":2,"values":[0.9661,-0.1563,-0.2053,0,0.1538,0.9877,-0.0284,0,0.2072,-0.0042,0.9783,0,11.9249,18.2305,1.4254,1]},
{"frame":3,"values":[0.9607,-0.1511,-0.2329,0,0.148,0.9885,-0.0311,0,0.2349,-0.0046,0.972,0,11.9249,18.2305,1.4254,1]},
{"frame":4,"values":[0.9487,-0.1525,-0.2771,0,0.1474,0.9883,-0.0393,0,0.2798,-0.0035,0.96,0,11.9249,18.2305,1.4254,1]},
{"frame":5,"values":[0.9348,-0.1612,-0.3165,0,0.1537,0.9869,-0.0487,0,0.3202,-0.0031,0.9474,0,11.9249,18.2305,1.4254,1]},
{"frame":6,"values":[0.9403,-0.1695,-0.2951,0,0.1632,0.9855,-0.046,0,0.2986,-0.0049,0.9544,0,11.9249,18.2305,1.4254,1]},
{"frame":7,"values":[0.9732,-0.1689,-0.1559,0,0.1673,0.9856,-0.023,0,0.1575,-0.0037,0.9875,0,11.9249,18.2305,1.4254,1]},
{"frame":8,"values":[0.9842,-0.1602,0.0749,0,0.1599,0.9871,0.0099,0,-0.0755,0.0022,0.9971,0,11.9249,18.2305,1.4254,1]},
{"frame":9,"values":[0.9544,-0.1531,0.2564,0,0.149,0.9882,0.0354,0,-0.2588,0.0044,0.9659,0,11.9249,18.2305,1.4254,1]},
{"frame":10,"values":[0.9403,-0.1522,0.3045,0,0.1444,0.9884,0.048,0,-0.3082,-0.0012,0.9513,0,11.9249,18.2305,1.4254,1]},
{"frame":11,"values":[0.9509,-0.1545,0.2683,0,0.146,0.988,0.0513,0,-0.273,-0.0096,0.962,0,11.9249,18.2305,1.4254,1]},
{"frame":12,"values":[0.9596,-0.1526,0.2364,0,0.1452,0.9882,0.0488,0,-0.2411,-0.0125,0.9704,0,11.9249,18.2305,1.4254,1]},
{"frame":13,"values":[0.9608,-0.1452,0.236,0,0.1387,0.9894,0.0441,0,-0.2399,-0.0096,0.9707,0,11.9249,18.2305,1.4254,1]},
{"frame":14,"values":[0.9598,-0.1393,0.2436,0,0.1332,0.9902,0.0415,0,-0.247,-0.0074,0.969,0,11.9249,18.2305,1.4254,1]},
{"frame":15,"values":[0.9584,-0.1396,0.2489,0,0.1331,0.9902,0.0427,0,-0.2524,-0.0078,0.9676,0,11.9249,18.2305,1.4254,1]},
{"frame":16,"values":[0.955,-0.1432,0.2597,0,0.1357,0.9897,0.0463,0,-0.2636,-0.009,0.9646,0,11.9249,18.2305,1.4254,1]},
{"frame":17,"values":[0.9503,-0.1468,0.2746,0,0.1382,0.9891,0.0505,0,-0.279,-0.01,0.9602,0,11.9249,18.2305,1.4254,1]},
{"frame":18,"values":[0.9481,-0.1493,0.2806,0,0.1401,0.9887,0.0527,0,-0.2853,-0.0107,0.9584,0,11.9249,18.2305,1.4254,1]},
{"frame":19,"values":[0.9505,-0.1526,0.2708,0,0.1434,0.9882,0.0534,0,-0.2757,-0.0119,0.9612,0,11.9249,18.2305,1.4254,1]},
{"frame":20,"values":[0.9552,-0.161,0.2485,0,0.1521,0.9868,0.055,0,-0.2541,-0.0148,0.9671,0,11.9249,18.2305,1.4254,1]},
{"frame":21,"values":[0.9611,-0.1769,0.2119,0,0.1687,0.9841,0.0561,0,-0.2185,-0.0182,0.9757,0,11.9249,18.2305,1.4254,1]},
{"frame":22,"values":[0.9692,-0.1938,0.1518,0,0.1884,0.9808,0.0494,0,-0.1585,-0.0193,0.9872,0,11.9249,18.2305,1.4254,1]},
{"frame":23,"values":[0.9771,-0.2014,0.0681,0,0.1997,0.9794,0.031,0,-0.073,-0.0167,0.9972,0,11.9249,18.2305,1.4254,1]},
{"frame":24,"values":[0.9804,-0.1964,-0.0145,0,0.1965,0.9805,0.0089,0,0.0125,-0.0115,0.9999,0,11.9249,18.2305,1.4254,1]},
{"frame":25,"values":[0.9802,-0.1864,-0.0672,0,0.1865,0.9824,-0.0054,0,0.067,-0.0073,0.9977,0,11.9249,18.2305,1.4254,1]},
{"frame":26,"values":[0.9795,-0.1793,-0.0917,0,0.1791,0.9838,-0.0107,0,0.0921,-0.0059,0.9957,0,11.9249,18.2305,1.4254,1]},
{"frame":27,"values":[0.9778,-0.1743,-0.1163,0,0.1738,0.9847,-0.0148,0,0.1171,-0.0057,0.9931,0,11.9249,18.2305,1.4254,1]},
{"frame":28,"values":[0.9736,-0.1685,-0.1538,0,0.1672,0.9857,-0.0214,0,0.1552,-0.0048,0.9879,0,11.9249,18.2305,1.4254,1]},
{"frame":29,"values":[0.9675,-0.162,-0.194,0,0.1595,0.9868,-0.0285,0,0.1961,-0.0034,0.9806,0,11.9249,18.2305,1.4254,1]}],"loopBehavior":1,"name":"anim","property":"_matrix"}},
{"name":"mixamorig:LeftArm","index":10,"matrix":[0.5656,-0.7399,-0.3641,0,0.8049,0.3993,0.4389,0,-0.1794,-0.5414,0.8214,0,25.4312,-0.8546,-5.2293,1],"rest":[0.9983,0.0295,0.0512,0,-0.0294,0.9996,-0.0017,0,-0.0512,0.0002,0.9987,0,25.4312,-0.8546,-5.2293,1],"parentBoneIndex":9,"length":54.6847
,"animation":{"dataType":3,"framePerSecond":24,"keys":[
{"frame":1,"values":[0.5656,-0.7399,-0.3641,0,0.8049,0.3993,0.4389,0,-0.1794,-0.5414,0.8214,0,25.4312,-0.8546,-5.2293,1]},
{"frame":2,"values":[0.5713,-0.7501,-0.3332,0,0.7938,0.4018,0.4566,0,-0.2086,-0.5253,0.8249,0,25.4312,-0.8546,-5.2293,1]},
{"frame":3,"values":[0.5749,-0.7579,-0.3085,0,0.7876,0.4103,0.4596,0,-0.2217,-0.5072,0.8328,0,25.4312,-0.8546,-5.2293,1]},
{"frame":4,"values":[0.5783,-0.7667,-0.2789,0,0.7929,0.4477,0.4133,0,-0.192,-0.4602,0.8668,0,25.4312,-0.8546,-5.2293,1]},
{"frame":5,"values":[0.5948,-0.7824,-0.1847,0,0.7931,0.5335,0.294,0,-0.1315,-0.3213,0.9378,0,25.4312,-0.8546,-5.2293,1]},
{"frame":6,"values":[0.6243,-0.7808,0.0233,0,0.7745,0.6226,0.1115,0,-0.1015,-0.0516,0.9935,0,25.4312,-0.8546,-5.2293,1]},
{"frame":7,"values":[0.6368,-0.6919,0.3402,0,0.7527,0.6535,-0.0797,0,-0.1672,0.3068,0.937,0,25.4312,-0.8546,-5.2293,1]},
{"frame":8,"values":[0.6219,-0.4834,0.6161,0,0.7251,0.6526,-0.22,0,-0.2957,0.5835,0.7563,0,25.4312,-0.8546,-5.2293,1]},
{"frame":9,"values":[0.6194,-0.3097,0.7214,0,0.6752,0.679,-0.2883,0,-0.4005,0.6657,0.6297,0,25.4312,-0.8545,-5.2293,1]},
{"frame":10,"values":[0.6042,-0.2665,0.7509,0,0.6548,0.7031,-0.2773,0,-0.454,0.6593,0.5994,0,25.4312,-0.8546,-5.2293,1]},
{"frame":11,"values":[0.5744,-0.2782,0.7698,0,0.6493,0.7276,-0.2215,0,-0.4985,0.6271,0.5986,0,25.4312,-0.8545,-5.2293,1]},
{"frame":12,"values":[0.5611,-0.2733,0.7813,0,0.6291,0.7543,-0.1879,0,-0.538,0.597,0.5952,0,25.4312,-0.8546,-5.2293,1]},
{"frame":13,"values":[0.5639,-0.2491,0.7874,0,0.6138,0.7643,-0.1978,0,-0.5525,0.5948,0.5839,0,25.4312,-0.8545,-5.2293,1]},
{"frame":14,"values":[0.5631,-0.2306,0.7936,0,0.613,0.7606,-0.214,0,-0.5542,0.6069,0.5696,0,25.4312,-0.8546,-5.2293,1]},
{"frame":15,"values":[0.5575,-0.2273,0.7985,0,0.6156,0.7584,-0.214,0,-0.557,0.6108,0.5627,0,25.4312,-0.8546,-5.2293,1]},
{"frame":16,"values":[0.555,-0.2312,0.7991,0,0.6169,0.7588,-0.2089,0,-0.5581,0.6089,0.5638,0,25.4312,-0.8546,-5.2293,1]},
{"frame":17,"values":[0.5535,-0.2377,0.7982,0,0.6216,0.7558,-0.206,0,-0.5543,0.6101,0.5661,0,25.4312,-0.8546,-5.2293,1]},
{"frame":18,"values":[0.5453,-0.2565,0.798,0,0.6338,0.7492,-0.1923,0,-0.5486,0.6106,0.5711,0,25.4312,-0.8546,-5.2293,1]},
{"frame":19,"values":[0.5288,-0.3098,0.7902,0,0.6565,0.7393,-0.1495,0,-0.5379,0.5978,0.5944,0,25.4312,-0.8546,-5.2293,1]},
{"frame":20,"values":[0.5122,-0.4055,0.7572,0,0.6817,0.7282,-0.0712,0,-0.5225,0.5526,0.6493,0,25.4312,-0.8546,-5.2293,1]},
{"frame":21,"values":[0.5097,-0.5257,0.681,0,0.6869,0.7253,0.0458,0,-0.518,0.4445,0.7308,0,25.4312,-0.8546,-5.2293,1]},
{"frame":22,"values":[0.5363,-0.6404,0.5498,0,0.6587,0.7248,0.2016,0,-0.5277,0.2541,0.8106,0,25.4312,-0.8546,-5.2293,1]},
{"frame":23,"values":[0.5911,-0.7237,0.3561,0,0.6194,0.6901,0.3744,0,-0.5167,-0.0008,0.8562,0,25.4312,-0.8546,-5.2293,1]},
{"frame":24,"values":[0.6396,-0.7584,0.1254,0,0.6186,0.6046,0.5018,0,-0.4564,-0.2433,0.8559,0,25.4312,-0.8546,-5.2293,1]},
{"frame":25,"values":[0.6458,-0.7592,-0.0812,0,0.6676,0.5099,0.5425,0,-0.3704,-0.4046,0.8361,0,25.4312,-0.8546,-5.2293,1]},
{"frame":26,"values":[0.6207,-0.7528,-0.219,0,0.7259,0.4464,0.5232,0,-0.2962,-0.4837,0.8236,0,25.4312,-0.8546,-5.2293,1]},
{"frame":27,"values":[0.5968,-0.7474,-0.2919,0,0.7637,0.4176,0.4922,0,-0.246,-0.5167,0.8201,0,25.4312,-0.8546,-5.2293,1]},
{"frame":28,"values":[0.5816,-0.7436,-0.33,0,0.7854,0.4076,0.4659,0,-0.2119,-0.5301,0.821,0,25.4312,-0.8546,-5.2293,1]},
{"frame":29,"values":[0.5656,-0.7399,-0.3641,0,0.8049,0.3993,0.4389,0,-0.1794,-0.5414,0.8214,0,25.4312,-0.8546,-5.2293,1]}],"loopBehavior":1,"name":"anim","property":"_matrix"}},
{"name":"mixamorig:LeftForeArm","index":11,"matrix":[0.3411,0.0146,0.9399,0,0.0264,0.9993,-0.0252,0,-0.9397,0.0334,0.3405,0,54.5783,-1.9463,-2.8009,1],"rest":[0.9943,-0.0088,-0.1062,0,0.0091,1,0.0028,0,0.1061,-0.0038,0.9943,0,54.5783,-1.9463,-2.8009,1],"parentBoneIndex":10,"length":55.0982
,"animation":{"dataType":3,"framePerSecond":24,"keys":[
{"frame":1,"values":[0.3411,0.0146,0.9399,0,0.0264,0.9993,-0.0252,0,-0.9397,0.0334,0.3405,0,54.5783,-1.9463,-2.8009,1]},
{"frame":2,"values":[0.347,0.0144,0.9377,0,0.0263,0.9993,-0.0251,0,-0.9375,0.0333,0.3464,0,54.5783,-1.9463,-2.8009,1]},
{"frame":3,"values":[0.3387,0.0147,0.9408,0,0.0265,0.9993,-0.0252,0,-0.9405,0.0334,0.3381,0,54.5783,-1.9463,-2.8009,1]},
{"frame":4,"values":[0.2908,0.0164,0.9567,0,0.0278,0.9993,-0.0256,0,-0.9564,0.034,0.2901,0,54.5783,-1.9463,-2.8009,1]},
{"frame":5,"values":[0.2116,0.0193,0.9772,0,0.0299,0.9992,-0.0262,0,-0.9769,0.0347,0.2109,0,54.5783,-1.9463,-2.8009,1]},
{"frame":6,"values":[0.1435,0.0217,0.9894,0,0.0317,0.9991,-0.0265,0,-0.9891,0.0352,0.1427,0,54.5783,-1.9463,-2.8009,1]},
{"frame":7,"values":[0.1251,0.0223,0.9919,0,0.0322,0.9991,-0.0266,0,-0.9916,0.0352,0.1243,0,54.5783,-1.9463,-2.8009,1]},
{"frame":8,"values":[0.1749,0.0206,0.9844,0,0.0308,0.9992,-0.0264,0,-0.9841,0.035,0.1741,0,54.5783,-1.9463,-2.8009,1]},
{"frame":9,"values":[0.2796,0.0168,0.96,0,0.0281,0.9993,-0.0257,0,-0.9597,0.0341,0.2789,0,54.5783,-1.9463,-2.8009,1]},
{"frame":10,"values":[0.381,0.0132,0.9245,0,0.0254,0.9994,-0.0247,0,-0.9242,0.0329,0.3805,0,54.5783,-1.9463,-2.8009,1]},
{"frame":11,"values":[0.4255,0.0116,0.9049,0,0.0242,0.9994,-0.0242,0,-0.9046,0.0322,0.4249,0,54.5783,-1.9463,-2.8009,1]},
{"frame":12,"values":[0.4216,0.0118,0.9067,0,0.0243,0.9994,-0.0243,0,-0.9064,0.0322,0.4211,0,54.5783,-1.9463,-2.8009,1]},
{"frame":13,"values":[0.4087,0.0122,0.9126,0,0.0246,0.9994,-0.0244,0,-0.9123,0.0324,0.4081,0,54.5783,-1.9463,-2.8009,1]},
{"frame":14,"values":[0.4077,0.0123,0.913,0,0.0246,0.9994,-0.0244,0,-0.9128,0.0325,0.4072,0,54.5783,-1.9463,-2.8009,1]},
{"frame":15,"values":[0.4135,0.0121,0.9104,0,0.0245,0.9994,-0.0244,0,-0.9102,0.0324,0.4129,0,54.5783,-1.9463,-2.8009,1]},
{"frame":16,"values":[0.4184,0.0119,0.9082,0,0.0244,0.9994,-0.0243,0,-0.9079,0.0323,0.4179,0,54.5783,-1.9463,-2.8009,1]},
{"frame":17,"values":[0.4229,0.0117,0.9061,0,0.0242,0.9994,-0.0242,0,-0.9058,0.0322,0.4224,0,54.5783,-1.9463,-2.8009,1]},
{"frame":18,"values":[0.4187,0.0119,0.9081,0,0.0244,0.9994,-0.0243,0,-0.9078,0.0323,0.4181,0,54.5783,-1.9463,-2.8009,1]},
{"frame":19,"values":[0.3827,0.0132,0.9238,0,0.0253,0.9994,-0.0247,0,-0.9235,0.0328,0.3822,0,54.5783,-1.9463,-2.8009,1]},
{"frame":20,"values":[0.3058,0.0159,0.952,0,0.0274,0.9993,-0.0255,0,-0.9517,0.0338,0.3051,0,54.5783,-1.9463,-2.8009,1]},
{"frame":21,"values":[0.2083,0.0194,0.9779,0,0.03,0.9992,-0.0262,0,-0.9776,0.0347,0.2075,0,54.5783,-1.9463,-2.8009,1]},
{"frame":22,"values":[0.131,0.0221,0.9911,0,0.032,0.9991,-0.0265,0,-0.9909,0.0352,0.1302,0,54.5783,-1.9463,-2.8009,1]},
{"frame":23,"values":[0.1128,0.0228,0.9934,0,0.0325,0.9991,-0.0266,0,-0.9931,0.0353,0.112,0,54.5783,-1.9463,-2.8009,1]},
{"frame":24,"values":[0.1799,0.0204,0.9835,0,0.0307,0.9992,-0.0263,0,-0.9832,0.0349,0.1791,0,54.5783,-1.9463,-2.8009,1]},
{"frame":25,"values":[0.3001,0.0161,0.9538,0,0.0275,0.9993,-0.0255,0,-0.9535,0.0339,0.2994,0,54.5783,-1.9463,-2.8009,1]},
{"frame":26,"values":[0.3854,0.0131,0.9227,0,0.0252,0.9994,-0.0247,0,-0.9224,0.0328,0.3848,0,54.5783,-1.9463,-2.8009,1]},
{"frame":27,"values":[0.3974,0.0126,0.9176,0,0.0249,0.9994,-0.0245,0,-0.9173,0.0326,0.3968,0,54.5783,-1.9463,-2.8009,1]},
{"frame":28,"values":[0.3687,0.0137,0.9294,0,0.0257,0.9994,-0.0249,0,-0.9292,0.033,0.3681,0,54.5783,-1.9463,-2.8009,1]},
{"frame":29,"values":[0.3411,0.0146,0.9399,0,0.0264,0.9993,-0.0252,0,-0.9397,0.0334,0.3405,0,54.5783,-1.9463,-2.8009,1]}],"loopBehavior":1,"name":"anim","property":"_matrix"}},
{"name":"mixamorig:LeftHand","index":12,"matrix":[0.9972,0.0692,0.028,0,-0.0746,0.9446,0.3198,0,-0.0043,-0.321,0.9471,0,54.9948,-1.4671,3.0376,1],"rest":[0.9961,0.088,0.001,0,-0.0871,0.9842,0.154,0,0.0125,-0.1535,0.9881,0,54.9948,-1.4671,3.0376,1],"parentBoneIndex":11,"length":20.3347
,"animation":{"dataType":3,"framePerSecond":24,"keys":[
{"frame":1,"values":[0.9972,0.0692,0.028,0,-0.0746,0.9446,0.3198,0,-0.0043,-0.321,0.9471,0,54.9948,-1.4671,3.0376,1]},
{"frame":2,"values":[0.9974,0.0659,0.028,0,-0.0714,0.9435,0.3235,0,-0.0051,-0.3246,0.9458,0,54.9948,-1.4671,3.0376,1]},
{"frame":3,"values":[0.9975,0.0648,0.0291,0,-0.0708,0.9434,0.3241,0,-0.0065,-0.3254,0.9456,0,54.9948,-1.4671,3.0376,1]},
{"frame":4,"values":[0.9975,0.0674,0.0227,0,-0.0711,0.9438,0.3228,0,0.0004,-0.3236,0.9462,0,54.9948,-1.4671,3.0376,1]},
{"frame":5,"values":[0.9976,0.0693,0.006,0,-0.0679,0.9506,0.303,0,0.0153,-0.3027,0.953,0,54.9948,-1.4671,3.0376,1]},
{"frame":6,"values":[0.9976,0.0679,-0.0134,0,-0.0627,0.9691,0.2387,0,0.0292,-0.2373,0.971,0,54.9948,-1.4671,3.0376,1]},
{"frame":7,"values":[0.9973,0.068,-0.0278,0,-0.0635,0.988,0.1411,0,0.0371,-0.139,0.9896,0,54.9948,-1.4671,3.0376,1]},
{"frame":8,"values":[0.9965,0.0751,-0.0356,0,-0.0729,0.9955,0.06,0,0.0399,-0.0572,0.9976,0,54.9948,-1.4671,3.0376,1]},
{"frame":9,"values":[0.9957,0.0854,-0.0368,0,-0.0843,0.996,0.0289,0,0.0392,-0.0257,0.9989,0,54.9948,-1.4671,3.0376,1]},
{"frame":10,"values":[0.9951,0.0929,-0.0334,0,-0.0917,0.9952,0.0338,0,0.0363,-0.0305,0.9989,0,54.9948,-1.4671,3.0376,1]},
{"frame":11,"values":[0.9948,0.0969,-0.032,0,-0.0954,0.9944,0.0449,0,0.0361,-0.0416,0.9985,0,54.9948,-1.4671,3.0376,1]},
{"frame":12,"values":[0.9945,0.0982,-0.0369,0,-0.0963,0.9941,0.0492,0,0.0415,-0.0453,0.9981,0,54.9948,-1.4671,3.0376,1]},
{"frame":13,"values":[0.9943,0.0972,-0.0446,0,-0.095,0.9943,0.0483,0,0.049,-0.0437,0.9978,0,54.9948,-1.4671,3.0376,1]},
