{"producer":{"name":"Blender","version":"2.90.0","exporter_version":"2.80.1","file":"fight_crosspunch.babylon"},
"autoClear":true,"clearColor":[0.0509,0.0509,0.0509],"gravity":[0,-9.81,0],
"materials":[{"name":"Material","id":"Material","customType":"BABYLON.PBRMaterial","backFaceCulling":true,"checkReadyOnlyOnce":false,"maxSimultaneousLights":4,"environmentIntensity":1,"albedo":[0.8,0.8,0.8],"reflectivity":[0.5,0.5,0.5],"roughness":0.4,"alpha":1,"transparencyMode":0,"alphaCutOff":0.4,"metallic":0}],
"multiMaterials":[],
"skeletons":[{"name":"Armature","id":0,"dimensionsAtRest":[379.1952,391.6652,55.677],"bones":[
{"name":"mixamorig:Hips","index":0,"matrix":[0.4489,-0.01,-0.8935,0,-0.06,0.9973,-0.0414,0,-0.8916,-0.0722,-0.4471,0,-0.0505,180.1162,0.6696,1],"rest":[1,0,0,0,0,1,0,0,0,0,-1,0,0,201.6394,0,1],"parentBoneIndex":-1,"length":21.6784
,"animation":{"dataType":3,"framePerSecond":24,"keys":[
{"frame":1,"values":[0.4489,-0.01,-0.8935,0,-0.06,0.9973,-0.0414,0,-0.8916,-0.0722,-0.4471,0,-0.0505,180.1162,0.6696,1]},
{"frame":2,"values":[0.4506,-0.0075,-0.8927,0,-0.0605,0.9974,-0.0389,0,-0.8907,-0.0715,-0.4489,0,0.1675,180.084,0.9503,1]},
{"frame":3,"values":[0.4507,-0.0038,-0.8927,0,-0.0625,0.9974,-0.0358,0,-0.8905,-0.0719,-0.4493,0,0.4291,180.1116,1.3422,1]},
{"frame":4,"values":[0.4476,0.0014,-0.8942,0,-0.0662,0.9973,-0.0316,0,-0.8918,-0.0733,-0.4465,0,0.724,180.2449,1.8559,1]},
{"frame":5,"values":[0.4391,0.0074,-0.8984,0,-0.0706,0.9972,-0.0264,0,-0.8957,-0.075,-0.4383,0,1.0354,180.4861,2.4809,1]},
{"frame":6,"values":[0.4218,0.0137,-0.9066,0,-0.0752,0.997,-0.02,0,-0.9036,-0.0766,-0.4215,0,1.3669,180.7796,3.1478,1]},
{"frame":7,"values":[0.3945,0.0207,-0.9187,0,-0.0796,0.9968,-0.0118,0,-0.9155,-0.0778,-0.3948,0,1.709,181.0146,3.6975,1]},
{"frame":8,"values":[0.3558,0.0286,-0.9341,0,-0.0832,0.9965,-0.0012,0,-0.9309,-0.0781,-0.3569,0,2.0306,181.0187,3.9512,1]},
{"frame":9,"values":[0.3083,0.0369,-0.9506,0,-0.0839,0.9964,0.0115,0,-0.9476,-0.0762,-0.3103,0,2.3351,180.6307,3.749,1]},
{"frame":10,"values":[0.254,0.0458,-0.9661,0,-0.0804,0.9964,0.0261,0,-0.9639,-0.0711,-0.2568,0,2.6404,179.7925,2.9204,1]},
{"frame":11,"values":[0.1956,0.0561,-0.9791,0,-0.0743,0.9963,0.0422,0,-0.9779,-0.0645,-0.1991,0,2.9374,178.5659,1.3868,1]},
{"frame":12,"values":[0.1365,0.0686,-0.9883,0,-0.0665,0.996,0.06,0,-0.9884,-0.0576,-0.1405,0,3.1652,177.0728,-0.8578,1]},
{"frame":13,"values":[0.0796,0.0831,-0.9934,0,-0.0562,0.9953,0.0788,0,-0.9952,-0.0496,-0.0839,0,3.2022,175.4796,-3.7703,1]},
{"frame":14,"values":[0.0313,0.0974,-0.9947,0,-0.0419,0.9945,0.0961,0,-0.9986,-0.0387,-0.0352,0,2.9963,173.9118,-7.2267,1]},
{"frame":15,"values":[-0.0003,0.1085,-0.9941,0,-0.0238,0.9938,0.1085,0,-0.9997,-0.0237,-0.0023,0,2.6215,172.404,-10.9773,1]},
{"frame":16,"values":[-0.0029,0.1118,-0.9937,0,-0.003,0.9937,0.1118,0,-1,-0.0033,0.0025,0,2.1476,170.9762,-14.7249,1]},
{"frame":17,"values":[0.0345,0.1038,-0.994,0,0.0181,0.9944,0.1045,0,-0.9992,0.0216,-0.0324,0,1.6486,169.764,-18.1934,1]},
{"frame":18,"values":[0.1221,0.0777,-0.9895,0,0.0379,0.9958,0.0829,0,-0.9918,0.0476,-0.1187,0,1.207,168.9548,-21.0732,1]},
{"frame":19,"values":[0.2443,0.0294,-0.9692,0,0.0585,0.9973,0.045,0,-0.9679,0.0677,-0.2419,0,0.8035,168.7265,-23.082,1]},
{"frame":20,"values":[0.3851,-0.0442,-0.9218,0,0.0845,0.9963,-0.0125,0,-0.919,0.073,-0.3874,0,0.3103,169.4656,-23.9238,1]},
{"frame":21,"values":[0.539,-0.136,-0.8313,0,0.1179,0.9893,-0.0855,0,-0.834,0.0519,-0.5493,0,-0.3481,171.7287,-23.5164,1]},
{"frame":22,"values":[0.7048,-0.2279,-0.6718,0,0.1562,0.9736,-0.1665,0,-0.692,-0.0124,-0.7218,0,-0.9337,175.571,-22.2645,1]},
{"frame":23,"values":[0.8483,-0.282,-0.4481,0,0.1906,0.9522,-0.2386,0,-0.494,-0.117,-0.8615,0,-1.0918,180.0004,-20.7861,1]},
{"frame":24,"values":[0.9385,-0.2612,-0.2259,0,0.1947,0.9405,-0.2784,0,-0.2851,-0.2173,-0.9335,0,-0.4851,183.6405,-19.5997,1]},
{"frame":25,"values":[0.9784,-0.1907,-0.0792,0,0.1618,0.9463,-0.28,0,-0.1284,-0.2612,-0.9567,0,0.6091,185.9871,-18.7023,1]},
{"frame":26,"values":[0.9913,-0.1305,-0.0143,0,0.1224,0.9582,-0.2587,0,-0.0475,-0.2547,-0.9659,0,1.5701,187.0441,-18.7825,1]},
{"frame":27,"values":[0.9943,-0.1003,0.0362,0,0.1061,0.9652,-0.2391,0,0.011,-0.2416,-0.9703,0,1.9102,187.0041,-19.8011,1]},
{"frame":28,"values":[0.9919,-0.0995,0.0785,0,0.1149,0.9673,-0.2263,0,0.0534,-0.2335,-0.9709,0,1.9748,185.9049,-21.2667,1]},
{"frame":29,"values":[0.9907,-0.1238,0.0573,0,0.1333,0.9679,-0.2133,0,0.029,-0.2189,-0.9753,0,2.5182,184.3628,-22.71,1]},
{"frame":30,"values":[0.9852,-0.1612,-0.0591,0,0.1462,0.9683,-0.2028,0,-0.0899,-0.1911,-0.9774,0,3.8785,183.294,-23.7619,1]},
{"frame":31,"values":[0.957,-0.181,-0.2265,0,0.1382,0.9715,-0.1926,0,-0.2549,-0.153,-0.9548,0,5.6521,182.7612,-23.9954,1]},
{"frame":32,"values":[0.9007,-0.174,-0.3981,0,0.1082,0.9773,-0.1823,0,-0.4207,-0.1211,-0.8991,0,7.5118,182.5257,-23.4184,1]},
{"frame":33,"values":[0.8194,-0.1563,-0.5516,0,0.0728,0.9827,-0.1703,0,-0.5686,-0.0994,-0.8166,0,9.033,182.5102,-22.1023,1]},
{"frame":34,"values":[0.7253,-0.1363,-0.6748,0,0.0373,0.9866,-0.1591,0,-0.6874,-0.0902,-0.7207,0,9.9643,182.5651,-20.1703,1]},
{"frame":35,"values":[0.6393,-0.1167,-0.76,0,0.0021,0.9887,-0.15,0,-0.7689,-0.0944,-0.6323,0,10.4751,182.3305,-17.8381,1]},
{"frame":36,"values":[0.5764,-0.0987,-0.8112,0,-0.0285,0.9896,-0.1407,0,-0.8167,-0.1042,-0.5676,0,10.7025,181.3898,-15.192,1]},
{"frame":37,"values":[0.5291,-0.0826,-0.8445,0,-0.0497,0.9905,-0.128,0,-0.8471,-0.1097,-0.52,0,10.5988,179.9593,-12.383,1]},
{"frame":38,"values":[0.4911,-0.0686,-0.8684,0,-0.0607,0.9918,-0.1127,0,-0.869,-0.1081,-0.4829,0,10.0382,178.5707,-9.641,1]},
{"frame":39,"values":[0.462,-0.0561,-0.8851,0,-0.0656,0.9931,-0.0972,0,-0.8845,-0.103,-0.4551,0,9.0435,177.6022,-7.2245,1]},
{"frame":40,"values":[0.4434,-0.045,-0.8952,0,-0.0663,0.9944,-0.0828,0,-0.8939,-0.0961,-0.4379,0,7.8152,177.2044,-5.2603,1]},
{"frame":41,"values":[0.4317,-0.036,-0.9013,0,-0.0649,0.9954,-0.0709,0,-0.8997,-0.0891,-0.4274,0,6.5662,177.3709,-3.7094,1]},
{"frame":42,"values":[0.4244,-0.0282,-0.905,0,-0.0642,0.9961,-0.0612,0,-0.9032,-0.0841,-0.421,0,5.3983,177.9262,-2.472,1]},
{"frame":43,"values":[0.42,-0.0209,-0.9073,0,-0.0649,0.9965,-0.0529,0,-0.9052,-0.0811,-0.4172,0,4.3269,178.617,-1.511,1]},
{"frame":44,"values":[0.4185,-0.0148,-0.9081,0,-0.0658,0.9967,-0.0466,0,-0.9058,-0.0792,-0.4162,0,3.3475,179.2566,-0.7994,1]},
{"frame":45,"values":[0.4198,-0.011,-0.9076,0,-0.0663,0.9969,-0.0427,0,-0.9052,-0.0781,-0.4178,0,2.4682,179.7576,-0.279,1]},
{"frame":46,"values":[0.4237,-0.0094,-0.9057,0,-0.066,0.997,-0.0412,0,-0.9034,-0.0772,-0.4218,0,1.6852,180.0836,0.1062,1]},
{"frame":47,"values":[0.4296,-0.0091,-0.903,0,-0.0649,0.9971,-0.0409,0,-0.9007,-0.0762,-0.4278,0,0.9909,180.2384,0.3809,1]},
{"frame":48,"values":[0.4379,-0.0096,-0.899,0,-0.0627,0.9972,-0.0412,0,-0.8969,-0.0744,-0.436,0,0.401,180.2392,0.5596,1]},
{"frame":49,"values":[0.4489,-0.01,-0.8935,0,-0.06,0.9973,-0.0414,0,-0.8916,-0.0722,-0.4471,0,-0.0506,180.1162,0.6696,1]}],"loopBehavior":1,"name":"anim","property":"_matrix"}},
{"name":"mixamorig:Spine","index":1,"matrix":[0.9992,-0.0056,-0.0401,0,0.0094,0.9954,0.0954,0,0.0394,-0.0957,0.9946,0,0.0062,19.525,-2.4818,1],"rest":[1,0,0,0,0,1,0,0,0,0,1,0,0.0062,19.525,-2.4818,1],"parentBoneIndex":0,"length":23.0091
,"animation":{"dataType":3,"framePerSecond":24,"keys":[
{"frame":1,"values":[0.9992,-0.0056,-0.0401,0,0.0094,0.9954,0.0954,0,0.0394,-0.0957,0.9946,0,0.0062,19.525,-2.4818,1]},
{"frame":2,"values":[0.9992,-0.005,-0.0405,0,0.0089,0.9954,0.0954,0,0.0399,-0.0956,0.9946,0,0.0062,19.525,-2.4818,1]},
{"frame":3,"values":[0.9992,-0.0044,-0.0407,0,0.0083,0.9954,0.0954,0,0.0401,-0.0956,0.9946,0,0.0062,19.525,-2.4818,1]},
{"frame":4,"values":[0.9992,-0.0042,-0.0405,0,0.0081,0.9954,0.0954,0,0.0399,-0.0956,0.9946,0,0.0062,19.525,-2.4818,1]},
{"frame":5,"values":[0.9992,-0.0044,-0.0401,0,0.0082,0.9954,0.0952,0,0.0395,-0.0955,0.9946,0,0.0062,19.525,-2.4818,1]},
{"frame":6,"values":[0.9992,-0.0046,-0.0393,0,0.0083,0.9955,0.0949,0,0.0386,-0.0951,0.9947,0,0.0062,19.525,-2.4818,1]},
{"frame":7,"values":[0.9993,-0.0045,-0.038,0,0.008,0.9955,0.0945,0,0.0374,-0.0948,0.9948,0,0.0062,19.525,-2.4818,1]},
{"frame":8,"values":[0.9993,-0.0034,-0.0373,0,0.007,0.9955,0.0944,0,0.0368,-0.0946,0.9948,0,0.0062,19.525,-2.4818,1]},
{"frame":9,"values":[0.9993,-0.001,-0.0369,0,0.0045,0.9955,0.0944,0,0.0366,-0.0945,0.9948,0,0.0062,19.525,-2.4818,1]},
{"frame":10,"values":[0.9994,0.0032,-0.0346,0,0.0001,0.9955,0.0948,0,0.0348,-0.0947,0.9949,0,0.0062,19.525,-2.4818,1]},
{"frame":11,"values":[0.9995,0.0088,-0.0289,0,-0.006,0.9954,0.0953,0,0.0296,-0.0951,0.995,0,0.0062,19.525,-2.4818,1]},
{"frame":12,"values":[0.9997,0.0144,-0.0196,0,-0.0125,0.9953,0.0957,0,0.0209,-0.0954,0.9952,0,0.0062,19.525,-2.4818,1]},
{"frame":13,"values":[0.9998,0.0186,-0.0081,0,-0.0178,0.9952,0.0958,0,0.0099,-0.0956,0.9954,0,0.0062,19.525,-2.4818,1]},
{"frame":14,"values":[0.9998,0.0218,0.0045,0,-0.0221,0.9952,0.0952,0,-0.0024,-0.0953,0.9955,0,0.0062,19.525,-2.4818,1]},
{"frame":15,"values":[0.9996,0.0244,0.0168,0,-0.0258,0.9953,0.0936,0,-0.0144,-0.0939,0.9955,0,0.0062,19.525,-2.4818,1]},
{"frame":16,"values":[0.9993,0.026,0.0271,0,-0.0284,0.9955,0.0907,0,-0.0246,-0.0914,0.9955,0,0.0062,19.525,-2.4818,1]},
{"frame":17,"values":[0.999,0.0272,0.0351,0,-0.0301,0.9959,0.0859,0,-0.0326,-0.0868,0.9957,0,0.0062,19.525,-2.4818,1]},
{"frame":18,"values":[0.9987,0.0282,0.0416,0,-0.0313,0.9965,0.0772,0,-0.0393,-0.0784,0.9961,0,0.0062,19.525,-2.4818,1]},
{"frame":19,"values":[0.9985,0.0269,0.0486,0,-0.0301,0.9974,0.0657,0,-0.0467,-0.0671,0.9967,0,0.0062,19.525,-2.4818,1]},
{"frame":20,"values":[0.9982,0.0195,0.0565,0,-0.0225,0.9983,0.0539,0,-0.0554,-0.0551,0.9969,0,0.0062,19.525,-2.4818,1]},
{"frame":21,"values":[0.9981,0.0052,0.0607,0,-0.0078,0.9991,0.0427,0,-0.0605,-0.0431,0.9972,0,0.0062,19.525,-2.4818,1]},
{"frame":22,"values":[0.9984,-0.0129,0.0555,0,0.011,0.9994,0.0333,0,-0.0559,-0.0327,0.9979,0,0.0062,19.525,-2.4818,1]},
{"frame":23,"values":[0.9988,-0.0291,0.0395,0,0.0279,0.9992,0.0298,0,-0.0403,-0.0287,0.9988,0,0.0062,19.525,-2.4818,1]},
{"frame":24,"values":[0.9993,-0.0372,0.0063,0,0.037,0.9986,0.0368,0,-0.0077,-0.0365,0.9993,0,0.0062,19.525,-2.4818,1]},
{"frame":25,"values":[0.9984,-0.0393,-0.0405,0,0.0414,0.9978,0.0523,0,0.0384,-0.0539,0.9978,0,0.0062,19.525,-2.4818,1]},
{"frame":26,"values":[0.9959,-0.0361,-0.0824,0,0.0417,0.9968,0.0676,0,0.0797,-0.0707,0.9943,0,0.0062,19.525,-2.4818,1]},
{"frame":27,"values":[0.9944,-0.0303,-0.101,0,0.038,0.9964,0.0758,0,0.0983,-0.0792,0.992,0,0.0062,19.525,-2.4818,1]},
{"frame":28,"values":[0.9954,-0.0243,-0.0932,0,0.0318,0.9964,0.0791,0,0.0909,-0.0816,0.9925,0,0.0062,19.525,-2.4818,1]},
{"frame":29,"values":[0.9968,-0.0222,-0.0767,0,0.0285,0.9962,0.0826,0,0.0746,-0.0846,0.9936,0,0.0062,19.525,-2.4818,1]},
{"frame":30,"values":[0.9976,-0.0249,-0.065,0,0.0303,0.996,0.0843,0,0.0626,-0.0861,0.9943,0,0.0062,19.525,-2.4818,1]},
{"frame":31,"values":[0.9979,-0.0294,-0.0576,0,0.0341,0.996,0.0826,0,0.055,-0.0844,0.9949,0,0.0062,19.525,-2.4818,1]},
{"frame":32,"values":[0.9982,-0.0311,-0.0521,0,0.0353,0.996,0.0818,0,0.0493,-0.0835,0.9953,0,0.0062,19.525,-2.4818,1]},
{"frame":33,"values":[0.9983,-0.0306,-0.0489,0,0.0347,0.9959,0.0839,0,0.0461,-0.0855,0.9953,0,0.0062,19.525,-2.4818,1]},
{"frame":34,"values":[0.9984,-0.0303,-0.0471,0,0.0343,0.9956,0.087,0,0.0443,-0.0885,0.9951,0,0.0062,19.525,-2.4818,1]},
{"frame":35,"values":[0.9986,-0.0288,-0.0451,0,0.0328,0.9955,0.0893,0,0.0424,-0.0907,0.995,0,0.0062,19.525,-2.4818,1]},
{"frame":36,"values":[0.9987,-0.0249,-0.044,0,0.0288,0.9954,0.0917,0,0.0415,-0.0929,0.9948,0,0.0062,19.525,-2.4818,1]},
{"frame":37,"values":[0.9988,-0.0205,-0.0436,0,0.0246,0.9952,0.0949,0,0.0415,-0.0958,0.9945,0,0.0062,19.525,-2.4818,1]},
{"frame":38,"values":[0.9989,-0.0172,-0.0425,0,0.0213,0.995,0.0977,0,0.0406,-0.0985,0.9943,0,0.0062,19.525,-2.4818,1]},
{"frame":39,"values":[0.9991,-0.0149,-0.0403,0,0.0188,0.9949,0.0992,0,0.0386,-0.0999,0.9943,0,0.0062,19.525,-2.4818,1]},
{"frame":40,"values":[0.9992,-0.013,-0.0387,0,0.0168,0.9948,0.1,0,0.0372,-0.1006,0.9942,0,0.0062,19.525,-2.4818,1]},
{"frame":41,"values":[0.9992,-0.011,-0.0378,0,0.0147,0.9948,0.101,0,0.0365,-0.1014,0.9942,0,0.0062,19.525,-2.4818,1]},
{"frame":42,"values":[0.9993,-0.0092,-0.0374,0,0.0129,0.9948,0.1013,0,0.0363,-0.1017,0.9942,0,0.0062,19.525,-2.4818,1]},
{"frame":43,"values":[0.9993,-0.0082,-0.0373,0,0.0119,0.9949,0.1006,0,0.0363,-0.101,0.9942,0,0.0062,19.525,-2.4818,1]},
{"frame":44,"values":[0.9993,-0.0078,-0.0375,0,0.0115,0.995,0.0993,0,0.0366,-0.0996,0.9944,0,0.0062,19.525,-2.4818,1]},
{"frame":45,"values":[0.9993,-0.0074,-0.038,0,0.0111,0.9951,0.0979,0,0.0371,-0.0983,0.9945,0,0.0062,19.525,-2.4818,1]},
{"frame":46,"values":[0.9992,-0.0066,-0.0386,0,0.0103,0.9952,0.0969,0,0.0378,-0.0973,0.9945,0,0.0062,19.525,-2.4818,1]},
{"frame":47,"values":[0.9992,-0.0061,-0.0391,0,0.0099,0.9953,0.0963,0,0.0384,-0.0966,0.9946,0,0.0062,19.525,-2.4818,1]},
{"frame":48,"values":[0.9992,-0.0059,-0.0396,0,0.0096,0.9954,0.0958,0,0.0388,-0.0961,0.9946,0,0.0062,19.525,-2.4818,1]},
{"frame":49,"values":[0.9992,-0.0056,-0.0401,0,0.0094,0.9954,0.0954,0,0.0394,-0.0957,0.9946,0,0.0062,19.525,-2.4818,1]}],"loopBehavior":1,"name":"anim","property":"_matrix"}},
{"name":"mixamorig:Spine1","index":2,"matrix":[0.9985,0.0309,-0.0459,0,-0.0251,0.9922,0.1222,0,0.0493,-0.1209,0.9914,0,-0.0009,22.835,-2.8254,1],"rest":[1,0,0,0,0,1,0,0,0,0,1,0,-0.0009,22.835,-2.8254,1],"parentBoneIndex":1,"length":26.7438
,"animation":{"dataType":3,"framePerSecond":24,"keys":[
{"frame":1,"values":[0.9985,0.0309,-0.0459,0,-0.0251,0.9922,0.1222,0,0.0493,-0.1209,0.9914,0,-0.0009,22.835,-2.8254,1]},
{"frame":2,"values":[0.9984,0.0316,-0.0464,0,-0.0257,0.9922,0.1222,0,0.0499,-0.1208,0.9914,0,-0.0009,22.835,-2.8254,1]},
{"frame":3,"values":[0.9984,0.0322,-0.0466,0,-0.0263,0.9922,0.1222,0,0.0502,-0.1208,0.9914,0,-0.0009,22.835,-2.8254,1]},
{"frame":4,"values":[0.9984,0.0326,-0.0464,0,-0.0268,0.9921,0.1223,0,0.05,-0.1208,0.9914,0,-0.0009,22.835,-2.8254,1]},
{"frame":5,"values":[0.9984,0.0327,-0.046,0,-0.0268,0.9921,0.1222,0,0.0496,-0.1207,0.9914,0,-0.0009,22.835,-2.8254,1]},
{"frame":6,"values":[0.9985,0.032,-0.045,0,-0.0263,0.9922,0.1218,0,0.0485,-0.1205,0.9915,0,-0.0009,22.835,-2.8254,1]},
{"frame":7,"values":[0.9986,0.0313,-0.0436,0,-0.0258,0.9923,0.1213,0,0.0471,-0.12,0.9917,0,-0.0009,22.835,-2.8254,1]},
{"frame":8,"values":[0.9985,0.0329,-0.0427,0,-0.0275,0.9922,0.1212,0,0.0464,-0.1198,0.9917,0,-0.0009,22.835,-2.8254,1]},
{"frame":9,"values":[0.9984,0.0371,-0.0421,0,-0.0317,0.9921,0.1217,0,0.0463,-0.1202,0.9917,0,-0.0009,22.835,-2.8254,1]},
{"frame":10,"values":[0.9983,0.0425,-0.0392,0,-0.0375,0.9918,0.1226,0,0.0441,-0.1209,0.9917,0,-0.0009,22.835,-2.8254,1]},
{"frame":11,"values":[0.9983,0.0481,-0.0321,0,-0.0438,0.9913,0.1238,0,0.0378,-0.1222,0.9918,0,-0.0009,22.835,-2.8254,1]},
{"frame":12,"values":[0.9984,0.0528,-0.0207,0,-0.0498,0.9908,0.1255,0,0.0271,-0.1242,0.9919,0,-0.0009,22.835,-2.8254,1]},
{"frame":13,"values":[0.9984,0.056,-0.0065,0,-0.0547,0.9905,0.1261,0,0.0135,-0.1255,0.992,0,-0.0009,22.835,-2.8254,1]},
{"frame":14,"values":[0.9983,0.0583,0.0092,0,-0.059,0.9905,0.1242,0,-0.0019,-0.1245,0.9922,0,-0.0009,22.835,-2.8254,1]},
{"frame":15,"values":[0.9979,0.0593,0.0244,0,-0.0618,0.9908,0.1202,0,-0.0171,-0.1215,0.9925,0,-0.0009,22.835,-2.8254,1]},
{"frame":16,"values":[0.9976,0.0581,0.037,0,-0.062,0.9914,0.1148,0,-0.03,-0.1169,0.9927,0,-0.0009,22.835,-2.8254,1]},
{"frame":17,"values":[0.9974,0.0553,0.0467,0,-0.06,0.9924,0.1076,0,-0.0404,-0.1102,0.9931,0,-0.0009,22.835,-2.8254,1]},
{"frame":18,"values":[0.9972,0.0513,0.0544,0,-0.0564,0.9937,0.0968,0,-0.0491,-0.0996,0.9938,0,-0.0009,22.835,-2.8254,1]},
{"frame":19,"values":[0.9971,0.0431,0.0626,0,-0.0482,0.9953,0.0834,0,-0.0587,-0.0862,0.9945,0,-0.0009,22.835,-2.8254,1]},
{"frame":20,"values":[0.9971,0.0239,0.0719,0,-0.0291,0.997,0.072,0,-0.07,-0.0739,0.9948,0,-0.0009,22.835,-2.8254,1]},
{"frame":21,"values":[0.997,-0.0052,0.0768,0,0.0002,0.9979,0.0652,0,-0.077,-0.065,0.9949,0,-0.0009,22.835,-2.8254,1]},
{"frame":22,"values":[0.9969,-0.0349,0.07,0,0.0306,0.9976,0.0622,0,-0.072,-0.0599,0.9956,0,-0.0009,22.835,-2.8254,1]},
{"frame":23,"values":[0.9974,-0.0531,0.0496,0,0.05,0.9968,0.0617,0,-0.0527,-0.059,0.9969,0,-0.0009,22.835,-2.8254,1]},
{"frame":24,"values":[0.9989,-0.0454,0.0084,0,0.0449,0.9973,0.0589,0,-0.011,-0.0585,0.9982,0,-0.0009,22.835,-2.8254,1]},
{"frame":25,"values":[0.9985,-0.0215,-0.0496,0,0.0239,0.9985,0.0483,0,0.0485,-0.0494,0.9976,0,-0.0009,22.835,-2.8254,1]},
{"frame":26,"values":[0.9948,-0.0049,-0.1016,0,0.0088,0.9992,0.0378,0,0.1014,-0.0385,0.9941,0,-0.0009,22.835,-2.8254,1]},
{"frame":27,"values":[0.9921,-0.0036,-0.1253,0,0.0083,0.9993,0.0365,0,0.125,-0.0373,0.9915,0,-0.0009,22.835,-2.8254,1]},
{"frame":28,"values":[0.9932,-0.0082,-0.116,0,0.0139,0.9987,0.0486,0,0.1155,-0.0498,0.9921,0,-0.0009,22.835,-2.8254,1]},
{"frame":29,"values":[0.9954,-0.0106,-0.0953,0,0.0172,0.9975,0.0687,0,0.0943,-0.07,0.9931,0,-0.0009,22.835,-2.8254,1]},
{"frame":30,"values":[0.9966,-0.0155,-0.0804,0,0.0223,0.9963,0.0834,0,0.0788,-0.0849,0.9933,0,-0.0009,22.835,-2.8254,1]},
{"frame":31,"values":[0.9973,-0.0208,-0.0711,0,0.027,0.9958,0.0876,0,0.069,-0.0893,0.9936,0,-0.0009,22.835,-2.8254,1]},
{"frame":32,"values":[0.9977,-0.0212,-0.0639,0,0.0271,0.9953,0.093,0,0.0616,-0.0945,0.9936,0,-0.0009,22.835,-2.8254,1]},
{"frame":33,"values":[0.998,-0.02,-0.0599,0,0.0259,0.9947,0.0994,0,0.0576,-0.1007,0.9932,0,-0.0009,22.835,-2.8254,1]},
{"frame":34,"values":[0.9982,-0.0179,-0.0576,0,0.0238,0.9944,0.1034,0,0.0554,-0.1046,0.993,0,-0.0009,22.835,-2.8254,1]},
{"frame":35,"values":[0.9984,-0.0136,-0.0547,0,0.0194,0.9941,0.1069,0,0.0529,-0.1078,0.9928,0,-0.0009,22.835,-2.8254,1]},
{"frame":36,"values":[0.9986,-0.0054,-0.0527,0,0.0112,0.9937,0.1114,0,0.0518,-0.1118,0.9924,0,-0.0009,22.835,-2.8254,1]},
{"frame":37,"values":[0.9987,0.0041,-0.0518,0,0.002,0.9931,0.1173,0,0.0519,-0.1173,0.9917,0,-0.0009,22.835,-2.8254,1]},
{"frame":38,"values":[0.9987,0.0112,-0.0499,0,-0.005,0.9923,0.1234,0,0.0509,-0.123,0.9911,0,-0.0009,22.835,-2.8254,1]},
{"frame":39,"values":[0.9988,0.016,-0.0467,0,-0.0099,0.9918,0.1272,0,0.0484,-0.1266,0.9908,0,-0.0009,22.835,-2.8254,1]},
{"frame":40,"values":[0.9988,0.0202,-0.0442,0,-0.0143,0.9915,0.1291,0,0.0465,-0.1283,0.9906,0,-0.0009,22.835,-2.8254,1]},
{"frame":41,"values":[0.9988,0.0239,-0.043,0,-0.0182,0.9913,0.1302,0,0.0457,-0.1293,0.9906,0,-0.0009,22.835,-2.8254,1]},
{"frame":42,"values":[0.9988,0.0261,-0.0424,0,-0.0204,0.9913,0.1301,0,0.0454,-0.1291,0.9906,0,-0.0009,22.835,-2.8254,1]},
{"frame":43,"values":[0.9987,0.0273,-0.0422,0,-0.0217,0.9914,0.1287,0,0.0454,-0.1276,0.9908,0,-0.0009,22.835,-2.8254,1]},
{"frame":44,"values":[0.9987,0.0284,-0.0425,0,-0.0228,0.9917,0.1265,0,0.0457,-0.1254,0.9911,0,-0.0009,22.835,-2.8254,1]},
{"frame":45,"values":[0.9986,0.0296,-0.043,0,-0.0241,0.9919,0.1248,0,0.0464,-0.1236,0.9913,0,-0.0009,22.835,-2.8254,1]},
{"frame":46,"values":[0.9986,0.0306,-0.0438,0,-0.025,0.992,0.1237,0,0.0472,-0.1224,0.9914,0,-0.0009,22.835,-2.8254,1]},
{"frame":47,"values":[0.9985,0.031,-0.0445,0,-0.0253,0.9921,0.123,0,0.048,-0.1217,0.9914,0,-0.0009,22.835,-2.8254,1]},
{"frame":48,"values":[0.9985,0.031,-0.0452,0,-0.0252,0.9921,0.1226,0,0.0486,-0.1213,0.9914,0,-0.0009,22.835,-2.8254,1]},
{"frame":49,"values":[0.9985,0.0309,-0.0459,0,-0.0251,0.9922,0.1222,0,0.0493,-0.1209,0.9914,0,-0.0009,22.835,-2.8254,1]}],"loopBehavior":1,"name":"anim","property":"_matrix"}},
{"name":"mixamorig:Spine2","index":3,"matrix":[0.9982,0.0312,-0.0515,0,-0.0248,0.9924,0.1205,0,0.0549,-0.119,0.9914,0,-0.0206,26.5525,-3.1933,1],"rest":[1,0,0,0,0,1,0,0,0,0,1,0,-0.0206,26.5525,-3.1933,1],"parentBoneIndex":2,"length":24.825
,"animation":{"dataType":3,"framePerSecond":24,"keys":[
{"frame":1,"values":[0.9982,0.0312,-0.0515,0,-0.0248,0.9924,0.1205,0,0.0549,-0.119,0.9914,0,-0.0206,26.5525,-3.1933,1]},
{"frame":2,"values":[0.9981,0.0319,-0.0521,0,-0.0254,0.9924,0.1205,0,0.0555,-0.1189,0.9913,0,-0.0206,26.5525,-3.1933,1]},
{"frame":3,"values":[0.9981,0.0325,-0.0522,0,-0.026,0.9924,0.1205,0,0.0558,-0.119,0.9913,0,-0.0206,26.5525,-3.1933,1]},
{"frame":4,"values":[0.9981,0.0329,-0.0521,0,-0.0264,0.9924,0.1206,0,0.0556,-0.119,0.9913,0,-0.0206,26.5525,-3.1933,1]},
{"frame":5,"values":[0.9981,0.033,-0.0516,0,-0.0265,0.9924,0.1205,0,0.0552,-0.1189,0.9914,0,-0.0206,26.5525,-3.1933,1]},
{"frame":6,"values":[0.9982,0.0323,-0.0505,0,-0.026,0.9924,0.1202,0,0.054,-0.1187,0.9915,0,-0.0206,26.5525,-3.1933,1]},
{"frame":7,"values":[0.9983,0.0316,-0.049,0,-0.0255,0.9925,0.1198,0,0.0524,-0.1183,0.9916,0,-0.0206,26.5525,-3.1933,1]},
{"frame":8,"values":[0.9983,0.0331,-0.0481,0,-0.0272,0.9924,0.1197,0,0.0517,-0.1182,0.9916,0,-0.0206,26.5525,-3.1933,1]},
{"frame":9,"values":[0.9982,0.0374,-0.0477,0,-0.0314,0.9923,0.1202,0,0.0518,-0.1185,0.9916,0,-0.0206,26.5525,-3.1933,1]},
{"frame":10,"values":[0.9981,0.0429,-0.0447,0,-0.0372,0.9919,0.1211,0,0.0495,-0.1192,0.9916,0,-0.0206,26.5525,-3.1933,1]},
{"frame":11,"values":[0.9981,0.0485,-0.0373,0,-0.0436,0.9915,0.1227,0,0.043,-0.1208,0.9917,0,-0.0206,26.5525,-3.1933,1]},
{"frame":12,"values":[0.9983,0.0531,-0.0254,0,-0.0496,0.9909,0.1248,0,0.0318,-0.1233,0.9919,0,-0.0206,26.5525,-3.1933,1]},
{"frame":13,"values":[0.9984,0.0563,-0.0108,0,-0.0545,0.9905,0.1259,0,0.0178,-0.1251,0.992,0,-0.0206,26.5525,-3.1933,1]},
{"frame":14,"values":[0.9983,0.0585,0.0052,0,-0.0587,0.9905,0.1244,0,0.0022,-0.1245,0.9922,0,-0.0206,26.5525,-3.1933,1]},
{"frame":15,"values":[0.998,0.0594,0.0207,0,-0.0615,0.9908,0.1208,0,-0.0133,-0.1218,0.9925,0,-0.0206,26.5525,-3.1933,1]},
{"frame":16,"values":[0.9977,0.0582,0.0338,0,-0.0617,0.9914,0.1156,0,-0.0268,-0.1174,0.9927,0,-0.0206,26.5525,-3.1933,1]},
{"frame":17,"values":[0.9975,0.0554,0.0442,0,-0.0599,0.9923,0.1084,0,-0.0379,-0.1108,0.9931,0,-0.0206,26.5525,-3.1933,1]},
{"frame":18,"values":[0.9973,0.0514,0.0527,0,-0.0563,0.9936,0.0975,0,-0.0474,-0.1002,0.9938,0,-0.0206,26.5525,-3.1933,1]},
{"frame":19,"values":[0.9972,0.043,0.0618,0,-0.0482,0.9953,0.0839,0,-0.0579,-0.0866,0.9946,0,-0.0206,26.5525,-3.1933,1]},
{"frame":20,"values":[0.9971,0.0236,0.0722,0,-0.0289,0.997,0.0719,0,-0.0703,-0.0738,0.9948,0,-0.0206,26.5525,-3.1933,1]},
{"frame":21,"values":[0.9969,-0.006,0.078,0,0.001,0.9979,0.0641,0,-0.0782,-0.0639,0.9949,0,-0.0206,26.5525,-3.1933,1]},
{"frame":22,"values":[0.9968,-0.0362,0.0708,0,0.0319,0.9976,0.0607,0,-0.0729,-0.0582,0.9956,0,-0.0206,26.5525,-3.1933,1]},
{"frame":23,"values":[0.9973,-0.0542,0.0494,0,0.0512,0.9968,0.0608,0,-0.0525,-0.0581,0.9969,0,-0.0206,26.5525,-3.1933,1]},
{"frame":24,"values":[0.9989,-0.0456,0.0074,0,0.0451,0.9972,0.0589,0,-0.0101,-0.0585,0.9982,0,-0.0206,26.5525,-3.1933,1]},
{"frame":25,"values":[0.9984,-0.0224,-0.051,0,0.0248,0.9986,0.0468,0,0.0498,-0.048,0.9976,0,-0.0206,26.5525,-3.1933,1]},
{"frame":26,"values":[0.9946,-0.0104,-0.1035,0,0.0139,0.9993,0.0335,0,0.1031,-0.0347,0.9941,0,-0.0206,26.5525,-3.1933,1]},
{"frame":27,"values":[0.9918,-0.0119,-0.1269,0,0.016,0.9994,0.0317,0,0.1265,-0.0335,0.9914,0,-0.0206,26.5525,-3.1933,1]},
{"frame":28,"values":[0.993,-0.0146,-0.1172,0,0.0201,0.9988,0.0455,0,0.1164,-0.0476,0.9921,0,-0.0206,26.5525,-3.1933,1]},
{"frame":29,"values":[0.9952,-0.0142,-0.0966,0,0.0207,0.9976,0.0668,0,0.0954,-0.0685,0.9931,0,-0.0206,26.5525,-3.1933,1]},
{"frame":30,"values":[0.9965,-0.0175,-0.0818,0,0.0242,0.9963,0.082,0,0.0801,-0.0837,0.9933,0,-0.0206,26.5525,-3.1933,1]},
{"frame":31,"values":[0.9971,-0.0221,-0.0724,0,0.0283,0.9958,0.0865,0,0.0701,-0.0883,0.9936,0,-0.0206,26.5525,-3.1933,1]},
{"frame":32,"values":[0.9976,-0.0219,-0.0654,0,0.0279,0.9954,0.0921,0,0.063,-0.0937,0.9936,0,-0.0206,26.5525,-3.1933,1]},
{"frame":33,"values":[0.9979,-0.0204,-0.0616,0,0.0264,0.9948,0.0985,0,0.0592,-0.0999,0.9932,0,-0.0206,26.5525,-3.1933,1]},
{"frame":34,"values":[0.9981,-0.0183,-0.0596,0,0.0243,0.9944,0.1025,0,0.0574,-0.1037,0.9929,0,-0.0206,26.5525,-3.1933,1]},
{"frame":35,"values":[0.9983,-0.0139,-0.0574,0,0.0199,0.9942,0.1058,0,0.0556,-0.1067,0.9927,0,-0.0206,26.5525,-3.1933,1]},
{"frame":36,"values":[0.9984,-0.0055,-0.0562,0,0.0117,0.9939,0.11,0,0.0552,-0.1105,0.9923,0,-0.0206,26.5525,-3.1933,1]},
{"frame":37,"values":[0.9984,0.0041,-0.056,0,0.0024,0.9933,0.1158,0,0.0561,-0.1158,0.9917,0,-0.0206,26.5525,-3.1933,1]},
{"frame":38,"values":[0.9984,0.0114,-0.0547,0,-0.0046,0.9925,0.1218,0,0.0557,-0.1213,0.991,0,-0.0206,26.5525,-3.1933,1]},
{"frame":39,"values":[0.9985,0.0163,-0.0521,0,-0.0096,0.992,0.1256,0,0.0537,-0.1249,0.9907,0,-0.0206,26.5525,-3.1933,1]},
{"frame":40,"values":[0.9985,0.0206,-0.05,0,-0.014,0.9917,0.1275,0,0.0522,-0.1266,0.9906,0,-0.0206,26.5525,-3.1933,1]},
{"frame":41,"values":[0.9985,0.0243,-0.0489,0,-0.0178,0.9915,0.1286,0,0.0517,-0.1276,0.9905,0,-0.0206,26.5525,-3.1933,1]},
{"frame":42,"values":[0.9985,0.0265,-0.0484,0,-0.0201,0.9915,0.1286,0,0.0514,-0.1274,0.9905,0,-0.0206,26.5525,-3.1933,1]},
{"frame":43,"values":[0.9985,0.0276,-0.0482,0,-0.0213,0.9917,0.1271,0,0.0513,-0.1259,0.9907,0,-0.0206,26.5525,-3.1933,1]},
{"frame":44,"values":[0.9984,0.0287,-0.0485,0,-0.0224,0.9919,0.125,0,0.0517,-0.1237,0.991,0,-0.0206,26.5525,-3.1933,1]},
{"frame":45,"values":[0.9983,0.0299,-0.0491,0,-0.0237,0.9921,0.1231,0,0.0524,-0.1218,0.9912,0,-0.0206,26.5525,-3.1933,1]},
{"frame":46,"values":[0.9983,0.0309,-0.0498,0,-0.0246,0.9922,0.122,0,0.0531,-0.1206,0.9913,0,-0.0206,26.5525,-3.1933,1]},
{"frame":47,"values":[0.9982,0.0313,-0.0504,0,-0.025,0.9923,0.1214,0,0.0538,-0.1199,0.9913,0,-0.0206,26.5525,-3.1933,1]},
{"frame":48,"values":[0.9982,0.0313,-0.0509,0,-0.0249,0.9924,0.1209,0,0.0543,-0.1194,0.9914,0,-0.0206,26.5525,-3.1933,1]},
{"frame":49,"values":[0.9982,0.0312,-0.0515,0,-0.0248,0.9924,0.1205,0,0.0549,-0.119,0.9914,0,-0.0206,26.5525,-3.1933,1]}],"loopBehavior":1,"name":"anim","property":"_matrix"}},
{"name":"mixamorig:Neck","index":4,"matrix":[0.9801,-0.0604,-0.189,0,0.0723,0.9958,0.0566,0,0.1848,-0.0692,0.9803,0,-0.06,30.7018,1.3522,1],"rest":[1,0,0,0,0,1,0,0,0,0,1,0,-0.06,30.7018,1.3522,1],"parentBoneIndex":3,"length":22.8446
,"animation":{"dataType":3,"framePerSecond":24,"keys":[
{"frame":1,"values":[0.9801,-0.0604,-0.189,0,0.0723,0.9958,0.0566,0,0.1848,-0.0692,0.9803,0,-0.06,30.7018,1.3522,1]},
{"frame":2,"values":[0.9807,-0.0571,-0.1872,0,0.0693,0.9958,0.0592,0,0.183,-0.0711,0.9805,0,-0.06,30.7018,1.3522,1]},
{"frame":3,"values":[0.9813,-0.0525,-0.1852,0,0.065,0.996,0.0619,0,0.1812,-0.0728,0.9808,0,-0.06,30.7018,1.3522,1]},
{"frame":4,"values":[0.982,-0.0467,-0.1828,0,0.0595,0.9961,0.0648,0,0.179,-0.0745,0.981,0,-0.06,30.7018,1.3522,1]},
{"frame":5,"values":[0.983,-0.0392,-0.1796,0,0.0524,0.9962,0.0694,0,0.1762,-0.0776,0.9813,0,-0.06,30.7018,1.3522,1]},
{"frame":6,"values":[0.984,-0.0307,-0.1757,0,0.0445,0.9962,0.0753,0,0.1727,-0.0819,0.9816,0,-0.06,30.7018,1.3522,1]},
{"frame":7,"values":[0.9848,-0.0234,-0.1722,0,0.0376,0.9961,0.0798,0,0.1696,-0.0851,0.9818,0,-0.06,30.7018,1.3522,1]},
{"frame":8,"values":[0.9856,-0.0157,-0.1684,0,0.03,0.9962,0.0824,0,0.1664,-0.0862,0.9823,0,-0.06,30.7018,1.3522,1]},
{"frame":9,"values":[0.9866,-0.0056,-0.1633,0,0.0196,0.9962,0.0845,0,0.1622,-0.0866,0.9829,0,-0.06,30.7018,1.3522,1]},
{"frame":10,"values":[0.9873,0.0028,-0.1585,0,0.011,0.9962,0.086,0,0.1582,-0.0867,0.9836,0,-0.06,30.7018,1.3522,1]},
{"frame":11,"values":[0.9877,0.0053,-0.156,0,0.0082,0.9963,0.0854,0,0.1559,-0.0857,0.984,0,-0.06,30.7018,1.3522,1]},
{"frame":12,"values":[0.9878,0.0037,-0.1556,0,0.0092,0.9966,0.0822,0,0.1554,-0.0826,0.9844,0,-0.06,30.7018,1.3522,1]},
{"frame":13,"values":[0.9877,0.0015,-0.1561,0,0.0108,0.9969,0.0777,0,0.1558,-0.0784,0.9847,0,-0.06,30.7018,1.3522,1]},
{"frame":14,"values":[0.9877,-0.0018,-0.1564,0,0.0135,0.9972,0.0738,0,0.1559,-0.075,0.9849,0,-0.06,30.7018,1.3522,1]},
{"frame":15,"values":[0.9878,-0.0072,-0.1559,0,0.0183,0.9974,0.0697,0,0.1549,-0.0716,0.9853,0,-0.06,30.7018,1.3522,1]},
{"frame":16,"values":[0.9879,-0.0165,-0.1542,0,0.0262,0.9978,0.0613,0,0.1529,-0.0646,0.9861,0,-0.06,30.7018,1.3522,1]},
{"frame":17,"values":[0.9882,-0.0314,-0.1501,0,0.0391,0.998,0.0486,0,0.1482,-0.0539,0.9875,0,-0.06,30.7018,1.3522,1]},
{"frame":18,"values":[0.9885,-0.0508,-0.1422,0,0.0563,0.9978,0.0351,0,0.1401,-0.0428,0.9892,0,-0.06,30.7018,1.3522,1]},
{"frame":19,"values":[0.989,-0.0676,-0.1316,0,0.0712,0.9972,0.0226,0,0.1297,-0.0317,0.991,0,-0.06,30.7018,1.3522,1]},
{"frame":20,"values":[0.9908,-0.068,-0.1173,0,0.0701,0.9974,0.0145,0,0.116,-0.0226,0.993,0,-0.06,30.7018,1.3522,1]},
{"frame":21,"values":[0.9941,-0.0477,-0.0971,0,0.0494,0.9987,0.0147,0,0.0963,-0.0194,0.9952,0,-0.06,30.7018,1.3522,1]},
{"frame":22,"values":[0.9974,-0.0207,-0.0696,0,0.0221,0.9996,0.0189,0,0.0692,-0.0204,0.9974,0,-0.06,30.7018,1.3522,1]},
{"frame":23,"values":[0.9991,-0.006,-0.041,0,0.0067,0.9998,0.018,0,0.0409,-0.0182,0.999,0,-0.06,30.7018,1.3522,1]},
{"frame":24,"values":[0.9997,-0.0151,-0.0169,0,0.0152,0.9998,0.0105,0,0.0168,-0.0107,0.9998,0,-0.06,30.7019,1.3522,1]},
{"frame":25,"values":[0.9993,-0.0361,0.0018,0,0.0361,0.9993,0.0121,0,-0.0023,-0.0121,0.9999,0,-0.06,30.7018,1.3522,1]},
{"frame":26,"values":[0.9992,-0.0372,0.017,0,0.0368,0.999,0.0271,0,-0.018,-0.0264,0.9995,0,-0.06,30.7018,1.3522,1]},
{"frame":27,"values":[0.9994,-0.0227,0.0269,0,0.0217,0.9991,0.0351,0,-0.0277,-0.0345,0.999,0,-0.06,30.7018,1.3522,1]},
{"frame":28,"values":[0.9997,-0.0103,0.0223,0,0.0095,0.9992,0.0378,0,-0.0226,-0.0376,0.999,0,-0.06,30.7018,1.3522,1]},
{"frame":29,"values":[1,-0.004,0.0028,0,0.0038,0.9988,0.0481,0,-0.003,-0.0481,0.9988,0,-0.06,30.7018,1.3522,1]},
{"frame":30,"values":[0.9997,-0.0082,-0.0245,0,0.0098,0.9978,0.0655,0,0.0239,-0.0657,0.9976,0,-0.06,30.7018,1.3522,1]},
{"frame":31,"values":[0.9983,-0.0213,-0.0541,0,0.0255,0.9966,0.0778,0,0.0522,-0.079,0.9955,0,-0.06,30.7018,1.3522,1]},
{"frame":32,"values":[0.9957,-0.0358,-0.0851,0,0.0427,0.9958,0.081,0,0.0819,-0.0843,0.9931,0,-0.06,30.7018,1.3522,1]},
{"frame":33,"values":[0.9923,-0.0454,-0.1156,0,0.055,0.9952,0.0812,0,0.1114,-0.087,0.99,0,-0.06,30.7018,1.3522,1]},
{"frame":34,"values":[0.9885,-0.0504,-0.1425,0,0.0623,0.9948,0.0808,0,0.1377,-0.0887,0.9865,0,-0.06,30.7018,1.3522,1]},
{"frame":35,"values":[0.9849,-0.0563,-0.164,0,0.0698,0.9945,0.0775,0,0.1587,-0.0878,0.9834,0,-0.06,30.7018,1.3522,1]},
{"frame":36,"values":[0.9823,-0.0628,-0.1768,0,0.0762,0.9946,0.0704,0,0.1714,-0.0826,0.9817,0,-0.06,30.7018,1.3522,1]},
{"frame":37,"values":[0.9811,-0.0672,-0.1815,0,0.0795,0.9949,0.0613,0,0.1765,-0.0746,0.9815,0,-0.06,30.7018,1.3522,1]},
{"frame":38,"values":[0.9805,-0.0681,-0.1844,0,0.0794,0.9953,0.0547,0,0.1798,-0.0683,0.9813,0,-0.06,30.7018,1.3522,1]},
{"frame":39,"values":[0.9799,-0.0689,-0.1872,0,0.0798,0.9955,0.0514,0,0.1829,-0.0654,0.981,0,-0.06,30.7018,1.3522,1]},
{"frame":40,"values":[0.9795,-0.0706,-0.1887,0,0.0814,0.9954,0.05,0,0.1844,-0.0644,0.9808,0,-0.06,30.7018,1.3522,1]},
{"frame":41,"values":[0.9792,-0.0728,-0.1893,0,0.0834,0.9953,0.0487,0,0.1848,-0.0634,0.9807,0,-0.06,30.7018,1.3522,1]},
{"frame":42,"values":[0.9791,-0.0742,-0.1896,0,0.0847,0.9952,0.0482,0,0.1851,-0.0633,0.9807,0,-0.06,30.7019,1.3522,1]},
{"frame":43,"values":[0.979,-0.0735,-0.19,0,0.0842,0.9952,0.0493,0,0.1855,-0.0643,0.9805,0,-0.06,30.7018,1.3522,1]},
{"frame":44,"values":[0.9791,-0.0712,-0.1906,0,0.0822,0.9953,0.0505,0,0.1862,-0.0651,0.9804,0,-0.06,30.7018,1.3522,1]},
{"frame":45,"values":[0.9791,-0.0693,-0.1913,0,0.0803,0.9955,0.0506,0,0.1869,-0.0649,0.9802,0,-0.06,30.7018,1.3522,1]},
{"frame":46,"values":[0.9791,-0.0681,-0.1917,0,0.0791,0.9956,0.0506,0,0.1874,-0.0647,0.9802,0,-0.06,30.7018,1.3522,1]},
{"frame":47,"values":[0.9792,-0.0667,-0.1916,0,0.0778,0.9956,0.0512,0,0.1873,-0.0651,0.9801,0,-0.06,30.7018,1.3522,1]},
{"frame":48,"values":[0.9796,-0.064,-0.1907,0,0.0755,0.9957,0.0534,0,0.1865,-0.0667,0.9802,0,-0.06,30.7018,1.3522,1]},
{"frame":49,"values":[0.9801,-0.0604,-0.189,0,0.0723,0.9958,0.0566,0,0.1848,-0.0692,0.9803,0,-0.06,30.7018,1.3522,1]}],"loopBehavior":1,"name":"anim","property":"_matrix"}},
{"name":"mixamorig:Head","index":5,"matrix":[0.8125,-0.2886,-0.5064,0,0.2427,0.9574,-0.1562,0,0.53,0.004,0.848,0,-0.0872,22.5476,3.6709,1],"rest":[1,0,0,0,0,1,0,0,0,0,1,0,-0.0872,22.5476,3.6709,1],"parentBoneIndex":4,"length":30.5923
,"animation":{"dataType":3,"framePerSecond":24,"keys":[
{"frame":1,"values":[0.8125,-0.2886,-0.5064,0,0.2427,0.9574,-0.1562,0,0.53,0.004,0.848,0,-0.0872,22.5476,3.6709,1]},
{"frame":2,"values":[0.8157,-0.2874,-0.502,0,0.2412,0.9578,-0.1564,0,0.5258,0.0065,0.8506,0,-0.0872,22.5476,3.6709,1]},
{"frame":3,"values":[0.8209,-0.2789,-0.4984,0,0.2341,0.9603,-0.1518,0,0.521,0.008,0.8535,0,-0.0872,22.5476,3.6709,1]},
{"frame":4,"values":[0.8281,-0.2635,-0.4948,0,0.2209,0.9646,-0.144,0,0.5152,0.01,0.857,0,-0.0872,22.5476,3.6709,1]},
{"frame":5,"values":[0.8361,-0.2466,-0.4901,0,0.2056,0.969,-0.1368,0,0.5087,0.0136,0.8609,0,-0.0872,22.5476,3.6709,1]},
{"frame":6,"values":[0.8424,-0.233,-0.4858,0,0.1933,0.9723,-0.1312,0,0.5029,0.0166,0.8642,0,-0.0872,22.5476,3.6709,1]},
{"frame":7,"values":[0.8465,-0.2226,-0.4837,0,0.1845,0.9748,-0.1257,0,0.4995,0.0172,0.8662,0,-0.0872,22.5476,3.6709,1]},
{"frame":8,"values":[0.8491,-0.2147,-0.4826,0,0.1786,0.9765,-0.1202,0,0.4971,0.0159,0.8676,0,-0.0872,22.5476,3.6709,1]},
{"frame":9,"values":[0.8506,-0.2132,-0.4807,0,0.1787,0.9769,-0.1171,0,0.4946,0.0138,0.869,0,-0.0872,22.5476,3.6709,1]},
{"frame":10,"values":[0.8484,-0.2218,-0.4806,0,0.1876,0.975,-0.1187,0,0.4949,0.0105,0.8689,0,-0.0872,22.5476,3.6709,1]},
{"frame":11,"values":[0.8422,-0.2364,-0.4846,0,0.2031,0.9717,-0.121,0,0.4995,0.0034,0.8663,0,-0.0872,22.5476,3.6709,1]},
{"frame":12,"values":[0.833,-0.2516,-0.4928,0,0.222,0.9678,-0.1189,0,0.5068,-0.0104,0.862,0,-0.0872,22.5476,3.6709,1]},
{"frame":13,"values":[0.8229,-0.2641,-0.5031,0,0.2394,0.9641,-0.1146,0,0.5153,-0.0261,0.8566,0,-0.0872,22.5476,3.6709,1]},
{"frame":14,"values":[0.8132,-0.2767,-0.5121,0,0.255,0.9602,-0.1139,0,0.5232,-0.038,0.8514,0,-0.0872,22.5476,3.6709,1]},
{"frame":15,"values":[0.804,-0.2952,-0.5162,0,0.2752,0.9542,-0.1171,0,0.5272,-0.0479,0.8484,0,-0.0872,22.5476,3.6709,1]},
{"frame":16,"values":[0.7965,-0.3229,-0.5111,0,0.3012,0.945,-0.1277,0,0.5243,-0.0522,0.85,0,-0.0872,22.5476,3.6709,1]},
{"frame":17,"values":[0.7934,-0.3587,-0.4917,0,0.3289,0.9324,-0.1495,0,0.5121,-0.0431,0.8578,0,-0.0872,22.5476,3.6709,1]},
{"frame":18,"values":[0.7963,-0.3955,-0.4576,0,0.3542,0.9182,-0.1774,0,0.4904,-0.0208,0.8713,0,-0.0872,22.5476,3.6709,1]},
{"frame":19,"values":[0.801,-0.4282,-0.4184,0,0.3766,0.9037,-0.2038,0,0.4654,0.0056,0.8851,0,-0.0872,22.5476,3.6709,1]},
{"frame":20,"values":[0.8103,-0.4438,-0.3826,0,0.388,0.8957,-0.2171,0,0.4391,0.0274,0.898,0,-0.0872,22.5476,3.6709,1]},
{"frame":21,"values":[0.853,-0.3954,-0.3406,0,0.3484,0.9174,-0.1923,0,0.3885,0.0454,0.9204,0,-0.0872,22.5476,3.6709,1]},
{"frame":22,"values":[0.9425,-0.2187,-0.2529,0,0.1922,0.9733,-0.1256,0,0.2736,0.0698,0.9593,0,-0.0872,22.5476,3.6709,1]},
{"frame":23,"values":[0.9931,0.0202,-0.1152,0,-0.0311,0.9951,-0.0938,0,0.1127,0.0967,0.9889,0,-0.0872,22.5476,3.6709,1]},
{"frame":24,"values":[0.9869,0.1608,0.0141,0,-0.1579,0.98,-0.1207,0,-0.0332,0.1169,0.9926,0,-0.0872,22.5476,3.6709,1]},
{"frame":25,"values":[0.9759,0.1834,0.1187,0,-0.1674,0.9768,-0.1333,0,-0.1403,0.1102,0.9839,0,-0.0872,22.5476,3.6709,1]},
{"frame":26,"values":[0.9592,0.1939,0.2057,0,-0.1742,0.9786,-0.1099,0,-0.2226,0.0695,0.9724,0,-0.0872,22.5476,3.6709,1]},
{"frame":27,"values":[0.9362,0.2382,0.2585,0,-0.221,0.9707,-0.0942,0,-0.2734,0.0311,0.9614,0,-0.0872,22.5476,3.6709,1]},
{"frame":28,"values":[0.931,0.2678,0.248,0,-0.2524,0.9632,-0.0923,0,-0.2636,0.0233,0.9644,0,-0.0872,22.5476,3.6709,1]},
{"frame":29,"values":[0.9467,0.2613,0.1882,0,-0.2502,0.9648,-0.0812,0,-0.2028,0.0298,0.9788,0,-0.0872,22.5476,3.6709,1]},
{"frame":30,"values":[0.9683,0.2239,0.1109,0,-0.2177,0.9738,-0.0654,0,-0.1226,0.0392,0.9917,0,-0.0872,22.5476,3.6709,1]},
{"frame":31,"values":[0.9869,0.1595,0.0221,0,-0.1581,0.9858,-0.0573,0,-0.0309,0.0531,0.9981,0,-0.0872,22.5476,3.6709,1]},
{"frame":32,"values":[0.9936,0.0724,-0.0872,0,-0.0783,0.9947,-0.066,0,0.0819,0.0724,0.994,0,-0.0872,22.5476,3.6709,1]},
{"frame":33,"values":[0.979,-0.0214,-0.2028,0,0.0026,0.9957,-0.0924,0,0.2039,0.0899,0.9749,0,-0.0872,22.5476,3.6709,1]},
{"frame":34,"values":[0.9475,-0.099,-0.3039,0,0.0634,0.9901,-0.125,0,0.3133,0.0992,0.9445,0,-0.0872,22.5476,3.6709,1]},
{"frame":35,"values":[0.9135,-0.1503,-0.3781,0,0.0998,0.9836,-0.15,0,0.3945,0.0993,0.9135,0,-0.0872,22.5476,3.6709,1]},
{"frame":36,"values":[0.8881,-0.1866,-0.4201,0,0.1261,0.9777,-0.1678,0,0.442,0.096,0.8919,0,-0.0872,22.5476,3.6709,1]},
{"frame":37,"values":[0.8685,-0.2262,-0.441,0,0.1574,0.9696,-0.1872,0,0.47,0.0931,0.8778,0,-0.0872,22.5476,3.6709,1]},
{"frame":38,"values":[0.849,-0.2607,-0.4596,0,0.1865,0.9617,-0.2009,0,0.4943,0.0849,0.8651,0,-0.0872,22.5476,3.6709,1]},
{"frame":39,"values":[0.8324,-0.2838,-0.476,0,0.2083,0.9562,-0.2057,0,0.5135,0.072,0.855,0,-0.0872,22.5476,3.6709,1]},
{"frame":40,"values":[0.8232,-0.2967,-0.4841,0,0.2232,0.9531,-0.2046,0,0.5221,0.0604,0.8507,0,-0.0872,22.5476,3.6709,1]},
{"frame":41,"values":[0.8184,-0.3053,-0.4868,0,0.2343,0.9508,-0.2025,0,0.5247,0.0517,0.8497,0,-0.0872,22.5476,3.6709,1]},
{"frame":42,"values":[0.815,-0.3112,-0.4887,0,0.2426,0.9493,-0.1999,0,0.5262,0.0444,0.8492,0,-0.0872,22.5476,3.6709,1]},
{"frame":43,"values":[0.8124,-0.3118,-0.4928,0,0.2466,0.9495,-0.1941,0,0.5284,0.0362,0.8482,0,-0.0872,22.5476,3.6709,1]},
{"frame":44,"values":[0.8109,-0.3056,-0.4991,0,0.2454,0.9518,-0.184,0,0.5312,0.0267,0.8468,0,-0.0872,22.5476,3.6709,1]},
{"frame":45,"values":[0.81,-0.2982,-0.505,0,0.2428,0.9543,-0.1741,0,0.5339,0.0184,0.8454,0,-0.0872,22.5476,3.6709,1]},
{"frame":46,"values":[0.809,-0.2947,-0.5086,0,0.2418,0.9555,-0.1691,0,0.5357,0.0138,0.8443,0,-0.0872,22.5476,3.6709,1]},
{"frame":47,"values":[0.8086,-0.2932,-0.5101,0,0.2419,0.956,-0.1661,0,0.5364,0.0109,0.8439,0,-0.0872,22.5476,3.6709,1]},
{"frame":48,"values":[0.8097,-0.2912,-0.5095,0,0.2423,0.9566,-0.1618,0,0.5346,0.0075,0.8451,0,-0.0872,22.5476,3.6709,1]},
{"frame":49,"values":[0.8125,-0.2886,-0.5064,0,0.2427,0.9574,-0.1562,0,0.53,0.004,0.848,0,-0.0872,22.5476,3.6709,1]}],"loopBehavior":1,"name":"anim","property":"_matrix"}},
{"name":"mixamorig:HeadTop_End","index":6,"matrix":[1,0,0,0,0,1,0,0,0,0,1,0,-0.8306,40.3552,7.8935,1],"rest":[1,0,0,0,0,1,0,0,0,0,1,0,-0.8306,40.3552,7.8935,1],"parentBoneIndex":5,"length":30.5923
,"animation":{"dataType":3,"framePerSecond":24,"keys":[
{"frame":1,"values":[1,0,0,0,0,1,0,0,0,0,1,0,-0.8306,40.3552,7.8935,1]},
{"frame":10,"values":[1,0,0,0,0,1,0,0,0,0,1,0,-0.8306,40.3551,7.8935,1]},
{"frame":11,"values":[1,0,0,0,0,1,0,0,0,0,1,0,-0.8306,40.3552,7.8935,1]},
{"frame":24,"values":[1,0,0,0,0,1,0,0,0,0,1,0,-0.8306,40.3553,7.8935,1]},
{"frame":25,"values":[1,0,0,0,0,1,0,0,0,0,1,0,-0.8306,40.3551,7.8935,1]},
{"frame":26,"values":[1,0,0,0,0,1,0,0,0,0,1,0,-0.8306,40.3552,7.8935,1]},
{"frame":35,"values":[1,0,0,0,0,1,0,0,0,0,1,0,-0.8306,40.3551,7.8935,1]},
{"frame":36,"values":[1,0,0,0,0,1,0,0,0,0,1,0,-0.8306,40.3552,7.8935,1]},
{"frame":49,"values":[1,0,0,0,0,1,0,0,0,0,1,0,-0.8306,40.3552,7.8935,1]}],"loopBehavior":1,"name":"anim","property":"_matrix"}},
{"name":"mixamorig:RightEye","index":7,"matrix":[1,0,0,0,0,1,0,0,0,0,1,0,-6.3021,18.1186,16.1971,1],"rest":[1,0,0,0,0,1,0,0,0,0,1,0,-6.3021,18.1186,16.1971,1],"parentBoneIndex":5,"length":30.5923
,"animation":{"dataType":3,"framePerSecond":24,"keys":[
{"frame":1,"values":[1,0,0,0,0,1,0,0,0,0,1,0,-6.3021,18.1186,16.1971,1]},
