{"producer":{"name":"Blender","version":"2.90.0","exporter_version":"2.80.1","file":"option_strong.babylon"},
"autoClear":true,"clearColor":[0.0509,0.0509,0.0509],"gravity":[0,-9.81,0],
"materials":[{"name":"Material","id":"Material","customType":"BABYLON.PBRMaterial","backFaceCulling":true,"checkReadyOnlyOnce":false,"maxSimultaneousLights":4,"environmentIntensity":1,"albedo":[0.8,0.8,0.8],"reflectivity":[0.5,0.5,0.5],"roughness":0.4,"alpha":1,"transparencyMode":0,"alphaCutOff":0.4,"metallic":0}],
"multiMaterials":[],
"skeletons":[{"name":"Armature","id":0,"dimensionsAtRest":[379.1952,391.6652,55.677],"bones":[
{"name":"mixamorig:Hips","index":0,"matrix":[0.9968,-0.0251,0.0759,0,0.0058,0.9697,0.2442,0,0.0797,0.2429,-0.9668,0,-0.2522,176.6664,2.948,1],"rest":[1,0,0,0,0,1,0,0,0,0,-1,0,0,201.6394,0,1],"parentBoneIndex":-1,"length":21.6784
,"animation":{"dataType":3,"framePerSecond":24,"keys":[
{"frame":1,"values":[0.9968,-0.0251,0.0759,0,0.0058,0.9697,0.2442,0,0.0797,0.2429,-0.9668,0,-0.2522,176.6664,2.948,1]},
{"frame":2,"values":[0.9964,-0.0253,0.0813,0,0.0061,0.9736,0.2281,0,0.0849,0.2267,-0.9702,0,-0.0489,175.77,5.1489,1]},
{"frame":3,"values":[0.9962,-0.0255,0.0836,0,0.0077,0.9784,0.2065,0,0.087,0.2051,-0.9749,0,0.2401,174.2007,8.4032,1]},
{"frame":4,"values":[0.9962,-0.0182,0.0852,0,0.0027,0.984,0.1783,0,0.0871,0.1773,-0.9803,0,0.6096,172.0107,12.5016,1]},
{"frame":5,"values":[0.9961,-0.0105,0.0872,0,-0.0018,0.9903,0.1392,0,0.0878,0.1389,-0.9864,0,0.9781,169.5631,16.2528,1]},
{"frame":6,"values":[0.9965,-0.0133,0.0828,0,0.0029,0.9923,0.1242,0,0.0838,0.1235,-0.9888,0,1.3637,167.2334,18.6478,1]},
{"frame":7,"values":[0.9976,-0.0143,0.0675,0,0.0057,0.992,0.1263,0,0.0688,0.1256,-0.9897,0,1.8363,164.6276,19.6945,1]},
{"frame":8,"values":[0.999,-0.0101,0.044,0,0.0044,0.9919,0.1267,0,0.045,0.1264,-0.991,0,2.2313,162.1372,19.1549,1]},
{"frame":9,"values":[0.9994,-0.008,0.0343,0,0.0027,0.9883,0.1522,0,0.0351,0.152,-0.9878,0,2.3385,160.8196,16.9428,1]},
{"frame":10,"values":[0.9995,-0.0074,0.0316,0,0.0013,0.9819,0.1893,0,0.0324,0.1891,-0.9814,0,2.1435,160.6902,13.7267,1]},
{"frame":11,"values":[0.9995,-0.0014,0.0314,0,-0.0053,0.9773,0.2118,0,0.031,0.2119,-0.9768,0,1.7275,161.5165,9.5813,1]},
{"frame":12,"values":[0.9994,0.0011,0.0336,0,-0.0098,0.9655,0.2603,0,0.0321,0.2604,-0.965,0,1.2722,162.9959,5.3564,1]},
{"frame":13,"values":[0.9988,-0.0023,0.049,0,-0.0124,0.9545,0.2979,0,0.0474,0.2982,-0.9533,0,0.7483,164.4281,1.7028,1]},
{"frame":14,"values":[0.9975,-0.0059,0.0702,0,-0.0161,0.9509,0.3092,0,0.0686,0.3096,-0.9484,0,-0.1461,164.7466,0.0073,1]},
{"frame":15,"values":[0.9959,-0.0092,0.0904,0,-0.0199,0.9488,0.3151,0,0.0887,0.3156,-0.9447,0,-0.8004,164.0287,0.6283,1]},
{"frame":16,"values":[0.9953,-0.0144,0.0962,0,-0.0159,0.9514,0.3075,0,0.096,0.3075,-0.9467,0,-1.2842,162.5644,3.1658,1]},
{"frame":17,"values":[0.9951,-0.0231,0.0957,0,-0.0073,0.9523,0.3052,0,0.0982,0.3044,-0.9475,0,-1.6976,160.4701,6.4115,1]},
{"frame":18,"values":[0.9939,-0.0334,0.1047,0,-0.0013,0.949,0.3152,0,0.11,0.3134,-0.9432,0,-2.2064,158.1713,9.7057,1]},
{"frame":19,"values":[0.9917,-0.0383,0.1226,0,-0.0024,0.9488,0.316,0,0.1284,0.3137,-0.9408,0,-2.5196,155.5059,12.7482,1]},
{"frame":20,"values":[0.9908,-0.0332,0.1311,0,-0.0045,0.9608,0.2773,0,0.1352,0.2753,-0.9518,0,-2.2645,151.5868,15.3754,1]},
{"frame":21,"values":[0.9928,-0.013,0.1194,0,-0.014,0.9749,0.2223,0,0.1193,0.2223,-0.9676,0,-2.3542,149.0896,16.8452,1]},
{"frame":22,"values":[0.9932,-0.0075,0.1159,0,-0.015,0.9812,0.1925,0,0.1152,0.1929,-0.9744,0,-2.5619,149.9338,16.9015,1]},
{"frame":23,"values":[0.9917,-0.0103,0.1284,0,-0.0137,0.9827,0.1844,0,0.1281,0.1847,-0.9744,0,-2.3513,151.733,16.2086,1]},
{"frame":24,"values":[0.9931,-0.0064,0.1168,0,-0.0127,0.9867,0.1619,0,0.1163,0.1623,-0.9799,0,-2.1798,152.9318,16.0815,1]},
{"frame":25,"values":[0.9949,-0.0041,0.1011,0,-0.0108,0.9892,0.1462,0,0.1006,0.1465,-0.9841,0,-1.884,153.4264,16.5542,1]},
{"frame":26,"values":[0.9959,-0.0025,0.0907,0,-0.0106,0.9897,0.1431,0,0.0901,0.1434,-0.9856,0,-1.532,153.6899,17.4649,1]},
{"frame":27,"values":[0.996,-0.0021,0.0896,0,-0.0098,0.9911,0.1325,0,0.089,0.1329,-0.9871,0,-1.0948,154.1269,18.4018,1]},
{"frame":28,"values":[0.9961,0.0014,0.0878,0,-0.0119,0.9928,0.1191,0,0.087,0.1197,-0.989,0,-0.8482,154.6394,19.1863,1]},
{"frame":29,"values":[0.9961,0.0036,0.0886,0,-0.0139,0.9932,0.116,0,0.0876,0.1168,-0.9893,0,-0.7143,155.313,19.5069,1]},
{"frame":30,"values":[0.9959,0.0038,0.0904,0,-0.0142,0.9933,0.1146,0,0.0894,0.1154,-0.9893,0,-0.6248,155.7154,19.6376,1]},
{"frame":31,"values":[0.9954,-0.0004,0.0956,0,-0.0117,0.992,0.1255,0,0.0949,0.1261,-0.9875,0,-0.465,156.2843,19.501,1]},
{"frame":32,"values":[0.995,-0.0059,0.0995,0,-0.0084,0.9897,0.143,0,0.0994,0.1432,-0.9847,0,-0.3631,156.9105,19.261,1]},
{"frame":33,"values":[0.9947,-0.0119,0.1021,0,-0.0058,0.9853,0.1708,0,0.1026,0.1704,-0.98,0,-0.3972,157.7281,18.8197,1]},
{"frame":34,"values":[0.994,-0.017,0.1084,0,-0.0065,0.9771,0.2127,0,0.1095,0.2121,-0.9711,0,-0.5442,159.2237,18.1349,1]},
{"frame":35,"values":[0.9931,-0.0228,0.1153,0,-0.0068,0.9681,0.2503,0,0.1173,0.2494,-0.9613,0,-0.6754,161.5928,17.3965,1]},
{"frame":36,"values":[0.9918,-0.0258,0.1251,0,-0.008,0.9649,0.2625,0,0.1275,0.2614,-0.9568,0,-0.6509,164.3202,16.646,1]},
{"frame":37,"values":[0.9914,-0.0267,0.1282,0,-0.0086,0.9635,0.2674,0,0.1307,0.2662,-0.955,0,-0.5583,167.33,15.6491,1]},
{"frame":38,"values":[0.9918,-0.0252,0.1255,0,-0.0098,0.9625,0.2712,0,0.1276,0.2702,-0.9543,0,-0.4728,170.2396,14.4528,1]},
{"frame":39,"values":[0.9925,-0.022,0.1203,0,-0.0111,0.9633,0.2682,0,0.1218,0.2675,-0.9558,0,-0.4009,172.8291,13.287,1]},
{"frame":40,"values":[0.9931,-0.0185,0.1161,0,-0.0126,0.9652,0.2613,0,0.1169,0.261,-0.9582,0,-0.351,175.0747,12.0657,1]},
{"frame":41,"values":[0.9936,-0.0156,0.1118,0,-0.0135,0.9669,0.2547,0,0.1121,0.2546,-0.9605,0,-0.3655,176.6857,10.7667,1]},
{"frame":42,"values":[0.9945,-0.0134,0.1038,0,-0.013,0.9683,0.2494,0,0.1039,0.2494,-0.9628,0,-0.432,177.6661,9.4714,1]},
{"frame":43,"values":[0.9955,-0.0103,0.0945,0,-0.0129,0.9702,0.2418,0,0.0941,0.2419,-0.9657,0,-0.5047,178.1003,8.1321,1]},
{"frame":44,"values":[0.9963,-0.0133,0.085,0,-0.0075,0.971,0.2389,0,0.0857,0.2387,-0.9673,0,-0.4537,178.0933,6.7179,1]},
{"frame":45,"values":[0.9968,-0.0189,0.0774,0,-0.0003,0.9705,0.2413,0,0.0796,0.2406,-0.9674,0,-0.3191,177.735,5.2139,1]},
{"frame":46,"values":[0.9969,-0.022,0.0757,0,0.003,0.9703,0.242,0,0.0787,0.241,-0.9673,0,-0.2816,177.2004,3.9933,1]},
{"frame":47,"values":[0.9968,-0.0251,0.0759,0,0.0058,0.9697,0.2442,0,0.0797,0.2429,-0.9668,0,-0.2522,176.6664,2.948,1]}],"loopBehavior":1,"name":"anim","property":"_matrix"}},
{"name":"mixamorig:Spine","index":1,"matrix":[0.9999,0.0134,0.0058,0,-0.0145,0.9395,0.3422,0,-0.0009,-0.3423,0.9396,0,0.0062,19.525,-2.4818,1],"rest":[1,0,0,0,0,1,0,0,0,0,1,0,0.0062,19.525,-2.4818,1],"parentBoneIndex":0,"length":23.0091
,"animation":{"dataType":3,"framePerSecond":24,"keys":[
{"frame":1,"values":[0.9999,0.0134,0.0058,0,-0.0145,0.9395,0.3422,0,-0.0009,-0.3423,0.9396,0,0.0062,19.525,-2.4818,1]},
{"frame":2,"values":[0.9999,0.0145,0.005,0,-0.0154,0.9375,0.3477,0,0.0004,-0.3477,0.9376,0,0.0062,19.525,-2.4818,1]},
{"frame":3,"values":[0.9999,0.0162,0.0045,0,-0.0167,0.9328,0.3601,0,0.0016,-0.3602,0.9329,0,0.0062,19.525,-2.4818,1]},
{"frame":4,"values":[0.9998,0.0175,0.0053,0,-0.0182,0.9255,0.3783,0,0.0017,-0.3783,0.9257,0,0.0062,19.525,-2.4818,1]},
{"frame":5,"values":[0.9997,0.0214,0.0072,0,-0.0225,0.9188,0.394,0,0.0018,-0.3941,0.9191,0,0.0062,19.525,-2.4818,1]},
{"frame":6,"values":[0.9995,0.0281,0.0112,0,-0.0302,0.913,0.4069,0,0.0012,-0.4071,0.9134,0,0.0062,19.525,-2.4818,1]},
{"frame":7,"values":[0.9995,0.0291,0.0143,0,-0.0324,0.9096,0.4143,0,-0.001,-0.4146,0.91,0,0.0062,19.525,-2.4818,1]},
{"frame":8,"values":[0.9996,0.0264,0.0099,0,-0.0281,0.9113,0.4109,0,0.0018,-0.411,0.9116,0,0.0062,19.525,-2.4818,1]},
{"frame":9,"values":[0.9996,0.0252,0.0102,0,-0.0272,0.9172,0.3975,0,0.0007,-0.3977,0.9175,0,0.0062,19.525,-2.4818,1]},
{"frame":10,"values":[0.9997,0.0219,0.0124,0,-0.0249,0.9268,0.3746,0,-0.0033,-0.3748,0.9271,0,0.0062,19.525,-2.4818,1]},
{"frame":11,"values":[0.9998,0.017,0.0097,0,-0.0193,0.94,0.3406,0,-0.0034,-0.3407,0.9402,0,0.0062,19.525,-2.4818,1]},
{"frame":12,"values":[0.9999,0.0133,0.0055,0,-0.0144,0.9498,0.3125,0,-0.0011,-0.3125,0.9499,0,0.0062,19.525,-2.4818,1]},
{"frame":13,"values":[1,0.0077,0.0058,0,-0.0091,0.9549,0.2966,0,-0.0033,-0.2967,0.955,0,0.0062,19.525,-2.4818,1]},
{"frame":14,"values":[1,0.0039,0.007,0,-0.0058,0.9564,0.2921,0,-0.0055,-0.2921,0.9564,0,0.0062,19.525,-2.4818,1]},
{"frame":15,"values":[0.9999,0.0014,0.01,0,-0.0043,0.9555,0.2951,0,-0.0091,-0.2951,0.9554,0,0.0062,19.525,-2.4818,1]},
{"frame":16,"values":[0.9999,0.0015,0.0109,0,-0.0047,0.9539,0.2999,0,-0.01,-0.3,0.9539,0,0.0062,19.525,-2.4818,1]},
{"frame":17,"values":[0.9999,0.0041,0.0095,0,-0.0068,0.9514,0.308,0,-0.0077,-0.3081,0.9513,0,0.0062,19.525,-2.4818,1]},
{"frame":18,"values":[0.9999,0.0093,0.0081,0,-0.0114,0.9467,0.3218,0,-0.0047,-0.3219,0.9468,0,0.0062,19.525,-2.4818,1]},
{"frame":19,"values":[0.9999,0.0133,0.009,0,-0.0156,0.9404,0.3397,0,-0.0039,-0.3398,0.9405,0,0.0062,19.525,-2.4818,1]},
{"frame":20,"values":[0.9998,0.0116,0.0141,0,-0.0157,0.9406,0.3392,0,-0.0093,-0.3394,0.9406,0,0.0062,19.525,-2.4818,1]},
{"frame":21,"values":[0.9999,0.004,0.0115,0,-0.0075,0.9457,0.325,0,-0.0096,-0.3251,0.9456,0,0.0062,19.525,-2.4818,1]},
{"frame":22,"values":[0.9999,0.0028,0.0108,0,-0.006,0.951,0.3093,0,-0.0094,-0.3093,0.9509,0,0.0062,19.525,-2.4818,1]},
{"frame":23,"values":[0.9998,0.0043,0.0168,0,-0.0091,0.9554,0.2952,0,-0.0148,-0.2953,0.9553,0,0.0062,19.525,-2.4818,1]},
{"frame":24,"values":[0.9999,0.0031,0.0126,0,-0.0065,0.9586,0.2847,0,-0.0112,-0.2848,0.9585,0,0.0062,19.525,-2.4818,1]},
{"frame":25,"values":[1,0.0031,0.0083,0,-0.0054,0.9592,0.2826,0,-0.0071,-0.2827,0.9592,0,0.0062,19.525,-2.4818,1]},
{"frame":26,"values":[1,0.0045,0.0055,0,-0.0058,0.9583,0.2857,0,-0.004,-0.2857,0.9583,0,0.0062,19.525,-2.4818,1]},
{"frame":27,"values":[1,0.006,0.005,0,-0.0072,0.9574,0.2887,0,-0.003,-0.2888,0.9574,0,0.0062,19.525,-2.4818,1]},
{"frame":28,"values":[1,0.0055,0.0051,0,-0.0067,0.957,0.2901,0,-0.0033,-0.2901,0.957,0,0.0062,19.525,-2.4818,1]},
{"frame":29,"values":[1,0.0053,0.0059,0,-0.0068,0.9564,0.2919,0,-0.0041,-0.292,0.9564,0,0.0062,19.525,-2.4818,1]},
{"frame":30,"values":[1,0.0056,0.0055,0,-0.007,0.9553,0.2955,0,-0.0036,-0.2955,0.9553,0,0.0062,19.525,-2.4818,1]},
{"frame":31,"values":[0.9999,0.0073,0.0068,0,-0.0091,0.9538,0.3002,0,-0.0043,-0.3002,0.9539,0,0.0062,19.525,-2.4818,1]},
{"frame":32,"values":[0.9999,0.0084,0.0076,0,-0.0103,0.9516,0.3071,0,-0.0047,-0.3071,0.9517,0,0.0062,19.525,-2.4818,1]},
{"frame":33,"values":[0.9999,0.0087,0.0073,0,-0.0106,0.9487,0.3162,0,-0.0042,-0.3162,0.9487,0,0.0062,19.525,-2.4818,1]},
{"frame":34,"values":[0.9999,0.0092,0.007,0,-0.011,0.9453,0.3261,0,-0.0036,-0.3262,0.9453,0,0.0062,19.525,-2.4818,1]},
{"frame":35,"values":[0.9999,0.0116,0.0062,0,-0.013,0.9417,0.3361,0,-0.0019,-0.3361,0.9418,0,0.0062,19.525,-2.4818,1]},
{"frame":36,"values":[0.9999,0.014,0.0065,0,-0.0154,0.9406,0.3392,0,-0.0013,-0.3393,0.9407,0,0.0062,19.525,-2.4818,1]},
{"frame":37,"values":[0.9999,0.0156,0.006,0,-0.0167,0.9404,0.3397,0,-0.0003,-0.3398,0.9405,0,0.0062,19.525,-2.4818,1]},
{"frame":38,"values":[0.9999,0.0164,0.0052,0,-0.0172,0.9401,0.3405,0,0.0006,-0.3405,0.9402,0,0.0062,19.525,-2.4818,1]},
{"frame":39,"values":[0.9998,0.0168,0.0054,0,-0.0176,0.9398,0.3414,0,0.0007,-0.3414,0.9399,0,0.0062,19.525,-2.4818,1]},
{"frame":40,"values":[0.9998,0.0171,0.0071,0,-0.0185,0.9391,0.3431,0,-0.0008,-0.3432,0.9393,0,0.0062,19.525,-2.4818,1]},
{"frame":41,"values":[0.9998,0.0167,0.0093,0,-0.0189,0.9388,0.3438,0,-0.003,-0.3439,0.939,0,0.0062,19.525,-2.4818,1]},
{"frame":42,"values":[0.9998,0.0153,0.0105,0,-0.018,0.9388,0.3439,0,-0.0046,-0.3441,0.9389,0,0.0062,19.525,-2.4818,1]},
{"frame":43,"values":[0.9998,0.0144,0.0099,0,-0.0169,0.939,0.3436,0,-0.0044,-0.3437,0.9391,0,0.0062,19.525,-2.4818,1]},
{"frame":44,"values":[0.9999,0.0145,0.0081,0,-0.0164,0.9391,0.3432,0,-0.0026,-0.3433,0.9392,0,0.0062,19.525,-2.4818,1]},
{"frame":45,"values":[0.9999,0.0142,0.0063,0,-0.0155,0.9393,0.3428,0,-0.001,-0.3429,0.9394,0,0.0062,19.525,-2.4818,1]},
{"frame":46,"values":[0.9999,0.0139,0.0057,0,-0.015,0.9396,0.3419,0,-0.0006,-0.3419,0.9397,0,0.0062,19.525,-2.4818,1]},
{"frame":47,"values":[0.9999,0.0134,0.0058,0,-0.0145,0.9395,0.3422,0,-0.0009,-0.3423,0.9396,0,0.0062,19.525,-2.4818,1]}],"loopBehavior":1,"name":"anim","property":"_matrix"}},
{"name":"mixamorig:Spine1","index":2,"matrix":[0.9999,0.0111,0.0073,0,-0.0119,0.9926,0.1212,0,-0.0059,-0.1213,0.9926,0,-0.0009,22.835,-2.8254,1],"rest":[1,0,0,0,0,1,0,0,0,0,1,0,-0.0009,22.835,-2.8254,1],"parentBoneIndex":1,"length":26.7438
,"animation":{"dataType":3,"framePerSecond":24,"keys":[
{"frame":1,"values":[0.9999,0.0111,0.0073,0,-0.0119,0.9926,0.1212,0,-0.0059,-0.1213,0.9926,0,-0.0009,22.835,-2.8254,1]},
{"frame":2,"values":[0.9999,0.0119,0.0058,0,-0.0126,0.9913,0.1311,0,-0.0042,-0.1312,0.9913,0,-0.0009,22.835,-2.8254,1]},
{"frame":3,"values":[0.9999,0.0146,0.0053,0,-0.0153,0.9879,0.1545,0,-0.003,-0.1546,0.988,0,-0.0009,22.835,-2.8254,1]},
{"frame":4,"values":[0.9998,0.0178,0.0081,0,-0.019,0.9819,0.1886,0,-0.0046,-0.1888,0.982,0,-0.0009,22.835,-2.8254,1]},
{"frame":5,"values":[0.9996,0.0243,0.0129,0,-0.0265,0.9757,0.2176,0,-0.0073,-0.2178,0.976,0,-0.0009,22.835,-2.8254,1]},
{"frame":6,"values":[0.9991,0.0359,0.0218,0,-0.0401,0.9694,0.2421,0,-0.0125,-0.2427,0.97,0,-0.0009,22.835,-2.8254,1]},
{"frame":7,"values":[0.9989,0.0382,0.0283,0,-0.0441,0.9656,0.2564,0,-0.0175,-0.2573,0.9662,0,-0.0009,22.835,-2.8254,1]},
{"frame":8,"values":[0.9992,0.0363,0.0193,0,-0.04,0.9676,0.2494,0,-0.0096,-0.2499,0.9682,0,-0.0009,22.835,-2.8254,1]},
{"frame":9,"values":[0.9992,0.0358,0.0194,0,-0.0393,0.9736,0.225,0,-0.0108,-0.2256,0.9742,0,-0.0009,22.835,-2.8254,1]},
{"frame":10,"values":[0.9992,0.0317,0.0226,0,-0.0353,0.9824,0.1833,0,-0.0164,-0.184,0.9828,0,-0.0009,22.835,-2.8254,1]},
{"frame":11,"values":[0.9996,0.0245,0.0162,0,-0.0263,0.9924,0.1198,0,-0.0132,-0.1202,0.9927,0,-0.0009,22.835,-2.8254,1]},
{"frame":12,"values":[0.9998,0.019,0.0072,0,-0.0195,0.9974,0.0699,0,-0.0058,-0.07,0.9975,0,-0.0009,22.835,-2.8254,1]},
{"frame":13,"values":[1,0.0077,0.0056,0,-0.0079,0.999,0.043,0,-0.0053,-0.0431,0.9991,0,-0.0009,22.835,-2.8254,1]},
{"frame":14,"values":[1,-0.0015,0.0057,0,0.0013,0.9994,0.0359,0,-0.0057,-0.0359,0.9993,0,-0.0009,22.835,-2.8254,1]},
{"frame":15,"values":[0.9999,-0.0077,0.0098,0,0.0073,0.9991,0.0427,0,-0.0101,-0.0426,0.999,0,-0.0009,22.835,-2.8254,1]},
{"frame":16,"values":[0.9999,-0.0075,0.0113,0,0.0069,0.9986,0.0516,0,-0.0117,-0.0516,0.9986,0,-0.0009,22.835,-2.8254,1]},
{"frame":17,"values":[1,-0.0017,0.0077,0,0.0012,0.9977,0.0671,0,-0.0078,-0.0671,0.9977,0,-0.0009,22.835,-2.8254,1]},
{"frame":18,"values":[1,0.0068,0.0033,0,-0.007,0.9955,0.0941,0,-0.0026,-0.0942,0.9956,0,-0.0009,22.835,-2.8254,1]},
{"frame":19,"values":[0.9999,0.0123,0.0033,0,-0.0127,0.9917,0.1283,0,-0.0017,-0.1283,0.9917,0,-0.0009,22.835,-2.8254,1]},
{"frame":20,"values":[0.9999,0.0063,0.0124,0,-0.0078,0.9922,0.1247,0,-0.0116,-0.1248,0.9921,0,-0.0009,22.835,-2.8254,1]},
{"frame":21,"values":[0.9999,-0.0038,0.0097,0,0.0029,0.9957,0.0927,0,-0.01,-0.0927,0.9956,0,-0.0009,22.835,-2.8254,1]},
{"frame":22,"values":[0.9999,-0.0067,0.0095,0,0.0062,0.9981,0.0606,0,-0.0099,-0.0606,0.9981,0,-0.0009,22.835,-2.8254,1]},
{"frame":23,"values":[0.9998,-0.0062,0.0209,0,0.0055,0.9994,0.0339,0,-0.0211,-0.0338,0.9992,0,-0.0009,22.835,-2.8254,1]},
{"frame":24,"values":[0.9999,-0.0069,0.0138,0,0.0067,0.9999,0.0124,0,-0.0139,-0.0123,0.9998,0,-0.0009,22.835,-2.8254,1]},
{"frame":25,"values":[1,-0.005,0.0068,0,0.005,1,0.0074,0,-0.0068,-0.0074,0.9999,0,-0.0009,22.835,-2.8254,1]},
{"frame":26,"values":[1,-0.0023,0.002,0,0.0023,0.9999,0.0129,0,-0.002,-0.0129,0.9999,0,-0.0009,22.835,-2.8254,1]},
{"frame":27,"values":[1,0.0002,0.001,0,-0.0002,0.9998,0.0179,0,-0.001,-0.0179,0.9998,0,-0.0009,22.835,-2.8254,1]},
{"frame":28,"values":[1,-0.0006,0.0018,0,0.0006,0.9998,0.0192,0,-0.0018,-0.0192,0.9998,0,-0.0009,22.835,-2.8254,1]},
{"frame":29,"values":[1,-0.0008,0.0038,0,0.0007,0.9998,0.0222,0,-0.0038,-0.0222,0.9997,0,-0.0009,22.835,-2.8254,1]},
{"frame":30,"values":[1,-0.0004,0.0032,0,0.0003,0.9996,0.0283,0,-0.0032,-0.0283,0.9996,0,-0.0009,22.835,-2.8254,1]},
{"frame":31,"values":[1,0.0024,0.0055,0,-0.0026,0.9993,0.0374,0,-0.0054,-0.0375,0.9993,0,-0.0009,22.835,-2.8254,1]},
{"frame":32,"values":[1,0.0035,0.0069,0,-0.0038,0.9987,0.0511,0,-0.0067,-0.0511,0.9987,0,-0.0009,22.835,-2.8254,1]},
{"frame":33,"values":[1,0.0035,0.0058,0,-0.0039,0.9976,0.0695,0,-0.0055,-0.0695,0.9976,0,-0.0009,22.835,-2.8254,1]},
{"frame":34,"values":[1,0.0042,0.0046,0,-0.0046,0.9959,0.0906,0,-0.0042,-0.0906,0.9959,0,-0.0009,22.835,-2.8254,1]},
{"frame":35,"values":[1,0.0067,0.0021,0,-0.0069,0.9937,0.1116,0,-0.0014,-0.1116,0.9938,0,-0.0009,22.835,-2.8254,1]},
{"frame":36,"values":[1,0.0093,0.0027,0,-0.0095,0.993,0.1177,0,-0.0016,-0.1177,0.993,0,-0.0009,22.835,-2.8254,1]},
{"frame":37,"values":[0.9999,0.0122,0.0022,0,-0.0124,0.9929,0.1185,0,-0.0008,-0.1186,0.9929,0,-0.0009,22.835,-2.8254,1]},
{"frame":38,"values":[0.9999,0.0146,0.0017,0,-0.0147,0.9927,0.1198,0,0.0001,-0.1198,0.9928,0,-0.0009,22.835,-2.8254,1]},
{"frame":39,"values":[0.9999,0.0159,0.0033,0,-0.0162,0.9925,0.121,0,-0.0013,-0.1211,0.9926,0,-0.0009,22.835,-2.8254,1]},
{"frame":40,"values":[0.9998,0.016,0.0081,0,-0.0169,0.9922,0.1238,0,-0.006,-0.124,0.9923,0,-0.0009,22.835,-2.8254,1]},
{"frame":41,"values":[0.9998,0.0144,0.0138,0,-0.016,0.9921,0.1246,0,-0.0119,-0.1248,0.9921,0,-0.0009,22.835,-2.8254,1]},
{"frame":42,"values":[0.9998,0.0123,0.0169,0,-0.0143,0.9921,0.1244,0,-0.0153,-0.1246,0.9921,0,-0.0009,22.835,-2.8254,1]},
{"frame":43,"values":[0.9998,0.011,0.0168,0,-0.0129,0.9923,0.1231,0,-0.0153,-0.1233,0.9922,0,-0.0009,22.835,-2.8254,1]},
{"frame":44,"values":[0.9998,0.0122,0.0131,0,-0.0137,0.9924,0.1223,0,-0.0115,-0.1225,0.9924,0,-0.0009,22.835,-2.8254,1]},
{"frame":45,"values":[0.9999,0.0126,0.0088,0,-0.0136,0.9925,0.1217,0,-0.0072,-0.1218,0.9925,0,-0.0009,22.835,-2.8254,1]},
{"frame":46,"values":[0.9999,0.0115,0.0074,0,-0.0123,0.9927,0.1201,0,-0.006,-0.1202,0.9927,0,-0.0009,22.835,-2.8254,1]},
{"frame":47,"values":[0.9999,0.0111,0.0073,0,-0.0119,0.9926,0.1212,0,-0.0059,-0.1213,0.9926,0,-0.0009,22.835,-2.8254,1]}],"loopBehavior":1,"name":"anim","property":"_matrix"}},
{"name":"mixamorig:Spine2","index":3,"matrix":[0.9999,0.011,0.0073,0,-0.0118,0.9926,0.1212,0,-0.0059,-0.1213,0.9926,0,-0.0206,26.5525,-3.1933,1],"rest":[1,0,0,0,0,1,0,0,0,0,1,0,-0.0206,26.5525,-3.1933,1],"parentBoneIndex":2,"length":24.825
,"animation":{"dataType":3,"framePerSecond":24,"keys":[
{"frame":1,"values":[0.9999,0.011,0.0073,0,-0.0118,0.9926,0.1212,0,-0.0059,-0.1213,0.9926,0,-0.0206,26.5525,-3.1933,1]},
{"frame":2,"values":[0.9999,0.0119,0.0058,0,-0.0126,0.9913,0.1311,0,-0.0042,-0.1312,0.9913,0,-0.0206,26.5525,-3.1933,1]},
{"frame":3,"values":[0.9999,0.0146,0.0052,0,-0.0152,0.9879,0.1545,0,-0.0029,-0.1546,0.988,0,-0.0206,26.5525,-3.1933,1]},
{"frame":4,"values":[0.9998,0.0178,0.0079,0,-0.0189,0.9819,0.1886,0,-0.0044,-0.1888,0.982,0,-0.0206,26.5525,-3.1933,1]},
{"frame":5,"values":[0.9996,0.0241,0.0127,0,-0.0263,0.9757,0.2176,0,-0.0071,-0.2178,0.976,0,-0.0206,26.5525,-3.1933,1]},
{"frame":6,"values":[0.9991,0.0354,0.0217,0,-0.0396,0.9694,0.2421,0,-0.0124,-0.2428,0.97,0,-0.0206,26.5525,-3.1933,1]},
{"frame":7,"values":[0.9989,0.0377,0.0281,0,-0.0437,0.9656,0.2564,0,-0.0175,-0.2574,0.9661,0,-0.0206,26.5525,-3.1933,1]},
{"frame":8,"values":[0.9992,0.0359,0.0192,0,-0.0396,0.9676,0.2494,0,-0.0096,-0.25,0.9682,0,-0.0206,26.5525,-3.1933,1]},
{"frame":9,"values":[0.9992,0.0356,0.0192,0,-0.039,0.9736,0.2251,0,-0.0107,-0.2257,0.9741,0,-0.0206,26.5525,-3.1933,1]},
{"frame":10,"values":[0.9993,0.0315,0.0225,0,-0.0351,0.9824,0.1834,0,-0.0163,-0.184,0.9828,0,-0.0206,26.5525,-3.1933,1]},
{"frame":11,"values":[0.9996,0.0244,0.016,0,-0.0262,0.9924,0.1199,0,-0.013,-0.1202,0.9927,0,-0.0206,26.5525,-3.1933,1]},
{"frame":12,"values":[0.9998,0.019,0.007,0,-0.0195,0.9974,0.0699,0,-0.0056,-0.07,0.9975,0,-0.0206,26.5525,-3.1933,1]},
{"frame":13,"values":[1,0.0077,0.0055,0,-0.008,0.999,0.043,0,-0.0052,-0.0431,0.9991,0,-0.0206,26.5525,-3.1933,1]},
{"frame":14,"values":[1,-0.0014,0.0057,0,0.0012,0.9994,0.0359,0,-0.0057,-0.0359,0.9993,0,-0.0206,26.5525,-3.1933,1]},
{"frame":15,"values":[0.9999,-0.0076,0.0099,0,0.0072,0.9991,0.0427,0,-0.0102,-0.0426,0.999,0,-0.0206,26.5525,-3.1933,1]},
{"frame":16,"values":[0.9999,-0.0074,0.0114,0,0.0068,0.9986,0.0516,0,-0.0117,-0.0516,0.9986,0,-0.0206,26.5525,-3.1933,1]},
{"frame":17,"values":[1,-0.0017,0.0078,0,0.0012,0.9977,0.0671,0,-0.0078,-0.0671,0.9977,0,-0.0206,26.5525,-3.1933,1]},
{"frame":18,"values":[1,0.0068,0.0033,0,-0.0071,0.9955,0.0941,0,-0.0026,-0.0942,0.9956,0,-0.0206,26.5525,-3.1933,1]},
{"frame":19,"values":[0.9999,0.0124,0.0032,0,-0.0127,0.9917,0.1283,0,-0.0016,-0.1283,0.9917,0,-0.0206,26.5525,-3.1933,1]},
{"frame":20,"values":[0.9999,0.0062,0.0122,0,-0.0077,0.9922,0.1247,0,-0.0113,-0.1248,0.9921,0,-0.0206,26.5525,-3.1933,1]},
{"frame":21,"values":[0.9999,-0.0038,0.0096,0,0.0029,0.9957,0.0927,0,-0.0099,-0.0927,0.9956,0,-0.0206,26.5525,-3.1933,1]},
{"frame":22,"values":[0.9999,-0.0068,0.0094,0,0.0062,0.9981,0.0606,0,-0.0098,-0.0606,0.9981,0,-0.0206,26.5525,-3.1933,1]},
{"frame":23,"values":[0.9998,-0.0061,0.0209,0,0.0054,0.9994,0.0339,0,-0.0211,-0.0338,0.9992,0,-0.0206,26.5525,-3.1933,1]},
{"frame":24,"values":[0.9999,-0.0069,0.0139,0,0.0067,0.9999,0.0124,0,-0.014,-0.0123,0.9998,0,-0.0206,26.5525,-3.1933,1]},
{"frame":25,"values":[1,-0.005,0.0068,0,0.005,1,0.0074,0,-0.0069,-0.0074,0.9999,0,-0.0206,26.5525,-3.1933,1]},
{"frame":26,"values":[1,-0.0023,0.002,0,0.0023,0.9999,0.0129,0,-0.0021,-0.0129,0.9999,0,-0.0206,26.5525,-3.1933,1]},
{"frame":27,"values":[1,0.0003,0.0011,0,-0.0003,0.9998,0.0179,0,-0.001,-0.0179,0.9998,0,-0.0206,26.5525,-3.1933,1]},
{"frame":28,"values":[1,-0.0006,0.0017,0,0.0006,0.9998,0.0191,0,-0.0018,-0.0191,0.9998,0,-0.0206,26.5525,-3.1933,1]},
{"frame":29,"values":[1,-0.0007,0.0038,0,0.0006,0.9998,0.0222,0,-0.0038,-0.0222,0.9997,0,-0.0206,26.5525,-3.1933,1]},
{"frame":30,"values":[1,-0.0003,0.0032,0,0.0002,0.9996,0.0283,0,-0.0032,-0.0283,0.9996,0,-0.0206,26.5525,-3.1933,1]},
{"frame":31,"values":[1,0.0024,0.0055,0,-0.0026,0.9993,0.0374,0,-0.0054,-0.0375,0.9993,0,-0.0206,26.5525,-3.1933,1]},
{"frame":32,"values":[1,0.0035,0.0068,0,-0.0038,0.9987,0.0511,0,-0.0066,-0.0511,0.9987,0,-0.0206,26.5525,-3.1933,1]},
{"frame":33,"values":[1,0.0035,0.0057,0,-0.0039,0.9976,0.0695,0,-0.0055,-0.0695,0.9976,0,-0.0206,26.5525,-3.1933,1]},
{"frame":34,"values":[1,0.0042,0.0045,0,-0.0046,0.9959,0.0906,0,-0.0041,-0.0906,0.9959,0,-0.0206,26.5525,-3.1933,1]},
{"frame":35,"values":[1,0.0067,0.002,0,-0.0069,0.9937,0.1116,0,-0.0012,-0.1116,0.9938,0,-0.0206,26.5525,-3.1933,1]},
{"frame":36,"values":[1,0.0093,0.0025,0,-0.0095,0.993,0.1177,0,-0.0014,-0.1177,0.993,0,-0.0206,26.5525,-3.1933,1]},
{"frame":37,"values":[0.9999,0.0122,0.0021,0,-0.0124,0.9929,0.1185,0,-0.0006,-0.1186,0.9929,0,-0.0206,26.5525,-3.1933,1]},
{"frame":38,"values":[0.9999,0.0147,0.0016,0,-0.0147,0.9927,0.1198,0,0.0002,-0.1198,0.9928,0,-0.0206,26.5525,-3.1933,1]},
{"frame":39,"values":[0.9999,0.0159,0.0031,0,-0.0162,0.9925,0.121,0,-0.0012,-0.1211,0.9926,0,-0.0206,26.5525,-3.1933,1]},
{"frame":40,"values":[0.9998,0.0159,0.008,0,-0.0168,0.9922,0.1239,0,-0.0059,-0.124,0.9923,0,-0.0206,26.5525,-3.1933,1]},
{"frame":41,"values":[0.9998,0.0143,0.0137,0,-0.0159,0.9921,0.1246,0,-0.0118,-0.1248,0.9921,0,-0.0206,26.5525,-3.1933,1]},
{"frame":42,"values":[0.9998,0.0121,0.0168,0,-0.0141,0.9921,0.1244,0,-0.0152,-0.1246,0.9921,0,-0.0206,26.5525,-3.1933,1]},
{"frame":43,"values":[0.9998,0.0108,0.0167,0,-0.0128,0.9923,0.1232,0,-0.0152,-0.1234,0.9922,0,-0.0206,26.5525,-3.1933,1]},
{"frame":44,"values":[0.9998,0.0121,0.0131,0,-0.0136,0.9924,0.1224,0,-0.0115,-0.1225,0.9924,0,-0.0206,26.5525,-3.1933,1]},
{"frame":45,"values":[0.9999,0.0125,0.0088,0,-0.0134,0.9925,0.1217,0,-0.0072,-0.1218,0.9925,0,-0.0206,26.5525,-3.1933,1]},
{"frame":46,"values":[0.9999,0.0115,0.0074,0,-0.0123,0.9927,0.1202,0,-0.0059,-0.1202,0.9927,0,-0.0206,26.5525,-3.1933,1]},
{"frame":47,"values":[0.9999,0.011,0.0073,0,-0.0118,0.9926,0.1212,0,-0.0059,-0.1213,0.9926,0,-0.0206,26.5525,-3.1933,1]}],"loopBehavior":1,"name":"anim","property":"_matrix"}},
{"name":"mixamorig:Neck","index":4,"matrix":[0.9997,-0.0038,0.0231,0,0.0087,0.9772,-0.212,0,-0.0218,0.2121,0.977,0,-0.06,30.7018,1.3522,1],"rest":[1,0,0,0,0,1,0,0,0,0,1,0,-0.06,30.7018,1.3522,1],"parentBoneIndex":3,"length":22.8446
,"animation":{"dataType":3,"framePerSecond":24,"keys":[
{"frame":1,"values":[0.9997,-0.0038,0.0231,0,0.0087,0.9772,-0.212,0,-0.0218,0.2121,0.977,0,-0.06,30.7018,1.3522,1]},
{"frame":2,"values":[0.9996,-0.0012,0.0266,0,0.0062,0.9816,-0.1908,0,-0.0258,0.1909,0.9813,0,-0.06,30.7018,1.3522,1]},
{"frame":3,"values":[0.9996,-0.0015,0.0271,0,0.0057,0.9882,-0.1533,0,-0.0266,0.1534,0.9878,0,-0.06,30.7018,1.3522,1]},
{"frame":4,"values":[0.9997,-0.0129,0.0213,0,0.0145,0.9968,-0.0786,0,-0.0202,0.0788,0.9967,0,-0.06,30.7018,1.3522,1]},
{"frame":5,"values":[0.9991,-0.0403,0.0095,0,0.0399,0.9983,0.0436,0,-0.0112,-0.0432,0.999,0,-0.06,30.7018,1.3522,1]},
{"frame":6,"values":[0.9944,-0.1058,-0.0059,0,0.1057,0.9851,0.1358,0,-0.0085,-0.1356,0.9907,0,-0.06,30.7018,1.3522,1]},
{"frame":7,"values":[0.9936,-0.1126,-0.0111,0,0.1131,0.9862,0.1212,0,-0.0027,-0.1217,0.9926,0,-0.06,30.7018,1.3522,1]},
{"frame":8,"values":[0.9979,-0.0643,-0.0005,0,0.0642,0.9964,0.0549,0,-0.003,-0.0548,0.9985,0,-0.06,30.7018,1.3522,1]},
{"frame":9,"values":[0.9991,-0.0429,-0.0003,0,0.0429,0.9991,0.0011,0,0.0003,-0.0011,1,0,-0.06,30.7018,1.3522,1]},
{"frame":10,"values":[0.9997,-0.0196,0.014,0,0.0206,0.997,-0.0741,0,-0.0125,0.0744,0.9972,0,-0.06,30.7018,1.3522,1]},
{"frame":11,"values":[0.9994,0.0233,0.0254,0,-0.0202,0.9931,-0.1157,0,-0.028,0.1152,0.993,0,-0.06,30.7018,1.3522,1]},
{"frame":12,"values":[0.9989,0.0257,0.038,0,-0.0214,0.9938,-0.1092,0,-0.0405,0.1083,0.9933,0,-0.06,30.7018,1.3522,1]},
{"frame":13,"values":[0.9984,0.0341,0.0444,0,-0.03,0.9956,-0.089,0,-0.0473,0.0875,0.995,0,-0.06,30.7019,1.3522,1]},
{"frame":14,"values":[0.9988,0.0186,0.0457,0,-0.0141,0.9953,-0.0953,0,-0.0473,0.0946,0.9944,0,-0.06,30.7018,1.3522,1]},
{"frame":15,"values":[0.9993,-0.0205,0.0323,0,0.0187,0.9983,0.0557,0,-0.0334,-0.055,0.9979,0,-0.06,30.7018,1.3522,1]},
{"frame":16,"values":[0.9977,-0.0674,0.0043,0,0.0614,0.9328,0.3552,0,-0.0279,-0.3542,0.9348,0,-0.06,30.7018,1.3522,1]},
{"frame":17,"values":[0.9982,-0.0597,0.0017,0,0.0451,0.772,0.6341,0,-0.0391,-0.6329,0.7733,0,-0.06,30.7018,1.3522,1]},
{"frame":18,"values":[0.9989,-0.0468,0.0068,0,0.0254,0.6521,0.7577,0,-0.0399,-0.7567,0.6526,0,-0.06,30.7018,1.3522,1]},
{"frame":19,"values":[0.9985,-0.0452,0.0294,0,0.0106,0.6991,0.715,0,-0.0528,-0.7136,0.6986,0,-0.06,30.7018,1.3522,1]},
{"frame":20,"values":[0.9982,-0.0304,0.0522,0,-0.004,0.8299,0.5579,0,-0.0603,-0.5571,0.8283,0,-0.06,30.7018,1.3522,1]},
{"frame":21,"values":[0.9978,-0.0244,0.0609,0,0.0048,0.9527,0.304,0,-0.0655,-0.303,0.9507,0,-0.06,30.7018,1.3522,1]},
{"frame":22,"values":[0.9972,-0.0179,0.0729,0,0.0146,0.9989,0.0455,0,-0.0737,-0.0443,0.9963,0,-0.06,30.7018,1.3522,1]},
{"frame":23,"values":[0.9968,-0.0102,0.0791,0,0.0138,0.9989,-0.0448,0,-0.0786,0.0457,0.9959,0,-0.06,30.7018,1.3522,1]},
{"frame":24,"values":[0.9965,-0.0159,0.0824,0,0.0195,0.9989,-0.0422,0,-0.0816,0.0437,0.9957,0,-0.06,30.7018,1.3522,1]},
{"frame":25,"values":[0.9962,-0.0251,0.083,0,0.0256,0.9997,-0.0044,0,-0.0829,0.0065,0.9965,0,-0.06,30.7018,1.3522,1]},
{"frame":26,"values":[0.9961,-0.0346,0.0814,0,0.0341,0.9994,0.0072,0,-0.0816,-0.0044,0.9967,0,-0.06,30.7018,1.3522,1]},
{"frame":27,"values":[0.9967,-0.0432,0.0692,0,0.0447,0.9988,-0.0204,0,-0.0682,0.0234,0.9974,0,-0.06,30.7018,1.3522,1]},
{"frame":28,"values":[0.9968,-0.0375,0.0708,0,0.041,0.9979,-0.0495,0,-0.0688,0.0523,0.9963,0,-0.06,30.7018,1.3522,1]},
{"frame":29,"values":[0.9966,-0.04,0.0717,0,0.0432,0.9981,-0.0429,0,-0.0699,0.0458,0.9965,0,-0.06,30.7018,1.3522,1]},
{"frame":30,"values":[0.9964,-0.0406,0.0739,0,0.043,0.9986,-0.0322,0,-0.0725,0.0352,0.9967,0,-0.06,30.7018,1.3522,1]},
{"frame":31,"values":[0.9969,-0.033,0.0718,0,0.0339,0.9994,-0.011,0,-0.0713,0.0134,0.9974,0,-0.06,30.7018,1.3522,1]},
{"frame":32,"values":[0.9971,-0.0217,0.0733,0,0.0205,0.9996,0.0171,0,-0.0736,-0.0155,0.9972,0,-0.06,30.7018,1.3522,1]},
{"frame":33,"values":[0.9971,-0.0186,0.0735,0,0.0121,0.996,0.0887,0,-0.0748,-0.0875,0.9933,0,-0.06,30.7018,1.3522,1]},
{"frame":34,"values":[0.9973,-0.0276,0.0678,0,0.0145,0.9823,0.1867,0,-0.0718,-0.1852,0.9801,0,-0.06,30.7018,1.3522,1]},
{"frame":35,"values":[0.997,-0.0179,0.0748,0,0.0018,0.9775,0.2108,0,-0.0769,-0.2101,0.9747,0,-0.06,30.7018,1.3522,1]},
{"frame":36,"values":[0.9966,-0.006,0.0826,0,-0.0098,0.9818,0.1897,0,-0.0822,-0.1899,0.9784,0,-0.06,30.7018,1.3522,1]},
{"frame":37,"values":[0.9963,-0.0082,0.0861,0,-0.0046,0.9891,0.1471,0,-0.0864,-0.147,0.9854,0,-0.06,30.7018,1.3522,1]},
{"frame":38,"values":[0.9965,-0.0135,0.0819,0,0.0068,0.9966,0.0815,0,-0.0828,-0.0807,0.9933,0,-0.06,30.7018,1.3522,1]},
{"frame":39,"values":[0.9972,-0.0207,0.0723,0,0.021,0.9998,-0.0028,0,-0.0723,0.0043,0.9974,0,-0.06,30.7018,1.3522,1]},
{"frame":40,"values":[0.998,-0.0251,0.058,0,0.0312,0.9939,-0.1062,0,-0.055,0.1078,0.9926,0,-0.06,30.7018,1.3522,1]},
{"frame":41,"values":[0.9987,-0.0251,0.0443,0,0.0328,0.9827,-0.1825,0,-0.0389,0.1837,0.9822,0,-0.06,30.7018,1.3522,1]},
{"frame":42,"values":[0.9991,-0.0262,0.0334,0,0.0333,0.9722,-0.232,0,-0.0264,0.2329,0.9722,0,-0.06,30.7018,1.3522,1]},
{"frame":43,"values":[0.999,-0.0355,0.0269,0,0.0413,0.9651,-0.2585,0,-0.0168,0.2594,0.9656,0,-0.06,30.7018,1.3522,1]},
{"frame":44,"values":[0.9989,-0.0399,0.0241,0,0.0448,0.9644,-0.2605,0,-0.0128,0.2613,0.9652,0,-0.06,30.7018,1.3522,1]},
{"frame":45,"values":[0.9992,-0.0343,0.0228,0,0.0388,0.9688,-0.245,0,-0.0137,0.2456,0.9693,0,-0.06,30.7018,1.3522,1]},
{"frame":46,"values":[0.9996,-0.0158,0.0225,0,0.0204,0.9748,-0.2222,0,-0.0184,0.2226,0.9747,0,-0.06,30.7018,1.3522,1]},
{"frame":47,"values":[0.9997,-0.0038,0.0231,0,0.0087,0.9772,-0.212,0,-0.0218,0.2121,0.977,0,-0.06,30.7018,1.3522,1]}],"loopBehavior":1,"name":"anim","property":"_matrix"}},
{"name":"mixamorig:Head","index":5,"matrix":[0.9995,0.0085,0.0294,0,0,0.9607,-0.2776,0,-0.0306,0.2775,0.9602,0,-0.0872,22.5476,3.6709,1],"rest":[1,0,0,0,0,1,0,0,0,0,1,0,-0.0872,22.5476,3.6709,1],"parentBoneIndex":4,"length":30.5924
,"animation":{"dataType":3,"framePerSecond":24,"keys":[
{"frame":1,"values":[0.9995,0.0085,0.0294,0,0,0.9607,-0.2776,0,-0.0306,0.2775,0.9602,0,-0.0872,22.5476,3.6709,1]},
{"frame":2,"values":[0.9995,0.0015,0.0324,0,0.0084,0.9533,-0.302,0,-0.0314,0.3021,0.9528,0,-0.0872,22.5476,3.6709,1]},
{"frame":3,"values":[0.9994,0.0011,0.0333,0,0.0107,0.936,-0.3519,0,-0.0316,0.3521,0.9354,0,-0.0872,22.5476,3.6709,1]},
{"frame":4,"values":[0.9995,0.0102,0.0304,0,0.0031,0.9133,-0.4073,0,-0.0319,0.4072,0.9128,0,-0.0872,22.5476,3.6709,1]},
{"frame":5,"values":[0.9994,0.0228,0.0275,0,-0.0088,0.9028,-0.4299,0,-0.0346,0.4294,0.9025,0,-0.0872,22.5476,3.6709,1]},
{"frame":6,"values":[0.998,0.0531,0.0338,0,-0.0336,0.9035,-0.4272,0,-0.0533,0.4252,0.9035,0,-0.0872,22.5476,3.6709,1]},
{"frame":7,"values":[0.999,0.0342,0.03,0,-0.0166,0.8883,-0.4589,0,-0.0424,0.4579,0.888,0,-0.0872,22.5476,3.6709,1]},
{"frame":8,"values":[0.9997,-0.0006,0.0257,0,0.0144,0.8412,-0.5406,0,-0.0213,0.5408,0.8409,0,-0.0872,22.5476,3.6709,1]},
{"frame":9,"values":[0.9997,-0.0091,0.0204,0,0.0199,0.78,-0.6254,0,-0.0102,0.6257,0.78,0,-0.0872,22.5476,3.6709,1]},
{"frame":10,"values":[0.9997,0.0044,0.0242,0,0.0132,0.7332,-0.6799,0,-0.0208,0.68,0.7329,0,-0.0872,22.5476,3.6709,1]},
{"frame":11,"values":[0.999,-0.0287,0.0337,0,0.0442,0.6952,-0.7174,0,-0.0029,0.7182,0.6958,0,-0.0872,22.5476,3.6709,1]},
{"frame":12,"values":[0.9978,-0.0453,0.0493,0,0.0669,0.6974,-0.7135,0,-0.002,0.7152,0.6989,0,-0.0872,22.5476,3.6709,1]},
{"frame":13,"values":[0.9968,-0.0572,0.0559,0,0.08,0.71,-0.6997,0,0.0004,0.7019,0.7123,0,-0.0872,22.5476,3.6709,1]},
{"frame":14,"values":[0.9973,-0.0474,0.0566,0,0.0727,0.7616,-0.644,0,-0.0126,0.6463,0.763,0,-0.0872,22.5476,3.6709,1]},
{"frame":15,"values":[0.9988,-0.0146,0.0471,0,0.0419,0.7555,-0.6538,0,-0.0261,0.655,0.7552,0,-0.0872,22.5476,3.6709,1]},
{"frame":16,"values":[0.999,0.0266,0.0356,0,0.0079,0.6828,-0.7305,0,-0.0437,0.7301,0.6819,0,-0.0872,22.5476,3.6709,1]},
{"frame":17,"values":[0.9989,0.0249,0.0386,0,0.012,0.6696,-0.7427,0,-0.0444,0.7423,0.6686,0,-0.0872,22.5476,3.6709,1]},
{"frame":18,"values":[0.9983,0.0419,0.0402,0,-0.0105,0.8115,-0.5843,0,-0.0571,0.5829,0.8105,0,-0.0872,22.5476,3.6709,1]},
{"frame":19,"values":[0.9962,0.0691,0.0533,0,-0.0311,0.8519,-0.5228,0,-0.0815,0.5192,0.8508,0,-0.0872,22.5476,3.6709,1]},
{"frame":20,"values":[0.9966,0.0538,0.0624,0,-0.0119,0.8437,-0.5366,0,-0.0815,0.5341,0.8415,0,-0.0872,22.5476,3.6709,1]},
{"frame":21,"values":[0.996,0.0641,0.0626,0,-0.0194,0.8365,-0.5477,0,-0.0874,0.5443,0.8344,0,-0.0872,22.5476,3.6709,1]},
{"frame":22,"values":[0.996,0.0497,0.0742,0,-0.0061,0.8668,-0.4986,0,-0.0891,0.4962,0.8636,0,-0.0872,22.5476,3.6709,1]},
{"frame":23,"values":[0.9962,0.0292,0.0817,0,0.0111,0.8912,-0.4535,0,-0.0861,0.4527,0.8875,0,-0.0872,22.5476,3.6709,1]},
{"frame":24,"values":[0.9954,0.0407,0.0871,0,-0.0035,0.9205,-0.3907,0,-0.0961,0.3886,0.9164,0,-0.0872,22.5476,3.6709,1]},
{"frame":25,"values":[0.9949,0.0461,0.0894,0,-0.0108,0.9327,-0.3605,0,-0.1,0.3577,0.9285,0,-0.0872,22.5476,3.6709,1]},
{"frame":26,"values":[0.9945,0.0547,0.0898,0,-0.0211,0.9404,-0.3395,0,-0.103,0.3357,0.9363,0,-0.0872,22.5476,3.6709,1]},
{"frame":27,"values":[0.9955,0.0511,0.0793,0,-0.0205,0.9375,-0.3473,0,-0.092,0.3441,0.9344,0,-0.0872,22.5476,3.6709,1]},
{"frame":28,"values":[0.9955,0.0493,0.0805,0,-0.0215,0.9487,-0.3155,0,-0.0919,0.3123,0.9455,0,-0.0872,22.5476,3.6709,1]},
{"frame":29,"values":[0.9951,0.0557,0.0818,0,-0.029,0.9544,-0.297,0,-0.0947,0.2932,0.9514,0,-0.0872,22.5476,3.6709,1]},
{"frame":30,"values":[0.9949,0.0547,0.0841,0,-0.0284,0.9574,-0.2875,0,-0.0963,0.2837,0.9541,0,-0.0872,22.5476,3.6709,1]},
{"frame":31,"values":[0.9953,0.0522,0.0815,0,-0.03,0.9669,-0.2532,0,-0.0921,0.2496,0.964,0,-0.0872,22.5476,3.6709,1]},
{"frame":32,"values":[0.9953,0.051,0.0819,0,-0.0328,0.9771,-0.2104,0,-0.0907,0.2067,0.9742,0,-0.0872,22.5476,3.6709,1]},
{"frame":33,"values":[0.9953,0.0523,0.081,0,-0.0351,0.9789,-0.2013,0,-0.0898,0.1975,0.9762,0,-0.0872,22.5476,3.6709,1]},
{"frame":34,"values":[0.995,0.0645,0.0759,0,-0.0447,0.9701,-0.2384,0,-0.089,0.2338,0.9682,0,-0.0872,22.5476,3.6709,1]},
{"frame":35,"values":[0.9951,0.0604,0.0786,0,-0.0383,0.9657,-0.2569,0,-0.0914,0.2526,0.9632,0,-0.0872,22.5476,3.6709,1]},
{"frame":36,"values":[0.995,0.0572,0.0821,0,-0.0344,0.9659,-0.2566,0,-0.094,0.2525,0.963,0,-0.0872,22.5476,3.6709,1]},
{"frame":37,"values":[0.9943,0.0634,0.0863,0,-0.039,0.965,-0.2592,0,-0.0997,0.2544,0.962,0,-0.0872,22.5476,3.6709,1]},
{"frame":38,"values":[0.9943,0.0653,0.0837,0,-0.0408,0.963,-0.2665,0,-0.098,0.2616,0.9602,0,-0.0872,22.5476,3.6709,1]},
{"frame":39,"values":[0.9951,0.0631,0.0766,0,-0.0405,0.9628,-0.2673,0,-0.0906,0.2629,0.9606,0,-0.0872,22.5476,3.6709,1]},
{"frame":40,"values":[0.9965,0.054,0.0645,0,-0.0355,0.9651,-0.2595,0,-0.0762,0.2563,0.9636,0,-0.0872,22.5476,3.6709,1]},
{"frame":41,"values":[0.9977,0.0452,0.0512,0,-0.0302,0.9647,-0.2617,0,-0.0613,0.2595,0.9638,0,-0.0872,22.5476,3.6709,1]},
{"frame":42,"values":[0.9985,0.037,0.0406,0,-0.0244,0.9612,-0.2748,0,-0.0492,0.2734,0.9607,0,-0.0872,22.5476,3.6709,1]},
{"frame":43,"values":[0.9987,0.0366,0.0344,0,-0.0252,0.9579,-0.2858,0,-0.0434,0.2846,0.9577,0,-0.0872,22.5476,3.6709,1]},
{"frame":44,"values":[0.999,0.0309,0.0319,0,-0.0205,0.9583,-0.2849,0,-0.0394,0.284,0.958,0,-0.0872,22.5476,3.6709,1]},
{"frame":45,"values":[0.9993,0.0229,0.0306,0,-0.0134,0.9596,-0.2812,0,-0.0358,0.2806,0.9592,0,-0.0872,22.5476,3.6709,1]},
{"frame":46,"values":[0.9995,0.0133,0.0295,0,-0.0044,0.959,-0.2834,0,-0.0321,0.2832,0.9585,0,-0.0872,22.5476,3.6709,1]},
{"frame":47,"values":[0.9995,0.0085,0.0294,0,0,0.9607,-0.2776,0,-0.0306,0.2775,0.9602,0,-0.0872,22.5476,3.6709,1]}],"loopBehavior":1,"name":"anim","property":"_matrix"}},
{"name":"mixamorig:HeadTop_End","index":6,"matrix":[1,0,0,0,0,1,0,0,0,0,1,0,-0.8306,40.3553,7.8935,1],"rest":[1,0,0,0,0,1,0,0,0,0,1,0,-0.8306,40.3552,7.8935,1],"parentBoneIndex":5,"length":30.5923
,"animation":{"dataType":3,"framePerSecond":24,"keys":[
{"frame":1,"values":[1,0,0,0,0,1,0,0,0,0,1,0,-0.8306,40.3553,7.8935,1]},
{"frame":2,"values":[1,0,0,0,0,1,0,0,0,0,1,0,-0.8306,40.3552,7.8935,1]},
{"frame":22,"values":[1,0,0,0,0,1,0,0,0,0,1,0,-0.8306,40.3553,7.8935,1]},
{"frame":23,"values":[1,0,0,0,0,1,0,0,0,0,1,0,-0.8306,40.3552,7.8935,1]},
{"frame":34,"values":[1,0,0,0,0,1,0,0,0,0,1,0,-0.8306,40.3553,7.8935,1]},
{"frame":35,"values":[1,0,0,0,0,1,0,0,0,0,1,0,-0.8306,40.3552,7.8935,1]},
{"frame":40,"values":[1,0,0,0,0,1,0,0,0,0,1,0,-0.8306,40.3553,7.8935,1]},
{"frame":41,"values":[1,0,0,0,0,1,0,0,0,0,1,0,-0.8306,40.3552,7.8935,1]},
{"frame":47,"values":[1,0,0,0,0,1,0,0,0,0,1,0,-0.8306,40.3552,7.8935,1]}],"loopBehavior":1,"name":"anim","property":"_matrix"}},
{"name":"mixamorig:RightEye","index":7,"matrix":[1,0,0,0,0,1,0,0,0,0,1,0,-6.3021,18.1187,16.1971,1],"rest":[1,0,0,0,0,1,0,0,0,0,1,0,-6.3021,18.1186,16.1971,1],"parentBoneIndex":5,"length":30.5924
,"animation":{"dataType":3,"framePerSecond":24,"keys":[
{"frame":1,"values":[1,0,0,0,0,1,0,0,0,0,1,0,-6.3021,18.1187,16.1971,1]},
{"frame":2,"values":[1,0,0,0,0,1,0,0,0,0,1,0,-6.3021,18.1186,16.1971,1]},
{"frame":17,"values":[1,0,0,0,0,1,0,0,0,0,1,0,-6.3021,18.1185,16.1971,1]},
{"frame":18,"values":[1,0,0,0,0,1,0,0,0,0,1,0,-6.3021,18.1186,16.1971,1]},
{"frame":22,"values":[1,0,0,0,0,1,0,0,0,0,1,0,-6.3021,18.1187,16.1971,1]},
{"frame":23,"values":[1,0,0,0,0,1,0,0,0,0,1,0,-6.3021,18.1186,16.1971,1]},
{"frame":34,"values":[1,0,0,0,0,1,0,0,0,0,1,0,-6.3021,18.1187,16.1971,1]},
{"frame":35,"values":[1,0,0,0,0,1,0,0,0,0,1,0,-6.3021,18.1186,16.1971,1]},
{"frame":46,"values":[1,0,0,0,0,1,0,0,0,0,1,0,-6.3021,18.1185,16.1971,1]},
{"frame":47,"values":[1,0,0,0,0,1,0,0,0,0,1,0,-6.3021,18.1186,16.1971,1]}],"loopBehavior":1,"name":"anim","property":"_matrix"}},
{"name":"mixamorig:LeftEye","index":8,"matrix":[1,0,0,0,0,1,0,0,0,0,1,0,6.7415,18.3828,16.4019,1],"rest":[1,0,0,0,0,1,0,0,0,0,1,0,6.7415,18.3827,16.4019,1],"parentBoneIndex":5,"length":30.5924
,"animation":{"dataType":3,"framePerSecond":24,"keys":[
{"frame":1,"values":[1,0,0,0,0,1,0,0,0,0,1,0,6.7415,18.3828,16.4019,1]},
{"frame":2,"values":[1,0,0,0,0,1,0,0,0,0,1,0,6.7415,18.3827,16.4019,1]},
{"frame":22,"values":[1,0,0,0,0,1,0,0,0,0,1,0,6.7415,18.3828,16.4019,1]},
{"frame":23,"values":[1,0,0,0,0,1,0,0,0,0,1,0,6.7415,18.3827,16.4019,1]},
{"frame":34,"values":[1,0,0,0,0,1,0,0,0,0,1,0,6.7415,18.3828,16.4019,1]},
{"frame":35,"values":[1,0,0,0,0,1,0,0,0,0,1,0,6.7415,18.3827,16.4019,1]},
{"frame":46,"values":[1,0,0,0,0,1,0,0,0,0,1,0,6.7415,18.3826,16.4019,1]},
{"frame":47,"values":[1,0,0,0,0,1,0,0,0,0,1,0,6.7415,18.3827,16.4019,1]}],"loopBehavior":1,"name":"anim","property":"_matrix"}},
