{"producer":{"name":"Blender","version":"2.90.0","exporter_version":"2.80.1","file":"option_stretchneck.babylon"},
"autoClear":true,"clearColor":[0.0509,0.0509,0.0509],"gravity":[0,-9.81,0],
"materials":[{"name":"Material","id":"Material","customType":"BABYLON.PBRMaterial","backFaceCulling":true,"checkReadyOnlyOnce":false,"maxSimultaneousLights":4,"environmentIntensity":1,"albedo":[0.8,0.8,0.8],"reflectivity":[0.5,0.5,0.5],"roughness":0.4,"alpha":1,"transparencyMode":0,"alphaCutOff":0.4,"metallic":0}],
"multiMaterials":[],
"skeletons":[{"name":"Armature","id":0,"dimensionsAtRest":[379.1952,391.6652,55.677],"bones":[
{"name":"mixamorig:Hips","index":0,"matrix":[0.9978,-0.0551,0.036,0,0.0526,0.9964,0.0672,0,0.0396,0.0652,-0.9971,0,0.4737,200.3126,1.0248,1],"rest":[1,0,0,0,0,1,0,0,0,0,-1,0,0,201.6394,0,1],"parentBoneIndex":-1,"length":21.6784
,"animation":{"dataType":3,"framePerSecond":24,"keys":[
{"frame":1,"values":[0.9978,-0.0551,0.036,0,0.0526,0.9964,0.0672,0,0.0396,0.0652,-0.9971,0,0.4737,200.3126,1.0248,1]},
{"frame":2,"values":[0.9979,-0.0549,0.0356,0,0.0524,0.9964,0.0669,0,0.0392,0.0648,-0.9971,0,0.4577,200.3127,0.9687,1]},
{"frame":3,"values":[0.9979,-0.0547,0.0352,0,0.0523,0.9964,0.0663,0,0.0387,0.0643,-0.9972,0,0.4331,200.3094,0.911,1]},
{"frame":4,"values":[0.9979,-0.0547,0.0347,0,0.0524,0.9965,0.0655,0,0.0382,0.0635,-0.9973,0,0.4001,200.3068,0.8458,1]},
{"frame":5,"values":[0.9979,-0.055,0.0345,0,0.0527,0.9965,0.0646,0,0.0379,0.0627,-0.9973,0,0.3575,200.3095,0.7667,1]},
{"frame":6,"values":[0.9978,-0.0559,0.0345,0,0.0536,0.9965,0.0638,0,0.038,0.0618,-0.9974,0,0.2989,200.3107,0.6756,1]},
{"frame":7,"values":[0.9978,-0.0571,0.0346,0,0.0548,0.9965,0.063,0,0.0381,0.061,-0.9974,0,0.2237,200.3103,0.5842,1]},
{"frame":8,"values":[0.9977,-0.0586,0.0347,0,0.0564,0.9965,0.0619,0,0.0382,0.0598,-0.9975,0,0.1418,200.31,0.5004,1]},
{"frame":9,"values":[0.9976,-0.0601,0.0347,0,0.058,0.9965,0.0605,0,0.0382,0.0584,-0.9976,0,0.0631,200.3105,0.4196,1]},
{"frame":10,"values":[0.9975,-0.0615,0.0343,0,0.0595,0.9965,0.0588,0,0.0378,0.0566,-0.9977,0,-0.0057,200.3112,0.3353,1]},
{"frame":11,"values":[0.9975,-0.0628,0.0338,0,0.0609,0.9965,0.0566,0,0.0372,0.0544,-0.9978,0,-0.0602,200.3142,0.2466,1]},
{"frame":12,"values":[0.9974,-0.0644,0.0332,0,0.0625,0.9966,0.0542,0,0.0365,0.052,-0.998,0,-0.1052,200.3199,0.158,1]},
{"frame":13,"values":[0.9973,-0.0662,0.0325,0,0.0645,0.9966,0.0519,0,0.0359,0.0496,-0.9981,0,-0.1429,200.3267,0.0691,1]},
{"frame":14,"values":[0.9972,-0.0678,0.0317,0,0.0662,0.9966,0.0498,0,0.035,0.0475,-0.9983,0,-0.1647,200.3373,-0.0274,1]},
{"frame":15,"values":[0.9972,-0.0687,0.0308,0,0.0672,0.9966,0.0479,0,0.034,0.0457,-0.9984,0,-0.1658,200.3578,-0.1314,1]},
{"frame":16,"values":[0.9972,-0.0687,0.0302,0,0.0673,0.9967,0.0462,0,0.0333,0.044,-0.9985,0,-0.1474,200.3986,-0.2353,1]},
{"frame":17,"values":[0.9972,-0.0683,0.0301,0,0.0669,0.9968,0.0445,0,0.0331,0.0424,-0.9986,0,-0.1108,200.4684,-0.3304,1]},
{"frame":18,"values":[0.9973,-0.0675,0.0303,0,0.0662,0.9969,0.0426,0,0.033,0.0405,-0.9986,0,-0.0594,200.561,-0.4066,1]},
{"frame":19,"values":[0.9973,-0.0664,0.0304,0,0.0652,0.997,0.0406,0,0.033,0.0385,-0.9987,0,-0.0006,200.6665,-0.4486,1]},
{"frame":20,"values":[0.9974,-0.0652,0.0305,0,0.0641,0.9972,0.0384,0,0.0329,0.0363,-0.9988,0,0.0628,200.7701,-0.438,1]},
{"frame":21,"values":[0.9975,-0.0641,0.0301,0,0.063,0.9974,0.0361,0,0.0323,0.0341,-0.9989,0,0.1416,200.832,-0.3628,1]},
{"frame":22,"values":[0.9976,-0.0632,0.0289,0,0.0622,0.9975,0.0339,0,0.031,0.032,-0.999,0,0.2421,200.8229,-0.229,1]},
{"frame":23,"values":[0.9977,-0.0627,0.0273,0,0.0618,0.9976,0.0327,0,0.0293,0.0309,-0.9991,0,0.3576,200.7692,-0.0656,1]},
{"frame":24,"values":[0.9977,-0.0623,0.0256,0,0.0615,0.9976,0.0328,0,0.0276,0.0311,-0.9991,0,0.4834,200.7222,0.0946,1]},
{"frame":25,"values":[0.9978,-0.062,0.0238,0,0.0612,0.9976,0.0338,0,0.0258,0.0323,-0.9991,0,0.6232,200.6957,0.2439,1]},
{"frame":26,"values":[0.9979,-0.0618,0.0215,0,0.061,0.9975,0.0357,0,0.0237,0.0343,-0.9991,0,0.7802,200.6739,0.3903,1]},
{"frame":27,"values":[0.9979,-0.0617,0.0193,0,0.0609,0.9974,0.0382,0,0.0216,0.037,-0.9991,0,0.9452,200.6406,0.5366,1]},
{"frame":28,"values":[0.9979,-0.0617,0.0174,0,0.061,0.9973,0.0415,0,0.0199,0.0404,-0.999,0,1.0967,200.5904,0.679,1]},
{"frame":29,"values":[0.998,-0.0619,0.0158,0,0.0611,0.9971,0.0452,0,0.0186,0.0441,-0.9989,0,1.219,200.5403,0.8137,1]},
{"frame":30,"values":[0.998,-0.0621,0.0151,0,0.0613,0.9969,0.0488,0,0.018,0.0478,-0.9987,0,1.3165,200.5016,0.9506,1]},
{"frame":31,"values":[0.9979,-0.0626,0.0154,0,0.0618,0.9967,0.0522,0,0.0187,0.0512,-0.9985,0,1.3963,200.4659,1.1003,1]},
{"frame":32,"values":[0.9978,-0.0634,0.0168,0,0.0624,0.9965,0.0556,0,0.0203,0.0545,-0.9983,0,1.4551,200.4276,1.2544,1]},
{"frame":33,"values":[0.9978,-0.0642,0.0188,0,0.063,0.9963,0.059,0,0.0225,0.0577,-0.9981,0,1.4962,200.3995,1.4043,1]},
{"frame":34,"values":[0.9977,-0.0651,0.0212,0,0.0637,0.996,0.0624,0,0.0252,0.0609,-0.9978,0,1.5346,200.3852,1.5547,1]},
{"frame":35,"values":[0.9976,-0.0658,0.0236,0,0.0641,0.9958,0.0655,0,0.0278,0.0638,-0.9976,0,1.5799,200.3656,1.7128,1]},
{"frame":36,"values":[0.9975,-0.0662,0.0259,0,0.0643,0.9956,0.0684,0,0.0303,0.0665,-0.9973,0,1.632,200.3267,1.8822,1]},
{"frame":37,"values":[0.9974,-0.0662,0.0278,0,0.0641,0.9954,0.0712,0,0.0324,0.0693,-0.9971,0,1.6974,200.2795,2.0561,1]},
{"frame":38,"values":[0.9974,-0.0661,0.0292,0,0.0638,0.9952,0.074,0,0.034,0.0719,-0.9968,0,1.7777,200.2422,2.2164,1]},
{"frame":39,"values":[0.9974,-0.0659,0.0303,0,0.0634,0.9951,0.0764,0,0.0352,0.0743,-0.9966,0,1.8663,200.2139,2.3517,1]},
{"frame":40,"values":[0.9974,-0.0657,0.0311,0,0.0631,0.9949,0.0784,0,0.0361,0.0762,-0.9964,0,1.9629,200.1877,2.4693,1]},
{"frame":41,"values":[0.9973,-0.0654,0.0318,0,0.0627,0.9948,0.08,0,0.0369,0.0778,-0.9963,0,2.0674,200.1646,2.5775,1]},
{"frame":42,"values":[0.9973,-0.0652,0.0326,0,0.0624,0.9947,0.0815,0,0.0377,0.0793,-0.9961,0,2.1779,200.1418,2.6744,1]},
{"frame":43,"values":[0.9973,-0.0651,0.0333,0,0.0622,0.9946,0.0827,0,0.0385,0.0805,-0.996,0,2.2951,200.121,2.7533,1]},
{"frame":44,"values":[0.9973,-0.0649,0.0337,0,0.0619,0.9946,0.0837,0,0.039,0.0814,-0.9959,0,2.416,200.1122,2.8061,1]},
{"frame":45,"values":[0.9973,-0.0646,0.0338,0,0.0616,0.9945,0.0843,0,0.0391,0.0819,-0.9959,0,2.5354,200.1141,2.8257,1]},
{"frame":46,"values":[0.9974,-0.0642,0.0339,0,0.0611,0.9946,0.0843,0,0.0391,0.082,-0.9959,0,2.6536,200.1167,2.8136,1]},
{"frame":47,"values":[0.9974,-0.0638,0.0342,0,0.0608,0.9946,0.0839,0,0.0394,0.0816,-0.9959,0,2.7716,200.1183,2.7722,1]},
{"frame":48,"values":[0.9973,-0.0638,0.035,0,0.0607,0.9947,0.0831,0,0.0401,0.0808,-0.9959,0,2.8856,200.1264,2.6972,1]},
{"frame":49,"values":[0.9973,-0.0642,0.0361,0,0.061,0.9947,0.0822,0,0.0412,0.0797,-0.996,0,2.9907,200.157,2.5889,1]},
{"frame":50,"values":[0.9972,-0.065,0.0375,0,0.0618,0.9948,0.0806,0,0.0425,0.0781,-0.996,0,3.0852,200.2314,2.4749,1]},
{"frame":51,"values":[0.9971,-0.066,0.0389,0,0.0628,0.995,0.0782,0,0.0439,0.0755,-0.9962,0,3.1786,200.355,2.3964,1]},
{"frame":52,"values":[0.997,-0.0665,0.0406,0,0.0634,0.9952,0.0746,0,0.0454,0.0718,-0.9964,0,3.2777,200.5168,2.3675,1]},
{"frame":53,"values":[0.9969,-0.0662,0.0432,0,0.0631,0.9955,0.07,0,0.0476,0.0671,-0.9966,0,3.3812,200.7229,2.3832,1]},
{"frame":54,"values":[0.9968,-0.0654,0.0466,0,0.0623,0.9959,0.0649,0,0.0506,0.0618,-0.9968,0,3.4904,200.9642,2.454,1]},
{"frame":55,"values":[0.9967,-0.0642,0.0502,0,0.0612,0.9963,0.0598,0,0.0538,0.0565,-0.997,0,3.605,201.1669,2.6028,1]},
{"frame":56,"values":[0.9966,-0.0625,0.0529,0,0.0596,0.9967,0.0546,0,0.0562,0.0512,-0.9971,0,3.7127,201.2361,2.8508,1]},
{"frame":57,"values":[0.9967,-0.0599,0.0543,0,0.0573,0.9971,0.0494,0,0.0571,0.0462,-0.9973,0,3.7986,201.1194,3.1911,1]},
{"frame":58,"values":[0.9969,-0.0565,0.0543,0,0.0541,0.9975,0.045,0,0.0567,0.042,-0.9975,0,3.8522,200.8435,3.5577,1]},
{"frame":59,"values":[0.9972,-0.0527,0.0538,0,0.0505,0.9978,0.0424,0,0.056,0.0396,-0.9976,0,3.8738,200.5245,3.8505,1]},
{"frame":60,"values":[0.9974,-0.0492,0.0534,0,0.047,0.998,0.0415,0,0.0553,0.0389,-0.9977,0,3.8707,200.3009,4.0133,1]},
{"frame":61,"values":[0.9975,-0.0461,0.0528,0,0.0439,0.9982,0.0415,0,0.0546,0.0391,-0.9977,0,3.838,200.2129,4.0673,1]},
{"frame":62,"values":[0.9977,-0.0437,0.0517,0,0.0416,0.9982,0.0421,0,0.0534,0.0399,-0.9978,0,3.757,200.2068,4.0382,1]},
{"frame":63,"values":[0.9978,-0.042,0.0504,0,0.0398,0.9982,0.044,0,0.0522,0.0419,-0.9978,0,3.6159,200.2173,3.9076,1]},
{"frame":64,"values":[0.9979,-0.0407,0.0497,0,0.0383,0.9982,0.0469,0,0.0515,0.0449,-0.9977,0,3.4248,200.2183,3.662,1]},
{"frame":65,"values":[0.998,-0.0395,0.0495,0,0.037,0.9981,0.0502,0,0.0513,0.0483,-0.9975,0,3.207,200.218,3.3265,1]},
{"frame":66,"values":[0.998,-0.039,0.0494,0,0.0364,0.9979,0.0536,0,0.0514,0.0517,-0.9973,0,2.986,200.2309,2.9499,1]},
{"frame":67,"values":[0.998,-0.0394,0.0494,0,0.0366,0.9977,0.0568,0,0.0515,0.0548,-0.9972,0,2.7637,200.2586,2.5806,1]},
{"frame":68,"values":[0.998,-0.0405,0.0494,0,0.0376,0.9975,0.0593,0,0.0517,0.0574,-0.997,0,2.5191,200.2968,2.2427,1]},
{"frame":69,"values":[0.9979,-0.042,0.0493,0,0.0389,0.9974,0.0613,0,0.0517,0.0593,-0.9969,0,2.2419,200.3412,1.9395,1]},
{"frame":70,"values":[0.9978,-0.0436,0.0491,0,0.0405,0.9972,0.0627,0,0.0517,0.0605,-0.9968,0,1.9541,200.3801,1.6824,1]},
{"frame":71,"values":[0.9978,-0.0453,0.0488,0,0.0422,0.9971,0.0636,0,0.0516,0.0614,-0.9968,0,1.6784,200.3999,1.478,1]},
{"frame":72,"values":[0.9977,-0.047,0.048,0,0.0438,0.997,0.0644,0,0.0509,0.0622,-0.9968,0,1.4174,200.397,1.3173,1]},
{"frame":73,"values":[0.9977,-0.0486,0.0463,0,0.0455,0.9968,0.0651,0,0.0493,0.0628,-0.9968,0,1.1745,200.3743,1.2015,1]},
{"frame":74,"values":[0.9978,-0.0502,0.0437,0,0.0472,0.9967,0.0656,0,0.0468,0.0634,-0.9969,0,0.9576,200.3454,1.1295,1]},
{"frame":75,"values":[0.9978,-0.0518,0.0408,0,0.0491,0.9966,0.0661,0,0.0441,0.0639,-0.997,0,0.7673,200.3254,1.0826,1]},
{"frame":76,"values":[0.9978,-0.0535,0.0382,0,0.0509,0.9965,0.0667,0,0.0416,0.0646,-0.997,0,0.6042,200.3164,1.0486,1]},
{"frame":77,"values":[0.9978,-0.0551,0.036,0,0.0526,0.9964,0.0672,0,0.0396,0.0652,-0.9971,0,0.4737,200.3126,1.0248,1]}],"loopBehavior":1,"name":"anim","property":"_matrix"}},
{"name":"mixamorig:Spine","index":1,"matrix":[0.9987,0.0447,-0.0242,0,-0.0433,0.9973,0.0587,0,0.0268,-0.0576,0.998,0,0.0062,19.525,-2.4818,1],"rest":[1,0,0,0,0,1,0,0,0,0,1,0,0.0062,19.525,-2.4818,1],"parentBoneIndex":0,"length":23.0091
,"animation":{"dataType":3,"framePerSecond":24,"keys":[
{"frame":1,"values":[0.9987,0.0447,-0.0242,0,-0.0433,0.9973,0.0587,0,0.0268,-0.0576,0.998,0,0.0062,19.525,-2.4818,1]},
{"frame":2,"values":[0.9987,0.0447,-0.0242,0,-0.0433,0.9973,0.0587,0,0.0267,-0.0576,0.998,0,0.0062,19.525,-2.4818,1]},
{"frame":3,"values":[0.9987,0.0447,-0.0241,0,-0.0432,0.9973,0.0587,0,0.0266,-0.0576,0.998,0,0.0062,19.525,-2.4818,1]},
{"frame":4,"values":[0.9987,0.0444,-0.0239,0,-0.043,0.9974,0.0586,0,0.0265,-0.0575,0.998,0,0.0062,19.525,-2.4818,1]},
{"frame":5,"values":[0.9987,0.0441,-0.0238,0,-0.0426,0.9974,0.0584,0,0.0263,-0.0574,0.998,0,0.0062,19.525,-2.4818,1]},
{"frame":6,"values":[0.9988,0.0435,-0.0236,0,-0.0421,0.9974,0.0583,0,0.0261,-0.0572,0.998,0,0.0062,19.525,-2.4818,1]},
{"frame":7,"values":[0.9988,0.043,-0.0234,0,-0.0415,0.9974,0.0582,0,0.0258,-0.0571,0.998,0,0.0062,19.525,-2.4818,1]},
{"frame":8,"values":[0.9988,0.0424,-0.0232,0,-0.041,0.9975,0.0582,0,0.0256,-0.0571,0.998,0,0.0062,19.525,-2.4818,1]},
{"frame":9,"values":[0.9989,0.0419,-0.023,0,-0.0405,0.9975,0.0581,0,0.0254,-0.0572,0.998,0,0.0062,19.525,-2.4818,1]},
{"frame":10,"values":[0.9989,0.0414,-0.0228,0,-0.04,0.9975,0.0582,0,0.0251,-0.0572,0.998,0,0.0062,19.525,-2.4818,1]},
{"frame":11,"values":[0.9989,0.0408,-0.0227,0,-0.0395,0.9975,0.0582,0,0.025,-0.0572,0.998,0,0.0062,19.525,-2.4818,1]},
{"frame":12,"values":[0.9989,0.0403,-0.0226,0,-0.0389,0.9975,0.0583,0,0.0249,-0.0573,0.998,0,0.0062,19.525,-2.4818,1]},
{"frame":13,"values":[0.999,0.0399,-0.0226,0,-0.0385,0.9976,0.0583,0,0.0248,-0.0573,0.998,0,0.0062,19.525,-2.4818,1]},
{"frame":14,"values":[0.999,0.0395,-0.0226,0,-0.0382,0.9976,0.0582,0,0.0248,-0.0572,0.9981,0,0.0062,19.525,-2.4818,1]},
{"frame":15,"values":[0.999,0.0394,-0.0225,0,-0.038,0.9976,0.0579,0,0.0247,-0.057,0.9981,0,0.0062,19.525,-2.4818,1]},
{"frame":16,"values":[0.999,0.0393,-0.0222,0,-0.038,0.9976,0.0576,0,0.0244,-0.0567,0.9981,0,0.0062,19.525,-2.4818,1]},
{"frame":17,"values":[0.999,0.0393,-0.0217,0,-0.038,0.9976,0.0571,0,0.0239,-0.0562,0.9981,0,0.0062,19.525,-2.4818,1]},
{"frame":18,"values":[0.999,0.0394,-0.0213,0,-0.0381,0.9977,0.0567,0,0.0235,-0.0558,0.9982,0,0.0062,19.525,-2.4818,1]},
{"frame":19,"values":[0.999,0.0395,-0.0212,0,-0.0382,0.9977,0.0563,0,0.0233,-0.0554,0.9982,0,0.0062,19.525,-2.4818,1]},
{"frame":20,"values":[0.999,0.0397,-0.0211,0,-0.0384,0.9977,0.056,0,0.0232,-0.0551,0.9982,0,0.0062,19.525,-2.4818,1]},
{"frame":21,"values":[0.999,0.0399,-0.021,0,-0.0387,0.9977,0.0559,0,0.0232,-0.055,0.9982,0,0.0062,19.525,-2.4818,1]},
{"frame":22,"values":[0.999,0.0402,-0.021,0,-0.039,0.9977,0.056,0,0.0232,-0.0551,0.9982,0,0.0062,19.525,-2.4818,1]},
{"frame":23,"values":[0.999,0.0406,-0.0212,0,-0.0393,0.9976,0.0563,0,0.0234,-0.0554,0.9982,0,0.0062,19.525,-2.4818,1]},
{"frame":24,"values":[0.9989,0.0411,-0.0214,0,-0.0398,0.9976,0.0565,0,0.0236,-0.0556,0.9982,0,0.0062,19.525,-2.4818,1]},
{"frame":25,"values":[0.9989,0.0416,-0.0215,0,-0.0403,0.9976,0.0564,0,0.0238,-0.0555,0.9982,0,0.0062,19.525,-2.4818,1]},
{"frame":26,"values":[0.9989,0.042,-0.0217,0,-0.0407,0.9976,0.0563,0,0.024,-0.0553,0.9982,0,0.0062,19.525,-2.4818,1]},
{"frame":27,"values":[0.9989,0.0423,-0.0221,0,-0.041,0.9976,0.0562,0,0.0244,-0.0552,0.9982,0,0.0062,19.525,-2.4818,1]},
{"frame":28,"values":[0.9988,0.0426,-0.0226,0,-0.0413,0.9976,0.0561,0,0.0249,-0.0551,0.9982,0,0.0062,19.525,-2.4818,1]},
{"frame":29,"values":[0.9988,0.043,-0.0229,0,-0.0416,0.9976,0.0561,0,0.0252,-0.055,0.9982,0,0.0062,19.525,-2.4818,1]},
{"frame":30,"values":[0.9988,0.0432,-0.023,0,-0.0419,0.9976,0.0559,0,0.0253,-0.0549,0.9982,0,0.0062,19.525,-2.4818,1]},
{"frame":31,"values":[0.9988,0.0433,-0.023,0,-0.042,0.9976,0.0557,0,0.0253,-0.0547,0.9982,0,0.0062,19.525,-2.4818,1]},
{"frame":32,"values":[0.9988,0.0433,-0.023,0,-0.042,0.9976,0.0556,0,0.0254,-0.0545,0.9982,0,0.0062,19.525,-2.4818,1]},
{"frame":33,"values":[0.9988,0.0432,-0.0231,0,-0.0419,0.9976,0.0554,0,0.0255,-0.0544,0.9982,0,0.0062,19.525,-2.4818,1]},
{"frame":34,"values":[0.9988,0.0431,-0.0233,0,-0.0418,0.9976,0.0553,0,0.0256,-0.0543,0.9982,0,0.0062,19.525,-2.4818,1]},
{"frame":35,"values":[0.9988,0.043,-0.0236,0,-0.0417,0.9976,0.0553,0,0.0259,-0.0543,0.9982,0,0.0062,19.525,-2.4818,1]},
{"frame":36,"values":[0.9988,0.0429,-0.0238,0,-0.0415,0.9976,0.0555,0,0.0261,-0.0544,0.9982,0,0.0062,19.525,-2.4818,1]},
{"frame":37,"values":[0.9988,0.0428,-0.024,0,-0.0414,0.9976,0.0557,0,0.0264,-0.0546,0.9982,0,0.0062,19.525,-2.4818,1]},
{"frame":38,"values":[0.9988,0.0428,-0.0242,0,-0.0414,0.9976,0.0558,0,0.0266,-0.0547,0.9981,0,0.0062,19.525,-2.4818,1]},
{"frame":39,"values":[0.9988,0.0429,-0.0244,0,-0.0415,0.9976,0.0556,0,0.0267,-0.0545,0.9982,0,0.0062,19.525,-2.4818,1]},
{"frame":40,"values":[0.9988,0.043,-0.0245,0,-0.0416,0.9976,0.0552,0,0.0268,-0.0542,0.9982,0,0.0062,19.525,-2.4818,1]},
{"frame":41,"values":[0.9988,0.0431,-0.0245,0,-0.0417,0.9976,0.0548,0,0.0268,-0.0537,0.9982,0,0.0062,19.525,-2.4818,1]},
{"frame":42,"values":[0.9988,0.0431,-0.0245,0,-0.0418,0.9976,0.0544,0,0.0268,-0.0533,0.9982,0,0.0062,19.525,-2.4818,1]},
{"frame":43,"values":[0.9988,0.0432,-0.0246,0,-0.0418,0.9977,0.054,0,0.0269,-0.0529,0.9982,0,0.0062,19.525,-2.4818,1]},
{"frame":44,"values":[0.9988,0.0434,-0.0248,0,-0.042,0.9977,0.0537,0,0.027,-0.0526,0.9983,0,0.0062,19.525,-2.4818,1]},
{"frame":45,"values":[0.9987,0.0436,-0.0249,0,-0.0422,0.9977,0.0533,0,0.0272,-0.0522,0.9983,0,0.0062,19.525,-2.4818,1]},
{"frame":46,"values":[0.9987,0.0439,-0.025,0,-0.0425,0.9977,0.0531,0,0.0273,-0.052,0.9983,0,0.0062,19.525,-2.4818,1]},
{"frame":47,"values":[0.9987,0.044,-0.0252,0,-0.0427,0.9977,0.0529,0,0.0274,-0.0518,0.9983,0,0.0062,19.525,-2.4818,1]},
{"frame":48,"values":[0.9987,0.0442,-0.0254,0,-0.0428,0.9977,0.0528,0,0.0277,-0.0516,0.9983,0,0.0062,19.525,-2.4818,1]},
{"frame":49,"values":[0.9987,0.0445,-0.0257,0,-0.0431,0.9977,0.0526,0,0.0279,-0.0515,0.9983,0,0.0062,19.525,-2.4818,1]},
{"frame":50,"values":[0.9986,0.0452,-0.0258,0,-0.0437,0.9977,0.0526,0,0.0281,-0.0514,0.9983,0,0.0062,19.525,-2.4818,1]},
{"frame":51,"values":[0.9986,0.0463,-0.0259,0,-0.0449,0.9976,0.0527,0,0.0282,-0.0514,0.9983,0,0.0062,19.525,-2.4818,1]},
{"frame":52,"values":[0.9985,0.0477,-0.026,0,-0.0463,0.9976,0.0524,0,0.0284,-0.0511,0.9983,0,0.0062,19.525,-2.4818,1]},
{"frame":53,"values":[0.9985,0.049,-0.0262,0,-0.0476,0.9975,0.0518,0,0.0287,-0.0505,0.9983,0,0.0062,19.525,-2.4818,1]},
{"frame":54,"values":[0.9984,0.0499,-0.0264,0,-0.0485,0.9975,0.0509,0,0.0289,-0.0496,0.9984,0,0.0062,19.525,-2.4818,1]},
{"frame":55,"values":[0.9984,0.0506,-0.0267,0,-0.0492,0.9975,0.0504,0,0.0292,-0.049,0.9984,0,0.0062,19.525,-2.4818,1]},
{"frame":56,"values":[0.9983,0.0513,-0.0271,0,-0.0499,0.9975,0.0505,0,0.0296,-0.0491,0.9984,0,0.0062,19.525,-2.4818,1]},
{"frame":57,"values":[0.9983,0.0516,-0.0273,0,-0.0502,0.9974,0.0512,0,0.0299,-0.0498,0.9983,0,0.0062,19.525,-2.4818,1]},
{"frame":58,"values":[0.9983,0.0513,-0.0274,0,-0.0499,0.9974,0.0522,0,0.03,-0.0508,0.9983,0,0.0062,19.525,-2.4818,1]},
{"frame":59,"values":[0.9983,0.0507,-0.0274,0,-0.0492,0.9974,0.0532,0,0.0301,-0.0518,0.9982,0,0.0062,19.525,-2.4818,1]},
{"frame":60,"values":[0.9984,0.0504,-0.0275,0,-0.0488,0.9973,0.0539,0,0.0301,-0.0525,0.9982,0,0.0062,19.525,-2.4818,1]},
{"frame":61,"values":[0.9984,0.0503,-0.0273,0,-0.0488,0.9973,0.0545,0,0.03,-0.0531,0.9981,0,0.0062,19.525,-2.4818,1]},
{"frame":62,"values":[0.9984,0.0503,-0.0268,0,-0.0488,0.9973,0.0552,0,0.0295,-0.0538,0.9981,0,0.0062,19.525,-2.4818,1]},
{"frame":63,"values":[0.9984,0.0503,-0.026,0,-0.0487,0.9972,0.0563,0,0.0288,-0.0549,0.9981,0,0.0062,19.525,-2.4818,1]},
{"frame":64,"values":[0.9984,0.0502,-0.0252,0,-0.0487,0.9972,0.0575,0,0.0281,-0.0562,0.998,0,0.0062,19.525,-2.4818,1]},
{"frame":65,"values":[0.9984,0.05,-0.0248,0,-0.0484,0.9971,0.0584,0,0.0276,-0.0571,0.998,0,0.0062,19.525,-2.4818,1]},
{"frame":66,"values":[0.9985,0.0496,-0.0247,0,-0.0481,0.9971,0.0589,0,0.0275,-0.0577,0.998,0,0.0062,19.525,-2.4818,1]},
{"frame":67,"values":[0.9985,0.0491,-0.0248,0,-0.0475,0.9971,0.0592,0,0.0277,-0.0579,0.9979,0,0.0062,19.525,-2.4818,1]},
{"frame":68,"values":[0.9985,0.0485,-0.0249,0,-0.047,0.9971,0.0594,0,0.0277,-0.0581,0.9979,0,0.0062,19.525,-2.4818,1]},
{"frame":69,"values":[0.9985,0.048,-0.0247,0,-0.0464,0.9971,0.0595,0,0.0275,-0.0583,0.9979,0,0.0062,19.525,-2.4818,1]},
{"frame":70,"values":[0.9986,0.0474,-0.0243,0,-0.0459,0.9972,0.0597,0,0.027,-0.0585,0.9979,0,0.0062,19.525,-2.4818,1]},
{"frame":71,"values":[0.9986,0.047,-0.0239,0,-0.0455,0.9972,0.0598,0,0.0267,-0.0586,0.9979,0,0.0062,19.525,-2.4818,1]},
{"frame":72,"values":[0.9986,0.0466,-0.0238,0,-0.0451,0.9972,0.0597,0,0.0265,-0.0585,0.9979,0,0.0062,19.525,-2.4818,1]},
{"frame":73,"values":[0.9987,0.0461,-0.0239,0,-0.0446,0.9972,0.0596,0,0.0265,-0.0584,0.9979,0,0.0062,19.525,-2.4818,1]},
{"frame":74,"values":[0.9987,0.0456,-0.0241,0,-0.0441,0.9973,0.0595,0,0.0267,-0.0583,0.9979,0,0.0062,19.525,-2.4818,1]},
{"frame":75,"values":[0.9987,0.0452,-0.0242,0,-0.0437,0.9973,0.0594,0,0.0268,-0.0582,0.9979,0,0.0062,19.525,-2.4818,1]},
{"frame":76,"values":[0.9987,0.0449,-0.0243,0,-0.0434,0.9973,0.0591,0,0.0269,-0.058,0.998,0,0.0062,19.525,-2.4818,1]},
{"frame":77,"values":[0.9987,0.0447,-0.0242,0,-0.0433,0.9973,0.0587,0,0.0268,-0.0576,0.998,0,0.0062,19.525,-2.4818,1]}],"loopBehavior":1,"name":"anim","property":"_matrix"}},
{"name":"mixamorig:Spine1","index":2,"matrix":[0.9996,0.0272,-0.0054,0,-0.0271,0.9994,0.0203,0,0.0059,-0.0201,0.9998,0,-0.0009,22.835,-2.8254,1],"rest":[1,0,0,0,0,1,0,0,0,0,1,0,-0.0009,22.835,-2.8254,1],"parentBoneIndex":1,"length":26.7438
,"animation":{"dataType":3,"framePerSecond":24,"keys":[
{"frame":1,"values":[0.9996,0.0272,-0.0054,0,-0.0271,0.9994,0.0203,0,0.0059,-0.0201,0.9998,0,-0.0009,22.835,-2.8254,1]},
{"frame":2,"values":[0.9996,0.0273,-0.0053,0,-0.0272,0.9994,0.0203,0,0.0058,-0.0201,0.9998,0,-0.0009,22.835,-2.8254,1]},
{"frame":3,"values":[0.9996,0.0273,-0.0052,0,-0.0271,0.9994,0.0203,0,0.0057,-0.0201,0.9998,0,-0.0009,22.835,-2.8254,1]},
{"frame":4,"values":[0.9996,0.027,-0.005,0,-0.0269,0.9994,0.0201,0,0.0055,-0.02,0.9998,0,-0.0009,22.835,-2.8254,1]},
{"frame":5,"values":[0.9996,0.0266,-0.0047,0,-0.0265,0.9994,0.0199,0,0.0052,-0.0198,0.9998,0,-0.0009,22.835,-2.8254,1]},
{"frame":6,"values":[0.9997,0.026,-0.0045,0,-0.0259,0.9995,0.0197,0,0.005,-0.0196,0.9998,0,-0.0009,22.835,-2.8254,1]},
{"frame":7,"values":[0.9997,0.0253,-0.0042,0,-0.0253,0.9995,0.0197,0,0.0047,-0.0196,0.9998,0,-0.0009,22.835,-2.8254,1]},
{"frame":8,"values":[0.9997,0.0246,-0.0039,0,-0.0246,0.9995,0.0197,0,0.0044,-0.0196,0.9998,0,-0.0009,22.835,-2.8254,1]},
{"frame":9,"values":[0.9997,0.0239,-0.0036,0,-0.0239,0.9995,0.0198,0,0.004,-0.0197,0.9998,0,-0.0009,22.835,-2.8254,1]},
{"frame":10,"values":[0.9997,0.0232,-0.0033,0,-0.0231,0.9995,0.0199,0,0.0038,-0.0198,0.9998,0,-0.0009,22.835,-2.8254,1]},
{"frame":11,"values":[0.9997,0.0225,-0.0031,0,-0.0224,0.9995,0.0201,0,0.0035,-0.02,0.9998,0,-0.0009,22.835,-2.8254,1]},
{"frame":12,"values":[0.9998,0.0218,-0.0029,0,-0.0217,0.9996,0.0203,0,0.0034,-0.0202,0.9998,0,-0.0009,22.835,-2.8254,1]},
{"frame":13,"values":[0.9998,0.0211,-0.0029,0,-0.0211,0.9996,0.0204,0,0.0034,-0.0204,0.9998,0,-0.0009,22.835,-2.8254,1]},
{"frame":14,"values":[0.9998,0.0206,-0.003,0,-0.0206,0.9996,0.0205,0,0.0034,-0.0204,0.9998,0,-0.0009,22.835,-2.8254,1]},
{"frame":15,"values":[0.9998,0.0204,-0.0028,0,-0.0203,0.9996,0.0204,0,0.0032,-0.0203,0.9998,0,-0.0009,22.835,-2.8254,1]},
{"frame":16,"values":[0.9998,0.0204,-0.0023,0,-0.0203,0.9996,0.0202,0,0.0027,-0.0202,0.9998,0,-0.0009,22.835,-2.8254,1]},
{"frame":17,"values":[0.9998,0.0206,-0.0015,0,-0.0206,0.9996,0.02,0,0.0019,-0.02,0.9998,0,-0.0009,22.835,-2.8254,1]},
{"frame":18,"values":[0.9998,0.021,-0.0009,0,-0.021,0.9996,0.0198,0,0.0013,-0.0198,0.9998,0,-0.0009,22.835,-2.8254,1]},
{"frame":19,"values":[0.9998,0.0215,-0.0006,0,-0.0215,0.9996,0.0197,0,0.0011,-0.0197,0.9998,0,-0.0009,22.835,-2.8254,1]},
{"frame":20,"values":[0.9998,0.022,-0.0005,0,-0.022,0.9996,0.0196,0,0.0009,-0.0196,0.9998,0,-0.0009,22.835,-2.8254,1]},
{"frame":21,"values":[0.9997,0.0225,-0.0003,0,-0.0225,0.9996,0.0195,0,0.0008,-0.0195,0.9998,0,-0.0009,22.835,-2.8254,1]},
{"frame":22,"values":[0.9997,0.023,-0.0004,0,-0.023,0.9995,0.0197,0,0.0008,-0.0197,0.9998,0,-0.0009,22.835,-2.8254,1]},
{"frame":23,"values":[0.9997,0.0234,-0.0006,0,-0.0234,0.9995,0.02,0,0.0011,-0.0199,0.9998,0,-0.0009,22.835,-2.8254,1]},
{"frame":24,"values":[0.9997,0.0239,-0.0009,0,-0.0239,0.9995,0.02,0,0.0013,-0.02,0.9998,0,-0.0009,22.835,-2.8254,1]},
{"frame":25,"values":[0.9997,0.0244,-0.001,0,-0.0244,0.9995,0.0197,0,0.0015,-0.0197,0.9998,0,-0.0009,22.835,-2.8254,1]},
{"frame":26,"values":[0.9997,0.0249,-0.0013,0,-0.0249,0.9995,0.0193,0,0.0018,-0.0193,0.9998,0,-0.0009,22.835,-2.8254,1]},
{"frame":27,"values":[0.9997,0.0253,-0.0019,0,-0.0253,0.9995,0.0189,0,0.0024,-0.0189,0.9998,0,-0.0009,22.835,-2.8254,1]},
{"frame":28,"values":[0.9997,0.0256,-0.0027,0,-0.0256,0.9995,0.0186,0,0.0032,-0.0185,0.9998,0,-0.0009,22.835,-2.8254,1]},
{"frame":29,"values":[0.9997,0.0258,-0.0032,0,-0.0258,0.9995,0.0183,0,0.0037,-0.0182,0.9998,0,-0.0009,22.835,-2.8254,1]},
{"frame":30,"values":[0.9997,0.026,-0.0033,0,-0.0259,0.9995,0.0178,0,0.0038,-0.0177,0.9998,0,-0.0009,22.835,-2.8254,1]},
{"frame":31,"values":[0.9997,0.026,-0.0033,0,-0.0259,0.9995,0.0174,0,0.0038,-0.0173,0.9998,0,-0.0009,22.835,-2.8254,1]},
{"frame":32,"values":[0.9997,0.0258,-0.0034,0,-0.0258,0.9995,0.017,0,0.0038,-0.0169,0.9999,0,-0.0009,22.835,-2.8254,1]},
{"frame":33,"values":[0.9997,0.0256,-0.0035,0,-0.0255,0.9995,0.0166,0,0.004,-0.0165,0.9999,0,-0.0009,22.835,-2.8254,1]},
{"frame":34,"values":[0.9997,0.0253,-0.0039,0,-0.0252,0.9995,0.0163,0,0.0043,-0.0162,0.9999,0,-0.0009,22.835,-2.8254,1]},
{"frame":35,"values":[0.9997,0.0251,-0.0043,0,-0.025,0.9996,0.0162,0,0.0047,-0.0161,0.9999,0,-0.0009,22.835,-2.8254,1]},
{"frame":36,"values":[0.9997,0.0248,-0.0047,0,-0.0248,0.9996,0.0163,0,0.0051,-0.0162,0.9999,0,-0.0009,22.835,-2.8254,1]},
{"frame":37,"values":[0.9997,0.0247,-0.005,0,-0.0246,0.9996,0.0165,0,0.0054,-0.0164,0.9999,0,-0.0009,22.835,-2.8254,1]},
{"frame":38,"values":[0.9997,0.0246,-0.0053,0,-0.0245,0.9996,0.0166,0,0.0057,-0.0164,0.9998,0,-0.0009,22.835,-2.8254,1]},
{"frame":39,"values":[0.9997,0.0246,-0.0055,0,-0.0245,0.9996,0.0163,0,0.0059,-0.0162,0.9999,0,-0.0009,22.835,-2.8254,1]},
{"frame":40,"values":[0.9997,0.0247,-0.0057,0,-0.0246,0.9996,0.0158,0,0.0061,-0.0157,0.9999,0,-0.0009,22.835,-2.8254,1]},
{"frame":41,"values":[0.9997,0.0248,-0.0057,0,-0.0247,0.9996,0.0153,0,0.0061,-0.0151,0.9999,0,-0.0009,22.835,-2.8254,1]},
{"frame":42,"values":[0.9997,0.0249,-0.0057,0,-0.0248,0.9996,0.0148,0,0.0061,-0.0146,0.9999,0,-0.0009,22.835,-2.8254,1]},
{"frame":43,"values":[0.9997,0.0249,-0.0058,0,-0.0248,0.9996,0.0143,0,0.0062,-0.0142,0.9999,0,-0.0009,22.835,-2.8254,1]},
{"frame":44,"values":[0.9997,0.0249,-0.006,0,-0.0249,0.9996,0.0139,0,0.0064,-0.0138,0.9999,0,-0.0009,22.835,-2.8254,1]},
{"frame":45,"values":[0.9997,0.0251,-0.0062,0,-0.025,0.9996,0.0135,0,0.0065,-0.0134,0.9999,0,-0.0009,22.835,-2.8254,1]},
{"frame":46,"values":[0.9997,0.0254,-0.0063,0,-0.0253,0.9996,0.0132,0,0.0067,-0.013,0.9999,0,-0.0009,22.835,-2.8254,1]},
{"frame":47,"values":[0.9997,0.0256,-0.0066,0,-0.0255,0.9996,0.013,0,0.0069,-0.0129,0.9999,0,-0.0009,22.835,-2.8254,1]},
{"frame":48,"values":[0.9996,0.0258,-0.007,0,-0.0257,0.9996,0.013,0,0.0073,-0.0128,0.9999,0,-0.0009,22.835,-2.8254,1]},
{"frame":49,"values":[0.9996,0.0261,-0.0074,0,-0.026,0.9996,0.013,0,0.0077,-0.0128,0.9999,0,-0.0009,22.835,-2.8254,1]},
{"frame":50,"values":[0.9996,0.0268,-0.0075,0,-0.0267,0.9996,0.0132,0,0.0079,-0.013,0.9999,0,-0.0009,22.835,-2.8254,1]},
{"frame":51,"values":[0.9996,0.028,-0.0076,0,-0.0279,0.9995,0.0135,0,0.0079,-0.0133,0.9999,0,-0.0009,22.835,-2.8254,1]},
{"frame":52,"values":[0.9995,0.0296,-0.0077,0,-0.0295,0.9995,0.0136,0,0.0081,-0.0134,0.9999,0,-0.0009,22.835,-2.8254,1]},
{"frame":53,"values":[0.9995,0.031,-0.0078,0,-0.0309,0.9994,0.0132,0,0.0082,-0.013,0.9999,0,-0.0009,22.835,-2.8254,1]},
{"frame":54,"values":[0.9995,0.0321,-0.008,0,-0.032,0.9994,0.0125,0,0.0084,-0.0122,0.9999,0,-0.0009,22.835,-2.8254,1]},
{"frame":55,"values":[0.9994,0.033,-0.0084,0,-0.0329,0.9994,0.0121,0,0.0088,-0.0118,0.9999,0,-0.0009,22.835,-2.8254,1]},
{"frame":56,"values":[0.9994,0.0339,-0.009,0,-0.0338,0.9994,0.0124,0,0.0094,-0.0121,0.9999,0,-0.0009,22.835,-2.8254,1]},
{"frame":57,"values":[0.9994,0.0344,-0.0093,0,-0.0343,0.9993,0.0134,0,0.0098,-0.0131,0.9999,0,-0.0009,22.835,-2.8254,1]},
{"frame":58,"values":[0.9994,0.0341,-0.0094,0,-0.034,0.9993,0.0147,0,0.0099,-0.0144,0.9998,0,-0.0009,22.835,-2.8254,1]},
{"frame":59,"values":[0.9994,0.0336,-0.0095,0,-0.0334,0.9993,0.0159,0,0.0101,-0.0156,0.9998,0,-0.0009,22.835,-2.8254,1]},
{"frame":60,"values":[0.9994,0.0334,-0.0097,0,-0.0333,0.9993,0.0166,0,0.0102,-0.0163,0.9998,0,-0.0009,22.835,-2.8254,1]},
{"frame":61,"values":[0.9994,0.0338,-0.0095,0,-0.0336,0.9993,0.0171,0,0.0101,-0.0168,0.9998,0,-0.0009,22.835,-2.8254,1]},
{"frame":62,"values":[0.9994,0.0343,-0.0088,0,-0.0341,0.9993,0.0178,0,0.0094,-0.0175,0.9998,0,-0.0009,22.835,-2.8254,1]},
{"frame":63,"values":[0.9994,0.0346,-0.0076,0,-0.0345,0.9992,0.0189,0,0.0083,-0.0186,0.9998,0,-0.0009,22.835,-2.8254,1]},
{"frame":64,"values":[0.9994,0.0347,-0.0065,0,-0.0346,0.9992,0.0202,0,0.0071,-0.0199,0.9998,0,-0.0009,22.835,-2.8254,1]},
{"frame":65,"values":[0.9994,0.0346,-0.0058,0,-0.0344,0.9992,0.0211,0,0.0065,-0.0209,0.9998,0,-0.0009,22.835,-2.8254,1]},
{"frame":66,"values":[0.9994,0.0342,-0.0057,0,-0.0341,0.9992,0.0216,0,0.0064,-0.0214,0.9998,0,-0.0009,22.835,-2.8254,1]},
{"frame":67,"values":[0.9994,0.0337,-0.006,0,-0.0336,0.9992,0.0218,0,0.0068,-0.0216,0.9997,0,-0.0009,22.835,-2.8254,1]},
{"frame":68,"values":[0.9994,0.033,-0.0062,0,-0.0329,0.9992,0.0219,0,0.0069,-0.0217,0.9997,0,-0.0009,22.835,-2.8254,1]},
{"frame":69,"values":[0.9995,0.0322,-0.0059,0,-0.032,0.9992,0.022,0,0.0066,-0.0218,0.9997,0,-0.0009,22.835,-2.8254,1]},
{"frame":70,"values":[0.9995,0.0313,-0.0053,0,-0.0312,0.9993,0.022,0,0.006,-0.0218,0.9997,0,-0.0009,22.835,-2.8254,1]},
{"frame":71,"values":[0.9995,0.0306,-0.0048,0,-0.0305,0.9993,0.0219,0,0.0054,-0.0217,0.9997,0,-0.0009,22.835,-2.8254,1]},
{"frame":72,"values":[0.9995,0.03,-0.0046,0,-0.0299,0.9993,0.0217,0,0.0052,-0.0215,0.9998,0,-0.0009,22.835,-2.8254,1]},
{"frame":73,"values":[0.9996,0.0293,-0.0047,0,-0.0292,0.9993,0.0214,0,0.0054,-0.0213,0.9998,0,-0.0009,22.835,-2.8254,1]},
{"frame":74,"values":[0.9996,0.0286,-0.0051,0,-0.0284,0.9994,0.0213,0,0.0057,-0.0211,0.9998,0,-0.0009,22.835,-2.8254,1]},
{"frame":75,"values":[0.9996,0.028,-0.0054,0,-0.0278,0.9994,0.0211,0,0.006,-0.0209,0.9998,0,-0.0009,22.835,-2.8254,1]},
{"frame":76,"values":[0.9996,0.0275,-0.0055,0,-0.0274,0.9994,0.0208,0,0.006,-0.0206,0.9998,0,-0.0009,22.835,-2.8254,1]},
{"frame":77,"values":[0.9996,0.0272,-0.0054,0,-0.0271,0.9994,0.0203,0,0.0059,-0.0201,0.9998,0,-0.0009,22.835,-2.8254,1]}],"loopBehavior":1,"name":"anim","property":"_matrix"}},
{"name":"mixamorig:Spine2","index":3,"matrix":[0.9996,0.0273,-0.0058,0,-0.0272,0.9994,0.0198,0,0.0063,-0.0197,0.9998,0,-0.0206,26.5525,-3.1933,1],"rest":[1,0,0,0,0,1,0,0,0,0,1,0,-0.0206,26.5525,-3.1933,1],"parentBoneIndex":2,"length":24.825
,"animation":{"dataType":3,"framePerSecond":24,"keys":[
{"frame":1,"values":[0.9996,0.0273,-0.0058,0,-0.0272,0.9994,0.0198,0,0.0063,-0.0197,0.9998,0,-0.0206,26.5525,-3.1933,1]},
{"frame":2,"values":[0.9996,0.0273,-0.0057,0,-0.0272,0.9994,0.0198,0,0.0062,-0.0197,0.9998,0,-0.0206,26.5525,-3.1933,1]},
{"frame":3,"values":[0.9996,0.0273,-0.0056,0,-0.0272,0.9994,0.0198,0,0.0061,-0.0197,0.9998,0,-0.0206,26.5525,-3.1933,1]},
{"frame":4,"values":[0.9996,0.0271,-0.0054,0,-0.027,0.9994,0.0197,0,0.0059,-0.0196,0.9998,0,-0.0206,26.5525,-3.1933,1]},
{"frame":5,"values":[0.9996,0.0267,-0.0051,0,-0.0266,0.9995,0.0195,0,0.0057,-0.0194,0.9998,0,-0.0206,26.5525,-3.1933,1]},
{"frame":6,"values":[0.9996,0.0261,-0.0049,0,-0.026,0.9995,0.0193,0,0.0054,-0.0192,0.9998,0,-0.0206,26.5525,-3.1933,1]},
{"frame":7,"values":[0.9997,0.0254,-0.0046,0,-0.0253,0.9995,0.0193,0,0.0051,-0.0191,0.9998,0,-0.0206,26.5525,-3.1933,1]},
{"frame":8,"values":[0.9997,0.0247,-0.0043,0,-0.0246,0.9995,0.0193,0,0.0048,-0.0192,0.9998,0,-0.0206,26.5525,-3.1933,1]},
{"frame":9,"values":[0.9997,0.024,-0.004,0,-0.0239,0.9995,0.0194,0,0.0045,-0.0193,0.9998,0,-0.0206,26.5525,-3.1933,1]},
{"frame":10,"values":[0.9997,0.0232,-0.0038,0,-0.0232,0.9995,0.0195,0,0.0042,-0.0194,0.9998,0,-0.0206,26.5525,-3.1933,1]},
{"frame":11,"values":[0.9997,0.0225,-0.0036,0,-0.0225,0.9996,0.0197,0,0.004,-0.0196,0.9998,0,-0.0206,26.5525,-3.1933,1]},
{"frame":12,"values":[0.9998,0.0218,-0.0034,0,-0.0217,0.9996,0.0199,0,0.0039,-0.0198,0.9998,0,-0.0206,26.5525,-3.1933,1]},
{"frame":13,"values":[0.9998,0.0211,-0.0035,0,-0.0211,0.9996,0.02,0,0.0039,-0.0199,0.9998,0,-0.0206,26.5525,-3.1933,1]},
{"frame":14,"values":[0.9998,0.0206,-0.0035,0,-0.0206,0.9996,0.0201,0,0.0039,-0.02,0.9998,0,-0.0206,26.5525,-3.1933,1]},
{"frame":15,"values":[0.9998,0.0204,-0.0034,0,-0.0203,0.9996,0.02,0,0.0038,-0.0199,0.9998,0,-0.0206,26.5525,-3.1933,1]},
{"frame":16,"values":[0.9998,0.0204,-0.0028,0,-0.0203,0.9996,0.0198,0,0.0032,-0.0198,0.9998,0,-0.0206,26.5525,-3.1933,1]},
{"frame":17,"values":[0.9998,0.0206,-0.0021,0,-0.0206,0.9996,0.0196,0,0.0025,-0.0196,0.9998,0,-0.0206,26.5525,-3.1933,1]},
{"frame":18,"values":[0.9998,0.021,-0.0015,0,-0.0209,0.9996,0.0194,0,0.0019,-0.0194,0.9998,0,-0.0206,26.5525,-3.1933,1]},
{"frame":19,"values":[0.9998,0.0214,-0.0012,0,-0.0214,0.9996,0.0193,0,0.0016,-0.0193,0.9998,0,-0.0206,26.5525,-3.1933,1]},
{"frame":20,"values":[0.9998,0.0219,-0.001,0,-0.0219,0.9996,0.0192,0,0.0014,-0.0192,0.9998,0,-0.0206,26.5525,-3.1933,1]},
{"frame":21,"values":[0.9997,0.0225,-0.0009,0,-0.0225,0.9996,0.0191,0,0.0013,-0.0191,0.9998,0,-0.0206,26.5525,-3.1933,1]},
{"frame":22,"values":[0.9997,0.023,-0.0009,0,-0.0229,0.9996,0.0193,0,0.0013,-0.0193,0.9998,0,-0.0206,26.5525,-3.1933,1]},
{"frame":23,"values":[0.9997,0.0234,-0.0011,0,-0.0233,0.9995,0.0196,0,0.0016,-0.0196,0.9998,0,-0.0206,26.5525,-3.1933,1]},
{"frame":24,"values":[0.9997,0.0238,-0.0013,0,-0.0238,0.9995,0.0196,0,0.0018,-0.0196,0.9998,0,-0.0206,26.5525,-3.1933,1]},
{"frame":25,"values":[0.9997,0.0244,-0.0015,0,-0.0243,0.9995,0.0193,0,0.0019,-0.0193,0.9998,0,-0.0206,26.5525,-3.1933,1]},
{"frame":26,"values":[0.9997,0.0249,-0.0017,0,-0.0248,0.9995,0.0189,0,0.0022,-0.0189,0.9998,0,-0.0206,26.5525,-3.1933,1]},
{"frame":27,"values":[0.9997,0.0253,-0.0024,0,-0.0252,0.9995,0.0185,0,0.0029,-0.0185,0.9998,0,-0.0206,26.5525,-3.1933,1]},
{"frame":28,"values":[0.9997,0.0256,-0.0032,0,-0.0255,0.9995,0.0182,0,0.0036,-0.0181,0.9998,0,-0.0206,26.5525,-3.1933,1]},
{"frame":29,"values":[0.9997,0.0258,-0.0036,0,-0.0258,0.9995,0.0178,0,0.0041,-0.0177,0.9998,0,-0.0206,26.5525,-3.1933,1]},
{"frame":30,"values":[0.9997,0.026,-0.0038,0,-0.0259,0.9995,0.0174,0,0.0042,-0.0173,0.9998,0,-0.0206,26.5525,-3.1933,1]},
{"frame":31,"values":[0.9997,0.026,-0.0037,0,-0.0259,0.9995,0.017,0,0.0042,-0.0169,0.9998,0,-0.0206,26.5525,-3.1933,1]},
{"frame":32,"values":[0.9997,0.0258,-0.0038,0,-0.0258,0.9995,0.0165,0,0.0042,-0.0164,0.9999,0,-0.0206,26.5525,-3.1933,1]},
{"frame":33,"values":[0.9997,0.0256,-0.004,0,-0.0255,0.9995,0.0162,0,0.0044,-0.0161,0.9999,0,-0.0206,26.5525,-3.1933,1]},
{"frame":34,"values":[0.9997,0.0253,-0.0043,0,-0.0252,0.9996,0.0159,0,0.0047,-0.0158,0.9999,0,-0.0206,26.5525,-3.1933,1]},
{"frame":35,"values":[0.9997,0.0251,-0.0047,0,-0.025,0.9996,0.0158,0,0.0051,-0.0156,0.9999,0,-0.0206,26.5525,-3.1933,1]},
{"frame":36,"values":[0.9997,0.0249,-0.0051,0,-0.0248,0.9996,0.0158,0,0.0055,-0.0157,0.9999,0,-0.0206,26.5525,-3.1933,1]},
{"frame":37,"values":[0.9997,0.0247,-0.0054,0,-0.0246,0.9996,0.0161,0,0.0058,-0.0159,0.9999,0,-0.0206,26.5525,-3.1933,1]},
{"frame":38,"values":[0.9997,0.0246,-0.0057,0,-0.0245,0.9996,0.0161,0,0.0061,-0.016,0.9999,0,-0.0206,26.5525,-3.1933,1]},
{"frame":39,"values":[0.9997,0.0247,-0.006,0,-0.0246,0.9996,0.0159,0,0.0063,-0.0157,0.9999,0,-0.0206,26.5525,-3.1933,1]},
{"frame":40,"values":[0.9997,0.0248,-0.0061,0,-0.0247,0.9996,0.0154,0,0.0065,-0.0152,0.9999,0,-0.0206,26.5525,-3.1933,1]},
{"frame":41,"values":[0.9997,0.0249,-0.0061,0,-0.0248,0.9996,0.0148,0,0.0065,-0.0147,0.9999,0,-0.0206,26.5525,-3.1933,1]},
{"frame":42,"values":[0.9997,0.0249,-0.0061,0,-0.0248,0.9996,0.0143,0,0.0065,-0.0142,0.9999,0,-0.0206,26.5525,-3.1933,1]},
{"frame":43,"values":[0.9997,0.0249,-0.0062,0,-0.0248,0.9996,0.0139,0,0.0066,-0.0137,0.9999,0,-0.0206,26.5525,-3.1933,1]},
{"frame":44,"values":[0.9997,0.025,-0.0064,0,-0.0249,0.9996,0.0135,0,0.0068,-0.0133,0.9999,0,-0.0206,26.5525,-3.1933,1]},
{"frame":45,"values":[0.9997,0.0252,-0.0066,0,-0.0251,0.9996,0.0131,0,0.0069,-0.0129,0.9999,0,-0.0206,26.5525,-3.1933,1]},
{"frame":46,"values":[0.9997,0.0254,-0.0067,0,-0.0253,0.9996,0.0128,0,0.0071,-0.0126,0.9999,0,-0.0206,26.5525,-3.1933,1]},
{"frame":47,"values":[0.9996,0.0256,-0.007,0,-0.0255,0.9996,0.0126,0,0.0073,-0.0124,0.9999,0,-0.0206,26.5525,-3.1933,1]},
{"frame":48,"values":[0.9996,0.0258,-0.0074,0,-0.0257,0.9996,0.0125,0,0.0077,-0.0123,0.9999,0,-0.0206,26.5525,-3.1933,1]},
{"frame":49,"values":[0.9996,0.0261,-0.0078,0,-0.026,0.9996,0.0125,0,0.0081,-0.0123,0.9999,0,-0.0206,26.5525,-3.1933,1]},
{"frame":50,"values":[0.9996,0.0268,-0.0079,0,-0.0267,0.9996,0.0127,0,0.0082,-0.0125,0.9999,0,-0.0206,26.5525,-3.1933,1]},
{"frame":51,"values":[0.9996,0.028,-0.0079,0,-0.0279,0.9995,0.0131,0,0.0083,-0.0128,0.9999,0,-0.0206,26.5525,-3.1933,1]},
{"frame":52,"values":[0.9995,0.0296,-0.008,0,-0.0295,0.9995,0.0132,0,0.0084,-0.0129,0.9999,0,-0.0206,26.5525,-3.1933,1]},
{"frame":53,"values":[0.9995,0.031,-0.0081,0,-0.0309,0.9994,0.0127,0,0.0085,-0.0125,0.9999,0,-0.0206,26.5524,-3.1933,1]},
{"frame":54,"values":[0.9995,0.0321,-0.0082,0,-0.032,0.9994,0.012,0,0.0086,-0.0117,0.9999,0,-0.0206,26.5525,-3.1933,1]},
{"frame":55,"values":[0.9994,0.033,-0.0086,0,-0.0329,0.9994,0.0116,0,0.009,-0.0113,0.9999,0,-0.0206,26.5525,-3.1933,1]},
{"frame":56,"values":[0.9994,0.0339,-0.0092,0,-0.0338,0.9994,0.0119,0,0.0096,-0.0116,0.9999,0,-0.0206,26.5525,-3.1933,1]},
{"frame":57,"values":[0.9994,0.0344,-0.0095,0,-0.0343,0.9993,0.0129,0,0.0099,-0.0126,0.9999,0,-0.0206,26.5525,-3.1933,1]},
{"frame":58,"values":[0.9994,0.0342,-0.0096,0,-0.034,0.9993,0.0142,0,0.0101,-0.0139,0.9999,0,-0.0206,26.5525,-3.1933,1]},
{"frame":59,"values":[0.9994,0.0336,-0.0098,0,-0.0335,0.9993,0.0154,0,0.0103,-0.0151,0.9998,0,-0.0206,26.5525,-3.1933,1]},
{"frame":60,"values":[0.9994,0.0335,-0.0099,0,-0.0333,0.9993,0.0161,0,0.0104,-0.0158,0.9998,0,-0.0206,26.5525,-3.1933,1]},
{"frame":61,"values":[0.9994,0.0338,-0.0097,0,-0.0337,0.9993,0.0166,0,0.0103,-0.0163,0.9998,0,-0.0206,26.5525,-3.1933,1]},
{"frame":62,"values":[0.9994,0.0343,-0.009,0,-0.0342,0.9993,0.0173,0,0.0096,-0.017,0.9998,0,-0.0206,26.5525,-3.1933,1]},
{"frame":63,"values":[0.9994,0.0347,-0.0079,0,-0.0345,0.9992,0.0184,0,0.0085,-0.0182,0.9998,0,-0.0206,26.5525,-3.1933,1]},
{"frame":64,"values":[0.9994,0.0348,-0.0067,0,-0.0346,0.9992,0.0197,0,0.0074,-0.0194,0.9998,0,-0.0206,26.5525,-3.1933,1]},
{"frame":65,"values":[0.9994,0.0346,-0.006,0,-0.0345,0.9992,0.0206,0,0.0067,-0.0204,0.9998,0,-0.0206,26.5525,-3.1933,1]},
{"frame":66,"values":[0.9994,0.0343,-0.006,0,-0.0341,0.9992,0.0211,0,0.0067,-0.0209,0.9998,0,-0.0206,26.5525,-3.1933,1]},
{"frame":67,"values":[0.9994,0.0338,-0.0063,0,-0.0336,0.9992,0.0213,0,0.007,-0.0211,0.9998,0,-0.0206,26.5525,-3.1933,1]},
{"frame":68,"values":[0.9994,0.0331,-0.0065,0,-0.0329,0.9992,0.0214,0,0.0072,-0.0212,0.9997,0,-0.0206,26.5525,-3.1933,1]},
{"frame":69,"values":[0.9995,0.0322,-0.0062,0,-0.0321,0.9993,0.0215,0,0.0069,-0.0213,0.9997,0,-0.0206,26.5525,-3.1933,1]},
{"frame":70,"values":[0.9995,0.0314,-0.0056,0,-0.0313,0.9993,0.0215,0,0.0063,-0.0214,0.9998,0,-0.0206,26.5525,-3.1933,1]},
{"frame":71,"values":[0.9995,0.0307,-0.0051,0,-0.0306,0.9993,0.0214,0,0.0058,-0.0213,0.9998,0,-0.0206,26.5525,-3.1933,1]},
{"frame":72,"values":[0.9995,0.0301,-0.0049,0,-0.0299,0.9993,0.0212,0,0.0056,-0.021,0.9998,0,-0.0206,26.5525,-3.1933,1]},
{"frame":73,"values":[0.9996,0.0293,-0.0051,0,-0.0292,0.9994,0.021,0,0.0057,-0.0208,0.9998,0,-0.0206,26.5525,-3.1933,1]},
{"frame":74,"values":[0.9996,0.0286,-0.0054,0,-0.0285,0.9994,0.0208,0,0.006,-0.0207,0.9998,0,-0.0206,26.5525,-3.1933,1]},
{"frame":75,"values":[0.9996,0.028,-0.0058,0,-0.0279,0.9994,0.0207,0,0.0063,-0.0205,0.9998,0,-0.0206,26.5525,-3.1933,1]},
{"frame":76,"values":[0.9996,0.0276,-0.0059,0,-0.0275,0.9994,0.0203,0,0.0064,-0.0202,0.9998,0,-0.0206,26.5525,-3.1933,1]},
{"frame":77,"values":[0.9996,0.0273,-0.0058,0,-0.0272,0.9994,0.0198,0,0.0063,-0.0197,0.9998,0,-0.0206,26.5525,-3.1933,1]}],"loopBehavior":1,"name":"anim","property":"_matrix"}},
{"name":"mixamorig:Neck","index":4,"matrix":[1,0.0078,0.0021,0,-0.0079,0.9952,0.098,0,-0.0014,-0.098,0.9952,0,-0.06,30.7019,1.3522,1],"rest":[1,0,0,0,0,1,0,0,0,0,1,0,-0.06,30.7018,1.3522,1],"parentBoneIndex":3,"length":22.8446
,"animation":{"dataType":3,"framePerSecond":24,"keys":[
{"frame":1,"values":[1,0.0078,0.0021,0,-0.0079,0.9952,0.098,0,-0.0014,-0.098,0.9952,0,-0.06,30.7019,1.3522,1]},
