{"producer":{"name":"Blender","version":"2.90.0","exporter_version":"2.80.1","file":"option_fistpump.babylon"},
"autoClear":true,"clearColor":[0.0509,0.0509,0.0509],"gravity":[0,-9.81,0],
"materials":[{"name":"Material","id":"Material","customType":"BABYLON.PBRMaterial","backFaceCulling":true,"checkReadyOnlyOnce":false,"maxSimultaneousLights":4,"environmentIntensity":1,"albedo":[0.8,0.8,0.8],"reflectivity":[0.5,0.5,0.5],"roughness":0.4,"alpha":1,"transparencyMode":0,"alphaCutOff":0.4,"metallic":0}],
"multiMaterials":[],
"skeletons":[{"name":"Armature","id":0,"dimensionsAtRest":[379.1952,391.6652,55.677],"bones":[
{"name":"mixamorig:Hips","index":0,"matrix":[0.994,-0.0551,-0.0947,0,0.0609,0.9964,0.0598,0,-0.0911,0.0652,-0.9937,0,0.3746,200.3126,0.3754,1],"rest":[1,0,0,0,0,1,0,0,0,0,-1,0,0,201.6394,0,1],"parentBoneIndex":-1,"length":21.6784
,"animation":{"dataType":3,"framePerSecond":24,"keys":[
{"frame":1,"values":[0.994,-0.0551,-0.0947,0,0.0609,0.9964,0.0598,0,-0.0911,0.0652,-0.9937,0,0.3746,200.3126,0.3754,1]},
{"frame":2,"values":[0.9933,-0.0561,-0.1014,0,0.0624,0.9962,0.0602,0,-0.0976,0.0661,-0.993,0,0.4098,200.2899,0.4229,1]},
{"frame":3,"values":[0.9924,-0.0571,-0.1086,0,0.064,0.9961,0.0607,0,-0.1047,0.0672,-0.9922,0,0.4375,200.2554,0.4471,1]},
{"frame":4,"values":[0.9915,-0.0581,-0.1162,0,0.0656,0.996,0.0613,0,-0.1122,0.0684,-0.9913,0,0.4613,200.2143,0.452,1]},
{"frame":5,"values":[0.9905,-0.0588,-0.1241,0,0.0669,0.9958,0.062,0,-0.12,0.0697,-0.9903,0,0.4893,200.1729,0.4434,1]},
{"frame":6,"values":[0.9894,-0.059,-0.1324,0,0.0678,0.9957,0.0628,0,-0.1281,0.0711,-0.9892,0,0.5259,200.1302,0.428,1]},
{"frame":7,"values":[0.9882,-0.0589,-0.1411,0,0.0684,0.9956,0.0636,0,-0.1368,0.0725,-0.9879,0,0.5699,200.0903,0.4131,1]},
{"frame":8,"values":[0.9869,-0.0586,-0.1501,0,0.0689,0.9955,0.0648,0,-0.1456,0.0743,-0.9865,0,0.6109,200.0519,0.397,1]},
{"frame":9,"values":[0.9856,-0.0582,-0.159,0,0.0695,0.9954,0.0664,0,-0.1544,0.0764,-0.985,0,0.6328,200.0302,0.3713,1]},
{"frame":10,"values":[0.9841,-0.0574,-0.168,0,0.0697,0.9952,0.0683,0,-0.1632,0.079,-0.9834,0,0.6308,200.0275,0.3371,1]},
{"frame":11,"values":[0.9826,-0.0561,-0.1769,0,0.0695,0.9951,0.0708,0,-0.172,0.0819,-0.9817,0,0.6092,200.0292,0.3084,1]},
{"frame":12,"values":[0.9813,-0.054,-0.1846,0,0.0687,0.9949,0.0737,0,-0.1797,0.085,-0.98,0,0.5614,200.0234,0.3017,1]},
{"frame":13,"values":[0.9805,-0.0511,-0.19,0,0.0668,0.9948,0.0771,0,-0.1851,0.0883,-0.9788,0,0.4858,200.0068,0.3095,1]},
{"frame":14,"values":[0.9804,-0.0473,-0.1914,0,0.0638,0.9947,0.0809,0,-0.1866,0.0915,-0.9782,0,0.3857,199.9876,0.3038,1]},
{"frame":15,"values":[0.9812,-0.0429,-0.1884,0,0.0599,0.9945,0.0853,0,-0.1837,0.095,-0.9784,0,0.2538,199.9773,0.265,1]},
{"frame":16,"values":[0.9828,-0.0383,-0.1806,0,0.0553,0.9944,0.0904,0,-0.1761,0.0988,-0.9794,0,0.0816,199.9635,0.188,1]},
{"frame":17,"values":[0.9851,-0.0335,-0.1684,0,0.0502,0.9941,0.0959,0,-0.1642,0.103,-0.981,0,-0.1394,199.9145,0.0765,1]},
{"frame":18,"values":[0.9879,-0.0291,-0.1525,0,0.045,0.9938,0.1019,0,-0.1486,0.1075,-0.983,0,-0.4173,199.8117,-0.066,1]},
{"frame":19,"values":[0.9907,-0.0249,-0.1337,0,0.0396,0.9933,0.1082,0,-0.1301,0.1125,-0.9851,0,-0.7614,199.6522,-0.2331,1]},
{"frame":20,"values":[0.9934,-0.0212,-0.1129,0,0.0343,0.9928,0.1151,0,-0.1096,0.1183,-0.9869,0,-1.1747,199.4216,-0.4051,1]},
{"frame":21,"values":[0.9957,-0.0187,-0.0905,0,0.0297,0.992,0.1225,0,-0.0875,0.1246,-0.9883,0,-1.6763,199.0629,-0.5766,1]},
{"frame":22,"values":[0.9976,-0.0181,-0.0665,0,0.0267,0.9911,0.1303,0,-0.0635,0.1318,-0.9892,0,-2.2888,198.4462,-0.7575,1]},
{"frame":23,"values":[0.999,-0.0194,-0.04,0,0.0248,0.99,0.1388,0,-0.0369,0.1397,-0.9895,0,-3.0017,197.4791,-0.9943,1]},
{"frame":24,"values":[0.9997,-0.0221,-0.0085,0,0.0231,0.9886,0.1487,0,-0.0051,0.1488,-0.9888,0,-3.8006,196.3188,-1.391,1]},
{"frame":25,"values":[0.9993,-0.0253,0.0283,0,0.0205,0.9868,0.1604,0,0.0319,0.1597,-0.9866,0,-4.6793,195.3422,-2.0212,1]},
{"frame":26,"values":[0.9977,-0.0275,0.0619,0,0.0165,0.9849,0.1726,0,0.0657,0.1712,-0.983,0,-5.5534,194.7607,-2.738,1]},
{"frame":27,"values":[0.9961,-0.0279,0.0831,0,0.0122,0.983,0.1832,0,0.0868,0.1815,-0.9796,0,-6.2361,194.5116,-3.191,1]},
{"frame":28,"values":[0.9952,-0.0272,0.0941,0,0.0088,0.9817,0.1904,0,0.0976,0.1887,-0.9772,0,-6.6629,194.4832,-3.2587,1]},
{"frame":29,"values":[0.9943,-0.0269,0.103,0,0.0062,0.9807,0.1955,0,0.1062,0.1938,-0.9753,0,-6.9612,194.6007,-3.1711,1]},
{"frame":30,"values":[0.9933,-0.0273,0.1126,0,0.004,0.9793,0.2022,0,0.1158,0.2003,-0.9729,0,-7.2543,194.7685,-3.1201,1]},
{"frame":31,"values":[0.9921,-0.0275,0.1224,0,0.0013,0.9779,0.2093,0,0.1255,0.2074,-0.9702,0,-7.5517,194.9084,-3.1284,1]},
{"frame":32,"values":[0.9912,-0.0274,0.1296,0,-0.0014,0.9762,0.2167,0,0.1324,0.215,-0.9676,0,-7.8096,194.9881,-3.1222,1]},
{"frame":33,"values":[0.9908,-0.0269,0.1329,0,-0.0035,0.9748,0.2233,0,0.1355,0.2217,-0.9657,0,-7.9995,195.0077,-3.1049,1]},
{"frame":34,"values":[0.9908,-0.0266,0.1329,0,-0.0043,0.9738,0.2272,0,0.1354,0.2257,-0.9647,0,-8.1072,194.9825,-3.1108,1]},
{"frame":35,"values":[0.991,-0.0266,0.1315,0,-0.0039,0.974,0.2266,0,0.1341,0.225,-0.9651,0,-8.1233,194.967,-3.168,1]},
{"frame":36,"values":[0.9912,-0.0267,0.1294,0,-0.0026,0.9753,0.2208,0,0.1321,0.2192,-0.9667,0,-8.0093,195.061,-3.2731,1]},
{"frame":37,"values":[0.9916,-0.0267,0.1265,0,-0.0007,0.9774,0.2115,0,0.1292,0.2098,-0.9692,0,-7.799,195.2651,-3.4126,1]},
{"frame":38,"values":[0.9922,-0.0263,0.1221,0,0.0014,0.9797,0.2002,0,0.1249,0.1985,-0.9721,0,-7.5383,195.5305,-3.56,1]},
{"frame":39,"values":[0.9927,-0.0262,0.1181,0,0.0035,0.9821,0.1884,0,0.1209,0.1866,-0.975,0,-7.2838,195.7853,-3.7064,1]},
{"frame":40,"values":[0.9926,-0.027,0.1183,0,0.0057,0.9842,0.1768,0,0.1212,0.1748,-0.9771,0,-7.0686,195.9679,-3.8735,1]},
{"frame":41,"values":[0.9917,-0.0288,0.1254,0,0.0076,0.986,0.1666,0,0.1284,0.1643,-0.978,0,-6.8844,196.0502,-4.0788,1]},
{"frame":42,"values":[0.99,-0.0309,0.1376,0,0.0088,0.9874,0.1581,0,0.1407,0.1554,-0.9778,0,-6.6901,196.0814,-4.3102,1]},
{"frame":43,"values":[0.9883,-0.0319,0.1495,0,0.0093,0.9888,0.1492,0,0.1526,0.1461,-0.9774,0,-6.4341,196.1705,-4.5499,1]},
{"frame":44,"values":[0.9874,-0.0313,0.1552,0,0.0094,0.9901,0.1398,0,0.158,0.1366,-0.9779,0,-6.1316,196.3411,-4.7762,1]},
{"frame":45,"values":[0.988,-0.0296,0.1513,0,0.0098,0.9914,0.1302,0,0.1538,0.1271,-0.9799,0,-5.797,196.575,-4.9525,1]},
{"frame":46,"values":[0.9901,-0.0278,0.1373,0,0.0112,0.9927,0.1203,0,0.1396,0.1176,-0.9832,0,-5.4377,196.853,-5.0202,1]},
{"frame":47,"values":[0.9929,-0.027,0.1154,0,0.0142,0.9938,0.1102,0,0.1177,0.1078,-0.9872,0,-5.0917,197.1439,-4.9518,1]},
{"frame":48,"values":[0.9956,-0.028,0.089,0,0.019,0.9948,0.1001,0,0.0913,0.0979,-0.991,0,-4.8024,197.397,-4.7677,1]},
{"frame":49,"values":[0.9977,-0.0309,0.0608,0,0.0254,0.9956,0.0904,0,0.0633,0.0887,-0.994,0,-4.5713,197.5985,-4.5032,1]},
{"frame":50,"values":[0.9989,-0.0345,0.0333,0,0.0317,0.9962,0.0812,0,0.036,0.08,-0.9961,0,-4.3612,197.7899,-4.1814,1]},
{"frame":51,"values":[0.9993,-0.037,0.0075,0,0.0364,0.9967,0.0725,0,0.0102,0.0722,-0.9973,0,-4.1281,198.0112,-3.8141,1]},
{"frame":52,"values":[0.9991,-0.0387,-0.0156,0,0.0396,0.9971,0.0647,0,-0.013,0.0653,-0.9978,0,-3.8697,198.2613,-3.4012,1]},
{"frame":53,"values":[0.9986,-0.0401,-0.0354,0,0.0421,0.9975,0.0575,0,-0.033,0.0589,-0.9977,0,-3.5958,198.5195,-2.9565,1]},
{"frame":54,"values":[0.9978,-0.0418,-0.0521,0,0.0444,0.9977,0.051,0,-0.0499,0.0532,-0.9973,0,-3.3005,198.7677,-2.502,1]},
{"frame":55,"values":[0.9969,-0.0437,-0.0655,0,0.0467,0.9979,0.0448,0,-0.0634,0.0477,-0.9968,0,-2.9782,199.0014,-2.0533,1]},
{"frame":56,"values":[0.9961,-0.0458,-0.0753,0,0.0488,0.9981,0.0389,0,-0.0734,0.0424,-0.9964,0,-2.6334,199.2345,-1.6483,1]},
{"frame":57,"values":[0.9955,-0.0478,-0.0822,0,0.0506,0.9982,0.0331,0,-0.0804,0.0371,-0.9961,0,-2.2793,199.4796,-1.3289,1]},
{"frame":58,"values":[0.995,-0.0495,-0.0873,0,0.0521,0.9983,0.0278,0,-0.0857,0.0322,-0.9958,0,-1.9279,199.7232,-1.0993,1]},
{"frame":59,"values":[0.9946,-0.0505,-0.0911,0,0.0529,0.9983,0.0236,0,-0.0898,0.0283,-0.9956,0,-1.5843,199.9168,-0.9476,1]},
{"frame":60,"values":[0.9942,-0.0515,-0.0939,0,0.0537,0.9984,0.0203,0,-0.0927,0.0252,-0.9954,0,-1.254,200.0578,-0.8846,1]},
{"frame":61,"values":[0.994,-0.0527,-0.0957,0,0.0547,0.9983,0.0179,0,-0.0946,0.0231,-0.9952,0,-0.9554,200.1551,-0.9179,1]},
{"frame":62,"values":[0.9939,-0.0538,-0.0967,0,0.0556,0.9983,0.0162,0,-0.0957,0.0215,-0.9952,0,-0.6832,200.2377,-1.0273,1]},
{"frame":63,"values":[0.9937,-0.0546,-0.0974,0,0.0564,0.9983,0.0151,0,-0.0964,0.0204,-0.9951,0,-0.4192,200.3097,-1.1825,1]},
{"frame":64,"values":[0.9936,-0.0551,-0.0982,0,0.0567,0.9983,0.0142,0,-0.0972,0.0197,-0.9951,0,-0.1598,200.3636,-1.3544,1]},
{"frame":65,"values":[0.9935,-0.0552,-0.0991,0,0.0568,0.9983,0.0138,0,-0.0982,0.0193,-0.995,0,0.1006,200.3914,-1.519,1]},
{"frame":66,"values":[0.9935,-0.055,-0.1,0,0.0566,0.9983,0.0137,0,-0.0991,0.0193,-0.9949,0,0.3659,200.4098,-1.6717,1]},
{"frame":67,"values":[0.9935,-0.0546,-0.1002,0,0.0563,0.9983,0.0141,0,-0.0993,0.0197,-0.9949,0,0.6248,200.4069,-1.815,1]},
{"frame":68,"values":[0.9935,-0.0541,-0.0997,0,0.0558,0.9983,0.015,0,-0.0988,0.0204,-0.9949,0,0.8601,200.403,-1.9472,1]},
{"frame":69,"values":[0.9937,-0.0534,-0.0987,0,0.0553,0.9983,0.0163,0,-0.0977,0.0216,-0.995,0,1.0671,200.3994,-2.0654,1]},
{"frame":70,"values":[0.9938,-0.0527,-0.0976,0,0.0547,0.9983,0.0178,0,-0.0965,0.023,-0.9951,0,1.2484,200.3954,-2.159,1]},
{"frame":71,"values":[0.9939,-0.052,-0.0969,0,0.0542,0.9983,0.0196,0,-0.0957,0.0247,-0.9951,0,1.3976,200.391,-2.2092,1]},
{"frame":72,"values":[0.994,-0.0515,-0.0968,0,0.0538,0.9983,0.0216,0,-0.0955,0.0267,-0.9951,0,1.5096,200.3864,-2.2022,1]},
{"frame":73,"values":[0.9939,-0.0511,-0.0975,0,0.0536,0.9983,0.0237,0,-0.0961,0.0288,-0.995,0,1.5887,200.3816,-2.1315,1]},
{"frame":74,"values":[0.9938,-0.0508,-0.099,0,0.0536,0.9982,0.0257,0,-0.0975,0.0309,-0.9948,0,1.6361,200.3761,-2.0001,1]},
{"frame":75,"values":[0.9936,-0.0507,-0.101,0,0.0537,0.9982,0.0277,0,-0.0994,0.033,-0.9945,0,1.6528,200.3706,-1.8205,1]},
{"frame":76,"values":[0.9934,-0.0506,-0.1032,0,0.0539,0.9981,0.0297,0,-0.1015,0.0351,-0.9942,0,1.6458,200.3659,-1.6067,1]},
{"frame":77,"values":[0.9931,-0.0507,-0.1053,0,0.0543,0.998,0.0317,0,-0.1035,0.0372,-0.9939,0,1.6172,200.3617,-1.3761,1]},
{"frame":78,"values":[0.9929,-0.0511,-0.1075,0,0.055,0.9979,0.0339,0,-0.1055,0.0396,-0.9936,0,1.5638,200.3574,-1.1458,1]},
{"frame":79,"values":[0.9926,-0.0515,-0.1096,0,0.0558,0.9978,0.0362,0,-0.1074,0.0421,-0.9933,0,1.4887,200.3534,-0.9217,1]},
{"frame":80,"values":[0.9924,-0.0522,-0.1112,0,0.0568,0.9976,0.0386,0,-0.109,0.0446,-0.993,0,1.402,200.3497,-0.7072,1]},
{"frame":81,"values":[0.9923,-0.0529,-0.1123,0,0.0578,0.9975,0.0409,0,-0.1098,0.0471,-0.9928,0,1.311,200.3464,-0.5125,1]},
{"frame":82,"values":[0.9922,-0.0535,-0.1126,0,0.0587,0.9973,0.0431,0,-0.11,0.0494,-0.9927,0,1.2168,200.3435,-0.3381,1]},
{"frame":83,"values":[0.9923,-0.0539,-0.1119,0,0.0592,0.9972,0.0454,0,-0.1091,0.0517,-0.9927,0,1.1166,200.3414,-0.1745,1]},
{"frame":84,"values":[0.9924,-0.0541,-0.1104,0,0.0597,0.9971,0.0476,0,-0.1075,0.0538,-0.9927,0,1.0099,200.3399,-0.0293,1]},
{"frame":85,"values":[0.9926,-0.0545,-0.1084,0,0.0601,0.997,0.0496,0,-0.1054,0.0557,-0.9929,0,0.902,200.3334,0.0792,1]},
{"frame":86,"values":[0.9928,-0.0548,-0.1063,0,0.0606,0.9968,0.0515,0,-0.1032,0.0576,-0.993,0,0.7948,200.3279,0.1501,1]},
{"frame":87,"values":[0.993,-0.0552,-0.1044,0,0.061,0.9967,0.0533,0,-0.1011,0.0593,-0.9931,0,0.6934,200.3236,0.1956,1]},
{"frame":88,"values":[0.9932,-0.0554,-0.1027,0,0.0613,0.9966,0.0551,0,-0.0993,0.061,-0.9932,0,0.6024,200.3204,0.2274,1]},
{"frame":89,"values":[0.9933,-0.0555,-0.1009,0,0.0614,0.9965,0.0566,0,-0.0975,0.0624,-0.9933,0,0.5237,200.3176,0.2545,1]},
{"frame":90,"values":[0.9935,-0.0555,-0.0991,0,0.0615,0.9964,0.0578,0,-0.0956,0.0636,-0.9934,0,0.4603,200.3155,0.2843,1]},
{"frame":91,"values":[0.9937,-0.0554,-0.0972,0,0.0613,0.9964,0.0589,0,-0.0936,0.0645,-0.9935,0,0.4127,200.3142,0.3227,1]},
{"frame":92,"values":[0.994,-0.0551,-0.0947,0,0.0609,0.9964,0.0598,0,-0.0911,0.0652,-0.9937,0,0.3746,200.3125,0.3754,1]}],"loopBehavior":1,"name":"anim","property":"_matrix"}},
{"name":"mixamorig:Spine","index":1,"matrix":[0.9987,0.0448,-0.0243,0,-0.0433,0.9973,0.0587,0,0.0269,-0.0576,0.998,0,0.0062,19.525,-2.4818,1],"rest":[1,0,0,0,0,1,0,0,0,0,1,0,0.0062,19.525,-2.4818,1],"parentBoneIndex":0,"length":23.0091
,"animation":{"dataType":3,"framePerSecond":24,"keys":[
{"frame":1,"values":[0.9987,0.0448,-0.0243,0,-0.0433,0.9973,0.0587,0,0.0269,-0.0576,0.998,0,0.0062,19.525,-2.4818,1]},
{"frame":2,"values":[0.9987,0.0449,-0.0243,0,-0.0434,0.9973,0.0587,0,0.0269,-0.0576,0.998,0,0.0062,19.525,-2.4818,1]},
{"frame":3,"values":[0.9987,0.045,-0.0243,0,-0.0435,0.9973,0.0587,0,0.0269,-0.0576,0.998,0,0.0062,19.525,-2.4818,1]},
{"frame":4,"values":[0.9987,0.0452,-0.0244,0,-0.0437,0.9973,0.0587,0,0.0269,-0.0576,0.998,0,0.0062,19.525,-2.4818,1]},
{"frame":5,"values":[0.9987,0.0454,-0.0245,0,-0.0439,0.9973,0.0587,0,0.0271,-0.0576,0.998,0,0.0062,19.525,-2.4818,1]},
{"frame":6,"values":[0.9987,0.0455,-0.0246,0,-0.044,0.9973,0.0587,0,0.0272,-0.0576,0.998,0,0.0062,19.525,-2.4818,1]},
{"frame":7,"values":[0.9986,0.0456,-0.0248,0,-0.0441,0.9973,0.0588,0,0.0274,-0.0576,0.998,0,0.0062,19.525,-2.4818,1]},
{"frame":8,"values":[0.9986,0.0459,-0.0248,0,-0.0443,0.9973,0.0587,0,0.0275,-0.0575,0.998,0,0.0062,19.525,-2.4818,1]},
{"frame":9,"values":[0.9986,0.0463,-0.0249,0,-0.0448,0.9973,0.0583,0,0.0275,-0.0571,0.998,0,0.0062,19.525,-2.4818,1]},
{"frame":10,"values":[0.9986,0.0468,-0.0249,0,-0.0453,0.9973,0.0575,0,0.0275,-0.0563,0.998,0,0.0062,19.525,-2.4818,1]},
{"frame":11,"values":[0.9986,0.0473,-0.0249,0,-0.0459,0.9974,0.0564,0,0.0275,-0.0552,0.9981,0,0.0062,19.525,-2.4818,1]},
{"frame":12,"values":[0.9985,0.0478,-0.0252,0,-0.0464,0.9974,0.0553,0,0.0277,-0.054,0.9982,0,0.0062,19.525,-2.4818,1]},
{"frame":13,"values":[0.9985,0.0484,-0.0256,0,-0.047,0.9974,0.0541,0,0.0281,-0.0528,0.9982,0,0.0062,19.525,-2.4818,1]},
{"frame":14,"values":[0.9985,0.0491,-0.0261,0,-0.0477,0.9975,0.0529,0,0.0286,-0.0515,0.9983,0,0.0062,19.525,-2.4818,1]},
{"frame":15,"values":[0.9984,0.0498,-0.0267,0,-0.0484,0.9975,0.0516,0,0.0292,-0.0502,0.9983,0,0.0062,19.525,-2.4818,1]},
{"frame":16,"values":[0.9984,0.0502,-0.0274,0,-0.0488,0.9975,0.0504,0,0.0298,-0.049,0.9984,0,0.0062,19.525,-2.4818,1]},
{"frame":17,"values":[0.9983,0.0504,-0.0281,0,-0.0489,0.9976,0.0495,0,0.0305,-0.048,0.9984,0,0.0062,19.525,-2.4818,1]},
{"frame":18,"values":[0.9983,0.0504,-0.0289,0,-0.0489,0.9976,0.0489,0,0.0313,-0.0474,0.9984,0,0.0062,19.525,-2.4818,1]},
{"frame":19,"values":[0.9983,0.0503,-0.0296,0,-0.0488,0.9976,0.0488,0,0.032,-0.0473,0.9984,0,0.0062,19.525,-2.4818,1]},
{"frame":20,"values":[0.9983,0.0501,-0.0302,0,-0.0486,0.9976,0.049,0,0.0326,-0.0474,0.9983,0,0.0062,19.525,-2.4818,1]},
{"frame":21,"values":[0.9983,0.0501,-0.0307,0,-0.0485,0.9976,0.0491,0,0.0331,-0.0475,0.9983,0,0.0062,19.525,-2.4818,1]},
{"frame":22,"values":[0.9983,0.0503,-0.031,0,-0.0487,0.9976,0.0493,0,0.0334,-0.0477,0.9983,0,0.0062,19.525,-2.4818,1]},
{"frame":23,"values":[0.9982,0.0508,-0.0318,0,-0.0492,0.9975,0.0504,0,0.0342,-0.0488,0.9982,0,0.0062,19.525,-2.4818,1]},
{"frame":24,"values":[0.9981,0.0515,-0.0332,0,-0.0497,0.9973,0.0534,0,0.0359,-0.0516,0.998,0,0.0062,19.525,-2.4818,1]},
{"frame":25,"values":[0.998,0.0528,-0.0344,0,-0.0508,0.997,0.0578,0,0.0374,-0.0559,0.9977,0,0.0062,19.525,-2.4818,1]},
{"frame":26,"values":[0.9979,0.0548,-0.0341,0,-0.0526,0.9967,0.0624,0,0.0375,-0.0605,0.9975,0,0.0062,19.525,-2.4818,1]},
{"frame":27,"values":[0.9978,0.0566,-0.0335,0,-0.0543,0.9964,0.0656,0,0.0371,-0.0636,0.9973,0,0.0062,19.525,-2.4818,1]},
{"frame":28,"values":[0.9978,0.0571,-0.0347,0,-0.0547,0.9963,0.0669,0,0.0384,-0.0649,0.9972,0,0.0062,19.525,-2.4818,1]},
{"frame":29,"values":[0.9977,0.0565,-0.0372,0,-0.0539,0.9962,0.0679,0,0.0409,-0.0658,0.997,0,0.0062,19.525,-2.4818,1]},
{"frame":30,"values":[0.9977,0.0562,-0.0385,0,-0.0535,0.9961,0.07,0,0.0423,-0.0678,0.9968,0,0.0062,19.525,-2.4818,1]},
{"frame":31,"values":[0.9977,0.057,-0.0378,0,-0.0541,0.9958,0.0732,0,0.0418,-0.071,0.9966,0,0.0062,19.525,-2.4818,1]},
{"frame":32,"values":[0.9976,0.0582,-0.0367,0,-0.0553,0.9955,0.0767,0,0.041,-0.0745,0.9964,0,0.0062,19.525,-2.4818,1]},
{"frame":33,"values":[0.9976,0.0594,-0.0362,0,-0.0563,0.9952,0.0797,0,0.0408,-0.0775,0.9962,0,0.0062,19.525,-2.4818,1]},
{"frame":34,"values":[0.9975,0.0601,-0.0361,0,-0.057,0.995,0.0815,0,0.0408,-0.0793,0.996,0,0.0062,19.525,-2.4818,1]},
{"frame":35,"values":[0.9975,0.0602,-0.0358,0,-0.0571,0.9951,0.0812,0,0.0405,-0.0789,0.9961,0,0.0062,19.525,-2.4818,1]},
{"frame":36,"values":[0.9976,0.0596,-0.0353,0,-0.0567,0.9953,0.0783,0,0.0398,-0.0761,0.9963,0,0.0062,19.525,-2.4818,1]},
{"frame":37,"values":[0.9977,0.0583,-0.0349,0,-0.0556,0.9957,0.0736,0,0.039,-0.0715,0.9967,0,0.0062,19.525,-2.4818,1]},
{"frame":38,"values":[0.9978,0.0564,-0.0346,0,-0.054,0.9962,0.068,0,0.0383,-0.0659,0.9971,0,0.0062,19.525,-2.4818,1]},
{"frame":39,"values":[0.9979,0.0546,-0.0345,0,-0.0524,0.9967,0.0624,0,0.0378,-0.0605,0.9975,0,0.0062,19.525,-2.4818,1]},
{"frame":40,"values":[0.9979,0.0536,-0.0352,0,-0.0515,0.997,0.0582,0,0.0382,-0.0563,0.9977,0,0.0062,19.525,-2.4818,1]},
{"frame":41,"values":[0.9979,0.0534,-0.0361,0,-0.0513,0.9971,0.056,0,0.039,-0.054,0.9978,0,0.0062,19.525,-2.4818,1]},
{"frame":42,"values":[0.9979,0.0534,-0.0364,0,-0.0514,0.9972,0.0551,0,0.0393,-0.0531,0.9978,0,0.0062,19.525,-2.4818,1]},
{"frame":43,"values":[0.998,0.0529,-0.0351,0,-0.0509,0.9972,0.0543,0,0.0378,-0.0524,0.9979,0,0.0062,19.525,-2.4818,1]},
{"frame":44,"values":[0.9981,0.0518,-0.0321,0,-0.0501,0.9973,0.0528,0,0.0348,-0.0511,0.9981,0,0.0062,19.525,-2.4818,1]},
{"frame":45,"values":[0.9983,0.0505,-0.0288,0,-0.049,0.9975,0.0511,0,0.0313,-0.0496,0.9983,0,0.0062,19.525,-2.4818,1]},
{"frame":46,"values":[0.9984,0.0493,-0.0262,0,-0.048,0.9976,0.0494,0,0.0286,-0.0481,0.9984,0,0.0062,19.525,-2.4818,1]},
{"frame":47,"values":[0.9985,0.0483,-0.025,0,-0.0471,0.9977,0.0482,0,0.0272,-0.0469,0.9985,0,0.0062,19.525,-2.4818,1]},
{"frame":48,"values":[0.9985,0.048,-0.0246,0,-0.0468,0.9978,0.0474,0,0.0268,-0.0462,0.9986,0,0.0062,19.525,-2.4818,1]},
{"frame":49,"values":[0.9985,0.0481,-0.0243,0,-0.0469,0.9978,0.0468,0,0.0265,-0.0456,0.9986,0,0.0062,19.525,-2.4818,1]},
{"frame":50,"values":[0.9986,0.0482,-0.0238,0,-0.047,0.9978,0.0463,0,0.0259,-0.0451,0.9986,0,0.0062,19.525,-2.4818,1]},
{"frame":51,"values":[0.9986,0.0477,-0.0231,0,-0.0466,0.9979,0.0457,0,0.0252,-0.0446,0.9987,0,0.0062,19.525,-2.4818,1]},
{"frame":52,"values":[0.9987,0.0468,-0.0223,0,-0.0458,0.9979,0.0453,0,0.0244,-0.0442,0.9987,0,0.0062,19.525,-2.4818,1]},
{"frame":53,"values":[0.9987,0.0459,-0.0215,0,-0.0449,0.998,0.0451,0,0.0235,-0.0441,0.9987,0,0.0062,19.525,-2.4818,1]},
{"frame":54,"values":[0.9988,0.0452,-0.021,0,-0.0442,0.998,0.0451,0,0.023,-0.0441,0.9988,0,0.0062,19.525,-2.4818,1]},
{"frame":55,"values":[0.9988,0.0446,-0.0209,0,-0.0436,0.998,0.0452,0,0.0229,-0.0442,0.9988,0,0.0062,19.525,-2.4818,1]},
{"frame":56,"values":[0.9988,0.0441,-0.0211,0,-0.0431,0.998,0.0452,0,0.0231,-0.0442,0.9988,0,0.0062,19.525,-2.4818,1]},
{"frame":57,"values":[0.9988,0.0433,-0.0216,0,-0.0423,0.9981,0.0451,0,0.0235,-0.0441,0.9987,0,0.0062,19.525,-2.4818,1]},
{"frame":58,"values":[0.9989,0.0425,-0.0221,0,-0.0414,0.9981,0.0448,0,0.024,-0.0438,0.9988,0,0.0062,19.525,-2.4818,1]},
{"frame":59,"values":[0.9989,0.0413,-0.0226,0,-0.0403,0.9982,0.0445,0,0.0244,-0.0435,0.9988,0,0.0062,19.525,-2.4818,1]},
{"frame":60,"values":[0.9989,0.0404,-0.0232,0,-0.0393,0.9982,0.0442,0,0.0249,-0.0432,0.9988,0,0.0062,19.525,-2.4818,1]},
{"frame":61,"values":[0.9989,0.0397,-0.0238,0,-0.0386,0.9983,0.0441,0,0.0255,-0.0431,0.9987,0,0.0062,19.525,-2.4818,1]},
{"frame":62,"values":[0.9989,0.0393,-0.0243,0,-0.0383,0.9983,0.044,0,0.0259,-0.0431,0.9987,0,0.0062,19.525,-2.4818,1]},
{"frame":63,"values":[0.9989,0.0393,-0.0245,0,-0.0382,0.9983,0.044,0,0.0262,-0.043,0.9987,0,0.0062,19.525,-2.4818,1]},
{"frame":64,"values":[0.9989,0.0394,-0.0245,0,-0.0382,0.9983,0.0441,0,0.0262,-0.0431,0.9987,0,0.0062,19.525,-2.4818,1]},
{"frame":65,"values":[0.9989,0.0396,-0.0245,0,-0.0384,0.9983,0.0443,0,0.0262,-0.0433,0.9987,0,0.0062,19.525,-2.4818,1]},
{"frame":66,"values":[0.9989,0.0399,-0.0245,0,-0.0388,0.9982,0.0449,0,0.0262,-0.0439,0.9987,0,0.0062,19.525,-2.4818,1]},
{"frame":67,"values":[0.9989,0.0404,-0.0244,0,-0.0393,0.9982,0.0456,0,0.0262,-0.0446,0.9987,0,0.0062,19.525,-2.4818,1]},
{"frame":68,"values":[0.9989,0.041,-0.0243,0,-0.0398,0.9981,0.0464,0,0.0261,-0.0453,0.9986,0,0.0062,19.525,-2.4818,1]},
{"frame":69,"values":[0.9988,0.0416,-0.0241,0,-0.0404,0.9981,0.047,0,0.0261,-0.0459,0.9986,0,0.0062,19.525,-2.4818,1]},
{"frame":70,"values":[0.9988,0.0421,-0.0239,0,-0.041,0.998,0.0475,0,0.0259,-0.0464,0.9986,0,0.0062,19.525,-2.4818,1]},
{"frame":71,"values":[0.9988,0.0427,-0.0237,0,-0.0415,0.998,0.048,0,0.0257,-0.047,0.9986,0,0.0062,19.525,-2.4818,1]},
{"frame":72,"values":[0.9988,0.0431,-0.0234,0,-0.042,0.9979,0.0486,0,0.0255,-0.0476,0.9985,0,0.0062,19.525,-2.4818,1]},
{"frame":73,"values":[0.9988,0.0436,-0.0233,0,-0.0424,0.9979,0.0492,0,0.0254,-0.0482,0.9985,0,0.0062,19.525,-2.4818,1]},
{"frame":74,"values":[0.9988,0.0439,-0.023,0,-0.0427,0.9978,0.05,0,0.0252,-0.0489,0.9985,0,0.0062,19.525,-2.4818,1]},
{"frame":75,"values":[0.9988,0.0442,-0.0229,0,-0.043,0.9978,0.0508,0,0.0251,-0.0497,0.9984,0,0.0062,19.525,-2.4818,1]},
{"frame":76,"values":[0.9988,0.0443,-0.0228,0,-0.043,0.9977,0.0517,0,0.0251,-0.0506,0.9984,0,0.0062,19.525,-2.4818,1]},
{"frame":77,"values":[0.9988,0.0443,-0.0228,0,-0.043,0.9977,0.0525,0,0.0251,-0.0515,0.9984,0,0.0062,19.525,-2.4818,1]},
{"frame":78,"values":[0.9988,0.0442,-0.0228,0,-0.043,0.9977,0.0533,0,0.0251,-0.0523,0.9983,0,0.0062,19.525,-2.4818,1]},
{"frame":79,"values":[0.9988,0.0442,-0.0229,0,-0.0429,0.9976,0.054,0,0.0252,-0.053,0.9983,0,0.0062,19.525,-2.4818,1]},
{"frame":80,"values":[0.9988,0.0442,-0.023,0,-0.0429,0.9976,0.0546,0,0.0253,-0.0535,0.9982,0,0.0062,19.525,-2.4818,1]},
{"frame":81,"values":[0.9988,0.0442,-0.0231,0,-0.0428,0.9976,0.0551,0,0.0255,-0.054,0.9982,0,0.0062,19.525,-2.4818,1]},
{"frame":82,"values":[0.9988,0.0442,-0.0233,0,-0.0428,0.9975,0.0555,0,0.0257,-0.0544,0.9982,0,0.0062,19.525,-2.4818,1]},
{"frame":83,"values":[0.9987,0.0442,-0.0234,0,-0.0428,0.9975,0.0561,0,0.0259,-0.055,0.9982,0,0.0062,19.525,-2.4818,1]},
{"frame":84,"values":[0.9987,0.0442,-0.0235,0,-0.0428,0.9975,0.0567,0,0.026,-0.0556,0.9981,0,0.0062,19.525,-2.4818,1]},
{"frame":85,"values":[0.9987,0.0443,-0.0235,0,-0.0429,0.9974,0.0572,0,0.026,-0.0561,0.9981,0,0.0062,19.525,-2.4818,1]},
{"frame":86,"values":[0.9987,0.0444,-0.0236,0,-0.0429,0.9974,0.0575,0,0.0261,-0.0564,0.9981,0,0.0062,19.525,-2.4818,1]},
{"frame":87,"values":[0.9987,0.0444,-0.0238,0,-0.043,0.9974,0.0578,0,0.0263,-0.0567,0.998,0,0.0062,19.525,-2.4818,1]},
{"frame":88,"values":[0.9987,0.0445,-0.0239,0,-0.043,0.9974,0.0581,0,0.0265,-0.057,0.998,0,0.0062,19.525,-2.4818,1]},
{"frame":89,"values":[0.9987,0.0445,-0.024,0,-0.0431,0.9974,0.0583,0,0.0266,-0.0572,0.998,0,0.0062,19.525,-2.4818,1]},
{"frame":90,"values":[0.9987,0.0446,-0.024,0,-0.0431,0.9974,0.0585,0,0.0266,-0.0574,0.998,0,0.0062,19.525,-2.4818,1]},
{"frame":91,"values":[0.9987,0.0447,-0.024,0,-0.0432,0.9973,0.0587,0,0.0266,-0.0576,0.998,0,0.0062,19.525,-2.4818,1]},
{"frame":92,"values":[0.9987,0.0448,-0.024,0,-0.0433,0.9973,0.0588,0,0.0266,-0.0577,0.998,0,0.0062,19.525,-2.4818,1]}],"loopBehavior":1,"name":"anim","property":"_matrix"}},
{"name":"mixamorig:Spine1","index":2,"matrix":[0.9996,0.0274,-0.0054,0,-0.0273,0.9994,0.0203,0,0.006,-0.0201,0.9998,0,-0.0009,22.835,-2.8254,1],"rest":[1,0,0,0,0,1,0,0,0,0,1,0,-0.0009,22.835,-2.8254,1],"parentBoneIndex":1,"length":26.7438
,"animation":{"dataType":3,"framePerSecond":24,"keys":[
{"frame":1,"values":[0.9996,0.0274,-0.0054,0,-0.0273,0.9994,0.0203,0,0.006,-0.0201,0.9998,0,-0.0009,22.835,-2.8254,1]},
{"frame":4,"values":[0.9996,0.0274,-0.0055,0,-0.0273,0.9994,0.0203,0,0.0061,-0.0201,0.9998,0,-0.0009,22.835,-2.8254,1]},
{"frame":5,"values":[0.9996,0.0277,-0.0057,0,-0.0275,0.9994,0.0203,0,0.0062,-0.0201,0.9998,0,-0.0009,22.835,-2.8254,1]},
{"frame":6,"values":[0.9996,0.028,-0.006,0,-0.0278,0.9994,0.0203,0,0.0065,-0.0201,0.9998,0,-0.0009,22.835,-2.8254,1]},
{"frame":7,"values":[0.9996,0.0283,-0.0063,0,-0.0282,0.9994,0.0203,0,0.0068,-0.0201,0.9998,0,-0.0009,22.835,-2.8254,1]},
{"frame":8,"values":[0.9996,0.0288,-0.0064,0,-0.0287,0.9994,0.0201,0,0.007,-0.02,0.9998,0,-0.0009,22.835,-2.8254,1]},
{"frame":9,"values":[0.9995,0.0295,-0.0064,0,-0.0294,0.9994,0.0195,0,0.0069,-0.0193,0.9998,0,-0.0009,22.835,-2.8254,1]},
{"frame":10,"values":[0.9995,0.0303,-0.0064,0,-0.0302,0.9994,0.0183,0,0.0069,-0.0181,0.9998,0,-0.0009,22.835,-2.8254,1]},
{"frame":11,"values":[0.9995,0.0311,-0.0064,0,-0.031,0.9994,0.0168,0,0.0069,-0.0166,0.9998,0,-0.0009,22.835,-2.8254,1]},
{"frame":12,"values":[0.9995,0.0321,-0.0067,0,-0.032,0.9994,0.0152,0,0.0072,-0.015,0.9999,0,-0.0009,22.835,-2.8254,1]},
{"frame":13,"values":[0.9994,0.0334,-0.0073,0,-0.0333,0.9994,0.0137,0,0.0077,-0.0134,0.9999,0,-0.0009,22.835,-2.8254,1]},
{"frame":14,"values":[0.9994,0.0348,-0.008,0,-0.0347,0.9993,0.0122,0,0.0085,-0.0119,0.9999,0,-0.0009,22.835,-2.8254,1]},
{"frame":15,"values":[0.9993,0.0363,-0.0089,0,-0.0362,0.9993,0.0106,0,0.0093,-0.0103,0.9999,0,-0.0009,22.835,-2.8254,1]},
{"frame":16,"values":[0.9992,0.0376,-0.01,0,-0.0375,0.9993,0.0091,0,0.0104,-0.0087,0.9999,0,-0.0009,22.835,-2.8254,1]},
{"frame":17,"values":[0.9992,0.0385,-0.0112,0,-0.0384,0.9992,0.0078,0,0.0115,-0.0074,0.9999,0,-0.0009,22.835,-2.8254,1]},
{"frame":18,"values":[0.9992,0.0391,-0.0123,0,-0.039,0.9992,0.0071,0,0.0126,-0.0066,0.9999,0,-0.0009,22.835,-2.8254,1]},
{"frame":19,"values":[0.9991,0.0395,-0.0134,0,-0.0394,0.9992,0.0068,0,0.0137,-0.0063,0.9999,0,-0.0009,22.835,-2.8254,1]},
{"frame":20,"values":[0.9991,0.0397,-0.0144,0,-0.0396,0.9992,0.0069,0,0.0147,-0.0063,0.9999,0,-0.0009,22.835,-2.8254,1]},
{"frame":21,"values":[0.9991,0.0401,-0.0151,0,-0.04,0.9992,0.0072,0,0.0154,-0.0066,0.9999,0,-0.0009,22.835,-2.8254,1]},
{"frame":22,"values":[0.999,0.0407,-0.0157,0,-0.0406,0.9992,0.007,0,0.016,-0.0064,0.9999,0,-0.0009,22.835,-2.8254,1]},
{"frame":23,"values":[0.999,0.0409,-0.017,0,-0.0408,0.9992,0.005,0,0.0171,-0.0043,0.9998,0,-0.0009,22.835,-2.8254,1]},
{"frame":24,"values":[0.999,0.0406,-0.0195,0,-0.0405,0.9992,0.001,0,0.0195,-0.0002,0.9998,0,-0.0009,22.835,-2.8254,1]},
{"frame":25,"values":[0.999,0.0402,-0.0216,0,-0.0403,0.9992,-0.0039,0,0.0214,0.0047,0.9998,0,-0.0009,22.835,-2.8254,1]},
{"frame":26,"values":[0.999,0.04,-0.0213,0,-0.0402,0.9991,-0.0096,0,0.0209,0.0105,0.9997,0,-0.0009,22.835,-2.8254,1]},
{"frame":27,"values":[0.999,0.0396,-0.0203,0,-0.0399,0.9991,-0.017,0,0.0196,0.0178,0.9996,0,-0.0009,22.835,-2.8254,1]},
{"frame":28,"values":[0.999,0.0379,-0.0225,0,-0.0385,0.999,-0.0248,0,0.0215,0.0257,0.9994,0,-0.0009,22.835,-2.8254,1]},
{"frame":29,"values":[0.999,0.0353,-0.0268,0,-0.0362,0.9989,-0.0307,0,0.0257,0.0316,0.9992,0,-0.0009,22.835,-2.8254,1]},
{"frame":30,"values":[0.999,0.0331,-0.0291,0,-0.0341,0.9989,-0.0335,0,0.028,0.0345,0.999,0,-0.0009,22.835,-2.8254,1]},
{"frame":31,"values":[0.9991,0.0323,-0.0284,0,-0.0333,0.9989,-0.0335,0,0.0273,0.0344,0.999,0,-0.0009,22.835,-2.8254,1]},
{"frame":32,"values":[0.9991,0.0326,-0.027,0,-0.0335,0.9989,-0.0313,0,0.0259,0.0321,0.9991,0,-0.0009,22.835,-2.8254,1]},
{"frame":33,"values":[0.9991,0.0334,-0.0266,0,-0.0341,0.999,-0.0275,0,0.0257,0.0284,0.9993,0,-0.0009,22.835,-2.8254,1]},
{"frame":34,"values":[0.999,0.0345,-0.0266,0,-0.0351,0.9991,-0.0228,0,0.0258,0.0237,0.9994,0,-0.0009,22.835,-2.8254,1]},
{"frame":35,"values":[0.999,0.0361,-0.0261,0,-0.0365,0.9992,-0.0175,0,0.0254,0.0185,0.9995,0,-0.0009,22.835,-2.8254,1]},
{"frame":36,"values":[0.999,0.038,-0.0252,0,-0.0383,0.9992,-0.0115,0,0.0247,0.0125,0.9996,0,-0.0009,22.835,-2.8254,1]},
{"frame":37,"values":[0.9989,0.0398,-0.0241,0,-0.04,0.9992,-0.0048,0,0.0239,0.0057,0.9997,0,-0.0009,22.835,-2.8254,1]},
{"frame":38,"values":[0.9989,0.0415,-0.0231,0,-0.0414,0.9991,0.0025,0,0.0232,-0.0015,0.9997,0,-0.0009,22.835,-2.8254,1]},
{"frame":39,"values":[0.9988,0.0431,-0.0225,0,-0.0428,0.999,0.0099,0,0.0229,-0.0089,0.9997,0,-0.0009,22.835,-2.8254,1]},
{"frame":40,"values":[0.9987,0.0449,-0.0231,0,-0.0445,0.9989,0.0172,0,0.0238,-0.0161,0.9996,0,-0.0009,22.835,-2.8254,1]},
{"frame":41,"values":[0.9986,0.0469,-0.0243,0,-0.0463,0.9986,0.0237,0,0.0254,-0.0226,0.9994,0,-0.0009,22.835,-2.8254,1]},
{"frame":42,"values":[0.9985,0.0483,-0.0246,0,-0.0476,0.9984,0.0291,0,0.0259,-0.0279,0.9993,0,-0.0009,22.835,-2.8254,1]},
{"frame":43,"values":[0.9986,0.0488,-0.0222,0,-0.0481,0.9983,0.033,0,0.0238,-0.0319,0.9992,0,-0.0009,22.835,-2.8254,1]},
{"frame":44,"values":[0.9987,0.0485,-0.0173,0,-0.0479,0.9982,0.0356,0,0.019,-0.0347,0.9992,0,-0.0009,22.835,-2.8254,1]},
{"frame":45,"values":[0.9988,0.0481,-0.0117,0,-0.0476,0.9982,0.0371,0,0.0135,-0.0365,0.9992,0,-0.0009,22.835,-2.8254,1]},
{"frame":46,"values":[0.9988,0.0477,-0.0075,0,-0.0474,0.9981,0.0384,0,0.0094,-0.038,0.9992,0,-0.0009,22.835,-2.8254,1]},
{"frame":47,"values":[0.9989,0.0475,-0.0054,0,-0.0472,0.9981,0.0402,0,0.0073,-0.0399,0.9992,0,-0.0009,22.835,-2.8254,1]},
{"frame":48,"values":[0.9988,0.0478,-0.0046,0,-0.0475,0.998,0.0424,0,0.0067,-0.0421,0.9991,0,-0.0009,22.835,-2.8254,1]},
{"frame":49,"values":[0.9988,0.0484,-0.004,0,-0.0481,0.9978,0.0446,0,0.0062,-0.0443,0.999,0,-0.0009,22.835,-2.8254,1]},
{"frame":50,"values":[0.9988,0.0487,-0.0031,0,-0.0485,0.9977,0.0464,0,0.0053,-0.0462,0.9989,0,-0.0009,22.835,-2.8254,1]},
{"frame":51,"values":[0.9988,0.0482,-0.0018,0,-0.048,0.9977,0.0479,0,0.0041,-0.0478,0.9988,0,-0.0009,22.835,-2.8254,1]},
{"frame":52,"values":[0.9989,0.0471,-0.0004,0,-0.047,0.9977,0.0493,0,0.0028,-0.0493,0.9988,0,-0.0009,22.835,-2.8254,1]},
{"frame":53,"values":[0.9989,0.0459,0.0009,0,-0.0459,0.9977,0.0507,0,0.0014,-0.0507,0.9987,0,-0.0009,22.835,-2.8254,1]},
{"frame":54,"values":[0.999,0.0449,0.0018,0,-0.0449,0.9976,0.0521,0,0.0005,-0.0522,0.9986,0,-0.0009,22.835,-2.8254,1]},
{"frame":55,"values":[0.999,0.044,0.0021,0,-0.0441,0.9976,0.0534,0,0.0003,-0.0534,0.9986,0,-0.0009,22.835,-2.8254,1]},
{"frame":56,"values":[0.9991,0.0432,0.0017,0,-0.0432,0.9976,0.0542,0,0.0006,-0.0542,0.9985,0,-0.0009,22.835,-2.8254,1]},
{"frame":57,"values":[0.9991,0.0419,0.001,0,-0.0419,0.9976,0.0543,0,0.0013,-0.0543,0.9985,0,-0.0009,22.835,-2.8254,1]},
{"frame":58,"values":[0.9992,0.0404,0.0002,0,-0.0404,0.9977,0.0539,0,0.002,-0.0539,0.9985,0,-0.0009,22.835,-2.8254,1]},
{"frame":59,"values":[0.9992,0.0389,-0.0007,0,-0.0388,0.9978,0.0532,0,0.0027,-0.0531,0.9986,0,-0.0009,22.835,-2.8254,1]},
{"frame":60,"values":[0.9993,0.0374,-0.0016,0,-0.0373,0.9979,0.0522,0,0.0036,-0.0521,0.9986,0,-0.0009,22.835,-2.8254,1]},
{"frame":61,"values":[0.9993,0.0362,-0.0026,0,-0.0361,0.998,0.0511,0,0.0045,-0.0509,0.9987,0,-0.0009,22.835,-2.8254,1]},
{"frame":62,"values":[0.9994,0.0353,-0.0034,0,-0.0351,0.9981,0.0498,0,0.0052,-0.0496,0.9988,0,-0.0009,22.835,-2.8254,1]},
{"frame":63,"values":[0.9994,0.0346,-0.0039,0,-0.0344,0.9982,0.0483,0,0.0055,-0.0482,0.9988,0,-0.0009,22.835,-2.8254,1]},
{"frame":64,"values":[0.9994,0.0342,-0.004,0,-0.034,0.9983,0.0468,0,0.0056,-0.0466,0.9989,0,-0.0009,22.835,-2.8254,1]},
{"frame":65,"values":[0.9994,0.034,-0.0041,0,-0.0338,0.9984,0.0455,0,0.0056,-0.0453,0.999,0,-0.0009,22.835,-2.8254,1]},
{"frame":66,"values":[0.9994,0.034,-0.0041,0,-0.0338,0.9984,0.0445,0,0.0056,-0.0444,0.999,0,-0.0009,22.835,-2.8254,1]},
{"frame":67,"values":[0.9994,0.0342,-0.004,0,-0.034,0.9985,0.0438,0,0.0055,-0.0436,0.999,0,-0.0009,22.835,-2.8254,1]},
{"frame":68,"values":[0.9994,0.0344,-0.0039,0,-0.0342,0.9985,0.0429,0,0.0054,-0.0427,0.9991,0,-0.0009,22.835,-2.8254,1]},
{"frame":69,"values":[0.9994,0.0347,-0.0037,0,-0.0345,0.9985,0.0417,0,0.0052,-0.0415,0.9991,0,-0.0009,22.835,-2.8254,1]},
{"frame":70,"values":[0.9994,0.0349,-0.0034,0,-0.0347,0.9986,0.0404,0,0.0048,-0.0402,0.9992,0,-0.0009,22.835,-2.8254,1]},
{"frame":71,"values":[0.9994,0.0349,-0.0031,0,-0.0347,0.9986,0.039,0,0.0044,-0.0388,0.9992,0,-0.0009,22.835,-2.8254,1]},
{"frame":72,"values":[0.9994,0.0349,-0.0028,0,-0.0348,0.9987,0.0376,0,0.0041,-0.0375,0.9993,0,-0.0009,22.835,-2.8254,1]},
{"frame":73,"values":[0.9994,0.0349,-0.0026,0,-0.0348,0.9987,0.0363,0,0.0038,-0.0362,0.9993,0,-0.0009,22.835,-2.8254,1]},
{"frame":74,"values":[0.9994,0.0347,-0.0023,0,-0.0346,0.9988,0.0351,0,0.0035,-0.035,0.9994,0,-0.0009,22.835,-2.8254,1]},
{"frame":75,"values":[0.9994,0.0344,-0.0021,0,-0.0344,0.9988,0.0341,0,0.0033,-0.034,0.9994,0,-0.0009,22.835,-2.8254,1]},
{"frame":76,"values":[0.9994,0.034,-0.002,0,-0.0339,0.9989,0.0331,0,0.0032,-0.033,0.9995,0,-0.0009,22.835,-2.8254,1]},
{"frame":77,"values":[0.9994,0.0336,-0.0021,0,-0.0335,0.9989,0.0321,0,0.0032,-0.032,0.9995,0,-0.0009,22.835,-2.8254,1]},
{"frame":78,"values":[0.9995,0.033,-0.0022,0,-0.0329,0.999,0.0311,0,0.0033,-0.031,0.9995,0,-0.0009,22.835,-2.8254,1]},
{"frame":79,"values":[0.9995,0.0324,-0.0024,0,-0.0323,0.999,0.03,0,0.0034,-0.0299,0.9995,0,-0.0009,22.835,-2.8254,1]},
{"frame":80,"values":[0.9995,0.0318,-0.0026,0,-0.0317,0.9991,0.0287,0,0.0036,-0.0286,0.9996,0,-0.0009,22.835,-2.8254,1]},
{"frame":81,"values":[0.9995,0.0311,-0.003,0,-0.031,0.9991,0.0273,0,0.0038,-0.0272,0.9996,0,-0.0009,22.835,-2.8254,1]},
{"frame":82,"values":[0.9995,0.0305,-0.0033,0,-0.0304,0.9992,0.0261,0,0.0041,-0.0259,0.9997,0,-0.0009,22.835,-2.8254,1]},
{"frame":83,"values":[0.9995,0.0299,-0.0036,0,-0.0298,0.9992,0.0251,0,0.0044,-0.0249,0.9997,0,-0.0009,22.835,-2.8254,1]},
{"frame":84,"values":[0.9996,0.0292,-0.0038,0,-0.0291,0.9993,0.0243,0,0.0045,-0.0241,0.9997,0,-0.0009,22.835,-2.8254,1]},
{"frame":85,"values":[0.9996,0.0287,-0.0039,0,-0.0286,0.9993,0.0234,0,0.0046,-0.0233,0.9997,0,-0.0009,22.835,-2.8254,1]},
{"frame":86,"values":[0.9996,0.0283,-0.0041,0,-0.0282,0.9993,0.0226,0,0.0047,-0.0224,0.9997,0,-0.0009,22.835,-2.8254,1]},
{"frame":87,"values":[0.9996,0.0279,-0.0044,0,-0.0278,0.9994,0.0217,0,0.005,-0.0216,0.9998,0,-0.0009,22.835,-2.8254,1]},
{"frame":88,"values":[0.9996,0.0275,-0.0047,0,-0.0274,0.9994,0.021,0,0.0053,-0.0209,0.9998,0,-0.0009,22.835,-2.8254,1]},
{"frame":89,"values":[0.9996,0.0272,-0.0049,0,-0.0271,0.9994,0.0205,0,0.0055,-0.0204,0.9998,0,-0.0009,22.835,-2.8254,1]},
{"frame":90,"values":[0.9996,0.0271,-0.005,0,-0.027,0.9994,0.0202,0,0.0056,-0.0201,0.9998,0,-0.0009,22.835,-2.8254,1]},
{"frame":92,"values":[0.9996,0.0271,-0.005,0,-0.027,0.9994,0.0202,0,0.0056,-0.0201,0.9998,0,-0.0009,22.835,-2.8254,1]}],"loopBehavior":1,"name":"anim","property":"_matrix"}},
{"name":"mixamorig:Spine2","index":3,"matrix":[0.9996,0.0273,-0.0059,0,-0.0272,0.9994,0.0198,0,0.0065,-0.0196,0.9998,0,-0.0206,26.5525,-3.1933,1],"rest":[1,0,0,0,0,1,0,0,0,0,1,0,-0.0206,26.5525,-3.1933,1],"parentBoneIndex":2,"length":24.825
,"animation":{"dataType":3,"framePerSecond":24,"keys":[
{"frame":1,"values":[0.9996,0.0273,-0.0059,0,-0.0272,0.9994,0.0198,0,0.0065,-0.0196,0.9998,0,-0.0206,26.5525,-3.1933,1]},
{"frame":3,"values":[0.9996,0.0274,-0.0059,0,-0.0272,0.9994,0.0198,0,0.0065,-0.0196,0.9998,0,-0.0206,26.5525,-3.1933,1]},
{"frame":4,"values":[0.9996,0.0275,-0.006,0,-0.0274,0.9994,0.0198,0,0.0065,-0.0196,0.9998,0,-0.0206,26.5525,-3.1933,1]},
{"frame":5,"values":[0.9996,0.0278,-0.0061,0,-0.0276,0.9994,0.0198,0,0.0067,-0.0196,0.9998,0,-0.0206,26.5525,-3.1933,1]},
{"frame":6,"values":[0.9996,0.0281,-0.0064,0,-0.0279,0.9994,0.0198,0,0.0069,-0.0196,0.9998,0,-0.0206,26.5525,-3.1933,1]},
{"frame":7,"values":[0.9996,0.0284,-0.0067,0,-0.0283,0.9994,0.0198,0,0.0072,-0.0196,0.9998,0,-0.0206,26.5525,-3.1933,1]},
{"frame":8,"values":[0.9996,0.0289,-0.0068,0,-0.0288,0.9994,0.0197,0,0.0074,-0.0195,0.9998,0,-0.0206,26.5525,-3.1933,1]},
{"frame":9,"values":[0.9995,0.0296,-0.0068,0,-0.0295,0.9994,0.019,0,0.0074,-0.0188,0.9998,0,-0.0206,26.5525,-3.1933,1]},
{"frame":10,"values":[0.9995,0.0304,-0.0068,0,-0.0303,0.9994,0.0178,0,0.0073,-0.0176,0.9998,0,-0.0206,26.5525,-3.1933,1]},
{"frame":11,"values":[0.9995,0.0312,-0.0068,0,-0.0311,0.9994,0.0163,0,0.0073,-0.0161,0.9998,0,-0.0206,26.5525,-3.1933,1]},
{"frame":12,"values":[0.9995,0.0322,-0.0071,0,-0.0321,0.9994,0.0147,0,0.0076,-0.0145,0.9999,0,-0.0206,26.5525,-3.1933,1]},
{"frame":13,"values":[0.9994,0.0335,-0.0076,0,-0.0334,0.9994,0.0132,0,0.0081,-0.013,0.9999,0,-0.0206,26.5525,-3.1933,1]},
{"frame":14,"values":[0.9994,0.0349,-0.0084,0,-0.0349,0.9993,0.0117,0,0.0088,-0.0114,0.9999,0,-0.0206,26.5525,-3.1933,1]},
{"frame":15,"values":[0.9993,0.0364,-0.0092,0,-0.0363,0.9993,0.0101,0,0.0096,-0.0098,0.9999,0,-0.0206,26.5525,-3.1933,1]},
{"frame":16,"values":[0.9992,0.0377,-0.0103,0,-0.0376,0.9993,0.0086,0,0.0106,-0.0082,0.9999,0,-0.0206,26.5525,-3.1933,1]},
{"frame":17,"values":[0.9992,0.0386,-0.0115,0,-0.0385,0.9992,0.0074,0,0.0117,-0.0069,0.9999,0,-0.0206,26.5525,-3.1933,1]},
{"frame":18,"values":[0.9991,0.0393,-0.0126,0,-0.0392,0.9992,0.0066,0,0.0129,-0.0061,0.9999,0,-0.0206,26.5525,-3.1933,1]},
{"frame":19,"values":[0.9991,0.0397,-0.0137,0,-0.0396,0.9992,0.0064,0,0.0139,-0.0058,0.9999,0,-0.0206,26.5525,-3.1933,1]},
{"frame":20,"values":[0.9991,0.0399,-0.0147,0,-0.0398,0.9992,0.0064,0,0.015,-0.0058,0.9999,0,-0.0206,26.5525,-3.1933,1]},
{"frame":21,"values":[0.9991,0.0403,-0.0154,0,-0.0402,0.9992,0.0065,0,0.0157,-0.0059,0.9999,0,-0.0206,26.5525,-3.1933,1]},
{"frame":22,"values":[0.999,0.0409,-0.016,0,-0.0408,0.9991,0.0069,0,0.0162,-0.0062,0.9998,0,-0.0206,26.5525,-3.1933,1]},
{"frame":23,"values":[0.999,0.0422,-0.0171,0,-0.042,0.9991,0.0087,0,0.0175,-0.008,0.9998,0,-0.0206,26.5525,-3.1933,1]},
{"frame":24,"values":[0.9988,0.044,-0.0194,0,-0.0437,0.999,0.0134,0,0.02,-0.0125,0.9997,0,-0.0206,26.5525,-3.1933,1]},
{"frame":25,"values":[0.9987,0.0467,-0.0213,0,-0.0463,0.9987,0.0204,0,0.0222,-0.0193,0.9996,0,-0.0206,26.5525,-3.1933,1]},
{"frame":26,"values":[0.9985,0.0499,-0.0206,0,-0.0493,0.9984,0.027,0,0.0219,-0.0259,0.9994,0,-0.0206,26.5525,-3.1933,1]},
{"frame":27,"values":[0.9984,0.0522,-0.0195,0,-0.0516,0.9982,0.0305,0,0.021,-0.0294,0.9993,0,-0.0206,26.5525,-3.1933,1]},
{"frame":28,"values":[0.9984,0.0524,-0.0215,0,-0.0517,0.9982,0.0297,0,0.0231,-0.0286,0.9993,0,-0.0206,26.5525,-3.1933,1]},
{"frame":29,"values":[0.9984,0.0504,-0.026,0,-0.0497,0.9984,0.0257,0,0.0273,-0.0244,0.9993,0,-0.0206,26.5525,-3.1933,1]},
{"frame":30,"values":[0.9985,0.0474,-0.0286,0,-0.0469,0.9987,0.0198,0,0.0295,-0.0184,0.9994,0,-0.0206,26.5525,-3.1933,1]},
{"frame":31,"values":[0.9986,0.045,-0.028,0,-0.0446,0.9989,0.0133,0,0.0286,-0.012,0.9995,0,-0.0206,26.5525,-3.1933,1]},
{"frame":32,"values":[0.9987,0.0432,-0.0268,0,-0.043,0.999,0.0073,0,0.0271,-0.0062,0.9996,0,-0.0206,26.5525,-3.1933,1]},
{"frame":33,"values":[0.9988,0.0419,-0.0266,0,-0.0418,0.9991,0.0027,0,0.0267,-0.0016,0.9996,0,-0.0206,26.5525,-3.1933,1]},
{"frame":34,"values":[0.9988,0.0413,-0.0267,0,-0.0413,0.9991,0.0004,0,0.0267,0.0007,0.9996,0,-0.0206,26.5525,-3.1933,1]},
{"frame":35,"values":[0.9988,0.0415,-0.0263,0,-0.0415,0.9991,0.0005,0,0.0263,0.0006,0.9997,0,-0.0206,26.5525,-3.1933,1]},
{"frame":36,"values":[0.9988,0.0424,-0.0253,0,-0.0424,0.9991,0.0025,0,0.0254,-0.0014,0.9997,0,-0.0206,26.5525,-3.1933,1]},
{"frame":37,"values":[0.9988,0.0434,-0.0242,0,-0.0433,0.999,0.0055,0,0.0245,-0.0044,0.9997,0,-0.0206,26.5525,-3.1933,1]},
{"frame":38,"values":[0.9988,0.0442,-0.0232,0,-0.044,0.999,0.0094,0,0.0236,-0.0083,0.9997,0,-0.0206,26.5525,-3.1933,1]},
{"frame":39,"values":[0.9987,0.0451,-0.0226,0,-0.0448,0.9989,0.0139,0,0.0233,-0.0129,0.9996,0,-0.0206,26.5525,-3.1933,1]},
