{"producer":{"name":"Blender","version":"2.90.0","exporter_version":"2.80.1","file":"option_raisehand.babylon"},
"autoClear":true,"clearColor":[0.0509,0.0509,0.0509],"gravity":[0,-9.81,0],
"materials":[{"name":"Material","id":"Material","customType":"BABYLON.PBRMaterial","backFaceCulling":true,"checkReadyOnlyOnce":false,"maxSimultaneousLights":4,"environmentIntensity":1,"albedo":[0.8,0.8,0.8],"reflectivity":[0.5,0.5,0.5],"roughness":0.4,"alpha":1,"transparencyMode":0,"alphaCutOff":0.4,"metallic":0}],
"multiMaterials":[],
"skeletons":[{"name":"Armature","id":0,"dimensionsAtRest":[379.1952,391.6652,55.677],"bones":[
{"name":"mixamorig:Hips","index":0,"matrix":[0.9988,0.0023,-0.0485,0,0.0044,0.9906,0.1368,0,-0.0483,0.1368,-0.9894,0,1.2686,195.2525,-0.2289,1],"rest":[1,0,0,0,0,1,0,0,0,0,-1,0,0,201.6394,0,1],"parentBoneIndex":-1,"length":21.6784
,"animation":{"dataType":3,"framePerSecond":24,"keys":[
{"frame":1,"values":[0.9988,0.0023,-0.0485,0,0.0044,0.9906,0.1368,0,-0.0483,0.1368,-0.9894,0,1.2686,195.2525,-0.2289,1]},
{"frame":2,"values":[0.9987,0.0031,-0.0503,0,0.0038,0.9904,0.1384,0,-0.0502,0.1384,-0.9891,0,0.947,195.2133,-0.6168,1]},
{"frame":3,"values":[0.9985,0.005,-0.0554,0,0.0028,0.9902,0.1399,0,-0.0555,0.1399,-0.9886,0,0.3761,195.1767,-1.2428,1]},
{"frame":4,"values":[0.9977,0.0083,-0.0677,0,0.0012,0.9904,0.1383,0,-0.0682,0.138,-0.9881,0,-0.1392,195.0389,-1.9193,1]},
{"frame":5,"values":[0.9962,0.0173,-0.0858,0,-0.0059,0.9913,0.1314,0,-0.0874,0.1303,-0.9876,0,-0.7071,194.6471,-2.8418,1]},
{"frame":6,"values":[0.994,0.0216,-0.1072,0,-0.0092,0.9934,0.1146,0,-0.109,0.1129,-0.9876,0,-1.5863,194.5048,-4.1297,1]},
{"frame":7,"values":[0.9915,0.0106,-0.1294,0,0.001,0.996,0.0892,0,-0.1299,0.0886,-0.9876,0,-2.7669,194.9051,-5.9674,1]},
{"frame":8,"values":[0.9902,-0.0071,-0.1394,0,0.0158,0.998,0.0612,0,-0.1387,0.0628,-0.9883,0,-4.0937,195.5999,-8.3792,1]},
{"frame":9,"values":[0.9915,-0.0244,-0.1278,0,0.0287,0.9991,0.0316,0,-0.1269,0.035,-0.9913,0,-5.4167,196.5266,-11.1042,1]},
{"frame":10,"values":[0.9946,-0.0392,-0.0957,0,0.0387,0.9992,-0.0067,0,-0.0958,-0.003,-0.9954,0,-6.7904,197.6288,-14.0989,1]},
{"frame":11,"values":[0.9979,-0.0532,-0.036,0,0.0515,0.9975,-0.0474,0,-0.0384,-0.0455,-0.9982,0,-8.7173,198.4324,-17.9058,1]},
{"frame":12,"values":[0.9973,-0.0598,0.0421,0,0.0624,0.996,-0.0633,0,0.0382,-0.0657,-0.9971,0,-11.2769,199.0373,-22.3856,1]},
{"frame":13,"values":[0.9944,-0.0578,0.0881,0,0.0631,0.9963,-0.0584,0,0.0844,-0.0636,-0.9944,0,-13.879,199.4272,-26.3958,1]},
{"frame":14,"values":[0.9944,-0.0713,0.0777,0,0.0754,0.9958,-0.0516,0,0.0737,-0.0571,-0.9956,0,-16.2077,199.544,-29.7592,1]},
{"frame":15,"values":[0.9949,-0.0925,0.041,0,0.0945,0.9943,-0.0504,0,0.0361,-0.054,-0.9979,0,-18.2985,199.6024,-32.8561,1]},
{"frame":16,"values":[0.9947,-0.1005,0.0195,0,0.1015,0.9932,-0.0571,0,0.0137,-0.0588,-0.9982,0,-20.3087,199.7971,-35.6947,1]},
{"frame":17,"values":[0.9947,-0.1001,0.0238,0,0.1014,0.9929,-0.0614,0,0.0174,-0.0635,-0.9978,0,-21.971,199.9459,-38.2227,1]},
{"frame":18,"values":[0.9945,-0.0987,0.0348,0,0.1007,0.9931,-0.0608,0,0.0285,-0.064,-0.9975,0,-23.103,199.8666,-40.3507,1]},
{"frame":19,"values":[0.9946,-0.0953,0.0417,0,0.0978,0.9933,-0.0613,0,0.0356,-0.0651,-0.9972,0,-23.9199,199.6775,-42.0411,1]},
{"frame":20,"values":[0.995,-0.0892,0.0442,0,0.0919,0.9937,-0.0638,0,0.0383,-0.0675,-0.997,0,-24.6544,199.5345,-43.4041,1]},
{"frame":21,"values":[0.9957,-0.0856,0.0354,0,0.0878,0.9938,-0.0684,0,0.0293,-0.0712,-0.997,0,-25.381,199.3617,-44.4518,1]},
{"frame":22,"values":[0.9959,-0.0886,0.0209,0,0.0899,0.9931,-0.0753,0,0.014,-0.0769,-0.9969,0,-25.882,199.1463,-45.335,1]},
{"frame":23,"values":[0.996,-0.0889,0.0128,0,0.0897,0.9927,-0.0801,0,0.0056,-0.081,-0.9967,0,-26.0039,199.0339,-46.1467,1]},
{"frame":24,"values":[0.9965,-0.0835,0.0087,0,0.0839,0.9931,-0.0817,0,0.0018,-0.0821,-0.9966,0,-26.0886,199.0625,-46.669,1]},
{"frame":25,"values":[0.997,-0.0768,0.0075,0,0.0771,0.9935,-0.0837,0,0.001,-0.084,-0.9965,0,-26.1832,199.2102,-46.9759,1]},
{"frame":26,"values":[0.9974,-0.0705,0.012,0,0.0713,0.9936,-0.088,0,0.0057,-0.0887,-0.996,0,-26.1066,199.3481,-47.3082,1]},
{"frame":27,"values":[0.9977,-0.0643,0.0199,0,0.0659,0.9936,-0.092,0,0.0139,-0.0931,-0.9956,0,-25.9956,199.382,-47.5897,1]},
{"frame":28,"values":[0.9978,-0.0591,0.0287,0,0.0616,0.9936,-0.0946,0,0.0229,-0.0961,-0.9951,0,-25.9165,199.3719,-47.732,1]},
{"frame":29,"values":[0.9978,-0.0553,0.0369,0,0.0587,0.9936,-0.0966,0,0.0314,-0.0985,-0.9946,0,-25.7906,199.3946,-47.8149,1]},
{"frame":30,"values":[0.9977,-0.0522,0.0428,0,0.0561,0.9937,-0.0971,0,0.0374,-0.0993,-0.9944,0,-25.6776,199.4379,-47.8831,1]},
{"frame":31,"values":[0.9977,-0.0497,0.0463,0,0.054,0.9938,-0.0971,0,0.0412,-0.0993,-0.9942,0,-25.6259,199.4742,-47.913,1]},
{"frame":32,"values":[0.9977,-0.048,0.0486,0,0.0525,0.9939,-0.0975,0,0.0436,-0.0998,-0.9941,0,-25.5625,199.4863,-47.905,1]},
{"frame":33,"values":[0.9977,-0.0463,0.0499,0,0.051,0.9939,-0.0975,0,0.0451,-0.0998,-0.994,0,-25.4809,199.4694,-47.866,1]},
{"frame":34,"values":[0.9977,-0.0452,0.05,0,0.0499,0.9941,-0.0968,0,0.0453,-0.0991,-0.994,0,-25.4228,199.4201,-47.7829,1]},
{"frame":35,"values":[0.9978,-0.0445,0.0495,0,0.0492,0.9942,-0.0961,0,0.0449,-0.0983,-0.9941,0,-25.3605,199.337,-47.6848,1]},
{"frame":36,"values":[0.9978,-0.0439,0.0489,0,0.0484,0.9942,-0.0957,0,0.0444,-0.0979,-0.9942,0,-25.2851,199.2463,-47.5902,1]},
{"frame":37,"values":[0.9979,-0.044,0.0472,0,0.0483,0.9943,-0.0954,0,0.0427,-0.0974,-0.9943,0,-25.2307,199.2047,-47.4797,1]},
{"frame":38,"values":[0.998,-0.0447,0.0444,0,0.0487,0.9943,-0.0945,0,0.0399,-0.0965,-0.9945,0,-25.2034,199.2234,-47.3654,1]},
{"frame":39,"values":[0.9981,-0.0448,0.0428,0,0.0487,0.9944,-0.0938,0,0.0383,-0.0957,-0.9947,0,-25.1789,199.2671,-47.2683,1]},
{"frame":40,"values":[0.9981,-0.0449,0.0424,0,0.0487,0.9944,-0.0938,0,0.038,-0.0957,-0.9947,0,-25.1472,199.3012,-47.1779,1]},
{"frame":41,"values":[0.9981,-0.0452,0.0418,0,0.0489,0.9944,-0.0938,0,0.0374,-0.0957,-0.9947,0,-25.1221,199.3093,-47.0856,1]},
{"frame":42,"values":[0.9981,-0.0454,0.0414,0,0.0491,0.9944,-0.0936,0,0.0369,-0.0954,-0.9948,0,-25.1036,199.2919,-47.0079,1]},
{"frame":43,"values":[0.9981,-0.0459,0.041,0,0.0495,0.9944,-0.0933,0,0.0365,-0.0952,-0.9948,0,-25.0896,199.2599,-46.9521,1]},
{"frame":44,"values":[0.9981,-0.0466,0.0401,0,0.0502,0.9944,-0.0928,0,0.0356,-0.0947,-0.9949,0,-25.0883,199.2396,-46.9098,1]},
{"frame":45,"values":[0.9981,-0.0472,0.0388,0,0.0506,0.9945,-0.0921,0,0.0343,-0.0939,-0.995,0,-25.0991,199.2467,-46.8771,1]},
{"frame":46,"values":[0.9982,-0.0476,0.0373,0,0.0508,0.9945,-0.0914,0,0.0327,-0.0932,-0.9951,0,-25.1131,199.2737,-46.8489,1]},
{"frame":47,"values":[0.9982,-0.0479,0.036,0,0.051,0.9945,-0.0909,0,0.0315,-0.0926,-0.9952,0,-25.1229,199.2928,-46.8208,1]},
{"frame":48,"values":[0.9982,-0.048,0.0349,0,0.051,0.9946,-0.0904,0,0.0304,-0.092,-0.9953,0,-25.1277,199.2978,-46.7915,1]},
{"frame":49,"values":[0.9983,-0.0478,0.0342,0,0.0507,0.9947,-0.0897,0,0.0298,-0.0913,-0.9954,0,-25.1303,199.3018,-46.7414,1]},
{"frame":50,"values":[0.9983,-0.0475,0.0344,0,0.0504,0.9948,-0.0891,0,0.03,-0.0906,-0.9954,0,-25.1345,199.3065,-46.6548,1]},
{"frame":51,"values":[0.9983,-0.0471,0.035,0,0.05,0.9948,-0.0883,0,0.0307,-0.0899,-0.9955,0,-25.1298,199.3054,-46.5415,1]},
{"frame":52,"values":[0.9983,-0.0463,0.0359,0,0.0493,0.9949,-0.0875,0,0.0316,-0.0892,-0.9955,0,-25.1025,199.3041,-46.4072,1]},
{"frame":53,"values":[0.9983,-0.0457,0.0368,0,0.0487,0.995,-0.0869,0,0.0327,-0.0886,-0.9955,0,-25.0624,199.3027,-46.2492,1]},
{"frame":54,"values":[0.9983,-0.0454,0.0371,0,0.0484,0.9951,-0.0862,0,0.033,-0.0879,-0.9956,0,-25.0145,199.296,-46.0568,1]},
{"frame":55,"values":[0.9983,-0.045,0.0364,0,0.048,0.9952,-0.0853,0,0.0324,-0.0869,-0.9957,0,-24.9542,199.2909,-45.833,1]},
{"frame":56,"values":[0.9984,-0.0445,0.0357,0,0.0474,0.9953,-0.0845,0,0.0317,-0.086,-0.9958,0,-24.8847,199.292,-45.5898,1]},
{"frame":57,"values":[0.9984,-0.0437,0.0355,0,0.0465,0.9954,-0.0839,0,0.0317,-0.0854,-0.9958,0,-24.8134,199.3044,-45.3268,1]},
{"frame":58,"values":[0.9985,-0.0429,0.0352,0,0.0457,0.9955,-0.0831,0,0.0315,-0.0846,-0.9959,0,-24.7403,199.3293,-45.0415,1]},
{"frame":59,"values":[0.9985,-0.042,0.0349,0,0.0447,0.9956,-0.0818,0,0.0313,-0.0832,-0.996,0,-24.656,199.3642,-44.7163,1]},
{"frame":60,"values":[0.9986,-0.0408,0.0351,0,0.0435,0.9959,-0.0798,0,0.0317,-0.0813,-0.9962,0,-24.5534,199.4155,-44.3295,1]},
{"frame":61,"values":[0.9986,-0.0395,0.0361,0,0.0422,0.9961,-0.0772,0,0.033,-0.0786,-0.9964,0,-24.4087,199.4885,-43.8718,1]},
{"frame":62,"values":[0.9986,-0.0388,0.037,0,0.0414,0.9964,-0.0733,0,0.0341,-0.0748,-0.9966,0,-24.184,199.568,-43.3474,1]},
{"frame":63,"values":[0.9986,-0.0398,0.0349,0,0.042,0.9968,-0.0675,0,0.0321,-0.0688,-0.9971,0,-23.8426,199.6065,-42.7334,1]},
{"frame":64,"values":[0.9987,-0.0431,0.0277,0,0.0447,0.9972,-0.0595,0,0.025,-0.0606,-0.9978,0,-23.3422,199.5632,-41.9847,1]},
{"frame":65,"values":[0.9987,-0.0477,0.0166,0,0.0485,0.9975,-0.0508,0,0.0142,-0.0515,-0.9986,0,-22.7028,199.453,-41.0941,1]},
{"frame":66,"values":[0.9987,-0.0509,0.0044,0,0.051,0.9978,-0.0425,0,0.0022,-0.0427,-0.9991,0,-21.933,199.3261,-40.0323,1]},
{"frame":67,"values":[0.9986,-0.0526,-0.0078,0,0.0523,0.998,-0.0342,0,-0.0096,-0.0338,-0.9994,0,-21.0123,199.1963,-38.7723,1]},
{"frame":68,"values":[0.9983,-0.0547,-0.02,0,0.0542,0.9982,-0.0256,0,-0.0213,-0.0245,-0.9995,0,-19.944,199.0125,-37.3046,1]},
{"frame":69,"values":[0.9979,-0.0568,-0.0307,0,0.0563,0.9983,-0.0168,0,-0.0316,-0.015,-0.9994,0,-18.771,198.7936,-35.6391,1]},
{"frame":70,"values":[0.9976,-0.0582,-0.0388,0,0.0579,0.9983,-0.008,0,-0.0392,-0.0057,-0.9992,0,-17.5132,198.5435,-33.7716,1]},
{"frame":71,"values":[0.9972,-0.0592,-0.0446,0,0.0593,0.9982,0.0002,0,-0.0446,0.0028,-0.999,0,-16.1623,198.2765,-31.6835,1]},
{"frame":72,"values":[0.9971,-0.0606,-0.0466,0,0.061,0.9981,0.0075,0,-0.0461,0.0103,-0.9989,0,-14.7373,198.0262,-29.359,1]},
{"frame":73,"values":[0.9971,-0.0601,-0.0463,0,0.0608,0.998,0.0145,0,-0.0453,0.0172,-0.9988,0,-13.2604,197.8764,-26.8502,1]},
{"frame":74,"values":[0.9972,-0.0562,-0.0493,0,0.0574,0.9981,0.0223,0,-0.048,0.0251,-0.9985,0,-11.7556,197.7544,-24.2398,1]},
{"frame":75,"values":[0.9971,-0.0503,-0.0565,0,0.0522,0.9981,0.0319,0,-0.0548,0.0347,-0.9979,0,-10.2405,197.5883,-21.598,1]},
{"frame":76,"values":[0.997,-0.0439,-0.0632,0,0.0466,0.9981,0.041,0,-0.0613,0.0438,-0.9972,0,-8.705,197.3935,-19.0331,1]},
{"frame":77,"values":[0.9971,-0.037,-0.067,0,0.0403,0.9981,0.0472,0,-0.0651,0.0498,-0.9966,0,-7.1946,197.2039,-16.6407,1]},
{"frame":78,"values":[0.9973,-0.0297,-0.0677,0,0.0333,0.998,0.0531,0,-0.066,0.0552,-0.9963,0,-5.8356,197.0278,-14.4247,1]},
{"frame":79,"values":[0.9976,-0.0224,-0.0657,0,0.0264,0.9977,0.0618,0,-0.0642,0.0634,-0.9959,0,-4.6617,196.8122,-12.4252,1]},
{"frame":80,"values":[0.9979,-0.0163,-0.0628,0,0.0208,0.9972,0.0719,0,-0.0614,0.0731,-0.9954,0,-3.6459,196.5939,-10.6993,1]},
{"frame":81,"values":[0.9981,-0.0106,-0.0603,0,0.0155,0.9966,0.0811,0,-0.0592,0.0819,-0.9949,0,-2.7926,196.4046,-9.1976,1]},
{"frame":82,"values":[0.9983,-0.0048,-0.0587,0,0.0101,0.996,0.0893,0,-0.0581,0.0897,-0.9943,0,-2.0982,196.2173,-7.8529,1]},
{"frame":83,"values":[0.9982,-0.0005,-0.0598,0,0.0062,0.9954,0.0958,0,-0.0595,0.096,-0.9936,0,-1.511,196.0321,-6.6883,1]},
{"frame":84,"values":[0.9979,0.0017,-0.0646,0,0.0049,0.9948,0.1013,0,-0.0644,0.1014,-0.9928,0,-1.0005,195.8765,-5.718,1]},
{"frame":85,"values":[0.9975,0.0032,-0.07,0,0.0043,0.9943,0.1068,0,-0.0699,0.1068,-0.9918,0,-0.5694,195.7616,-4.8924,1]},
{"frame":86,"values":[0.9974,0.0047,-0.0719,0,0.0034,0.9937,0.1121,0,-0.0719,0.1121,-0.9911,0,-0.197,195.6926,-4.1658,1]},
{"frame":87,"values":[0.9976,0.0048,-0.0692,0,0.0034,0.9931,0.1171,0,-0.0693,0.1171,-0.9907,0,0.13,195.6647,-3.5178,1]},
{"frame":88,"values":[0.9979,0.0036,-0.0652,0,0.0044,0.9926,0.1212,0,-0.0652,0.1212,-0.9905,0,0.4078,195.6479,-2.9137,1]},
{"frame":89,"values":[0.9981,0.0024,-0.062,0,0.0053,0.9923,0.124,0,-0.0618,0.1241,-0.9903,0,0.6206,195.6077,-2.3508,1]},
{"frame":90,"values":[0.9982,0.0014,-0.0595,0,0.0061,0.992,0.126,0,-0.0593,0.1261,-0.9902,0,0.7637,195.5659,-1.8558,1]},
{"frame":91,"values":[0.9983,0.0011,-0.0578,0,0.0063,0.9918,0.1278,0,-0.0575,0.128,-0.9901,0,0.9003,195.5194,-1.4067,1]},
{"frame":92,"values":[0.9984,0.0015,-0.0567,0,0.0059,0.9915,0.1299,0,-0.0564,0.13,-0.9899,0,1.0366,195.4614,-0.9969,1]},
{"frame":93,"values":[0.9985,0.0021,-0.0551,0,0.0052,0.9913,0.1317,0,-0.0549,0.1318,-0.9898,0,1.1284,195.4003,-0.669,1]},
{"frame":94,"values":[0.9986,0.0026,-0.0533,0,0.0045,0.9911,0.1334,0,-0.0532,0.1334,-0.9896,0,1.1967,195.3426,-0.4261,1]},
{"frame":95,"values":[0.9987,0.0027,-0.0519,0,0.0043,0.9909,0.1347,0,-0.0518,0.1347,-0.9895,0,1.2651,195.2992,-0.2544,1]},
{"frame":96,"values":[0.9987,0.0026,-0.0503,0,0.0043,0.9908,0.1355,0,-0.0502,0.1356,-0.9895,0,1.3261,195.2765,-0.1481,1]},
{"frame":97,"values":[0.9988,0.0023,-0.0486,0,0.0044,0.9907,0.136,0,-0.0485,0.136,-0.9895,0,1.3732,195.2702,-0.0932,1]},
{"frame":98,"values":[0.9988,0.0023,-0.0485,0,0.0044,0.9906,0.1368,0,-0.0483,0.1368,-0.9894,0,1.2686,195.2524,-0.2289,1]}],"loopBehavior":1,"name":"anim","property":"_matrix"}},
{"name":"mixamorig:Spine","index":1,"matrix":[0.9999,-0.0101,0.0036,0,0.01,0.9996,0.0265,0,-0.0038,-0.0265,0.9996,0,0.0062,19.525,-2.4818,1],"rest":[1,0,0,0,0,1,0,0,0,0,1,0,0.0062,19.525,-2.4818,1],"parentBoneIndex":0,"length":23.0091
,"animation":{"dataType":3,"framePerSecond":24,"keys":[
{"frame":1,"values":[0.9999,-0.0101,0.0036,0,0.01,0.9996,0.0265,0,-0.0038,-0.0265,0.9996,0,0.0062,19.525,-2.4818,1]},
{"frame":2,"values":[0.9999,-0.0113,0.0033,0,0.0113,0.9996,0.027,0,-0.0036,-0.0269,0.9996,0,0.0062,19.525,-2.4818,1]},
{"frame":3,"values":[0.9999,-0.0144,0.0031,0,0.0143,0.9995,0.0285,0,-0.0035,-0.0285,0.9996,0,0.0062,19.525,-2.4818,1]},
{"frame":4,"values":[0.9998,-0.0191,0.0032,0,0.019,0.9994,0.0291,0,-0.0037,-0.029,0.9996,0,0.0062,19.525,-2.4818,1]},
{"frame":5,"values":[0.9996,-0.0262,0.0044,0,0.0261,0.9993,0.0268,0,-0.0051,-0.0267,0.9996,0,0.0062,19.525,-2.4818,1]},
{"frame":6,"values":[0.9995,-0.032,0.0082,0,0.0318,0.9993,0.0208,0,-0.0088,-0.0205,0.9998,0,0.0062,19.525,-2.4818,1]},
{"frame":7,"values":[0.9994,-0.0321,0.013,0,0.0319,0.9994,0.0133,0,-0.0134,-0.0129,0.9998,0,0.0062,19.525,-2.4818,1]},
{"frame":8,"values":[0.9995,-0.0277,0.0152,0,0.0276,0.9996,0.009,0,-0.0154,-0.0085,0.9998,0,0.0062,19.525,-2.4818,1]},
{"frame":9,"values":[0.9997,-0.0214,0.0133,0,0.0212,0.9997,0.0096,0,-0.0135,-0.0093,0.9999,0,0.0062,19.525,-2.4818,1]},
{"frame":10,"values":[0.9999,-0.0145,0.0054,0,0.0145,0.9998,0.0107,0,-0.0056,-0.0106,0.9999,0,0.0062,19.525,-2.4818,1]},
{"frame":11,"values":[0.9999,-0.0104,-0.0037,0,0.0105,0.9999,0.0054,0,0.0036,-0.0055,1,0,0.0062,19.525,-2.4818,1]},
{"frame":12,"values":[0.9999,-0.0126,-0.0008,0,0.0126,0.9999,-0.001,0,0.0008,0.001,1,0,0.0062,19.525,-2.4818,1]},
{"frame":13,"values":[0.9998,-0.0174,0.0124,0,0.0174,0.9998,0.0008,0,-0.0124,-0.0006,0.9999,0,0.0062,19.525,-2.4818,1]},
{"frame":14,"values":[0.9996,-0.0189,0.0199,0,0.0188,0.9998,0.0042,0,-0.02,-0.0038,0.9998,0,0.0062,19.525,-2.4818,1]},
{"frame":15,"values":[0.9997,-0.0194,0.0157,0,0.0194,0.9998,0.0035,0,-0.0158,-0.0032,0.9999,0,0.0062,19.525,-2.4818,1]},
{"frame":16,"values":[0.9997,-0.0229,0.0086,0,0.0229,0.9997,0.0008,0,-0.0086,-0.0006,1,0,0.0062,19.525,-2.4818,1]},
{"frame":17,"values":[0.9996,-0.0261,0.0075,0,0.0261,0.9997,-0.0007,0,-0.0075,0.0009,1,0,0.0062,19.525,-2.4818,1]},
{"frame":18,"values":[0.9996,-0.0257,0.0102,0,0.0257,0.9997,-0.0005,0,-0.0102,0.0008,0.9999,0,0.0062,19.525,-2.4818,1]},
{"frame":19,"values":[0.9996,-0.024,0.0119,0,0.024,0.9997,0.0001,0,-0.0119,0.0002,0.9999,0,0.0062,19.525,-2.4818,1]},
{"frame":20,"values":[0.9996,-0.0243,0.013,0,0.0243,0.9997,0.0005,0,-0.013,-0.0002,0.9999,0,0.0062,19.525,-2.4818,1]},
{"frame":21,"values":[0.9996,-0.0254,0.0129,0,0.0254,0.9997,0.0012,0,-0.0129,-0.0009,0.9999,0,0.0062,19.525,-2.4818,1]},
{"frame":22,"values":[0.9996,-0.0247,0.0103,0,0.0247,0.9997,0.0014,0,-0.0103,-0.0011,0.9999,0,0.0062,19.525,-2.4818,1]},
{"frame":23,"values":[0.9997,-0.0234,0.0098,0,0.0234,0.9997,0.0011,0,-0.0099,-0.0008,1,0,0.0062,19.525,-2.4818,1]},
{"frame":24,"values":[0.9997,-0.0235,0.012,0,0.0234,0.9997,0.0021,0,-0.012,-0.0018,0.9999,0,0.0062,19.525,-2.4818,1]},
{"frame":25,"values":[0.9996,-0.0239,0.0126,0,0.0238,0.9997,0.0035,0,-0.0127,-0.0032,0.9999,0,0.0062,19.525,-2.4818,1]},
{"frame":26,"values":[0.9997,-0.0234,0.0116,0,0.0234,0.9997,0.0032,0,-0.0117,-0.003,0.9999,0,0.0062,19.525,-2.4818,1]},
{"frame":27,"values":[0.9997,-0.023,0.0113,0,0.023,0.9997,0.0029,0,-0.0114,-0.0026,0.9999,0,0.0062,19.525,-2.4818,1]},
{"frame":28,"values":[0.9997,-0.023,0.0115,0,0.023,0.9997,0.0031,0,-0.0116,-0.0028,0.9999,0,0.0062,19.525,-2.4818,1]},
{"frame":29,"values":[0.9997,-0.0228,0.0115,0,0.0228,0.9997,0.0031,0,-0.0116,-0.0029,0.9999,0,0.0062,19.525,-2.4818,1]},
{"frame":30,"values":[0.9997,-0.0224,0.0116,0,0.0224,0.9997,0.0034,0,-0.0117,-0.0031,0.9999,0,0.0062,19.525,-2.4818,1]},
{"frame":31,"values":[0.9997,-0.0223,0.0117,0,0.0222,0.9997,0.0036,0,-0.0117,-0.0034,0.9999,0,0.0062,19.525,-2.4818,1]},
{"frame":32,"values":[0.9997,-0.022,0.0113,0,0.022,0.9998,0.0035,0,-0.0114,-0.0033,0.9999,0,0.0062,19.525,-2.4818,1]},
{"frame":33,"values":[0.9997,-0.0217,0.0111,0,0.0216,0.9998,0.0034,0,-0.0112,-0.0032,0.9999,0,0.0062,19.525,-2.4818,1]},
{"frame":34,"values":[0.9997,-0.0213,0.0113,0,0.0213,0.9998,0.0036,0,-0.0113,-0.0033,0.9999,0,0.0062,19.525,-2.4818,1]},
{"frame":35,"values":[0.9997,-0.021,0.0115,0,0.0209,0.9998,0.0038,0,-0.0116,-0.0036,0.9999,0,0.0062,19.525,-2.4818,1]},
{"frame":36,"values":[0.9997,-0.0207,0.0116,0,0.0207,0.9998,0.004,0,-0.0117,-0.0038,0.9999,0,0.0062,19.525,-2.4818,1]},
{"frame":37,"values":[0.9997,-0.0205,0.0117,0,0.0204,0.9998,0.0042,0,-0.0118,-0.004,0.9999,0,0.0062,19.525,-2.4818,1]},
{"frame":38,"values":[0.9997,-0.0204,0.0116,0,0.0203,0.9998,0.0045,0,-0.0117,-0.0043,0.9999,0,0.0062,19.525,-2.4818,1]},
{"frame":39,"values":[0.9997,-0.0204,0.0117,0,0.0204,0.9998,0.0048,0,-0.0117,-0.0046,0.9999,0,0.0062,19.525,-2.4818,1]},
{"frame":40,"values":[0.9997,-0.0204,0.0117,0,0.0204,0.9998,0.0048,0,-0.0118,-0.0046,0.9999,0,0.0062,19.525,-2.4818,1]},
{"frame":41,"values":[0.9997,-0.0205,0.0115,0,0.0204,0.9998,0.0048,0,-0.0116,-0.0046,0.9999,0,0.0062,19.525,-2.4818,1]},
{"frame":42,"values":[0.9997,-0.0205,0.0115,0,0.0205,0.9998,0.0049,0,-0.0116,-0.0046,0.9999,0,0.0062,19.525,-2.4818,1]},
{"frame":43,"values":[0.9997,-0.0205,0.0114,0,0.0205,0.9998,0.0048,0,-0.0115,-0.0045,0.9999,0,0.0062,19.525,-2.4818,1]},
{"frame":44,"values":[0.9997,-0.0206,0.0114,0,0.0205,0.9998,0.0047,0,-0.0115,-0.0045,0.9999,0,0.0062,19.525,-2.4818,1]},
{"frame":45,"values":[0.9997,-0.0207,0.0114,0,0.0206,0.9998,0.0048,0,-0.0115,-0.0046,0.9999,0,0.0062,19.525,-2.4818,1]},
{"frame":46,"values":[0.9997,-0.0209,0.0113,0,0.0208,0.9998,0.0048,0,-0.0114,-0.0046,0.9999,0,0.0062,19.525,-2.4818,1]},
{"frame":47,"values":[0.9997,-0.0209,0.0113,0,0.0208,0.9998,0.0048,0,-0.0114,-0.0045,0.9999,0,0.0062,19.525,-2.4818,1]},
{"frame":48,"values":[0.9997,-0.0208,0.0112,0,0.0208,0.9998,0.0048,0,-0.0113,-0.0045,0.9999,0,0.0062,19.525,-2.4818,1]},
{"frame":49,"values":[0.9997,-0.0209,0.0113,0,0.0208,0.9998,0.0048,0,-0.0114,-0.0046,0.9999,0,0.0062,19.525,-2.4818,1]},
{"frame":50,"values":[0.9997,-0.021,0.0115,0,0.0209,0.9998,0.0049,0,-0.0116,-0.0047,0.9999,0,0.0062,19.525,-2.4818,1]},
{"frame":51,"values":[0.9997,-0.021,0.0117,0,0.021,0.9998,0.005,0,-0.0118,-0.0048,0.9999,0,0.0062,19.525,-2.4818,1]},
{"frame":52,"values":[0.9997,-0.0211,0.012,0,0.021,0.9998,0.0051,0,-0.0121,-0.0048,0.9999,0,0.0062,19.525,-2.4818,1]},
{"frame":53,"values":[0.9997,-0.0211,0.0121,0,0.0211,0.9998,0.005,0,-0.0122,-0.0047,0.9999,0,0.0062,19.525,-2.4818,1]},
{"frame":54,"values":[0.9997,-0.0211,0.0121,0,0.021,0.9998,0.005,0,-0.0122,-0.0047,0.9999,0,0.0062,19.525,-2.4818,1]},
{"frame":55,"values":[0.9997,-0.021,0.0122,0,0.0209,0.9998,0.0051,0,-0.0123,-0.0049,0.9999,0,0.0062,19.525,-2.4818,1]},
{"frame":56,"values":[0.9997,-0.0209,0.0123,0,0.0208,0.9998,0.0052,0,-0.0124,-0.005,0.9999,0,0.0062,19.525,-2.4818,1]},
{"frame":57,"values":[0.9997,-0.0209,0.0124,0,0.0209,0.9998,0.0052,0,-0.0125,-0.0049,0.9999,0,0.0062,19.525,-2.4818,1]},
{"frame":58,"values":[0.9997,-0.0209,0.0125,0,0.0209,0.9998,0.0052,0,-0.0126,-0.0049,0.9999,0,0.0062,19.525,-2.4818,1]},
{"frame":59,"values":[0.9997,-0.021,0.0126,0,0.0209,0.9998,0.0053,0,-0.0127,-0.0051,0.9999,0,0.0062,19.525,-2.4818,1]},
{"frame":60,"values":[0.9997,-0.0211,0.0129,0,0.021,0.9998,0.0056,0,-0.013,-0.0054,0.9999,0,0.0062,19.525,-2.4818,1]},
{"frame":61,"values":[0.9997,-0.0212,0.0133,0,0.0212,0.9998,0.0059,0,-0.0134,-0.0056,0.9999,0,0.0062,19.525,-2.4818,1]},
{"frame":62,"values":[0.9997,-0.0212,0.0139,0,0.0211,0.9998,0.0062,0,-0.014,-0.0059,0.9999,0,0.0062,19.525,-2.4818,1]},
{"frame":63,"values":[0.9997,-0.0206,0.0144,0,0.0205,0.9998,0.0067,0,-0.0146,-0.0064,0.9999,0,0.0062,19.525,-2.4818,1]},
{"frame":64,"values":[0.9997,-0.0194,0.0146,0,0.0193,0.9998,0.0074,0,-0.0148,-0.0071,0.9999,0,0.0062,19.525,-2.4818,1]},
{"frame":65,"values":[0.9997,-0.0178,0.0147,0,0.0177,0.9998,0.0079,0,-0.0148,-0.0077,0.9999,0,0.0062,19.525,-2.4818,1]},
{"frame":66,"values":[0.9998,-0.0163,0.0149,0,0.0162,0.9998,0.0081,0,-0.0151,-0.0078,0.9999,0,0.0062,19.525,-2.4818,1]},
{"frame":67,"values":[0.9998,-0.015,0.0152,0,0.0148,0.9999,0.0083,0,-0.0153,-0.008,0.9999,0,0.0062,19.525,-2.4818,1]},
{"frame":68,"values":[0.9998,-0.0134,0.015,0,0.0133,0.9999,0.0088,0,-0.0152,-0.0086,0.9998,0,0.0062,19.525,-2.4818,1]},
{"frame":69,"values":[0.9998,-0.0118,0.0147,0,0.0116,0.9999,0.0095,0,-0.0148,-0.0094,0.9998,0,0.0062,19.525,-2.4818,1]},
{"frame":70,"values":[0.9998,-0.0097,0.0143,0,0.0096,0.9999,0.0103,0,-0.0144,-0.0102,0.9998,0,0.0062,19.525,-2.4818,1]},
{"frame":71,"values":[0.9999,-0.0075,0.0137,0,0.0073,0.9999,0.0114,0,-0.0138,-0.0113,0.9998,0,0.0062,19.525,-2.4818,1]},
{"frame":72,"values":[0.9999,-0.005,0.0131,0,0.0048,0.9999,0.0128,0,-0.0131,-0.0127,0.9998,0,0.0062,19.525,-2.4818,1]},
{"frame":73,"values":[0.9999,-0.0033,0.0129,0,0.0031,0.9999,0.0142,0,-0.013,-0.0141,0.9998,0,0.0062,19.525,-2.4818,1]},
{"frame":74,"values":[0.9999,-0.0025,0.0125,0,0.0023,0.9999,0.016,0,-0.0126,-0.016,0.9998,0,0.0062,19.525,-2.4818,1]},
{"frame":75,"values":[0.9999,-0.0022,0.0113,0,0.0019,0.9998,0.0188,0,-0.0113,-0.0188,0.9998,0,0.0062,19.525,-2.4818,1]},
{"frame":76,"values":[1,-0.0016,0.0095,0,0.0014,0.9998,0.022,0,-0.0096,-0.0219,0.9997,0,0.0062,19.525,-2.4818,1]},
{"frame":77,"values":[1,-0.0009,0.008,0,0.0007,0.9997,0.0242,0,-0.0081,-0.0242,0.9997,0,0.0062,19.525,-2.4818,1]},
{"frame":78,"values":[1,-0.0009,0.0076,0,0.0007,0.9997,0.0259,0,-0.0077,-0.0258,0.9996,0,0.0062,19.525,-2.4818,1]},
{"frame":79,"values":[1,-0.0015,0.0088,0,0.0012,0.9996,0.0274,0,-0.0088,-0.0274,0.9996,0,0.0062,19.525,-2.4818,1]},
{"frame":80,"values":[0.9999,-0.0022,0.0099,0,0.0019,0.9996,0.0289,0,-0.0099,-0.0288,0.9995,0,0.0062,19.525,-2.4818,1]},
{"frame":81,"values":[0.9999,-0.0033,0.0098,0,0.003,0.9995,0.0302,0,-0.0099,-0.0302,0.9995,0,0.0062,19.525,-2.4818,1]},
{"frame":82,"values":[0.9999,-0.0046,0.0096,0,0.0043,0.9995,0.0312,0,-0.0098,-0.0312,0.9995,0,0.0062,19.525,-2.4818,1]},
{"frame":83,"values":[0.9999,-0.0054,0.0095,0,0.0051,0.9995,0.0312,0,-0.0096,-0.0312,0.9995,0,0.0062,19.525,-2.4818,1]},
{"frame":84,"values":[0.9999,-0.0057,0.0088,0,0.0054,0.9995,0.0308,0,-0.0089,-0.0308,0.9995,0,0.0062,19.525,-2.4818,1]},
{"frame":85,"values":[1,-0.0058,0.0074,0,0.0056,0.9995,0.0309,0,-0.0076,-0.0309,0.9995,0,0.0062,19.525,-2.4818,1]},
{"frame":86,"values":[1,-0.0061,0.0063,0,0.0059,0.9995,0.0312,0,-0.0065,-0.0311,0.9995,0,0.0062,19.525,-2.4818,1]},
{"frame":87,"values":[1,-0.0063,0.0061,0,0.0061,0.9995,0.0312,0,-0.0063,-0.0311,0.9995,0,0.0062,19.525,-2.4818,1]},
{"frame":88,"values":[1,-0.0058,0.0058,0,0.0056,0.9995,0.0309,0,-0.006,-0.0309,0.9995,0,0.0062,19.525,-2.4818,1]},
{"frame":89,"values":[1,-0.0054,0.0048,0,0.0053,0.9995,0.0307,0,-0.005,-0.0307,0.9995,0,0.0062,19.525,-2.4818,1]},
{"frame":90,"values":[1,-0.0055,0.0041,0,0.0053,0.9995,0.0305,0,-0.0043,-0.0305,0.9995,0,0.0062,19.525,-2.4818,1]},
{"frame":91,"values":[1,-0.0058,0.004,0,0.0056,0.9995,0.0302,0,-0.0041,-0.0301,0.9995,0,0.0062,19.525,-2.4818,1]},
{"frame":92,"values":[1,-0.0063,0.0039,0,0.0062,0.9995,0.03,0,-0.004,-0.03,0.9995,0,0.0062,19.525,-2.4818,1]},
{"frame":93,"values":[1,-0.0071,0.0037,0,0.007,0.9995,0.0298,0,-0.0039,-0.0298,0.9995,0,0.0062,19.525,-2.4818,1]},
{"frame":94,"values":[1,-0.0078,0.0037,0,0.0077,0.9995,0.0294,0,-0.0039,-0.0294,0.9996,0,0.0062,19.525,-2.4818,1]},
{"frame":95,"values":[1,-0.0085,0.0037,0,0.0084,0.9996,0.0288,0,-0.0039,-0.0287,0.9996,0,0.0062,19.525,-2.4818,1]},
{"frame":96,"values":[1,-0.0091,0.0038,0,0.009,0.9996,0.0279,0,-0.004,-0.0278,0.9996,0,0.0062,19.525,-2.4818,1]},
{"frame":97,"values":[0.9999,-0.0096,0.0037,0,0.0095,0.9996,0.0269,0,-0.004,-0.0269,0.9996,0,0.0062,19.525,-2.4818,1]},
{"frame":98,"values":[0.9999,-0.0101,0.0036,0,0.01,0.9996,0.0265,0,-0.0038,-0.0265,0.9996,0,0.0062,19.525,-2.4818,1]}],"loopBehavior":1,"name":"anim","property":"_matrix"}},
{"name":"mixamorig:Spine1","index":2,"matrix":[0.9995,-0.0318,0.006,0,0.0314,0.9979,0.0571,0,-0.0078,-0.0569,0.9983,0,-0.0009,22.835,-2.8254,1],"rest":[1,0,0,0,0,1,0,0,0,0,1,0,-0.0009,22.835,-2.8254,1],"parentBoneIndex":1,"length":26.7438
,"animation":{"dataType":3,"framePerSecond":24,"keys":[
{"frame":1,"values":[0.9995,-0.0318,0.006,0,0.0314,0.9979,0.0571,0,-0.0078,-0.0569,0.9983,0,-0.0009,22.835,-2.8254,1]},
{"frame":2,"values":[0.9994,-0.0348,0.0053,0,0.0345,0.9977,0.058,0,-0.0073,-0.0578,0.9983,0,-0.0009,22.835,-2.8254,1]},
{"frame":3,"values":[0.9991,-0.0422,0.0046,0,0.0419,0.9972,0.0614,0,-0.0072,-0.0611,0.9981,0,-0.0009,22.835,-2.8254,1]},
{"frame":4,"values":[0.9986,-0.0525,0.0046,0,0.0521,0.9966,0.0632,0,-0.008,-0.0628,0.998,0,-0.0009,22.835,-2.8254,1]},
{"frame":5,"values":[0.9978,-0.0663,0.007,0,0.0658,0.9961,0.0593,0,-0.0109,-0.0587,0.9982,0,-0.0009,22.835,-2.8254,1]},
{"frame":6,"values":[0.997,-0.0762,0.0148,0,0.0755,0.996,0.0476,0,-0.0183,-0.0463,0.9988,0,-0.0009,22.835,-2.8254,1]},
{"frame":7,"values":[0.997,-0.0735,0.0249,0,0.0727,0.9968,0.0324,0,-0.0272,-0.0305,0.9992,0,-0.0009,22.835,-2.8254,1]},
{"frame":8,"values":[0.9977,-0.0616,0.0296,0,0.0609,0.9979,0.0223,0,-0.0309,-0.0205,0.9993,0,-0.0009,22.835,-2.8254,1]},
{"frame":9,"values":[0.9986,-0.0456,0.026,0,0.045,0.9987,0.022,0,-0.027,-0.0208,0.9994,0,-0.0009,22.835,-2.8254,1]},
{"frame":10,"values":[0.9996,-0.0269,0.0104,0,0.0267,0.9994,0.0224,0,-0.011,-0.0221,0.9997,0,-0.0009,22.835,-2.8254,1]},
{"frame":11,"values":[0.9999,-0.0113,-0.0076,0,0.0114,0.9999,0.01,0,0.0075,-0.0101,0.9999,0,-0.0009,22.835,-2.8254,1]},
{"frame":12,"values":[0.9999,-0.0121,-0.0019,0,0.0121,0.9999,-0.0018,0,0.0019,0.0018,1,0,-0.0009,22.835,-2.8254,1]},
{"frame":13,"values":[0.9994,-0.0249,0.0246,0,0.0248,0.9997,0.0052,0,-0.0247,-0.0045,0.9997,0,-0.0009,22.835,-2.8254,1]},
{"frame":14,"values":[0.9988,-0.0303,0.0396,0,0.0298,0.9995,0.0141,0,-0.04,-0.0129,0.9991,0,-0.0009,22.835,-2.8254,1]},
{"frame":15,"values":[0.999,-0.0316,0.0313,0,0.0312,0.9994,0.0127,0,-0.0317,-0.0117,0.9994,0,-0.0009,22.835,-2.8254,1]},
{"frame":16,"values":[0.9991,-0.0391,0.0171,0,0.039,0.9992,0.0065,0,-0.0173,-0.0058,0.9998,0,-0.0009,22.835,-2.8254,1]},
{"frame":17,"values":[0.9988,-0.0459,0.015,0,0.0458,0.9989,0.0033,0,-0.0152,-0.0026,0.9999,0,-0.0009,22.835,-2.8254,1]},
{"frame":18,"values":[0.9988,-0.0452,0.0205,0,0.0451,0.999,0.004,0,-0.0206,-0.003,0.9998,0,-0.0009,22.835,-2.8254,1]},
{"frame":19,"values":[0.9988,-0.0422,0.0239,0,0.0421,0.9991,0.005,0,-0.0241,-0.004,0.9997,0,-0.0009,22.835,-2.8254,1]},
{"frame":20,"values":[0.9988,-0.0425,0.026,0,0.0423,0.9991,0.0059,0,-0.0263,-0.0048,0.9996,0,-0.0009,22.835,-2.8254,1]},
{"frame":21,"values":[0.9987,-0.0445,0.0258,0,0.0443,0.999,0.0076,0,-0.0261,-0.0065,0.9996,0,-0.0009,22.835,-2.8254,1]},
{"frame":22,"values":[0.9989,-0.0432,0.0206,0,0.043,0.999,0.0079,0,-0.0209,-0.007,0.9998,0,-0.0009,22.835,-2.8254,1]},
{"frame":23,"values":[0.999,-0.041,0.0198,0,0.0408,0.9991,0.0068,0,-0.02,-0.006,0.9998,0,-0.0009,22.835,-2.8254,1]},
{"frame":24,"values":[0.9989,-0.0412,0.0241,0,0.0409,0.9991,0.009,0,-0.0244,-0.008,0.9997,0,-0.0009,22.835,-2.8254,1]},
{"frame":25,"values":[0.9988,-0.042,0.0253,0,0.0418,0.9991,0.0121,0,-0.0258,-0.0111,0.9996,0,-0.0009,22.835,-2.8254,1]},
{"frame":26,"values":[0.9989,-0.041,0.0233,0,0.0407,0.9991,0.0115,0,-0.0237,-0.0105,0.9997,0,-0.0009,22.835,-2.8254,1]},
{"frame":27,"values":[0.999,-0.0396,0.0227,0,0.0394,0.9992,0.0106,0,-0.0231,-0.0097,0.9997,0,-0.0009,22.835,-2.8254,1]},
{"frame":28,"values":[0.9989,-0.0396,0.0231,0,0.0394,0.9992,0.0111,0,-0.0235,-0.0102,0.9997,0,-0.0009,22.835,-2.8254,1]},
{"frame":29,"values":[0.999,-0.0393,0.023,0,0.039,0.9992,0.0112,0,-0.0234,-0.0103,0.9997,0,-0.0009,22.835,-2.8254,1]},
{"frame":30,"values":[0.999,-0.0385,0.0233,0,0.0382,0.9992,0.0116,0,-0.0237,-0.0107,0.9997,0,-0.0009,22.835,-2.8254,1]},
{"frame":31,"values":[0.999,-0.0382,0.0234,0,0.0379,0.9992,0.0121,0,-0.0238,-0.0112,0.9997,0,-0.0009,22.835,-2.8254,1]},
{"frame":32,"values":[0.999,-0.0377,0.0226,0,0.0375,0.9992,0.0117,0,-0.0231,-0.0109,0.9997,0,-0.0009,22.835,-2.8254,1]},
{"frame":33,"values":[0.9991,-0.037,0.0222,0,0.0368,0.9993,0.0113,0,-0.0226,-0.0105,0.9997,0,-0.0009,22.835,-2.8254,1]},
{"frame":34,"values":[0.9991,-0.0364,0.0226,0,0.0361,0.9993,0.0115,0,-0.023,-0.0107,0.9997,0,-0.0009,22.835,-2.8254,1]},
{"frame":35,"values":[0.9991,-0.0358,0.023,0,0.0355,0.9993,0.0118,0,-0.0234,-0.011,0.9997,0,-0.0009,22.835,-2.8254,1]},
{"frame":36,"values":[0.9991,-0.0354,0.0233,0,0.0351,0.9993,0.012,0,-0.0237,-0.0112,0.9997,0,-0.0009,22.835,-2.8254,1]},
{"frame":37,"values":[0.9991,-0.0349,0.0234,0,0.0346,0.9993,0.0122,0,-0.0238,-0.0114,0.9997,0,-0.0009,22.835,-2.8254,1]},
{"frame":38,"values":[0.9991,-0.0347,0.0233,0,0.0344,0.9993,0.0127,0,-0.0237,-0.0119,0.9996,0,-0.0009,22.835,-2.8254,1]},
{"frame":39,"values":[0.9991,-0.0349,0.0233,0,0.0346,0.9993,0.0132,0,-0.0238,-0.0123,0.9996,0,-0.0009,22.835,-2.8254,1]},
{"frame":40,"values":[0.9991,-0.0351,0.0234,0,0.0348,0.9993,0.0131,0,-0.0238,-0.0123,0.9996,0,-0.0009,22.835,-2.8254,1]},
{"frame":41,"values":[0.9991,-0.0352,0.0231,0,0.0349,0.9993,0.013,0,-0.0235,-0.0122,0.9996,0,-0.0009,22.835,-2.8254,1]},
{"frame":42,"values":[0.9991,-0.0353,0.0229,0,0.035,0.9993,0.0129,0,-0.0234,-0.0121,0.9997,0,-0.0009,22.835,-2.8254,1]},
{"frame":43,"values":[0.9991,-0.0354,0.0229,0,0.0351,0.9993,0.0127,0,-0.0233,-0.0118,0.9997,0,-0.0009,22.835,-2.8254,1]},
{"frame":44,"values":[0.9991,-0.0355,0.0228,0,0.0352,0.9993,0.0125,0,-0.0233,-0.0117,0.9997,0,-0.0009,22.835,-2.8254,1]},
{"frame":45,"values":[0.9991,-0.0358,0.0228,0,0.0355,0.9993,0.0126,0,-0.0232,-0.0118,0.9997,0,-0.0009,22.835,-2.8254,1]},
{"frame":46,"values":[0.9991,-0.0361,0.0227,0,0.0359,0.9993,0.0125,0,-0.0231,-0.0117,0.9997,0,-0.0009,22.835,-2.8254,1]},
{"frame":47,"values":[0.9991,-0.0362,0.0226,0,0.0359,0.9993,0.0123,0,-0.023,-0.0115,0.9997,0,-0.0009,22.835,-2.8254,1]},
{"frame":48,"values":[0.9991,-0.0362,0.0225,0,0.0359,0.9993,0.0122,0,-0.0229,-0.0114,0.9997,0,-0.0009,22.835,-2.8254,1]},
{"frame":49,"values":[0.9991,-0.0363,0.0226,0,0.036,0.9993,0.0122,0,-0.023,-0.0114,0.9997,0,-0.0009,22.835,-2.8254,1]},
{"frame":50,"values":[0.9991,-0.0365,0.023,0,0.0362,0.9993,0.0123,0,-0.0234,-0.0115,0.9997,0,-0.0009,22.835,-2.8254,1]},
{"frame":51,"values":[0.9991,-0.0366,0.0235,0,0.0364,0.9993,0.0126,0,-0.024,-0.0118,0.9996,0,-0.0009,22.835,-2.8254,1]},
{"frame":52,"values":[0.999,-0.0368,0.024,0,0.0365,0.9993,0.0127,0,-0.0245,-0.0118,0.9996,0,-0.0009,22.835,-2.8254,1]},
{"frame":53,"values":[0.999,-0.0369,0.0242,0,0.0366,0.9993,0.0125,0,-0.0246,-0.0116,0.9996,0,-0.0009,22.835,-2.8254,1]},
{"frame":54,"values":[0.999,-0.0369,0.0243,0,0.0366,0.9993,0.0124,0,-0.0247,-0.0115,0.9996,0,-0.0009,22.835,-2.8254,1]},
{"frame":55,"values":[0.999,-0.0368,0.0245,0,0.0365,0.9993,0.0127,0,-0.0249,-0.0117,0.9996,0,-0.0009,22.835,-2.8254,1]},
{"frame":56,"values":[0.999,-0.0367,0.0246,0,0.0364,0.9993,0.0128,0,-0.025,-0.0119,0.9996,0,-0.0009,22.835,-2.8254,1]},
{"frame":57,"values":[0.999,-0.0368,0.0248,0,0.0365,0.9993,0.0127,0,-0.0252,-0.0118,0.9996,0,-0.0009,22.835,-2.8254,1]},
{"frame":58,"values":[0.999,-0.0369,0.0249,0,0.0366,0.9992,0.0127,0,-0.0254,-0.0118,0.9996,0,-0.0009,22.835,-2.8254,1]},
{"frame":59,"values":[0.999,-0.0369,0.0252,0,0.0366,0.9992,0.0131,0,-0.0256,-0.0122,0.9996,0,-0.0009,22.835,-2.8254,1]},
{"frame":60,"values":[0.999,-0.0372,0.0258,0,0.0369,0.9992,0.0139,0,-0.0263,-0.0129,0.9996,0,-0.0009,22.835,-2.8254,1]},
{"frame":61,"values":[0.9989,-0.0376,0.0266,0,0.0372,0.9992,0.0148,0,-0.0271,-0.0138,0.9995,0,-0.0009,22.835,-2.8254,1]},
{"frame":62,"values":[0.9989,-0.0376,0.0278,0,0.0372,0.9992,0.0157,0,-0.0283,-0.0147,0.9995,0,-0.0009,22.835,-2.8254,1]},
{"frame":63,"values":[0.9989,-0.0367,0.0289,0,0.0363,0.9992,0.0168,0,-0.0295,-0.0158,0.9994,0,-0.0009,22.835,-2.8254,1]},
{"frame":64,"values":[0.999,-0.0348,0.0293,0,0.0343,0.9992,0.018,0,-0.0299,-0.017,0.9994,0,-0.0009,22.835,-2.8254,1]},
{"frame":65,"values":[0.999,-0.0322,0.0294,0,0.0317,0.9993,0.0186,0,-0.0299,-0.0177,0.9994,0,-0.0009,22.835,-2.8254,1]},
{"frame":66,"values":[0.9991,-0.0301,0.0299,0,0.0295,0.9994,0.0186,0,-0.0304,-0.0177,0.9994,0,-0.0009,22.835,-2.8254,1]},
{"frame":67,"values":[0.9991,-0.0284,0.0304,0,0.0279,0.9994,0.0187,0,-0.0309,-0.0179,0.9994,0,-0.0009,22.835,-2.8254,1]},
{"frame":68,"values":[0.9992,-0.0265,0.03,0,0.026,0.9995,0.0196,0,-0.0305,-0.0188,0.9994,0,-0.0009,22.835,-2.8254,1]},
{"frame":69,"values":[0.9993,-0.0242,0.0292,0,0.0236,0.9995,0.0208,0,-0.0297,-0.0201,0.9994,0,-0.0009,22.835,-2.8254,1]},
{"frame":70,"values":[0.9994,-0.0214,0.0285,0,0.0207,0.9995,0.0224,0,-0.029,-0.0218,0.9993,0,-0.0009,22.835,-2.8254,1]},
{"frame":71,"values":[0.9995,-0.0183,0.0271,0,0.0176,0.9995,0.0247,0,-0.0276,-0.0242,0.9993,0,-0.0009,22.835,-2.8254,1]},
{"frame":72,"values":[0.9996,-0.0153,0.0258,0,0.0146,0.9995,0.0277,0,-0.0262,-0.0274,0.9993,0,-0.0009,22.835,-2.8254,1]},
{"frame":73,"values":[0.9996,-0.0132,0.0253,0,0.0124,0.9994,0.0309,0,-0.0257,-0.0305,0.9992,0,-0.0009,22.835,-2.8254,1]},
{"frame":74,"values":[0.9996,-0.0128,0.0245,0,0.0119,0.9993,0.0352,0,-0.0249,-0.0349,0.9991,0,-0.0009,22.835,-2.8254,1]},
{"frame":75,"values":[0.9997,-0.0132,0.0219,0,0.0122,0.999,0.0419,0,-0.0224,-0.0417,0.9989,0,-0.0009,22.835,-2.8254,1]},
{"frame":76,"values":[0.9998,-0.0125,0.0183,0,0.0115,0.9987,0.049,0,-0.0189,-0.0488,0.9986,0,-0.0009,22.835,-2.8254,1]},
{"frame":77,"values":[0.9998,-0.0111,0.0154,0,0.0102,0.9985,0.0541,0,-0.0159,-0.0539,0.9984,0,-0.0009,22.835,-2.8254,1]},
{"frame":78,"values":[0.9998,-0.0111,0.0145,0,0.0103,0.9983,0.0579,0,-0.0151,-0.0577,0.9982,0,-0.0009,22.835,-2.8254,1]},
{"frame":79,"values":[0.9998,-0.0122,0.0168,0,0.0111,0.998,0.0618,0,-0.0175,-0.0616,0.9979,0,-0.0009,22.835,-2.8254,1]},
{"frame":80,"values":[0.9997,-0.0131,0.0189,0,0.0118,0.9978,0.0653,0,-0.0198,-0.065,0.9977,0,-0.0009,22.835,-2.8254,1]},
{"frame":81,"values":[0.9997,-0.0147,0.0188,0,0.0134,0.9976,0.0683,0,-0.0198,-0.068,0.9975,0,-0.0009,22.835,-2.8254,1]},
{"frame":82,"values":[0.9997,-0.0171,0.0184,0,0.0158,0.9974,0.0704,0,-0.0195,-0.0701,0.9974,0,-0.0009,22.835,-2.8254,1]},
{"frame":83,"values":[0.9997,-0.0187,0.018,0,0.0174,0.9974,0.0703,0,-0.0193,-0.07,0.9974,0,-0.0009,22.835,-2.8254,1]},
{"frame":84,"values":[0.9997,-0.0191,0.0166,0,0.0179,0.9974,0.0693,0,-0.0179,-0.069,0.9975,0,-0.0009,22.835,-2.8254,1]},
{"frame":85,"values":[0.9997,-0.0192,0.0139,0,0.0182,0.9974,0.0691,0,-0.0152,-0.0688,0.9975,0,-0.0009,22.835,-2.8254,1]},
{"frame":86,"values":[0.9997,-0.0199,0.0116,0,0.0191,0.9974,0.0691,0,-0.013,-0.0689,0.9975,0,-0.0009,22.835,-2.8254,1]},
{"frame":87,"values":[0.9997,-0.0203,0.0112,0,0.0195,0.9974,0.0687,0,-0.0126,-0.0685,0.9976,0,-0.0009,22.835,-2.8254,1]},
{"frame":88,"values":[0.9998,-0.0197,0.0107,0,0.0189,0.9975,0.068,0,-0.012,-0.0678,0.9976,0,-0.0009,22.835,-2.8254,1]},
{"frame":89,"values":[0.9998,-0.0194,0.0087,0,0.0187,0.9976,0.0673,0,-0.01,-0.0671,0.9977,0,-0.0009,22.835,-2.8254,1]},
{"frame":90,"values":[0.9998,-0.02,0.0072,0,0.0194,0.9976,0.0664,0,-0.0086,-0.0662,0.9978,0,-0.0009,22.835,-2.8254,1]},
{"frame":91,"values":[0.9998,-0.021,0.0069,0,0.0205,0.9976,0.0655,0,-0.0083,-0.0653,0.9978,0,-0.0009,22.835,-2.8254,1]},
{"frame":92,"values":[0.9997,-0.0224,0.0067,0,0.0219,0.9976,0.0652,0,-0.0081,-0.065,0.9979,0,-0.0009,22.835,-2.8254,1]},
{"frame":93,"values":[0.9997,-0.0243,0.0064,0,0.0238,0.9976,0.0647,0,-0.0079,-0.0646,0.9979,0,-0.0009,22.835,-2.8254,1]},
{"frame":94,"values":[0.9996,-0.0262,0.0062,0,0.0257,0.9976,0.0639,0,-0.0079,-0.0637,0.9979,0,-0.0009,22.835,-2.8254,1]},
{"frame":95,"values":[0.9996,-0.0277,0.0062,0,0.0273,0.9977,0.0624,0,-0.0079,-0.0622,0.998,0,-0.0009,22.835,-2.8254,1]},
{"frame":96,"values":[0.9996,-0.0293,0.0063,0,0.0289,0.9978,0.0603,0,-0.0081,-0.0601,0.9982,0,-0.0009,22.835,-2.8254,1]},
{"frame":97,"values":[0.9995,-0.0305,0.0063,0,0.03,0.9979,0.0582,0,-0.0081,-0.0579,0.9983,0,-0.0009,22.835,-2.8254,1]},
{"frame":98,"values":[0.9995,-0.0318,0.006,0,0.0314,0.9979,0.0571,0,-0.0078,-0.0569,0.9983,0,-0.0009,22.835,-2.8254,1]}],"loopBehavior":1,"name":"anim","property":"_matrix"}},
{"name":"mixamorig:Spine2","index":3,"matrix":[0.9995,-0.0318,0.0064,0,0.0314,0.9979,0.0571,0,-0.0082,-0.0568,0.9983,0,-0.0206,26.5525,-3.1933,1],"rest":[1,0,0,0,0,1,0,0,0,0,1,0,-0.0206,26.5525,-3.1933,1],"parentBoneIndex":2,"length":24.825
,"animation":{"dataType":3,"framePerSecond":24,"keys":[
{"frame":1,"values":[0.9995,-0.0318,0.0064,0,0.0314,0.9979,0.0571,0,-0.0082,-0.0568,0.9983,0,-0.0206,26.5525,-3.1933,1]},
{"frame":2,"values":[0.9994,-0.0349,0.0058,0,0.0345,0.9977,0.0579,0,-0.0078,-0.0577,0.9983,0,-0.0206,26.5525,-3.1933,1]},
{"frame":3,"values":[0.9991,-0.0423,0.0052,0,0.0419,0.9972,0.0613,0,-0.0077,-0.061,0.9981,0,-0.0206,26.5525,-3.1933,1]},
{"frame":4,"values":[0.9986,-0.0526,0.0052,0,0.0521,0.9966,0.0631,0,-0.0085,-0.0628,0.998,0,-0.0206,26.5525,-3.1933,1]},
{"frame":5,"values":[0.9978,-0.0664,0.0074,0,0.0658,0.9961,0.0592,0,-0.0113,-0.0585,0.9982,0,-0.0206,26.5525,-3.1933,1]},
{"frame":6,"values":[0.997,-0.0763,0.0149,0,0.0756,0.996,0.0474,0,-0.0184,-0.0461,0.9988,0,-0.0206,26.5525,-3.1933,1]},
{"frame":7,"values":[0.997,-0.0736,0.0248,0,0.0728,0.9968,0.0321,0,-0.0271,-0.0302,0.9992,0,-0.0206,26.5525,-3.1933,1]},
{"frame":8,"values":[0.9977,-0.0617,0.0295,0,0.061,0.9979,0.0221,0,-0.0308,-0.0203,0.9993,0,-0.0206,26.5525,-3.1933,1]},
{"frame":9,"values":[0.9986,-0.0457,0.026,0,0.0451,0.9987,0.0219,0,-0.027,-0.0207,0.9994,0,-0.0206,26.5525,-3.1933,1]},
{"frame":10,"values":[0.9996,-0.0269,0.0103,0,0.0267,0.9994,0.0224,0,-0.0109,-0.0221,0.9997,0,-0.0206,26.5525,-3.1933,1]},
{"frame":11,"values":[0.9999,-0.0113,-0.0077,0,0.0114,0.9999,0.0099,0,0.0076,-0.01,0.9999,0,-0.0206,26.5525,-3.1933,1]},
{"frame":12,"values":[0.9999,-0.0121,-0.0019,0,0.0121,0.9999,-0.0018,0,0.0019,0.0018,1,0,-0.0206,26.5525,-3.1933,1]},
{"frame":13,"values":[0.9994,-0.025,0.0244,0,0.0248,0.9997,0.0053,0,-0.0246,-0.0047,0.9997,0,-0.0206,26.5525,-3.1933,1]},
{"frame":14,"values":[0.9988,-0.0305,0.0394,0,0.03,0.9994,0.0143,0,-0.0398,-0.0131,0.9991,0,-0.0206,26.5525,-3.1933,1]},
{"frame":15,"values":[0.999,-0.0318,0.0311,0,0.0314,0.9994,0.0128,0,-0.0315,-0.0118,0.9994,0,-0.0206,26.5525,-3.1933,1]},
{"frame":16,"values":[0.9991,-0.0392,0.0169,0,0.0391,0.9992,0.0065,0,-0.0171,-0.0059,0.9998,0,-0.0206,26.5525,-3.1933,1]},
