{"producer":{"name":"Blender","version":"2.90.0","exporter_version":"2.80.1","file":"option_yes.babylon"},
"autoClear":true,"clearColor":[0.0509,0.0509,0.0509],"gravity":[0,-9.81,0],
"materials":[{"name":"Material","id":"Material","customType":"BABYLON.PBRMaterial","backFaceCulling":true,"checkReadyOnlyOnce":false,"maxSimultaneousLights":4,"environmentIntensity":1,"albedo":[0.8,0.8,0.8],"reflectivity":[0.5,0.5,0.5],"roughness":0.4,"alpha":1,"transparencyMode":0,"alphaCutOff":0.4,"metallic":0}],
"multiMaterials":[],
"skeletons":[{"name":"Armature","id":0,"dimensionsAtRest":[379.1952,391.6652,55.677],"bones":[
{"name":"mixamorig:Hips","index":0,"matrix":[0.994,-0.0551,-0.0947,0,0.0609,0.9964,0.0598,0,-0.0911,0.0652,-0.9937,0,0.3746,200.3125,0.3755,1],"rest":[1,0,0,0,0,1,0,0,0,0,-1,0,0,201.6394,0,1],"parentBoneIndex":-1,"length":21.6784
,"animation":{"dataType":3,"framePerSecond":24,"keys":[
{"frame":1,"values":[0.994,-0.0551,-0.0947,0,0.0609,0.9964,0.0598,0,-0.0911,0.0652,-0.9937,0,0.3746,200.3125,0.3755,1]},
{"frame":2,"values":[0.9941,-0.0546,-0.0939,0,0.0603,0.9964,0.0595,0,-0.0904,0.0648,-0.9938,0,0.3645,200.3081,0.3426,1]},
{"frame":3,"values":[0.9942,-0.054,-0.093,0,0.0597,0.9965,0.0591,0,-0.0895,0.0643,-0.9939,0,0.3554,200.3038,0.2879,1]},
{"frame":4,"values":[0.9943,-0.0536,-0.0919,0,0.0591,0.9965,0.0585,0,-0.0884,0.0636,-0.994,0,0.3421,200.304,0.211,1]},
{"frame":5,"values":[0.9945,-0.0532,-0.0905,0,0.0586,0.9966,0.0576,0,-0.0871,0.0626,-0.9942,0,0.325,200.3064,0.117,1]},
{"frame":6,"values":[0.9947,-0.0529,-0.0886,0,0.0581,0.9967,0.0565,0,-0.0853,0.0613,-0.9945,0,0.3043,200.3092,0.0113,1]},
{"frame":7,"values":[0.9949,-0.0527,-0.0862,0,0.0576,0.9968,0.0549,0,-0.083,0.0596,-0.9948,0,0.2795,200.3123,-0.0985,1]},
{"frame":8,"values":[0.9951,-0.0527,-0.0835,0,0.0572,0.997,0.053,0,-0.0804,0.0575,-0.9951,0,0.2502,200.3159,-0.2065,1]},
{"frame":9,"values":[0.9954,-0.0527,-0.0804,0,0.0569,0.9971,0.051,0,-0.0775,0.0553,-0.9955,0,0.214,200.3213,-0.3143,1]},
{"frame":10,"values":[0.9956,-0.0529,-0.0771,0,0.0567,0.9972,0.0488,0,-0.0743,0.0529,-0.9958,0,0.1703,200.3279,-0.4239,1]},
{"frame":11,"values":[0.9959,-0.053,-0.0739,0,0.0566,0.9973,0.0466,0,-0.0712,0.0505,-0.9962,0,0.1235,200.3356,-0.5302,1]},
{"frame":12,"values":[0.9961,-0.053,-0.071,0,0.0562,0.9974,0.0446,0,-0.0684,0.0484,-0.9965,0,0.0773,200.345,-0.6222,1]},
{"frame":13,"values":[0.9963,-0.0527,-0.0682,0,0.0557,0.9975,0.043,0,-0.0657,0.0466,-0.9967,0,0.0309,200.3538,-0.6877,1]},
{"frame":14,"values":[0.9965,-0.0522,-0.0653,0,0.055,0.9976,0.0419,0,-0.063,0.0454,-0.997,0,-0.0176,200.3591,-0.7222,1]},
{"frame":15,"values":[0.9967,-0.0516,-0.0623,0,0.0542,0.9977,0.0415,0,-0.06,0.0447,-0.9972,0,-0.0699,200.3611,-0.7332,1]},
{"frame":16,"values":[0.9969,-0.051,-0.0592,0,0.0535,0.9977,0.0416,0,-0.0569,0.0446,-0.9974,0,-0.1263,200.3625,-0.7338,1]},
{"frame":17,"values":[0.9972,-0.0503,-0.0561,0,0.0527,0.9977,0.0422,0,-0.0538,0.0451,-0.9975,0,-0.1822,200.3637,-0.7346,1]},
{"frame":18,"values":[0.9974,-0.0495,-0.0533,0,0.0518,0.9977,0.0437,0,-0.051,0.0463,-0.9976,0,-0.2337,200.3631,-0.735,1]},
{"frame":19,"values":[0.9975,-0.0487,-0.0508,0,0.051,0.9976,0.0458,0,-0.0484,0.0483,-0.9977,0,-0.2801,200.3603,-0.7295,1]},
{"frame":20,"values":[0.9977,-0.0479,-0.0486,0,0.0502,0.9976,0.0485,0,-0.0461,0.0508,-0.9976,0,-0.3234,200.3564,-0.7116,1]},
{"frame":21,"values":[0.9978,-0.0471,-0.0466,0,0.0494,0.9975,0.0511,0,-0.044,0.0532,-0.9976,0,-0.3665,200.3519,-0.67,1]},
{"frame":22,"values":[0.9979,-0.0463,-0.0448,0,0.0487,0.9974,0.053,0,-0.0423,0.055,-0.9976,0,-0.4095,200.348,-0.5958,1]},
{"frame":23,"values":[0.998,-0.0458,-0.0435,0,0.0482,0.9974,0.0538,0,-0.041,0.0557,-0.9976,0,-0.4538,200.3473,-0.4874,1]},
{"frame":24,"values":[0.9981,-0.0456,-0.0425,0,0.0479,0.9974,0.053,0,-0.04,0.055,-0.9977,0,-0.5028,200.3514,-0.3457,1]},
{"frame":25,"values":[0.9981,-0.0457,-0.0415,0,0.0478,0.9976,0.0509,0,-0.0391,0.0527,-0.9978,0,-0.558,200.3588,-0.1746,1]},
{"frame":26,"values":[0.9981,-0.046,-0.0404,0,0.0479,0.9977,0.0477,0,-0.0382,0.0496,-0.998,0,-0.6186,200.3681,0.0029,1]},
{"frame":27,"values":[0.9981,-0.0464,-0.0398,0,0.0482,0.9978,0.0446,0,-0.0377,0.0465,-0.9982,0,-0.6783,200.3786,0.1516,1]},
{"frame":28,"values":[0.9981,-0.0467,-0.0401,0,0.0484,0.9979,0.0424,0,-0.038,0.0443,-0.9983,0,-0.7301,200.3896,0.2509,1]},
{"frame":29,"values":[0.9981,-0.0468,-0.0412,0,0.0485,0.998,0.0416,0,-0.0392,0.0435,-0.9983,0,-0.7707,200.3962,0.3083,1]},
{"frame":30,"values":[0.998,-0.0466,-0.0429,0,0.0484,0.9979,0.0424,0,-0.0409,0.0444,-0.9982,0,-0.7971,200.3933,0.3347,1]},
{"frame":31,"values":[0.9979,-0.0461,-0.0449,0,0.0481,0.9978,0.0445,0,-0.0428,0.0466,-0.998,0,-0.8084,200.3844,0.3289,1]},
{"frame":32,"values":[0.9979,-0.0455,-0.047,0,0.0477,0.9977,0.0474,0,-0.0448,0.0495,-0.9978,0,-0.8071,200.3739,0.3024,1]},
{"frame":33,"values":[0.9978,-0.0449,-0.049,0,0.0474,0.9976,0.0499,0,-0.0466,0.0521,-0.9976,0,-0.7967,200.3628,0.2776,1]},
{"frame":34,"values":[0.9977,-0.0446,-0.0509,0,0.0472,0.9976,0.0513,0,-0.0484,0.0536,-0.9974,0,-0.7819,200.3538,0.2632,1]},
{"frame":35,"values":[0.9976,-0.0445,-0.0526,0,0.0472,0.9975,0.0518,0,-0.0502,0.0541,-0.9973,0,-0.7652,200.3496,0.2513,1]},
{"frame":36,"values":[0.9975,-0.0447,-0.0541,0,0.0476,0.9975,0.0518,0,-0.0516,0.0542,-0.9972,0,-0.7469,200.349,0.2291,1]},
{"frame":37,"values":[0.9974,-0.0451,-0.0554,0,0.048,0.9975,0.0522,0,-0.053,0.0547,-0.9971,0,-0.727,200.3484,0.1929,1]},
{"frame":38,"values":[0.9973,-0.0453,-0.0571,0,0.0484,0.9974,0.0537,0,-0.0545,0.0563,-0.9969,0,-0.702,200.3448,0.1528,1]},
{"frame":39,"values":[0.9972,-0.0452,-0.0594,0,0.0485,0.9972,0.0563,0,-0.0567,0.059,-0.9966,0,-0.6656,200.3372,0.1222,1]},
{"frame":40,"values":[0.9971,-0.0447,-0.0622,0,0.0484,0.9971,0.0595,0,-0.0594,0.0623,-0.9963,0,-0.6163,200.327,0.1094,1]},
{"frame":41,"values":[0.9969,-0.0443,-0.0652,0,0.0484,0.9969,0.0622,0,-0.0623,0.0652,-0.9959,0,-0.5608,200.3161,0.1234,1]},
{"frame":42,"values":[0.9967,-0.0441,-0.0683,0,0.0485,0.9968,0.0635,0,-0.0653,0.0666,-0.9956,0,-0.5098,200.3076,0.1733,1]},
{"frame":43,"values":[0.9965,-0.0444,-0.0714,0,0.0489,0.9968,0.0634,0,-0.0683,0.0666,-0.9954,0,-0.4703,200.3039,0.2527,1]},
{"frame":44,"values":[0.9962,-0.045,-0.0743,0,0.0496,0.9968,0.0621,0,-0.0713,0.0656,-0.9953,0,-0.4395,200.302,0.3406,1]},
{"frame":45,"values":[0.996,-0.0457,-0.0771,0,0.0504,0.9969,0.0606,0,-0.074,0.0643,-0.9952,0,-0.4121,200.2984,0.4211,1]},
{"frame":46,"values":[0.9957,-0.0465,-0.0797,0,0.0513,0.9969,0.0596,0,-0.0767,0.0635,-0.995,0,-0.3849,200.2961,0.484,1]},
{"frame":47,"values":[0.9955,-0.0472,-0.0824,0,0.0521,0.9969,0.0594,0,-0.0793,0.0634,-0.9948,0,-0.3538,200.2932,0.5287,1]},
{"frame":48,"values":[0.9952,-0.0477,-0.0849,0,0.0529,0.9968,0.0598,0,-0.0818,0.064,-0.9946,0,-0.3144,200.2909,0.5587,1]},
{"frame":49,"values":[0.995,-0.0481,-0.0871,0,0.0535,0.9967,0.0607,0,-0.0839,0.0651,-0.9943,0,-0.2635,200.2895,0.5749,1]},
{"frame":50,"values":[0.9949,-0.0485,-0.089,0,0.0541,0.9966,0.0617,0,-0.0857,0.0662,-0.9941,0,-0.2029,200.2845,0.5846,1]},
{"frame":51,"values":[0.9947,-0.0489,-0.0906,0,0.0547,0.9966,0.0622,0,-0.0873,0.0669,-0.9939,0,-0.1393,200.2763,0.5992,1]},
{"frame":52,"values":[0.9945,-0.0494,-0.0921,0,0.0553,0.9965,0.0622,0,-0.0887,0.067,-0.9938,0,-0.0796,200.2713,0.618,1]},
{"frame":53,"values":[0.9944,-0.0499,-0.0933,0,0.0558,0.9965,0.0616,0,-0.0899,0.0665,-0.9937,0,-0.026,200.2711,0.6333,1]},
{"frame":54,"values":[0.9943,-0.0504,-0.0944,0,0.0563,0.9966,0.0609,0,-0.091,0.0659,-0.9937,0,0.0233,200.2719,0.6382,1]},
{"frame":55,"values":[0.9941,-0.0509,-0.0953,0,0.0568,0.9966,0.0603,0,-0.0919,0.0654,-0.9936,0,0.0707,200.2736,0.6286,1]},
{"frame":56,"values":[0.9941,-0.0515,-0.096,0,0.0574,0.9965,0.0601,0,-0.0926,0.0653,-0.9936,0,0.1174,200.2787,0.605,1]},
{"frame":57,"values":[0.994,-0.0519,-0.0966,0,0.0579,0.9965,0.0602,0,-0.0931,0.0654,-0.9935,0,0.162,200.2847,0.5709,1]},
{"frame":58,"values":[0.9939,-0.0524,-0.0968,0,0.0585,0.9965,0.0605,0,-0.0933,0.0658,-0.9935,0,0.203,200.2902,0.5303,1]},
{"frame":59,"values":[0.9939,-0.053,-0.0967,0,0.0591,0.9964,0.0608,0,-0.0931,0.0662,-0.9935,0,0.2391,200.2956,0.4888,1]},
{"frame":60,"values":[0.9939,-0.0535,-0.0963,0,0.0596,0.9964,0.0609,0,-0.0927,0.0662,-0.9935,0,0.2723,200.2989,0.4524,1]},
{"frame":61,"values":[0.9939,-0.054,-0.0958,0,0.06,0.9964,0.0607,0,-0.0922,0.0661,-0.9935,0,0.3062,200.3007,0.4244,1]},
{"frame":62,"values":[0.994,-0.0546,-0.0953,0,0.0605,0.9963,0.0602,0,-0.0917,0.0656,-0.9936,0,0.3407,200.3048,0.4005,1]},
{"frame":63,"values":[0.994,-0.0551,-0.0947,0,0.0609,0.9964,0.0598,0,-0.0911,0.0652,-0.9937,0,0.3745,200.3125,0.3754,1]}],"loopBehavior":1,"name":"anim","property":"_matrix"}},
{"name":"mixamorig:Spine","index":1,"matrix":[0.9987,0.0448,-0.0244,0,-0.0433,0.9973,0.0586,0,0.0269,-0.0575,0.998,0,0.0062,19.525,-2.4818,1],"rest":[1,0,0,0,0,1,0,0,0,0,1,0,0.0062,19.525,-2.4818,1],"parentBoneIndex":0,"length":23.0091
,"animation":{"dataType":3,"framePerSecond":24,"keys":[
{"frame":1,"values":[0.9987,0.0448,-0.0244,0,-0.0433,0.9973,0.0586,0,0.0269,-0.0575,0.998,0,0.0062,19.525,-2.4818,1]},
{"frame":3,"values":[0.9987,0.0449,-0.0244,0,-0.0434,0.9973,0.0585,0,0.0269,-0.0573,0.998,0,0.0062,19.525,-2.4818,1]},
{"frame":4,"values":[0.9987,0.045,-0.0244,0,-0.0435,0.9973,0.0584,0,0.027,-0.0572,0.998,0,0.0062,19.525,-2.4818,1]},
{"frame":5,"values":[0.9987,0.0451,-0.0245,0,-0.0436,0.9973,0.0583,0,0.027,-0.0572,0.998,0,0.0062,19.525,-2.4818,1]},
{"frame":6,"values":[0.9987,0.0452,-0.0245,0,-0.0437,0.9973,0.0583,0,0.0271,-0.0572,0.998,0,0.0062,19.525,-2.4818,1]},
{"frame":7,"values":[0.9987,0.0453,-0.0246,0,-0.0438,0.9973,0.0584,0,0.0272,-0.0573,0.998,0,0.0062,19.525,-2.4818,1]},
{"frame":8,"values":[0.9987,0.0454,-0.0247,0,-0.0439,0.9973,0.0586,0,0.0273,-0.0574,0.998,0,0.0062,19.525,-2.4818,1]},
{"frame":9,"values":[0.9987,0.0455,-0.0248,0,-0.044,0.9973,0.0588,0,0.0274,-0.0576,0.998,0,0.0062,19.525,-2.4818,1]},
{"frame":10,"values":[0.9987,0.0456,-0.0248,0,-0.0441,0.9973,0.059,0,0.0274,-0.0578,0.998,0,0.0062,19.525,-2.4818,1]},
{"frame":11,"values":[0.9986,0.0457,-0.0249,0,-0.0442,0.9973,0.0591,0,0.0275,-0.058,0.9979,0,0.0062,19.525,-2.4818,1]},
{"frame":12,"values":[0.9986,0.0458,-0.025,0,-0.0443,0.9973,0.0592,0,0.0276,-0.058,0.9979,0,0.0062,19.525,-2.4818,1]},
{"frame":13,"values":[0.9986,0.0459,-0.0251,0,-0.0444,0.9973,0.0592,0,0.0277,-0.058,0.9979,0,0.0062,19.525,-2.4818,1]},
{"frame":14,"values":[0.9986,0.046,-0.0252,0,-0.0445,0.9973,0.0592,0,0.0279,-0.058,0.9979,0,0.0062,19.525,-2.4818,1]},
{"frame":15,"values":[0.9986,0.0461,-0.0254,0,-0.0446,0.9973,0.0592,0,0.028,-0.058,0.9979,0,0.0062,19.525,-2.4818,1]},
{"frame":16,"values":[0.9986,0.0463,-0.0255,0,-0.0447,0.9972,0.0592,0,0.0281,-0.058,0.9979,0,0.0062,19.525,-2.4818,1]},
{"frame":17,"values":[0.9986,0.0464,-0.0255,0,-0.0448,0.9972,0.0592,0,0.0282,-0.058,0.9979,0,0.0062,19.525,-2.4818,1]},
{"frame":18,"values":[0.9986,0.0465,-0.0256,0,-0.0449,0.9972,0.0592,0,0.0283,-0.058,0.9979,0,0.0062,19.525,-2.4818,1]},
{"frame":19,"values":[0.9986,0.0466,-0.0257,0,-0.045,0.9972,0.0592,0,0.0284,-0.058,0.9979,0,0.0062,19.525,-2.4818,1]},
{"frame":20,"values":[0.9986,0.0466,-0.0258,0,-0.045,0.9972,0.0593,0,0.0285,-0.058,0.9979,0,0.0062,19.525,-2.4818,1]},
{"frame":21,"values":[0.9986,0.0467,-0.026,0,-0.0451,0.9972,0.0594,0,0.0287,-0.0581,0.9979,0,0.0062,19.525,-2.4818,1]},
{"frame":22,"values":[0.9986,0.0467,-0.026,0,-0.0451,0.9972,0.0596,0,0.0288,-0.0583,0.9979,0,0.0062,19.525,-2.4818,1]},
{"frame":23,"values":[0.9986,0.0467,-0.0261,0,-0.0451,0.9972,0.06,0,0.0288,-0.0587,0.9979,0,0.0062,19.525,-2.4818,1]},
{"frame":24,"values":[0.9986,0.0468,-0.0261,0,-0.0451,0.9971,0.0605,0,0.0288,-0.0593,0.9978,0,0.0062,19.525,-2.4818,1]},
{"frame":25,"values":[0.9986,0.0468,-0.0261,0,-0.0452,0.9971,0.0611,0,0.0288,-0.0599,0.9978,0,0.0062,19.525,-2.4818,1]},
{"frame":26,"values":[0.9986,0.0469,-0.026,0,-0.0452,0.9971,0.0616,0,0.0288,-0.0603,0.9978,0,0.0062,19.525,-2.4818,1]},
{"frame":27,"values":[0.9986,0.047,-0.026,0,-0.0453,0.9971,0.0618,0,0.0288,-0.0605,0.9977,0,0.0062,19.525,-2.4818,1]},
{"frame":28,"values":[0.9986,0.0471,-0.026,0,-0.0454,0.9971,0.0619,0,0.0288,-0.0606,0.9977,0,0.0062,19.525,-2.4818,1]},
{"frame":29,"values":[0.9986,0.0471,-0.0259,0,-0.0454,0.997,0.0619,0,0.0287,-0.0607,0.9977,0,0.0062,19.525,-2.4818,1]},
{"frame":30,"values":[0.9986,0.0471,-0.0258,0,-0.0454,0.997,0.062,0,0.0286,-0.0607,0.9977,0,0.0062,19.525,-2.4818,1]},
{"frame":31,"values":[0.9986,0.047,-0.0256,0,-0.0454,0.997,0.062,0,0.0284,-0.0607,0.9977,0,0.0062,19.525,-2.4818,1]},
{"frame":32,"values":[0.9986,0.047,-0.0256,0,-0.0453,0.9971,0.0619,0,0.0284,-0.0607,0.9978,0,0.0062,19.525,-2.4818,1]},
{"frame":33,"values":[0.9986,0.0469,-0.0255,0,-0.0453,0.9971,0.0619,0,0.0284,-0.0606,0.9978,0,0.0062,19.525,-2.4818,1]},
{"frame":34,"values":[0.9986,0.0469,-0.0255,0,-0.0453,0.9971,0.0618,0,0.0284,-0.0606,0.9978,0,0.0062,19.525,-2.4818,1]},
{"frame":35,"values":[0.9986,0.0469,-0.0255,0,-0.0452,0.9971,0.0617,0,0.0283,-0.0604,0.9978,0,0.0062,19.525,-2.4818,1]},
{"frame":36,"values":[0.9986,0.0469,-0.0255,0,-0.0453,0.9971,0.0613,0,0.0283,-0.06,0.9978,0,0.0062,19.525,-2.4818,1]},
{"frame":37,"values":[0.9986,0.0469,-0.0255,0,-0.0453,0.9971,0.0608,0,0.0282,-0.0595,0.9978,0,0.0062,19.525,-2.4818,1]},
{"frame":38,"values":[0.9986,0.0468,-0.0253,0,-0.0452,0.9972,0.0603,0,0.0281,-0.0591,0.9979,0,0.0062,19.525,-2.4818,1]},
{"frame":39,"values":[0.9986,0.0468,-0.0253,0,-0.0452,0.9972,0.06,0,0.028,-0.0588,0.9979,0,0.0062,19.525,-2.4818,1]},
{"frame":40,"values":[0.9986,0.0467,-0.0253,0,-0.0451,0.9972,0.0597,0,0.028,-0.0584,0.9979,0,0.0062,19.525,-2.4818,1]},
{"frame":41,"values":[0.9986,0.0466,-0.0253,0,-0.045,0.9972,0.0595,0,0.028,-0.0582,0.9979,0,0.0062,19.525,-2.4818,1]},
{"frame":42,"values":[0.9986,0.0465,-0.0253,0,-0.0449,0.9972,0.0594,0,0.0279,-0.0582,0.9979,0,0.0062,19.525,-2.4818,1]},
{"frame":43,"values":[0.9986,0.0464,-0.0252,0,-0.0449,0.9972,0.0593,0,0.0279,-0.0581,0.9979,0,0.0062,19.525,-2.4818,1]},
{"frame":44,"values":[0.9986,0.0464,-0.0252,0,-0.0449,0.9972,0.0593,0,0.0279,-0.058,0.9979,0,0.0062,19.525,-2.4818,1]},
{"frame":45,"values":[0.9986,0.0464,-0.0252,0,-0.0449,0.9972,0.0591,0,0.0278,-0.0579,0.9979,0,0.0062,19.525,-2.4818,1]},
{"frame":46,"values":[0.9986,0.0464,-0.0251,0,-0.0449,0.9972,0.059,0,0.0277,-0.0578,0.9979,0,0.0062,19.525,-2.4818,1]},
{"frame":47,"values":[0.9986,0.0464,-0.0249,0,-0.0448,0.9973,0.059,0,0.0276,-0.0578,0.9979,0,0.0062,19.525,-2.4818,1]},
{"frame":48,"values":[0.9986,0.0463,-0.0248,0,-0.0448,0.9973,0.0589,0,0.0274,-0.0577,0.998,0,0.0062,19.525,-2.4818,1]},
{"frame":49,"values":[0.9986,0.0462,-0.0247,0,-0.0447,0.9973,0.0589,0,0.0273,-0.0577,0.998,0,0.0062,19.525,-2.4818,1]},
{"frame":50,"values":[0.9986,0.0462,-0.0246,0,-0.0446,0.9973,0.0589,0,0.0272,-0.0577,0.998,0,0.0062,19.525,-2.4818,1]},
{"frame":51,"values":[0.9986,0.0461,-0.0245,0,-0.0446,0.9973,0.0589,0,0.0271,-0.0577,0.998,0,0.0062,19.525,-2.4818,1]},
{"frame":52,"values":[0.9986,0.046,-0.0244,0,-0.0445,0.9973,0.0589,0,0.027,-0.0577,0.998,0,0.0062,19.525,-2.4818,1]},
{"frame":53,"values":[0.9986,0.046,-0.0243,0,-0.0445,0.9973,0.0589,0,0.0269,-0.0577,0.998,0,0.0062,19.525,-2.4818,1]},
{"frame":54,"values":[0.9987,0.0459,-0.0243,0,-0.0444,0.9973,0.0589,0,0.0269,-0.0577,0.998,0,0.0062,19.525,-2.4818,1]},
{"frame":55,"values":[0.9987,0.0458,-0.0243,0,-0.0443,0.9973,0.0589,0,0.0269,-0.0577,0.998,0,0.0062,19.525,-2.4818,1]},
{"frame":56,"values":[0.9987,0.0457,-0.0243,0,-0.0442,0.9973,0.0589,0,0.0269,-0.0578,0.998,0,0.0062,19.525,-2.4818,1]},
{"frame":57,"values":[0.9987,0.0456,-0.0243,0,-0.0441,0.9973,0.0589,0,0.0269,-0.0578,0.998,0,0.0062,19.525,-2.4818,1]},
{"frame":58,"values":[0.9987,0.0454,-0.0243,0,-0.0439,0.9973,0.0589,0,0.0269,-0.0578,0.998,0,0.0062,19.525,-2.4818,1]},
{"frame":59,"values":[0.9987,0.0453,-0.0243,0,-0.0438,0.9973,0.059,0,0.0269,-0.0578,0.998,0,0.0062,19.525,-2.4818,1]},
{"frame":60,"values":[0.9987,0.0451,-0.0244,0,-0.0436,0.9973,0.059,0,0.0269,-0.0578,0.998,0,0.0062,19.525,-2.4818,1]},
{"frame":61,"values":[0.9987,0.0449,-0.0244,0,-0.0434,0.9973,0.059,0,0.0269,-0.0578,0.998,0,0.0062,19.525,-2.4818,1]},
{"frame":62,"values":[0.9987,0.0448,-0.0244,0,-0.0433,0.9973,0.059,0,0.0269,-0.0578,0.998,0,0.0062,19.525,-2.4818,1]},
{"frame":63,"values":[0.9987,0.0448,-0.0244,0,-0.0433,0.9973,0.059,0,0.0269,-0.0578,0.998,0,0.0062,19.525,-2.4818,1]}],"loopBehavior":1,"name":"anim","property":"_matrix"}},
{"name":"mixamorig:Spine1","index":2,"matrix":[0.9996,0.0274,-0.0056,0,-0.0273,0.9994,0.0203,0,0.0061,-0.0201,0.9998,0,-0.0009,22.835,-2.8254,1],"rest":[1,0,0,0,0,1,0,0,0,0,1,0,-0.0009,22.835,-2.8254,1],"parentBoneIndex":1,"length":26.7438
,"animation":{"dataType":3,"framePerSecond":24,"keys":[
{"frame":1,"values":[0.9996,0.0274,-0.0056,0,-0.0273,0.9994,0.0203,0,0.0061,-0.0201,0.9998,0,-0.0009,22.835,-2.8254,1]},
{"frame":3,"values":[0.9996,0.0276,-0.0056,0,-0.0275,0.9994,0.0201,0,0.0061,-0.0199,0.9998,0,-0.0009,22.835,-2.8254,1]},
{"frame":4,"values":[0.9996,0.0278,-0.0057,0,-0.0277,0.9994,0.0199,0,0.0062,-0.0197,0.9998,0,-0.0009,22.835,-2.8254,1]},
{"frame":5,"values":[0.9996,0.028,-0.0058,0,-0.0279,0.9994,0.0199,0,0.0063,-0.0197,0.9998,0,-0.0009,22.835,-2.8254,1]},
{"frame":6,"values":[0.9996,0.0282,-0.0059,0,-0.0281,0.9994,0.02,0,0.0064,-0.0199,0.9998,0,-0.0009,22.835,-2.8254,1]},
{"frame":7,"values":[0.9996,0.0284,-0.006,0,-0.0283,0.9994,0.0204,0,0.0066,-0.0202,0.9998,0,-0.0009,22.835,-2.8254,1]},
{"frame":8,"values":[0.9996,0.0286,-0.0062,0,-0.0285,0.9994,0.0208,0,0.0067,-0.0206,0.9998,0,-0.0009,22.835,-2.8254,1]},
{"frame":9,"values":[0.9996,0.0287,-0.0063,0,-0.0286,0.9994,0.0214,0,0.0069,-0.0212,0.9998,0,-0.0009,22.835,-2.8254,1]},
{"frame":10,"values":[0.9996,0.0288,-0.0064,0,-0.0287,0.9993,0.022,0,0.007,-0.0218,0.9997,0,-0.0009,22.835,-2.8254,1]},
{"frame":11,"values":[0.9996,0.029,-0.0065,0,-0.0288,0.9993,0.0224,0,0.0071,-0.0222,0.9997,0,-0.0009,22.835,-2.8254,1]},
{"frame":12,"values":[0.9996,0.0292,-0.0066,0,-0.029,0.9993,0.0226,0,0.0072,-0.0224,0.9997,0,-0.0009,22.835,-2.8254,1]},
{"frame":13,"values":[0.9995,0.0293,-0.0068,0,-0.0291,0.9993,0.0228,0,0.0074,-0.0226,0.9997,0,-0.0009,22.835,-2.8254,1]},
{"frame":14,"values":[0.9995,0.0294,-0.007,0,-0.0292,0.9993,0.0231,0,0.0077,-0.0229,0.9997,0,-0.0009,22.835,-2.8254,1]},
{"frame":15,"values":[0.9995,0.0296,-0.0073,0,-0.0294,0.9993,0.0234,0,0.008,-0.0231,0.9997,0,-0.0009,22.835,-2.8254,1]},
{"frame":16,"values":[0.9995,0.0299,-0.0075,0,-0.0297,0.9993,0.0234,0,0.0082,-0.0232,0.9997,0,-0.0009,22.835,-2.8254,1]},
{"frame":17,"values":[0.9995,0.0301,-0.0076,0,-0.03,0.9993,0.0234,0,0.0083,-0.0232,0.9997,0,-0.0009,22.835,-2.8254,1]},
{"frame":18,"values":[0.9995,0.0304,-0.0078,0,-0.0302,0.9993,0.0232,0,0.0085,-0.0229,0.9997,0,-0.0009,22.835,-2.8254,1]},
{"frame":19,"values":[0.9995,0.0305,-0.008,0,-0.0303,0.9993,0.0229,0,0.0087,-0.0226,0.9997,0,-0.0009,22.835,-2.8254,1]},
{"frame":20,"values":[0.9995,0.0307,-0.0082,0,-0.0305,0.9993,0.0226,0,0.0089,-0.0224,0.9997,0,-0.0009,22.835,-2.8254,1]},
{"frame":21,"values":[0.9995,0.0309,-0.0086,0,-0.0307,0.9993,0.0227,0,0.0092,-0.0224,0.9997,0,-0.0009,22.835,-2.8254,1]},
{"frame":22,"values":[0.9995,0.031,-0.0087,0,-0.0308,0.9993,0.0231,0,0.0094,-0.0228,0.9997,0,-0.0009,22.835,-2.8254,1]},
{"frame":23,"values":[0.9995,0.0311,-0.0088,0,-0.0308,0.9992,0.0237,0,0.0095,-0.0235,0.9997,0,-0.0009,22.835,-2.8254,1]},
{"frame":24,"values":[0.9995,0.0312,-0.0088,0,-0.031,0.9992,0.0248,0,0.0095,-0.0245,0.9997,0,-0.0009,22.835,-2.8254,1]},
{"frame":25,"values":[0.9995,0.0314,-0.0088,0,-0.0312,0.9992,0.0259,0,0.0096,-0.0256,0.9996,0,-0.0009,22.835,-2.8254,1]},
{"frame":26,"values":[0.9995,0.0316,-0.0087,0,-0.0313,0.9991,0.0268,0,0.0096,-0.0265,0.9996,0,-0.0009,22.835,-2.8254,1]},
{"frame":27,"values":[0.9995,0.0316,-0.0087,0,-0.0314,0.9991,0.0273,0,0.0096,-0.027,0.9996,0,-0.0009,22.835,-2.8254,1]},
{"frame":28,"values":[0.9995,0.0317,-0.0086,0,-0.0314,0.9991,0.0275,0,0.0094,-0.0273,0.9996,0,-0.0009,22.835,-2.8254,1]},
{"frame":29,"values":[0.9995,0.0317,-0.0084,0,-0.0314,0.9991,0.0276,0,0.0093,-0.0273,0.9996,0,-0.0009,22.835,-2.8254,1]},
{"frame":30,"values":[0.9995,0.0318,-0.0082,0,-0.0315,0.9991,0.0274,0,0.009,-0.0271,0.9996,0,-0.0009,22.835,-2.8254,1]},
{"frame":31,"values":[0.9995,0.0318,-0.0079,0,-0.0316,0.9991,0.027,0,0.0087,-0.0267,0.9996,0,-0.0009,22.835,-2.8254,1]},
{"frame":32,"values":[0.9995,0.0319,-0.0078,0,-0.0317,0.9991,0.0267,0,0.0087,-0.0265,0.9996,0,-0.0009,22.835,-2.8254,1]},
{"frame":33,"values":[0.9995,0.0319,-0.0078,0,-0.0317,0.9991,0.0268,0,0.0087,-0.0265,0.9996,0,-0.0009,22.835,-2.8254,1]},
{"frame":34,"values":[0.9995,0.0319,-0.0079,0,-0.0317,0.9991,0.0268,0,0.0087,-0.0265,0.9996,0,-0.0009,22.835,-2.8254,1]},
{"frame":35,"values":[0.9995,0.0319,-0.0079,0,-0.0317,0.9991,0.0266,0,0.0088,-0.0263,0.9996,0,-0.0009,22.835,-2.8254,1]},
{"frame":36,"values":[0.9995,0.0319,-0.0079,0,-0.0317,0.9992,0.0258,0,0.0087,-0.0256,0.9996,0,-0.0009,22.835,-2.8254,1]},
{"frame":37,"values":[0.9995,0.0319,-0.0077,0,-0.0317,0.9992,0.0249,0,0.0084,-0.0246,0.9997,0,-0.0009,22.835,-2.8254,1]},
{"frame":38,"values":[0.9995,0.0319,-0.0074,0,-0.0317,0.9992,0.024,0,0.0082,-0.0238,0.9997,0,-0.0009,22.835,-2.8254,1]},
{"frame":39,"values":[0.9995,0.0318,-0.0073,0,-0.0317,0.9992,0.0232,0,0.0081,-0.023,0.9997,0,-0.0009,22.835,-2.8254,1]},
{"frame":40,"values":[0.9995,0.0317,-0.0073,0,-0.0316,0.9992,0.0226,0,0.0081,-0.0223,0.9997,0,-0.0009,22.835,-2.8254,1]},
{"frame":41,"values":[0.9995,0.0316,-0.0074,0,-0.0315,0.9993,0.0221,0,0.0081,-0.0219,0.9997,0,-0.0009,22.835,-2.8254,1]},
{"frame":42,"values":[0.9995,0.0315,-0.0074,0,-0.0313,0.9993,0.022,0,0.0081,-0.0218,0.9997,0,-0.0009,22.835,-2.8254,1]},
{"frame":43,"values":[0.9995,0.0314,-0.0074,0,-0.0313,0.9993,0.022,0,0.0081,-0.0217,0.9997,0,-0.0009,22.835,-2.8254,1]},
{"frame":44,"values":[0.9995,0.0314,-0.0074,0,-0.0312,0.9993,0.0218,0,0.008,-0.0215,0.9997,0,-0.0009,22.835,-2.8254,1]},
{"frame":45,"values":[0.9995,0.0313,-0.0072,0,-0.0312,0.9993,0.0215,0,0.0078,-0.0212,0.9997,0,-0.0009,22.835,-2.8254,1]},
{"frame":46,"values":[0.9995,0.0312,-0.0069,0,-0.0311,0.9993,0.0212,0,0.0075,-0.021,0.9998,0,-0.0009,22.835,-2.8254,1]},
{"frame":47,"values":[0.9995,0.0311,-0.0066,0,-0.031,0.9993,0.0211,0,0.0072,-0.0209,0.9998,0,-0.0009,22.835,-2.8254,1]},
{"frame":48,"values":[0.9995,0.031,-0.0063,0,-0.0309,0.9993,0.021,0,0.007,-0.0208,0.9998,0,-0.0009,22.835,-2.8254,1]},
{"frame":49,"values":[0.9995,0.0309,-0.0061,0,-0.0307,0.9993,0.0209,0,0.0068,-0.0207,0.9998,0,-0.0009,22.835,-2.8254,1]},
{"frame":50,"values":[0.9995,0.0307,-0.006,0,-0.0306,0.9993,0.0209,0,0.0066,-0.0207,0.9998,0,-0.0009,22.835,-2.8254,1]},
{"frame":51,"values":[0.9995,0.0306,-0.0058,0,-0.0305,0.9993,0.021,0,0.0064,-0.0208,0.9998,0,-0.0009,22.835,-2.8254,1]},
{"frame":52,"values":[0.9995,0.0305,-0.0056,0,-0.0304,0.9993,0.0211,0,0.0062,-0.021,0.9998,0,-0.0009,22.835,-2.8254,1]},
{"frame":53,"values":[0.9995,0.0304,-0.0054,0,-0.0302,0.9993,0.0212,0,0.006,-0.021,0.9998,0,-0.0009,22.835,-2.8254,1]},
{"frame":54,"values":[0.9995,0.0301,-0.0053,0,-0.03,0.9993,0.0212,0,0.0059,-0.0211,0.9998,0,-0.0009,22.835,-2.8254,1]},
{"frame":55,"values":[0.9995,0.0299,-0.0052,0,-0.0298,0.9993,0.0212,0,0.0058,-0.0211,0.9998,0,-0.0009,22.835,-2.8254,1]},
{"frame":56,"values":[0.9995,0.0297,-0.0052,0,-0.0296,0.9993,0.0212,0,0.0058,-0.0211,0.9998,0,-0.0009,22.835,-2.8254,1]},
{"frame":57,"values":[0.9996,0.0294,-0.0052,0,-0.0293,0.9993,0.0212,0,0.0058,-0.021,0.9998,0,-0.0009,22.835,-2.8254,1]},
{"frame":58,"values":[0.9996,0.0291,-0.0052,0,-0.029,0.9994,0.0211,0,0.0058,-0.0209,0.9998,0,-0.0009,22.835,-2.8254,1]},
{"frame":59,"values":[0.9996,0.0287,-0.0052,0,-0.0285,0.9994,0.021,0,0.0058,-0.0208,0.9998,0,-0.0009,22.835,-2.8254,1]},
{"frame":60,"values":[0.9996,0.0282,-0.0053,0,-0.0281,0.9994,0.0209,0,0.0058,-0.0208,0.9998,0,-0.0009,22.835,-2.8254,1]},
{"frame":61,"values":[0.9996,0.0279,-0.0053,0,-0.0277,0.9994,0.0208,0,0.0058,-0.0206,0.9998,0,-0.0009,22.835,-2.8254,1]},
{"frame":62,"values":[0.9996,0.0275,-0.0053,0,-0.0274,0.9994,0.0206,0,0.0058,-0.0205,0.9998,0,-0.0009,22.835,-2.8254,1]},
{"frame":63,"values":[0.9996,0.0272,-0.0053,0,-0.0271,0.9994,0.0206,0,0.0058,-0.0204,0.9998,0,-0.0009,22.835,-2.8254,1]}],"loopBehavior":1,"name":"anim","property":"_matrix"}},
{"name":"mixamorig:Spine2","index":3,"matrix":[0.9996,0.0274,-0.0059,0,-0.0273,0.9994,0.0198,0,0.0064,-0.0196,0.9998,0,-0.0206,26.5525,-3.1933,1],"rest":[1,0,0,0,0,1,0,0,0,0,1,0,-0.0206,26.5525,-3.1933,1],"parentBoneIndex":2,"length":24.825
,"animation":{"dataType":3,"framePerSecond":24,"keys":[
{"frame":1,"values":[0.9996,0.0274,-0.0059,0,-0.0273,0.9994,0.0198,0,0.0064,-0.0196,0.9998,0,-0.0206,26.5525,-3.1933,1]},
{"frame":2,"values":[0.9996,0.0275,-0.0059,0,-0.0274,0.9994,0.0198,0,0.0064,-0.0196,0.9998,0,-0.0206,26.5525,-3.1933,1]},
{"frame":3,"values":[0.9996,0.0277,-0.0059,0,-0.0275,0.9994,0.0196,0,0.0065,-0.0195,0.9998,0,-0.0206,26.5525,-3.1933,1]},
{"frame":4,"values":[0.9996,0.0279,-0.0061,0,-0.0277,0.9994,0.0195,0,0.0066,-0.0193,0.9998,0,-0.0206,26.5525,-3.1933,1]},
{"frame":5,"values":[0.9996,0.0281,-0.0062,0,-0.028,0.9994,0.0194,0,0.0067,-0.0192,0.9998,0,-0.0206,26.5525,-3.1933,1]},
{"frame":6,"values":[0.9996,0.0283,-0.0063,0,-0.0282,0.9994,0.0196,0,0.0069,-0.0194,0.9998,0,-0.0206,26.5525,-3.1933,1]},
{"frame":7,"values":[0.9996,0.0285,-0.0064,0,-0.0284,0.9994,0.0199,0,0.007,-0.0197,0.9998,0,-0.0206,26.5525,-3.1933,1]},
{"frame":8,"values":[0.9996,0.0287,-0.0066,0,-0.0285,0.9994,0.0204,0,0.0071,-0.0202,0.9998,0,-0.0206,26.5525,-3.1933,1]},
{"frame":9,"values":[0.9996,0.0288,-0.0067,0,-0.0287,0.9994,0.0209,0,0.0073,-0.0207,0.9998,0,-0.0206,26.5525,-3.1933,1]},
{"frame":10,"values":[0.9996,0.0289,-0.0068,0,-0.0288,0.9994,0.0215,0,0.0074,-0.0213,0.9997,0,-0.0206,26.5525,-3.1933,1]},
{"frame":11,"values":[0.9996,0.0291,-0.0069,0,-0.0289,0.9993,0.022,0,0.0075,-0.0217,0.9997,0,-0.0206,26.5525,-3.1933,1]},
{"frame":12,"values":[0.9995,0.0292,-0.007,0,-0.0291,0.9993,0.0222,0,0.0076,-0.022,0.9997,0,-0.0206,26.5525,-3.1933,1]},
{"frame":13,"values":[0.9995,0.0294,-0.0072,0,-0.0292,0.9993,0.0224,0,0.0078,-0.0222,0.9997,0,-0.0206,26.5525,-3.1933,1]},
{"frame":14,"values":[0.9995,0.0295,-0.0074,0,-0.0293,0.9993,0.0227,0,0.0081,-0.0224,0.9997,0,-0.0206,26.5525,-3.1933,1]},
{"frame":15,"values":[0.9995,0.0297,-0.0077,0,-0.0295,0.9993,0.0229,0,0.0084,-0.0227,0.9997,0,-0.0206,26.5524,-3.1933,1]},
{"frame":16,"values":[0.9995,0.0299,-0.0079,0,-0.0297,0.9993,0.023,0,0.0086,-0.0227,0.9997,0,-0.0206,26.5525,-3.1933,1]},
{"frame":17,"values":[0.9995,0.0302,-0.008,0,-0.03,0.9993,0.023,0,0.0087,-0.0227,0.9997,0,-0.0206,26.5525,-3.1933,1]},
{"frame":18,"values":[0.9995,0.0304,-0.0082,0,-0.0302,0.9993,0.0227,0,0.0089,-0.0225,0.9997,0,-0.0206,26.5525,-3.1933,1]},
{"frame":19,"values":[0.9995,0.0306,-0.0083,0,-0.0304,0.9993,0.0224,0,0.009,-0.0221,0.9997,0,-0.0206,26.5525,-3.1933,1]},
{"frame":20,"values":[0.9995,0.0308,-0.0086,0,-0.0306,0.9993,0.0222,0,0.0093,-0.0219,0.9997,0,-0.0206,26.5525,-3.1933,1]},
{"frame":21,"values":[0.9995,0.0309,-0.0089,0,-0.0307,0.9993,0.0222,0,0.0096,-0.022,0.9997,0,-0.0206,26.5525,-3.1933,1]},
{"frame":22,"values":[0.9995,0.0311,-0.0091,0,-0.0308,0.9993,0.0226,0,0.0098,-0.0223,0.9997,0,-0.0206,26.5525,-3.1933,1]},
{"frame":23,"values":[0.9995,0.0311,-0.0091,0,-0.0309,0.9992,0.0233,0,0.0099,-0.023,0.9997,0,-0.0206,26.5525,-3.1933,1]},
{"frame":24,"values":[0.9995,0.0313,-0.0092,0,-0.0311,0.9992,0.0243,0,0.0099,-0.024,0.9997,0,-0.0206,26.5525,-3.1933,1]},
{"frame":25,"values":[0.9995,0.0315,-0.0091,0,-0.0313,0.9992,0.0255,0,0.0099,-0.0252,0.9996,0,-0.0206,26.5525,-3.1933,1]},
{"frame":26,"values":[0.9995,0.0316,-0.0091,0,-0.0314,0.9992,0.0264,0,0.0099,-0.0261,0.9996,0,-0.0206,26.5525,-3.1933,1]},
{"frame":27,"values":[0.9995,0.0317,-0.0091,0,-0.0315,0.9991,0.0269,0,0.0099,-0.0266,0.9996,0,-0.0206,26.5525,-3.1933,1]},
{"frame":28,"values":[0.9995,0.0318,-0.009,0,-0.0315,0.9991,0.0271,0,0.0098,-0.0268,0.9996,0,-0.0206,26.5525,-3.1933,1]},
{"frame":29,"values":[0.9995,0.0318,-0.0088,0,-0.0316,0.9991,0.0272,0,0.0097,-0.0269,0.9996,0,-0.0206,26.5525,-3.1933,1]},
{"frame":30,"values":[0.9995,0.0319,-0.0085,0,-0.0317,0.9991,0.027,0,0.0094,-0.0267,0.9996,0,-0.0206,26.5525,-3.1933,1]},
{"frame":31,"values":[0.9995,0.032,-0.0083,0,-0.0317,0.9991,0.0266,0,0.0091,-0.0263,0.9996,0,-0.0206,26.5525,-3.1933,1]},
{"frame":32,"values":[0.9995,0.032,-0.0082,0,-0.0318,0.9991,0.0263,0,0.009,-0.026,0.9996,0,-0.0206,26.5525,-3.1933,1]},
{"frame":34,"values":[0.9995,0.0321,-0.0082,0,-0.0318,0.9991,0.0264,0,0.009,-0.0261,0.9996,0,-0.0206,26.5525,-3.1933,1]},
{"frame":35,"values":[0.9995,0.0321,-0.0082,0,-0.0318,0.9992,0.0261,0,0.0091,-0.0258,0.9996,0,-0.0206,26.5525,-3.1933,1]},
{"frame":36,"values":[0.9995,0.032,-0.0082,0,-0.0318,0.9992,0.0254,0,0.009,-0.0251,0.9996,0,-0.0206,26.5525,-3.1933,1]},
{"frame":37,"values":[0.9995,0.032,-0.008,0,-0.0318,0.9992,0.0244,0,0.0088,-0.0242,0.9997,0,-0.0206,26.5525,-3.1933,1]},
{"frame":38,"values":[0.9995,0.032,-0.0078,0,-0.0318,0.9992,0.0236,0,0.0085,-0.0233,0.9997,0,-0.0206,26.5525,-3.1933,1]},
{"frame":39,"values":[0.9995,0.0319,-0.0077,0,-0.0317,0.9992,0.0228,0,0.0084,-0.0225,0.9997,0,-0.0206,26.5525,-3.1933,1]},
{"frame":40,"values":[0.9995,0.0318,-0.0077,0,-0.0317,0.9993,0.0221,0,0.0084,-0.0219,0.9997,0,-0.0206,26.5525,-3.1933,1]},
{"frame":41,"values":[0.9995,0.0317,-0.0077,0,-0.0316,0.9993,0.0217,0,0.0084,-0.0214,0.9997,0,-0.0206,26.5525,-3.1933,1]},
{"frame":42,"values":[0.9995,0.0316,-0.0078,0,-0.0314,0.9993,0.0216,0,0.0084,-0.0213,0.9997,0,-0.0206,26.5525,-3.1933,1]},
{"frame":43,"values":[0.9995,0.0315,-0.0077,0,-0.0314,0.9993,0.0215,0,0.0084,-0.0213,0.9997,0,-0.0206,26.5525,-3.1933,1]},
{"frame":44,"values":[0.9995,0.0315,-0.0077,0,-0.0313,0.9993,0.0213,0,0.0084,-0.0211,0.9997,0,-0.0206,26.5525,-3.1933,1]},
{"frame":45,"values":[0.9995,0.0314,-0.0075,0,-0.0313,0.9993,0.021,0,0.0082,-0.0208,0.9998,0,-0.0206,26.5525,-3.1933,1]},
{"frame":46,"values":[0.9995,0.0313,-0.0073,0,-0.0311,0.9993,0.0208,0,0.0079,-0.0206,0.9998,0,-0.0206,26.5525,-3.1933,1]},
{"frame":47,"values":[0.9995,0.0312,-0.007,0,-0.031,0.9993,0.0206,0,0.0076,-0.0204,0.9998,0,-0.0206,26.5525,-3.1933,1]},
{"frame":48,"values":[0.9995,0.0311,-0.0067,0,-0.0309,0.9993,0.0205,0,0.0074,-0.0203,0.9998,0,-0.0206,26.5525,-3.1933,1]},
{"frame":49,"values":[0.9995,0.0309,-0.0065,0,-0.0308,0.9993,0.0205,0,0.0072,-0.0203,0.9998,0,-0.0206,26.5525,-3.1933,1]},
{"frame":50,"values":[0.9995,0.0308,-0.0064,0,-0.0307,0.9993,0.0205,0,0.007,-0.0203,0.9998,0,-0.0206,26.5525,-3.1933,1]},
{"frame":51,"values":[0.9995,0.0307,-0.0062,0,-0.0306,0.9993,0.0205,0,0.0068,-0.0203,0.9998,0,-0.0206,26.5525,-3.1933,1]},
{"frame":52,"values":[0.9995,0.0306,-0.006,0,-0.0305,0.9993,0.0207,0,0.0066,-0.0205,0.9998,0,-0.0206,26.5525,-3.1933,1]},
{"frame":53,"values":[0.9995,0.0304,-0.0058,0,-0.0303,0.9993,0.0207,0,0.0064,-0.0205,0.9998,0,-0.0206,26.5525,-3.1933,1]},
{"frame":54,"values":[0.9995,0.0302,-0.0057,0,-0.0301,0.9993,0.0207,0,0.0063,-0.0206,0.9998,0,-0.0206,26.5525,-3.1933,1]},
{"frame":55,"values":[0.9995,0.03,-0.0056,0,-0.0299,0.9993,0.0207,0,0.0062,-0.0206,0.9998,0,-0.0206,26.5525,-3.1933,1]},
{"frame":56,"values":[0.9995,0.0298,-0.0056,0,-0.0296,0.9993,0.0207,0,0.0062,-0.0206,0.9998,0,-0.0206,26.5525,-3.1933,1]},
{"frame":57,"values":[0.9995,0.0295,-0.0056,0,-0.0294,0.9994,0.0207,0,0.0062,-0.0205,0.9998,0,-0.0206,26.5525,-3.1933,1]},
{"frame":58,"values":[0.9996,0.0292,-0.0056,0,-0.029,0.9994,0.0206,0,0.0062,-0.0205,0.9998,0,-0.0206,26.5525,-3.1933,1]},
{"frame":59,"values":[0.9996,0.0287,-0.0056,0,-0.0286,0.9994,0.0206,0,0.0062,-0.0204,0.9998,0,-0.0206,26.5525,-3.1933,1]},
{"frame":60,"values":[0.9996,0.0283,-0.0056,0,-0.0282,0.9994,0.0205,0,0.0062,-0.0203,0.9998,0,-0.0206,26.5525,-3.1933,1]},
{"frame":61,"values":[0.9996,0.0279,-0.0057,0,-0.0278,0.9994,0.0204,0,0.0062,-0.0202,0.9998,0,-0.0206,26.5525,-3.1933,1]},
{"frame":62,"values":[0.9996,0.0276,-0.0057,0,-0.0275,0.9994,0.0202,0,0.0062,-0.02,0.9998,0,-0.0206,26.5525,-3.1933,1]},
{"frame":63,"values":[0.9996,0.0273,-0.0057,0,-0.0272,0.9994,0.0201,0,0.0062,-0.02,0.9998,0,-0.0206,26.5525,-3.1933,1]}],"loopBehavior":1,"name":"anim","property":"_matrix"}},
{"name":"mixamorig:Neck","index":4,"matrix":[1,0.0078,0.0022,0,-0.0079,0.9952,0.098,0,-0.0014,-0.098,0.9952,0,-0.06,30.7018,1.3522,1],"rest":[1,0,0,0,0,1,0,0,0,0,1,0,-0.06,30.7018,1.3522,1],"parentBoneIndex":3,"length":22.8446
,"animation":{"dataType":3,"framePerSecond":24,"keys":[
{"frame":1,"values":[1,0.0078,0.0022,0,-0.0079,0.9952,0.098,0,-0.0014,-0.098,0.9952,0,-0.06,30.7018,1.3522,1]},
{"frame":2,"values":[1,0.0078,0.0022,0,-0.008,0.9952,0.0974,0,-0.0014,-0.0975,0.9952,0,-0.06,30.7018,1.3522,1]},
{"frame":3,"values":[1,0.0081,0.0022,0,-0.0083,0.9953,0.0963,0,-0.0014,-0.0963,0.9953,0,-0.06,30.7018,1.3522,1]},
{"frame":4,"values":[1,0.0089,0.002,0,-0.009,0.9955,0.0942,0,-0.0012,-0.0942,0.9956,0,-0.06,30.7018,1.3522,1]},
{"frame":5,"values":[0.9999,0.0103,0.0016,0,-0.0104,0.9958,0.0907,0,-0.0006,-0.0907,0.9959,0,-0.06,30.7019,1.3522,1]},
{"frame":6,"values":[0.9999,0.0125,0.001,0,-0.0125,0.9963,0.0855,0,0.0001,-0.0855,0.9963,0,-0.06,30.7018,1.3522,1]},
{"frame":7,"values":[0.9999,0.0148,0.0002,0,-0.0148,0.9968,0.0786,0,0.001,-0.0786,0.9969,0,-0.06,30.7018,1.3522,1]},
{"frame":8,"values":[0.9998,0.0173,-0.001,0,-0.0172,0.9974,0.0704,0,0.0022,-0.0704,0.9975,0,-0.06,30.7018,1.3522,1]},
{"frame":9,"values":[0.9998,0.0207,-0.0018,0,-0.0205,0.9979,0.0614,0,0.0031,-0.0614,0.9981,0,-0.06,30.7018,1.3522,1]},
{"frame":10,"values":[0.9997,0.0249,-0.0022,0,-0.0247,0.9983,0.052,0,0.0035,-0.0519,0.9986,0,-0.06,30.7018,1.3522,1]},
{"frame":11,"values":[0.9996,0.0289,-0.0024,0,-0.0287,0.9987,0.0428,0,0.0037,-0.0427,0.9991,0,-0.06,30.7018,1.3522,1]},
{"frame":12,"values":[0.9995,0.0322,-0.0028,0,-0.032,0.9989,0.0351,0,0.0039,-0.035,0.9994,0,-0.06,30.7018,1.3522,1]},
{"frame":13,"values":[0.9994,0.0348,-0.0033,0,-0.0347,0.999,0.0298,0,0.0044,-0.0297,0.9996,0,-0.06,30.7018,1.3522,1]},
{"frame":14,"values":[0.9993,0.037,-0.004,0,-0.0369,0.9989,0.0274,0,0.005,-0.0272,0.9996,0,-0.06,30.7018,1.3522,1]},
{"frame":15,"values":[0.9992,0.039,-0.0046,0,-0.0389,0.9989,0.0278,0,0.0057,-0.0276,0.9996,0,-0.06,30.7018,1.3522,1]},
{"frame":16,"values":[0.9992,0.0409,-0.0052,0,-0.0407,0.9987,0.0315,0,0.0065,-0.0313,0.9995,0,-0.06,30.7018,1.3522,1]},
{"frame":17,"values":[0.9991,0.0426,-0.0058,0,-0.0424,0.9984,0.0385,0,0.0075,-0.0382,0.9992,0,-0.06,30.7018,1.3522,1]},
{"frame":18,"values":[0.999,0.0443,-0.0065,0,-0.0439,0.9978,0.0487,0,0.0087,-0.0484,0.9988,0,-0.06,30.7018,1.3522,1]},
{"frame":19,"values":[0.9989,0.0462,-0.0071,0,-0.0457,0.9971,0.0615,0,0.0099,-0.0612,0.9981,0,-0.06,30.7018,1.3522,1]},
{"frame":20,"values":[0.9988,0.0487,-0.0069,0,-0.0481,0.996,0.0759,0,0.0106,-0.0755,0.9971,0,-0.06,30.7018,1.3522,1]},
{"frame":21,"values":[0.9987,0.0514,-0.0059,0,-0.0506,0.9947,0.0897,0,0.0105,-0.0893,0.9959,0,-0.06,30.7018,1.3522,1]},
{"frame":22,"values":[0.9986,0.0534,-0.005,0,-0.0526,0.9935,0.1012,0,0.0104,-0.1008,0.9949,0,-0.06,30.7018,1.3522,1]},
{"frame":23,"values":[0.9985,0.0547,-0.0049,0,-0.0539,0.9925,0.1098,0,0.0109,-0.1094,0.9939,0,-0.06,30.7018,1.3522,1]},
{"frame":24,"values":[0.9985,0.0552,-0.0056,0,-0.0542,0.992,0.1141,0,0.0119,-0.1136,0.9935,0,-0.06,30.7018,1.3522,1]},
{"frame":25,"values":[0.9984,0.0553,-0.0062,0,-0.0542,0.992,0.1137,0,0.0125,-0.1132,0.9935,0,-0.06,30.7018,1.3522,1]},
{"frame":26,"values":[0.9985,0.0552,-0.0061,0,-0.0542,0.9925,0.1098,0,0.0121,-0.1093,0.9939,0,-0.06,30.7018,1.3522,1]},
{"frame":27,"values":[0.9985,0.0548,-0.0054,0,-0.054,0.993,0.1052,0,0.0111,-0.1047,0.9944,0,-0.06,30.7018,1.3522,1]},
{"frame":28,"values":[0.9985,0.0544,-0.0043,0,-0.0537,0.9934,0.1016,0,0.0098,-0.1012,0.9948,0,-0.06,30.7018,1.3522,1]},
{"frame":29,"values":[0.9986,0.0537,-0.0034,0,-0.0531,0.9936,0.1001,0,0.0088,-0.0998,0.995,0,-0.06,30.7018,1.3522,1]},
{"frame":30,"values":[0.9986,0.0525,-0.0029,0,-0.0519,0.9934,0.1021,0,0.0082,-0.1019,0.9948,0,-0.06,30.7018,1.3522,1]},
{"frame":31,"values":[0.9987,0.0506,-0.0025,0,-0.05,0.993,0.1073,0,0.0079,-0.107,0.9942,0,-0.06,30.7018,1.3522,1]},
{"frame":32,"values":[0.9988,0.0482,-0.0022,0,-0.0477,0.9924,0.1132,0,0.0076,-0.1129,0.9936,0,-0.06,30.7018,1.3522,1]},
{"frame":33,"values":[0.999,0.0456,-0.0017,0,-0.045,0.9922,0.1165,0,0.007,-0.1163,0.9932,0,-0.06,30.7018,1.3522,1]},
{"frame":34,"values":[0.9991,0.0429,-0.0013,0,-0.0424,0.9924,0.1154,0,0.0063,-0.1152,0.9933,0,-0.06,30.7018,1.3522,1]},
{"frame":35,"values":[0.9992,0.0406,-0.0011,0,-0.0403,0.993,0.1106,0,0.0056,-0.1105,0.9939,0,-0.06,30.7019,1.3522,1]},
{"frame":36,"values":[0.9992,0.039,-0.0009,0,-0.0387,0.9938,0.1044,0,0.005,-0.1043,0.9945,0,-0.06,30.7018,1.3522,1]},
{"frame":37,"values":[0.9993,0.0379,-0.0008,0,-0.0376,0.9943,0.0996,0,0.0046,-0.0995,0.995,0,-0.06,30.7018,1.3522,1]},
{"frame":38,"values":[0.9993,0.0368,-0.0007,0,-0.0366,0.9945,0.0986,0,0.0043,-0.0985,0.9951,0,-0.06,30.7018,1.3522,1]},
{"frame":39,"values":[0.9994,0.0355,-0.0008,0,-0.0352,0.9942,0.1015,0,0.0044,-0.1014,0.9948,0,-0.06,30.7018,1.3522,1]},
{"frame":40,"values":[0.9994,0.0338,-0.001,0,-0.0335,0.9937,0.1067,0,0.0046,-0.1067,0.9943,0,-0.06,30.7019,1.3522,1]},
{"frame":41,"values":[0.9995,0.0322,-0.001,0,-0.0318,0.9933,0.1115,0,0.0046,-0.1114,0.9938,0,-0.06,30.7018,1.3522,1]},
{"frame":42,"values":[0.9995,0.0305,-0.0008,0,-0.0302,0.9931,0.113,0,0.0043,-0.1129,0.9936,0,-0.06,30.7018,1.3522,1]},
{"frame":43,"values":[0.9996,0.0286,-0.0005,0,-0.0283,0.9934,0.1109,0,0.0037,-0.1109,0.9938,0,-0.06,30.7018,1.3522,1]},
{"frame":44,"values":[0.9996,0.0267,-0.0003,0,-0.0266,0.994,0.1065,0,0.0031,-0.1064,0.9943,0,-0.06,30.7018,1.3522,1]},
{"frame":45,"values":[0.9997,0.0255,-0.0001,0,-0.0253,0.9945,0.1019,0,0.0027,-0.1019,0.9948,0,-0.06,30.7018,1.3522,1]},
{"frame":46,"values":[0.9997,0.0245,0.0001,0,-0.0244,0.9948,0.0989,0,0.0024,-0.0988,0.9951,0,-0.06,30.7018,1.3522,1]},
{"frame":47,"values":[0.9997,0.0234,0,0,-0.0233,0.9949,0.0982,0,0.0023,-0.0981,0.9952,0,-0.06,30.7018,1.3522,1]},
{"frame":48,"values":[0.9998,0.0219,-0.0001,0,-0.0218,0.9947,0.1,0,0.0023,-0.1,0.995,0,-0.06,30.7018,1.3522,1]},
{"frame":49,"values":[0.9998,0.0202,-0.0001,0,-0.0201,0.9945,0.1031,0,0.0022,-0.1031,0.9947,0,-0.06,30.7018,1.3522,1]},
{"frame":50,"values":[0.9998,0.0187,0.0001,0,-0.0186,0.9942,0.1061,0,0.0019,-0.1061,0.9944,0,-0.06,30.7018,1.3522,1]},
{"frame":51,"values":[0.9999,0.0172,0.0004,0,-0.0172,0.994,0.1081,0,0.0014,-0.1081,0.9941,0,-0.06,30.7018,1.3522,1]},
{"frame":52,"values":[0.9999,0.0157,0.0008,0,-0.0157,0.994,0.1082,0,0.0009,-0.1082,0.9941,0,-0.06,30.7018,1.3522,1]},
{"frame":53,"values":[0.9999,0.0142,0.0012,0,-0.0142,0.9942,0.1067,0,0.0003,-0.1067,0.9943,0,-0.06,30.7017,1.3522,1]},
{"frame":54,"values":[0.9999,0.0128,0.0015,0,-0.0129,0.9944,0.1046,0,-0.0001,-0.1046,0.9945,0,-0.06,30.7018,1.3522,1]},
{"frame":55,"values":[0.9999,0.0115,0.0017,0,-0.0117,0.9946,0.1028,0,-0.0005,-0.1028,0.9947,0,-0.06,30.7019,1.3522,1]},
{"frame":56,"values":[0.9999,0.0104,0.0018,0,-0.0105,0.9948,0.1018,0,-0.0007,-0.1018,0.9948,0,-0.06,30.7018,1.3522,1]},
{"frame":57,"values":[1,0.0095,0.0018,0,-0.0096,0.9948,0.1014,0,-0.0009,-0.1014,0.9948,0,-0.06,30.7019,1.3522,1]},
{"frame":58,"values":[1,0.0091,0.0019,0,-0.0092,0.9948,0.1014,0,-0.001,-0.1014,0.9948,0,-0.06,30.7018,1.3522,1]},
{"frame":59,"values":[1,0.0089,0.0021,0,-0.0091,0.9948,0.1014,0,-0.0012,-0.1014,0.9948,0,-0.06,30.7018,1.3522,1]},
{"frame":60,"values":[1,0.0087,0.0022,0,-0.0089,0.9948,0.1011,0,-0.0013,-0.1011,0.9949,0,-0.06,30.7018,1.3522,1]},
