{"producer":{"name":"Blender","version":"2.90.0","exporter_version":"2.80.1","file":"option_shakeitoff.babylon"},
"autoClear":true,"clearColor":[0.0509,0.0509,0.0509],"gravity":[0,-9.81,0],
"materials":[{"name":"Material","id":"Material","customType":"BABYLON.PBRMaterial","backFaceCulling":true,"checkReadyOnlyOnce":false,"maxSimultaneousLights":4,"environmentIntensity":1,"albedo":[0.8,0.8,0.8],"reflectivity":[0.5,0.5,0.5],"roughness":0.4,"alpha":1,"transparencyMode":0,"alphaCutOff":0.4,"metallic":0}],
"multiMaterials":[],
"skeletons":[{"name":"Armature","id":0,"dimensionsAtRest":[379.1952,391.6652,55.677],"bones":[
{"name":"mixamorig:Hips","index":0,"matrix":[1,-0.007,0.0071,0,0.0073,0.9989,-0.0469,0,0.0068,-0.0469,-0.9989,0,0.0792,199.7268,-0.5018,1],"rest":[1,0,0,0,0,1,0,0,0,0,-1,0,0,201.6394,0,1],"parentBoneIndex":-1,"length":21.6784
,"animation":{"dataType":3,"framePerSecond":24,"keys":[
{"frame":1,"values":[1,-0.007,0.0071,0,0.0073,0.9989,-0.0469,0,0.0068,-0.0469,-0.9989,0,0.0792,199.7268,-0.5018,1]},
{"frame":2,"values":[1,-0.0088,-0.0013,0,0.0088,0.9986,-0.0526,0,-0.0018,-0.0526,-0.9986,0,0.1616,199.3185,-0.2819,1]},
{"frame":3,"values":[1,-0.0093,-0.002,0,0.0092,0.9979,-0.0637,0,-0.0026,-0.0636,-0.998,0,0.429,198.7663,0.1993,1]},
{"frame":4,"values":[0.9997,-0.002,0.0231,0,0.0037,0.9973,-0.0735,0,0.0229,-0.0736,-0.997,0,0.9732,198.0176,0.8222,1]},
{"frame":5,"values":[0.9959,0.0169,0.0891,0,-0.0101,0.997,-0.0768,0,0.0901,-0.0756,-0.9931,0,1.6392,197.065,1.4251,1]},
{"frame":6,"values":[0.9777,0.047,0.2049,0,-0.0326,0.9968,-0.0735,0,0.2077,-0.0652,-0.976,0,2.09,195.9213,1.9784,1]},
{"frame":7,"values":[0.9335,0.0802,0.3494,0,-0.0608,0.996,-0.0661,0,0.3533,-0.0405,-0.9347,0,2.1649,194.6498,2.4849,1]},
{"frame":8,"values":[0.8641,0.1088,0.4914,0,-0.0927,0.9941,-0.0572,0,0.4947,-0.0039,-0.8691,0,1.7999,193.2391,2.9147,1]},
{"frame":9,"values":[0.7828,0.1312,0.6082,0,-0.1255,0.9907,-0.0522,0,0.6095,0.0354,-0.792,0,1.0565,191.7868,3.2885,1]},
{"frame":10,"values":[0.7013,0.1492,0.6971,0,-0.157,0.9862,-0.0532,0,0.6954,0.0721,-0.715,0,0.1107,190.4165,3.6693,1]},
{"frame":11,"values":[0.6222,0.163,0.7657,0,-0.1855,0.9809,-0.0581,0,0.7606,0.1059,-0.6406,0,-0.9554,189.1342,4.0097,1]},
{"frame":12,"values":[0.5535,0.1714,0.815,0,-0.2083,0.976,-0.0638,0,0.8064,0.1345,-0.5759,0,-2.1583,187.8868,4.2365,1]},
{"frame":13,"values":[0.5045,0.1768,0.8451,0,-0.2252,0.9719,-0.0688,0,0.8335,0.1556,-0.5302,0,-3.4675,186.6415,4.3584,1]},
{"frame":14,"values":[0.4828,0.181,0.8568,0,-0.2369,0.9689,-0.0712,0,0.843,0.1686,-0.5107,0,-4.7112,185.4301,4.3762,1]},
{"frame":15,"values":[0.482,0.1828,0.8569,0,-0.2443,0.9672,-0.0689,0,0.8414,0.1761,-0.5109,0,-5.7227,184.2704,4.2395,1]},
{"frame":16,"values":[0.4958,0.1794,0.8497,0,-0.2471,0.9671,-0.06,0,0.8326,0.1802,-0.5238,0,-6.3832,183.2185,3.9233,1]},
{"frame":17,"values":[0.5211,0.1725,0.8359,0,-0.2462,0.9681,-0.0463,0,0.8172,0.1817,-0.547,0,-6.5953,182.4003,3.4526,1]},
{"frame":18,"values":[0.5614,0.1642,0.8111,0,-0.2406,0.9702,-0.0298,0,0.7918,0.1784,-0.5842,0,-6.3366,181.9595,2.8823,1]},
{"frame":19,"values":[0.6157,0.1541,0.7728,0,-0.2295,0.9732,-0.0112,0,0.7539,0.1704,-0.6345,0,-5.6466,181.9237,2.1996,1]},
{"frame":20,"values":[0.6828,0.14,0.7171,0,-0.2117,0.9773,0.0108,0,0.6992,0.1592,-0.6969,0,-4.5963,182.3174,1.3567,1]},
{"frame":21,"values":[0.7579,0.1211,0.641,0,-0.1868,0.9817,0.0355,0,0.625,0.1467,-0.7667,0,-3.3099,183.1102,0.3078,1]},
{"frame":22,"values":[0.8359,0.0969,0.5403,0,-0.1537,0.9862,0.0609,0,0.5269,0.1339,-0.8393,0,-1.9161,184.1207,-0.8984,1]},
{"frame":23,"values":[0.9066,0.0696,0.4161,0,-0.1143,0.99,0.0833,0,0.4061,0.1231,-0.9055,0,-0.5384,185.2505,-2.111,1]},
{"frame":24,"values":[0.9616,0.0407,0.2716,0,-0.0702,0.9925,0.1,0,0.2655,0.1153,-0.9572,0,0.7585,186.3665,-3.1205,1]},
{"frame":25,"values":[0.9935,0.0114,0.1135,0,-0.0238,0.9938,0.1084,0,0.1116,0.1104,-0.9876,0,1.9123,187.3658,-3.7312,1]},
{"frame":26,"values":[0.9986,-0.0182,-0.0498,0,0.0236,0.9938,0.109,0,-0.0475,0.11,-0.9928,0,2.8503,188.1557,-3.8607,1]},
{"frame":27,"values":[0.9767,-0.0499,-0.2088,0,0.0732,0.9917,0.1053,0,-0.2019,0.1182,-0.9723,0,3.5985,188.6803,-3.5395,1]},
{"frame":28,"values":[0.9314,-0.0824,-0.3545,0,0.1252,0.9872,0.0992,0,-0.3418,0.1368,-0.9298,0,4.2465,188.8473,-2.8575,1]},
{"frame":29,"values":[0.8703,-0.1127,-0.4794,0,0.1762,0.9803,0.0896,0,-0.4598,0.1625,-0.873,0,4.8976,188.599,-2.0043,1]},
{"frame":30,"values":[0.8055,-0.1367,-0.5766,0,0.2215,0.972,0.079,0,-0.5496,0.1913,-0.8132,0,5.5608,187.9814,-1.1529,1]},
{"frame":31,"values":[0.7462,-0.1531,-0.6479,0,0.2597,0.963,0.0716,0,-0.6129,0.2216,-0.7584,0,6.1275,187.1521,-0.4175,1]},
{"frame":32,"values":[0.7,-0.164,-0.6951,0,0.2912,0.9542,0.0681,0,-0.6521,0.25,-0.7157,0,6.5862,186.3341,0.1328,1]},
{"frame":33,"values":[0.6695,-0.1713,-0.7228,0,0.3141,0.947,0.0666,0,-0.6732,0.2716,-0.6878,0,7.0474,185.5782,0.503,1]},
{"frame":34,"values":[0.6575,-0.1749,-0.7329,0,0.3268,0.9426,0.0683,0,-0.6789,0.2844,-0.6769,0,7.5363,184.9034,0.7226,1]},
{"frame":35,"values":[0.6612,-0.1753,-0.7295,0,0.3308,0.9408,0.0738,0,-0.6734,0.2901,-0.68,0,8.0125,184.4112,0.7649,1]},
{"frame":36,"values":[0.6797,-0.1733,-0.7128,0,0.3262,0.9417,0.082,0,-0.657,0.2883,-0.6966,0,8.4185,184.1986,0.6035,1]},
{"frame":37,"values":[0.7096,-0.1702,-0.6838,0,0.3143,0.9449,0.091,0,-0.6306,0.2795,-0.724,0,8.7182,184.2854,0.2693,1]},
{"frame":38,"values":[0.7489,-0.1658,-0.6417,0,0.296,0.9499,0.1001,0,-0.5929,0.2649,-0.7604,0,8.8824,184.6086,-0.1324,1]},
{"frame":39,"values":[0.7931,-0.1593,-0.5879,0,0.2728,0.9559,0.109,0,-0.5446,0.2468,-0.8015,0,8.9295,185.0968,-0.4986,1]},
{"frame":40,"values":[0.8387,-0.1499,-0.5236,0,0.2447,0.9626,0.1164,0,-0.4866,0.2257,-0.844,0,8.8807,185.6309,-0.774,1]},
{"frame":41,"values":[0.8815,-0.1374,-0.4518,0,0.2133,0.9694,0.1213,0,-0.4213,0.2033,-0.8838,0,8.7611,186.0223,-0.9211,1]},
{"frame":42,"values":[0.9185,-0.1222,-0.3761,0,0.1809,0.9756,0.1247,0,-0.3517,0.1826,-0.9181,0,8.6,186.1133,-0.8896,1]},
{"frame":43,"values":[0.9473,-0.1046,-0.3027,0,0.1492,0.9805,0.1281,0,-0.2834,0.1665,-0.9444,0,8.4066,185.8566,-0.6377,1]},
{"frame":44,"values":[0.967,-0.0862,-0.2399,0,0.1204,0.9839,0.1319,0,-0.2247,0.1564,-0.9618,0,8.1228,185.3569,-0.2223,1]},
{"frame":45,"values":[0.9792,-0.0679,-0.1914,0,0.095,0.9861,0.1362,0,-0.1795,0.1515,-0.972,0,7.6234,184.8212,0.2012,1]},
{"frame":46,"values":[0.9867,-0.049,-0.1552,0,0.0712,0.9875,0.1407,0,-0.1464,0.1499,-0.9778,0,6.8851,184.3855,0.5538,1]},
{"frame":47,"values":[0.9919,-0.0314,-0.1233,0,0.0493,0.9882,0.1448,0,-0.1173,0.1497,-0.9817,0,6.0261,184.1135,0.8842,1]},
{"frame":48,"values":[0.9955,-0.0197,-0.0925,0,0.0332,0.9887,0.1464,0,-0.0885,0.1489,-0.9849,0,5.1291,184.1404,1.2247,1]},
{"frame":49,"values":[0.9978,-0.0139,-0.065,0,0.0231,0.9894,0.1433,0,-0.0623,0.1445,-0.9875,0,4.1724,184.7359,1.484,1]},
{"frame":50,"values":[0.9989,-0.0111,-0.0445,0,0.0171,0.9905,0.1366,0,-0.0426,0.1372,-0.9896,0,3.1603,186.1328,1.4892,1]},
{"frame":51,"values":[0.9995,-0.01,-0.0307,0,0.0139,0.9912,0.1313,0,-0.0291,0.1317,-0.9909,0,2.1797,188.2546,1.1182,1]},
{"frame":52,"values":[0.9997,-0.0108,-0.0217,0,0.0135,0.9917,0.1282,0,-0.0202,0.1284,-0.9915,0,1.3249,190.7292,0.4523,1]},
{"frame":53,"values":[0.9998,-0.0122,-0.0152,0,0.014,0.9923,0.1228,0,-0.0136,0.123,-0.9923,0,0.6254,193.075,-0.2574,1]},
{"frame":54,"values":[0.9999,-0.0124,-0.0108,0,0.0136,0.9933,0.1146,0,-0.0093,0.1147,-0.9934,0,0.0242,194.9938,-0.8449,1]},
{"frame":55,"values":[0.9999,-0.0109,-0.0085,0,0.0117,0.9943,0.1058,0,-0.0073,0.1058,-0.9944,0,-0.5679,196.3523,-1.2547,1]},
{"frame":56,"values":[0.9999,-0.0088,-0.0066,0,0.0093,0.9953,0.0965,0,-0.0057,0.0965,-0.9953,0,-1.0635,197.2366,-1.4448,1]},
{"frame":57,"values":[1,-0.0069,-0.0034,0,0.0071,0.9963,0.0854,0,-0.0028,0.0854,-0.9963,0,-1.4392,197.7299,-1.403,1]},
{"frame":58,"values":[1,-0.0059,0.0016,0,0.0058,0.9974,0.0723,0,0.002,0.0723,-0.9974,0,-1.7085,197.9687,-1.1598,1]},
{"frame":59,"values":[1,-0.0055,0.0062,0,0.0051,0.9982,0.0596,0,0.0065,0.0595,-0.9982,0,-1.8762,198.0352,-0.731,1]},
{"frame":60,"values":[1,-0.0054,0.0082,0,0.005,0.9987,0.05,0,0.0085,0.0499,-0.9987,0,-1.9604,197.9617,-0.1488,1]},
{"frame":61,"values":[1,-0.0051,0.008,0,0.0048,0.999,0.0435,0,0.0083,0.0435,-0.999,0,-1.9934,197.798,0.5114,1]},
{"frame":62,"values":[1,-0.0045,0.0061,0,0.0043,0.9993,0.0384,0,0.0063,0.0383,-0.9992,0,-1.9899,197.6105,1.2082,1]},
{"frame":63,"values":[1,-0.004,0.0025,0,0.0039,0.9994,0.0331,0,0.0027,0.0331,-0.9994,0,-1.9506,197.4053,1.9595,1]},
{"frame":64,"values":[1,-0.0039,-0.0034,0,0.0039,0.9996,0.0264,0,-0.0033,0.0264,-0.9996,0,-1.8975,197.0949,2.8552,1]},
{"frame":65,"values":[0.9999,-0.005,-0.0109,0,0.0051,0.9999,0.0161,0,-0.0108,0.0162,-0.9998,0,-1.8598,196.5736,4.0372,1]},
{"frame":66,"values":[0.9998,-0.008,-0.0178,0,0.0081,1,0.0033,0,-0.0178,0.0034,-0.9998,0,-1.8422,195.7718,5.5428,1]},
{"frame":67,"values":[0.9997,-0.0122,-0.0226,0,0.012,0.9999,-0.0083,0,-0.0227,-0.008,-0.9997,0,-1.8837,194.6553,7.2764,1]},
{"frame":68,"values":[0.9995,-0.0166,-0.025,0,0.0162,0.9997,-0.0193,0,-0.0253,-0.0189,-0.9995,0,-1.9964,193.1481,9.2438,1]},
{"frame":69,"values":[0.9994,-0.021,-0.0263,0,0.0201,0.9992,-0.0347,0,-0.027,-0.0342,-0.9991,0,-2.1149,191.0009,11.5539,1]},
{"frame":70,"values":[0.9994,-0.0229,-0.0266,0,0.0214,0.9981,-0.0573,0,-0.0278,-0.0567,-0.998,0,-2.1241,187.9769,14.0678,1]},
{"frame":71,"values":[0.9995,-0.021,-0.0239,0,0.019,0.9963,-0.0834,0,-0.0256,-0.0829,-0.9962,0,-1.9937,184.3003,16.3888,1]},
{"frame":72,"values":[0.9997,-0.017,-0.0191,0,0.015,0.9946,-0.1024,0,-0.0208,-0.1021,-0.9946,0,-1.8564,180.6953,18.1628,1]},
{"frame":73,"values":[0.9997,-0.0142,-0.0181,0,0.0122,0.9945,-0.104,0,-0.0195,-0.1037,-0.9944,0,-1.8095,177.9813,19.2872,1]},
{"frame":74,"values":[0.9997,-0.0131,-0.0225,0,0.0109,0.9956,-0.0934,0,-0.0237,-0.0931,-0.9954,0,-1.7818,176.5626,19.9561,1]},
{"frame":75,"values":[0.9996,-0.0126,-0.0264,0,0.0102,0.996,-0.0884,0,-0.0274,-0.0881,-0.9957,0,-1.7031,176.4203,20.321,1]},
{"frame":76,"values":[0.9996,-0.0132,-0.0262,0,0.0108,0.9958,-0.0911,0,-0.0273,-0.0908,-0.9955,0,-1.6001,177.3521,20.3573,1]},
{"frame":77,"values":[0.9996,-0.0149,-0.024,0,0.0127,0.9958,-0.0903,0,-0.0253,-0.09,-0.9956,0,-1.4766,178.9887,20.1405,1]},
{"frame":78,"values":[0.9996,-0.0174,-0.022,0,0.0155,0.9962,-0.0855,0,-0.0234,-0.0851,-0.9961,0,-1.2793,180.9196,19.8854,1]},
{"frame":79,"values":[0.9996,-0.0204,-0.0206,0,0.0186,0.9962,-0.0846,0,-0.0222,-0.0842,-0.9962,0,-1.0051,182.7619,19.7156,1]},
{"frame":80,"values":[0.9995,-0.0222,-0.0206,0,0.0202,0.9957,-0.0902,0,-0.0225,-0.0897,-0.9957,0,-0.6919,184.1868,19.6592,1]},
{"frame":81,"values":[0.9995,-0.0221,-0.022,0,0.0198,0.9949,-0.0987,0,-0.024,-0.0982,-0.9949,0,-0.3522,185.021,19.7524,1]},
{"frame":82,"values":[0.9995,-0.022,-0.0235,0,0.0193,0.9939,-0.1086,0,-0.0258,-0.1081,-0.9938,0,0.0177,185.2278,20.0026,1]},
{"frame":83,"values":[0.9994,-0.0229,-0.0241,0,0.0199,0.9926,-0.12,0,-0.0267,-0.1194,-0.9925,0,0.4104,184.8691,20.347,1]},
{"frame":84,"values":[0.9994,-0.0239,-0.0237,0,0.0205,0.991,-0.1322,0,-0.0266,-0.1316,-0.9909,0,0.7948,184.1043,20.6757,1]},
{"frame":85,"values":[0.9994,-0.0246,-0.0232,0,0.021,0.9894,-0.1437,0,-0.0265,-0.1432,-0.9893,0,1.1394,183.1826,20.9222,1]},
{"frame":86,"values":[0.9994,-0.0258,-0.0229,0,0.0219,0.9877,-0.1548,0,-0.0266,-0.1542,-0.9877,0,1.4182,182.3199,21.1069,1]},
{"frame":87,"values":[0.9994,-0.027,-0.0221,0,0.0229,0.9854,-0.1686,0,-0.0264,-0.1679,-0.9854,0,1.6102,181.597,21.2788,1]},
{"frame":88,"values":[0.9994,-0.0279,-0.0202,0,0.0236,0.9821,-0.1866,0,-0.025,-0.186,-0.9822,0,1.7293,181.008,21.4315,1]},
{"frame":89,"values":[0.9994,-0.0282,-0.0186,0,0.0237,0.9783,-0.206,0,-0.024,-0.2054,-0.9784,0,1.8181,180.5345,21.5343,1]},
{"frame":90,"values":[0.9994,-0.028,-0.0194,0,0.023,0.9743,-0.2242,0,-0.0251,-0.2236,-0.9744,0,1.8866,180.158,21.5847,1]},
{"frame":91,"values":[0.9994,-0.0281,-0.0223,0,0.0219,0.9703,-0.2409,0,-0.0284,-0.2403,-0.9703,0,1.9088,179.827,21.5547,1]},
{"frame":92,"values":[0.9993,-0.0289,-0.0252,0,0.0215,0.9668,-0.2547,0,-0.0317,-0.2539,-0.9667,0,1.8857,179.496,21.3479,1]},
{"frame":93,"values":[0.9992,-0.0302,-0.027,0,0.0221,0.9646,-0.2628,0,-0.034,-0.262,-0.9645,0,1.8447,179.2478,20.8987,1]},
{"frame":94,"values":[0.9991,-0.0315,-0.0284,0,0.0229,0.9644,-0.2636,0,-0.0357,-0.2627,-0.9642,0,1.792,179.2905,20.2996,1]},
{"frame":95,"values":[0.999,-0.0321,-0.0299,0,0.0233,0.9654,-0.2598,0,-0.0372,-0.2589,-0.9652,0,1.7111,179.7557,19.6751,1]},
{"frame":96,"values":[0.999,-0.0326,-0.0308,0,0.0237,0.9668,-0.2544,0,-0.0381,-0.2535,-0.9666,0,1.6019,180.6107,19.0218,1]},
{"frame":97,"values":[0.999,-0.0332,-0.0311,0,0.0245,0.9685,-0.2478,0,-0.0383,-0.2468,-0.9683,0,1.464,181.7527,18.2475,1]},
{"frame":98,"values":[0.999,-0.0333,-0.0305,0,0.0251,0.971,-0.2378,0,-0.0375,-0.2368,-0.9708,0,1.2895,183.0967,17.2924,1]},
{"frame":99,"values":[0.999,-0.0328,-0.0291,0,0.0255,0.9743,-0.2237,0,-0.0357,-0.2227,-0.9742,0,1.1145,184.594,16.1683,1]},
{"frame":100,"values":[0.9991,-0.032,-0.0274,0,0.0257,0.9783,-0.2055,0,-0.0334,-0.2046,-0.9783,0,0.9818,186.1727,14.9107,1]},
{"frame":101,"values":[0.9992,-0.0308,-0.0255,0,0.0256,0.9825,-0.1846,0,-0.0308,-0.1838,-0.9825,0,0.8482,187.6343,13.4898,1]},
{"frame":102,"values":[0.9993,-0.028,-0.0229,0,0.0239,0.9865,-0.1623,0,-0.0271,-0.1616,-0.9865,0,0.612,188.7938,11.8456,1]},
{"frame":103,"values":[0.9995,-0.0244,-0.0206,0,0.0213,0.9898,-0.1405,0,-0.0238,-0.14,-0.9899,0,0.3256,189.7469,10.1003,1]},
{"frame":104,"values":[0.9996,-0.0216,-0.0208,0,0.0189,0.9924,-0.1215,0,-0.0233,-0.121,-0.9924,0,0.1161,190.7236,8.4796,1]},
{"frame":105,"values":[0.9995,-0.0201,-0.0231,0,0.0176,0.9943,-0.1056,0,-0.025,-0.1052,-0.9941,0,-0.0526,191.7129,6.9812,1]},
{"frame":106,"values":[0.9994,-0.0206,-0.0265,0,0.0181,0.9955,-0.0932,0,-0.0283,-0.0926,-0.9953,0,-0.2466,192.644,5.4835,1]},
{"frame":107,"values":[0.9993,-0.0227,-0.0311,0,0.02,0.9963,-0.0833,0,-0.0329,-0.0826,-0.996,0,-0.4571,193.549,3.9704,1]},
{"frame":108,"values":[0.999,-0.0246,-0.0377,0,0.0217,0.9968,-0.0764,0,-0.0394,-0.0755,-0.9964,0,-0.6527,194.4463,2.4924,1]},
{"frame":109,"values":[0.9987,-0.0247,-0.0454,0,0.0214,0.9971,-0.0727,0,-0.0471,-0.0716,-0.9963,0,-0.8244,195.2992,1.0539,1]},
{"frame":110,"values":[0.9984,-0.0222,-0.0514,0,0.0185,0.9973,-0.0707,0,-0.0528,-0.0696,-0.9962,0,-0.9765,196.0784,-0.3801,1]},
{"frame":111,"values":[0.9983,-0.0172,-0.0552,0,0.0135,0.9976,-0.0679,0,-0.0562,-0.0671,-0.9962,0,-1.0537,196.7585,-1.7837,1]},
{"frame":112,"values":[0.9979,-0.007,-0.0645,0,0.0028,0.9979,-0.064,0,-0.0648,-0.0637,-0.9959,0,-0.976,197.2517,-3.1006,1]},
{"frame":113,"values":[0.9968,0.0074,-0.0795,0,-0.0123,0.9981,-0.0605,0,-0.0789,-0.0613,-0.995,0,-0.8042,197.4751,-4.3044,1]},
{"frame":114,"values":[0.9967,0.0162,-0.0794,0,-0.0207,0.9982,-0.0564,0,-0.0783,-0.0579,-0.9952,0,-0.8952,197.4075,-5.371,1]},
{"frame":115,"values":[0.9985,0.0148,-0.053,0,-0.0174,0.9986,-0.0498,0,-0.0521,-0.0507,-0.9974,0,-1.3481,197.2267,-6.2754,1]},
{"frame":116,"values":[0.9996,0.0102,-0.0272,0,-0.0114,0.999,-0.0432,0,-0.0267,-0.0435,-0.9987,0,-1.7968,197.1251,-7.0546,1]},
{"frame":117,"values":[0.9995,0.0086,-0.031,0,-0.0098,0.9991,-0.0412,0,-0.0306,-0.0414,-0.9987,0,-2.0994,197.2936,-7.802,1]},
{"frame":118,"values":[0.9988,0.0075,-0.0493,0,-0.0096,0.9991,-0.0418,0,-0.0489,-0.0422,-0.9979,0,-2.3927,197.81,-8.6013,1]},
{"frame":119,"values":[0.9987,0.0057,-0.0497,0,-0.0078,0.9991,-0.0411,0,-0.0494,-0.0414,-0.9979,0,-2.6091,198.4858,-9.3329,1]},
{"frame":120,"values":[0.9994,0.0053,-0.0332,0,-0.0066,0.9992,-0.0392,0,-0.0329,-0.0394,-0.9987,0,-2.5823,199.0343,-9.7876,1]},
{"frame":121,"values":[0.9998,0.0052,-0.0215,0,-0.006,0.9993,-0.0381,0,-0.0213,-0.0382,-0.999,0,-2.3857,199.3086,-9.9024,1]},
{"frame":122,"values":[0.9998,0.0048,-0.0184,0,-0.0055,0.9992,-0.0386,0,-0.0182,-0.0387,-0.9991,0,-2.207,199.458,-9.7549,1]},
{"frame":123,"values":[0.9999,0.0049,-0.0137,0,-0.0054,0.9992,-0.0404,0,-0.0135,-0.0405,-0.9991,0,-2.041,199.5643,-9.4179,1]},
{"frame":124,"values":[1,0.0048,-0.0067,0,-0.0051,0.9991,-0.0416,0,-0.0065,-0.0416,-0.9991,0,-1.8115,199.5751,-8.9355,1]},
{"frame":125,"values":[1,0.0029,-0.0036,0,-0.0031,0.9992,-0.0402,0,-0.0035,-0.0402,-0.9992,0,-1.5488,199.4803,-8.3539,1]},
{"frame":126,"values":[1,-0.0013,-0.0055,0,0.0011,0.9993,-0.0366,0,-0.0056,-0.0366,-0.9993,0,-1.3198,199.3417,-7.6986,1]},
{"frame":127,"values":[0.9999,-0.0059,-0.0089,0,0.0056,0.9994,-0.0328,0,-0.0091,-0.0327,-0.9994,0,-1.1422,199.265,-7.0157,1]},
{"frame":128,"values":[0.9999,-0.0095,-0.0133,0,0.0091,0.9995,-0.0292,0,-0.0135,-0.0291,-0.9995,0,-0.9375,199.2068,-6.3463,1]},
{"frame":129,"values":[0.9997,-0.0122,-0.0196,0,0.0117,0.9996,-0.0255,0,-0.0199,-0.0253,-0.9995,0,-0.6157,199.0825,-5.671,1]},
{"frame":130,"values":[0.9995,-0.0136,-0.0271,0,0.013,0.9997,-0.0218,0,-0.0274,-0.0215,-0.9994,0,-0.2053,198.8921,-4.9663,1]},
{"frame":131,"values":[0.9994,-0.0126,-0.0337,0,0.0119,0.9997,-0.0197,0,-0.0339,-0.0193,-0.9992,0,0.1783,198.7563,-4.2812,1]},
{"frame":132,"values":[0.9993,-0.0099,-0.0374,0,0.0091,0.9997,-0.0211,0,-0.0376,-0.0207,-0.9991,0,0.4801,198.7847,-3.6885,1]},
{"frame":133,"values":[0.9993,-0.0082,-0.0363,0,0.0073,0.9997,-0.0253,0,-0.0365,-0.025,-0.999,0,0.7179,198.9611,-3.2029,1]},
{"frame":134,"values":[0.9995,-0.0079,-0.03,0,0.007,0.9995,-0.0303,0,-0.0302,-0.03,-0.9991,0,0.8912,199.1847,-2.8109,1]},
{"frame":135,"values":[0.9997,-0.0073,-0.0219,0,0.0066,0.9994,-0.0344,0,-0.0221,-0.0343,-0.9992,0,0.9644,199.3574,-2.4669,1]},
{"frame":136,"values":[0.9999,-0.0066,-0.0146,0,0.006,0.9993,-0.0371,0,-0.0148,-0.037,-0.9992,0,0.9239,199.4285,-2.0911,1]},
{"frame":137,"values":[0.9999,-0.0065,-0.0081,0,0.0062,0.9993,-0.0382,0,-0.0084,-0.0381,-0.9992,0,0.8074,199.4229,-1.657,1]},
{"frame":138,"values":[1,-0.0071,-0.0022,0,0.007,0.9992,-0.0389,0,-0.0025,-0.0389,-0.9992,0,0.6533,199.4331,-1.2338,1]},
{"frame":139,"values":[1,-0.0074,0.0024,0,0.0075,0.9991,-0.0409,0,0.0021,-0.0409,-0.9992,0,0.4626,199.5209,-0.9028,1]},
{"frame":140,"values":[1,-0.0071,0.0053,0,0.0073,0.999,-0.0441,0,0.005,-0.0441,-0.999,0,0.2524,199.6435,-0.6737,1]},
{"frame":141,"values":[1,-0.007,0.0071,0,0.0073,0.9989,-0.0469,0,0.0068,-0.0469,-0.9989,0,0.0792,199.7268,-0.5018,1]}],"loopBehavior":1,"name":"anim","property":"_matrix"}},
{"name":"mixamorig:Spine","index":1,"matrix":[1,0.0068,0.0061,0,-0.0067,0.9997,-0.0217,0,-0.0062,0.0217,0.9997,0,0.0062,19.525,-2.4818,1],"rest":[1,0,0,0,0,1,0,0,0,0,1,0,0.0062,19.525,-2.4818,1],"parentBoneIndex":0,"length":23.0091
,"animation":{"dataType":3,"framePerSecond":24,"keys":[
{"frame":1,"values":[1,0.0068,0.0061,0,-0.0067,0.9997,-0.0217,0,-0.0062,0.0217,0.9997,0,0.0062,19.525,-2.4818,1]},
{"frame":2,"values":[0.9999,0.0099,0.0054,0,-0.0098,0.9998,-0.0174,0,-0.0056,0.0174,0.9998,0,0.0062,19.525,-2.4818,1]},
{"frame":3,"values":[0.9999,0.0158,0.0053,0,-0.0158,0.9998,-0.0134,0,-0.0055,0.0133,0.9999,0,0.0062,19.525,-2.4818,1]},
{"frame":4,"values":[0.9997,0.0259,0.0046,0,-0.0258,0.9996,-0.0059,0,-0.0047,0.0058,1,0,0.0062,19.525,-2.4818,1]},
{"frame":5,"values":[0.9992,0.0406,0.0017,0,-0.0406,0.9992,0.0049,0,-0.0015,-0.0049,1,0,0.0062,19.525,-2.4818,1]},
{"frame":6,"values":[0.9982,0.0603,-0.0033,0,-0.0603,0.9981,0.0151,0,0.0042,-0.0149,0.9999,0,0.0062,19.525,-2.4818,1]},
{"frame":7,"values":[0.9965,0.0826,-0.0093,0,-0.0823,0.9963,0.0227,0,0.0111,-0.0219,0.9997,0,0.0062,19.525,-2.4818,1]},
{"frame":8,"values":[0.9946,0.1026,-0.0159,0,-0.1021,0.9944,0.0286,0,0.0187,-0.0268,0.9995,0,0.0062,19.525,-2.4818,1]},
{"frame":9,"values":[0.9927,0.1181,-0.024,0,-0.1173,0.9925,0.0343,0,0.0279,-0.0312,0.9991,0,0.0062,19.525,-2.4818,1]},
{"frame":10,"values":[0.991,0.1301,-0.0328,0,-0.1288,0.9909,0.0396,0,0.0377,-0.035,0.9987,0,0.0062,19.525,-2.4818,1]},
{"frame":11,"values":[0.9894,0.1398,-0.0396,0,-0.1381,0.9895,0.0433,0,0.0452,-0.0373,0.9983,0,0.0062,19.525,-2.4818,1]},
{"frame":12,"values":[0.988,0.1476,-0.0446,0,-0.1456,0.9883,0.0451,0,0.0507,-0.0381,0.998,0,0.0062,19.525,-2.4818,1]},
{"frame":13,"values":[0.987,0.153,-0.0502,0,-0.1507,0.9875,0.0473,0,0.0568,-0.0392,0.9976,0,0.0062,19.525,-2.4818,1]},
{"frame":14,"values":[0.9862,0.1559,-0.0551,0,-0.1531,0.9869,0.0512,0,0.0623,-0.0421,0.9972,0,0.0062,19.525,-2.4818,1]},
{"frame":15,"values":[0.9859,0.1577,-0.0562,0,-0.1545,0.9864,0.0559,0,0.0643,-0.0464,0.9969,0,0.0062,19.525,-2.4818,1]},
{"frame":16,"values":[0.9859,0.1589,-0.0529,0,-0.1556,0.986,0.0601,0,0.0617,-0.051,0.9968,0,0.0062,19.525,-2.4818,1]},
{"frame":17,"values":[0.9863,0.1583,-0.0472,0,-0.1552,0.9858,0.0635,0,0.0566,-0.0553,0.9969,0,0.0062,19.525,-2.4818,1]},
{"frame":18,"values":[0.9871,0.1551,-0.0407,0,-0.1522,0.9861,0.0662,0,0.0504,-0.0591,0.997,0,0.0062,19.525,-2.4818,1]},
{"frame":19,"values":[0.9882,0.1491,-0.034,0,-0.1465,0.9869,0.0673,0,0.0436,-0.0615,0.9972,0,0.0062,19.525,-2.4818,1]},
{"frame":20,"values":[0.9898,0.14,-0.0272,0,-0.138,0.9882,0.0669,0,0.0362,-0.0624,0.9974,0,0.0062,19.525,-2.4818,1]},
{"frame":21,"values":[0.9917,0.1274,-0.0197,0,-0.1259,0.9899,0.0652,0,0.0278,-0.0622,0.9977,0,0.0062,19.525,-2.4818,1]},
{"frame":22,"values":[0.9937,0.1115,-0.0117,0,-0.1106,0.9918,0.0633,0,0.0187,-0.0616,0.9979,0,0.0062,19.525,-2.4818,1]},
{"frame":23,"values":[0.9957,0.0929,-0.0033,0,-0.0925,0.9938,0.062,0,0.0091,-0.0614,0.9981,0,0.0062,19.525,-2.4818,1]},
{"frame":24,"values":[0.9974,0.072,0.0057,0,-0.0722,0.9955,0.0606,0,-0.0013,-0.0608,0.9981,0,0.0062,19.525,-2.4818,1]},
{"frame":25,"values":[0.9987,0.0495,0.0145,0,-0.0502,0.997,0.0584,0,-0.0116,-0.059,0.9982,0,0.0062,19.525,-2.4818,1]},
{"frame":26,"values":[0.9994,0.0263,0.0224,0,-0.0275,0.998,0.0561,0,-0.0209,-0.0566,0.9982,0,0.0062,19.525,-2.4818,1]},
{"frame":27,"values":[0.9996,0.0047,0.0295,0,-0.0063,0.9985,0.0548,0,-0.0292,-0.055,0.9981,0,0.0062,19.525,-2.4818,1]},
{"frame":28,"values":[0.9993,-0.0142,0.0351,0,0.0123,0.9985,0.0542,0,-0.0359,-0.0537,0.9979,0,0.0062,19.525,-2.4818,1]},
{"frame":29,"values":[0.9988,-0.0292,0.0385,0,0.0271,0.9983,0.0525,0,-0.0399,-0.0514,0.9979,0,0.0062,19.525,-2.4818,1]},
{"frame":30,"values":[0.9984,-0.0405,0.0394,0,0.0385,0.9981,0.0489,0,-0.0413,-0.0473,0.998,0,0.0062,19.525,-2.4818,1]},
{"frame":31,"values":[0.998,-0.0506,0.039,0,0.0488,0.9978,0.0447,0,-0.0411,-0.0427,0.9982,0,0.0062,19.525,-2.4818,1]},
{"frame":32,"values":[0.9976,-0.0578,0.0391,0,0.0562,0.9976,0.0408,0,-0.0414,-0.0385,0.9984,0,0.0062,19.525,-2.4818,1]},
{"frame":33,"values":[0.9972,-0.0619,0.0413,0,0.0603,0.9975,0.0374,0,-0.0435,-0.0348,0.9984,0,0.0062,19.525,-2.4818,1]},
{"frame":34,"values":[0.9969,-0.0645,0.044,0,0.0629,0.9974,0.0357,0,-0.0462,-0.0329,0.9984,0,0.0062,19.525,-2.4818,1]},
{"frame":35,"values":[0.9968,-0.0666,0.0443,0,0.0651,0.9972,0.0361,0,-0.0466,-0.0331,0.9984,0,0.0062,19.525,-2.4818,1]},
{"frame":36,"values":[0.9968,-0.0676,0.0419,0,0.066,0.9971,0.0371,0,-0.0443,-0.0342,0.9984,0,0.0062,19.525,-2.4818,1]},
{"frame":37,"values":[0.9971,-0.0666,0.0379,0,0.0652,0.9972,0.0379,0,-0.0403,-0.0353,0.9986,0,0.0062,19.525,-2.4818,1]},
{"frame":38,"values":[0.9974,-0.0638,0.0328,0,0.0625,0.9973,0.0392,0,-0.0352,-0.037,0.9987,0,0.0062,19.525,-2.4818,1]},
{"frame":39,"values":[0.9979,-0.0595,0.027,0,0.0584,0.9974,0.0413,0,-0.0294,-0.0396,0.9988,0,0.0062,19.525,-2.4818,1]},
{"frame":40,"values":[0.9984,-0.0537,0.0198,0,0.0528,0.9976,0.044,0,-0.0221,-0.0429,0.9988,0,0.0062,19.525,-2.4818,1]},
{"frame":41,"values":[0.9989,-0.0464,0.0113,0,0.0458,0.9978,0.0476,0,-0.0135,-0.047,0.9988,0,0.0062,19.525,-2.4818,1]},
{"frame":42,"values":[0.9993,-0.0373,0.0025,0,0.0371,0.9979,0.0529,0,-0.0044,-0.0528,0.9986,0,0.0062,19.525,-2.4818,1]},
{"frame":43,"values":[0.9996,-0.0273,-0.0058,0,0.0276,0.9978,0.0602,0,0.0041,-0.0603,0.9982,0,0.0062,19.525,-2.4818,1]},
{"frame":44,"values":[0.9998,-0.0168,-0.0132,0,0.0177,0.9975,0.0684,0,0.012,-0.0686,0.9976,0,0.0062,19.525,-2.4818,1]},
{"frame":45,"values":[0.9998,-0.0077,-0.0193,0,0.0091,0.9971,0.0759,0,0.0187,-0.076,0.9969,0,0.0062,19.525,-2.4818,1]},
{"frame":46,"values":[0.9998,-0.002,-0.0222,0,0.0038,0.9967,0.0815,0,0.0219,-0.0815,0.9964,0,0.0062,19.525,-2.4818,1]},
{"frame":47,"values":[0.9998,0.0016,-0.0213,0,0.0002,0.9963,0.0861,0,0.0213,-0.0861,0.9961,0,0.0062,19.525,-2.4818,1]},
{"frame":48,"values":[0.9998,0.0057,-0.0183,0,-0.0041,0.9961,0.0887,0,0.0187,-0.0886,0.9959,0,0.0062,19.525,-2.4818,1]},
{"frame":49,"values":[0.9998,0.0103,-0.0154,0,-0.0089,0.9962,0.0861,0,0.0162,-0.0859,0.9962,0,0.0062,19.525,-2.4818,1]},
{"frame":50,"values":[0.9998,0.0138,-0.0122,0,-0.0128,0.9969,0.0775,0,0.0133,-0.0773,0.9969,0,0.0062,19.525,-2.4818,1]},
{"frame":51,"values":[0.9998,0.0164,-0.0084,0,-0.0158,0.9976,0.0669,0,0.0095,-0.0667,0.9977,0,0.0062,19.525,-2.4818,1]},
{"frame":52,"values":[0.9998,0.0185,-0.0051,0,-0.0182,0.9982,0.0567,0,0.0062,-0.0566,0.9984,0,0.0062,19.525,-2.4818,1]},
{"frame":53,"values":[0.9998,0.0204,-0.0035,0,-0.0202,0.9987,0.046,0,0.0044,-0.0459,0.9989,0,0.0062,19.525,-2.4818,1]},
{"frame":54,"values":[0.9998,0.0208,-0.0034,0,-0.0206,0.9992,0.035,0,0.0041,-0.0349,0.9994,0,0.0062,19.525,-2.4818,1]},
{"frame":55,"values":[0.9998,0.0186,-0.0036,0,-0.0185,0.9995,0.026,0,0.0041,-0.0259,0.9997,0,0.0062,19.525,-2.4818,1]},
{"frame":56,"values":[0.9999,0.0161,-0.0034,0,-0.016,0.9997,0.0201,0,0.0037,-0.0201,0.9998,0,0.0062,19.525,-2.4818,1]},
{"frame":57,"values":[0.9999,0.0141,-0.003,0,-0.0141,0.9998,0.0166,0,0.0033,-0.0166,0.9999,0,0.0062,19.525,-2.4818,1]},
{"frame":58,"values":[0.9999,0.0134,-0.0026,0,-0.0133,0.9998,0.0153,0,0.0028,-0.0153,0.9999,0,0.0062,19.525,-2.4818,1]},
{"frame":59,"values":[0.9999,0.0137,-0.002,0,-0.0136,0.9998,0.0165,0,0.0022,-0.0165,0.9999,0,0.0062,19.525,-2.4818,1]},
{"frame":60,"values":[0.9999,0.0146,-0.0014,0,-0.0146,0.9997,0.0217,0,0.0017,-0.0217,0.9998,0,0.0062,19.525,-2.4818,1]},
{"frame":61,"values":[0.9999,0.0155,-0.0009,0,-0.0154,0.9994,0.0305,0,0.0013,-0.0305,0.9995,0,0.0062,19.525,-2.4818,1]},
{"frame":62,"values":[0.9999,0.0157,-0.0003,0,-0.0157,0.999,0.0413,0,0.001,-0.0413,0.9991,0,0.0062,19.525,-2.4818,1]},
{"frame":63,"values":[0.9999,0.0157,0.0001,0,-0.0157,0.9984,0.0535,0,0.0007,-0.0535,0.9986,0,0.0062,19.525,-2.4818,1]},
{"frame":64,"values":[0.9999,0.0156,0.0004,0,-0.0156,0.9976,0.068,0,0.0007,-0.068,0.9977,0,0.0062,19.525,-2.4818,1]},
{"frame":65,"values":[0.9999,0.0158,0.0007,0,-0.0158,0.9963,0.0849,0,0.0007,-0.0849,0.9964,0,0.0062,19.525,-2.4818,1]},
{"frame":66,"values":[0.9999,0.0162,0.0011,0,-0.0163,0.9943,0.1056,0,0.0006,-0.1056,0.9944,0,0.0062,19.525,-2.4818,1]},
{"frame":67,"values":[0.9999,0.0158,0.0015,0,-0.0158,0.9911,0.1319,0,0.0006,-0.1319,0.9913,0,0.0062,19.525,-2.4818,1]},
{"frame":68,"values":[0.9999,0.0142,0.0012,0,-0.0142,0.9865,0.1633,0,0.0012,-0.1633,0.9866,0,0.0062,19.525,-2.4818,1]},
{"frame":69,"values":[0.9999,0.0127,-0.001,0,-0.0123,0.9806,0.1954,0,0.0035,-0.1954,0.9807,0,0.0062,19.525,-2.4818,1]},
{"frame":70,"values":[0.9999,0.0117,-0.0058,0,-0.0101,0.9746,0.2239,0,0.0083,-0.2238,0.9746,0,0.0062,19.525,-2.4818,1]},
{"frame":71,"values":[0.9999,0.0113,-0.0112,0,-0.0082,0.9688,0.2476,0,0.0136,-0.2475,0.9688,0,0.0062,19.525,-2.4818,1]},
{"frame":72,"values":[0.9998,0.0116,-0.014,0,-0.0074,0.963,0.2695,0,0.0166,-0.2694,0.9629,0,0.0062,19.525,-2.4818,1]},
{"frame":73,"values":[0.9998,0.0121,-0.0143,0,-0.0074,0.956,0.2933,0,0.0172,-0.2931,0.9559,0,0.0062,19.525,-2.4818,1]},
{"frame":74,"values":[0.9998,0.0124,-0.0138,0,-0.0074,0.9495,0.3136,0,0.017,-0.3134,0.9495,0,0.0062,19.525,-2.4818,1]},
{"frame":75,"values":[0.9998,0.013,-0.0137,0,-0.0079,0.947,0.321,0,0.0172,-0.3208,0.947,0,0.0062,19.525,-2.4818,1]},
{"frame":76,"values":[0.9998,0.0145,-0.0134,0,-0.0095,0.949,0.315,0,0.0173,-0.3148,0.949,0,0.0062,19.525,-2.4818,1]},
{"frame":77,"values":[0.9998,0.0158,-0.0127,0,-0.0111,0.9521,0.3054,0,0.0169,-0.3052,0.9521,0,0.0062,19.525,-2.4818,1]},
{"frame":78,"values":[0.9998,0.0168,-0.0115,0,-0.0126,0.955,0.2963,0,0.0159,-0.2961,0.955,0,0.0062,19.525,-2.4818,1]},
{"frame":79,"values":[0.9998,0.018,-0.0098,0,-0.0145,0.9578,0.287,0,0.0145,-0.2868,0.9579,0,0.0062,19.525,-2.4818,1]},
{"frame":80,"values":[0.9998,0.018,-0.0087,0,-0.0149,0.9603,0.2787,0,0.0134,-0.2785,0.9603,0,0.0062,19.525,-2.4818,1]},
{"frame":81,"values":[0.9998,0.0161,-0.0093,0,-0.0129,0.9617,0.2738,0,0.0133,-0.2736,0.9617,0,0.0062,19.525,-2.4818,1]},
{"frame":82,"values":[0.9998,0.0141,-0.0104,0,-0.0107,0.9618,0.2736,0,0.0138,-0.2734,0.9618,0,0.0062,19.525,-2.4818,1]},
{"frame":83,"values":[0.9998,0.0134,-0.0114,0,-0.0097,0.9608,0.2771,0,0.0146,-0.277,0.9608,0,0.0062,19.525,-2.4818,1]},
{"frame":84,"values":[0.9998,0.0128,-0.0127,0,-0.0087,0.959,0.2833,0,0.0159,-0.2832,0.9589,0,0.0062,19.525,-2.4818,1]},
{"frame":85,"values":[0.9998,0.0118,-0.0142,0,-0.0072,0.9565,0.2916,0,0.017,-0.2914,0.9564,0,0.0062,19.525,-2.4818,1]},
{"frame":86,"values":[0.9998,0.011,-0.015,0,-0.006,0.9537,0.3008,0,0.0176,-0.3007,0.9536,0,0.0062,19.525,-2.4818,1]},
{"frame":87,"values":[0.9998,0.0107,-0.0158,0,-0.0054,0.9516,0.3074,0,0.0184,-0.3072,0.9515,0,0.0062,19.525,-2.4818,1]},
{"frame":88,"values":[0.9998,0.0112,-0.017,0,-0.0054,0.9513,0.3083,0,0.0196,-0.3082,0.9511,0,0.0062,19.525,-2.4818,1]},
{"frame":89,"values":[0.9998,0.0121,-0.0177,0,-0.0061,0.9521,0.3058,0,0.0205,-0.3057,0.9519,0,0.0062,19.525,-2.4818,1]},
{"frame":90,"values":[0.9998,0.0123,-0.0174,0,-0.0064,0.953,0.3028,0,0.0203,-0.3026,0.9529,0,0.0062,19.525,-2.4818,1]},
{"frame":91,"values":[0.9998,0.0115,-0.0165,0,-0.006,0.9538,0.3003,0,0.0192,-0.3002,0.9537,0,0.0062,19.525,-2.4818,1]},
{"frame":92,"values":[0.9998,0.0108,-0.015,0,-0.0058,0.9543,0.2988,0,0.0175,-0.2987,0.9542,0,0.0062,19.525,-2.4818,1]},
{"frame":93,"values":[0.9999,0.0109,-0.0133,0,-0.0064,0.9544,0.2986,0,0.016,-0.2985,0.9543,0,0.0062,19.525,-2.4818,1]},
{"frame":94,"values":[0.9999,0.0113,-0.0127,0,-0.007,0.9542,0.2992,0,0.0155,-0.2991,0.9541,0,0.0062,19.525,-2.4818,1]},
{"frame":95,"values":[0.9998,0.0117,-0.0131,0,-0.0073,0.9545,0.2982,0,0.016,-0.2981,0.9544,0,0.0062,19.525,-2.4818,1]},
{"frame":96,"values":[0.9998,0.012,-0.0134,0,-0.0076,0.9558,0.2938,0,0.0163,-0.2937,0.9558,0,0.0062,19.525,-2.4818,1]},
{"frame":97,"values":[0.9998,0.0122,-0.0133,0,-0.0079,0.9579,0.2869,0,0.0162,-0.2868,0.9579,0,0.0062,19.525,-2.4818,1]},
{"frame":98,"values":[0.9998,0.0121,-0.0133,0,-0.0079,0.9603,0.2787,0,0.0162,-0.2786,0.9603,0,0.0062,19.525,-2.4818,1]},
{"frame":99,"values":[0.9998,0.0121,-0.0134,0,-0.0081,0.9628,0.2702,0,0.0161,-0.2701,0.9627,0,0.0062,19.525,-2.4818,1]},
{"frame":100,"values":[0.9998,0.013,-0.0133,0,-0.0091,0.9653,0.2611,0,0.0162,-0.2609,0.9652,0,0.0062,19.525,-2.4818,1]},
{"frame":101,"values":[0.9998,0.0141,-0.0135,0,-0.0103,0.968,0.2506,0,0.0166,-0.2504,0.968,0,0.0062,19.525,-2.4818,1]},
{"frame":102,"values":[0.9998,0.0141,-0.0133,0,-0.0106,0.9713,0.2377,0,0.0163,-0.2375,0.9713,0,0.0062,19.525,-2.4818,1]},
{"frame":103,"values":[0.9998,0.0134,-0.0124,0,-0.0103,0.9747,0.2231,0,0.0151,-0.223,0.9747,0,0.0062,19.525,-2.4818,1]},
{"frame":104,"values":[0.9998,0.0132,-0.0112,0,-0.0106,0.978,0.2085,0,0.0138,-0.2083,0.978,0,0.0062,19.525,-2.4818,1]},
{"frame":105,"values":[0.9999,0.0133,-0.0095,0,-0.0112,0.9809,0.1941,0,0.0119,-0.1939,0.9809,0,0.0062,19.525,-2.4818,1]},
{"frame":106,"values":[0.9999,0.0131,-0.0065,0,-0.0117,0.9837,0.1797,0,0.0088,-0.1796,0.9837,0,0.0062,19.525,-2.4818,1]},
{"frame":107,"values":[0.9999,0.0125,-0.0029,0,-0.0118,0.9861,0.1656,0,0.005,-0.1655,0.9862,0,0.0062,19.525,-2.4818,1]},
{"frame":108,"values":[0.9999,0.0121,0.0003,0,-0.0121,0.9885,0.1508,0,0.0015,-0.1508,0.9886,0,0.0062,19.525,-2.4818,1]},
{"frame":109,"values":[0.9999,0.012,0.0021,0,-0.0122,0.9908,0.1344,0,-0.0004,-0.1344,0.9909,0,0.0062,19.525,-2.4818,1]},
{"frame":110,"values":[0.9999,0.0123,0.0018,0,-0.0124,0.9929,0.1187,0,-0.0003,-0.1187,0.9929,0,0.0062,19.525,-2.4818,1]},
{"frame":111,"values":[0.9999,0.0153,0.0027,0,-0.0155,0.9942,0.1065,0,-0.0011,-0.1065,0.9943,0,0.0062,19.525,-2.4818,1]},
{"frame":112,"values":[0.9997,0.022,0.0057,0,-0.0225,0.995,0.0974,0,-0.0035,-0.0975,0.9952,0,0.0062,19.525,-2.4818,1]},
{"frame":113,"values":[0.9996,0.0279,0.0016,0,-0.0279,0.9957,0.0887,0,0.0009,-0.0887,0.9961,0,0.0062,19.525,-2.4818,1]},
{"frame":114,"values":[0.9995,0.0286,-0.0126,0,-0.0275,0.9964,0.08,0,0.0148,-0.0797,0.9967,0,0.0062,19.525,-2.4818,1]},
{"frame":115,"values":[0.9995,0.0268,-0.0151,0,-0.0256,0.9969,0.0738,0,0.0171,-0.0733,0.9972,0,0.0062,19.525,-2.4818,1]},
{"frame":116,"values":[0.9996,0.0267,0.0068,0,-0.0271,0.9972,0.0692,0,-0.0049,-0.0693,0.9976,0,0.0062,19.525,-2.4818,1]},
{"frame":117,"values":[0.9993,0.0274,0.0243,0,-0.0289,0.9977,0.062,0,-0.0226,-0.0627,0.9978,0,0.0062,19.525,-2.4818,1]},
{"frame":118,"values":[0.9995,0.0262,0.0153,0,-0.027,0.9982,0.0532,0,-0.0139,-0.0536,0.9985,0,0.0062,19.525,-2.4818,1]},
{"frame":119,"values":[0.9997,0.0238,0.0021,0,-0.0239,0.9986,0.0468,0,-0.001,-0.0468,0.9989,0,0.0062,19.525,-2.4818,1]},
{"frame":120,"values":[0.9997,0.0224,0.0035,0,-0.0225,0.9988,0.0427,0,-0.0025,-0.0428,0.9991,0,0.0062,19.525,-2.4818,1]},
{"frame":121,"values":[0.9997,0.022,0.0091,0,-0.0223,0.999,0.0388,0,-0.0083,-0.039,0.9992,0,0.0062,19.525,-2.4818,1]},
{"frame":122,"values":[0.9998,0.0199,0.0098,0,-0.0202,0.9992,0.0351,0,-0.0091,-0.0353,0.9993,0,0.0062,19.525,-2.4818,1]},
{"frame":123,"values":[0.9998,0.0157,0.0089,0,-0.016,0.9994,0.0322,0,-0.0084,-0.0324,0.9994,0,0.0062,19.525,-2.4818,1]},
{"frame":124,"values":[0.9999,0.012,0.0084,0,-0.0123,0.9995,0.03,0,-0.008,-0.0301,0.9995,0,0.0062,19.525,-2.4818,1]},
{"frame":125,"values":[0.9999,0.0104,0.008,0,-0.0106,0.9995,0.0281,0,-0.0077,-0.0282,0.9996,0,0.0062,19.525,-2.4818,1]},
{"frame":126,"values":[0.9999,0.0104,0.0082,0,-0.0106,0.9996,0.0264,0,-0.0079,-0.0265,0.9996,0,0.0062,19.525,-2.4818,1]},
{"frame":127,"values":[0.9999,0.0103,0.0086,0,-0.0105,0.9996,0.025,0,-0.0083,-0.0251,0.9997,0,0.0062,19.525,-2.4818,1]},
{"frame":128,"values":[0.9999,0.0105,0.0083,0,-0.0107,0.9997,0.0239,0,-0.008,-0.024,0.9997,0,0.0062,19.525,-2.4818,1]},
{"frame":129,"values":[0.9999,0.0118,0.0076,0,-0.012,0.9997,0.0227,0,-0.0074,-0.0228,0.9997,0,0.0062,19.525,-2.4818,1]},
{"frame":130,"values":[0.9999,0.013,0.0068,0,-0.0131,0.9997,0.0212,0,-0.0065,-0.0213,0.9998,0,0.0062,19.525,-2.4818,1]},
{"frame":131,"values":[0.9999,0.0118,0.005,0,-0.0119,0.9998,0.0187,0,-0.0048,-0.0187,0.9998,0,0.0062,19.525,-2.4818,1]},
{"frame":132,"values":[1,0.0089,0.0023,0,-0.009,0.9999,0.0138,0,-0.0022,-0.0138,0.9999,0,0.0062,19.525,-2.4818,1]},
{"frame":133,"values":[1,0.007,0.0007,0,-0.007,1,0.0067,0,-0.0006,-0.0067,1,0,0.0062,19.525,-2.4818,1]},
{"frame":134,"values":[1,0.0067,0.0009,0,-0.0067,1,-0.0011,0,-0.0009,0.0011,1,0,0.0062,19.525,-2.4818,1]},
{"frame":135,"values":[1,0.0065,0.002,0,-0.0065,0.9999,-0.0079,0,-0.002,0.0078,1,0,0.0062,19.525,-2.4818,1]},
{"frame":136,"values":[1,0.0061,0.0032,0,-0.006,0.9999,-0.0119,0,-0.0032,0.0119,0.9999,0,0.0062,19.525,-2.4818,1]},
{"frame":137,"values":[1,0.0062,0.0044,0,-0.0061,0.9999,-0.0134,0,-0.0045,0.0134,0.9999,0,0.0062,19.525,-2.4818,1]},
{"frame":138,"values":[1,0.0068,0.0053,0,-0.0067,0.9999,-0.0141,0,-0.0054,0.0141,0.9999,0,0.0062,19.525,-2.4818,1]},
{"frame":139,"values":[1,0.007,0.0056,0,-0.007,0.9998,-0.0161,0,-0.0057,0.016,0.9999,0,0.0062,19.525,-2.4818,1]},
{"frame":140,"values":[1,0.0067,0.0058,0,-0.0066,0.9998,-0.0191,0,-0.0059,0.0191,0.9998,0,0.0062,19.525,-2.4818,1]},
{"frame":141,"values":[1,0.0068,0.0061,0,-0.0067,0.9997,-0.0217,0,-0.0062,0.0217,0.9997,0,0.0062,19.525,-2.4818,1]}],"loopBehavior":1,"name":"anim","property":"_matrix"}},
{"name":"mixamorig:Spine1","index":2,"matrix":[0.9998,0.0139,0.012,0,-0.0134,0.999,-0.0435,0,-0.0126,0.0433,0.999,0,-0.0009,22.835,-2.8254,1],"rest":[1,0,0,0,0,1,0,0,0,0,1,0,-0.0009,22.835,-2.8254,1],"parentBoneIndex":1,"length":26.7438
,"animation":{"dataType":3,"framePerSecond":24,"keys":[
{"frame":1,"values":[0.9998,0.0139,0.012,0,-0.0134,0.999,-0.0435,0,-0.0126,0.0433,0.999,0,-0.0009,22.835,-2.8254,1]},
{"frame":2,"values":[0.9998,0.0146,0.0111,0,-0.0142,0.9992,-0.0385,0,-0.0117,0.0384,0.9992,0,-0.0009,22.835,-2.8254,1]},
{"frame":3,"values":[0.9998,0.017,0.0105,0,-0.0167,0.9993,-0.0332,0,-0.0111,0.033,0.9994,0,-0.0009,22.835,-2.8254,1]},
{"frame":4,"values":[0.9997,0.022,0.0094,0,-0.0218,0.9994,-0.0257,0,-0.0099,0.0255,0.9996,0,-0.0009,22.835,-2.8254,1]},
{"frame":5,"values":[0.9996,0.0291,0.0067,0,-0.029,0.9994,-0.017,0,-0.0071,0.0168,0.9998,0,-0.0009,22.835,-2.8254,1]},
{"frame":6,"values":[0.9993,0.0367,0.0023,0,-0.0367,0.9993,-0.0092,0,-0.0026,0.0091,1,0,-0.0009,22.835,-2.8254,1]},
{"frame":7,"values":[0.9991,0.0434,-0.0029,0,-0.0435,0.9991,-0.0029,0,0.0028,0.003,1,0,-0.0009,22.835,-2.8254,1]},
{"frame":8,"values":[0.9988,0.0487,-0.0089,0,-0.0487,0.9988,0.0027,0,0.009,-0.0023,1,0,-0.0009,22.835,-2.8254,1]},
{"frame":9,"values":[0.9985,0.0526,-0.016,0,-0.0525,0.9986,0.008,0,0.0164,-0.0071,0.9998,0,-0.0009,22.835,-2.8254,1]},
{"frame":10,"values":[0.9982,0.0554,-0.0236,0,-0.0551,0.9984,0.0128,0,0.0243,-0.0115,0.9996,0,-0.0009,22.835,-2.8254,1]},
{"frame":11,"values":[0.9979,0.0574,-0.0299,0,-0.0569,0.9982,0.0164,0,0.0308,-0.0147,0.9994,0,-0.0009,22.835,-2.8254,1]},
{"frame":12,"values":[0.9977,0.0586,-0.0347,0,-0.058,0.9981,0.019,0,0.0357,-0.017,0.9992,0,-0.0009,22.835,-2.8254,1]},
{"frame":13,"values":[0.9975,0.0592,-0.0394,0,-0.0584,0.998,0.0221,0,0.0406,-0.0198,0.999,0,-0.0009,22.835,-2.8254,1]},
{"frame":14,"values":[0.9973,0.0596,-0.0435,0,-0.0585,0.9979,0.0261,0,0.045,-0.0235,0.9987,0,-0.0009,22.835,-2.8254,1]},
{"frame":15,"values":[0.9972,0.0599,-0.0452,0,-0.0586,0.9978,0.03,0,0.0469,-0.0272,0.9985,0,-0.0009,22.835,-2.8254,1]},
{"frame":16,"values":[0.9972,0.0602,-0.0437,0,-0.0588,0.9977,0.0328,0,0.0456,-0.0301,0.9985,0,-0.0009,22.835,-2.8254,1]},
{"frame":17,"values":[0.9974,0.06,-0.0406,0,-0.0586,0.9977,0.0347,0,0.0426,-0.0322,0.9986,0,-0.0009,22.835,-2.8254,1]},
{"frame":18,"values":[0.9976,0.0592,-0.0369,0,-0.0579,0.9977,0.036,0,0.0389,-0.0338,0.9987,0,-0.0009,22.835,-2.8254,1]},
{"frame":19,"values":[0.9978,0.0581,-0.0327,0,-0.0569,0.9977,0.0368,0,0.0348,-0.0348,0.9988,0,-0.0009,22.835,-2.8254,1]},
{"frame":20,"values":[0.998,0.056,-0.028,0,-0.0549,0.9978,0.0369,0,0.03,-0.0353,0.9989,0,-0.0009,22.835,-2.8254,1]},
{"frame":21,"values":[0.9984,0.0521,-0.0226,0,-0.0512,0.998,0.0365,0,0.0245,-0.0353,0.9991,0,-0.0009,22.835,-2.8254,1]},
{"frame":22,"values":[0.9988,0.046,-0.0167,0,-0.0453,0.9983,0.036,0,0.0183,-0.0352,0.9992,0,-0.0009,22.835,-2.8254,1]},
{"frame":23,"values":[0.9992,0.0385,-0.0101,0,-0.0382,0.9986,0.0355,0,0.0115,-0.0351,0.9993,0,-0.0009,22.835,-2.8254,1]},
{"frame":24,"values":[0.9995,0.0305,-0.0025,0,-0.0304,0.9989,0.0349,0,0.0035,-0.0348,0.9994,0,-0.0009,22.835,-2.8254,1]},
{"frame":25,"values":[0.9998,0.0216,0.0054,0,-0.0217,0.9992,0.0336,0,-0.0047,-0.0337,0.9994,0,-0.0009,22.835,-2.8254,1]},
{"frame":26,"values":[0.9999,0.0112,0.0128,0,-0.0116,0.9994,0.0322,0,-0.0124,-0.0323,0.9994,0,-0.0009,22.835,-2.8254,1]},
{"frame":27,"values":[0.9998,0.0004,0.0191,0,-0.001,0.9995,0.0314,0,-0.0191,-0.0315,0.9993,0,-0.0009,22.835,-2.8254,1]},
{"frame":28,"values":[0.9997,-0.009,0.0239,0,0.0083,0.9995,0.0313,0,-0.0242,-0.0311,0.9992,0,-0.0009,22.835,-2.8254,1]},
{"frame":29,"values":[0.9995,-0.016,0.0267,0,0.0152,0.9994,0.0304,0,-0.0272,-0.03,0.9992,0,-0.0009,22.835,-2.8254,1]},
{"frame":30,"values":[0.9994,-0.021,0.0278,0,0.0203,0.9994,0.0279,0,-0.0284,-0.0273,0.9992,0,-0.0009,22.835,-2.8254,1]},
{"frame":31,"values":[0.9993,-0.0255,0.0281,0,0.0248,0.9994,0.0249,0,-0.0287,-0.0242,0.9993,0,-0.0009,22.835,-2.8254,1]},
