{"producer":{"name":"Blender","version":"2.90.0","exporter_version":"2.80.1","file":"option_shiftweight.babylon"},
"autoClear":true,"clearColor":[0.0509,0.0509,0.0509],"gravity":[0,-9.81,0],
"materials":[{"name":"Material","id":"Material","customType":"BABYLON.PBRMaterial","backFaceCulling":true,"checkReadyOnlyOnce":false,"maxSimultaneousLights":4,"environmentIntensity":1,"albedo":[0.8,0.8,0.8],"reflectivity":[0.5,0.5,0.5],"roughness":0.4,"alpha":1,"transparencyMode":0,"alphaCutOff":0.4,"metallic":0}],
"multiMaterials":[],
"skeletons":[{"name":"Armature","id":0,"dimensionsAtRest":[379.1952,391.6652,55.677],"bones":[
{"name":"mixamorig:Hips","index":0,"matrix":[0.9865,0.1093,-0.1223,0,-0.1151,0.9925,-0.0411,0,-0.1169,-0.0546,-0.9916,0,1.7976,188.8486,7.391,1],"rest":[1,0,0,0,0,1,0,0,0,0,-1,0,0,201.6394,0,1],"parentBoneIndex":-1,"length":21.6784
,"animation":{"dataType":3,"framePerSecond":24,"keys":[
{"frame":1,"values":[0.9865,0.1093,-0.1223,0,-0.1151,0.9925,-0.0411,0,-0.1169,-0.0546,-0.9916,0,1.7976,188.8486,7.391,1]},
{"frame":2,"values":[0.9875,0.1019,-0.1199,0,-0.1066,0.9938,-0.033,0,-0.1158,-0.0454,-0.9922,0,1.1673,189.1496,7.5654,1]},
{"frame":3,"values":[0.9874,0.0999,-0.1223,0,-0.1039,0.9942,-0.0262,0,-0.119,-0.0386,-0.9921,0,0.3586,189.1302,8.4396,1]},
{"frame":4,"values":[0.9842,0.1041,-0.1433,0,-0.1076,0.9941,-0.0168,0,-0.1407,-0.0319,-0.9895,0,-0.8394,188.5872,10.1161,1]},
{"frame":5,"values":[0.9799,0.1014,-0.172,0,-0.1032,0.9947,-0.0014,0,-0.1709,-0.0191,-0.9851,0,-2.4639,188.3285,12.1251,1]},
{"frame":6,"values":[0.9791,0.0822,-0.1862,0,-0.0837,0.9965,-0.0003,0,-0.1855,-0.0159,-0.9825,0,-4.6517,189.038,13.8602,1]},
{"frame":7,"values":[0.9846,0.0446,-0.1689,0,-0.0476,0.9988,-0.0139,0,-0.168,-0.0217,-0.9855,0,-7.3286,190.6592,14.3664,1]},
{"frame":8,"values":[0.9935,0.0077,-0.1135,0,-0.0102,0.9997,-0.0212,0,-0.1133,-0.0222,-0.9933,0,-10.5115,192.4301,13.9108,1]},
{"frame":9,"values":[0.9995,-0.0179,-0.0247,0,0.0174,0.9996,-0.023,0,-0.0251,-0.0226,-0.9994,0,-13.8582,193.786,12.7544,1]},
{"frame":10,"values":[0.9963,-0.0369,0.0771,0,0.0376,0.9993,-0.0078,0,0.0768,-0.0107,-0.997,0,-17.0723,194.9932,11.3774,1]},
{"frame":11,"values":[0.9827,-0.0595,0.1754,0,0.0552,0.998,0.0293,0,0.1768,0.0191,-0.9841,0,-19.7618,196.0901,10.1194,1]},
{"frame":12,"values":[0.964,-0.059,0.2591,0,0.0502,0.9979,0.0404,0,0.261,0.026,-0.965,0,-22.7819,196.8261,9.067,1]},
{"frame":13,"values":[0.9398,-0.0438,0.3389,0,0.0331,0.9988,0.0374,0,0.3401,0.0239,-0.9401,0,-26.221,197.4651,7.7493,1]},
{"frame":14,"values":[0.9084,-0.0198,0.4176,0,0.004,0.9992,0.0388,0,0.418,0.0336,-0.9078,0,-29.1564,197.8904,6.2079,1]},
{"frame":15,"values":[0.8693,0.0017,0.4944,0,-0.0255,0.9988,0.0415,0,0.4937,0.0487,-0.8683,0,-31.2804,197.9419,4.8802,1]},
{"frame":16,"values":[0.8241,0.0173,0.5662,0,-0.0478,0.9981,0.039,0,0.5645,0.0592,-0.8233,0,-33.5492,197.798,3.8854,1]},
{"frame":17,"values":[0.7837,0.0286,0.6205,0,-0.0648,0.9973,0.0359,0,0.6178,0.0683,-0.7834,0,-35.768,197.1504,3.1297,1]},
{"frame":18,"values":[0.7568,0.0389,0.6525,0,-0.0738,0.9969,0.0261,0,0.6495,0.068,-0.7573,0,-37.5661,196.5016,2.41,1]},
{"frame":19,"values":[0.7457,0.0429,0.6649,0,-0.0772,0.9968,0.0223,0,0.6618,0.0679,-0.7466,0,-39.3514,196.6098,1.6842,1]},
{"frame":20,"values":[0.7435,0.0379,0.6676,0,-0.0739,0.9969,0.0257,0,0.6646,0.0685,-0.744,0,-41.1844,196.8418,0.706,1]},
{"frame":21,"values":[0.7495,0.0281,0.6614,0,-0.0625,0.9976,0.0285,0,0.659,0.0627,-0.7495,0,-41.5586,196.7117,0.0214,1]},
{"frame":22,"values":[0.7656,0.0292,0.6427,0,-0.0583,0.998,0.0241,0,0.6407,0.0559,-0.7657,0,-41.3647,196.8283,-0.7127,1]},
{"frame":23,"values":[0.793,0.0348,0.6083,0,-0.0599,0.998,0.0209,0,0.6063,0.053,-0.7935,0,-40.7083,197.0321,-1.4115,1]},
{"frame":24,"values":[0.8292,0.0409,0.5575,0,-0.0625,0.9979,0.0196,0,0.5555,0.0511,-0.83,0,-39.7461,197.1826,-1.9992,1]},
{"frame":25,"values":[0.8666,0.0377,0.4976,0,-0.0571,0.9981,0.0237,0,0.4957,0.0489,-0.8671,0,-37.8736,196.5739,-2.4382,1]},
{"frame":26,"values":[0.9006,0.0194,0.4342,0,-0.0393,0.9985,0.037,0,0.4329,0.0504,-0.9001,0,-35.6633,196.2575,-2.8436,1]},
{"frame":27,"values":[0.928,0.0008,0.3727,0,-0.0196,0.9987,0.0466,0,0.3722,0.0505,-0.9268,0,-33.5058,196.0961,-3.2664,1]},
{"frame":28,"values":[0.9501,-0.0034,0.3119,0,-0.0116,0.9989,0.0463,0,0.3117,0.0476,-0.949,0,-31.5749,196.2659,-3.2632,1]},
{"frame":29,"values":[0.9687,0.0058,0.2482,0,-0.0164,0.999,0.0406,0,0.2478,0.0434,-0.9678,0,-29.6768,196.6258,-3.0209,1]},
{"frame":30,"values":[0.9835,0.0184,0.1802,0,-0.0257,0.9989,0.0381,0,0.1793,0.0421,-0.9829,0,-27.3019,196.9657,-2.7488,1]},
{"frame":31,"values":[0.9938,0.0231,0.1091,0,-0.0277,0.9988,0.041,0,0.108,0.0438,-0.9932,0,-24.7853,196.9311,-2.1978,1]},
{"frame":32,"values":[0.9991,0.0211,0.038,0,-0.0229,0.9986,0.047,0,0.0369,0.0479,-0.9982,0,-22.4146,196.4796,-1.1761,1]},
{"frame":33,"values":[0.9997,0.0135,-0.0203,0,-0.0124,0.9985,0.0537,0,-0.021,0.0535,-0.9983,0,-19.914,195.8748,0.4137,1]},
{"frame":34,"values":[0.9982,0.0115,-0.0591,0,-0.0077,0.9979,0.0641,0,-0.0597,0.0635,-0.9962,0,-17.3682,195.0677,2.2345,1]},
{"frame":35,"values":[0.996,0.0129,-0.0881,0,-0.0068,0.9976,0.0691,0,-0.0888,0.0682,-0.9937,0,-14.8644,194.0812,4.1564,1]},
{"frame":36,"values":[0.994,0.0129,-0.109,0,-0.0058,0.9978,0.0659,0,-0.1097,0.0648,-0.9919,0,-12.4584,193.3648,5.6277,1]},
{"frame":37,"values":[0.9926,0.0089,-0.121,0,-0.0023,0.9985,0.0548,0,-0.1213,0.0541,-0.9911,0,-10.222,192.9459,6.6672,1]},
{"frame":38,"values":[0.9927,0.0061,-0.1203,0,-0.0008,0.999,0.0448,0,-0.1205,0.0444,-0.9917,0,-7.9565,192.5721,7.5658,1]},
{"frame":39,"values":[0.9941,0.002,-0.1081,0,0.0016,0.9994,0.0334,0,-0.1081,0.0333,-0.9936,0,-5.5322,192.1021,8.3739,1]},
{"frame":40,"values":[0.9958,-0.0009,-0.0911,0,0.0033,0.9996,0.0264,0,-0.0911,0.0266,-0.9955,0,-3.4157,191.583,8.8481,1]},
{"frame":41,"values":[0.9969,0.003,-0.0789,0,-0.0013,0.9998,0.0215,0,-0.0789,0.0213,-0.9967,0,-1.7074,191.1399,9.1343,1]},
{"frame":42,"values":[0.997,0.0116,-0.0761,0,-0.0103,0.9998,0.0175,0,-0.0763,0.0166,-0.9969,0,-0.4733,190.7343,8.9974,1]},
{"frame":43,"values":[0.9964,0.028,-0.0795,0,-0.0273,0.9996,0.0094,0,-0.0798,0.0072,-0.9968,0,0.3287,190.4257,8.5445,1]},
{"frame":44,"values":[0.9942,0.0577,-0.0903,0,-0.0584,0.9983,-0.006,0,-0.0898,-0.0112,-0.9959,0,0.7755,190.0394,8.0223,1]},
{"frame":45,"values":[0.9908,0.0846,-0.1056,0,-0.0876,0.9959,-0.0242,0,-0.1031,-0.0333,-0.9941,0,0.779,189.5284,7.783,1]},
{"frame":46,"values":[0.988,0.101,-0.1172,0,-0.1062,0.9936,-0.0387,0,-0.1126,-0.0506,-0.9924,0,0.8762,189.1163,7.738,1]},
{"frame":47,"values":[0.9863,0.1117,-0.1218,0,-0.1176,0.9922,-0.0424,0,-0.1161,-0.0561,-0.9917,0,1.2414,188.8748,7.6324,1]},
{"frame":48,"values":[0.9865,0.1093,-0.1223,0,-0.1151,0.9925,-0.0411,0,-0.1169,-0.0546,-0.9916,0,1.7976,188.8486,7.391,1]}],"loopBehavior":1,"name":"anim","property":"_matrix"}},
{"name":"mixamorig:Spine","index":1,"matrix":[0.9862,-0.1623,-0.0328,0,0.1627,0.9866,0.0088,0,0.0309,-0.014,0.9994,0,0.0062,19.525,-2.4818,1],"rest":[1,0,0,0,0,1,0,0,0,0,1,0,0.0062,19.525,-2.4818,1],"parentBoneIndex":0,"length":23.0091
,"animation":{"dataType":3,"framePerSecond":24,"keys":[
{"frame":1,"values":[0.9862,-0.1623,-0.0328,0,0.1627,0.9866,0.0088,0,0.0309,-0.014,0.9994,0,0.0062,19.525,-2.4818,1]},
{"frame":2,"values":[0.9853,-0.1673,-0.0345,0,0.1682,0.9854,0.0277,0,0.0293,-0.0331,0.999,0,0.0062,19.525,-2.4818,1]},
{"frame":3,"values":[0.9839,-0.1747,-0.0381,0,0.1767,0.9825,0.0591,0,0.0271,-0.0649,0.9975,0,0.0062,19.525,-2.4818,1]},
{"frame":4,"values":[0.9812,-0.1883,-0.0414,0,0.1917,0.9759,0.1046,0,0.0207,-0.1106,0.9937,0,0.0062,19.525,-2.4818,1]},
{"frame":5,"values":[0.9777,-0.2054,-0.0445,0,0.2099,0.9647,0.1589,0,0.0102,-0.1647,0.9863,0,0.0062,19.525,-2.4818,1]},
{"frame":6,"values":[0.9759,-0.2153,-0.0355,0,0.2181,0.9572,0.1903,0,-0.0069,-0.1934,0.9811,0,0.0062,19.525,-2.4818,1]},
{"frame":7,"values":[0.9794,-0.2017,-0.008,0,0.1994,0.9604,0.1947,0,-0.0316,-0.1923,0.9808,0,0.0062,19.525,-2.4818,1]},
{"frame":8,"values":[0.984,-0.1779,0.0136,0,0.1718,0.9654,0.196,0,-0.048,-0.1905,0.9805,0,0.0062,19.525,-2.4818,1]},
{"frame":9,"values":[0.9874,-0.1553,0.0309,0,0.1467,0.9705,0.1913,0,-0.0597,-0.1843,0.9811,0,0.0062,19.525,-2.4818,1]},
{"frame":10,"values":[0.9912,-0.126,0.0404,0,0.1156,0.9732,0.1988,0,-0.0644,-0.1924,0.9792,0,0.0062,19.525,-2.4818,1]},
{"frame":11,"values":[0.9966,-0.0718,0.0394,0,0.0606,0.97,0.2353,0,-0.0551,-0.2321,0.9711,0,0.0062,19.525,-2.4818,1]},
{"frame":12,"values":[0.998,-0.0384,0.0498,0,0.0252,0.9697,0.2429,0,-0.0577,-0.2412,0.9688,0,0.0062,19.525,-2.4818,1]},
{"frame":13,"values":[0.998,-0.0238,0.0578,0,0.0094,0.9713,0.2375,0,-0.0618,-0.2365,0.9697,0,0.0062,19.525,-2.4818,1]},
{"frame":14,"values":[0.9981,-0.014,0.0599,0,-0.001,0.9702,0.2422,0,-0.0615,-0.2418,0.9684,0,0.0062,19.525,-2.4818,1]},
{"frame":15,"values":[0.9976,-0.001,0.0691,0,-0.0162,0.9684,0.2488,0,-0.0671,-0.2493,0.9661,0,0.0062,19.525,-2.4818,1]},
{"frame":16,"values":[0.9968,0.0129,0.0785,0,-0.0322,0.9677,0.2499,0,-0.0727,-0.2517,0.9651,0,0.0062,19.525,-2.4818,1]},
{"frame":17,"values":[0.9969,0.0223,0.0754,0,-0.0408,0.9665,0.2534,0,-0.0672,-0.2557,0.9644,0,0.0062,19.525,-2.4818,1]},
{"frame":18,"values":[0.9978,0.0269,0.0607,0,-0.0412,0.9677,0.2485,0,-0.0521,-0.2505,0.9667,0,0.0062,19.525,-2.4818,1]},
{"frame":19,"values":[0.9987,0.0288,0.0418,0,-0.0384,0.9673,0.2506,0,-0.0332,-0.2519,0.9672,0,0.0062,19.525,-2.4818,1]},
{"frame":20,"values":[0.999,0.0339,0.0296,0,-0.0403,0.9655,0.2571,0,-0.0198,-0.258,0.9659,0,0.0062,19.525,-2.4818,1]},
{"frame":21,"values":[0.9985,0.0507,0.0223,0,-0.0547,0.9664,0.251,0,-0.0088,-0.2519,0.9677,0,0.0062,19.525,-2.4818,1]},
{"frame":22,"values":[0.9984,0.0558,0.0089,0,-0.0563,0.9688,0.2413,0,0.0048,-0.2415,0.9704,0,0.0062,19.525,-2.4818,1]},
{"frame":23,"values":[0.9982,0.0592,-0.0104,0,-0.0551,0.9704,0.2353,0,0.024,-0.2343,0.9719,0,0.0062,19.525,-2.4818,1]},
{"frame":24,"values":[0.9974,0.0638,-0.0341,0,-0.0542,0.9713,0.2317,0,0.0479,-0.2293,0.9722,0,0.0062,19.525,-2.4818,1]},
{"frame":25,"values":[0.9955,0.082,-0.0469,0,-0.0695,0.9719,0.2248,0,0.064,-0.2206,0.9733,0,0.0062,19.525,-2.4818,1]},
{"frame":26,"values":[0.9928,0.1108,-0.0461,0,-0.0978,0.9696,0.2242,0,0.0695,-0.2181,0.9735,0,0.0062,19.525,-2.4818,1]},
{"frame":27,"values":[0.9915,0.1277,-0.0241,0,-0.1192,0.9678,0.2219,0,0.0517,-0.2171,0.9748,0,0.0062,19.525,-2.4818,1]},
{"frame":28,"values":[0.9923,0.1234,0.0094,0,-0.1224,0.9678,0.22,0,0.0181,-0.2195,0.9754,0,0.0062,19.525,-2.4818,1]},
{"frame":29,"values":[0.9943,0.1023,0.0311,0,-0.1066,0.9701,0.2182,0,-0.0079,-0.2203,0.9754,0,0.0062,19.525,-2.4818,1]},
{"frame":30,"values":[0.996,0.0789,0.0409,0,-0.0858,0.9737,0.2113,0,-0.0232,-0.2139,0.9766,0,0.0062,19.525,-2.4818,1]},
{"frame":31,"values":[0.9972,0.062,0.0415,0,-0.0693,0.9757,0.2081,0,-0.0276,-0.2104,0.9772,0,0.0062,19.525,-2.4818,1]},
{"frame":32,"values":[0.9984,0.0438,0.036,0,-0.0505,0.9761,0.2114,0,-0.0258,-0.2128,0.9767,0,0.0062,19.525,-2.4818,1]},
{"frame":33,"values":[0.9991,0.0283,0.0321,0,-0.0347,0.9741,0.2236,0,-0.0249,-0.2245,0.9742,0,0.0062,19.525,-2.4818,1]},
{"frame":34,"values":[0.9993,0.0047,0.0363,0,-0.0134,0.9698,0.2435,0,-0.034,-0.2438,0.9692,0,0.0062,19.525,-2.4818,1]},
{"frame":35,"values":[0.9989,-0.0281,0.0383,0,0.0174,0.9668,0.2549,0,-0.0441,-0.254,0.9662,0,0.0062,19.525,-2.4818,1]},
{"frame":36,"values":[0.9981,-0.0521,0.0325,0,0.0425,0.9684,0.2459,0,-0.0443,-0.2441,0.9687,0,0.0062,19.525,-2.4818,1]},
{"frame":37,"values":[0.9974,-0.066,0.0286,0,0.0582,0.9739,0.2192,0,-0.0423,-0.217,0.9753,0,0.0062,19.525,-2.4818,1]},
{"frame":38,"values":[0.9966,-0.0765,0.029,0,0.0694,0.9781,0.1961,0,-0.0434,-0.1934,0.9802,0,0.0062,19.525,-2.4818,1]},
{"frame":39,"values":[0.9967,-0.0754,0.0306,0,0.0686,0.9812,0.1806,0,-0.0437,-0.1779,0.9831,0,0.0062,19.525,-2.4818,1]},
{"frame":40,"values":[0.9968,-0.0744,0.0291,0,0.0683,0.9827,0.1723,0,-0.0414,-0.1698,0.9846,0,0.0062,19.525,-2.4818,1]},
{"frame":41,"values":[0.9966,-0.0796,0.0192,0,0.0755,0.9841,0.161,0,-0.0317,-0.159,0.9868,0,0.0062,19.525,-2.4818,1]},
{"frame":42,"values":[0.9961,-0.0884,0.0055,0,0.0867,0.9865,0.1387,0,-0.0177,-0.1377,0.9903,0,0.0062,19.525,-2.4818,1]},
{"frame":43,"values":[0.9948,-0.1011,-0.0078,0,0.1014,0.9891,0.1065,0,-0.0031,-0.1067,0.9943,0,0.0062,19.525,-2.4818,1]},
{"frame":44,"values":[0.992,-0.1246,-0.021,0,0.1258,0.9897,0.0684,0,0.0122,-0.0705,0.9974,0,0.0062,19.525,-2.4818,1]},
{"frame":45,"values":[0.9885,-0.1479,-0.0322,0,0.1491,0.9881,0.0381,0,0.0262,-0.0425,0.9988,0,0.0062,19.525,-2.4818,1]},
{"frame":46,"values":[0.9863,-0.161,-0.0371,0,0.1619,0.9866,0.0227,0,0.0329,-0.0284,0.9991,0,0.0062,19.525,-2.4818,1]},
{"frame":47,"values":[0.9851,-0.1678,-0.0368,0,0.1683,0.9857,0.0125,0,0.0342,-0.0185,0.9992,0,0.0062,19.525,-2.4818,1]},
{"frame":48,"values":[0.9862,-0.1623,-0.0328,0,0.1627,0.9866,0.0088,0,0.0309,-0.014,0.9994,0,0.0062,19.525,-2.4818,1]}],"loopBehavior":1,"name":"anim","property":"_matrix"}},
{"name":"mixamorig:Spine1","index":2,"matrix":[0.9997,0.0223,-0.0092,0,-0.0229,0.9975,-0.0666,0,0.0077,0.0668,0.9977,0,-0.0009,22.835,-2.8254,1],"rest":[1,0,0,0,0,1,0,0,0,0,1,0,-0.0009,22.835,-2.8254,1],"parentBoneIndex":1,"length":26.7438
,"animation":{"dataType":3,"framePerSecond":24,"keys":[
{"frame":1,"values":[0.9997,0.0223,-0.0092,0,-0.0229,0.9975,-0.0666,0,0.0077,0.0668,0.9977,0,-0.0009,22.835,-2.8254,1]},
{"frame":2,"values":[0.9997,0.0226,-0.0093,0,-0.0232,0.9975,-0.0672,0,0.0077,0.0674,0.9977,0,-0.0009,22.835,-2.8254,1]},
{"frame":3,"values":[0.9997,0.0228,-0.0093,0,-0.0233,0.9975,-0.0673,0,0.0078,0.0675,0.9977,0,-0.0009,22.835,-2.8254,1]},
{"frame":4,"values":[0.9998,0.0206,-0.0087,0,-0.0211,0.9977,-0.0648,0,0.0073,0.065,0.9979,0,-0.0009,22.835,-2.8254,1]},
{"frame":5,"values":[0.9998,0.0165,-0.0076,0,-0.0169,0.998,-0.0612,0,0.0065,0.0614,0.9981,0,-0.0009,22.835,-2.8254,1]},
{"frame":6,"values":[0.9999,0.0138,-0.0047,0,-0.0141,0.9979,-0.0631,0,0.0038,0.0632,0.998,0,-0.0009,22.835,-2.8254,1]},
{"frame":7,"values":[0.9999,0.0148,0.0012,0,-0.0147,0.9975,-0.0684,0,-0.0023,0.0684,0.9977,0,-0.0009,22.835,-2.8254,1]},
{"frame":8,"values":[0.9998,0.0178,0.0056,0,-0.0173,0.9972,-0.0733,0,-0.0069,0.0732,0.9973,0,-0.0009,22.835,-2.8254,1]},
{"frame":9,"values":[0.9997,0.0214,0.0088,0,-0.0207,0.9969,-0.0757,0,-0.0104,0.0755,0.9971,0,-0.0009,22.835,-2.8254,1]},
{"frame":10,"values":[0.9996,0.0257,0.0103,0,-0.0249,0.9968,-0.0754,0,-0.0122,0.0752,0.9971,0,-0.0009,22.835,-2.8254,1]},
{"frame":11,"values":[0.9994,0.0326,0.0092,0,-0.0318,0.9969,-0.0723,0,-0.0115,0.0719,0.9973,0,-0.0009,22.835,-2.8254,1]},
{"frame":12,"values":[0.9992,0.0374,0.0109,0,-0.0365,0.9967,-0.073,0,-0.0136,0.0726,0.9973,0,-0.0009,22.835,-2.8254,1]},
{"frame":13,"values":[0.9992,0.0389,0.0119,0,-0.0379,0.9964,-0.0761,0,-0.0149,0.0756,0.997,0,-0.0009,22.835,-2.8254,1]},
{"frame":14,"values":[0.9991,0.0402,0.0115,0,-0.0392,0.9962,-0.0774,0,-0.0146,0.0769,0.9969,0,-0.0009,22.835,-2.8254,1]},
{"frame":15,"values":[0.999,0.0437,0.013,0,-0.0426,0.9961,-0.0768,0,-0.0163,0.0761,0.997,0,-0.0009,22.835,-2.8254,1]},
{"frame":16,"values":[0.9987,0.0496,0.0144,0,-0.0483,0.9959,-0.0765,0,-0.0181,0.0757,0.997,0,-0.0009,22.835,-2.8254,1]},
{"frame":17,"values":[0.9984,0.0556,0.0123,0,-0.0545,0.9956,-0.0762,0,-0.0164,0.0754,0.997,0,-0.0009,22.835,-2.8254,1]},
{"frame":18,"values":[0.9981,0.061,0.0069,0,-0.0603,0.9953,-0.0761,0,-0.0115,0.0756,0.9971,0,-0.0009,22.835,-2.8254,1]},
{"frame":19,"values":[0.9977,0.0672,0.0004,0,-0.067,0.9949,-0.0759,0,-0.0055,0.0757,0.9971,0,-0.0009,22.835,-2.8254,1]},
{"frame":20,"values":[0.9972,0.0742,-0.004,0,-0.0742,0.9942,-0.0777,0,-0.0018,0.0778,0.997,0,-0.0009,22.835,-2.8254,1]},
{"frame":21,"values":[0.9967,0.0812,-0.0074,0,-0.0815,0.9934,-0.0807,0,0.0008,0.0811,0.9967,0,-0.0009,22.835,-2.8254,1]},
{"frame":22,"values":[0.9962,0.0865,-0.0124,0,-0.0873,0.9927,-0.0827,0,0.0052,0.0835,0.9965,0,-0.0009,22.835,-2.8254,1]},
{"frame":23,"values":[0.9956,0.0916,-0.0189,0,-0.0929,0.9922,-0.0833,0,0.0112,0.0847,0.9963,0,-0.0009,22.835,-2.8254,1]},
{"frame":24,"values":[0.9949,0.0975,-0.0265,0,-0.0994,0.9916,-0.0829,0,0.0182,0.0851,0.9962,0,-0.0009,22.835,-2.8254,1]},
{"frame":25,"values":[0.994,0.1051,-0.0314,0,-0.1073,0.9909,-0.0814,0,0.0226,0.0843,0.9962,0,-0.0009,22.835,-2.8254,1]},
{"frame":26,"values":[0.993,0.1135,-0.0326,0,-0.1157,0.9902,-0.0787,0,0.0233,0.082,0.9964,0,-0.0009,22.835,-2.8254,1]},
{"frame":27,"values":[0.9923,0.1204,-0.0277,0,-0.1222,0.9896,-0.0763,0,0.0182,0.0791,0.9967,0,-0.0009,22.835,-2.8254,1]},
{"frame":28,"values":[0.9924,0.1218,-0.0189,0,-0.1229,0.9896,-0.0744,0,0.0097,0.0762,0.997,0,-0.0009,22.835,-2.8254,1]},
{"frame":29,"values":[0.993,0.1178,-0.0129,0,-0.1184,0.9903,-0.0729,0,0.0042,0.0739,0.9973,0,-0.0009,22.835,-2.8254,1]},
{"frame":30,"values":[0.9936,0.112,-0.0103,0,-0.1125,0.991,-0.072,0,0.0022,0.0727,0.9973,0,-0.0009,22.835,-2.8254,1]},
{"frame":31,"values":[0.9942,0.107,-0.0099,0,-0.1074,0.9916,-0.0716,0,0.0022,0.0722,0.9974,0,-0.0009,22.835,-2.8254,1]},
{"frame":32,"values":[0.9946,0.1029,-0.0111,0,-0.1034,0.9921,-0.071,0,0.0037,0.0718,0.9974,0,-0.0009,22.835,-2.8254,1]},
{"frame":33,"values":[0.995,0.099,-0.0115,0,-0.0995,0.9927,-0.0682,0,0.0047,0.069,0.9976,0,-0.0009,22.835,-2.8254,1]},
{"frame":34,"values":[0.9955,0.0945,-0.0088,0,-0.0948,0.9935,-0.063,0,0.0028,0.0635,0.998,0,-0.0009,22.835,-2.8254,1]},
{"frame":35,"values":[0.996,0.0888,-0.0069,0,-0.0891,0.9942,-0.06,0,0.0015,0.0603,0.9982,0,-0.0009,22.835,-2.8254,1]},
{"frame":36,"values":[0.9965,0.0835,-0.0072,0,-0.0838,0.9947,-0.0597,0,0.0022,0.0601,0.9982,0,-0.0009,22.835,-2.8254,1]},
{"frame":37,"values":[0.9968,0.0792,-0.0079,0,-0.0795,0.9948,-0.0629,0,0.0029,0.0633,0.998,0,-0.0009,22.835,-2.8254,1]},
{"frame":38,"values":[0.9972,0.0746,-0.0073,0,-0.0749,0.9949,-0.0674,0,0.0022,0.0677,0.9977,0,-0.0009,22.835,-2.8254,1]},
{"frame":39,"values":[0.9975,0.0705,-0.006,0,-0.0708,0.9951,-0.069,0,0.0011,0.0693,0.9976,0,-0.0009,22.835,-2.8254,1]},
{"frame":40,"values":[0.9978,0.0665,-0.005,0,-0.0667,0.9955,-0.0678,0,0.0005,0.0679,0.9977,0,-0.0009,22.835,-2.8254,1]},
{"frame":41,"values":[0.998,0.0625,-0.006,0,-0.0628,0.9959,-0.0659,0,0.0018,0.0661,0.9978,0,-0.0009,22.835,-2.8254,1]},
{"frame":42,"values":[0.9983,0.0577,-0.0081,0,-0.0581,0.9962,-0.0648,0,0.0043,0.0651,0.9979,0,-0.0009,22.835,-2.8254,1]},
{"frame":43,"values":[0.9986,0.0519,-0.0103,0,-0.0525,0.9965,-0.0656,0,0.0069,0.066,0.9978,0,-0.0009,22.835,-2.8254,1]},
{"frame":44,"values":[0.9989,0.0448,-0.0126,0,-0.0455,0.9967,-0.0679,0,0.0095,0.0684,0.9976,0,-0.0009,22.835,-2.8254,1]},
{"frame":45,"values":[0.9992,0.0377,-0.0142,0,-0.0385,0.9969,-0.0692,0,0.0116,0.0697,0.9975,0,-0.0009,22.835,-2.8254,1]},
{"frame":46,"values":[0.9994,0.0316,-0.0137,0,-0.0325,0.9971,-0.0688,0,0.0115,0.0692,0.9975,0,-0.0009,22.835,-2.8254,1]},
{"frame":47,"values":[0.9996,0.026,-0.012,0,-0.0268,0.9973,-0.0678,0,0.0102,0.068,0.9976,0,-0.0009,22.835,-2.8254,1]},
{"frame":48,"values":[0.9997,0.0223,-0.0093,0,-0.0228,0.9975,-0.0666,0,0.0077,0.0668,0.9977,0,-0.0009,22.835,-2.8254,1]}],"loopBehavior":1,"name":"anim","property":"_matrix"}},
{"name":"mixamorig:Spine2","index":3,"matrix":[0.9996,-0.0295,0.0022,0,0.0296,0.9973,-0.0671,0,-0.0002,0.0671,0.9977,0,-0.0206,26.5525,-3.1933,1],"rest":[1,0,0,0,0,1,0,0,0,0,1,0,-0.0206,26.5525,-3.1933,1],"parentBoneIndex":2,"length":24.825
,"animation":{"dataType":3,"framePerSecond":24,"keys":[
{"frame":1,"values":[0.9996,-0.0295,0.0022,0,0.0296,0.9973,-0.0671,0,-0.0002,0.0671,0.9977,0,-0.0206,26.5525,-3.1933,1]},
{"frame":2,"values":[0.9996,-0.0292,0.0022,0,0.0293,0.9973,-0.0677,0,-0.0002,0.0677,0.9977,0,-0.0206,26.5525,-3.1933,1]},
{"frame":3,"values":[0.9996,-0.0291,0.0021,0,0.0291,0.9973,-0.0678,0,-0.0001,0.0678,0.9977,0,-0.0206,26.5525,-3.1933,1]},
{"frame":4,"values":[0.9995,-0.0313,0.0026,0,0.0314,0.9974,-0.0653,0,-0.0006,0.0653,0.9979,0,-0.0206,26.5525,-3.1933,1]},
{"frame":5,"values":[0.9994,-0.0354,0.0036,0,0.0356,0.9975,-0.0617,0,-0.0014,0.0618,0.9981,0,-0.0206,26.5525,-3.1933,1]},
{"frame":6,"values":[0.9993,-0.0379,0.0066,0,0.0383,0.9973,-0.0634,0,-0.0041,0.0637,0.998,0,-0.0206,26.5525,-3.1933,1]},
{"frame":7,"values":[0.9993,-0.0366,0.0126,0,0.0374,0.997,-0.0684,0,-0.0101,0.0688,0.9976,0,-0.0206,26.5525,-3.1933,1]},
{"frame":8,"values":[0.9993,-0.0334,0.0171,0,0.0346,0.9967,-0.073,0,-0.0147,0.0735,0.9972,0,-0.0206,26.5525,-3.1933,1]},
{"frame":9,"values":[0.9994,-0.0296,0.0205,0,0.0311,0.9967,-0.0752,0,-0.0182,0.0758,0.997,0,-0.0206,26.5525,-3.1933,1]},
{"frame":10,"values":[0.9994,-0.0253,0.0219,0,0.0268,0.9968,-0.0748,0,-0.02,0.0754,0.997,0,-0.0206,26.5525,-3.1933,1]},
{"frame":11,"values":[0.9996,-0.0184,0.0206,0,0.0199,0.9972,-0.0717,0,-0.0192,0.072,0.9972,0,-0.0206,26.5525,-3.1933,1]},
{"frame":12,"values":[0.9997,-0.0135,0.0222,0,0.015,0.9973,-0.0723,0,-0.0212,0.0726,0.9971,0,-0.0206,26.5525,-3.1933,1]},
{"frame":13,"values":[0.9997,-0.0119,0.0234,0,0.0136,0.9971,-0.0753,0,-0.0224,0.0756,0.9969,0,-0.0206,26.5525,-3.1933,1]},
{"frame":14,"values":[0.9997,-0.0106,0.023,0,0.0123,0.997,-0.0766,0,-0.0221,0.0769,0.9968,0,-0.0206,26.5525,-3.1933,1]},
{"frame":15,"values":[0.9997,-0.0069,0.0245,0,0.0087,0.9971,-0.0758,0,-0.0239,0.076,0.9968,0,-0.0206,26.5525,-3.1933,1]},
{"frame":16,"values":[0.9997,-0.0009,0.0259,0,0.0029,0.9971,-0.0754,0,-0.0258,0.0755,0.9968,0,-0.0206,26.5525,-3.1933,1]},
{"frame":17,"values":[0.9997,0.0051,0.0239,0,-0.0033,0.9972,-0.0752,0,-0.0243,0.0751,0.9969,0,-0.0206,26.5525,-3.1933,1]},
{"frame":18,"values":[0.9998,0.0105,0.0187,0,-0.0091,0.9971,-0.0753,0,-0.0194,0.0751,0.997,0,-0.0206,26.5525,-3.1933,1]},
{"frame":19,"values":[0.9998,0.0166,0.0124,0,-0.0156,0.997,-0.0752,0,-0.0137,0.075,0.9971,0,-0.0206,26.5525,-3.1933,1]},
{"frame":20,"values":[0.9997,0.0237,0.0085,0,-0.0229,0.9968,-0.0771,0,-0.0103,0.0769,0.997,0,-0.0206,26.5525,-3.1933,1]},
{"frame":21,"values":[0.9995,0.0308,0.0056,0,-0.0303,0.9963,-0.0802,0,-0.008,0.08,0.9968,0,-0.0206,26.5525,-3.1933,1]},
{"frame":22,"values":[0.9993,0.0362,0.0009,0,-0.036,0.996,-0.0822,0,-0.0039,0.0822,0.9966,0,-0.0206,26.5525,-3.1933,1]},
{"frame":23,"values":[0.9991,0.0413,-0.0054,0,-0.0416,0.9957,-0.0829,0,0.0019,0.0831,0.9965,0,-0.0206,26.5525,-3.1933,1]},
{"frame":24,"values":[0.9988,0.0472,-0.0128,0,-0.0481,0.9954,-0.0826,0,0.0088,0.0831,0.9965,0,-0.0206,26.5525,-3.1933,1]},
{"frame":25,"values":[0.9983,0.0548,-0.0176,0,-0.056,0.9951,-0.0811,0,0.013,0.0819,0.9966,0,-0.0206,26.5525,-3.1933,1]},
{"frame":26,"values":[0.9978,0.0632,-0.0186,0,-0.0644,0.9948,-0.0783,0,0.0136,0.0794,0.9968,0,-0.0206,26.5525,-3.1933,1]},
{"frame":27,"values":[0.9974,0.0702,-0.0138,0,-0.0711,0.9946,-0.0757,0,0.0084,0.0765,0.997,0,-0.0206,26.5525,-3.1933,1]},
{"frame":28,"values":[0.9974,0.0719,-0.0052,0,-0.0721,0.9947,-0.0736,0,-0.0002,0.0738,0.9973,0,-0.0206,26.5525,-3.1933,1]},
{"frame":29,"values":[0.9977,0.0681,0.0007,0,-0.0679,0.9951,-0.072,0,-0.0056,0.0718,0.9974,0,-0.0206,26.5525,-3.1933,1]},
{"frame":30,"values":[0.998,0.0624,0.0033,0,-0.062,0.9955,-0.071,0,-0.0077,0.0707,0.9975,0,-0.0206,26.5525,-3.1933,1]},
{"frame":31,"values":[0.9984,0.0573,0.0036,0,-0.0569,0.9959,-0.0705,0,-0.0076,0.0702,0.9975,0,-0.0206,26.5525,-3.1933,1]},
{"frame":32,"values":[0.9986,0.0532,0.0025,0,-0.0529,0.9961,-0.07,0,-0.0062,0.0697,0.9975,0,-0.0206,26.5525,-3.1933,1]},
{"frame":33,"values":[0.9988,0.0491,0.002,0,-0.0489,0.9965,-0.0671,0,-0.0053,0.067,0.9977,0,-0.0206,26.5525,-3.1933,1]},
{"frame":34,"values":[0.999,0.0446,0.0044,0,-0.0442,0.9971,-0.0618,0,-0.0072,0.0616,0.9981,0,-0.0206,26.5525,-3.1933,1]},
{"frame":35,"values":[0.9992,0.0389,0.0064,0,-0.0385,0.9975,-0.0588,0,-0.0087,0.0585,0.9982,0,-0.0206,26.5525,-3.1933,1]},
{"frame":36,"values":[0.9994,0.0335,0.006,0,-0.0331,0.9977,-0.0586,0,-0.0079,0.0584,0.9983,0,-0.0206,26.5525,-3.1933,1]},
{"frame":37,"values":[0.9996,0.0291,0.0054,0,-0.0287,0.9977,-0.0619,0,-0.0072,0.0617,0.9981,0,-0.0206,26.5525,-3.1933,1]},
{"frame":38,"values":[0.9997,0.0245,0.0061,0,-0.0241,0.9975,-0.0664,0,-0.0077,0.0662,0.9978,0,-0.0206,26.5525,-3.1933,1]},
{"frame":39,"values":[0.9998,0.0204,0.0073,0,-0.0199,0.9975,-0.0681,0,-0.0086,0.0679,0.9977,0,-0.0206,26.5525,-3.1933,1]},
{"frame":40,"values":[0.9998,0.0162,0.0079,0,-0.0156,0.9976,-0.0669,0,-0.009,0.0668,0.9977,0,-0.0206,26.5525,-3.1933,1]},
{"frame":41,"values":[0.9999,0.012,0.0067,0,-0.0115,0.9978,-0.0651,0,-0.0075,0.0651,0.9979,0,-0.0206,26.5525,-3.1933,1]},
{"frame":42,"values":[1,0.0069,0.0044,0,-0.0066,0.9979,-0.0644,0,-0.0048,0.0644,0.9979,0,-0.0206,26.5525,-3.1933,1]},
{"frame":43,"values":[1,0.0009,0.002,0,-0.0007,0.9979,-0.0654,0,-0.002,0.0654,0.9979,0,-0.0206,26.5525,-3.1933,1]},
{"frame":44,"values":[1,-0.0064,-0.0003,0,0.0064,0.9977,-0.068,0,0.0008,0.068,0.9977,0,-0.0206,26.5525,-3.1933,1]},
{"frame":45,"values":[0.9999,-0.0138,-0.0021,0,0.0136,0.9975,-0.0695,0,0.003,0.0694,0.9976,0,-0.0206,26.5525,-3.1933,1]},
{"frame":46,"values":[0.9998,-0.02,-0.0019,0,0.0198,0.9974,-0.0692,0,0.0033,0.0692,0.9976,0,-0.0206,26.5525,-3.1933,1]},
{"frame":47,"values":[0.9997,-0.0257,-0.0004,0,0.0256,0.9973,-0.0682,0,0.0022,0.0682,0.9977,0,-0.0206,26.5525,-3.1933,1]},
{"frame":48,"values":[0.9996,-0.0296,0.002,0,0.0296,0.9973,-0.0671,0,-0.0001,0.0671,0.9977,0,-0.0206,26.5525,-3.1933,1]}],"loopBehavior":1,"name":"anim","property":"_matrix"}},
{"name":"mixamorig:Neck","index":4,"matrix":[1,-0.006,-0.0074,0,0.0068,0.9939,0.1105,0,0.0067,-0.1105,0.9938,0,-0.06,30.7018,1.3522,1],"rest":[1,0,0,0,0,1,0,0,0,0,1,0,-0.06,30.7018,1.3522,1],"parentBoneIndex":3,"length":22.8446
,"animation":{"dataType":3,"framePerSecond":24,"keys":[
{"frame":1,"values":[1,-0.006,-0.0074,0,0.0068,0.9939,0.1105,0,0.0067,-0.1105,0.9938,0,-0.06,30.7018,1.3522,1]},
{"frame":2,"values":[1,-0.0069,-0.0068,0,0.0075,0.9949,0.1002,0,0.0061,-0.1002,0.9949,0,-0.06,30.7019,1.3522,1]},
{"frame":3,"values":[0.9998,-0.0151,-0.0085,0,0.0158,0.9959,0.0893,0,0.0071,-0.0894,0.996,0,-0.06,30.7018,1.3522,1]},
{"frame":4,"values":[0.9997,-0.0197,-0.0151,0,0.0208,0.9967,0.0789,0,0.0135,-0.0792,0.9968,0,-0.06,30.7018,1.3522,1]},
{"frame":5,"values":[0.9996,-0.0169,-0.0224,0,0.0184,0.9974,0.0696,0,0.0211,-0.07,0.9973,0,-0.06,30.7018,1.3522,1]},
{"frame":6,"values":[0.9996,-0.007,-0.0259,0,0.0087,0.9976,0.0685,0,0.0253,-0.0687,0.9973,0,-0.06,30.7018,1.3522,1]},
{"frame":7,"values":[0.9996,0.0096,-0.0253,0,-0.0077,0.9972,0.0742,0,0.026,-0.074,0.9969,0,-0.06,30.7018,1.3522,1]},
{"frame":8,"values":[0.9996,0.0247,-0.0156,0,-0.0234,0.9965,0.0803,0,0.0175,-0.0799,0.9966,0,-0.06,30.7018,1.3522,1]},
{"frame":9,"values":[0.9992,0.0393,-0.0028,0,-0.0389,0.9957,0.0842,0,0.0061,-0.084,0.9964,0,-0.06,30.7018,1.3522,1]},
{"frame":10,"values":[0.9987,0.0495,0.0094,0,-0.0501,0.9949,0.0875,0,-0.0051,-0.0879,0.9961,0,-0.06,30.7018,1.3522,1]},
{"frame":11,"values":[0.9982,0.0563,0.0191,0,-0.0576,0.9952,0.0793,0,-0.0145,-0.0803,0.9967,0,-0.06,30.7018,1.3522,1]},
{"frame":12,"values":[0.998,0.0579,0.027,0,-0.0596,0.996,0.0659,0,-0.023,-0.0674,0.9975,0,-0.06,30.7017,1.3522,1]},
{"frame":13,"values":[0.9977,0.0591,0.0335,0,-0.0608,0.9967,0.0538,0,-0.0302,-0.0558,0.998,0,-0.06,30.7018,1.3522,1]},
{"frame":14,"values":[0.9976,0.0587,0.038,0,-0.0605,0.997,0.0493,0,-0.035,-0.0515,0.9981,0,-0.06,30.7018,1.3522,1]},
{"frame":15,"values":[0.9976,0.0562,0.0415,0,-0.0583,0.997,0.0515,0,-0.0385,-0.0538,0.9978,0,-0.06,30.7018,1.3522,1]},
{"frame":16,"values":[0.9974,0.0553,0.0452,0,-0.058,0.9966,0.0593,0,-0.0418,-0.0617,0.9972,0,-0.06,30.7018,1.3522,1]},
{"frame":17,"values":[0.9971,0.0573,0.0497,0,-0.0606,0.9958,0.0687,0,-0.0455,-0.0715,0.9964,0,-0.06,30.7018,1.3522,1]},
{"frame":18,"values":[0.9968,0.0591,0.0536,0,-0.0632,0.995,0.0777,0,-0.0488,-0.0808,0.9955,0,-0.06,30.7018,1.3522,1]},
{"frame":19,"values":[0.9967,0.0589,0.0564,0,-0.0636,0.9944,0.0845,0,-0.0511,-0.0878,0.9948,0,-0.06,30.7018,1.3522,1]},
{"frame":20,"values":[0.9968,0.0541,0.0581,0,-0.0592,0.9942,0.0899,0,-0.0529,-0.0931,0.9943,0,-0.06,30.7018,1.3522,1]},
{"frame":21,"values":[0.9971,0.0479,0.0593,0,-0.0533,0.9943,0.0923,0,-0.0545,-0.0952,0.994,0,-0.06,30.7019,1.3522,1]},
{"frame":22,"values":[0.9973,0.0419,0.0608,0,-0.0475,0.9945,0.0937,0,-0.0565,-0.0964,0.9937,0,-0.06,30.7018,1.3522,1]},
{"frame":23,"values":[0.9974,0.0354,0.0623,0,-0.0414,0.9945,0.0963,0,-0.0586,-0.0987,0.9934,0,-0.06,30.7018,1.3522,1]},
{"frame":24,"values":[0.9976,0.029,0.0628,0,-0.0353,0.9943,0.1008,0,-0.0595,-0.1027,0.9929,0,-0.06,30.7018,1.3522,1]},
{"frame":25,"values":[0.9979,0.0232,0.0613,0,-0.0297,0.9938,0.1073,0,-0.0584,-0.1089,0.9923,0,-0.06,30.7018,1.3522,1]},
{"frame":26,"values":[0.9981,0.0214,0.0575,0,-0.0279,0.9929,0.1156,0,-0.0547,-0.117,0.9916,0,-0.06,30.7018,1.3522,1]},
{"frame":27,"values":[0.9984,0.0233,0.0513,0,-0.0295,0.9919,0.1234,0,-0.048,-0.1247,0.991,0,-0.06,30.7018,1.3522,1]},
{"frame":28,"values":[0.9987,0.0265,0.0442,0,-0.032,0.9912,0.1284,0,-0.0404,-0.1297,0.9907,0,-0.06,30.7018,1.3522,1]},
{"frame":29,"values":[0.9989,0.0293,0.0374,0,-0.0339,0.9908,0.1307,0,-0.0332,-0.1318,0.9907,0,-0.06,30.7018,1.3522,1]},
{"frame":30,"values":[0.9992,0.0264,0.0307,0,-0.0303,0.9905,0.1344,0,-0.0269,-0.1352,0.9905,0,-0.06,30.7018,1.3522,1]},
{"frame":31,"values":[0.9995,0.0212,0.0238,0,-0.0243,0.9901,0.1381,0,-0.0207,-0.1386,0.9901,0,-0.06,30.7018,1.3522,1]},
{"frame":32,"values":[0.9997,0.0161,0.016,0,-0.0182,0.9899,0.1403,0,-0.0136,-0.1406,0.99,0,-0.06,30.7018,1.3522,1]},
{"frame":33,"values":[0.9999,0.0116,0.0081,0,-0.0126,0.9903,0.138,0,-0.0064,-0.1381,0.9904,0,-0.06,30.7018,1.3522,1]},
{"frame":34,"values":[1,0.0079,0.0004,0,-0.0079,0.9911,0.1332,0,0.0007,-0.1332,0.9911,0,-0.06,30.7018,1.3522,1]},
{"frame":35,"values":[1,0.004,-0.0067,0,-0.0031,0.9915,0.13,0,0.0071,-0.13,0.9915,0,-0.06,30.7018,1.3522,1]},
{"frame":36,"values":[0.9999,-0.0007,-0.0115,0,0.0022,0.9918,0.1281,0,0.0113,-0.1281,0.9917,0,-0.06,30.7018,1.3522,1]},
{"frame":37,"values":[0.9999,-0.0048,-0.0156,0,0.0067,0.9916,0.1291,0,0.0148,-0.1292,0.9915,0,-0.06,30.7018,1.3522,1]},
{"frame":38,"values":[0.9998,-0.0072,-0.0185,0,0.0095,0.9916,0.1291,0,0.0174,-0.1292,0.9915,0,-0.06,30.7018,1.3522,1]},
{"frame":39,"values":[0.9997,-0.01,-0.02,0,0.0125,0.9917,0.1276,0,0.0186,-0.1278,0.9916,0,-0.06,30.7018,1.3522,1]},
{"frame":40,"values":[0.9997,-0.012,-0.0194,0,0.0144,0.992,0.1256,0,0.0178,-0.1259,0.9919,0,-0.06,30.7018,1.3522,1]},
{"frame":41,"values":[0.9997,-0.0146,-0.018,0,0.0167,0.9922,0.1233,0,0.0161,-0.1236,0.9922,0,-0.06,30.7018,1.3522,1]},
{"frame":42,"values":[0.9997,-0.0158,-0.0163,0,0.0177,0.9925,0.1208,0,0.0142,-0.121,0.9925,0,-0.06,30.7018,1.3522,1]},
{"frame":43,"values":[0.9998,-0.0155,-0.0142,0,0.0171,0.9928,0.1185,0,0.0122,-0.1187,0.9929,0,-0.06,30.7018,1.3522,1]},
{"frame":44,"values":[0.9998,-0.0143,-0.0123,0,0.0156,0.9931,0.1166,0,0.0106,-0.1167,0.9931,0,-0.06,30.7019,1.3522,1]},
{"frame":45,"values":[0.9999,-0.0124,-0.0108,0,0.0135,0.9933,0.1149,0,0.0093,-0.115,0.9933,0,-0.06,30.7018,1.3522,1]},
{"frame":46,"values":[0.9999,-0.0103,-0.0094,0,0.0113,0.9935,0.1134,0,0.0082,-0.1135,0.9935,0,-0.06,30.7018,1.3522,1]},
{"frame":47,"values":[0.9999,-0.0081,-0.0083,0,0.0089,0.9937,0.1119,0,0.0074,-0.112,0.9937,0,-0.06,30.7018,1.3522,1]},
{"frame":48,"values":[1,-0.006,-0.0074,0,0.0068,0.9939,0.1105,0,0.0067,-0.1105,0.9938,0,-0.06,30.7018,1.3522,1]}],"loopBehavior":1,"name":"anim","property":"_matrix"}},
{"name":"mixamorig:Head","index":5,"matrix":[0.9882,0.1237,-0.0902,0,-0.135,0.982,-0.1323,0,0.0722,0.1429,0.9871,0,-0.0872,22.5476,3.6709,1],"rest":[1,0,0,0,0,1,0,0,0,0,1,0,-0.0872,22.5476,3.6709,1],"parentBoneIndex":4,"length":30.5924
,"animation":{"dataType":3,"framePerSecond":24,"keys":[
{"frame":1,"values":[0.9882,0.1237,-0.0902,0,-0.135,0.982,-0.1323,0,0.0722,0.1429,0.9871,0,-0.0872,22.5476,3.6709,1]},
{"frame":2,"values":[0.9925,0.1045,-0.064,0,-0.1113,0.9872,-0.1138,0,0.0513,0.1201,0.9914,0,-0.0872,22.5476,3.6709,1]},
{"frame":3,"values":[0.9977,0.033,-0.0593,0,-0.0405,0.9905,-0.1313,0,0.0544,0.1334,0.9896,0,-0.0872,22.5476,3.6709,1]},
{"frame":4,"values":[0.9953,-0.0378,-0.0887,0,0.0179,0.9764,-0.2151,0,0.0947,0.2125,0.9725,0,-0.0872,22.5476,3.6709,1]},
{"frame":5,"values":[0.9901,-0.0398,-0.1344,0,0.0043,0.9669,-0.255,0,0.1401,0.2519,0.9575,0,-0.0872,22.5476,3.6709,1]},
{"frame":6,"values":[0.9845,-0.0057,-0.1754,0,-0.0217,0.9879,-0.1535,0,0.1741,0.1549,0.9725,0,-0.0872,22.5476,3.6709,1]},
{"frame":7,"values":[0.9813,0.067,-0.1804,0,-0.0597,0.9972,0.0457,0,0.1829,-0.0341,0.9825,0,-0.0872,22.5476,3.6709,1]},
{"frame":8,"values":[0.9813,0.1398,-0.1323,0,-0.1008,0.9589,0.2654,0,0.1639,-0.2471,0.955,0,-0.0872,22.5476,3.6709,1]},
{"frame":9,"values":[0.98,0.1944,-0.0421,0,-0.1606,0.8985,0.4086,0,0.1173,-0.3937,0.9117,0,-0.0872,22.5476,3.6709,1]},
{"frame":10,"values":[0.9726,0.2251,0.0581,0,-0.2296,0.8911,0.3914,0,0.0364,-0.394,0.9184,0,-0.0872,22.5477,3.6709,1]},
{"frame":11,"values":[0.9682,0.2163,0.1255,0,-0.2416,0.9385,0.2467,0,-0.0644,-0.2692,0.9609,0,-0.0872,22.5476,3.6709,1]},
{"frame":12,"values":[0.9689,0.1954,0.1521,0,-0.2151,0.9683,0.1266,0,-0.1225,-0.1554,0.9802,0,-0.0872,22.5476,3.6709,1]},
{"frame":13,"values":[0.9645,0.1889,0.1843,0,-0.2037,0.9769,0.0648,0,-0.1678,-0.1,0.9807,0,-0.0872,22.5476,3.6709,1]},
{"frame":14,"values":[0.9572,0.1823,0.2249,0,-0.1958,0.9799,0.0387,0,-0.2133,-0.081,0.9736,0,-0.0872,22.5476,3.6709,1]},
{"frame":15,"values":[0.9485,0.1776,0.2623,0,-0.1956,0.9797,0.044,0,-0.2492,-0.0931,0.964,0,-0.0872,22.5476,3.6709,1]},
{"frame":16,"values":[0.9384,0.1778,0.2964,0,-0.2022,0.9779,0.0534,0,-0.2804,-0.1101,0.9536,0,-0.0872,22.5476,3.6709,1]},
{"frame":17,"values":[0.9261,0.1853,0.3286,0,-0.2127,0.9759,0.0492,0,-0.3115,-0.1155,0.9432,0,-0.0872,22.5476,3.6709,1]},
{"frame":18,"values":[0.913,0.2005,0.3554,0,-0.2282,0.9729,0.0375,0,-0.3383,-0.1153,0.934,0,-0.0872,22.5476,3.6709,1]},
{"frame":19,"values":[0.9013,0.2175,0.3745,0,-0.2429,0.9698,0.0215,0,-0.3586,-0.1103,0.927,0,-0.0872,22.5476,3.6709,1]},
{"frame":20,"values":[0.8944,0.2226,0.3879,0,-0.2424,0.9702,0.0022,0,-0.3758,-0.096,0.9217,0,-0.0872,22.5476,3.6709,1]},
{"frame":21,"values":[0.8962,0.2068,0.3925,0,-0.2176,0.9759,-0.0174,0,-0.3866,-0.0698,0.9196,0,-0.0872,22.5476,3.6709,1]},
{"frame":22,"values":[0.9011,0.1811,0.3939,0,-0.1827,0.9826,-0.0338,0,-0.3932,-0.0415,0.9185,0,-0.0872,22.5476,3.6709,1]},
{"frame":23,"values":[0.9096,0.1411,0.3907,0,-0.1351,0.9899,-0.0431,0,-0.3928,-0.0136,0.9195,0,-0.0872,22.5476,3.6709,1]},
{"frame":24,"values":[0.921,0.0998,0.3765,0,-0.0895,0.995,-0.0448,0,-0.3791,0.0075,0.9253,0,-0.0872,22.5477,3.6709,1]},
{"frame":25,"values":[0.9359,0.063,0.3467,0,-0.0483,0.9975,-0.0511,0,-0.349,0.031,0.9366,0,-0.0872,22.5476,3.6709,1]},
{"frame":26,"values":[0.9509,0.0515,0.3051,0,-0.0301,0.9968,-0.0743,0,-0.308,0.0615,0.9494,0,-0.0872,22.5476,3.6709,1]},
{"frame":27,"values":[0.9654,0.0706,0.2509,0,-0.0484,0.9944,-0.0937,0,-0.2561,0.0783,0.9635,0,-0.0872,22.5476,3.6709,1]},
{"frame":28,"values":[0.9726,0.1186,0.1997,0,-0.097,0.9886,-0.1148,0,-0.2111,0.0923,0.9731,0,-0.0872,22.5476,3.6709,1]},
{"frame":29,"values":[0.976,0.1544,0.1538,0,-0.1349,0.9823,-0.1303,0,-0.1712,0.1064,0.9795,0,-0.0872,22.5476,3.6709,1]},
{"frame":30,"values":[0.9793,0.1664,0.1152,0,-0.1513,0.98,-0.1289,0,-0.1343,0.1088,0.9849,0,-0.0872,22.5476,3.6709,1]},
{"frame":31,"values":[0.9837,0.1624,0.0775,0,-0.1531,0.9816,-0.1142,0,-0.0946,0.1005,0.9904,0,-0.0872,22.5476,3.6709,1]},
{"frame":32,"values":[0.9867,0.159,0.0338,0,-0.1547,0.9822,-0.1066,0,-0.0502,0.1,0.9937,0,-0.0872,22.5476,3.6709,1]},
{"frame":33,"values":[0.9877,0.1561,-0.0122,0,-0.1565,0.9809,-0.1157,0,-0.0061,0.1162,0.9932,0,-0.0872,22.5476,3.6709,1]},
{"frame":34,"values":[0.9882,0.1413,-0.0596,0,-0.1483,0.9794,-0.1369,0,0.039,0.1441,0.9888,0,-0.0872,22.5476,3.6709,1]},
{"frame":35,"values":[0.9872,0.1274,-0.0954,0,-0.1416,0.9768,-0.1604,0,0.0728,0.1719,0.9824,0,-0.0872,22.5477,3.6709,1]},
{"frame":36,"values":[0.9874,0.1153,-0.1088,0,-0.1324,0.9772,-0.1659,0,0.0872,0.1782,0.9801,0,-0.0872,22.5476,3.6709,1]},
{"frame":37,"values":[0.9876,0.1068,-0.1151,0,-0.1237,0.9806,-0.152,0,0.0967,0.1643,0.9817,0,-0.0872,22.5476,3.6709,1]},
{"frame":38,"values":[0.988,0.0998,-0.1176,0,-0.1156,0.9838,-0.137,0,0.102,0.1489,0.9836,0,-0.0872,22.5476,3.6709,1]},
{"frame":39,"values":[0.9895,0.0814,-0.1193,0,-0.0966,0.9872,-0.1272,0,0.1074,0.1374,0.9847,0,-0.0872,22.5476,3.6709,1]},
{"frame":40,"values":[0.9922,0.0534,-0.1129,0,-0.0678,0.9896,-0.1272,0,0.105,0.1338,0.9854,0,-0.0872,22.5476,3.6709,1]},
{"frame":41,"values":[0.9934,0.0379,-0.1084,0,-0.0518,0.9904,-0.1281,0,0.1025,0.1329,0.9858,0,-0.0872,22.5476,3.6709,1]},
{"frame":42,"values":[0.9938,0.0343,-0.1056,0,-0.0479,0.9905,-0.1287,0,0.1002,0.1329,0.986,0,-0.0872,22.5477,3.6709,1]},
{"frame":43,"values":[0.994,0.0381,-0.1027,0,-0.0513,0.9903,-0.1291,0,0.0968,0.1336,0.9863,0,-0.0872,22.5476,3.6709,1]},
{"frame":44,"values":[0.9937,0.0499,-0.1003,0,-0.0627,0.9896,-0.1296,0,0.0928,0.1351,0.9865,0,-0.0872,22.5476,3.6709,1]},
{"frame":45,"values":[0.993,0.0666,-0.0979,0,-0.0792,0.9883,-0.1303,0,0.0881,0.1372,0.9866,0,-0.0872,22.5476,3.6709,1]},
{"frame":46,"values":[0.9917,0.0857,-0.0954,0,-0.0978,0.9865,-0.1311,0,0.0828,0.1394,0.9868,0,-0.0872,22.5476,3.6709,1]},
{"frame":47,"values":[0.9901,0.1053,-0.0928,0,-0.117,0.9843,-0.1319,0,0.0774,0.1414,0.9869,0,-0.0872,22.5476,3.6709,1]},
{"frame":48,"values":[0.9882,0.1237,-0.0902,0,-0.135,0.982,-0.1323,0,0.0722,0.1429,0.9871,0,-0.0872,22.5476,3.6709,1]}],"loopBehavior":1,"name":"anim","property":"_matrix"}},
{"name":"mixamorig:HeadTop_End","index":6,"matrix":[1,0,0,0,0,1,0,0,0,0,1,0,-0.8306,40.3552,7.8935,1],"rest":[1,0,0,0,0,1,0,0,0,0,1,0,-0.8306,40.3552,7.8935,1],"parentBoneIndex":5,"length":30.5924
,"animation":{"dataType":3,"framePerSecond":24,"keys":[
{"frame":1,"values":[1,0,0,0,0,1,0,0,0,0,1,0,-0.8306,40.3552,7.8935,1]},
{"frame":19,"values":[1,0,0,0,0,1,0,0,0,0,1,0,-0.8306,40.3551,7.8935,1]},
{"frame":20,"values":[1,0,0,0,0,1,0,0,0,0,1,0,-0.8306,40.3552,7.8935,1]},
{"frame":42,"values":[1,0,0,0,0,1,0,0,0,0,1,0,-0.8306,40.3553,7.8935,1]},
{"frame":43,"values":[1,0,0,0,0,1,0,0,0,0,1,0,-0.8306,40.3552,7.8935,1]},
{"frame":48,"values":[1,0,0,0,0,1,0,0,0,0,1,0,-0.8306,40.3552,7.8935,1]}],"loopBehavior":1,"name":"anim","property":"_matrix"}},
{"name":"mixamorig:RightEye","index":7,"matrix":[1,0,0,0,0,1,0,0,0,0,1,0,-6.3021,18.1186,16.1971,1],"rest":[1,0,0,0,0,1,0,0,0,0,1,0,-6.3021,18.1186,16.1971,1],"parentBoneIndex":5,"length":30.5924
,"animation":{"dataType":3,"framePerSecond":24,"keys":[
{"frame":1,"values":[1,0,0,0,0,1,0,0,0,0,1,0,-6.3021,18.1186,16.1971,1]},
{"frame":19,"values":[1,0,0,0,0,1,0,0,0,0,1,0,-6.3021,18.1185,16.1971,1]},
{"frame":20,"values":[1,0,0,0,0,1,0,0,0,0,1,0,-6.3021,18.1186,16.1971,1]},
{"frame":42,"values":[1,0,0,0,0,1,0,0,0,0,1,0,-6.3021,18.1187,16.1971,1]},
{"frame":43,"values":[1,0,0,0,0,1,0,0,0,0,1,0,-6.3021,18.1186,16.1971,1]},
{"frame":48,"values":[1,0,0,0,0,1,0,0,0,0,1,0,-6.3021,18.1186,16.1971,1]}],"loopBehavior":1,"name":"anim","property":"_matrix"}},
{"name":"mixamorig:LeftEye","index":8,"matrix":[1,0,0,0,0,1,0,0,0,0,1,0,6.7415,18.3827,16.4019,1],"rest":[1,0,0,0,0,1,0,0,0,0,1,0,6.7415,18.3827,16.4019,1],"parentBoneIndex":5,"length":30.5924
,"animation":{"dataType":3,"framePerSecond":24,"keys":[
{"frame":1,"values":[1,0,0,0,0,1,0,0,0,0,1,0,6.7415,18.3827,16.4019,1]},
{"frame":19,"values":[1,0,0,0,0,1,0,0,0,0,1,0,6.7415,18.3826,16.4019,1]},
{"frame":20,"values":[1,0,0,0,0,1,0,0,0,0,1,0,6.7415,18.3827,16.4019,1]},
{"frame":39,"values":[1,0,0,0,0,1,0,0,0,0,1,0,6.7415,18.3828,16.4019,1]},
{"frame":40,"values":[1,0,0,0,0,1,0,0,0,0,1,0,6.7415,18.3827,16.4019,1]},
