{"producer":{"name":"Blender","version":"2.90.0","exporter_version":"2.80.1","file":"option_surprised.babylon"},
"autoClear":true,"clearColor":[0.0509,0.0509,0.0509],"gravity":[0,-9.81,0],
"materials":[{"name":"Material","id":"Material","customType":"BABYLON.PBRMaterial","backFaceCulling":true,"checkReadyOnlyOnce":false,"maxSimultaneousLights":4,"environmentIntensity":1,"albedo":[0.8,0.8,0.8],"reflectivity":[0.5,0.5,0.5],"roughness":0.4,"alpha":1,"transparencyMode":0,"alphaCutOff":0.4,"metallic":0}],
"multiMaterials":[],
"skeletons":[{"name":"Armature","id":0,"dimensionsAtRest":[379.1952,391.6652,55.677],"bones":[
{"name":"mixamorig:Hips","index":0,"matrix":[0.9999,-0.0004,0.0138,0,0.0015,0.9969,-0.0781,0,0.0138,-0.0781,-0.9968,0,-5.2558,188.0064,-6.971,1],"rest":[1,0,0,0,0,1,0,0,0,0,-1,0,0,201.6394,0,1],"parentBoneIndex":-1,"length":21.6784
,"animation":{"dataType":3,"framePerSecond":24,"keys":[
{"frame":1,"values":[0.9999,-0.0004,0.0138,0,0.0015,0.9969,-0.0781,0,0.0138,-0.0781,-0.9968,0,-5.2558,188.0064,-6.971,1]},
{"frame":2,"values":[0.9999,0.0003,0.0137,0,0.0008,0.9968,-0.0794,0,0.0137,-0.0794,-0.9968,0,-5.3339,188.0284,-7.0032,1]},
{"frame":3,"values":[0.9999,0.0005,0.0136,0,0.0006,0.9968,-0.0796,0,0.0136,-0.0796,-0.9967,0,-5.369,188.0621,-7.0411,1]},
{"frame":4,"values":[0.9999,0.0006,0.0136,0,0.0005,0.9968,-0.0794,0,0.0136,-0.0794,-0.9967,0,-5.3891,188.0701,-7.0712,1]},
{"frame":5,"values":[0.9999,0.0007,0.0136,0,0.0004,0.9968,-0.0796,0,0.0137,-0.0796,-0.9967,0,-5.4015,188.0973,-7.0851,1]},
{"frame":6,"values":[0.9999,0.0007,0.0137,0,0.0004,0.9968,-0.0797,0,0.0138,-0.0797,-0.9967,0,-5.4094,188.1135,-7.0938,1]},
{"frame":7,"values":[0.9999,0.0006,0.0137,0,0.0005,0.9968,-0.0799,0,0.0138,-0.0799,-0.9967,0,-5.4224,188.1077,-7.0928,1]},
{"frame":8,"values":[0.9999,0.0005,0.0139,0,0.0006,0.9968,-0.08,0,0.0139,-0.08,-0.9967,0,-5.432,188.1105,-7.0756,1]},
{"frame":9,"values":[0.9999,0.0002,0.0139,0,0.0009,0.9968,-0.0799,0,0.0139,-0.0799,-0.9967,0,-5.4255,188.1165,-7.0596,1]},
{"frame":10,"values":[0.9999,0.0001,0.0136,0,0.001,0.9968,-0.0796,0,0.0136,-0.0796,-0.9967,0,-5.3878,188.1191,-7.0345,1]},
{"frame":11,"values":[0.9999,-0.0002,0.0136,0,0.0012,0.9969,-0.0789,0,0.0136,-0.0789,-0.9968,0,-5.3284,188.1053,-6.9856,1]},
{"frame":12,"values":[0.9999,0.0018,0.0123,0,-0.0009,0.997,-0.078,0,0.0124,-0.078,-0.9969,0,-5.2378,187.9856,-6.864,1]},
{"frame":13,"values":[0.9999,0.0018,0.012,0,-0.0009,0.9971,-0.0759,0,0.0121,-0.0759,-0.997,0,-5.1499,187.8372,-6.7126,1]},
{"frame":14,"values":[0.9999,0.0012,0.0114,0,-0.0004,0.9975,-0.0703,0,0.0115,-0.0703,-0.9975,0,-5.0561,187.4738,-6.5112,1]},
{"frame":15,"values":[0.9999,-0.0066,0.0102,0,0.007,0.9989,-0.047,0,0.0098,-0.0471,-0.9988,0,-5.1474,187.1133,-6.2114,1]},
{"frame":16,"values":[0.9997,-0.0224,0.0077,0,0.0224,0.9997,-0.0055,0,0.0076,-0.0057,-1,0,-5.4461,186.4708,-5.9228,1]},
{"frame":17,"values":[0.9992,-0.0395,0.0036,0,0.0394,0.9988,0.0304,0,0.0048,0.0302,-0.9995,0,-5.7866,185.5006,-6.0048,1]},
{"frame":18,"values":[0.9986,-0.052,0.0025,0,0.0518,0.9974,0.0504,0,0.0051,0.0502,-0.9987,0,-5.9993,184.2646,-6.4409,1]},
{"frame":19,"values":[0.998,-0.0624,0.005,0,0.0619,0.9955,0.0711,0,0.0095,0.0707,-0.9975,0,-6.1734,182.8484,-6.911,1]},
{"frame":20,"values":[0.9974,-0.0721,0.0065,0,0.0711,0.9922,0.1021,0,0.0138,0.1013,-0.9948,0,-6.2328,181.6122,-7.2436,1]},
{"frame":21,"values":[0.9966,-0.082,0.011,0,0.0798,0.9881,0.1312,0,0.0216,0.1299,-0.9913,0,-6.0519,180.6109,-7.3767,1]},
{"frame":22,"values":[0.996,-0.0878,0.0193,0,0.0839,0.9851,0.15,0,0.0322,0.1477,-0.9885,0,-5.8322,179.7033,-7.2028,1]},
{"frame":23,"values":[0.9951,-0.0936,0.0304,0,0.0876,0.9831,0.1606,0,0.0449,0.1571,-0.9866,0,-5.6521,178.9795,-6.8746,1]},
{"frame":24,"values":[0.9938,-0.1029,0.042,0,0.0943,0.9808,0.1705,0,0.0587,0.1655,-0.9845,0,-5.4394,178.2875,-6.5348,1]},
{"frame":25,"values":[0.9928,-0.1106,0.047,0,0.1003,0.9781,0.1826,0,0.0661,0.1766,-0.9821,0,-5.1247,177.5147,-6.1097,1]},
{"frame":26,"values":[0.992,-0.1169,0.0467,0,0.1058,0.9753,0.1941,0,0.0682,0.1876,-0.9799,0,-4.7297,176.7757,-5.677,1]},
{"frame":27,"values":[0.9917,-0.1215,0.0431,0,0.1103,0.9728,0.2035,0,0.0666,0.197,-0.9781,0,-4.3332,176.0938,-5.2575,1]},
{"frame":28,"values":[0.9915,-0.1242,0.0377,0,0.1136,0.9706,0.212,0,0.0629,0.2059,-0.9765,0,-3.965,175.5037,-4.8735,1]},
{"frame":29,"values":[0.9914,-0.1266,0.0323,0,0.1167,0.9688,0.2185,0,0.0589,0.2129,-0.9753,0,-3.6065,174.9926,-4.504,1]},
{"frame":30,"values":[0.9914,-0.1283,0.0276,0,0.119,0.9674,0.2234,0,0.0553,0.2182,-0.9743,0,-3.2769,174.5595,-4.1863,1]},
{"frame":31,"values":[0.9914,-0.1285,0.0234,0,0.1199,0.9665,0.227,0,0.0517,0.2222,-0.9736,0,-2.9668,174.215,-3.9116,1]},
{"frame":32,"values":[0.9914,-0.1289,0.0205,0,0.1208,0.9659,0.229,0,0.0493,0.2245,-0.9732,0,-2.6915,173.9537,-3.6512,1]},
{"frame":33,"values":[0.9915,-0.1289,0.0192,0,0.121,0.9655,0.2305,0,0.0482,0.2262,-0.9729,0,-2.4562,173.7936,-3.4172,1]},
{"frame":34,"values":[0.9916,-0.1281,0.0174,0,0.1206,0.9652,0.232,0,0.0465,0.2279,-0.9726,0,-2.256,173.7412,-3.2024,1]},
{"frame":35,"values":[0.9917,-0.1278,0.0151,0,0.1209,0.9652,0.232,0,0.0443,0.2283,-0.9726,0,-2.072,173.7301,-2.9919,1]},
{"frame":36,"values":[0.9917,-0.1276,0.0135,0,0.121,0.9652,0.2317,0,0.0426,0.2282,-0.9727,0,-1.9371,173.72,-2.8275,1]},
{"frame":37,"values":[0.9918,-0.1273,0.012,0,0.1211,0.9652,0.2317,0,0.0411,0.2283,-0.9727,0,-1.8489,173.7101,-2.6989,1]},
{"frame":38,"values":[0.9918,-0.1272,0.0108,0,0.1213,0.9654,0.231,0,0.0398,0.2278,-0.9729,0,-1.7797,173.6958,-2.5888,1]},
{"frame":39,"values":[0.9918,-0.1272,0.0102,0,0.1215,0.9656,0.23,0,0.0391,0.2269,-0.9731,0,-1.7359,173.6726,-2.4916,1]},
{"frame":40,"values":[0.9918,-0.1272,0.0092,0,0.1217,0.9657,0.2293,0,0.0381,0.2263,-0.9733,0,-1.7112,173.6542,-2.4266,1]},
{"frame":41,"values":[0.9919,-0.1271,0.0076,0,0.122,0.9658,0.2288,0,0.0365,0.226,-0.9734,0,-1.677,173.6471,-2.3947,1]},
{"frame":42,"values":[0.9919,-0.1269,0.0056,0,0.1223,0.9659,0.2283,0,0.0343,0.2258,-0.9736,0,-1.6485,173.6499,-2.4414,1]},
{"frame":43,"values":[0.9919,-0.1271,0.0042,0,0.1228,0.966,0.2277,0,0.033,0.2253,-0.9737,0,-1.6361,173.6607,-2.5242,1]},
{"frame":44,"values":[0.9919,-0.1273,0.0038,0,0.1231,0.9661,0.2271,0,0.0325,0.2248,-0.9739,0,-1.6246,173.6517,-2.5888,1]},
{"frame":45,"values":[0.9919,-0.1269,0.0043,0,0.1227,0.9662,0.2268,0,0.0329,0.2244,-0.9739,0,-1.6325,173.647,-2.696,1]},
{"frame":46,"values":[0.9919,-0.1269,0.0043,0,0.1227,0.9665,0.2256,0,0.0328,0.2233,-0.9742,0,-1.6351,173.64,-2.7954,1]},
{"frame":47,"values":[0.9919,-0.1271,0.0041,0,0.1229,0.9668,0.2241,0,0.0324,0.2217,-0.9746,0,-1.6172,173.6118,-2.8716,1]},
{"frame":48,"values":[0.9919,-0.127,0.004,0,0.1229,0.967,0.2231,0,0.0323,0.2208,-0.9748,0,-1.5952,173.6034,-2.9924,1]},
{"frame":49,"values":[0.9919,-0.1267,0.0041,0,0.1227,0.9674,0.2217,0,0.032,0.2194,-0.9751,0,-1.5648,173.5988,-3.1309,1]},
{"frame":50,"values":[0.992,-0.1265,0.0039,0,0.1226,0.9677,0.2204,0,0.0316,0.2181,-0.9754,0,-1.5139,173.5874,-3.2804,1]},
{"frame":51,"values":[0.992,-0.1262,0.0038,0,0.1222,0.9679,0.2194,0,0.0314,0.2172,-0.9756,0,-1.4572,173.582,-3.4401,1]},
{"frame":52,"values":[0.9921,-0.1257,0.0033,0,0.122,0.9682,0.2185,0,0.0307,0.2164,-0.9758,0,-1.4006,173.5822,-3.6164,1]},
{"frame":53,"values":[0.9921,-0.1256,0.0032,0,0.1219,0.9684,0.2176,0,0.0305,0.2155,-0.976,0,-1.3324,173.6051,-3.8289,1]},
{"frame":54,"values":[0.9921,-0.1257,0.0035,0,0.122,0.9686,0.2165,0,0.0307,0.2143,-0.9763,0,-1.2505,173.6317,-4.039,1]},
{"frame":55,"values":[0.992,-0.126,0.0037,0,0.1222,0.9688,0.2155,0,0.0308,0.2133,-0.9765,0,-1.1522,173.6391,-4.2226,1]},
{"frame":56,"values":[0.9921,-0.1257,0.003,0,0.1222,0.9691,0.2145,0,0.0299,0.2124,-0.9767,0,-1.0286,173.6603,-4.4028,1]},
{"frame":57,"values":[0.9921,-0.1256,0.0015,0,0.1224,0.9694,0.2126,0,0.0281,0.2108,-0.9771,0,-0.8831,173.6819,-4.5813,1]},
{"frame":58,"values":[0.9921,-0.1258,0.0003,0,0.1229,0.9698,0.2107,0,0.0268,0.209,-0.9775,0,-0.7332,173.7094,-4.7533,1]},
{"frame":59,"values":[0.9921,-0.1258,-0.0008,0,0.1232,0.9701,0.209,0,0.0255,0.2074,-0.9779,0,-0.5837,173.7549,-4.9261,1]},
{"frame":60,"values":[0.992,-0.1262,-0.0018,0,0.1238,0.9705,0.2068,0,0.0244,0.2053,-0.9784,0,-0.4746,173.8034,-5.0802,1]},
{"frame":61,"values":[0.9919,-0.1272,-0.0026,0,0.125,0.9708,0.2048,0,0.0235,0.2034,-0.9788,0,-0.4493,173.8828,-5.2341,1]},
{"frame":62,"values":[0.9918,-0.1275,-0.0039,0,0.1257,0.9712,0.2025,0,0.022,0.2013,-0.9793,0,-0.4424,173.9824,-5.4142,1]},
{"frame":63,"values":[0.9918,-0.128,-0.0053,0,0.1264,0.9716,0.2001,0,0.0205,0.1992,-0.9798,0,-0.4463,174.079,-5.6397,1]},
{"frame":64,"values":[0.9917,-0.1283,-0.0059,0,0.1269,0.972,0.198,0,0.0196,0.1971,-0.9802,0,-0.4642,174.1694,-5.8759,1]},
{"frame":65,"values":[0.9918,-0.1279,-0.0055,0,0.1265,0.9725,0.1955,0,0.0196,0.1946,-0.9807,0,-0.5039,174.2554,-6.1259,1]},
{"frame":66,"values":[0.9919,-0.1269,-0.0036,0,0.1252,0.9731,0.1935,0,0.021,0.1924,-0.9811,0,-0.5626,174.3661,-6.3812,1]},
{"frame":67,"values":[0.9921,-0.1252,-0.0001,0,0.123,0.9738,0.1914,0,0.0238,0.1899,-0.9815,0,-0.6339,174.5101,-6.6488,1]},
{"frame":68,"values":[0.9925,-0.1224,0.0036,0,0.1196,0.975,0.1873,0,0.0264,0.1854,-0.9823,0,-0.7203,174.6901,-6.925,1]},
{"frame":69,"values":[0.9928,-0.1193,0.0075,0,0.116,0.9765,0.1819,0,0.029,0.1797,-0.9833,0,-0.8148,174.9174,-7.1582,1]},
{"frame":70,"values":[0.9932,-0.1155,0.0124,0,0.1115,0.978,0.1763,0,0.0325,0.1737,-0.9843,0,-0.9238,175.2086,-7.3387,1]},
{"frame":71,"values":[0.9936,-0.1113,0.0173,0,0.1068,0.9796,0.1703,0,0.0359,0.1673,-0.9852,0,-1.0342,175.5546,-7.4748,1]},
{"frame":72,"values":[0.9941,-0.1067,0.0215,0,0.1018,0.9813,0.1633,0,0.0385,0.1601,-0.9863,0,-1.1422,175.9505,-7.5725,1]},
{"frame":73,"values":[0.9946,-0.101,0.0239,0,0.0961,0.9832,0.1555,0,0.0392,0.1523,-0.9876,0,-1.2466,176.3958,-7.6352,1]},
{"frame":74,"values":[0.9951,-0.0953,0.0248,0,0.0907,0.985,0.1465,0,0.0383,0.1436,-0.9889,0,-1.3433,176.92,-7.6693,1]},
{"frame":75,"values":[0.9957,-0.0896,0.0247,0,0.0854,0.9869,0.1371,0,0.0367,0.1344,-0.9902,0,-1.4355,177.5378,-7.6684,1]},
{"frame":76,"values":[0.9962,-0.0842,0.0244,0,0.0805,0.9886,0.1271,0,0.0348,0.1247,-0.9916,0,-1.5266,178.2449,-7.6417,1]},
{"frame":77,"values":[0.9966,-0.0793,0.0237,0,0.076,0.9903,0.1165,0,0.0327,0.1143,-0.9929,0,-1.6156,179.0288,-7.5967,1]},
{"frame":78,"values":[0.9969,-0.0746,0.0231,0,0.0718,0.9918,0.1055,0,0.0308,0.1035,-0.9941,0,-1.7011,179.8888,-7.5399,1]},
{"frame":79,"values":[0.9973,-0.0702,0.0228,0,0.0677,0.9933,0.094,0,0.0292,0.0922,-0.9953,0,-1.8536,180.7609,-7.4797,1]},
{"frame":80,"values":[0.9976,-0.065,0.0228,0,0.0629,0.9947,0.0808,0,0.0279,0.0792,-0.9965,0,-2.0397,181.6511,-7.4177,1]},
{"frame":81,"values":[0.9979,-0.0601,0.0224,0,0.0585,0.9962,0.0651,0,0.0262,0.0637,-0.9976,0,-2.2386,182.6626,-7.3734,1]},
{"frame":82,"values":[0.9983,-0.0554,0.0204,0,0.0544,0.9973,0.0486,0,0.023,0.0474,-0.9986,0,-2.4602,183.7975,-7.3408,1]},
{"frame":83,"values":[0.9986,-0.0507,0.0172,0,0.0502,0.9982,0.0319,0,0.0188,0.031,-0.9993,0,-2.7,184.9325,-7.3096,1]},
{"frame":84,"values":[0.9988,-0.0459,0.015,0,0.0457,0.9988,0.0147,0,0.0156,0.014,-0.9998,0,-2.9634,185.9929,-7.2852,1]},
{"frame":85,"values":[0.9991,-0.041,0.0136,0,0.041,0.9992,-0.0028,0,0.0135,-0.0033,-0.9999,0,-3.2593,186.768,-7.2733,1]},
{"frame":86,"values":[0.9993,-0.0363,0.0128,0,0.0366,0.9992,-0.0187,0,0.0121,-0.0191,-0.9997,0,-3.5338,187.2123,-7.256,1]},
{"frame":87,"values":[0.9994,-0.0319,0.0124,0,0.0323,0.999,-0.0312,0,0.0114,-0.0316,-0.9994,0,-3.747,187.4661,-7.2205,1]},
{"frame":88,"values":[0.9995,-0.0276,0.0122,0,0.0281,0.9988,-0.0412,0,0.011,-0.0416,-0.9991,0,-3.9044,187.6613,-7.2092,1]},
{"frame":89,"values":[0.9997,-0.0234,0.0123,0,0.0239,0.9985,-0.0488,0,0.0111,-0.049,-0.9987,0,-4.0588,187.7827,-7.2185,1]},
{"frame":90,"values":[0.9997,-0.0194,0.0126,0,0.0201,0.9983,-0.054,0,0.0116,-0.0542,-0.9985,0,-4.1993,187.8582,-7.2007,1]},
{"frame":91,"values":[0.9998,-0.0156,0.0129,0,0.0163,0.9981,-0.0589,0,0.012,-0.0591,-0.9982,0,-4.3508,187.9544,-7.1952,1]},
{"frame":92,"values":[0.9998,-0.0118,0.0134,0,0.0126,0.9979,-0.0635,0,0.0126,-0.0637,-0.9979,0,-4.5158,188.0332,-7.1993,1]},
{"frame":93,"values":[0.9999,-0.0085,0.0136,0,0.0094,0.9976,-0.0679,0,0.013,-0.068,-0.9976,0,-4.6983,188.0776,-7.1938,1]},
{"frame":94,"values":[0.9999,-0.0053,0.0138,0,0.0063,0.9974,-0.0718,0,0.0134,-0.0719,-0.9973,0,-4.8957,188.0678,-7.166,1]},
{"frame":95,"values":[0.9999,-0.0028,0.014,0,0.0039,0.9972,-0.0751,0,0.0138,-0.0752,-0.9971,0,-5.0769,188.0355,-7.1091,1]},
{"frame":96,"values":[0.9999,-0.0013,0.014,0,0.0024,0.997,-0.0772,0,0.0138,-0.0772,-0.9969,0,-5.1989,188.0131,-7.0428,1]},
{"frame":97,"values":[0.9999,-0.0004,0.0138,0,0.0015,0.9969,-0.0781,0,0.0138,-0.0781,-0.9968,0,-5.2558,188.0064,-6.971,1]}],"loopBehavior":1,"name":"anim","property":"_matrix"}},
{"name":"mixamorig:Spine","index":1,"matrix":[0.9991,-0.0317,0.0286,0,0.0293,0.9965,0.0783,0,-0.031,-0.0774,0.9965,0,0.0062,19.525,-2.4818,1],"rest":[1,0,0,0,0,1,0,0,0,0,1,0,0.0062,19.525,-2.4818,1],"parentBoneIndex":0,"length":23.0091
,"animation":{"dataType":3,"framePerSecond":24,"keys":[
{"frame":1,"values":[0.9991,-0.0317,0.0286,0,0.0293,0.9965,0.0783,0,-0.031,-0.0774,0.9965,0,0.0062,19.525,-2.4818,1]},
{"frame":2,"values":[0.9991,-0.0303,0.0286,0,0.0279,0.9965,0.0785,0,-0.0309,-0.0777,0.9965,0,0.0062,19.525,-2.4818,1]},
{"frame":3,"values":[0.9991,-0.0303,0.0287,0,0.0279,0.9965,0.0788,0,-0.031,-0.0779,0.9965,0,0.0062,19.525,-2.4818,1]},
{"frame":4,"values":[0.9991,-0.0303,0.0288,0,0.028,0.9965,0.0792,0,-0.0311,-0.0783,0.9964,0,0.0062,19.525,-2.4818,1]},
{"frame":5,"values":[0.9991,-0.0305,0.029,0,0.0281,0.9964,0.0795,0,-0.0313,-0.0786,0.9964,0,0.0062,19.525,-2.4818,1]},
{"frame":6,"values":[0.9991,-0.0305,0.0291,0,0.0281,0.9964,0.0799,0,-0.0315,-0.079,0.9964,0,0.0062,19.525,-2.4818,1]},
{"frame":7,"values":[0.9991,-0.0305,0.0292,0,0.0281,0.9964,0.0802,0,-0.0315,-0.0793,0.9963,0,0.0062,19.525,-2.4818,1]},
{"frame":8,"values":[0.9991,-0.0304,0.0292,0,0.0279,0.9963,0.0807,0,-0.0315,-0.0798,0.9963,0,0.0062,19.525,-2.4818,1]},
{"frame":9,"values":[0.9991,-0.0302,0.0292,0,0.0278,0.9963,0.0813,0,-0.0315,-0.0804,0.9963,0,0.0062,19.525,-2.4818,1]},
{"frame":10,"values":[0.9991,-0.0302,0.0292,0,0.0277,0.9962,0.082,0,-0.0316,-0.0811,0.9962,0,0.0062,19.525,-2.4818,1]},
{"frame":11,"values":[0.9991,-0.0303,0.0293,0,0.0277,0.9962,0.083,0,-0.0317,-0.0821,0.9961,0,0.0062,19.525,-2.4818,1]},
{"frame":12,"values":[0.999,-0.0332,0.0291,0,0.0307,0.9961,0.0832,0,-0.0317,-0.0822,0.9961,0,0.0062,19.525,-2.4818,1]},
{"frame":13,"values":[0.999,-0.0333,0.029,0,0.0307,0.9958,0.0861,0,-0.0317,-0.0851,0.9959,0,0.0062,19.525,-2.4818,1]},
{"frame":14,"values":[0.999,-0.0335,0.0288,0,0.0308,0.9954,0.0905,0,-0.0317,-0.0895,0.9955,0,0.0062,19.525,-2.4818,1]},
{"frame":15,"values":[0.9989,-0.0367,0.0289,0,0.0336,0.9943,0.1008,0,-0.0324,-0.0997,0.9945,0,0.0062,19.525,-2.4818,1]},
{"frame":16,"values":[0.9986,-0.0418,0.0319,0,0.0376,0.9917,0.1226,0,-0.0368,-0.1212,0.9919,0,0.0062,19.525,-2.4818,1]},
{"frame":17,"values":[0.9985,-0.0436,0.0331,0,0.0389,0.9903,0.1335,0,-0.0386,-0.132,0.9905,0,0.0062,19.525,-2.4818,1]},
{"frame":18,"values":[0.9984,-0.0461,0.0318,0,0.0419,0.9915,0.1229,0,-0.0372,-0.1213,0.9919,0,0.0062,19.525,-2.4818,1]},
{"frame":19,"values":[0.9982,-0.0512,0.0298,0,0.0475,0.9924,0.1135,0,-0.0354,-0.1119,0.9931,0,0.0062,19.525,-2.4818,1]},
{"frame":20,"values":[0.9981,-0.0553,0.0275,0,0.0516,0.9915,0.1192,0,-0.0339,-0.1175,0.9925,0,0.0062,19.525,-2.4818,1]},
{"frame":21,"values":[0.998,-0.0568,0.0263,0,0.0531,0.9907,0.1257,0,-0.0332,-0.124,0.9917,0,0.0062,19.525,-2.4818,1]},
{"frame":22,"values":[0.9977,-0.0629,0.0262,0,0.0591,0.9903,0.1261,0,-0.0339,-0.1242,0.9917,0,0.0062,19.525,-2.4818,1]},
{"frame":23,"values":[0.9972,-0.0696,0.0274,0,0.0658,0.9902,0.1229,0,-0.0357,-0.1207,0.992,0,0.0062,19.525,-2.4818,1]},
{"frame":24,"values":[0.9969,-0.0728,0.0298,0,0.0687,0.9904,0.1202,0,-0.0382,-0.1177,0.9923,0,0.0062,19.525,-2.4818,1]},
{"frame":25,"values":[0.9968,-0.0737,0.0294,0,0.0696,0.9902,0.1213,0,-0.0381,-0.1189,0.9922,0,0.0062,19.525,-2.4818,1]},
{"frame":26,"values":[0.997,-0.0727,0.0275,0,0.0688,0.99,0.1227,0,-0.0361,-0.1205,0.9921,0,0.0062,19.525,-2.4818,1]},
{"frame":27,"values":[0.997,-0.0729,0.0256,0,0.0692,0.99,0.1227,0,-0.0343,-0.1206,0.9921,0,0.0062,19.525,-2.4818,1]},
{"frame":28,"values":[0.9969,-0.0744,0.0244,0,0.0709,0.9898,0.1233,0,-0.0333,-0.1212,0.9921,0,0.0062,19.525,-2.4818,1]},
{"frame":29,"values":[0.9969,-0.0746,0.0238,0,0.0712,0.9897,0.124,0,-0.0328,-0.1219,0.992,0,0.0062,19.525,-2.4818,1]},
{"frame":30,"values":[0.9969,-0.0747,0.0235,0,0.0712,0.9897,0.1242,0,-0.0326,-0.1221,0.992,0,0.0062,19.525,-2.4818,1]},
{"frame":31,"values":[0.9969,-0.0756,0.0237,0,0.072,0.9896,0.1245,0,-0.0329,-0.1224,0.9919,0,0.0062,19.525,-2.4818,1]},
{"frame":32,"values":[0.9968,-0.0757,0.0243,0,0.0721,0.9896,0.1246,0,-0.0335,-0.1224,0.9919,0,0.0062,19.525,-2.4818,1]},
{"frame":33,"values":[0.9968,-0.0761,0.025,0,0.0725,0.9895,0.1249,0,-0.0343,-0.1227,0.9919,0,0.0062,19.525,-2.4818,1]},
{"frame":34,"values":[0.9967,-0.0768,0.0251,0,0.0731,0.9894,0.1259,0,-0.0345,-0.1236,0.9917,0,0.0062,19.525,-2.4818,1]},
{"frame":35,"values":[0.9968,-0.076,0.0251,0,0.0722,0.9894,0.1257,0,-0.0344,-0.1235,0.9918,0,0.0062,19.525,-2.4818,1]},
{"frame":36,"values":[0.9968,-0.075,0.0258,0,0.0712,0.9895,0.1254,0,-0.0349,-0.1232,0.9918,0,0.0062,19.525,-2.4818,1]},
{"frame":37,"values":[0.9969,-0.0745,0.0265,0,0.0706,0.9895,0.1259,0,-0.0356,-0.1237,0.9917,0,0.0062,19.525,-2.4818,1]},
{"frame":38,"values":[0.9969,-0.0738,0.0271,0,0.0699,0.9895,0.1267,0,-0.0361,-0.1244,0.9916,0,0.0062,19.525,-2.4818,1]},
{"frame":39,"values":[0.9969,-0.0734,0.0277,0,0.0693,0.9894,0.1276,0,-0.0368,-0.1253,0.9914,0,0.0062,19.525,-2.4818,1]},
{"frame":40,"values":[0.9969,-0.0731,0.0281,0,0.0689,0.9893,0.1287,0,-0.0372,-0.1264,0.9913,0,0.0062,19.525,-2.4818,1]},
{"frame":41,"values":[0.9969,-0.0729,0.028,0,0.0687,0.9892,0.1294,0,-0.0371,-0.1271,0.9912,0,0.0062,19.525,-2.4818,1]},
{"frame":42,"values":[0.997,-0.0727,0.0282,0,0.0684,0.9892,0.1293,0,-0.0373,-0.1269,0.9912,0,0.0062,19.525,-2.4818,1]},
{"frame":43,"values":[0.997,-0.0724,0.0285,0,0.0682,0.9893,0.1292,0,-0.0375,-0.1269,0.9912,0,0.0062,19.525,-2.4818,1]},
{"frame":44,"values":[0.9969,-0.0725,0.0291,0,0.0682,0.9892,0.1298,0,-0.0382,-0.1274,0.9911,0,0.0062,19.525,-2.4818,1]},
{"frame":45,"values":[0.9969,-0.0733,0.0294,0,0.0689,0.989,0.1307,0,-0.0386,-0.1283,0.991,0,0.0062,19.525,-2.4818,1]},
{"frame":46,"values":[0.9968,-0.0738,0.0296,0,0.0693,0.9889,0.1312,0,-0.039,-0.1287,0.9909,0,0.0062,19.525,-2.4818,1]},
{"frame":47,"values":[0.9969,-0.0734,0.0298,0,0.0689,0.9889,0.1316,0,-0.0392,-0.1291,0.9909,0,0.0062,19.525,-2.4818,1]},
{"frame":48,"values":[0.9969,-0.0733,0.0298,0,0.0688,0.9888,0.1322,0,-0.0392,-0.1297,0.9908,0,0.0062,19.525,-2.4818,1]},
{"frame":49,"values":[0.9968,-0.0734,0.03,0,0.0688,0.9888,0.1325,0,-0.0394,-0.13,0.9907,0,0.0062,19.525,-2.4818,1]},
{"frame":50,"values":[0.9969,-0.0727,0.0296,0,0.0681,0.9888,0.1328,0,-0.039,-0.1304,0.9907,0,0.0062,19.525,-2.4818,1]},
{"frame":51,"values":[0.9969,-0.0726,0.0296,0,0.068,0.9887,0.1337,0,-0.039,-0.1312,0.9906,0,0.0062,19.525,-2.4818,1]},
{"frame":52,"values":[0.9969,-0.0731,0.0297,0,0.0685,0.9886,0.1343,0,-0.0392,-0.1318,0.9905,0,0.0062,19.525,-2.4818,1]},
{"frame":53,"values":[0.9969,-0.0732,0.03,0,0.0686,0.9886,0.1339,0,-0.0395,-0.1315,0.9905,0,0.0062,19.525,-2.4818,1]},
{"frame":54,"values":[0.9969,-0.0732,0.0304,0,0.0685,0.9886,0.1338,0,-0.0398,-0.1313,0.9905,0,0.0062,19.525,-2.4818,1]},
{"frame":55,"values":[0.9968,-0.0733,0.0309,0,0.0685,0.9885,0.1349,0,-0.0404,-0.1323,0.9904,0,0.0062,19.525,-2.4818,1]},
{"frame":56,"values":[0.9968,-0.0735,0.0312,0,0.0686,0.9883,0.136,0,-0.0409,-0.1334,0.9902,0,0.0062,19.525,-2.4818,1]},
{"frame":57,"values":[0.9968,-0.073,0.0311,0,0.0682,0.9883,0.1362,0,-0.0407,-0.1336,0.9902,0,0.0062,19.525,-2.4818,1]},
{"frame":58,"values":[0.9969,-0.0728,0.0315,0,0.0678,0.9883,0.1366,0,-0.0411,-0.134,0.9901,0,0.0062,19.525,-2.4818,1]},
{"frame":59,"values":[0.9968,-0.0734,0.0319,0,0.0684,0.9882,0.1371,0,-0.0416,-0.1344,0.99,0,0.0062,19.525,-2.4818,1]},
{"frame":60,"values":[0.9968,-0.0736,0.0319,0,0.0685,0.9881,0.1374,0,-0.0416,-0.1348,0.99,0,0.0062,19.525,-2.4818,1]},
{"frame":61,"values":[0.9968,-0.0732,0.0319,0,0.0682,0.9881,0.1379,0,-0.0416,-0.1353,0.9899,0,0.0062,19.525,-2.4818,1]},
{"frame":62,"values":[0.9968,-0.0736,0.0321,0,0.0686,0.9881,0.138,0,-0.0419,-0.1354,0.9899,0,0.0062,19.525,-2.4818,1]},
{"frame":63,"values":[0.9967,-0.0738,0.0323,0,0.0687,0.988,0.1384,0,-0.0421,-0.1358,0.9898,0,0.0062,19.525,-2.4818,1]},
{"frame":64,"values":[0.9968,-0.0738,0.0322,0,0.0686,0.9879,0.139,0,-0.042,-0.1363,0.9898,0,0.0062,19.525,-2.4818,1]},
{"frame":65,"values":[0.9968,-0.0734,0.0319,0,0.0683,0.988,0.1387,0,-0.0417,-0.1361,0.9898,0,0.0062,19.525,-2.4818,1]},
{"frame":66,"values":[0.9969,-0.0726,0.0318,0,0.0675,0.988,0.1388,0,-0.0415,-0.1363,0.9898,0,0.0062,19.525,-2.4818,1]},
{"frame":67,"values":[0.9969,-0.0717,0.0319,0,0.0667,0.9882,0.1382,0,-0.0415,-0.1357,0.9899,0,0.0062,19.525,-2.4818,1]},
{"frame":68,"values":[0.997,-0.0701,0.0316,0,0.0651,0.9885,0.1368,0,-0.0408,-0.1343,0.9901,0,0.0062,19.525,-2.4818,1]},
{"frame":69,"values":[0.9972,-0.0675,0.0308,0,0.0627,0.9889,0.1347,0,-0.0395,-0.1324,0.9904,0,0.0062,19.525,-2.4818,1]},
{"frame":70,"values":[0.9974,-0.0653,0.0301,0,0.0607,0.9894,0.1321,0,-0.0384,-0.1299,0.9908,0,0.0062,19.525,-2.4818,1]},
{"frame":71,"values":[0.9976,-0.0629,0.0288,0,0.0587,0.9899,0.1293,0,-0.0366,-0.1273,0.9912,0,0.0062,19.525,-2.4818,1]},
{"frame":72,"values":[0.9978,-0.0602,0.0272,0,0.0563,0.9904,0.126,0,-0.0345,-0.1242,0.9917,0,0.0062,19.525,-2.4818,1]},
{"frame":73,"values":[0.998,-0.0578,0.0246,0,0.0543,0.991,0.1226,0,-0.0315,-0.121,0.9922,0,0.0062,19.525,-2.4818,1]},
{"frame":74,"values":[0.9982,-0.0561,0.0219,0,0.0531,0.9915,0.1191,0,-0.0284,-0.1177,0.9926,0,0.0062,19.525,-2.4818,1]},
{"frame":75,"values":[0.9983,-0.0545,0.0197,0,0.0519,0.9919,0.1158,0,-0.0258,-0.1146,0.9931,0,0.0062,19.525,-2.4818,1]},
{"frame":76,"values":[0.9985,-0.0525,0.0182,0,0.0502,0.9924,0.1121,0,-0.024,-0.111,0.9935,0,0.0062,19.525,-2.4818,1]},
{"frame":77,"values":[0.9986,-0.0512,0.0157,0,0.0492,0.9929,0.1085,0,-0.0212,-0.1076,0.994,0,0.0062,19.525,-2.4818,1]},
{"frame":78,"values":[0.9987,-0.0504,0.0123,0,0.0488,0.9933,0.105,0,-0.0175,-0.1043,0.9944,0,0.0062,19.525,-2.4818,1]},
{"frame":79,"values":[0.9987,-0.0499,0.0095,0,0.0486,0.9936,0.1016,0,-0.0145,-0.101,0.9948,0,0.0062,19.525,-2.4818,1]},
{"frame":80,"values":[0.9988,-0.0492,0.0081,0,0.0482,0.994,0.0982,0,-0.0129,-0.0976,0.9951,0,0.0062,19.525,-2.4818,1]},
{"frame":81,"values":[0.9988,-0.0485,0.0077,0,0.0475,0.9944,0.0947,0,-0.0123,-0.0942,0.9955,0,0.0062,19.525,-2.4818,1]},
{"frame":82,"values":[0.9988,-0.0481,0.0078,0,0.0472,0.9948,0.0907,0,-0.0122,-0.0903,0.9958,0,0.0062,19.525,-2.4818,1]},
{"frame":83,"values":[0.9988,-0.048,0.0083,0,0.0471,0.9952,0.0861,0,-0.0123,-0.0856,0.9963,0,0.0062,19.525,-2.4818,1]},
{"frame":84,"values":[0.9988,-0.0477,0.0096,0,0.0468,0.9955,0.0818,0,-0.0135,-0.0813,0.9966,0,0.0062,19.525,-2.4818,1]},
{"frame":85,"values":[0.9988,-0.0475,0.0114,0,0.0465,0.9958,0.0788,0,-0.0151,-0.0782,0.9968,0,0.0062,19.525,-2.4818,1]},
{"frame":86,"values":[0.9988,-0.0473,0.0137,0,0.0461,0.996,0.0766,0,-0.0172,-0.0759,0.997,0,0.0062,19.525,-2.4818,1]},
{"frame":87,"values":[0.9988,-0.0471,0.0164,0,0.0457,0.9961,0.0756,0,-0.0199,-0.0747,0.997,0,0.0062,19.525,-2.4818,1]},
{"frame":88,"values":[0.9987,-0.0469,0.0199,0,0.0453,0.9961,0.0757,0,-0.0234,-0.0747,0.9969,0,0.0062,19.525,-2.4818,1]},
{"frame":89,"values":[0.9986,-0.0465,0.0234,0,0.0446,0.9961,0.0761,0,-0.0268,-0.075,0.9968,0,0.0062,19.525,-2.4818,1]},
{"frame":90,"values":[0.9986,-0.0456,0.0259,0,0.0435,0.9961,0.0766,0,-0.0293,-0.0754,0.9967,0,0.0062,19.525,-2.4818,1]},
{"frame":91,"values":[0.9987,-0.0442,0.0272,0,0.042,0.9962,0.0769,0,-0.0305,-0.0757,0.9967,0,0.0062,19.525,-2.4818,1]},
{"frame":92,"values":[0.9988,-0.0413,0.0281,0,0.039,0.9963,0.077,0,-0.0312,-0.0758,0.9966,0,0.0062,19.525,-2.4818,1]},
{"frame":93,"values":[0.9989,-0.0381,0.0284,0,0.0358,0.9964,0.077,0,-0.0312,-0.0759,0.9966,0,0.0062,19.525,-2.4818,1]},
{"frame":94,"values":[0.999,-0.0357,0.0284,0,0.0334,0.9965,0.0771,0,-0.0311,-0.0761,0.9966,0,0.0062,19.525,-2.4818,1]},
{"frame":95,"values":[0.999,-0.0339,0.0285,0,0.0316,0.9965,0.0775,0,-0.031,-0.0765,0.9966,0,0.0062,19.525,-2.4818,1]},
{"frame":96,"values":[0.9991,-0.0325,0.0285,0,0.0302,0.9965,0.0779,0,-0.031,-0.077,0.9966,0,0.0062,19.525,-2.4818,1]},
{"frame":97,"values":[0.9991,-0.0317,0.0286,0,0.0293,0.9965,0.0783,0,-0.031,-0.0774,0.9965,0,0.0062,19.525,-2.4818,1]}],"loopBehavior":1,"name":"anim","property":"_matrix"}},
{"name":"mixamorig:Spine1","index":2,"matrix":[1,-0.0022,0.0043,0,0.002,0.9991,0.0434,0,-0.0043,-0.0434,0.999,0,-0.0009,22.835,-2.8254,1],"rest":[1,0,0,0,0,1,0,0,0,0,1,0,-0.0009,22.835,-2.8254,1],"parentBoneIndex":1,"length":26.7438
,"animation":{"dataType":3,"framePerSecond":24,"keys":[
{"frame":1,"values":[1,-0.0022,0.0043,0,0.002,0.9991,0.0434,0,-0.0043,-0.0434,0.999,0,-0.0009,22.835,-2.8254,1]},
{"frame":2,"values":[1,-0.0021,0.0042,0,0.0019,0.9991,0.0434,0,-0.0043,-0.0434,0.999,0,-0.0009,22.835,-2.8254,1]},
{"frame":3,"values":[1,-0.002,0.0042,0,0.0018,0.9991,0.0435,0,-0.0043,-0.0435,0.999,0,-0.0009,22.835,-2.8254,1]},
{"frame":4,"values":[1,-0.0019,0.0043,0,0.0017,0.999,0.0436,0,-0.0043,-0.0436,0.999,0,-0.0009,22.835,-2.8254,1]},
{"frame":5,"values":[1,-0.0018,0.0043,0,0.0016,0.999,0.0437,0,-0.0044,-0.0437,0.999,0,-0.0009,22.835,-2.8254,1]},
{"frame":6,"values":[1,-0.0017,0.0043,0,0.0015,0.999,0.0438,0,-0.0044,-0.0437,0.999,0,-0.0009,22.835,-2.8254,1]},
{"frame":7,"values":[1,-0.0017,0.0043,0,0.0015,0.999,0.0438,0,-0.0044,-0.0438,0.999,0,-0.0009,22.835,-2.8254,1]},
{"frame":8,"values":[1,-0.0017,0.0043,0,0.0015,0.999,0.0439,0,-0.0044,-0.0439,0.999,0,-0.0009,22.835,-2.8254,1]},
{"frame":10,"values":[1,-0.0017,0.0043,0,0.0015,0.999,0.044,0,-0.0044,-0.044,0.999,0,-0.0009,22.835,-2.8254,1]},
{"frame":11,"values":[1,-0.0015,0.0043,0,0.0013,0.999,0.044,0,-0.0044,-0.044,0.999,0,-0.0009,22.835,-2.8254,1]},
{"frame":12,"values":[1,-0.001,0.0044,0,0.0008,0.999,0.0446,0,-0.0044,-0.0446,0.999,0,-0.0009,22.835,-2.8254,1]},
{"frame":13,"values":[1,-0.0008,0.0044,0,0.0006,0.999,0.0443,0,-0.0044,-0.0443,0.999,0,-0.0009,22.835,-2.8254,1]},
{"frame":14,"values":[1,-0.0005,0.0044,0,0.0003,0.999,0.0445,0,-0.0044,-0.0445,0.999,0,-0.0009,22.835,-2.8254,1]},
{"frame":15,"values":[1,0.0032,0.0047,0,-0.0034,0.9989,0.0474,0,-0.0045,-0.0474,0.9989,0,-0.0009,22.835,-2.8254,1]},
{"frame":16,"values":[0.9999,0.0096,0.0056,0,-0.0098,0.9986,0.0521,0,-0.0051,-0.0522,0.9986,0,-0.0009,22.835,-2.8254,1]},
{"frame":17,"values":[0.9999,0.0108,0.0059,0,-0.0111,0.9985,0.054,0,-0.0054,-0.0541,0.9985,0,-0.0009,22.835,-2.8254,1]},
{"frame":18,"values":[0.9999,0.0093,0.0057,0,-0.0096,0.9986,0.0517,0,-0.0052,-0.0518,0.9986,0,-0.0009,22.835,-2.8254,1]},
{"frame":19,"values":[0.9999,0.0095,0.0054,0,-0.0098,0.9988,0.0486,0,-0.0049,-0.0487,0.9988,0,-0.0009,22.835,-2.8254,1]},
{"frame":20,"values":[0.9999,0.0086,0.0051,0,-0.0089,0.999,0.0435,0,-0.0047,-0.0435,0.999,0,-0.0009,22.835,-2.8254,1]},
{"frame":21,"values":[1,0.0061,0.0048,0,-0.0063,0.9993,0.038,0,-0.0045,-0.038,0.9993,0,-0.0009,22.835,-2.8254,1]},
{"frame":22,"values":[1,0.0052,0.0048,0,-0.0054,0.9994,0.0355,0,-0.0046,-0.0356,0.9994,0,-0.0009,22.835,-2.8254,1]},
{"frame":23,"values":[1,0.0056,0.005,0,-0.0057,0.9993,0.0358,0,-0.0048,-0.0358,0.9993,0,-0.0009,22.835,-2.8254,1]},
{"frame":24,"values":[1,0.0068,0.0055,0,-0.007,0.9993,0.0369,0,-0.0052,-0.037,0.9993,0,-0.0009,22.835,-2.8254,1]},
{"frame":25,"values":[1,0.0071,0.0055,0,-0.0073,0.9993,0.0377,0,-0.0052,-0.0377,0.9993,0,-0.0009,22.835,-2.8254,1]},
{"frame":26,"values":[1,0.0064,0.0052,0,-0.0066,0.9992,0.0382,0,-0.0049,-0.0382,0.9993,0,-0.0009,22.835,-2.8254,1]},
{"frame":27,"values":[1,0.0065,0.005,0,-0.0067,0.9992,0.0388,0,-0.0047,-0.0388,0.9992,0,-0.0009,22.835,-2.8254,1]},
{"frame":28,"values":[1,0.0069,0.0048,0,-0.0071,0.9992,0.0393,0,-0.0046,-0.0393,0.9992,0,-0.0009,22.835,-2.8254,1]},
{"frame":29,"values":[1,0.0071,0.0048,0,-0.0073,0.9992,0.0399,0,-0.0045,-0.0399,0.9992,0,-0.0009,22.835,-2.8254,1]},
{"frame":30,"values":[1,0.0073,0.0048,0,-0.0075,0.9992,0.0405,0,-0.0045,-0.0406,0.9992,0,-0.0009,22.835,-2.8254,1]},
{"frame":31,"values":[1,0.0077,0.0048,0,-0.0079,0.9991,0.0407,0,-0.0045,-0.0408,0.9992,0,-0.0009,22.835,-2.8254,1]},
{"frame":32,"values":[1,0.0083,0.0049,0,-0.0084,0.9991,0.0411,0,-0.0046,-0.0412,0.9991,0,-0.0009,22.835,-2.8254,1]},
{"frame":33,"values":[0.9999,0.009,0.0051,0,-0.0092,0.9991,0.042,0,-0.0047,-0.042,0.9991,0,-0.0009,22.835,-2.8254,1]},
{"frame":34,"values":[0.9999,0.0096,0.0052,0,-0.0099,0.999,0.0427,0,-0.0048,-0.0428,0.9991,0,-0.0009,22.835,-2.8254,1]},
{"frame":35,"values":[0.9999,0.01,0.0052,0,-0.0103,0.999,0.0435,0,-0.0048,-0.0435,0.999,0,-0.0009,22.835,-2.8254,1]},
{"frame":36,"values":[0.9999,0.0104,0.0053,0,-0.0107,0.999,0.044,0,-0.0048,-0.0441,0.999,0,-0.0009,22.835,-2.8254,1]},
{"frame":37,"values":[0.9999,0.0109,0.0054,0,-0.0111,0.999,0.0442,0,-0.0049,-0.0443,0.999,0,-0.0009,22.835,-2.8254,1]},
{"frame":38,"values":[0.9999,0.0112,0.0055,0,-0.0115,0.999,0.0441,0,-0.005,-0.0442,0.999,0,-0.0009,22.835,-2.8254,1]},
{"frame":39,"values":[0.9999,0.0116,0.0056,0,-0.0118,0.999,0.0439,0,-0.0051,-0.044,0.999,0,-0.0009,22.835,-2.8254,1]},
{"frame":40,"values":[0.9999,0.0119,0.0057,0,-0.0122,0.999,0.0437,0,-0.0051,-0.0437,0.999,0,-0.0009,22.835,-2.8254,1]},
{"frame":41,"values":[0.9999,0.012,0.0057,0,-0.0122,0.999,0.0433,0,-0.0051,-0.0434,0.999,0,-0.0009,22.835,-2.8254,1]},
{"frame":42,"values":[0.9999,0.0118,0.0057,0,-0.012,0.999,0.0432,0,-0.0052,-0.0433,0.999,0,-0.0009,22.835,-2.8254,1]},
{"frame":43,"values":[0.9999,0.0118,0.0057,0,-0.0121,0.999,0.0434,0,-0.0052,-0.0434,0.999,0,-0.0009,22.835,-2.8254,1]},
{"frame":44,"values":[0.9999,0.0121,0.0058,0,-0.0123,0.999,0.0436,0,-0.0053,-0.0437,0.999,0,-0.0009,22.835,-2.8254,1]},
{"frame":45,"values":[0.9999,0.0122,0.0059,0,-0.0125,0.999,0.0438,0,-0.0054,-0.0439,0.999,0,-0.0009,22.835,-2.8254,1]},
{"frame":46,"values":[0.9999,0.0123,0.0059,0,-0.0125,0.999,0.0438,0,-0.0054,-0.0439,0.999,0,-0.0009,22.835,-2.8254,1]},
{"frame":47,"values":[0.9999,0.0123,0.006,0,-0.0125,0.999,0.0438,0,-0.0054,-0.0439,0.999,0,-0.0009,22.835,-2.8254,1]},
{"frame":48,"values":[0.9999,0.0124,0.006,0,-0.0126,0.9989,0.0441,0,-0.0054,-0.0442,0.999,0,-0.0009,22.835,-2.8254,1]},
{"frame":49,"values":[0.9999,0.0126,0.006,0,-0.0129,0.9989,0.0445,0,-0.0055,-0.0445,0.999,0,-0.0009,22.835,-2.8254,1]},
{"frame":50,"values":[0.9999,0.0122,0.006,0,-0.0124,0.9989,0.0444,0,-0.0054,-0.0445,0.999,0,-0.0009,22.835,-2.8254,1]},
{"frame":51,"values":[0.9999,0.0119,0.0059,0,-0.0122,0.9989,0.0442,0,-0.0054,-0.0443,0.999,0,-0.0009,22.835,-2.8254,1]},
{"frame":52,"values":[0.9999,0.012,0.006,0,-0.0123,0.999,0.0441,0,-0.0054,-0.0442,0.999,0,-0.0009,22.835,-2.8254,1]},
{"frame":53,"values":[0.9999,0.0121,0.006,0,-0.0123,0.9989,0.0445,0,-0.0055,-0.0446,0.999,0,-0.0009,22.835,-2.8254,1]},
{"frame":54,"values":[0.9999,0.0124,0.0061,0,-0.0127,0.9989,0.045,0,-0.0055,-0.045,0.999,0,-0.0009,22.835,-2.8254,1]},
{"frame":55,"values":[0.9999,0.0127,0.0062,0,-0.013,0.9989,0.0451,0,-0.0056,-0.0452,0.999,0,-0.0009,22.835,-2.8254,1]},
{"frame":56,"values":[0.9999,0.0127,0.0062,0,-0.013,0.9989,0.0453,0,-0.0057,-0.0454,0.999,0,-0.0009,22.835,-2.8254,1]},
{"frame":57,"values":[0.9999,0.0124,0.0062,0,-0.0126,0.9989,0.0454,0,-0.0056,-0.0455,0.9989,0,-0.0009,22.835,-2.8254,1]},
{"frame":58,"values":[0.9999,0.0124,0.0063,0,-0.0127,0.9989,0.0456,0,-0.0057,-0.0457,0.9989,0,-0.0009,22.835,-2.8254,1]},
{"frame":59,"values":[0.9999,0.0125,0.0063,0,-0.0128,0.9989,0.0459,0,-0.0058,-0.046,0.9989,0,-0.0009,22.835,-2.8254,1]},
{"frame":60,"values":[0.9999,0.0126,0.0064,0,-0.0128,0.9989,0.0461,0,-0.0058,-0.0462,0.9989,0,-0.0009,22.835,-2.8254,1]},
{"frame":61,"values":[0.9999,0.0125,0.0064,0,-0.0128,0.9988,0.0463,0,-0.0058,-0.0464,0.9989,0,-0.0009,22.835,-2.8254,1]},
{"frame":62,"values":[0.9999,0.0127,0.0064,0,-0.013,0.9988,0.0465,0,-0.0058,-0.0465,0.9989,0,-0.0009,22.835,-2.8254,1]},
{"frame":63,"values":[0.9999,0.0128,0.0064,0,-0.0131,0.9988,0.0464,0,-0.0058,-0.0465,0.9989,0,-0.0009,22.835,-2.8254,1]},
{"frame":64,"values":[0.9999,0.013,0.0064,0,-0.0133,0.9988,0.0465,0,-0.0058,-0.0465,0.9989,0,-0.0009,22.835,-2.8254,1]},
{"frame":65,"values":[0.9999,0.0131,0.0064,0,-0.0134,0.9988,0.0465,0,-0.0058,-0.0466,0.9989,0,-0.0009,22.835,-2.8254,1]},
{"frame":66,"values":[0.9999,0.013,0.0064,0,-0.0133,0.9988,0.0464,0,-0.0057,-0.0464,0.9989,0,-0.0009,22.835,-2.8254,1]},
{"frame":67,"values":[0.9999,0.0129,0.0063,0,-0.0132,0.9988,0.0463,0,-0.0057,-0.0464,0.9989,0,-0.0009,22.835,-2.8254,1]},
{"frame":68,"values":[0.9999,0.0127,0.0062,0,-0.0129,0.9988,0.0463,0,-0.0057,-0.0464,0.9989,0,-0.0009,22.835,-2.8254,1]},
{"frame":69,"values":[0.9999,0.0122,0.006,0,-0.0125,0.9989,0.046,0,-0.0055,-0.046,0.9989,0,-0.0009,22.835,-2.8254,1]},
{"frame":70,"values":[0.9999,0.0119,0.0059,0,-0.0122,0.9989,0.0456,0,-0.0053,-0.0457,0.9989,0,-0.0009,22.835,-2.8254,1]},
{"frame":71,"values":[0.9999,0.0115,0.0056,0,-0.0117,0.9989,0.0453,0,-0.0051,-0.0454,0.999,0,-0.0009,22.835,-2.8254,1]},
{"frame":72,"values":[0.9999,0.0105,0.0053,0,-0.0107,0.9989,0.0447,0,-0.0048,-0.0448,0.999,0,-0.0009,22.835,-2.8254,1]},
{"frame":73,"values":[0.9999,0.0095,0.0048,0,-0.0097,0.999,0.0438,0,-0.0044,-0.0439,0.999,0,-0.0009,22.835,-2.8254,1]},
{"frame":74,"values":[1,0.0083,0.0043,0,-0.0085,0.999,0.0429,0,-0.0039,-0.043,0.9991,0,-0.0009,22.835,-2.8254,1]},
{"frame":75,"values":[1,0.0071,0.0039,0,-0.0072,0.9991,0.0422,0,-0.0036,-0.0423,0.9991,0,-0.0009,22.835,-2.8254,1]},
{"frame":76,"values":[1,0.006,0.0036,0,-0.0061,0.9991,0.0416,0,-0.0033,-0.0416,0.9991,0,-0.0009,22.835,-2.8254,1]},
{"frame":77,"values":[1,0.0047,0.0031,0,-0.0049,0.9991,0.0411,0,-0.0029,-0.0411,0.9992,0,-0.0009,22.835,-2.8254,1]},
{"frame":78,"values":[1,0.0033,0.0026,0,-0.0034,0.9992,0.0402,0,-0.0024,-0.0402,0.9992,0,-0.0009,22.835,-2.8254,1]},
{"frame":79,"values":[1,0.0017,0.0021,0,-0.0018,0.9992,0.0389,0,-0.002,-0.0389,0.9992,0,-0.0009,22.835,-2.8254,1]},
{"frame":80,"values":[1,0.0001,0.0018,0,-0.0001,0.9993,0.0378,0,-0.0018,-0.0378,0.9993,0,-0.0009,22.835,-2.8254,1]},
{"frame":81,"values":[1,-0.0015,0.0016,0,0.0014,0.9993,0.0372,0,-0.0017,-0.0372,0.9993,0,-0.0009,22.835,-2.8254,1]},
{"frame":82,"values":[1,-0.0031,0.0014,0,0.003,0.9993,0.037,0,-0.0016,-0.037,0.9993,0,-0.0009,22.835,-2.8254,1]},
{"frame":83,"values":[1,-0.0045,0.0013,0,0.0044,0.9993,0.0371,0,-0.0014,-0.0371,0.9993,0,-0.0009,22.835,-2.8254,1]},
{"frame":84,"values":[1,-0.0054,0.0013,0,0.0054,0.9993,0.0375,0,-0.0015,-0.0375,0.9993,0,-0.0009,22.835,-2.8254,1]},
{"frame":85,"values":[1,-0.0061,0.0015,0,0.006,0.9993,0.038,0,-0.0017,-0.038,0.9993,0,-0.0009,22.835,-2.8254,1]},
{"frame":86,"values":[1,-0.0065,0.0018,0,0.0064,0.9992,0.0388,0,-0.002,-0.0388,0.9992,0,-0.0009,22.835,-2.8254,1]},
{"frame":87,"values":[1,-0.0063,0.0022,0,0.0062,0.9992,0.0399,0,-0.0024,-0.0399,0.9992,0,-0.0009,22.835,-2.8254,1]},
{"frame":88,"values":[1,-0.0052,0.0028,0,0.0051,0.9991,0.041,0,-0.003,-0.0409,0.9992,0,-0.0009,22.835,-2.8254,1]},
{"frame":89,"values":[1,-0.004,0.0035,0,0.0039,0.9991,0.0418,0,-0.0036,-0.0417,0.9991,0,-0.0009,22.835,-2.8254,1]},
{"frame":90,"values":[1,-0.0034,0.0039,0,0.0033,0.9991,0.0422,0,-0.0041,-0.0422,0.9991,0,-0.0009,22.835,-2.8254,1]},
{"frame":91,"values":[1,-0.0032,0.0041,0,0.003,0.9991,0.0424,0,-0.0043,-0.0424,0.9991,0,-0.0009,22.835,-2.8254,1]},
{"frame":92,"values":[1,-0.0029,0.0043,0,0.0027,0.9991,0.0426,0,-0.0044,-0.0426,0.9991,0,-0.0009,22.835,-2.8254,1]},
{"frame":93,"values":[1,-0.0028,0.0043,0,0.0026,0.9991,0.0428,0,-0.0045,-0.0428,0.9991,0,-0.0009,22.835,-2.8254,1]},
{"frame":94,"values":[1,-0.0026,0.0043,0,0.0024,0.9991,0.0429,0,-0.0044,-0.0429,0.9991,0,-0.0009,22.835,-2.8254,1]},
{"frame":95,"values":[1,-0.0023,0.0043,0,0.0022,0.9991,0.043,0,-0.0044,-0.043,0.9991,0,-0.0009,22.835,-2.8254,1]},
{"frame":96,"values":[1,-0.0023,0.0043,0,0.0021,0.9991,0.0432,0,-0.0044,-0.0432,0.9991,0,-0.0009,22.835,-2.8254,1]},
{"frame":97,"values":[1,-0.0022,0.0043,0,0.002,0.9991,0.0434,0,-0.0043,-0.0434,0.999,0,-0.0009,22.835,-2.8254,1]}],"loopBehavior":1,"name":"anim","property":"_matrix"}},
{"name":"mixamorig:Spine2","index":3,"matrix":[1,-0.0023,0.0041,0,0.0021,0.9991,0.0434,0,-0.0042,-0.0434,0.999,0,-0.0206,26.5525,-3.1933,1],"rest":[1,0,0,0,0,1,0,0,0,0,1,0,-0.0206,26.5525,-3.1933,1],"parentBoneIndex":2,"length":24.825
,"animation":{"dataType":3,"framePerSecond":24,"keys":[
{"frame":1,"values":[1,-0.0023,0.0041,0,0.0021,0.9991,0.0434,0,-0.0042,-0.0434,0.999,0,-0.0206,26.5525,-3.1933,1]},
{"frame":2,"values":[1,-0.0022,0.0041,0,0.002,0.9991,0.0434,0,-0.0042,-0.0434,0.999,0,-0.0206,26.5525,-3.1933,1]},
{"frame":3,"values":[1,-0.0021,0.0041,0,0.0019,0.9991,0.0435,0,-0.0042,-0.0435,0.999,0,-0.0206,26.5525,-3.1933,1]},
{"frame":4,"values":[1,-0.002,0.0041,0,0.0018,0.999,0.0436,0,-0.0042,-0.0436,0.999,0,-0.0206,26.5525,-3.1933,1]},
{"frame":5,"values":[1,-0.0019,0.0041,0,0.0017,0.999,0.0437,0,-0.0042,-0.0437,0.999,0,-0.0206,26.5525,-3.1933,1]},
{"frame":6,"values":[1,-0.0018,0.0042,0,0.0016,0.999,0.0438,0,-0.0042,-0.0438,0.999,0,-0.0206,26.5525,-3.1933,1]},
{"frame":8,"values":[1,-0.0018,0.0042,0,0.0016,0.999,0.0439,0,-0.0043,-0.0439,0.999,0,-0.0206,26.5525,-3.1933,1]},
{"frame":9,"values":[1,-0.0018,0.0042,0,0.0016,0.999,0.0439,0,-0.0042,-0.0439,0.999,0,-0.0206,26.5525,-3.1933,1]},
{"frame":10,"values":[1,-0.0018,0.0042,0,0.0016,0.999,0.044,0,-0.0043,-0.044,0.999,0,-0.0206,26.5525,-3.1933,1]},
{"frame":11,"values":[1,-0.0016,0.0042,0,0.0014,0.999,0.044,0,-0.0043,-0.044,0.999,0,-0.0206,26.5525,-3.1933,1]},
{"frame":12,"values":[1,-0.0011,0.0042,0,0.0009,0.999,0.0446,0,-0.0043,-0.0446,0.999,0,-0.0206,26.5525,-3.1933,1]},
{"frame":13,"values":[1,-0.0009,0.0042,0,0.0007,0.999,0.0443,0,-0.0042,-0.0443,0.999,0,-0.0206,26.5525,-3.1933,1]},
{"frame":14,"values":[1,-0.0006,0.0042,0,0.0004,0.999,0.0445,0,-0.0042,-0.0445,0.999,0,-0.0206,26.5525,-3.1933,1]},
{"frame":15,"values":[1,0.0031,0.0044,0,-0.0033,0.9989,0.0474,0,-0.0043,-0.0474,0.9989,0,-0.0206,26.5525,-3.1933,1]},
{"frame":16,"values":[0.9999,0.0094,0.0052,0,-0.0097,0.9986,0.0522,0,-0.0047,-0.0523,0.9986,0,-0.0206,26.5525,-3.1933,1]},
{"frame":17,"values":[0.9999,0.0106,0.0055,0,-0.0109,0.9985,0.0541,0,-0.0049,-0.0542,0.9985,0,-0.0206,26.5525,-3.1933,1]},
{"frame":18,"values":[0.9999,0.0092,0.0053,0,-0.0094,0.9986,0.0518,0,-0.0048,-0.0519,0.9986,0,-0.0206,26.5525,-3.1933,1]},
{"frame":19,"values":[0.9999,0.0094,0.005,0,-0.0097,0.9988,0.0487,0,-0.0045,-0.0488,0.9988,0,-0.0206,26.5525,-3.1933,1]},
{"frame":20,"values":[1,0.0086,0.0047,0,-0.0088,0.999,0.0435,0,-0.0043,-0.0436,0.999,0,-0.0206,26.5525,-3.1933,1]},
{"frame":21,"values":[1,0.006,0.0044,0,-0.0062,0.9993,0.038,0,-0.0042,-0.0381,0.9993,0,-0.0206,26.5525,-3.1933,1]},
{"frame":22,"values":[1,0.0052,0.0044,0,-0.0053,0.9994,0.0356,0,-0.0043,-0.0356,0.9994,0,-0.0206,26.5525,-3.1933,1]},
{"frame":23,"values":[1,0.0055,0.0047,0,-0.0057,0.9993,0.0359,0,-0.0045,-0.0359,0.9993,0,-0.0206,26.5525,-3.1933,1]},
{"frame":24,"values":[1,0.0068,0.0051,0,-0.0069,0.9993,0.037,0,-0.0048,-0.0371,0.9993,0,-0.0206,26.5525,-3.1933,1]},
{"frame":25,"values":[1,0.0071,0.0051,0,-0.0072,0.9993,0.0378,0,-0.0048,-0.0379,0.9993,0,-0.0206,26.5525,-3.1933,1]},
