{"producer":{"name":"Blender","version":"2.90.0","exporter_version":"2.80.1","file":"option_agony.babylon"},
"autoClear":true,"clearColor":[0.0509,0.0509,0.0509],"gravity":[0,-9.81,0],
"materials":[{"name":"Material","id":"Material","customType":"BABYLON.PBRMaterial","backFaceCulling":true,"checkReadyOnlyOnce":false,"maxSimultaneousLights":4,"environmentIntensity":1,"albedo":[0.8,0.8,0.8],"reflectivity":[0.5,0.5,0.5],"roughness":0.4,"alpha":1,"transparencyMode":0,"alphaCutOff":0.4,"metallic":0}],
"multiMaterials":[],
"skeletons":[{"name":"Armature","id":0,"dimensionsAtRest":[379.1952,391.6652,55.677],"bones":[
{"name":"mixamorig:Hips","index":0,"matrix":[0.9928,0.0083,-0.1199,0,0.0324,0.9423,0.3333,0,-0.1157,0.3348,-0.9352,0,-3.0868,185.4381,2.8081,1],"rest":[1,0,0,0,0,1,0,0,0,0,-1,0,0,201.6394,0,1],"parentBoneIndex":-1,"length":21.6784
,"animation":{"dataType":3,"framePerSecond":24,"keys":[
{"frame":1,"values":[0.9928,0.0083,-0.1199,0,0.0324,0.9423,0.3333,0,-0.1157,0.3348,-0.9352,0,-3.0868,185.4381,2.8081,1]},
{"frame":2,"values":[0.9997,-0.0144,0.0184,0,0.0074,0.9423,0.3348,0,0.0221,0.3345,-0.9421,0,-3.554,185.8401,-1.332,1]},
{"frame":3,"values":[0.9932,-0.0329,0.1116,0,-0.0082,0.937,0.3493,0,0.116,0.3478,-0.9304,0,-3.9222,186.161,-4.6628,1]},
{"frame":4,"values":[0.9878,-0.043,0.1499,0,-0.0144,0.932,0.3622,0,0.1552,0.3599,-0.92,0,-3.999,186.1514,-6.7902,1]},
{"frame":5,"values":[0.9868,-0.0449,0.1554,0,-0.0154,0.9302,0.3666,0,0.161,0.3642,-0.9173,0,-3.8095,185.8131,-7.7829,1]},
{"frame":6,"values":[0.9889,-0.0418,0.1423,0,-0.0141,0.9288,0.3704,0,0.1476,0.3683,-0.9179,0,-3.5962,185.4393,-7.9849,1]},
{"frame":7,"values":[0.9924,-0.0375,0.1171,0,-0.0097,0.9252,0.3793,0,0.1226,0.3775,-0.9179,0,-3.4875,185.2124,-7.6056,1]},
{"frame":8,"values":[0.9961,-0.0326,0.0825,0,-0.002,0.9215,0.3884,0,0.0887,0.387,-0.9178,0,-3.4016,185.0855,-6.7766,1]},
{"frame":9,"values":[0.9987,-0.0266,0.0432,0,0.0074,0.9194,0.3932,0,0.0502,0.3923,-0.9185,0,-3.2217,184.9658,-5.7534,1]},
{"frame":10,"values":[0.9997,-0.0224,0.0051,0,0.0185,0.9178,0.3966,0,0.0135,0.3964,-0.918,0,-2.9409,184.8316,-4.8053,1]},
{"frame":11,"values":[0.9994,-0.0242,-0.0242,0,0.0319,0.9153,0.4016,0,-0.0124,0.4021,-0.9155,0,-2.6405,184.6542,-4.0683,1]},
{"frame":12,"values":[0.9988,-0.0345,-0.0344,0,0.0455,0.9136,0.404,0,-0.0175,0.4051,-0.9141,0,-2.4691,184.5265,-3.6425,1]},
{"frame":13,"values":[0.9986,-0.0465,-0.0232,0,0.0519,0.915,0.4,0,-0.0027,0.4007,-0.9162,0,-2.5022,184.6553,-3.5954,1]},
{"frame":14,"values":[0.9989,-0.0478,-0.0013,0,0.0446,0.9203,0.3887,0,0.0174,0.3884,-0.9213,0,-2.5828,185.1689,-3.7775,1]},
{"frame":15,"values":[0.9994,-0.0348,0.0067,0,0.0297,0.9275,0.3725,0,0.0192,0.3721,-0.928,0,-2.488,185.8868,-3.9469,1]},
{"frame":16,"values":[0.9997,-0.0138,-0.0191,0,0.0198,0.9327,0.36,0,-0.0129,0.3603,-0.9327,0,-2.2143,186.3776,-4.0541,1]},
{"frame":17,"values":[0.9975,0.0044,-0.0699,0,0.0215,0.931,0.3643,0,-0.0667,0.3649,-0.9286,0,-1.9324,186.332,-4.1361,1]},
{"frame":18,"values":[0.9924,0.0129,-0.1223,0,0.0356,0.9215,0.3867,0,-0.1177,0.3881,-0.9141,0,-1.6388,185.7861,-4.1102,1]},
{"frame":19,"values":[0.9862,0.0113,-0.1649,0,0.0576,0.9116,0.4071,0,-0.155,0.411,-0.8984,0,-1.1764,185.1764,-4.0419,1]},
{"frame":20,"values":[0.9813,0.0042,-0.1927,0,0.0767,0.9088,0.4102,0,-0.1768,0.4173,-0.8914,0,-0.6504,184.9976,-4.2856,1]},
{"frame":21,"values":[0.9813,-0.0003,-0.1923,0,0.0797,0.9106,0.4055,0,-0.175,0.4133,-0.8936,0,-0.4608,185.2226,-4.9325,1]},
{"frame":22,"values":[0.9883,-0.0003,-0.1525,0,0.063,0.9115,0.4065,0,-0.1389,0.4114,-0.9008,0,-0.8936,185.4373,-5.6373,1]},
{"frame":23,"values":[0.9965,-0.0027,-0.0833,0,0.0365,0.9126,0.4073,0,-0.0749,0.4089,-0.9095,0,-1.8367,185.4893,-6.2485,1]},
{"frame":24,"values":[0.9999,-0.0115,-0.0071,0,0.0134,0.9175,0.3974,0,-0.0019,0.3975,-0.9176,0,-2.8721,185.5213,-6.9914,1]},
{"frame":25,"values":[0.9984,-0.022,0.0518,0,0.0005,0.9239,0.3826,0,0.0563,0.3819,-0.9225,0,-3.67,185.5463,-7.9253,1]},
{"frame":26,"values":[0.9963,-0.0298,0.0811,0,-0.0029,0.9268,0.3755,0,0.0864,0.3744,-0.9232,0,-4.2288,185.3864,-8.7449,1]},
{"frame":27,"values":[0.9956,-0.0373,0.0856,0,0.0021,0.9253,0.3793,0,0.0933,0.3775,-0.9213,0,-4.6147,184.9745,-9.1816,1]},
{"frame":28,"values":[0.9964,-0.0465,0.0702,0,0.0156,0.9215,0.3881,0,0.0828,0.3856,-0.9189,0,-4.6607,184.5248,-9.2699,1]},
{"frame":29,"values":[0.9977,-0.0531,0.041,0,0.0327,0.9182,0.3948,0,0.0586,0.3926,-0.9179,0,-4.235,184.3609,-9.2323,1]},
{"frame":30,"values":[0.9984,-0.0544,0.0148,0,0.0441,0.9175,0.3953,0,0.0351,0.3941,-0.9184,0,-3.6931,184.6042,-9.2358,1]},
{"frame":31,"values":[0.9984,-0.054,0.0146,0,0.044,0.92,0.3895,0,0.0345,0.3882,-0.9209,0,-3.5602,185.0616,-9.2442,1]},
{"frame":32,"values":[0.9974,-0.0547,0.0477,0,0.0326,0.925,0.3786,0,0.0648,0.376,-0.9243,0,-3.9139,185.4553,-9.1199,1]},
{"frame":33,"values":[0.9938,-0.0548,0.0963,0,0.0158,0.9304,0.3663,0,0.1097,0.3625,-0.9255,0,-4.4613,185.6491,-8.8077,1]},
{"frame":34,"values":[0.9887,-0.0533,0.1398,0,0,0.9343,0.3565,0,0.1496,0.3525,-0.9238,0,-5.0061,185.6164,-8.3523,1]},
{"frame":35,"values":[0.9838,-0.0523,0.1717,0,-0.0115,0.9363,0.3509,0,0.1791,0.3472,-0.9205,0,-5.5532,185.41,-7.8125,1]},
{"frame":36,"values":[0.9797,-0.0521,0.1935,0,-0.0191,0.937,0.3488,0,0.1995,0.3454,-0.917,0,-6.0971,185.1921,-7.1673,1]},
{"frame":37,"values":[0.9776,-0.0493,0.2047,0,-0.0255,0.9373,0.3475,0,0.209,0.345,-0.9151,0,-6.5415,185.1493,-6.2685,1]},
{"frame":38,"values":[0.9792,-0.0392,0.1993,0,-0.0324,0.9385,0.3437,0,0.2005,0.343,-0.9177,0,-6.6977,185.3424,-4.8437,1]},
{"frame":39,"values":[0.9854,-0.0179,0.1693,0,-0.0405,0.9412,0.3353,0,0.1653,0.3373,-0.9268,0,-6.2868,185.5941,-2.558,1]},
{"frame":40,"values":[0.9944,0.0154,0.1043,0,-0.0489,0.9441,0.3261,0,0.0935,0.3294,-0.9396,0,-5.0712,185.5167,0.8309,1]},
{"frame":41,"values":[0.9985,0.0546,-0.0022,0,-0.051,0.9449,0.3234,0,-0.0197,0.3228,-0.9463,0,-2.9918,184.8152,5.2389,1]},
{"frame":42,"values":[0.9857,0.0867,-0.1447,0,-0.035,0.9443,0.3272,0,-0.165,0.3174,-0.9338,0,-0.2662,183.5329,10.1523,1]},
{"frame":43,"values":[0.9506,0.0978,-0.2945,0,0.0043,0.9448,0.3276,0,-0.3103,0.3127,-0.8977,0,2.6571,182.0672,14.6526,1]},
{"frame":44,"values":[0.9066,0.0866,-0.413,0,0.055,0.9461,0.3192,0,-0.4183,0.3121,-0.853,0,5.3023,180.8764,17.8052,1]},
{"frame":45,"values":[0.8679,0.0667,-0.4923,0,0.0989,0.9479,0.3028,0,-0.4868,0.3115,-0.8161,0,7.6504,180.1895,19.4208,1]},
{"frame":46,"values":[0.826,0.0557,-0.5609,0,0.1219,0.9538,0.2744,0,-0.5503,0.2951,-0.7811,0,9.96,179.618,20.0807,1]},
{"frame":47,"values":[0.7695,0.054,-0.6363,0,0.123,0.9653,0.2306,0,-0.6267,0.2557,-0.7362,0,12.2644,178.869,20.2628,1]},
{"frame":48,"values":[0.7134,0.0491,-0.699,0,0.1122,0.9767,0.1832,0,-0.6917,0.2091,-0.6913,0,14.1865,178.2829,19.9401,1]},
{"frame":49,"values":[0.6849,0.0387,-0.7277,0,0.1025,0.9835,0.1487,0,-0.7214,0.1765,-0.6696,0,15.3902,178.2858,19.1457,1]},
{"frame":50,"values":[0.6875,0.0327,-0.7254,0,0.0953,0.9863,0.1348,0,-0.7199,0.1618,-0.675,0,15.7963,178.6075,18.3173,1]},
{"frame":51,"values":[0.7082,0.0366,-0.7051,0,0.085,0.987,0.1366,0,-0.7009,0.1567,-0.6958,0,15.5406,178.7943,17.9027,1]},
{"frame":52,"values":[0.7356,0.0472,-0.6757,0,0.0688,0.9872,0.144,0,-0.6739,0.1524,-0.723,0,14.8635,178.7781,17.999,1]},
{"frame":53,"values":[0.7628,0.0606,-0.6438,0,0.0492,0.9873,0.1511,0,-0.6448,0.1469,-0.7501,0,13.9545,178.722,18.4063,1]},
{"frame":54,"values":[0.7867,0.0741,-0.6129,0,0.0312,0.9867,0.1593,0,-0.6166,0.1444,-0.7739,0,12.8095,178.7143,18.8354,1]},
{"frame":55,"values":[0.8109,0.0849,-0.579,0,0.0185,0.9852,0.1704,0,-0.5849,0.1489,-0.7973,0,11.4136,178.8701,19.0873,1]},
{"frame":56,"values":[0.8363,0.0934,-0.5403,0,0.0076,0.9833,0.1817,0,-0.5482,0.156,-0.8216,0,9.9568,179.1486,19.0701,1]},
{"frame":57,"values":[0.8522,0.1024,-0.5131,0,-0.0054,0.9823,0.1871,0,-0.5232,0.1567,-0.8377,0,8.898,179.4454,18.7199,1]},
{"frame":58,"values":[0.8465,0.1106,-0.5207,0,-0.015,0.9828,0.1842,0,-0.5321,0.1482,-0.8336,0,8.6404,179.8256,17.9849,1]},
{"frame":59,"values":[0.8203,0.1053,-0.5622,0,-0.0076,0.9848,0.1734,0,-0.5719,0.138,-0.8086,0,8.9892,180.363,16.9791,1]},
{"frame":60,"values":[0.7904,0.0696,-0.6086,0,0.0254,0.9889,0.1461,0,-0.612,0.1309,-0.7799,0,9.2452,180.8731,16.0201,1]},
{"frame":61,"values":[0.7716,0.0038,-0.636,0,0.0732,0.9928,0.0947,0,-0.6318,0.1196,-0.7658,0,9.1032,181.1818,15.3335,1]},
{"frame":62,"values":[0.7617,-0.0578,-0.6454,0,0.1084,0.9933,0.0389,0,-0.6388,0.0996,-0.7629,0,9.1029,181.5047,14.8107,1]},
{"frame":63,"values":[0.7491,-0.0737,-0.6584,0,0.1096,0.9939,0.0135,0,-0.6534,0.0823,-0.7526,0,9.7265,182.0478,14.2797,1]},
{"frame":64,"values":[0.7295,-0.0373,-0.6829,0,0.0805,0.9963,0.0315,0,-0.6792,0.078,-0.7298,0,10.4698,182.4803,13.8732,1]},
{"frame":65,"values":[0.7185,0.0222,-0.6952,0,0.0393,0.9966,0.0725,0,-0.6944,0.0794,-0.7152,0,10.4117,182.3998,13.939,1]},
{"frame":66,"values":[0.733,0.066,-0.677,0,0.0021,0.9951,0.0992,0,-0.6802,0.0741,-0.7292,0,9.3276,181.9928,14.6539,1]},
{"frame":67,"values":[0.7636,0.0767,-0.6411,0,-0.0192,0.9952,0.0961,0,-0.6453,0.0611,-0.7614,0,7.9303,181.81,15.7033,1]},
{"frame":68,"values":[0.7808,0.0608,-0.6218,0,-0.0182,0.997,0.0746,0,-0.6245,0.0469,-0.7796,0,7.0766,182.1231,16.5625,1]},
{"frame":69,"values":[0.7659,0.0257,-0.6424,0,0.0029,0.9991,0.0434,0,-0.6429,0.0351,-0.7651,0,6.8791,182.6426,17.0879,1]},
{"frame":70,"values":[0.7285,-0.0193,-0.6848,0,0.0323,0.9995,0.0062,0,-0.6843,0.0266,-0.7287,0,6.8227,182.9198,17.4641,1]},
{"frame":71,"values":[0.6976,-0.055,-0.7144,0,0.0549,0.9982,-0.0232,0,-0.7144,0.023,-0.6994,0,6.52,182.9504,17.7989,1]},
{"frame":72,"values":[0.6944,-0.0619,-0.7169,0,0.0607,0.9978,-0.0275,0,-0.717,0.0244,-0.6966,0,6.0071,183.0613,18.0417,1]},
{"frame":73,"values":[0.7146,-0.0368,-0.6986,0,0.0463,0.9989,-0.0052,0,-0.698,0.0286,-0.7155,0,5.4049,183.2873,18.2575,1]},
{"frame":74,"values":[0.7413,0.001,-0.6711,0,0.0198,0.9995,0.0233,0,-0.6708,0.0305,-0.741,0,4.7581,183.5317,18.7947,1]},
{"frame":75,"values":[0.7667,0.03,-0.6413,0,-0.0069,0.9992,0.0386,0,-0.6419,0.0252,-0.7663,0,3.9653,183.6002,19.8115,1]},
{"frame":76,"values":[0.7878,0.0402,-0.6146,0,-0.0219,0.9991,0.0373,0,-0.6156,0.016,-0.7879,0,2.9892,183.423,21.0017,1]},
{"frame":77,"values":[0.7979,0.0303,-0.6021,0,-0.0176,0.9995,0.027,0,-0.6026,0.0109,-0.798,0,2.128,183.1968,21.9493,1]},
{"frame":78,"values":[0.7902,0.0052,-0.6128,0,0.003,0.9999,0.0124,0,-0.6129,0.0116,-0.7901,0,1.8007,183.0906,22.469,1]},
{"frame":79,"values":[0.7645,-0.0296,-0.644,0,0.0304,0.9995,-0.0097,0,-0.6439,0.0122,-0.765,0,2.042,182.9821,22.6898,1]},
{"frame":80,"values":[0.7329,-0.0647,-0.6772,0,0.0533,0.9979,-0.0377,0,-0.6782,0.0085,-0.7348,0,2.545,182.6567,22.9234,1]},
{"frame":81,"values":[0.7124,-0.091,-0.6958,0,0.0693,0.9958,-0.0593,0,-0.6983,0.006,-0.7158,0,2.9572,182.1826,23.177,1]},
{"frame":82,"values":[0.7168,-0.1025,-0.6897,0,0.0848,0.9946,-0.0597,0,-0.6921,0.0157,-0.7217,0,2.9843,181.8783,22.8084,1]},
{"frame":83,"values":[0.748,-0.0997,-0.6562,0,0.1029,0.9941,-0.0338,0,-0.6557,0.0423,-0.7538,0,2.5985,181.9538,21.3862,1]},
{"frame":84,"values":[0.7908,-0.09,-0.6055,0,0.1189,0.9929,0.0076,0,-0.6005,0.078,-0.7958,0,1.9849,182.2838,19.2834,1]},
{"frame":85,"values":[0.8365,-0.0766,-0.5425,0,0.1283,0.99,0.0581,0,-0.5327,0.1182,-0.838,0,1.2578,182.7306,16.8529,1]},
{"frame":86,"values":[0.8814,-0.0607,-0.4685,0,0.1288,0.985,0.1148,0,-0.4545,0.1615,-0.876,0,0.4362,183.2811,14.1726,1]},
{"frame":87,"values":[0.9222,-0.0427,-0.3843,0,0.1182,0.9774,0.175,0,-0.3682,0.2068,-0.9064,0,-0.4507,183.8979,11.2916,1]},
{"frame":88,"values":[0.9552,-0.0247,-0.2948,0,0.0972,0.9674,0.2339,0,-0.2794,0.252,-0.9265,0,-1.3595,184.5091,8.3489,1]},
{"frame":89,"values":[0.9787,-0.0072,-0.2054,0,0.0673,0.9555,0.2872,0,-0.1942,0.2949,-0.9356,0,-2.248,185.0178,5.4919,1]},
{"frame":90,"values":[0.9928,0.0083,-0.1199,0,0.0324,0.9423,0.3333,0,-0.1157,0.3348,-0.9352,0,-3.0868,185.4381,2.8081,1]}],"loopBehavior":1,"name":"anim","property":"_matrix"}},
{"name":"mixamorig:Spine","index":1,"matrix":[0.968,0.0233,-0.2498,0,0.0464,0.9619,0.2696,0,0.2466,-0.2726,0.93,0,0.0062,19.525,-2.4818,1],"rest":[1,0,0,0,0,1,0,0,0,0,1,0,0.0062,19.525,-2.4818,1],"parentBoneIndex":0,"length":23.0091
,"animation":{"dataType":3,"framePerSecond":24,"keys":[
{"frame":1,"values":[0.968,0.0233,-0.2498,0,0.0464,0.9619,0.2696,0,0.2466,-0.2726,0.93,0,0.0062,19.525,-2.4818,1]},
{"frame":2,"values":[0.9613,0.0495,-0.2712,0,0.0125,0.9749,0.2223,0,0.2754,-0.2171,0.9365,0,0.0062,19.525,-2.4818,1]},
{"frame":3,"values":[0.96,0.0548,-0.2746,0,-0.0001,0.9807,0.1955,0,0.2801,-0.1876,0.9415,0,0.0062,19.525,-2.4818,1]},
{"frame":4,"values":[0.9602,0.052,-0.2744,0,-0.0014,0.9834,0.1815,0,0.2793,-0.1739,0.9443,0,0.0062,19.525,-2.4818,1]},
{"frame":5,"values":[0.9597,0.0509,-0.2763,0,-0.0018,0.9845,0.1751,0,0.281,-0.1676,0.945,0,0.0062,19.525,-2.4818,1]},
{"frame":6,"values":[0.9609,0.0518,-0.272,0,-0.003,0.9842,0.1771,0,0.2769,-0.1694,0.9458,0,0.0062,19.525,-2.4818,1]},
{"frame":7,"values":[0.9651,0.0527,-0.2567,0,-0.0051,0.9831,0.1827,0,0.262,-0.1751,0.9491,0,0.0062,19.525,-2.4818,1]},
{"frame":8,"values":[0.9704,0.0519,-0.2357,0,-0.0077,0.9827,0.185,0,0.2412,-0.1777,0.9541,0,0.0062,19.525,-2.4818,1]},
{"frame":9,"values":[0.9742,0.0483,-0.2204,0,-0.0074,0.9831,0.1828,0,0.2255,-0.1765,0.9581,0,0.0062,19.525,-2.4818,1]},
{"frame":10,"values":[0.9757,0.0433,-0.2147,0,-0.004,0.9836,0.1804,0,0.219,-0.1752,0.9599,0,0.0062,19.525,-2.4818,1]},
{"frame":11,"values":[0.9769,0.0406,-0.2096,0,-0.0025,0.9838,0.1792,0,0.2135,-0.1746,0.9612,0,0.0062,19.525,-2.4818,1]},
{"frame":12,"values":[0.9792,0.0384,-0.1992,0,-0.0032,0.9848,0.1739,0,0.2029,-0.1696,0.9644,0,0.0062,19.525,-2.4818,1]},
{"frame":13,"values":[0.98,0.0336,-0.1959,0,-0.0013,0.9866,0.1629,0,0.1988,-0.1594,0.967,0,0.0062,19.525,-2.4818,1]},
{"frame":14,"values":[0.9737,0.0338,-0.2252,0,0.0014,0.988,0.1542,0,0.2277,-0.1505,0.962,0,0.0062,19.525,-2.4818,1]},
{"frame":15,"values":[0.9551,0.0479,-0.2924,0,-0.0026,0.9882,0.1532,0,0.2962,-0.1456,0.944,0,0.0062,19.525,-2.4818,1]},
{"frame":16,"values":[0.9292,0.0676,-0.3633,0,-0.011,0.9878,0.1556,0,0.3694,-0.1406,0.9186,0,0.0062,19.525,-2.4818,1]},
{"frame":17,"values":[0.9206,0.0756,-0.3832,0,-0.0158,0.9875,0.1569,0,0.3902,-0.1384,0.9103,0,0.0062,19.525,-2.4818,1]},
{"frame":18,"values":[0.943,0.0692,-0.3256,0,-0.0169,0.9868,0.161,0,0.3325,-0.1463,0.9317,0,0.0062,19.525,-2.4818,1]},
{"frame":19,"values":[0.9724,0.0577,-0.2259,0,-0.02,0.986,0.1656,0,0.2323,-0.1565,0.96,0,0.0062,19.525,-2.4818,1]},
{"frame":20,"values":[0.9888,0.0481,-0.1415,0,-0.0251,0.9868,0.1598,0,0.1473,-0.1545,0.977,0,0.0062,19.525,-2.4818,1]},
{"frame":21,"values":[0.9934,0.0413,-0.1074,0,-0.0252,0.9888,0.1473,0,0.1122,-0.1436,0.9833,0,0.0062,19.525,-2.4818,1]},
{"frame":22,"values":[0.9911,0.0368,-0.128,0,-0.0185,0.9898,0.1416,0,0.1319,-0.1379,0.9816,0,0.0062,19.525,-2.4818,1]},
{"frame":23,"values":[0.982,0.0372,-0.1854,0,-0.0106,0.9898,0.1423,0,0.1887,-0.1377,0.9723,0,0.0062,19.525,-2.4818,1]},
{"frame":24,"values":[0.9656,0.0405,-0.2568,0,-0.0048,0.9904,0.1382,0,0.26,-0.1323,0.9565,0,0.0062,19.525,-2.4818,1]},
{"frame":25,"values":[0.9494,0.0391,-0.3116,0,0.0012,0.9917,0.1284,0,0.3141,-0.1223,0.9415,0,0.0062,19.525,-2.4818,1]},
{"frame":26,"values":[0.9465,0.0307,-0.3213,0,0.009,0.9926,0.1215,0,0.3226,-0.1179,0.9392,0,0.0062,19.525,-2.4818,1]},
{"frame":27,"values":[0.9584,0.0203,-0.2847,0,0.0152,0.9924,0.1219,0,0.285,-0.1211,0.9508,0,0.0062,19.525,-2.4818,1]},
{"frame":28,"values":[0.9736,0.0147,-0.228,0,0.0148,0.9918,0.1269,0,0.228,-0.1269,0.9654,0,0.0062,19.525,-2.4818,1]},
{"frame":29,"values":[0.9824,0.0154,-0.1863,0,0.0095,0.9912,0.1319,0,0.1867,-0.1314,0.9736,0,0.0062,19.525,-2.4818,1]},
{"frame":30,"values":[0.9842,0.0183,-0.1764,0,0.0057,0.9909,0.1344,0,0.1772,-0.1333,0.9751,0,0.0062,19.525,-2.4818,1]},
{"frame":31,"values":[0.9815,0.0199,-0.1906,0,0.0061,0.9909,0.1346,0,0.1915,-0.1333,0.9724,0,0.0062,19.525,-2.4818,1]},
{"frame":32,"values":[0.9759,0.0221,-0.2171,0,0.0079,0.9906,0.1365,0,0.2181,-0.1349,0.9666,0,0.0062,19.525,-2.4818,1]},
{"frame":33,"values":[0.968,0.0277,-0.2495,0,0.0088,0.9895,0.144,0,0.2508,-0.1416,0.9576,0,0.0062,19.525,-2.4818,1]},
{"frame":34,"values":[0.9585,0.0371,-0.2825,0,0.0081,0.9875,0.1572,0,0.2848,-0.153,0.9463,0,0.0062,19.525,-2.4818,1]},
{"frame":35,"values":[0.9498,0.0487,-0.3089,0,0.0058,0.9849,0.1731,0,0.3127,-0.1662,0.9352,0,0.0062,19.525,-2.4818,1]},
{"frame":36,"values":[0.9442,0.0609,-0.3236,0,0.0016,0.9819,0.1896,0,0.3293,-0.1795,0.927,0,0.0062,19.525,-2.4818,1]},
{"frame":37,"values":[0.9417,0.0733,-0.3283,0,-0.0043,0.9785,0.2062,0,0.3364,-0.1927,0.9218,0,0.0062,19.525,-2.4818,1]},
{"frame":38,"values":[0.9405,0.0876,-0.3282,0,-0.0127,0.9746,0.2236,0,0.3394,-0.2061,0.9178,0,0.0062,19.525,-2.4818,1]},
{"frame":39,"values":[0.9391,0.1069,-0.3266,0,-0.0253,0.9693,0.2445,0,0.3428,-0.2213,0.913,0,0.0062,19.525,-2.4818,1]},
{"frame":40,"values":[0.9377,0.1344,-0.3204,0,-0.0435,0.9604,0.2753,0,0.3447,-0.2442,0.9064,0,0.0062,19.525,-2.4818,1]},
{"frame":41,"values":[0.9387,0.1677,-0.3012,0,-0.0658,0.9448,0.3211,0,0.3384,-0.2816,0.8979,0,0.0062,19.525,-2.4818,1]},
{"frame":42,"values":[0.9452,0.1955,-0.2614,0,-0.0864,0.9221,0.3772,0,0.3148,-0.334,0.8885,0,0.0062,19.525,-2.4818,1]},
{"frame":43,"values":[0.9602,0.2017,-0.1933,0,-0.1012,0.8961,0.4321,0,0.2603,-0.3954,0.8809,0,0.0062,19.525,-2.4818,1]},
{"frame":44,"values":[0.9799,0.1762,-0.0934,0,-0.1107,0.8702,0.4801,0,0.1659,-0.4601,0.8722,0,0.0062,19.525,-2.4818,1]},
{"frame":45,"values":[0.992,0.1256,0.0143,0,-0.1145,0.8453,0.5219,0,0.0535,-0.5193,0.8529,0,0.0062,19.525,-2.4818,1]},
{"frame":46,"values":[0.9942,0.0678,0.083,0,-0.1027,0.8247,0.5562,0,-0.0307,-0.5615,0.8269,0,0.0062,19.525,-2.4818,1]},
{"frame":47,"values":[0.9948,0.0217,0.0996,0,-0.0756,0.8124,0.5782,0,-0.0683,-0.5827,0.8098,0,0.0062,19.525,-2.4818,1]},
{"frame":48,"values":[0.9952,-0.0042,0.0976,0,-0.0541,0.8077,0.5871,0,-0.0813,-0.5895,0.8036,0,0.0062,19.525,-2.4818,1]},
{"frame":49,"values":[0.9946,-0.0107,0.1032,0,-0.0526,0.8055,0.5902,0,-0.0894,-0.5924,0.8006,0,0.0062,19.525,-2.4818,1]},
{"frame":50,"values":[0.994,-0.0057,0.1093,0,-0.0604,0.8047,0.5906,0,-0.0913,-0.5937,0.7995,0,0.0062,19.525,-2.4818,1]},
{"frame":51,"values":[0.9949,0.0044,0.101,0,-0.0631,0.8073,0.5867,0,-0.079,-0.5901,0.8035,0,0.0062,19.525,-2.4818,1]},
{"frame":52,"values":[0.9971,0.0187,0.0744,0,-0.0585,0.8126,0.5798,0,-0.0496,-0.5825,0.8113,0,0.0062,19.525,-2.4818,1]},
{"frame":53,"values":[0.9988,0.0377,0.0325,0,-0.0496,0.8165,0.5752,0,-0.0048,-0.5761,0.8174,0,0.0062,19.525,-2.4818,1]},
{"frame":54,"values":[0.9982,0.0591,-0.012,0,-0.0413,0.815,0.5779,0,0.0439,-0.5764,0.816,0,0.0062,19.525,-2.4818,1]},
{"frame":55,"values":[0.9961,0.0788,-0.0399,0,-0.0403,0.8076,0.5884,0,0.0786,-0.5844,0.8076,0,0.0062,19.525,-2.4818,1]},
{"frame":56,"values":[0.9947,0.0931,-0.0439,0,-0.0483,0.7986,0.6,0,0.0909,-0.5947,0.7988,0,0.0062,19.525,-2.4818,1]},
{"frame":57,"values":[0.9939,0.103,-0.0399,0,-0.0578,0.7927,0.6069,0,0.0942,-0.6009,0.7938,0,0.0062,19.525,-2.4818,1]},
{"frame":58,"values":[0.9926,0.1114,-0.0478,0,-0.0592,0.7895,0.6109,0,0.1058,-0.6036,0.7903,0,0.0062,19.525,-2.4818,1]},
{"frame":59,"values":[0.9922,0.1096,-0.0599,0,-0.0499,0.7876,0.6141,0,0.1145,-0.6063,0.7869,0,0.0062,19.525,-2.4818,1]},
{"frame":60,"values":[0.9957,0.0807,-0.0457,0,-0.0361,0.7908,0.611,0,0.0855,-0.6067,0.7903,0,0.0062,19.525,-2.4818,1]},
{"frame":61,"values":[0.9997,0.0234,0.0101,0,-0.0249,0.8018,0.5971,0,0.0059,-0.5972,0.8021,0,0.0062,19.525,-2.4818,1]},
{"frame":62,"values":[0.9964,-0.0343,0.0777,0,-0.0173,0.8131,0.5818,0,-0.0831,-0.5811,0.8096,0,0.0062,19.525,-2.4818,1]},
{"frame":63,"values":[0.9929,-0.0589,0.1036,0,-0.0122,0.8144,0.5802,0,-0.1186,-0.5773,0.8079,0,0.0062,19.525,-2.4818,1]},
{"frame":64,"values":[0.9971,-0.0341,0.0686,0,-0.0134,0.8045,0.5939,0,-0.0754,-0.593,0.8016,0,0.0062,19.525,-2.4818,1]},
{"frame":65,"values":[0.9994,0.0337,0.0035,0,-0.0287,0.7895,0.6131,0,0.0178,-0.6128,0.79,0,0.0062,19.525,-2.4818,1]},
{"frame":66,"values":[0.9937,0.105,-0.039,0,-0.0575,0.7775,0.6262,0,0.0961,-0.62,0.7787,0,0.0062,19.525,-2.4818,1]},
{"frame":67,"values":[0.9906,0.1336,-0.0294,0,-0.0858,0.7743,0.6269,0,0.1065,-0.6185,0.7785,0,0.0062,19.525,-2.4818,1]},
{"frame":68,"values":[0.9946,0.1013,0.0205,0,-0.0921,0.7789,0.6204,0,0.0469,-0.619,0.784,0,0.0062,19.525,-2.4818,1]},
{"frame":69,"values":[0.997,0.0197,0.0754,0,-0.0621,0.7854,0.6158,0,-0.0471,-0.6186,0.7843,0,0.0062,19.525,-2.4818,1]},
{"frame":70,"values":[0.9911,-0.0731,0.1109,0,-0.0107,0.788,0.6155,0,-0.1324,-0.6113,0.7803,0,0.0062,19.525,-2.4818,1]},
{"frame":71,"values":[0.9825,-0.1368,0.1267,0,0.0295,0.785,0.6188,0,-0.1841,-0.6042,0.7753,0,0.0062,19.525,-2.4818,1]},
{"frame":72,"values":[0.9812,-0.1469,0.1251,0,0.037,0.7793,0.6255,0,-0.1894,-0.6091,0.7701,0,0.0062,19.525,-2.4818,1]},
{"frame":73,"values":[0.9901,-0.0992,0.0989,0,0.0142,0.7734,0.6337,0,-0.1393,-0.6261,0.7672,0,0.0062,19.525,-2.4818,1]},
{"frame":74,"values":[0.9985,-0.0176,0.0514,0,-0.0195,0.7676,0.6407,0,-0.0507,-0.6407,0.7661,0,0.0062,19.525,-2.4818,1]},
{"frame":75,"values":[0.9983,0.0584,0.0027,0,-0.0464,0.7632,0.6445,0,0.0356,-0.6435,0.7646,0,0.0062,19.525,-2.4818,1]},
{"frame":76,"values":[0.9952,0.0956,-0.0227,0,-0.0583,0.7606,0.6466,0,0.0791,-0.6421,0.7625,0,0.0062,19.525,-2.4818,1]},
{"frame":77,"values":[0.9963,0.0842,-0.0188,0,-0.0518,0.7575,0.6508,0,0.0691,-0.6474,0.759,0,0.0062,19.525,-2.4818,1]},
{"frame":78,"values":[0.9991,0.0419,-0.0061,0,-0.0276,0.7533,0.6571,0,0.0321,-0.6564,0.7537,0,0.0062,19.525,-2.4818,1]},
{"frame":79,"values":[0.9999,-0.0101,0.0011,0,0.0069,0.75,0.6614,0,-0.0075,-0.6614,0.75,0,0.0062,19.525,-2.4818,1]},
{"frame":80,"values":[0.9984,-0.0557,0.0081,0,0.0363,0.7479,0.6628,0,-0.043,-0.6614,0.7488,0,0.0062,19.525,-2.4818,1]},
{"frame":81,"values":[0.9962,-0.085,0.0183,0,0.0517,0.7485,0.6611,0,-0.0699,-0.6576,0.7501,0,0.0062,19.525,-2.4818,1]},
{"frame":82,"values":[0.9954,-0.0932,0.0205,0,0.0575,0.7573,0.6505,0,-0.0762,-0.6464,0.7592,0,0.0062,19.525,-2.4818,1]},
{"frame":83,"values":[0.9966,-0.0821,0.0069,0,0.0597,0.7775,0.6261,0,-0.0568,-0.6235,0.7797,0,0.0062,19.525,-2.4818,1]},
{"frame":84,"values":[0.9979,-0.0633,-0.0169,0,0.061,0.8039,0.5917,0,-0.0239,-0.5914,0.806,0,0.0062,19.525,-2.4818,1]},
{"frame":85,"values":[0.998,-0.0423,-0.0469,0,0.0611,0.8328,0.5502,0,0.0158,-0.552,0.8337,0,0.0062,19.525,-2.4818,1]},
{"frame":86,"values":[0.9964,-0.0209,-0.0825,0,0.0597,0.8627,0.5022,0,0.0606,-0.5053,0.8608,0,0.0062,19.525,-2.4818,1]},
{"frame":87,"values":[0.9924,-0.0014,-0.1233,0,0.0569,0.8924,0.4477,0,0.1094,-0.4513,0.8857,0,0.0062,19.525,-2.4818,1]},
{"frame":88,"values":[0.9859,0.0134,-0.1666,0,0.0532,0.9197,0.389,0,0.1584,-0.3924,0.9061,0,0.0062,19.525,-2.4818,1]},
{"frame":89,"values":[0.9776,0.0215,-0.2094,0,0.0498,0.943,0.3289,0,0.2046,-0.332,0.9208,0,0.0062,19.525,-2.4818,1]},
{"frame":90,"values":[0.968,0.0233,-0.2498,0,0.0464,0.9619,0.2696,0,0.2466,-0.2726,0.93,0,0.0062,19.525,-2.4818,1]}],"loopBehavior":1,"name":"anim","property":"_matrix"}},
{"name":"mixamorig:Spine1","index":2,"matrix":[0.992,-0.037,-0.1206,0,0.0456,0.9966,0.0692,0,0.1176,-0.0742,0.9903,0,-0.0009,22.835,-2.8254,1],"rest":[1,0,0,0,0,1,0,0,0,0,1,0,-0.0009,22.835,-2.8254,1],"parentBoneIndex":1,"length":26.7438
,"animation":{"dataType":3,"framePerSecond":24,"keys":[
{"frame":1,"values":[0.992,-0.037,-0.1206,0,0.0456,0.9966,0.0692,0,0.1176,-0.0742,0.9903,0,-0.0009,22.835,-2.8254,1]},
{"frame":2,"values":[0.9915,-0.0314,-0.1261,0,0.0379,0.9981,0.0495,0,0.1243,-0.0539,0.9908,0,-0.0009,22.835,-2.8254,1]},
{"frame":3,"values":[0.9916,-0.0296,-0.126,0,0.0346,0.9987,0.0376,0,0.1247,-0.0416,0.9913,0,-0.0009,22.835,-2.8254,1]},
{"frame":4,"values":[0.9917,-0.0286,-0.1252,0,0.0324,0.9991,0.0281,0,0.1243,-0.0319,0.9917,0,-0.0009,22.835,-2.8254,1]},
{"frame":5,"values":[0.9917,-0.0274,-0.1254,0,0.0301,0.9994,0.0197,0,0.1248,-0.0233,0.9919,0,-0.0009,22.835,-2.8254,1]},
{"frame":6,"values":[0.992,-0.0258,-0.1239,0,0.0277,0.9995,0.0141,0,0.1235,-0.0174,0.9922,0,-0.0009,22.835,-2.8254,1]},
{"frame":7,"values":[0.9926,-0.0232,-0.1189,0,0.0248,0.9996,0.0126,0,0.1186,-0.0155,0.9928,0,-0.0009,22.835,-2.8254,1]},
{"frame":8,"values":[0.9935,-0.0204,-0.1121,0,0.0222,0.9997,0.0144,0,0.1118,-0.0168,0.9936,0,-0.0009,22.835,-2.8254,1]},
{"frame":9,"values":[0.9941,-0.0192,-0.1071,0,0.021,0.9996,0.0162,0,0.1068,-0.0184,0.9941,0,-0.0009,22.835,-2.8254,1]},
{"frame":10,"values":[0.9943,-0.0177,-0.1052,0,0.0197,0.9996,0.0183,0,0.1049,-0.0203,0.9943,0,-0.0009,22.835,-2.8254,1]},
{"frame":11,"values":[0.9945,-0.013,-0.1037,0,0.0154,0.9996,0.023,0,0.1033,-0.0244,0.9943,0,-0.0009,22.835,-2.8254,1]},
{"frame":12,"values":[0.9949,-0.0074,-0.1003,0,0.0101,0.9996,0.0266,0,0.1,-0.0275,0.9946,0,-0.0009,22.835,-2.8254,1]},
{"frame":13,"values":[0.9951,-0.0079,-0.099,0,0.0103,0.9997,0.024,0,0.0988,-0.0249,0.9948,0,-0.0009,22.835,-2.8254,1]},
{"frame":14,"values":[0.994,-0.0187,-0.108,0,0.0208,0.9996,0.0182,0,0.1076,-0.0203,0.994,0,-0.0009,22.835,-2.8254,1]},
{"frame":15,"values":[0.9911,-0.0335,-0.129,0,0.0359,0.9992,0.0162,0,0.1284,-0.0207,0.9915,0,-0.0009,22.835,-2.8254,1]},
{"frame":16,"values":[0.9876,-0.0394,-0.152,0,0.0425,0.9989,0.0176,0,0.1511,-0.0239,0.9882,0,-0.0009,22.835,-2.8254,1]},
{"frame":17,"values":[0.9869,-0.0306,-0.1586,0,0.034,0.9992,0.0189,0,0.1579,-0.0241,0.9872,0,-0.0009,22.835,-2.8254,1]},
{"frame":18,"values":[0.9901,-0.0127,-0.1399,0,0.0159,0.9996,0.0215,0,0.1396,-0.0235,0.9899,0,-0.0009,22.835,-2.8254,1]},
{"frame":19,"values":[0.9941,0.0039,-0.108,0,-0.0012,0.9997,0.0258,0,0.1081,-0.0255,0.9938,0,-0.0009,22.835,-2.8254,1]},
{"frame":20,"values":[0.9966,0.0111,-0.0812,0,-0.0088,0.9996,0.0285,0,0.0815,-0.0276,0.9963,0,-0.0009,22.835,-2.8254,1]},
{"frame":21,"values":[0.9975,0.0063,-0.0704,0,-0.0044,0.9996,0.0275,0,0.0705,-0.0271,0.9971,0,-0.0009,22.835,-2.8254,1]},
{"frame":22,"values":[0.997,-0.0077,-0.077,0,0.0097,0.9996,0.026,0,0.0768,-0.0266,0.9967,0,-0.0009,22.835,-2.8254,1]},
{"frame":23,"values":[0.9952,-0.0234,-0.0954,0,0.0261,0.9993,0.027,0,0.0947,-0.0294,0.9951,0,-0.0009,22.835,-2.8254,1]},
{"frame":24,"values":[0.9924,-0.0343,-0.118,0,0.038,0.9989,0.0288,0,0.1169,-0.0331,0.9926,0,-0.0009,22.835,-2.8254,1]},
{"frame":25,"values":[0.9901,-0.0377,-0.1354,0,0.0419,0.9987,0.0284,0,0.1342,-0.0338,0.9904,0,-0.0009,22.835,-2.8254,1]},
{"frame":26,"values":[0.9897,-0.0359,-0.1384,0,0.0398,0.9989,0.0251,0,0.1374,-0.0304,0.9901,0,-0.0009,22.835,-2.8254,1]},
{"frame":27,"values":[0.9914,-0.0332,-0.1267,0,0.036,0.9991,0.0203,0,0.1259,-0.0247,0.9917,0,-0.0009,22.835,-2.8254,1]},
{"frame":28,"values":[0.9936,-0.0311,-0.1086,0,0.0331,0.9993,0.0163,0,0.108,-0.0198,0.994,0,-0.0009,22.835,-2.8254,1]},
{"frame":29,"values":[0.995,-0.0293,-0.0954,0,0.0309,0.9994,0.0152,0,0.0949,-0.0181,0.9953,0,-0.0009,22.835,-2.8254,1]},
{"frame":30,"values":[0.9953,-0.0281,-0.0923,0,0.0297,0.9994,0.0159,0,0.0918,-0.0186,0.9956,0,-0.0009,22.835,-2.8254,1]},
{"frame":31,"values":[0.9949,-0.0298,-0.0966,0,0.0314,0.9994,0.015,0,0.0961,-0.018,0.9952,0,-0.0009,22.835,-2.8254,1]},
{"frame":32,"values":[0.9938,-0.0362,-0.1049,0,0.0376,0.9992,0.0121,0,0.1044,-0.016,0.9944,0,-0.0009,22.8351,-2.8254,1]},
{"frame":33,"values":[0.9923,-0.0455,-0.1153,0,0.0471,0.9988,0.0108,0,0.1146,-0.0162,0.9933,0,-0.0009,22.835,-2.8254,1]},
{"frame":34,"values":[0.9905,-0.0538,-0.1263,0,0.0561,0.9983,0.0146,0,0.1253,-0.0216,0.9919,0,-0.0009,22.835,-2.8254,1]},
{"frame":35,"values":[0.9891,-0.0582,-0.1356,0,0.0617,0.9979,0.0217,0,0.134,-0.0298,0.9905,0,-0.0009,22.835,-2.8254,1]},
{"frame":36,"values":[0.9882,-0.059,-0.1411,0,0.0636,0.9976,0.0285,0,0.1391,-0.0372,0.9896,0,-0.0009,22.835,-2.8254,1]},
{"frame":37,"values":[0.9879,-0.0583,-0.1434,0,0.0637,0.9974,0.034,0,0.1411,-0.0427,0.9891,0,-0.0009,22.835,-2.8254,1]},
{"frame":38,"values":[0.9878,-0.0582,-0.1442,0,0.0645,0.9971,0.0393,0,0.1415,-0.0481,0.9888,0,-0.0009,22.835,-2.8254,1]},
{"frame":39,"values":[0.9877,-0.0584,-0.1449,0,0.0656,0.9968,0.0456,0,0.1418,-0.0545,0.9884,0,-0.0009,22.835,-2.8254,1]},
{"frame":40,"values":[0.988,-0.0541,-0.1448,0,0.0625,0.9965,0.0547,0,0.1413,-0.0631,0.988,0,-0.0009,22.835,-2.8254,1]},
{"frame":41,"values":[0.9892,-0.0408,-0.141,0,0.051,0.9963,0.0697,0,0.1376,-0.0761,0.9876,0,-0.0009,22.835,-2.8254,1]},
{"frame":42,"values":[0.9914,-0.0175,-0.1298,0,0.0298,0.9952,0.0932,0,0.1275,-0.0962,0.9872,0,-0.0009,22.835,-2.8254,1]},
{"frame":43,"values":[0.9943,0.0128,-0.1062,0,0.0006,0.9922,0.1249,0,0.1069,-0.1243,0.9865,0,-0.0009,22.835,-2.8254,1]},
{"frame":44,"values":[0.9968,0.0422,-0.0674,0,-0.0309,0.9864,0.1616,0,0.0733,-0.159,0.9845,0,-0.0009,22.835,-2.8254,1]},
{"frame":45,"values":[0.998,0.0594,-0.023,0,-0.0538,0.9791,0.1959,0,0.0341,-0.1943,0.9804,0,-0.0009,22.835,-2.8254,1]},
{"frame":46,"values":[0.9981,0.0615,0.0076,0,-0.0616,0.9728,0.2235,0,0.0063,-0.2236,0.9747,0,-0.0009,22.835,-2.8254,1]},
{"frame":47,"values":[0.9982,0.0568,0.0175,0,-0.0594,0.9675,0.2459,0,-0.0029,-0.2465,0.9691,0,-0.0009,22.835,-2.8254,1]},
{"frame":48,"values":[0.9985,0.0523,0.0178,0,-0.0551,0.9632,0.2631,0,-0.0034,-0.2637,0.9646,0,-0.0009,22.835,-2.8254,1]},
{"frame":49,"values":[0.9987,0.0474,0.0188,0,-0.0508,0.9607,0.2728,0,-0.0051,-0.2734,0.9619,0,-0.0009,22.835,-2.8254,1]},
{"frame":50,"values":[0.9989,0.0429,0.019,0,-0.0464,0.9606,0.2741,0,-0.0065,-0.2747,0.9615,0,-0.0009,22.835,-2.8254,1]},
{"frame":51,"values":[0.999,0.0425,0.0146,0,-0.0448,0.9619,0.2697,0,-0.0025,-0.27,0.9628,0,-0.0009,22.835,-2.8254,1]},
{"frame":52,"values":[0.9989,0.0462,0.0042,0,-0.0457,0.9638,0.2628,0,0.0081,-0.2627,0.9649,0,-0.0009,22.835,-2.8254,1]},
{"frame":53,"values":[0.9987,0.0499,-0.0116,0,-0.0453,0.9657,0.2557,0,0.0239,-0.2548,0.9667,0,-0.0009,22.835,-2.8254,1]},
{"frame":54,"values":[0.9983,0.0518,-0.0283,0,-0.0432,0.9673,0.2499,0,0.0403,-0.2483,0.9679,0,-0.0009,22.835,-2.8254,1]},
{"frame":55,"values":[0.9979,0.0525,-0.0388,0,-0.0414,0.9684,0.2459,0,0.0505,-0.2438,0.9685,0,-0.0009,22.835,-2.8254,1]},
{"frame":56,"values":[0.9979,0.0506,-0.041,0,-0.0392,0.9693,0.2429,0,0.052,-0.2407,0.9692,0,-0.0009,22.835,-2.8254,1]},
{"frame":57,"values":[0.9981,0.0456,-0.0412,0,-0.0344,0.9701,0.2403,0,0.0509,-0.2384,0.9698,0,-0.0009,22.835,-2.8254,1]},
{"frame":58,"values":[0.9981,0.0405,-0.0458,0,-0.0284,0.9707,0.2387,0,0.0542,-0.237,0.97,0,-0.0009,22.835,-2.8254,1]},
{"frame":59,"values":[0.998,0.0384,-0.0503,0,-0.0253,0.9707,0.2391,0,0.058,-0.2374,0.9697,0,-0.0009,22.835,-2.8254,1]},
{"frame":60,"values":[0.9983,0.0389,-0.0423,0,-0.0275,0.9697,0.2427,0,0.0504,-0.2411,0.9692,0,-0.0009,22.835,-2.8254,1]},
{"frame":61,"values":[0.9991,0.0382,-0.0179,0,-0.0325,0.9679,0.2494,0,0.0269,-0.2486,0.9682,0,-0.0009,22.835,-2.8254,1]},
{"frame":62,"values":[0.9995,0.031,0.0083,0,-0.0321,0.9658,0.2573,0,-0.0001,-0.2575,0.9663,0,-0.0009,22.835,-2.8254,1]},
{"frame":63,"values":[0.9997,0.0194,0.0166,0,-0.0231,0.9638,0.2655,0,-0.0109,-0.2658,0.964,0,-0.0009,22.835,-2.8254,1]},
{"frame":64,"values":[0.9999,0.0167,0.0022,0,-0.0166,0.9621,0.2721,0,0.0024,-0.2721,0.9623,0,-0.0009,22.835,-2.8254,1]},
{"frame":65,"values":[0.9992,0.034,-0.0218,0,-0.0268,0.9617,0.2729,0,0.0303,-0.2721,0.9618,0,-0.0009,22.835,-2.8254,1]},
{"frame":66,"values":[0.9975,0.0608,-0.0368,0,-0.0488,0.9622,0.268,0,0.0517,-0.2656,0.9627,0,-0.0009,22.835,-2.8254,1]},
{"frame":67,"values":[0.9968,0.0726,-0.0334,0,-0.0613,0.9629,0.2627,0,0.0512,-0.2599,0.9643,0,-0.0009,22.835,-2.8254,1]},
{"frame":68,"values":[0.9982,0.0569,-0.0166,0,-0.0506,0.9638,0.2618,0,0.0309,-0.2605,0.965,0,-0.0009,22.835,-2.8254,1]},
{"frame":69,"values":[0.9998,0.0198,0.0017,0,-0.0196,0.9644,0.2638,0,0.0035,-0.2638,0.9646,0,-0.0009,22.835,-2.8254,1]},
{"frame":70,"values":[0.9996,-0.0245,0.0131,0,0.0201,0.9641,0.2649,0,-0.0192,-0.2646,0.9642,0,-0.0009,22.835,-2.8254,1]},
{"frame":71,"values":[0.9979,-0.0624,0.0169,0,0.0557,0.9626,0.265,0,-0.0328,-0.2635,0.9641,0,-0.0009,22.835,-2.8254,1]},
{"frame":72,"values":[0.997,-0.0766,0.0149,0,0.0698,0.9613,0.2664,0,-0.0347,-0.2645,0.9637,0,-0.0009,22.835,-2.8254,1]},
{"frame":73,"values":[0.9985,-0.0547,0.0065,0,0.0509,0.9617,0.2693,0,-0.021,-0.2686,0.963,0,-0.0009,22.835,-2.8254,1]},
{"frame":74,"values":[0.9999,-0.0088,-0.007,0,0.0103,0.9626,0.2706,0,0.0043,-0.2707,0.9627,0,-0.0009,22.835,-2.8254,1]},
{"frame":75,"values":[0.9991,0.0359,-0.0204,0,-0.0292,0.9632,0.2671,0,0.0293,-0.2662,0.9635,0,-0.0009,22.835,-2.8254,1]},
{"frame":76,"values":[0.9979,0.0589,-0.0271,0,-0.0499,0.9643,0.2602,0,0.0415,-0.2583,0.9652,0,-0.0009,22.835,-2.8254,1]},
{"frame":77,"values":[0.9982,0.055,-0.0248,0,-0.0469,0.9661,0.2539,0,0.038,-0.2523,0.9669,0,-0.0009,22.835,-2.8254,1]},
{"frame":78,"values":[0.9992,0.0346,-0.0197,0,-0.0286,0.9677,0.2505,0,0.0277,-0.2498,0.9679,0,-0.0009,22.835,-2.8254,1]},
{"frame":79,"values":[0.9998,0.0097,-0.0163,0,-0.0053,0.9683,0.2498,0,0.0182,-0.2497,0.9682,0,-0.0009,22.835,-2.8254,1]},
{"frame":80,"values":[0.9999,-0.0112,-0.0131,0,0.0141,0.9678,0.2512,0,0.0099,-0.2514,0.9678,0,-0.0009,22.835,-2.8254,1]},
{"frame":81,"values":[0.9997,-0.0243,-0.0093,0,0.0258,0.9671,0.253,0,0.0029,-0.2531,0.9674,0,-0.0009,22.835,-2.8254,1]},
{"frame":82,"values":[0.9995,-0.0301,-0.01,0,0.0316,0.9677,0.2502,0,0.0022,-0.2504,0.9681,0,-0.0009,22.835,-2.8254,1]},
{"frame":83,"values":[0.9993,-0.0311,-0.0184,0,0.0346,0.9703,0.2396,0,0.0104,-0.24,0.9707,0,-0.0009,22.835,-2.8254,1]},
{"frame":84,"values":[0.999,-0.0308,-0.0311,0,0.037,0.974,0.2234,0,0.0234,-0.2243,0.9742,0,-0.0009,22.835,-2.8254,1]},
{"frame":85,"values":[0.9985,-0.0302,-0.0455,0,0.0388,0.9783,0.2034,0,0.0383,-0.2049,0.978,0,-0.0009,22.835,-2.8254,1]},
{"frame":86,"values":[0.9977,-0.0295,-0.061,0,0.0401,0.9828,0.1802,0,0.0546,-0.1823,0.9817,0,-0.0009,22.835,-2.8254,1]},
{"frame":87,"values":[0.9966,-0.0294,-0.0772,0,0.0411,0.9872,0.1538,0,0.0717,-0.1565,0.9851,0,-0.0009,22.835,-2.8254,1]},
{"frame":88,"values":[0.9952,-0.0305,-0.0931,0,0.0422,0.9912,0.1256,0,0.0884,-0.1289,0.9877,0,-0.0009,22.835,-2.8254,1]},
{"frame":89,"values":[0.9936,-0.0331,-0.1077,0,0.0437,0.9943,0.097,0,0.1038,-0.1011,0.9894,0,-0.0009,22.835,-2.8254,1]},
{"frame":90,"values":[0.992,-0.037,-0.1206,0,0.0456,0.9966,0.0692,0,0.1176,-0.0742,0.9903,0,-0.0009,22.835,-2.8254,1]}],"loopBehavior":1,"name":"anim","property":"_matrix"}},
{"name":"mixamorig:Spine2","index":3,"matrix":[0.9918,-0.0361,-0.1223,0,0.0442,0.9969,0.0645,0,0.1196,-0.0694,0.9904,0,-0.0206,26.5525,-3.1933,1],"rest":[1,0,0,0,0,1,0,0,0,0,1,0,-0.0206,26.5525,-3.1933,1],"parentBoneIndex":2,"length":24.825
,"animation":{"dataType":3,"framePerSecond":24,"keys":[
{"frame":1,"values":[0.9918,-0.0361,-0.1223,0,0.0442,0.9969,0.0645,0,0.1196,-0.0694,0.9904,0,-0.0206,26.5525,-3.1933,1]},
{"frame":2,"values":[0.9914,-0.0291,-0.1279,0,0.035,0.9984,0.0446,0,0.1264,-0.0487,0.9908,0,-0.0206,26.5525,-3.1933,1]},
{"frame":3,"values":[0.9915,-0.0267,-0.1277,0,0.0311,0.999,0.0327,0,0.1267,-0.0364,0.9913,0,-0.0206,26.5525,-3.1933,1]},
{"frame":4,"values":[0.9916,-0.0254,-0.1267,0,0.0285,0.9993,0.0233,0,0.126,-0.0267,0.9917,0,-0.0206,26.5525,-3.1933,1]},
{"frame":5,"values":[0.9917,-0.0237,-0.1266,0,0.0258,0.9996,0.0149,0,0.1262,-0.018,0.9918,0,-0.0206,26.5525,-3.1933,1]},
{"frame":6,"values":[0.9919,-0.0218,-0.1248,0,0.0231,0.9997,0.0095,0,0.1246,-0.0123,0.9921,0,-0.0206,26.5525,-3.1933,1]},
{"frame":7,"values":[0.9926,-0.019,-0.1197,0,0.0202,0.9998,0.0083,0,0.1195,-0.0106,0.9928,0,-0.0206,26.5525,-3.1933,1]},
{"frame":8,"values":[0.9935,-0.0164,-0.1129,0,0.0177,0.9998,0.0104,0,0.1127,-0.0123,0.9936,0,-0.0206,26.5525,-3.1933,1]},
{"frame":9,"values":[0.9941,-0.0152,-0.1078,0,0.0167,0.9998,0.0123,0,0.1076,-0.014,0.9941,0,-0.0206,26.5525,-3.1933,1]},
{"frame":10,"values":[0.9943,-0.0139,-0.1059,0,0.0155,0.9998,0.0145,0,0.1057,-0.0161,0.9943,0,-0.0206,26.5525,-3.1933,1]},
{"frame":11,"values":[0.9945,-0.0095,-0.1043,0,0.0116,0.9997,0.0196,0,0.1041,-0.0207,0.9944,0,-0.0206,26.5525,-3.1933,1]},
{"frame":12,"values":[0.9949,-0.0041,-0.1008,0,0.0065,0.9997,0.0237,0,0.1007,-0.0242,0.9946,0,-0.0206,26.5525,-3.1933,1]},
{"frame":13,"values":[0.995,-0.0045,-0.0995,0,0.0066,0.9998,0.021,0,0.0994,-0.0216,0.9948,0,-0.0206,26.5525,-3.1933,1]},
{"frame":14,"values":[0.994,-0.015,-0.1088,0,0.0166,0.9998,0.0142,0,0.1085,-0.0159,0.994,0,-0.0206,26.5525,-3.1933,1]},
{"frame":15,"values":[0.991,-0.0298,-0.1303,0,0.0315,0.9994,0.0108,0,0.1299,-0.0148,0.9914,0,-0.0206,26.5525,-3.1933,1]},
{"frame":16,"values":[0.9875,-0.0358,-0.1536,0,0.038,0.9992,0.0113,0,0.1531,-0.017,0.9881,0,-0.0206,26.5525,-3.1933,1]},
{"frame":17,"values":[0.9867,-0.027,-0.16,0,0.0295,0.9995,0.0128,0,0.1596,-0.0173,0.987,0,-0.0206,26.5525,-3.1933,1]},
{"frame":18,"values":[0.99,-0.009,-0.1408,0,0.0115,0.9998,0.0167,0,0.1406,-0.0181,0.9899,0,-0.0206,26.5525,-3.1933,1]},
{"frame":19,"values":[0.9941,0.0074,-0.1083,0,-0.005,0.9997,0.023,0,0.1085,-0.0223,0.9938,0,-0.0206,26.5525,-3.1933,1]},
{"frame":20,"values":[0.9966,0.0142,-0.0812,0,-0.012,0.9996,0.027,0,0.0815,-0.0259,0.9963,0,-0.0206,26.5525,-3.1933,1]},
{"frame":21,"values":[0.9975,0.0092,-0.0705,0,-0.0073,0.9996,0.0259,0,0.0707,-0.0253,0.9972,0,-0.0206,26.5525,-3.1933,1]},
{"frame":22,"values":[0.997,-0.0048,-0.0777,0,0.0066,0.9997,0.0231,0,0.0776,-0.0235,0.9967,0,-0.0206,26.5525,-3.1933,1]},
{"frame":23,"values":[0.9951,-0.0207,-0.0967,0,0.023,0.9995,0.0225,0,0.0962,-0.0246,0.9951,0,-0.0206,26.5525,-3.1933,1]},
{"frame":24,"values":[0.9923,-0.0316,-0.1198,0,0.0346,0.9991,0.0232,0,0.119,-0.0272,0.9925,0,-0.0206,26.5525,-3.1933,1]},
{"frame":25,"values":[0.9899,-0.0349,-0.1374,0,0.0383,0.999,0.0222,0,0.1364,-0.0273,0.9903,0,-0.0206,26.5525,-3.1933,1]},
{"frame":26,"values":[0.9896,-0.033,-0.1402,0,0.036,0.9992,0.019,0,0.1394,-0.0239,0.9899,0,-0.0206,26.5525,-3.1933,1]},
{"frame":27,"values":[0.9913,-0.03,-0.1281,0,0.0322,0.9994,0.0147,0,0.1275,-0.0187,0.9917,0,-0.0206,26.5525,-3.1933,1]},
{"frame":28,"values":[0.9936,-0.0278,-0.1097,0,0.0292,0.9995,0.0113,0,0.1094,-0.0144,0.9939,0,-0.0206,26.5525,-3.1933,1]},
{"frame":29,"values":[0.995,-0.0259,-0.0965,0,0.027,0.9996,0.0106,0,0.0962,-0.0132,0.9953,0,-0.0206,26.5525,-3.1933,1]},
{"frame":30,"values":[0.9953,-0.0247,-0.0933,0,0.0258,0.9996,0.0115,0,0.093,-0.0138,0.9956,0,-0.0206,26.5525,-3.1933,1]},
{"frame":31,"values":[0.9949,-0.0262,-0.0977,0,0.0274,0.9996,0.0104,0,0.0974,-0.013,0.9952,0,-0.0206,26.5525,-3.1933,1]},
{"frame":32,"values":[0.9938,-0.0324,-0.1061,0,0.0333,0.9994,0.0069,0,0.1058,-0.0104,0.9943,0,-0.0206,26.5525,-3.1933,1]},
{"frame":33,"values":[0.9923,-0.0417,-0.1167,0,0.0426,0.9991,0.005,0,0.1164,-0.0099,0.9932,0,-0.0206,26.5525,-3.1933,1]},
{"frame":34,"values":[0.9905,-0.0502,-0.1281,0,0.0517,0.9986,0.0083,0,0.1275,-0.0148,0.9917,0,-0.0206,26.5525,-3.1933,1]},
{"frame":35,"values":[0.9889,-0.055,-0.1377,0,0.0576,0.9982,0.0152,0,0.1366,-0.023,0.9904,0,-0.0206,26.5525,-3.1933,1]},
{"frame":36,"values":[0.9881,-0.056,-0.1434,0,0.0598,0.998,0.0222,0,0.1419,-0.0305,0.9894,0,-0.0206,26.5525,-3.1933,1]},
{"frame":37,"values":[0.9878,-0.0554,-0.1458,0,0.06,0.9978,0.0278,0,0.144,-0.0363,0.9889,0,-0.0206,26.5525,-3.1933,1]},
{"frame":38,"values":[0.9876,-0.0554,-0.1468,0,0.0609,0.9976,0.0332,0,0.1446,-0.0418,0.9886,0,-0.0206,26.5525,-3.1933,1]},
{"frame":39,"values":[0.9875,-0.0557,-0.1478,0,0.0622,0.9973,0.0395,0,0.1452,-0.0482,0.9882,0,-0.0206,26.5525,-3.1933,1]},
{"frame":40,"values":[0.9877,-0.0515,-0.1478,0,0.0593,0.997,0.0489,0,0.1448,-0.0571,0.9878,0,-0.0206,26.5525,-3.1933,1]},
{"frame":41,"values":[0.9888,-0.0384,-0.1439,0,0.0482,0.9967,0.0647,0,0.1409,-0.0709,0.9875,0,-0.0206,26.5525,-3.1933,1]},
