{"producer":{"name":"Blender","version":"2.90.0","exporter_version":"2.80.1","file":"option_pray.babylon"},
"autoClear":true,"clearColor":[0.0509,0.0509,0.0509],"gravity":[0,-9.81,0],
"materials":[{"name":"Material","id":"Material","customType":"BABYLON.PBRMaterial","backFaceCulling":true,"checkReadyOnlyOnce":false,"maxSimultaneousLights":4,"environmentIntensity":1,"albedo":[0.8,0.8,0.8],"reflectivity":[0.5,0.5,0.5],"roughness":0.4,"alpha":1,"transparencyMode":0,"alphaCutOff":0.4,"metallic":0}],
"multiMaterials":[],
"skeletons":[{"name":"Armature","id":0,"dimensionsAtRest":[379.1952,391.6652,55.677],"bones":[
{"name":"mixamorig:Hips","index":0,"matrix":[0.9993,0.0127,-0.0359,0,-0.011,0.9988,0.047,0,-0.0364,0.0466,-0.9983,0,-0.1758,198.3484,-5.2826,1],"rest":[1,0,0,0,0,1,0,0,0,0,-1,0,0,201.6394,0,1],"parentBoneIndex":-1,"length":21.6784
,"animation":{"dataType":3,"framePerSecond":24,"keys":[
{"frame":1,"values":[0.9993,0.0127,-0.0359,0,-0.011,0.9988,0.047,0,-0.0364,0.0466,-0.9983,0,-0.1758,198.3484,-5.2826,1]},
{"frame":2,"values":[0.9993,0.0125,-0.0359,0,-0.0108,0.9989,0.0467,0,-0.0364,0.0463,-0.9983,0,-0.1822,198.382,-5.2568,1]},
{"frame":3,"values":[0.9993,0.0123,-0.0364,0,-0.0106,0.9989,0.0465,0,-0.0369,0.0461,-0.9983,0,-0.1505,198.416,-5.1638,1]},
{"frame":4,"values":[0.9992,0.0124,-0.0368,0,-0.0108,0.9989,0.0458,0,-0.0374,0.0454,-0.9983,0,-0.1187,198.4405,-4.9938,1]},
{"frame":5,"values":[0.9992,0.0127,-0.0369,0,-0.011,0.9989,0.0445,0,-0.0374,0.0441,-0.9983,0,-0.0928,198.461,-4.7499,1]},
{"frame":6,"values":[0.9993,0.0127,-0.0365,0,-0.0111,0.999,0.0438,0,-0.037,0.0434,-0.9984,0,-0.065,198.476,-4.4336,1]},
{"frame":7,"values":[0.9993,0.0126,-0.036,0,-0.011,0.9989,0.0446,0,-0.0365,0.0441,-0.9984,0,-0.0271,198.477,-4.0538,1]},
{"frame":8,"values":[0.9993,0.0127,-0.0355,0,-0.011,0.9989,0.046,0,-0.0361,0.0456,-0.9983,0,0.0159,198.4665,-3.622,1]},
{"frame":9,"values":[0.9993,0.0128,-0.0353,0,-0.0111,0.9988,0.0471,0,-0.0359,0.0467,-0.9983,0,0.0689,198.4551,-3.1431,1]},
{"frame":10,"values":[0.9993,0.0131,-0.0352,0,-0.0114,0.9988,0.0478,0,-0.0358,0.0474,-0.9982,0,0.1449,198.4471,-2.6301,1]},
{"frame":11,"values":[0.9993,0.0141,-0.0347,0,-0.0124,0.9987,0.049,0,-0.0354,0.0486,-0.9982,0,0.2273,198.4381,-2.0866,1]},
{"frame":12,"values":[0.9993,0.0157,-0.034,0,-0.0139,0.9986,0.0502,0,-0.0348,0.0497,-0.9982,0,0.2892,198.4272,-1.4816,1]},
{"frame":13,"values":[0.9993,0.0167,-0.0336,0,-0.015,0.9986,0.0515,0,-0.0344,0.051,-0.9981,0,0.3361,198.4229,-0.8072,1]},
{"frame":14,"values":[0.9993,0.0171,-0.0334,0,-0.0152,0.9984,0.0545,0,-0.0343,0.0539,-0.998,0,0.3703,198.4301,-0.0911,1]},
{"frame":15,"values":[0.9993,0.017,-0.033,0,-0.015,0.9982,0.0587,0,-0.0339,0.0581,-0.9977,0,0.3883,198.4297,0.656,1]},
{"frame":16,"values":[0.9993,0.0165,-0.0322,0,-0.0145,0.998,0.0617,0,-0.0332,0.0612,-0.9976,0,0.4102,198.4006,1.4407,1]},
{"frame":17,"values":[0.9994,0.0157,-0.0311,0,-0.0137,0.9979,0.0632,0,-0.032,0.0627,-0.9975,0,0.4593,198.359,2.2654,1]},
{"frame":18,"values":[0.9994,0.015,-0.0297,0,-0.0131,0.9978,0.0648,0,-0.0306,0.0643,-0.9975,0,0.5394,198.3311,3.1153,1]},
{"frame":19,"values":[0.9995,0.0152,-0.0285,0,-0.0133,0.9976,0.0677,0,-0.0295,0.0673,-0.9973,0,0.6232,198.3177,3.9561,1]},
{"frame":20,"values":[0.9995,0.016,-0.0282,0,-0.0139,0.9973,0.0721,0,-0.0293,0.0716,-0.997,0,0.6894,198.3065,4.7606,1]},
{"frame":21,"values":[0.9994,0.0163,-0.0298,0,-0.014,0.9969,0.0771,0,-0.0309,0.0767,-0.9966,0,0.7496,198.2942,5.5283,1]},
{"frame":22,"values":[0.9993,0.0159,-0.0335,0,-0.0131,0.9965,0.0822,0,-0.0347,0.0817,-0.9961,0,0.8155,198.2825,6.2543,1]},
{"frame":23,"values":[0.9992,0.0155,-0.0376,0,-0.0122,0.9962,0.0868,0,-0.0388,0.0863,-0.9955,0,0.8818,198.2719,6.9316,1]},
{"frame":24,"values":[0.9991,0.0153,-0.0402,0,-0.0116,0.9958,0.0908,0,-0.0414,0.0903,-0.9951,0,0.9489,198.264,7.5653,1]},
{"frame":25,"values":[0.9991,0.0146,-0.0405,0,-0.0107,0.9954,0.0949,0,-0.0417,0.0943,-0.9947,0,1.0281,198.2575,8.1378,1]},
{"frame":26,"values":[0.9991,0.0131,-0.0395,0,-0.0091,0.995,0.0995,0,-0.0406,0.0991,-0.9943,0,1.1195,198.2463,8.6187,1]},
{"frame":27,"values":[0.9992,0.0113,-0.038,0,-0.0073,0.9946,0.104,0,-0.039,0.1036,-0.9939,0,1.2131,198.2305,9.0057,1]},
{"frame":28,"values":[0.9993,0.0099,-0.0365,0,-0.0059,0.9942,0.1074,0,-0.0373,0.1071,-0.9935,0,1.3055,198.2145,9.3095,1]},
{"frame":29,"values":[0.9993,0.009,-0.0351,0,-0.005,0.9939,0.1098,0,-0.0359,0.1096,-0.9933,0,1.4004,198.2,9.5375,1]},
{"frame":30,"values":[0.9994,0.0085,-0.0339,0,-0.0047,0.9937,0.1116,0,-0.0347,0.1113,-0.9932,0,1.496,198.1854,9.6908,1]},
{"frame":31,"values":[0.9994,0.0083,-0.0331,0,-0.0045,0.9937,0.1123,0,-0.0338,0.1121,-0.9931,0,1.5835,198.1679,9.7715,1]},
{"frame":32,"values":[0.9995,0.008,-0.0321,0,-0.0044,0.9937,0.1123,0,-0.0328,0.1121,-0.9932,0,1.6569,198.1443,9.7763,1]},
{"frame":33,"values":[0.9995,0.008,-0.0305,0,-0.0045,0.9936,0.1126,0,-0.0312,0.1124,-0.9932,0,1.7196,198.1179,9.7042,1]},
{"frame":34,"values":[0.9996,0.0083,-0.0285,0,-0.005,0.9935,0.1135,0,-0.0293,0.1133,-0.9931,0,1.7782,198.0982,9.575,1]},
{"frame":35,"values":[0.9996,0.0087,-0.027,0,-0.0056,0.9934,0.1143,0,-0.0278,0.1141,-0.9931,0,1.8309,198.0913,9.4192,1]},
{"frame":36,"values":[0.9996,0.0091,-0.0262,0,-0.006,0.9934,0.1142,0,-0.0271,0.114,-0.9931,0,1.8739,198.0978,9.2441,1]},
{"frame":37,"values":[0.9996,0.0093,-0.0267,0,-0.0062,0.9935,0.1136,0,-0.0276,0.1134,-0.9932,0,1.9099,198.1145,9.0352,1]},
{"frame":38,"values":[0.9995,0.0094,-0.0285,0,-0.0061,0.9935,0.1135,0,-0.0294,0.1133,-0.9931,0,1.943,198.1354,8.778,1]},
{"frame":39,"values":[0.9995,0.0094,-0.0307,0,-0.0058,0.9935,0.1136,0,-0.0316,0.1133,-0.9931,0,1.9757,198.1529,8.4683,1]},
{"frame":40,"values":[0.9994,0.0093,-0.0319,0,-0.0057,0.9936,0.1132,0,-0.0328,0.1129,-0.9931,0,2.0084,198.1602,8.104,1]},
{"frame":41,"values":[0.9994,0.0095,-0.032,0,-0.0058,0.9936,0.113,0,-0.0329,0.1128,-0.9931,0,2.0353,198.1534,7.6881,1]},
{"frame":42,"values":[0.9995,0.0094,-0.0317,0,-0.0058,0.9936,0.1129,0,-0.0325,0.1126,-0.9931,0,2.0467,198.1434,7.2312,1]},
{"frame":43,"values":[0.9995,0.0087,-0.0313,0,-0.0052,0.9938,0.1106,0,-0.0321,0.1104,-0.9934,0,2.0334,198.1406,6.7448,1]},
{"frame":44,"values":[0.9995,0.0077,-0.031,0,-0.0043,0.9943,0.1064,0,-0.0316,0.1062,-0.9938,0,1.9998,198.1354,6.2239,1]},
{"frame":45,"values":[0.9995,0.0072,-0.0308,0,-0.004,0.9947,0.1029,0,-0.0314,0.1027,-0.9942,0,1.9688,198.1181,5.6481,1]},
{"frame":46,"values":[0.9995,0.0076,-0.0308,0,-0.0044,0.9949,0.1011,0,-0.0314,0.1009,-0.9944,0,1.9475,198.0975,5.014,1]},
{"frame":47,"values":[0.9995,0.0079,-0.0308,0,-0.0048,0.995,0.0996,0,-0.0314,0.0994,-0.9946,0,1.9187,198.0804,4.3363,1]},
{"frame":48,"values":[0.9995,0.0078,-0.03,0,-0.0049,0.9952,0.0975,0,-0.0306,0.0973,-0.9948,0,1.8707,198.0619,3.6331,1]},
{"frame":49,"values":[0.9996,0.0079,-0.0284,0,-0.0052,0.9955,0.0946,0,-0.029,0.0944,-0.9951,0,1.7981,198.0428,2.9188,1]},
{"frame":50,"values":[0.9996,0.0087,-0.0274,0,-0.0062,0.9958,0.0908,0,-0.0281,0.0906,-0.9955,0,1.6928,198.0249,2.1871,1]},
{"frame":51,"values":[0.9996,0.0099,-0.0274,0,-0.0075,0.9962,0.0863,0,-0.0282,0.0861,-0.9959,0,1.5782,198.0052,1.4219,1]},
{"frame":52,"values":[0.9996,0.0106,-0.0277,0,-0.0082,0.9965,0.0827,0,-0.0285,0.0824,-0.9962,0,1.488,197.9921,0.6293,1]},
{"frame":53,"values":[0.9995,0.0105,-0.0284,0,-0.0082,0.9967,0.0806,0,-0.0291,0.0804,-0.9963,0,1.4118,197.998,-0.1624,1]},
{"frame":54,"values":[0.9995,0.0103,-0.0298,0,-0.0079,0.9968,0.0793,0,-0.0305,0.0791,-0.9964,0,1.3242,198.0237,-0.9235,1]},
{"frame":55,"values":[0.9994,0.0104,-0.032,0,-0.0079,0.9969,0.0778,0,-0.0327,0.0775,-0.9965,0,1.2214,198.0573,-1.6211,1]},
{"frame":56,"values":[0.9993,0.0107,-0.0345,0,-0.0081,0.9971,0.0758,0,-0.0352,0.0755,-0.9965,0,1.107,198.0853,-2.2494,1]},
{"frame":57,"values":[0.9993,0.0108,-0.0363,0,-0.0081,0.9973,0.0728,0,-0.037,0.0725,-0.9967,0,0.9815,198.1049,-2.8169,1]},
{"frame":58,"values":[0.9993,0.0104,-0.037,0,-0.0078,0.9976,0.0686,0,-0.0376,0.0682,-0.997,0,0.8488,198.1158,-3.3138,1]},
{"frame":59,"values":[0.9993,0.01,-0.0368,0,-0.0077,0.9979,0.0641,0,-0.0373,0.0637,-0.9973,0,0.718,198.1252,-3.7443,1]},
{"frame":60,"values":[0.9993,0.0102,-0.0364,0,-0.008,0.9981,0.0605,0,-0.037,0.0601,-0.9975,0,0.5922,198.1419,-4.1245,1]},
{"frame":61,"values":[0.9993,0.0105,-0.0366,0,-0.0084,0.9983,0.0576,0,-0.0371,0.0573,-0.9977,0,0.4658,198.1661,-4.4565,1]},
{"frame":62,"values":[0.9993,0.0109,-0.0368,0,-0.0089,0.9985,0.0548,0,-0.0373,0.0544,-0.9978,0,0.3321,198.1955,-4.7404,1]},
{"frame":63,"values":[0.9993,0.0116,-0.0368,0,-0.0097,0.9986,0.0521,0,-0.0373,0.0517,-0.998,0,0.1961,198.2302,-4.9713,1]},
{"frame":64,"values":[0.9993,0.0123,-0.0366,0,-0.0105,0.9987,0.0502,0,-0.0372,0.0498,-0.9981,0,0.0658,198.265,-5.1372,1]},
{"frame":65,"values":[0.9993,0.0128,-0.0364,0,-0.0111,0.9988,0.0487,0,-0.0369,0.0483,-0.9982,0,-0.0518,198.2931,-5.2372,1]},
{"frame":66,"values":[0.9993,0.0129,-0.036,0,-0.0112,0.9988,0.0476,0,-0.0366,0.0472,-0.9982,0,-0.1425,198.3157,-5.2833,1]},
{"frame":67,"values":[0.9993,0.0127,-0.0359,0,-0.011,0.9988,0.047,0,-0.0364,0.0466,-0.9983,0,-0.1758,198.3484,-5.2826,1]}],"loopBehavior":1,"name":"anim","property":"_matrix"}},
{"name":"mixamorig:Spine","index":1,"matrix":[0.9999,-0.0101,0.0119,0,0.0101,0.9999,0.0025,0,-0.0119,-0.0024,0.9999,0,0.0062,19.525,-2.4818,1],"rest":[1,0,0,0,0,1,0,0,0,0,1,0,0.0062,19.525,-2.4818,1],"parentBoneIndex":0,"length":23.0091
,"animation":{"dataType":3,"framePerSecond":24,"keys":[
{"frame":1,"values":[0.9999,-0.0101,0.0119,0,0.0101,0.9999,0.0025,0,-0.0119,-0.0024,0.9999,0,0.0062,19.525,-2.4818,1]},
{"frame":2,"values":[0.9999,-0.0099,0.0122,0,0.0099,0.9999,0.0028,0,-0.0122,-0.0027,0.9999,0,0.0062,19.525,-2.4818,1]},
{"frame":3,"values":[0.9999,-0.0099,0.0123,0,0.0099,0.9999,0.003,0,-0.0124,-0.0029,0.9999,0,0.0062,19.525,-2.4818,1]},
{"frame":4,"values":[0.9999,-0.0099,0.0126,0,0.0099,0.9999,0.003,0,-0.0126,-0.0029,0.9999,0,0.0062,19.525,-2.4818,1]},
{"frame":5,"values":[0.9999,-0.0099,0.0128,0,0.0099,0.9999,0.0027,0,-0.0129,-0.0026,0.9999,0,0.0062,19.525,-2.4818,1]},
{"frame":6,"values":[0.9999,-0.0099,0.0131,0,0.0099,0.9999,0.0025,0,-0.0131,-0.0023,0.9999,0,0.0062,19.525,-2.4818,1]},
{"frame":7,"values":[0.9999,-0.01,0.0131,0,0.01,0.9999,0.0026,0,-0.0132,-0.0025,0.9999,0,0.0062,19.525,-2.4818,1]},
{"frame":8,"values":[0.9999,-0.0102,0.0129,0,0.0102,0.9999,0.0031,0,-0.0129,-0.0029,0.9999,0,0.0062,19.525,-2.4818,1]},
{"frame":9,"values":[0.9999,-0.0105,0.0125,0,0.0104,0.9999,0.0032,0,-0.0125,-0.0031,0.9999,0,0.0062,19.525,-2.4818,1]},
{"frame":10,"values":[0.9999,-0.0107,0.0121,0,0.0106,0.9999,0.0029,0,-0.0121,-0.0028,0.9999,0,0.0062,19.525,-2.4818,1]},
{"frame":11,"values":[0.9999,-0.0108,0.0118,0,0.0108,0.9999,0.0024,0,-0.0118,-0.0022,0.9999,0,0.0062,19.525,-2.4818,1]},
{"frame":12,"values":[0.9999,-0.0109,0.0112,0,0.0109,0.9999,0.0017,0,-0.0113,-0.0016,0.9999,0,0.0062,19.525,-2.4818,1]},
{"frame":13,"values":[0.9999,-0.0111,0.0106,0,0.011,0.9999,0.0011,0,-0.0106,-0.0009,0.9999,0,0.0062,19.525,-2.4818,1]},
{"frame":14,"values":[0.9999,-0.0111,0.0101,0,0.0111,0.9999,0.0009,0,-0.0101,-0.0008,0.9999,0,0.0062,19.525,-2.4818,1]},
{"frame":15,"values":[0.9999,-0.0112,0.0096,0,0.0112,0.9999,0.0012,0,-0.0096,-0.0011,1,0,0.0062,19.525,-2.4818,1]},
{"frame":16,"values":[0.9999,-0.0112,0.0096,0,0.0112,0.9999,0.0014,0,-0.0096,-0.0013,1,0,0.0062,19.525,-2.4818,1]},
{"frame":17,"values":[0.9999,-0.0111,0.0099,0,0.0111,0.9999,0.001,0,-0.0099,-0.0009,1,0,0.0062,19.525,-2.4818,1]},
{"frame":18,"values":[0.9999,-0.011,0.0103,0,0.011,0.9999,0.0003,0,-0.0103,-0.0001,0.9999,0,0.0062,19.525,-2.4818,1]},
{"frame":19,"values":[0.9999,-0.011,0.0105,0,0.011,0.9999,-0.0003,0,-0.0105,0.0004,0.9999,0,0.0062,19.525,-2.4818,1]},
{"frame":20,"values":[0.9999,-0.0111,0.0105,0,0.0111,0.9999,-0.0004,0,-0.0105,0.0005,0.9999,0,0.0062,19.525,-2.4818,1]},
{"frame":21,"values":[0.9999,-0.0113,0.0101,0,0.0113,0.9999,-0.0003,0,-0.0101,0.0004,0.9999,0,0.0062,19.525,-2.4818,1]},
{"frame":22,"values":[0.9999,-0.0115,0.0093,0,0.0116,0.9999,-0.0002,0,-0.0093,0.0003,1,0,0.0062,19.525,-2.4818,1]},
{"frame":23,"values":[0.9999,-0.0117,0.0086,0,0.0117,0.9999,-0.0002,0,-0.0086,0.0003,1,0,0.0062,19.525,-2.4818,1]},
{"frame":24,"values":[0.9999,-0.0117,0.0083,0,0.0117,0.9999,-0.0003,0,-0.0083,0.0004,1,0,0.0062,19.525,-2.4818,1]},
{"frame":25,"values":[0.9999,-0.0114,0.0086,0,0.0114,0.9999,-0.0004,0,-0.0086,0.0005,1,0,0.0062,19.525,-2.4818,1]},
{"frame":26,"values":[0.9999,-0.0111,0.0091,0,0.0111,0.9999,-0.0004,0,-0.0091,0.0005,1,0,0.0062,19.525,-2.4818,1]},
{"frame":27,"values":[0.9999,-0.0109,0.0097,0,0.0109,0.9999,-0.0005,0,-0.0097,0.0006,1,0,0.0062,19.525,-2.4818,1]},
{"frame":28,"values":[0.9999,-0.0107,0.0102,0,0.0107,0.9999,-0.0009,0,-0.0102,0.001,0.9999,0,0.0062,19.525,-2.4818,1]},
{"frame":29,"values":[0.9999,-0.0102,0.0107,0,0.0102,0.9999,-0.0016,0,-0.0107,0.0017,0.9999,0,0.0062,19.525,-2.4818,1]},
{"frame":30,"values":[0.9999,-0.0097,0.0111,0,0.0097,0.9999,-0.0025,0,-0.0111,0.0026,0.9999,0,0.0062,19.525,-2.4818,1]},
{"frame":31,"values":[0.9999,-0.0093,0.0114,0,0.0093,1,-0.0035,0,-0.0114,0.0036,0.9999,0,0.0062,19.525,-2.4818,1]},
{"frame":32,"values":[0.9999,-0.0088,0.0117,0,0.0089,0.9999,-0.0048,0,-0.0116,0.0049,0.9999,0,0.0062,19.525,-2.4818,1]},
{"frame":33,"values":[0.9999,-0.0085,0.012,0,0.0086,0.9999,-0.006,0,-0.012,0.0061,0.9999,0,0.0062,19.525,-2.4818,1]},
{"frame":34,"values":[0.9999,-0.0085,0.0124,0,0.0086,0.9999,-0.0067,0,-0.0124,0.0068,0.9999,0,0.0062,19.525,-2.4818,1]},
{"frame":35,"values":[0.9999,-0.0089,0.0124,0,0.009,0.9999,-0.007,0,-0.0124,0.0071,0.9999,0,0.0062,19.525,-2.4818,1]},
{"frame":36,"values":[0.9999,-0.0095,0.0119,0,0.0096,0.9999,-0.0071,0,-0.0118,0.0072,0.9999,0,0.0062,19.525,-2.4818,1]},
{"frame":37,"values":[0.9999,-0.0102,0.011,0,0.0103,0.9999,-0.0071,0,-0.0109,0.0072,0.9999,0,0.0062,19.525,-2.4818,1]},
{"frame":38,"values":[0.9999,-0.0109,0.01,0,0.0109,0.9999,-0.0068,0,-0.0099,0.0069,0.9999,0,0.0062,19.525,-2.4818,1]},
{"frame":39,"values":[0.9999,-0.0112,0.0093,0,0.0112,0.9999,-0.0063,0,-0.0092,0.0064,0.9999,0,0.0062,19.525,-2.4818,1]},
{"frame":40,"values":[0.9999,-0.0112,0.0089,0,0.0113,0.9999,-0.0059,0,-0.0089,0.006,0.9999,0,0.0062,19.525,-2.4818,1]},
{"frame":41,"values":[0.9999,-0.0111,0.0089,0,0.0112,0.9999,-0.0053,0,-0.0089,0.0054,0.9999,0,0.0062,19.525,-2.4818,1]},
{"frame":42,"values":[0.9999,-0.0112,0.009,0,0.0113,0.9999,-0.0047,0,-0.009,0.0048,0.9999,0,0.0062,19.525,-2.4818,1]},
{"frame":43,"values":[0.9999,-0.0116,0.0091,0,0.0116,0.9999,-0.0045,0,-0.0091,0.0046,0.9999,0,0.0062,19.525,-2.4818,1]},
{"frame":44,"values":[0.9999,-0.0118,0.0091,0,0.0118,0.9999,-0.0049,0,-0.0091,0.005,0.9999,0,0.0062,19.525,-2.4818,1]},
{"frame":45,"values":[0.9999,-0.012,0.009,0,0.012,0.9999,-0.005,0,-0.0089,0.0051,0.9999,0,0.0062,19.525,-2.4818,1]},
{"frame":46,"values":[0.9999,-0.0121,0.0089,0,0.0122,0.9999,-0.0044,0,-0.0089,0.0045,1,0,0.0062,19.525,-2.4818,1]},
{"frame":47,"values":[0.9999,-0.0122,0.009,0,0.0123,0.9999,-0.0036,0,-0.009,0.0037,1,0,0.0062,19.525,-2.4818,1]},
{"frame":48,"values":[0.9999,-0.0126,0.0091,0,0.0126,0.9999,-0.0031,0,-0.0091,0.0033,1,0,0.0062,19.525,-2.4818,1]},
{"frame":49,"values":[0.9999,-0.0131,0.0092,0,0.0132,0.9999,-0.003,0,-0.0091,0.0032,1,0,0.0062,19.525,-2.4818,1]},
{"frame":50,"values":[0.9999,-0.0133,0.009,0,0.0133,0.9999,-0.0029,0,-0.009,0.003,1,0,0.0062,19.525,-2.4818,1]},
{"frame":51,"values":[0.9999,-0.013,0.009,0,0.0131,0.9999,-0.0025,0,-0.0089,0.0026,1,0,0.0062,19.525,-2.4818,1]},
{"frame":52,"values":[0.9999,-0.0129,0.009,0,0.0129,0.9999,-0.0018,0,-0.009,0.0019,1,0,0.0062,19.525,-2.4818,1]},
{"frame":53,"values":[0.9999,-0.0129,0.0089,0,0.0129,0.9999,-0.0009,0,-0.0089,0.001,1,0,0.0062,19.525,-2.4818,1]},
{"frame":54,"values":[0.9999,-0.013,0.0086,0,0.013,0.9999,0,0,-0.0086,0.0001,1,0,0.0062,19.525,-2.4818,1]},
{"frame":55,"values":[0.9999,-0.013,0.0081,0,0.013,0.9999,0.0009,0,-0.0082,-0.0008,1,0,0.0062,19.525,-2.4818,1]},
{"frame":56,"values":[0.9999,-0.0131,0.0076,0,0.0131,0.9999,0.0016,0,-0.0076,-0.0015,1,0,0.0062,19.525,-2.4818,1]},
{"frame":57,"values":[0.9999,-0.013,0.0073,0,0.013,0.9999,0.0019,0,-0.0073,-0.0018,1,0,0.0062,19.525,-2.4818,1]},
{"frame":58,"values":[0.9999,-0.0126,0.0078,0,0.0126,0.9999,0.0018,0,-0.0078,-0.0017,1,0,0.0062,19.525,-2.4818,1]},
{"frame":59,"values":[0.9999,-0.012,0.0087,0,0.012,0.9999,0.0017,0,-0.0088,-0.0016,1,0,0.0062,19.525,-2.4818,1]},
{"frame":60,"values":[0.9999,-0.0115,0.0095,0,0.0115,0.9999,0.0017,0,-0.0096,-0.0016,1,0,0.0062,19.525,-2.4818,1]},
{"frame":61,"values":[0.9999,-0.0114,0.0099,0,0.0114,0.9999,0.0018,0,-0.0099,-0.0017,0.9999,0,0.0062,19.525,-2.4818,1]},
{"frame":62,"values":[0.9999,-0.0114,0.01,0,0.0114,0.9999,0.0018,0,-0.01,-0.0017,0.9999,0,0.0062,19.525,-2.4818,1]},
{"frame":63,"values":[0.9999,-0.0114,0.0101,0,0.0114,0.9999,0.0019,0,-0.0101,-0.0018,0.9999,0,0.0062,19.525,-2.4818,1]},
{"frame":64,"values":[0.9999,-0.0112,0.0104,0,0.0112,0.9999,0.0021,0,-0.0104,-0.002,0.9999,0,0.0062,19.525,-2.4818,1]},
{"frame":65,"values":[0.9999,-0.0108,0.0109,0,0.0108,0.9999,0.0023,0,-0.0109,-0.0021,0.9999,0,0.0062,19.525,-2.4818,1]},
{"frame":66,"values":[0.9999,-0.0104,0.0115,0,0.0103,0.9999,0.0023,0,-0.0115,-0.0022,0.9999,0,0.0062,19.525,-2.4818,1]},
{"frame":67,"values":[0.9999,-0.0101,0.0119,0,0.0101,0.9999,0.0025,0,-0.0119,-0.0024,0.9999,0,0.0062,19.525,-2.4818,1]}],"loopBehavior":1,"name":"anim","property":"_matrix"}},
{"name":"mixamorig:Spine1","index":2,"matrix":[0.9997,-0.0053,0.0232,0,0.0044,0.9992,0.0387,0,-0.0234,-0.0386,0.999,0,-0.0009,22.835,-2.8254,1],"rest":[1,0,0,0,0,1,0,0,0,0,1,0,-0.0009,22.835,-2.8254,1],"parentBoneIndex":1,"length":26.7438
,"animation":{"dataType":3,"framePerSecond":24,"keys":[
{"frame":1,"values":[0.9997,-0.0053,0.0232,0,0.0044,0.9992,0.0387,0,-0.0234,-0.0386,0.999,0,-0.0009,22.835,-2.8254,1]},
{"frame":2,"values":[0.9997,-0.005,0.0238,0,0.0041,0.9992,0.039,0,-0.024,-0.0389,0.999,0,-0.0009,22.835,-2.8254,1]},
{"frame":3,"values":[0.9997,-0.005,0.0241,0,0.004,0.9992,0.0393,0,-0.0243,-0.0392,0.9989,0,-0.0009,22.835,-2.8254,1]},
{"frame":4,"values":[0.9997,-0.005,0.0245,0,0.004,0.9992,0.039,0,-0.0247,-0.0389,0.9989,0,-0.0009,22.835,-2.8254,1]},
{"frame":5,"values":[0.9997,-0.005,0.025,0,0.004,0.9993,0.0383,0,-0.0252,-0.0382,0.999,0,-0.0009,22.835,-2.8254,1]},
{"frame":6,"values":[0.9997,-0.0049,0.0254,0,0.0039,0.9993,0.0378,0,-0.0256,-0.0377,0.999,0,-0.0009,22.835,-2.8254,1]},
{"frame":7,"values":[0.9997,-0.0049,0.0255,0,0.0039,0.9993,0.0381,0,-0.0257,-0.038,0.9989,0,-0.0009,22.835,-2.8254,1]},
{"frame":8,"values":[0.9997,-0.0052,0.0249,0,0.0042,0.9992,0.0388,0,-0.0251,-0.0387,0.9989,0,-0.0009,22.835,-2.8254,1]},
{"frame":9,"values":[0.9997,-0.0057,0.024,0,0.0047,0.9992,0.039,0,-0.0242,-0.0389,0.9989,0,-0.0009,22.835,-2.8254,1]},
{"frame":10,"values":[0.9997,-0.0061,0.0233,0,0.0052,0.9992,0.0385,0,-0.0235,-0.0383,0.999,0,-0.0009,22.835,-2.8254,1]},
{"frame":11,"values":[0.9997,-0.0066,0.0226,0,0.0058,0.9993,0.0375,0,-0.0228,-0.0374,0.999,0,-0.0009,22.835,-2.8254,1]},
{"frame":12,"values":[0.9997,-0.0074,0.0214,0,0.0067,0.9993,0.0364,0,-0.0217,-0.0363,0.9991,0,-0.0009,22.835,-2.8254,1]},
{"frame":13,"values":[0.9998,-0.008,0.0201,0,0.0073,0.9994,0.0353,0,-0.0204,-0.0351,0.9992,0,-0.0009,22.835,-2.8254,1]},
{"frame":14,"values":[0.9998,-0.0082,0.019,0,0.0075,0.9994,0.035,0,-0.0193,-0.0349,0.9992,0,-0.0009,22.835,-2.8254,1]},
{"frame":15,"values":[0.9998,-0.0083,0.0182,0,0.0076,0.9993,0.0357,0,-0.0184,-0.0355,0.9992,0,-0.0009,22.835,-2.8254,1]},
{"frame":16,"values":[0.9998,-0.0078,0.0181,0,0.0072,0.9993,0.0358,0,-0.0183,-0.0357,0.9992,0,-0.0009,22.835,-2.8254,1]},
{"frame":17,"values":[0.9998,-0.0071,0.0186,0,0.0064,0.9994,0.0347,0,-0.0189,-0.0345,0.9992,0,-0.0009,22.835,-2.8254,1]},
{"frame":18,"values":[0.9998,-0.0068,0.0194,0,0.0061,0.9994,0.033,0,-0.0196,-0.0329,0.9993,0,-0.0009,22.835,-2.8254,1]},
{"frame":19,"values":[0.9998,-0.0073,0.0199,0,0.0067,0.9995,0.0319,0,-0.0202,-0.0318,0.9993,0,-0.0009,22.835,-2.8254,1]},
{"frame":20,"values":[0.9998,-0.0083,0.0199,0,0.0077,0.9995,0.0317,0,-0.0202,-0.0315,0.9993,0,-0.0009,22.835,-2.8254,1]},
{"frame":21,"values":[0.9998,-0.0091,0.0191,0,0.0084,0.9995,0.0318,0,-0.0194,-0.0316,0.9993,0,-0.0009,22.835,-2.8254,1]},
{"frame":22,"values":[0.9998,-0.0093,0.0178,0,0.0087,0.9995,0.0316,0,-0.0181,-0.0315,0.9993,0,-0.0009,22.835,-2.8254,1]},
{"frame":23,"values":[0.9998,-0.0094,0.0165,0,0.0089,0.9995,0.0314,0,-0.0168,-0.0313,0.9994,0,-0.0009,22.835,-2.8254,1]},
{"frame":24,"values":[0.9998,-0.0094,0.016,0,0.0089,0.9995,0.0311,0,-0.0163,-0.031,0.9994,0,-0.0009,22.835,-2.8254,1]},
{"frame":25,"values":[0.9998,-0.009,0.0167,0,0.0084,0.9995,0.0309,0,-0.0169,-0.0307,0.9994,0,-0.0009,22.835,-2.8254,1]},
{"frame":26,"values":[0.9998,-0.008,0.0179,0,0.0074,0.9995,0.0308,0,-0.0181,-0.0307,0.9994,0,-0.0009,22.835,-2.8254,1]},
{"frame":27,"values":[0.9998,-0.007,0.0191,0,0.0064,0.9995,0.0306,0,-0.0193,-0.0305,0.9993,0,-0.0009,22.835,-2.8254,1]},
{"frame":28,"values":[0.9998,-0.0062,0.0203,0,0.0056,0.9995,0.0298,0,-0.0205,-0.0297,0.9994,0,-0.0009,22.835,-2.8254,1]},
{"frame":29,"values":[0.9998,-0.0054,0.0213,0,0.0048,0.9996,0.0286,0,-0.0215,-0.0285,0.9994,0,-0.0009,22.835,-2.8254,1]},
{"frame":30,"values":[0.9997,-0.0046,0.0221,0,0.004,0.9996,0.0273,0,-0.0222,-0.0272,0.9994,0,-0.0009,22.835,-2.8254,1]},
{"frame":31,"values":[0.9997,-0.0038,0.0226,0,0.0032,0.9997,0.0256,0,-0.0227,-0.0255,0.9994,0,-0.0009,22.835,-2.8254,1]},
{"frame":32,"values":[0.9997,-0.0027,0.023,0,0.0022,0.9997,0.0233,0,-0.0231,-0.0233,0.9995,0,-0.0009,22.835,-2.8254,1]},
{"frame":33,"values":[0.9997,-0.002,0.0236,0,0.0015,0.9998,0.0212,0,-0.0237,-0.0212,0.9995,0,-0.0009,22.835,-2.8254,1]},
{"frame":34,"values":[0.9997,-0.0021,0.0243,0,0.0016,0.9998,0.0199,0,-0.0243,-0.0199,0.9995,0,-0.0009,22.835,-2.8254,1]},
{"frame":35,"values":[0.9997,-0.003,0.0243,0,0.0026,0.9998,0.0196,0,-0.0243,-0.0196,0.9995,0,-0.0009,22.835,-2.8254,1]},
{"frame":36,"values":[0.9997,-0.0046,0.0233,0,0.0041,0.9998,0.0197,0,-0.0234,-0.0196,0.9995,0,-0.0009,22.835,-2.8254,1]},
{"frame":37,"values":[0.9997,-0.0064,0.0217,0,0.006,0.9998,0.0199,0,-0.0219,-0.0198,0.9996,0,-0.0009,22.835,-2.8254,1]},
{"frame":38,"values":[0.9998,-0.008,0.02,0,0.0076,0.9998,0.0207,0,-0.0202,-0.0206,0.9996,0,-0.0009,22.835,-2.8254,1]},
{"frame":39,"values":[0.9998,-0.0088,0.0187,0,0.0084,0.9997,0.0218,0,-0.0189,-0.0216,0.9996,0,-0.0009,22.835,-2.8254,1]},
{"frame":40,"values":[0.9998,-0.009,0.0181,0,0.0086,0.9997,0.0228,0,-0.0183,-0.0226,0.9996,0,-0.0009,22.835,-2.8254,1]},
{"frame":41,"values":[0.9998,-0.0091,0.018,0,0.0087,0.9997,0.0239,0,-0.0182,-0.0238,0.9996,0,-0.0009,22.835,-2.8254,1]},
{"frame":42,"values":[0.9998,-0.0094,0.0182,0,0.0089,0.9996,0.0252,0,-0.0185,-0.025,0.9995,0,-0.0009,22.835,-2.8254,1]},
{"frame":43,"values":[0.9998,-0.0096,0.0184,0,0.0091,0.9996,0.0256,0,-0.0187,-0.0254,0.9995,0,-0.0009,22.835,-2.8254,1]},
{"frame":44,"values":[0.9998,-0.0094,0.0184,0,0.009,0.9996,0.025,0,-0.0186,-0.0249,0.9995,0,-0.0009,22.835,-2.8254,1]},
{"frame":45,"values":[0.9998,-0.0096,0.0182,0,0.0091,0.9996,0.0251,0,-0.0184,-0.0249,0.9995,0,-0.0009,22.835,-2.8254,1]},
{"frame":46,"values":[0.9998,-0.01,0.0182,0,0.0095,0.9996,0.0263,0,-0.0184,-0.0261,0.9995,0,-0.0009,22.835,-2.8254,1]},
{"frame":47,"values":[0.9998,-0.0102,0.0184,0,0.0097,0.9996,0.0278,0,-0.0187,-0.0276,0.9994,0,-0.0009,22.835,-2.8254,1]},
{"frame":48,"values":[0.9998,-0.0105,0.0187,0,0.01,0.9995,0.0287,0,-0.019,-0.0285,0.9994,0,-0.0009,22.835,-2.8254,1]},
{"frame":49,"values":[0.9998,-0.0113,0.0187,0,0.0108,0.9995,0.0289,0,-0.019,-0.0287,0.9994,0,-0.0009,22.835,-2.8254,1]},
{"frame":50,"values":[0.9998,-0.0118,0.0184,0,0.0112,0.9995,0.0291,0,-0.0188,-0.0289,0.9994,0,-0.0009,22.835,-2.8254,1]},
{"frame":51,"values":[0.9998,-0.0113,0.0181,0,0.0108,0.9995,0.0296,0,-0.0184,-0.0294,0.9994,0,-0.0009,22.835,-2.8254,1]},
{"frame":52,"values":[0.9998,-0.0104,0.0179,0,0.0099,0.9995,0.0304,0,-0.0182,-0.0302,0.9994,0,-0.0009,22.835,-2.8254,1]},
{"frame":53,"values":[0.9998,-0.0095,0.0175,0,0.009,0.9995,0.0316,0,-0.0178,-0.0314,0.9993,0,-0.0009,22.835,-2.8254,1]},
{"frame":54,"values":[0.9998,-0.0088,0.0169,0,0.0082,0.9994,0.0329,0,-0.0171,-0.0328,0.9993,0,-0.0009,22.835,-2.8254,1]},
{"frame":55,"values":[0.9998,-0.0085,0.0159,0,0.0079,0.9994,0.0344,0,-0.0162,-0.0343,0.9993,0,-0.0009,22.835,-2.8254,1]},
{"frame":56,"values":[0.9999,-0.0087,0.0149,0,0.0082,0.9993,0.0357,0,-0.0152,-0.0356,0.9993,0,-0.0009,22.835,-2.8254,1]},
{"frame":57,"values":[0.9999,-0.0087,0.0144,0,0.0081,0.9993,0.0363,0,-0.0147,-0.0362,0.9992,0,-0.0009,22.835,-2.8254,1]},
{"frame":58,"values":[0.9999,-0.0076,0.0153,0,0.0071,0.9993,0.0363,0,-0.0155,-0.0362,0.9992,0,-0.0009,22.835,-2.8254,1]},
{"frame":59,"values":[0.9998,-0.0062,0.017,0,0.0056,0.9993,0.0363,0,-0.0172,-0.0362,0.9992,0,-0.0009,22.835,-2.8254,1]},
{"frame":60,"values":[0.9998,-0.0055,0.0185,0,0.0049,0.9993,0.0365,0,-0.0187,-0.0364,0.9992,0,-0.0009,22.835,-2.8254,1]},
{"frame":61,"values":[0.9998,-0.0056,0.0192,0,0.0049,0.9993,0.0368,0,-0.0194,-0.0367,0.9991,0,-0.0009,22.835,-2.8254,1]},
{"frame":62,"values":[0.9998,-0.0059,0.0194,0,0.0052,0.9993,0.037,0,-0.0196,-0.0369,0.9991,0,-0.0009,22.835,-2.8254,1]},
{"frame":63,"values":[0.9998,-0.0064,0.0196,0,0.0056,0.9993,0.0374,0,-0.0199,-0.0373,0.9991,0,-0.0009,22.835,-2.8254,1]},
{"frame":64,"values":[0.9998,-0.0067,0.0202,0,0.0059,0.9993,0.038,0,-0.0205,-0.0378,0.9991,0,-0.0009,22.835,-2.8254,1]},
{"frame":65,"values":[0.9998,-0.0064,0.0213,0,0.0056,0.9992,0.0383,0,-0.0215,-0.0382,0.999,0,-0.0009,22.835,-2.8254,1]},
{"frame":66,"values":[0.9997,-0.0058,0.0225,0,0.0049,0.9993,0.0384,0,-0.0227,-0.0383,0.999,0,-0.0009,22.835,-2.8254,1]},
{"frame":67,"values":[0.9997,-0.0053,0.0232,0,0.0044,0.9992,0.0387,0,-0.0234,-0.0386,0.999,0,-0.0009,22.835,-2.8254,1]}],"loopBehavior":1,"name":"anim","property":"_matrix"}},
{"name":"mixamorig:Spine2","index":3,"matrix":[0.9997,-0.0051,0.0233,0,0.0042,0.9992,0.0386,0,-0.0235,-0.0385,0.999,0,-0.0206,26.5525,-3.1933,1],"rest":[1,0,0,0,0,1,0,0,0,0,1,0,-0.0206,26.5525,-3.1933,1],"parentBoneIndex":2,"length":24.825
,"animation":{"dataType":3,"framePerSecond":24,"keys":[
{"frame":1,"values":[0.9997,-0.0051,0.0233,0,0.0042,0.9992,0.0386,0,-0.0235,-0.0385,0.999,0,-0.0206,26.5525,-3.1933,1]},
{"frame":2,"values":[0.9997,-0.0048,0.0239,0,0.0039,0.9992,0.039,0,-0.0241,-0.0389,0.999,0,-0.0206,26.5525,-3.1933,1]},
{"frame":3,"values":[0.9997,-0.0048,0.0242,0,0.0039,0.9992,0.0393,0,-0.0244,-0.0391,0.9989,0,-0.0206,26.5525,-3.1933,1]},
{"frame":4,"values":[0.9997,-0.0048,0.0246,0,0.0039,0.9992,0.039,0,-0.0248,-0.0389,0.9989,0,-0.0206,26.5525,-3.1933,1]},
{"frame":5,"values":[0.9997,-0.0048,0.0251,0,0.0038,0.9993,0.0383,0,-0.0253,-0.0382,0.999,0,-0.0206,26.5525,-3.1933,1]},
{"frame":6,"values":[0.9997,-0.0047,0.0256,0,0.0038,0.9993,0.0377,0,-0.0257,-0.0376,0.999,0,-0.0206,26.5525,-3.1933,1]},
{"frame":7,"values":[0.9997,-0.0047,0.0256,0,0.0038,0.9993,0.038,0,-0.0258,-0.0379,0.9989,0,-0.0206,26.5525,-3.1933,1]},
{"frame":8,"values":[0.9997,-0.0051,0.0251,0,0.0041,0.9992,0.0387,0,-0.0252,-0.0386,0.9989,0,-0.0206,26.5525,-3.1933,1]},
{"frame":9,"values":[0.9997,-0.0056,0.0241,0,0.0047,0.9992,0.0389,0,-0.0243,-0.0388,0.9989,0,-0.0206,26.5525,-3.1933,1]},
{"frame":10,"values":[0.9997,-0.006,0.0234,0,0.0051,0.9993,0.0384,0,-0.0237,-0.0382,0.999,0,-0.0206,26.5525,-3.1933,1]},
{"frame":11,"values":[0.9997,-0.0066,0.0227,0,0.0057,0.9993,0.0374,0,-0.023,-0.0373,0.999,0,-0.0206,26.5525,-3.1933,1]},
{"frame":12,"values":[0.9997,-0.0074,0.0216,0,0.0066,0.9993,0.0363,0,-0.0218,-0.0362,0.9991,0,-0.0206,26.5525,-3.1933,1]},
{"frame":13,"values":[0.9998,-0.0079,0.0203,0,0.0072,0.9994,0.0352,0,-0.0206,-0.035,0.9992,0,-0.0206,26.5525,-3.1933,1]},
{"frame":14,"values":[0.9998,-0.0082,0.0192,0,0.0075,0.9994,0.0349,0,-0.0194,-0.0348,0.9992,0,-0.0206,26.5525,-3.1933,1]},
{"frame":15,"values":[0.9998,-0.0082,0.0183,0,0.0076,0.9993,0.0356,0,-0.0186,-0.0355,0.9992,0,-0.0206,26.5525,-3.1933,1]},
{"frame":16,"values":[0.9998,-0.0078,0.0182,0,0.0072,0.9993,0.0357,0,-0.0185,-0.0356,0.9992,0,-0.0206,26.5525,-3.1933,1]},
{"frame":17,"values":[0.9998,-0.007,0.0188,0,0.0064,0.9994,0.0346,0,-0.019,-0.0345,0.9992,0,-0.0206,26.5525,-3.1933,1]},
{"frame":18,"values":[0.9998,-0.0067,0.0195,0,0.006,0.9994,0.0329,0,-0.0197,-0.0328,0.9993,0,-0.0206,26.5525,-3.1933,1]},
{"frame":19,"values":[0.9998,-0.0072,0.0201,0,0.0066,0.9995,0.0318,0,-0.0203,-0.0317,0.9993,0,-0.0206,26.5525,-3.1933,1]},
{"frame":20,"values":[0.9998,-0.0082,0.02,0,0.0076,0.9995,0.0316,0,-0.0203,-0.0315,0.9993,0,-0.0206,26.5525,-3.1933,1]},
{"frame":21,"values":[0.9998,-0.0089,0.0193,0,0.0083,0.9995,0.0317,0,-0.0196,-0.0315,0.9993,0,-0.0206,26.5525,-3.1933,1]},
{"frame":22,"values":[0.9998,-0.0092,0.0179,0,0.0086,0.9995,0.0315,0,-0.0182,-0.0314,0.9993,0,-0.0206,26.5525,-3.1933,1]},
{"frame":23,"values":[0.9998,-0.0093,0.0166,0,0.0088,0.9995,0.0313,0,-0.0169,-0.0312,0.9994,0,-0.0206,26.5525,-3.1933,1]},
{"frame":24,"values":[0.9998,-0.0093,0.0162,0,0.0088,0.9995,0.031,0,-0.0165,-0.0309,0.9994,0,-0.0206,26.5525,-3.1933,1]},
{"frame":25,"values":[0.9998,-0.0088,0.0168,0,0.0083,0.9995,0.0308,0,-0.0171,-0.0307,0.9994,0,-0.0206,26.5525,-3.1933,1]},
{"frame":26,"values":[0.9998,-0.0078,0.018,0,0.0073,0.9995,0.0308,0,-0.0182,-0.0306,0.9994,0,-0.0206,26.5525,-3.1933,1]},
{"frame":27,"values":[0.9998,-0.0068,0.0192,0,0.0062,0.9995,0.0306,0,-0.0194,-0.0304,0.9993,0,-0.0206,26.5525,-3.1933,1]},
{"frame":28,"values":[0.9998,-0.006,0.0203,0,0.0054,0.9995,0.0297,0,-0.0205,-0.0296,0.9994,0,-0.0206,26.5525,-3.1933,1]},
{"frame":29,"values":[0.9998,-0.0051,0.0213,0,0.0045,0.9996,0.0286,0,-0.0215,-0.0285,0.9994,0,-0.0206,26.5525,-3.1933,1]},
{"frame":30,"values":[0.9997,-0.0043,0.0221,0,0.0037,0.9996,0.0273,0,-0.0222,-0.0272,0.9994,0,-0.0206,26.5525,-3.1933,1]},
{"frame":31,"values":[0.9997,-0.0035,0.0226,0,0.0029,0.9997,0.0256,0,-0.0227,-0.0255,0.9994,0,-0.0206,26.5525,-3.1933,1]},
{"frame":32,"values":[0.9997,-0.0024,0.023,0,0.0019,0.9997,0.0233,0,-0.0231,-0.0233,0.9995,0,-0.0206,26.5525,-3.1933,1]},
{"frame":33,"values":[0.9997,-0.0016,0.0236,0,0.0011,0.9998,0.0212,0,-0.0236,-0.0212,0.9995,0,-0.0206,26.5525,-3.1933,1]},
{"frame":34,"values":[0.9997,-0.0017,0.0242,0,0.0012,0.9998,0.0199,0,-0.0243,-0.0199,0.9995,0,-0.0206,26.5525,-3.1933,1]},
{"frame":35,"values":[0.9997,-0.0026,0.0243,0,0.0022,0.9998,0.0196,0,-0.0243,-0.0196,0.9995,0,-0.0206,26.5525,-3.1933,1]},
{"frame":36,"values":[0.9997,-0.0042,0.0234,0,0.0037,0.9998,0.0196,0,-0.0235,-0.0195,0.9995,0,-0.0206,26.5525,-3.1933,1]},
{"frame":37,"values":[0.9997,-0.006,0.0218,0,0.0056,0.9998,0.0199,0,-0.022,-0.0198,0.9996,0,-0.0206,26.5525,-3.1933,1]},
{"frame":38,"values":[0.9998,-0.0077,0.0202,0,0.0073,0.9998,0.0207,0,-0.0203,-0.0205,0.9996,0,-0.0206,26.5525,-3.1933,1]},
{"frame":39,"values":[0.9998,-0.0085,0.0189,0,0.0081,0.9997,0.0217,0,-0.0191,-0.0215,0.9996,0,-0.0206,26.5525,-3.1933,1]},
{"frame":40,"values":[0.9998,-0.0088,0.0182,0,0.0084,0.9997,0.0227,0,-0.0184,-0.0225,0.9996,0,-0.0206,26.5525,-3.1933,1]},
{"frame":41,"values":[0.9998,-0.0089,0.0182,0,0.0085,0.9997,0.0239,0,-0.0184,-0.0237,0.9995,0,-0.0206,26.5525,-3.1933,1]},
{"frame":42,"values":[0.9998,-0.0092,0.0184,0,0.0087,0.9996,0.0251,0,-0.0186,-0.0249,0.9995,0,-0.0206,26.5525,-3.1933,1]},
{"frame":43,"values":[0.9998,-0.0094,0.0186,0,0.0089,0.9996,0.0255,0,-0.0188,-0.0253,0.9995,0,-0.0206,26.5525,-3.1933,1]},
{"frame":44,"values":[0.9998,-0.0092,0.0186,0,0.0087,0.9997,0.0249,0,-0.0188,-0.0248,0.9995,0,-0.0206,26.5525,-3.1933,1]},
{"frame":45,"values":[0.9998,-0.0094,0.0184,0,0.0089,0.9996,0.025,0,-0.0186,-0.0248,0.9995,0,-0.0206,26.5525,-3.1933,1]},
{"frame":46,"values":[0.9998,-0.0098,0.0183,0,0.0093,0.9996,0.0262,0,-0.0186,-0.026,0.9995,0,-0.0206,26.5525,-3.1933,1]},
{"frame":47,"values":[0.9998,-0.01,0.0186,0,0.0095,0.9996,0.0277,0,-0.0188,-0.0275,0.9994,0,-0.0206,26.5525,-3.1933,1]},
{"frame":48,"values":[0.9998,-0.0103,0.0188,0,0.0098,0.9995,0.0286,0,-0.0191,-0.0284,0.9994,0,-0.0206,26.5525,-3.1933,1]},
{"frame":49,"values":[0.9998,-0.0111,0.0189,0,0.0106,0.9995,0.0288,0,-0.0192,-0.0286,0.9994,0,-0.0206,26.5525,-3.1933,1]},
{"frame":50,"values":[0.9998,-0.0116,0.0187,0,0.011,0.9995,0.029,0,-0.019,-0.0288,0.9994,0,-0.0206,26.5525,-3.1933,1]},
{"frame":51,"values":[0.9998,-0.0112,0.0183,0,0.0106,0.9995,0.0295,0,-0.0186,-0.0293,0.9994,0,-0.0206,26.5525,-3.1933,1]},
{"frame":52,"values":[0.9998,-0.0103,0.0181,0,0.0098,0.9995,0.0303,0,-0.0184,-0.0301,0.9994,0,-0.0206,26.5525,-3.1933,1]},
{"frame":53,"values":[0.9998,-0.0095,0.0177,0,0.0089,0.9995,0.0315,0,-0.018,-0.0313,0.9993,0,-0.0206,26.5525,-3.1933,1]},
{"frame":54,"values":[0.9998,-0.0088,0.017,0,0.0082,0.9994,0.0328,0,-0.0173,-0.0327,0.9993,0,-0.0206,26.5525,-3.1933,1]},
{"frame":55,"values":[0.9998,-0.0085,0.0161,0,0.0079,0.9994,0.0343,0,-0.0164,-0.0342,0.9993,0,-0.0206,26.5525,-3.1933,1]},
{"frame":56,"values":[0.9998,-0.0088,0.0151,0,0.0082,0.9993,0.0356,0,-0.0154,-0.0354,0.9993,0,-0.0206,26.5525,-3.1933,1]},
{"frame":57,"values":[0.9999,-0.0087,0.0146,0,0.0082,0.9993,0.0362,0,-0.0149,-0.0361,0.9992,0,-0.0206,26.5525,-3.1933,1]},
{"frame":58,"values":[0.9999,-0.0077,0.0154,0,0.0071,0.9993,0.0362,0,-0.0157,-0.0361,0.9992,0,-0.0206,26.5525,-3.1933,1]},
{"frame":59,"values":[0.9998,-0.0062,0.0171,0,0.0056,0.9993,0.0362,0,-0.0173,-0.0361,0.9992,0,-0.0206,26.5525,-3.1933,1]},
{"frame":60,"values":[0.9998,-0.0055,0.0186,0,0.0048,0.9993,0.0365,0,-0.0188,-0.0364,0.9992,0,-0.0206,26.5525,-3.1933,1]},
{"frame":61,"values":[0.9998,-0.0055,0.0193,0,0.0048,0.9993,0.0368,0,-0.0195,-0.0367,0.9991,0,-0.0206,26.5525,-3.1933,1]},
{"frame":62,"values":[0.9998,-0.0058,0.0195,0,0.0051,0.9993,0.0369,0,-0.0197,-0.0368,0.9991,0,-0.0206,26.5525,-3.1933,1]},
{"frame":63,"values":[0.9998,-0.0063,0.0198,0,0.0055,0.9993,0.0373,0,-0.02,-0.0372,0.9991,0,-0.0206,26.5525,-3.1933,1]},
{"frame":64,"values":[0.9998,-0.0066,0.0203,0,0.0058,0.9993,0.0379,0,-0.0206,-0.0378,0.9991,0,-0.0206,26.5525,-3.1933,1]},
{"frame":65,"values":[0.9998,-0.0063,0.0214,0,0.0055,0.9993,0.0383,0,-0.0216,-0.0382,0.999,0,-0.0206,26.5525,-3.1933,1]},
{"frame":66,"values":[0.9997,-0.0056,0.0226,0,0.0047,0.9993,0.0383,0,-0.0228,-0.0382,0.999,0,-0.0206,26.5525,-3.1933,1]},
{"frame":67,"values":[0.9997,-0.0051,0.0233,0,0.0042,0.9992,0.0386,0,-0.0235,-0.0385,0.999,0,-0.0206,26.5525,-3.1933,1]}],"loopBehavior":1,"name":"anim","property":"_matrix"}},
{"name":"mixamorig:Neck","index":4,"matrix":[0.9997,-0.0218,-0.0084,0,0.0223,0.9974,0.0685,0,0.0069,-0.0687,0.9976,0,-0.06,30.7018,1.3522,1],"rest":[1,0,0,0,0,1,0,0,0,0,1,0,-0.06,30.7018,1.3522,1],"parentBoneIndex":3,"length":22.8446
,"animation":{"dataType":3,"framePerSecond":24,"keys":[
{"frame":1,"values":[0.9997,-0.0218,-0.0084,0,0.0223,0.9974,0.0685,0,0.0069,-0.0687,0.9976,0,-0.06,30.7018,1.3522,1]},
{"frame":2,"values":[0.9997,-0.0226,-0.009,0,0.0231,0.9973,0.0698,0,0.0074,-0.07,0.9975,0,-0.06,30.7018,1.3522,1]},
{"frame":3,"values":[0.9997,-0.0233,-0.0095,0,0.0239,0.9972,0.0713,0,0.0078,-0.0716,0.9974,0,-0.06,30.7018,1.3522,1]},
{"frame":4,"values":[0.9997,-0.0244,-0.0101,0,0.025,0.997,0.0728,0,0.0082,-0.0731,0.9973,0,-0.06,30.7018,1.3522,1]},
{"frame":5,"values":[0.9996,-0.0253,-0.0105,0,0.0261,0.9969,0.0741,0,0.0086,-0.0744,0.9972,0,-0.06,30.7018,1.3522,1]},
{"frame":6,"values":[0.9996,-0.0262,-0.0106,0,0.0269,0.9968,0.0752,0,0.0086,-0.0755,0.9971,0,-0.06,30.7018,1.3522,1]},
{"frame":7,"values":[0.9996,-0.0269,-0.0106,0,0.0277,0.9967,0.0758,0,0.0085,-0.0761,0.9971,0,-0.06,30.7018,1.3522,1]},
{"frame":8,"values":[0.9996,-0.0273,-0.0101,0,0.028,0.9968,0.0755,0,0.008,-0.0758,0.9971,0,-0.06,30.7018,1.3522,1]},
{"frame":9,"values":[0.9996,-0.0269,-0.0094,0,0.0275,0.9968,0.0748,0,0.0073,-0.075,0.9972,0,-0.06,30.7018,1.3522,1]},
{"frame":10,"values":[0.9996,-0.0261,-0.0088,0,0.0267,0.9969,0.0746,0,0.0069,-0.0748,0.9972,0,-0.06,30.7018,1.3522,1]},
{"frame":11,"values":[0.9996,-0.0252,-0.0086,0,0.0257,0.9969,0.0749,0,0.0067,-0.0751,0.9972,0,-0.06,30.7018,1.3522,1]},
{"frame":12,"values":[0.9997,-0.024,-0.0082,0,0.0246,0.9969,0.0752,0,0.0064,-0.0754,0.9971,0,-0.06,30.7018,1.3522,1]},
{"frame":13,"values":[0.9997,-0.0227,-0.0078,0,0.0233,0.9969,0.0753,0,0.006,-0.0755,0.9971,0,-0.06,30.7018,1.3522,1]},
{"frame":14,"values":[0.9998,-0.0211,-0.0069,0,0.0215,0.997,0.0745,0,0.0053,-0.0746,0.9972,0,-0.06,30.7018,1.3522,1]},
{"frame":15,"values":[0.9998,-0.0194,-0.0059,0,0.0197,0.9971,0.0732,0,0.0044,-0.0733,0.9973,0,-0.06,30.7018,1.3522,1]},
{"frame":16,"values":[0.9998,-0.0191,-0.0055,0,0.0195,0.9972,0.0726,0,0.0041,-0.0727,0.9973,0,-0.06,30.7018,1.3522,1]},
{"frame":17,"values":[0.9998,-0.02,-0.0057,0,0.0204,0.9971,0.0729,0,0.0042,-0.073,0.9973,0,-0.06,30.7018,1.3522,1]},
{"frame":18,"values":[0.9998,-0.0203,-0.0055,0,0.0207,0.9971,0.0735,0,0.004,-0.0736,0.9973,0,-0.06,30.7018,1.3522,1]},
{"frame":19,"values":[0.9998,-0.0196,-0.0049,0,0.0199,0.9971,0.0738,0,0.0035,-0.0739,0.9973,0,-0.06,30.7018,1.3522,1]},
{"frame":20,"values":[0.9998,-0.0186,-0.0043,0,0.0189,0.9971,0.0739,0,0.0029,-0.0739,0.9973,0,-0.06,30.7018,1.3522,1]},
{"frame":21,"values":[0.9998,-0.018,-0.004,0,0.0182,0.9971,0.0741,0,0.0026,-0.0741,0.9972,0,-0.06,30.7018,1.3522,1]},
{"frame":22,"values":[0.9998,-0.0177,-0.0041,0,0.018,0.9971,0.0744,0,0.0027,-0.0745,0.9972,0,-0.06,30.7018,1.3522,1]},
{"frame":23,"values":[0.9998,-0.0178,-0.0042,0,0.018,0.997,0.0748,0,0.0029,-0.0748,0.9972,0,-0.06,30.7018,1.3522,1]},
{"frame":24,"values":[0.9998,-0.0179,-0.0041,0,0.0181,0.997,0.0752,0,0.0027,-0.0753,0.9972,0,-0.06,30.7018,1.3522,1]},
{"frame":25,"values":[0.9998,-0.0181,-0.0041,0,0.0184,0.9969,0.0761,0,0.0027,-0.0761,0.9971,0,-0.06,30.7018,1.3522,1]},
{"frame":26,"values":[0.9998,-0.0187,-0.0045,0,0.019,0.9968,0.0773,0,0.003,-0.0773,0.997,0,-0.06,30.7018,1.3522,1]},
{"frame":27,"values":[0.9998,-0.0193,-0.0051,0,0.0196,0.9967,0.0786,0,0.0036,-0.0787,0.9969,0,-0.06,30.7018,1.3522,1]},
{"frame":28,"values":[0.9998,-0.0196,-0.0056,0,0.0199,0.9966,0.0798,0,0.004,-0.0799,0.9968,0,-0.06,30.7018,1.3522,1]},
{"frame":29,"values":[0.9998,-0.0199,-0.0058,0,0.0203,0.9965,0.0805,0,0.0041,-0.0806,0.9967,0,-0.06,30.7018,1.3522,1]},
{"frame":30,"values":[0.9998,-0.0203,-0.0058,0,0.0207,0.9965,0.0806,0,0.0041,-0.0807,0.9967,0,-0.06,30.7018,1.3522,1]},
{"frame":31,"values":[0.9998,-0.0206,-0.0059,0,0.021,0.9965,0.0807,0,0.0042,-0.0808,0.9967,0,-0.06,30.7018,1.3522,1]},
{"frame":32,"values":[0.9998,-0.0208,-0.0063,0,0.0212,0.9965,0.0814,0,0.0046,-0.0815,0.9967,0,-0.06,30.7018,1.3522,1]},
{"frame":33,"values":[0.9998,-0.0208,-0.0066,0,0.0212,0.9964,0.0823,0,0.0049,-0.0824,0.9966,0,-0.06,30.7018,1.3522,1]},
{"frame":34,"values":[0.9998,-0.02,-0.0064,0,0.0204,0.9964,0.0827,0,0.0048,-0.0828,0.9966,0,-0.06,30.7018,1.3522,1]},
{"frame":35,"values":[0.9998,-0.0179,-0.0055,0,0.0183,0.9964,0.0823,0,0.004,-0.0824,0.9966,0,-0.06,30.7019,1.3522,1]},
{"frame":36,"values":[0.9999,-0.015,-0.004,0,0.0153,0.9966,0.0815,0,0.0027,-0.0816,0.9967,0,-0.06,30.7018,1.3522,1]},
{"frame":37,"values":[0.9999,-0.0118,-0.0023,0,0.0119,0.9967,0.0807,0,0.0013,-0.0807,0.9967,0,-0.06,30.7018,1.3522,1]},
{"frame":38,"values":[1,-0.0091,-0.0009,0,0.0092,0.9967,0.0801,0,0.0002,-0.0801,0.9968,0,-0.06,30.7018,1.3522,1]},
{"frame":39,"values":[1,-0.0075,-0.0002,0,0.0075,0.9968,0.0796,0,-0.0003,-0.0796,0.9968,0,-0.06,30.7018,1.3522,1]},
{"frame":40,"values":[1,-0.007,0,0,0.007,0.9969,0.0788,0,-0.0005,-0.0788,0.9969,0,-0.06,30.7018,1.3522,1]},
{"frame":41,"values":[1,-0.0071,0,0,0.007,0.9969,0.0777,0,-0.0005,-0.0777,0.997,0,-0.06,30.7018,1.3522,1]},
{"frame":42,"values":[1,-0.0068,0.0002,0,0.0068,0.997,0.0768,0,-0.0007,-0.0768,0.997,0,-0.06,30.7018,1.3522,1]},
