{"producer":{"name":"Blender","version":"2.90.0","exporter_version":"2.80.1","file":"option_pain.babylon"},
"autoClear":true,"clearColor":[0.0509,0.0509,0.0509],"gravity":[0,-9.81,0],
"materials":[{"name":"Material","id":"Material","customType":"BABYLON.PBRMaterial","backFaceCulling":true,"checkReadyOnlyOnce":false,"maxSimultaneousLights":4,"environmentIntensity":1,"albedo":[0.8,0.8,0.8],"reflectivity":[0.5,0.5,0.5],"roughness":0.4,"alpha":1,"transparencyMode":0,"alphaCutOff":0.4,"metallic":0}],
"multiMaterials":[],
"skeletons":[{"name":"Armature","id":0,"dimensionsAtRest":[379.1952,391.6652,55.677],"bones":[
{"name":"mixamorig:Hips","index":0,"matrix":[0.9968,-0.0251,0.0759,0,0.0058,0.9697,0.2442,0,0.0797,0.2429,-0.9668,0,-0.2522,176.6664,2.9479,1],"rest":[1,0,0,0,0,1,0,0,0,0,-1,0,0,201.6394,0,1],"parentBoneIndex":-1,"length":21.6784
,"animation":{"dataType":3,"framePerSecond":24,"keys":[
{"frame":1,"values":[0.9968,-0.0251,0.0759,0,0.0058,0.9697,0.2442,0,0.0797,0.2429,-0.9668,0,-0.2522,176.6664,2.9479,1]},
{"frame":2,"values":[0.9965,-0.0254,0.0791,0,0.0053,0.9696,0.2445,0,0.0829,0.2432,-0.9664,0,-0.2621,176.367,3.0422,1]},
{"frame":3,"values":[0.9964,-0.0259,0.0807,0,0.0054,0.9697,0.2442,0,0.0846,0.2428,-0.9664,0,-0.2637,175.9574,3.2731,1]},
{"frame":4,"values":[0.9968,-0.0252,0.0765,0,0.0055,0.9689,0.2476,0,0.0803,0.2464,-0.9658,0,-0.0665,175.3657,3.8983,1]},
{"frame":5,"values":[0.9976,-0.0242,0.0649,0,0.0066,0.9659,0.2588,0,0.069,0.2577,-0.9637,0,0.3055,174.5677,4.7682,1]},
{"frame":6,"values":[0.9951,-0.0226,0.0961,0,-0.0056,0.9589,0.2836,0,0.0986,0.2828,-0.9541,0,-0.1989,174.4124,4.3329,1]},
{"frame":7,"values":[0.9755,-0.0327,0.2175,0,-0.0437,0.9404,0.3373,0,0.2156,0.3386,-0.9159,0,-0.9497,175.1268,1.6488,1]},
{"frame":8,"values":[0.948,-0.0337,0.3164,0,-0.0803,0.9369,0.3403,0,0.3079,0.348,-0.8855,0,-1.5596,176.3299,-2.6565,1]},
{"frame":9,"values":[0.9557,-0.0093,0.2943,0,-0.0938,0.9377,0.3345,0,0.279,0.3473,-0.8953,0,-2.1759,177.9502,-8.0346,1]},
{"frame":10,"values":[0.9768,0.0111,0.2139,0,-0.0858,0.9353,0.3432,0,0.1963,0.3536,-0.9146,0,-1.9785,179.7368,-12.5415,1]},
{"frame":11,"values":[0.9886,0.0382,0.1454,0,-0.0871,0.9338,0.3469,0,0.1225,0.3557,-0.9265,0,-1.0422,180.5839,-16.8145,1]},
{"frame":12,"values":[0.9928,0.0451,0.1112,0,-0.0851,0.9179,0.3876,0,0.0845,0.3943,-0.9151,0,0.0258,179.825,-19.8329,1]},
{"frame":13,"values":[0.9969,0.0506,0.0609,0,-0.0717,0.9037,0.4222,0,0.0336,0.4252,-0.9045,0,1.2354,178.4801,-21.408,1]},
{"frame":14,"values":[0.9976,0.0628,0.0278,0,-0.0685,0.8874,0.4559,0,-0.004,0.4567,-0.8896,0,1.8657,177.2174,-22.2002,1]},
{"frame":15,"values":[0.9969,0.0728,0.0289,0,-0.0778,0.8809,0.4669,0,-0.0085,0.4677,-0.8839,0,2.1841,176.0696,-22.8907,1]},
{"frame":16,"values":[0.9962,0.0761,0.0423,0,-0.087,0.8824,0.4624,0,0.0021,0.4643,-0.8857,0,2.109,175.2323,-23.2284,1]},
{"frame":17,"values":[0.9941,0.0764,0.077,0,-0.103,0.8878,0.4485,0,0.0341,0.4538,-0.8904,0,1.848,174.6866,-23.1893,1]},
{"frame":18,"values":[0.9909,0.0779,0.1096,0,-0.1183,0.8925,0.4352,0,0.064,0.4442,-0.8936,0,1.4125,174.2025,-22.3571,1]},
{"frame":19,"values":[0.987,0.0775,0.1407,0,-0.1303,0.8984,0.4194,0,0.0939,0.4323,-0.8968,0,1.0149,173.7033,-20.8873,1]},
{"frame":20,"values":[0.9828,0.0801,0.1663,0,-0.1427,0.9013,0.4091,0,0.1172,0.4258,-0.8972,0,0.501,173.0335,-18.8188,1]},
{"frame":21,"values":[0.9797,0.0761,0.1852,0,-0.1484,0.897,0.4163,0,0.1345,0.4354,-0.8901,0,-0.3949,172.1342,-16.1757,1]},
{"frame":22,"values":[0.9742,0.0699,0.2147,0,-0.1578,0.8909,0.426,0,0.1615,0.4489,-0.8789,0,-1.5527,171.2677,-13.4603,1]},
{"frame":23,"values":[0.9727,0.0684,0.2219,0,-0.1571,0.8974,0.4123,0,0.1709,0.4359,-0.8836,0,-2.7191,171.2555,-10.9526,1]},
{"frame":24,"values":[0.9744,0.0688,0.2142,0,-0.1501,0.9079,0.3913,0,0.1676,0.4134,-0.895,0,-3.7235,171.7646,-8.9898,1]},
{"frame":25,"values":[0.9802,0.0677,0.1858,0,-0.1369,0.9106,0.3899,0,0.1428,0.4076,-0.9019,0,-4.5993,172.3018,-7.0567,1]},
{"frame":26,"values":[0.9859,0.0704,0.1515,0,-0.1245,0.9144,0.3853,0,0.1114,0.3987,-0.9103,0,-5.3596,172.743,-5.0821,1]},
{"frame":27,"values":[0.9853,0.06,0.1599,0,-0.1184,0.9149,0.386,0,0.1231,0.3993,-0.9085,0,-6.3392,173.149,-2.9973,1]},
{"frame":28,"values":[0.978,0.0488,0.2026,0,-0.1278,0.9085,0.3979,0,0.1646,0.4151,-0.8948,0,-7.41,173.3026,-0.7677,1]},
{"frame":29,"values":[0.9742,0.0457,0.221,0,-0.1327,0.9081,0.3972,0,0.1825,0.4163,-0.8907,0,-7.9455,173.8523,1.3052,1]},
{"frame":30,"values":[0.9755,0.0479,0.2147,0,-0.1237,0.9265,0.3553,0,0.1819,0.3732,-0.9098,0,-7.5614,175.2249,2.8357,1]},
{"frame":31,"values":[0.9788,0.0446,0.1998,0,-0.1061,0.9453,0.3086,0,0.1751,0.3232,-0.93,0,-5.905,176.5062,3.2783,1]},
{"frame":32,"values":[0.9858,0.0469,0.161,0,-0.0925,0.9529,0.2889,0,0.1399,0.2997,-0.9437,0,-3.855,177.771,3.3587,1]},
{"frame":33,"values":[0.9923,0.0399,0.1173,0,-0.0706,0.9602,0.2703,0,0.1019,0.2765,-0.9556,0,-1.9259,177.9549,3.8312,1]},
{"frame":34,"values":[0.996,0.0375,0.0813,0,-0.0568,0.9665,0.2502,0,0.0692,0.2538,-0.9648,0,-0.1218,177.6393,4.0173,1]},
{"frame":35,"values":[0.9986,0.0272,0.0457,0,-0.0372,0.9713,0.2348,0,0.038,0.2362,-0.971,0,1.6916,177.1856,3.8606,1]},
{"frame":36,"values":[0.9998,0.0116,0.0142,0,-0.0143,0.978,0.2082,0,0.0114,0.2084,-0.978,0,2.9958,177.0807,3.7536,1]},
{"frame":37,"values":[0.9997,-0.0055,-0.025,0,0.0103,0.981,0.194,0,-0.0235,0.1942,-0.9807,0,4.0086,177.5095,3.8497,1]},
{"frame":38,"values":[0.9985,-0.023,-0.0487,0,0.032,0.9808,0.1923,0,-0.0434,0.1936,-0.9801,0,4.5545,177.9123,3.8036,1]},
{"frame":39,"values":[0.9984,-0.0331,-0.0452,0,0.0412,0.9804,0.1925,0,-0.038,0.194,-0.9803,0,4.1019,177.8857,3.7104,1]},
{"frame":40,"values":[0.9993,-0.0325,-0.0207,0,0.0361,0.9772,0.2092,0,-0.0134,0.2097,-0.9777,0,2.9521,177.3905,3.3626,1]},
{"frame":41,"values":[0.9996,-0.0265,0.0099,0,0.0237,0.9754,0.2193,0,0.0154,0.2189,-0.9756,0,1.6677,176.6624,3.2702,1]},
{"frame":42,"values":[0.9988,-0.0276,0.0413,0,0.0179,0.9754,0.2198,0,0.0464,0.2188,-0.9747,0,0.6873,176.4549,3.2305,1]},
{"frame":43,"values":[0.9968,-0.0251,0.0759,0,0.0058,0.9697,0.2441,0,0.0797,0.2429,-0.9668,0,-0.2542,176.6723,2.9489,1]}],"loopBehavior":1,"name":"anim","property":"_matrix"}},
{"name":"mixamorig:Spine","index":1,"matrix":[0.9999,0.0133,0.0058,0,-0.0145,0.9395,0.3422,0,-0.0009,-0.3423,0.9396,0,0.0062,19.525,-2.4818,1],"rest":[1,0,0,0,0,1,0,0,0,0,1,0,0.0062,19.525,-2.4818,1],"parentBoneIndex":0,"length":23.0091
,"animation":{"dataType":3,"framePerSecond":24,"keys":[
{"frame":1,"values":[0.9999,0.0133,0.0058,0,-0.0145,0.9395,0.3422,0,-0.0009,-0.3423,0.9396,0,0.0062,19.525,-2.4818,1]},
{"frame":2,"values":[0.9999,0.0134,0.0061,0,-0.0146,0.9394,0.3426,0,-0.0011,-0.3427,0.9395,0,0.0062,19.525,-2.4818,1]},
{"frame":3,"values":[0.9999,0.0133,0.0062,0,-0.0147,0.9391,0.3432,0,-0.0012,-0.3433,0.9392,0,0.0062,19.525,-2.4818,1]},
{"frame":4,"values":[0.9999,0.011,0.0049,0,-0.012,0.9385,0.3451,0,-0.0007,-0.3452,0.9385,0,0.0062,19.525,-2.4818,1]},
{"frame":5,"values":[1,0.0086,0.0001,0,-0.0081,0.9368,0.3499,0,0.0029,-0.3498,0.9368,0,0.0062,19.525,-2.4818,1]},
{"frame":6,"values":[0.9999,0.0161,-0.0029,0,-0.014,0.9342,0.3565,0,0.0084,-0.3564,0.9343,0,0.0062,19.525,-2.4818,1]},
{"frame":7,"values":[0.9992,0.0355,0.0205,0,-0.0405,0.9309,0.3629,0,-0.0062,-0.3634,0.9316,0,0.0062,19.525,-2.4818,1]},
{"frame":8,"values":[0.9978,0.0412,0.0512,0,-0.0565,0.9352,0.3496,0,-0.0335,-0.3517,0.9355,0,0.0062,19.525,-2.4818,1]},
{"frame":9,"values":[0.998,0.025,0.058,0,-0.0427,0.9441,0.3267,0,-0.0466,-0.3286,0.9433,0,0.0062,19.525,-2.4818,1]},
{"frame":10,"values":[0.9982,0.0108,0.0595,0,-0.0284,0.9521,0.3046,0,-0.0534,-0.3057,0.9506,0,0.0062,19.525,-2.4818,1]},
{"frame":11,"values":[0.9983,0.0114,0.0575,0,-0.027,0.9602,0.2782,0,-0.0521,-0.2792,0.9588,0,0.0062,19.525,-2.4818,1]},
{"frame":12,"values":[0.9985,0.0179,0.0513,0,-0.0312,0.9617,0.2722,0,-0.0444,-0.2734,0.9609,0,0.0062,19.525,-2.4818,1]},
{"frame":13,"values":[0.9987,0.0237,0.0448,0,-0.0349,0.9621,0.2705,0,-0.0367,-0.2717,0.9617,0,0.0062,19.525,-2.4818,1]},
{"frame":14,"values":[0.9987,0.0261,0.0431,0,-0.0369,0.9619,0.2708,0,-0.0344,-0.272,0.9617,0,0.0062,19.525,-2.4818,1]},
{"frame":15,"values":[0.9986,0.0295,0.0428,0,-0.0399,0.9627,0.2678,0,-0.0333,-0.2691,0.9625,0,0.0062,19.525,-2.4818,1]},
{"frame":16,"values":[0.9986,0.0325,0.0428,0,-0.0426,0.9641,0.2622,0,-0.0327,-0.2637,0.9641,0,0.0062,19.525,-2.4818,1]},
{"frame":17,"values":[0.9984,0.035,0.0451,0,-0.0455,0.965,0.2581,0,-0.0345,-0.2597,0.9651,0,0.0062,19.525,-2.4818,1]},
{"frame":18,"values":[0.9984,0.0344,0.0457,0,-0.045,0.9653,0.2573,0,-0.0353,-0.259,0.9652,0,0.0062,19.525,-2.4818,1]},
{"frame":19,"values":[0.9983,0.035,0.0456,0,-0.0457,0.9646,0.2598,0,-0.0349,-0.2615,0.9646,0,0.0062,19.525,-2.4818,1]},
{"frame":20,"values":[0.9984,0.0344,0.0442,0,-0.0449,0.963,0.2657,0,-0.0334,-0.2672,0.963,0,0.0062,19.525,-2.4818,1]},
{"frame":21,"values":[0.9985,0.034,0.043,0,-0.0447,0.9598,0.277,0,-0.0319,-0.2785,0.9599,0,0.0062,19.525,-2.4818,1]},
{"frame":22,"values":[0.9983,0.0371,0.0454,0,-0.0488,0.9555,0.291,0,-0.0326,-0.2927,0.9557,0,0.0062,19.525,-2.4818,1]},
{"frame":23,"values":[0.9983,0.0396,0.0422,0,-0.0504,0.953,0.2986,0,-0.0284,-0.3002,0.9534,0,0.0062,19.525,-2.4818,1]},
{"frame":24,"values":[0.9985,0.0399,0.0367,0,-0.0492,0.9523,0.3013,0,-0.0229,-0.3026,0.9528,0,0.0062,19.525,-2.4818,1]},
{"frame":25,"values":[0.9987,0.0392,0.0313,0,-0.047,0.9501,0.3084,0,-0.0177,-0.3095,0.9507,0,0.0062,19.525,-2.4818,1]},
{"frame":26,"values":[0.999,0.0371,0.0237,0,-0.0426,0.9477,0.3163,0,-0.0107,-0.317,0.9484,0,0.0062,19.525,-2.4818,1]},
{"frame":27,"values":[0.9989,0.0394,0.0252,0,-0.0455,0.9456,0.3221,0,-0.0111,-0.3229,0.9464,0,0.0062,19.525,-2.4818,1]},
{"frame":28,"values":[0.9984,0.0436,0.035,0,-0.0528,0.9414,0.3331,0,-0.0184,-0.3344,0.9422,0,0.0062,19.525,-2.4818,1]},
{"frame":29,"values":[0.9984,0.0454,0.0347,0,-0.0545,0.938,0.3422,0,-0.017,-0.3436,0.939,0,0.0062,19.525,-2.4818,1]},
{"frame":30,"values":[0.9986,0.0441,0.0291,0,-0.0514,0.9375,0.3443,0,-0.012,-0.3453,0.9384,0,0.0062,19.525,-2.4818,1]},
{"frame":31,"values":[0.9986,0.0436,0.0288,0,-0.0509,0.9385,0.3414,0,-0.0122,-0.3424,0.9395,0,0.0062,19.525,-2.4818,1]},
{"frame":32,"values":[0.9991,0.0308,0.0298,0,-0.0392,0.9383,0.3437,0,-0.0174,-0.3445,0.9386,0,0.0062,19.525,-2.4818,1]},
{"frame":33,"values":[0.9993,0.0254,0.0275,0,-0.0333,0.938,0.3449,0,-0.017,-0.3456,0.9382,0,0.0062,19.525,-2.4818,1]},
{"frame":34,"values":[0.9996,0.017,0.0232,0,-0.024,0.9382,0.3453,0,-0.0159,-0.3457,0.9382,0,0.0062,19.525,-2.4818,1]},
{"frame":35,"values":[0.9998,0.0075,0.0194,0,-0.0137,0.938,0.3464,0,-0.0156,-0.3466,0.9379,0,0.0062,19.525,-2.4818,1]},
{"frame":36,"values":[0.9999,0.0022,0.0169,0,-0.0078,0.9389,0.3441,0,-0.0151,-0.3442,0.9388,0,0.0062,19.525,-2.4818,1]},
{"frame":37,"values":[0.9999,-0.0037,0.012,0,-0.0007,0.9393,0.343,0,-0.0125,-0.3429,0.9393,0,0.0062,19.525,-2.4818,1]},
{"frame":38,"values":[0.9999,-0.0075,0.0096,0,0.0038,0.9392,0.3433,0,-0.0116,-0.3433,0.9392,0,0.0062,19.525,-2.4818,1]},
{"frame":39,"values":[0.9999,-0.0077,0.0095,0,0.004,0.9394,0.3428,0,-0.0116,-0.3427,0.9394,0,0.0062,19.525,-2.4818,1]},
{"frame":40,"values":[1,-0.0044,0.0088,0,0.0011,0.9392,0.3435,0,-0.0098,-0.3435,0.9391,0,0.0062,19.525,-2.4818,1]},
{"frame":41,"values":[1,0.0013,0.0067,0,-0.0035,0.939,0.344,0,-0.0059,-0.344,0.9389,0,0.0062,19.525,-2.4818,1]},
{"frame":42,"values":[1,0.0045,0.0053,0,-0.0061,0.9397,0.342,0,-0.0034,-0.3421,0.9397,0,0.0062,19.525,-2.4818,1]},
{"frame":43,"values":[0.9999,0.0134,0.0058,0,-0.0146,0.9395,0.3422,0,-0.0009,-0.3423,0.9396,0,0.0062,19.525,-2.4818,1]}],"loopBehavior":1,"name":"anim","property":"_matrix"}},
{"name":"mixamorig:Spine1","index":2,"matrix":[0.9999,0.0111,0.0073,0,-0.0119,0.9926,0.1212,0,-0.0059,-0.1213,0.9926,0,-0.0009,22.835,-2.8254,1],"rest":[1,0,0,0,0,1,0,0,0,0,1,0,-0.0009,22.835,-2.8254,1],"parentBoneIndex":1,"length":26.7438
,"animation":{"dataType":3,"framePerSecond":24,"keys":[
{"frame":1,"values":[0.9999,0.0111,0.0073,0,-0.0119,0.9926,0.1212,0,-0.0059,-0.1213,0.9926,0,-0.0009,22.835,-2.8254,1]},
{"frame":2,"values":[0.9999,0.0107,0.0075,0,-0.0115,0.9925,0.1219,0,-0.0062,-0.122,0.9925,0,-0.0009,22.835,-2.8254,1]},
{"frame":3,"values":[0.9999,0.0103,0.0077,0,-0.0112,0.9924,0.1229,0,-0.0064,-0.123,0.9924,0,-0.0009,22.835,-2.8254,1]},
{"frame":4,"values":[1,0.0073,0.0051,0,-0.0079,0.9919,0.1266,0,-0.0041,-0.1267,0.9919,0,-0.0009,22.835,-2.8254,1]},
{"frame":5,"values":[1,0.0073,-0.0042,0,-0.0067,0.9907,0.1362,0,0.0051,-0.1362,0.9907,0,-0.0009,22.835,-2.8254,1]},
{"frame":6,"values":[0.9997,0.0221,-0.0118,0,-0.0201,0.9883,0.1511,0,0.015,-0.1508,0.9884,0,-0.0009,22.835,-2.8254,1]},
{"frame":7,"values":[0.9986,0.0452,0.0278,0,-0.0492,0.9845,0.1681,0,-0.0198,-0.1692,0.9854,0,-0.0009,22.835,-2.8254,1]},
{"frame":8,"values":[0.9956,0.0456,0.0822,0,-0.0571,0.988,0.1438,0,-0.0747,-0.1478,0.9862,0,-0.0009,22.835,-2.8254,1]},
{"frame":9,"values":[0.995,0.0228,0.097,0,-0.0325,0.9945,0.0995,0,-0.0942,-0.1022,0.9903,0,-0.0009,22.835,-2.8254,1]},
{"frame":10,"values":[0.9943,0.0131,0.106,0,-0.0191,0.9982,0.0561,0,-0.105,-0.0578,0.9928,0,-0.0009,22.835,-2.8254,1]},
{"frame":11,"values":[0.9942,0.0154,0.1063,0,-0.016,0.9999,0.0047,0,-0.1062,-0.0064,0.9943,0,-0.0009,22.835,-2.8254,1]},
{"frame":12,"values":[0.9954,0.0199,0.0938,0,-0.0197,0.9998,-0.0039,0,-0.0939,0.002,0.9956,0,-0.0009,22.835,-2.8254,1]},
{"frame":13,"values":[0.996,0.032,0.083,0,-0.0316,0.9995,-0.006,0,-0.0832,0.0034,0.9965,0,-0.0009,22.835,-2.8254,1]},
{"frame":14,"values":[0.9959,0.0385,0.0819,0,-0.0383,0.9993,-0.0039,0,-0.082,0.0007,0.9966,0,-0.0009,22.835,-2.8254,1]},
{"frame":15,"values":[0.9957,0.0436,0.0813,0,-0.043,0.999,-0.0084,0,-0.0816,0.0049,0.9967,0,-0.0009,22.835,-2.8254,1]},
{"frame":16,"values":[0.9956,0.0484,0.0806,0,-0.047,0.9987,-0.019,0,-0.0814,0.0151,0.9966,0,-0.0009,22.835,-2.8254,1]},
{"frame":17,"values":[0.9953,0.0508,0.0825,0,-0.0487,0.9984,-0.027,0,-0.0838,0.0228,0.9962,0,-0.0009,22.835,-2.8254,1]},
{"frame":18,"values":[0.9954,0.0492,0.0822,0,-0.047,0.9985,-0.0287,0,-0.0835,0.0247,0.9962,0,-0.0009,22.835,-2.8254,1]},
{"frame":19,"values":[0.9957,0.0471,0.0798,0,-0.0453,0.9987,-0.0246,0,-0.0808,0.0209,0.9965,0,-0.0009,22.835,-2.8254,1]},
{"frame":20,"values":[0.9962,0.0428,0.0758,0,-0.0419,0.999,-0.0138,0,-0.0763,0.0106,0.997,0,-0.0009,22.835,-2.8254,1]},
{"frame":21,"values":[0.9966,0.0397,0.0721,0,-0.0404,0.9991,0.0083,0,-0.0717,-0.0112,0.9974,0,-0.0009,22.835,-2.8254,1]},
{"frame":22,"values":[0.9964,0.0401,0.0742,0,-0.0428,0.9984,0.036,0,-0.0726,-0.0391,0.9966,0,-0.0009,22.835,-2.8254,1]},
{"frame":23,"values":[0.9967,0.0437,0.0682,0,-0.0471,0.9977,0.0495,0,-0.0659,-0.0526,0.9964,0,-0.0009,22.835,-2.8254,1]},
{"frame":24,"values":[0.9972,0.0455,0.0599,0,-0.0487,0.9974,0.0529,0,-0.0573,-0.0556,0.9968,0,-0.0009,22.835,-2.8254,1]},
{"frame":25,"values":[0.9976,0.0459,0.0523,0,-0.0493,0.9966,0.0658,0,-0.0491,-0.0682,0.9965,0,-0.0009,22.835,-2.8254,1]},
{"frame":26,"values":[0.9981,0.0454,0.0407,0,-0.0485,0.9956,0.0799,0,-0.0369,-0.0817,0.996,0,-0.0009,22.835,-2.8254,1]},
{"frame":27,"values":[0.998,0.0465,0.0425,0,-0.0502,0.9946,0.0908,0,-0.0381,-0.0927,0.995,0,-0.0009,22.835,-2.8254,1]},
{"frame":28,"values":[0.9973,0.0448,0.0586,0,-0.0512,0.9923,0.1129,0,-0.0531,-0.1156,0.9919,0,-0.0009,22.835,-2.8254,1]},
{"frame":29,"values":[0.9972,0.0485,0.0574,0,-0.0557,0.9899,0.1304,0,-0.0505,-0.1332,0.9898,0,-0.0009,22.835,-2.8254,1]},
{"frame":30,"values":[0.9975,0.0508,0.05,0,-0.057,0.9896,0.1322,0,-0.0428,-0.1347,0.99,0,-0.0009,22.835,-2.8254,1]},
{"frame":31,"values":[0.9975,0.0469,0.0531,0,-0.0532,0.9908,0.1243,0,-0.0467,-0.1268,0.9908,0,-0.0009,22.835,-2.8254,1]},
{"frame":32,"values":[0.9977,0.0373,0.0564,0,-0.0442,0.9909,0.1271,0,-0.0511,-0.1293,0.9903,0,-0.0009,22.835,-2.8254,1]},
{"frame":33,"values":[0.9981,0.0304,0.0535,0,-0.0371,0.991,0.1285,0,-0.0491,-0.1302,0.9903,0,-0.0009,22.835,-2.8254,1]},
{"frame":34,"values":[0.9987,0.0208,0.0457,0,-0.0265,0.9914,0.1283,0,-0.0426,-0.1294,0.9907,0,-0.0009,22.835,-2.8254,1]},
{"frame":35,"values":[0.9992,0.0127,0.037,0,-0.0174,0.9915,0.129,0,-0.035,-0.1296,0.991,0,-0.0009,22.835,-2.8254,1]},
{"frame":36,"values":[0.9995,0.0069,0.0318,0,-0.0107,0.9923,0.1231,0,-0.0307,-0.1234,0.9919,0,-0.0009,22.835,-2.8254,1]},
{"frame":37,"values":[0.9998,0.0021,0.022,0,-0.0047,0.9927,0.1204,0,-0.0216,-0.1205,0.9925,0,-0.0009,22.835,-2.8254,1]},
{"frame":38,"values":[0.9999,-0.0018,0.0159,0,-0.0001,0.9926,0.1214,0,-0.016,-0.1214,0.9925,0,-0.0009,22.835,-2.8254,1]},
{"frame":39,"values":[0.9999,-0.005,0.0148,0,0.0032,0.9927,0.1204,0,-0.0153,-0.1203,0.9926,0,-0.0009,22.835,-2.8254,1]},
{"frame":40,"values":[0.9999,-0.0064,0.0134,0,0.0047,0.9925,0.1223,0,-0.0141,-0.1222,0.9924,0,-0.0009,22.835,-2.8254,1]},
{"frame":41,"values":[0.9999,-0.0038,0.0103,0,0.0025,0.9924,0.1231,0,-0.0107,-0.123,0.9923,0,-0.0009,22.835,-2.8254,1]},
{"frame":42,"values":[1,0.004,0.0064,0,-0.0047,0.9928,0.1197,0,-0.0059,-0.1197,0.9928,0,-0.0009,22.835,-2.8254,1]},
{"frame":43,"values":[0.9999,0.0111,0.0073,0,-0.0119,0.9926,0.1212,0,-0.0059,-0.1213,0.9926,0,-0.0009,22.835,-2.8254,1]}],"loopBehavior":1,"name":"anim","property":"_matrix"}},
{"name":"mixamorig:Spine2","index":3,"matrix":[0.9999,0.011,0.0073,0,-0.0118,0.9926,0.1212,0,-0.0059,-0.1213,0.9926,0,-0.0206,26.5525,-3.1933,1],"rest":[1,0,0,0,0,1,0,0,0,0,1,0,-0.0206,26.5525,-3.1933,1],"parentBoneIndex":2,"length":24.825
,"animation":{"dataType":3,"framePerSecond":24,"keys":[
{"frame":1,"values":[0.9999,0.011,0.0073,0,-0.0118,0.9926,0.1212,0,-0.0059,-0.1213,0.9926,0,-0.0206,26.5525,-3.1933,1]},
{"frame":2,"values":[0.9999,0.0106,0.0075,0,-0.0115,0.9925,0.1219,0,-0.0062,-0.122,0.9925,0,-0.0206,26.5525,-3.1933,1]},
{"frame":3,"values":[0.9999,0.0103,0.0077,0,-0.0111,0.9924,0.1229,0,-0.0064,-0.123,0.9924,0,-0.0206,26.5525,-3.1933,1]},
{"frame":4,"values":[1,0.0073,0.0051,0,-0.0079,0.9919,0.1266,0,-0.0041,-0.1267,0.9919,0,-0.0206,26.5525,-3.1933,1]},
{"frame":5,"values":[1,0.0074,-0.0041,0,-0.0068,0.9907,0.1362,0,0.0051,-0.1362,0.9907,0,-0.0206,26.5525,-3.1933,1]},
{"frame":6,"values":[0.9997,0.0224,-0.0119,0,-0.0204,0.9883,0.1511,0,0.0152,-0.1508,0.9884,0,-0.0206,26.5525,-3.1933,1]},
{"frame":7,"values":[0.9986,0.044,0.028,0,-0.0481,0.9846,0.1682,0,-0.0202,-0.1693,0.9854,0,-0.0206,26.5525,-3.1933,1]},
{"frame":8,"values":[0.9956,0.0456,0.082,0,-0.0571,0.9879,0.1441,0,-0.0744,-0.1481,0.9862,0,-0.0206,26.5525,-3.1933,1]},
{"frame":9,"values":[0.995,0.0228,0.0968,0,-0.0325,0.9945,0.0997,0,-0.094,-0.1024,0.9903,0,-0.0206,26.5525,-3.1933,1]},
{"frame":10,"values":[0.9943,0.0134,0.1059,0,-0.0194,0.9982,0.0561,0,-0.105,-0.0578,0.9928,0,-0.0206,26.5525,-3.1933,1]},
{"frame":11,"values":[0.9942,0.016,0.1062,0,-0.0166,0.9998,0.0049,0,-0.1061,-0.0066,0.9943,0,-0.0206,26.5525,-3.1933,1]},
{"frame":12,"values":[0.9954,0.0207,0.0937,0,-0.0205,0.9998,-0.0035,0,-0.0938,0.0016,0.9956,0,-0.0206,26.5525,-3.1933,1]},
{"frame":13,"values":[0.996,0.0328,0.0828,0,-0.0325,0.9995,-0.0056,0,-0.083,0.0029,0.9965,0,-0.0206,26.5525,-3.1933,1]},
{"frame":14,"values":[0.9959,0.0394,0.0816,0,-0.0392,0.9992,-0.0034,0,-0.0816,0.0001,0.9967,0,-0.0206,26.5525,-3.1933,1]},
{"frame":15,"values":[0.9957,0.0445,0.081,0,-0.044,0.999,-0.0078,0,-0.0813,0.0042,0.9967,0,-0.0206,26.5525,-3.1933,1]},
{"frame":16,"values":[0.9956,0.0494,0.0802,0,-0.0481,0.9987,-0.0183,0,-0.081,0.0144,0.9966,0,-0.0206,26.5525,-3.1933,1]},
{"frame":17,"values":[0.9953,0.0518,0.0822,0,-0.0498,0.9984,-0.0263,0,-0.0834,0.022,0.9963,0,-0.0206,26.5525,-3.1933,1]},
{"frame":18,"values":[0.9954,0.0503,0.082,0,-0.0481,0.9984,-0.028,0,-0.0832,0.0239,0.9962,0,-0.0206,26.5525,-3.1933,1]},
{"frame":19,"values":[0.9957,0.048,0.0795,0,-0.0463,0.9986,-0.024,0,-0.0806,0.0202,0.9965,0,-0.0206,26.5525,-3.1933,1]},
{"frame":20,"values":[0.9962,0.0436,0.0756,0,-0.0427,0.999,-0.0132,0,-0.0761,0.0099,0.9971,0,-0.0206,26.5525,-3.1933,1]},
{"frame":21,"values":[0.9966,0.0403,0.0717,0,-0.0411,0.9991,0.009,0,-0.0713,-0.0119,0.9974,0,-0.0206,26.5525,-3.1933,1]},
{"frame":22,"values":[0.9965,0.0406,0.0737,0,-0.0434,0.9984,0.0367,0,-0.0721,-0.0398,0.9966,0,-0.0206,26.5525,-3.1933,1]},
{"frame":23,"values":[0.9967,0.044,0.0675,0,-0.0475,0.9976,0.0502,0,-0.0652,-0.0532,0.9965,0,-0.0206,26.5525,-3.1933,1]},
{"frame":24,"values":[0.9972,0.0457,0.0593,0,-0.0489,0.9974,0.0534,0,-0.0567,-0.0562,0.9968,0,-0.0206,26.5525,-3.1933,1]},
{"frame":25,"values":[0.9976,0.046,0.0517,0,-0.0494,0.9966,0.0663,0,-0.0485,-0.0687,0.9965,0,-0.0206,26.5525,-3.1933,1]},
{"frame":26,"values":[0.9982,0.0455,0.0401,0,-0.0486,0.9956,0.0803,0,-0.0363,-0.0821,0.996,0,-0.0206,26.5525,-3.1933,1]},
{"frame":27,"values":[0.998,0.0465,0.0419,0,-0.0502,0.9946,0.0911,0,-0.0375,-0.0931,0.995,0,-0.0206,26.5525,-3.1933,1]},
{"frame":28,"values":[0.9973,0.0447,0.0578,0,-0.051,0.9922,0.1134,0,-0.0523,-0.1161,0.9919,0,-0.0206,26.5525,-3.1933,1]},
{"frame":29,"values":[0.9972,0.0483,0.0565,0,-0.0554,0.9898,0.1309,0,-0.0496,-0.1336,0.9898,0,-0.0206,26.5525,-3.1933,1]},
{"frame":30,"values":[0.9975,0.0505,0.0493,0,-0.0567,0.9895,0.1326,0,-0.0421,-0.1351,0.9899,0,-0.0206,26.5525,-3.1933,1]},
{"frame":31,"values":[0.9975,0.0465,0.0524,0,-0.0528,0.9908,0.1248,0,-0.0461,-0.1273,0.9908,0,-0.0206,26.5525,-3.1933,1]},
{"frame":32,"values":[0.9978,0.0368,0.0559,0,-0.0437,0.9909,0.1275,0,-0.0507,-0.1296,0.9903,0,-0.0206,26.5525,-3.1933,1]},
{"frame":33,"values":[0.9981,0.0299,0.0531,0,-0.0365,0.991,0.1287,0,-0.0488,-0.1304,0.9903,0,-0.0206,26.5525,-3.1933,1]},
{"frame":34,"values":[0.9988,0.0203,0.0454,0,-0.026,0.9914,0.1285,0,-0.0424,-0.1296,0.9907,0,-0.0206,26.5525,-3.1933,1]},
{"frame":35,"values":[0.9992,0.0123,0.0368,0,-0.017,0.9915,0.1291,0,-0.0349,-0.1296,0.9909,0,-0.0206,26.5525,-3.1933,1]},
{"frame":36,"values":[0.9995,0.0065,0.0318,0,-0.0104,0.9923,0.1231,0,-0.0308,-0.1234,0.9919,0,-0.0206,26.5525,-3.1933,1]},
{"frame":37,"values":[0.9998,0.0019,0.0221,0,-0.0045,0.9927,0.1204,0,-0.0217,-0.1205,0.9925,0,-0.0206,26.5525,-3.1933,1]},
{"frame":38,"values":[0.9999,-0.0019,0.0161,0,0,0.9926,0.1213,0,-0.0162,-0.1213,0.9925,0,-0.0206,26.5525,-3.1933,1]},
{"frame":39,"values":[0.9999,-0.0052,0.0151,0,0.0033,0.9927,0.1203,0,-0.0156,-0.1203,0.9926,0,-0.0206,26.5525,-3.1933,1]},
{"frame":40,"values":[0.9999,-0.0065,0.0136,0,0.0048,0.9925,0.1223,0,-0.0143,-0.1222,0.9924,0,-0.0206,26.5525,-3.1933,1]},
{"frame":41,"values":[0.9999,-0.0038,0.0104,0,0.0025,0.9924,0.123,0,-0.0108,-0.123,0.9923,0,-0.0206,26.5525,-3.1933,1]},
{"frame":42,"values":[1,0.004,0.0064,0,-0.0047,0.9928,0.1197,0,-0.0059,-0.1197,0.9928,0,-0.0206,26.5525,-3.1933,1]},
{"frame":43,"values":[0.9999,0.011,0.0073,0,-0.0118,0.9926,0.1212,0,-0.0059,-0.1213,0.9926,0,-0.0206,26.5525,-3.1933,1]}],"loopBehavior":1,"name":"anim","property":"_matrix"}},
{"name":"mixamorig:Neck","index":4,"matrix":[0.9997,-0.0038,0.0231,0,0.0087,0.9772,-0.212,0,-0.0218,0.2121,0.977,0,-0.06,30.7018,1.3522,1],"rest":[1,0,0,0,0,1,0,0,0,0,1,0,-0.06,30.7018,1.3522,1],"parentBoneIndex":3,"length":22.8446
,"animation":{"dataType":3,"framePerSecond":24,"keys":[
{"frame":1,"values":[0.9997,-0.0038,0.0231,0,0.0087,0.9772,-0.212,0,-0.0218,0.2121,0.977,0,-0.06,30.7018,1.3522,1]},
{"frame":2,"values":[0.9997,-0.0068,0.0235,0,0.0117,0.9769,-0.2134,0,-0.0215,0.2136,0.9767,0,-0.06,30.7018,1.3522,1]},
{"frame":3,"values":[0.9997,-0.0037,0.0239,0,0.0085,0.9781,-0.208,0,-0.0226,0.2082,0.9778,0,-0.06,30.7018,1.3522,1]},
{"frame":4,"values":[0.9994,0.0234,0.0244,0,-0.0191,0.9862,-0.1647,0,-0.0279,0.1641,0.986,0,-0.06,30.7018,1.3522,1]},
{"frame":5,"values":[0.9995,0.0183,0.0252,0,-0.0134,0.9835,-0.1802,0,-0.0281,0.1798,0.9833,0,-0.06,30.7018,1.3522,1]},
{"frame":6,"values":[0.9997,-0.0172,0.0156,0,0.0194,0.9878,-0.1542,0,-0.0128,0.1545,0.9879,0,-0.06,30.7018,1.3522,1]},
{"frame":7,"values":[0.9987,-0.0501,-0.0025,0,0.0494,0.991,-0.1246,0,0.0088,0.1244,0.9922,0,-0.06,30.7018,1.3522,1]},
{"frame":8,"values":[0.9978,-0.0662,-0.0044,0,0.0647,0.9858,-0.1547,0,0.0146,0.1541,0.9879,0,-0.06,30.7018,1.3522,1]},
{"frame":9,"values":[0.9988,-0.0366,0.0323,0,0.0444,0.9557,-0.2909,0,-0.0202,0.292,0.9562,0,-0.06,30.7018,1.3522,1]},
{"frame":10,"values":[0.9975,-0.005,0.0705,0,0.0399,0.8628,-0.5039,0,-0.0584,0.5054,0.8609,0,-0.06,30.7019,1.3522,1]},
{"frame":11,"values":[0.9971,0.0076,0.076,0,0.036,0.8304,-0.5559,0,-0.0673,0.557,0.8277,0,-0.06,30.7018,1.3522,1]},
{"frame":12,"values":[0.9987,0.0161,0.0483,0,0.0159,0.8029,-0.5958,0,-0.0484,0.5958,0.8016,0,-0.06,30.7018,1.3522,1]},
{"frame":13,"values":[0.9988,0.0051,0.0484,0,0.0258,0.7881,-0.615,0,-0.0412,0.6155,0.7871,0,-0.06,30.7018,1.3522,1]},
{"frame":14,"values":[0.9967,0.0757,0.028,0,-0.0453,0.8116,-0.5825,0,-0.0668,0.5793,0.8124,0,-0.06,30.7018,1.3522,1]},
{"frame":15,"values":[0.996,0.0852,0.0274,0,-0.0555,0.8282,-0.5577,0,-0.0702,0.5539,0.8296,0,-0.06,30.7018,1.3522,1]},
{"frame":16,"values":[0.9949,0.0987,0.0204,0,-0.0703,0.8249,-0.5608,0,-0.0722,0.5565,0.8277,0,-0.06,30.7018,1.3522,1]},
{"frame":17,"values":[0.9957,0.0913,0.0171,0,-0.0669,0.8327,-0.5496,0,-0.0645,0.5461,0.8352,0,-0.06,30.7018,1.3522,1]},
{"frame":18,"values":[0.9944,0.1042,0.0145,0,-0.08,0.8385,-0.5391,0,-0.0684,0.5349,0.8421,0,-0.06,30.7018,1.3522,1]},
{"frame":19,"values":[0.994,0.1086,0.0154,0,-0.0847,0.8492,-0.5212,0,-0.0697,0.5167,0.8533,0,-0.06,30.7018,1.3522,1]},
{"frame":20,"values":[0.9951,0.0957,0.024,0,-0.0738,0.8838,-0.462,0,-0.0655,0.4579,0.8866,0,-0.06,30.7018,1.3522,1]},
{"frame":21,"values":[0.9959,0.0815,0.0391,0,-0.0582,0.9089,-0.4129,0,-0.0692,0.4089,0.9099,0,-0.06,30.7018,1.3522,1]},
{"frame":22,"values":[0.9962,0.0501,0.071,0,-0.0154,0.9058,-0.4235,0,-0.0855,0.4208,0.9031,0,-0.06,30.7018,1.3522,1]},
{"frame":23,"values":[0.9975,0.0033,0.07,0,0.0256,0.9126,-0.4081,0,-0.0652,0.4089,0.9103,0,-0.06,30.7018,1.3522,1]},
{"frame":24,"values":[0.9998,-0.0003,0.0219,0,0.0063,0.9612,-0.2759,0,-0.0209,0.276,0.9609,0,-0.06,30.7018,1.3522,1]},
{"frame":25,"values":[0.9989,0.0477,0.0011,0,-0.047,0.9885,-0.1437,0,-0.008,0.1435,0.9896,0,-0.06,30.7018,1.3522,1]},
{"frame":26,"values":[0.9926,0.0909,0.0801,0,-0.0869,0.9949,-0.052,0,-0.0844,0.0446,0.9954,0,-0.06,30.7018,1.3522,1]},
{"frame":27,"values":[0.9802,0.0743,0.1834,0,-0.0799,0.9965,0.023,0,-0.1811,-0.0372,0.9828,0,-0.06,30.7018,1.3522,1]},
{"frame":28,"values":[0.9947,0.059,0.0844,0,-0.0596,0.9982,0.0043,0,-0.084,-0.0093,0.9964,0,-0.06,30.7018,1.3522,1]},
{"frame":29,"values":[0.9986,-0.0258,-0.0466,0,0.0245,0.9993,-0.0265,0,0.0473,0.0253,0.9986,0,-0.06,30.7018,1.3522,1]},
{"frame":30,"values":[0.9985,-0.0539,-0.0043,0,0.0532,0.9936,-0.0994,0,0.0096,0.099,0.995,0,-0.06,30.7018,1.3522,1]},
{"frame":31,"values":[0.9967,0.0049,0.0806,0,0.0058,0.9913,-0.1318,0,-0.0805,0.1319,0.988,0,-0.06,30.7018,1.3522,1]},
{"frame":32,"values":[0.9971,0.0434,0.0617,0,-0.034,0.9887,-0.1461,0,-0.0674,0.1436,0.9873,0,-0.06,30.7018,1.3522,1]},
{"frame":33,"values":[0.9995,0.0173,0.0264,0,-0.0134,0.99,-0.1407,0,-0.0286,0.1403,0.9897,0,-0.06,30.7018,1.3522,1]},
{"frame":34,"values":[0.9998,-0.0045,0.02,0,0.007,0.9916,-0.1291,0,-0.0193,0.1293,0.9914,0,-0.06,30.7018,1.3522,1]},
{"frame":35,"values":[0.9995,-0.03,0.004,0,0.0303,0.9897,-0.1401,0,0.0002,0.1401,0.9901,0,-0.06,30.7018,1.3522,1]},
{"frame":36,"values":[0.9982,-0.0565,-0.0176,0,0.0527,0.9844,-0.1676,0,0.0268,0.1663,0.9857,0,-0.06,30.7018,1.3522,1]},
{"frame":37,"values":[0.9957,-0.0839,-0.0379,0,0.0753,0.9788,-0.1903,0,0.0531,0.1866,0.981,0,-0.06,30.7018,1.3522,1]},
{"frame":38,"values":[0.9936,-0.1019,-0.0497,0,0.0895,0.974,-0.2083,0,0.0696,0.2025,0.9768,0,-0.06,30.7018,1.3522,1]},
{"frame":39,"values":[0.9931,-0.1083,-0.0456,0,0.096,0.9714,-0.217,0,0.0678,0.2111,0.9751,0,-0.06,30.7018,1.3522,1]},
{"frame":40,"values":[0.9947,-0.1,-0.0235,0,0.0923,0.9706,-0.2222,0,0.045,0.2188,0.9747,0,-0.06,30.7018,1.3522,1]},
{"frame":41,"values":[0.9963,-0.0856,-0.0018,0,0.0829,0.9707,-0.2257,0,0.0211,0.2247,0.9742,0,-0.06,30.7018,1.3522,1]},
{"frame":42,"values":[0.9991,-0.0423,0.0092,0,0.0433,0.9721,-0.2304,0,0.0008,0.2306,0.9731,0,-0.06,30.7018,1.3522,1]},
{"frame":43,"values":[0.9997,-0.0038,0.0231,0,0.0087,0.9772,-0.212,0,-0.0218,0.2121,0.977,0,-0.06,30.7018,1.3522,1]}],"loopBehavior":1,"name":"anim","property":"_matrix"}},
{"name":"mixamorig:Head","index":5,"matrix":[0.9995,0.0085,0.0294,0,0,0.9607,-0.2776,0,-0.0306,0.2775,0.9602,0,-0.0872,22.5476,3.6709,1],"rest":[1,0,0,0,0,1,0,0,0,0,1,0,-0.0872,22.5476,3.6709,1],"parentBoneIndex":4,"length":30.5923
,"animation":{"dataType":3,"framePerSecond":24,"keys":[
{"frame":1,"values":[0.9995,0.0085,0.0294,0,0,0.9607,-0.2776,0,-0.0306,0.2775,0.9602,0,-0.0872,22.5476,3.6709,1]},
{"frame":2,"values":[0.9995,0.0109,0.0301,0,-0.0022,0.9616,-0.2745,0,-0.032,0.2743,0.9611,0,-0.0872,22.5476,3.6709,1]},
{"frame":3,"values":[0.9995,0.0076,0.0302,0,0.0011,0.9606,-0.2778,0,-0.0311,0.2777,0.9602,0,-0.0872,22.5476,3.6709,1]},
{"frame":4,"values":[0.9994,-0.0137,0.0326,0,0.0228,0.9548,-0.2963,0,-0.0271,0.2969,0.9545,0,-0.0872,22.5476,3.6709,1]},
{"frame":5,"values":[0.9978,-0.0191,0.0638,0,0.0314,0.98,-0.1966,0,-0.0588,0.1982,0.9784,0,-0.0872,22.5476,3.6709,1]},
{"frame":6,"values":[0.9957,0.0032,0.0921,0,0.0049,0.9962,-0.0874,0,-0.092,0.0875,0.9919,0,-0.0872,22.5476,3.6709,1]},
{"frame":7,"values":[0.9954,0.0285,0.0915,0,-0.0188,0.9944,-0.1044,0,-0.0939,0.1022,0.9903,0,-0.0872,22.5476,3.6709,1]},
{"frame":8,"values":[0.9947,0.0731,0.0718,0,-0.0512,0.9615,-0.27,0,-0.0888,0.2649,0.9602,0,-0.0872,22.5476,3.6709,1]},
{"frame":9,"values":[0.9924,0.095,0.078,0,-0.0572,0.9183,-0.3916,0,-0.1088,0.3842,0.9168,0,-0.0872,22.5476,3.6709,1]},
{"frame":10,"values":[0.9895,0.1021,0.1019,0,-0.053,0.9143,-0.4016,0,-0.1341,0.392,0.9101,0,-0.0872,22.5476,3.6709,1]},
{"frame":11,"values":[0.9889,0.1061,0.1041,0,-0.0584,0.9214,-0.3843,0,-0.1367,0.374,0.9173,0,-0.0872,22.5476,3.6709,1]},
{"frame":12,"values":[0.9904,0.1253,0.0583,0,-0.1043,0.9542,-0.2803,0,-0.0907,0.2716,0.9581,0,-0.0872,22.5476,3.671,1]},
{"frame":13,"values":[0.9908,0.123,0.0564,0,-0.1055,0.963,-0.248,0,-0.0849,0.2398,0.9671,0,-0.0872,22.5476,3.6709,1]},
{"frame":14,"values":[0.9923,0.114,0.0484,0,-0.0947,0.9503,-0.2964,0,-0.0798,0.2896,0.9538,0,-0.0872,22.5476,3.6709,1]},
{"frame":15,"values":[0.9941,0.0997,0.0431,0,-0.0805,0.9423,-0.3249,0,-0.073,0.3195,0.9448,0,-0.0872,22.5476,3.6709,1]},
{"frame":16,"values":[0.9956,0.0843,0.0417,0,-0.0657,0.9408,-0.3324,0,-0.0672,0.3282,0.9422,0,-0.0872,22.5476,3.6709,1]},
{"frame":17,"values":[0.9965,0.0731,0.0394,0,-0.0544,0.9332,-0.3551,0,-0.0627,0.3518,0.934,0,-0.0872,22.5476,3.6709,1]},
{"frame":18,"values":[0.9968,0.0685,0.0407,0,-0.0481,0.9244,-0.3783,0,-0.0635,0.3751,0.9248,0,-0.0872,22.5476,3.6709,1]},
{"frame":19,"values":[0.9966,0.0707,0.0431,0,-0.0472,0.9132,-0.4048,0,-0.068,0.4014,0.9134,0,-0.0872,22.5476,3.6709,1]},
{"frame":20,"values":[0.9958,0.0799,0.0452,0,-0.0508,0.8899,-0.4534,0,-0.0764,0.4492,0.8902,0,-0.0872,22.5476,3.6709,1]},
{"frame":21,"values":[0.994,0.0967,0.051,0,-0.0614,0.8797,-0.4715,0,-0.0905,0.4656,0.8804,0,-0.0872,22.5476,3.6709,1]},
{"frame":22,"values":[0.9916,0.105,0.0752,0,-0.0633,0.9026,-0.4259,0,-0.1126,0.4175,0.9017,0,-0.0872,22.5476,3.6709,1]},
{"frame":23,"values":[0.9924,0.1012,0.0705,0,-0.0686,0.9278,-0.3667,0,-0.1025,0.359,0.9277,0,-0.0872,22.5476,3.6709,1]},
{"frame":24,"values":[0.9982,0.0556,0.0203,0,-0.0434,0.9205,-0.3884,0,-0.0402,0.3868,0.9213,0,-0.0872,22.5476,3.6709,1]},
{"frame":25,"values":[0.9996,0.0272,-0.0073,0,-0.0278,0.9097,-0.4142,0,-0.0046,0.4143,0.9101,0,-0.0872,22.5476,3.6709,1]},
{"frame":26,"values":[0.9956,0.0771,0.0534,0,-0.051,0.9231,-0.3811,0,-0.0787,0.3767,0.923,0,-0.0872,22.5476,3.6709,1]},
{"frame":27,"values":[0.9804,0.1223,0.1546,0,-0.081,0.9649,-0.2499,0,-0.1797,0.2325,0.9559,0,-0.0872,22.5476,3.6709,1]},
{"frame":28,"values":[0.9976,0.0058,0.0692,0,-0.0019,0.9984,-0.0563,0,-0.0694,0.056,0.996,0,-0.0872,22.5476,3.6709,1]},
{"frame":29,"values":[0.9998,-0.0012,-0.0192,0,0.0014,0.9999,0.0137,0,0.0191,-0.0137,0.9997,0,-0.0872,22.5476,3.6709,1]},
{"frame":30,"values":[0.9982,0.0458,0.0381,0,-0.0464,0.9988,0.0156,0,-0.0373,-0.0173,0.9992,0,-0.0872,22.5476,3.6709,1]},
{"frame":31,"values":[0.9948,0.0405,0.0934,0,-0.0359,0.9981,-0.0503,0,-0.0953,0.0467,0.9944,0,-0.0872,22.5476,3.6709,1]},
{"frame":32,"values":[0.9978,0.0067,0.0653,0,0.0014,0.9924,-0.1234,0,-0.0657,0.1233,0.9902,0,-0.0872,22.5477,3.6709,1]},
{"frame":33,"values":[0.999,0.0249,0.0363,0,-0.0181,0.9839,-0.178,0,-0.0401,0.1772,0.9834,0,-0.0872,22.5476,3.6709,1]},
{"frame":34,"values":[0.9986,0.0432,0.0318,0,-0.0354,0.9758,-0.2159,0,-0.0404,0.2145,0.9759,0,-0.0872,22.5476,3.6709,1]},
{"frame":35,"values":[0.9987,0.047,0.0184,0,-0.0412,0.9701,-0.2391,0,-0.029,0.238,0.9708,0,-0.0872,22.5476,3.6709,1]},
{"frame":36,"values":[0.9987,0.0501,-0.0001,0,-0.0485,0.9666,-0.2517,0,-0.0125,0.2514,0.9678,0,-0.0872,22.5476,3.6709,1]},
{"frame":37,"values":[0.9989,0.0432,-0.0173,0,-0.0463,0.9641,-0.2614,0,0.0054,0.2619,0.9651,0,-0.0872,22.5476,3.6709,1]},
{"frame":38,"values":[0.9987,0.0435,-0.0274,0,-0.0492,0.9635,-0.2632,0,0.0149,0.2642,0.9643,0,-0.0872,22.5476,3.6709,1]},
{"frame":39,"values":[0.9985,0.049,-0.0233,0,-0.0534,0.9637,-0.2617,0,0.0096,0.2626,0.9649,0,-0.0872,22.5476,3.6709,1]},
{"frame":40,"values":[0.9988,0.0498,-0.003,0,-0.0489,0.9646,-0.2592,0,-0.01,0.259,0.9658,0,-0.0872,22.5476,3.6709,1]},
{"frame":41,"values":[0.9988,0.0462,0.0157,0,-0.0405,0.9641,-0.2625,0,-0.0273,0.2616,0.9648,0,-0.0872,22.5476,3.6709,1]},
{"frame":42,"values":[0.9996,0.0183,0.0205,0,-0.0121,0.9627,-0.2701,0,-0.0247,0.2698,0.9626,0,-0.0872,22.5476,3.6709,1]},
{"frame":43,"values":[0.9995,0.0085,0.0294,0,0,0.9607,-0.2776,0,-0.0306,0.2775,0.9602,0,-0.0872,22.5476,3.6709,1]}],"loopBehavior":1,"name":"anim","property":"_matrix"}},
{"name":"mixamorig:HeadTop_End","index":6,"matrix":[1,0,0,0,0,1,0,0,0,0,1,0,-0.8306,40.3552,7.8935,1],"rest":[1,0,0,0,0,1,0,0,0,0,1,0,-0.8306,40.3552,7.8935,1],"parentBoneIndex":5,"length":30.5923
,"animation":{"dataType":3,"framePerSecond":24,"keys":[
{"frame":1,"values":[1,0,0,0,0,1,0,0,0,0,1,0,-0.8306,40.3552,7.8935,1]},
{"frame":4,"values":[1,0,0,0,0,1,0,0,0,0,1,0,-0.8306,40.3551,7.8935,1]},
{"frame":5,"values":[1,0,0,0,0,1,0,0,0,0,1,0,-0.8306,40.3552,7.8935,1]},
{"frame":31,"values":[1,0,0,0,0,1,0,0,0,0,1,0,-0.8306,40.3553,7.8935,1]},
{"frame":32,"values":[1,0,0,0,0,1,0,0,0,0,1,0,-0.8306,40.3552,7.8935,1]},
{"frame":33,"values":[1,0,0,0,0,1,0,0,0,0,1,0,-0.8306,40.3551,7.8935,1]},
{"frame":34,"values":[1,0,0,0,0,1,0,0,0,0,1,0,-0.8306,40.3552,7.8935,1]},
{"frame":43,"values":[1,0,0,0,0,1,0,0,0,0,1,0,-0.8306,40.3552,7.8935,1]}],"loopBehavior":1,"name":"anim","property":"_matrix"}},
{"name":"mixamorig:RightEye","index":7,"matrix":[1,0,0,0,0,1,0,0,0,0,1,0,-6.3021,18.1186,16.1971,1],"rest":[1,0,0,0,0,1,0,0,0,0,1,0,-6.3021,18.1186,16.1971,1],"parentBoneIndex":5,"length":30.5923
,"animation":{"dataType":3,"framePerSecond":24,"keys":[
{"frame":1,"values":[1,0,0,0,0,1,0,0,0,0,1,0,-6.3021,18.1186,16.1971,1]},
{"frame":4,"values":[1,0,0,0,0,1,0,0,0,0,1,0,-6.3021,18.1185,16.1971,1]},
{"frame":5,"values":[1,0,0,0,0,1,0,0,0,0,1,0,-6.3021,18.1186,16.1971,1]},
{"frame":9,"values":[1,0,0,0,0,1,0,0,0,0,1,0,-6.3021,18.1185,16.1971,1]},
{"frame":10,"values":[1,0,0,0,0,1,0,0,0,0,1,0,-6.3021,18.1186,16.1971,1]},
{"frame":33,"values":[1,0,0,0,0,1,0,0,0,0,1,0,-6.3021,18.1185,16.1971,1]},
{"frame":34,"values":[1,0,0,0,0,1,0,0,0,0,1,0,-6.3021,18.1186,16.1971,1]},
{"frame":43,"values":[1,0,0,0,0,1,0,0,0,0,1,0,-6.3021,18.1186,16.1971,1]}],"loopBehavior":1,"name":"anim","property":"_matrix"}},
{"name":"mixamorig:LeftEye","index":8,"matrix":[1,0,0,0,0,1,0,0,0,0,1,0,6.7415,18.3827,16.4019,1],"rest":[1,0,0,0,0,1,0,0,0,0,1,0,6.7415,18.3827,16.4019,1],"parentBoneIndex":5,"length":30.5923
,"animation":{"dataType":3,"framePerSecond":24,"keys":[
{"frame":1,"values":[1,0,0,0,0,1,0,0,0,0,1,0,6.7415,18.3827,16.4019,1]},
{"frame":6,"values":[1,0,0,0,0,1,0,0,0,0,1,0,6.7415,18.3826,16.4019,1]},
{"frame":7,"values":[1,0,0,0,0,1,0,0,0,0,1,0,6.7415,18.3827,16.4019,1]},
{"frame":17,"values":[1,0,0,0,0,1,0,0,0,0,1,0,6.7415,18.3827,16.4018,1]},
{"frame":18,"values":[1,0,0,0,0,1,0,0,0,0,1,0,6.7415,18.3827,16.4019,1]},
{"frame":29,"values":[1,0,0,0,0,1,0,0,0,0,1,0,6.7415,18.3826,16.4019,1]},
{"frame":30,"values":[1,0,0,0,0,1,0,0,0,0,1,0,6.7415,18.3827,16.4019,1]},
{"frame":31,"values":[1,0,0,0,0,1,0,0,0,0,1,0,6.7415,18.3828,16.4019,1]},
{"frame":32,"values":[1,0,0,0,0,1,0,0,0,0,1,0,6.7415,18.3827,16.4019,1]},
{"frame":33,"values":[1,0,0,0,0,1,0,0,0,0,1,0,6.7415,18.3826,16.4019,1]},
{"frame":34,"values":[1,0,0,0,0,1,0,0,0,0,1,0,6.7415,18.3827,16.4019,1]},
{"frame":43,"values":[1,0,0,0,0,1,0,0,0,0,1,0,6.7415,18.3827,16.4019,1]}],"loopBehavior":1,"name":"anim","property":"_matrix"}},
{"name":"mixamorig:LeftShoulder","index":9,"matrix":[0.9787,-0.1215,0.1653,0,0.1108,0.9912,0.0728,0,-0.1727,-0.053,0.9835,0,11.9249,18.2305,1.4254,1],"rest":[1,0.0062,0,0,-0.0062,1,0,0,0,0,1,0,11.9249,18.2305,1.4254,1],"parentBoneIndex":3,"length":25.9773
,"animation":{"dataType":3,"framePerSecond":24,"keys":[
{"frame":1,"values":[0.9787,-0.1215,0.1653,0,0.1108,0.9912,0.0728,0,-0.1727,-0.053,0.9835,0,11.9249,18.2305,1.4254,1]},
{"frame":2,"values":[0.9787,-0.1209,0.1657,0,0.1102,0.9912,0.0728,0,-0.1731,-0.0529,0.9835,0,11.9249,18.2305,1.4254,1]},
{"frame":3,"values":[0.9789,-0.1178,0.1671,0,0.1069,0.9916,0.0724,0,-0.1742,-0.053,0.9833,0,11.9249,18.2305,1.4254,1]},
{"frame":4,"values":[0.9788,-0.0992,0.1793,0,0.0879,0.9937,0.07,0,-0.1851,-0.0527,0.9813,0,11.9249,18.2305,1.4254,1]},
{"frame":5,"values":[0.9759,-0.0288,0.2163,0,0.0163,0.9981,0.0591,0,-0.2176,-0.0541,0.9745,0,11.9249,18.2305,1.4254,1]},
{"frame":6,"values":[0.9444,0.1353,0.2997,0,-0.1491,0.9885,0.0235,0,-0.293,-0.0669,0.9538,0,11.9249,18.2305,1.4254,1]},
{"frame":7,"values":[0.9105,0.2302,0.3436,0,-0.2435,0.9699,-0.0044,0,-0.3342,-0.0797,0.9391,0,11.9249,18.2305,1.4254,1]},
{"frame":8,"values":[0.9309,0.1915,0.3111,0,-0.2042,0.9789,0.0087,0,-0.3028,-0.0716,0.9504,0,11.9249,18.2305,1.4254,1]},
{"frame":9,"values":[0.9484,0.1674,0.2692,0,-0.1783,0.9838,0.0163,0,-0.2622,-0.0635,0.9629,0,11.9249,18.2305,1.4254,1]},
{"frame":10,"values":[0.9755,0.1123,0.1892,0,-0.1193,0.9925,0.0262,0,-0.1848,-0.0481,0.9816,0,11.9249,18.2305,1.4254,1]},
{"frame":11,"values":[0.9795,0.0993,0.1755,0,-0.105,0.9942,0.0235,0,-0.1722,-0.0414,0.9842,0,11.9249,18.2305,1.4254,1]},
{"frame":12,"values":[0.972,0.1218,0.2011,0,-0.1272,0.9918,0.014,0,-0.1977,-0.0392,0.9795,0,11.9249,18.2305,1.4254,1]},
{"frame":13,"values":[0.974,0.1277,0.1872,0,-0.1319,0.9912,0.0096,0,-0.1843,-0.034,0.9823,0,11.9249,18.2305,1.4254,1]},
{"frame":14,"values":[0.9748,0.1262,0.1841,0,-0.13,0.9915,0.0088,0,-0.1814,-0.0326,0.9829,0,11.9249,18.2305,1.4254,1]},
{"frame":15,"values":[0.9763,0.1153,0.1832,0,-0.1191,0.9928,0.0102,0,-0.1807,-0.0317,0.983,0,11.9249,18.2305,1.4254,1]},
{"frame":16,"values":[0.9763,0.1184,0.1813,0,-0.1222,0.9925,0.0098,0,-0.1788,-0.0317,0.9834,0,11.9249,18.2305,1.4254,1]},
{"frame":17,"values":[0.9781,0.1111,0.1758,0,-0.1147,0.9933,0.0106,0,-0.1735,-0.0305,0.9844,0,11.9249,18.2305,1.4254,1]},
{"frame":18,"values":[0.9778,0.113,0.1763,0,-0.1166,0.9931,0.0104,0,-0.174,-0.0307,0.9843,0,11.9249,18.2305,1.4254,1]},
{"frame":19,"values":[0.9764,0.1088,0.1864,0,-0.1128,0.9936,0.011,0,-0.184,-0.0318,0.9824,0,11.9249,18.2305,1.4254,1]},
{"frame":20,"values":[0.9728,0.1057,0.206,0,-0.1104,0.9938,0.0117,0,-0.2035,-0.0341,0.9785,0,11.9249,18.2305,1.4254,1]},
{"frame":21,"values":[0.9668,0.1062,0.2323,0,-0.112,0.9936,0.012,0,-0.2295,-0.0376,0.9726,0,11.9249,18.2305,1.4254,1]},
