{"producer":{"name":"Blender","version":"2.90.0","exporter_version":"2.80.1","file":"option_look.babylon"},
"autoClear":true,"clearColor":[0.0509,0.0509,0.0509],"gravity":[0,-9.81,0],
"materials":[{"name":"Material","id":"Material","customType":"BABYLON.PBRMaterial","backFaceCulling":true,"checkReadyOnlyOnce":false,"maxSimultaneousLights":4,"environmentIntensity":1,"albedo":[0.8,0.8,0.8],"reflectivity":[0.5,0.5,0.5],"roughness":0.4,"alpha":1,"transparencyMode":0,"alphaCutOff":0.4,"metallic":0}],
"multiMaterials":[],
"skeletons":[{"name":"Armature","id":0,"dimensionsAtRest":[379.1952,391.6652,55.677],"bones":[
{"name":"mixamorig:Hips","index":0,"matrix":[0.9992,-0.0114,0.0382,0,0.0113,0.9999,0.0007,0,0.0382,0.0002,-0.9993,0,-0.0375,201.6504,0.1327,1],"rest":[1,0,0,0,0,1,0,0,0,0,-1,0,0,201.6394,0,1],"parentBoneIndex":-1,"length":21.6784
,"animation":{"dataType":3,"framePerSecond":24,"keys":[
{"frame":1,"values":[0.9992,-0.0114,0.0382,0,0.0113,0.9999,0.0007,0,0.0382,0.0002,-0.9993,0,-0.0375,201.6504,0.1327,1]},
{"frame":2,"values":[0.9992,-0.0113,0.0384,0,0.0113,0.9999,0.0015,0,0.0384,0.001,-0.9993,0,-0.1016,201.6559,-0.0577,1]},
{"frame":3,"values":[0.9992,-0.0111,0.0393,0,0.011,0.9999,0.0019,0,0.0393,0.0014,-0.9992,0,-0.1705,201.6624,-0.2273,1]},
{"frame":4,"values":[0.9991,-0.0109,0.0405,0,0.0108,0.9999,0.0023,0,0.0405,0.0018,-0.9992,0,-0.169,201.6255,-0.3968,1]},
{"frame":5,"values":[0.9991,-0.0106,0.0416,0,0.0105,0.9999,0.0027,0,0.0416,0.0023,-0.9991,0,-0.1518,201.5835,-0.5763,1]},
{"frame":6,"values":[0.9991,-0.0101,0.0421,0,0.01,0.9999,0.0028,0,0.0422,0.0024,-0.9991,0,-0.1267,201.5538,-0.7481,1]},
{"frame":7,"values":[0.9991,-0.0096,0.0424,0,0.0095,1,0.0028,0,0.0424,0.0024,-0.9991,0,-0.1047,201.5257,-0.9075,1]},
{"frame":8,"values":[0.999,-0.0093,0.0426,0,0.0092,1,0.0026,0,0.0426,0.0023,-0.9991,0,-0.0849,201.4929,-1.0659,1]},
{"frame":9,"values":[0.999,-0.0086,0.0429,0,0.0085,1,0.0018,0,0.0429,0.0014,-0.9991,0,-0.013,201.4682,-1.195,1]},
{"frame":10,"values":[0.9991,-0.0069,0.0425,0,0.0069,1,-0.0001,0,0.0425,-0.0004,-0.9991,0,0.1409,201.4604,-1.2665,1]},
{"frame":11,"values":[0.9992,-0.0055,0.0404,0,0.0056,1,-0.0013,0,0.0404,-0.0015,-0.9992,0,0.2978,201.4459,-1.3159,1]},
{"frame":12,"values":[0.9993,-0.0051,0.037,0,0.0052,1,-0.0012,0,0.037,-0.0014,-0.9993,0,0.4142,201.4176,-1.3631,1]},
{"frame":13,"values":[0.9994,-0.0048,0.0333,0,0.0049,1,-0.0008,0,0.0333,-0.001,-0.9994,0,0.5242,201.384,-1.4045,1]},
{"frame":14,"values":[0.9995,-0.0038,0.0301,0,0.0038,1,-0.0009,0,0.0301,-0.001,-0.9995,0,0.6516,201.3598,-1.4399,1]},
{"frame":15,"values":[0.9996,-0.0019,0.0278,0,0.002,1,-0.0017,0,0.0278,-0.0018,-0.9996,0,0.7705,201.3111,-1.4659,1]},
{"frame":16,"values":[0.9996,0.0002,0.0275,0,-0.0001,1,-0.0037,0,0.0275,-0.0037,-0.9996,0,0.8538,201.2588,-1.5035,1]},
{"frame":17,"values":[0.9996,0.0032,0.0294,0,-0.003,1,-0.0066,0,0.0295,-0.0065,-0.9995,0,0.9009,201.2055,-1.5882,1]},
{"frame":18,"values":[0.9994,0.0069,0.034,0,-0.0066,0.9999,-0.0097,0,0.0341,-0.0095,-0.9994,0,0.9132,201.15,-1.7354,1]},
{"frame":19,"values":[0.9991,0.0103,0.0414,0,-0.0098,0.9999,-0.0127,0,0.0416,-0.0123,-0.9991,0,0.8655,201.0918,-1.9332,1]},
{"frame":20,"values":[0.9986,0.0132,0.0514,0,-0.0124,0.9998,-0.0156,0,0.0516,-0.0149,-0.9986,0,0.7654,201.0342,-2.1585,1]},
{"frame":21,"values":[0.9979,0.0158,0.0625,0,-0.0147,0.9997,-0.0183,0,0.0628,-0.0174,-0.9979,0,0.6443,200.9796,-2.3926,1]},
{"frame":22,"values":[0.9971,0.0181,0.0735,0,-0.0167,0.9996,-0.0208,0,0.0738,-0.0196,-0.9971,0,0.4896,200.9291,-2.6188,1]},
{"frame":23,"values":[0.9963,0.0201,0.0835,0,-0.0182,0.9996,-0.0234,0,0.0839,-0.0218,-0.9962,0,0.3075,200.884,-2.8257,1]},
{"frame":24,"values":[0.9954,0.0217,0.0928,0,-0.0194,0.9995,-0.0261,0,0.0933,-0.0242,-0.9953,0,0.1235,200.845,-3.0097,1]},
{"frame":25,"values":[0.9945,0.0231,0.102,0,-0.0203,0.9994,-0.0288,0,0.1026,-0.0266,-0.9944,0,-0.0547,200.8128,-3.1621,1]},
{"frame":26,"values":[0.9935,0.0245,0.1113,0,-0.021,0.9993,-0.032,0,0.112,-0.0294,-0.9933,0,-0.2148,200.7878,-3.284,1]},
{"frame":27,"values":[0.9923,0.0259,0.1209,0,-0.0217,0.9991,-0.0358,0,0.1217,-0.0329,-0.992,0,-0.3427,200.7703,-3.402,1]},
{"frame":28,"values":[0.9911,0.027,0.1306,0,-0.022,0.999,-0.0399,0,0.1316,-0.0366,-0.9906,0,-0.4372,200.7609,-3.5413,1]},
{"frame":29,"values":[0.9898,0.0277,0.1398,0,-0.0217,0.9988,-0.0438,0,0.1408,-0.0403,-0.9892,0,-0.5061,200.7594,-3.7089,1]},
{"frame":30,"values":[0.9887,0.0278,0.1475,0,-0.021,0.9987,-0.0472,0,0.1487,-0.0435,-0.9879,0,-0.563,200.7641,-3.9003,1]},
{"frame":31,"values":[0.9877,0.0278,0.1537,0,-0.0203,0.9985,-0.0501,0,0.1549,-0.0463,-0.9868,0,-0.6094,200.773,-4.0983,1]},
{"frame":32,"values":[0.9869,0.028,0.1586,0,-0.02,0.9984,-0.0523,0,0.1598,-0.0484,-0.986,0,-0.6296,200.7843,-4.2942,1]},
{"frame":33,"values":[0.9862,0.0283,0.163,0,-0.0198,0.9984,-0.0534,0,0.1643,-0.0495,-0.9852,0,-0.6092,200.7967,-4.5055,1]},
{"frame":34,"values":[0.9855,0.0276,0.1676,0,-0.0187,0.9984,-0.054,0,0.1688,-0.0501,-0.9844,0,-0.5779,200.8119,-4.7313,1]},
{"frame":35,"values":[0.9848,0.0253,0.172,0,-0.0161,0.9984,-0.0547,0,0.1731,-0.0511,-0.9836,0,-0.5383,200.8316,-4.9362,1]},
{"frame":36,"values":[0.9842,0.0219,0.1755,0,-0.0123,0.9984,-0.0555,0,0.1765,-0.0525,-0.9829,0,-0.4886,200.8531,-5.1027,1]},
{"frame":37,"values":[0.9839,0.0184,0.1777,0,-0.0085,0.9984,-0.0562,0,0.1785,-0.0538,-0.9825,0,-0.4392,200.8734,-5.2358,1]},
{"frame":38,"values":[0.9837,0.0153,0.179,0,-0.0052,0.9984,-0.057,0,0.1795,-0.0552,-0.9822,0,-0.3927,200.8925,-5.3403,1]},
{"frame":39,"values":[0.9836,0.0129,0.1797,0,-0.0025,0.9983,-0.058,0,0.1802,-0.0566,-0.982,0,-0.3477,200.9077,-5.4092,1]},
{"frame":40,"values":[0.9836,0.0105,0.1798,0,0.0001,0.9983,-0.0589,0,0.1801,-0.0579,-0.9819,0,-0.2936,200.9163,-5.4367,1]},
{"frame":41,"values":[0.9839,0.0075,0.1786,0,0.0031,0.9982,-0.0591,0,0.1787,-0.0587,-0.9821,0,-0.2025,200.8867,-5.4241,1]},
{"frame":42,"values":[0.9842,0.0043,0.177,0,0.0064,0.9982,-0.0598,0,0.177,-0.06,-0.9824,0,-0.1131,200.8398,-5.3577,1]},
{"frame":43,"values":[0.9843,0.0019,0.1765,0,0.0091,0.9981,-0.0617,0,0.1763,-0.0623,-0.9824,0,0.0229,200.8053,-5.2318,1]},
{"frame":44,"values":[0.9843,0,0.1764,0,0.0115,0.9979,-0.064,0,0.176,-0.0651,-0.9822,0,0.1884,200.7764,-5.0631,1]},
{"frame":45,"values":[0.9844,-0.0023,0.176,0,0.0142,0.9977,-0.0661,0,0.1755,-0.0676,-0.9822,0,0.351,200.7411,-4.8703,1]},
{"frame":46,"values":[0.9844,-0.0047,0.176,0,0.0169,0.9976,-0.0679,0,0.1753,-0.0698,-0.982,0,0.4933,200.7038,-4.6755,1]},
{"frame":47,"values":[0.9842,-0.0069,0.1767,0,0.0194,0.9974,-0.0693,0,0.1758,-0.0717,-0.9818,0,0.6244,200.6709,-4.4919,1]},
{"frame":48,"values":[0.9841,-0.0091,0.1776,0,0.0219,0.9973,-0.0704,0,0.1765,-0.0732,-0.9816,0,0.7455,200.6371,-4.3023,1]},
{"frame":49,"values":[0.9839,-0.0117,0.1786,0,0.0248,0.9971,-0.0713,0,0.1772,-0.0746,-0.9813,0,0.8389,200.5954,-4.0859,1]},
{"frame":50,"values":[0.9836,-0.0144,0.1798,0,0.0279,0.997,-0.0725,0,0.1782,-0.0763,-0.981,0,0.91,200.55,-3.8477,1]},
{"frame":51,"values":[0.9833,-0.0168,0.1814,0,0.0307,0.9968,-0.0742,0,0.1796,-0.0786,-0.9806,0,0.9843,200.5094,-3.5932,1]},
{"frame":52,"values":[0.9829,-0.0189,0.1832,0,0.0334,0.9965,-0.0764,0,0.1811,-0.0812,-0.9801,0,1.0598,200.4723,-3.3199,1]},
{"frame":53,"values":[0.9826,-0.0214,0.1846,0,0.0365,0.9962,-0.0785,0,0.1823,-0.0839,-0.9797,0,1.1203,200.4256,-3.0355,1]},
{"frame":54,"values":[0.9822,-0.024,0.1861,0,0.0397,0.9959,-0.0811,0,0.1833,-0.0871,-0.9792,0,1.1691,200.3778,-2.7397,1]},
{"frame":55,"values":[0.9818,-0.0262,0.1879,0,0.0427,0.9955,-0.0844,0,0.1848,-0.0909,-0.9786,0,1.2187,200.3398,-2.4363,1]},
{"frame":56,"values":[0.9814,-0.0282,0.1897,0,0.0455,0.9951,-0.0874,0,0.1863,-0.0944,-0.9779,0,1.2726,200.304,-2.1469,1]},
{"frame":57,"values":[0.9811,-0.0305,0.1912,0,0.0484,0.9948,-0.0894,0,0.1875,-0.097,-0.9775,0,1.3262,200.26,-1.8796,1]},
{"frame":58,"values":[0.9807,-0.0329,0.193,0,0.0512,0.9945,-0.091,0,0.1889,-0.0991,-0.977,0,1.3835,200.2162,-1.6313,1]},
{"frame":59,"values":[0.9802,-0.0354,0.1949,0,0.0542,0.9943,-0.0921,0,0.1905,-0.1009,-0.9765,0,1.449,200.1775,-1.4112,1]},
{"frame":60,"values":[0.9798,-0.0381,0.1964,0,0.0572,0.9941,-0.0927,0,0.1917,-0.102,-0.9761,0,1.5208,200.1399,-1.2315,1]},
{"frame":61,"values":[0.9795,-0.0407,0.1972,0,0.0599,0.9939,-0.0924,0,0.1922,-0.1023,-0.976,0,1.5967,200.1041,-1.0896,1]},
{"frame":62,"values":[0.9794,-0.0429,0.1975,0,0.062,0.9938,-0.0918,0,0.1923,-0.1022,-0.976,0,1.6771,200.0771,-0.9739,1]},
{"frame":63,"values":[0.9792,-0.0445,0.1978,0,0.0636,0.9938,-0.0913,0,0.1925,-0.102,-0.976,0,1.7564,200.063,-0.879,1]},
{"frame":64,"values":[0.9791,-0.0456,0.1983,0,0.0647,0.9938,-0.0909,0,0.193,-0.1018,-0.9759,0,1.8304,200.0585,-0.8016,1]},
{"frame":65,"values":[0.979,-0.0465,0.1987,0,0.0655,0.9938,-0.0901,0,0.1932,-0.1013,-0.9759,0,1.9,200.0562,-0.728,1]},
{"frame":66,"values":[0.9789,-0.0474,0.1988,0,0.0662,0.9938,-0.0892,0,0.1933,-0.1005,-0.976,0,1.9616,200.0532,-0.6462,1]},
{"frame":67,"values":[0.9788,-0.048,0.199,0,0.0667,0.9939,-0.0883,0,0.1935,-0.0997,-0.976,0,2.0115,200.0574,-0.5557,1]},
{"frame":68,"values":[0.9788,-0.0484,0.1991,0,0.0669,0.9939,-0.0874,0,0.1937,-0.0989,-0.9761,0,2.0466,200.0715,-0.4632,1]},
{"frame":69,"values":[0.9788,-0.0488,0.1988,0,0.0671,0.994,-0.0866,0,0.1933,-0.0981,-0.9762,0,2.0627,200.0846,-0.3678,1]},
{"frame":70,"values":[0.979,-0.0493,0.1979,0,0.0674,0.994,-0.0858,0,0.1925,-0.0974,-0.9764,0,2.0632,200.0918,-0.2628,1]},
{"frame":71,"values":[0.9792,-0.05,0.1969,0,0.0679,0.9941,-0.0851,0,0.1914,-0.0967,-0.9767,0,2.0507,200.0958,-0.1546,1]},
{"frame":72,"values":[0.9794,-0.0508,0.1955,0,0.0685,0.9941,-0.0844,0,0.1901,-0.0961,-0.9771,0,2.0284,200.0993,-0.0555,1]},
{"frame":73,"values":[0.9797,-0.0516,0.1939,0,0.069,0.9941,-0.0839,0,0.1884,-0.0956,-0.9774,0,2.0003,200.101,0.0321,1]},
{"frame":74,"values":[0.98,-0.0524,0.1921,0,0.0696,0.9941,-0.0836,0,0.1866,-0.0953,-0.9778,0,1.9626,200.0982,0.1125,1]},
{"frame":75,"values":[0.9803,-0.0535,0.1902,0,0.0705,0.994,-0.0838,0,0.1845,-0.0956,-0.9782,0,1.9088,200.0914,0.1937,1]},
{"frame":76,"values":[0.9807,-0.0549,0.1879,0,0.0718,0.9938,-0.0848,0,0.1821,-0.0967,-0.9785,0,1.8449,200.0838,0.2692,1]},
{"frame":77,"values":[0.9811,-0.0562,0.1852,0,0.0731,0.9936,-0.0858,0,0.1792,-0.0977,-0.9789,0,1.7901,200.074,0.3115,1]},
{"frame":78,"values":[0.9816,-0.0572,0.1823,0,0.0739,0.9935,-0.0862,0,0.1762,-0.0981,-0.9795,0,1.7546,200.058,0.3217,1]},
{"frame":79,"values":[0.9821,-0.0578,0.1794,0,0.0742,0.9935,-0.086,0,0.1733,-0.0978,-0.98,0,1.7354,200.0432,0.3282,1]},
{"frame":80,"values":[0.9824,-0.0581,0.1773,0,0.0742,0.9936,-0.0856,0,0.1711,-0.0973,-0.9804,0,1.731,200.0417,0.342,1]},
{"frame":81,"values":[0.9827,-0.0582,0.1759,0,0.0741,0.9936,-0.085,0,0.1698,-0.0966,-0.9807,0,1.7401,200.0491,0.3551,1]},
{"frame":82,"values":[0.9828,-0.0585,0.1752,0,0.0742,0.9937,-0.0843,0,0.1691,-0.0959,-0.9809,0,1.7596,200.0608,0.3673,1]},
{"frame":83,"values":[0.9829,-0.0589,0.1746,0,0.0744,0.9937,-0.0835,0,0.1686,-0.0951,-0.9811,0,1.7914,200.0732,0.3882,1]},
{"frame":84,"values":[0.983,-0.059,0.1739,0,0.0743,0.9938,-0.0829,0,0.168,-0.0944,-0.9813,0,1.8442,200.0821,0.4214,1]},
{"frame":85,"values":[0.9832,-0.059,0.1729,0,0.0741,0.9938,-0.0823,0,0.167,-0.0938,-0.9815,0,1.9103,200.0875,0.4592,1]},
{"frame":86,"values":[0.9833,-0.0593,0.1718,0,0.0742,0.9939,-0.0816,0,0.1659,-0.093,-0.9817,0,1.9638,200.0817,0.4952,1]},
{"frame":87,"values":[0.9835,-0.0601,0.1707,0,0.0747,0.9939,-0.0807,0,0.1648,-0.0921,-0.982,0,2.0097,200.067,0.5262,1]},
{"frame":88,"values":[0.9836,-0.061,0.1695,0,0.0754,0.994,-0.0796,0,0.1636,-0.0911,-0.9823,0,2.0674,200.0577,0.544,1]},
{"frame":89,"values":[0.9837,-0.0621,0.1685,0,0.0762,0.994,-0.0783,0,0.1626,-0.0899,-0.9826,0,2.1333,200.0685,0.5276,1]},
{"frame":90,"values":[0.9838,-0.0632,0.1675,0,0.0768,0.9941,-0.0761,0,0.1617,-0.0878,-0.9829,0,2.2279,200.0992,0.4447,1]},
{"frame":91,"values":[0.9841,-0.0642,0.1655,0,0.0771,0.9944,-0.0728,0,0.1599,-0.0844,-0.9835,0,2.3828,200.1281,0.282,1]},
{"frame":92,"values":[0.9847,-0.0646,0.162,0,0.0765,0.9947,-0.0687,0,0.1567,-0.08,-0.9844,0,2.5889,200.1685,0.0586,1]},
{"frame":93,"values":[0.9854,-0.0647,0.1574,0,0.0756,0.9951,-0.0641,0,0.1525,-0.0751,-0.9854,0,2.8275,200.2403,-0.1921,1]},
{"frame":94,"values":[0.9862,-0.0643,0.1524,0,0.0741,0.9955,-0.0592,0,0.1479,-0.0697,-0.9865,0,3.075,200.3008,-0.4499,1]},
{"frame":95,"values":[0.987,-0.0638,0.1472,0,0.0725,0.9959,-0.0541,0,0.1431,-0.0641,-0.9876,0,3.3085,200.3711,-0.7302,1]},
{"frame":96,"values":[0.988,-0.0631,0.1411,0,0.0706,0.9963,-0.0488,0,0.1375,-0.0582,-0.9888,0,3.5063,200.4497,-1.0582,1]},
{"frame":97,"values":[0.989,-0.0623,0.1341,0,0.0686,0.9967,-0.0433,0,0.1309,-0.052,-0.99,0,3.6592,200.5348,-1.3971,1]},
{"frame":98,"values":[0.9902,-0.0612,0.1258,0,0.0664,0.9971,-0.0378,0,0.1231,-0.0457,-0.9913,0,3.7578,200.6246,-1.7033,1]},
{"frame":99,"values":[0.9914,-0.06,0.1159,0,0.0641,0.9974,-0.0323,0,0.1137,-0.0394,-0.9927,0,3.7996,200.7167,-1.9687,1]},
{"frame":100,"values":[0.9927,-0.0588,0.1054,0,0.062,0.9977,-0.027,0,0.1036,-0.0333,-0.9941,0,3.7802,200.8096,-2.1865,1]},
{"frame":101,"values":[0.9937,-0.0573,0.0958,0,0.0597,0.998,-0.022,0,0.0944,-0.0276,-0.9952,0,3.7233,200.9018,-2.356,1]},
{"frame":102,"values":[0.9946,-0.0549,0.0877,0,0.0567,0.9982,-0.0175,0,0.0866,-0.0224,-0.996,0,3.6551,200.9912,-2.4715,1]},
{"frame":103,"values":[0.9953,-0.0523,0.0812,0,0.0535,0.9985,-0.0135,0,0.0804,-0.0178,-0.9966,0,3.5218,201.0744,-2.5189,1]},
{"frame":104,"values":[0.9958,-0.0497,0.0767,0,0.0506,0.9987,-0.0102,0,0.0761,-0.0141,-0.997,0,3.2995,201.1405,-2.5021,1]},
{"frame":105,"values":[0.9962,-0.0466,0.0736,0,0.0473,0.9989,-0.0078,0,0.0731,-0.0112,-0.9973,0,2.9149,201.1832,-2.4418,1]},
{"frame":106,"values":[0.9966,-0.0427,0.0706,0,0.0432,0.999,-0.0061,0,0.0702,-0.0091,-0.9975,0,2.2542,201.2352,-2.2543,1]},
{"frame":107,"values":[0.997,-0.0381,0.0675,0,0.0385,0.9992,-0.0047,0,0.0673,-0.0073,-0.9977,0,1.6974,201.2948,-1.8784,1]},
{"frame":108,"values":[0.9974,-0.0336,0.0641,0,0.0338,0.9994,-0.0035,0,0.064,-0.0057,-0.9979,0,1.3131,201.3587,-1.4177,1]},
{"frame":109,"values":[0.9978,-0.0296,0.0599,0,0.0297,0.9996,-0.0024,0,0.0598,-0.0042,-0.9982,0,0.9783,201.4155,-0.9632,1]},
{"frame":110,"values":[0.9982,-0.0257,0.0551,0,0.0258,0.9997,-0.0014,0,0.055,-0.0028,-0.9985,0,0.7,201.4524,-0.5751,1]},
{"frame":111,"values":[0.9985,-0.0216,0.05,0,0.0217,0.9998,-0.0006,0,0.05,-0.0017,-0.9987,0,0.4887,201.4825,-0.2346,1]},
{"frame":112,"values":[0.9988,-0.0183,0.0454,0,0.0184,0.9998,0,0,0.0454,-0.0008,-0.999,0,0.3194,201.5374,0.0455,1]},
{"frame":113,"values":[0.999,-0.0161,0.0424,0,0.0161,0.9999,0.0003,0,0.0424,-0.0003,-0.9991,0,0.196,201.5681,0.1436,1]},
{"frame":114,"values":[0.9991,-0.0146,0.0409,0,0.0146,0.9999,0.0005,0,0.0409,-0.0001,-0.9992,0,0.1191,201.5593,0.1191,1]},
{"frame":115,"values":[0.9991,-0.0133,0.0397,0,0.0132,0.9999,0.0006,0,0.0397,0.0001,-0.9992,0,0.0552,201.5707,0.1255,1]},
{"frame":116,"values":[0.9992,-0.0122,0.0388,0,0.0122,0.9999,0.0006,0,0.0388,0.0002,-0.9992,0,0.003,201.6024,0.1292,1]},
{"frame":117,"values":[0.9992,-0.0114,0.0382,0,0.0113,0.9999,0.0006,0,0.0382,0.0002,-0.9993,0,-0.0374,201.6505,0.132,1]}],"loopBehavior":1,"name":"anim","property":"_matrix"}},
{"name":"mixamorig:Spine","index":1,"matrix":[0.9999,-0.014,-0.0099,0,0.014,0.9999,-0.0023,0,0.0099,0.0021,0.9999,0,0.0062,19.525,-2.4818,1],"rest":[1,0,0,0,0,1,0,0,0,0,1,0,0.0062,19.525,-2.4818,1],"parentBoneIndex":0,"length":23.0091
,"animation":{"dataType":3,"framePerSecond":24,"keys":[
{"frame":1,"values":[0.9999,-0.014,-0.0099,0,0.014,0.9999,-0.0023,0,0.0099,0.0021,0.9999,0,0.0062,19.525,-2.4818,1]},
{"frame":2,"values":[0.9999,-0.014,-0.0099,0,0.0139,0.9999,-0.0023,0,0.0099,0.0021,0.9999,0,0.0062,19.525,-2.4818,1]},
{"frame":3,"values":[0.9999,-0.0141,-0.0096,0,0.014,0.9999,-0.0023,0,0.0096,0.0021,1,0,0.0062,19.525,-2.4818,1]},
{"frame":4,"values":[0.9999,-0.0145,-0.0093,0,0.0145,0.9999,-0.0024,0,0.0094,0.0023,1,0,0.0062,19.525,-2.4818,1]},
{"frame":5,"values":[0.9998,-0.0149,-0.0092,0,0.0149,0.9999,-0.0026,0,0.0092,0.0025,1,0,0.0062,19.525,-2.4818,1]},
{"frame":6,"values":[0.9998,-0.0152,-0.009,0,0.0152,0.9999,-0.0027,0,0.009,0.0026,1,0,0.0062,19.525,-2.4818,1]},
{"frame":7,"values":[0.9998,-0.0153,-0.0088,0,0.0153,0.9999,-0.0027,0,0.0089,0.0025,1,0,0.0062,19.525,-2.4818,1]},
{"frame":8,"values":[0.9998,-0.0153,-0.0087,0,0.0153,0.9999,-0.0026,0,0.0088,0.0025,1,0,0.0062,19.525,-2.4818,1]},
{"frame":9,"values":[0.9998,-0.0151,-0.0087,0,0.0151,0.9999,-0.0027,0,0.0087,0.0026,1,0,0.0062,19.525,-2.4818,1]},
{"frame":10,"values":[0.9999,-0.0147,-0.0086,0,0.0147,0.9999,-0.003,0,0.0087,0.0028,1,0,0.0062,19.525,-2.4818,1]},
{"frame":11,"values":[0.9999,-0.0143,-0.0086,0,0.0142,0.9999,-0.0028,0,0.0087,0.0027,1,0,0.0062,19.525,-2.4818,1]},
{"frame":12,"values":[0.9999,-0.0139,-0.0086,0,0.0139,0.9999,-0.0023,0,0.0086,0.0021,1,0,0.0062,19.525,-2.4818,1]},
{"frame":13,"values":[0.9999,-0.0131,-0.0085,0,0.0131,0.9999,-0.0016,0,0.0085,0.0015,1,0,0.0062,19.525,-2.4818,1]},
{"frame":14,"values":[0.9999,-0.0117,-0.0085,0,0.0117,0.9999,-0.0011,0,0.0085,0.001,1,0,0.0062,19.525,-2.4818,1]},
{"frame":15,"values":[0.9999,-0.0103,-0.0087,0,0.0103,0.9999,-0.0005,0,0.0087,0.0005,1,0,0.0062,19.525,-2.4818,1]},
{"frame":16,"values":[0.9999,-0.0082,-0.0097,0,0.0082,1,0.0001,0,0.0097,-0.0002,1,0,0.0062,19.525,-2.4818,1]},
{"frame":17,"values":[0.9999,-0.0058,-0.0114,0,0.0058,1,0.0008,0,0.0114,-0.0009,0.9999,0,0.0062,19.525,-2.4818,1]},
{"frame":18,"values":[0.9999,-0.0032,-0.0134,0,0.0032,1,0.0014,0,0.0134,-0.0014,0.9999,0,0.0062,19.525,-2.4818,1]},
{"frame":19,"values":[0.9999,-0.0006,-0.0151,0,0.0006,1,0.002,0,0.0151,-0.002,0.9999,0,0.0062,19.525,-2.4818,1]},
{"frame":20,"values":[0.9999,0.0019,-0.0166,0,-0.0019,1,0.0028,0,0.0166,-0.0027,0.9999,0,0.0062,19.525,-2.4818,1]},
{"frame":21,"values":[0.9998,0.0042,-0.0183,0,-0.0041,1,0.0037,0,0.0184,-0.0036,0.9998,0,0.0062,19.525,-2.4818,1]},
{"frame":22,"values":[0.9998,0.0061,-0.0204,0,-0.006,1,0.0047,0,0.0204,-0.0046,0.9998,0,0.0062,19.525,-2.4818,1]},
{"frame":23,"values":[0.9997,0.0076,-0.0226,0,-0.0075,1,0.0059,0,0.0226,-0.0057,0.9997,0,0.0062,19.525,-2.4818,1]},
{"frame":24,"values":[0.9997,0.0088,-0.0247,0,-0.0086,0.9999,0.0072,0,0.0247,-0.007,0.9997,0,0.0062,19.525,-2.4818,1]},
{"frame":25,"values":[0.9996,0.0099,-0.0267,0,-0.0096,0.9999,0.0086,0,0.0268,-0.0083,0.9996,0,0.0062,19.525,-2.4818,1]},
{"frame":26,"values":[0.9995,0.0111,-0.0286,0,-0.0108,0.9999,0.0098,0,0.0287,-0.0095,0.9995,0,0.0062,19.525,-2.4818,1]},
{"frame":27,"values":[0.9995,0.0122,-0.0302,0,-0.0119,0.9999,0.0107,0,0.0303,-0.0104,0.9995,0,0.0062,19.525,-2.4818,1]},
{"frame":28,"values":[0.9994,0.0131,-0.0317,0,-0.0127,0.9999,0.0113,0,0.0318,-0.0109,0.9994,0,0.0062,19.525,-2.4818,1]},
{"frame":29,"values":[0.9994,0.0139,-0.0331,0,-0.0135,0.9998,0.0117,0,0.0332,-0.0112,0.9994,0,0.0062,19.525,-2.4818,1]},
{"frame":30,"values":[0.9993,0.0144,-0.0341,0,-0.014,0.9998,0.0118,0,0.0343,-0.0114,0.9993,0,0.0062,19.525,-2.4818,1]},
{"frame":31,"values":[0.9993,0.0145,-0.0349,0,-0.0141,0.9998,0.0119,0,0.0351,-0.0114,0.9993,0,0.0062,19.525,-2.4818,1]},
{"frame":32,"values":[0.9993,0.0143,-0.0357,0,-0.0138,0.9998,0.0122,0,0.0358,-0.0117,0.9993,0,0.0062,19.525,-2.4818,1]},
{"frame":33,"values":[0.9992,0.0138,-0.0364,0,-0.0133,0.9998,0.0127,0,0.0365,-0.0122,0.9993,0,0.0062,19.525,-2.4818,1]},
{"frame":34,"values":[0.9992,0.0132,-0.0369,0,-0.0127,0.9998,0.013,0,0.0371,-0.0125,0.9992,0,0.0062,19.525,-2.4818,1]},
{"frame":35,"values":[0.9992,0.0124,-0.0375,0,-0.0119,0.9998,0.0131,0,0.0376,-0.0126,0.9992,0,0.0062,19.525,-2.4818,1]},
{"frame":36,"values":[0.9992,0.0115,-0.038,0,-0.011,0.9999,0.0133,0,0.0381,-0.0129,0.9992,0,0.0062,19.525,-2.4818,1]},
{"frame":37,"values":[0.9992,0.0102,-0.0384,0,-0.0097,0.9999,0.0135,0,0.0386,-0.0132,0.9992,0,0.0062,19.525,-2.4818,1]},
{"frame":38,"values":[0.9992,0.0086,-0.0388,0,-0.0081,0.9999,0.0138,0,0.0389,-0.0134,0.9992,0,0.0062,19.525,-2.4818,1]},
{"frame":39,"values":[0.9992,0.0067,-0.0391,0,-0.0062,0.9999,0.014,0,0.0392,-0.0138,0.9991,0,0.0062,19.525,-2.4818,1]},
{"frame":40,"values":[0.9992,0.0047,-0.0392,0,-0.0041,0.9999,0.0145,0,0.0393,-0.0144,0.9991,0,0.0062,19.525,-2.4818,1]},
{"frame":41,"values":[0.9992,0.0022,-0.0393,0,-0.0016,0.9999,0.0152,0,0.0394,-0.0152,0.9991,0,0.0062,19.525,-2.4818,1]},
{"frame":42,"values":[0.9992,-0.0003,-0.0394,0,0.001,0.9999,0.0158,0,0.0394,-0.0159,0.9991,0,0.0062,19.525,-2.4818,1]},
{"frame":43,"values":[0.9992,-0.0024,-0.0394,0,0.003,0.9999,0.0164,0,0.0393,-0.0165,0.9991,0,0.0062,19.525,-2.4818,1]},
{"frame":44,"values":[0.9992,-0.0041,-0.0393,0,0.0048,0.9998,0.0169,0,0.0393,-0.0171,0.9991,0,0.0062,19.525,-2.4818,1]},
{"frame":45,"values":[0.9992,-0.0056,-0.0391,0,0.0063,0.9998,0.0175,0,0.039,-0.0177,0.9991,0,0.0062,19.525,-2.4818,1]},
{"frame":46,"values":[0.9992,-0.0067,-0.039,0,0.0074,0.9998,0.0183,0,0.0389,-0.0186,0.9991,0,0.0062,19.525,-2.4818,1]},
{"frame":47,"values":[0.9992,-0.0075,-0.0389,0,0.0083,0.9998,0.0191,0,0.0388,-0.0194,0.9991,0,0.0062,19.525,-2.4818,1]},
{"frame":48,"values":[0.9992,-0.0083,-0.0389,0,0.0091,0.9998,0.02,0,0.0387,-0.0204,0.999,0,0.0062,19.525,-2.4818,1]},
{"frame":49,"values":[0.9992,-0.0092,-0.0389,0,0.01,0.9997,0.0209,0,0.0387,-0.0213,0.999,0,0.0062,19.525,-2.4818,1]},
{"frame":50,"values":[0.9992,-0.0101,-0.0389,0,0.0109,0.9997,0.0218,0,0.0387,-0.0223,0.999,0,0.0062,19.525,-2.4818,1]},
{"frame":51,"values":[0.9992,-0.0107,-0.039,0,0.0116,0.9997,0.0227,0,0.0387,-0.0231,0.999,0,0.0062,19.525,-2.4818,1]},
{"frame":52,"values":[0.9992,-0.0111,-0.039,0,0.0121,0.9996,0.0237,0,0.0387,-0.0242,0.999,0,0.0062,19.525,-2.4818,1]},
{"frame":53,"values":[0.9992,-0.0117,-0.039,0,0.0126,0.9996,0.0248,0,0.0387,-0.0252,0.9989,0,0.0062,19.525,-2.4818,1]},
{"frame":54,"values":[0.9992,-0.0123,-0.0391,0,0.0133,0.9996,0.0255,0,0.0387,-0.026,0.9989,0,0.0062,19.525,-2.4818,1]},
{"frame":55,"values":[0.9992,-0.0128,-0.0391,0,0.0138,0.9996,0.0261,0,0.0388,-0.0266,0.9989,0,0.0062,19.525,-2.4818,1]},
{"frame":56,"values":[0.9991,-0.0132,-0.0392,0,0.0143,0.9995,0.0267,0,0.0388,-0.0273,0.9989,0,0.0062,19.525,-2.4818,1]},
{"frame":57,"values":[0.9991,-0.0138,-0.0393,0,0.0149,0.9995,0.0274,0,0.0389,-0.028,0.9989,0,0.0062,19.525,-2.4818,1]},
{"frame":58,"values":[0.9991,-0.0143,-0.0393,0,0.0154,0.9995,0.028,0,0.0389,-0.0286,0.9988,0,0.0062,19.525,-2.4818,1]},
{"frame":59,"values":[0.9991,-0.0145,-0.0394,0,0.0156,0.9995,0.0283,0,0.0389,-0.0289,0.9988,0,0.0062,19.525,-2.4818,1]},
{"frame":60,"values":[0.9991,-0.0147,-0.0394,0,0.0158,0.9995,0.0284,0,0.039,-0.029,0.9988,0,0.0062,19.525,-2.4818,1]},
{"frame":61,"values":[0.9991,-0.0151,-0.0395,0,0.0162,0.9995,0.0284,0,0.039,-0.0291,0.9988,0,0.0062,19.525,-2.4818,1]},
{"frame":62,"values":[0.9991,-0.0155,-0.0395,0,0.0166,0.9995,0.0284,0,0.039,-0.029,0.9988,0,0.0062,19.525,-2.4818,1]},
{"frame":63,"values":[0.9991,-0.0157,-0.0395,0,0.0168,0.9995,0.0284,0,0.039,-0.029,0.9988,0,0.0062,19.525,-2.4818,1]},
{"frame":64,"values":[0.9991,-0.0158,-0.0395,0,0.0169,0.9995,0.0283,0,0.039,-0.0289,0.9988,0,0.0062,19.525,-2.4818,1]},
{"frame":65,"values":[0.9991,-0.016,-0.0394,0,0.0171,0.9995,0.0281,0,0.0389,-0.0288,0.9988,0,0.0062,19.525,-2.4818,1]},
{"frame":66,"values":[0.9991,-0.0161,-0.0392,0,0.0172,0.9995,0.0278,0,0.0388,-0.0285,0.9988,0,0.0062,19.525,-2.4818,1]},
{"frame":67,"values":[0.9991,-0.0161,-0.039,0,0.0171,0.9995,0.0276,0,0.0386,-0.0282,0.9989,0,0.0062,19.525,-2.4818,1]},
{"frame":68,"values":[0.9991,-0.0158,-0.039,0,0.0169,0.9995,0.0274,0,0.0385,-0.0281,0.9989,0,0.0062,19.525,-2.4818,1]},
{"frame":69,"values":[0.9991,-0.0156,-0.039,0,0.0167,0.9995,0.0273,0,0.0385,-0.0279,0.9989,0,0.0062,19.525,-2.4818,1]},
{"frame":70,"values":[0.9991,-0.0155,-0.039,0,0.0166,0.9995,0.0272,0,0.0385,-0.0278,0.9989,0,0.0062,19.525,-2.4818,1]},
{"frame":71,"values":[0.9991,-0.0154,-0.039,0,0.0165,0.9995,0.0271,0,0.0386,-0.0277,0.9989,0,0.0062,19.525,-2.4818,1]},
{"frame":72,"values":[0.9991,-0.0153,-0.039,0,0.0164,0.9995,0.027,0,0.0386,-0.0276,0.9989,0,0.0062,19.525,-2.4818,1]},
{"frame":73,"values":[0.9991,-0.0153,-0.0391,0,0.0163,0.9995,0.0269,0,0.0386,-0.0275,0.9989,0,0.0062,19.525,-2.4818,1]},
{"frame":74,"values":[0.9991,-0.0153,-0.0391,0,0.0163,0.9995,0.0268,0,0.0386,-0.0274,0.9989,0,0.0062,19.525,-2.4818,1]},
{"frame":75,"values":[0.9991,-0.0154,-0.039,0,0.0165,0.9995,0.027,0,0.0386,-0.0276,0.9989,0,0.0062,19.525,-2.4818,1]},
{"frame":76,"values":[0.9991,-0.0157,-0.0389,0,0.0168,0.9995,0.0274,0,0.0385,-0.028,0.9989,0,0.0062,19.525,-2.4818,1]},
{"frame":77,"values":[0.9991,-0.0162,-0.0387,0,0.0172,0.9995,0.0275,0,0.0382,-0.0281,0.9989,0,0.0062,19.525,-2.4818,1]},
{"frame":78,"values":[0.9991,-0.0167,-0.0384,0,0.0177,0.9995,0.0275,0,0.0379,-0.0281,0.9989,0,0.0062,19.525,-2.4818,1]},
{"frame":79,"values":[0.9991,-0.017,-0.0382,0,0.018,0.9995,0.0274,0,0.0377,-0.028,0.9989,0,0.0062,19.525,-2.4818,1]},
{"frame":80,"values":[0.9991,-0.0168,-0.0381,0,0.0178,0.9995,0.0273,0,0.0376,-0.028,0.9989,0,0.0062,19.525,-2.4818,1]},
{"frame":81,"values":[0.9991,-0.0163,-0.038,0,0.0173,0.9995,0.0272,0,0.0375,-0.0278,0.9989,0,0.0062,19.525,-2.4818,1]},
{"frame":82,"values":[0.9992,-0.0158,-0.0379,0,0.0168,0.9995,0.0271,0,0.0374,-0.0277,0.9989,0,0.0062,19.525,-2.4818,1]},
{"frame":83,"values":[0.9992,-0.0153,-0.0378,0,0.0164,0.9995,0.0269,0,0.0374,-0.0275,0.9989,0,0.0062,19.525,-2.4818,1]},
{"frame":84,"values":[0.9992,-0.015,-0.0378,0,0.016,0.9995,0.0268,0,0.0374,-0.0274,0.9989,0,0.0062,19.525,-2.4818,1]},
{"frame":85,"values":[0.9992,-0.0146,-0.0378,0,0.0156,0.9995,0.0267,0,0.0374,-0.0273,0.9989,0,0.0062,19.525,-2.4818,1]},
{"frame":86,"values":[0.9992,-0.014,-0.0377,0,0.015,0.9995,0.0266,0,0.0373,-0.0272,0.9989,0,0.0062,19.525,-2.4818,1]},
{"frame":87,"values":[0.9992,-0.0133,-0.0375,0,0.0143,0.9995,0.0265,0,0.0372,-0.027,0.9989,0,0.0062,19.525,-2.4818,1]},
{"frame":88,"values":[0.9992,-0.013,-0.0374,0,0.0139,0.9996,0.0263,0,0.0371,-0.0268,0.999,0,0.0062,19.525,-2.4818,1]},
{"frame":89,"values":[0.9992,-0.0129,-0.0372,0,0.0139,0.9996,0.0258,0,0.0369,-0.0263,0.999,0,0.0062,19.525,-2.4818,1]},
{"frame":90,"values":[0.9992,-0.013,-0.0367,0,0.0139,0.9996,0.0248,0,0.0364,-0.0252,0.999,0,0.0062,19.525,-2.4818,1]},
{"frame":91,"values":[0.9993,-0.0131,-0.0358,0,0.014,0.9996,0.0232,0,0.0355,-0.0237,0.9991,0,0.0062,19.525,-2.4818,1]},
{"frame":92,"values":[0.9993,-0.0132,-0.0349,0,0.0139,0.9997,0.0213,0,0.0346,-0.0218,0.9992,0,0.0062,19.525,-2.4818,1]},
{"frame":93,"values":[0.9993,-0.0131,-0.034,0,0.0137,0.9997,0.0191,0,0.0337,-0.0195,0.9992,0,0.0062,19.525,-2.4818,1]},
{"frame":94,"values":[0.9994,-0.0135,-0.0328,0,0.0141,0.9998,0.0167,0,0.0325,-0.0171,0.9993,0,0.0062,19.525,-2.4818,1]},
{"frame":95,"values":[0.9994,-0.0142,-0.0313,0,0.0146,0.9998,0.0141,0,0.0311,-0.0145,0.9994,0,0.0062,19.525,-2.4818,1]},
{"frame":96,"values":[0.9994,-0.0151,-0.0299,0,0.0154,0.9998,0.0114,0,0.0297,-0.0119,0.9995,0,0.0062,19.525,-2.4818,1]},
{"frame":97,"values":[0.9995,-0.0162,-0.0282,0,0.0165,0.9998,0.0087,0,0.028,-0.0091,0.9996,0,0.0062,19.525,-2.4818,1]},
{"frame":98,"values":[0.9995,-0.0175,-0.026,0,0.0177,0.9998,0.0059,0,0.0259,-0.0064,0.9996,0,0.0062,19.525,-2.4818,1]},
{"frame":99,"values":[0.9995,-0.0188,-0.0236,0,0.0189,0.9998,0.0033,0,0.0235,-0.0037,0.9997,0,0.0062,19.525,-2.4818,1]},
{"frame":100,"values":[0.9996,-0.0198,-0.0216,0,0.0199,0.9998,0.0011,0,0.0216,-0.0015,0.9998,0,0.0062,19.525,-2.4818,1]},
{"frame":101,"values":[0.9996,-0.0205,-0.0202,0,0.0205,0.9998,-0.0009,0,0.0202,0.0005,0.9998,0,0.0062,19.525,-2.4818,1]},
{"frame":102,"values":[0.9996,-0.021,-0.0188,0,0.021,0.9998,-0.0026,0,0.0188,0.0022,0.9998,0,0.0062,19.525,-2.4818,1]},
{"frame":103,"values":[0.9996,-0.0213,-0.0173,0,0.0212,0.9998,-0.004,0,0.0174,0.0036,0.9998,0,0.0062,19.525,-2.4818,1]},
{"frame":104,"values":[0.9996,-0.0214,-0.016,0,0.0213,0.9998,-0.0048,0,0.0161,0.0045,0.9999,0,0.0062,19.525,-2.4818,1]},
{"frame":105,"values":[0.9997,-0.0215,-0.0151,0,0.0214,0.9998,-0.0052,0,0.0152,0.0049,0.9999,0,0.0062,19.525,-2.4818,1]},
{"frame":106,"values":[0.9997,-0.0215,-0.0143,0,0.0214,0.9998,-0.0056,0,0.0144,0.0053,0.9999,0,0.0062,19.525,-2.4818,1]},
{"frame":107,"values":[0.9997,-0.0215,-0.0133,0,0.0214,0.9998,-0.0061,0,0.0134,0.0058,0.9999,0,0.0062,19.525,-2.4818,1]},
{"frame":108,"values":[0.9997,-0.0212,-0.0123,0,0.0212,0.9998,-0.0062,0,0.0124,0.0059,0.9999,0,0.0062,19.525,-2.4818,1]},
{"frame":109,"values":[0.9997,-0.0207,-0.0113,0,0.0206,0.9998,-0.0061,0,0.0114,0.0059,0.9999,0,0.0062,19.525,-2.4818,1]},
{"frame":110,"values":[0.9997,-0.0201,-0.0104,0,0.02,0.9998,-0.0058,0,0.0105,0.0056,0.9999,0,0.0062,19.525,-2.4818,1]},
{"frame":111,"values":[0.9998,-0.0196,-0.0096,0,0.0195,0.9998,-0.0055,0,0.0097,0.0053,0.9999,0,0.0062,19.525,-2.4818,1]},
{"frame":112,"values":[0.9998,-0.0183,-0.0093,0,0.0183,0.9998,-0.0049,0,0.0093,0.0047,0.9999,0,0.0062,19.525,-2.4818,1]},
{"frame":113,"values":[0.9998,-0.0168,-0.0092,0,0.0168,0.9999,-0.004,0,0.0093,0.0038,0.9999,0,0.0062,19.525,-2.4818,1]},
{"frame":114,"values":[0.9998,-0.0155,-0.0095,0,0.0154,0.9999,-0.003,0,0.0095,0.0028,1,0,0.0062,19.525,-2.4818,1]},
{"frame":115,"values":[0.9999,-0.0139,-0.0099,0,0.0139,0.9999,-0.0023,0,0.0099,0.0021,0.9999,0,0.0062,19.525,-2.4818,1]},
{"frame":116,"values":[0.9999,-0.0139,-0.0099,0,0.0139,0.9999,-0.0022,0,0.0099,0.0021,0.9999,0,0.0062,19.525,-2.4818,1]},
{"frame":117,"values":[0.9999,-0.014,-0.0099,0,0.014,0.9999,-0.0022,0,0.0099,0.0021,0.9999,0,0.0062,19.525,-2.4818,1]}],"loopBehavior":1,"name":"anim","property":"_matrix"}},
{"name":"mixamorig:Spine1","index":2,"matrix":[0.9998,-0.0055,-0.0185,0,0.0055,1,-0.0044,0,0.0186,0.0043,0.9998,0,-0.0009,22.835,-2.8254,1],"rest":[1,0,0,0,0,1,0,0,0,0,1,0,-0.0009,22.835,-2.8254,1],"parentBoneIndex":1,"length":26.7438
,"animation":{"dataType":3,"framePerSecond":24,"keys":[
{"frame":1,"values":[0.9998,-0.0055,-0.0185,0,0.0055,1,-0.0044,0,0.0186,0.0043,0.9998,0,-0.0009,22.835,-2.8254,1]},
{"frame":3,"values":[0.9998,-0.0057,-0.0183,0,0.0056,1,-0.0044,0,0.0183,0.0043,0.9998,0,-0.0009,22.835,-2.8254,1]},
{"frame":4,"values":[0.9998,-0.006,-0.018,0,0.0059,1,-0.0045,0,0.0181,0.0044,0.9998,0,-0.0009,22.835,-2.8254,1]},
{"frame":5,"values":[0.9998,-0.0062,-0.0178,0,0.0061,1,-0.0048,0,0.0179,0.0047,0.9998,0,-0.0009,22.835,-2.8254,1]},
{"frame":6,"values":[0.9998,-0.0065,-0.0177,0,0.0064,1,-0.0048,0,0.0177,0.0047,0.9998,0,-0.0009,22.835,-2.8254,1]},
{"frame":7,"values":[0.9998,-0.0067,-0.0175,0,0.0066,1,-0.0048,0,0.0175,0.0047,0.9998,0,-0.0009,22.835,-2.8254,1]},
{"frame":8,"values":[0.9998,-0.0067,-0.0174,0,0.0066,1,-0.0048,0,0.0174,0.0047,0.9998,0,-0.0009,22.835,-2.8254,1]},
{"frame":10,"values":[0.9998,-0.0066,-0.0173,0,0.0065,1,-0.0051,0,0.0174,0.005,0.9998,0,-0.0009,22.835,-2.8254,1]},
{"frame":11,"values":[0.9998,-0.0065,-0.0173,0,0.0064,1,-0.005,0,0.0173,0.0049,0.9998,0,-0.0009,22.835,-2.8254,1]},
{"frame":12,"values":[0.9998,-0.0063,-0.0173,0,0.0062,1,-0.0044,0,0.0173,0.0043,0.9998,0,-0.0009,22.835,-2.8254,1]},
{"frame":13,"values":[0.9998,-0.0058,-0.0172,0,0.0057,1,-0.0038,0,0.0172,0.0037,0.9998,0,-0.0009,22.835,-2.8254,1]},
{"frame":14,"values":[0.9998,-0.005,-0.0172,0,0.0049,1,-0.0033,0,0.0172,0.0032,0.9998,0,-0.0009,22.835,-2.8254,1]},
{"frame":15,"values":[0.9998,-0.0038,-0.0174,0,0.0037,1,-0.0027,0,0.0174,0.0026,0.9998,0,-0.0009,22.835,-2.8254,1]},
{"frame":16,"values":[0.9998,-0.0019,-0.0184,0,0.0019,1,-0.002,0,0.0184,0.002,0.9998,0,-0.0009,22.835,-2.8254,1]},
{"frame":17,"values":[0.9998,0.0003,-0.0201,0,-0.0003,1,-0.0013,0,0.0201,0.0014,0.9998,0,-0.0009,22.835,-2.8254,1]},
{"frame":18,"values":[0.9998,0.0026,-0.0221,0,-0.0026,1,-0.0007,0,0.0221,0.0008,0.9998,0,-0.0009,22.835,-2.8254,1]},
{"frame":19,"values":[0.9997,0.005,-0.0238,0,-0.005,1,-0.0001,0,0.0238,0.0002,0.9997,0,-0.0009,22.835,-2.8254,1]},
{"frame":20,"values":[0.9997,0.0073,-0.0253,0,-0.0073,1,0.0006,0,0.0253,-0.0004,0.9997,0,-0.0009,22.835,-2.8254,1]},
{"frame":21,"values":[0.9996,0.0095,-0.0271,0,-0.0094,1,0.0016,0,0.0271,-0.0013,0.9996,0,-0.0009,22.835,-2.8254,1]},
{"frame":22,"values":[0.9995,0.0113,-0.0291,0,-0.0113,0.9999,0.0026,0,0.0292,-0.0023,0.9996,0,-0.0009,22.835,-2.8254,1]},
{"frame":23,"values":[0.9994,0.0128,-0.0313,0,-0.0126,0.9999,0.0038,0,0.0313,-0.0034,0.9995,0,-0.0009,22.835,-2.8254,1]},
{"frame":24,"values":[0.9993,0.0138,-0.0334,0,-0.0137,0.9999,0.0051,0,0.0334,-0.0046,0.9994,0,-0.0009,22.835,-2.8254,1]},
{"frame":25,"values":[0.9993,0.0149,-0.0354,0,-0.0147,0.9999,0.0065,0,0.0355,-0.006,0.9994,0,-0.0009,22.835,-2.8254,1]},
{"frame":26,"values":[0.9992,0.0161,-0.0373,0,-0.0158,0.9998,0.0078,0,0.0375,-0.0072,0.9993,0,-0.0009,22.835,-2.8254,1]},
{"frame":27,"values":[0.9991,0.0171,-0.0389,0,-0.0168,0.9998,0.0087,0,0.0391,-0.008,0.9992,0,-0.0009,22.835,-2.8254,1]},
{"frame":28,"values":[0.999,0.018,-0.0404,0,-0.0176,0.9998,0.0093,0,0.0406,-0.0085,0.9991,0,-0.0009,22.835,-2.8254,1]},
{"frame":29,"values":[0.999,0.0187,-0.0418,0,-0.0183,0.9998,0.0096,0,0.042,-0.0088,0.9991,0,-0.0009,22.835,-2.8254,1]},
{"frame":30,"values":[0.9989,0.0193,-0.0428,0,-0.0189,0.9998,0.0098,0,0.043,-0.009,0.999,0,-0.0009,22.835,-2.8254,1]},
{"frame":31,"values":[0.9989,0.0193,-0.0436,0,-0.0189,0.9998,0.0099,0,0.0438,-0.009,0.999,0,-0.0009,22.835,-2.8254,1]},
{"frame":32,"values":[0.9988,0.0191,-0.0444,0,-0.0187,0.9998,0.0102,0,0.0446,-0.0093,0.999,0,-0.0009,22.835,-2.8254,1]},
{"frame":33,"values":[0.9988,0.0187,-0.0451,0,-0.0182,0.9998,0.0106,0,0.0453,-0.0098,0.9989,0,-0.0009,22.835,-2.8254,1]},
{"frame":34,"values":[0.9988,0.0181,-0.0457,0,-0.0176,0.9998,0.0109,0,0.0459,-0.0101,0.9989,0,-0.0009,22.835,-2.8254,1]},
{"frame":35,"values":[0.9988,0.0175,-0.0462,0,-0.017,0.9998,0.011,0,0.0464,-0.0102,0.9989,0,-0.0009,22.835,-2.8254,1]},
{"frame":36,"values":[0.9988,0.0167,-0.0467,0,-0.0162,0.9998,0.0112,0,0.0469,-0.0104,0.9988,0,-0.0009,22.835,-2.8254,1]},
{"frame":37,"values":[0.9988,0.0156,-0.0472,0,-0.0151,0.9998,0.0115,0,0.0474,-0.0108,0.9988,0,-0.0009,22.835,-2.8254,1]},
{"frame":38,"values":[0.9988,0.0142,-0.0475,0,-0.0136,0.9998,0.0117,0,0.0477,-0.011,0.9988,0,-0.0009,22.835,-2.8254,1]},
{"frame":39,"values":[0.9988,0.0125,-0.0478,0,-0.0119,0.9999,0.012,0,0.048,-0.0114,0.9988,0,-0.0009,22.835,-2.8254,1]},
{"frame":40,"values":[0.9988,0.0108,-0.048,0,-0.0102,0.9999,0.0125,0,0.0481,-0.012,0.9988,0,-0.0009,22.835,-2.8254,1]},
{"frame":41,"values":[0.9988,0.0091,-0.0481,0,-0.0084,0.9999,0.0132,0,0.0482,-0.0127,0.9988,0,-0.0009,22.835,-2.8254,1]},
{"frame":42,"values":[0.9988,0.0074,-0.0482,0,-0.0067,0.9999,0.0138,0,0.0483,-0.0134,0.9987,0,-0.0009,22.835,-2.8254,1]},
{"frame":43,"values":[0.9988,0.0059,-0.0483,0,-0.0052,0.9999,0.0143,0,0.0483,-0.014,0.9987,0,-0.0009,22.835,-2.8254,1]},
{"frame":44,"values":[0.9988,0.0045,-0.0483,0,-0.0038,0.9999,0.0148,0,0.0484,-0.0146,0.9987,0,-0.0009,22.835,-2.8254,1]},
{"frame":45,"values":[0.9988,0.0033,-0.0483,0,-0.0025,0.9999,0.0154,0,0.0484,-0.0153,0.9987,0,-0.0009,22.835,-2.8254,1]},
{"frame":46,"values":[0.9988,0.0023,-0.0483,0,-0.0015,0.9999,0.0162,0,0.0484,-0.0161,0.9987,0,-0.0009,22.835,-2.8254,1]},
{"frame":47,"values":[0.9988,0.0015,-0.0483,0,-0.0007,0.9999,0.0171,0,0.0483,-0.017,0.9987,0,-0.0009,22.835,-2.8254,1]},
{"frame":48,"values":[0.9988,0.0007,-0.0483,0,0.0002,0.9998,0.018,0,0.0483,-0.0179,0.9987,0,-0.0009,22.835,-2.8254,1]},
{"frame":49,"values":[0.9988,-0.0001,-0.0483,0,0.001,0.9998,0.0189,0,0.0483,-0.0189,0.9987,0,-0.0009,22.835,-2.8254,1]},
{"frame":50,"values":[0.9988,-0.0008,-0.0483,0,0.0018,0.9998,0.0198,0,0.0483,-0.0199,0.9986,0,-0.0009,22.835,-2.8254,1]},
{"frame":51,"values":[0.9988,-0.0014,-0.0483,0,0.0024,0.9998,0.0207,0,0.0482,-0.0208,0.9986,0,-0.0009,22.835,-2.8254,1]},
{"frame":52,"values":[0.9988,-0.0018,-0.0483,0,0.0029,0.9998,0.0217,0,0.0482,-0.0218,0.9986,0,-0.0009,22.835,-2.8254,1]},
{"frame":53,"values":[0.9988,-0.0022,-0.0482,0,0.0033,0.9997,0.0227,0,0.0482,-0.0228,0.9986,0,-0.0009,22.835,-2.8254,1]},
{"frame":54,"values":[0.9988,-0.0028,-0.0482,0,0.0039,0.9997,0.0235,0,0.0482,-0.0237,0.9986,0,-0.0009,22.835,-2.8254,1]},
{"frame":55,"values":[0.9988,-0.0032,-0.0483,0,0.0044,0.9997,0.0241,0,0.0482,-0.0243,0.9985,0,-0.0009,22.835,-2.8254,1]},
{"frame":56,"values":[0.9988,-0.0037,-0.0483,0,0.0049,0.9997,0.0247,0,0.0482,-0.0249,0.9985,0,-0.0009,22.835,-2.8254,1]},
{"frame":57,"values":[0.9988,-0.0042,-0.0483,0,0.0055,0.9997,0.0254,0,0.0482,-0.0256,0.9985,0,-0.0009,22.835,-2.8254,1]},
{"frame":58,"values":[0.9988,-0.0046,-0.0484,0,0.0059,0.9996,0.026,0,0.0482,-0.0262,0.9985,0,-0.0009,22.835,-2.8254,1]},
{"frame":59,"values":[0.9988,-0.0049,-0.0484,0,0.0062,0.9996,0.0263,0,0.0483,-0.0266,0.9985,0,-0.0009,22.835,-2.8254,1]},
{"frame":60,"values":[0.9988,-0.0052,-0.0485,0,0.0065,0.9996,0.0264,0,0.0483,-0.0267,0.9985,0,-0.0009,22.835,-2.8254,1]},
{"frame":61,"values":[0.9988,-0.0056,-0.0485,0,0.0069,0.9996,0.0264,0,0.0484,-0.0267,0.9985,0,-0.0009,22.835,-2.8254,1]},
{"frame":62,"values":[0.9988,-0.006,-0.0486,0,0.0073,0.9996,0.0264,0,0.0484,-0.0267,0.9985,0,-0.0009,22.835,-2.8254,1]},
{"frame":63,"values":[0.9988,-0.0063,-0.0486,0,0.0076,0.9996,0.0263,0,0.0484,-0.0267,0.9985,0,-0.0009,22.835,-2.8254,1]},
{"frame":64,"values":[0.9988,-0.0065,-0.0486,0,0.0078,0.9996,0.0262,0,0.0484,-0.0266,0.9985,0,-0.0009,22.835,-2.8254,1]},
{"frame":65,"values":[0.9988,-0.0067,-0.0485,0,0.008,0.9996,0.0261,0,0.0483,-0.0264,0.9985,0,-0.0009,22.835,-2.8254,1]},
{"frame":66,"values":[0.9988,-0.007,-0.0484,0,0.0082,0.9996,0.0258,0,0.0482,-0.0261,0.9985,0,-0.0009,22.835,-2.8254,1]},
{"frame":67,"values":[0.9988,-0.0071,-0.0481,0,0.0083,0.9996,0.0255,0,0.0479,-0.0259,0.9985,0,-0.0009,22.835,-2.8254,1]},
{"frame":68,"values":[0.9988,-0.0071,-0.0481,0,0.0084,0.9996,0.0254,0,0.0479,-0.0258,0.9985,0,-0.0009,22.835,-2.8254,1]},
{"frame":69,"values":[0.9988,-0.0072,-0.048,0,0.0084,0.9996,0.0252,0,0.0478,-0.0256,0.9985,0,-0.0009,22.835,-2.8254,1]},
{"frame":70,"values":[0.9988,-0.0072,-0.048,0,0.0084,0.9996,0.0251,0,0.0478,-0.0255,0.9985,0,-0.0009,22.835,-2.8254,1]},
{"frame":71,"values":[0.9988,-0.0073,-0.0481,0,0.0085,0.9997,0.025,0,0.0479,-0.0254,0.9985,0,-0.0009,22.835,-2.8254,1]},
{"frame":72,"values":[0.9988,-0.0074,-0.0481,0,0.0086,0.9997,0.0249,0,0.0479,-0.0253,0.9985,0,-0.0009,22.835,-2.8254,1]},
{"frame":73,"values":[0.9988,-0.0075,-0.0481,0,0.0087,0.9997,0.0248,0,0.0479,-0.0252,0.9985,0,-0.0009,22.835,-2.8254,1]},
{"frame":74,"values":[0.9988,-0.0076,-0.0481,0,0.0087,0.9997,0.0248,0,0.0479,-0.0252,0.9985,0,-0.0009,22.835,-2.8254,1]},
{"frame":75,"values":[0.9988,-0.0077,-0.048,0,0.0089,0.9996,0.025,0,0.0478,-0.0254,0.9985,0,-0.0009,22.835,-2.8254,1]},
{"frame":76,"values":[0.9988,-0.0079,-0.0479,0,0.0092,0.9996,0.0253,0,0.0477,-0.0257,0.9985,0,-0.0009,22.835,-2.8254,1]},
{"frame":77,"values":[0.9988,-0.0083,-0.0477,0,0.0096,0.9996,0.0254,0,0.0474,-0.0259,0.9985,0,-0.0009,22.835,-2.8254,1]},
{"frame":78,"values":[0.9988,-0.0087,-0.0474,0,0.0099,0.9996,0.0254,0,0.0472,-0.0258,0.9986,0,-0.0009,22.835,-2.8254,1]},
{"frame":79,"values":[0.9988,-0.0088,-0.0472,0,0.01,0.9996,0.0253,0,0.047,-0.0258,0.9986,0,-0.0009,22.835,-2.8254,1]},
{"frame":80,"values":[0.9989,-0.0088,-0.0471,0,0.01,0.9996,0.0252,0,0.0468,-0.0257,0.9986,0,-0.0009,22.835,-2.8254,1]},
{"frame":81,"values":[0.9989,-0.0086,-0.0469,0,0.0098,0.9996,0.0252,0,0.0467,-0.0256,0.9986,0,-0.0009,22.835,-2.8254,1]},
{"frame":82,"values":[0.9989,-0.0084,-0.0468,0,0.0096,0.9996,0.025,0,0.0466,-0.0254,0.9986,0,-0.0009,22.835,-2.8254,1]},
{"frame":83,"values":[0.9989,-0.0082,-0.0468,0,0.0094,0.9996,0.0249,0,0.0465,-0.0253,0.9986,0,-0.0009,22.835,-2.8254,1]},
