{"producer":{"name":"Blender","version":"2.90.0","exporter_version":"2.80.1","file":"option_lookaway.babylon"},
"autoClear":true,"clearColor":[0.0509,0.0509,0.0509],"gravity":[0,-9.81,0],
"materials":[{"name":"Material","id":"Material","customType":"BABYLON.PBRMaterial","backFaceCulling":true,"checkReadyOnlyOnce":false,"maxSimultaneousLights":4,"environmentIntensity":1,"albedo":[0.8,0.8,0.8],"reflectivity":[0.5,0.5,0.5],"roughness":0.4,"alpha":1,"transparencyMode":0,"alphaCutOff":0.4,"metallic":0}],
"multiMaterials":[],
"skeletons":[{"name":"Armature","id":0,"dimensionsAtRest":[379.1952,391.6652,55.677],"bones":[
{"name":"mixamorig:Hips","index":0,"matrix":[0.994,-0.0551,-0.0947,0,0.0609,0.9964,0.0598,0,-0.0911,0.0652,-0.9937,0,0.3746,200.3126,0.3754,1],"rest":[1,0,0,0,0,1,0,0,0,0,-1,0,0,201.6394,0,1],"parentBoneIndex":-1,"length":21.6784
,"animation":{"dataType":3,"framePerSecond":24,"keys":[
{"frame":1,"values":[0.994,-0.0551,-0.0947,0,0.0609,0.9964,0.0598,0,-0.0911,0.0652,-0.9937,0,0.3746,200.3126,0.3754,1]},
{"frame":2,"values":[0.9934,-0.0553,-0.1002,0,0.0616,0.9962,0.0611,0,-0.0964,0.0669,-0.9931,0,0.4421,200.267,0.0824,1]},
{"frame":3,"values":[0.9926,-0.0555,-0.1077,0,0.0625,0.9961,0.0629,0,-0.1037,0.0692,-0.9922,0,0.5231,200.2356,-0.269,1]},
{"frame":4,"values":[0.9914,-0.0557,-0.118,0,0.0638,0.9958,0.0655,0,-0.1139,0.0724,-0.9909,0,0.6263,200.207,-0.6869,1]},
{"frame":5,"values":[0.9897,-0.0561,-0.1317,0,0.0655,0.9955,0.0686,0,-0.1272,0.0765,-0.9889,0,0.7504,200.1578,-1.196,1]},
{"frame":6,"values":[0.9872,-0.0565,-0.149,0,0.0678,0.9951,0.0722,0,-0.1442,0.0814,-0.9862,0,0.8996,200.0871,-1.8191,1]},
{"frame":7,"values":[0.984,-0.0567,-0.169,0,0.0705,0.9946,0.0764,0,-0.1637,0.0871,-0.9827,0,1.0809,200.0102,-2.5435,1]},
{"frame":8,"values":[0.9801,-0.0567,-0.1905,0,0.0733,0.994,0.0811,0,-0.1847,0.0934,-0.9783,0,1.277,199.9135,-3.3226,1]},
{"frame":9,"values":[0.9755,-0.0562,-0.2127,0,0.076,0.9934,0.0864,0,-0.2064,0.1004,-0.9733,0,1.4696,199.8034,-4.124,1]},
{"frame":10,"values":[0.9705,-0.0546,-0.2349,0,0.0782,0.9927,0.0922,0,-0.2281,0.1079,-0.9676,0,1.6713,199.7027,-4.9391,1]},
{"frame":11,"values":[0.9653,-0.0519,-0.2561,0,0.0794,0.992,0.0984,0,-0.2489,0.1153,-0.9616,0,1.8916,199.5997,-5.7459,1]},
{"frame":12,"values":[0.9602,-0.0485,-0.2751,0,0.08,0.9913,0.1046,0,-0.2676,0.1225,-0.9557,0,2.1114,199.4796,-6.4907,1]},
{"frame":13,"values":[0.9556,-0.0453,-0.2913,0,0.0807,0.9906,0.1107,0,-0.2836,0.1293,-0.9502,0,2.308,199.3618,-7.1352,1]},
{"frame":14,"values":[0.9516,-0.0424,-0.3044,0,0.0814,0.9898,0.1165,0,-0.2964,0.1356,-0.9454,0,2.4819,199.2541,-7.6684,1]},
{"frame":15,"values":[0.9483,-0.04,-0.3149,0,0.0821,0.9892,0.1216,0,-0.3066,0.1411,-0.9413,0,2.6338,199.144,-8.0743,1]},
{"frame":16,"values":[0.9457,-0.0381,-0.3228,0,0.0827,0.9886,0.1256,0,-0.3143,0.1455,-0.9381,0,2.7541,199.0347,-8.3552,1]},
{"frame":17,"values":[0.9437,-0.0367,-0.3288,0,0.0833,0.9882,0.1289,0,-0.3202,0.149,-0.9356,0,2.8382,198.9302,-8.5415,1]},
{"frame":18,"values":[0.942,-0.0358,-0.3337,0,0.0841,0.9877,0.1315,0,-0.3249,0.1519,-0.9335,0,2.8979,198.8286,-8.6573,1]},
{"frame":19,"values":[0.9405,-0.0353,-0.3379,0,0.085,0.9874,0.1335,0,-0.3289,0.1543,-0.9317,0,2.9442,198.7202,-8.7013,1]},
{"frame":20,"values":[0.9395,-0.0353,-0.3408,0,0.086,0.9871,0.1349,0,-0.3317,0.156,-0.9304,0,2.9736,198.6056,-8.6665,1]},
{"frame":21,"values":[0.9389,-0.0357,-0.3422,0,0.087,0.9869,0.1358,0,-0.3329,0.1573,-0.9298,0,2.98,198.4949,-8.5532,1]},
{"frame":22,"values":[0.9391,-0.0368,-0.3416,0,0.0881,0.9868,0.136,0,-0.3321,0.1578,-0.9299,0,2.9607,198.4041,-8.3706,1]},
{"frame":23,"values":[0.94,-0.0384,-0.3391,0,0.0891,0.9868,0.1355,0,-0.3294,0.1576,-0.9309,0,2.9182,198.335,-8.1245,1]},
{"frame":24,"values":[0.9416,-0.0404,-0.3343,0,0.0899,0.9869,0.1339,0,-0.3246,0.1561,-0.9329,0,2.8562,198.2838,-7.8145,1]},
{"frame":25,"values":[0.9439,-0.0428,-0.3274,0,0.0903,0.9872,0.1312,0,-0.3176,0.1534,-0.9357,0,2.7736,198.2658,-7.4474,1]},
{"frame":26,"values":[0.947,-0.0456,-0.3179,0,0.0904,0.9877,0.1276,0,-0.3082,0.1495,-0.9395,0,2.6696,198.3035,-7.0338,1]},
{"frame":27,"values":[0.9507,-0.0488,-0.3061,0,0.0902,0.9883,0.1226,0,-0.2966,0.1442,-0.9441,0,2.5504,198.4102,-6.564,1]},
{"frame":28,"values":[0.9549,-0.0519,-0.2925,0,0.0893,0.9892,0.1162,0,-0.2833,0.1371,-0.9492,0,2.4292,198.5959,-6.0276,1]},
{"frame":29,"values":[0.9592,-0.0543,-0.2775,0,0.0876,0.9902,0.109,0,-0.2688,0.1289,-0.9545,0,2.323,198.8377,-5.4352,1]},
{"frame":30,"values":[0.9638,-0.0562,-0.2608,0,0.0852,0.9912,0.101,0,-0.2528,0.1196,-0.9601,0,2.2401,199.0904,-4.8103,1]},
{"frame":31,"values":[0.9684,-0.058,-0.2425,0,0.0826,0.9923,0.0924,0,-0.2353,0.1095,-0.9657,0,2.1863,199.3276,-4.1731,1]},
{"frame":32,"values":[0.973,-0.0591,-0.223,0,0.0794,0.9933,0.0835,0,-0.2166,0.099,-0.9712,0,2.1555,199.5522,-3.5269,1]},
{"frame":33,"values":[0.9773,-0.0592,-0.2032,0,0.0758,0.9943,0.0748,0,-0.1976,0.0885,-0.9763,0,2.1308,199.7684,-2.8898,1]},
{"frame":34,"values":[0.9812,-0.0583,-0.1838,0,0.0717,0.9952,0.0668,0,-0.179,0.0787,-0.9807,0,2.1061,199.9367,-2.299,1]},
{"frame":35,"values":[0.9846,-0.0566,-0.1652,0,0.0673,0.9959,0.0598,0,-0.1611,0.07,-0.9844,0,2.0789,200.0616,-1.7748,1]},
{"frame":36,"values":[0.9875,-0.0545,-0.1478,0,0.0631,0.9965,0.0541,0,-0.1443,0.0627,-0.9875,0,2.0489,200.1755,-1.3058,1]},
{"frame":37,"values":[0.9899,-0.0524,-0.1315,0,0.0593,0.997,0.0496,0,-0.1285,0.0569,-0.9901,0,2.0216,200.2856,-0.8791,1]},
{"frame":38,"values":[0.9919,-0.0504,-0.1166,0,0.0562,0.9973,0.0472,0,-0.1139,0.0534,-0.9921,0,1.9834,200.3622,-0.5185,1]},
{"frame":39,"values":[0.9935,-0.0489,-0.103,0,0.0539,0.9975,0.0467,0,-0.1004,0.052,-0.9936,0,1.9134,200.3886,-0.2472,1]},
{"frame":40,"values":[0.9947,-0.0479,-0.091,0,0.0523,0.9975,0.0474,0,-0.0885,0.052,-0.9947,0,1.8185,200.3991,-0.0638,1]},
{"frame":41,"values":[0.9956,-0.0473,-0.0808,0,0.0513,0.9975,0.049,0,-0.0783,0.0529,-0.9955,0,1.7185,200.4123,0.0437,1]},
{"frame":42,"values":[0.9962,-0.0474,-0.073,0,0.0512,0.9974,0.051,0,-0.0704,0.0545,-0.996,0,1.6117,200.4233,0.1096,1]},
{"frame":43,"values":[0.9966,-0.0482,-0.0669,0,0.0518,0.9972,0.0531,0,-0.0642,0.0563,-0.9963,0,1.4802,200.4222,0.165,1]},
{"frame":44,"values":[0.9968,-0.0494,-0.0626,0,0.0529,0.9971,0.0551,0,-0.0597,0.0583,-0.9965,0,1.3208,200.419,0.2163,1]},
{"frame":45,"values":[0.9969,-0.0506,-0.0599,0,0.054,0.9969,0.057,0,-0.0568,0.0601,-0.9966,0,1.1488,200.4142,0.2651,1]},
{"frame":46,"values":[0.9969,-0.0518,-0.0595,0,0.0553,0.9968,0.0585,0,-0.0563,0.0616,-0.9965,0,0.982,200.4044,0.3151,1]},
{"frame":47,"values":[0.9967,-0.0531,-0.0611,0,0.0568,0.9966,0.0596,0,-0.0577,0.0629,-0.9963,0,0.8279,200.3928,0.367,1]},
{"frame":48,"values":[0.9964,-0.0545,-0.0643,0,0.0584,0.9965,0.0602,0,-0.0608,0.0637,-0.9961,0,0.6872,200.386,0.4192,1]},
{"frame":49,"values":[0.9961,-0.0556,-0.0683,0,0.0597,0.9964,0.0602,0,-0.0647,0.064,-0.9958,0,0.5638,200.3764,0.4706,1]},
{"frame":50,"values":[0.9957,-0.0563,-0.0729,0,0.0608,0.9964,0.0598,0,-0.0693,0.064,-0.9955,0,0.4646,200.361,0.5166,1]},
{"frame":51,"values":[0.9954,-0.0568,-0.0776,0,0.0615,0.9963,0.0592,0,-0.0739,0.0637,-0.9952,0,0.3878,200.3451,0.5488,1]},
{"frame":52,"values":[0.995,-0.057,-0.0818,0,0.0619,0.9964,0.0586,0,-0.0782,0.0634,-0.9949,0,0.3264,200.3286,0.5643,1]},
{"frame":53,"values":[0.9947,-0.057,-0.0853,0,0.0621,0.9964,0.0582,0,-0.0817,0.0632,-0.9947,0,0.2856,200.3147,0.5663,1]},
{"frame":54,"values":[0.9945,-0.0568,-0.0882,0,0.062,0.9964,0.058,0,-0.0846,0.0632,-0.9944,0,0.2747,200.3085,0.5543,1]},
{"frame":55,"values":[0.9943,-0.0563,-0.0907,0,0.0617,0.9964,0.0583,0,-0.0871,0.0635,-0.9942,0,0.2918,200.31,0.5208,1]},
{"frame":56,"values":[0.9941,-0.0557,-0.0928,0,0.0613,0.9964,0.0589,0,-0.0892,0.0642,-0.9939,0,0.3276,200.3137,0.46,1]},
{"frame":57,"values":[0.994,-0.0551,-0.0947,0,0.0609,0.9964,0.0598,0,-0.0911,0.0652,-0.9937,0,0.3746,200.3126,0.3754,1]}],"loopBehavior":1,"name":"anim","property":"_matrix"}},
{"name":"mixamorig:Spine","index":1,"matrix":[0.9987,0.0447,-0.0242,0,-0.0433,0.9973,0.0587,0,0.0268,-0.0576,0.998,0,0.0062,19.525,-2.4818,1],"rest":[1,0,0,0,0,1,0,0,0,0,1,0,0.0062,19.525,-2.4818,1],"parentBoneIndex":0,"length":23.0091
,"animation":{"dataType":3,"framePerSecond":24,"keys":[
{"frame":1,"values":[0.9987,0.0447,-0.0242,0,-0.0433,0.9973,0.0587,0,0.0268,-0.0576,0.998,0,0.0062,19.525,-2.4818,1]},
{"frame":2,"values":[0.9987,0.0452,-0.024,0,-0.0437,0.9973,0.0584,0,0.0266,-0.0572,0.998,0,0.0062,19.525,-2.4818,1]},
{"frame":3,"values":[0.9987,0.0458,-0.0235,0,-0.0443,0.9973,0.0579,0,0.0261,-0.0568,0.998,0,0.0062,19.525,-2.4818,1]},
{"frame":4,"values":[0.9987,0.0464,-0.0227,0,-0.045,0.9973,0.0573,0,0.0253,-0.0562,0.9981,0,0.0062,19.525,-2.4818,1]},
{"frame":5,"values":[0.9987,0.047,-0.022,0,-0.0457,0.9974,0.0563,0,0.0246,-0.0553,0.9982,0,0.0062,19.525,-2.4818,1]},
{"frame":6,"values":[0.9986,0.0478,-0.0213,0,-0.0466,0.9974,0.0551,0,0.0239,-0.054,0.9983,0,0.0062,19.525,-2.4818,1]},
{"frame":7,"values":[0.9986,0.0488,-0.0206,0,-0.0476,0.9974,0.0537,0,0.0231,-0.0527,0.9983,0,0.0062,19.525,-2.4818,1]},
{"frame":8,"values":[0.9986,0.0499,-0.0197,0,-0.0488,0.9974,0.0527,0,0.0223,-0.0517,0.9984,0,0.0062,19.525,-2.4818,1]},
{"frame":9,"values":[0.9985,0.051,-0.0187,0,-0.05,0.9974,0.0519,0,0.0213,-0.0508,0.9985,0,0.0062,19.525,-2.4818,1]},
{"frame":10,"values":[0.9985,0.0524,-0.0175,0,-0.0515,0.9974,0.0508,0,0.0201,-0.0499,0.9986,0,0.0062,19.525,-2.4818,1]},
{"frame":11,"values":[0.9984,0.0539,-0.0162,0,-0.053,0.9974,0.0496,0,0.0188,-0.0486,0.9986,0,0.0062,19.525,-2.4818,1]},
{"frame":12,"values":[0.9984,0.0553,-0.0149,0,-0.0545,0.9973,0.0484,0,0.0175,-0.0475,0.9987,0,0.0062,19.525,-2.4818,1]},
{"frame":13,"values":[0.9983,0.0564,-0.0139,0,-0.0557,0.9973,0.0476,0,0.0165,-0.0468,0.9988,0,0.0062,19.525,-2.4818,1]},
{"frame":14,"values":[0.9983,0.0571,-0.0133,0,-0.0564,0.9973,0.0472,0,0.016,-0.0464,0.9988,0,0.0062,19.525,-2.4818,1]},
{"frame":15,"values":[0.9983,0.0575,-0.0132,0,-0.0568,0.9973,0.0472,0,0.0158,-0.0463,0.9988,0,0.0062,19.525,-2.4818,1]},
{"frame":16,"values":[0.9982,0.0578,-0.013,0,-0.0571,0.9972,0.0475,0,0.0157,-0.0467,0.9988,0,0.0062,19.525,-2.4818,1]},
{"frame":17,"values":[0.9982,0.058,-0.0126,0,-0.0573,0.9972,0.048,0,0.0154,-0.0472,0.9988,0,0.0062,19.525,-2.4818,1]},
{"frame":18,"values":[0.9982,0.058,-0.0124,0,-0.0573,0.9972,0.0484,0,0.0152,-0.0476,0.9988,0,0.0062,19.525,-2.4818,1]},
{"frame":19,"values":[0.9982,0.0579,-0.0124,0,-0.0573,0.9972,0.0488,0,0.0152,-0.048,0.9987,0,0.0062,19.525,-2.4818,1]},
{"frame":20,"values":[0.9983,0.0578,-0.0124,0,-0.0571,0.9972,0.0492,0,0.0152,-0.0484,0.9987,0,0.0062,19.525,-2.4818,1]},
{"frame":21,"values":[0.9983,0.0576,-0.0124,0,-0.0569,0.9971,0.0497,0,0.0153,-0.0489,0.9987,0,0.0062,19.525,-2.4818,1]},
{"frame":22,"values":[0.9983,0.0573,-0.0125,0,-0.0566,0.9971,0.0502,0,0.0153,-0.0494,0.9987,0,0.0062,19.525,-2.4818,1]},
{"frame":23,"values":[0.9983,0.057,-0.0125,0,-0.0563,0.9971,0.0506,0,0.0154,-0.0499,0.9986,0,0.0062,19.525,-2.4818,1]},
{"frame":24,"values":[0.9983,0.0566,-0.0124,0,-0.0559,0.9971,0.0511,0,0.0153,-0.0503,0.9986,0,0.0062,19.525,-2.4818,1]},
{"frame":25,"values":[0.9984,0.0561,-0.0124,0,-0.0554,0.9971,0.0515,0,0.0153,-0.0507,0.9986,0,0.0062,19.525,-2.4818,1]},
{"frame":26,"values":[0.9984,0.0553,-0.0127,0,-0.0546,0.9972,0.0517,0,0.0155,-0.051,0.9986,0,0.0062,19.525,-2.4818,1]},
{"frame":27,"values":[0.9984,0.0547,-0.013,0,-0.0539,0.9972,0.052,0,0.0158,-0.0512,0.9986,0,0.0062,19.525,-2.4818,1]},
{"frame":28,"values":[0.9985,0.0539,-0.0135,0,-0.0532,0.9972,0.0523,0,0.0162,-0.0515,0.9985,0,0.0062,19.525,-2.4818,1]},
{"frame":29,"values":[0.9985,0.053,-0.0141,0,-0.0522,0.9972,0.0527,0,0.0168,-0.0519,0.9985,0,0.0062,19.525,-2.4818,1]},
{"frame":30,"values":[0.9985,0.0518,-0.0148,0,-0.051,0.9973,0.0533,0,0.0176,-0.0524,0.9985,0,0.0062,19.525,-2.4818,1]},
{"frame":31,"values":[0.9986,0.0508,-0.0157,0,-0.0499,0.9973,0.0539,0,0.0184,-0.053,0.9984,0,0.0062,19.525,-2.4818,1]},
{"frame":32,"values":[0.9986,0.05,-0.0165,0,-0.049,0.9973,0.0545,0,0.0192,-0.0536,0.9984,0,0.0062,19.525,-2.4818,1]},
{"frame":33,"values":[0.9986,0.0493,-0.0174,0,-0.0483,0.9973,0.0552,0,0.02,-0.0543,0.9983,0,0.0062,19.525,-2.4818,1]},
{"frame":34,"values":[0.9986,0.0487,-0.0182,0,-0.0476,0.9973,0.0561,0,0.0209,-0.0551,0.9983,0,0.0062,19.525,-2.4818,1]},
{"frame":35,"values":[0.9987,0.0482,-0.0191,0,-0.0471,0.9973,0.057,0,0.0218,-0.056,0.9982,0,0.0062,19.525,-2.4818,1]},
{"frame":36,"values":[0.9986,0.048,-0.02,0,-0.0468,0.9972,0.0577,0,0.0227,-0.0567,0.9981,0,0.0062,19.525,-2.4818,1]},
{"frame":37,"values":[0.9986,0.0479,-0.0207,0,-0.0466,0.9972,0.0582,0,0.0235,-0.0572,0.9981,0,0.0062,19.525,-2.4818,1]},
{"frame":38,"values":[0.9986,0.0478,-0.0215,0,-0.0465,0.9972,0.0588,0,0.0242,-0.0578,0.998,0,0.0062,19.525,-2.4818,1]},
{"frame":39,"values":[0.9986,0.0476,-0.0222,0,-0.0462,0.9972,0.0594,0,0.0249,-0.0583,0.998,0,0.0062,19.525,-2.4818,1]},
{"frame":40,"values":[0.9986,0.0471,-0.0228,0,-0.0457,0.9972,0.0596,0,0.0255,-0.0584,0.998,0,0.0062,19.525,-2.4818,1]},
{"frame":41,"values":[0.9986,0.0465,-0.0234,0,-0.045,0.9972,0.0594,0,0.0261,-0.0583,0.998,0,0.0062,19.525,-2.4818,1]},
{"frame":42,"values":[0.9987,0.0459,-0.0242,0,-0.0444,0.9973,0.0592,0,0.0268,-0.0581,0.998,0,0.0062,19.525,-2.4818,1]},
{"frame":43,"values":[0.9987,0.0455,-0.0246,0,-0.0439,0.9973,0.0592,0,0.0273,-0.058,0.9979,0,0.0062,19.525,-2.4818,1]},
{"frame":44,"values":[0.9987,0.0451,-0.0247,0,-0.0435,0.9973,0.0592,0,0.0273,-0.0581,0.9979,0,0.0062,19.525,-2.4818,1]},
{"frame":45,"values":[0.9987,0.0447,-0.0247,0,-0.0432,0.9973,0.0592,0,0.0272,-0.058,0.9979,0,0.0062,19.525,-2.4818,1]},
{"frame":46,"values":[0.9987,0.0445,-0.0248,0,-0.043,0.9973,0.0589,0,0.0273,-0.0578,0.998,0,0.0062,19.525,-2.4818,1]},
{"frame":47,"values":[0.9987,0.0444,-0.0249,0,-0.0429,0.9974,0.0588,0,0.0274,-0.0576,0.998,0,0.0062,19.525,-2.4818,1]},
{"frame":48,"values":[0.9987,0.0444,-0.0249,0,-0.0428,0.9974,0.0586,0,0.0274,-0.0575,0.998,0,0.0062,19.525,-2.4818,1]},
{"frame":49,"values":[0.9987,0.0443,-0.0249,0,-0.0428,0.9974,0.0586,0,0.0274,-0.0574,0.998,0,0.0062,19.525,-2.4818,1]},
{"frame":50,"values":[0.9987,0.0443,-0.0248,0,-0.0428,0.9974,0.0585,0,0.0273,-0.0573,0.998,0,0.0062,19.525,-2.4818,1]},
{"frame":51,"values":[0.9987,0.0443,-0.0247,0,-0.0427,0.9974,0.0584,0,0.0272,-0.0573,0.998,0,0.0062,19.525,-2.4818,1]},
{"frame":52,"values":[0.9987,0.0443,-0.0246,0,-0.0428,0.9974,0.0584,0,0.0271,-0.0572,0.998,0,0.0062,19.525,-2.4818,1]},
{"frame":53,"values":[0.9987,0.0443,-0.0245,0,-0.0428,0.9974,0.0584,0,0.0271,-0.0573,0.998,0,0.0062,19.525,-2.4818,1]},
{"frame":54,"values":[0.9987,0.0444,-0.0245,0,-0.0429,0.9974,0.0584,0,0.027,-0.0573,0.998,0,0.0062,19.525,-2.4818,1]},
{"frame":55,"values":[0.9987,0.0445,-0.0243,0,-0.043,0.9974,0.0586,0,0.0269,-0.0574,0.998,0,0.0062,19.525,-2.4818,1]},
{"frame":56,"values":[0.9987,0.0446,-0.0242,0,-0.0431,0.9973,0.0587,0,0.0268,-0.0575,0.998,0,0.0062,19.525,-2.4818,1]},
{"frame":57,"values":[0.9987,0.0447,-0.0242,0,-0.0433,0.9973,0.0587,0,0.0268,-0.0576,0.998,0,0.0062,19.525,-2.4818,1]}],"loopBehavior":1,"name":"anim","property":"_matrix"}},
{"name":"mixamorig:Spine1","index":2,"matrix":[0.9996,0.0272,-0.0054,0,-0.0271,0.9994,0.0203,0,0.0059,-0.0201,0.9998,0,-0.0009,22.835,-2.8254,1],"rest":[1,0,0,0,0,1,0,0,0,0,1,0,-0.0009,22.835,-2.8254,1],"parentBoneIndex":1,"length":26.7438
,"animation":{"dataType":3,"framePerSecond":24,"keys":[
{"frame":1,"values":[0.9996,0.0272,-0.0054,0,-0.0271,0.9994,0.0203,0,0.0059,-0.0201,0.9998,0,-0.0009,22.835,-2.8254,1]},
{"frame":2,"values":[0.9996,0.0279,-0.005,0,-0.0278,0.9994,0.0195,0,0.0055,-0.0193,0.9998,0,-0.0009,22.835,-2.8254,1]},
{"frame":3,"values":[0.9996,0.0288,-0.0041,0,-0.0287,0.9994,0.0186,0,0.0046,-0.0184,0.9998,0,-0.0009,22.835,-2.8254,1]},
{"frame":4,"values":[0.9996,0.0298,-0.0029,0,-0.0297,0.9994,0.0175,0,0.0034,-0.0174,0.9998,0,-0.0009,22.835,-2.8254,1]},
{"frame":5,"values":[0.9995,0.0308,-0.0017,0,-0.0308,0.9994,0.016,0,0.0021,-0.0159,0.9999,0,-0.0009,22.835,-2.8254,1]},
{"frame":6,"values":[0.9995,0.0321,-0.0005,0,-0.0321,0.9994,0.0139,0,0.0009,-0.0139,0.9999,0,-0.0009,22.835,-2.8254,1]},
{"frame":7,"values":[0.9994,0.0336,0.0007,0,-0.0337,0.9994,0.0117,0,-0.0003,-0.0117,0.9999,0,-0.0009,22.835,-2.8254,1]},
{"frame":8,"values":[0.9994,0.0353,0.0021,0,-0.0353,0.9993,0.0099,0,-0.0018,-0.0099,0.9999,0,-0.0009,22.835,-2.8254,1]},
{"frame":9,"values":[0.9993,0.0371,0.0039,0,-0.0371,0.9993,0.0083,0,-0.0036,-0.0084,1,0,-0.0009,22.8351,-2.8254,1]},
{"frame":10,"values":[0.9992,0.0392,0.0059,0,-0.0392,0.9992,0.0064,0,-0.0056,-0.0066,1,0,-0.0009,22.835,-2.8254,1]},
{"frame":11,"values":[0.9991,0.0415,0.0081,0,-0.0415,0.9991,0.0041,0,-0.0079,-0.0045,1,0,-0.0009,22.835,-2.8254,1]},
{"frame":12,"values":[0.999,0.0438,0.0102,0,-0.0438,0.999,0.0021,0,-0.0101,-0.0026,0.9999,0,-0.0009,22.835,-2.8254,1]},
{"frame":13,"values":[0.9989,0.0459,0.0119,0,-0.0459,0.9989,0.0006,0,-0.0119,-0.0012,0.9999,0,-0.0009,22.835,-2.8254,1]},
{"frame":14,"values":[0.9988,0.0474,0.0127,0,-0.0474,0.9989,-0.0001,0,-0.0127,-0.0005,0.9999,0,-0.0009,22.835,-2.8254,1]},
{"frame":15,"values":[0.9987,0.0484,0.013,0,-0.0484,0.9988,-0.0002,0,-0.013,-0.0005,0.9999,0,-0.0009,22.835,-2.8254,1]},
{"frame":16,"values":[0.9987,0.0491,0.0133,0,-0.0491,0.9988,0.0004,0,-0.0132,-0.0011,0.9999,0,-0.0009,22.835,-2.8254,1]},
{"frame":17,"values":[0.9987,0.0495,0.0138,0,-0.0495,0.9988,0.0012,0,-0.0137,-0.0019,0.9999,0,-0.0009,22.835,-2.8254,1]},
{"frame":18,"values":[0.9987,0.0496,0.0142,0,-0.0496,0.9988,0.0018,0,-0.014,-0.0025,0.9999,0,-0.0009,22.835,-2.8254,1]},
{"frame":19,"values":[0.9987,0.0495,0.0142,0,-0.0495,0.9988,0.0025,0,-0.0141,-0.0032,0.9999,0,-0.0009,22.835,-2.8254,1]},
{"frame":20,"values":[0.9987,0.0493,0.0141,0,-0.0494,0.9988,0.0032,0,-0.0139,-0.0039,0.9999,0,-0.0009,22.835,-2.8254,1]},
{"frame":21,"values":[0.9987,0.049,0.014,0,-0.049,0.9988,0.004,0,-0.0138,-0.0047,0.9999,0,-0.0009,22.835,-2.8254,1]},
{"frame":22,"values":[0.9987,0.0484,0.0138,0,-0.0485,0.9988,0.0048,0,-0.0136,-0.0054,0.9999,0,-0.0009,22.835,-2.8254,1]},
{"frame":23,"values":[0.9988,0.0478,0.0138,0,-0.0479,0.9988,0.0055,0,-0.0135,-0.0061,0.9999,0,-0.0009,22.835,-2.8254,1]},
{"frame":24,"values":[0.9988,0.0472,0.0139,0,-0.0473,0.9989,0.0061,0,-0.0136,-0.0067,0.9999,0,-0.0009,22.835,-2.8254,1]},
{"frame":25,"values":[0.9988,0.0463,0.0139,0,-0.0464,0.9989,0.0066,0,-0.0136,-0.0072,0.9999,0,-0.0009,22.835,-2.8254,1]},
{"frame":26,"values":[0.9989,0.0451,0.0135,0,-0.0452,0.999,0.0069,0,-0.0132,-0.0075,0.9999,0,-0.0009,22.835,-2.8254,1]},
{"frame":27,"values":[0.999,0.0438,0.013,0,-0.0439,0.999,0.0072,0,-0.0127,-0.0078,0.9999,0,-0.0009,22.835,-2.8254,1]},
{"frame":28,"values":[0.999,0.0421,0.0123,0,-0.0422,0.9991,0.0075,0,-0.012,-0.008,0.9999,0,-0.0009,22.835,-2.8254,1]},
{"frame":29,"values":[0.9991,0.0401,0.0114,0,-0.0402,0.9992,0.0082,0,-0.011,-0.0087,0.9999,0,-0.0009,22.835,-2.8254,1]},
{"frame":30,"values":[0.9992,0.0379,0.0102,0,-0.038,0.9992,0.0092,0,-0.0098,-0.0096,0.9999,0,-0.0009,22.835,-2.8254,1]},
{"frame":31,"values":[0.9993,0.0361,0.0088,0,-0.0362,0.9993,0.0103,0,-0.0084,-0.0106,0.9999,0,-0.0009,22.835,-2.8254,1]},
{"frame":32,"values":[0.9994,0.0346,0.0074,0,-0.0347,0.9993,0.0115,0,-0.007,-0.0118,0.9999,0,-0.0009,22.835,-2.8254,1]},
{"frame":33,"values":[0.9994,0.0334,0.0061,0,-0.0335,0.9994,0.0129,0,-0.0056,-0.0131,0.9999,0,-0.0009,22.835,-2.8254,1]},
{"frame":34,"values":[0.9995,0.0325,0.0047,0,-0.0325,0.9994,0.0145,0,-0.0042,-0.0146,0.9999,0,-0.0009,22.835,-2.8254,1]},
{"frame":35,"values":[0.9995,0.0318,0.0032,0,-0.0319,0.9994,0.016,0,-0.0027,-0.0161,0.9999,0,-0.0009,22.835,-2.8254,1]},
{"frame":36,"values":[0.9995,0.0316,0.0018,0,-0.0317,0.9994,0.0171,0,-0.0012,-0.0172,0.9999,0,-0.0009,22.835,-2.8254,1]},
{"frame":37,"values":[0.9995,0.0319,0.0005,0,-0.0319,0.9993,0.018,0,0.0001,-0.018,0.9998,0,-0.0009,22.835,-2.8254,1]},
{"frame":38,"values":[0.9995,0.0322,-0.0007,0,-0.0322,0.9993,0.0189,0,0.0014,-0.0189,0.9998,0,-0.0009,22.835,-2.8254,1]},
{"frame":39,"values":[0.9995,0.0322,-0.0019,0,-0.0322,0.9993,0.0198,0,0.0026,-0.0197,0.9998,0,-0.0009,22.835,-2.8254,1]},
{"frame":40,"values":[0.9995,0.0317,-0.0029,0,-0.0317,0.9993,0.02,0,0.0036,-0.0199,0.9998,0,-0.0009,22.835,-2.8254,1]},
{"frame":41,"values":[0.9995,0.031,-0.0041,0,-0.0309,0.9993,0.0197,0,0.0047,-0.0196,0.9998,0,-0.0009,22.835,-2.8254,1]},
{"frame":42,"values":[0.9995,0.0302,-0.0053,0,-0.0301,0.9994,0.0193,0,0.0059,-0.0192,0.9998,0,-0.0009,22.835,-2.8254,1]},
{"frame":43,"values":[0.9995,0.0294,-0.0061,0,-0.0293,0.9994,0.0193,0,0.0067,-0.0191,0.9998,0,-0.0009,22.835,-2.8254,1]},
{"frame":44,"values":[0.9996,0.0287,-0.0062,0,-0.0285,0.9994,0.0194,0,0.0068,-0.0192,0.9998,0,-0.0009,22.835,-2.8254,1]},
{"frame":45,"values":[0.9996,0.028,-0.0062,0,-0.0278,0.9994,0.0193,0,0.0067,-0.0192,0.9998,0,-0.0009,22.835,-2.8254,1]},
{"frame":46,"values":[0.9996,0.0274,-0.0063,0,-0.0272,0.9994,0.0192,0,0.0069,-0.019,0.9998,0,-0.0009,22.835,-2.8254,1]},
{"frame":47,"values":[0.9996,0.0269,-0.0065,0,-0.0268,0.9995,0.0191,0,0.007,-0.0189,0.9998,0,-0.0009,22.835,-2.8254,1]},
{"frame":48,"values":[0.9996,0.0266,-0.0065,0,-0.0264,0.9995,0.0191,0,0.007,-0.0189,0.9998,0,-0.0009,22.835,-2.8254,1]},
{"frame":49,"values":[0.9996,0.0264,-0.0065,0,-0.0262,0.9995,0.0191,0,0.007,-0.0189,0.9998,0,-0.0009,22.835,-2.8254,1]},
{"frame":50,"values":[0.9996,0.0263,-0.0064,0,-0.0262,0.9995,0.0191,0,0.0069,-0.0189,0.9998,0,-0.0009,22.835,-2.8254,1]},
{"frame":51,"values":[0.9996,0.0263,-0.0062,0,-0.0262,0.9995,0.0191,0,0.0067,-0.0189,0.9998,0,-0.0009,22.835,-2.8254,1]},
{"frame":52,"values":[0.9996,0.0263,-0.006,0,-0.0262,0.9995,0.0191,0,0.0065,-0.0189,0.9998,0,-0.0009,22.835,-2.8254,1]},
{"frame":53,"values":[0.9996,0.0264,-0.0059,0,-0.0263,0.9995,0.0192,0,0.0064,-0.019,0.9998,0,-0.0009,22.835,-2.8254,1]},
{"frame":54,"values":[0.9996,0.0266,-0.0057,0,-0.0265,0.9995,0.0195,0,0.0063,-0.0193,0.9998,0,-0.0009,22.835,-2.8254,1]},
{"frame":55,"values":[0.9996,0.0268,-0.0056,0,-0.0267,0.9994,0.0198,0,0.0061,-0.0196,0.9998,0,-0.0009,22.835,-2.8254,1]},
{"frame":56,"values":[0.9996,0.027,-0.0054,0,-0.0269,0.9994,0.0201,0,0.006,-0.0199,0.9998,0,-0.0009,22.835,-2.8254,1]},
{"frame":57,"values":[0.9996,0.0272,-0.0054,0,-0.0271,0.9994,0.0203,0,0.0059,-0.0201,0.9998,0,-0.0009,22.835,-2.8254,1]}],"loopBehavior":1,"name":"anim","property":"_matrix"}},
{"name":"mixamorig:Spine2","index":3,"matrix":[0.9996,0.0273,-0.0058,0,-0.0272,0.9994,0.0198,0,0.0063,-0.0197,0.9998,0,-0.0206,26.5525,-3.1933,1],"rest":[1,0,0,0,0,1,0,0,0,0,1,0,-0.0206,26.5525,-3.1933,1],"parentBoneIndex":2,"length":24.825
,"animation":{"dataType":3,"framePerSecond":24,"keys":[
{"frame":1,"values":[0.9996,0.0273,-0.0058,0,-0.0272,0.9994,0.0198,0,0.0063,-0.0197,0.9998,0,-0.0206,26.5525,-3.1933,1]},
{"frame":2,"values":[0.9996,0.028,-0.0054,0,-0.0279,0.9994,0.019,0,0.0059,-0.0189,0.9998,0,-0.0206,26.5525,-3.1933,1]},
{"frame":3,"values":[0.9996,0.0288,-0.0045,0,-0.0287,0.9994,0.0181,0,0.005,-0.018,0.9998,0,-0.0206,26.5525,-3.1933,1]},
{"frame":4,"values":[0.9996,0.0298,-0.0032,0,-0.0297,0.9994,0.017,0,0.0037,-0.0169,0.9999,0,-0.0206,26.5525,-3.1933,1]},
{"frame":5,"values":[0.9995,0.0308,-0.002,0,-0.0308,0.9994,0.0155,0,0.0024,-0.0154,0.9999,0,-0.0206,26.5525,-3.1933,1]},
{"frame":6,"values":[0.9995,0.0321,-0.0008,0,-0.0321,0.9994,0.0135,0,0.0012,-0.0134,0.9999,0,-0.0206,26.5525,-3.1933,1]},
{"frame":7,"values":[0.9994,0.0336,0.0005,0,-0.0336,0.9994,0.0113,0,-0.0001,-0.0113,0.9999,0,-0.0206,26.5525,-3.1933,1]},
{"frame":8,"values":[0.9994,0.0352,0.0019,0,-0.0352,0.9993,0.0094,0,-0.0016,-0.0095,1,0,-0.0206,26.5525,-3.1933,1]},
{"frame":9,"values":[0.9993,0.037,0.0037,0,-0.037,0.9993,0.0078,0,-0.0034,-0.008,1,0,-0.0206,26.5525,-3.1933,1]},
{"frame":10,"values":[0.9992,0.0391,0.0057,0,-0.0391,0.9992,0.0059,0,-0.0055,-0.0061,1,0,-0.0206,26.5525,-3.1933,1]},
{"frame":11,"values":[0.9991,0.0413,0.0079,0,-0.0414,0.9991,0.0036,0,-0.0078,-0.004,1,0,-0.0206,26.5525,-3.1933,1]},
{"frame":12,"values":[0.999,0.0436,0.0101,0,-0.0437,0.999,0.0016,0,-0.01,-0.0021,0.9999,0,-0.0206,26.5525,-3.1933,1]},
{"frame":13,"values":[0.9989,0.0457,0.0119,0,-0.0457,0.999,0.0002,0,-0.0118,-0.0007,0.9999,0,-0.0206,26.5525,-3.1933,1]},
{"frame":14,"values":[0.9988,0.0472,0.0127,0,-0.0472,0.9989,-0.0006,0,-0.0127,0,0.9999,0,-0.0206,26.5525,-3.1933,1]},
{"frame":15,"values":[0.9988,0.0482,0.013,0,-0.0482,0.9988,-0.0006,0,-0.013,0,0.9999,0,-0.0206,26.5525,-3.1933,1]},
{"frame":16,"values":[0.9987,0.0489,0.0133,0,-0.0489,0.9988,-0.0001,0,-0.0133,-0.0006,0.9999,0,-0.0206,26.5525,-3.1933,1]},
{"frame":17,"values":[0.9987,0.0493,0.0138,0,-0.0493,0.9988,0.0007,0,-0.0138,-0.0014,0.9999,0,-0.0206,26.5525,-3.1933,1]},
{"frame":18,"values":[0.9987,0.0493,0.0142,0,-0.0494,0.9988,0.0014,0,-0.0141,-0.0021,0.9999,0,-0.0206,26.5525,-3.1933,1]},
{"frame":19,"values":[0.9987,0.0493,0.0142,0,-0.0493,0.9988,0.002,0,-0.0141,-0.0027,0.9999,0,-0.0206,26.5525,-3.1933,1]},
{"frame":20,"values":[0.9987,0.0491,0.0141,0,-0.0491,0.9988,0.0027,0,-0.014,-0.0034,0.9999,0,-0.0206,26.5525,-3.1933,1]},
{"frame":21,"values":[0.9987,0.0488,0.014,0,-0.0488,0.9988,0.0035,0,-0.0138,-0.0042,0.9999,0,-0.0206,26.5525,-3.1933,1]},
{"frame":22,"values":[0.9987,0.0482,0.0138,0,-0.0483,0.9988,0.0043,0,-0.0136,-0.005,0.9999,0,-0.0206,26.5525,-3.1933,1]},
{"frame":23,"values":[0.9988,0.0476,0.0138,0,-0.0477,0.9988,0.005,0,-0.0135,-0.0057,0.9999,0,-0.0206,26.5525,-3.1933,1]},
{"frame":24,"values":[0.9988,0.047,0.0139,0,-0.047,0.9989,0.0056,0,-0.0136,-0.0063,0.9999,0,-0.0206,26.5525,-3.1933,1]},
{"frame":25,"values":[0.9988,0.0461,0.0139,0,-0.0462,0.9989,0.0061,0,-0.0136,-0.0067,0.9999,0,-0.0206,26.5525,-3.1933,1]},
{"frame":26,"values":[0.9989,0.045,0.0134,0,-0.045,0.999,0.0065,0,-0.0131,-0.0071,0.9999,0,-0.0206,26.5525,-3.1933,1]},
{"frame":27,"values":[0.999,0.0436,0.0129,0,-0.0437,0.999,0.0067,0,-0.0126,-0.0073,0.9999,0,-0.0206,26.5525,-3.1933,1]},
{"frame":28,"values":[0.999,0.042,0.0122,0,-0.0421,0.9991,0.0071,0,-0.0119,-0.0076,0.9999,0,-0.0206,26.5525,-3.1933,1]},
{"frame":29,"values":[0.9991,0.0399,0.0112,0,-0.04,0.9992,0.0078,0,-0.0109,-0.0082,0.9999,0,-0.0206,26.5525,-3.1933,1]},
{"frame":30,"values":[0.9992,0.0378,0.0099,0,-0.0379,0.9992,0.0088,0,-0.0096,-0.0091,0.9999,0,-0.0206,26.5525,-3.1933,1]},
{"frame":31,"values":[0.9993,0.036,0.0086,0,-0.036,0.9993,0.0099,0,-0.0082,-0.0102,0.9999,0,-0.0206,26.5525,-3.1933,1]},
{"frame":32,"values":[0.9994,0.0345,0.0072,0,-0.0346,0.9993,0.0111,0,-0.0068,-0.0113,0.9999,0,-0.0206,26.5525,-3.1933,1]},
{"frame":33,"values":[0.9994,0.0333,0.0058,0,-0.0334,0.9994,0.0124,0,-0.0054,-0.0126,0.9999,0,-0.0206,26.5525,-3.1933,1]},
{"frame":34,"values":[0.9995,0.0324,0.0044,0,-0.0325,0.9994,0.014,0,-0.0039,-0.0141,0.9999,0,-0.0206,26.5525,-3.1933,1]},
{"frame":35,"values":[0.9995,0.0318,0.0029,0,-0.0318,0.9994,0.0155,0,-0.0024,-0.0156,0.9999,0,-0.0206,26.5525,-3.1933,1]},
{"frame":36,"values":[0.9995,0.0316,0.0015,0,-0.0316,0.9994,0.0167,0,-0.0009,-0.0167,0.9999,0,-0.0206,26.5525,-3.1933,1]},
{"frame":37,"values":[0.9995,0.0319,0.0002,0,-0.0319,0.9993,0.0175,0,0.0004,-0.0175,0.9998,0,-0.0206,26.5525,-3.1933,1]},
{"frame":38,"values":[0.9995,0.0322,-0.0011,0,-0.0322,0.9993,0.0185,0,0.0017,-0.0184,0.9998,0,-0.0206,26.5525,-3.1933,1]},
{"frame":39,"values":[0.9995,0.0323,-0.0022,0,-0.0322,0.9993,0.0193,0,0.0029,-0.0192,0.9998,0,-0.0206,26.5525,-3.1933,1]},
{"frame":40,"values":[0.9995,0.0318,-0.0033,0,-0.0317,0.9993,0.0196,0,0.0039,-0.0195,0.9998,0,-0.0206,26.5525,-3.1933,1]},
{"frame":41,"values":[0.9995,0.031,-0.0044,0,-0.0309,0.9993,0.0193,0,0.005,-0.0191,0.9998,0,-0.0206,26.5525,-3.1933,1]},
{"frame":42,"values":[0.9995,0.0303,-0.0057,0,-0.0302,0.9994,0.0189,0,0.0063,-0.0187,0.9998,0,-0.0206,26.5525,-3.1933,1]},
{"frame":43,"values":[0.9995,0.0295,-0.0065,0,-0.0294,0.9994,0.0189,0,0.0071,-0.0187,0.9998,0,-0.0206,26.5525,-3.1933,1]},
{"frame":44,"values":[0.9996,0.0287,-0.0066,0,-0.0286,0.9994,0.0189,0,0.0072,-0.0187,0.9998,0,-0.0206,26.5525,-3.1933,1]},
{"frame":45,"values":[0.9996,0.028,-0.0066,0,-0.0279,0.9994,0.0189,0,0.0071,-0.0187,0.9998,0,-0.0206,26.5525,-3.1933,1]},
{"frame":46,"values":[0.9996,0.0275,-0.0067,0,-0.0273,0.9995,0.0188,0,0.0073,-0.0186,0.9998,0,-0.0206,26.5525,-3.1933,1]},
{"frame":47,"values":[0.9996,0.027,-0.0069,0,-0.0269,0.9995,0.0187,0,0.0074,-0.0185,0.9998,0,-0.0206,26.5525,-3.1933,1]},
{"frame":48,"values":[0.9996,0.0267,-0.0069,0,-0.0265,0.9995,0.0187,0,0.0074,-0.0185,0.9998,0,-0.0206,26.5525,-3.1933,1]},
{"frame":49,"values":[0.9996,0.0265,-0.0069,0,-0.0263,0.9995,0.0187,0,0.0074,-0.0185,0.9998,0,-0.0206,26.5525,-3.1933,1]},
{"frame":50,"values":[0.9996,0.0264,-0.0068,0,-0.0263,0.9995,0.0186,0,0.0073,-0.0185,0.9998,0,-0.0206,26.5525,-3.1933,1]},
{"frame":51,"values":[0.9996,0.0264,-0.0066,0,-0.0262,0.9995,0.0186,0,0.0071,-0.0184,0.9998,0,-0.0206,26.5525,-3.1933,1]},
{"frame":52,"values":[0.9996,0.0264,-0.0064,0,-0.0262,0.9995,0.0186,0,0.0069,-0.0185,0.9998,0,-0.0206,26.5525,-3.1933,1]},
{"frame":53,"values":[0.9996,0.0265,-0.0063,0,-0.0263,0.9995,0.0188,0,0.0068,-0.0186,0.9998,0,-0.0206,26.5525,-3.1933,1]},
{"frame":54,"values":[0.9996,0.0266,-0.0062,0,-0.0265,0.9995,0.019,0,0.0067,-0.0188,0.9998,0,-0.0206,26.5525,-3.1933,1]},
{"frame":55,"values":[0.9996,0.0268,-0.006,0,-0.0267,0.9995,0.0193,0,0.0065,-0.0192,0.9998,0,-0.0206,26.5525,-3.1933,1]},
{"frame":56,"values":[0.9996,0.027,-0.0058,0,-0.0269,0.9994,0.0196,0,0.0063,-0.0195,0.9998,0,-0.0206,26.5525,-3.1933,1]},
{"frame":57,"values":[0.9996,0.0273,-0.0058,0,-0.0272,0.9994,0.0198,0,0.0063,-0.0197,0.9998,0,-0.0206,26.5525,-3.1933,1]}],"loopBehavior":1,"name":"anim","property":"_matrix"}},
{"name":"mixamorig:Neck","index":4,"matrix":[1,0.0078,0.0021,0,-0.0079,0.9952,0.098,0,-0.0014,-0.098,0.9952,0,-0.06,30.7018,1.3522,1],"rest":[1,0,0,0,0,1,0,0,0,0,1,0,-0.06,30.7018,1.3522,1],"parentBoneIndex":3,"length":22.8446
,"animation":{"dataType":3,"framePerSecond":24,"keys":[
{"frame":1,"values":[1,0.0078,0.0021,0,-0.0079,0.9952,0.098,0,-0.0014,-0.098,0.9952,0,-0.06,30.7018,1.3522,1]},
{"frame":2,"values":[0.9999,0.0094,0.0037,0,-0.0097,0.9953,0.0967,0,-0.0028,-0.0967,0.9953,0,-0.06,30.7018,1.3522,1]},
{"frame":3,"values":[0.9999,0.0123,0.0067,0,-0.0129,0.9954,0.0945,0,-0.0055,-0.0946,0.9955,0,-0.06,30.7018,1.3522,1]},
{"frame":4,"values":[0.9998,0.0169,0.0121,0,-0.0179,0.9957,0.0908,0,-0.0105,-0.091,0.9958,0,-0.06,30.7019,1.3522,1]},
{"frame":5,"values":[0.9995,0.0233,0.0202,0,-0.025,0.9961,0.085,0,-0.0182,-0.0855,0.9962,0,-0.06,30.7018,1.3522,1]},
{"frame":6,"values":[0.999,0.0318,0.031,0,-0.0341,0.9965,0.0768,0,-0.0285,-0.0778,0.9966,0,-0.06,30.7018,1.3522,1]},
{"frame":7,"values":[0.9982,0.0424,0.0435,0,-0.0452,0.9968,0.0663,0,-0.0406,-0.0681,0.9969,0,-0.06,30.7018,1.3522,1]},
{"frame":8,"values":[0.9968,0.0556,0.0572,0,-0.0587,0.9968,0.0535,0,-0.054,-0.0567,0.9969,0,-0.06,30.7018,1.3522,1]},
{"frame":9,"values":[0.9951,0.0696,0.0707,0,-0.0726,0.9965,0.0406,0,-0.0676,-0.0455,0.9967,0,-0.06,30.7018,1.3522,1]},
{"frame":10,"values":[0.9933,0.0811,0.0824,0,-0.0838,0.996,0.0301,0,-0.0796,-0.0368,0.9961,0,-0.06,30.7019,1.3522,1]},
{"frame":11,"values":[0.9918,0.089,0.0917,0,-0.0913,0.9956,0.0219,0,-0.0893,-0.0301,0.9955,0,-0.06,30.7018,1.3522,1]},
{"frame":12,"values":[0.9908,0.0933,0.0983,0,-0.0953,0.9953,0.0158,0,-0.0964,-0.025,0.995,0,-0.06,30.7018,1.3522,1]},
{"frame":13,"values":[0.99,0.096,0.1033,0,-0.0978,0.9951,0.0119,0,-0.1017,-0.0219,0.9946,0,-0.06,30.7018,1.3522,1]},
{"frame":14,"values":[0.9893,0.0983,0.1074,0,-0.0999,0.9949,0.0096,0,-0.1059,-0.0203,0.9942,0,-0.06,30.7018,1.3522,1]},
{"frame":15,"values":[0.9888,0.1004,0.1107,0,-0.1019,0.9948,0.0074,0,-0.1094,-0.0186,0.9938,0,-0.06,30.7018,1.3522,1]},
{"frame":16,"values":[0.9884,0.102,0.113,0,-0.1032,0.9946,0.005,0,-0.1118,-0.0166,0.9936,0,-0.06,30.7018,1.3522,1]},
{"frame":17,"values":[0.9881,0.1032,0.1143,0,-0.1043,0.9945,0.0032,0,-0.1133,-0.0151,0.9934,0,-0.06,30.7018,1.3522,1]},
{"frame":18,"values":[0.9879,0.1043,0.1146,0,-0.1053,0.9944,0.0027,0,-0.1137,-0.0147,0.9934,0,-0.06,30.7018,1.3522,1]},
{"frame":19,"values":[0.9879,0.1049,0.1138,0,-0.106,0.9944,0.0035,0,-0.1128,-0.0155,0.9935,0,-0.06,30.7018,1.3522,1]},
{"frame":20,"values":[0.9881,0.1048,0.1121,0,-0.1061,0.9943,0.0057,0,-0.1109,-0.0175,0.9937,0,-0.06,30.7018,1.3522,1]},
{"frame":21,"values":[0.9884,0.1044,0.1098,0,-0.1061,0.9943,0.0092,0,-0.1083,-0.0207,0.9939,0,-0.06,30.7018,1.3522,1]},
{"frame":22,"values":[0.9888,0.1039,0.107,0,-0.1059,0.9943,0.0137,0,-0.1049,-0.0249,0.9942,0,-0.06,30.7018,1.3522,1]},
{"frame":23,"values":[0.9893,0.1029,0.1032,0,-0.1054,0.9943,0.0186,0,-0.1007,-0.0292,0.9945,0,-0.06,30.7018,1.3522,1]},
{"frame":24,"values":[0.99,0.1012,0.0982,0,-0.1039,0.9943,0.0229,0,-0.0954,-0.0329,0.9949,0,-0.06,30.7019,1.3522,1]},
{"frame":25,"values":[0.9908,0.0991,0.0926,0,-0.102,0.9944,0.0267,0,-0.0895,-0.0359,0.9953,0,-0.06,30.7018,1.3522,1]},
{"frame":26,"values":[0.9915,0.097,0.087,0,-0.1,0.9945,0.0304,0,-0.0836,-0.0389,0.9957,0,-0.06,30.7019,1.3522,1]},
{"frame":27,"values":[0.9922,0.0946,0.0813,0,-0.0976,0.9947,0.0338,0,-0.0777,-0.0415,0.9961,0,-0.06,30.7018,1.3522,1]},
{"frame":28,"values":[0.993,0.0914,0.0751,0,-0.0943,0.9949,0.0359,0,-0.0715,-0.0427,0.9965,0,-0.06,30.7019,1.3522,1]},
{"frame":29,"values":[0.9938,0.0877,0.0686,0,-0.0904,0.9952,0.037,0,-0.065,-0.043,0.997,0,-0.06,30.7018,1.3522,1]},
{"frame":30,"values":[0.9946,0.0838,0.0619,0,-0.0862,0.9955,0.0382,0,-0.0584,-0.0433,0.9974,0,-0.06,30.7018,1.3522,1]},
{"frame":31,"values":[0.9953,0.0792,0.055,0,-0.0815,0.9959,0.0396,0,-0.0516,-0.0439,0.9977,0,-0.06,30.7018,1.3522,1]},
{"frame":32,"values":[0.9962,0.0731,0.0478,0,-0.0751,0.9963,0.0413,0,-0.0446,-0.0448,0.998,0,-0.06,30.7018,1.3522,1]},
{"frame":33,"values":[0.9971,0.0649,0.0401,0,-0.0667,0.9968,0.0442,0,-0.0371,-0.0468,0.9982,0,-0.06,30.7018,1.3522,1]},
{"frame":34,"values":[0.998,0.0547,0.0326,0,-0.0563,0.9972,0.0488,0,-0.0298,-0.0505,0.9983,0,-0.06,30.7018,1.3522,1]},
{"frame":35,"values":[0.9988,0.0427,0.0254,0,-0.0441,0.9975,0.055,0,-0.023,-0.056,0.9982,0,-0.06,30.7018,1.3522,1]},
{"frame":36,"values":[0.9994,0.0293,0.0186,0,-0.0305,0.9975,0.0633,0,-0.0167,-0.0638,0.9978,0,-0.06,30.7018,1.3522,1]},
{"frame":37,"values":[0.9998,0.0162,0.0121,0,-0.017,0.9972,0.0729,0,-0.0109,-0.0731,0.9973,0,-0.06,30.7018,1.3522,1]},
{"frame":38,"values":[1,0.0051,0.0068,0,-0.0056,0.9966,0.0819,0,-0.0063,-0.0819,0.9966,0,-0.06,30.7018,1.3522,1]},
{"frame":39,"values":[1,-0.0035,0.003,0,0.0032,0.996,0.0897,0,-0.0033,-0.0897,0.996,0,-0.06,30.7018,1.3522,1]},
{"frame":40,"values":[1,-0.0096,0.0007,0,0.0095,0.9952,0.0975,0,-0.0016,-0.0975,0.9952,0,-0.06,30.7018,1.3522,1]},
{"frame":41,"values":[0.9999,-0.0136,-0.0006,0,0.0136,0.9944,0.1051,0,-0.0008,-0.1051,0.9945,0,-0.06,30.7018,1.3522,1]},
{"frame":42,"values":[0.9999,-0.0155,-0.0016,0,0.0155,0.9938,0.1104,0,-0.0001,-0.1104,0.9939,0,-0.06,30.7018,1.3522,1]},
{"frame":43,"values":[0.9999,-0.0159,-0.0026,0,0.0161,0.9935,0.1127,0,0.0008,-0.1128,0.9936,0,-0.06,30.7018,1.3522,1]},
{"frame":44,"values":[0.9999,-0.0154,-0.0034,0,0.0157,0.9934,0.1135,0,0.0017,-0.1136,0.9935,0,-0.06,30.7018,1.3522,1]},
{"frame":45,"values":[0.9999,-0.0146,-0.0039,0,0.0149,0.9934,0.114,0,0.0022,-0.114,0.9935,0,-0.06,30.7019,1.3522,1]},
{"frame":46,"values":[0.9999,-0.0132,-0.0041,0,0.0136,0.9934,0.1137,0,0.0026,-0.1137,0.9935,0,-0.06,30.7018,1.3522,1]},
{"frame":47,"values":[0.9999,-0.011,-0.0043,0,0.0114,0.9936,0.1122,0,0.003,-0.1122,0.9937,0,-0.06,30.7018,1.3522,1]},
{"frame":48,"values":[1,-0.008,-0.0043,0,0.0084,0.9939,0.1101,0,0.0034,-0.1101,0.9939,0,-0.06,30.7018,1.3522,1]},
{"frame":49,"values":[1,-0.0048,-0.0039,0,0.0052,0.9941,0.1082,0,0.0034,-0.1082,0.9941,0,-0.06,30.7019,1.3522,1]},
{"frame":50,"values":[1,-0.0021,-0.0032,0,0.0024,0.9943,0.1064,0,0.003,-0.1064,0.9943,0,-0.06,30.7018,1.3522,1]},
{"frame":51,"values":[1,0.0003,-0.0023,0,0,0.9945,0.1044,0,0.0023,-0.1044,0.9945,0,-0.06,30.7018,1.3522,1]},
{"frame":52,"values":[1,0.0021,-0.0013,0,-0.002,0.9947,0.1023,0,0.0015,-0.1023,0.9947,0,-0.06,30.7018,1.3522,1]},
{"frame":53,"values":[1,0.0036,-0.0004,0,-0.0035,0.9949,0.1005,0,0.0007,-0.1005,0.9949,0,-0.06,30.7018,1.3522,1]},
{"frame":54,"values":[1,0.0048,0.0004,0,-0.0048,0.9951,0.099,0,0.0001,-0.099,0.9951,0,-0.06,30.7018,1.3522,1]},
{"frame":55,"values":[1,0.006,0.0011,0,-0.0061,0.9952,0.0981,0,-0.0005,-0.0981,0.9952,0,-0.06,30.7019,1.3522,1]},
{"frame":56,"values":[1,0.0071,0.0017,0,-0.0072,0.9952,0.0978,0,-0.001,-0.0978,0.9952,0,-0.06,30.7018,1.3522,1]},
{"frame":57,"values":[1,0.0078,0.0021,0,-0.0079,0.9952,0.098,0,-0.0014,-0.098,0.9952,0,-0.06,30.7018,1.3522,1]}],"loopBehavior":1,"name":"anim","property":"_matrix"}},
{"name":"mixamorig:Head","index":5,"matrix":[0.9997,-0.0046,-0.0236,0,0.0014,0.9913,-0.1317,0,0.024,0.1316,0.991,0,-0.0872,22.5476,3.6709,1],"rest":[1,0,0,0,0,1,0,0,0,0,1,0,-0.0872,22.5476,3.6709,1],"parentBoneIndex":4,"length":30.5923
,"animation":{"dataType":3,"framePerSecond":24,"keys":[
{"frame":1,"values":[0.9997,-0.0046,-0.0236,0,0.0014,0.9913,-0.1317,0,0.024,0.1316,0.991,0,-0.0872,22.5476,3.6709,1]},
{"frame":2,"values":[0.9998,-0.004,-0.0177,0,0.0016,0.9914,-0.1307,0,0.0181,0.1307,0.9913,0,-0.0872,22.5476,3.6709,1]},
{"frame":3,"values":[1,-0.0011,-0.0054,0,0.0004,0.9913,-0.1317,0,0.0055,0.1317,0.9913,0,-0.0872,22.5476,3.6709,1]},
{"frame":4,"values":[0.9998,0.0066,0.0183,0,-0.0042,0.9912,-0.1324,0,-0.019,0.1323,0.991,0,-0.0872,22.5476,3.6709,1]},
{"frame":5,"values":[0.9983,0.0205,0.0552,0,-0.0131,0.9913,-0.1309,0,-0.0574,0.13,0.9899,0,-0.0872,22.5476,3.6709,1]},
{"frame":6,"values":[0.9937,0.0403,0.1044,0,-0.0264,0.991,-0.1311,0,-0.1087,0.1276,0.9859,0,-0.0872,22.5476,3.6709,1]},
{"frame":7,"values":[0.9848,0.0656,0.161,0,-0.0432,0.9893,-0.1394,0,-0.1685,0.1303,0.9771,0,-0.0872,22.5477,3.6709,1]},
{"frame":8,"values":[0.9701,0.0982,0.2219,0,-0.0631,0.9851,-0.1601,0,-0.2343,0.1413,0.9618,0,-0.0872,22.5476,3.6709,1]},
{"frame":9,"values":[0.9502,0.1348,0.2808,0,-0.0827,0.9783,-0.1898,0,-0.3004,0.1572,0.9408,0,-0.0872,22.5476,3.6709,1]},
{"frame":10,"values":[0.9289,0.1652,0.3315,0,-0.0955,0.9716,-0.2165,0,-0.3578,0.1695,0.9183,0,-0.0872,22.5476,3.6709,1]},
{"frame":11,"values":[0.9106,0.1821,0.371,0,-0.0996,0.9679,-0.2307,0,-0.4011,0.1731,0.8995,0,-0.0872,22.5476,3.6709,1]},
{"frame":12,"values":[0.8973,0.1883,0.3993,0,-0.0984,0.967,-0.2349,0,-0.4304,0.1715,0.8862,0,-0.0872,22.5476,3.6709,1]},
{"frame":13,"values":[0.8868,0.1912,0.4208,0,-0.0964,0.9669,-0.2361,0,-0.452,0.1688,0.8759,0,-0.0872,22.5476,3.6709,1]},
{"frame":14,"values":[0.878,0.1935,0.4378,0,-0.0959,0.9672,-0.2351,0,-0.469,0.1644,0.8678,0,-0.0872,22.5476,3.6709,1]},
{"frame":15,"values":[0.8703,0.1968,0.4515,0,-0.0972,0.9673,-0.2343,0,-0.4828,0.16,0.861,0,-0.0872,22.5476,3.6709,1]},
{"frame":16,"values":[0.8641,0.202,0.461,0,-0.0993,0.9663,-0.2375,0,-0.4934,0.1594,0.855,0,-0.0872,22.5476,3.6709,1]},
{"frame":17,"values":[0.8598,0.2074,0.4665,0,-0.101,0.9648,-0.2428,0,-0.5005,0.1617,0.8505,0,-0.0872,22.5476,3.6709,1]},
{"frame":18,"values":[0.8585,0.211,0.4673,0,-0.1027,0.9637,-0.2465,0,-0.5023,0.1636,0.849,0,-0.0872,22.5476,3.6709,1]},
{"frame":19,"values":[0.8601,0.2134,0.4633,0,-0.1048,0.9629,-0.2488,0,-0.4992,0.1654,0.8505,0,-0.0872,22.5476,3.6709,1]},
{"frame":20,"values":[0.8639,0.2151,0.4554,0,-0.107,0.9619,-0.2514,0,-0.4922,0.1685,0.854,0,-0.0872,22.5476,3.6709,1]},
{"frame":21,"values":[0.8691,0.2163,0.4449,0,-0.1093,0.9611,-0.2537,0,-0.4825,0.1718,0.8589,0,-0.0872,22.5476,3.6709,1]},
{"frame":22,"values":[0.8756,0.2166,0.4317,0,-0.1123,0.9606,-0.2542,0,-0.4698,0.1741,0.8654,0,-0.0872,22.5476,3.6709,1]},
