{"producer":{"name":"Blender","version":"2.90.0","exporter_version":"2.80.1","file":"option_sitonground.babylon"},
"autoClear":true,"clearColor":[0.0509,0.0509,0.0509],"gravity":[0,-9.81,0],
"materials":[{"name":"Material","id":"Material","customType":"BABYLON.PBRMaterial","backFaceCulling":true,"checkReadyOnlyOnce":false,"maxSimultaneousLights":4,"environmentIntensity":1,"albedo":[0.8,0.8,0.8],"reflectivity":[0.5,0.5,0.5],"roughness":0.4,"alpha":1,"transparencyMode":0,"alphaCutOff":0.4,"metallic":0}],
"multiMaterials":[],
"skeletons":[{"name":"Armature","id":0,"dimensionsAtRest":[379.1952,391.6652,55.677],"bones":[
{"name":"mixamorig:Hips","index":0,"matrix":[0.956,-0.125,-0.2654,0,0.2431,0.8441,0.4779,0,-0.1643,0.5213,-0.8374,0,2.0317,25.4241,1.4993,1],"rest":[1,0,0,0,0,1,0,0,0,0,-1,0,0,201.6394,0,1],"parentBoneIndex":-1,"length":21.6784
,"animation":{"dataType":3,"framePerSecond":24,"keys":[
{"frame":1,"values":[0.956,-0.125,-0.2654,0,0.2431,0.8441,0.4779,0,-0.1643,0.5213,-0.8374,0,2.0317,25.4241,1.4993,1]},
{"frame":2,"values":[0.9559,-0.125,-0.2656,0,0.2432,0.8439,0.4782,0,-0.1644,0.5217,-0.8371,0,2.0317,25.4233,1.507,1]},
{"frame":3,"values":[0.9559,-0.1249,-0.2658,0,0.2433,0.8437,0.4785,0,-0.1645,0.522,-0.8369,0,2.0268,25.4224,1.5118,1]},
{"frame":4,"values":[0.9559,-0.1247,-0.2659,0,0.2431,0.8439,0.4783,0,-0.1647,0.5219,-0.837,0,2.0188,25.4275,1.506,1]},
{"frame":5,"values":[0.956,-0.1243,-0.2659,0,0.2427,0.8442,0.4779,0,-0.1651,0.5213,-0.8372,0,2.0059,25.4392,1.493,1]},
{"frame":6,"values":[0.956,-0.124,-0.2659,0,0.2424,0.8445,0.4776,0,-0.1653,0.5211,-0.8374,0,1.993,25.4488,1.488,1]},
{"frame":7,"values":[0.956,-0.1238,-0.2658,0,0.2422,0.8446,0.4776,0,-0.1654,0.5209,-0.8374,0,1.9841,25.4522,1.4922,1]},
{"frame":8,"values":[0.9561,-0.1237,-0.2657,0,0.242,0.8447,0.4774,0,-0.1654,0.5207,-0.8375,0,1.9795,25.4528,1.4938,1]},
{"frame":9,"values":[0.9561,-0.1236,-0.2657,0,0.2419,0.8449,0.4772,0,-0.1655,0.5205,-0.8377,0,1.9799,25.4535,1.489,1]},
{"frame":10,"values":[0.9561,-0.1236,-0.2657,0,0.2418,0.845,0.477,0,-0.1655,0.5204,-0.8378,0,1.983,25.4547,1.4806,1]},
{"frame":11,"values":[0.9561,-0.1237,-0.2657,0,0.2418,0.8451,0.4768,0,-0.1656,0.5201,-0.8379,0,1.9848,25.4553,1.4715,1]},
{"frame":12,"values":[0.9561,-0.1237,-0.2656,0,0.2417,0.8453,0.4765,0,-0.1656,0.5198,-0.8381,0,1.9838,25.4561,1.4636,1]},
{"frame":13,"values":[0.9561,-0.1237,-0.2655,0,0.2417,0.8454,0.4763,0,-0.1655,0.5196,-0.8382,0,1.9816,25.4558,1.4576,1]},
{"frame":14,"values":[0.9562,-0.1238,-0.2654,0,0.2417,0.8454,0.4764,0,-0.1654,0.5196,-0.8382,0,1.9794,25.4493,1.4547,1]},
{"frame":15,"values":[0.9562,-0.124,-0.2653,0,0.2418,0.8452,0.4766,0,-0.1652,0.5198,-0.8382,0,1.9782,25.4404,1.4543,1]},
{"frame":16,"values":[0.9562,-0.124,-0.2652,0,0.2418,0.8454,0.4763,0,-0.1652,0.5195,-0.8383,0,1.9794,25.4398,1.4533,1]},
{"frame":17,"values":[0.9562,-0.124,-0.2651,0,0.2415,0.8458,0.4757,0,-0.1652,0.5189,-0.8387,0,1.9826,25.4444,1.4509,1]},
{"frame":18,"values":[0.9563,-0.124,-0.2649,0,0.2414,0.8459,0.4755,0,-0.1651,0.5187,-0.8389,0,1.9827,25.4443,1.4478,1]},
{"frame":19,"values":[0.9563,-0.1242,-0.2647,0,0.2415,0.8459,0.4755,0,-0.1649,0.5187,-0.8389,0,1.9778,25.4401,1.4441,1]},
{"frame":20,"values":[0.9563,-0.1244,-0.2646,0,0.2416,0.8459,0.4754,0,-0.1647,0.5186,-0.839,0,1.9755,25.4362,1.4399,1]},
{"frame":21,"values":[0.9563,-0.1246,-0.2645,0,0.2417,0.846,0.4753,0,-0.1645,0.5184,-0.8391,0,1.9825,25.4321,1.4368,1]},
{"frame":22,"values":[0.9563,-0.1248,-0.2645,0,0.2418,0.846,0.4751,0,-0.1645,0.5183,-0.8392,0,1.9979,25.4276,1.4365,1]},
{"frame":23,"values":[0.9562,-0.125,-0.2645,0,0.242,0.8461,0.4749,0,-0.1645,0.5182,-0.8393,0,2.0127,25.4244,1.4376,1]},
{"frame":24,"values":[0.9562,-0.1251,-0.2645,0,0.242,0.8462,0.4747,0,-0.1644,0.518,-0.8394,0,2.0174,25.4244,1.4353,1]},
{"frame":25,"values":[0.9563,-0.1252,-0.2643,0,0.242,0.8463,0.4745,0,-0.1643,0.5177,-0.8396,0,2.012,25.4279,1.4273,1]},
{"frame":26,"values":[0.9563,-0.1252,-0.264,0,0.2418,0.8464,0.4744,0,-0.1641,0.5176,-0.8398,0,2.0038,25.4306,1.4149,1]},
{"frame":27,"values":[0.9564,-0.1252,-0.2639,0,0.2417,0.8465,0.4744,0,-0.164,0.5175,-0.8398,0,1.9984,25.4311,1.4012,1]},
{"frame":28,"values":[0.9564,-0.125,-0.264,0,0.2415,0.8467,0.4741,0,-0.1642,0.5171,-0.84,0,1.9936,25.434,1.3917,1]},
{"frame":29,"values":[0.9564,-0.1248,-0.2639,0,0.2413,0.8469,0.474,0,-0.1644,0.517,-0.8401,0,1.9868,25.4361,1.3929,1]},
{"frame":30,"values":[0.9565,-0.1246,-0.264,0,0.2412,0.8467,0.4743,0,-0.1644,0.5173,-0.8399,0,1.98,25.4303,1.4023,1]},
{"frame":31,"values":[0.9565,-0.1244,-0.2641,0,0.2411,0.8466,0.4745,0,-0.1645,0.5175,-0.8397,0,1.9738,25.4231,1.4089,1]},
{"frame":32,"values":[0.9565,-0.1242,-0.2641,0,0.2409,0.8467,0.4744,0,-0.1647,0.5173,-0.8398,0,1.9678,25.4228,1.4094,1]},
{"frame":33,"values":[0.9565,-0.1241,-0.264,0,0.2408,0.8468,0.4743,0,-0.1647,0.5172,-0.8399,0,1.9643,25.4265,1.4052,1]},
{"frame":34,"values":[0.9565,-0.124,-0.264,0,0.2406,0.8469,0.4742,0,-0.1648,0.5171,-0.8399,0,1.964,25.4298,1.3948,1]},
{"frame":35,"values":[0.9565,-0.1239,-0.2641,0,0.2406,0.8469,0.4741,0,-0.1649,0.517,-0.8399,0,1.9636,25.4323,1.384,1]},
{"frame":36,"values":[0.9565,-0.1238,-0.2641,0,0.2405,0.847,0.4741,0,-0.165,0.517,-0.8399,0,1.9602,25.4337,1.3838,1]},
{"frame":37,"values":[0.9565,-0.1238,-0.2642,0,0.2405,0.8469,0.4742,0,-0.1651,0.5171,-0.8399,0,1.9554,25.4338,1.3932,1]},
{"frame":38,"values":[0.9565,-0.1237,-0.2643,0,0.2406,0.8469,0.4743,0,-0.1652,0.5172,-0.8398,0,1.9527,25.4333,1.4009,1]},
{"frame":39,"values":[0.9565,-0.1237,-0.2644,0,0.2406,0.8468,0.4743,0,-0.1652,0.5173,-0.8397,0,1.9534,25.4319,1.4052,1]},
{"frame":40,"values":[0.9565,-0.1237,-0.2644,0,0.2407,0.8467,0.4745,0,-0.1652,0.5174,-0.8396,0,1.9567,25.4288,1.4115,1]},
{"frame":41,"values":[0.9565,-0.1239,-0.2643,0,0.2408,0.8465,0.4747,0,-0.165,0.5177,-0.8395,0,1.9617,25.423,1.4211,1]},
{"frame":42,"values":[0.9564,-0.124,-0.2643,0,0.241,0.8463,0.4751,0,-0.1648,0.5181,-0.8393,0,1.9643,25.4155,1.4295,1]},
{"frame":43,"values":[0.9564,-0.1241,-0.2643,0,0.2411,0.8461,0.4754,0,-0.1646,0.5184,-0.8392,0,1.9651,25.4097,1.4369,1]},
{"frame":44,"values":[0.9564,-0.1242,-0.2642,0,0.2413,0.8459,0.4756,0,-0.1645,0.5186,-0.839,0,1.9696,25.4058,1.4458,1]},
{"frame":45,"values":[0.9564,-0.1243,-0.2643,0,0.2414,0.8457,0.4758,0,-0.1644,0.5189,-0.8389,0,1.9762,25.4003,1.4552,1]},
{"frame":46,"values":[0.9563,-0.1244,-0.2645,0,0.2417,0.8455,0.4762,0,-0.1644,0.5193,-0.8387,0,1.981,25.3938,1.4646,1]},
{"frame":47,"values":[0.9563,-0.1244,-0.2646,0,0.2418,0.8453,0.4764,0,-0.1644,0.5196,-0.8385,0,1.9818,25.3912,1.4745,1]},
{"frame":48,"values":[0.9563,-0.1244,-0.2647,0,0.2419,0.8451,0.4767,0,-0.1644,0.5199,-0.8383,0,1.9808,25.3914,1.4834,1]},
{"frame":49,"values":[0.9563,-0.1244,-0.2647,0,0.2419,0.845,0.4769,0,-0.1644,0.5201,-0.8381,0,1.9815,25.3894,1.4903,1]},
{"frame":50,"values":[0.9563,-0.1243,-0.2647,0,0.2419,0.8449,0.4771,0,-0.1643,0.5203,-0.838,0,1.9827,25.3861,1.4963,1]},
{"frame":51,"values":[0.9562,-0.1243,-0.2649,0,0.242,0.8449,0.4771,0,-0.1645,0.5203,-0.838,0,1.9829,25.3871,1.502,1]},
{"frame":52,"values":[0.9562,-0.1241,-0.2651,0,0.2419,0.845,0.477,0,-0.1648,0.5202,-0.838,0,1.9837,25.3912,1.506,1]},
{"frame":53,"values":[0.9562,-0.1239,-0.2652,0,0.2418,0.845,0.4771,0,-0.165,0.5203,-0.8379,0,1.9842,25.3917,1.511,1]},
{"frame":54,"values":[0.9562,-0.1237,-0.2652,0,0.2417,0.8448,0.4774,0,-0.165,0.5206,-0.8377,0,1.9771,25.3884,1.5192,1]},
{"frame":55,"values":[0.9562,-0.1238,-0.2651,0,0.2417,0.8447,0.4776,0,-0.1648,0.5208,-0.8376,0,1.9621,25.3856,1.5251,1]},
{"frame":56,"values":[0.9563,-0.1239,-0.265,0,0.2418,0.8446,0.4776,0,-0.1646,0.5208,-0.8377,0,1.9549,25.3857,1.5243,1]},
{"frame":57,"values":[0.9563,-0.124,-0.265,0,0.2418,0.8447,0.4776,0,-0.1646,0.5208,-0.8377,0,1.9626,25.3867,1.5157,1]},
{"frame":58,"values":[0.9562,-0.124,-0.265,0,0.2419,0.8446,0.4776,0,-0.1646,0.5208,-0.8377,0,1.9745,25.3867,1.5047,1]},
{"frame":59,"values":[0.9562,-0.1241,-0.265,0,0.242,0.8445,0.4777,0,-0.1645,0.5209,-0.8376,0,1.9806,25.3863,1.5029,1]},
{"frame":60,"values":[0.9562,-0.1242,-0.2649,0,0.242,0.8444,0.4778,0,-0.1643,0.521,-0.8376,0,1.9816,25.3852,1.513,1]},
{"frame":61,"values":[0.9563,-0.1242,-0.2648,0,0.242,0.8444,0.478,0,-0.1642,0.5212,-0.8375,0,1.9779,25.3855,1.5226,1]},
{"frame":62,"values":[0.9563,-0.1242,-0.2648,0,0.242,0.8444,0.4779,0,-0.1642,0.5211,-0.8375,0,1.9717,25.3886,1.5247,1]},
{"frame":63,"values":[0.9562,-0.1243,-0.2648,0,0.2421,0.8444,0.4779,0,-0.1642,0.5211,-0.8376,0,1.9734,25.3899,1.5257,1]},
{"frame":64,"values":[0.9562,-0.1245,-0.2648,0,0.2423,0.8443,0.4779,0,-0.1641,0.5211,-0.8375,0,1.9858,25.3881,1.5256,1]},
{"frame":65,"values":[0.9562,-0.1245,-0.2648,0,0.2423,0.8443,0.478,0,-0.164,0.5213,-0.8375,0,2.0003,25.3863,1.521,1]},
{"frame":66,"values":[0.9562,-0.1245,-0.2648,0,0.2423,0.8442,0.4782,0,-0.1639,0.5214,-0.8374,0,2.0071,25.3862,1.5187,1]},
{"frame":67,"values":[0.9562,-0.1246,-0.2647,0,0.2424,0.8441,0.4783,0,-0.1639,0.5215,-0.8373,0,2.0037,25.3866,1.524,1]},
{"frame":68,"values":[0.9562,-0.1246,-0.2647,0,0.2424,0.844,0.4784,0,-0.1638,0.5216,-0.8373,0,1.9954,25.387,1.5333,1]},
{"frame":69,"values":[0.9563,-0.1245,-0.2647,0,0.2423,0.844,0.4785,0,-0.1638,0.5217,-0.8372,0,1.9894,25.3891,1.5431,1]},
{"frame":70,"values":[0.9563,-0.1245,-0.2646,0,0.2423,0.8438,0.4787,0,-0.1636,0.5219,-0.8371,0,1.9886,25.3908,1.5475,1]},
{"frame":71,"values":[0.9563,-0.1247,-0.2645,0,0.2425,0.8437,0.4789,0,-0.1635,0.5221,-0.8371,0,1.9918,25.389,1.5453,1]},
{"frame":72,"values":[0.9563,-0.1249,-0.2644,0,0.2427,0.8436,0.479,0,-0.1632,0.5222,-0.8371,0,1.9995,25.3857,1.545,1]},
{"frame":73,"values":[0.9563,-0.1252,-0.2643,0,0.2429,0.8435,0.4791,0,-0.1629,0.5223,-0.837,0,2.0111,25.3837,1.5484,1]},
{"frame":74,"values":[0.9563,-0.1255,-0.2642,0,0.2431,0.8434,0.4792,0,-0.1627,0.5225,-0.837,0,2.0219,25.3814,1.5487,1]},
{"frame":75,"values":[0.9562,-0.1257,-0.2643,0,0.2433,0.8433,0.4792,0,-0.1626,0.5225,-0.837,0,2.0325,25.3788,1.5461,1]},
{"frame":76,"values":[0.9562,-0.1257,-0.2643,0,0.2433,0.8433,0.4792,0,-0.1627,0.5225,-0.837,0,2.04,25.3789,1.5435,1]},
{"frame":77,"values":[0.9562,-0.1256,-0.2644,0,0.2433,0.8433,0.4792,0,-0.1627,0.5225,-0.837,0,2.0395,25.381,1.5417,1]},
{"frame":78,"values":[0.9562,-0.1255,-0.2644,0,0.2432,0.8433,0.4793,0,-0.1628,0.5227,-0.8369,0,2.0322,25.3818,1.5433,1]},
{"frame":79,"values":[0.9562,-0.1254,-0.2644,0,0.2432,0.8432,0.4795,0,-0.1628,0.5228,-0.8368,0,2.0228,25.3809,1.547,1]},
{"frame":80,"values":[0.9562,-0.1254,-0.2645,0,0.2432,0.8431,0.4796,0,-0.1629,0.5229,-0.8367,0,2.0202,25.38,1.5477,1]},
{"frame":81,"values":[0.9562,-0.1252,-0.2646,0,0.2431,0.8431,0.4796,0,-0.163,0.5229,-0.8366,0,2.0249,25.3812,1.5412,1]},
{"frame":82,"values":[0.9562,-0.1251,-0.2647,0,0.2431,0.8432,0.4796,0,-0.1632,0.5229,-0.8366,0,2.0253,25.3849,1.5309,1]},
{"frame":83,"values":[0.9562,-0.1249,-0.2648,0,0.2429,0.8433,0.4795,0,-0.1634,0.5228,-0.8367,0,2.0159,25.3901,1.5255,1]},
{"frame":84,"values":[0.9562,-0.1248,-0.2647,0,0.2428,0.8434,0.4793,0,-0.1634,0.5226,-0.8368,0,2.0029,25.3955,1.5267,1]},
{"frame":85,"values":[0.9563,-0.1247,-0.2646,0,0.2425,0.8436,0.4791,0,-0.1635,0.5223,-0.8369,0,1.9939,25.4005,1.5264,1]},
{"frame":86,"values":[0.9563,-0.1245,-0.2646,0,0.2424,0.8437,0.4789,0,-0.1636,0.5221,-0.837,0,1.9908,25.405,1.5197,1]},
{"frame":87,"values":[0.9563,-0.1244,-0.2647,0,0.2423,0.8438,0.4788,0,-0.1638,0.522,-0.8371,0,1.9914,25.4088,1.5109,1]},
{"frame":88,"values":[0.9563,-0.1243,-0.2647,0,0.2422,0.844,0.4786,0,-0.1639,0.5218,-0.8372,0,1.992,25.4135,1.5053,1]},
{"frame":89,"values":[0.9563,-0.1242,-0.2648,0,0.2421,0.8442,0.4783,0,-0.1641,0.5215,-0.8373,0,1.9933,25.4194,1.5049,1]},
{"frame":90,"values":[0.9563,-0.1242,-0.2648,0,0.2421,0.8441,0.4783,0,-0.1641,0.5215,-0.8373,0,1.9972,25.4204,1.5116,1]},
{"frame":91,"values":[0.9562,-0.1243,-0.2649,0,0.2422,0.844,0.4785,0,-0.1641,0.5218,-0.8372,0,2.0021,25.4167,1.5217,1]},
{"frame":92,"values":[0.9562,-0.1244,-0.2649,0,0.2424,0.8439,0.4786,0,-0.164,0.5219,-0.8371,0,2.0051,25.4152,1.5268,1]},
{"frame":93,"values":[0.9562,-0.1244,-0.2649,0,0.2424,0.8439,0.4786,0,-0.164,0.5219,-0.8371,0,2.0076,25.4153,1.5234,1]},
{"frame":94,"values":[0.9562,-0.1245,-0.2649,0,0.2425,0.8439,0.4786,0,-0.1639,0.5219,-0.8371,0,2.0129,25.4123,1.5159,1]},
{"frame":95,"values":[0.9562,-0.1246,-0.2648,0,0.2425,0.8439,0.4786,0,-0.1638,0.5219,-0.8371,0,2.0177,25.409,1.5118,1]},
{"frame":96,"values":[0.9562,-0.1247,-0.2647,0,0.2425,0.8439,0.4785,0,-0.1638,0.5218,-0.8372,0,2.018,25.4094,1.5147,1]},
{"frame":97,"values":[0.9562,-0.1246,-0.2647,0,0.2424,0.844,0.4783,0,-0.1638,0.5216,-0.8373,0,2.0148,25.4101,1.5185,1]},
{"frame":98,"values":[0.9563,-0.1247,-0.2646,0,0.2424,0.8441,0.4783,0,-0.1637,0.5215,-0.8374,0,2.0129,25.4061,1.5187,1]},
{"frame":99,"values":[0.9563,-0.1248,-0.2645,0,0.2424,0.8441,0.4783,0,-0.1636,0.5215,-0.8374,0,2.0156,25.4019,1.5162,1]},
{"frame":100,"values":[0.9563,-0.1248,-0.2645,0,0.2423,0.8443,0.4779,0,-0.1637,0.5211,-0.8377,0,2.0186,25.4063,1.5073,1]},
{"frame":101,"values":[0.9563,-0.1246,-0.2645,0,0.2421,0.8448,0.4771,0,-0.164,0.5203,-0.8381,0,2.0177,25.4171,1.4912,1]},
{"frame":102,"values":[0.9563,-0.1246,-0.2644,0,0.2419,0.8452,0.4766,0,-0.1641,0.5198,-0.8384,0,2.0153,25.4249,1.4776,1]},
{"frame":103,"values":[0.9563,-0.1245,-0.2644,0,0.2418,0.8453,0.4764,0,-0.1642,0.5195,-0.8385,0,2.0139,25.4271,1.4715,1]},
{"frame":104,"values":[0.9564,-0.1245,-0.2644,0,0.2417,0.8455,0.4762,0,-0.1642,0.5193,-0.8387,0,2.0106,25.428,1.4662,1]},
{"frame":105,"values":[0.9564,-0.1244,-0.2643,0,0.2415,0.8457,0.4759,0,-0.1643,0.519,-0.8388,0,2.0041,25.4298,1.4602,1]},
{"frame":106,"values":[0.9564,-0.1243,-0.2642,0,0.2413,0.8458,0.4757,0,-0.1644,0.5188,-0.839,0,1.9978,25.4313,1.4557,1]},
{"frame":107,"values":[0.9564,-0.1242,-0.2641,0,0.2412,0.846,0.4755,0,-0.1644,0.5185,-0.8391,0,1.9943,25.4321,1.4513,1]},
{"frame":108,"values":[0.9565,-0.1242,-0.264,0,0.241,0.8462,0.4753,0,-0.1644,0.5182,-0.8393,0,1.9926,25.4335,1.4457,1]},
{"frame":109,"values":[0.9565,-0.1241,-0.2639,0,0.2409,0.8463,0.4751,0,-0.1643,0.518,-0.8394,0,1.9902,25.435,1.4386,1]},
{"frame":110,"values":[0.9566,-0.1242,-0.2638,0,0.2409,0.8464,0.4751,0,-0.1643,0.5179,-0.8395,0,1.9873,25.4323,1.4315,1]},
{"frame":111,"values":[0.9566,-0.1243,-0.2638,0,0.2409,0.8463,0.4751,0,-0.1642,0.518,-0.8395,0,1.9869,25.4271,1.4266,1]},
{"frame":112,"values":[0.9565,-0.1243,-0.2638,0,0.2409,0.8465,0.4748,0,-0.1643,0.5178,-0.8396,0,1.9887,25.4276,1.4217,1]},
{"frame":113,"values":[0.9565,-0.1243,-0.2639,0,0.2409,0.8468,0.4743,0,-0.1645,0.5172,-0.8399,0,1.9914,25.4331,1.4163,1]},
{"frame":114,"values":[0.9565,-0.1243,-0.264,0,0.2409,0.8469,0.4741,0,-0.1647,0.517,-0.84,0,1.9949,25.4366,1.4128,1]},
{"frame":115,"values":[0.9565,-0.1243,-0.264,0,0.2409,0.8468,0.4743,0,-0.1646,0.5172,-0.8399,0,1.9985,25.4368,1.411,1]},
{"frame":116,"values":[0.9565,-0.1242,-0.2639,0,0.2409,0.8466,0.4745,0,-0.1645,0.5175,-0.8398,0,2.0003,25.4352,1.4113,1]},
{"frame":117,"values":[0.9566,-0.1242,-0.2638,0,0.2408,0.8466,0.4747,0,-0.1643,0.5176,-0.8397,0,2.0002,25.4325,1.4183,1]},
{"frame":118,"values":[0.9566,-0.1241,-0.2637,0,0.2408,0.8465,0.4749,0,-0.1642,0.5178,-0.8396,0,1.9972,25.4309,1.4311,1]},
{"frame":119,"values":[0.9566,-0.1241,-0.2636,0,0.2407,0.8464,0.475,0,-0.1642,0.5179,-0.8396,0,1.9915,25.4315,1.4403,1]},
{"frame":120,"values":[0.9566,-0.124,-0.2636,0,0.2406,0.8464,0.475,0,-0.1643,0.5179,-0.8395,0,1.9869,25.4337,1.4421,1]},
{"frame":121,"values":[0.9566,-0.1239,-0.2637,0,0.2405,0.8464,0.4751,0,-0.1643,0.5179,-0.8395,0,1.9848,25.4366,1.4398,1]},
{"frame":122,"values":[0.9566,-0.1239,-0.2637,0,0.2406,0.8463,0.4753,0,-0.1643,0.5181,-0.8394,0,1.983,25.436,1.4357,1]},
{"frame":123,"values":[0.9566,-0.124,-0.2637,0,0.2407,0.8462,0.4755,0,-0.1641,0.5183,-0.8393,0,1.9811,25.4333,1.4316,1]},
{"frame":124,"values":[0.9566,-0.1241,-0.2637,0,0.2408,0.8461,0.4755,0,-0.1641,0.5183,-0.8393,0,1.9824,25.4329,1.4295,1]},
{"frame":125,"values":[0.9566,-0.124,-0.2638,0,0.2409,0.8461,0.4756,0,-0.1642,0.5185,-0.8392,0,1.9875,25.4313,1.431,1]},
{"frame":126,"values":[0.9566,-0.1241,-0.2638,0,0.241,0.8458,0.476,0,-0.1641,0.5189,-0.8389,0,1.9934,25.4259,1.4355,1]},
{"frame":127,"values":[0.9565,-0.1241,-0.2639,0,0.2411,0.8455,0.4764,0,-0.164,0.5193,-0.8387,0,1.9972,25.4203,1.4431,1]},
{"frame":128,"values":[0.9565,-0.1241,-0.2639,0,0.2412,0.8453,0.4767,0,-0.1639,0.5196,-0.8385,0,1.9979,25.4162,1.4544,1]},
{"frame":129,"values":[0.9565,-0.1241,-0.2639,0,0.2413,0.8451,0.477,0,-0.1639,0.5199,-0.8383,0,1.9978,25.4125,1.4684,1]},
{"frame":130,"values":[0.9565,-0.1241,-0.264,0,0.2414,0.8449,0.4774,0,-0.1638,0.5203,-0.8381,0,2.0001,25.4082,1.4807,1]},
{"frame":131,"values":[0.9565,-0.1243,-0.264,0,0.2416,0.8447,0.4776,0,-0.1637,0.5206,-0.838,0,2.0054,25.403,1.487,1]},
{"frame":132,"values":[0.9564,-0.1244,-0.2641,0,0.2418,0.8446,0.4778,0,-0.1636,0.5208,-0.8378,0,2.0138,25.3982,1.4899,1]},
{"frame":133,"values":[0.9564,-0.1245,-0.2642,0,0.242,0.8444,0.4779,0,-0.1635,0.521,-0.8377,0,2.0233,25.3958,1.491,1]},
{"frame":134,"values":[0.9564,-0.1247,-0.2642,0,0.2421,0.8443,0.4781,0,-0.1634,0.5212,-0.8377,0,2.0285,25.3952,1.491,1]},
{"frame":135,"values":[0.9564,-0.1247,-0.2641,0,0.2422,0.8442,0.4781,0,-0.1634,0.5212,-0.8376,0,2.0262,25.3972,1.4928,1]},
{"frame":136,"values":[0.9564,-0.1246,-0.2641,0,0.2421,0.8443,0.4781,0,-0.1634,0.5212,-0.8377,0,2.0195,25.4049,1.4965,1]},
{"frame":137,"values":[0.9564,-0.1244,-0.2642,0,0.2419,0.8444,0.4779,0,-0.1637,0.521,-0.8377,0,2.0159,25.4143,1.4992,1]},
{"frame":138,"values":[0.9564,-0.1242,-0.2643,0,0.2418,0.8444,0.478,0,-0.1638,0.5211,-0.8376,0,2.0166,25.4174,1.501,1]},
{"frame":139,"values":[0.9564,-0.1242,-0.2644,0,0.2419,0.8443,0.4782,0,-0.1639,0.5213,-0.8375,0,2.0163,25.4152,1.503,1]},
{"frame":140,"values":[0.9563,-0.1242,-0.2645,0,0.242,0.8442,0.4783,0,-0.1639,0.5214,-0.8374,0,2.0135,25.4139,1.5053,1]},
{"frame":141,"values":[0.9563,-0.1242,-0.2646,0,0.242,0.8441,0.4784,0,-0.164,0.5216,-0.8373,0,2.0114,25.4131,1.5081,1]},
{"frame":142,"values":[0.9563,-0.1242,-0.2647,0,0.2421,0.844,0.4786,0,-0.164,0.5218,-0.8372,0,2.0123,25.4107,1.5101,1]},
{"frame":143,"values":[0.9563,-0.1242,-0.2647,0,0.2421,0.8439,0.4787,0,-0.1639,0.5219,-0.8371,0,2.0138,25.4088,1.5043,1]},
{"frame":144,"values":[0.9563,-0.1242,-0.2647,0,0.2421,0.8439,0.4788,0,-0.1639,0.522,-0.8371,0,2.0152,25.4086,1.4938,1]},
{"frame":145,"values":[0.9563,-0.1242,-0.2646,0,0.2421,0.8439,0.4788,0,-0.1638,0.522,-0.8371,0,2.0179,25.4077,1.4903,1]},
{"frame":146,"values":[0.9563,-0.1243,-0.2646,0,0.2422,0.8437,0.479,0,-0.1637,0.5222,-0.837,0,2.0205,25.4038,1.4921,1]},
{"frame":147,"values":[0.9563,-0.1244,-0.2646,0,0.2423,0.8436,0.4793,0,-0.1636,0.5224,-0.8368,0,2.0218,25.3995,1.4934,1]},
{"frame":148,"values":[0.9563,-0.1244,-0.2647,0,0.2424,0.8436,0.4792,0,-0.1637,0.5224,-0.8368,0,2.0223,25.4011,1.493,1]},
{"frame":149,"values":[0.9563,-0.1243,-0.2647,0,0.2422,0.8438,0.4789,0,-0.1638,0.5221,-0.837,0,2.0234,25.4069,1.4936,1]},
{"frame":150,"values":[0.9563,-0.1242,-0.2647,0,0.2422,0.8439,0.4788,0,-0.1639,0.522,-0.8371,0,2.0243,25.4089,1.4962,1]},
{"frame":151,"values":[0.9563,-0.1243,-0.2647,0,0.2423,0.8438,0.4789,0,-0.1638,0.5221,-0.837,0,2.0234,25.4067,1.4983,1]},
{"frame":152,"values":[0.9563,-0.1244,-0.2647,0,0.2423,0.8437,0.479,0,-0.1638,0.5222,-0.837,0,2.0231,25.4053,1.4989,1]},
{"frame":153,"values":[0.9563,-0.1244,-0.2647,0,0.2424,0.8437,0.479,0,-0.1637,0.5222,-0.837,0,2.0249,25.4047,1.4995,1]},
{"frame":154,"values":[0.9563,-0.1245,-0.2646,0,0.2424,0.8437,0.479,0,-0.1636,0.5222,-0.837,0,2.0269,25.4031,1.4998,1]},
{"frame":155,"values":[0.9563,-0.1247,-0.2646,0,0.2426,0.8437,0.479,0,-0.1635,0.5222,-0.837,0,2.0294,25.4019,1.4972,1]},
{"frame":156,"values":[0.9563,-0.1249,-0.2645,0,0.2427,0.8437,0.4789,0,-0.1633,0.5222,-0.8371,0,2.0355,25.4024,1.4929,1]},
{"frame":157,"values":[0.9562,-0.1251,-0.2645,0,0.2429,0.8436,0.479,0,-0.1632,0.5222,-0.837,0,2.0439,25.4026,1.4898,1]},
{"frame":158,"values":[0.9562,-0.1253,-0.2646,0,0.2431,0.8434,0.4792,0,-0.1631,0.5225,-0.8369,0,2.0489,25.3997,1.4892,1]},
{"frame":159,"values":[0.9562,-0.1254,-0.2647,0,0.2433,0.8431,0.4795,0,-0.163,0.5229,-0.8367,0,2.0509,25.395,1.4931,1]},
{"frame":160,"values":[0.9561,-0.1254,-0.2648,0,0.2434,0.8429,0.4798,0,-0.163,0.5232,-0.8365,0,2.0537,25.3916,1.4997,1]},
{"frame":161,"values":[0.9561,-0.1253,-0.2648,0,0.2434,0.8428,0.48,0,-0.163,0.5234,-0.8363,0,2.0556,25.3896,1.5051,1]},
{"frame":162,"values":[0.9561,-0.1252,-0.2649,0,0.2434,0.8427,0.4802,0,-0.1631,0.5236,-0.8362,0,2.0526,25.3894,1.5082,1]},
{"frame":163,"values":[0.9561,-0.1251,-0.265,0,0.2434,0.8427,0.4803,0,-0.1632,0.5237,-0.8361,0,2.0459,25.3903,1.5119,1]},
{"frame":164,"values":[0.9561,-0.1251,-0.2651,0,0.2434,0.8427,0.4803,0,-0.1633,0.5237,-0.8361,0,2.0418,25.3908,1.5144,1]},
{"frame":165,"values":[0.9561,-0.1249,-0.2652,0,0.2433,0.8427,0.4802,0,-0.1635,0.5237,-0.8361,0,2.0416,25.3916,1.5116,1]},
{"frame":166,"values":[0.9561,-0.1247,-0.2653,0,0.2432,0.8428,0.4802,0,-0.1637,0.5236,-0.8361,0,2.0407,25.3946,1.5058,1]},
{"frame":167,"values":[0.9561,-0.1246,-0.2653,0,0.243,0.8429,0.48,0,-0.1638,0.5234,-0.8362,0,2.0372,25.3993,1.5021,1]},
{"frame":168,"values":[0.9561,-0.1245,-0.2653,0,0.2429,0.8431,0.4797,0,-0.1639,0.5231,-0.8364,0,2.0319,25.404,1.5005,1]},
{"frame":169,"values":[0.9562,-0.1244,-0.2651,0,0.2427,0.8433,0.4795,0,-0.164,0.5228,-0.8365,0,2.0258,25.4093,1.4964,1]},
{"frame":170,"values":[0.9562,-0.1243,-0.265,0,0.2425,0.8435,0.4792,0,-0.164,0.5225,-0.8367,0,2.0205,25.4156,1.4898,1]},
{"frame":171,"values":[0.9562,-0.1243,-0.265,0,0.2424,0.8437,0.4789,0,-0.1641,0.5222,-0.8369,0,2.0165,25.4214,1.4843,1]},
{"frame":172,"values":[0.9562,-0.1242,-0.265,0,0.2422,0.844,0.4785,0,-0.1643,0.5218,-0.8371,0,2.017,25.4275,1.4812,1]},
{"frame":173,"values":[0.9562,-0.124,-0.2652,0,0.242,0.8443,0.4781,0,-0.1646,0.5213,-0.8373,0,2.0242,25.4349,1.4793,1]},
{"frame":174,"values":[0.9562,-0.1238,-0.2653,0,0.2419,0.8445,0.4778,0,-0.1649,0.5211,-0.8374,0,2.0312,25.4401,1.479,1]},
{"frame":175,"values":[0.9562,-0.1238,-0.2654,0,0.2419,0.8445,0.4777,0,-0.165,0.521,-0.8374,0,2.0298,25.4419,1.4796,1]},
{"frame":176,"values":[0.9562,-0.1237,-0.2654,0,0.2418,0.8447,0.4776,0,-0.1651,0.5208,-0.8375,0,2.0216,25.4431,1.4766,1]},
{"frame":177,"values":[0.9562,-0.1235,-0.2653,0,0.2416,0.8449,0.4773,0,-0.1652,0.5205,-0.8377,0,2.013,25.4466,1.4687,1]},
{"frame":178,"values":[0.9563,-0.1234,-0.2652,0,0.2413,0.8451,0.477,0,-0.1653,0.5202,-0.8379,0,2.0064,25.452,1.458,1]},
{"frame":179,"values":[0.9563,-0.1234,-0.2651,0,0.2412,0.8453,0.4767,0,-0.1652,0.5198,-0.8382,0,2.001,25.4565,1.4481,1]},
{"frame":180,"values":[0.9563,-0.1234,-0.2649,0,0.2411,0.8455,0.4764,0,-0.1652,0.5195,-0.8384,0,1.9962,25.4601,1.4425,1]},
{"frame":181,"values":[0.9564,-0.1234,-0.2648,0,0.241,0.8457,0.4762,0,-0.1652,0.5192,-0.8385,0,1.9938,25.4651,1.4385,1]},
{"frame":182,"values":[0.9564,-0.1234,-0.2648,0,0.241,0.8457,0.4762,0,-0.1651,0.5192,-0.8385,0,1.9951,25.4679,1.4312,1]},
{"frame":183,"values":[0.9564,-0.1235,-0.2648,0,0.2411,0.8456,0.4762,0,-0.1651,0.5193,-0.8385,0,1.9993,25.4655,1.4241,1]},
{"frame":184,"values":[0.9563,-0.1236,-0.2648,0,0.2411,0.8457,0.4761,0,-0.1651,0.5192,-0.8386,0,2.0045,25.463,1.4229,1]},
{"frame":185,"values":[0.9563,-0.1236,-0.2649,0,0.2412,0.8457,0.476,0,-0.1652,0.5191,-0.8386,0,2.009,25.4619,1.4295,1]},
{"frame":186,"values":[0.9563,-0.1237,-0.2649,0,0.2412,0.8456,0.4761,0,-0.1651,0.5192,-0.8385,0,2.0093,25.4588,1.4367,1]},
{"frame":187,"values":[0.9563,-0.1238,-0.2648,0,0.2413,0.8456,0.4762,0,-0.165,0.5193,-0.8385,0,2.0062,25.4551,1.4378,1]},
{"frame":188,"values":[0.9564,-0.1239,-0.2646,0,0.2413,0.8457,0.476,0,-0.1648,0.5191,-0.8387,0,2.0046,25.4537,1.4326,1]},
{"frame":189,"values":[0.9564,-0.124,-0.2645,0,0.2412,0.8459,0.4757,0,-0.1647,0.5188,-0.8389,0,2.0048,25.455,1.4227,1]},
{"frame":190,"values":[0.9564,-0.124,-0.2643,0,0.2411,0.846,0.4755,0,-0.1646,0.5186,-0.839,0,2.0051,25.4572,1.4134,1]},
{"frame":191,"values":[0.9564,-0.1241,-0.2642,0,0.2411,0.8462,0.4753,0,-0.1646,0.5183,-0.8392,0,2.0044,25.4582,1.4073,1]},
{"frame":192,"values":[0.9564,-0.1241,-0.2642,0,0.241,0.8463,0.4751,0,-0.1647,0.5181,-0.8393,0,2.0008,25.4587,1.4043,1]},
{"frame":193,"values":[0.9565,-0.1239,-0.2643,0,0.2409,0.8464,0.475,0,-0.1648,0.518,-0.8394,0,1.9947,25.4607,1.4044,1]},
{"frame":194,"values":[0.9565,-0.1238,-0.2643,0,0.2408,0.8464,0.4749,0,-0.1649,0.5179,-0.8394,0,1.9886,25.464,1.4064,1]},
{"frame":195,"values":[0.9565,-0.1238,-0.2643,0,0.2408,0.8465,0.4749,0,-0.1649,0.5179,-0.8394,0,1.9848,25.4664,1.4067,1]},
{"frame":196,"values":[0.9565,-0.1237,-0.2643,0,0.2407,0.8464,0.475,0,-0.165,0.5179,-0.8394,0,1.9832,25.4664,1.4052,1]},
{"frame":197,"values":[0.9564,-0.1236,-0.2645,0,0.2408,0.8463,0.4752,0,-0.1651,0.5182,-0.8392,0,1.9836,25.4647,1.4064,1]},
{"frame":198,"values":[0.9564,-0.1235,-0.2647,0,0.2409,0.8461,0.4755,0,-0.1652,0.5186,-0.8389,0,1.9849,25.4614,1.4129,1]},
{"frame":199,"values":[0.9563,-0.1235,-0.2648,0,0.2411,0.8458,0.4759,0,-0.1652,0.519,-0.8387,0,1.9861,25.4563,1.4254,1]},
{"frame":200,"values":[0.9563,-0.1237,-0.2649,0,0.2412,0.8456,0.4761,0,-0.1651,0.5192,-0.8385,0,1.9875,25.45,1.4382,1]},
{"frame":201,"values":[0.9563,-0.1239,-0.2648,0,0.2414,0.8455,0.4764,0,-0.1649,0.5195,-0.8384,0,1.9906,25.4431,1.4461,1]},
{"frame":202,"values":[0.9563,-0.1242,-0.2646,0,0.2416,0.8453,0.4766,0,-0.1645,0.5197,-0.8384,0,1.9981,25.4383,1.4534,1]},
{"frame":203,"values":[0.9563,-0.1246,-0.2644,0,0.2419,0.8451,0.4767,0,-0.1641,0.5199,-0.8383,0,2.0067,25.4367,1.4601,1]},
{"frame":204,"values":[0.9563,-0.1249,-0.2643,0,0.2421,0.845,0.4768,0,-0.1638,0.52,-0.8383,0,2.013,25.4345,1.4605,1]},
{"frame":205,"values":[0.9563,-0.1251,-0.2643,0,0.2424,0.8449,0.4769,0,-0.1636,0.5201,-0.8383,0,2.0184,25.4309,1.4567,1]},
{"frame":206,"values":[0.9562,-0.1253,-0.2644,0,0.2426,0.8447,0.477,0,-0.1635,0.5203,-0.8382,0,2.0232,25.4287,1.4586,1]},
{"frame":207,"values":[0.9562,-0.1255,-0.2645,0,0.2428,0.8446,0.4771,0,-0.1635,0.5205,-0.8381,0,2.0293,25.427,1.469,1]},
{"frame":208,"values":[0.9561,-0.1255,-0.2646,0,0.243,0.8445,0.4772,0,-0.1636,0.5206,-0.838,0,2.0364,25.4247,1.4814,1]},
{"frame":209,"values":[0.9561,-0.1256,-0.2647,0,0.2431,0.8445,0.4772,0,-0.1636,0.5206,-0.838,0,2.0435,25.4237,1.491,1]},
{"frame":210,"values":[0.9561,-0.1257,-0.2648,0,0.2432,0.8444,0.4773,0,-0.1636,0.5208,-0.8379,0,2.0512,25.4221,1.4984,1]},
{"frame":211,"values":[0.9561,-0.1258,-0.2648,0,0.2433,0.8442,0.4776,0,-0.1635,0.5211,-0.8377,0,2.0576,25.4183,1.5032,1]},
{"frame":212,"values":[0.9561,-0.1258,-0.2648,0,0.2434,0.8441,0.4777,0,-0.1634,0.5212,-0.8376,0,2.0585,25.4159,1.5018,1]},
{"frame":213,"values":[0.9561,-0.1257,-0.2649,0,0.2434,0.8441,0.4777,0,-0.1635,0.5212,-0.8376,0,2.0546,25.4179,1.4953,1]},
{"frame":214,"values":[0.9561,-0.1256,-0.2649,0,0.2433,0.8442,0.4777,0,-0.1636,0.5211,-0.8377,0,2.0499,25.423,1.4884,1]},
{"frame":215,"values":[0.9561,-0.1255,-0.2649,0,0.2431,0.8443,0.4776,0,-0.1637,0.521,-0.8377,0,2.0439,25.4289,1.483,1]},
{"frame":216,"values":[0.9561,-0.1253,-0.265,0,0.243,0.8443,0.4775,0,-0.1639,0.5209,-0.8377,0,2.0343,25.4339,1.4799,1]},
{"frame":217,"values":[0.9561,-0.125,-0.2651,0,0.2428,0.8444,0.4776,0,-0.1641,0.521,-0.8376,0,2.0225,25.437,1.479,1]},
{"frame":218,"values":[0.9561,-0.1249,-0.2652,0,0.2428,0.8442,0.4778,0,-0.1642,0.5212,-0.8375,0,2.0132,25.4355,1.4803,1]},
{"frame":219,"values":[0.9561,-0.1248,-0.2653,0,0.2429,0.844,0.4782,0,-0.1642,0.5216,-0.8372,0,2.0113,25.4292,1.4861,1]},
{"frame":220,"values":[0.956,-0.1248,-0.2654,0,0.243,0.8438,0.4785,0,-0.1642,0.5219,-0.837,0,2.0153,25.4219,1.4963,1]},
{"frame":221,"values":[0.956,-0.1248,-0.2654,0,0.243,0.8436,0.4788,0,-0.1642,0.5222,-0.8369,0,2.0208,25.4156,1.5059,1]},
{"frame":222,"values":[0.956,-0.1248,-0.2655,0,0.2431,0.8434,0.479,0,-0.1641,0.5225,-0.8367,0,2.0259,25.4117,1.5124,1]},
{"frame":223,"values":[0.956,-0.1249,-0.2655,0,0.2433,0.8433,0.4793,0,-0.164,0.5228,-0.8365,0,2.0301,25.4097,1.5183,1]},
{"frame":224,"values":[0.956,-0.1251,-0.2655,0,0.2434,0.8432,0.4793,0,-0.1639,0.5228,-0.8365,0,2.0336,25.4091,1.5227,1]},
{"frame":225,"values":[0.956,-0.1252,-0.2654,0,0.2435,0.8432,0.4793,0,-0.1638,0.5228,-0.8365,0,2.036,25.4106,1.5229,1]},
{"frame":226,"values":[0.956,-0.1252,-0.2654,0,0.2435,0.8431,0.4794,0,-0.1637,0.523,-0.8365,0,2.0374,25.4118,1.5179,1]},
{"frame":227,"values":[0.9559,-0.1253,-0.2654,0,0.2437,0.843,0.4795,0,-0.1637,0.5231,-0.8364,0,2.0407,25.4111,1.5134,1]},
{"frame":228,"values":[0.9559,-0.1254,-0.2655,0,0.2438,0.8429,0.4796,0,-0.1636,0.5232,-0.8364,0,2.0454,25.4095,1.5167,1]},
{"frame":229,"values":[0.9559,-0.1254,-0.2655,0,0.2438,0.8429,0.4797,0,-0.1636,0.5233,-0.8363,0,2.0466,25.4082,1.525,1]},
{"frame":230,"values":[0.9559,-0.1254,-0.2655,0,0.2439,0.8428,0.4798,0,-0.1636,0.5234,-0.8362,0,2.0451,25.4065,1.532,1]},
{"frame":231,"values":[0.9559,-0.1255,-0.2656,0,0.2439,0.8428,0.4798,0,-0.1636,0.5234,-0.8362,0,2.0462,25.4051,1.5358,1]},
{"frame":232,"values":[0.9559,-0.1255,-0.2656,0,0.2439,0.8429,0.4797,0,-0.1637,0.5233,-0.8363,0,2.0502,25.406,1.5369,1]},
{"frame":233,"values":[0.9559,-0.1255,-0.2656,0,0.2439,0.8429,0.4796,0,-0.1636,0.5233,-0.8363,0,2.0538,25.4067,1.5363,1]},
{"frame":234,"values":[0.9559,-0.1256,-0.2655,0,0.244,0.8427,0.4798,0,-0.1635,0.5235,-0.8362,0,2.0551,25.4035,1.5334,1]},
{"frame":235,"values":[0.9559,-0.1256,-0.2655,0,0.2441,0.8427,0.4799,0,-0.1634,0.5235,-0.8362,0,2.0541,25.4006,1.5275,1]},
{"frame":236,"values":[0.9559,-0.1257,-0.2655,0,0.2441,0.8428,0.4798,0,-0.1634,0.5234,-0.8363,0,2.0519,25.4009,1.5226,1]},
{"frame":237,"values":[0.9559,-0.1256,-0.2655,0,0.244,0.8428,0.4798,0,-0.1635,0.5234,-0.8363,0,2.0488,25.4022,1.522,1]},
{"frame":238,"values":[0.9559,-0.1255,-0.2655,0,0.244,0.8428,0.4798,0,-0.1635,0.5234,-0.8363,0,2.0449,25.4028,1.5223,1]},
{"frame":239,"values":[0.9559,-0.1255,-0.2655,0,0.2439,0.8428,0.4797,0,-0.1636,0.5233,-0.8363,0,2.0412,25.403,1.5208,1]},
{"frame":240,"values":[0.9559,-0.1255,-0.2655,0,0.2438,0.8428,0.4798,0,-0.1635,0.5233,-0.8363,0,2.0391,25.4034,1.5204,1]},
{"frame":241,"values":[0.9559,-0.1254,-0.2654,0,0.2438,0.8428,0.4798,0,-0.1635,0.5233,-0.8363,0,2.0384,25.4039,1.5208,1]},
{"frame":242,"values":[0.956,-0.1254,-0.2654,0,0.2437,0.8429,0.4797,0,-0.1635,0.5233,-0.8363,0,2.0375,25.404,1.5201,1]},
{"frame":243,"values":[0.9559,-0.1253,-0.2655,0,0.2437,0.843,0.4796,0,-0.1637,0.5232,-0.8364,0,2.0381,25.4042,1.5204,1]},
{"frame":244,"values":[0.9559,-0.1253,-0.2656,0,0.2437,0.843,0.4796,0,-0.1638,0.5231,-0.8364,0,2.0416,25.4044,1.5234,1]},
{"frame":245,"values":[0.9559,-0.1253,-0.2656,0,0.2438,0.8429,0.4797,0,-0.1638,0.5233,-0.8363,0,2.045,25.4037,1.5259,1]},
{"frame":246,"values":[0.9559,-0.1253,-0.2656,0,0.2438,0.8428,0.4798,0,-0.1637,0.5234,-0.8362,0,2.0455,25.4021,1.5273,1]},
{"frame":247,"values":[0.9559,-0.1254,-0.2657,0,0.2439,0.8427,0.48,0,-0.1637,0.5236,-0.8361,0,2.0441,25.4017,1.5324,1]},
{"frame":248,"values":[0.9559,-0.1254,-0.2656,0,0.2439,0.8426,0.48,0,-0.1636,0.5237,-0.8361,0,2.0421,25.4042,1.5376,1]},
{"frame":249,"values":[0.9559,-0.1254,-0.2656,0,0.2439,0.8426,0.4801,0,-0.1636,0.5237,-0.8361,0,2.0419,25.4055,1.5344,1]},
{"frame":250,"values":[0.9559,-0.1254,-0.2656,0,0.244,0.8426,0.4801,0,-0.1636,0.5237,-0.836,0,2.0434,25.4041,1.5255,1]},
{"frame":251,"values":[0.9559,-0.1255,-0.2656,0,0.244,0.8426,0.4801,0,-0.1636,0.5237,-0.8361,0,2.0438,25.403,1.5222,1]},
{"frame":252,"values":[0.9559,-0.1255,-0.2656,0,0.244,0.8426,0.48,0,-0.1636,0.5237,-0.8361,0,2.0437,25.4031,1.528,1]},
{"frame":253,"values":[0.9559,-0.1255,-0.2656,0,0.244,0.8426,0.48,0,-0.1636,0.5237,-0.8361,0,2.044,25.4034,1.5341,1]},
{"frame":254,"values":[0.9559,-0.1254,-0.2656,0,0.2439,0.8427,0.48,0,-0.1637,0.5236,-0.8361,0,2.0446,25.4033,1.5341,1]},
{"frame":255,"values":[0.9559,-0.1254,-0.2656,0,0.2438,0.8428,0.4798,0,-0.1637,0.5234,-0.8362,0,2.0468,25.4047,1.5329,1]},
{"frame":256,"values":[0.9559,-0.1254,-0.2655,0,0.2437,0.8431,0.4794,0,-0.1638,0.523,-0.8365,0,2.0476,25.4088,1.5305,1]},
{"frame":257,"values":[0.9559,-0.1253,-0.2655,0,0.2436,0.8434,0.479,0,-0.1639,0.5225,-0.8367,0,2.0462,25.4139,1.5226,1]},
{"frame":258,"values":[0.956,-0.1252,-0.2655,0,0.2435,0.8436,0.4787,0,-0.164,0.5222,-0.8369,0,2.0464,25.4169,1.5127,1]},
{"frame":259,"values":[0.9559,-0.1252,-0.2655,0,0.2434,0.8437,0.4785,0,-0.1641,0.5221,-0.837,0,2.0473,25.4189,1.5076,1]},
{"frame":260,"values":[0.9559,-0.1252,-0.2655,0,0.2433,0.8438,0.4783,0,-0.1642,0.5218,-0.8371,0,2.0434,25.4227,1.5051,1]},
{"frame":261,"values":[0.956,-0.1251,-0.2655,0,0.2432,0.8441,0.4779,0,-0.1643,0.5215,-0.8373,0,2.0368,25.4257,1.5028,1]},
{"frame":262,"values":[0.956,-0.125,-0.2654,0,0.2431,0.8441,0.4779,0,-0.1643,0.5213,-0.8374,0,2.0317,25.4241,1.4993,1]}],"loopBehavior":1,"name":"anim","property":"_matrix"}},
{"name":"mixamorig:Spine","index":1,"matrix":[0.9936,0.099,0.054,0,-0.1126,0.8461,0.5211,0,0.0059,-0.5238,0.8518,0,0.0062,19.525,-2.4818,1],"rest":[1,0,0,0,0,1,0,0,0,0,1,0,0.0062,19.525,-2.4818,1],"parentBoneIndex":0,"length":23.0091
,"animation":{"dataType":3,"framePerSecond":24,"keys":[
{"frame":1,"values":[0.9936,0.099,0.054,0,-0.1126,0.8461,0.5211,0,0.0059,-0.5238,0.8518,0,0.0062,19.525,-2.4818,1]},
{"frame":2,"values":[0.9936,0.0988,0.0542,0,-0.1126,0.8459,0.5214,0,0.0057,-0.5242,0.8516,0,0.0062,19.525,-2.4818,1]},
{"frame":3,"values":[0.9936,0.0988,0.0545,0,-0.1127,0.8456,0.5218,0,0.0054,-0.5246,0.8513,0,0.0062,19.525,-2.4818,1]},
{"frame":4,"values":[0.9936,0.0988,0.0547,0,-0.1128,0.8457,0.5216,0,0.0053,-0.5244,0.8514,0,0.0062,19.525,-2.4818,1]},
{"frame":5,"values":[0.9936,0.0988,0.0546,0,-0.1128,0.846,0.5211,0,0.0053,-0.5239,0.8518,0,0.0062,19.525,-2.4818,1]},
{"frame":6,"values":[0.9936,0.0988,0.0545,0,-0.1127,0.8461,0.521,0,0.0053,-0.5238,0.8518,0,0.0062,19.525,-2.4818,1]},
{"frame":7,"values":[0.9936,0.0989,0.0546,0,-0.1128,0.8459,0.5212,0,0.0054,-0.524,0.8517,0,0.0062,19.525,-2.4818,1]},
{"frame":8,"values":[0.9936,0.099,0.0546,0,-0.1129,0.8459,0.5213,0,0.0054,-0.5241,0.8516,0,0.0062,19.525,-2.4818,1]},
{"frame":9,"values":[0.9936,0.0991,0.0547,0,-0.113,0.8459,0.5213,0,0.0054,-0.5241,0.8516,0,0.0062,19.525,-2.4818,1]},
{"frame":10,"values":[0.9936,0.0992,0.0548,0,-0.1132,0.8458,0.5213,0,0.0054,-0.5241,0.8516,0,0.0062,19.525,-2.4818,1]},
{"frame":11,"values":[0.9935,0.0994,0.0548,0,-0.1134,0.8459,0.5212,0,0.0054,-0.524,0.8517,0,0.0062,19.525,-2.4818,1]},
{"frame":12,"values":[0.9935,0.0994,0.0548,0,-0.1133,0.846,0.521,0,0.0054,-0.5239,0.8518,0,0.0062,19.525,-2.4818,1]},
{"frame":13,"values":[0.9936,0.0993,0.0547,0,-0.1133,0.8461,0.5208,0,0.0054,-0.5236,0.8519,0,0.0062,19.525,-2.4818,1]},
{"frame":14,"values":[0.9935,0.0993,0.0547,0,-0.1133,0.8461,0.5208,0,0.0055,-0.5236,0.8519,0,0.0062,19.525,-2.4818,1]},
{"frame":15,"values":[0.9935,0.0995,0.0546,0,-0.1133,0.8461,0.5209,0,0.0056,-0.5237,0.8519,0,0.0062,19.525,-2.4818,1]},
{"frame":16,"values":[0.9935,0.0996,0.0543,0,-0.1133,0.8463,0.5205,0,0.0059,-0.5233,0.8522,0,0.0062,19.525,-2.4818,1]},
{"frame":17,"values":[0.9936,0.0997,0.0539,0,-0.1131,0.8468,0.5198,0,0.0062,-0.5225,0.8526,0,0.0062,19.525,-2.4818,1]},
{"frame":18,"values":[0.9936,0.0998,0.0536,0,-0.1131,0.847,0.5194,0,0.0065,-0.5221,0.8528,0,0.0062,19.525,-2.4818,1]},
{"frame":19,"values":[0.9936,0.0998,0.0534,0,-0.113,0.8471,0.5192,0,0.0066,-0.5219,0.853,0,0.0062,19.525,-2.4818,1]},
{"frame":20,"values":[0.9936,0.0996,0.0535,0,-0.1129,0.8473,0.5189,0,0.0064,-0.5216,0.8532,0,0.0062,19.525,-2.4818,1]},
{"frame":21,"values":[0.9936,0.0994,0.0536,0,-0.1128,0.8475,0.5186,0,0.0061,-0.5214,0.8533,0,0.0062,19.525,-2.4818,1]},
{"frame":22,"values":[0.9936,0.0995,0.0537,0,-0.1129,0.8476,0.5185,0,0.0061,-0.5213,0.8534,0,0.0062,19.525,-2.4818,1]},
{"frame":23,"values":[0.9936,0.0996,0.0536,0,-0.1129,0.8476,0.5185,0,0.0062,-0.5212,0.8534,0,0.0062,19.525,-2.4818,1]},
{"frame":24,"values":[0.9936,0.0995,0.0534,0,-0.1128,0.8476,0.5185,0,0.0063,-0.5212,0.8534,0,0.0062,19.525,-2.4818,1]},
{"frame":25,"values":[0.9936,0.0994,0.0533,0,-0.1126,0.8477,0.5184,0,0.0064,-0.5211,0.8535,0,0.0062,19.525,-2.4818,1]},
{"frame":26,"values":[0.9936,0.0995,0.0531,0,-0.1126,0.8478,0.5183,0,0.0066,-0.521,0.8536,0,0.0062,19.525,-2.4818,1]},
{"frame":27,"values":[0.9936,0.0999,0.053,0,-0.1128,0.8478,0.5182,0,0.0068,-0.5209,0.8536,0,0.0062,19.525,-2.4818,1]},
{"frame":28,"values":[0.9936,0.1001,0.053,0,-0.113,0.848,0.5178,0,0.0069,-0.5205,0.8538,0,0.0062,19.525,-2.4818,1]},
{"frame":29,"values":[0.9935,0.1002,0.0533,0,-0.1132,0.8481,0.5176,0,0.0067,-0.5203,0.854,0,0.0062,19.525,-2.4818,1]},
{"frame":30,"values":[0.9935,0.1003,0.0537,0,-0.1136,0.8479,0.5179,0,0.0065,-0.5206,0.8538,0,0.0062,19.525,-2.4818,1]},
{"frame":31,"values":[0.9935,0.1006,0.0539,0,-0.1139,0.8477,0.5181,0,0.0064,-0.5208,0.8536,0,0.0062,19.525,-2.4818,1]},
{"frame":32,"values":[0.9934,0.1007,0.054,0,-0.1141,0.8478,0.5179,0,0.0064,-0.5207,0.8537,0,0.0062,19.525,-2.4818,1]},
{"frame":33,"values":[0.9934,0.1009,0.0541,0,-0.1143,0.8478,0.5179,0,0.0064,-0.5207,0.8537,0,0.0062,19.525,-2.4818,1]},
{"frame":34,"values":[0.9934,0.101,0.0543,0,-0.1145,0.8477,0.518,0,0.0063,-0.5208,0.8537,0,0.0062,19.525,-2.4818,1]},
{"frame":35,"values":[0.9934,0.1011,0.0544,0,-0.1147,0.8476,0.5181,0,0.0063,-0.5209,0.8536,0,0.0062,19.525,-2.4818,1]},
{"frame":36,"values":[0.9934,0.1011,0.0545,0,-0.1146,0.8475,0.5182,0,0.0062,-0.521,0.8535,0,0.0062,19.525,-2.4818,1]},
{"frame":37,"values":[0.9934,0.1009,0.0546,0,-0.1146,0.8474,0.5185,0,0.006,-0.5214,0.8533,0,0.0062,19.525,-2.4818,1]},
{"frame":38,"values":[0.9934,0.1007,0.0546,0,-0.1144,0.8473,0.5187,0,0.006,-0.5216,0.8532,0,0.0062,19.525,-2.4818,1]},
{"frame":39,"values":[0.9934,0.1007,0.0546,0,-0.1144,0.8472,0.5188,0,0.006,-0.5217,0.8531,0,0.0062,19.525,-2.4818,1]},
{"frame":40,"values":[0.9934,0.1007,0.0546,0,-0.1144,0.8471,0.519,0,0.006,-0.5218,0.853,0,0.0062,19.525,-2.4818,1]},
{"frame":41,"values":[0.9934,0.1008,0.0546,0,-0.1145,0.8469,0.5193,0,0.0061,-0.5221,0.8529,0,0.0062,19.525,-2.4818,1]},
{"frame":42,"values":[0.9934,0.1008,0.0545,0,-0.1144,0.8467,0.5196,0,0.0062,-0.5224,0.8527,0,0.0062,19.525,-2.4818,1]},
{"frame":43,"values":[0.9934,0.1006,0.0545,0,-0.1143,0.8465,0.5199,0,0.0062,-0.5227,0.8525,0,0.0062,19.525,-2.4818,1]},
{"frame":44,"values":[0.9934,0.1006,0.0545,0,-0.1142,0.8464,0.5201,0,0.0062,-0.5229,0.8523,0,0.0062,19.525,-2.4818,1]},
{"frame":45,"values":[0.9935,0.1005,0.0544,0,-0.1141,0.8463,0.5204,0,0.0062,-0.5232,0.8522,0,0.0062,19.525,-2.4818,1]},
{"frame":46,"values":[0.9935,0.1004,0.0544,0,-0.114,0.8462,0.5206,0,0.0062,-0.5234,0.8521,0,0.0062,19.525,-2.4818,1]},
{"frame":47,"values":[0.9935,0.1003,0.0543,0,-0.1139,0.8461,0.5208,0,0.0062,-0.5236,0.852,0,0.0062,19.525,-2.4818,1]},
{"frame":48,"values":[0.9935,0.1002,0.0543,0,-0.1138,0.8459,0.521,0,0.0062,-0.5238,0.8518,0,0.0062,19.525,-2.4818,1]},
{"frame":49,"values":[0.9935,0.1002,0.0543,0,-0.1138,0.8458,0.5212,0,0.0062,-0.524,0.8517,0,0.0062,19.525,-2.4818,1]},
{"frame":50,"values":[0.9935,0.1001,0.0544,0,-0.1138,0.8458,0.5213,0,0.0062,-0.5241,0.8516,0,0.0062,19.525,-2.4818,1]},
{"frame":51,"values":[0.9935,0.1002,0.0545,0,-0.1139,0.8458,0.5213,0,0.0061,-0.5241,0.8516,0,0.0062,19.525,-2.4818,1]},
{"frame":52,"values":[0.9935,0.1004,0.0546,0,-0.1141,0.8458,0.5211,0,0.0061,-0.5239,0.8517,0,0.0062,19.525,-2.4818,1]},
{"frame":53,"values":[0.9934,0.1006,0.0547,0,-0.1143,0.8458,0.521,0,0.0061,-0.5239,0.8518,0,0.0062,19.525,-2.4818,1]},
{"frame":54,"values":[0.9934,0.1005,0.0547,0,-0.1143,0.8457,0.5212,0,0.0061,-0.5241,0.8516,0,0.0062,19.525,-2.4818,1]},
{"frame":55,"values":[0.9935,0.1002,0.0546,0,-0.114,0.8456,0.5215,0,0.0061,-0.5243,0.8515,0,0.0062,19.525,-2.4818,1]},
