{"producer":{"name":"Blender","version":"2.90.0","exporter_version":"2.80.1","file":"option_shakefist.babylon"},
"autoClear":true,"clearColor":[0.0509,0.0509,0.0509],"gravity":[0,-9.81,0],
"materials":[{"name":"Material","id":"Material","customType":"BABYLON.PBRMaterial","backFaceCulling":true,"checkReadyOnlyOnce":false,"maxSimultaneousLights":4,"environmentIntensity":1,"albedo":[0.8,0.8,0.8],"reflectivity":[0.5,0.5,0.5],"roughness":0.4,"alpha":1,"transparencyMode":0,"alphaCutOff":0.4,"metallic":0}],
"multiMaterials":[],
"skeletons":[{"name":"Armature","id":0,"dimensionsAtRest":[379.1952,391.6652,55.677],"bones":[
{"name":"mixamorig:Hips","index":0,"matrix":[1,-0.0063,0.0071,0,0.0066,0.9989,-0.0469,0,0.0068,-0.0469,-0.9989,0,0.0616,199.1837,-0.503,1],"rest":[1,0,0,0,0,1,0,0,0,0,-1,0,0,201.6394,0,1],"parentBoneIndex":-1,"length":21.6784
,"animation":{"dataType":3,"framePerSecond":24,"keys":[
{"frame":1,"values":[1,-0.0063,0.0071,0,0.0066,0.9989,-0.0469,0,0.0068,-0.0469,-0.9989,0,0.0616,199.1837,-0.503,1]},
{"frame":2,"values":[0.9998,-0.0062,0.0189,0,0.0071,0.9989,-0.0462,0,0.0186,-0.0463,-0.9988,0,0.1057,199.1604,-0.8017,1]},
{"frame":3,"values":[0.9996,-0.005,0.0271,0,0.0062,0.999,-0.0444,0,0.0269,-0.0445,-0.9986,0,0.135,199.1592,-1.1043,1]},
{"frame":4,"values":[0.9996,-0.0038,0.0283,0,0.0049,0.9991,-0.0414,0,0.0281,-0.0415,-0.9987,0,0.1483,199.1758,-1.3466,1]},
{"frame":5,"values":[0.9997,-0.0043,0.0246,0,0.0053,0.9992,-0.0389,0,0.0244,-0.0391,-0.9989,0,0.1325,199.1943,-1.4822,1]},
{"frame":6,"values":[0.9997,-0.0061,0.0231,0,0.0071,0.9992,-0.0395,0,0.0229,-0.0397,-0.999,0,0.035,199.2143,-1.4858,1]},
{"frame":7,"values":[0.9995,-0.0067,0.0305,0,0.008,0.9991,-0.0418,0,0.0302,-0.042,-0.9987,0,-0.1948,199.2482,-1.3777,1]},
{"frame":8,"values":[0.9988,-0.0043,0.0491,0,0.0064,0.9991,-0.0416,0,0.0489,-0.0419,-0.9979,0,-0.5386,199.2883,-1.2619,1]},
{"frame":9,"values":[0.9971,0,0.0757,0,0.0029,0.9993,-0.0384,0,0.0756,-0.0385,-0.9964,0,-0.9729,199.3015,-1.2238,1]},
{"frame":10,"values":[0.9944,0.0054,0.106,0,-0.0016,0.9994,-0.0354,0,0.1061,-0.035,-0.9937,0,-1.5342,199.3004,-1.269,1]},
{"frame":11,"values":[0.9905,0.0117,0.1372,0,-0.007,0.9994,-0.0347,0,0.1375,-0.0334,-0.9899,0,-2.2654,199.3143,-1.3774,1]},
{"frame":12,"values":[0.9851,0.0189,0.1707,0,-0.0128,0.9992,-0.0367,0,0.1713,-0.034,-0.9846,0,-3.2014,199.3159,-1.5291,1]},
{"frame":13,"values":[0.978,0.0255,0.2069,0,-0.0171,0.999,-0.0422,0,0.2078,-0.0377,-0.9775,0,-4.3169,199.2436,-1.7182,1]},
{"frame":14,"values":[0.9707,0.0289,0.2387,0,-0.0175,0.9986,-0.0499,0,0.2398,-0.0442,-0.9698,0,-5.4378,199.0777,-1.9647,1]},
{"frame":15,"values":[0.9666,0.0282,0.2547,0,-0.0147,0.9984,-0.0551,0,0.2558,-0.0495,-0.9655,0,-6.2998,198.9275,-2.2419,1]},
{"frame":16,"values":[0.9666,0.0255,0.2549,0,-0.0117,0.9984,-0.0555,0,0.2559,-0.0506,-0.9654,0,-6.8205,198.9202,-2.3879,1]},
{"frame":17,"values":[0.9666,0.0248,0.2553,0,-0.0111,0.9984,-0.0547,0,0.2562,-0.0501,-0.9653,0,-7.1849,199.0548,-2.3533,1]},
{"frame":18,"values":[0.9633,0.0274,0.2671,0,-0.0126,0.9983,-0.0571,0,0.2682,-0.0516,-0.962,0,-7.4968,199.222,-2.379,1]},
{"frame":19,"values":[0.9587,0.0314,0.2825,0,-0.0146,0.998,-0.0614,0,0.2839,-0.0547,-0.9573,0,-7.6107,199.2676,-2.5702,1]},
{"frame":20,"values":[0.9564,0.0349,0.29,0,-0.0168,0.9978,-0.0647,0,0.2917,-0.057,-0.9548,0,-7.4959,199.1788,-2.7287,1]},
{"frame":21,"values":[0.9557,0.0391,0.2916,0,-0.0207,0.9976,-0.0657,0,0.2935,-0.0567,-0.9543,0,-7.2961,199.0685,-2.7813,1]},
{"frame":22,"values":[0.9545,0.0437,0.2951,0,-0.026,0.9976,-0.0638,0,0.2972,-0.0532,-0.9533,0,-7.0195,198.9906,-2.8026,1]},
{"frame":23,"values":[0.9514,0.0463,0.3046,0,-0.0297,0.9978,-0.0589,0,0.3067,-0.047,-0.9507,0,-6.6802,198.9524,-2.7155,1]},
{"frame":24,"values":[0.9458,0.0458,0.3214,0,-0.0301,0.9981,-0.0537,0,0.3233,-0.0411,-0.9454,0,-6.4917,198.9547,-2.447,1]},
{"frame":25,"values":[0.9383,0.0436,0.3432,0,-0.0277,0.9983,-0.051,0,0.3448,-0.0384,-0.9379,0,-6.5743,198.9798,-2.1063,1]},
{"frame":26,"values":[0.9322,0.0417,0.3596,0,-0.0247,0.9984,-0.0517,0,0.3611,-0.0393,-0.9317,0,-6.7533,198.9763,-1.7829,1]},
{"frame":27,"values":[0.9316,0.042,0.361,0,-0.0236,0.9982,-0.0552,0,0.3627,-0.0428,-0.9309,0,-6.8851,198.9166,-1.4944,1]},
{"frame":28,"values":[0.9355,0.0449,0.3503,0,-0.0259,0.9979,-0.0588,0,0.3523,-0.046,-0.9348,0,-7.021,198.8215,-1.2675,1]},
{"frame":29,"values":[0.9406,0.048,0.3362,0,-0.0298,0.9978,-0.059,0,0.3383,-0.0455,-0.9399,0,-7.1364,198.7395,-1.0823,1]},
{"frame":30,"values":[0.9442,0.0483,0.3257,0,-0.032,0.998,-0.0551,0,0.3277,-0.0416,-0.9439,0,-7.1991,198.732,-0.8828,1]},
{"frame":31,"values":[0.9455,0.046,0.3223,0,-0.0314,0.9982,-0.0505,0,0.324,-0.0376,-0.9453,0,-7.3705,198.7824,-0.6381,1]},
{"frame":32,"values":[0.9448,0.0434,0.3249,0,-0.0293,0.9984,-0.0481,0,0.3265,-0.036,-0.9445,0,-7.6628,198.7736,-0.3485,1]},
{"frame":33,"values":[0.943,0.0415,0.3302,0,-0.0272,0.9985,-0.0476,0,0.3317,-0.0359,-0.9427,0,-7.8511,198.654,-0.0304,1]},
{"frame":34,"values":[0.9419,0.041,0.3333,0,-0.0265,0.9985,-0.0478,0,0.3348,-0.0362,-0.9416,0,-7.9379,198.5104,0.3119,1]},
{"frame":35,"values":[0.9424,0.0426,0.3316,0,-0.0283,0.9985,-0.0478,0,0.3331,-0.0356,-0.9422,0,-8.0085,198.416,0.705,1]},
{"frame":36,"values":[0.9437,0.0446,0.3276,0,-0.0314,0.9985,-0.0454,0,0.3292,-0.0325,-0.9437,0,-7.9585,198.3883,1.1722,1]},
{"frame":37,"values":[0.9441,0.0447,0.3266,0,-0.0331,0.9986,-0.0408,0,0.328,-0.0277,-0.9443,0,-7.8397,198.4284,1.6911,1]},
{"frame":38,"values":[0.9426,0.043,0.331,0,-0.0322,0.9988,-0.0382,0,0.3323,-0.0254,-0.9428,0,-7.8788,198.4804,2.189,1]},
{"frame":39,"values":[0.941,0.0413,0.3358,0,-0.0298,0.9988,-0.0395,0,0.337,-0.0271,-0.9411,0,-7.9772,198.4714,2.545,1]},
{"frame":40,"values":[0.9426,0.0396,0.3315,0,-0.0277,0.9988,-0.0407,0,0.3327,-0.0292,-0.9426,0,-7.8167,198.4398,2.6981,1]},
{"frame":41,"values":[0.948,0.0375,0.316,0,-0.0268,0.9989,-0.038,0,0.3171,-0.0275,-0.948,0,-7.4733,198.4798,2.699,1]},
{"frame":42,"values":[0.9542,0.0354,0.2971,0,-0.0267,0.9991,-0.033,0,0.298,-0.0235,-0.9543,0,-7.1935,198.5803,2.5496,1]},
{"frame":43,"values":[0.9591,0.0327,0.2813,0,-0.0254,0.9992,-0.0296,0,0.2821,-0.0212,-0.9592,0,-6.9275,198.6859,2.196,1]},
{"frame":44,"values":[0.9633,0.0282,0.267,0,-0.0213,0.9994,-0.0287,0,0.2676,-0.022,-0.9633,0,-6.5746,198.7674,1.6639,1]},
{"frame":45,"values":[0.9685,0.0224,0.2481,0,-0.0156,0.9995,-0.029,0,0.2486,-0.0242,-0.9683,0,-6.1795,198.8249,1.0305,1]},
{"frame":46,"values":[0.9751,0.0169,0.2213,0,-0.0105,0.9995,-0.0301,0,0.2217,-0.027,-0.9748,0,-5.7952,198.8947,0.3749,1]},
{"frame":47,"values":[0.9823,0.0129,0.187,0,-0.0069,0.9994,-0.0325,0,0.1873,-0.0307,-0.9818,0,-5.403,198.9853,-0.2153,1]},
{"frame":48,"values":[0.9888,0.0098,0.1486,0,-0.0045,0.9993,-0.0362,0,0.1489,-0.0351,-0.9882,0,-4.9507,199.0623,-0.6942,1]},
{"frame":49,"values":[0.9937,0.007,0.1115,0,-0.0024,0.9992,-0.0408,0,0.1117,-0.0403,-0.9929,0,-4.3989,199.1194,-1.0978,1]},
{"frame":50,"values":[0.9967,0.0036,0.0809,0,0.0002,0.9989,-0.0461,0,0.0809,-0.046,-0.9957,0,-3.7577,199.1902,-1.4438,1]},
{"frame":51,"values":[0.9983,0,0.0578,0,0.0029,0.9987,-0.0503,0,0.0577,-0.0504,-0.9971,0,-3.0672,199.2747,-1.6583,1]},
{"frame":52,"values":[0.9992,-0.0027,0.0402,0,0.0047,0.9987,-0.0511,0,0.04,-0.0512,-0.9979,0,-2.3704,199.3252,-1.6994,1]},
{"frame":53,"values":[0.9997,-0.0043,0.0258,0,0.0055,0.9988,-0.0488,0,0.0256,-0.049,-0.9985,0,-1.6923,199.3324,-1.6178,1]},
{"frame":54,"values":[0.9999,-0.0051,0.015,0,0.0058,0.9989,-0.0465,0,0.0148,-0.0466,-0.9988,0,-1.0731,199.3141,-1.4848,1]},
{"frame":55,"values":[1,-0.0055,0.0079,0,0.0058,0.9989,-0.0464,0,0.0076,-0.0464,-0.9989,0,-0.5659,199.2793,-1.3522,1]},
{"frame":56,"values":[1,-0.0058,0.004,0,0.006,0.9988,-0.0479,0,0.0037,-0.0479,-0.9988,0,-0.1978,199.2312,-1.2115,1]},
{"frame":57,"values":[1,-0.0062,0.0029,0,0.0063,0.9988,-0.0486,0,0.0026,-0.0486,-0.9988,0,0.0227,199.1988,-1.0216,1]},
{"frame":58,"values":[1,-0.0063,0.0044,0,0.0065,0.9988,-0.0478,0,0.0041,-0.0478,-0.9988,0,0.1013,199.1849,-0.7725,1]},
{"frame":59,"values":[1,-0.0063,0.0071,0,0.0066,0.9989,-0.0469,0,0.0068,-0.0469,-0.9989,0,0.0616,199.1837,-0.503,1]}],"loopBehavior":1,"name":"anim","property":"_matrix"}},
{"name":"mixamorig:Spine","index":1,"matrix":[1,0.0061,0.006,0,-0.006,0.9997,-0.0217,0,-0.0061,0.0217,0.9997,0,0.0062,19.525,-2.4818,1],"rest":[1,0,0,0,0,1,0,0,0,0,1,0,0.0062,19.525,-2.4818,1],"parentBoneIndex":0,"length":23.0091
,"animation":{"dataType":3,"framePerSecond":24,"keys":[
{"frame":1,"values":[1,0.0061,0.006,0,-0.006,0.9997,-0.0217,0,-0.0061,0.0217,0.9997,0,0.0062,19.525,-2.4818,1]},
{"frame":2,"values":[1,0.0072,0.0055,0,-0.007,0.9997,-0.0215,0,-0.0056,0.0214,0.9998,0,0.0062,19.525,-2.4818,1]},
{"frame":3,"values":[1,0.0079,0.0037,0,-0.0079,0.9998,-0.0204,0,-0.0039,0.0203,0.9998,0,0.0062,19.525,-2.4818,1]},
{"frame":4,"values":[1,0.0085,0.0002,0,-0.0085,0.9998,-0.0181,0,-0.0003,0.0181,0.9998,0,0.0062,19.525,-2.4818,1]},
{"frame":5,"values":[1,0.009,-0.0043,0,-0.0091,0.9998,-0.0154,0,0.0042,0.0154,0.9999,0,0.0062,19.525,-2.4818,1]},
{"frame":6,"values":[0.9999,0.0097,-0.0081,0,-0.0098,0.9999,-0.0132,0,0.008,0.0133,0.9999,0,0.0062,19.525,-2.4818,1]},
{"frame":7,"values":[0.9999,0.0112,-0.0102,0,-0.0113,0.9999,-0.0113,0,0.0101,0.0114,0.9999,0,0.0062,19.525,-2.4818,1]},
{"frame":8,"values":[0.9998,0.0141,-0.0109,0,-0.0142,0.9999,-0.0086,0,0.0108,0.0088,0.9999,0,0.0062,19.525,-2.4818,1]},
{"frame":9,"values":[0.9998,0.018,-0.0112,0,-0.018,0.9998,-0.0052,0,0.0111,0.0054,0.9999,0,0.0062,19.525,-2.4818,1]},
{"frame":10,"values":[0.9997,0.0223,-0.0112,0,-0.0223,0.9997,-0.0024,0,0.0112,0.0026,0.9999,0,0.0062,19.525,-2.4818,1]},
{"frame":11,"values":[0.9996,0.0264,-0.0107,0,-0.0264,0.9997,-0.0005,0,0.0107,0.0008,0.9999,0,0.0062,19.525,-2.4818,1]},
{"frame":12,"values":[0.9995,0.0299,-0.0094,0,-0.0299,0.9996,0.0014,0,0.0094,-0.0011,1,0,0.0062,19.525,-2.4818,1]},
{"frame":13,"values":[0.9994,0.033,-0.0076,0,-0.033,0.9994,0.0036,0,0.0077,-0.0034,1,0,0.0062,19.525,-2.4818,1]},
{"frame":14,"values":[0.9993,0.036,-0.0055,0,-0.036,0.9993,0.0052,0,0.0057,-0.005,1,0,0.0062,19.525,-2.4818,1]},
{"frame":15,"values":[0.9992,0.0386,-0.0036,0,-0.0386,0.9992,0.0053,0,0.0038,-0.0052,1,0,0.0062,19.525,-2.4818,1]},
{"frame":16,"values":[0.9992,0.04,-0.0033,0,-0.04,0.9992,0.0045,0,0.0035,-0.0044,1,0,0.0062,19.525,-2.4818,1]},
{"frame":17,"values":[0.9992,0.0407,-0.0045,0,-0.0407,0.9992,0.004,0,0.0047,-0.0038,1,0,0.0062,19.525,-2.4818,1]},
{"frame":18,"values":[0.9991,0.0426,-0.0048,0,-0.0426,0.9991,0.0045,0,0.005,-0.0043,1,0,0.0062,19.525,-2.4818,1]},
{"frame":19,"values":[0.9989,0.046,-0.0026,0,-0.0459,0.9989,0.0059,0,0.0029,-0.0058,1,0,0.0062,19.525,-2.4818,1]},
{"frame":20,"values":[0.9988,0.049,-0.0002,0,-0.049,0.9988,0.0077,0,0.0006,-0.0077,1,0,0.0062,19.525,-2.4818,1]},
{"frame":21,"values":[0.9987,0.0508,0.0002,0,-0.0508,0.9987,0.0089,0,0.0002,-0.0089,1,0,0.0062,19.525,-2.4818,1]},
{"frame":22,"values":[0.9987,0.0519,-0.0004,0,-0.0519,0.9986,0.0088,0,0.0008,-0.0087,1,0,0.0062,19.525,-2.4818,1]},
{"frame":23,"values":[0.9986,0.0522,-0.0006,0,-0.0522,0.9986,0.0077,0,0.001,-0.0077,1,0,0.0062,19.525,-2.4818,1]},
{"frame":24,"values":[0.9987,0.0519,-0.0004,0,-0.0519,0.9986,0.007,0,0.0008,-0.007,1,0,0.0062,19.525,-2.4818,1]},
{"frame":25,"values":[0.9986,0.0524,0.0005,0,-0.0524,0.9986,0.0073,0,-0.0001,-0.0073,1,0,0.0062,19.525,-2.4818,1]},
{"frame":26,"values":[0.9985,0.0542,0.0022,0,-0.0542,0.9985,0.0083,0,-0.0018,-0.0084,1,0,0.0062,19.525,-2.4818,1]},
{"frame":27,"values":[0.9984,0.0559,0.0038,0,-0.0559,0.9984,0.0095,0,-0.0033,-0.0097,0.9999,0,0.0062,19.525,-2.4818,1]},
{"frame":28,"values":[0.9984,0.0566,0.0046,0,-0.0566,0.9983,0.0104,0,-0.0041,-0.0106,0.9999,0,0.0062,19.525,-2.4818,1]},
{"frame":29,"values":[0.9984,0.0565,0.0049,0,-0.0566,0.9983,0.0107,0,-0.0043,-0.011,0.9999,0,0.0062,19.525,-2.4818,1]},
{"frame":30,"values":[0.9984,0.0559,0.0049,0,-0.0559,0.9984,0.0104,0,-0.0043,-0.0107,0.9999,0,0.0062,19.525,-2.4818,1]},
{"frame":31,"values":[0.9985,0.0554,0.0043,0,-0.0554,0.9984,0.0098,0,-0.0038,-0.01,0.9999,0,0.0062,19.525,-2.4818,1]},
{"frame":32,"values":[0.9984,0.0561,0.0037,0,-0.0562,0.9984,0.0094,0,-0.0032,-0.0096,0.9999,0,0.0062,19.525,-2.4818,1]},
{"frame":33,"values":[0.9983,0.0576,0.0041,0,-0.0577,0.9983,0.0098,0,-0.0036,-0.01,0.9999,0,0.0062,19.525,-2.4818,1]},
{"frame":34,"values":[0.9983,0.0587,0.0053,0,-0.0588,0.9982,0.0104,0,-0.0047,-0.0107,0.9999,0,0.0062,19.525,-2.4818,1]},
{"frame":35,"values":[0.9982,0.0595,0.006,0,-0.0595,0.9982,0.0108,0,-0.0053,-0.0111,0.9999,0,0.0062,19.525,-2.4818,1]},
{"frame":36,"values":[0.9982,0.0596,0.0057,0,-0.0597,0.9982,0.0107,0,-0.0051,-0.011,0.9999,0,0.0062,19.525,-2.4818,1]},
{"frame":37,"values":[0.9983,0.0585,0.0046,0,-0.0586,0.9982,0.0102,0,-0.004,-0.0105,0.9999,0,0.0062,19.525,-2.4818,1]},
{"frame":38,"values":[0.9984,0.0572,0.0033,0,-0.0572,0.9983,0.0098,0,-0.0027,-0.0099,0.9999,0,0.0062,19.525,-2.4818,1]},
{"frame":39,"values":[0.9984,0.057,0.0027,0,-0.0571,0.9983,0.0098,0,-0.0022,-0.01,0.9999,0,0.0062,19.525,-2.4818,1]},
{"frame":40,"values":[0.9984,0.0566,0.0032,0,-0.0566,0.9983,0.0103,0,-0.0026,-0.0105,0.9999,0,0.0062,19.525,-2.4818,1]},
{"frame":41,"values":[0.9985,0.0539,0.0034,0,-0.0539,0.9985,0.0107,0,-0.0028,-0.0109,0.9999,0,0.0062,19.525,-2.4818,1]},
{"frame":42,"values":[0.9988,0.0494,0.003,0,-0.0494,0.9987,0.0101,0,-0.0025,-0.0102,0.9999,0,0.0062,19.525,-2.4818,1]},
{"frame":43,"values":[0.999,0.0445,0.0033,0,-0.0445,0.999,0.0083,0,-0.0029,-0.0084,1,0,0.0062,19.525,-2.4818,1]},
{"frame":44,"values":[0.9992,0.0396,0.0046,0,-0.0396,0.9992,0.0062,0,-0.0043,-0.0064,1,0,0.0062,19.525,-2.4818,1]},
{"frame":45,"values":[0.9994,0.0347,0.0062,0,-0.0347,0.9994,0.0045,0,-0.006,-0.0047,1,0,0.0062,19.525,-2.4818,1]},
{"frame":46,"values":[0.9995,0.0303,0.0072,0,-0.0303,0.9995,0.0028,0,-0.0071,-0.003,1,0,0.0062,19.525,-2.4818,1]},
{"frame":47,"values":[0.9996,0.0268,0.0072,0,-0.0268,0.9996,0.0003,0,-0.0072,-0.0005,1,0,0.0062,19.525,-2.4818,1]},
{"frame":48,"values":[0.9997,0.0241,0.0059,0,-0.0241,0.9997,-0.0035,0,-0.006,0.0034,1,0,0.0062,19.525,-2.4818,1]},
{"frame":49,"values":[0.9997,0.0224,0.0035,0,-0.0224,0.9997,-0.0081,0,-0.0036,0.0081,1,0,0.0062,19.525,-2.4818,1]},
{"frame":50,"values":[0.9998,0.0214,0.0008,0,-0.0214,0.9997,-0.0125,0,-0.001,0.0125,0.9999,0,0.0062,19.525,-2.4818,1]},
{"frame":51,"values":[0.9998,0.0202,-0.0011,0,-0.0202,0.9997,-0.0156,0,0.0008,0.0156,0.9999,0,0.0062,19.525,-2.4818,1]},
{"frame":52,"values":[0.9998,0.0185,-0.0017,0,-0.0186,0.9997,-0.017,0,0.0014,0.0171,0.9999,0,0.0062,19.525,-2.4818,1]},
{"frame":53,"values":[0.9999,0.0165,-0.0015,0,-0.0165,0.9997,-0.0176,0,0.0013,0.0177,0.9998,0,0.0062,19.525,-2.4818,1]},
{"frame":54,"values":[0.9999,0.014,-0.0009,0,-0.014,0.9997,-0.0183,0,0.0006,0.0183,0.9998,0,0.0062,19.525,-2.4818,1]},
{"frame":55,"values":[0.9999,0.0111,0.0004,0,-0.0111,0.9998,-0.0193,0,-0.0006,0.0193,0.9998,0,0.0062,19.525,-2.4818,1]},
{"frame":56,"values":[1,0.0084,0.0021,0,-0.0084,0.9998,-0.0205,0,-0.0023,0.0204,0.9998,0,0.0062,19.525,-2.4818,1]},
{"frame":57,"values":[1,0.0067,0.0038,0,-0.0066,0.9998,-0.0213,0,-0.004,0.0213,0.9998,0,0.0062,19.525,-2.4818,1]},
{"frame":58,"values":[1,0.006,0.0051,0,-0.0059,0.9997,-0.0216,0,-0.0052,0.0216,0.9998,0,0.0062,19.525,-2.4818,1]},
{"frame":59,"values":[1,0.0061,0.006,0,-0.006,0.9997,-0.0217,0,-0.0061,0.0217,0.9997,0,0.0062,19.525,-2.4818,1]}],"loopBehavior":1,"name":"anim","property":"_matrix"}},
{"name":"mixamorig:Spine1","index":2,"matrix":[0.9998,0.0139,0.012,0,-0.0134,0.999,-0.0435,0,-0.0126,0.0433,0.999,0,-0.0009,22.835,-2.8254,1],"rest":[1,0,0,0,0,1,0,0,0,0,1,0,-0.0009,22.835,-2.8254,1],"parentBoneIndex":1,"length":26.7438
,"animation":{"dataType":3,"framePerSecond":24,"keys":[
{"frame":1,"values":[0.9998,0.0139,0.012,0,-0.0134,0.999,-0.0435,0,-0.0126,0.0433,0.999,0,-0.0009,22.835,-2.8254,1]},
{"frame":2,"values":[0.9998,0.0147,0.0107,0,-0.0142,0.999,-0.043,0,-0.0113,0.0428,0.999,0,-0.0009,22.835,-2.8254,1]},
{"frame":3,"values":[0.9999,0.0148,0.007,0,-0.0145,0.9991,-0.0407,0,-0.0076,0.0406,0.9991,0,-0.0009,22.835,-2.8254,1]},
{"frame":4,"values":[0.9999,0.0146,-0.0003,0,-0.0146,0.9992,-0.0362,0,-0.0003,0.0362,0.9993,0,-0.0009,22.835,-2.8254,1]},
{"frame":5,"values":[0.9998,0.0148,-0.0093,0,-0.0151,0.9994,-0.0307,0,0.0088,0.0308,0.9995,0,-0.0009,22.835,-2.8254,1]},
{"frame":6,"values":[0.9997,0.0155,-0.0169,0,-0.0159,0.9995,-0.0262,0,0.0165,0.0265,0.9995,0,-0.0009,22.835,-2.8254,1]},
{"frame":7,"values":[0.9996,0.0163,-0.0214,0,-0.0168,0.9996,-0.0224,0,0.021,0.0228,0.9995,0,-0.0009,22.835,-2.8254,1]},
{"frame":8,"values":[0.9996,0.0175,-0.0234,0,-0.0179,0.9997,-0.0171,0,0.0231,0.0175,0.9996,0,-0.0009,22.835,-2.8254,1]},
{"frame":9,"values":[0.9995,0.0194,-0.0248,0,-0.0197,0.9998,-0.0102,0,0.0246,0.0107,0.9996,0,-0.0009,22.835,-2.8254,1]},
{"frame":10,"values":[0.9994,0.0218,-0.0259,0,-0.0219,0.9998,-0.0045,0,0.0258,0.005,0.9997,0,-0.0009,22.835,-2.8254,1]},
{"frame":11,"values":[0.9994,0.0229,-0.0259,0,-0.023,0.9997,-0.0006,0,0.0259,0.0012,0.9997,0,-0.0009,22.835,-2.8254,1]},
{"frame":12,"values":[0.9995,0.0218,-0.0245,0,-0.0217,0.9998,0.0033,0,0.0246,-0.0027,0.9997,0,-0.0009,22.835,-2.8254,1]},
{"frame":13,"values":[0.9996,0.019,-0.022,0,-0.0189,0.9998,0.0078,0,0.0222,-0.0074,0.9997,0,-0.0009,22.835,-2.8254,1]},
{"frame":14,"values":[0.9997,0.0172,-0.0185,0,-0.017,0.9998,0.0111,0,0.0187,-0.0107,0.9998,0,-0.0009,22.835,-2.8254,1]},
{"frame":15,"values":[0.9997,0.0176,-0.0151,0,-0.0174,0.9998,0.0113,0,0.0153,-0.0111,0.9998,0,-0.0009,22.835,-2.8254,1]},
{"frame":16,"values":[0.9997,0.0184,-0.0146,0,-0.0182,0.9998,0.0098,0,0.0148,-0.0095,0.9998,0,-0.0009,22.835,-2.8254,1]},
{"frame":17,"values":[0.9997,0.0183,-0.0172,0,-0.0182,0.9998,0.0088,0,0.0174,-0.0085,0.9998,0,-0.0009,22.835,-2.8254,1]},
{"frame":18,"values":[0.9997,0.019,-0.0179,0,-0.0188,0.9998,0.0098,0,0.018,-0.0095,0.9998,0,-0.0009,22.835,-2.8254,1]},
{"frame":19,"values":[0.9997,0.0216,-0.0137,0,-0.0215,0.9997,0.0128,0,0.0139,-0.0125,0.9998,0,-0.0009,22.835,-2.8254,1]},
{"frame":20,"values":[0.9997,0.0246,-0.009,0,-0.0245,0.9996,0.0165,0,0.0094,-0.0163,0.9998,0,-0.0009,22.835,-2.8254,1]},
{"frame":21,"values":[0.9996,0.0265,-0.0084,0,-0.0264,0.9995,0.019,0,0.0089,-0.0187,0.9998,0,-0.0009,22.835,-2.8254,1]},
{"frame":22,"values":[0.9996,0.0277,-0.0099,0,-0.0275,0.9994,0.0188,0,0.0105,-0.0185,0.9998,0,-0.0009,22.835,-2.8254,1]},
{"frame":23,"values":[0.9996,0.0279,-0.0108,0,-0.0278,0.9995,0.0167,0,0.0113,-0.0164,0.9998,0,-0.0009,22.835,-2.8254,1]},
{"frame":24,"values":[0.9996,0.0271,-0.0106,0,-0.027,0.9995,0.0153,0,0.011,-0.015,0.9998,0,-0.0009,22.835,-2.8254,1]},
{"frame":25,"values":[0.9996,0.0268,-0.0087,0,-0.0267,0.9995,0.0159,0,0.0091,-0.0157,0.9998,0,-0.0009,22.835,-2.8254,1]},
{"frame":26,"values":[0.9996,0.0284,-0.0051,0,-0.0283,0.9994,0.018,0,0.0056,-0.0179,0.9998,0,-0.0009,22.835,-2.8254,1]},
{"frame":27,"values":[0.9995,0.0304,-0.0016,0,-0.0304,0.9993,0.0204,0,0.0022,-0.0204,0.9998,0,-0.0009,22.835,-2.8254,1]},
{"frame":28,"values":[0.9995,0.031,0,0,-0.0309,0.9993,0.0223,0,0.0006,-0.0223,0.9998,0,-0.0009,22.835,-2.8254,1]},
{"frame":29,"values":[0.9995,0.0304,0.0003,0,-0.0304,0.9993,0.0229,0,0.0004,-0.0229,0.9997,0,-0.0009,22.835,-2.8254,1]},
{"frame":30,"values":[0.9996,0.0296,0,0,-0.0296,0.9993,0.0222,0,0.0007,-0.0222,0.9998,0,-0.0009,22.835,-2.8254,1]},
{"frame":31,"values":[0.9996,0.0291,-0.0014,0,-0.0291,0.9994,0.0209,0,0.002,-0.0208,0.9998,0,-0.0009,22.835,-2.8254,1]},
{"frame":32,"values":[0.9996,0.0296,-0.0027,0,-0.0295,0.9994,0.0202,0,0.0033,-0.0201,0.9998,0,-0.0009,22.835,-2.8254,1]},
{"frame":33,"values":[0.9995,0.0309,-0.0018,0,-0.0309,0.9993,0.021,0,0.0025,-0.0209,0.9998,0,-0.0009,22.835,-2.8254,1]},
{"frame":34,"values":[0.9995,0.0316,0.0005,0,-0.0316,0.9993,0.0223,0,0.0002,-0.0223,0.9998,0,-0.0009,22.835,-2.8254,1]},
{"frame":35,"values":[0.9995,0.0315,0.0017,0,-0.0315,0.9992,0.0231,0,-0.001,-0.0232,0.9997,0,-0.0009,22.835,-2.8254,1]},
{"frame":36,"values":[0.9995,0.0313,0.0009,0,-0.0313,0.9992,0.0229,0,-0.0002,-0.0229,0.9997,0,-0.0009,22.835,-2.8254,1]},
{"frame":37,"values":[0.9995,0.0304,-0.0013,0,-0.0304,0.9993,0.0219,0,0.002,-0.0218,0.9998,0,-0.0009,22.835,-2.8254,1]},
{"frame":38,"values":[0.9996,0.0293,-0.0039,0,-0.0292,0.9994,0.021,0,0.0045,-0.0208,0.9998,0,-0.0009,22.835,-2.8254,1]},
{"frame":39,"values":[0.9996,0.0296,-0.0046,0,-0.0295,0.9993,0.0211,0,0.0052,-0.0209,0.9998,0,-0.0009,22.835,-2.8254,1]},
{"frame":40,"values":[0.9995,0.0308,-0.0033,0,-0.0307,0.9993,0.0221,0,0.004,-0.022,0.9998,0,-0.0009,22.835,-2.8254,1]},
{"frame":41,"values":[0.9996,0.0296,-0.0027,0,-0.0296,0.9993,0.0227,0,0.0034,-0.0227,0.9997,0,-0.0009,22.835,-2.8254,1]},
{"frame":42,"values":[0.9997,0.0251,-0.0035,0,-0.025,0.9995,0.0213,0,0.004,-0.0212,0.9998,0,-0.0009,22.835,-2.8254,1]},
{"frame":43,"values":[0.9998,0.0193,-0.003,0,-0.0193,0.9997,0.0174,0,0.0033,-0.0173,0.9998,0,-0.0009,22.835,-2.8254,1]},
{"frame":44,"values":[0.9999,0.0145,0.0001,0,-0.0145,0.9998,0.013,0,0.0001,-0.013,0.9999,0,-0.0009,22.835,-2.8254,1]},
{"frame":45,"values":[0.9999,0.0109,0.0039,0,-0.011,0.9999,0.0095,0,-0.0038,-0.0095,0.9999,0,-0.0009,22.835,-2.8254,1]},
{"frame":46,"values":[0.9999,0.0081,0.0066,0,-0.0081,0.9999,0.0059,0,-0.0066,-0.0059,1,0,-0.0009,22.835,-2.8254,1]},
{"frame":47,"values":[1,0.0063,0.0074,0,-0.0063,1,0.0006,0,-0.0074,-0.0007,1,0,-0.0009,22.835,-2.8254,1]},
{"frame":48,"values":[1,0.0062,0.0054,0,-0.0061,1,-0.007,0,-0.0055,0.007,1,0,-0.0009,22.835,-2.8254,1]},
{"frame":49,"values":[1,0.0081,0.0013,0,-0.008,0.9998,-0.0164,0,-0.0014,0.0163,0.9999,0,-0.0009,22.835,-2.8254,1]},
{"frame":50,"values":[0.9999,0.0115,-0.0032,0,-0.0115,0.9996,-0.0252,0,0.003,0.0252,0.9997,0,-0.0009,22.835,-2.8254,1]},
{"frame":51,"values":[0.9999,0.0146,-0.0061,0,-0.0148,0.9994,-0.0312,0,0.0056,0.0313,0.9995,0,-0.0009,22.835,-2.8254,1]},
{"frame":52,"values":[0.9998,0.0163,-0.0066,0,-0.0165,0.9993,-0.0341,0,0.006,0.0342,0.9994,0,-0.0009,22.835,-2.8254,1]},
{"frame":53,"values":[0.9998,0.0169,-0.0056,0,-0.0171,0.9992,-0.0353,0,0.005,0.0354,0.9994,0,-0.0009,22.835,-2.8254,1]},
{"frame":54,"values":[0.9998,0.017,-0.0035,0,-0.0171,0.9992,-0.0365,0,0.0029,0.0366,0.9993,0,-0.0009,22.835,-2.8254,1]},
{"frame":55,"values":[0.9999,0.0165,-0.0003,0,-0.0165,0.9991,-0.0385,0,-0.0004,0.0385,0.9993,0,-0.0009,22.835,-2.8254,1]},
{"frame":56,"values":[0.9999,0.0155,0.0038,0,-0.0153,0.999,-0.0409,0,-0.0044,0.0408,0.9992,0,-0.0009,22.835,-2.8254,1]},
{"frame":57,"values":[0.9999,0.0143,0.0075,0,-0.014,0.999,-0.0426,0,-0.0081,0.0425,0.9991,0,-0.0009,22.835,-2.8254,1]},
{"frame":58,"values":[0.9999,0.0138,0.0101,0,-0.0133,0.999,-0.0432,0,-0.0107,0.0431,0.999,0,-0.0009,22.835,-2.8254,1]},
{"frame":59,"values":[0.9998,0.0139,0.012,0,-0.0134,0.999,-0.0435,0,-0.0126,0.0433,0.999,0,-0.0009,22.835,-2.8254,1]}],"loopBehavior":1,"name":"anim","property":"_matrix"}},
{"name":"mixamorig:Spine2","index":3,"matrix":[0.9998,0.0139,0.012,0,-0.0134,0.999,-0.0435,0,-0.0126,0.0433,0.999,0,-0.0206,26.5525,-3.1933,1],"rest":[1,0,0,0,0,1,0,0,0,0,1,0,-0.0206,26.5525,-3.1933,1],"parentBoneIndex":2,"length":24.825
,"animation":{"dataType":3,"framePerSecond":24,"keys":[
{"frame":1,"values":[0.9998,0.0139,0.012,0,-0.0134,0.999,-0.0435,0,-0.0126,0.0433,0.999,0,-0.0206,26.5525,-3.1933,1]},
{"frame":2,"values":[0.9998,0.0147,0.0107,0,-0.0142,0.999,-0.043,0,-0.0113,0.0428,0.999,0,-0.0206,26.5525,-3.1933,1]},
{"frame":3,"values":[0.9999,0.0148,0.007,0,-0.0145,0.9991,-0.0407,0,-0.0076,0.0406,0.9991,0,-0.0206,26.5525,-3.1933,1]},
{"frame":4,"values":[0.9999,0.0146,-0.0003,0,-0.0146,0.9992,-0.0362,0,-0.0002,0.0362,0.9993,0,-0.0206,26.5525,-3.1933,1]},
{"frame":5,"values":[0.9998,0.0148,-0.0093,0,-0.0151,0.9994,-0.0307,0,0.0088,0.0309,0.9995,0,-0.0206,26.5525,-3.1933,1]},
{"frame":6,"values":[0.9997,0.0155,-0.0169,0,-0.0159,0.9995,-0.0262,0,0.0165,0.0265,0.9995,0,-0.0206,26.5525,-3.1933,1]},
{"frame":7,"values":[0.9996,0.0163,-0.0214,0,-0.0168,0.9996,-0.0224,0,0.021,0.0228,0.9995,0,-0.0206,26.5525,-3.1933,1]},
{"frame":8,"values":[0.9996,0.0175,-0.0235,0,-0.0179,0.9997,-0.0171,0,0.0232,0.0175,0.9996,0,-0.0206,26.5525,-3.1933,1]},
{"frame":9,"values":[0.9995,0.0194,-0.0249,0,-0.0197,0.9998,-0.0103,0,0.0247,0.0108,0.9996,0,-0.0206,26.5525,-3.1933,1]},
{"frame":10,"values":[0.9994,0.0217,-0.0261,0,-0.0219,0.9998,-0.0046,0,0.026,0.0051,0.9996,0,-0.0206,26.5525,-3.1933,1]},
{"frame":11,"values":[0.9994,0.0229,-0.0261,0,-0.0229,0.9997,-0.0007,0,0.0261,0.0013,0.9997,0,-0.0206,26.5525,-3.1933,1]},
{"frame":12,"values":[0.9995,0.0217,-0.0248,0,-0.0217,0.9998,0.0031,0,0.0249,-0.0025,0.9997,0,-0.0206,26.5525,-3.1933,1]},
{"frame":13,"values":[0.9996,0.019,-0.0224,0,-0.0188,0.9998,0.0076,0,0.0226,-0.0072,0.9997,0,-0.0206,26.5524,-3.1933,1]},
{"frame":14,"values":[0.9997,0.0172,-0.019,0,-0.017,0.9998,0.0108,0,0.0192,-0.0105,0.9998,0,-0.0206,26.5525,-3.1933,1]},
{"frame":15,"values":[0.9997,0.0175,-0.0156,0,-0.0173,0.9998,0.0111,0,0.0158,-0.0108,0.9998,0,-0.0206,26.5525,-3.1933,1]},
{"frame":16,"values":[0.9997,0.0183,-0.0152,0,-0.0182,0.9998,0.0096,0,0.0153,-0.0093,0.9998,0,-0.0206,26.5525,-3.1933,1]},
{"frame":17,"values":[0.9997,0.0183,-0.0178,0,-0.0181,0.9998,0.0086,0,0.0179,-0.0082,0.9998,0,-0.0206,26.5525,-3.1933,1]},
{"frame":18,"values":[0.9997,0.0189,-0.0184,0,-0.0187,0.9998,0.0096,0,0.0186,-0.0092,0.9998,0,-0.0206,26.5525,-3.1933,1]},
{"frame":19,"values":[0.9997,0.0215,-0.0143,0,-0.0214,0.9997,0.0125,0,0.0146,-0.0122,0.9998,0,-0.0206,26.5525,-3.1933,1]},
{"frame":20,"values":[0.9997,0.0246,-0.0097,0,-0.0244,0.9996,0.0163,0,0.0101,-0.016,0.9998,0,-0.0206,26.5525,-3.1933,1]},
{"frame":21,"values":[0.9996,0.0264,-0.0091,0,-0.0263,0.9995,0.0187,0,0.0096,-0.0185,0.9998,0,-0.0206,26.5525,-3.1933,1]},
{"frame":22,"values":[0.9996,0.0276,-0.0107,0,-0.0274,0.9995,0.0185,0,0.0112,-0.0182,0.9998,0,-0.0206,26.5525,-3.1933,1]},
{"frame":23,"values":[0.9995,0.0278,-0.0116,0,-0.0277,0.9995,0.0165,0,0.012,-0.0162,0.9998,0,-0.0206,26.5525,-3.1933,1]},
{"frame":24,"values":[0.9996,0.027,-0.0113,0,-0.0269,0.9995,0.015,0,0.0117,-0.0147,0.9998,0,-0.0206,26.5525,-3.1933,1]},
{"frame":25,"values":[0.9996,0.0267,-0.0094,0,-0.0266,0.9995,0.0157,0,0.0098,-0.0154,0.9998,0,-0.0206,26.5525,-3.1933,1]},
{"frame":26,"values":[0.9996,0.0283,-0.0059,0,-0.0282,0.9994,0.0178,0,0.0064,-0.0176,0.9998,0,-0.0206,26.5525,-3.1933,1]},
{"frame":27,"values":[0.9995,0.0303,-0.0024,0,-0.0303,0.9993,0.0202,0,0.003,-0.0201,0.9998,0,-0.0206,26.5525,-3.1933,1]},
{"frame":28,"values":[0.9995,0.0309,-0.0007,0,-0.0308,0.9993,0.0221,0,0.0014,-0.022,0.9998,0,-0.0206,26.5525,-3.1933,1]},
{"frame":29,"values":[0.9995,0.0303,-0.0005,0,-0.0303,0.9993,0.0227,0,0.0012,-0.0227,0.9997,0,-0.0206,26.5525,-3.1933,1]},
{"frame":30,"values":[0.9996,0.0295,-0.0008,0,-0.0295,0.9993,0.022,0,0.0015,-0.022,0.9998,0,-0.0206,26.5525,-3.1933,1]},
{"frame":31,"values":[0.9996,0.029,-0.0021,0,-0.029,0.9994,0.0207,0,0.0027,-0.0206,0.9998,0,-0.0206,26.5525,-3.1933,1]},
{"frame":32,"values":[0.9996,0.0295,-0.0034,0,-0.0294,0.9994,0.02,0,0.004,-0.0199,0.9998,0,-0.0206,26.5525,-3.1933,1]},
{"frame":33,"values":[0.9995,0.0308,-0.0026,0,-0.0308,0.9993,0.0208,0,0.0033,-0.0207,0.9998,0,-0.0206,26.5525,-3.1933,1]},
{"frame":34,"values":[0.9995,0.0315,-0.0003,0,-0.0315,0.9993,0.0221,0,0.001,-0.0221,0.9998,0,-0.0206,26.5525,-3.1933,1]},
{"frame":35,"values":[0.9995,0.0314,0.0009,0,-0.0314,0.9992,0.0229,0,-0.0002,-0.0229,0.9997,0,-0.0206,26.5525,-3.1933,1]},
{"frame":36,"values":[0.9995,0.0312,0.0001,0,-0.0312,0.9993,0.0227,0,0.0006,-0.0227,0.9997,0,-0.0206,26.5525,-3.1933,1]},
{"frame":37,"values":[0.9995,0.0303,-0.0022,0,-0.0303,0.9993,0.0216,0,0.0028,-0.0216,0.9998,0,-0.0206,26.5525,-3.1933,1]},
{"frame":38,"values":[0.9996,0.0292,-0.0047,0,-0.0291,0.9994,0.0207,0,0.0053,-0.0206,0.9998,0,-0.0206,26.5525,-3.1933,1]},
{"frame":39,"values":[0.9996,0.0295,-0.0053,0,-0.0294,0.9994,0.0208,0,0.006,-0.0207,0.9998,0,-0.0206,26.5525,-3.1933,1]},
{"frame":40,"values":[0.9995,0.0307,-0.0041,0,-0.0306,0.9993,0.0219,0,0.0047,-0.0218,0.9998,0,-0.0206,26.5525,-3.1933,1]},
{"frame":41,"values":[0.9996,0.0296,-0.0034,0,-0.0295,0.9993,0.0226,0,0.0041,-0.0224,0.9997,0,-0.0206,26.5525,-3.1933,1]},
{"frame":42,"values":[0.9997,0.025,-0.0042,0,-0.0249,0.9995,0.0211,0,0.0047,-0.021,0.9998,0,-0.0206,26.5525,-3.1933,1]},
{"frame":43,"values":[0.9998,0.0193,-0.0036,0,-0.0192,0.9997,0.0172,0,0.004,-0.0171,0.9998,0,-0.0206,26.5525,-3.1933,1]},
{"frame":44,"values":[0.9999,0.0145,-0.0005,0,-0.0145,0.9998,0.0129,0,0.0007,-0.0129,0.9999,0,-0.0206,26.5525,-3.1933,1]},
{"frame":45,"values":[0.9999,0.0109,0.0034,0,-0.0109,0.9999,0.0094,0,-0.0033,-0.0094,1,0,-0.0206,26.5525,-3.1933,1]},
{"frame":46,"values":[0.9999,0.0081,0.0062,0,-0.0081,1,0.0058,0,-0.0061,-0.0058,1,0,-0.0206,26.5525,-3.1933,1]},
{"frame":47,"values":[1,0.0063,0.007,0,-0.0063,1,0.0005,0,-0.007,-0.0006,1,0,-0.0206,26.5525,-3.1933,1]},
{"frame":48,"values":[1,0.0061,0.0051,0,-0.0061,1,-0.0071,0,-0.0052,0.0071,1,0,-0.0206,26.5525,-3.1933,1]},
{"frame":49,"values":[1,0.008,0.001,0,-0.008,0.9998,-0.0164,0,-0.0011,0.0164,0.9999,0,-0.0206,26.5525,-3.1933,1]},
{"frame":50,"values":[0.9999,0.0114,-0.0034,0,-0.0115,0.9996,-0.0252,0,0.0032,0.0253,0.9997,0,-0.0206,26.5525,-3.1933,1]},
{"frame":51,"values":[0.9999,0.0146,-0.0062,0,-0.0148,0.9994,-0.0313,0,0.0058,0.0314,0.9995,0,-0.0206,26.5525,-3.1933,1]},
{"frame":52,"values":[0.9998,0.0163,-0.0067,0,-0.0165,0.9993,-0.0341,0,0.0062,0.0343,0.9994,0,-0.0206,26.5525,-3.1933,1]},
{"frame":53,"values":[0.9998,0.0169,-0.0057,0,-0.0171,0.9992,-0.0353,0,0.0051,0.0354,0.9994,0,-0.0206,26.5525,-3.1933,1]},
{"frame":54,"values":[0.9998,0.017,-0.0035,0,-0.0171,0.9992,-0.0365,0,0.0029,0.0366,0.9993,0,-0.0206,26.5525,-3.1933,1]},
{"frame":55,"values":[0.9999,0.0165,-0.0003,0,-0.0165,0.9991,-0.0385,0,-0.0003,0.0385,0.9993,0,-0.0206,26.5525,-3.1933,1]},
{"frame":56,"values":[0.9999,0.0155,0.0037,0,-0.0153,0.999,-0.0409,0,-0.0044,0.0408,0.9992,0,-0.0206,26.5525,-3.1933,1]},
{"frame":57,"values":[0.9999,0.0143,0.0075,0,-0.014,0.999,-0.0426,0,-0.0081,0.0425,0.9991,0,-0.0206,26.5525,-3.1933,1]},
{"frame":58,"values":[0.9999,0.0138,0.0101,0,-0.0133,0.999,-0.0432,0,-0.0107,0.0431,0.999,0,-0.0206,26.5525,-3.1933,1]},
{"frame":59,"values":[0.9998,0.0139,0.012,0,-0.0134,0.999,-0.0435,0,-0.0126,0.0433,0.999,0,-0.0206,26.5525,-3.1933,1]}],"loopBehavior":1,"name":"anim","property":"_matrix"}},
{"name":"mixamorig:Neck","index":4,"matrix":[0.9999,0.0118,0.0036,0,-0.0119,0.999,0.0424,0,-0.0031,-0.0425,0.9991,0,-0.06,30.7018,1.3522,1],"rest":[1,0,0,0,0,1,0,0,0,0,1,0,-0.06,30.7018,1.3522,1],"parentBoneIndex":3,"length":22.8447
,"animation":{"dataType":3,"framePerSecond":24,"keys":[
{"frame":1,"values":[0.9999,0.0118,0.0036,0,-0.0119,0.999,0.0424,0,-0.0031,-0.0425,0.9991,0,-0.06,30.7018,1.3522,1]},
{"frame":2,"values":[0.9999,0.0118,0.0053,0,-0.012,0.9991,0.0408,0,-0.0048,-0.0409,0.9992,0,-0.06,30.7018,1.3522,1]},
{"frame":3,"values":[0.9999,0.0123,0.0079,0,-0.0126,0.9992,0.0388,0,-0.0075,-0.0389,0.9992,0,-0.06,30.7019,1.3522,1]},
{"frame":4,"values":[0.9998,0.0148,0.0118,0,-0.0153,0.9991,0.0383,0,-0.0112,-0.0385,0.9992,0,-0.06,30.7018,1.3522,1]},
{"frame":5,"values":[0.9997,0.0208,0.0158,0,-0.0214,0.9989,0.0416,0,-0.015,-0.0419,0.999,0,-0.06,30.7018,1.3522,1]},
{"frame":6,"values":[0.9994,0.0301,0.0189,0,-0.031,0.9983,0.0494,0,-0.0173,-0.05,0.9986,0,-0.06,30.7018,1.3522,1]},
{"frame":7,"values":[0.999,0.0401,0.021,0,-0.0413,0.9974,0.0593,0,-0.0186,-0.0601,0.998,0,-0.06,30.7018,1.3522,1]},
{"frame":8,"values":[0.9986,0.0483,0.0237,0,-0.0498,0.9964,0.068,0,-0.0203,-0.069,0.9974,0,-0.06,30.7018,1.3522,1]},
{"frame":9,"values":[0.9982,0.0538,0.028,0,-0.0558,0.9957,0.0746,0,-0.0239,-0.0761,0.9968,0,-0.06,30.7019,1.3522,1]},
{"frame":10,"values":[0.9978,0.0573,0.0339,0,-0.0599,0.9949,0.0817,0,-0.029,-0.0836,0.9961,0,-0.06,30.7018,1.3522,1]},
{"frame":11,"values":[0.9974,0.0604,0.0405,0,-0.0639,0.9937,0.0918,0,-0.0347,-0.0942,0.995,0,-0.06,30.7018,1.3522,1]},
{"frame":12,"values":[0.9967,0.0652,0.0477,0,-0.0699,0.9922,0.1034,0,-0.0406,-0.1064,0.9935,0,-0.06,30.7018,1.3522,1]},
{"frame":13,"values":[0.9958,0.0729,0.0558,0,-0.0788,0.9905,0.1127,0,-0.047,-0.1166,0.9921,0,-0.06,30.7018,1.3522,1]},
{"frame":14,"values":[0.9946,0.0819,0.0632,0,-0.0891,0.9888,0.1201,0,-0.0526,-0.125,0.9908,0,-0.06,30.7018,1.3522,1]},
{"frame":15,"values":[0.9936,0.0901,0.0677,0,-0.0983,0.9866,0.1302,0,-0.055,-0.136,0.9892,0,-0.06,30.7018,1.3522,1]},
{"frame":16,"values":[0.9929,0.0972,0.0693,0,-0.1063,0.984,0.143,0,-0.0543,-0.1493,0.9873,0,-0.06,30.7018,1.3522,1]},
{"frame":17,"values":[0.9921,0.103,0.071,0,-0.1128,0.9819,0.1519,0,-0.0541,-0.1587,0.9858,0,-0.06,30.7018,1.3522,1]},
{"frame":18,"values":[0.9917,0.1049,0.0738,0,-0.1152,0.9815,0.1531,0,-0.0564,-0.1604,0.9854,0,-0.06,30.7018,1.3522,1]},
{"frame":19,"values":[0.9918,0.1026,0.0758,0,-0.1131,0.9821,0.1505,0,-0.059,-0.1579,0.9857,0,-0.06,30.7018,1.3522,1]},
{"frame":20,"values":[0.9921,0.0999,0.0756,0,-0.1103,0.9827,0.1486,0,-0.0594,-0.1558,0.986,0,-0.06,30.7018,1.3522,1]},
{"frame":21,"values":[0.9924,0.0982,0.0745,0,-0.1085,0.9828,0.1494,0,-0.0586,-0.1563,0.986,0,-0.06,30.7018,1.3522,1]},
{"frame":22,"values":[0.9926,0.0962,0.0741,0,-0.1067,0.9822,0.1544,0,-0.0579,-0.1611,0.9852,0,-0.06,30.7018,1.3522,1]},
{"frame":23,"values":[0.9927,0.0949,0.0746,0,-0.106,0.981,0.1624,0,-0.0578,-0.1691,0.9839,0,-0.06,30.7018,1.3522,1]},
{"frame":24,"values":[0.9925,0.0959,0.0763,0,-0.1076,0.9799,0.168,0,-0.0587,-0.1749,0.9828,0,-0.06,30.7018,1.3522,1]},
{"frame":25,"values":[0.9921,0.0972,0.0789,0,-0.1093,0.9797,0.1678,0,-0.061,-0.1751,0.9827,0,-0.06,30.7018,1.3522,1]},
{"frame":26,"values":[0.9921,0.0964,0.0806,0,-0.1086,0.9803,0.1647,0,-0.0631,-0.1721,0.983,0,-0.06,30.7018,1.3522,1]},
{"frame":27,"values":[0.9923,0.0943,0.0804,0,-0.1064,0.981,0.1623,0,-0.0635,-0.1696,0.9835,0,-0.06,30.7018,1.3522,1]},
{"frame":28,"values":[0.9925,0.0927,0.0791,0,-0.1045,0.9813,0.1618,0,-0.0626,-0.1689,0.9836,0,-0.06,30.7018,1.3522,1]},
{"frame":29,"values":[0.9927,0.0916,0.078,0,-0.1035,0.981,0.1643,0,-0.0615,-0.1712,0.9833,0,-0.06,30.7018,1.3522,1]},
{"frame":30,"values":[0.9928,0.0918,0.0774,0,-0.1038,0.9801,0.1692,0,-0.0603,-0.176,0.9825,0,-0.06,30.7018,1.3522,1]},
{"frame":31,"values":[0.9926,0.0932,0.0779,0,-0.1056,0.9792,0.1732,0,-0.0601,-0.1802,0.9818,0,-0.06,30.7018,1.3522,1]},
{"frame":32,"values":[0.9924,0.0939,0.0792,0,-0.1065,0.9791,0.1734,0,-0.0612,-0.1806,0.9817,0,-0.06,30.7018,1.3522,1]},
{"frame":33,"values":[0.9925,0.0928,0.08,0,-0.1053,0.9797,0.1705,0,-0.0626,-0.1777,0.9821,0,-0.06,30.7018,1.3522,1]},
{"frame":34,"values":[0.9926,0.0913,0.0798,0,-0.1037,0.9805,0.1672,0,-0.063,-0.1742,0.9827,0,-0.06,30.7018,1.3522,1]},
{"frame":35,"values":[0.9927,0.0904,0.0793,0,-0.1025,0.9808,0.1658,0,-0.0628,-0.1727,0.983,0,-0.06,30.7018,1.3522,1]},
{"frame":36,"values":[0.9928,0.0905,0.079,0,-0.1027,0.9804,0.168,0,-0.0622,-0.1749,0.9826,0,-0.06,30.7018,1.3522,1]},
{"frame":37,"values":[0.9925,0.0928,0.079,0,-0.1053,0.9794,0.172,0,-0.0615,-0.1791,0.9819,0,-0.06,30.7018,1.3522,1]},
{"frame":38,"values":[0.9922,0.0954,0.0798,0,-0.1081,0.9789,0.1733,0,-0.0616,-0.1805,0.9816,0,-0.06,30.7018,1.3522,1]},
{"frame":39,"values":[0.9922,0.0952,0.0807,0,-0.1079,0.9793,0.1711,0,-0.0627,-0.1784,0.982,0,-0.06,30.7018,1.3522,1]},
{"frame":40,"values":[0.9924,0.0935,0.0799,0,-0.106,0.9796,0.1709,0,-0.0623,-0.178,0.9821,0,-0.06,30.7018,1.3522,1]},
{"frame":41,"values":[0.9928,0.0921,0.0769,0,-0.1044,0.979,0.1752,0,-0.0591,-0.1819,0.9815,0,-0.06,30.7018,1.3522,1]},
{"frame":42,"values":[0.9934,0.0889,0.0726,0,-0.1007,0.9786,0.1794,0,-0.0551,-0.1855,0.9811,0,-0.06,30.7018,1.3522,1]},
{"frame":43,"values":[0.9943,0.0816,0.0679,0,-0.0926,0.9796,0.1781,0,-0.052,-0.1834,0.9817,0,-0.06,30.7018,1.3522,1]},
{"frame":44,"values":[0.9954,0.0729,0.0623,0,-0.0826,0.9818,0.1712,0,-0.0487,-0.1755,0.9833,0,-0.06,30.7018,1.3522,1]},
{"frame":45,"values":[0.9963,0.0656,0.0554,0,-0.0738,0.9841,0.1615,0,-0.0439,-0.165,0.9853,0,-0.06,30.7018,1.3522,1]},
{"frame":46,"values":[0.9971,0.0592,0.0474,0,-0.0657,0.9864,0.1509,0,-0.0378,-0.1536,0.9874,0,-0.06,30.7018,1.3522,1]},
{"frame":47,"values":[0.9979,0.0515,0.0393,0,-0.0564,0.9887,0.139,0,-0.0317,-0.1409,0.9895,0,-0.06,30.7018,1.3522,1]},
{"frame":48,"values":[0.9986,0.0416,0.0322,0,-0.0453,0.991,0.1257,0,-0.0267,-0.127,0.9915,0,-0.06,30.7018,1.3522,1]},
{"frame":49,"values":[0.9992,0.0307,0.0273,0,-0.0336,0.9932,0.1117,0,-0.0236,-0.1126,0.9934,0,-0.06,30.7018,1.3522,1]},
{"frame":50,"values":[0.9995,0.0208,0.0244,0,-0.0231,0.995,0.0969,0,-0.0223,-0.0975,0.995,0,-0.06,30.7018,1.3522,1]},
{"frame":51,"values":[0.9997,0.0136,0.0221,0,-0.0154,0.9966,0.081,0,-0.0209,-0.0813,0.9965,0,-0.06,30.7018,1.3522,1]},
{"frame":52,"values":[0.9998,0.0094,0.0189,0,-0.0106,0.9978,0.0662,0,-0.0183,-0.0664,0.9976,0,-0.06,30.7018,1.3522,1]},
{"frame":53,"values":[0.9999,0.0074,0.0154,0,-0.0083,0.9984,0.056,0,-0.0149,-0.0561,0.9983,0,-0.06,30.7018,1.3522,1]},
{"frame":54,"values":[0.9999,0.0071,0.0121,0,-0.0077,0.9987,0.0513,0,-0.0118,-0.0514,0.9986,0,-0.06,30.7018,1.3522,1]},
{"frame":55,"values":[0.9999,0.0081,0.0097,0,-0.0085,0.9987,0.0497,0,-0.0093,-0.0498,0.9987,0,-0.06,30.7018,1.3522,1]},
{"frame":56,"values":[0.9999,0.01,0.0078,0,-0.0103,0.9988,0.0489,0,-0.0073,-0.0489,0.9988,0,-0.06,30.7018,1.3522,1]},
{"frame":57,"values":[0.9999,0.0118,0.0062,0,-0.0121,0.9988,0.0475,0,-0.0057,-0.0476,0.9989,0,-0.06,30.7018,1.3522,1]},
{"frame":58,"values":[0.9999,0.0125,0.0048,0,-0.0127,0.9989,0.0452,0,-0.0043,-0.0452,0.999,0,-0.06,30.7018,1.3522,1]},
{"frame":59,"values":[0.9999,0.0118,0.0036,0,-0.0119,0.999,0.0424,0,-0.0031,-0.0425,0.9991,0,-0.06,30.7018,1.3522,1]}],"loopBehavior":1,"name":"anim","property":"_matrix"}},
{"name":"mixamorig:Head","index":5,"matrix":[0.9997,-0.0176,0.0188,0,0.0167,0.9986,0.0504,0,-0.0197,-0.0501,0.9986,0,-0.0872,22.5476,3.6709,1],"rest":[1,0,0,0,0,1,0,0,0,0,1,0,-0.0872,22.5476,3.6709,1],"parentBoneIndex":4,"length":30.5923
,"animation":{"dataType":3,"framePerSecond":24,"keys":[
{"frame":1,"values":[0.9997,-0.0176,0.0188,0,0.0167,0.9986,0.0504,0,-0.0197,-0.0501,0.9986,0,-0.0872,22.5476,3.6709,1]},
{"frame":2,"values":[0.9995,-0.0175,0.0271,0,0.0162,0.9986,0.0497,0,-0.0279,-0.0493,0.9984,0,-0.0872,22.5476,3.6709,1]},
{"frame":3,"values":[0.999,-0.0197,0.0389,0,0.018,0.9989,0.0443,0,-0.0398,-0.0436,0.9983,0,-0.0872,22.5477,3.6709,1]},
{"frame":4,"values":[0.9984,-0.0227,0.0528,0,0.0213,0.9994,0.0261,0,-0.0533,-0.0249,0.9983,0,-0.0872,22.5476,3.6709,1]},
{"frame":5,"values":[0.9978,-0.0229,0.0624,0,0.0233,0.9997,-0.0058,0,-0.0622,0.0073,0.998,0,-0.0872,22.5476,3.6709,1]},
{"frame":6,"values":[0.9978,-0.0199,0.0626,0,0.0227,0.9987,-0.0448,0,-0.0616,0.0461,0.997,0,-0.0872,22.5476,3.6709,1]},
{"frame":7,"values":[0.9982,-0.018,0.0572,0,0.0226,0.9964,-0.0821,0,-0.0555,0.0833,0.995,0,-0.0872,22.5476,3.6709,1]},
{"frame":8,"values":[0.9982,-0.0212,0.0562,0,0.0275,0.9931,-0.1142,0,-0.0534,0.1156,0.9919,0,-0.0872,22.5476,3.6709,1]},
{"frame":9,"values":[0.9973,-0.0306,0.066,0,0.0395,0.9895,-0.1391,0,-0.0611,0.1413,0.9881,0,-0.0872,22.5476,3.6709,1]},
{"frame":10,"values":[0.9954,-0.0445,0.0849,0,0.0573,0.9862,-0.155,0,-0.0768,0.1592,0.9843,0,-0.0872,22.5476,3.6709,1]},
{"frame":11,"values":[0.9926,-0.0585,0.1068,0,0.0759,0.983,-0.1674,0,-0.0952,0.1743,0.9801,0,-0.0872,22.5476,3.6709,1]},
{"frame":12,"values":[0.9892,-0.0674,0.1299,0,0.0911,0.9783,-0.1862,0,-0.1145,0.196,0.9739,0,-0.0872,22.5476,3.6709,1]},
{"frame":13,"values":[0.9855,-0.0694,0.1547,0,0.1017,0.9719,-0.2123,0,-0.1356,0.225,0.9649,0,-0.0872,22.5477,3.6709,1]},
