{"producer":{"name":"Blender","version":"2.90.0","exporter_version":"2.80.1","file":"option_insult.babylon"},
"autoClear":true,"clearColor":[0.0509,0.0509,0.0509],"gravity":[0,-9.81,0],
"materials":[{"name":"Material","id":"Material","customType":"BABYLON.PBRMaterial","backFaceCulling":true,"checkReadyOnlyOnce":false,"maxSimultaneousLights":4,"environmentIntensity":1,"albedo":[0.8,0.8,0.8],"reflectivity":[0.5,0.5,0.5],"roughness":0.4,"alpha":1,"transparencyMode":0,"alphaCutOff":0.4,"metallic":0}],
"multiMaterials":[],
"skeletons":[{"name":"Armature","id":0,"dimensionsAtRest":[379.1952,391.6652,55.677],"bones":[
{"name":"mixamorig:Hips","index":0,"matrix":[0.9959,-0.0862,0.0261,0,0.0858,0.9962,0.0179,0,0.0276,0.0156,-0.9995,0,0.4,197.1143,0.0409,1],"rest":[1,0,0,0,0,1,0,0,0,0,-1,0,0,201.6394,0,1],"parentBoneIndex":-1,"length":21.6784
,"animation":{"dataType":3,"framePerSecond":24,"keys":[
{"frame":1,"values":[0.9959,-0.0862,0.0261,0,0.0858,0.9962,0.0179,0,0.0276,0.0156,-0.9995,0,0.4,197.1143,0.0409,1]},
{"frame":2,"values":[0.9959,-0.0876,0.0235,0,0.0872,0.9961,0.0145,0,0.0247,0.0124,-0.9996,0,0.1694,197.0959,-0.0325,1]},
{"frame":3,"values":[0.9958,-0.0888,0.0242,0,0.0886,0.996,0.01,0,0.025,0.0078,-0.9997,0,-0.0908,197.0765,-0.034,1]},
{"frame":4,"values":[0.9955,-0.0903,0.0281,0,0.0902,0.9959,0.0052,0,0.0284,0.0026,-0.9996,0,-0.3875,197.0458,0.0185,1]},
{"frame":5,"values":[0.9953,-0.091,0.0332,0,0.0911,0.9958,0,0,0.0331,-0.003,-0.9994,0,-0.6579,197.0132,0.126,1]},
{"frame":6,"values":[0.995,-0.0921,0.0397,0,0.0923,0.9957,-0.0053,0,0.039,-0.0089,-0.9992,0,-0.9325,196.967,0.3206,1]},
{"frame":7,"values":[0.9943,-0.0939,0.0497,0,0.0945,0.9955,-0.0104,0,0.0485,-0.015,-0.9987,0,-1.2078,196.9078,0.5276,1]},
{"frame":8,"values":[0.9934,-0.0949,0.0648,0,0.096,0.9953,-0.014,0,0.0632,-0.0201,-0.9978,0,-1.4773,196.8593,0.7608,1]},
{"frame":9,"values":[0.9917,-0.0955,0.0866,0,0.0973,0.9951,-0.0168,0,0.0846,-0.0251,-0.9961,0,-1.8034,196.8195,1.039,1]},
{"frame":10,"values":[0.9884,-0.0966,0.1169,0,0.0994,0.9949,-0.0177,0,0.1146,-0.0291,-0.993,0,-2.236,196.7827,1.3408,1]},
{"frame":11,"values":[0.9831,-0.0975,0.1548,0,0.1015,0.9947,-0.0181,0,0.1522,-0.0335,-0.9878,0,-2.6885,196.7661,1.6709,1]},
{"frame":12,"values":[0.9774,-0.0982,0.1872,0,0.1033,0.9945,-0.0177,0,0.1844,-0.0366,-0.9822,0,-3.1462,196.7163,2.0068,1]},
{"frame":13,"values":[0.9731,-0.099,0.2078,0,0.1048,0.9943,-0.017,0,0.205,-0.0383,-0.978,0,-3.6084,196.4881,2.3319,1]},
{"frame":14,"values":[0.9728,-0.0987,0.2096,0,0.1047,0.9944,-0.0173,0,0.2067,-0.0387,-0.9776,0,-3.9723,196.0818,2.6082,1]},
{"frame":15,"values":[0.9751,-0.0974,0.1991,0,0.1037,0.9944,-0.0211,0,0.1959,-0.0412,-0.9798,0,-4.2521,195.5735,2.7934,1]},
{"frame":16,"values":[0.9772,-0.096,0.1892,0,0.1036,0.9941,-0.0308,0,0.1851,-0.0497,-0.9815,0,-4.4642,195.0311,3.0101,1]},
{"frame":17,"values":[0.9768,-0.0948,0.192,0,0.1052,0.9934,-0.0447,0,0.1865,-0.0638,-0.9804,0,-4.6699,194.505,3.2306,1]},
{"frame":18,"values":[0.9705,-0.094,0.2221,0,0.1099,0.9921,-0.0601,0,0.2147,-0.0827,-0.9732,0,-4.9068,194.0808,3.5657,1]},
{"frame":19,"values":[0.9568,-0.0897,0.2766,0,0.115,0.9904,-0.0768,0,0.267,-0.1053,-0.9579,0,-5.2372,193.8018,4.0819,1]},
{"frame":20,"values":[0.9404,-0.0821,0.3299,0,0.117,0.9893,-0.0874,0,0.3192,-0.1208,-0.9399,0,-5.7557,193.7122,4.726,1]},
{"frame":21,"values":[0.9291,-0.0777,0.3617,0,0.1199,0.9881,-0.0958,0,0.3499,-0.1324,-0.9274,0,-6.3224,193.7994,5.5823,1]},
{"frame":22,"values":[0.9278,-0.0765,0.3651,0,0.1225,0.987,-0.1045,0,0.3523,-0.1416,-0.9251,0,-7.0534,193.9688,6.7414,1]},
{"frame":23,"values":[0.9302,-0.0753,0.3593,0,0.1245,0.9854,-0.1159,0,0.3453,-0.1525,-0.926,0,-7.5318,194.3155,7.7949,1]},
{"frame":24,"values":[0.9293,-0.0764,0.3614,0,0.1288,0.984,-0.1231,0,0.3462,-0.161,-0.9242,0,-7.8268,194.7436,8.6893,1]},
{"frame":25,"values":[0.9288,-0.0776,0.3622,0,0.1299,0.984,-0.1223,0,0.3469,-0.1606,-0.924,0,-8.1496,195.2123,9.144,1]},
{"frame":26,"values":[0.931,-0.0781,0.3566,0,0.1283,0.9845,-0.1192,0,0.3418,-0.1568,-0.9266,0,-8.4042,195.6522,9.1441,1]},
{"frame":27,"values":[0.933,-0.0806,0.3507,0,0.128,0.9852,-0.114,0,0.3363,-0.1513,-0.9295,0,-8.5616,196.0005,8.9624,1]},
{"frame":28,"values":[0.9337,-0.0839,0.348,0,0.128,0.9861,-0.1058,0,0.3343,-0.1434,-0.9315,0,-8.6953,196.224,8.6923,1]},
{"frame":29,"values":[0.9345,-0.0862,0.3453,0,0.1267,0.9872,-0.0965,0,0.3325,-0.134,-0.9335,0,-8.8923,196.3504,8.331,1]},
{"frame":30,"values":[0.9358,-0.0893,0.3411,0,0.1264,0.9881,-0.0881,0,0.3291,-0.1256,-0.9359,0,-9.1218,196.4059,7.8684,1]},
{"frame":31,"values":[0.9373,-0.0943,0.3356,0,0.1278,0.9886,-0.0791,0,0.3243,-0.117,-0.9387,0,-9.3584,196.4134,7.3896,1]},
{"frame":32,"values":[0.941,-0.1002,0.3232,0,0.1286,0.9894,-0.0677,0,0.313,-0.1053,-0.9439,0,-9.5192,196.4034,6.8451,1]},
{"frame":33,"values":[0.9457,-0.1058,0.3074,0,0.1284,0.9902,-0.0545,0,0.2986,-0.091,-0.95,0,-9.4811,196.4024,6.3123,1]},
{"frame":34,"values":[0.9515,-0.111,0.2869,0,0.1274,0.9911,-0.0393,0,0.28,-0.0739,-0.9572,0,-9.3202,196.406,5.6618,1]},
{"frame":35,"values":[0.9571,-0.1153,0.2656,0,0.1265,0.9916,-0.0254,0,0.2605,-0.0579,-0.9637,0,-9.1062,196.4035,4.8613,1]},
{"frame":36,"values":[0.9618,-0.1184,0.2468,0,0.1257,0.992,-0.0138,0,0.2432,-0.0443,-0.969,0,-8.9423,196.3993,3.9337,1]},
{"frame":37,"values":[0.965,-0.1203,0.2332,0,0.1244,0.9922,-0.0028,0,0.231,-0.0317,-0.9724,0,-8.8703,196.4114,2.968,1]},
{"frame":38,"values":[0.9673,-0.1212,0.2227,0,0.1232,0.9924,0.0049,0,0.2216,-0.0227,-0.9749,0,-8.809,196.4763,2.0624,1]},
{"frame":39,"values":[0.9698,-0.1205,0.2121,0,0.1223,0.9925,0.0048,0,0.2111,-0.0213,-0.9772,0,-8.8298,196.5952,1.1427,1]},
{"frame":40,"values":[0.9739,-0.1189,0.1932,0,0.121,0.9927,0.001,0,0.1919,-0.0224,-0.9812,0,-8.7078,196.7495,0.2763,1]},
{"frame":41,"values":[0.9789,-0.1161,0.1679,0,0.1184,0.993,-0.0034,0,0.1664,-0.0233,-0.9858,0,-8.375,196.9326,-0.539,1]},
{"frame":42,"values":[0.9834,-0.1136,0.1413,0,0.1159,0.9932,-0.0082,0,0.1394,-0.0244,-0.9899,0,-7.9182,197.1152,-1.2806,1]},
{"frame":43,"values":[0.9871,-0.1115,0.1151,0,0.1137,0.9934,-0.013,0,0.1129,-0.026,-0.9933,0,-7.3478,197.2858,-1.8707,1]},
{"frame":44,"values":[0.9902,-0.1096,0.0869,0,0.1113,0.9937,-0.0154,0,0.0846,-0.0249,-0.9961,0,-6.6294,197.4422,-2.3828,1]},
{"frame":45,"values":[0.9926,-0.1074,0.0574,0,0.1084,0.994,-0.0144,0,0.0556,-0.0205,-0.9982,0,-5.8624,197.5751,-2.7308,1]},
{"frame":46,"values":[0.9939,-0.1052,0.0326,0,0.1056,0.9943,-0.0125,0,0.0311,-0.0158,-0.9994,0,-4.9704,197.6701,-2.8608,1]},
{"frame":47,"values":[0.9944,-0.1036,0.0212,0,0.1038,0.9945,-0.0103,0,0.02,-0.0125,-0.9997,0,-4.0852,197.7172,-2.843,1]},
{"frame":48,"values":[0.9946,-0.1024,0.0157,0,0.1025,0.9947,-0.0079,0,0.0148,-0.0095,-0.9998,0,-3.1706,197.7467,-2.7198,1]},
{"frame":49,"values":[0.9948,-0.1015,0.0097,0,0.1015,0.9948,-0.0042,0,0.0092,-0.0051,-0.9999,0,-2.3454,197.7606,-2.5402,1]},
{"frame":50,"values":[0.9949,-0.1003,0.0076,0,0.1003,0.995,0.0004,0,0.0076,-0.0004,-1,0,-1.6422,197.7598,-2.3057,1]},
{"frame":51,"values":[0.995,-0.1001,0.0059,0,0.1001,0.995,0.0048,0,0.0064,0.0042,-1,0,-1.0001,197.7398,-2.0605,1]},
{"frame":52,"values":[0.995,-0.0999,0.0037,0,0.0998,0.995,0.0083,0,0.0045,0.0079,-1,0,-0.5327,197.7098,-1.847,1]},
{"frame":53,"values":[0.9952,-0.0979,0,0,0.0979,0.9951,0.0108,0,0.001,0.0107,-0.9999,0,-0.1992,197.6736,-1.6342,1]},
{"frame":54,"values":[0.9954,-0.0958,-0.0011,0,0.0958,0.9953,0.0121,0,0,0.0122,-0.9999,0,0.1197,197.6321,-1.4396,1]},
{"frame":55,"values":[0.9956,-0.094,0.0002,0,0.094,0.9955,0.0139,0,0.0015,0.0139,-0.9999,0,0.4125,197.587,-1.2565,1]},
{"frame":56,"values":[0.9957,-0.0921,0.0052,0,0.092,0.9956,0.016,0,0.0067,0.0155,-0.9999,0,0.6828,197.5403,-1.0789,1]},
{"frame":57,"values":[0.9958,-0.0909,0.0118,0,0.0907,0.9957,0.0174,0,0.0133,0.0162,-0.9998,0,0.9222,197.4903,-0.9281,1]},
{"frame":58,"values":[0.9958,-0.0899,0.0182,0,0.0895,0.9958,0.0192,0,0.0198,0.0175,-0.9996,0,1.1565,197.4373,-0.7789,1]},
{"frame":59,"values":[0.9958,-0.0888,0.0227,0,0.0884,0.9959,0.0211,0,0.0244,0.019,-0.9995,0,1.2723,197.3819,-0.6316,1]},
{"frame":60,"values":[0.9958,-0.088,0.026,0,0.0874,0.9959,0.0221,0,0.0279,0.0197,-0.9994,0,1.2615,197.3275,-0.4985,1]},
{"frame":61,"values":[0.9958,-0.0873,0.0286,0,0.0866,0.996,0.0224,0,0.0305,0.0198,-0.9993,0,1.1732,197.2765,-0.3816,1]},
{"frame":62,"values":[0.9958,-0.0869,0.0296,0,0.0863,0.996,0.022,0,0.0314,0.0193,-0.9993,0,1.0268,197.2299,-0.276,1]},
{"frame":63,"values":[0.9958,-0.0867,0.0289,0,0.0861,0.9961,0.0211,0,0.0306,0.0185,-0.9994,0,0.8672,197.1869,-0.1782,1]},
{"frame":64,"values":[0.9958,-0.0868,0.0281,0,0.0863,0.9961,0.0201,0,0.0297,0.0175,-0.9994,0,0.6895,197.1509,-0.092,1]},
{"frame":65,"values":[0.9959,-0.0864,0.0268,0,0.0859,0.9961,0.0186,0,0.0283,0.0163,-0.9995,0,0.5258,197.1269,-0.0157,1]}],"loopBehavior":1,"name":"anim","property":"_matrix"}},
{"name":"mixamorig:Spine","index":1,"matrix":[0.9988,0.0445,0.0221,0,-0.045,0.9988,0.0215,0,-0.0211,-0.0225,0.9995,0,0.0062,19.525,-2.4818,1],"rest":[1,0,0,0,0,1,0,0,0,0,1,0,0.0062,19.525,-2.4818,1],"parentBoneIndex":0,"length":23.0091
,"animation":{"dataType":3,"framePerSecond":24,"keys":[
{"frame":1,"values":[0.9988,0.0445,0.0221,0,-0.045,0.9988,0.0215,0,-0.0211,-0.0225,0.9995,0,0.0062,19.525,-2.4818,1]},
{"frame":2,"values":[0.9988,0.0437,0.0233,0,-0.0442,0.9988,0.0212,0,-0.0223,-0.0222,0.9995,0,0.0062,19.525,-2.4818,1]},
{"frame":3,"values":[0.9988,0.043,0.0243,0,-0.0435,0.9988,0.0219,0,-0.0233,-0.0229,0.9995,0,0.0062,19.525,-2.4818,1]},
{"frame":4,"values":[0.9988,0.0418,0.0255,0,-0.0424,0.9988,0.0237,0,-0.0245,-0.0247,0.9994,0,0.0062,19.525,-2.4818,1]},
{"frame":5,"values":[0.9988,0.0407,0.0256,0,-0.0413,0.9988,0.0262,0,-0.0245,-0.0272,0.9993,0,0.0062,19.525,-2.4818,1]},
{"frame":6,"values":[0.9989,0.04,0.0234,0,-0.0407,0.9987,0.0293,0,-0.0222,-0.0302,0.9993,0,0.0062,19.525,-2.4818,1]},
{"frame":7,"values":[0.999,0.04,0.0196,0,-0.0406,0.9987,0.0317,0,-0.0184,-0.0325,0.9993,0,0.0062,19.525,-2.4818,1]},
{"frame":8,"values":[0.9991,0.0403,0.0145,0,-0.0407,0.9986,0.0337,0,-0.0131,-0.0343,0.9993,0,0.0062,19.525,-2.4818,1]},
{"frame":9,"values":[0.9991,0.0416,0.008,0,-0.0419,0.9985,0.0355,0,-0.0065,-0.0358,0.9993,0,0.0062,19.525,-2.4818,1]},
{"frame":10,"values":[0.999,0.0439,0.0047,0,-0.044,0.9984,0.0365,0,-0.0031,-0.0366,0.9993,0,0.0062,19.525,-2.4818,1]},
{"frame":11,"values":[0.9989,0.0461,-0.0011,0,-0.046,0.9982,0.0384,0,0.0029,-0.0383,0.9993,0,0.0062,19.525,-2.4818,1]},
{"frame":12,"values":[0.9989,0.0471,-0.001,0,-0.047,0.9981,0.0401,0,0.0029,-0.04,0.9992,0,0.0062,19.525,-2.4818,1]},
{"frame":13,"values":[0.9989,0.0471,0.0028,0,-0.0472,0.998,0.0416,0,-0.0008,-0.0417,0.9991,0,0.0062,19.525,-2.4818,1]},
{"frame":14,"values":[0.9989,0.047,0.0056,0,-0.0472,0.998,0.0409,0,-0.0036,-0.0412,0.9991,0,0.0062,19.525,-2.4818,1]},
{"frame":15,"values":[0.9988,0.0479,0.0057,0,-0.048,0.9981,0.0373,0,-0.0039,-0.0376,0.9993,0,0.0062,19.525,-2.4818,1]},
{"frame":16,"values":[0.9989,0.0479,0.0011,0,-0.0479,0.9983,0.0333,0,0.0005,-0.0334,0.9994,0,0.0062,19.525,-2.4818,1]},
{"frame":17,"values":[0.9988,0.0479,-0.0073,0,-0.0476,0.9983,0.0331,0,0.0089,-0.0327,0.9994,0,0.0062,19.525,-2.4818,1]},
{"frame":18,"values":[0.9986,0.0518,-0.0141,0,-0.0513,0.9982,0.0321,0,0.0158,-0.0314,0.9994,0,0.0062,19.525,-2.4818,1]},
{"frame":19,"values":[0.998,0.0609,-0.0181,0,-0.0601,0.9974,0.039,0,0.0205,-0.0378,0.9991,0,0.0062,19.525,-2.4818,1]},
{"frame":20,"values":[0.9976,0.0689,-0.0038,0,-0.0686,0.9964,0.0494,0,0.0072,-0.049,0.9988,0,0.0062,19.525,-2.4818,1]},
{"frame":21,"values":[0.9973,0.0698,0.0238,0,-0.0711,0.9959,0.0556,0,-0.0198,-0.0572,0.9982,0,0.0062,19.525,-2.4818,1]},
{"frame":22,"values":[0.9969,0.0701,0.0351,0,-0.072,0.9959,0.0539,0,-0.0312,-0.0563,0.9979,0,0.0062,19.525,-2.4818,1]},
{"frame":23,"values":[0.9966,0.0766,0.0298,0,-0.0782,0.9954,0.0551,0,-0.0254,-0.0572,0.998,0,0.0062,19.525,-2.4818,1]},
{"frame":24,"values":[0.9966,0.0784,0.0258,0,-0.0797,0.9953,0.0548,0,-0.0214,-0.0567,0.9982,0,0.0062,19.525,-2.4818,1]},
{"frame":25,"values":[0.9966,0.0765,0.0306,0,-0.0781,0.9955,0.0538,0,-0.0264,-0.056,0.9981,0,0.0062,19.525,-2.4818,1]},
{"frame":26,"values":[0.9967,0.0747,0.0306,0,-0.0763,0.9957,0.0529,0,-0.0265,-0.0551,0.9981,0,0.0062,19.525,-2.4818,1]},
{"frame":27,"values":[0.9968,0.074,0.0304,0,-0.0755,0.9958,0.0517,0,-0.0265,-0.0538,0.9982,0,0.0062,19.525,-2.4818,1]},
{"frame":28,"values":[0.9969,0.073,0.0277,0,-0.0744,0.9959,0.0517,0,-0.0239,-0.0536,0.9983,0,0.0062,19.525,-2.4818,1]},
{"frame":29,"values":[0.997,0.072,0.0279,0,-0.0733,0.996,0.0519,0,-0.024,-0.0538,0.9983,0,0.0062,19.525,-2.4818,1]},
{"frame":30,"values":[0.9971,0.0696,0.0301,0,-0.0711,0.9962,0.0503,0,-0.0265,-0.0523,0.9983,0,0.0062,19.525,-2.4818,1]},
{"frame":31,"values":[0.9974,0.0659,0.0302,0,-0.0674,0.9965,0.0495,0,-0.0268,-0.0514,0.9983,0,0.0062,19.525,-2.4818,1]},
{"frame":32,"values":[0.9977,0.0599,0.0321,0,-0.0613,0.997,0.0469,0,-0.0291,-0.0487,0.9984,0,0.0062,19.525,-2.4818,1]},
{"frame":33,"values":[0.9981,0.0538,0.03,0,-0.055,0.9976,0.0427,0,-0.0276,-0.0442,0.9986,0,0.0062,19.525,-2.4818,1]},
{"frame":34,"values":[0.9985,0.0473,0.0259,0,-0.0484,0.998,0.0402,0,-0.0239,-0.0414,0.9989,0,0.0062,19.525,-2.4818,1]},
{"frame":35,"values":[0.9988,0.0438,0.0204,0,-0.0445,0.9983,0.0378,0,-0.0187,-0.0387,0.9991,0,0.0062,19.525,-2.4818,1]},
{"frame":36,"values":[0.9991,0.0402,0.0149,0,-0.0407,0.9986,0.0347,0,-0.0135,-0.0353,0.9993,0,0.0062,19.525,-2.4818,1]},
{"frame":37,"values":[0.9992,0.0384,0.0116,0,-0.0388,0.9987,0.0334,0,-0.0103,-0.0339,0.9994,0,0.0062,19.525,-2.4818,1]},
{"frame":38,"values":[0.9992,0.0379,0.0108,0,-0.0383,0.9988,0.0316,0,-0.0096,-0.032,0.9994,0,0.0062,19.525,-2.4818,1]},
{"frame":39,"values":[0.9991,0.0402,0.012,0,-0.0406,0.9987,0.0303,0,-0.0107,-0.0307,0.9995,0,0.0062,19.525,-2.4818,1]},
{"frame":40,"values":[0.999,0.0428,0.0158,0,-0.0432,0.9987,0.0265,0,-0.0146,-0.0272,0.9995,0,0.0062,19.525,-2.4818,1]},
{"frame":41,"values":[0.9987,0.0469,0.0222,0,-0.0474,0.9986,0.0237,0,-0.0211,-0.0247,0.9995,0,0.0062,19.525,-2.4818,1]},
{"frame":42,"values":[0.9984,0.0499,0.0267,0,-0.0505,0.9985,0.0199,0,-0.0257,-0.0212,0.9994,0,0.0062,19.525,-2.4818,1]},
{"frame":43,"values":[0.9982,0.052,0.0305,0,-0.0525,0.9985,0.0163,0,-0.0296,-0.0178,0.9994,0,0.0062,19.525,-2.4818,1]},
{"frame":44,"values":[0.9979,0.0547,0.0335,0,-0.0551,0.9984,0.013,0,-0.0327,-0.0148,0.9994,0,0.0062,19.525,-2.4818,1]},
{"frame":45,"values":[0.9978,0.0567,0.0351,0,-0.0571,0.9983,0.0106,0,-0.0345,-0.0126,0.9993,0,0.0062,19.525,-2.4818,1]},
{"frame":46,"values":[0.9976,0.0598,0.0361,0,-0.0602,0.9981,0.0109,0,-0.0354,-0.0131,0.9993,0,0.0062,19.525,-2.4818,1]},
{"frame":47,"values":[0.9974,0.0614,0.0366,0,-0.0618,0.998,0.0121,0,-0.0358,-0.0143,0.9993,0,0.0062,19.525,-2.4818,1]},
{"frame":48,"values":[0.9975,0.061,0.0368,0,-0.0615,0.998,0.0135,0,-0.0359,-0.0157,0.9992,0,0.0062,19.525,-2.4818,1]},
{"frame":49,"values":[0.9974,0.0616,0.0369,0,-0.0622,0.998,0.0151,0,-0.0359,-0.0173,0.9992,0,0.0062,19.525,-2.4818,1]},
{"frame":50,"values":[0.9974,0.0614,0.0368,0,-0.0621,0.9979,0.0166,0,-0.0357,-0.0189,0.9992,0,0.0062,19.525,-2.4818,1]},
{"frame":51,"values":[0.9974,0.0618,0.0359,0,-0.0624,0.9979,0.0168,0,-0.0348,-0.019,0.9992,0,0.0062,19.525,-2.4818,1]},
{"frame":52,"values":[0.9975,0.0612,0.034,0,-0.0618,0.998,0.0162,0,-0.0329,-0.0182,0.9993,0,0.0062,19.525,-2.4818,1]},
{"frame":53,"values":[0.9977,0.0593,0.0313,0,-0.0599,0.9981,0.0164,0,-0.0303,-0.0182,0.9994,0,0.0062,19.525,-2.4818,1]},
{"frame":54,"values":[0.9979,0.0574,0.0287,0,-0.0579,0.9982,0.0162,0,-0.0277,-0.0178,0.9995,0,0.0062,19.525,-2.4818,1]},
{"frame":55,"values":[0.9981,0.0555,0.0268,0,-0.056,0.9983,0.016,0,-0.0259,-0.0175,0.9995,0,0.0062,19.525,-2.4818,1]},
{"frame":56,"values":[0.9982,0.0538,0.0255,0,-0.0543,0.9984,0.0159,0,-0.0246,-0.0173,0.9995,0,0.0062,19.525,-2.4818,1]},
{"frame":57,"values":[0.9983,0.0522,0.0244,0,-0.0526,0.9985,0.0158,0,-0.0236,-0.017,0.9996,0,0.0062,19.525,-2.4818,1]},
{"frame":58,"values":[0.9984,0.0505,0.0237,0,-0.0509,0.9986,0.017,0,-0.0228,-0.0182,0.9996,0,0.0062,19.525,-2.4818,1]},
{"frame":59,"values":[0.9985,0.0494,0.0232,0,-0.0498,0.9986,0.0175,0,-0.0223,-0.0186,0.9996,0,0.0062,19.525,-2.4818,1]},
{"frame":60,"values":[0.9985,0.0487,0.023,0,-0.0491,0.9986,0.0178,0,-0.0221,-0.0189,0.9996,0,0.0062,19.525,-2.4818,1]},
{"frame":61,"values":[0.9986,0.0478,0.0232,0,-0.0482,0.9987,0.0178,0,-0.0223,-0.0188,0.9996,0,0.0062,19.525,-2.4818,1]},
{"frame":62,"values":[0.9986,0.0471,0.0231,0,-0.0475,0.9987,0.0183,0,-0.0222,-0.0194,0.9996,0,0.0062,19.525,-2.4818,1]},
{"frame":63,"values":[0.9987,0.0464,0.0222,0,-0.0468,0.9987,0.0195,0,-0.0213,-0.0205,0.9996,0,0.0062,19.525,-2.4818,1]},
{"frame":64,"values":[0.9987,0.0454,0.0215,0,-0.0458,0.9987,0.0205,0,-0.0205,-0.0214,0.9996,0,0.0062,19.525,-2.4818,1]},
{"frame":65,"values":[0.9988,0.0449,0.0217,0,-0.0453,0.9987,0.0212,0,-0.0207,-0.0222,0.9995,0,0.0062,19.525,-2.4818,1]}],"loopBehavior":1,"name":"anim","property":"_matrix"}},
{"name":"mixamorig:Spine1","index":2,"matrix":[0.9946,0.1036,-0.0033,0,-0.1036,0.9945,0.0131,0,0.0046,-0.0127,0.9999,0,-0.0009,22.835,-2.8254,1],"rest":[1,0,0,0,0,1,0,0,0,0,1,0,-0.0009,22.835,-2.8254,1],"parentBoneIndex":1,"length":26.7438
,"animation":{"dataType":3,"framePerSecond":24,"keys":[
{"frame":1,"values":[0.9946,0.1036,-0.0033,0,-0.1036,0.9945,0.0131,0,0.0046,-0.0127,0.9999,0,-0.0009,22.835,-2.8254,1]},
{"frame":2,"values":[0.9947,0.1028,-0.0023,0,-0.1028,0.9946,0.0129,0,0.0036,-0.0126,0.9999,0,-0.0009,22.835,-2.8254,1]},
{"frame":3,"values":[0.9948,0.1021,-0.0014,0,-0.102,0.9947,0.0136,0,0.0027,-0.0134,0.9999,0,-0.0009,22.835,-2.8254,1]},
{"frame":4,"values":[0.9949,0.101,-0.0003,0,-0.101,0.9948,0.0154,0,0.0018,-0.0153,0.9999,0,-0.0009,22.835,-2.8254,1]},
{"frame":5,"values":[0.995,0.1,-0.0003,0,-0.1,0.9948,0.018,0,0.0021,-0.0179,0.9998,0,-0.0009,22.835,-2.8254,1]},
{"frame":6,"values":[0.9951,0.0993,-0.0024,0,-0.0993,0.9948,0.0211,0,0.0045,-0.0208,0.9998,0,-0.0009,22.835,-2.8254,1]},
{"frame":7,"values":[0.995,0.0994,-0.006,0,-0.0993,0.9948,0.0238,0,0.0084,-0.0231,0.9997,0,-0.0009,22.835,-2.8254,1]},
{"frame":8,"values":[0.9949,0.0999,-0.0111,0,-0.0995,0.9947,0.0262,0,0.0136,-0.0249,0.9996,0,-0.0009,22.835,-2.8254,1]},
{"frame":9,"values":[0.9947,0.101,-0.0173,0,-0.1005,0.9945,0.0285,0,0.02,-0.0266,0.9994,0,-0.0009,22.835,-2.8254,1]},
{"frame":10,"values":[0.9945,0.1026,-0.0205,0,-0.102,0.9943,0.0299,0,0.0234,-0.0277,0.9993,0,-0.0009,22.835,-2.8254,1]},
{"frame":11,"values":[0.9942,0.1039,-0.026,0,-0.1031,0.9941,0.0323,0,0.0292,-0.0295,0.9991,0,-0.0009,22.835,-2.8254,1]},
{"frame":12,"values":[0.9942,0.1042,-0.026,0,-0.1032,0.9941,0.0343,0,0.0294,-0.0315,0.9991,0,-0.0009,22.835,-2.8254,1]},
{"frame":13,"values":[0.9944,0.1036,-0.0224,0,-0.1028,0.994,0.036,0,0.026,-0.0335,0.9991,0,-0.0009,22.835,-2.8254,1]},
{"frame":14,"values":[0.9945,0.1028,-0.0199,0,-0.1021,0.9941,0.0358,0,0.0235,-0.0335,0.9992,0,-0.0009,22.835,-2.8254,1]},
{"frame":15,"values":[0.9945,0.1028,-0.0201,0,-0.1021,0.9942,0.033,0,0.0234,-0.0307,0.9993,0,-0.0009,22.835,-2.8254,1]},
{"frame":16,"values":[0.9945,0.1021,-0.0251,0,-0.1013,0.9944,0.03,0,0.028,-0.0273,0.9992,0,-0.0009,22.835,-2.8254,1]},
{"frame":17,"values":[0.9942,0.1019,-0.0337,0,-0.1009,0.9944,0.0308,0,0.0366,-0.0272,0.999,0,-0.0009,22.835,-2.8254,1]},
{"frame":18,"values":[0.9937,0.1048,-0.0407,0,-0.1036,0.9941,0.0312,0,0.0437,-0.0268,0.9987,0,-0.0009,22.835,-2.8254,1]},
{"frame":19,"values":[0.9928,0.1109,-0.0447,0,-0.1093,0.9933,0.0384,0,0.0486,-0.0332,0.9983,0,-0.0009,22.835,-2.8254,1]},
{"frame":20,"values":[0.9929,0.1149,-0.0307,0,-0.1134,0.9924,0.0481,0,0.036,-0.0442,0.9984,0,-0.0009,22.835,-2.8254,1]},
{"frame":21,"values":[0.9934,0.1143,-0.0044,0,-0.1139,0.9921,0.0533,0,0.0104,-0.0524,0.9986,0,-0.0009,22.835,-2.8254,1]},
{"frame":22,"values":[0.9934,0.1144,0.0063,0,-0.1146,0.992,0.0521,0,-0.0003,-0.0525,0.9986,0,-0.0009,22.835,-2.8254,1]},
{"frame":23,"values":[0.9928,0.1198,0.0015,0,-0.1197,0.9914,0.0533,0,0.0049,-0.0531,0.9986,0,-0.0009,22.835,-2.8254,1]},
{"frame":24,"values":[0.9926,0.1212,-0.0024,0,-0.1209,0.9912,0.0533,0,0.0088,-0.0526,0.9986,0,-0.0009,22.835,-2.8254,1]},
{"frame":25,"values":[0.9928,0.1197,-0.0008,0,-0.1195,0.9914,0.0528,0,0.0071,-0.0523,0.9986,0,-0.0009,22.835,-2.8254,1]},
{"frame":26,"values":[0.993,0.1183,0.0019,0,-0.1182,0.9916,0.0516,0,0.0042,-0.0515,0.9987,0,-0.0009,22.835,-2.8254,1]},
{"frame":27,"values":[0.993,0.1177,0.0016,0,-0.1177,0.9918,0.0502,0,0.0043,-0.05,0.9987,0,-0.0009,22.835,-2.8254,1]},
{"frame":28,"values":[0.9931,0.117,-0.0009,0,-0.1168,0.9919,0.05,0,0.0068,-0.0495,0.9987,0,-0.0009,22.835,-2.8254,1]},
{"frame":29,"values":[0.9932,0.1162,-0.0007,0,-0.116,0.992,0.0498,0,0.0065,-0.0494,0.9988,0,-0.0009,22.835,-2.8254,1]},
{"frame":30,"values":[0.9935,0.1142,0.0014,0,-0.1141,0.9923,0.0477,0,0.0041,-0.0476,0.9989,0,-0.0009,22.835,-2.8254,1]},
{"frame":31,"values":[0.9938,0.1111,0.0022,0,-0.1111,0.9927,0.0463,0,0.0029,-0.0462,0.9989,0,-0.0009,22.835,-2.8254,1]},
{"frame":32,"values":[0.9943,0.1063,0.0038,0,-0.1064,0.9934,0.0432,0,0.0009,-0.0433,0.9991,0,-0.0009,22.835,-2.8254,1]},
{"frame":33,"values":[0.9949,0.1011,0.0011,0,-0.1011,0.9941,0.0389,0,0.0028,-0.0388,0.9992,0,-0.0009,22.835,-2.8254,1]},
{"frame":34,"values":[0.9954,0.0957,-0.0027,0,-0.0955,0.9948,0.0359,0,0.0061,-0.0355,0.9994,0,-0.0009,22.835,-2.8254,1]},
{"frame":35,"values":[0.9957,0.0922,-0.0075,0,-0.0919,0.9952,0.0331,0,0.0105,-0.0323,0.9994,0,-0.0009,22.835,-2.8254,1]},
{"frame":36,"values":[0.996,0.089,-0.0122,0,-0.0886,0.9956,0.0296,0,0.0148,-0.0284,0.9995,0,-0.0009,22.835,-2.8254,1]},
{"frame":37,"values":[0.9961,0.0871,-0.0151,0,-0.0866,0.9959,0.0278,0,0.0175,-0.0264,0.9995,0,-0.0009,22.835,-2.8254,1]},
{"frame":38,"values":[0.9961,0.0864,-0.0158,0,-0.086,0.996,0.0259,0,0.018,-0.0244,0.9995,0,-0.0009,22.835,-2.8254,1]},
{"frame":39,"values":[0.996,0.088,-0.0147,0,-0.0877,0.9959,0.024,0,0.0167,-0.0226,0.9996,0,-0.0009,22.835,-2.8254,1]},
{"frame":40,"values":[0.9959,0.09,-0.0117,0,-0.0897,0.9958,0.0199,0,0.0134,-0.0188,0.9997,0,-0.0009,22.835,-2.8254,1]},
{"frame":41,"values":[0.9956,0.0938,-0.0078,0,-0.0937,0.9955,0.0168,0,0.0093,-0.016,0.9998,0,-0.0009,22.835,-2.8254,1]},
{"frame":42,"values":[0.9953,0.0967,-0.0035,0,-0.0966,0.9952,0.0129,0,0.0048,-0.0125,0.9999,0,-0.0009,22.835,-2.8254,1]},
{"frame":43,"values":[0.9951,0.0992,0.0008,0,-0.0992,0.995,0.009,0,0.0001,-0.009,1,0,-0.0009,22.835,-2.8254,1]},
{"frame":44,"values":[0.9948,0.1022,0.0046,0,-0.1022,0.9947,0.0056,0,-0.004,-0.006,1,0,-0.0009,22.835,-2.8254,1]},
{"frame":45,"values":[0.9945,0.1046,0.0075,0,-0.1046,0.9945,0.003,0,-0.0071,-0.0037,1,0,-0.0009,22.835,-2.8254,1]},
{"frame":46,"values":[0.9941,0.1077,0.0093,0,-0.1077,0.9942,0.0029,0,-0.0089,-0.0039,1,0,-0.0009,22.835,-2.8254,1]},
{"frame":47,"values":[0.9939,0.1099,0.0102,0,-0.11,0.9939,0.0035,0,-0.0098,-0.0046,0.9999,0,-0.0009,22.835,-2.8254,1]},
{"frame":48,"values":[0.9938,0.1105,0.0105,0,-0.1105,0.9939,0.0044,0,-0.01,-0.0056,0.9999,0,-0.0009,22.835,-2.8254,1]},
{"frame":49,"values":[0.9937,0.1118,0.0108,0,-0.1119,0.9937,0.0058,0,-0.01,-0.007,0.9999,0,-0.0009,22.835,-2.8254,1]},
{"frame":50,"values":[0.9936,0.1123,0.0109,0,-0.1124,0.9936,0.0075,0,-0.01,-0.0087,0.9999,0,-0.0009,22.835,-2.8254,1]},
{"frame":51,"values":[0.9935,0.1134,0.0104,0,-0.1135,0.9935,0.0079,0,-0.0094,-0.009,0.9999,0,-0.0009,22.835,-2.8254,1]},
{"frame":52,"values":[0.9935,0.1137,0.009,0,-0.1138,0.9935,0.0075,0,-0.0081,-0.0085,0.9999,0,-0.0009,22.835,-2.8254,1]},
{"frame":53,"values":[0.9936,0.1127,0.0067,0,-0.1127,0.9936,0.008,0,-0.0058,-0.0087,0.9999,0,-0.0009,22.835,-2.8254,1]},
{"frame":54,"values":[0.9938,0.1114,0.0039,0,-0.1114,0.9937,0.008,0,-0.003,-0.0084,1,0,-0.0009,22.835,-2.8254,1]},
{"frame":55,"values":[0.9939,0.1104,0.0018,0,-0.1104,0.9939,0.0079,0,-0.0009,-0.008,1,0,-0.0009,22.835,-2.8254,1]},
{"frame":56,"values":[0.994,0.1094,0.0004,0,-0.1094,0.994,0.0078,0,0.0004,-0.0078,1,0,-0.0009,22.835,-2.8254,1]},
{"frame":57,"values":[0.9941,0.1083,-0.0008,0,-0.1083,0.9941,0.0076,0,0.0016,-0.0075,1,0,-0.0009,22.835,-2.8254,1]},
{"frame":58,"values":[0.9942,0.1074,-0.0015,0,-0.1073,0.9942,0.0086,0,0.0024,-0.0084,1,0,-0.0009,22.835,-2.8254,1]},
{"frame":59,"values":[0.9943,0.1065,-0.0021,0,-0.1065,0.9943,0.0091,0,0.003,-0.0088,1,0,-0.0009,22.835,-2.8254,1]},
{"frame":60,"values":[0.9944,0.1061,-0.0024,0,-0.1061,0.9943,0.0094,0,0.0034,-0.0091,1,0,-0.0009,22.835,-2.8254,1]},
{"frame":61,"values":[0.9944,0.1057,-0.0022,0,-0.1057,0.9944,0.0094,0,0.0032,-0.0091,1,0,-0.0009,22.835,-2.8254,1]},
{"frame":62,"values":[0.9944,0.1052,-0.0024,0,-0.1052,0.9944,0.01,0,0.0034,-0.0097,0.9999,0,-0.0009,22.835,-2.8254,1]},
{"frame":63,"values":[0.9945,0.1048,-0.0031,0,-0.1047,0.9944,0.0111,0,0.0043,-0.0107,0.9999,0,-0.0009,22.835,-2.8254,1]},
{"frame":64,"values":[0.9946,0.1042,-0.0038,0,-0.1041,0.9945,0.0121,0,0.0051,-0.0116,0.9999,0,-0.0009,22.835,-2.8254,1]},
{"frame":65,"values":[0.9946,0.1038,-0.0037,0,-0.1037,0.9945,0.0128,0,0.005,-0.0124,0.9999,0,-0.0009,22.835,-2.8254,1]}],"loopBehavior":1,"name":"anim","property":"_matrix"}},
{"name":"mixamorig:Spine2","index":3,"matrix":[0.9947,0.1021,-0.0123,0,-0.1019,0.9947,0.0137,0,0.0136,-0.0124,0.9998,0,-0.0206,26.5525,-3.1933,1],"rest":[1,0,0,0,0,1,0,0,0,0,1,0,-0.0206,26.5525,-3.1933,1],"parentBoneIndex":2,"length":24.825
,"animation":{"dataType":3,"framePerSecond":24,"keys":[
{"frame":1,"values":[0.9947,0.1021,-0.0123,0,-0.1019,0.9947,0.0137,0,0.0136,-0.0124,0.9998,0,-0.0206,26.5525,-3.1933,1]},
{"frame":2,"values":[0.9948,0.1013,-0.0113,0,-0.1012,0.9948,0.0135,0,0.0126,-0.0122,0.9998,0,-0.0206,26.5525,-3.1933,1]},
{"frame":3,"values":[0.9949,0.1006,-0.0104,0,-0.1004,0.9948,0.0142,0,0.0118,-0.0131,0.9998,0,-0.0206,26.5525,-3.1933,1]},
{"frame":4,"values":[0.995,0.0996,-0.0093,0,-0.0994,0.9949,0.016,0,0.0108,-0.015,0.9998,0,-0.0206,26.5525,-3.1933,1]},
{"frame":5,"values":[0.9951,0.0986,-0.0092,0,-0.0984,0.995,0.0186,0,0.011,-0.0176,0.9998,0,-0.0206,26.5525,-3.1933,1]},
{"frame":6,"values":[0.9951,0.0979,-0.0113,0,-0.0977,0.995,0.0217,0,0.0134,-0.0205,0.9997,0,-0.0206,26.5525,-3.1933,1]},
{"frame":7,"values":[0.9951,0.098,-0.015,0,-0.0976,0.9949,0.0244,0,0.0173,-0.0228,0.9996,0,-0.0206,26.5525,-3.1933,1]},
{"frame":8,"values":[0.9949,0.0984,-0.02,0,-0.0979,0.9948,0.0268,0,0.0225,-0.0247,0.9994,0,-0.0206,26.5525,-3.1933,1]},
{"frame":9,"values":[0.9947,0.0996,-0.0261,0,-0.0989,0.9947,0.0292,0,0.0289,-0.0264,0.9992,0,-0.0206,26.5525,-3.1933,1]},
{"frame":10,"values":[0.9944,0.1012,-0.0292,0,-0.1003,0.9945,0.0307,0,0.0322,-0.0276,0.9991,0,-0.0206,26.5525,-3.1933,1]},
{"frame":11,"values":[0.9941,0.1026,-0.0347,0,-0.1015,0.9943,0.0331,0,0.0379,-0.0294,0.9988,0,-0.0206,26.5525,-3.1933,1]},
{"frame":12,"values":[0.9941,0.1029,-0.0347,0,-0.1016,0.9942,0.0351,0,0.0381,-0.0314,0.9988,0,-0.0206,26.5525,-3.1933,1]},
{"frame":13,"values":[0.9943,0.1024,-0.0311,0,-0.1012,0.9942,0.0368,0,0.0347,-0.0334,0.9988,0,-0.0206,26.5525,-3.1933,1]},
{"frame":14,"values":[0.9944,0.1016,-0.0286,0,-0.1005,0.9943,0.0365,0,0.0322,-0.0334,0.9989,0,-0.0206,26.5525,-3.1933,1]},
{"frame":15,"values":[0.9944,0.1016,-0.0289,0,-0.1006,0.9944,0.0337,0,0.0322,-0.0306,0.999,0,-0.0206,26.5525,-3.1933,1]},
{"frame":16,"values":[0.9943,0.1009,-0.034,0,-0.0999,0.9945,0.0308,0,0.0369,-0.0272,0.9989,0,-0.0206,26.5525,-3.1933,1]},
{"frame":17,"values":[0.994,0.1008,-0.0427,0,-0.0995,0.9945,0.0315,0,0.0457,-0.027,0.9986,0,-0.0206,26.5525,-3.1933,1]},
{"frame":18,"values":[0.9933,0.1039,-0.0498,0,-0.1024,0.9942,0.0319,0,0.0528,-0.0265,0.9983,0,-0.0206,26.5525,-3.1933,1]},
{"frame":19,"values":[0.9925,0.1102,-0.0537,0,-0.1082,0.9934,0.039,0,0.0577,-0.0329,0.9978,0,-0.0206,26.5525,-3.1933,1]},
{"frame":20,"values":[0.9927,0.1141,-0.0397,0,-0.1121,0.9925,0.0487,0,0.045,-0.0439,0.998,0,-0.0206,26.5525,-3.1933,1]},
{"frame":21,"values":[0.9935,0.1132,-0.0135,0,-0.1124,0.9922,0.0539,0,0.0195,-0.052,0.9985,0,-0.0206,26.5525,-3.1933,1]},
{"frame":22,"values":[0.9936,0.1132,-0.0026,0,-0.1129,0.9922,0.0527,0,0.0086,-0.052,0.9986,0,-0.0206,26.5525,-3.1933,1]},
{"frame":23,"values":[0.9929,0.1187,-0.007,0,-0.1182,0.9915,0.0539,0,0.0133,-0.0527,0.9985,0,-0.0206,26.5525,-3.1933,1]},
{"frame":24,"values":[0.9927,0.1202,-0.0108,0,-0.1195,0.9914,0.0538,0,0.0172,-0.0521,0.9985,0,-0.0206,26.5525,-3.1933,1]},
{"frame":25,"values":[0.9929,0.1187,-0.0092,0,-0.118,0.9916,0.0533,0,0.0155,-0.0519,0.9985,0,-0.0206,26.5525,-3.1933,1]},
{"frame":26,"values":[0.9931,0.1172,-0.0066,0,-0.1167,0.9918,0.0522,0,0.0127,-0.0511,0.9986,0,-0.0206,26.5525,-3.1933,1]},
{"frame":27,"values":[0.9931,0.1167,-0.007,0,-0.1162,0.9919,0.0508,0,0.0128,-0.0496,0.9987,0,-0.0206,26.5525,-3.1933,1]},
{"frame":28,"values":[0.9932,0.116,-0.0095,0,-0.1154,0.992,0.0506,0,0.0153,-0.0491,0.9987,0,-0.0206,26.5525,-3.1933,1]},
{"frame":29,"values":[0.9933,0.1152,-0.0093,0,-0.1146,0.9921,0.0503,0,0.015,-0.0489,0.9987,0,-0.0206,26.5525,-3.1933,1]},
{"frame":30,"values":[0.9936,0.1131,-0.0072,0,-0.1127,0.9925,0.0483,0,0.0126,-0.0472,0.9988,0,-0.0206,26.5525,-3.1933,1]},
{"frame":31,"values":[0.9939,0.11,-0.0065,0,-0.1096,0.9929,0.0468,0,0.0116,-0.0459,0.9989,0,-0.0206,26.5525,-3.1933,1]},
{"frame":32,"values":[0.9944,0.1052,-0.0049,0,-0.1048,0.9935,0.0437,0,0.0095,-0.043,0.999,0,-0.0206,26.5525,-3.1933,1]},
{"frame":33,"values":[0.995,0.1,-0.0075,0,-0.0996,0.9942,0.0394,0,0.0114,-0.0385,0.9992,0,-0.0206,26.5525,-3.1933,1]},
{"frame":34,"values":[0.9954,0.0945,-0.0121,0,-0.094,0.9949,0.0366,0,0.0155,-0.0353,0.9993,0,-0.0206,26.5525,-3.1933,1]},
{"frame":35,"values":[0.9957,0.091,-0.0171,0,-0.0904,0.9953,0.0338,0,0.0201,-0.0321,0.9993,0,-0.0206,26.5525,-3.1933,1]},
{"frame":36,"values":[0.9959,0.0878,-0.0217,0,-0.0871,0.9957,0.0303,0,0.0242,-0.0283,0.9993,0,-0.0206,26.5525,-3.1933,1]},
{"frame":37,"values":[0.996,0.0858,-0.024,0,-0.0851,0.996,0.0285,0,0.0264,-0.0264,0.9993,0,-0.0206,26.5525,-3.1933,1]},
{"frame":38,"values":[0.9961,0.0851,-0.0245,0,-0.0844,0.9961,0.0265,0,0.0266,-0.0244,0.9993,0,-0.0206,26.5525,-3.1933,1]},
{"frame":39,"values":[0.996,0.0867,-0.0227,0,-0.0861,0.996,0.0246,0,0.0248,-0.0226,0.9994,0,-0.0206,26.5525,-3.1933,1]},
{"frame":40,"values":[0.9959,0.0886,-0.0186,0,-0.0882,0.9959,0.0205,0,0.0204,-0.0187,0.9996,0,-0.0206,26.5525,-3.1933,1]},
{"frame":41,"values":[0.9956,0.0924,-0.0136,0,-0.0922,0.9956,0.0172,0,0.0151,-0.0159,0.9998,0,-0.0206,26.5525,-3.1933,1]},
{"frame":42,"values":[0.9954,0.0952,-0.0089,0,-0.0951,0.9954,0.0132,0,0.0101,-0.0123,0.9999,0,-0.0206,26.5525,-3.1933,1]},
{"frame":43,"values":[0.9952,0.0977,-0.0054,0,-0.0976,0.9952,0.0094,0,0.0063,-0.0088,0.9999,0,-0.0206,26.5525,-3.1933,1]},
{"frame":44,"values":[0.9949,0.1007,-0.0033,0,-0.1007,0.9949,0.0061,0,0.0039,-0.0057,1,0,-0.0206,26.5525,-3.1933,1]},
{"frame":45,"values":[0.9947,0.1031,-0.0015,0,-0.1031,0.9947,0.0035,0,0.0019,-0.0034,1,0,-0.0206,26.5525,-3.1933,1]},
{"frame":46,"values":[0.9943,0.1062,0.0001,0,-0.1062,0.9943,0.0035,0,0.0003,-0.0035,1,0,-0.0206,26.5525,-3.1933,1]},
{"frame":47,"values":[0.9941,0.1084,0.0008,0,-0.1084,0.9941,0.0042,0,-0.0003,-0.0042,1,0,-0.0206,26.5525,-3.1933,1]},
{"frame":48,"values":[0.994,0.1089,0.0012,0,-0.1089,0.994,0.0051,0,-0.0006,-0.0052,1,0,-0.0206,26.5525,-3.1933,1]},
{"frame":49,"values":[0.9939,0.1103,0.0014,0,-0.1103,0.9939,0.0065,0,-0.0006,-0.0066,1,0,-0.0206,26.5525,-3.1933,1]},
{"frame":50,"values":[0.9938,0.1109,0.0013,0,-0.1109,0.9938,0.0081,0,-0.0004,-0.0082,1,0,-0.0206,26.5525,-3.1933,1]},
{"frame":51,"values":[0.9937,0.112,0.0007,0,-0.112,0.9937,0.0085,0,0.0003,-0.0086,1,0,-0.0206,26.5525,-3.1933,1]},
{"frame":52,"values":[0.9937,0.1123,-0.0007,0,-0.1123,0.9936,0.0082,0,0.0016,-0.008,1,0,-0.0206,26.5525,-3.1933,1]},
{"frame":53,"values":[0.9938,0.1113,-0.0027,0,-0.1113,0.9938,0.0086,0,0.0037,-0.0082,1,0,-0.0206,26.5525,-3.1933,1]},
{"frame":54,"values":[0.9939,0.1099,-0.0058,0,-0.1099,0.9939,0.0087,0,0.0067,-0.008,0.9999,0,-0.0206,26.5525,-3.1933,1]},
{"frame":55,"values":[0.994,0.109,-0.0086,0,-0.1089,0.994,0.0086,0,0.0095,-0.0077,0.9999,0,-0.0206,26.5525,-3.1933,1]},
{"frame":56,"values":[0.9941,0.1079,-0.0096,0,-0.1078,0.9941,0.0085,0,0.0104,-0.0074,0.9999,0,-0.0206,26.5525,-3.1933,1]},
{"frame":57,"values":[0.9942,0.1068,-0.01,0,-0.1067,0.9943,0.0082,0,0.0109,-0.0071,0.9999,0,-0.0206,26.5525,-3.1933,1]},
{"frame":58,"values":[0.9943,0.1058,-0.0106,0,-0.1057,0.9944,0.0093,0,0.0115,-0.0081,0.9999,0,-0.0206,26.5525,-3.1933,1]},
{"frame":59,"values":[0.9944,0.105,-0.0112,0,-0.1049,0.9944,0.0097,0,0.0121,-0.0085,0.9999,0,-0.0206,26.5525,-3.1933,1]},
{"frame":60,"values":[0.9945,0.1046,-0.0115,0,-0.1045,0.9945,0.01,0,0.0125,-0.0088,0.9999,0,-0.0206,26.5525,-3.1933,1]},
{"frame":61,"values":[0.9945,0.1042,-0.0112,0,-0.1041,0.9945,0.01,0,0.0122,-0.0088,0.9999,0,-0.0206,26.5525,-3.1933,1]},
{"frame":62,"values":[0.9945,0.1037,-0.0114,0,-0.1036,0.9946,0.0106,0,0.0125,-0.0094,0.9999,0,-0.0206,26.5525,-3.1933,1]},
{"frame":63,"values":[0.9946,0.1033,-0.0122,0,-0.1031,0.9946,0.0117,0,0.0133,-0.0104,0.9999,0,-0.0206,26.5525,-3.1933,1]},
{"frame":64,"values":[0.9946,0.1026,-0.0129,0,-0.1025,0.9947,0.0127,0,0.0141,-0.0113,0.9998,0,-0.0206,26.5525,-3.1933,1]},
{"frame":65,"values":[0.9947,0.1022,-0.0127,0,-0.1021,0.9947,0.0134,0,0.014,-0.012,0.9998,0,-0.0206,26.5525,-3.1933,1]}],"loopBehavior":1,"name":"anim","property":"_matrix"}},
{"name":"mixamorig:Neck","index":4,"matrix":[0.9993,-0.0379,0.0046,0,0.0378,0.9991,0.0184,0,-0.0053,-0.0182,0.9998,0,-0.06,30.7018,1.3522,1],"rest":[1,0,0,0,0,1,0,0,0,0,1,0,-0.06,30.7018,1.3522,1],"parentBoneIndex":3,"length":22.8446
,"animation":{"dataType":3,"framePerSecond":24,"keys":[
{"frame":1,"values":[0.9993,-0.0379,0.0046,0,0.0378,0.9991,0.0184,0,-0.0053,-0.0182,0.9998,0,-0.06,30.7018,1.3522,1]},
{"frame":2,"values":[0.9993,-0.0367,0.0047,0,0.0366,0.9992,0.0185,0,-0.0054,-0.0183,0.9998,0,-0.06,30.7018,1.3522,1]},
{"frame":3,"values":[0.9993,-0.0368,0.0049,0,0.0367,0.9992,0.0174,0,-0.0056,-0.0172,0.9998,0,-0.06,30.7018,1.3522,1]},
{"frame":4,"values":[0.9993,-0.0363,0.0053,0,0.0362,0.9992,0.0154,0,-0.0058,-0.0152,0.9999,0,-0.06,30.7018,1.3522,1]},
{"frame":5,"values":[0.9993,-0.0359,0.006,0,0.0359,0.9993,0.013,0,-0.0064,-0.0128,0.9999,0,-0.06,30.7018,1.3522,1]},
{"frame":6,"values":[0.9993,-0.0353,0.008,0,0.0353,0.9993,0.0106,0,-0.0084,-0.0103,0.9999,0,-0.06,30.7018,1.3522,1]},
{"frame":7,"values":[0.9993,-0.0344,0.0116,0,0.0344,0.9994,0.0078,0,-0.0118,-0.0074,0.9999,0,-0.06,30.7018,1.3522,1]},
{"frame":8,"values":[0.9993,-0.0328,0.0183,0,0.0327,0.9994,0.0061,0,-0.0185,-0.0055,0.9998,0,-0.06,30.7018,1.3522,1]},
{"frame":9,"values":[0.9991,-0.0317,0.0268,0,0.0316,0.9995,0.0037,0,-0.0269,-0.0028,0.9996,0,-0.06,30.7018,1.3522,1]},
{"frame":10,"values":[0.9989,-0.0302,0.0352,0,0.0301,0.9995,0.0029,0,-0.0353,-0.0018,0.9994,0,-0.06,30.7018,1.3522,1]},
{"frame":11,"values":[0.9985,-0.0312,0.0455,0,0.0312,0.9995,-0.0008,0,-0.0454,0.0022,0.999,0,-0.06,30.7018,1.3522,1]},
{"frame":12,"values":[0.9982,-0.0317,0.0517,0,0.0321,0.9995,-0.0067,0,-0.0515,0.0083,0.9986,0,-0.06,30.7018,1.3522,1]},
{"frame":13,"values":[0.998,-0.032,0.0538,0,0.0327,0.9994,-0.0128,0,-0.0534,0.0145,0.9985,0,-0.06,30.7018,1.3522,1]},
{"frame":14,"values":[0.998,-0.0349,0.0531,0,0.0357,0.9992,-0.0153,0,-0.0525,0.0172,0.9985,0,-0.06,30.7018,1.3522,1]},
{"frame":15,"values":[0.9978,-0.0396,0.0523,0,0.0403,0.9991,-0.0138,0,-0.0517,0.0159,0.9985,0,-0.06,30.7018,1.3522,1]},
{"frame":16,"values":[0.9976,-0.0405,0.0559,0,0.0413,0.9991,-0.0129,0,-0.0553,0.0152,0.9984,0,-0.06,30.7018,1.3522,1]},
{"frame":17,"values":[0.9971,-0.04,0.065,0,0.0413,0.999,-0.0195,0,-0.0642,0.0221,0.9977,0,-0.06,30.7018,1.3522,1]},
{"frame":18,"values":[0.9961,-0.0453,0.076,0,0.0467,0.9988,-0.0162,0,-0.0752,0.0197,0.997,0,-0.06,30.7019,1.3522,1]},
{"frame":19,"values":[0.9943,-0.0584,0.0893,0,0.061,0.9978,-0.0266,0,-0.0875,0.0319,0.9957,0,-0.06,30.7018,1.3522,1]},
{"frame":20,"values":[0.9936,-0.0648,0.0922,0,0.0684,0.997,-0.0365,0,-0.0895,0.0425,0.9951,0,-0.06,30.7018,1.3522,1]},
{"frame":21,"values":[0.9948,-0.0557,0.0852,0,0.0589,0.9976,-0.0358,0,-0.083,0.0406,0.9957,0,-0.06,30.7018,1.3522,1]},
{"frame":22,"values":[0.9952,-0.0539,0.082,0,0.0564,0.998,-0.029,0,-0.0803,0.0334,0.9962,0,-0.06,30.7018,1.3522,1]},
{"frame":23,"values":[0.9944,-0.0618,0.0856,0,0.0654,0.9971,-0.0394,0,-0.0829,0.0448,0.9955,0,-0.06,30.7018,1.3522,1]},
{"frame":24,"values":[0.9945,-0.0556,0.0892,0,0.0595,0.9973,-0.0427,0,-0.0866,0.0478,0.9951,0,-0.06,30.7018,1.3522,1]},
{"frame":25,"values":[0.9948,-0.0515,0.0875,0,0.0555,0.9975,-0.0443,0,-0.0849,0.0489,0.9952,0,-0.06,30.7018,1.3522,1]},
{"frame":26,"values":[0.995,-0.0559,0.083,0,0.0595,0.9973,-0.042,0,-0.0805,0.0468,0.9957,0,-0.06,30.7018,1.3522,1]},
{"frame":27,"values":[0.9951,-0.0574,0.0802,0,0.0607,0.9974,-0.0394,0,-0.0778,0.0441,0.996,0,-0.06,30.7018,1.3522,1]},
{"frame":28,"values":[0.9953,-0.0551,0.0792,0,0.0583,0.9975,-0.0394,0,-0.0768,0.0439,0.9961,0,-0.06,30.7018,1.3522,1]},
{"frame":29,"values":[0.9955,-0.0572,0.0757,0,0.0603,0.9974,-0.0397,0,-0.0732,0.0441,0.9963,0,-0.06,30.7018,1.3522,1]},
{"frame":30,"values":[0.9958,-0.0574,0.0712,0,0.0604,0.9974,-0.04,0,-0.0687,0.0442,0.9967,0,-0.06,30.7018,1.3522,1]},
{"frame":31,"values":[0.9963,-0.0518,0.069,0,0.0547,0.9977,-0.0412,0,-0.0668,0.0448,0.9968,0,-0.06,30.7018,1.3522,1]},
{"frame":32,"values":[0.9968,-0.0471,0.0653,0,0.0495,0.9981,-0.0355,0,-0.0635,0.0386,0.9972,0,-0.06,30.7019,1.3522,1]},
{"frame":33,"values":[0.9973,-0.0405,0.0617,0,0.0421,0.9988,-0.0247,0,-0.0607,0.0273,0.9978,0,-0.06,30.7019,1.3522,1]},
{"frame":34,"values":[0.9977,-0.0359,0.0583,0,0.0367,0.9992,-0.014,0,-0.0578,0.0161,0.9982,0,-0.06,30.7018,1.3522,1]},
{"frame":35,"values":[0.9979,-0.034,0.0551,0,0.0342,0.9994,-0.0037,0,-0.0549,0.0056,0.9985,0,-0.06,30.7018,1.3522,1]},
{"frame":36,"values":[0.9983,-0.0289,0.0513,0,0.0287,0.9996,0.0055,0,-0.0514,-0.0041,0.9987,0,-0.06,30.7018,1.3522,1]},
{"frame":37,"values":[0.9985,-0.0258,0.0488,0,0.0252,0.9996,0.0128,0,-0.0491,-0.0115,0.9987,0,-0.06,30.7018,1.3522,1]},
{"frame":38,"values":[0.9987,-0.0223,0.0462,0,0.0215,0.9996,0.017,0,-0.0466,-0.016,0.9988,0,-0.06,30.7018,1.3522,1]},
{"frame":39,"values":[0.9987,-0.0235,0.0442,0,0.0229,0.9996,0.0137,0,-0.0446,-0.0126,0.9989,0,-0.06,30.7018,1.3522,1]},
{"frame":40,"values":[0.999,-0.0239,0.0382,0,0.0234,0.9996,0.0139,0,-0.0385,-0.013,0.9992,0,-0.06,30.7018,1.3522,1]},
{"frame":41,"values":[0.9991,-0.0294,0.0305,0,0.0291,0.9995,0.012,0,-0.0308,-0.0111,0.9995,0,-0.06,30.7018,1.3522,1]},
{"frame":42,"values":[0.9992,-0.0328,0.0247,0,0.0326,0.9994,0.0111,0,-0.0251,-0.0103,0.9996,0,-0.06,30.7018,1.3522,1]},
{"frame":43,"values":[0.9992,-0.0347,0.02,0,0.0345,0.9993,0.0125,0,-0.0204,-0.0118,0.9997,0,-0.06,30.7018,1.3522,1]},
{"frame":44,"values":[0.9992,-0.0362,0.0138,0,0.036,0.9992,0.0155,0,-0.0144,-0.015,0.9998,0,-0.06,30.7018,1.3522,1]},
{"frame":45,"values":[0.9993,-0.0355,0.007,0,0.0353,0.9992,0.0203,0,-0.0077,-0.02,0.9998,0,-0.06,30.7018,1.3522,1]},
{"frame":46,"values":[0.9992,-0.0391,0.0034,0,0.039,0.999,0.0212,0,-0.0042,-0.021,0.9998,0,-0.06,30.7019,1.3522,1]},
{"frame":47,"values":[0.9991,-0.0421,0.0044,0,0.042,0.9989,0.0201,0,-0.0053,-0.0199,0.9998,0,-0.06,30.7018,1.3522,1]},
{"frame":48,"values":[0.9991,-0.0418,0.0051,0,0.0417,0.9989,0.0194,0,-0.0059,-0.0192,0.9998,0,-0.06,30.7018,1.3522,1]},
{"frame":49,"values":[0.9991,-0.043,0.001,0,0.043,0.9989,0.0199,0,-0.0018,-0.0198,0.9998,0,-0.06,30.7018,1.3522,1]},
{"frame":50,"values":[0.9991,-0.043,-0.0016,0,0.043,0.9989,0.0195,0,0.0007,-0.0195,0.9998,0,-0.06,30.7018,1.3522,1]},
