{"producer":{"name":"Blender","version":"2.90.0","exporter_version":"2.80.1","file":"option_handsforward.babylon"},
"autoClear":true,"clearColor":[0.0509,0.0509,0.0509],"gravity":[0,-9.81,0],
"materials":[{"name":"Material","id":"Material","customType":"BABYLON.PBRMaterial","backFaceCulling":true,"checkReadyOnlyOnce":false,"maxSimultaneousLights":4,"environmentIntensity":1,"albedo":[0.8,0.8,0.8],"reflectivity":[0.5,0.5,0.5],"roughness":0.4,"alpha":1,"transparencyMode":0,"alphaCutOff":0.4,"metallic":0}],
"multiMaterials":[],
"skeletons":[{"name":"Armature","id":0,"dimensionsAtRest":[379.1952,391.6652,55.677],"bones":[
{"name":"mixamorig:Hips","index":0,"matrix":[0.994,-0.0551,-0.0947,0,0.0609,0.9964,0.0598,0,-0.0911,0.0652,-0.9937,0,0.3746,200.3125,0.3754,1],"rest":[1,0,0,0,0,1,0,0,0,0,-1,0,0,201.6394,0,1],"parentBoneIndex":-1,"length":21.6784
,"animation":{"dataType":3,"framePerSecond":24,"keys":[
{"frame":1,"values":[0.994,-0.0551,-0.0947,0,0.0609,0.9964,0.0598,0,-0.0911,0.0652,-0.9937,0,0.3746,200.3125,0.3754,1]},
{"frame":2,"values":[0.9939,-0.0554,-0.0958,0,0.0615,0.9962,0.0624,0,-0.0919,0.0679,-0.9934,0,0.3806,200.2574,0.2779,1]},
{"frame":3,"values":[0.9937,-0.0554,-0.0972,0,0.062,0.9959,0.0661,0,-0.0931,0.0717,-0.9931,0,0.4041,200.1925,0.1105,1]},
{"frame":4,"values":[0.9936,-0.0549,-0.0992,0,0.0621,0.9956,0.0708,0,-0.0949,0.0765,-0.9925,0,0.4459,200.1354,-0.1335,1]},
{"frame":5,"values":[0.9933,-0.054,-0.1019,0,0.0619,0.9952,0.076,0,-0.0974,0.0818,-0.9919,0,0.4996,200.1049,-0.4333,1]},
{"frame":6,"values":[0.993,-0.0529,-0.1054,0,0.0616,0.9948,0.0809,0,-0.1006,0.0869,-0.9911,0,0.56,200.1149,-0.7543,1]},
{"frame":7,"values":[0.9926,-0.0512,-0.1099,0,0.0608,0.9945,0.0855,0,-0.1049,0.0916,-0.9903,0,0.6287,200.1541,-1.0633,1]},
{"frame":8,"values":[0.9921,-0.048,-0.1157,0,0.0585,0.9942,0.0897,0,-0.1107,0.0958,-0.9892,0,0.7187,200.208,-1.3287,1]},
{"frame":9,"values":[0.9915,-0.0442,-0.1225,0,0.0558,0.9941,0.0931,0,-0.1177,0.0992,-0.9881,0,0.8265,200.2711,-1.5175,1]},
{"frame":10,"values":[0.9908,-0.0413,-0.1289,0,0.0538,0.994,0.0951,0,-0.1242,0.1011,-0.9871,0,0.9251,200.3286,-1.6449,1]},
{"frame":11,"values":[0.99,-0.0394,-0.1353,0,0.0526,0.994,0.0957,0,-0.1307,0.1019,-0.9862,0,1.0156,200.3803,-1.7676,1]},
{"frame":12,"values":[0.9888,-0.0374,-0.1442,0,0.0515,0.9941,0.0956,0,-0.1398,0.102,-0.9849,0,1.1263,200.4444,-1.8935,1]},
{"frame":13,"values":[0.9871,-0.0347,-0.1566,0,0.0501,0.9941,0.0957,0,-0.1523,0.1023,-0.983,0,1.2677,200.5064,-1.9982,1]},
{"frame":14,"values":[0.9847,-0.0313,-0.1712,0,0.0484,0.9941,0.0968,0,-0.1672,0.1036,-0.9805,0,1.4298,200.5434,-2.0861,1]},
{"frame":15,"values":[0.982,-0.0266,-0.1868,0,0.0458,0.994,0.0995,0,-0.183,0.1063,-0.9773,0,1.6063,200.5613,-2.1639,1]},
{"frame":16,"values":[0.979,-0.0198,-0.2028,0,0.0417,0.9937,0.1043,0,-0.1995,0.1106,-0.9736,0,1.7824,200.5493,-2.2185,1]},
{"frame":17,"values":[0.9758,-0.0117,-0.2183,0,0.0366,0.9932,0.1103,0,-0.2155,0.1157,-0.9696,0,1.9289,200.4998,-2.2532,1]},
{"frame":18,"values":[0.9727,-0.0051,-0.2319,0,0.0327,0.9928,0.1153,0,-0.2296,0.1198,-0.9659,0,2.0214,200.4394,-2.2938,1]},
{"frame":19,"values":[0.97,-0.0013,-0.2431,0,0.0307,0.9926,0.1174,0,-0.2411,0.1214,-0.9629,0,2.0553,200.3939,-2.3312,1]},
{"frame":20,"values":[0.9678,0.0004,-0.2516,0,0.0301,0.9926,0.1175,0,-0.2498,0.1213,-0.9607,0,2.0358,200.3715,-2.3194,1]},
{"frame":21,"values":[0.9662,0.0013,-0.2578,0,0.03,0.9926,0.1176,0,-0.2561,0.1214,-0.959,0,1.9718,200.3529,-2.2383,1]},
{"frame":22,"values":[0.9651,0.0017,-0.2618,0,0.0303,0.9925,0.1183,0,-0.26,0.1221,-0.9578,0,1.8774,200.3179,-2.103,1]},
{"frame":23,"values":[0.9646,0.0016,-0.2638,0,0.0308,0.9924,0.1188,0,-0.262,0.1227,-0.9572,0,1.7593,200.2858,-1.9288,1]},
{"frame":24,"values":[0.9645,0.001,-0.2642,0,0.0315,0.9924,0.1186,0,-0.2623,0.1227,-0.9571,0,1.6234,200.2856,-1.721,1]},
{"frame":25,"values":[0.9647,0.0002,-0.2633,0,0.032,0.9925,0.118,0,-0.2614,0.1222,-0.9575,0,1.4845,200.3051,-1.4782,1]},
{"frame":26,"values":[0.9652,-0.0007,-0.2614,0,0.0324,0.9926,0.117,0,-0.2594,0.1214,-0.9581,0,1.3524,200.313,-1.2057,1]},
{"frame":27,"values":[0.9659,-0.0014,-0.2588,0,0.0326,0.9927,0.116,0,-0.2567,0.1205,-0.9589,0,1.2278,200.3027,-0.9227,1]},
{"frame":28,"values":[0.9667,-0.0018,-0.2559,0,0.0324,0.9928,0.1154,0,-0.2539,0.1199,-0.9598,0,1.1162,200.2886,-0.6508,1]},
{"frame":29,"values":[0.9675,-0.0021,-0.253,0,0.0323,0.9928,0.1151,0,-0.251,0.1195,-0.9606,0,1.0222,200.28,-0.4037,1]},
{"frame":30,"values":[0.9683,-0.0024,-0.2498,0,0.0321,0.9929,0.1149,0,-0.2478,0.1193,-0.9615,0,0.9411,200.2778,-0.1888,1]},
{"frame":31,"values":[0.9692,-0.0027,-0.2465,0,0.032,0.9929,0.1148,0,-0.2444,0.1192,-0.9623,0,0.8731,200.2805,-0.0089,1]},
{"frame":32,"values":[0.97,-0.0029,-0.2432,0,0.0319,0.9928,0.1153,0,-0.2411,0.1196,-0.9631,0,0.823,200.2803,0.138,1]},
{"frame":33,"values":[0.9708,-0.0029,-0.2399,0,0.0317,0.9927,0.1164,0,-0.2378,0.1206,-0.9638,0,0.785,200.2644,0.2511,1]},
{"frame":34,"values":[0.9718,-0.003,-0.2359,0,0.0317,0.9925,0.1178,0,-0.2338,0.1219,-0.9646,0,0.7543,200.2242,0.313,1]},
{"frame":35,"values":[0.9729,-0.0032,-0.2313,0,0.0316,0.9924,0.1191,0,-0.2291,0.1232,-0.9656,0,0.7273,200.1678,0.2927,1]},
{"frame":36,"values":[0.974,-0.0031,-0.2267,0,0.0311,0.9923,0.12,0,-0.2246,0.1239,-0.9665,0,0.7039,200.1116,0.1875,1]},
{"frame":37,"values":[0.9748,-0.0029,-0.2232,0,0.0305,0.9923,0.1202,0,-0.2212,0.124,-0.9673,0,0.6822,200.0663,0.0499,1]},
{"frame":38,"values":[0.9753,-0.0034,-0.2207,0,0.0306,0.9923,0.1201,0,-0.2186,0.1239,-0.9679,0,0.648,200.0251,-0.0487,1]},
{"frame":39,"values":[0.976,-0.0052,-0.2177,0,0.0319,0.9923,0.1196,0,-0.2154,0.1237,-0.9687,0,0.581,199.9746,-0.0878,1]},
{"frame":40,"values":[0.9771,-0.0083,-0.2128,0,0.034,0.9925,0.1173,0,-0.2103,0.1219,-0.97,0,0.4986,199.9107,-0.1244,1]},
{"frame":41,"values":[0.9786,-0.0117,-0.2056,0,0.0354,0.9931,0.1118,0,-0.2028,0.1167,-0.9722,0,0.4513,199.8685,-0.198,1]},
{"frame":42,"values":[0.9804,-0.0149,-0.1963,0,0.0358,0.994,0.1032,0,-0.1936,0.1082,-0.9751,0,0.4516,199.8921,-0.2599,1]},
{"frame":43,"values":[0.9823,-0.0178,-0.1867,0,0.036,0.9949,0.0945,0,-0.184,0.0995,-0.9779,0,0.4557,199.9482,-0.2777,1]},
{"frame":44,"values":[0.984,-0.0206,-0.1772,0,0.0367,0.9954,0.088,0,-0.1746,0.0931,-0.9802,0,0.4056,199.983,-0.2753,1]},
{"frame":45,"values":[0.9856,-0.0233,-0.1675,0,0.0378,0.9958,0.0838,0,-0.1649,0.0889,-0.9823,0,0.2772,200.0049,-0.2541,1]},
{"frame":46,"values":[0.9872,-0.0264,-0.1573,0,0.0395,0.9959,0.081,0,-0.1545,0.0862,-0.9842,0,0.0863,200.0245,-0.178,1]},
{"frame":47,"values":[0.9887,-0.0294,-0.1467,0,0.0414,0.996,0.0793,0,-0.1438,0.0845,-0.986,0,-0.1354,200.0193,-0.052,1]},
{"frame":48,"values":[0.9902,-0.0323,-0.136,0,0.0432,0.996,0.0785,0,-0.1329,0.0837,-0.9876,0,-0.3659,200.0073,0.0767,1]},
{"frame":49,"values":[0.9915,-0.035,-0.125,0,0.045,0.996,0.0778,0,-0.1218,0.0827,-0.9891,0,-0.6003,200.0296,0.1887,1]},
{"frame":50,"values":[0.9928,-0.0381,-0.114,0,0.047,0.9959,0.0767,0,-0.1106,0.0815,-0.9905,0,-0.8344,200.0739,0.3043,1]},
{"frame":51,"values":[0.9938,-0.0414,-0.1033,0,0.0494,0.9959,0.0757,0,-0.0997,0.0804,-0.9918,0,-1.052,200.1063,0.43,1]},
{"frame":52,"values":[0.9946,-0.0445,-0.0936,0,0.0516,0.9959,0.0749,0,-0.0899,0.0794,-0.9928,0,-1.2408,200.1277,0.552,1]},
{"frame":53,"values":[0.9952,-0.0473,-0.0853,0,0.0538,0.9958,0.0745,0,-0.0814,0.0788,-0.9936,0,-1.4002,200.1471,0.6731,1]},
{"frame":54,"values":[0.9956,-0.0497,-0.079,0,0.0556,0.9957,0.0746,0,-0.075,0.0787,-0.9941,0,-1.5281,200.1608,0.7988,1]},
{"frame":55,"values":[0.9959,-0.0513,-0.0751,0,0.0569,0.9956,0.0748,0,-0.071,0.0787,-0.9944,0,-1.6136,200.17,0.9049,1]},
{"frame":56,"values":[0.9959,-0.0525,-0.0737,0,0.0579,0.9955,0.0745,0,-0.0694,0.0785,-0.9945,0,-1.6517,200.1849,0.9748,1]},
{"frame":57,"values":[0.9958,-0.0535,-0.0738,0,0.0589,0.9955,0.0736,0,-0.0695,0.0777,-0.9946,0,-1.6504,200.2073,1.0161,1]},
{"frame":58,"values":[0.9957,-0.0545,-0.0751,0,0.0599,0.9956,0.0722,0,-0.0709,0.0764,-0.9946,0,-1.619,200.2311,1.0356,1]},
{"frame":59,"values":[0.9955,-0.0553,-0.0769,0,0.0608,0.9957,0.0704,0,-0.0727,0.0747,-0.9946,0,-1.5623,200.2491,1.0347,1]},
{"frame":60,"values":[0.9953,-0.0561,-0.0787,0,0.0615,0.9957,0.0686,0,-0.0745,0.0731,-0.9945,0,-1.4888,200.2608,1.0157,1]},
{"frame":61,"values":[0.9952,-0.0566,-0.0804,0,0.0621,0.9958,0.0671,0,-0.0762,0.0717,-0.9945,0,-1.4038,200.2677,0.9769,1]},
{"frame":62,"values":[0.995,-0.057,-0.0819,0,0.0625,0.9959,0.0659,0,-0.0778,0.0707,-0.9945,0,-1.3061,200.2669,0.9153,1]},
{"frame":63,"values":[0.9949,-0.0572,-0.0835,0,0.0627,0.9959,0.0651,0,-0.0794,0.07,-0.9944,0,-1.1965,200.2598,0.8311,1]},
{"frame":64,"values":[0.9948,-0.0572,-0.0848,0,0.0628,0.9959,0.0645,0,-0.0808,0.0695,-0.9943,0,-1.0794,200.2568,0.7248,1]},
{"frame":65,"values":[0.9947,-0.057,-0.0857,0,0.0626,0.996,0.0641,0,-0.0817,0.0692,-0.9943,0,-0.9597,200.264,0.6034,1]},
{"frame":66,"values":[0.9947,-0.0566,-0.086,0,0.0622,0.996,0.0638,0,-0.082,0.0688,-0.9942,0,-0.8388,200.2756,0.4851,1]},
{"frame":67,"values":[0.9947,-0.0564,-0.086,0,0.062,0.9961,0.0634,0,-0.0821,0.0683,-0.9943,0,-0.7156,200.2847,0.3856,1]},
{"frame":68,"values":[0.9947,-0.0564,-0.086,0,0.0619,0.9961,0.0627,0,-0.0821,0.0677,-0.9943,0,-0.5858,200.2917,0.312,1]},
{"frame":69,"values":[0.9947,-0.0564,-0.0864,0,0.0619,0.9962,0.0619,0,-0.0826,0.0669,-0.9943,0,-0.4444,200.2976,0.2672,1]},
{"frame":70,"values":[0.9946,-0.0564,-0.0871,0,0.0619,0.9962,0.0611,0,-0.0833,0.0661,-0.9943,0,-0.2948,200.3044,0.2489,1]},
{"frame":71,"values":[0.9945,-0.0563,-0.0879,0,0.0618,0.9963,0.0605,0,-0.0841,0.0656,-0.9943,0,-0.1472,200.311,0.2502,1]},
{"frame":72,"values":[0.9945,-0.056,-0.089,0,0.0615,0.9963,0.0602,0,-0.0853,0.0653,-0.9942,0,-0.0068,200.3144,0.2654,1]},
{"frame":73,"values":[0.9943,-0.0557,-0.0905,0,0.0613,0.9963,0.06,0,-0.0869,0.0652,-0.9941,0,0.1272,200.3147,0.2922,1]},
{"frame":74,"values":[0.9942,-0.0554,-0.0925,0,0.0611,0.9963,0.0599,0,-0.0889,0.0652,-0.9939,0,0.2551,200.3135,0.3301,1]},
{"frame":75,"values":[0.994,-0.0551,-0.0947,0,0.0609,0.9963,0.0598,0,-0.0911,0.0652,-0.9937,0,0.3746,200.3125,0.3756,1]}],"loopBehavior":1,"name":"anim","property":"_matrix"}},
{"name":"mixamorig:Spine","index":1,"matrix":[0.9987,0.0447,-0.0243,0,-0.0433,0.9973,0.0587,0,0.0269,-0.0576,0.998,0,0.0062,19.525,-2.4818,1],"rest":[1,0,0,0,0,1,0,0,0,0,1,0,0.0062,19.525,-2.4818,1],"parentBoneIndex":0,"length":23.0091
,"animation":{"dataType":3,"framePerSecond":24,"keys":[
{"frame":1,"values":[0.9987,0.0447,-0.0243,0,-0.0433,0.9973,0.0587,0,0.0269,-0.0576,0.998,0,0.0062,19.525,-2.4818,1]},
{"frame":2,"values":[0.9987,0.0449,-0.0243,0,-0.0434,0.9973,0.0591,0,0.0269,-0.058,0.998,0,0.0062,19.525,-2.4818,1]},
{"frame":3,"values":[0.9987,0.0451,-0.0243,0,-0.0436,0.9973,0.0591,0,0.0269,-0.058,0.998,0,0.0062,19.525,-2.4818,1]},
{"frame":4,"values":[0.9987,0.0454,-0.0243,0,-0.0439,0.9973,0.0584,0,0.0268,-0.0573,0.998,0,0.0062,19.525,-2.4818,1]},
{"frame":5,"values":[0.9986,0.046,-0.0243,0,-0.0446,0.9974,0.0569,0,0.0268,-0.0557,0.9981,0,0.0062,19.525,-2.4818,1]},
{"frame":6,"values":[0.9986,0.047,-0.0243,0,-0.0456,0.9975,0.0544,0,0.0268,-0.0532,0.9982,0,0.0062,19.525,-2.4818,1]},
{"frame":7,"values":[0.9985,0.048,-0.0244,0,-0.0467,0.9976,0.0514,0,0.0268,-0.0502,0.9984,0,0.0062,19.525,-2.4818,1]},
{"frame":8,"values":[0.9985,0.0489,-0.0245,0,-0.0477,0.9977,0.0484,0,0.0268,-0.0471,0.9985,0,0.0062,19.525,-2.4818,1]},
{"frame":9,"values":[0.9985,0.0499,-0.0245,0,-0.0488,0.9978,0.0454,0,0.0267,-0.0441,0.9987,0,0.0062,19.525,-2.4818,1]},
{"frame":10,"values":[0.9984,0.0514,-0.0238,0,-0.0503,0.9978,0.0423,0,0.0259,-0.041,0.9988,0,0.0062,19.525,-2.4818,1]},
{"frame":11,"values":[0.9983,0.0532,-0.0227,0,-0.0523,0.9979,0.0392,0,0.0248,-0.0379,0.999,0,0.0062,19.525,-2.4818,1]},
{"frame":12,"values":[0.9982,0.0553,-0.0218,0,-0.0545,0.9979,0.0361,0,0.0238,-0.0349,0.9991,0,0.0062,19.525,-2.4818,1]},
{"frame":13,"values":[0.9981,0.0574,-0.0211,0,-0.0567,0.9978,0.0334,0,0.0229,-0.0322,0.9992,0,0.0062,19.525,-2.4818,1]},
{"frame":14,"values":[0.998,0.0595,-0.0202,0,-0.0589,0.9978,0.0311,0,0.022,-0.0299,0.9993,0,0.0062,19.525,-2.4818,1]},
{"frame":15,"values":[0.9979,0.0619,-0.0191,0,-0.0613,0.9977,0.0289,0,0.0208,-0.0277,0.9994,0,0.0062,19.525,-2.4818,1]},
{"frame":16,"values":[0.9978,0.0641,-0.0179,0,-0.0636,0.9976,0.0268,0,0.0196,-0.0256,0.9995,0,0.0062,19.525,-2.4818,1]},
{"frame":17,"values":[0.9977,0.0657,-0.0169,0,-0.0653,0.9976,0.0251,0,0.0185,-0.0239,0.9995,0,0.0062,19.525,-2.4818,1]},
{"frame":18,"values":[0.9976,0.067,-0.0158,0,-0.0666,0.9975,0.0242,0,0.0174,-0.0231,0.9996,0,0.0062,19.525,-2.4818,1]},
{"frame":19,"values":[0.9976,0.0681,-0.0147,0,-0.0677,0.9974,0.0242,0,0.0163,-0.0231,0.9996,0,0.0062,19.525,-2.4818,1]},
{"frame":20,"values":[0.9975,0.069,-0.0138,0,-0.0687,0.9973,0.0244,0,0.0155,-0.0234,0.9996,0,0.0062,19.525,-2.4818,1]},
{"frame":21,"values":[0.9975,0.0695,-0.0135,0,-0.0692,0.9973,0.0245,0,0.0151,-0.0235,0.9996,0,0.0062,19.525,-2.4818,1]},
{"frame":22,"values":[0.9975,0.0695,-0.0135,0,-0.0691,0.9973,0.0246,0,0.0152,-0.0237,0.9996,0,0.0062,19.525,-2.4818,1]},
{"frame":23,"values":[0.9975,0.0692,-0.0136,0,-0.0688,0.9973,0.0248,0,0.0152,-0.0238,0.9996,0,0.0062,19.525,-2.4818,1]},
{"frame":24,"values":[0.9975,0.0689,-0.0136,0,-0.0686,0.9973,0.025,0,0.0153,-0.024,0.9996,0,0.0062,19.525,-2.4818,1]},
{"frame":25,"values":[0.9976,0.0686,-0.0136,0,-0.0683,0.9973,0.0253,0,0.0153,-0.0243,0.9996,0,0.0062,19.525,-2.4818,1]},
{"frame":26,"values":[0.9976,0.0682,-0.0137,0,-0.0679,0.9974,0.0256,0,0.0154,-0.0247,0.9996,0,0.0062,19.525,-2.4818,1]},
{"frame":27,"values":[0.9976,0.0679,-0.0138,0,-0.0675,0.9974,0.0261,0,0.0155,-0.0251,0.9996,0,0.0062,19.525,-2.4818,1]},
{"frame":28,"values":[0.9976,0.0676,-0.0139,0,-0.0672,0.9974,0.0264,0,0.0157,-0.0254,0.9996,0,0.0062,19.525,-2.4818,1]},
{"frame":29,"values":[0.9976,0.0673,-0.0142,0,-0.0669,0.9974,0.0266,0,0.0159,-0.0256,0.9995,0,0.0062,19.525,-2.4818,1]},
{"frame":30,"values":[0.9976,0.067,-0.0144,0,-0.0666,0.9974,0.0267,0,0.0162,-0.0257,0.9995,0,0.0062,19.525,-2.4818,1]},
{"frame":31,"values":[0.9977,0.0666,-0.0147,0,-0.0662,0.9974,0.027,0,0.0164,-0.026,0.9995,0,0.0062,19.525,-2.4818,1]},
{"frame":32,"values":[0.9977,0.0661,-0.0151,0,-0.0656,0.9975,0.0275,0,0.0169,-0.0265,0.9995,0,0.0062,19.525,-2.4818,1]},
{"frame":33,"values":[0.9977,0.0655,-0.0157,0,-0.0651,0.9975,0.0282,0,0.0175,-0.0272,0.9995,0,0.0062,19.525,-2.4818,1]},
{"frame":34,"values":[0.9978,0.065,-0.0162,0,-0.0646,0.9975,0.0289,0,0.018,-0.0278,0.9995,0,0.0062,19.525,-2.4818,1]},
{"frame":35,"values":[0.9978,0.0646,-0.0166,0,-0.0641,0.9975,0.0296,0,0.0185,-0.0284,0.9994,0,0.0062,19.525,-2.4818,1]},
{"frame":36,"values":[0.9978,0.0641,-0.0173,0,-0.0636,0.9975,0.0305,0,0.0192,-0.0294,0.9994,0,0.0062,19.525,-2.4818,1]},
{"frame":37,"values":[0.9978,0.0635,-0.0186,0,-0.0629,0.9975,0.0321,0,0.0206,-0.0309,0.9993,0,0.0062,19.525,-2.4818,1]},
{"frame":38,"values":[0.9978,0.0629,-0.0203,0,-0.0622,0.9975,0.0339,0,0.0223,-0.0325,0.9992,0,0.0062,19.525,-2.4818,1]},
{"frame":39,"values":[0.9978,0.0628,-0.0217,0,-0.062,0.9974,0.0357,0,0.0239,-0.0343,0.9991,0,0.0062,19.525,-2.4818,1]},
{"frame":40,"values":[0.9977,0.0632,-0.0224,0,-0.0623,0.9973,0.0381,0,0.0247,-0.0367,0.999,0,0.0062,19.525,-2.4818,1]},
{"frame":41,"values":[0.9977,0.0634,-0.0222,0,-0.0625,0.9972,0.0413,0,0.0248,-0.0398,0.9989,0,0.0062,19.525,-2.4818,1]},
{"frame":42,"values":[0.9978,0.0624,-0.0214,0,-0.0614,0.9971,0.0438,0,0.0241,-0.0424,0.9988,0,0.0062,19.525,-2.4818,1]},
{"frame":43,"values":[0.998,0.0605,-0.0209,0,-0.0595,0.9972,0.0451,0,0.0235,-0.0438,0.9988,0,0.0062,19.525,-2.4818,1]},
{"frame":44,"values":[0.9981,0.0586,-0.021,0,-0.0576,0.9973,0.0457,0,0.0236,-0.0444,0.9987,0,0.0062,19.525,-2.4818,1]},
{"frame":45,"values":[0.9981,0.0573,-0.0213,0,-0.0563,0.9973,0.0465,0,0.0239,-0.0452,0.9987,0,0.0062,19.525,-2.4818,1]},
{"frame":46,"values":[0.9982,0.0562,-0.0211,0,-0.0551,0.9973,0.0477,0,0.0238,-0.0465,0.9986,0,0.0062,19.525,-2.4818,1]},
{"frame":47,"values":[0.9983,0.0549,-0.0205,0,-0.0538,0.9973,0.0493,0,0.0231,-0.0481,0.9986,0,0.0062,19.525,-2.4818,1]},
{"frame":48,"values":[0.9984,0.0533,-0.0197,0,-0.0523,0.9973,0.0509,0,0.0224,-0.0498,0.9985,0,0.0062,19.525,-2.4818,1]},
{"frame":49,"values":[0.9985,0.0516,-0.0194,0,-0.0505,0.9973,0.0525,0,0.022,-0.0515,0.9984,0,0.0062,19.525,-2.4818,1]},
{"frame":50,"values":[0.9986,0.0498,-0.0196,0,-0.0487,0.9974,0.0536,0,0.0222,-0.0526,0.9984,0,0.0062,19.525,-2.4818,1]},
{"frame":51,"values":[0.9986,0.0483,-0.0201,0,-0.0472,0.9974,0.0544,0,0.0227,-0.0533,0.9983,0,0.0062,19.525,-2.4818,1]},
{"frame":52,"values":[0.9987,0.047,-0.0208,0,-0.0458,0.9974,0.0549,0,0.0233,-0.0538,0.9983,0,0.0062,19.525,-2.4818,1]},
{"frame":53,"values":[0.9987,0.0458,-0.0214,0,-0.0445,0.9975,0.0554,0,0.0239,-0.0543,0.9982,0,0.0062,19.525,-2.4818,1]},
{"frame":54,"values":[0.9988,0.0446,-0.0218,0,-0.0433,0.9975,0.056,0,0.0242,-0.055,0.9982,0,0.0062,19.525,-2.4818,1]},
{"frame":55,"values":[0.9988,0.0435,-0.022,0,-0.0422,0.9975,0.0566,0,0.0244,-0.0556,0.9982,0,0.0062,19.525,-2.4818,1]},
{"frame":56,"values":[0.9988,0.0427,-0.0222,0,-0.0414,0.9975,0.057,0,0.0246,-0.0561,0.9981,0,0.0062,19.525,-2.4818,1]},
{"frame":57,"values":[0.9989,0.042,-0.0224,0,-0.0407,0.9975,0.0572,0,0.0248,-0.0562,0.9981,0,0.0062,19.525,-2.4818,1]},
{"frame":58,"values":[0.9989,0.0415,-0.0227,0,-0.0402,0.9976,0.0572,0,0.025,-0.0563,0.9981,0,0.0062,19.525,-2.4818,1]},
{"frame":59,"values":[0.9989,0.0412,-0.0228,0,-0.0399,0.9976,0.0572,0,0.0251,-0.0563,0.9981,0,0.0062,19.525,-2.4818,1]},
{"frame":60,"values":[0.9989,0.0411,-0.0228,0,-0.0398,0.9976,0.0572,0,0.0251,-0.0563,0.9981,0,0.0062,19.525,-2.4818,1]},
{"frame":61,"values":[0.9989,0.0411,-0.0228,0,-0.0397,0.9976,0.0574,0,0.0251,-0.0564,0.9981,0,0.0062,19.525,-2.4818,1]},
{"frame":62,"values":[0.9989,0.0412,-0.0229,0,-0.0398,0.9975,0.0576,0,0.0252,-0.0566,0.9981,0,0.0062,19.525,-2.4818,1]},
{"frame":63,"values":[0.9989,0.0413,-0.0232,0,-0.0399,0.9975,0.0579,0,0.0255,-0.0569,0.9981,0,0.0062,19.525,-2.4818,1]},
{"frame":64,"values":[0.9989,0.0414,-0.0235,0,-0.04,0.9975,0.0581,0,0.0259,-0.057,0.998,0,0.0062,19.525,-2.4818,1]},
{"frame":65,"values":[0.9989,0.0415,-0.0238,0,-0.0401,0.9975,0.0581,0,0.0262,-0.0571,0.998,0,0.0062,19.525,-2.4818,1]},
{"frame":66,"values":[0.9988,0.0418,-0.024,0,-0.0403,0.9975,0.0582,0,0.0264,-0.0571,0.998,0,0.0062,19.525,-2.4818,1]},
{"frame":67,"values":[0.9988,0.0422,-0.0241,0,-0.0407,0.9975,0.0582,0,0.0265,-0.0572,0.998,0,0.0062,19.525,-2.4818,1]},
{"frame":68,"values":[0.9988,0.0426,-0.0242,0,-0.0411,0.9975,0.0583,0,0.0266,-0.0572,0.998,0,0.0062,19.525,-2.4818,1]},
{"frame":69,"values":[0.9988,0.043,-0.0244,0,-0.0415,0.9974,0.0585,0,0.0268,-0.0574,0.998,0,0.0062,19.525,-2.4818,1]},
{"frame":70,"values":[0.9988,0.0433,-0.0246,0,-0.0418,0.9974,0.0586,0,0.027,-0.0575,0.998,0,0.0062,19.525,-2.4818,1]},
{"frame":71,"values":[0.9987,0.0437,-0.0246,0,-0.0422,0.9974,0.0586,0,0.0271,-0.0575,0.998,0,0.0062,19.525,-2.4818,1]},
{"frame":72,"values":[0.9987,0.044,-0.0245,0,-0.0425,0.9974,0.0586,0,0.0271,-0.0575,0.998,0,0.0062,19.525,-2.4818,1]},
{"frame":73,"values":[0.9987,0.0443,-0.0244,0,-0.0428,0.9974,0.0586,0,0.0269,-0.0575,0.998,0,0.0062,19.525,-2.4818,1]},
{"frame":74,"values":[0.9987,0.0446,-0.0242,0,-0.0431,0.9974,0.0586,0,0.0267,-0.0575,0.998,0,0.0062,19.525,-2.4818,1]},
{"frame":75,"values":[0.9987,0.0447,-0.0241,0,-0.0433,0.9973,0.0586,0,0.0267,-0.0575,0.998,0,0.0062,19.525,-2.4818,1]}],"loopBehavior":1,"name":"anim","property":"_matrix"}},
{"name":"mixamorig:Spine1","index":2,"matrix":[0.9996,0.0272,-0.0055,0,-0.0271,0.9994,0.0203,0,0.006,-0.0201,0.9998,0,-0.0009,22.835,-2.8254,1],"rest":[1,0,0,0,0,1,0,0,0,0,1,0,-0.0009,22.835,-2.8254,1],"parentBoneIndex":1,"length":26.7438
,"animation":{"dataType":3,"framePerSecond":24,"keys":[
{"frame":1,"values":[0.9996,0.0272,-0.0055,0,-0.0271,0.9994,0.0203,0,0.006,-0.0201,0.9998,0,-0.0009,22.835,-2.8254,1]},
{"frame":2,"values":[0.9996,0.0277,-0.0054,0,-0.0276,0.9994,0.0207,0,0.006,-0.0205,0.9998,0,-0.0009,22.835,-2.8254,1]},
{"frame":3,"values":[0.9996,0.0284,-0.0057,0,-0.0282,0.9994,0.0205,0,0.0062,-0.0203,0.9998,0,-0.0009,22.835,-2.8254,1]},
{"frame":4,"values":[0.9996,0.0292,-0.0058,0,-0.0291,0.9994,0.0189,0,0.0064,-0.0188,0.9998,0,-0.0009,22.835,-2.8254,1]},
{"frame":5,"values":[0.9995,0.0305,-0.0057,0,-0.0304,0.9994,0.0158,0,0.0062,-0.0157,0.9999,0,-0.0009,22.835,-2.8254,1]},
{"frame":6,"values":[0.9995,0.0323,-0.0055,0,-0.0323,0.9994,0.0112,0,0.0059,-0.011,0.9999,0,-0.0009,22.835,-2.8254,1]},
{"frame":7,"values":[0.9994,0.0342,-0.0057,0,-0.0342,0.9994,0.0059,0,0.0059,-0.0057,1,0,-0.0009,22.835,-2.8254,1]},
{"frame":8,"values":[0.9993,0.036,-0.006,0,-0.036,0.9994,0.0006,0,0.006,-0.0004,1,0,-0.0009,22.835,-2.8254,1]},
{"frame":9,"values":[0.9993,0.038,-0.0058,0,-0.038,0.9993,-0.0045,0,0.0057,0.0047,1,0,-0.0009,22.835,-2.8254,1]},
{"frame":10,"values":[0.9992,0.0407,-0.0046,0,-0.0407,0.9991,-0.0095,0,0.0042,0.0097,0.9999,0,-0.0009,22.835,-2.8254,1]},
{"frame":11,"values":[0.999,0.044,-0.0027,0,-0.0441,0.9989,-0.0146,0,0.0021,0.0147,0.9999,0,-0.0009,22.835,-2.8254,1]},
{"frame":12,"values":[0.9989,0.0477,-0.0011,0,-0.0477,0.9987,-0.0195,0,0.0001,0.0195,0.9998,0,-0.0009,22.835,-2.8254,1]},
{"frame":13,"values":[0.9987,0.0516,0.0002,0,-0.0515,0.9984,-0.0237,0,-0.0015,0.0237,0.9997,0,-0.0009,22.835,-2.8254,1]},
{"frame":14,"values":[0.9984,0.0557,0.0018,0,-0.0556,0.9981,-0.0274,0,-0.0033,0.0272,0.9996,0,-0.0009,22.835,-2.8254,1]},
{"frame":15,"values":[0.9982,0.0602,0.0037,0,-0.06,0.9977,-0.0309,0,-0.0056,0.0307,0.9995,0,-0.0009,22.835,-2.8254,1]},
{"frame":16,"values":[0.9979,0.0645,0.0057,0,-0.0643,0.9973,-0.0344,0,-0.0079,0.0339,0.9994,0,-0.0009,22.835,-2.8254,1]},
{"frame":17,"values":[0.9976,0.0682,0.0075,0,-0.0679,0.997,-0.0371,0,-0.01,0.0365,0.9993,0,-0.0009,22.835,-2.8254,1]},
{"frame":18,"values":[0.9974,0.0711,0.0094,0,-0.0707,0.9968,-0.0383,0,-0.0121,0.0376,0.9992,0,-0.0009,22.835,-2.8254,1]},
{"frame":19,"values":[0.9972,0.0734,0.0114,0,-0.0729,0.9966,-0.0385,0,-0.0142,0.0375,0.9992,0,-0.0009,22.835,-2.8254,1]},
{"frame":20,"values":[0.9971,0.075,0.0128,0,-0.0745,0.9965,-0.0383,0,-0.0157,0.0372,0.9992,0,-0.0009,22.835,-2.8254,1]},
{"frame":21,"values":[0.997,0.0759,0.0134,0,-0.0754,0.9964,-0.0382,0,-0.0163,0.037,0.9992,0,-0.0009,22.835,-2.8254,1]},
{"frame":22,"values":[0.997,0.076,0.0133,0,-0.0755,0.9964,-0.0379,0,-0.0162,0.0368,0.9992,0,-0.0009,22.835,-2.8254,1]},
{"frame":23,"values":[0.997,0.0757,0.0132,0,-0.0752,0.9965,-0.0377,0,-0.016,0.0366,0.9992,0,-0.0009,22.835,-2.8254,1]},
{"frame":24,"values":[0.9971,0.0753,0.0132,0,-0.0747,0.9965,-0.0374,0,-0.0159,0.0363,0.9992,0,-0.0009,22.835,-2.8254,1]},
{"frame":25,"values":[0.9971,0.0747,0.0132,0,-0.0742,0.9966,-0.037,0,-0.0159,0.0359,0.9992,0,-0.0009,22.835,-2.8254,1]},
{"frame":26,"values":[0.9972,0.0741,0.0131,0,-0.0736,0.9966,-0.0364,0,-0.0158,0.0353,0.9993,0,-0.0009,22.835,-2.8254,1]},
{"frame":27,"values":[0.9972,0.0735,0.013,0,-0.073,0.9967,-0.0356,0,-0.0155,0.0346,0.9993,0,-0.0009,22.835,-2.8254,1]},
{"frame":28,"values":[0.9973,0.0729,0.0127,0,-0.0724,0.9968,-0.035,0,-0.0152,0.034,0.9993,0,-0.0009,22.835,-2.8254,1]},
{"frame":29,"values":[0.9973,0.0724,0.0123,0,-0.0719,0.9968,-0.0347,0,-0.0147,0.0337,0.9993,0,-0.0009,22.835,-2.8254,1]},
{"frame":30,"values":[0.9973,0.0719,0.0119,0,-0.0715,0.9968,-0.0344,0,-0.0143,0.0335,0.9993,0,-0.0009,22.835,-2.8254,1]},
{"frame":31,"values":[0.9974,0.0714,0.0114,0,-0.0709,0.9969,-0.034,0,-0.0138,0.0331,0.9994,0,-0.0009,22.835,-2.8254,1]},
{"frame":32,"values":[0.9974,0.0708,0.0107,0,-0.0704,0.997,-0.0333,0,-0.013,0.0325,0.9994,0,-0.0009,22.835,-2.8254,1]},
{"frame":33,"values":[0.9975,0.0701,0.0097,0,-0.0698,0.997,-0.0323,0,-0.0119,0.0315,0.9994,0,-0.0009,22.835,-2.8254,1]},
{"frame":34,"values":[0.9975,0.0695,0.0087,0,-0.0692,0.9971,-0.0313,0,-0.0109,0.0306,0.9995,0,-0.0009,22.835,-2.8254,1]},
{"frame":35,"values":[0.9976,0.0689,0.008,0,-0.0687,0.9972,-0.0301,0,-0.01,0.0295,0.9995,0,-0.0009,22.835,-2.8254,1]},
{"frame":36,"values":[0.9976,0.0685,0.0067,0,-0.0682,0.9973,-0.0284,0,-0.0086,0.0279,0.9996,0,-0.0009,22.835,-2.8254,1]},
{"frame":37,"values":[0.9977,0.0678,0.0044,0,-0.0677,0.9974,-0.0259,0,-0.0062,0.0255,0.9997,0,-0.0009,22.835,-2.8254,1]},
{"frame":38,"values":[0.9978,0.0669,0.0016,0,-0.0669,0.9975,-0.0231,0,-0.0031,0.0229,0.9997,0,-0.0009,22.835,-2.8254,1]},
{"frame":39,"values":[0.9978,0.0664,-0.0009,0,-0.0664,0.9976,-0.0201,0,-0.0005,0.0201,0.9998,0,-0.0009,22.835,-2.8254,1]},
{"frame":40,"values":[0.9978,0.0662,-0.0021,0,-0.0662,0.9977,-0.0161,0,0.001,0.0162,0.9999,0,-0.0009,22.835,-2.8254,1]},
{"frame":41,"values":[0.9978,0.0657,-0.0018,0,-0.0657,0.9978,-0.0113,0,0.0011,0.0114,0.9999,0,-0.0009,22.835,-2.8254,1]},
{"frame":42,"values":[0.998,0.0637,-0.0006,0,-0.0637,0.9979,-0.0073,0,0.0001,0.0073,1,0,-0.0009,22.835,-2.8254,1]},
{"frame":43,"values":[0.9982,0.0605,0.0003,0,-0.0605,0.9982,-0.0051,0,-0.0006,0.0051,1,0,-0.0009,22.835,-2.8254,1]},
{"frame":44,"values":[0.9984,0.0571,0,0,-0.0571,0.9984,-0.0037,0,-0.0002,0.0037,1,0,-0.0009,22.835,-2.8254,1]},
{"frame":45,"values":[0.9985,0.0542,-0.0005,0,-0.0542,0.9985,-0.0021,0,0.0004,0.0021,1,0,-0.0009,22.835,-2.8254,1]},
{"frame":46,"values":[0.9987,0.0516,-0.0002,0,-0.0516,0.9987,0.0001,0,0.0002,-0.0001,1,0,-0.0009,22.835,-2.8254,1]},
{"frame":47,"values":[0.9988,0.0488,0.0009,0,-0.0488,0.9988,0.0027,0,-0.0008,-0.0027,1,0,-0.0009,22.835,-2.8254,1]},
{"frame":48,"values":[0.999,0.0457,0.0022,0,-0.0457,0.9989,0.0057,0,-0.0019,-0.0057,1,0,-0.0009,22.835,-2.8254,1]},
{"frame":49,"values":[0.9991,0.0423,0.0027,0,-0.0423,0.9991,0.0084,0,-0.0024,-0.0085,1,0,-0.0009,22.835,-2.8254,1]},
{"frame":50,"values":[0.9992,0.0389,0.0023,0,-0.0389,0.9992,0.0104,0,-0.0019,-0.0105,0.9999,0,-0.0009,22.835,-2.8254,1]},
{"frame":51,"values":[0.9994,0.0358,0.0014,0,-0.0358,0.9993,0.0118,0,-0.0009,-0.0118,0.9999,0,-0.0009,22.835,-2.8254,1]},
{"frame":52,"values":[0.9995,0.033,0.0002,0,-0.033,0.9994,0.0128,0,0.0002,-0.0128,0.9999,0,-0.0009,22.835,-2.8254,1]},
{"frame":53,"values":[0.9995,0.0306,-0.0008,0,-0.0305,0.9994,0.0138,0,0.0012,-0.0138,0.9999,0,-0.0009,22.835,-2.8254,1]},
{"frame":54,"values":[0.9996,0.0283,-0.0014,0,-0.0283,0.9995,0.0151,0,0.0019,-0.015,0.9999,0,-0.0009,22.835,-2.8254,1]},
{"frame":55,"values":[0.9997,0.0263,-0.0019,0,-0.0263,0.9995,0.0162,0,0.0023,-0.0162,0.9999,0,-0.0009,22.835,-2.8254,1]},
{"frame":56,"values":[0.9997,0.0247,-0.0022,0,-0.0247,0.9995,0.017,0,0.0027,-0.017,0.9999,0,-0.0009,22.835,-2.8254,1]},
{"frame":57,"values":[0.9997,0.0236,-0.0026,0,-0.0235,0.9996,0.0174,0,0.003,-0.0173,0.9998,0,-0.0009,22.835,-2.8254,1]},
{"frame":58,"values":[0.9997,0.0228,-0.003,0,-0.0227,0.9996,0.0174,0,0.0034,-0.0174,0.9998,0,-0.0009,22.835,-2.8254,1]},
{"frame":59,"values":[0.9997,0.0222,-0.0033,0,-0.0222,0.9996,0.0174,0,0.0037,-0.0173,0.9998,0,-0.0009,22.835,-2.8254,1]},
{"frame":60,"values":[0.9998,0.0219,-0.0033,0,-0.0218,0.9996,0.0174,0,0.0037,-0.0173,0.9998,0,-0.0009,22.835,-2.8254,1]},
{"frame":61,"values":[0.9998,0.0217,-0.0033,0,-0.0217,0.9996,0.0176,0,0.0037,-0.0175,0.9998,0,-0.0009,22.835,-2.8254,1]},
{"frame":62,"values":[0.9998,0.0218,-0.0035,0,-0.0217,0.9996,0.018,0,0.0039,-0.0179,0.9998,0,-0.0009,22.835,-2.8254,1]},
{"frame":63,"values":[0.9998,0.0218,-0.0039,0,-0.0217,0.9996,0.0184,0,0.0043,-0.0183,0.9998,0,-0.0009,22.835,-2.8254,1]},
{"frame":64,"values":[0.9997,0.022,-0.0045,0,-0.0219,0.9996,0.0186,0,0.0049,-0.0185,0.9998,0,-0.0009,22.835,-2.8254,1]},
{"frame":65,"values":[0.9997,0.0222,-0.005,0,-0.0221,0.9996,0.0187,0,0.0054,-0.0186,0.9998,0,-0.0009,22.835,-2.8254,1]},
{"frame":66,"values":[0.9997,0.0226,-0.0053,0,-0.0225,0.9996,0.0187,0,0.0057,-0.0186,0.9998,0,-0.0009,22.835,-2.8254,1]},
{"frame":67,"values":[0.9997,0.0231,-0.0055,0,-0.023,0.9996,0.0188,0,0.0059,-0.0187,0.9998,0,-0.0009,22.835,-2.8254,1]},
{"frame":68,"values":[0.9997,0.0237,-0.0056,0,-0.0236,0.9995,0.019,0,0.0061,-0.0189,0.9998,0,-0.0009,22.835,-2.8254,1]},
{"frame":69,"values":[0.9997,0.0242,-0.0059,0,-0.0241,0.9995,0.0193,0,0.0064,-0.0192,0.9998,0,-0.0009,22.835,-2.8254,1]},
{"frame":70,"values":[0.9997,0.0248,-0.0062,0,-0.0247,0.9995,0.0197,0,0.0067,-0.0195,0.9998,0,-0.0009,22.835,-2.8254,1]},
{"frame":71,"values":[0.9997,0.0253,-0.0064,0,-0.0252,0.9995,0.02,0,0.0069,-0.0198,0.9998,0,-0.0009,22.835,-2.8254,1]},
{"frame":72,"values":[0.9996,0.0258,-0.0063,0,-0.0257,0.9995,0.0201,0,0.0068,-0.02,0.9998,0,-0.0009,22.835,-2.8254,1]},
{"frame":73,"values":[0.9996,0.0264,-0.0059,0,-0.0262,0.9995,0.0201,0,0.0064,-0.02,0.9998,0,-0.0009,22.835,-2.8254,1]},
{"frame":74,"values":[0.9996,0.0268,-0.0056,0,-0.0267,0.9994,0.0201,0,0.0061,-0.02,0.9998,0,-0.0009,22.835,-2.8254,1]},
{"frame":75,"values":[0.9996,0.0272,-0.0053,0,-0.0271,0.9994,0.0201,0,0.0058,-0.02,0.9998,0,-0.0009,22.835,-2.8254,1]}],"loopBehavior":1,"name":"anim","property":"_matrix"}},
{"name":"mixamorig:Spine2","index":3,"matrix":[0.9996,0.0273,-0.0059,0,-0.0272,0.9994,0.0198,0,0.0064,-0.0197,0.9998,0,-0.0206,26.5525,-3.1933,1],"rest":[1,0,0,0,0,1,0,0,0,0,1,0,-0.0206,26.5525,-3.1933,1],"parentBoneIndex":2,"length":24.825
,"animation":{"dataType":3,"framePerSecond":24,"keys":[
{"frame":1,"values":[0.9996,0.0273,-0.0059,0,-0.0272,0.9994,0.0198,0,0.0064,-0.0197,0.9998,0,-0.0206,26.5525,-3.1933,1]},
{"frame":2,"values":[0.9996,0.0278,-0.0059,0,-0.0276,0.9994,0.0203,0,0.0065,-0.0201,0.9998,0,-0.0206,26.5525,-3.1933,1]},
{"frame":3,"values":[0.9996,0.0284,-0.0061,0,-0.0283,0.9994,0.02,0,0.0067,-0.0198,0.9998,0,-0.0206,26.5525,-3.1933,1]},
{"frame":4,"values":[0.9996,0.0293,-0.0063,0,-0.0292,0.9994,0.0185,0,0.0069,-0.0183,0.9998,0,-0.0206,26.5525,-3.1933,1]},
{"frame":5,"values":[0.9995,0.0306,-0.0062,0,-0.0305,0.9994,0.0154,0,0.0067,-0.0152,0.9999,0,-0.0206,26.5525,-3.1933,1]},
{"frame":6,"values":[0.9995,0.0324,-0.006,0,-0.0323,0.9994,0.0108,0,0.0063,-0.0106,0.9999,0,-0.0206,26.5525,-3.1933,1]},
{"frame":7,"values":[0.9994,0.0343,-0.0061,0,-0.0343,0.9994,0.0054,0,0.0063,-0.0052,1,0,-0.0206,26.5525,-3.1933,1]},
{"frame":8,"values":[0.9993,0.0361,-0.0064,0,-0.0361,0.9993,0.0001,0,0.0064,0.0001,1,0,-0.0206,26.5525,-3.1933,1]},
{"frame":9,"values":[0.9993,0.038,-0.0062,0,-0.0381,0.9993,-0.0049,0,0.0061,0.0052,1,0,-0.0206,26.5525,-3.1933,1]},
{"frame":10,"values":[0.9992,0.0407,-0.005,0,-0.0408,0.9991,-0.0099,0,0.0045,0.0101,0.9999,0,-0.0206,26.5525,-3.1933,1]},
{"frame":11,"values":[0.999,0.0441,-0.0031,0,-0.0441,0.9989,-0.015,0,0.0024,0.0152,0.9999,0,-0.0206,26.5525,-3.1933,1]},
{"frame":12,"values":[0.9989,0.0477,-0.0014,0,-0.0477,0.9987,-0.0199,0,0.0004,0.0199,0.9998,0,-0.0206,26.5525,-3.1933,1]},
{"frame":13,"values":[0.9987,0.0516,0,0,-0.0515,0.9984,-0.0241,0,-0.0012,0.0241,0.9997,0,-0.0206,26.5525,-3.1933,1]},
{"frame":14,"values":[0.9984,0.0557,0.0016,0,-0.0556,0.9981,-0.0278,0,-0.0031,0.0277,0.9996,0,-0.0206,26.5525,-3.1933,1]},
{"frame":15,"values":[0.9982,0.0601,0.0036,0,-0.06,0.9977,-0.0314,0,-0.0055,0.0311,0.9995,0,-0.0206,26.5525,-3.1933,1]},
{"frame":16,"values":[0.9979,0.0644,0.0056,0,-0.0642,0.9973,-0.0348,0,-0.0078,0.0344,0.9994,0,-0.0206,26.5525,-3.1933,1]},
{"frame":17,"values":[0.9976,0.0681,0.0074,0,-0.0678,0.997,-0.0375,0,-0.01,0.0369,0.9993,0,-0.0206,26.5525,-3.1933,1]},
{"frame":18,"values":[0.9974,0.071,0.0094,0,-0.0705,0.9968,-0.0388,0,-0.0121,0.038,0.9992,0,-0.0206,26.5525,-3.1933,1]},
{"frame":19,"values":[0.9972,0.0732,0.0114,0,-0.0727,0.9966,-0.0389,0,-0.0142,0.038,0.9992,0,-0.0206,26.5525,-3.1933,1]},
{"frame":20,"values":[0.9971,0.0749,0.0129,0,-0.0743,0.9965,-0.0387,0,-0.0157,0.0377,0.9992,0,-0.0206,26.5525,-3.1933,1]},
{"frame":21,"values":[0.997,0.0758,0.0135,0,-0.0752,0.9964,-0.0386,0,-0.0163,0.0375,0.9992,0,-0.0206,26.5525,-3.1933,1]},
{"frame":22,"values":[0.997,0.0759,0.0134,0,-0.0753,0.9964,-0.0384,0,-0.0162,0.0373,0.9992,0,-0.0206,26.5525,-3.1933,1]},
{"frame":23,"values":[0.9971,0.0756,0.0132,0,-0.075,0.9965,-0.0381,0,-0.0161,0.037,0.9992,0,-0.0206,26.5525,-3.1933,1]},
{"frame":24,"values":[0.9971,0.0751,0.0132,0,-0.0746,0.9965,-0.0378,0,-0.016,0.0367,0.9992,0,-0.0206,26.5525,-3.1933,1]},
{"frame":25,"values":[0.9971,0.0746,0.0132,0,-0.0741,0.9966,-0.0374,0,-0.0159,0.0364,0.9992,0,-0.0206,26.5525,-3.1933,1]},
{"frame":26,"values":[0.9972,0.074,0.0131,0,-0.0734,0.9966,-0.0368,0,-0.0158,0.0357,0.9992,0,-0.0206,26.5525,-3.1933,1]},
{"frame":27,"values":[0.9972,0.0733,0.013,0,-0.0728,0.9967,-0.0361,0,-0.0156,0.035,0.9993,0,-0.0206,26.5525,-3.1933,1]},
{"frame":28,"values":[0.9973,0.0728,0.0127,0,-0.0723,0.9968,-0.0355,0,-0.0152,0.0345,0.9993,0,-0.0206,26.5525,-3.1933,1]},
{"frame":29,"values":[0.9973,0.0723,0.0122,0,-0.0718,0.9968,-0.0351,0,-0.0147,0.0341,0.9993,0,-0.0206,26.5525,-3.1933,1]},
{"frame":30,"values":[0.9974,0.0718,0.0118,0,-0.0713,0.9968,-0.0349,0,-0.0143,0.0339,0.9993,0,-0.0206,26.5525,-3.1933,1]},
{"frame":31,"values":[0.9974,0.0713,0.0114,0,-0.0708,0.9969,-0.0345,0,-0.0138,0.0336,0.9993,0,-0.0206,26.5525,-3.1933,1]},
{"frame":32,"values":[0.9974,0.0707,0.0106,0,-0.0703,0.997,-0.0337,0,-0.013,0.0329,0.9994,0,-0.0206,26.5525,-3.1933,1]},
{"frame":33,"values":[0.9975,0.07,0.0096,0,-0.0697,0.997,-0.0327,0,-0.0119,0.032,0.9994,0,-0.0206,26.5525,-3.1933,1]},
{"frame":34,"values":[0.9976,0.0694,0.0087,0,-0.0691,0.9971,-0.0317,0,-0.0108,0.031,0.9995,0,-0.0206,26.5525,-3.1933,1]},
{"frame":35,"values":[0.9976,0.0689,0.0079,0,-0.0686,0.9972,-0.0305,0,-0.01,0.0299,0.9995,0,-0.0206,26.5525,-3.1933,1]},
{"frame":36,"values":[0.9976,0.0684,0.0066,0,-0.0682,0.9973,-0.0288,0,-0.0086,0.0283,0.9996,0,-0.0206,26.5525,-3.1933,1]},
{"frame":37,"values":[0.9977,0.0678,0.0044,0,-0.0676,0.9974,-0.0263,0,-0.0061,0.0259,0.9996,0,-0.0206,26.5525,-3.1933,1]},
{"frame":38,"values":[0.9978,0.0669,0.0015,0,-0.0669,0.9975,-0.0235,0,-0.003,0.0233,0.9997,0,-0.0206,26.5525,-3.1933,1]},
{"frame":39,"values":[0.9978,0.0663,-0.001,0,-0.0664,0.9976,-0.0205,0,-0.0004,0.0205,0.9998,0,-0.0206,26.5525,-3.1933,1]},
{"frame":40,"values":[0.9978,0.0662,-0.0022,0,-0.0662,0.9977,-0.0165,0,0.0011,0.0167,0.9999,0,-0.0206,26.5525,-3.1933,1]},
{"frame":41,"values":[0.9978,0.0658,-0.002,0,-0.0658,0.9978,-0.0117,0,0.0012,0.0118,0.9999,0,-0.0206,26.5525,-3.1933,1]},
{"frame":42,"values":[0.998,0.0638,-0.0008,0,-0.0638,0.9979,-0.0077,0,0.0003,0.0078,1,0,-0.0206,26.5525,-3.1933,1]},
{"frame":43,"values":[0.9982,0.0605,0,0,-0.0605,0.9982,-0.0055,0,-0.0003,0.0055,1,0,-0.0206,26.5525,-3.1933,1]},
{"frame":44,"values":[0.9984,0.0571,-0.0002,0,-0.0571,0.9984,-0.0041,0,0,0.0041,1,0,-0.0206,26.5525,-3.1933,1]},
{"frame":45,"values":[0.9985,0.0542,-0.0008,0,-0.0542,0.9985,-0.0025,0,0.0007,0.0025,1,0,-0.0206,26.5525,-3.1933,1]},
{"frame":46,"values":[0.9987,0.0516,-0.0005,0,-0.0516,0.9987,-0.0003,0,0.0005,0.0004,1,0,-0.0206,26.5525,-3.1933,1]},
{"frame":47,"values":[0.9988,0.0488,0.0006,0,-0.0488,0.9988,0.0023,0,-0.0005,-0.0023,1,0,-0.0206,26.5525,-3.1933,1]},
{"frame":48,"values":[0.999,0.0457,0.0018,0,-0.0457,0.9989,0.0052,0,-0.0016,-0.0053,1,0,-0.0206,26.5525,-3.1933,1]},
{"frame":49,"values":[0.9991,0.0423,0.0023,0,-0.0423,0.9991,0.008,0,-0.002,-0.0081,1,0,-0.0206,26.5525,-3.1933,1]},
{"frame":50,"values":[0.9992,0.0389,0.0019,0,-0.0389,0.9992,0.01,0,-0.0015,-0.01,0.9999,0,-0.0206,26.5525,-3.1933,1]},
{"frame":51,"values":[0.9994,0.0358,0.0009,0,-0.0358,0.9993,0.0113,0,-0.0005,-0.0114,0.9999,0,-0.0206,26.5525,-3.1933,1]},
{"frame":52,"values":[0.9995,0.0331,-0.0002,0,-0.0331,0.9994,0.0124,0,0.0007,-0.0123,0.9999,0,-0.0206,26.5525,-3.1933,1]},
{"frame":53,"values":[0.9995,0.0306,-0.0013,0,-0.0306,0.9994,0.0134,0,0.0017,-0.0134,0.9999,0,-0.0206,26.5525,-3.1933,1]},
{"frame":54,"values":[0.9996,0.0283,-0.0019,0,-0.0283,0.9995,0.0146,0,0.0023,-0.0146,0.9999,0,-0.0206,26.5525,-3.1933,1]},
{"frame":55,"values":[0.9997,0.0263,-0.0024,0,-0.0263,0.9995,0.0158,0,0.0028,-0.0157,0.9999,0,-0.0206,26.5524,-3.1933,1]},
{"frame":56,"values":[0.9997,0.0248,-0.0027,0,-0.0247,0.9996,0.0166,0,0.0032,-0.0165,0.9999,0,-0.0206,26.5525,-3.1933,1]},
{"frame":57,"values":[0.9997,0.0236,-0.0032,0,-0.0236,0.9996,0.017,0,0.0036,-0.0169,0.9999,0,-0.0206,26.5525,-3.1933,1]},
{"frame":58,"values":[0.9997,0.0228,-0.0036,0,-0.0228,0.9996,0.017,0,0.004,-0.0169,0.9998,0,-0.0206,26.5525,-3.1933,1]},
{"frame":59,"values":[0.9997,0.0223,-0.0038,0,-0.0222,0.9996,0.017,0,0.0042,-0.0169,0.9998,0,-0.0206,26.5525,-3.1933,1]},
{"frame":60,"values":[0.9998,0.0219,-0.0038,0,-0.0218,0.9996,0.017,0,0.0042,-0.0169,0.9998,0,-0.0206,26.5525,-3.1933,1]},
{"frame":61,"values":[0.9998,0.0218,-0.0038,0,-0.0217,0.9996,0.0172,0,0.0042,-0.0171,0.9998,0,-0.0206,26.5525,-3.1933,1]},
{"frame":62,"values":[0.9998,0.0218,-0.004,0,-0.0217,0.9996,0.0175,0,0.0044,-0.0175,0.9998,0,-0.0206,26.5525,-3.1933,1]},
{"frame":63,"values":[0.9998,0.0219,-0.0045,0,-0.0218,0.9996,0.0179,0,0.0049,-0.0178,0.9998,0,-0.0206,26.5524,-3.1933,1]},
{"frame":64,"values":[0.9997,0.022,-0.0051,0,-0.0219,0.9996,0.0182,0,0.0055,-0.0181,0.9998,0,-0.0206,26.5525,-3.1933,1]},
{"frame":65,"values":[0.9997,0.0223,-0.0056,0,-0.0222,0.9996,0.0183,0,0.006,-0.0181,0.9998,0,-0.0206,26.5525,-3.1933,1]},
{"frame":66,"values":[0.9997,0.0227,-0.0058,0,-0.0225,0.9996,0.0183,0,0.0062,-0.0182,0.9998,0,-0.0206,26.5525,-3.1933,1]},
{"frame":67,"values":[0.9997,0.0232,-0.006,0,-0.0231,0.9996,0.0184,0,0.0064,-0.0182,0.9998,0,-0.0206,26.5525,-3.1933,1]},
{"frame":68,"values":[0.9997,0.0237,-0.0062,0,-0.0236,0.9995,0.0186,0,0.0066,-0.0184,0.9998,0,-0.0206,26.5525,-3.1933,1]},
{"frame":69,"values":[0.9997,0.0243,-0.0064,0,-0.0242,0.9995,0.0189,0,0.0069,-0.0187,0.9998,0,-0.0206,26.5525,-3.1933,1]},
{"frame":70,"values":[0.9997,0.0248,-0.0067,0,-0.0247,0.9995,0.0192,0,0.0072,-0.0191,0.9998,0,-0.0206,26.5525,-3.1933,1]},
{"frame":71,"values":[0.9997,0.0254,-0.0069,0,-0.0252,0.9995,0.0195,0,0.0074,-0.0194,0.9998,0,-0.0206,26.5525,-3.1933,1]},
{"frame":72,"values":[0.9996,0.0259,-0.0068,0,-0.0258,0.9995,0.0197,0,0.0073,-0.0195,0.9998,0,-0.0206,26.5525,-3.1933,1]},
{"frame":73,"values":[0.9996,0.0264,-0.0064,0,-0.0263,0.9995,0.0197,0,0.0069,-0.0195,0.9998,0,-0.0206,26.5525,-3.1933,1]},
{"frame":74,"values":[0.9996,0.0269,-0.0061,0,-0.0268,0.9994,0.0197,0,0.0066,-0.0195,0.9998,0,-0.0206,26.5525,-3.1933,1]},
{"frame":75,"values":[0.9996,0.0273,-0.0058,0,-0.0272,0.9994,0.0197,0,0.0063,-0.0195,0.9998,0,-0.0206,26.5525,-3.1933,1]}],"loopBehavior":1,"name":"anim","property":"_matrix"}},
{"name":"mixamorig:Neck","index":4,"matrix":[1,0.0078,0.0022,0,-0.0079,0.9952,0.098,0,-0.0014,-0.098,0.9952,0,-0.06,30.7018,1.3522,1],"rest":[1,0,0,0,0,1,0,0,0,0,1,0,-0.06,30.7018,1.3522,1],"parentBoneIndex":3,"length":22.8446
,"animation":{"dataType":3,"framePerSecond":24,"keys":[
{"frame":1,"values":[1,0.0078,0.0022,0,-0.0079,0.9952,0.098,0,-0.0014,-0.098,0.9952,0,-0.06,30.7018,1.3522,1]},
{"frame":2,"values":[1,0.0082,0.0024,0,-0.0084,0.9948,0.1011,0,-0.0016,-0.1011,0.9949,0,-0.06,30.7018,1.3522,1]},
{"frame":3,"values":[1,0.0082,0.0028,0,-0.0085,0.9942,0.1068,0,-0.0019,-0.1068,0.9943,0,-0.06,30.7018,1.3522,1]},
{"frame":4,"values":[1,0.0074,0.0035,0,-0.0078,0.9933,0.1157,0,-0.0026,-0.1157,0.9933,0,-0.06,30.7018,1.3522,1]},
{"frame":5,"values":[1,0.006,0.0042,0,-0.0065,0.992,0.1263,0,-0.0034,-0.1263,0.992,0,-0.06,30.7018,1.3522,1]},
{"frame":6,"values":[1,0.0045,0.0049,0,-0.0051,0.9907,0.136,0,-0.0042,-0.136,0.9907,0,-0.06,30.7018,1.3522,1]},
{"frame":7,"values":[1,0.0033,0.0054,0,-0.004,0.9897,0.1432,0,-0.0049,-0.1432,0.9897,0,-0.06,30.7018,1.3522,1]},
{"frame":8,"values":[1,0.0025,0.0055,0,-0.0033,0.989,0.1476,0,-0.0051,-0.1476,0.989,0,-0.06,30.7018,1.3522,1]},
{"frame":9,"values":[1,0.0023,0.0051,0,-0.0031,0.9888,0.1492,0,-0.0047,-0.1492,0.9888,0,-0.06,30.7018,1.3522,1]},
