{"producer":{"name":"Blender","version":"2.90.0","exporter_version":"2.80.1","file":"option_whatever.babylon"},
"autoClear":true,"clearColor":[0.0509,0.0509,0.0509],"gravity":[0,-9.81,0],
"materials":[{"name":"Material","id":"Material","customType":"BABYLON.PBRMaterial","backFaceCulling":true,"checkReadyOnlyOnce":false,"maxSimultaneousLights":4,"environmentIntensity":1,"albedo":[0.8,0.8,0.8],"reflectivity":[0.5,0.5,0.5],"roughness":0.4,"alpha":1,"transparencyMode":0,"alphaCutOff":0.4,"metallic":0}],
"multiMaterials":[],
"skeletons":[{"name":"Armature","id":0,"dimensionsAtRest":[379.1952,391.6652,55.677],"bones":[
{"name":"mixamorig:Hips","index":0,"matrix":[0.9851,0.1575,-0.0686,0,-0.1442,0.9751,0.1686,0,-0.0935,0.1562,-0.9833,0,-0.5951,196.9466,1.3915,1],"rest":[1,0,0,0,0,1,0,0,0,0,-1,0,0,201.6394,0,1],"parentBoneIndex":-1,"length":21.6784
,"animation":{"dataType":3,"framePerSecond":24,"keys":[
{"frame":1,"values":[0.9851,0.1575,-0.0686,0,-0.1442,0.9751,0.1686,0,-0.0935,0.1562,-0.9833,0,-0.5951,196.9466,1.3915,1]},
{"frame":2,"values":[0.9848,0.1588,-0.0701,0,-0.1451,0.9748,0.1694,0,-0.0952,0.1566,-0.9831,0,-0.5616,196.917,1.329,1]},
{"frame":3,"values":[0.984,0.1626,-0.0723,0,-0.1482,0.9738,0.1726,0,-0.0984,0.1592,-0.9823,0,-0.5352,196.7311,1.2861,1]},
{"frame":4,"values":[0.983,0.1674,-0.076,0,-0.1515,0.9717,0.1812,0,-0.1041,0.1666,-0.9805,0,-0.5278,196.4465,1.2934,1]},
{"frame":5,"values":[0.9823,0.1685,-0.0824,0,-0.1501,0.9696,0.193,0,-0.1124,0.1772,-0.9777,0,-0.5491,196.3246,1.4053,1]},
{"frame":6,"values":[0.9824,0.1626,-0.0918,0,-0.1425,0.9705,0.1944,0,-0.1207,0.1779,-0.9766,0,-0.5593,196.5161,1.5676,1]},
{"frame":7,"values":[0.9837,0.1507,-0.0986,0,-0.1307,0.974,0.185,0,-0.1239,0.1691,-0.9778,0,-0.6493,196.8346,1.8172,1]},
{"frame":8,"values":[0.9858,0.1364,-0.0979,0,-0.1184,0.9782,0.1707,0,-0.1191,0.1567,-0.9804,0,-0.8205,197.1636,2.0674,1]},
{"frame":9,"values":[0.9884,0.1217,-0.0905,0,-0.1064,0.9818,0.1576,0,-0.1081,0.1461,-0.9833,0,-1.003,197.4663,2.3249,1]},
{"frame":10,"values":[0.9911,0.1062,-0.08,0,-0.0935,0.9845,0.1482,0,-0.0945,0.1394,-0.9857,0,-1.1264,197.6968,2.5512,1]},
{"frame":11,"values":[0.9931,0.0937,-0.0711,0,-0.083,0.9866,0.1402,0,-0.0833,0.1333,-0.9876,0,-1.2344,197.9116,2.7224,1]},
{"frame":12,"values":[0.994,0.0884,-0.0643,0,-0.0792,0.9879,0.1334,0,-0.0753,0.1275,-0.989,0,-1.2677,198.0538,2.7889,1]},
{"frame":13,"values":[0.9942,0.0901,-0.0584,0,-0.0817,0.9878,0.1324,0,-0.0697,0.1269,-0.9895,0,-1.2222,198.056,2.7742,1]},
{"frame":14,"values":[0.9936,0.0987,-0.0554,0,-0.0904,0.9864,0.1372,0,-0.0682,0.1313,-0.989,0,-1.1224,197.8984,2.7883,1]},
{"frame":15,"values":[0.9923,0.1106,-0.0552,0,-0.1014,0.9838,0.1478,0,-0.0707,0.1411,-0.9875,0,-1.0315,197.636,2.9389,1]},
{"frame":16,"values":[0.9912,0.1196,-0.0567,0,-0.1095,0.9816,0.1568,0,-0.0744,0.1492,-0.986,0,-0.9262,197.4566,3.0262,1]},
{"frame":17,"values":[0.9906,0.1244,-0.0574,0,-0.1138,0.9804,0.1607,0,-0.0763,0.1527,-0.9853,0,-0.8003,197.391,3.0319,1]},
{"frame":18,"values":[0.9906,0.1246,-0.056,0,-0.1143,0.9806,0.1592,0,-0.0748,0.1513,-0.9857,0,-0.6684,197.4311,3.0035,1]},
{"frame":19,"values":[0.9911,0.1224,-0.0529,0,-0.113,0.9815,0.1543,0,-0.0708,0.147,-0.9866,0,-0.5533,197.5154,3.0169,1]},
{"frame":20,"values":[0.9912,0.1218,-0.0515,0,-0.1128,0.982,0.1514,0,-0.069,0.1443,-0.9871,0,-0.4601,197.5646,3.1152,1]},
{"frame":21,"values":[0.9907,0.1256,-0.0532,0,-0.1162,0.9813,0.1532,0,-0.0715,0.1456,-0.9868,0,-0.3787,197.5382,3.2838,1]},
{"frame":22,"values":[0.9893,0.134,-0.0574,0,-0.1233,0.9794,0.16,0,-0.0777,0.1512,-0.9854,0,-0.2976,197.4201,3.4962,1]},
{"frame":23,"values":[0.9876,0.1451,-0.0595,0,-0.1335,0.9768,0.1673,0,-0.0824,0.1572,-0.9841,0,-0.2393,197.2426,3.7205,1]},
{"frame":24,"values":[0.9861,0.156,-0.0572,0,-0.1442,0.9746,0.1715,0,-0.0825,0.1609,-0.9835,0,-0.2478,197.0496,3.9084,1]},
{"frame":25,"values":[0.9852,0.1638,-0.0514,0,-0.1528,0.9732,0.172,0,-0.0782,0.1616,-0.9838,0,-0.3498,196.9094,4.003,1]},
{"frame":26,"values":[0.9852,0.1654,-0.0444,0,-0.1557,0.973,0.1706,0,-0.0714,0.1612,-0.9843,0,-0.5278,196.8949,3.9856,1]},
{"frame":27,"values":[0.9864,0.1604,-0.0372,0,-0.1521,0.9741,0.1676,0,-0.0631,0.1596,-0.9852,0,-0.7374,197.0003,3.9026,1]},
{"frame":28,"values":[0.9881,0.1505,-0.0304,0,-0.1437,0.9762,0.1627,0,-0.0541,0.1564,-0.9862,0,-0.9384,197.1678,3.8021,1]},
{"frame":29,"values":[0.9895,0.1417,-0.0269,0,-0.1357,0.9781,0.1575,0,-0.0487,0.1522,-0.9871,0,-1.099,197.2958,3.6778,1]},
{"frame":30,"values":[0.9897,0.1396,-0.0303,0,-0.1333,0.9788,0.1553,0,-0.0513,0.1497,-0.9874,0,-1.1842,197.3103,3.4793,1]},
{"frame":31,"values":[0.989,0.1422,-0.0415,0,-0.134,0.9784,0.1573,0,-0.0629,0.1501,-0.9867,0,-1.1351,197.2316,3.1717,1]},
{"frame":32,"values":[0.9879,0.1466,-0.051,0,-0.1367,0.9775,0.1606,0,-0.0733,0.1517,-0.9857,0,-0.9762,197.1091,2.6476,1]},
{"frame":33,"values":[0.9866,0.1516,-0.0597,0,-0.1401,0.9764,0.1643,0,-0.0832,0.1537,-0.9846,0,-0.7994,196.9969,2.0631,1]},
{"frame":34,"values":[0.9856,0.1558,-0.066,0,-0.143,0.9755,0.1673,0,-0.0905,0.1555,-0.9837,0,-0.655,196.9277,1.5872,1]},
{"frame":35,"values":[0.9851,0.1575,-0.0686,0,-0.1442,0.9751,0.1686,0,-0.0935,0.1562,-0.9833,0,-0.5951,196.9466,1.3915,1]}],"loopBehavior":1,"name":"anim","property":"_matrix"}},
{"name":"mixamorig:Spine","index":1,"matrix":[0.9959,-0.0865,-0.0264,0,0.0875,0.9954,0.0398,0,0.0228,-0.042,0.9989,0,0.0062,19.525,-2.4818,1],"rest":[1,0,0,0,0,1,0,0,0,0,1,0,0.0062,19.525,-2.4818,1],"parentBoneIndex":0,"length":23.0091
,"animation":{"dataType":3,"framePerSecond":24,"keys":[
{"frame":1,"values":[0.9959,-0.0865,-0.0264,0,0.0875,0.9954,0.0398,0,0.0228,-0.042,0.9989,0,0.0062,19.525,-2.4818,1]},
{"frame":2,"values":[0.9959,-0.087,-0.0264,0,0.088,0.9953,0.0399,0,0.0228,-0.042,0.9989,0,0.0062,19.525,-2.4818,1]},
{"frame":3,"values":[0.9957,-0.0886,-0.0262,0,0.0897,0.9951,0.0414,0,0.0224,-0.0436,0.9988,0,0.0062,19.525,-2.4818,1]},
{"frame":4,"values":[0.9956,-0.0906,-0.0251,0,0.0917,0.9947,0.0457,0,0.0208,-0.0478,0.9986,0,0.0062,19.525,-2.4818,1]},
{"frame":5,"values":[0.9955,-0.0914,-0.0245,0,0.0925,0.9944,0.0508,0,0.0197,-0.0528,0.9984,0,0.0062,19.525,-2.4818,1]},
{"frame":6,"values":[0.9956,-0.09,-0.0243,0,0.0912,0.9944,0.0529,0,0.0194,-0.0549,0.9983,0,0.0062,19.525,-2.4818,1]},
{"frame":7,"values":[0.996,-0.0868,-0.0231,0,0.0879,0.9947,0.0526,0,0.0184,-0.0544,0.9984,0,0.0062,19.525,-2.4818,1]},
{"frame":8,"values":[0.9963,-0.0835,-0.02,0,0.0844,0.9952,0.0498,0,0.0157,-0.0513,0.9986,0,0.0062,19.525,-2.4818,1]},
{"frame":9,"values":[0.9966,-0.0808,-0.0158,0,0.0814,0.9956,0.0461,0,0.012,-0.0472,0.9988,0,0.0062,19.525,-2.4818,1]},
{"frame":10,"values":[0.9968,-0.0793,-0.0108,0,0.0797,0.9959,0.0428,0,0.0074,-0.0435,0.999,0,0.0062,19.525,-2.4818,1]},
{"frame":11,"values":[0.9969,-0.0785,-0.0065,0,0.0787,0.9961,0.0407,0,0.0033,-0.0411,0.9992,0,0.0062,19.525,-2.4818,1]},
{"frame":12,"values":[0.9969,-0.078,-0.0052,0,0.0781,0.9961,0.04,0,0.0021,-0.0403,0.9992,0,0.0062,19.525,-2.4818,1]},
{"frame":13,"values":[0.9968,-0.0792,-0.0058,0,0.0793,0.996,0.0404,0,0.0026,-0.0407,0.9992,0,0.0062,19.525,-2.4818,1]},
{"frame":14,"values":[0.9964,-0.084,-0.0076,0,0.0842,0.9955,0.043,0,0.004,-0.0435,0.999,0,0.0062,19.525,-2.4818,1]},
{"frame":15,"values":[0.9959,-0.0896,-0.0101,0,0.09,0.9948,0.0473,0,0.0059,-0.048,0.9988,0,0.0062,19.525,-2.4818,1]},
{"frame":16,"values":[0.9956,-0.0928,-0.012,0,0.0932,0.9944,0.0498,0,0.0073,-0.0507,0.9987,0,0.0062,19.525,-2.4818,1]},
{"frame":17,"values":[0.9956,-0.093,-0.0131,0,0.0935,0.9943,0.0505,0,0.0083,-0.0515,0.9986,0,0.0062,19.525,-2.4818,1]},
{"frame":18,"values":[0.9958,-0.0911,-0.0132,0,0.0916,0.9946,0.0497,0,0.0086,-0.0507,0.9987,0,0.0062,19.525,-2.4818,1]},
{"frame":19,"values":[0.996,-0.0881,-0.0132,0,0.0886,0.9949,0.0482,0,0.0089,-0.0491,0.9988,0,0.0062,19.525,-2.4818,1]},
{"frame":20,"values":[0.9962,-0.0855,-0.0139,0,0.0861,0.9952,0.0469,0,0.0099,-0.0479,0.9988,0,0.0062,19.525,-2.4818,1]},
{"frame":21,"values":[0.9963,-0.0841,-0.0161,0,0.0847,0.9953,0.0462,0,0.0122,-0.0474,0.9988,0,0.0062,19.525,-2.4818,1]},
{"frame":22,"values":[0.9963,-0.0842,-0.0192,0,0.085,0.9953,0.0457,0,0.0153,-0.0471,0.9988,0,0.0062,19.525,-2.4818,1]},
{"frame":23,"values":[0.996,-0.0861,-0.0225,0,0.0871,0.9952,0.0451,0,0.0185,-0.0469,0.9987,0,0.0062,19.525,-2.4818,1]},
{"frame":24,"values":[0.9956,-0.0895,-0.026,0,0.0906,0.9949,0.045,0,0.0219,-0.0471,0.9986,0,0.0062,19.525,-2.4818,1]},
{"frame":25,"values":[0.9953,-0.0922,-0.0294,0,0.0935,0.9946,0.0449,0,0.0251,-0.0475,0.9986,0,0.0062,19.525,-2.4818,1]},
{"frame":26,"values":[0.9952,-0.0931,-0.0305,0,0.0944,0.9945,0.0446,0,0.0262,-0.0472,0.9985,0,0.0062,19.525,-2.4818,1]},
{"frame":27,"values":[0.9953,-0.0918,-0.0297,0,0.0931,0.9947,0.0437,0,0.0255,-0.0463,0.9986,0,0.0062,19.525,-2.4818,1]},
{"frame":28,"values":[0.9956,-0.0889,-0.0278,0,0.0901,0.995,0.0423,0,0.0239,-0.0446,0.9987,0,0.0062,19.525,-2.4818,1]},
{"frame":29,"values":[0.996,-0.0861,-0.0256,0,0.0871,0.9954,0.0404,0,0.022,-0.0425,0.9989,0,0.0062,19.525,-2.4818,1]},
{"frame":30,"values":[0.9961,-0.085,-0.0243,0,0.0859,0.9955,0.0392,0,0.0208,-0.0411,0.9989,0,0.0062,19.525,-2.4818,1]},
{"frame":31,"values":[0.9962,-0.0831,-0.0246,0,0.084,0.9957,0.0393,0,0.0212,-0.0412,0.9989,0,0.0062,19.525,-2.4818,1]},
{"frame":32,"values":[0.9965,-0.08,-0.0222,0,0.0808,0.996,0.0378,0,0.0191,-0.0395,0.999,0,0.0062,19.525,-2.4818,1]},
{"frame":33,"values":[0.9966,-0.079,-0.0234,0,0.0798,0.9961,0.037,0,0.0204,-0.0387,0.999,0,0.0062,19.525,-2.4818,1]},
{"frame":34,"values":[0.9964,-0.0803,-0.0257,0,0.0813,0.996,0.0374,0,0.0226,-0.0394,0.999,0,0.0062,19.525,-2.4818,1]},
{"frame":35,"values":[0.9959,-0.0865,-0.0263,0,0.0875,0.9954,0.0398,0,0.0227,-0.042,0.9989,0,0.0062,19.525,-2.4818,1]}],"loopBehavior":1,"name":"anim","property":"_matrix"}},
{"name":"mixamorig:Spine1","index":2,"matrix":[0.9983,-0.0463,-0.034,0,0.0489,0.9956,0.0798,0,0.0302,-0.0813,0.9962,0,-0.0009,22.835,-2.8254,1],"rest":[1,0,0,0,0,1,0,0,0,0,1,0,-0.0009,22.835,-2.8254,1],"parentBoneIndex":1,"length":26.7438
,"animation":{"dataType":3,"framePerSecond":24,"keys":[
{"frame":1,"values":[0.9983,-0.0463,-0.034,0,0.0489,0.9956,0.0798,0,0.0302,-0.0813,0.9962,0,-0.0009,22.835,-2.8254,1]},
{"frame":2,"values":[0.9983,-0.0465,-0.0341,0,0.0491,0.9956,0.0799,0,0.0302,-0.0814,0.9962,0,-0.0009,22.835,-2.8254,1]},
{"frame":3,"values":[0.9983,-0.0474,-0.0328,0,0.05,0.9953,0.0831,0,0.0287,-0.0846,0.996,0,-0.0009,22.835,-2.8254,1]},
{"frame":4,"values":[0.9984,-0.0487,-0.0287,0,0.0511,0.9945,0.0918,0,0.0241,-0.0931,0.9954,0,-0.0009,22.835,-2.8254,1]},
{"frame":5,"values":[0.9986,-0.0475,-0.0254,0,0.0498,0.9935,0.1022,0,0.0204,-0.1033,0.9944,0,-0.0009,22.835,-2.8254,1]},
{"frame":6,"values":[0.9987,-0.0439,-0.025,0,0.0463,0.9932,0.1066,0,0.0201,-0.1076,0.994,0,-0.0009,22.835,-2.8254,1]},
{"frame":7,"values":[0.999,-0.039,-0.024,0,0.0413,0.9935,0.1057,0,0.0197,-0.1066,0.9941,0,-0.0009,22.835,-2.8254,1]},
{"frame":8,"values":[0.9992,-0.0348,-0.0199,0,0.0366,0.9943,0.1001,0,0.0163,-0.1008,0.9948,0,-0.0009,22.835,-2.8254,1]},
{"frame":9,"values":[0.9994,-0.0322,-0.0132,0,0.0333,0.9952,0.0925,0,0.0101,-0.0929,0.9956,0,-0.0009,22.835,-2.8254,1]},
{"frame":10,"values":[0.9995,-0.0321,-0.0044,0,0.0324,0.9958,0.086,0,0.0016,-0.0861,0.9963,0,-0.0009,22.835,-2.8254,1]},
{"frame":11,"values":[0.9994,-0.0339,0.0032,0,0.0335,0.9961,0.0817,0,-0.006,-0.0815,0.9967,0,-0.0009,22.835,-2.8254,1]},
{"frame":12,"values":[0.9994,-0.0357,0.0049,0,0.0351,0.9962,0.0803,0,-0.0077,-0.0801,0.9968,0,-0.0009,22.835,-2.8254,1]},
{"frame":13,"values":[0.9992,-0.0389,0.004,0,0.0385,0.996,0.0811,0,-0.0071,-0.0808,0.9967,0,-0.0009,22.835,-2.8254,1]},
{"frame":14,"values":[0.999,-0.044,0.0017,0,0.0437,0.9953,0.0864,0,-0.0055,-0.0862,0.9963,0,-0.0009,22.835,-2.8254,1]},
{"frame":15,"values":[0.9988,-0.049,-0.0011,0,0.0489,0.9943,0.095,0,-0.0036,-0.0949,0.9955,0,-0.0009,22.835,-2.8254,1]},
{"frame":16,"values":[0.9986,-0.0519,-0.0035,0,0.052,0.9935,0.101,0,-0.0018,-0.101,0.9949,0,-0.0009,22.835,-2.8254,1]},
{"frame":17,"values":[0.9986,-0.0521,-0.005,0,0.0523,0.9934,0.1019,0,-0.0003,-0.102,0.9948,0,-0.0009,22.835,-2.8254,1]},
{"frame":18,"values":[0.9987,-0.0499,-0.006,0,0.0502,0.9937,0.0999,0,0.0009,-0.1,0.995,0,-0.0009,22.835,-2.8254,1]},
{"frame":19,"values":[0.9989,-0.0463,-0.0069,0,0.0468,0.9942,0.0965,0,0.0024,-0.0967,0.9953,0,-0.0009,22.835,-2.8254,1]},
{"frame":20,"values":[0.999,-0.0433,-0.0089,0,0.0439,0.9946,0.094,0,0.0048,-0.0943,0.9955,0,-0.0009,22.835,-2.8254,1]},
{"frame":21,"values":[0.999,-0.0418,-0.0132,0,0.0428,0.9948,0.0928,0,0.0093,-0.0933,0.9956,0,-0.0009,22.835,-2.8254,1]},
{"frame":22,"values":[0.9989,-0.042,-0.0195,0,0.0436,0.9948,0.092,0,0.0155,-0.0928,0.9956,0,-0.0009,22.835,-2.8254,1]},
{"frame":23,"values":[0.9987,-0.044,-0.0265,0,0.0462,0.9948,0.0909,0,0.0224,-0.092,0.9955,0,-0.0009,22.835,-2.8254,1]},
{"frame":24,"values":[0.9983,-0.0481,-0.0326,0,0.0508,0.9947,0.0898,0,0.0281,-0.0913,0.9954,0,-0.0009,22.835,-2.8254,1]},
{"frame":25,"values":[0.9979,-0.0537,-0.0374,0,0.0569,0.9943,0.0898,0,0.0324,-0.0917,0.9953,0,-0.0009,22.835,-2.8254,1]},
{"frame":26,"values":[0.9975,-0.0577,-0.0414,0,0.0612,0.9941,0.0899,0,0.036,-0.0922,0.9951,0,-0.0009,22.835,-2.8254,1]},
{"frame":27,"values":[0.9975,-0.0572,-0.0422,0,0.0607,0.9943,0.0881,0,0.0369,-0.0905,0.9952,0,-0.0009,22.835,-2.8254,1]},
{"frame":28,"values":[0.9978,-0.0531,-0.0384,0,0.0562,0.9949,0.0843,0,0.0338,-0.0862,0.9957,0,-0.0009,22.835,-2.8254,1]},
{"frame":29,"values":[0.9982,-0.049,-0.0331,0,0.0516,0.9954,0.0804,0,0.029,-0.0819,0.9962,0,-0.0009,22.835,-2.8254,1]},
{"frame":30,"values":[0.9984,-0.0471,-0.0308,0,0.0494,0.9957,0.0783,0,0.027,-0.0797,0.9965,0,-0.0009,22.835,-2.8254,1]},
{"frame":31,"values":[0.9983,-0.0471,-0.0329,0,0.0495,0.9957,0.0783,0,0.0291,-0.0798,0.9964,0,-0.0009,22.835,-2.8254,1]},
{"frame":32,"values":[0.9982,-0.0478,-0.037,0,0.0506,0.9956,0.079,0,0.0331,-0.0807,0.9962,0,-0.0009,22.835,-2.8254,1]},
{"frame":33,"values":[0.9981,-0.0479,-0.0392,0,0.0509,0.9955,0.0794,0,0.0353,-0.0812,0.9961,0,-0.0009,22.835,-2.8254,1]},
{"frame":34,"values":[0.9981,-0.0472,-0.0387,0,0.0502,0.9956,0.0796,0,0.0348,-0.0814,0.9961,0,-0.0009,22.835,-2.8254,1]},
{"frame":35,"values":[0.9983,-0.0463,-0.034,0,0.0489,0.9956,0.0798,0,0.0302,-0.0813,0.9962,0,-0.0009,22.835,-2.8254,1]}],"loopBehavior":1,"name":"anim","property":"_matrix"}},
{"name":"mixamorig:Spine2","index":3,"matrix":[0.9984,-0.0462,-0.0333,0,0.0487,0.9956,0.0802,0,0.0295,-0.0816,0.9962,0,-0.0206,26.5525,-3.1933,1],"rest":[1,0,0,0,0,1,0,0,0,0,1,0,-0.0206,26.5525,-3.1933,1],"parentBoneIndex":2,"length":24.825
,"animation":{"dataType":3,"framePerSecond":24,"keys":[
{"frame":1,"values":[0.9984,-0.0462,-0.0333,0,0.0487,0.9956,0.0802,0,0.0295,-0.0816,0.9962,0,-0.0206,26.5525,-3.1933,1]},
{"frame":2,"values":[0.9984,-0.0464,-0.0334,0,0.0489,0.9956,0.0803,0,0.0295,-0.0818,0.9962,0,-0.0206,26.5525,-3.1933,1]},
{"frame":3,"values":[0.9984,-0.0474,-0.032,0,0.0499,0.9953,0.0834,0,0.0279,-0.0849,0.996,0,-0.0206,26.5525,-3.1933,1]},
{"frame":4,"values":[0.9984,-0.0486,-0.0279,0,0.051,0.9944,0.0921,0,0.0232,-0.0934,0.9954,0,-0.0206,26.5525,-3.1933,1]},
{"frame":5,"values":[0.9986,-0.0474,-0.0243,0,0.0496,0.9935,0.1025,0,0.0193,-0.1035,0.9944,0,-0.0206,26.5525,-3.1933,1]},
{"frame":6,"values":[0.9988,-0.0438,-0.024,0,0.0461,0.9932,0.1068,0,0.0191,-0.1078,0.994,0,-0.0206,26.5525,-3.1933,1]},
{"frame":7,"values":[0.999,-0.0389,-0.023,0,0.0411,0.9935,0.106,0,0.0188,-0.1068,0.9941,0,-0.0206,26.5525,-3.1933,1]},
{"frame":8,"values":[0.9992,-0.0347,-0.0189,0,0.0364,0.9943,0.1003,0,0.0153,-0.1009,0.9948,0,-0.0206,26.5525,-3.1933,1]},
{"frame":9,"values":[0.9994,-0.032,-0.0123,0,0.033,0.9952,0.0927,0,0.0093,-0.093,0.9956,0,-0.0206,26.5525,-3.1933,1]},
{"frame":10,"values":[0.9995,-0.0322,-0.0036,0,0.0324,0.9958,0.086,0,0.0008,-0.0861,0.9963,0,-0.0206,26.5525,-3.1933,1]},
{"frame":11,"values":[0.9994,-0.0338,0.0039,0,0.0334,0.9961,0.0817,0,-0.0066,-0.0815,0.9967,0,-0.0206,26.5525,-3.1933,1]},
{"frame":12,"values":[0.9993,-0.0356,0.0055,0,0.0351,0.9962,0.0803,0,-0.0084,-0.08,0.9968,0,-0.0206,26.5525,-3.1933,1]},
{"frame":13,"values":[0.9992,-0.0389,0.0046,0,0.0384,0.996,0.0811,0,-0.0078,-0.0808,0.9967,0,-0.0206,26.5525,-3.1933,1]},
{"frame":14,"values":[0.999,-0.044,0.0025,0,0.0436,0.9953,0.0864,0,-0.0063,-0.0862,0.9963,0,-0.0206,26.5525,-3.1933,1]},
{"frame":15,"values":[0.9988,-0.049,-0.0002,0,0.0488,0.9943,0.0951,0,-0.0044,-0.095,0.9955,0,-0.0206,26.5525,-3.1933,1]},
{"frame":16,"values":[0.9987,-0.0518,-0.0025,0,0.0518,0.9935,0.101,0,-0.0027,-0.101,0.9949,0,-0.0206,26.5525,-3.1933,1]},
{"frame":17,"values":[0.9986,-0.052,-0.0041,0,0.0522,0.9934,0.102,0,-0.0012,-0.1021,0.9948,0,-0.0206,26.5525,-3.1933,1]},
{"frame":18,"values":[0.9987,-0.0498,-0.0051,0,0.05,0.9937,0.1,0,0.0001,-0.1001,0.995,0,-0.0206,26.5525,-3.1933,1]},
{"frame":19,"values":[0.9989,-0.0463,-0.006,0,0.0466,0.9942,0.0966,0,0.0015,-0.0968,0.9953,0,-0.0206,26.5525,-3.1933,1]},
{"frame":20,"values":[0.999,-0.0432,-0.0081,0,0.0438,0.9946,0.0942,0,0.004,-0.0944,0.9955,0,-0.0206,26.5525,-3.1933,1]},
{"frame":21,"values":[0.999,-0.0418,-0.0124,0,0.0428,0.9947,0.093,0,0.0085,-0.0934,0.9956,0,-0.0206,26.5525,-3.1933,1]},
{"frame":22,"values":[0.9989,-0.0419,-0.0187,0,0.0435,0.9948,0.0922,0,0.0147,-0.0929,0.9956,0,-0.0206,26.5525,-3.1933,1]},
{"frame":23,"values":[0.9987,-0.0439,-0.0257,0,0.046,0.9948,0.0912,0,0.0216,-0.0923,0.9955,0,-0.0206,26.5525,-3.1933,1]},
{"frame":24,"values":[0.9983,-0.048,-0.0317,0,0.0506,0.9946,0.0902,0,0.0272,-0.0917,0.9954,0,-0.0206,26.5525,-3.1933,1]},
{"frame":25,"values":[0.9979,-0.0537,-0.0367,0,0.0568,0.9943,0.0901,0,0.0316,-0.092,0.9953,0,-0.0206,26.5525,-3.1933,1]},
{"frame":26,"values":[0.9975,-0.0576,-0.0407,0,0.0611,0.994,0.0903,0,0.0352,-0.0926,0.9951,0,-0.0206,26.5525,-3.1933,1]},
{"frame":27,"values":[0.9975,-0.057,-0.0415,0,0.0605,0.9942,0.0887,0,0.0362,-0.091,0.9952,0,-0.0206,26.5525,-3.1933,1]},
{"frame":28,"values":[0.9979,-0.053,-0.0377,0,0.056,0.9948,0.0847,0,0.033,-0.0867,0.9957,0,-0.0206,26.5525,-3.1933,1]},
{"frame":29,"values":[0.9983,-0.049,-0.0325,0,0.0515,0.9954,0.0807,0,0.0284,-0.0823,0.9962,0,-0.0206,26.5525,-3.1933,1]},
{"frame":30,"values":[0.9984,-0.0471,-0.0302,0,0.0493,0.9957,0.0786,0,0.0264,-0.08,0.9964,0,-0.0206,26.5525,-3.1933,1]},
{"frame":31,"values":[0.9984,-0.047,-0.0323,0,0.0494,0.9957,0.0787,0,0.0284,-0.0802,0.9964,0,-0.0206,26.5525,-3.1933,1]},
{"frame":32,"values":[0.9982,-0.0476,-0.0364,0,0.0504,0.9956,0.0794,0,0.0324,-0.0811,0.9962,0,-0.0206,26.5525,-3.1933,1]},
{"frame":33,"values":[0.9981,-0.0478,-0.0386,0,0.0508,0.9955,0.0797,0,0.0346,-0.0815,0.9961,0,-0.0206,26.5525,-3.1933,1]},
{"frame":34,"values":[0.9982,-0.0472,-0.038,0,0.0501,0.9955,0.08,0,0.0341,-0.0817,0.9961,0,-0.0206,26.5525,-3.1933,1]},
{"frame":35,"values":[0.9984,-0.0462,-0.0333,0,0.0487,0.9956,0.0802,0,0.0295,-0.0816,0.9962,0,-0.0206,26.5525,-3.1933,1]}],"loopBehavior":1,"name":"anim","property":"_matrix"}},
{"name":"mixamorig:Neck","index":4,"matrix":[0.9961,-0.0875,0.0104,0,0.0879,0.995,-0.0483,0,-0.0061,0.049,0.9988,0,-0.06,30.7018,1.3522,1],"rest":[1,0,0,0,0,1,0,0,0,0,1,0,-0.06,30.7018,1.3522,1],"parentBoneIndex":3,"length":22.8446
,"animation":{"dataType":3,"framePerSecond":24,"keys":[
{"frame":1,"values":[0.9961,-0.0875,0.0104,0,0.0879,0.995,-0.0483,0,-0.0061,0.049,0.9988,0,-0.06,30.7018,1.3522,1]},
{"frame":2,"values":[0.9961,-0.0885,0.0072,0,0.0887,0.9954,-0.0356,0,-0.004,0.0361,0.9993,0,-0.06,30.7018,1.3522,1]},
{"frame":3,"values":[0.9936,-0.1129,-0.003,0,0.1129,0.9936,-0.0057,0,0.0036,0.0053,1,0,-0.06,30.7017,1.3522,1]},
{"frame":4,"values":[0.9842,-0.175,-0.0259,0,0.176,0.9834,0.0444,0,0.0177,-0.0483,0.9987,0,-0.06,30.7018,1.3522,1]},
{"frame":5,"values":[0.9667,-0.2498,-0.0553,0,0.2544,0.9614,0.1043,0,0.0271,-0.1149,0.993,0,-0.06,30.7018,1.3522,1]},
{"frame":6,"values":[0.9479,-0.3067,-0.0859,0,0.3164,0.9375,0.1451,0,0.036,-0.1647,0.9857,0,-0.06,30.7018,1.3522,1]},
{"frame":7,"values":[0.9323,-0.3434,-0.1134,0,0.3582,0.9201,0.1585,0,0.0499,-0.1884,0.9808,0,-0.06,30.7018,1.3522,1]},
{"frame":8,"values":[0.9232,-0.3597,-0.1353,0,0.3784,0.9122,0.1572,0,0.0669,-0.1964,0.9782,0,-0.06,30.7018,1.3522,1]},
{"frame":9,"values":[0.9218,-0.3576,-0.1495,0,0.3795,0.9113,0.1598,0,0.079,-0.204,0.9758,0,-0.06,30.7019,1.3522,1]},
{"frame":10,"values":[0.927,-0.3407,-0.1568,0,0.3653,0.9148,0.1722,0,0.0848,-0.2169,0.9725,0,-0.06,30.7018,1.3522,1]},
{"frame":11,"values":[0.9323,-0.3239,-0.1608,0,0.3506,0.9186,0.1824,0,0.0886,-0.2265,0.97,0,-0.06,30.7018,1.3522,1]},
{"frame":12,"values":[0.9307,-0.3255,-0.1666,0,0.354,0.9164,0.1868,0,0.0918,-0.2328,0.9682,0,-0.06,30.7018,1.3522,1]},
{"frame":13,"values":[0.9266,-0.334,-0.1726,0,0.3648,0.9099,0.1978,0,0.091,-0.2463,0.9649,0,-0.06,30.7018,1.3522,1]},
{"frame":14,"values":[0.9227,-0.3428,-0.1764,0,0.3754,0.9031,0.2088,0,0.0877,-0.2589,0.9619,0,-0.06,30.7018,1.3522,1]},
{"frame":15,"values":[0.9202,-0.3501,-0.1752,0,0.3829,0.8983,0.2155,0,0.082,-0.2654,0.9606,0,-0.06,30.7018,1.3522,1]},
{"frame":16,"values":[0.9183,-0.3557,-0.1735,0,0.3883,0.8948,0.2205,0,0.0768,-0.2699,0.9598,0,-0.06,30.7018,1.3522,1]},
{"frame":17,"values":[0.9159,-0.3622,-0.1733,0,0.3948,0.8909,0.2245,0,0.0731,-0.274,0.9589,0,-0.06,30.7018,1.3522,1]},
{"frame":18,"values":[0.9131,-0.3689,-0.1736,0,0.4015,0.8878,0.2248,0,0.0711,-0.275,0.9588,0,-0.06,30.7018,1.3522,1]},
{"frame":19,"values":[0.9117,-0.3726,-0.1732,0,0.4046,0.8874,0.2209,0,0.0714,-0.2715,0.9598,0,-0.06,30.7018,1.3522,1]},
{"frame":20,"values":[0.9125,-0.3715,-0.1713,0,0.4026,0.8899,0.2146,0,0.0727,-0.2648,0.9616,0,-0.06,30.7019,1.3522,1]},
{"frame":21,"values":[0.9172,-0.362,-0.1664,0,0.3915,0.8964,0.2076,0,0.074,-0.2556,0.964,0,-0.06,30.7018,1.3522,1]},
{"frame":22,"values":[0.9263,-0.343,-0.1562,0,0.3697,0.9073,0.2002,0,0.0731,-0.2432,0.9672,0,-0.06,30.7018,1.3522,1]},
{"frame":23,"values":[0.9412,-0.3079,-0.139,0,0.3305,0.9247,0.1892,0,0.0703,-0.224,0.972,0,-0.06,30.7018,1.3522,1]},
{"frame":24,"values":[0.9599,-0.2558,-0.1146,0,0.2726,0.947,0.17,0,0.065,-0.1944,0.9788,0,-0.06,30.7018,1.3522,1]},
{"frame":25,"values":[0.9769,-0.1953,-0.0865,0,0.206,0.9684,0.1407,0,0.0563,-0.1553,0.9863,0,-0.06,30.7018,1.3522,1]},
{"frame":26,"values":[0.9878,-0.1438,-0.0606,0,0.1496,0.983,0.1063,0,0.0443,-0.1141,0.9925,0,-0.06,30.7018,1.3522,1]},
{"frame":27,"values":[0.993,-0.1101,-0.0429,0,0.1131,0.9909,0.0737,0,0.0344,-0.078,0.9964,0,-0.06,30.7018,1.3522,1]},
{"frame":28,"values":[0.9956,-0.0885,-0.0301,0,0.0897,0.995,0.0435,0,0.0261,-0.046,0.9986,0,-0.06,30.7018,1.3522,1]},
{"frame":29,"values":[0.9973,-0.0703,-0.019,0,0.0706,0.9974,0.0127,0,0.0181,-0.014,0.9997,0,-0.06,30.7018,1.3522,1]},
{"frame":30,"values":[0.9983,-0.0571,-0.0084,0,0.0569,0.9982,-0.0185,0,0.0094,0.018,0.9998,0,-0.06,30.7018,1.3522,1]},
{"frame":31,"values":[0.9984,-0.0564,0.0012,0,0.0564,0.9973,-0.046,0,0.0014,0.046,0.9989,0,-0.06,30.7018,1.3522,1]},
{"frame":32,"values":[0.9976,-0.0683,0.0088,0,0.0687,0.9957,-0.0614,0,-0.0045,0.0618,0.9981,0,-0.06,30.7018,1.3522,1]},
{"frame":33,"values":[0.9964,-0.0837,0.0132,0,0.0843,0.9944,-0.0636,0,-0.0078,0.0645,0.9979,0,-0.06,30.7018,1.3522,1]},
{"frame":34,"values":[0.9954,-0.0946,0.0136,0,0.0953,0.9938,-0.0574,0,-0.0081,0.0584,0.9983,0,-0.06,30.7019,1.3522,1]},
{"frame":35,"values":[0.9961,-0.0875,0.0104,0,0.0879,0.995,-0.0483,0,-0.0061,0.049,0.9988,0,-0.06,30.7018,1.3522,1]}],"loopBehavior":1,"name":"anim","property":"_matrix"}},
{"name":"mixamorig:Head","index":5,"matrix":[0.9986,0.0365,0.0389,0,-0.0353,0.9989,-0.0315,0,-0.04,0.0301,0.9987,0,-0.0872,22.5476,3.6709,1],"rest":[1,0,0,0,0,1,0,0,0,0,1,0,-0.0872,22.5476,3.6709,1],"parentBoneIndex":4,"length":30.5924
,"animation":{"dataType":3,"framePerSecond":24,"keys":[
{"frame":1,"values":[0.9986,0.0365,0.0389,0,-0.0353,0.9989,-0.0315,0,-0.04,0.0301,0.9987,0,-0.0872,22.5476,3.6709,1]},
{"frame":2,"values":[0.9993,0.0144,0.0354,0,-0.0135,0.9996,-0.0256,0,-0.0358,0.0251,0.999,0,-0.0872,22.5476,3.6709,1]},
{"frame":3,"values":[0.9993,-0.0166,0.0327,0,0.018,0.999,-0.0419,0,-0.032,0.0425,0.9986,0,-0.0872,22.5476,3.6709,1]},
{"frame":4,"values":[0.9988,-0.0349,0.0342,0,0.0383,0.9939,-0.1033,0,-0.0304,0.1045,0.9941,0,-0.0872,22.5476,3.6709,1]},
{"frame":5,"values":[0.9982,-0.0429,0.0412,0,0.0495,0.983,-0.1768,0,-0.0329,0.1785,0.9834,0,-0.0872,22.5476,3.6709,1]},
{"frame":6,"values":[0.9977,-0.0542,0.0414,0,0.0619,0.9741,-0.2176,0,-0.0285,0.2197,0.9752,0,-0.0872,22.5476,3.6709,1]},
{"frame":7,"values":[0.9968,-0.0731,0.0323,0,0.0787,0.9682,-0.2377,0,-0.0139,0.2394,0.9708,0,-0.0872,22.5476,3.6709,1]},
{"frame":8,"values":[0.9949,-0.0999,0.0155,0,0.1006,0.9633,-0.249,0,0.0099,0.2493,0.9684,0,-0.0872,22.5476,3.6709,1]},
{"frame":9,"values":[0.991,-0.134,-0.0014,0,0.1289,0.9559,-0.2638,0,0.0367,0.2613,0.9646,0,-0.0872,22.5476,3.6709,1]},
{"frame":10,"values":[0.985,-0.1719,-0.0161,0,0.1603,0.945,-0.2852,0,0.0643,0.2784,0.9583,0,-0.0872,22.5476,3.6709,1]},
{"frame":11,"values":[0.9797,-0.1983,-0.0278,0,0.181,0.9365,-0.3004,0,0.0856,0.2893,0.9534,0,-0.0872,22.5476,3.6709,1]},
{"frame":12,"values":[0.9781,-0.2051,-0.034,0,0.1851,0.9335,-0.3071,0,0.0947,0.2941,0.9511,0,-0.0872,22.5476,3.6709,1]},
{"frame":13,"values":[0.9777,-0.2071,-0.0351,0,0.1855,0.9296,-0.3185,0,0.0986,0.3049,0.9473,0,-0.0872,22.5476,3.6709,1]},
{"frame":14,"values":[0.9786,-0.2031,-0.0328,0,0.1811,0.926,-0.3313,0,0.0977,0.3182,0.943,0,-0.0872,22.5476,3.6709,1]},
{"frame":15,"values":[0.9802,-0.1963,-0.0272,0,0.1757,0.9244,-0.3386,0,0.0916,0.3271,0.9406,0,-0.0872,22.5476,3.6709,1]},
{"frame":16,"values":[0.981,-0.1929,-0.0223,0,0.1741,0.9246,-0.3387,0,0.0859,0.3284,0.9406,0,-0.0872,22.5476,3.6709,1]},
{"frame":17,"values":[0.9814,-0.1912,-0.018,0,0.1742,0.926,-0.3349,0,0.0807,0.3255,0.9421,0,-0.0872,22.5476,3.6709,1]},
{"frame":18,"values":[0.9815,-0.1911,-0.0153,0,0.1757,0.9284,-0.3275,0,0.0768,0.3187,0.9447,0,-0.0872,22.5476,3.6709,1]},
{"frame":19,"values":[0.9814,-0.1914,-0.0142,0,0.1771,0.9317,-0.3172,0,0.0739,0.3088,0.9483,0,-0.0872,22.5476,3.6709,1]},
{"frame":20,"values":[0.982,-0.1883,-0.0139,0,0.1751,0.9359,-0.3056,0,0.0706,0.2976,0.9521,0,-0.0872,22.5476,3.6709,1]},
{"frame":21,"values":[0.984,-0.1777,-0.0134,0,0.166,0.9412,-0.2944,0,0.0649,0.2875,0.9556,0,-0.0872,22.5476,3.6709,1]},
{"frame":22,"values":[0.9867,-0.1622,-0.0125,0,0.152,0.9463,-0.2852,0,0.0581,0.2795,0.9584,0,-0.0872,22.5476,3.6709,1]},
{"frame":23,"values":[0.9885,-0.1505,-0.0116,0,0.1415,0.9506,-0.2762,0,0.0526,0.2714,0.961,0,-0.0872,22.5476,3.6709,1]},
{"frame":24,"values":[0.9894,-0.145,-0.0124,0,0.1367,0.9556,-0.2612,0,0.0498,0.2567,0.9652,0,-0.0872,22.5476,3.6709,1]},
{"frame":25,"values":[0.9908,-0.1344,-0.0143,0,0.1274,0.9641,-0.2331,0,0.0451,0.2291,0.9724,0,-0.0872,22.5476,3.6709,1]},
{"frame":26,"values":[0.9941,-0.1075,-0.0137,0,0.1029,0.9761,-0.1917,0,0.034,0.1891,0.9814,0,-0.0872,22.5477,3.6709,1]},
{"frame":27,"values":[0.9975,-0.0699,-0.0076,0,0.0681,0.9872,-0.1443,0,0.0176,0.1434,0.9895,0,-0.0872,22.5476,3.6709,1]},
{"frame":28,"values":[0.9992,-0.0387,-0.0015,0,0.0384,0.9942,-0.1006,0,0.0054,0.1004,0.9949,0,-0.0872,22.5476,3.6709,1]},
{"frame":29,"values":[0.9998,-0.0206,0.0028,0,0.0207,0.9976,-0.0655,0,-0.0015,0.0656,0.9978,0,-0.0872,22.5476,3.6709,1]},
{"frame":30,"values":[0.9999,-0.0078,0.0082,0,0.0081,0.9992,-0.04,0,-0.0078,0.0401,0.9992,0,-0.0872,22.5477,3.6709,1]},
{"frame":31,"values":[0.9998,0.0086,0.0174,0,-0.0082,0.9997,-0.0231,0,-0.0176,0.023,0.9996,0,-0.0872,22.5476,3.6709,1]},
{"frame":32,"values":[0.9992,0.0279,0.0286,0,-0.0274,0.9995,-0.0167,0,-0.0291,0.0159,0.9995,0,-0.0872,22.5476,3.6709,1]},
{"frame":33,"values":[0.9984,0.0423,0.0379,0,-0.0416,0.999,-0.0183,0,-0.0387,0.0167,0.9991,0,-0.0872,22.5477,3.6709,1]},
{"frame":34,"values":[0.998,0.0469,0.0423,0,-0.0458,0.9986,-0.0272,0,-0.0435,0.0252,0.9987,0,-0.0872,22.5476,3.6709,1]},
{"frame":35,"values":[0.9986,0.0365,0.0389,0,-0.0353,0.9989,-0.0315,0,-0.04,0.0301,0.9987,0,-0.0872,22.5476,3.6709,1]}],"loopBehavior":1,"name":"anim","property":"_matrix"}},
{"name":"mixamorig:HeadTop_End","index":6,"matrix":[1,0,0,0,0,1,0,0,0,0,1,0,-0.8306,40.3552,7.8935,1],"rest":[1,0,0,0,0,1,0,0,0,0,1,0,-0.8306,40.3552,7.8935,1],"parentBoneIndex":5,"length":30.5924
,"animation":{"dataType":3,"framePerSecond":24,"keys":[
{"frame":1,"values":[1,0,0,0,0,1,0,0,0,0,1,0,-0.8306,40.3552,7.8935,1]},
{"frame":2,"values":[1,0,0,0,0,1,0,0,0,0,1,0,-0.8306,40.3553,7.8935,1]},
{"frame":3,"values":[1,0,0,0,0,1,0,0,0,0,1,0,-0.8306,40.3552,7.8935,1]},
{"frame":25,"values":[1,0,0,0,0,1,0,0,0,0,1,0,-0.8306,40.3553,7.8935,1]},
{"frame":26,"values":[1,0,0,0,0,1,0,0,0,0,1,0,-0.8306,40.3552,7.8935,1]},
{"frame":35,"values":[1,0,0,0,0,1,0,0,0,0,1,0,-0.8306,40.3552,7.8935,1]}],"loopBehavior":1,"name":"anim","property":"_matrix"}},
{"name":"mixamorig:RightEye","index":7,"matrix":[1,0,0,0,0,1,0,0,0,0,1,0,-6.3021,18.1186,16.1971,1],"rest":[1,0,0,0,0,1,0,0,0,0,1,0,-6.3021,18.1186,16.1971,1],"parentBoneIndex":5,"length":30.5924
,"animation":{"dataType":3,"framePerSecond":24,"keys":[
{"frame":1,"values":[1,0,0,0,0,1,0,0,0,0,1,0,-6.3021,18.1186,16.1971,1]},
{"frame":24,"values":[1,0,0,0,0,1,0,0,0,0,1,0,-6.3021,18.1185,16.1971,1]},
{"frame":25,"values":[1,0,0,0,0,1,0,0,0,0,1,0,-6.3021,18.1186,16.1971,1]},
{"frame":31,"values":[1,0,0,0,0,1,0,0,0,0,1,0,-6.3021,18.1185,16.1971,1]},
{"frame":32,"values":[1,0,0,0,0,1,0,0,0,0,1,0,-6.3021,18.1186,16.1971,1]},
{"frame":35,"values":[1,0,0,0,0,1,0,0,0,0,1,0,-6.3021,18.1186,16.1971,1]}],"loopBehavior":1,"name":"anim","property":"_matrix"}},
{"name":"mixamorig:LeftEye","index":8,"matrix":[1,0,0,0,0,1,0,0,0,0,1,0,6.7415,18.3827,16.4019,1],"rest":[1,0,0,0,0,1,0,0,0,0,1,0,6.7415,18.3827,16.4019,1],"parentBoneIndex":5,"length":30.5924
,"animation":{"dataType":3,"framePerSecond":24,"keys":[
{"frame":1,"values":[1,0,0,0,0,1,0,0,0,0,1,0,6.7415,18.3827,16.4019,1]},
{"frame":24,"values":[1,0,0,0,0,1,0,0,0,0,1,0,6.7415,18.3826,16.4019,1]},
{"frame":25,"values":[1,0,0,0,0,1,0,0,0,0,1,0,6.7415,18.3827,16.4019,1]},
{"frame":27,"values":[1,0,0,0,0,1,0,0,0,0,1,0,6.7415,18.3828,16.4019,1]},
{"frame":28,"values":[1,0,0,0,0,1,0,0,0,0,1,0,6.7415,18.3827,16.4019,1]},
{"frame":31,"values":[1,0,0,0,0,1,0,0,0,0,1,0,6.7415,18.3826,16.4019,1]},
{"frame":32,"values":[1,0,0,0,0,1,0,0,0,0,1,0,6.7415,18.3827,16.4019,1]},
{"frame":35,"values":[1,0,0,0,0,1,0,0,0,0,1,0,6.7415,18.3827,16.4019,1]}],"loopBehavior":1,"name":"anim","property":"_matrix"}},
{"name":"mixamorig:LeftShoulder","index":9,"matrix":[0.9651,-0.139,0.2218,0,0.1196,0.9879,0.0984,0,-0.2328,-0.0684,0.9701,0,11.9249,18.2305,1.4254,1],"rest":[1,0.0062,0,0,-0.0062,1,0,0,0,0,1,0,11.9249,18.2305,1.4254,1],"parentBoneIndex":3,"length":25.9773
,"animation":{"dataType":3,"framePerSecond":24,"keys":[
{"frame":1,"values":[0.9651,-0.139,0.2218,0,0.1196,0.9879,0.0984,0,-0.2328,-0.0684,0.9701,0,11.9249,18.2305,1.4254,1]},
{"frame":2,"values":[0.9613,-0.141,0.2366,0,0.1209,0.9879,0.0975,0,-0.2474,-0.0651,0.9667,0,11.9249,18.2305,1.4254,1]},
{"frame":3,"values":[0.9542,-0.1209,0.2736,0,0.0997,0.9909,0.0902,0,-0.282,-0.0588,0.9576,0,11.9249,18.2305,1.4254,1]},
{"frame":4,"values":[0.9492,-0.0434,0.3116,0,0.0216,0.9971,0.0729,0,-0.3139,-0.0624,0.9474,0,11.9249,18.2305,1.4254,1]},
{"frame":5,"values":[0.9403,0.0496,0.3367,0,-0.0704,0.9963,0.0499,0,-0.333,-0.0706,0.9403,0,11.9249,18.2305,1.4254,1]},
{"frame":6,"values":[0.9311,0.1243,0.343,0,-0.1435,0.9892,0.031,0,-0.3355,-0.0781,0.9388,0,11.9249,18.2305,1.4254,1]},
{"frame":7,"values":[0.9259,0.175,0.3347,0,-0.1922,0.9812,0.0186,0,-0.3251,-0.0815,0.9422,0,11.9249,18.2305,1.4254,1]},
{"frame":8,"values":[0.9235,0.1919,0.332,0,-0.2074,0.9782,0.0117,0,-0.3226,-0.0796,0.9432,0,11.9249,18.2305,1.4254,1]},
{"frame":9,"values":[0.9228,0.189,0.3357,0,-0.2034,0.9791,0.008,0,-0.3271,-0.0757,0.9419,0,11.9249,18.2305,1.4254,1]},
{"frame":10,"values":[0.9201,0.1905,0.3422,0,-0.2039,0.979,0.0034,0,-0.3343,-0.0729,0.9396,0,11.9249,18.2305,1.4254,1]},
{"frame":11,"values":[0.9201,0.1887,0.3432,0,-0.2011,0.9796,0.0006,0,-0.3361,-0.0695,0.9393,0,11.9249,18.2305,1.4254,1]},
{"frame":12,"values":[0.9246,0.1703,0.3407,0,-0.1817,0.9833,0.0017,0,-0.3347,-0.0635,0.9402,0,11.9249,18.2305,1.4254,1]},
{"frame":13,"values":[0.9267,0.1525,0.3434,0,-0.1635,0.9865,0.003,0,-0.3383,-0.0589,0.9392,0,11.9249,18.2305,1.4254,1]},
{"frame":14,"values":[0.926,0.1368,0.352,0,-0.1478,0.989,0.0044,0,-0.3475,-0.0561,0.936,0,11.9249,18.2305,1.4254,1]},
{"frame":15,"values":[0.9219,0.119,0.3686,0,-0.131,0.9914,0.0074,0,-0.3645,-0.0551,0.9296,0,11.9249,18.2306,1.4254,1]},
{"frame":16,"values":[0.919,0.1052,0.3799,0,-0.118,0.993,0.0105,0,-0.3761,-0.0544,0.925,0,11.9249,18.2305,1.4254,1]},
{"frame":17,"values":[0.9174,0.105,0.3838,0,-0.1183,0.9929,0.0111,0,-0.3799,-0.0555,0.9234,0,11.9249,18.2305,1.4254,1]},
{"frame":18,"values":[0.9174,0.1119,0.3818,0,-0.1253,0.9921,0.0103,0,-0.3776,-0.0573,0.9242,0,11.9249,18.2305,1.4254,1]},
{"frame":19,"values":[0.9195,0.1243,0.373,0,-0.1374,0.9905,0.0088,0,-0.3684,-0.0593,0.9278,0,11.9249,18.2305,1.4254,1]},
{"frame":20,"values":[0.9226,0.1302,0.3631,0,-0.1432,0.9897,0.009,0,-0.3582,-0.0603,0.9317,0,11.9249,18.2306,1.4254,1]},
{"frame":21,"values":[0.9282,0.1182,0.3528,0,-0.1315,0.9912,0.0137,0,-0.3481,-0.0591,0.9356,0,11.9249,18.2305,1.4254,1]},
{"frame":22,"values":[0.9448,0.077,0.3183,0,-0.0898,0.9956,0.0256,0,-0.315,-0.0527,0.9476,0,11.9249,18.2305,1.4254,1]},
{"frame":23,"values":[0.9737,0.0105,0.2276,0,-0.0207,0.9989,0.0425,0,-0.2269,-0.0461,0.9728,0,11.9249,18.2305,1.4254,1]},
{"frame":24,"values":[0.9879,-0.0896,0.1266,0,0.0826,0.9948,0.0598,0,-0.1313,-0.0486,0.9901,0,11.9249,18.2305,1.4254,1]},
{"frame":25,"values":[0.9794,-0.1756,0.0993,0,0.1688,0.983,0.0728,0,-0.1104,-0.0546,0.9924,0,11.9249,18.2305,1.4254,1]},
{"frame":26,"values":[0.9705,-0.214,0.1113,0,0.2054,0.9751,0.0833,0,-0.1263,-0.058,0.9903,0,11.9249,18.2305,1.4254,1]},
{"frame":27,"values":[0.9647,-0.2273,0.1328,0,0.2162,0.9719,0.0929,0,-0.1502,-0.0609,0.9868,0,11.9249,18.2305,1.4254,1]},
{"frame":28,"values":[0.9593,-0.228,0.1665,0,0.2136,0.9718,0.1002,0,-0.1846,-0.0606,0.9809,0,11.9249,18.2305,1.4254,1]},
{"frame":29,"values":[0.9552,-0.2137,0.2046,0,0.1961,0.9752,0.1026,0,-0.2215,-0.0579,0.9734,0,11.9249,18.2305,1.4254,1]},
{"frame":30,"values":[0.9573,-0.1875,0.2198,0,0.1689,0.9805,0.1007,0,-0.2344,-0.0593,0.9703,0,11.9249,18.2305,1.4254,1]},
{"frame":31,"values":[0.9596,-0.1768,0.2188,0,0.1582,0.9823,0.0999,0,-0.2326,-0.0613,0.9706,0,11.9249,18.2304,1.4254,1]},
{"frame":32,"values":[0.9605,-0.1656,0.2235,0,0.1466,0.9842,0.0992,0,-0.2364,-0.0626,0.9696,0,11.9249,18.2304,1.4254,1]},
{"frame":33,"values":[0.9626,-0.154,0.2229,0,0.1348,0.9859,0.0988,0,-0.235,-0.065,0.9698,0,11.9249,18.2305,1.4254,1]},
{"frame":34,"values":[0.965,-0.1471,0.2172,0,0.1283,0.9868,0.0987,0,-0.2288,-0.0674,0.9711,0,11.9249,18.2305,1.4254,1]},
{"frame":35,"values":[0.9651,-0.139,0.2219,0,0.1196,0.9879,0.0984,0,-0.2329,-0.0685,0.9701,0,11.9249,18.2305,1.4254,1]}],"loopBehavior":1,"name":"anim","property":"_matrix"}},
{"name":"mixamorig:LeftArm","index":10,"matrix":[0.5252,-0.8482,-0.0685,0,0.8501,0.5266,-0.0033,0,0.0389,-0.0565,0.9976,0,25.4312,-0.8546,-5.2293,1],"rest":[0.9983,0.0295,0.0512,0,-0.0294,0.9996,-0.0017,0,-0.0512,0.0002,0.9987,0,25.4312,-0.8546,-5.2293,1],"parentBoneIndex":9,"length":54.6847
,"animation":{"dataType":3,"framePerSecond":24,"keys":[
{"frame":1,"values":[0.5252,-0.8482,-0.0685,0,0.8501,0.5266,-0.0033,0,0.0389,-0.0565,0.9976,0,25.4312,-0.8546,-5.2293,1]},
{"frame":2,"values":[0.5119,-0.855,-0.0827,0,0.855,0.5165,-0.0472,0,0.0831,-0.0466,0.9955,0,25.4312,-0.8546,-5.2293,1]},
{"frame":3,"values":[0.4558,-0.8813,-0.1251,0,0.8773,0.4685,-0.104,0,0.1502,-0.0623,0.9867,0,25.4312,-0.8546,-5.2293,1]},
{"frame":4,"values":[0.3312,-0.9255,-0.1837,0,0.917,0.3616,-0.1686,0,0.2225,-0.1126,0.9684,0,25.4312,-0.8546,-5.2293,1]},
{"frame":5,"values":[0.1803,-0.9548,-0.2364,0,0.9411,0.2373,-0.241,0,0.2862,-0.179,0.9413,0,25.4312,-0.8546,-5.2293,1]},
{"frame":6,"values":[0.0722,-0.9595,-0.2724,0,0.9471,0.1516,-0.2829,0,0.3127,-0.2376,0.9197,0,25.4312,-0.8546,-5.2293,1]},
{"frame":7,"values":[0.0253,-0.9541,-0.2983,0,0.9389,0.1252,-0.3207,0,0.3433,-0.2719,0.899,0,25.4312,-0.8546,-5.2293,1]},
{"frame":8,"values":[0.0381,-0.9465,-0.3205,0,0.9129,0.1634,-0.3741,0,0.4064,-0.2784,0.8702,0,25.4312,-0.8546,-5.2293,1]},
{"frame":9,"values":[0.0757,-0.9354,-0.3454,0,0.8724,0.2299,-0.4314,0,0.483,-0.2686,0.8334,0,25.4312,-0.8546,-5.2293,1]},
{"frame":10,"values":[0.112,-0.9227,-0.3689,0,0.8185,0.2962,-0.4923,0,0.5635,-0.2468,0.7884,0,25.4312,-0.8546,-5.2293,1]},
{"frame":11,"values":[0.1459,-0.9098,-0.3886,0,0.7639,0.3532,-0.5401,0,0.6286,-0.2181,0.7465,0,25.4312,-0.8546,-5.2293,1]},
{"frame":12,"values":[0.1786,-0.9026,-0.3917,0,0.7201,0.3912,-0.5731,0,0.6705,-0.1797,0.7198,0,25.4312,-0.8546,-5.2293,1]},
{"frame":13,"values":[0.1915,-0.9014,-0.3884,0,0.6839,0.4064,-0.606,0,0.704,-0.1496,0.6942,0,25.4312,-0.8546,-5.2293,1]},
{"frame":14,"values":[0.1886,-0.9033,-0.3853,0,0.6505,0.4088,-0.6401,0,0.7357,-0.1299,0.6647,0,25.4312,-0.8546,-5.2293,1]},
{"frame":15,"values":[0.191,-0.903,-0.3848,0,0.6164,0.4154,-0.6689,0,0.7639,-0.1094,0.636,0,25.4312,-0.8546,-5.2293,1]},
{"frame":16,"values":[0.2001,-0.9017,-0.3832,0,0.6027,0.4216,-0.6775,0,0.7725,-0.0954,0.6279,0,25.4312,-0.8546,-5.2293,1]},
{"frame":17,"values":[0.1999,-0.9037,-0.3786,0,0.6081,0.4175,-0.6753,0,0.7683,-0.0952,0.633,0,25.4312,-0.8546,-5.2293,1]},
{"frame":18,"values":[0.1904,-0.91,-0.3682,0,0.6234,0.4019,-0.6707,0,0.7584,-0.1018,0.6438,0,25.4312,-0.8546,-5.2293,1]},
{"frame":19,"values":[0.1819,-0.9164,-0.3567,0,0.6449,0.385,-0.6603,0,0.7423,-0.1099,0.6609,0,25.4312,-0.8546,-5.2293,1]},
{"frame":20,"values":[0.1865,-0.9187,-0.3481,0,0.6672,0.3785,-0.6415,0,0.7211,-0.1126,0.6836,0,25.4312,-0.8546,-5.2293,1]},
{"frame":21,"values":[0.2165,-0.9152,-0.3398,0,0.6875,0.3901,-0.6125,0,0.6931,-0.101,0.7137,0,25.4312,-0.8546,-5.2293,1]},
{"frame":22,"values":[0.2922,-0.9006,-0.3217,0,0.7215,0.4284,-0.5439,0,0.6277,-0.0731,0.775,0,25.4312,-0.8546,-5.2293,1]},
{"frame":23,"values":[0.4208,-0.8707,-0.2546,0,0.7789,0.4907,-0.3905,0,0.465,-0.034,0.8847,0,25.4312,-0.8546,-5.2293,1]},
{"frame":24,"values":[0.5867,-0.7923,-0.1677,0,0.7751,0.6094,-0.1672,0,0.2347,-0.0319,0.9715,0,25.4312,-0.8546,-5.2293,1]},
{"frame":25,"values":[0.7189,-0.6843,-0.1217,0,0.693,0.7193,0.0492,0,0.0539,-0.1197,0.9913,0,25.4312,-0.8545,-5.2293,1]},
{"frame":26,"values":[0.7895,-0.6052,-0.1019,0,0.6107,0.7581,0.2288,0,-0.0613,-0.2429,0.9681,0,25.4312,-0.8546,-5.2293,1]},
{"frame":27,"values":[0.8163,-0.5719,-0.0813,0,0.5596,0.7479,0.3572,0,-0.1435,-0.3371,0.9305,0,25.4312,-0.8546,-5.2293,1]},
{"frame":28,"values":[0.8085,-0.5846,-0.0678,0,0.5553,0.7198,0.4166,0,-0.1947,-0.3745,0.9066,0,25.4312,-0.8546,-5.2293,1]},
{"frame":29,"values":[0.7692,-0.6368,-0.0533,0,0.5989,0.6893,0.4076,0,-0.2228,-0.3455,0.9116,0,25.4312,-0.8546,-5.2293,1]},
{"frame":30,"values":[0.694,-0.72,-0.0023,0,0.6865,0.6607,0.3035,0,-0.217,-0.2122,0.9528,0,25.4312,-0.8546,-5.2293,1]},
{"frame":31,"values":[0.6547,-0.7559,-0.0032,0,0.7348,0.6355,0.2369,0,-0.177,-0.1575,0.9715,0,25.4312,-0.8546,-5.2293,1]},
{"frame":32,"values":[0.6156,-0.7877,-0.024,0,0.7803,0.605,0.1588,0,-0.1106,-0.1165,0.987,0,25.4312,-0.8546,-5.2293,1]},
{"frame":33,"values":[0.5754,-0.8169,-0.0407,0,0.8167,0.5711,0.0821,0,-0.0439,-0.0805,0.9958,0,25.4312,-0.8546,-5.2293,1]},
{"frame":34,"values":[0.5452,-0.8367,-0.0525,0,0.8383,0.5447,0.0248,0,0.0079,-0.0575,0.9983,0,25.4312,-0.8545,-5.2293,1]},
