{"producer":{"name":"Blender","version":"2.90.0","exporter_version":"2.80.1","file":"option_taunt.babylon"},
"autoClear":true,"clearColor":[0.0509,0.0509,0.0509],"gravity":[0,-9.81,0],
"materials":[{"name":"Material","id":"Material","customType":"BABYLON.PBRMaterial","backFaceCulling":true,"checkReadyOnlyOnce":false,"maxSimultaneousLights":4,"environmentIntensity":1,"albedo":[0.8,0.8,0.8],"reflectivity":[0.5,0.5,0.5],"roughness":0.4,"alpha":1,"transparencyMode":0,"alphaCutOff":0.4,"metallic":0}],
"multiMaterials":[],
"skeletons":[{"name":"Armature","id":0,"dimensionsAtRest":[379.1952,391.6652,55.677],"bones":[
{"name":"mixamorig:Hips","index":0,"matrix":[0.9968,-0.0251,0.0759,0,0.0058,0.9697,0.2442,0,0.0797,0.2429,-0.9668,0,-0.2522,176.6664,2.948,1],"rest":[1,0,0,0,0,1,0,0,0,0,-1,0,0,201.6394,0,1],"parentBoneIndex":-1,"length":21.6784
,"animation":{"dataType":3,"framePerSecond":24,"keys":[
{"frame":1,"values":[0.9968,-0.0251,0.0759,0,0.0058,0.9697,0.2442,0,0.0797,0.2429,-0.9668,0,-0.2522,176.6664,2.948,1]},
{"frame":2,"values":[0.9966,-0.0275,0.0781,0,0.0075,0.9695,0.2448,0,0.0825,0.2434,-0.9664,0,-0.1219,176.3791,2.5673,1]},
{"frame":3,"values":[0.9957,-0.0326,0.0863,0,0.0103,0.9691,0.2463,0,0.0916,0.2444,-0.9653,0,0.0468,176.1502,2.0613,1]},
{"frame":4,"values":[0.9929,-0.0442,0.1107,0,0.0155,0.9687,0.2478,0,0.1182,0.2443,-0.9625,0,0.2102,176.2874,1.3206,1]},
{"frame":5,"values":[0.9852,-0.0572,0.1616,0,0.0161,0.9693,0.2453,0,0.1707,0.2391,-0.9559,0,0.5065,177.1114,0.232,1]},
{"frame":6,"values":[0.9712,-0.063,0.2299,0,0.008,0.9725,0.2329,0,0.2382,0.2243,-0.9449,0,0.8157,178.633,-1.2153,1]},
{"frame":7,"values":[0.9552,-0.059,0.2899,0,-0.0027,0.9781,0.2082,0,0.2958,0.1997,-0.9341,0,1.1706,180.7289,-2.8032,1]},
{"frame":8,"values":[0.943,-0.0413,0.3303,0,-0.0191,0.9839,0.1776,0,0.3324,0.1737,-0.927,0,1.6089,183.0636,-3.9321,1]},
{"frame":9,"values":[0.9366,-0.0168,0.3499,0,-0.0377,0.9882,0.1484,0,0.3483,0.1521,-0.9249,0,2.3764,185.5249,-3.9522,1]},
{"frame":10,"values":[0.944,0.011,0.3297,0,-0.0567,0.99,0.1293,0,0.3249,0.1407,-0.9352,0,2.9749,187.6417,-2.9053,1]},
{"frame":11,"values":[0.942,0.0379,0.3336,0,-0.0734,0.9928,0.0944,0,0.3276,0.1134,-0.938,0,2.1887,189.3281,-2.4387,1]},
{"frame":12,"values":[0.9079,0.0543,0.4156,0,-0.0835,0.9951,0.0525,0,0.4107,0.0823,-0.908,0,0.1232,189.8056,-3.7511,1]},
{"frame":13,"values":[0.8451,0.0439,0.5328,0,-0.0905,0.994,0.0616,0,0.5269,0.1003,-0.844,0,-1.3371,188.9358,-5.4101,1]},
{"frame":14,"values":[0.807,0.0175,0.5902,0,-0.0818,0.9932,0.0823,0,0.5848,0.1147,-0.803,0,-2.9909,187.8731,-7.2311,1]},
{"frame":15,"values":[0.8012,0.0134,0.5982,0,-0.0847,0.9922,0.0913,0,0.5923,0.1239,-0.7961,0,-4.0371,187.3586,-8.8881,1]},
{"frame":16,"values":[0.8242,0.0153,0.566,0,-0.0858,0.9915,0.0981,0,0.5597,0.1295,-0.8185,0,-4.2531,187.3333,-9.4945,1]},
{"frame":17,"values":[0.8676,0.0204,0.4968,0,-0.0803,0.9918,0.0995,0,0.4907,0.1262,-0.8621,0,-4.1569,187.4655,-9.3528,1]},
{"frame":18,"values":[0.903,0.0378,0.4281,0,-0.0848,0.9922,0.0912,0,0.4213,0.1186,-0.8991,0,-3.8618,187.5689,-9.2082,1]},
{"frame":19,"values":[0.9202,0.0607,0.3868,0,-0.0963,0.9926,0.0736,0,0.3794,0.105,-0.9192,0,-3.7492,187.3439,-9.4613,1]},
{"frame":20,"values":[0.9265,0.0845,0.3667,0,-0.111,0.9925,0.0515,0,0.3596,0.0884,-0.9289,0,-4.2003,186.2195,-9.6861,1]},
{"frame":21,"values":[0.9301,0.103,0.3525,0,-0.1231,0.9918,0.0352,0,0.346,0.0761,-0.9351,0,-5.3432,184.4703,-9.3502,1]},
{"frame":22,"values":[0.9314,0.1077,0.3477,0,-0.127,0.9913,0.0331,0,0.3411,0.075,-0.937,0,-6.701,182.5189,-8.8133,1]},
{"frame":23,"values":[0.9307,0.102,0.3511,0,-0.128,0.9904,0.0516,0,0.3425,0.0929,-0.9349,0,-8.4098,181.2192,-9.1348,1]},
{"frame":24,"values":[0.9224,0.0912,0.3753,0,-0.1282,0.9889,0.0747,0,0.3643,0.1171,-0.9239,0,-10.3103,181.1113,-10.9085,1]},
{"frame":25,"values":[0.8965,0.0753,0.4366,0,-0.1221,0.9893,0.0803,0,0.4258,0.1253,-0.8961,0,-11.7026,181.5767,-13.5496,1]},
{"frame":26,"values":[0.8629,0.0763,0.4996,0,-0.1252,0.99,0.0652,0,0.4896,0.1188,-0.8638,0,-12.6118,182.3479,-15.7351,1]},
{"frame":27,"values":[0.8739,0.0752,0.4803,0,-0.1139,0.9921,0.0518,0,0.4727,0.1,-0.8756,0,-13.0799,183.1887,-15.6057,1]},
{"frame":28,"values":[0.9233,0.0593,0.3796,0,-0.0821,0.9956,0.0443,0,0.3753,0.072,-0.9241,0,-12.4243,183.9981,-14.3292,1]},
{"frame":29,"values":[0.9588,0.0407,0.2811,0,-0.0533,0.9979,0.0376,0,0.279,0.051,-0.9589,0,-11.1527,184.7403,-12.8358,1]},
{"frame":30,"values":[0.9713,0.0358,0.2351,0,-0.0454,0.9983,0.0357,0,0.2335,0.0453,-0.9713,0,-9.8932,185.3052,-11.7419,1]},
{"frame":31,"values":[0.9726,0.0405,0.2291,0,-0.0513,0.9978,0.0415,0,0.2269,0.0521,-0.9725,0,-8.8822,185.6055,-10.999,1]},
{"frame":32,"values":[0.9735,0.0435,0.2247,0,-0.0567,0.997,0.0529,0,0.2217,0.0642,-0.973,0,-8.0914,185.7196,-10.3812,1]},
{"frame":33,"values":[0.9758,0.0413,0.2146,0,-0.0584,0.9956,0.0737,0,0.2106,0.0845,-0.9739,0,-7.3556,185.6824,-9.7027,1]},
{"frame":34,"values":[0.9795,0.037,0.198,0,-0.0569,0.9938,0.0959,0,0.1933,0.1052,-0.9755,0,-6.3575,185.4301,-8.9588,1]},
{"frame":35,"values":[0.9837,0.0314,0.1772,0,-0.0529,0.9916,0.1182,0,0.172,0.1256,-0.9771,0,-5.3545,184.9167,-8.0293,1]},
{"frame":36,"values":[0.9877,0.0254,0.1544,0,-0.0473,0.989,0.1399,0,0.1491,0.1455,-0.9781,0,-4.6031,184.1297,-6.8304,1]},
{"frame":37,"values":[0.9911,0.0195,0.1321,0,-0.0408,0.9862,0.1605,0,0.1271,0.1644,-0.9782,0,-3.8799,183.1126,-5.4295,1]},
{"frame":38,"values":[0.9935,0.0142,0.1126,0,-0.0344,0.9831,0.1795,0,0.1081,0.1823,-0.9773,0,-3.2476,181.9828,-3.9512,1]},
{"frame":39,"values":[0.995,0.0094,0.0997,0,-0.0288,0.9804,0.1949,0,0.0959,0.1967,-0.9757,0,-2.7803,180.8697,-2.545,1]},
{"frame":40,"values":[0.9954,0.0019,0.0957,0,-0.0217,0.9781,0.207,0,0.0932,0.2081,-0.9737,0,-2.3076,179.8943,-1.2671,1]},
{"frame":41,"values":[0.9955,-0.0032,0.0948,0,-0.0176,0.9759,0.2174,0,0.0932,0.2181,-0.9715,0,-1.9111,179.2173,-0.2349,1]},
{"frame":42,"values":[0.9957,-0.0066,0.0928,0,-0.0145,0.9741,0.2257,0,0.0918,0.226,-0.9698,0,-1.5646,178.8966,0.6253,1]},
{"frame":43,"values":[0.996,-0.0089,0.0885,0,-0.0119,0.9727,0.2317,0,0.0881,0.2319,-0.9687,0,-1.2607,178.7274,1.3792,1]},
{"frame":44,"values":[0.9964,-0.0108,0.0837,0,-0.0094,0.9716,0.2366,0,0.0838,0.2365,-0.968,0,-0.9962,178.5356,2.0052,1]},
{"frame":45,"values":[0.9967,-0.0133,0.0797,0,-0.0063,0.9707,0.2401,0,0.0805,0.2398,-0.9675,0,-0.7617,178.1358,2.5307,1]},
{"frame":46,"values":[0.9969,-0.0168,0.077,0,-0.0023,0.9703,0.2419,0,0.0788,0.2413,-0.9672,0,-0.5522,177.6039,2.893,1]},
{"frame":47,"values":[0.9969,-0.021,0.0757,0,0.002,0.97,0.2432,0,0.0786,0.2423,-0.967,0,-0.3787,176.9684,3.0358,1]},
{"frame":48,"values":[0.9968,-0.0251,0.0759,0,0.0058,0.9697,0.2442,0,0.0797,0.2429,-0.9668,0,-0.2522,176.6664,2.948,1]}],"loopBehavior":1,"name":"anim","property":"_matrix"}},
{"name":"mixamorig:Spine","index":1,"matrix":[0.9999,0.0134,0.0058,0,-0.0145,0.9395,0.3422,0,-0.0009,-0.3423,0.9396,0,0.0062,19.525,-2.4818,1],"rest":[1,0,0,0,0,1,0,0,0,0,1,0,0.0062,19.525,-2.4818,1],"parentBoneIndex":0,"length":23.0091
,"animation":{"dataType":3,"framePerSecond":24,"keys":[
{"frame":1,"values":[0.9999,0.0134,0.0058,0,-0.0145,0.9395,0.3422,0,-0.0009,-0.3423,0.9396,0,0.0062,19.525,-2.4818,1]},
{"frame":2,"values":[0.9999,0.0147,0.0059,0,-0.0158,0.9395,0.3421,0,-0.0005,-0.3421,0.9396,0,0.0062,19.525,-2.4818,1]},
{"frame":3,"values":[0.9998,0.0176,0.0063,0,-0.0187,0.9397,0.3414,0,0.0001,-0.3414,0.9399,0,0.0062,19.525,-2.4818,1]},
{"frame":4,"values":[0.9997,0.0236,0.0101,0,-0.0256,0.9402,0.3395,0,-0.0015,-0.3397,0.9405,0,0.0062,19.525,-2.4818,1]},
{"frame":5,"values":[0.9994,0.03,0.0198,0,-0.0349,0.9408,0.3371,0,-0.0085,-0.3376,0.9413,0,0.0062,19.525,-2.4818,1]},
{"frame":6,"values":[0.9989,0.034,0.0311,0,-0.0424,0.942,0.3328,0,-0.018,-0.3338,0.9425,0,0.0062,19.525,-2.4818,1]},
{"frame":7,"values":[0.9987,0.0344,0.0369,0,-0.0446,0.9437,0.3278,0,-0.0235,-0.329,0.944,0,0.0062,19.525,-2.4818,1]},
{"frame":8,"values":[0.9989,0.0322,0.0338,0,-0.0415,0.9451,0.3242,0,-0.0215,-0.3252,0.9454,0,0.0062,19.525,-2.4818,1]},
{"frame":9,"values":[0.9994,0.0292,0.0199,0,-0.0341,0.9457,0.3233,0,-0.0094,-0.3238,0.9461,0,0.0062,19.525,-2.4818,1]},
{"frame":10,"values":[0.9998,0.0182,-0.0053,0,-0.0155,0.9448,0.3272,0,0.0109,-0.3271,0.9449,0,0.0062,19.525,-2.4818,1]},
{"frame":11,"values":[0.9995,0.0065,-0.0298,0,0.0037,0.944,0.3298,0,0.0303,-0.3298,0.9436,0,0.0062,19.525,-2.4818,1]},
{"frame":12,"values":[0.9995,0.0126,-0.0296,0,-0.0022,0.9444,0.3287,0,0.0321,-0.3284,0.944,0,0.0062,19.525,-2.4818,1]},
{"frame":13,"values":[0.9997,0.0225,-0.0088,0,-0.0183,0.9432,0.3316,0,0.0157,-0.3313,0.9434,0,0.0062,19.525,-2.4818,1]},
{"frame":14,"values":[0.9996,0.0292,-0.0062,0,-0.0255,0.9429,0.3322,0,0.0155,-0.3319,0.9432,0,0.0062,19.525,-2.4818,1]},
{"frame":15,"values":[0.9995,0.0286,-0.0103,0,-0.0235,0.9426,0.333,0,0.0192,-0.3326,0.9429,0,0.0062,19.525,-2.4818,1]},
{"frame":16,"values":[0.9995,0.0273,-0.0149,0,-0.0206,0.9413,0.3368,0,0.0233,-0.3363,0.9415,0,0.0062,19.525,-2.4818,1]},
{"frame":17,"values":[0.9993,0.0267,-0.0257,0,-0.0164,0.9408,0.3385,0,0.0332,-0.3379,0.9406,0,0.0062,19.525,-2.4818,1]},
{"frame":18,"values":[0.9989,0.0272,-0.0381,0,-0.0128,0.9412,0.3377,0,0.045,-0.3368,0.9405,0,0.0062,19.525,-2.4818,1]},
{"frame":19,"values":[0.9983,0.0337,-0.0468,0,-0.016,0.9416,0.3363,0,0.0554,-0.335,0.9406,0,0.0062,19.525,-2.4818,1]},
{"frame":20,"values":[0.9978,0.041,-0.0516,0,-0.0214,0.9419,0.3352,0,0.0623,-0.3333,0.9407,0,0.0062,19.525,-2.4818,1]},
{"frame":21,"values":[0.9977,0.0449,-0.0515,0,-0.0251,0.9417,0.3354,0,0.0636,-0.3333,0.9407,0,0.0062,19.525,-2.4818,1]},
{"frame":22,"values":[0.998,0.0449,-0.0444,0,-0.0274,0.9416,0.3357,0,0.0569,-0.3338,0.9409,0,0.0062,19.525,-2.4818,1]},
{"frame":23,"values":[0.9988,0.0402,-0.0276,0,-0.0288,0.9422,0.3337,0,0.0394,-0.3325,0.9423,0,0.0062,19.525,-2.4818,1]},
{"frame":24,"values":[0.9994,0.0305,-0.0135,0,-0.0243,0.9437,0.3299,0,0.0228,-0.3294,0.9439,0,0.0062,19.525,-2.4818,1]},
{"frame":25,"values":[0.9996,0.0291,-0.0072,0,-0.0252,0.9451,0.3258,0,0.0163,-0.3255,0.9454,0,0.0062,19.525,-2.4818,1]},
{"frame":26,"values":[0.9995,0.0269,0.0162,0,-0.0307,0.9452,0.3251,0,-0.0066,-0.3255,0.9455,0,0.0062,19.525,-2.4818,1]},
{"frame":27,"values":[0.9992,0.0196,0.0341,0,-0.0296,0.9461,0.3226,0,-0.0259,-0.3234,0.9459,0,0.0062,19.525,-2.4818,1]},
{"frame":28,"values":[0.9994,0.0118,0.0324,0,-0.0218,0.9449,0.3267,0,-0.0268,-0.3272,0.9446,0,0.0062,19.525,-2.4818,1]},
{"frame":29,"values":[0.9998,0.0102,0.0188,0,-0.0158,0.9446,0.3278,0,-0.0144,-0.3281,0.9445,0,0.0062,19.525,-2.4818,1]},
{"frame":30,"values":[0.9999,0.0118,0.012,0,-0.015,0.9457,0.3246,0,-0.0075,-0.3248,0.9458,0,0.0062,19.525,-2.4818,1]},
{"frame":31,"values":[0.9999,0.013,0.0113,0,-0.0159,0.9456,0.3249,0,-0.0065,-0.325,0.9457,0,0.0062,19.525,-2.4818,1]},
{"frame":32,"values":[0.9998,0.0145,0.012,0,-0.0177,0.9459,0.3239,0,-0.0067,-0.3241,0.946,0,0.0062,19.525,-2.4818,1]},
{"frame":33,"values":[0.9998,0.0146,0.0122,0,-0.0178,0.9457,0.3245,0,-0.0068,-0.3247,0.9458,0,0.0062,19.525,-2.4818,1]},
{"frame":34,"values":[0.9998,0.0161,0.0122,0,-0.0192,0.945,0.3266,0,-0.0063,-0.3268,0.9451,0,0.0062,19.525,-2.4818,1]},
{"frame":35,"values":[0.9998,0.0173,0.0099,0,-0.0196,0.9445,0.328,0,-0.0037,-0.3281,0.9446,0,0.0062,19.525,-2.4818,1]},
{"frame":36,"values":[0.9998,0.0169,0.0071,0,-0.0183,0.9439,0.3296,0,-0.0012,-0.3297,0.9441,0,0.0062,19.525,-2.4818,1]},
{"frame":37,"values":[0.9998,0.0168,0.0055,0,-0.0177,0.9434,0.3311,0,0.0004,-0.3311,0.9436,0,0.0062,19.525,-2.4818,1]},
{"frame":38,"values":[0.9998,0.0173,0.004,0,-0.0176,0.943,0.3322,0,0.002,-0.3323,0.9432,0,0.0062,19.525,-2.4818,1]},
{"frame":39,"values":[0.9998,0.0177,0.003,0,-0.0176,0.9421,0.3347,0,0.0031,-0.3347,0.9423,0,0.0062,19.525,-2.4818,1]},
{"frame":40,"values":[0.9998,0.0179,0.0025,0,-0.0177,0.9413,0.337,0,0.0037,-0.337,0.9415,0,0.0062,19.525,-2.4818,1]},
{"frame":41,"values":[0.9998,0.0179,0.0028,0,-0.0178,0.9407,0.3389,0,0.0034,-0.3389,0.9408,0,0.0062,19.525,-2.4818,1]},
{"frame":42,"values":[0.9998,0.0174,0.0033,0,-0.0175,0.9404,0.3396,0,0.0028,-0.3396,0.9406,0,0.0062,19.525,-2.4818,1]},
{"frame":43,"values":[0.9998,0.0169,0.0038,0,-0.0172,0.9405,0.3393,0,0.0021,-0.3393,0.9407,0,0.0062,19.525,-2.4818,1]},
{"frame":44,"values":[0.9999,0.0162,0.0037,0,-0.0165,0.9404,0.3396,0,0.002,-0.3396,0.9406,0,0.0062,19.525,-2.4818,1]},
{"frame":45,"values":[0.9999,0.0157,0.0036,0,-0.016,0.9402,0.3404,0,0.0019,-0.3404,0.9403,0,0.0062,19.525,-2.4818,1]},
{"frame":46,"values":[0.9999,0.0151,0.0045,0,-0.0158,0.9399,0.3411,0,0.001,-0.3411,0.94,0,0.0062,19.525,-2.4818,1]},
{"frame":47,"values":[0.9999,0.0141,0.0051,0,-0.015,0.9397,0.3417,0,0,-0.3418,0.9398,0,0.0062,19.525,-2.4818,1]},
{"frame":48,"values":[0.9999,0.0134,0.0058,0,-0.0145,0.9395,0.3422,0,-0.0009,-0.3423,0.9396,0,0.0062,19.525,-2.4818,1]}],"loopBehavior":1,"name":"anim","property":"_matrix"}},
{"name":"mixamorig:Spine1","index":2,"matrix":[0.9999,0.0111,0.0073,0,-0.0119,0.9926,0.1212,0,-0.0059,-0.1213,0.9926,0,-0.0009,22.835,-2.8254,1],"rest":[1,0,0,0,0,1,0,0,0,0,1,0,-0.0009,22.835,-2.8254,1],"parentBoneIndex":1,"length":26.7438
,"animation":{"dataType":3,"framePerSecond":24,"keys":[
{"frame":1,"values":[0.9999,0.0111,0.0073,0,-0.0119,0.9926,0.1212,0,-0.0059,-0.1213,0.9926,0,-0.0009,22.835,-2.8254,1]},
{"frame":2,"values":[0.9999,0.0122,0.0071,0,-0.013,0.9926,0.1211,0,-0.0056,-0.1212,0.9926,0,-0.0009,22.835,-2.8254,1]},
{"frame":3,"values":[0.9999,0.0156,0.0071,0,-0.0163,0.9926,0.12,0,-0.0051,-0.1201,0.9928,0,-0.0009,22.835,-2.8254,1]},
{"frame":4,"values":[0.9997,0.023,0.0127,0,-0.0244,0.9929,0.1167,0,-0.01,-0.117,0.9931,0,-0.0009,22.835,-2.8254,1]},
{"frame":5,"values":[0.9991,0.0299,0.0289,0,-0.0329,0.9931,0.1123,0,-0.0253,-0.1131,0.9933,0,-0.0009,22.835,-2.8254,1]},
{"frame":6,"values":[0.9983,0.0321,0.0484,0,-0.037,0.9939,0.1039,0,-0.0447,-0.1055,0.9934,0,-0.0009,22.835,-2.8254,1]},
{"frame":7,"values":[0.9979,0.0289,0.0578,0,-0.0343,0.995,0.0938,0,-0.0548,-0.0956,0.9939,0,-0.0009,22.835,-2.8254,1]},
{"frame":8,"values":[0.9984,0.0229,0.0524,0,-0.0274,0.9959,0.0861,0,-0.0503,-0.0874,0.9949,0,-0.0009,22.835,-2.8254,1]},
{"frame":9,"values":[0.9995,0.0177,0.0263,0,-0.0199,0.9963,0.0837,0,-0.0248,-0.0842,0.9961,0,-0.0009,22.835,-2.8254,1]},
{"frame":10,"values":[0.9998,0.0022,-0.0216,0,-0.0003,0.9959,0.0908,0,0.0217,-0.0908,0.9956,0,-0.0009,22.835,-2.8254,1]},
{"frame":11,"values":[0.9975,-0.0178,-0.0683,0,0.0243,0.9952,0.0944,0,0.0663,-0.0959,0.9932,0,-0.0009,22.835,-2.8254,1]},
{"frame":12,"values":[0.9976,-0.0185,-0.0674,0,0.0248,0.9954,0.0929,0,0.0653,-0.0943,0.9934,0,-0.0009,22.835,-2.8254,1]},
{"frame":13,"values":[0.9995,-0.0078,-0.0317,0,0.011,0.9949,0.1005,0,0.0307,-0.1008,0.9944,0,-0.0009,22.835,-2.8254,1]},
{"frame":14,"values":[0.9995,0.0012,-0.0301,0,0.0019,0.9947,0.1025,0,0.0301,-0.1025,0.9943,0,-0.0009,22.835,-2.8254,1]},
{"frame":15,"values":[0.9992,-0.0045,-0.0389,0,0.0086,0.9945,0.1045,0,0.0382,-0.1048,0.9938,0,-0.0009,22.835,-2.8254,1]},
{"frame":16,"values":[0.9988,-0.0029,-0.0479,0,0.0083,0.9937,0.1119,0,0.0473,-0.1122,0.9926,0,-0.0009,22.835,-2.8254,1]},
{"frame":17,"values":[0.9978,0.0025,-0.0665,0,0.0051,0.9934,0.1144,0,0.0663,-0.1145,0.9912,0,-0.0009,22.835,-2.8254,1]},
{"frame":18,"values":[0.9962,0.0057,-0.0871,0,0.0041,0.9937,0.1117,0,0.0872,-0.1116,0.9899,0,-0.0009,22.835,-2.8254,1]},
{"frame":19,"values":[0.9948,0.0117,-0.1007,0,-0.0007,0.9941,0.1088,0,0.1014,-0.1082,0.989,0,-0.0009,22.835,-2.8254,1]},
{"frame":20,"values":[0.9941,0.0185,-0.1067,0,-0.007,0.9943,0.1064,0,0.1081,-0.105,0.9886,0,-0.0009,22.835,-2.8254,1]},
{"frame":21,"values":[0.9943,0.0232,-0.104,0,-0.0121,0.9943,0.1061,0,0.1059,-0.1042,0.9889,0,-0.0009,22.835,-2.8254,1]},
{"frame":22,"values":[0.996,0.0196,-0.0877,0,-0.0102,0.9943,0.1064,0,0.0893,-0.1051,0.9904,0,-0.0009,22.835,-2.8254,1]},
{"frame":23,"values":[0.9984,0.011,-0.0561,0,-0.0052,0.9947,0.1027,0,0.057,-0.1022,0.9931,0,-0.0009,22.835,-2.8254,1]},
{"frame":24,"values":[0.9995,-0.005,-0.0323,0,0.0081,0.9954,0.0957,0,0.0316,-0.0959,0.9949,0,-0.0009,22.835,-2.8254,1]},
{"frame":25,"values":[0.9997,-0.0065,-0.0237,0,0.0086,0.996,0.0887,0,0.023,-0.0889,0.9958,0,-0.0009,22.835,-2.8254,1]},
{"frame":26,"values":[0.9995,-0.0201,0.0229,0,0.018,0.9959,0.0886,0,-0.0246,-0.0882,0.9958,0,-0.0009,22.835,-2.8254,1]},
{"frame":27,"values":[0.9975,-0.0338,0.0615,0,0.0287,0.9962,0.0826,0,-0.0641,-0.0806,0.9947,0,-0.0009,22.835,-2.8254,1]},
{"frame":28,"values":[0.9979,-0.0274,0.058,0,0.0222,0.9958,0.0887,0,-0.0602,-0.0873,0.9944,0,-0.0009,22.835,-2.8254,1]},
{"frame":29,"values":[0.9993,-0.0167,0.0331,0,0.0137,0.996,0.0886,0,-0.0345,-0.0881,0.9955,0,-0.0009,22.835,-2.8254,1]},
{"frame":30,"values":[0.9997,-0.0125,0.0214,0,0.0107,0.9966,0.0819,0,-0.0224,-0.0816,0.9964,0,-0.0009,22.835,-2.8254,1]},
{"frame":31,"values":[0.9997,-0.0127,0.0197,0,0.0111,0.9965,0.083,0,-0.0206,-0.0828,0.9964,0,-0.0009,22.835,-2.8254,1]},
{"frame":32,"values":[0.9998,-0.0073,0.021,0,0.0056,0.9967,0.0813,0,-0.0215,-0.0812,0.9965,0,-0.0009,22.835,-2.8254,1]},
{"frame":33,"values":[0.9998,-0.0009,0.0211,0,-0.0009,0.9966,0.0829,0,-0.0211,-0.0829,0.9963,0,-0.0009,22.835,-2.8254,1]},
{"frame":34,"values":[0.9998,0.0033,0.0208,0,-0.0052,0.9961,0.0883,0,-0.0205,-0.0884,0.9959,0,-0.0009,22.835,-2.8254,1]},
{"frame":35,"values":[0.9998,0.007,0.0162,0,-0.0085,0.9958,0.0915,0,-0.0155,-0.0916,0.9957,0,-0.0009,22.835,-2.8254,1]},
{"frame":36,"values":[0.9999,0.0101,0.0109,0,-0.0111,0.9954,0.0952,0,-0.0099,-0.0954,0.9954,0,-0.0009,22.835,-2.8254,1]},
{"frame":37,"values":[0.9999,0.0123,0.0078,0,-0.013,0.9951,0.0985,0,-0.0065,-0.0986,0.9951,0,-0.0009,22.835,-2.8254,1]},
{"frame":38,"values":[0.9999,0.0149,0.0053,0,-0.0154,0.9948,0.1009,0,-0.0038,-0.101,0.9949,0,-0.0009,22.835,-2.8254,1]},
{"frame":39,"values":[0.9998,0.0172,0.0034,0,-0.0174,0.9942,0.1061,0,-0.0016,-0.1062,0.9943,0,-0.0009,22.835,-2.8254,1]},
{"frame":40,"values":[0.9998,0.0188,0.0023,0,-0.019,0.9937,0.1106,0,-0.0002,-0.1106,0.9939,0,-0.0009,22.835,-2.8254,1]},
{"frame":41,"values":[0.9998,0.02,0.0026,0,-0.0202,0.9932,0.1145,0,-0.0003,-0.1146,0.9934,0,-0.0009,22.835,-2.8254,1]},
{"frame":42,"values":[0.9998,0.0196,0.0033,0,-0.0198,0.993,0.1162,0,-0.001,-0.1163,0.9932,0,-0.0009,22.835,-2.8254,1]},
{"frame":43,"values":[0.9998,0.0187,0.0044,0,-0.0191,0.9931,0.1156,0,-0.0022,-0.1157,0.9933,0,-0.0009,22.835,-2.8254,1]},
{"frame":44,"values":[0.9998,0.0176,0.0042,0,-0.018,0.9931,0.116,0,-0.0021,-0.1161,0.9932,0,-0.0009,22.835,-2.8254,1]},
{"frame":45,"values":[0.9999,0.0162,0.0039,0,-0.0165,0.9929,0.1176,0,-0.002,-0.1177,0.993,0,-0.0009,22.835,-2.8254,1]},
{"frame":46,"values":[0.9999,0.0145,0.0052,0,-0.015,0.9928,0.1189,0,-0.0034,-0.1189,0.9929,0,-0.0009,22.835,-2.8254,1]},
{"frame":47,"values":[0.9999,0.0124,0.0062,0,-0.013,0.9927,0.1201,0,-0.0047,-0.1202,0.9927,0,-0.0009,22.835,-2.8254,1]},
{"frame":48,"values":[0.9999,0.0111,0.0073,0,-0.0119,0.9926,0.1212,0,-0.0059,-0.1213,0.9926,0,-0.0009,22.835,-2.8254,1]}],"loopBehavior":1,"name":"anim","property":"_matrix"}},
{"name":"mixamorig:Spine2","index":3,"matrix":[0.9999,0.011,0.0073,0,-0.0118,0.9926,0.1212,0,-0.0059,-0.1213,0.9926,0,-0.0206,26.5525,-3.1933,1],"rest":[1,0,0,0,0,1,0,0,0,0,1,0,-0.0206,26.5525,-3.1933,1],"parentBoneIndex":2,"length":24.825
,"animation":{"dataType":3,"framePerSecond":24,"keys":[
{"frame":1,"values":[0.9999,0.011,0.0073,0,-0.0118,0.9926,0.1212,0,-0.0059,-0.1213,0.9926,0,-0.0206,26.5525,-3.1933,1]},
{"frame":2,"values":[0.9999,0.0122,0.007,0,-0.0129,0.9926,0.1211,0,-0.0055,-0.1212,0.9926,0,-0.0206,26.5525,-3.1933,1]},
{"frame":3,"values":[0.9999,0.0155,0.007,0,-0.0163,0.9926,0.12,0,-0.0051,-0.1201,0.9928,0,-0.0206,26.5525,-3.1933,1]},
{"frame":4,"values":[0.9997,0.023,0.0126,0,-0.0243,0.9929,0.1168,0,-0.0099,-0.117,0.9931,0,-0.0206,26.5525,-3.1933,1]},
{"frame":5,"values":[0.9991,0.0298,0.0288,0,-0.0329,0.9931,0.1123,0,-0.0252,-0.1132,0.9933,0,-0.0206,26.5525,-3.1933,1]},
{"frame":6,"values":[0.9983,0.032,0.0483,0,-0.0369,0.9939,0.104,0,-0.0447,-0.1056,0.9934,0,-0.0206,26.5525,-3.1933,1]},
{"frame":7,"values":[0.9979,0.0287,0.0574,0,-0.034,0.995,0.094,0,-0.0544,-0.0957,0.9939,0,-0.0206,26.5525,-3.1933,1]},
{"frame":8,"values":[0.9984,0.0229,0.0523,0,-0.0274,0.9959,0.0863,0,-0.0501,-0.0876,0.9949,0,-0.0206,26.5525,-3.1933,1]},
{"frame":9,"values":[0.9995,0.0176,0.0261,0,-0.0197,0.9963,0.0838,0,-0.0245,-0.0843,0.9961,0,-0.0206,26.5525,-3.1933,1]},
{"frame":10,"values":[0.9998,0.0023,-0.022,0,-0.0003,0.9959,0.0908,0,0.0221,-0.0907,0.9956,0,-0.0206,26.5525,-3.1933,1]},
{"frame":11,"values":[0.9975,-0.0176,-0.0687,0,0.0241,0.9953,0.0941,0,0.0667,-0.0956,0.9932,0,-0.0206,26.5525,-3.1933,1]},
{"frame":12,"values":[0.9975,-0.0184,-0.0679,0,0.0246,0.9954,0.0925,0,0.0659,-0.094,0.9934,0,-0.0206,26.5525,-3.1933,1]},
{"frame":13,"values":[0.9994,-0.0078,-0.0322,0,0.0111,0.9949,0.1004,0,0.0313,-0.1007,0.9944,0,-0.0206,26.5524,-3.1933,1]},
{"frame":14,"values":[0.9995,0.0012,-0.0307,0,0.0019,0.9947,0.1024,0,0.0306,-0.1024,0.9943,0,-0.0206,26.5525,-3.1933,1]},
{"frame":15,"values":[0.9992,-0.0044,-0.0395,0,0.0085,0.9945,0.1043,0,0.0389,-0.1046,0.9938,0,-0.0206,26.5525,-3.1933,1]},
{"frame":16,"values":[0.9988,-0.0029,-0.0485,0,0.0083,0.9937,0.1117,0,0.0479,-0.1119,0.9926,0,-0.0206,26.5525,-3.1933,1]},
{"frame":17,"values":[0.9977,0.0027,-0.0671,0,0.005,0.9935,0.1141,0,0.067,-0.1142,0.9912,0,-0.0206,26.5525,-3.1933,1]},
{"frame":18,"values":[0.9961,0.0059,-0.0878,0,0.0039,0.9938,0.1112,0,0.0879,-0.1111,0.9899,0,-0.0206,26.5525,-3.1933,1]},
{"frame":19,"values":[0.9948,0.0119,-0.1015,0,-0.0009,0.9942,0.108,0,0.1022,-0.1073,0.989,0,-0.0206,26.5525,-3.1933,1]},
{"frame":20,"values":[0.994,0.0187,-0.1077,0,-0.0073,0.9944,0.1053,0,0.1091,-0.1039,0.9886,0,-0.0206,26.5525,-3.1933,1]},
{"frame":21,"values":[0.9942,0.0235,-0.1051,0,-0.0124,0.9944,0.1049,0,0.107,-0.103,0.9889,0,-0.0206,26.5525,-3.1933,1]},
{"frame":22,"values":[0.9958,0.0199,-0.0888,0,-0.0105,0.9944,0.1055,0,0.0904,-0.1041,0.9904,0,-0.0206,26.5525,-3.1933,1]},
{"frame":23,"values":[0.9983,0.0112,-0.0571,0,-0.0053,0.9948,0.1022,0,0.058,-0.1017,0.9931,0,-0.0206,26.5525,-3.1933,1]},
{"frame":24,"values":[0.9994,-0.0049,-0.0331,0,0.008,0.9954,0.0955,0,0.0324,-0.0957,0.9949,0,-0.0206,26.5525,-3.1933,1]},
{"frame":25,"values":[0.9997,-0.0064,-0.0243,0,0.0086,0.996,0.0886,0,0.0237,-0.0888,0.9958,0,-0.0206,26.5525,-3.1933,1]},
{"frame":26,"values":[0.9996,-0.0202,0.0221,0,0.0181,0.9959,0.0889,0,-0.0238,-0.0884,0.9958,0,-0.0206,26.5525,-3.1933,1]},
{"frame":27,"values":[0.9976,-0.0342,0.0608,0,0.0291,0.9961,0.0831,0,-0.0634,-0.0811,0.9947,0,-0.0206,26.5525,-3.1933,1]},
{"frame":28,"values":[0.998,-0.0278,0.0574,0,0.0226,0.9958,0.089,0,-0.0597,-0.0876,0.9944,0,-0.0206,26.5525,-3.1933,1]},
{"frame":29,"values":[0.9993,-0.017,0.0327,0,0.0141,0.996,0.0888,0,-0.0341,-0.0882,0.9955,0,-0.0206,26.5525,-3.1933,1]},
{"frame":30,"values":[0.9997,-0.0128,0.0212,0,0.011,0.9966,0.082,0,-0.0222,-0.0817,0.9964,0,-0.0206,26.5525,-3.1933,1]},
{"frame":31,"values":[0.9997,-0.0129,0.0193,0,0.0112,0.9965,0.0831,0,-0.0203,-0.0829,0.9964,0,-0.0206,26.5525,-3.1933,1]},
{"frame":32,"values":[0.9998,-0.0075,0.0207,0,0.0058,0.9967,0.0814,0,-0.0212,-0.0813,0.9965,0,-0.0206,26.5525,-3.1933,1]},
{"frame":33,"values":[0.9998,-0.0011,0.0209,0,-0.0007,0.9965,0.083,0,-0.0209,-0.083,0.9963,0,-0.0206,26.5525,-3.1933,1]},
{"frame":34,"values":[0.9998,0.0032,0.0205,0,-0.005,0.9961,0.0884,0,-0.0202,-0.0884,0.9959,0,-0.0206,26.5525,-3.1933,1]},
{"frame":35,"values":[0.9998,0.0069,0.016,0,-0.0083,0.9958,0.0916,0,-0.0153,-0.0917,0.9957,0,-0.0206,26.5525,-3.1933,1]},
{"frame":36,"values":[0.9999,0.01,0.0107,0,-0.011,0.9954,0.0953,0,-0.0097,-0.0954,0.9954,0,-0.0206,26.5525,-3.1933,1]},
{"frame":37,"values":[0.9999,0.0122,0.0076,0,-0.0129,0.995,0.0986,0,-0.0063,-0.0986,0.9951,0,-0.0206,26.5525,-3.1933,1]},
{"frame":38,"values":[0.9999,0.0149,0.0052,0,-0.0154,0.9948,0.1009,0,-0.0036,-0.101,0.9949,0,-0.0206,26.5525,-3.1933,1]},
{"frame":39,"values":[0.9998,0.0172,0.0033,0,-0.0174,0.9942,0.1061,0,-0.0014,-0.1062,0.9943,0,-0.0206,26.5525,-3.1933,1]},
{"frame":40,"values":[0.9998,0.0188,0.0022,0,-0.019,0.9937,0.1106,0,-0.0001,-0.1107,0.9939,0,-0.0206,26.5525,-3.1933,1]},
{"frame":41,"values":[0.9998,0.02,0.0025,0,-0.0202,0.9932,0.1145,0,-0.0002,-0.1146,0.9934,0,-0.0206,26.5525,-3.1933,1]},
{"frame":42,"values":[0.9998,0.0196,0.0032,0,-0.0198,0.993,0.1162,0,-0.0009,-0.1163,0.9932,0,-0.0206,26.5525,-3.1933,1]},
{"frame":43,"values":[0.9998,0.0187,0.0043,0,-0.019,0.9931,0.1156,0,-0.0021,-0.1157,0.9933,0,-0.0206,26.5525,-3.1933,1]},
{"frame":44,"values":[0.9998,0.0176,0.0041,0,-0.0179,0.9931,0.116,0,-0.002,-0.1161,0.9932,0,-0.0206,26.5525,-3.1933,1]},
{"frame":45,"values":[0.9999,0.0162,0.0039,0,-0.0165,0.9929,0.1177,0,-0.0019,-0.1177,0.993,0,-0.0206,26.5525,-3.1933,1]},
{"frame":46,"values":[0.9999,0.0145,0.0051,0,-0.015,0.9928,0.1189,0,-0.0034,-0.1189,0.9929,0,-0.0206,26.5525,-3.1933,1]},
{"frame":47,"values":[0.9999,0.0123,0.0062,0,-0.013,0.9927,0.1201,0,-0.0047,-0.1202,0.9927,0,-0.0206,26.5525,-3.1933,1]},
{"frame":48,"values":[0.9999,0.011,0.0073,0,-0.0118,0.9926,0.1212,0,-0.0059,-0.1213,0.9926,0,-0.0206,26.5525,-3.1933,1]}],"loopBehavior":1,"name":"anim","property":"_matrix"}},
{"name":"mixamorig:Neck","index":4,"matrix":[0.9997,-0.0038,0.0231,0,0.0087,0.9772,-0.212,0,-0.0218,0.2121,0.977,0,-0.06,30.7018,1.3522,1],"rest":[1,0,0,0,0,1,0,0,0,0,1,0,-0.06,30.7018,1.3522,1],"parentBoneIndex":3,"length":22.8446
,"animation":{"dataType":3,"framePerSecond":24,"keys":[
{"frame":1,"values":[0.9997,-0.0038,0.0231,0,0.0087,0.9772,-0.212,0,-0.0218,0.2121,0.977,0,-0.06,30.7018,1.3522,1]},
{"frame":2,"values":[0.9997,-0.0055,0.025,0,0.0108,0.9761,-0.2171,0,-0.0232,0.2173,0.9758,0,-0.06,30.7018,1.3522,1]},
{"frame":3,"values":[0.9996,-0.0037,0.0294,0,0.0098,0.9773,-0.2115,0,-0.028,0.2117,0.9769,0,-0.06,30.7018,1.3522,1]},
{"frame":4,"values":[0.9993,0.0015,0.0361,0,0.0057,0.9801,-0.1986,0,-0.0357,0.1987,0.9794,0,-0.06,30.7018,1.3522,1]},
{"frame":5,"values":[0.9988,0.0207,0.0438,0,-0.0119,0.9811,-0.1932,0,-0.047,0.1925,0.9802,0,-0.06,30.7018,1.3522,1]},
{"frame":6,"values":[0.9969,0.0506,0.0604,0,-0.0384,0.9815,-0.1876,0,-0.0687,0.1847,0.9804,0,-0.06,30.7018,1.3522,1]},
{"frame":7,"values":[0.9926,0.0821,0.0891,0,-0.0633,0.9786,-0.196,0,-0.1033,0.1889,0.9766,0,-0.06,30.7018,1.3522,1]},
{"frame":8,"values":[0.9865,0.0987,0.1306,0,-0.0696,0.975,-0.2109,0,-0.1482,0.199,0.9687,0,-0.06,30.7018,1.3522,1]},
{"frame":9,"values":[0.9784,0.0892,0.1863,0,-0.0442,0.9715,-0.233,0,-0.2017,0.2197,0.9545,0,-0.06,30.7018,1.3522,1]},
{"frame":10,"values":[0.9635,0.0931,0.2509,0,-0.0213,0.9612,-0.2749,0,-0.2668,0.2595,0.9282,0,-0.06,30.7018,1.3522,1]},
{"frame":11,"values":[0.9461,0.1327,0.2953,0,-0.0187,0.933,-0.3594,0,-0.3232,0.3345,0.8852,0,-0.06,30.7019,1.3522,1]},
{"frame":12,"values":[0.9346,0.1635,0.3159,0,-0.022,0.913,-0.4074,0,-0.355,0.3738,0.8569,0,-0.06,30.7018,1.3522,1]},
{"frame":13,"values":[0.9172,0.2147,0.3357,0,-0.0709,0.9169,-0.3927,0,-0.3921,0.3364,0.8562,0,-0.06,30.7018,1.3522,1]},
{"frame":14,"values":[0.9063,0.2222,0.3596,0,-0.0851,0.9292,-0.3597,0,-0.414,0.2953,0.861,0,-0.06,30.7018,1.3522,1]},
{"frame":15,"values":[0.8822,0.2859,0.374,0,-0.144,0.9203,-0.3638,0,-0.4482,0.2671,0.8531,0,-0.06,30.7018,1.3522,1]},
{"frame":16,"values":[0.8661,0.3288,0.3765,0,-0.1832,0.9096,-0.3729,0,-0.4651,0.254,0.848,0,-0.06,30.7018,1.3522,1]},
{"frame":17,"values":[0.8547,0.3677,0.3664,0,-0.2224,0.8972,-0.3815,0,-0.469,0.2446,0.8486,0,-0.06,30.7018,1.3522,1]},
{"frame":18,"values":[0.8413,0.4072,0.3556,0,-0.2624,0.8827,-0.3899,0,-0.4726,0.2347,0.8494,0,-0.06,30.7018,1.3522,1]},
{"frame":19,"values":[0.8221,0.4477,0.3516,0,-0.2971,0.8643,-0.4058,0,-0.4856,0.2292,0.8436,0,-0.06,30.7018,1.3522,1]},
{"frame":20,"values":[0.8111,0.4658,0.3537,0,-0.3153,0.8576,-0.4063,0,-0.4926,0.2181,0.8425,0,-0.06,30.7018,1.3522,1]},
{"frame":21,"values":[0.8214,0.4479,0.3531,0,-0.3107,0.8705,-0.3816,0,-0.4783,0.2037,0.8542,0,-0.06,30.7018,1.3522,1]},
{"frame":22,"values":[0.8461,0.415,0.3343,0,-0.3048,0.8914,-0.3353,0,-0.4372,0.1818,0.8808,0,-0.06,30.7018,1.3522,1]},
{"frame":23,"values":[0.9186,0.2677,0.2908,0,-0.1874,0.9427,-0.2759,0,-0.3481,0.199,0.9161,0,-0.06,30.7018,1.3522,1]},
{"frame":24,"values":[0.9727,0.0521,0.226,0,0.0099,0.9643,-0.2648,0,-0.2318,0.2598,0.9374,0,-0.06,30.7018,1.3522,1]},
{"frame":25,"values":[0.9728,-0.1506,0.176,0,0.1965,0.9391,-0.282,0,-0.1228,0.3089,0.9431,0,-0.06,30.7018,1.3522,1]},
{"frame":26,"values":[0.9827,-0.128,0.1336,0,0.1623,0.9428,-0.2911,0,-0.0887,0.3078,0.9473,0,-0.06,30.7018,1.3522,1]},
{"frame":27,"values":[0.995,0.0057,0.0997,0,0.0221,0.9609,-0.2761,0,-0.0974,0.2769,0.9559,0,-0.06,30.7018,1.3522,1]},
{"frame":28,"values":[0.9975,0.0269,0.0655,0,-0.01,0.9693,-0.2455,0,-0.0701,0.2442,0.9672,0,-0.06,30.7018,1.3522,1]},
{"frame":29,"values":[0.9987,-0.0138,0.0497,0,0.0253,0.9706,-0.2395,0,-0.0449,0.2405,0.9696,0,-0.06,30.7018,1.3522,1]},
{"frame":30,"values":[0.9985,-0.0243,0.0485,0,0.0343,0.9758,-0.2159,0,-0.0421,0.2173,0.9752,0,-0.06,30.7018,1.3522,1]},
{"frame":31,"values":[0.9984,0.0078,0.0568,0,0.0049,0.9755,-0.2199,0,-0.0572,0.2198,0.9739,0,-0.06,30.7018,1.3522,1]},
{"frame":32,"values":[0.9984,0.0044,0.0567,0,0.0081,0.9761,-0.217,0,-0.0563,0.2171,0.9745,0,-0.06,30.7018,1.3522,1]},
{"frame":33,"values":[0.9986,-0.0078,0.0525,0,0.0184,0.9788,-0.2042,0,-0.0497,0.2049,0.9775,0,-0.06,30.7018,1.3522,1]},
{"frame":34,"values":[0.9988,-0.0127,0.0475,0,0.0207,0.9847,-0.1729,0,-0.0446,0.1736,0.9838,0,-0.06,30.7018,1.3522,1]},
{"frame":35,"values":[0.999,-0.0054,0.0437,0,0.0116,0.9897,-0.143,0,-0.0425,0.1434,0.9888,0,-0.06,30.7018,1.3522,1]},
{"frame":36,"values":[0.9993,-0.0085,0.0363,0,0.0127,0.9931,-0.1164,0,-0.035,0.1168,0.9925,0,-0.06,30.7018,1.3522,1]},
{"frame":37,"values":[0.9996,-0.0084,0.0263,0,0.0109,0.9954,-0.0957,0,-0.0253,0.0959,0.9951,0,-0.06,30.7018,1.3522,1]},
{"frame":38,"values":[0.9997,-0.016,0.0185,0,0.0176,0.9958,-0.0897,0,-0.017,0.09,0.9958,0,-0.06,30.7018,1.3522,1]},
{"frame":39,"values":[0.9996,-0.0226,0.0164,0,0.024,0.9953,-0.0934,0,-0.0142,0.0938,0.9955,0,-0.06,30.7018,1.3522,1]},
{"frame":40,"values":[0.9997,-0.0145,0.0187,0,0.0163,0.9948,-0.1009,0,-0.0172,0.1012,0.9947,0,-0.06,30.7018,1.3522,1]},
{"frame":41,"values":[0.9997,-0.0078,0.0214,0,0.01,0.9943,-0.1061,0,-0.0204,0.1062,0.9941,0,-0.06,30.7019,1.3522,1]},
{"frame":42,"values":[0.9997,-0.0049,0.0222,0,0.0075,0.9931,-0.1173,0,-0.0215,0.1175,0.9928,0,-0.06,30.7018,1.3522,1]},
{"frame":43,"values":[0.9997,-0.01,0.0227,0,0.013,0.9909,-0.1336,0,-0.0211,0.1339,0.9908,0,-0.06,30.7018,1.3522,1]},
{"frame":44,"values":[0.9996,-0.0171,0.0245,0,0.0207,0.9874,-0.1569,0,-0.0215,0.1574,0.9873,0,-0.06,30.7018,1.3522,1]},
{"frame":45,"values":[0.9995,-0.0175,0.0254,0,0.0217,0.9843,-0.1754,0,-0.0219,0.1759,0.9842,0,-0.06,30.7019,1.3522,1]},
{"frame":46,"values":[0.9996,-0.014,0.0252,0,0.0185,0.9815,-0.1907,0,-0.0221,0.1911,0.9813,0,-0.06,30.7018,1.3522,1]},
{"frame":47,"values":[0.9997,-0.0087,0.0245,0,0.0135,0.9788,-0.2043,0,-0.0222,0.2046,0.9786,0,-0.06,30.7018,1.3522,1]},
{"frame":48,"values":[0.9997,-0.0039,0.0231,0,0.0087,0.9772,-0.212,0,-0.0217,0.2121,0.977,0,-0.06,30.7018,1.3522,1]}],"loopBehavior":1,"name":"anim","property":"_matrix"}},
{"name":"mixamorig:Head","index":5,"matrix":[0.9995,0.0085,0.0294,0,0,0.9607,-0.2776,0,-0.0306,0.2775,0.9602,0,-0.0872,22.5476,3.6709,1],"rest":[1,0,0,0,0,1,0,0,0,0,1,0,-0.0872,22.5476,3.6709,1],"parentBoneIndex":4,"length":30.5923
,"animation":{"dataType":3,"framePerSecond":24,"keys":[
{"frame":1,"values":[0.9995,0.0085,0.0294,0,0,0.9607,-0.2776,0,-0.0306,0.2775,0.9602,0,-0.0872,22.5476,3.6709,1]},
{"frame":2,"values":[0.9995,0.0049,0.0313,0,0.0038,0.9621,-0.2728,0,-0.0314,0.2727,0.9616,0,-0.0872,22.5476,3.6709,1]},
{"frame":3,"values":[0.9994,-0.0065,0.035,0,0.0161,0.9594,-0.2816,0,-0.0318,0.282,0.9589,0,-0.0872,22.5476,3.6709,1]},
{"frame":4,"values":[0.999,-0.0192,0.0408,0,0.0304,0.9542,-0.2976,0,-0.0332,0.2985,0.9538,0,-0.0872,22.5476,3.6709,1]},
{"frame":5,"values":[0.9983,-0.0375,0.0456,0,0.0498,0.9499,-0.3087,0,-0.0318,0.3104,0.9501,0,-0.0872,22.5476,3.6709,1]},
{"frame":6,"values":[0.9968,-0.0557,0.0577,0,0.0711,0.9462,-0.3155,0,-0.0371,0.3186,0.9472,0,-0.0872,22.5476,3.6709,1]},
{"frame":7,"values":[0.9942,-0.0696,0.0816,0,0.0919,0.9453,-0.3129,0,-0.0554,0.3186,0.9463,0,-0.0872,22.5476,3.6709,1]},
{"frame":8,"values":[0.9905,-0.0666,0.1201,0,0.1018,0.9432,-0.3163,0,-0.0923,0.3255,0.941,0,-0.0872,22.5476,3.6709,1]},
{"frame":9,"values":[0.9835,-0.0399,0.1763,0,0.0939,0.9462,-0.3097,0,-0.1545,0.3212,0.9343,0,-0.0872,22.5476,3.6709,1]},
{"frame":10,"values":[0.9695,-0.0247,0.2439,0,0.0869,0.9649,-0.2477,0,-0.2292,0.2614,0.9376,0,-0.0872,22.5476,3.6709,1]},
{"frame":11,"values":[0.9551,-0.0431,0.2933,0,0.099,0.979,-0.1783,0,-0.2794,0.1994,0.9392,0,-0.0872,22.5476,3.6709,1]},
{"frame":12,"values":[0.9469,-0.0531,0.317,0,0.1121,0.9789,-0.1708,0,-0.3012,0.1973,0.9329,0,-0.0872,22.5476,3.6709,1]},
{"frame":13,"values":[0.9412,-0.0481,0.3345,0,0.1182,0.9741,-0.1925,0,-0.3166,0.2207,0.9225,0,-0.0872,22.5476,3.6709,1]},
{"frame":14,"values":[0.9354,-0.0151,0.3533,0,0.1033,0.9672,-0.2321,0,-0.3382,0.2536,0.9063,0,-0.0872,22.5476,3.6709,1]},
{"frame":15,"values":[0.9302,-0.024,0.3662,0,0.1198,0.963,-0.2414,0,-0.3468,0.2684,0.8987,0,-0.0872,22.5476,3.6709,1]},
{"frame":16,"values":[0.9289,-0.041,0.3682,0,0.1383,0.9604,-0.2418,0,-0.3437,0.2755,0.8978,0,-0.0872,22.5476,3.6709,1]},
{"frame":17,"values":[0.9315,-0.0689,0.3572,0,0.1682,0.9523,-0.2547,0,-0.3226,0.2973,0.8986,0,-0.0872,22.5476,3.6709,1]},
{"frame":18,"values":[0.9334,-0.0953,0.3459,0,0.1979,0.941,-0.2747,0,-0.2993,0.3248,0.8972,0,-0.0872,22.5476,3.6709,1]},
{"frame":19,"values":[0.9304,-0.1244,0.3448,0,0.2332,0.9266,-0.295,0,-0.2828,0.3549,0.8911,0,-0.0872,22.5476,3.6709,1]},
{"frame":20,"values":[0.9279,-0.1383,0.3462,0,0.2548,0.9131,-0.3182,0,-0.2721,0.3835,0.8825,0,-0.0872,22.5476,3.6709,1]},
{"frame":21,"values":[0.9319,-0.1324,0.3377,0,0.2535,0.9036,-0.3453,0,-0.2595,0.4074,0.8756,0,-0.0872,22.5476,3.6709,1]},
{"frame":22,"values":[0.9435,-0.1257,0.3067,0,0.2414,0.8947,-0.3758,0,-0.2271,0.4286,0.8745,0,-0.0872,22.5476,3.6709,1]},
{"frame":23,"values":[0.9629,-0.0676,0.2611,0,0.1644,0.9144,-0.3698,0,-0.2138,0.399,0.8917,0,-0.0872,22.5476,3.6709,1]},
{"frame":24,"values":[0.9766,0.0304,0.2127,0,0.0475,0.9349,-0.3516,0,-0.2096,0.3535,0.9117,0,-0.0872,22.5477,3.6709,1]},
{"frame":25,"values":[0.9787,0.0999,0.1793,0,-0.0267,0.9282,-0.3711,0,-0.2035,0.3584,0.9111,0,-0.0872,22.5476,3.6709,1]},
{"frame":26,"values":[0.9896,0.057,0.1321,0,0.0038,0.9074,-0.4202,0,-0.1438,0.4164,0.8978,0,-0.0872,22.5477,3.6709,1]},
{"frame":27,"values":[0.9957,0.0051,0.0928,0,0.0336,0.9112,-0.4106,0,-0.0866,0.412,0.9071,0,-0.0872,22.5476,3.6709,1]},
{"frame":28,"values":[0.9981,-0.0184,0.0591,0,0.0418,0.9045,-0.4245,0,-0.0456,0.4261,0.9035,0,-0.0872,22.5476,3.6709,1]},
{"frame":29,"values":[0.9989,-0.0053,0.0474,0,0.0259,0.8948,-0.4456,0,-0.0401,0.4464,0.894,0,-0.0872,22.5476,3.6709,1]},
{"frame":30,"values":[0.9989,0.003,0.0476,0,0.0187,0.8937,-0.4482,0,-0.0439,0.4486,0.8927,0,-0.0872,22.5476,3.6709,1]},
{"frame":31,"values":[0.9987,-0.0019,0.0518,0,0.0244,0.8994,-0.4364,0,-0.0457,0.4371,0.8982,0,-0.0872,22.5476,3.6709,1]},
{"frame":32,"values":[0.9986,-0.0001,0.0526,0,0.0226,0.9043,-0.4262,0,-0.0475,0.4268,0.9031,0,-0.0872,22.5476,3.6709,1]},
{"frame":33,"values":[0.9987,0.0076,0.0502,0,0.0143,0.9064,-0.4221,0,-0.0487,0.4223,0.9052,0,-0.0872,22.5476,3.6709,1]},
{"frame":34,"values":[0.9988,0.011,0.0468,0,0.01,0.905,-0.4252,0,-0.047,0.4252,0.9039,0,-0.0872,22.5476,3.6709,1]},
{"frame":35,"values":[0.999,-0.0002,0.0442,0,0.0189,0.9061,-0.4226,0,-0.04,0.4231,0.9052,0,-0.0872,22.5476,3.6709,1]},
{"frame":36,"values":[0.9992,-0.0021,0.0389,0,0.0183,0.9066,-0.4215,0,-0.0344,0.4219,0.906,0,-0.0872,22.5476,3.6709,1]},
{"frame":37,"values":[0.9995,-0.009,0.0315,0,0.0212,0.9108,-0.4122,0,-0.025,0.4127,0.9105,0,-0.0872,22.5476,3.6709,1]},
{"frame":38,"values":[0.9996,-0.0053,0.0261,0,0.0154,0.9156,-0.4018,0,-0.0217,0.402,0.9154,0,-0.0872,22.5476,3.6709,1]},
{"frame":39,"values":[0.9997,-0.0048,0.0257,0,0.0146,0.9188,-0.3945,0,-0.0218,0.3947,0.9185,0,-0.0872,22.5476,3.6709,1]},
{"frame":40,"values":[0.9996,-0.008,0.0267,0,0.0177,0.9232,-0.384,0,-0.0215,0.3843,0.923,0,-0.0872,22.5476,3.6709,1]},
{"frame":41,"values":[0.9996,-0.0067,0.0277,0,0.0167,0.9256,-0.3781,0,-0.0231,0.3784,0.9253,0,-0.0872,22.5476,3.6709,1]},
{"frame":42,"values":[0.9996,-0.0045,0.0282,0,0.0144,0.9328,-0.3602,0,-0.0246,0.3604,0.9325,0,-0.0872,22.5476,3.6709,1]},
{"frame":43,"values":[0.9996,0.0025,0.0296,0,0.0076,0.941,-0.3382,0,-0.0287,0.3383,0.9406,0,-0.0872,22.5476,3.6709,1]},
{"frame":44,"values":[0.9994,0.0089,0.0325,0,0.0018,0.9487,-0.3161,0,-0.0337,0.316,0.9482,0,-0.0872,22.5476,3.6709,1]},
{"frame":45,"values":[0.9994,0.0091,0.0335,0,0.0015,0.953,-0.303,0,-0.0347,0.3029,0.9524,0,-0.0872,22.5476,3.6709,1]},
{"frame":46,"values":[0.9994,0.0094,0.0328,0,0.0007,0.9558,-0.294,0,-0.0341,0.2939,0.9552,0,-0.0872,22.5476,3.6709,1]},
{"frame":47,"values":[0.9995,0.0096,0.0312,0,-0.0003,0.9589,-0.2839,0,-0.0327,0.2837,0.9583,0,-0.0872,22.5476,3.6709,1]},
{"frame":48,"values":[0.9995,0.0085,0.0294,0,0,0.9607,-0.2776,0,-0.0306,0.2775,0.9602,0,-0.0872,22.5476,3.6709,1]}],"loopBehavior":1,"name":"anim","property":"_matrix"}},
{"name":"mixamorig:HeadTop_End","index":6,"matrix":[1,0,0,0,0,1,0,0,0,0,1,0,-0.8306,40.3552,7.8935,1],"rest":[1,0,0,0,0,1,0,0,0,0,1,0,-0.8306,40.3552,7.8935,1],"parentBoneIndex":5,"length":30.5923
,"animation":{"dataType":3,"framePerSecond":24,"keys":[
{"frame":1,"values":[1,0,0,0,0,1,0,0,0,0,1,0,-0.8306,40.3552,7.8935,1]},
{"frame":3,"values":[1,0,0,0,0,1,0,0,0,0,1,0,-0.8306,40.3553,7.8935,1]},
{"frame":4,"values":[1,0,0,0,0,1,0,0,0,0,1,0,-0.8306,40.3552,7.8935,1]},
{"frame":5,"values":[1,0,0,0,0,1,0,0,0,0,1,0,-0.8306,40.3553,7.8935,1]},
{"frame":6,"values":[1,0,0,0,0,1,0,0,0,0,1,0,-0.8306,40.3552,7.8935,1]},
{"frame":9,"values":[1,0,0,0,0,1,0,0,0,0,1,0,-0.8306,40.3553,7.8935,1]},
{"frame":10,"values":[1,0,0,0,0,1,0,0,0,0,1,0,-0.8306,40.3552,7.8935,1]},
{"frame":14,"values":[1,0,0,0,0,1,0,0,0,0,1,0,-0.8306,40.3553,7.8935,1]},
{"frame":15,"values":[1,0,0,0,0,1,0,0,0,0,1,0,-0.8306,40.3552,7.8935,1]},
{"frame":24,"values":[1,0,0,0,0,1,0,0,0,0,1,0,-0.8306,40.3553,7.8935,1]},
{"frame":25,"values":[1,0,0,0,0,1,0,0,0,0,1,0,-0.8306,40.3552,7.8935,1]},
{"frame":27,"values":[1,0,0,0,0,1,0,0,0,0,1,0,-0.8306,40.3553,7.8935,1]},
{"frame":28,"values":[1,0,0,0,0,1,0,0,0,0,1,0,-0.8306,40.3552,7.8935,1]},
{"frame":44,"values":[1,0,0,0,0,1,0,0,0,0,1,0,-0.8306,40.3553,7.8935,1]},
{"frame":45,"values":[1,0,0,0,0,1,0,0,0,0,1,0,-0.8306,40.3552,7.8935,1]},
{"frame":48,"values":[1,0,0,0,0,1,0,0,0,0,1,0,-0.8306,40.3552,7.8935,1]}],"loopBehavior":1,"name":"anim","property":"_matrix"}},
{"name":"mixamorig:RightEye","index":7,"matrix":[1,0,0,0,0,1,0,0,0,0,1,0,-6.3021,18.1186,16.1971,1],"rest":[1,0,0,0,0,1,0,0,0,0,1,0,-6.3021,18.1186,16.1971,1],"parentBoneIndex":5,"length":30.5923
,"animation":{"dataType":3,"framePerSecond":24,"keys":[
{"frame":1,"values":[1,0,0,0,0,1,0,0,0,0,1,0,-6.3021,18.1186,16.1971,1]},
{"frame":5,"values":[1,0,0,0,0,1,0,0,0,0,1,0,-6.3021,18.1187,16.1971,1]},
{"frame":6,"values":[1,0,0,0,0,1,0,0,0,0,1,0,-6.3021,18.1186,16.1971,1]},
{"frame":9,"values":[1,0,0,0,0,1,0,0,0,0,1,0,-6.3021,18.1187,16.1971,1]},
{"frame":10,"values":[1,0,0,0,0,1,0,0,0,0,1,0,-6.3021,18.1186,16.1971,1]},
{"frame":24,"values":[1,0,0,0,0,1,0,0,0,0,1,0,-6.3021,18.1187,16.1971,1]},
