{"producer":{"name":"Blender","version":"2.90.0","exporter_version":"6.4.4","file":"die_riffle.babylon"},
"autoClear":true,"clearColor":[0.0509,0.0509,0.0509],"gravity":[0,-9.81,0],
"materials":[{"name":"Material","id":"Material","customType":"BABYLON.PBRMaterial","backFaceCulling":true,"checkReadyOnlyOnce":false,"maxSimultaneousLights":4,"environmentIntensity":1,"albedo":[0.8,0.8,0.8],"reflectivity":[0.5,0.5,0.5],"roughness":0.4,"alpha":1,"transparencyMode":0,"alphaCutOff":0.4,"metallic":0}],
"multiMaterials":[],
"skeletons":[{"name":"Armature","id":0,"dimensionsAtRest":[180.6981,191.5439,26.6006],"bones":[
{"name":"mixamorig:Hips","index":0,"matrix":[0.6086,0.0453,-0.7922,0,0.0683,0.9917,0.1092,0,-0.7905,0.1206,-0.6004,0,-1.7174,97.5501,-1.0634,1],"rest":[1,0,0,0,0,1,0,0,0,0,-1,0,0,103.9915,0,1],"parentBoneIndex":-1,"length":10.5593
,"animation":{"dataType":3,"framePerSecond":24,"keys":[
{"frame":1,"values":[0.5752,0.0365,-0.8172,0,0.0681,0.9934,0.0923,0,-0.8152,0.1088,-0.5689,0,-1.1944,97.667,-0.5721,1]},
{"frame":2,"values":[0.6086,0.0453,-0.7922,0,0.0683,0.9917,0.1092,0,-0.7905,0.1206,-0.6004,0,-1.7174,97.5501,-1.0634,1]},
{"frame":3,"values":[0.6691,0.0568,-0.741,0,0.0722,0.9874,0.1409,0,-0.7396,0.1478,-0.6566,0,-4.54,97.3057,-2.7629,1]},
{"frame":4,"values":[0.7392,0.0749,-0.6694,0,0.0858,0.9752,0.2039,0,-0.668,0.2082,-0.7144,0,-8.594,97.0514,-5.5487,1]},
{"frame":5,"values":[0.7647,0.0951,-0.6373,0,0.0998,0.9596,0.263,0,-0.6366,0.2648,-0.7243,0,-12.0509,96.7621,-8.4593,1]},
{"frame":6,"values":[0.7463,0.1099,-0.6564,0,0.0861,0.962,0.259,0,-0.66,0.2499,-0.7085,0,-13.9945,96.3118,-10.9754,1]},
{"frame":7,"values":[0.7278,0.137,-0.672,0,0.0591,0.9637,0.2604,0,-0.6833,0.2292,-0.6932,0,-15.0095,96.015,-12.664,1]},
{"frame":8,"values":[0.7556,0.1242,-0.6431,0,0.0663,0.9623,0.2638,0,-0.6516,0.242,-0.7189,0,-15.0775,95.9687,-13.5103,1]},
{"frame":9,"values":[0.7886,0.1175,-0.6035,0,0.0654,0.96,0.2724,0,-0.6114,0.2543,-0.7494,0,-14.7409,96.1663,-14.7989,1]},
{"frame":10,"values":[0.803,0.1091,-0.5859,0,0.062,0.9625,0.2641,0,-0.5927,0.2484,-0.7661,0,-14.5005,96.6044,-16.3863,1]},
{"frame":11,"values":[0.8067,0.0979,-0.5829,0,0.0602,0.9674,0.2458,0,-0.5879,0.2334,-0.7745,0,-14.144,97.2313,-18.2263,1]},
{"frame":12,"values":[0.8011,0.0952,-0.5909,0,0.0547,0.9715,0.2306,0,-0.5961,0.217,-0.773,0,-13.6082,97.9862,-20.1886,1]},
{"frame":13,"values":[0.7895,0.0872,-0.6076,0,0.0556,0.9756,0.2123,0,-0.6113,0.2014,-0.7654,0,-13.1367,98.8052,-22.2778,1]},
{"frame":14,"values":[0.7677,0.0851,-0.6351,0,0.0565,0.9783,0.1993,0,-0.6383,0.1889,-0.7462,0,-12.7471,99.6133,-24.3759,1]},
{"frame":15,"values":[0.7422,0.0877,-0.6644,0,0.057,0.9796,0.1929,0,-0.6678,0.1811,-0.722,0,-12.4672,100.3304,-26.4383,1]},
{"frame":16,"values":[0.7312,0.0803,-0.6774,0,0.0712,0.9787,0.1928,0,-0.6784,0.1892,-0.7099,0,-12.2122,100.8831,-28.4605,1]},
{"frame":17,"values":[0.7233,0.0709,-0.6869,0,0.0865,0.9776,0.192,0,-0.6851,0.1983,-0.701,0,-12.0128,101.1447,-30.3918,1]},
{"frame":18,"values":[0.713,0.0683,-0.6978,0,0.0981,0.9757,0.1957,0,-0.6943,0.208,-0.689,0,-11.8919,100.9991,-32.1224,1]},
{"frame":19,"values":[0.7037,0.0616,-0.7078,0,0.1146,0.9734,0.1986,0,-0.7012,0.2209,-0.6779,0,-11.7324,100.5863,-33.7301,1]},
{"frame":20,"values":[0.6944,0.0522,-0.7177,0,0.1336,0.9707,0.1998,0,-0.7071,0.2346,-0.6671,0,-11.49,100.0904,-35.4503,1]},
{"frame":21,"values":[0.6842,0.0401,-0.7282,0,0.1511,0.969,0.1954,0,-0.7135,0.2437,-0.657,0,-11.238,99.5349,-37.1889,1]},
{"frame":22,"values":[0.6752,0.022,-0.7373,0,0.1675,0.9689,0.1824,0,-0.7183,0.2466,-0.6505,0,-10.9294,98.9545,-38.8575,1]},
{"frame":23,"values":[0.6666,-0.0083,-0.7453,0,0.1906,0.9686,0.1597,0,-0.7206,0.2485,-0.6473,0,-10.3412,98.1617,-40.4771,1]},
{"frame":24,"values":[0.6509,-0.0451,-0.7578,0,0.2252,0.9648,0.136,0,-0.725,0.2592,-0.6382,0,-9.5421,97.1685,-42.1483,1]},
{"frame":25,"values":[0.622,-0.0834,-0.7786,0,0.2576,0.9607,0.1029,0,-0.7395,0.2646,-0.619,0,-8.8048,96.134,-44.1624,1]},
{"frame":26,"values":[0.5865,-0.1196,-0.8011,0,0.2855,0.9561,0.0663,0,-0.758,0.2676,-0.5949,0,-8.0654,94.2037,-46.5906,1]},
{"frame":27,"values":[0.5416,-0.1545,-0.8263,0,0.314,0.949,0.0284,0,-0.7798,0.2748,-0.5625,0,-7.341,92.0424,-49.4318,1]},
{"frame":28,"values":[0.4927,-0.1961,-0.8478,0,0.3405,0.9401,-0.0196,0,-0.8008,0.279,-0.53,0,-6.509,89.5329,-52.5916,1]},
{"frame":29,"values":[0.4499,-0.2401,-0.8602,0,0.3657,0.9283,-0.0678,0,-0.8148,0.284,-0.5054,0,-5.6067,86.5687,-56.2101,1]},
{"frame":30,"values":[0.4068,-0.288,-0.8669,0,0.3948,0.9112,-0.1175,0,-0.8238,0.2944,-0.4844,0,-4.6224,83.1576,-60.1537,1]},
{"frame":31,"values":[0.3686,-0.3379,-0.866,0,0.4178,0.8924,-0.1703,0,-0.8304,0.299,-0.4701,0,-3.3394,78.9968,-64.275,1]},
{"frame":32,"values":[0.333,-0.3879,-0.8595,0,0.4376,0.871,-0.2235,0,-0.8353,0.3016,-0.4597,0,-1.9223,73.97,-68.6587,1]},
{"frame":33,"values":[0.3111,-0.4453,-0.8396,0,0.4549,0.8454,-0.2798,0,-0.8344,0.2949,-0.4656,0,-0.3171,67.9043,-73.41,1]},
{"frame":34,"values":[0.2956,-0.5066,-0.8099,0,0.4647,0.817,-0.3414,0,-0.8347,0.2754,-0.4769,0,1.4692,60.3637,-78.0192,1]},
{"frame":35,"values":[0.2726,-0.5693,-0.7756,0,0.4803,0.779,-0.4031,0,-0.8337,0.2626,-0.4858,0,3.4336,52.022,-82.8649,1]},
{"frame":36,"values":[0.2335,-0.6282,-0.7422,0,0.4885,0.7358,-0.4691,0,-0.8408,0.2531,-0.4786,0,6.3648,42.8299,-87.5809,1]},
{"frame":37,"values":[0.1775,-0.6944,-0.6973,0,0.469,0.6826,-0.5604,0,-0.8652,0.2275,-0.4469,0,10.4408,32.3237,-91.6803,1]},
{"frame":38,"values":[-0.0212,-0.786,-0.6179,0,0.4719,0.537,-0.6993,0,-0.8814,0.3064,-0.3595,0,14.8518,23.0049,-95.4865,1]},
{"frame":39,"values":[-0.2507,-0.8662,-0.4322,0,0.5356,0.2478,-0.8073,0,-0.8064,0.4339,-0.4018,0,18.6936,18.3052,-98.7929,1]},
{"frame":40,"values":[-0.3804,-0.8791,-0.2871,0,0.5047,0.0628,-0.861,0,-0.775,0.4725,-0.4198,0,20.6255,17.2112,-102.3132,1]},
{"frame":41,"values":[-0.4429,-0.8614,-0.2485,0,0.4788,0.0071,-0.8779,0,-0.758,0.5078,-0.4093,0,23.0238,18.3003,-106.0016,1]},
{"frame":42,"values":[-0.4649,-0.8576,-0.2198,0,0.4998,-0.0493,-0.8647,0,-0.7308,0.5119,-0.4516,0,26.603,20.1555,-109.4642,1]},
{"frame":43,"values":[-0.4571,-0.8761,-0.1532,0,0.492,-0.1056,-0.8642,0,-0.7409,0.4704,-0.4793,0,29.479,21.451,-112.6321,1]},
{"frame":44,"values":[-0.4482,-0.8898,-0.0858,0,0.4513,-0.1424,-0.8809,0,-0.7716,0.4336,-0.4654,0,31.8473,22.1801,-115.3505,1]},
{"frame":45,"values":[-0.4495,-0.8922,-0.0448,0,0.4103,-0.1616,-0.8975,0,-0.7935,0.4218,-0.4387,0,33.8591,22.607,-117.3949,1]},
{"frame":46,"values":[-0.4501,-0.8929,-0.013,0,0.4026,-0.1899,-0.8954,0,-0.7971,0.4083,-0.445,0,35.3787,22.4259,-118.7662,1]},
{"frame":47,"values":[-0.4563,-0.8898,0.0013,0,0.4061,-0.2095,-0.8895,0,-0.7918,0.4053,-0.4569,0,36.2513,21.8409,-119.6868,1]},
{"frame":48,"values":[-0.4604,-0.8877,0.0049,0,0.4187,-0.222,-0.8806,0,-0.7828,0.4034,-0.4739,0,36.3715,21.1616,-120.1389,1]},
{"frame":49,"values":[-0.452,-0.892,0.0048,0,0.443,-0.2291,-0.8667,0,-0.7743,0.3896,-0.4987,0,35.9541,20.6511,-119.9664,1]},
{"frame":50,"values":[-0.4345,-0.9007,0.005,0,0.4745,-0.2336,-0.8487,0,-0.7656,0.3664,-0.5288,0,35.3196,20.4509,-119.3569,1]},
{"frame":51,"values":[-0.4067,-0.9136,-0.0003,0,0.5108,-0.2271,-0.8291,0,-0.7574,0.3373,-0.5591,0,34.5983,20.977,-118.7204,1]},
{"frame":52,"values":[-0.376,-0.9266,0.0003,0,0.5423,-0.2203,-0.8107,0,-0.7513,0.3047,-0.5854,0,33.847,21.4407,-118.2329,1]},
{"frame":53,"values":[-0.3426,-0.9395,0.0046,0,0.5706,-0.2119,-0.7934,0,-0.7464,0.2692,-0.6087,0,32.8798,21.6775,-117.9433,1]},
{"frame":54,"values":[-0.3063,-0.9519,0.0083,0,0.599,-0.1995,-0.7755,0,-0.7398,0.2326,-0.6313,0,31.7386,22.0846,-117.6822,1]},
{"frame":55,"values":[-0.2701,-0.9628,0.0119,0,0.626,-0.185,-0.7576,0,-0.7316,0.1972,-0.6526,0,30.5266,22.6553,-117.3802,1]},
{"frame":56,"values":[-0.2227,-0.9748,0.0139,0,0.6435,-0.1577,-0.749,0,-0.7323,0.1579,-0.6624,0,29.1378,23.1688,-117.2155,1]},
{"frame":57,"values":[-0.1583,-0.9873,0.0128,0,0.6483,-0.1137,-0.7528,0,-0.7447,0.1109,-0.6581,0,27.5797,23.5407,-117.2236,1]},
{"frame":58,"values":[-0.0831,-0.9965,0.0035,0,0.6386,-0.056,-0.7675,0,-0.765,0.0615,-0.6411,0,26.1375,23.6816,-117.2907,1]},
{"frame":59,"values":[-0.0096,-0.9997,-0.0228,0,0.6247,0.0118,-0.7808,0,-0.7808,0.0217,-0.6244,0,25.1034,23.7704,-117.2804,1]},
{"frame":60,"values":[0.0364,-0.9985,-0.0397,0,0.6098,0.0536,-0.7908,0,-0.7918,-0.0045,-0.6108,0,24.4521,23.9626,-117.0413,1]},
{"frame":61,"values":[0.07,-0.9954,-0.0661,0,0.5959,0.0949,-0.7975,0,-0.8,-0.0165,-0.5997,0,24.1283,24.0033,-116.7194,1]},
{"frame":62,"values":[0.0534,-0.9955,-0.0778,0,0.5846,0.0944,-0.8058,0,-0.8095,0.0025,-0.587,0,24.1208,23.4954,-116.443,1]},
{"frame":63,"values":[0.0025,-0.9969,-0.0783,0,0.5814,0.0651,-0.811,0,-0.8136,0.0434,-0.5798,0,24.3413,23.1876,-115.7514,1]},
{"frame":64,"values":[-0.0547,-0.9958,-0.0738,0,0.5803,0.0285,-0.8139,0,-0.8126,0.0874,-0.5763,0,24.7563,23.0455,-115.4636,1]},
{"frame":65,"values":[-0.0957,-0.9926,-0.0745,0,0.5838,0.0046,-0.8119,0,-0.8062,0.1211,-0.5791,0,25.0809,22.7852,-115.2964,1]},
{"frame":66,"values":[-0.1125,-0.9902,-0.0823,0,0.5942,-0.0006,-0.8043,0,-0.7964,0.1394,-0.5885,0,25.3793,22.5607,-115.1942,1]},
{"frame":67,"values":[-0.1238,-0.9884,-0.0876,0,0.599,-0.004,-0.8008,0,-0.7911,0.1516,-0.5925,0,25.6412,22.4386,-115.2037,1]},
{"frame":68,"values":[-0.13,-0.9874,-0.0903,0,0.5994,-0.0057,-0.8004,0,-0.7898,0.1581,-0.5926,0,26.0317,22.5073,-115.3468,1]},
{"frame":69,"values":[-0.133,-0.9868,-0.0929,0,0.5983,-0.0052,-0.8012,0,-0.7901,0.1621,-0.5911,0,25.959,22.4562,-115.3476,1]},
{"frame":70,"values":[-0.1353,-0.9861,-0.0961,0,0.5971,-0.0037,-0.8022,0,-0.7907,0.1659,-0.5893,0,25.625,22.3163,-115.1533,1]},
{"frame":71,"values":[-0.1375,-0.9855,-0.099,0,0.5951,-0.0023,-0.8036,0,-0.7918,0.1694,-0.5868,0,25.5566,22.329,-115.0622,1]},
{"frame":72,"values":[-0.1339,-0.9862,-0.0974,0,0.5932,-0.0011,-0.805,0,-0.7938,0.1656,-0.5852,0,25.4703,22.3642,-115.0589,1]}],"loopBehavior":1,"name":"anim","property":"_matrix"}},
{"name":"mixamorig:Spine","index":1,"matrix":[0.9999,0.0041,-0.0094,0,-0.0033,0.9969,0.0786,0,0.0097,-0.0785,0.9969,0,0,10.1816,0.1315,1],"rest":[1,0,0,0,0,1,0,0,0,0,1,0,0,10.1816,0.1315,1],"parentBoneIndex":0,"length":10.133
,"animation":{"dataType":3,"framePerSecond":24,"keys":[
{"frame":1,"values":[0.9999,0.0073,-0.0082,0,-0.0065,0.9957,0.0919,0,0.0088,-0.0919,0.9957,0,0,10.1816,0.1315,1]},
{"frame":2,"values":[0.9999,0.0041,-0.0094,0,-0.0033,0.9969,0.0786,0,0.0097,-0.0785,0.9969,0,0,10.1816,0.1315,1]},
{"frame":3,"values":[0.9999,-0.0014,-0.0122,0,0.002,0.9988,0.0484,0,0.0121,-0.0484,0.9988,0,0,10.1816,0.1315,1]},
{"frame":4,"values":[0.9999,-0.0013,-0.0171,0,0.0014,1,0.0048,0,0.0171,-0.0048,0.9998,0,0,10.1816,0.1315,1]},
{"frame":5,"values":[0.9995,0.0095,-0.0306,0,-0.0109,0.9989,-0.0457,0,0.0301,0.046,0.9985,0,0,10.1816,0.1315,1]},
{"frame":6,"values":[0.9973,0.0409,-0.0611,0,-0.0463,0.9949,-0.0895,0,0.0571,0.0921,0.9941,0,0,10.1816,0.1315,1]},
{"frame":7,"values":[0.9953,0.049,-0.084,0,-0.0587,0.9915,-0.1163,0,0.0776,0.1206,0.9897,0,0,10.1816,0.1315,1]},
{"frame":8,"values":[0.9947,0.0581,-0.0849,0,-0.0676,0.9912,-0.1136,0,0.0776,0.1187,0.9899,0,0,10.1816,0.1315,1]},
{"frame":9,"values":[0.9948,0.0575,-0.0835,0,-0.066,0.9924,-0.1035,0,0.077,0.1084,0.9911,0,0,10.1816,0.1315,1]},
{"frame":10,"values":[0.995,0.0509,-0.0858,0,-0.0603,0.9921,-0.1101,0,0.0795,0.1147,0.9902,0,0,10.1816,0.1315,1]},
{"frame":11,"values":[0.9952,0.0497,-0.0838,0,-0.059,0.992,-0.1115,0,0.0775,0.1159,0.9902,0,0,10.1816,0.1315,1]},
{"frame":12,"values":[0.9954,0.0504,-0.0816,0,-0.0586,0.9932,-0.1004,0,0.076,0.1047,0.9916,0,0,10.1816,0.1315,1]},
{"frame":13,"values":[0.9951,0.0572,-0.0806,0,-0.0641,0.9943,-0.0854,0,0.0752,0.0902,0.9931,0,0,10.1816,0.1315,1]},
{"frame":14,"values":[0.9946,0.064,-0.0813,0,-0.0699,0.9949,-0.0723,0,0.0763,0.0776,0.9941,0,0,10.1816,0.1315,1]},
{"frame":15,"values":[0.9942,0.0691,-0.082,0,-0.0741,0.9954,-0.06,0,0.0775,0.0658,0.9948,0,0,10.1816,0.1315,1]},
{"frame":16,"values":[0.9939,0.0779,-0.0783,0,-0.0819,0.9954,-0.0497,0,0.074,0.0558,0.9957,0,0,10.1816,0.1315,1]},
{"frame":17,"values":[0.9933,0.0872,-0.0752,0,-0.0908,0.9948,-0.0457,0,0.0709,0.0523,0.9961,0,0,10.1816,0.1315,1]},
{"frame":18,"values":[0.9929,0.0938,-0.0733,0,-0.0976,0.994,-0.0503,0,0.0682,0.0571,0.996,0,0,10.1816,0.1315,1]},
{"frame":19,"values":[0.9924,0.1005,-0.0717,0,-0.1043,0.9931,-0.0528,0,0.0659,0.0599,0.996,0,0,10.1816,0.1315,1]},
{"frame":20,"values":[0.9918,0.1072,-0.0701,0,-0.1111,0.9924,-0.053,0,0.0639,0.0603,0.9961,0,0,10.1816,0.1315,1]},
{"frame":21,"values":[0.9911,0.1138,-0.0684,0,-0.1174,0.9917,-0.0525,0,0.0619,0.06,0.9963,0,0,10.1816,0.1315,1]},
{"frame":22,"values":[0.9904,0.1212,-0.0667,0,-0.1247,0.9909,-0.0512,0,0.0598,0.059,0.9965,0,0,10.1816,0.1315,1]},
{"frame":23,"values":[0.9891,0.1326,-0.0636,0,-0.1352,0.9901,-0.0382,0,0.0579,0.0464,0.9972,0,0,10.1816,0.1315,1]},
{"frame":24,"values":[0.9873,0.1473,-0.0588,0,-0.1481,0.9889,-0.0092,0,0.0568,0.0178,0.9982,0,0,10.1816,0.1315,1]},
{"frame":25,"values":[0.9857,0.1599,-0.0536,0,-0.1594,0.9871,0.0139,0,0.0551,-0.0052,0.9985,0,0,10.1816,0.1315,1]},
{"frame":26,"values":[0.9845,0.1685,-0.0487,0,-0.1672,0.9855,0.0298,0,0.053,-0.0212,0.9984,0,0,10.1816,0.1315,1]},
{"frame":27,"values":[0.9835,0.1757,-0.0435,0,-0.1739,0.9839,0.0423,0,0.0502,-0.034,0.9982,0,0,10.1816,0.1315,1]},
{"frame":28,"values":[0.9824,0.1833,-0.0371,0,-0.1814,0.9821,0.0498,0,0.0456,-0.0422,0.9981,0,0,10.1816,0.1315,1]},
{"frame":29,"values":[0.9811,0.1914,-0.03,0,-0.1895,0.9802,0.0565,0,0.0402,-0.0498,0.998,0,0,10.1816,0.1315,1]},
{"frame":30,"values":[0.9798,0.1986,-0.0226,0,-0.1968,0.9784,0.0627,0,0.0345,-0.057,0.9978,0,0,10.1816,0.1315,1]},
{"frame":31,"values":[0.9789,0.2039,-0.0162,0,-0.2024,0.9769,0.0689,0,0.0299,-0.0641,0.9975,0,0,10.1816,0.1315,1]},
{"frame":32,"values":[0.9784,0.2065,-0.0115,0,-0.2051,0.9759,0.0751,0,0.0267,-0.0711,0.9971,0,0,10.1816,0.1315,1]},
{"frame":33,"values":[0.9781,0.2078,-0.009,0,-0.2063,0.9745,0.0879,0,0.0271,-0.0841,0.9961,0,0,10.1816,0.1315,1]},
{"frame":34,"values":[0.9782,0.2075,-0.0104,0,-0.2052,0.9727,0.1084,0,0.0326,-0.1039,0.9941,0,0,10.1816,0.1315,1]},
{"frame":35,"values":[0.9792,0.2019,-0.017,0,-0.198,0.9712,0.1327,0,0.0433,-0.1266,0.991,0,0,10.1816,0.1315,1]},
{"frame":36,"values":[0.9823,0.1849,-0.0291,0,-0.1777,0.9701,0.1654,0,0.0588,-0.1573,0.9858,0,0,10.1816,0.1315,1]},
{"frame":37,"values":[0.9841,0.1729,-0.041,0,-0.1606,0.964,0.2119,0,0.0762,-0.2019,0.9764,0,0,10.1816,0.1315,1]},
{"frame":38,"values":[0.9819,0.175,-0.0723,0,-0.149,0.9499,0.2748,0,0.1168,-0.259,0.9588,0,0,10.1816,0.1315,1]},
{"frame":39,"values":[0.9858,0.1408,-0.0913,0,-0.102,0.9347,0.3404,0,0.1332,-0.3263,0.9358,0,0,10.1816,0.1315,1]},
{"frame":40,"values":[0.9861,0.133,-0.0993,0,-0.0969,0.9469,0.3065,0,0.1348,-0.2927,0.9467,0,0,10.1816,0.1315,1]},
{"frame":41,"values":[0.9871,0.1252,-0.0998,0,-0.0918,0.9533,0.2879,0,0.1312,-0.275,0.9525,0,0,10.1816,0.1315,1]},
{"frame":42,"values":[0.9908,0.0856,-0.1045,0,-0.0478,0.9457,0.3215,0,0.1264,-0.3136,0.9411,0,0,10.1816,0.1315,1]},
{"frame":43,"values":[0.9922,0.0789,-0.0968,0,-0.0417,0.94,0.3387,0,0.1177,-0.332,0.9359,0,0,10.1816,0.1315,1]},
{"frame":44,"values":[0.9924,0.0939,-0.0797,0,-0.0623,0.9407,0.3336,0,0.1063,-0.3261,0.9394,0,0,10.1816,0.1315,1]},
{"frame":45,"values":[0.9933,0.0953,-0.0648,0,-0.0703,0.9464,0.3153,0,0.0914,-0.3086,0.9468,0,0,10.1816,0.1315,1]},
{"frame":46,"values":[0.993,0.1081,-0.0476,0,-0.0874,0.9438,0.3189,0,0.0794,-0.3125,0.9466,0,0,10.1816,0.1315,1]},
{"frame":47,"values":[0.9926,0.1167,-0.0321,0,-0.1003,0.9416,0.3215,0,0.0677,-0.3159,0.9464,0,0,10.1816,0.1315,1]},
{"frame":48,"values":[0.992,0.1246,-0.0189,0,-0.1122,0.9419,0.3166,0,0.0572,-0.312,0.9484,0,0,10.1816,0.1315,1]},
{"frame":49,"values":[0.9914,0.1307,-0.0094,0,-0.1213,0.9426,0.3111,0,0.0495,-0.3072,0.9503,0,0,10.1816,0.1315,1]},
{"frame":50,"values":[0.9916,0.1296,-0.0034,0,-0.1222,0.9432,0.309,0,0.0433,-0.306,0.9511,0,0,10.1816,0.1315,1]},
{"frame":51,"values":[0.9935,0.1136,0.0009,0,-0.1082,0.944,0.3117,0,0.0346,-0.3098,0.9502,0,0,10.1816,0.1315,1]},
{"frame":52,"values":[0.995,0.0999,0.0026,0,-0.0957,0.9452,0.3122,0,0.0288,-0.3109,0.95,0,0,10.1816,0.1315,1]},
{"frame":53,"values":[0.9958,0.091,0.0047,0,-0.0879,0.9462,0.3113,0,0.0239,-0.3104,0.9503,0,0,10.1816,0.1315,1]},
{"frame":54,"values":[0.997,0.077,0.005,0,-0.0747,0.946,0.3156,0,0.0195,-0.315,0.9489,0,0,10.1816,0.1315,1]},
{"frame":55,"values":[0.9983,0.0579,0.0047,0,-0.0563,0.9451,0.322,0,0.0142,-0.3218,0.9467,0,0,10.1816,0.1315,1]},
{"frame":56,"values":[0.9994,0.0349,0.0042,0,-0.0344,0.9473,0.3184,0,0.0072,-0.3183,0.948,0,0,10.1816,0.1315,1]},
{"frame":57,"values":[1,0.0079,0.0046,0,-0.0089,0.9537,0.3006,0,-0.002,-0.3006,0.9537,0,0,10.1816,0.1315,1]},
{"frame":58,"values":[0.9996,-0.026,0.0062,0,0.0233,0.9613,0.2744,0,-0.0131,-0.2741,0.9616,0,0,10.1816,0.1315,1]},
{"frame":59,"values":[0.9976,-0.0685,0.0042,0,0.0653,0.9658,0.2511,0,-0.0212,-0.2502,0.968,0,0,10.1816,0.1315,1]},
{"frame":60,"values":[0.9958,-0.0911,0.0007,0,0.0884,0.9678,0.2356,0,-0.0221,-0.2345,0.9719,0,0,10.1816,0.1315,1]},
{"frame":61,"values":[0.9929,-0.119,-0.0054,0,0.117,0.9653,0.2334,0,-0.0225,-0.2324,0.9724,0,0,10.1816,0.1315,1]},
{"frame":62,"values":[0.9938,-0.1107,-0.0139,0,0.1108,0.9655,0.2355,0,-0.0127,-0.2356,0.9718,0,0,10.1816,0.1315,1]},
{"frame":63,"values":[0.9952,-0.0957,-0.0226,0,0.0983,0.9651,0.2429,0,-0.0015,-0.2439,0.9698,0,0,10.1816,0.1315,1]},
{"frame":64,"values":[0.9963,-0.0798,-0.0309,0,0.085,0.9653,0.2468,0,0.0102,-0.2485,0.9686,0,0,10.1816,0.1315,1]},
{"frame":65,"values":[0.9973,-0.0646,-0.0357,0,0.0716,0.9647,0.2534,0,0.0181,-0.2553,0.9667,0,0,10.1816,0.1315,1]},
{"frame":66,"values":[0.9974,-0.0614,-0.0364,0,0.0689,0.9615,0.2661,0,0.0187,-0.268,0.9633,0,0,10.1816,0.1315,1]},
{"frame":67,"values":[0.9976,-0.0589,-0.0354,0,0.0662,0.9609,0.2688,0,0.0182,-0.2705,0.9626,0,0,10.1816,0.1315,1]},
{"frame":68,"values":[0.9977,-0.0591,-0.0341,0,0.0661,0.9613,0.2674,0,0.017,-0.269,0.963,0,0,10.1816,0.1315,1]},
{"frame":69,"values":[0.9978,-0.0577,-0.0333,0,0.0644,0.963,0.2616,0,0.017,-0.2632,0.9646,0,0,10.1816,0.1315,1]},
{"frame":70,"values":[0.998,-0.0545,-0.0332,0,0.0612,0.9651,0.2548,0,0.0181,-0.2563,0.9664,0,0,10.1816,0.1315,1]},
{"frame":71,"values":[0.9979,-0.0551,-0.033,0,0.0616,0.9661,0.2507,0,0.0181,-0.2522,0.9675,0,0,10.1816,0.1315,1]},
{"frame":72,"values":[0.998,-0.0543,-0.0326,0,0.0607,0.9672,0.2466,0,0.0182,-0.2481,0.9686,0,0,10.1816,0.1315,1]}],"loopBehavior":1,"name":"anim","property":"_matrix"}},
{"name":"mixamorig:Spine1","index":2,"matrix":[0.9998,0.0101,-0.0197,0,-0.0085,0.9967,0.0806,0,0.0204,-0.0804,0.9966,0,0,10.0835,-1.0008,1],"rest":[1,0,0,0,0,1,0,0,0,0,1,0,0,10.0835,-1.0008,1],"parentBoneIndex":1,"length":9.203
,"animation":{"dataType":3,"framePerSecond":24,"keys":[
{"frame":1,"values":[0.9998,0.0069,-0.019,0,-0.0052,0.9963,0.0854,0,0.0196,-0.0853,0.9962,0,0,10.0835,-1.0008,1]},
{"frame":2,"values":[0.9998,0.0101,-0.0197,0,-0.0085,0.9967,0.0806,0,0.0204,-0.0804,0.9966,0,0,10.0835,-1.0008,1]},
{"frame":3,"values":[0.9996,0.0176,-0.0224,0,-0.016,0.9975,0.0694,0,0.0236,-0.069,0.9973,0,0,10.0835,-1.0008,1]},
{"frame":4,"values":[0.9991,0.0301,-0.029,0,-0.0286,0.9982,0.0524,0,0.0305,-0.0515,0.9982,0,0,10.0835,-1.0008,1]},
{"frame":5,"values":[0.9979,0.0485,-0.0427,0,-0.0472,0.9984,0.0317,0,0.0441,-0.0296,0.9986,0,0,10.0835,-1.0008,1]},
{"frame":6,"values":[0.9951,0.0676,-0.0716,0,-0.067,0.9977,0.011,0,0.0721,-0.0061,0.9974,0,0,10.0835,-1.0008,1]},
{"frame":7,"values":[0.9926,0.0737,-0.0962,0,-0.0747,0.9972,-0.0069,0,0.0954,0.014,0.9953,0,0,10.0835,-1.0008,1]},
{"frame":8,"values":[0.9923,0.0716,-0.101,0,-0.0741,0.997,-0.0208,0,0.0992,0.0281,0.9947,0,0,10.0835,-1.0008,1]},
{"frame":9,"values":[0.9925,0.0646,-0.1041,0,-0.068,0.9972,-0.0298,0,0.1019,0.0366,0.9941,0,0,10.0835,-1.0008,1]},
{"frame":10,"values":[0.9924,0.0549,-0.1103,0,-0.0587,0.9978,-0.0315,0,0.1084,0.0377,0.9934,0,0,10.0835,-1.0008,1]},
{"frame":11,"values":[0.9926,0.0508,-0.1098,0,-0.0545,0.9981,-0.0302,0,0.1081,0.036,0.9935,0,0,10.0835,-1.0008,1]},
{"frame":12,"values":[0.9928,0.0525,-0.1078,0,-0.0552,0.9982,-0.0225,0,0.1064,0.0283,0.9939,0,0,10.0835,-1.0008,1]},
{"frame":13,"values":[0.9928,0.0548,-0.1063,0,-0.0565,0.9983,-0.0128,0,0.1054,0.0187,0.9942,0,0,10.0835,-1.0008,1]},
{"frame":14,"values":[0.9927,0.0551,-0.1074,0,-0.0559,0.9984,-0.004,0,0.107,0.01,0.9942,0,0,10.0835,-1.0008,1]},
{"frame":15,"values":[0.9925,0.0569,-0.108,0,-0.0567,0.9984,0.0047,0,0.1081,0.0014,0.9941,0,0,10.0835,-1.0008,1]},
{"frame":16,"values":[0.9928,0.0602,-0.1038,0,-0.0591,0.9982,0.0129,0,0.1043,-0.0067,0.9945,0,0,10.0835,-1.0008,1]},
{"frame":17,"values":[0.9929,0.0636,-0.1006,0,-0.0621,0.9979,0.0182,0,0.1016,-0.0118,0.9948,0,0,10.0835,-1.0008,1]},
{"frame":18,"values":[0.993,0.0668,-0.0973,0,-0.0652,0.9977,0.0197,0,0.0983,-0.0132,0.9951,0,0,10.0835,-1.0008,1]},
{"frame":19,"values":[0.993,0.0705,-0.0943,0,-0.0685,0.9973,0.0249,0,0.0958,-0.0182,0.9952,0,0,10.0835,-1.0008,1]},
{"frame":20,"values":[0.9929,0.0751,-0.0919,0,-0.0722,0.9968,0.0341,0,0.0941,-0.0272,0.9952,0,0,10.0835,-1.0008,1]},
{"frame":21,"values":[0.9928,0.08,-0.0893,0,-0.0766,0.9962,0.0416,0,0.0923,-0.0344,0.9951,0,0,10.0835,-1.0008,1]},
{"frame":22,"values":[0.9925,0.0864,-0.0866,0,-0.0822,0.9953,0.0509,0,0.0906,-0.0434,0.9949,0,0,10.0835,-1.0008,1]},
{"frame":23,"values":[0.9919,0.0952,-0.0839,0,-0.0902,0.994,0.0613,0,0.0892,-0.0532,0.9946,0,0,10.0835,-1.0008,1]},
{"frame":24,"values":[0.9911,0.1063,-0.0806,0,-0.0998,0.9917,0.0809,0,0.0886,-0.0721,0.9935,0,0,10.0835,-1.0008,1]},
{"frame":25,"values":[0.9903,0.1163,-0.0755,0,-0.1085,0.9889,0.1012,0,0.0864,-0.092,0.992,0,0,10.0835,-1.0008,1]},
{"frame":26,"values":[0.9897,0.1247,-0.07,0,-0.1163,0.9867,0.1135,0,0.0832,-0.1042,0.9911,0,0,10.0835,-1.0008,1]},
{"frame":27,"values":[0.9892,0.1324,-0.0636,0,-0.1238,0.9846,0.1236,0,0.079,-0.1144,0.9903,0,0,10.0835,-1.0008,1]},
{"frame":28,"values":[0.9887,0.1391,-0.0565,0,-0.1311,0.9832,0.1268,0,0.0731,-0.118,0.9903,0,0,10.0835,-1.0008,1]},
{"frame":29,"values":[0.9882,0.1452,-0.0488,0,-0.1379,0.9818,0.1306,0,0.0669,-0.1223,0.9902,0,0,10.0835,-1.0008,1]},
{"frame":30,"values":[0.9878,0.1505,-0.0405,0,-0.1439,0.9804,0.1345,0,0.06,-0.1271,0.9901,0,0,10.0835,-1.0008,1]},
{"frame":31,"values":[0.9874,0.1548,-0.0326,0,-0.1489,0.9792,0.1379,0,0.0533,-0.1313,0.9899,0,0,10.0835,-1.0008,1]},
{"frame":32,"values":[0.9872,0.1572,-0.0255,0,-0.1522,0.9784,0.1401,0,0.047,-0.1345,0.9898,0,0,10.0835,-1.0008,1]},
{"frame":33,"values":[0.9874,0.1565,-0.0218,0,-0.1519,0.9783,0.1406,0,0.0433,-0.1355,0.9898,0,0,10.0835,-1.0008,1]},
{"frame":34,"values":[0.9881,0.1519,-0.0226,0,-0.1473,0.9792,0.1395,0,0.0433,-0.1345,0.99,0,0,10.0835,-1.0008,1]},
{"frame":35,"values":[0.9884,0.1498,-0.0258,0,-0.145,0.98,0.1365,0,0.0457,-0.1312,0.9903,0,0,10.0835,-1.0008,1]},
{"frame":36,"values":[0.9866,0.1598,-0.0319,0,-0.1544,0.9794,0.1305,0,0.0521,-0.1238,0.9909,0,0,10.0835,-1.0008,1]},
{"frame":37,"values":[0.9864,0.1586,-0.0424,0,-0.1521,0.98,0.128,0,0.0619,-0.1198,0.9909,0,0,10.0835,-1.0008,1]},
{"frame":38,"values":[0.9809,0.1811,-0.0708,0,-0.1679,0.9725,0.1614,0,0.0981,-0.1465,0.9843,0,0,10.0835,-1.0008,1]},
{"frame":39,"values":[0.971,0.2318,-0.058,0,-0.2139,0.9514,0.2216,0,0.1065,-0.2028,0.9734,0,0,10.0835,-1.0008,1]},
{"frame":40,"values":[0.9761,0.2006,-0.0834,0,-0.1814,0.9638,0.1953,0,0.1195,-0.1755,0.9772,0,0,10.0835,-1.0008,1]},
{"frame":41,"values":[0.9889,0.0643,-0.1341,0,-0.0475,0.9911,0.1246,0,0.1409,-0.1168,0.9831,0,0,10.0835,-1.0008,1]},
{"frame":42,"values":[0.9878,0.0086,-0.1557,0,0.0123,0.9911,0.1323,0,0.1555,-0.1326,0.9789,0,0,10.0835,-1.0008,1]},
{"frame":43,"values":[0.9878,-0.0102,-0.1554,0,0.0321,0.9898,0.139,0,0.1524,-0.1423,0.978,0,0,10.0835,-1.0008,1]},
{"frame":44,"values":[0.9892,-0.0326,-0.1428,0,0.0511,0.9905,0.128,0,0.1372,-0.1339,0.9814,0,0,10.0835,-1.0008,1]},
{"frame":45,"values":[0.9907,-0.0486,-0.127,0,0.0636,0.9912,0.1164,0,0.1202,-0.1234,0.9851,0,0,10.0835,-1.0008,1]},
{"frame":46,"values":[0.9921,-0.0549,-0.1129,0,0.0678,0.9912,0.1137,0,0.1056,-0.1205,0.9871,0,0,10.0835,-1.0008,1]},
{"frame":47,"values":[0.9933,-0.0559,-0.1009,0,0.0675,0.9911,0.1151,0,0.0936,-0.1212,0.9882,0,0,10.0835,-1.0008,1]},
{"frame":48,"values":[0.9945,-0.054,-0.0896,0,0.0648,0.9903,0.1231,0,0.0821,-0.1282,0.9883,0,0,10.0835,-1.0008,1]},
{"frame":49,"values":[0.9957,-0.0485,-0.0791,0,0.059,0.9888,0.137,0,0.0716,-0.1411,0.9874,0,0,10.0835,-1.0008,1]},
{"frame":50,"values":[0.9968,-0.0395,-0.0695,0,0.0497,0.9871,0.152,0,0.0626,-0.1549,0.9859,0,0,10.0835,-1.0008,1]},
{"frame":51,"values":[0.9978,-0.0269,-0.0608,0,0.0368,0.9853,0.167,0,0.0554,-0.1688,0.9841,0,0,10.0835,-1.0008,1]},
{"frame":52,"values":[0.9985,-0.0127,-0.0535,0,0.0221,0.9835,0.1795,0,0.0503,-0.1804,0.9823,0,0,10.0835,-1.0008,1]},
{"frame":53,"values":[0.9989,0.0016,-0.046,0,0.0071,0.9822,0.1879,0,0.0455,-0.1881,0.9811,0,0,10.0835,-1.0008,1]},
{"frame":54,"values":[0.9991,0.0142,-0.0408,0,-0.006,0.981,0.1939,0,0.0428,-0.1935,0.9802,0,0,10.0835,-1.0008,1]},
{"frame":55,"values":[0.9991,0.0236,-0.0351,0,-0.0161,0.98,0.1985,0,0.0391,-0.1978,0.9795,0,0,10.0835,-1.0008,1]},
{"frame":56,"values":[0.9992,0.027,-0.0285,0,-0.0206,0.9791,0.2025,0,0.0333,-0.2018,0.9789,0,0,10.0835,-1.0008,1]},
{"frame":57,"values":[0.9995,0.0235,-0.0208,0,-0.0188,0.9791,0.2024,0,0.0251,-0.2019,0.9791,0,0,10.0835,-1.0008,1]},
{"frame":58,"values":[0.9998,0.014,-0.0118,0,-0.0114,0.9808,0.1948,0,0.0143,-0.1946,0.9808,0,0,10.0835,-1.0008,1]},
{"frame":59,"values":[1,0.0023,-0.0068,0,-0.001,0.9825,0.1864,0,0.0072,-0.1863,0.9825,0,0,10.0835,-1.0008,1]},
{"frame":60,"values":[1,-0.0076,-0.0065,0,0.0086,0.984,0.1781,0,0.0051,-0.1782,0.984,0,0,10.0835,-1.0008,1]},
{"frame":61,"values":[0.9998,-0.0134,-0.0122,0,0.0152,0.9853,0.1704,0,0.0097,-0.1706,0.9853,0,0,10.0835,-1.0008,1]},
{"frame":62,"values":[0.9997,-0.0123,-0.0232,0,0.016,0.986,0.1661,0,0.0208,-0.1664,0.9858,0,0,10.0835,-1.0008,1]},
{"frame":63,"values":[0.9994,-0.003,-0.0348,0,0.0088,0.9856,0.1686,0,0.0338,-0.1688,0.9851,0,0,10.0835,-1.0008,1]},
{"frame":64,"values":[0.999,0.007,-0.0451,0,0.0009,0.9849,0.1729,0,0.0456,-0.1727,0.9839,0,0,10.0835,-1.0008,1]},
{"frame":65,"values":[0.9986,0.0114,-0.0517,0,-0.002,0.9841,0.1779,0,0.0529,-0.1775,0.9827,0,0,10.0835,-1.0008,1]},
{"frame":66,"values":[0.9986,0.0113,-0.051,0,-0.0019,0.9833,0.1822,0,0.0522,-0.1819,0.9819,0,0,10.0835,-1.0008,1]},
{"frame":67,"values":[0.9988,0.0095,-0.0485,0,-0.0003,0.9825,0.1861,0,0.0495,-0.1858,0.9813,0,0,10.0835,-1.0008,1]},
{"frame":68,"values":[0.9989,0.0065,-0.0464,0,0.0024,0.982,0.1891,0,0.0468,-0.189,0.9809,0,0,10.0835,-1.0008,1]},
{"frame":69,"values":[0.999,0.0047,-0.0455,0,0.0039,0.9821,0.1881,0,0.0456,-0.1881,0.9811,0,0,10.0835,-1.0008,1]},
{"frame":70,"values":[0.9989,0.003,-0.0463,0,0.0057,0.9825,0.1859,0,0.046,-0.186,0.9815,0,0,10.0835,-1.0008,1]},
{"frame":71,"values":[0.9989,0.0012,-0.0468,0,0.0074,0.9829,0.1839,0,0.0462,-0.184,0.9818,0,0,10.0835,-1.0008,1]},
{"frame":72,"values":[0.9989,0.0004,-0.0471,0,0.0081,0.9833,0.1818,0,0.0464,-0.182,0.9822,0,0,10.0835,-1.0008,1]}],"loopBehavior":1,"name":"anim","property":"_matrix"}},
{"name":"mixamorig:Spine2","index":3,"matrix":[0.9998,0.0063,-0.0203,0,-0.0034,0.9904,0.1379,0,0.0209,-0.1378,0.9902,0,0,9.1,-1.3734,1],"rest":[1,0,0,0,0,1,0,0,0,0,1,0,0,9.1,-1.3734,1],"parentBoneIndex":2,"length":13.7198
,"animation":{"dataType":3,"framePerSecond":24,"keys":[
{"frame":1,"values":[0.9998,0.0032,-0.0178,0,-0.0006,0.9892,0.1469,0,0.0181,-0.1468,0.989,0,0,9.1,-1.3734,1]},
{"frame":2,"values":[0.9998,0.0063,-0.0203,0,-0.0034,0.9904,0.1379,0,0.0209,-0.1378,0.9902,0,0,9.1,-1.3734,1]},
{"frame":3,"values":[0.9996,0.0138,-0.0237,0,-0.0109,0.993,0.1176,0,0.0251,-0.1173,0.9928,0,0,9.1,-1.3734,1]},
{"frame":4,"values":[0.9992,0.027,-0.0288,0,-0.0244,0.9958,0.0879,0,0.031,-0.0872,0.9957,0,0,9.1,-1.3734,1]},
{"frame":5,"values":[0.9981,0.0482,-0.0387,0,-0.0461,0.9975,0.0535,0,0.0412,-0.0516,0.9978,0,0,9.1,-1.3734,1]},
{"frame":6,"values":[0.9953,0.0714,-0.0652,0,-0.0702,0.9973,0.0206,0,0.0665,-0.0159,0.9977,0,0,9.1,-1.3734,1]},
{"frame":7,"values":[0.9928,0.0792,-0.0897,0,-0.08,0.9968,-0.005,0,0.0891,0.0121,0.996,0,0,9.1,-1.3734,1]},
{"frame":8,"values":[0.9925,0.0772,-0.0952,0,-0.0793,0.9967,-0.018,0,0.0935,0.0254,0.9953,0,0,9.1,-1.3734,1]},
{"frame":9,"values":[0.9926,0.0701,-0.099,0,-0.0731,0.997,-0.0264,0,0.0968,0.0334,0.9947,0,0,9.1,-1.3734,1]},
{"frame":10,"values":[0.9925,0.0614,-0.106,0,-0.0647,0.9975,-0.0279,0,0.1041,0.0346,0.994,0,0,9.1,-1.3734,1]},
{"frame":11,"values":[0.9927,0.0573,-0.1059,0,-0.0604,0.9978,-0.0267,0,0.1041,0.0329,0.994,0,0,9.1,-1.3734,1]},
{"frame":12,"values":[0.9929,0.0583,-0.1037,0,-0.0605,0.998,-0.0189,0,0.1024,0.025,0.9944,0,0,9.1,-1.3734,1]},
{"frame":13,"values":[0.993,0.0599,-0.1022,0,-0.0612,0.9981,-0.0094,0,0.1015,0.0156,0.9947,0,0,9.1,-1.3734,1]},
{"frame":14,"values":[0.9928,0.0598,-0.1034,0,-0.0602,0.9982,-0.001,0,0.1032,0.0072,0.9946,0,0,9.1,-1.3734,1]},
{"frame":15,"values":[0.9927,0.0611,-0.1041,0,-0.0606,0.9981,0.0081,0,0.1044,-0.0017,0.9945,0,0,9.1,-1.3734,1]},
{"frame":16,"values":[0.993,0.0635,-0.0995,0,-0.0621,0.9979,0.0168,0,0.1003,-0.0105,0.9949,0,0,9.1,-1.3734,1]},
{"frame":17,"values":[0.9932,0.0664,-0.096,0,-0.0645,0.9977,0.0223,0,0.0973,-0.016,0.9951,0,0,9.1,-1.3734,1]},
{"frame":18,"values":[0.9933,0.0693,-0.0924,0,-0.0674,0.9974,0.0238,0,0.0939,-0.0174,0.9954,0,0,9.1,-1.3734,1]},
{"frame":19,"values":[0.9934,0.0727,-0.0892,0,-0.0703,0.9971,0.029,0,0.0911,-0.0226,0.9956,0,0,9.1,-1.3734,1]},
{"frame":20,"values":[0.9933,0.0766,-0.0863,0,-0.0735,0.9966,0.0384,0,0.089,-0.0318,0.9955,0,0,9.1,-1.3734,1]},
{"frame":21,"values":[0.9932,0.081,-0.0833,0,-0.0774,0.9959,0.046,0,0.0867,-0.0393,0.9955,0,0,9.1,-1.3734,1]},
{"frame":22,"values":[0.993,0.0867,-0.0799,0,-0.0824,0.9951,0.0555,0,0.0844,-0.0485,0.9953,0,0,9.1,-1.3734,1]},
{"frame":23,"values":[0.9926,0.0946,-0.0761,0,-0.0897,0.9938,0.0662,0,0.0818,-0.0588,0.9949,0,0,9.1,-1.3734,1]},
{"frame":24,"values":[0.992,0.1042,-0.0714,0,-0.0979,0.9915,0.0862,0,0.0798,-0.0785,0.9937,0,0,9.1,-1.3734,1]},
{"frame":25,"values":[0.9915,0.1124,-0.0654,0,-0.1051,0.9887,0.1067,0,0.0767,-0.0989,0.9921,0,0,9.1,-1.3734,1]},
{"frame":26,"values":[0.991,0.1197,-0.0595,0,-0.112,0.9865,0.1193,0,0.0729,-0.1116,0.9911,0,0,9.1,-1.3734,1]},
{"frame":27,"values":[0.9906,0.1265,-0.0528,0,-0.1188,0.9844,0.1296,0,0.0684,-0.1221,0.9902,0,0,9.1,-1.3734,1]},
{"frame":28,"values":[0.9901,0.1329,-0.0455,0,-0.1259,0.9831,0.1328,0,0.0624,-0.1257,0.9901,0,0,9.1,-1.3734,1]},
{"frame":29,"values":[0.9896,0.1389,-0.0377,0,-0.1326,0.9817,0.1365,0,0.056,-0.13,0.9899,0,0,9.1,-1.3734,1]},
{"frame":30,"values":[0.9891,0.144,-0.0294,0,-0.1386,0.9804,0.1401,0,0.049,-0.1345,0.9897,0,0,9.1,-1.3734,1]},
{"frame":31,"values":[0.9888,0.148,-0.0214,0,-0.1435,0.9792,0.1432,0,0.0422,-0.1385,0.9895,0,0,9.1,-1.3734,1]},
{"frame":32,"values":[0.9885,0.1504,-0.0143,0,-0.1468,0.9785,0.145,0,0.0358,-0.1412,0.9893,0,0,9.1,-1.3734,1]},
{"frame":33,"values":[0.9886,0.1502,-0.011,0,-0.147,0.9784,0.1451,0,0.0326,-0.1418,0.9894,0,0,9.1,-1.3734,1]},
{"frame":34,"values":[0.9892,0.1463,-0.0131,0,-0.1429,0.9792,0.1438,0,0.0339,-0.1404,0.9895,0,0,9.1,-1.3734,1]},
{"frame":35,"values":[0.9892,0.1454,-0.0191,0,-0.1414,0.9799,0.1407,0,0.0391,-0.1365,0.9899,0,0,9.1,-1.3734,1]},
{"frame":36,"values":[0.9874,0.156,-0.0266,0,-0.1511,0.9793,0.1346,0,0.047,-0.1289,0.9905,0,0,9.1,-1.3734,1]},
{"frame":37,"values":[0.987,0.1558,-0.0403,0,-0.1493,0.9799,0.132,0,0.06,-0.1243,0.9904,0,0,9.1,-1.3734,1]},
{"frame":38,"values":[0.9813,0.1787,-0.0708,0,-0.1653,0.9724,0.1645,0,0.0982,-0.1498,0.9838,0,0,9.1,-1.3734,1]},
{"frame":39,"values":[0.9709,0.2304,-0.0651,0,-0.211,0.9519,0.222,0,0.1131,-0.2018,0.9729,0,0,9.1,-1.3734,1]},
{"frame":40,"values":[0.976,0.2002,-0.0852,0,-0.1809,0.9643,0.1934,0,0.1209,-0.1734,0.9774,0,0,9.1,-1.3734,1]},
{"frame":41,"values":[0.9894,0.063,-0.1309,0,-0.0459,0.9905,0.1298,0,0.1378,-0.1224,0.9829,0,0,9.1,-1.3734,1]},
{"frame":42,"values":[0.9885,0.0064,-0.151,0,0.0149,0.9901,0.1396,0,0.1504,-0.1402,0.9786,0,0,9.1,-1.3734,1]},
{"frame":43,"values":[0.9888,-0.0139,-0.1489,0,0.036,0.9885,0.1471,0,0.1451,-0.1508,0.9779,0,0,9.1,-1.3734,1]},
{"frame":44,"values":[0.9899,-0.0364,-0.1367,0,0.0553,0.989,0.1373,0,0.1302,-0.1434,0.9811,0,0,9.1,-1.3734,1]},
{"frame":45,"values":[0.9913,-0.052,-0.1209,0,0.0673,0.9897,0.1263,0,0.113,-0.1334,0.9846,0,0,9.1,-1.3734,1]},
{"frame":46,"values":[0.9928,-0.0577,-0.1052,0,0.0706,0.9899,0.1233,0,0.097,-0.1298,0.9868,0,0,9.1,-1.3734,1]},
{"frame":47,"values":[0.9941,-0.0579,-0.0917,0,0.069,0.9899,0.1239,0,0.0836,-0.1295,0.988,0,0,9.1,-1.3734,1]},
{"frame":48,"values":[0.9953,-0.0551,-0.0798,0,0.0652,0.9892,0.1313,0,0.0717,-0.1359,0.9881,0,0,9.1,-1.3734,1]},
{"frame":49,"values":[0.9964,-0.0488,-0.069,0,0.0583,0.9878,0.1444,0,0.0611,-0.1479,0.9871,0,0,9.1,-1.3734,1]},
{"frame":50,"values":[0.9974,-0.0396,-0.0596,0,0.0486,0.9863,0.1576,0,0.0525,-0.1601,0.9857,0,0,9.1,-1.3734,1]},
{"frame":51,"values":[0.9982,-0.0266,-0.0528,0,0.0353,0.9846,0.171,0,0.0475,-0.1726,0.9838,0,0,9.1,-1.3734,1]},
{"frame":52,"values":[0.9988,-0.0121,-0.047,0,0.0205,0.983,0.1823,0,0.044,-0.1831,0.9821,0,0,9.1,-1.3734,1]},
{"frame":53,"values":[0.9992,0.002,-0.0405,0,0.0058,0.9818,0.1899,0,0.0401,-0.1899,0.981,0,0,9.1,-1.3734,1]},
{"frame":54,"values":[0.9993,0.0146,-0.0356,0,-0.0074,0.9807,0.1952,0,0.0378,-0.1948,0.9801,0,0,9.1,-1.3734,1]},
{"frame":55,"values":[0.9992,0.0237,-0.0307,0,-0.0171,0.9798,0.1993,0,0.0348,-0.1986,0.9795,0,0,9.1,-1.3734,1]},
{"frame":56,"values":[0.9993,0.0265,-0.0254,0,-0.0208,0.979,0.2028,0,0.0303,-0.2021,0.9789,0,0,9.1,-1.3734,1]},
{"frame":57,"values":[0.9996,0.0228,-0.0193,0,-0.0185,0.9791,0.2024,0,0.0235,-0.2019,0.9791,0,0,9.1,-1.3734,1]},
{"frame":58,"values":[0.9998,0.0125,-0.0122,0,-0.0099,0.9808,0.1946,0,0.0144,-0.1945,0.9808,0,0,9.1,-1.3734,1]},
{"frame":59,"values":[1,0.0002,-0.0088,0,0.0015,0.9825,0.1862,0,0.0087,-0.1862,0.9825,0,0,9.1,-1.3734,1]},
{"frame":60,"values":[0.9999,-0.0096,-0.0103,0,0.0112,0.984,0.1779,0,0.0084,-0.178,0.984,0,0,9.1,-1.3734,1]},
{"frame":61,"values":[0.9997,-0.0155,-0.0166,0,0.0181,0.9853,0.1699,0,0.0137,-0.1702,0.9853,0,0,9.1,-1.3734,1]},
{"frame":62,"values":[0.9995,-0.0146,-0.0276,0,0.019,0.9861,0.1651,0,0.0248,-0.1655,0.9859,0,0,9.1,-1.3734,1]},
{"frame":63,"values":[0.9993,-0.0047,-0.0382,0,0.011,0.9858,0.1676,0,0.0369,-0.1679,0.9851,0,0,9.1,-1.3734,1]},
{"frame":64,"values":[0.9989,0.0059,-0.0475,0,0.0024,0.9851,0.1719,0,0.0478,-0.1719,0.984,0,0,9.1,-1.3734,1]},
{"frame":65,"values":[0.9985,0.0097,-0.0538,0,0,0.9842,0.177,0,0.0546,-0.1768,0.9827,0,0,9.1,-1.3734,1]},
{"frame":66,"values":[0.9985,0.0087,-0.0531,0,0.0011,0.9834,0.1814,0,0.0538,-0.1812,0.982,0,0,9.1,-1.3734,1]},
{"frame":67,"values":[0.9987,0.0063,-0.051,0,0.0033,0.9827,0.1852,0,0.0512,-0.1851,0.9814,0,0,9.1,-1.3734,1]},
{"frame":68,"values":[0.9988,0.0032,-0.0491,0,0.0061,0.9821,0.1883,0,0.0488,-0.1884,0.9809,0,0,9.1,-1.3734,1]},
{"frame":69,"values":[0.9988,0.0018,-0.0485,0,0.0073,0.9823,0.1873,0,0.048,-0.1874,0.9811,0,0,9.1,-1.3734,1]},
{"frame":70,"values":[0.9988,0.0008,-0.049,0,0.0083,0.9827,0.1851,0,0.0483,-0.1853,0.9815,0,0,9.1,-1.3734,1]},
{"frame":71,"values":[0.9988,-0.0001,-0.0489,0,0.0091,0.9831,0.1831,0,0.0481,-0.1833,0.9819,0,0,9.1,-1.3734,1]},
{"frame":72,"values":[0.9988,-0.0005,-0.0489,0,0.0094,0.9834,0.181,0,0.048,-0.1812,0.9823,0,0,9.1,-1.3734,1]}],"loopBehavior":1,"name":"anim","property":"_matrix"}},
{"name":"mixamorig:Neck","index":4,"matrix":[0.9953,0.0008,-0.0972,0,0.0035,0.999,0.044,0,0.0972,-0.0441,0.9943,0,0,16.6717,-2.5162,1],"rest":[1,0,0,0,0,1,0,0,0,0,1,0,0,16.6717,-2.5162,1],"parentBoneIndex":3,"length":9.7644
,"animation":{"dataType":3,"framePerSecond":24,"keys":[
{"frame":1,"values":[0.9953,0.0011,-0.0972,0,0.0032,0.999,0.044,0,0.0971,-0.0441,0.9943,0,0,16.6717,-2.5162,1]},
{"frame":2,"values":[0.9953,0.0008,-0.0972,0,0.0035,0.999,0.044,0,0.0972,-0.0441,0.9943,0,0,16.6717,-2.5162,1]},
{"frame":3,"values":[0.9952,0.0203,-0.096,0,-0.0064,0.9897,0.1433,0,0.0979,-0.142,0.985,0,0,16.6717,-2.5162,1]},
{"frame":4,"values":[0.9947,0.0547,-0.0873,0,-0.0252,0.9509,0.3085,0,0.0999,-0.3047,0.9472,0,0,16.6717,-2.5162,1]},
{"frame":5,"values":[0.9943,0.062,-0.087,0,-0.0301,0.9441,0.3284,0,0.1025,-0.3239,0.9405,0,0,16.6717,-2.5162,1]},
{"frame":6,"values":[0.9943,0.0445,-0.097,0,-0.0212,0.9733,0.2287,0,0.1046,-0.2253,0.9687,0,0,16.6717,-2.5162,1]},
{"frame":7,"values":[0.9946,0.0068,-0.1038,0,-0.0027,0.9992,0.0401,0,0.104,-0.0396,0.9938,0,0,16.6717,-2.5162,1]},
{"frame":8,"values":[0.9951,-0.0306,-0.0936,0,0.0156,0.9876,-0.1562,0,0.0972,0.1539,0.9833,0,0,16.6717,-2.5162,1]},
{"frame":9,"values":[0.9959,-0.0447,-0.0786,0,0.023,0.9661,-0.2572,0,0.0874,0.2544,0.9632,0,0,16.6717,-2.5162,1]},
{"frame":10,"values":[0.9966,-0.0422,-0.0702,0,0.022,0.9637,-0.2662,0,0.0789,0.2638,0.9613,0,0,16.6717,-2.5162,1]},
{"frame":11,"values":[0.9968,-0.039,-0.0701,0,0.0209,0.97,-0.2421,0,0.0774,0.2399,0.9677,0,0,16.6717,-2.5162,1]},
{"frame":12,"values":[0.9966,-0.0373,-0.0737,0,0.0209,0.9771,-0.2115,0,0.0799,0.2093,0.9746,0,0,16.6717,-2.5162,1]},
{"frame":13,"values":[0.9963,-0.0357,-0.0785,0,0.0211,0.9836,-0.179,0,0.0836,0.1766,0.9807,0,0,16.6717,-2.5162,1]},
{"frame":14,"values":[0.9959,-0.0336,-0.0842,0,0.0211,0.9892,-0.1451,0,0.0881,0.1427,0.9858,0,0,16.6717,-2.5162,1]},
{"frame":15,"values":[0.9954,-0.0306,-0.0905,0,0.0205,0.9936,-0.1107,0,0.0933,0.1083,0.9897,0,0,16.6717,-2.5162,1]},
{"frame":16,"values":[0.9949,-0.0262,-0.0971,0,0.0187,0.9969,-0.0767,0,0.0988,0.0745,0.9923,0,0,16.6717,-2.5162,1]},
{"frame":17,"values":[0.9944,-0.0202,-0.1033,0,0.0157,0.9989,-0.044,0,0.1041,0.0421,0.9937,0,0,16.6717,-2.5162,1]},
{"frame":18,"values":[0.994,-0.0124,-0.1088,0,0.011,0.9998,-0.0139,0,0.1089,0.0126,0.994,0,0,16.6717,-2.5162,1]},
{"frame":19,"values":[0.9937,-0.0036,-0.1118,0,0.0048,0.9999,0.0105,0,0.1118,-0.011,0.9937,0,0,16.6717,-2.5162,1]},
{"frame":20,"values":[0.9938,0.0034,-0.1113,0,-0.001,0.9998,0.0213,0,0.1114,-0.021,0.9936,0,0,16.6717,-2.5162,1]},
{"frame":21,"values":[0.9941,0.0091,-0.1082,0,-0.0062,0.9996,0.0272,0,0.1084,-0.0264,0.9938,0,0,16.6717,-2.5162,1]},
{"frame":22,"values":[0.9946,0.0116,-0.103,0,-0.0093,0.9997,0.0223,0,0.1032,-0.0212,0.9944,0,0,16.6717,-2.5162,1]},
{"frame":23,"values":[0.9956,0.0106,-0.0933,0,-0.0106,0.9999,-0.0001,0,0.0933,0.001,0.9956,0,0,16.6717,-2.5162,1]},
{"frame":24,"values":[0.9971,0.0075,-0.0761,0,-0.0108,0.999,-0.0433,0,0.0757,0.044,0.9962,0,0,16.6717,-2.5162,1]},
{"frame":25,"values":[0.9986,0.0081,-0.0531,0,-0.0127,0.9961,-0.087,0,0.0522,0.0876,0.9948,0,0,16.6717,-2.5162,1]},
{"frame":26,"values":[0.9994,0.0139,-0.031,0,-0.0173,0.9939,-0.1089,0,0.0293,0.1094,0.9936,0,0,16.6717,-2.5162,1]},
{"frame":27,"values":[0.9997,0.0215,-0.0104,0,-0.0226,0.9932,-0.1145,0,0.0079,0.1147,0.9934,0,0,16.6717,-2.5162,1]},
{"frame":28,"values":[0.9996,0.0277,0.0038,0,-0.0271,0.9942,-0.1036,0,-0.0067,0.1035,0.9946,0,0,16.6717,-2.5162,1]},
{"frame":29,"values":[0.9994,0.0317,0.0125,0,-0.0305,0.9959,-0.0857,0,-0.0152,0.0853,0.9962,0,0,16.6717,-2.5162,1]},
{"frame":30,"values":[0.9993,0.0346,0.012,0,-0.0338,0.9973,-0.0647,0,-0.0142,0.0642,0.9978,0,0,16.6717,-2.5162,1]},
{"frame":31,"values":[0.9993,0.0374,0.0089,0,-0.037,0.9983,-0.0449,0,-0.0106,0.0445,0.999,0,0,16.6717,-2.5162,1]},
{"frame":32,"values":[0.9992,0.0379,0.01,0,-0.0375,0.9986,-0.0372,0,-0.0114,0.0368,0.9993,0,0,16.6717,-2.5162,1]},
