{"producer":{"name":"Blender","version":"2.90.0","exporter_version":"6.4.4","file":"femalewalk.babylon"},
"autoClear":true,"clearColor":[0.0509,0.0509,0.0509],"gravity":[0,-9.81,0],
"materials":[{"name":"Material","id":"Material","customType":"BABYLON.PBRMaterial","backFaceCulling":true,"checkReadyOnlyOnce":false,"maxSimultaneousLights":4,"environmentIntensity":1,"albedo":[0.8,0.8,0.8],"reflectivity":[0.5,0.5,0.5],"roughness":0.4,"alpha":1,"transparencyMode":0,"alphaCutOff":0.4,"metallic":0}],
"multiMaterials":[],
"skeletons":[{"name":"Armature","id":0,"dimensionsAtRest":[338.4114,359.3049,41.4047],"bones":[
{"name":"mixamorig:Hips","index":0,"matrix":[0.9825,-0.0694,0.173,0,0.0675,0.9976,0.0168,0,0.1737,0.0048,-0.9848,0,0.4893,187.2202,2.2802,1],"rest":[1,0,0,0,0,1,0,0,0,0,-1,0,0,189.9226,0,1],"parentBoneIndex":-1,"length":22.3833
,"animation":{"dataType":3,"framePerSecond":24,"keys":[
{"frame":1,"values":[0.9825,-0.0694,0.173,0,0.0675,0.9976,0.0168,0,0.1737,0.0048,-0.9848,0,0.4893,187.2202,2.2802,1]},
{"frame":2,"values":[0.9895,-0.0455,0.1374,0,0.0468,0.9989,-0.0063,0,0.137,-0.0127,-0.9905,0,1.1482,187.6419,2.8115,1]},
{"frame":3,"values":[0.9965,-0.0203,0.0806,0,0.0227,0.9993,-0.0291,0,0.08,-0.0308,-0.9963,0,2.0014,186.5983,3.0115,1]},
{"frame":4,"values":[0.9998,0.0012,0.0207,0,-0.0003,0.999,-0.0436,0,0.0207,-0.0436,-0.9988,0,2.9003,184.9014,2.6962,1]},
{"frame":5,"values":[0.9995,0.0036,-0.0298,0,-0.0049,0.9991,-0.0427,0,-0.0296,-0.0428,-0.9986,0,3.7068,182.8633,1.6936,1]},
{"frame":6,"values":[0.9978,0.0016,-0.0669,0,-0.0044,0.9991,-0.0412,0,-0.0667,-0.0414,-0.9969,0,4.7315,180.0844,0.1469,1]},
{"frame":7,"values":[0.9967,0.0161,-0.079,0,-0.0193,0.9991,-0.0391,0,-0.0783,-0.0405,-0.9961,0,5.627,178.8821,-0.6834,1]},
{"frame":8,"values":[0.9963,0.0389,-0.0763,0,-0.0406,0.9989,-0.0213,0,-0.0754,-0.0243,-0.9969,0,6.509,179.5648,-2.3632,1]},
{"frame":9,"values":[0.9954,0.0637,-0.0717,0,-0.0644,0.9979,-0.0073,0,-0.0711,-0.0119,-0.9974,0,7.7268,180.3434,-3.7625,1]},
{"frame":10,"values":[0.9942,0.092,-0.0553,0,-0.092,0.9958,0.003,0,-0.0554,-0.0021,-0.9985,0,8.9387,181.951,-3.9649,1]},
{"frame":11,"values":[0.9929,0.1082,-0.0499,0,-0.1079,0.9941,0.0074,0,-0.0504,0.0019,-0.9987,0,9.6526,183.9963,-3.1674,1]},
{"frame":12,"values":[0.993,0.1034,-0.0565,0,-0.1031,0.9946,0.008,0,-0.057,0.0021,-0.9984,0,9.7638,186.2161,-2.0014,1]},
{"frame":13,"values":[0.9949,0.0905,-0.0442,0,-0.0907,0.9959,-0.0026,0,-0.0438,-0.0066,-0.999,0,9.3696,187.2623,-0.9036,1]},
{"frame":14,"values":[0.9978,0.0664,-0.0083,0,-0.0665,0.9977,-0.0161,0,-0.0072,-0.0166,-0.9998,0,8.6058,187.4987,-0.1737,1]},
{"frame":15,"values":[0.9986,0.0396,0.0343,0,-0.0389,0.999,-0.0215,0,0.0352,-0.0201,-0.9992,0,7.5619,186.8822,-0.0004,1]},
{"frame":16,"values":[0.9967,0.0297,0.0756,0,-0.0286,0.9995,-0.0151,0,0.076,-0.0129,-0.997,0,6.507,184.783,-0.5879,1]},
{"frame":17,"values":[0.9924,0.0285,0.1194,0,-0.0272,0.9996,-0.0118,0,0.1196,-0.0085,-0.9928,0,5.4893,181.2168,-1.2437,1]},
{"frame":18,"values":[0.989,0.0183,0.147,0,-0.0179,0.9998,-0.0043,0,0.147,-0.0016,-0.9891,0,4.5783,179.3043,-1.5664,1]},
{"frame":19,"values":[0.9887,-0.0004,0.15,0,-0.0006,1,0.0067,0,0.15,0.0067,-0.9887,0,3.6519,179.5434,-2.2897,1]},
{"frame":20,"values":[0.9882,-0.0204,0.1518,0,0.0183,0.9997,0.0152,0,0.1521,0.0122,-0.9883,0,2.4757,179.9609,-3.3132,1]},
{"frame":21,"values":[0.9883,-0.0466,0.1453,0,0.0447,0.9989,0.016,0,0.1459,0.0093,-0.9893,0,1.3628,180.8923,-3.2716,1]},
{"frame":22,"values":[0.9868,-0.0717,0.1449,0,0.0704,0.9974,0.0136,0,0.1456,0.0033,-0.9893,0,0.6506,182.78,-1.9082,1]},
{"frame":23,"values":[0.983,-0.0806,0.1649,0,0.0794,0.9967,0.0139,0,0.1654,0.0005,-0.9862,0,0.3172,185.5222,0.1706,1]},
{"frame":24,"values":[0.9825,-0.0694,0.173,0,0.0675,0.9976,0.0168,0,0.1737,0.0048,-0.9848,0,0.4893,187.2202,2.2802,1]}],"loopBehavior":1,"name":"anim","property":"_matrix"}},
{"name":"mixamorig:Spine","index":1,"matrix":[0.9988,0.047,0.0145,0,-0.0476,0.9979,0.0449,0,-0.0124,-0.0455,0.9989,0,0.0715,18.4094,-1.6224,1],"rest":[1,0,0,0,0,1,0,0,0,0,1,0,0.0715,18.4094,-1.6224,1],"parentBoneIndex":0,"length":20.2878
,"animation":{"dataType":3,"framePerSecond":24,"keys":[
{"frame":1,"values":[0.9988,0.047,0.0145,0,-0.0476,0.9979,0.0449,0,-0.0124,-0.0455,0.9989,0,0.0715,18.4094,-1.6224,1]},
{"frame":2,"values":[0.9994,0.0352,0.0034,0,-0.0353,0.9987,0.0361,0,-0.0022,-0.0362,0.9993,0,0.0715,18.4094,-1.6224,1]},
{"frame":3,"values":[0.9997,0.0252,-0.008,0,-0.0249,0.9993,0.0287,0,0.0087,-0.0285,0.9996,0,0.0715,18.4094,-1.6224,1]},
{"frame":4,"values":[0.9996,0.022,-0.0169,0,-0.0217,0.9996,0.0205,0,0.0173,-0.0201,0.9996,0,0.0715,18.4094,-1.6224,1]},
{"frame":5,"values":[0.9989,0.0367,-0.0288,0,-0.0363,0.9992,0.0143,0,0.0294,-0.0133,0.9995,0,0.0715,18.4094,-1.6224,1]},
{"frame":6,"values":[0.9978,0.0515,-0.0414,0,-0.0515,0.9987,0.0015,0,0.0414,0.0007,0.9991,0,0.0715,18.4094,-1.6224,1]},
{"frame":7,"values":[0.9987,0.0353,-0.0365,0,-0.0351,0.9994,0.0048,0,0.0367,-0.0035,0.9993,0,0.0715,18.4094,-1.6224,1]},
{"frame":8,"values":[0.9996,0.0092,-0.0278,0,-0.0088,0.9999,0.0145,0,0.0279,-0.0143,0.9995,0,0.0715,18.4094,-1.6224,1]},
{"frame":9,"values":[0.9997,-0.0044,-0.0222,0,0.0051,0.9996,0.0291,0,0.0221,-0.0293,0.9993,0,0.0715,18.4094,-1.6224,1]},
{"frame":10,"values":[0.9998,-0.0161,-0.0136,0,0.0167,0.9987,0.0477,0,0.0128,-0.0479,0.9988,0,0.0715,18.4094,-1.6224,1]},
{"frame":11,"values":[0.9998,-0.0173,-0.0092,0,0.0179,0.998,0.0605,0,0.0081,-0.0606,0.9981,0,0.0715,18.4094,-1.6224,1]},
{"frame":12,"values":[0.9999,-0.0088,-0.0056,0,0.0092,0.9975,0.0704,0,0.005,-0.0705,0.9975,0,0.0715,18.4094,-1.6224,1]},
{"frame":13,"values":[1,-0.0027,0.0036,0,0.0025,0.9978,0.0668,0,-0.0037,-0.0668,0.9978,0,0.0715,18.4094,-1.6224,1]},
{"frame":14,"values":[0.9999,0.0085,0.0139,0,-0.0092,0.9985,0.0537,0,-0.0134,-0.0538,0.9985,0,0.0715,18.4094,-1.6224,1]},
{"frame":15,"values":[0.9996,0.016,0.0232,0,-0.017,0.999,0.041,0,-0.0225,-0.0414,0.9989,0,0.0715,18.4094,-1.6224,1]},
{"frame":16,"values":[0.9994,0.0021,0.0353,0,-0.0032,0.9995,0.0316,0,-0.0352,-0.0317,0.9989,0,0.0715,18.4094,-1.6224,1]},
{"frame":17,"values":[0.9986,-0.0168,0.0494,0,0.0157,0.9996,0.0232,0,-0.0498,-0.0224,0.9985,0,0.0715,18.4094,-1.6224,1]},
{"frame":18,"values":[0.9987,-0.0102,0.0502,0,0.0089,0.9996,0.0276,0,-0.0504,-0.0271,0.9984,0,0.0715,18.4094,-1.6224,1]},
{"frame":19,"values":[0.999,0.0135,0.043,0,-0.0148,0.9995,0.0283,0,-0.0426,-0.0289,0.9987,0,0.0715,18.4094,-1.6224,1]},
{"frame":20,"values":[0.9989,0.0267,0.039,0,-0.0279,0.9991,0.0309,0,-0.0381,-0.0319,0.9988,0,0.0715,18.4094,-1.6224,1]},
{"frame":21,"values":[0.9984,0.0459,0.0321,0,-0.0469,0.9983,0.0333,0,-0.0305,-0.0348,0.9989,0,0.0715,18.4094,-1.6224,1]},
{"frame":22,"values":[0.998,0.0567,0.026,0,-0.0576,0.9978,0.0329,0,-0.0241,-0.0343,0.9991,0,0.0715,18.4094,-1.6224,1]},
{"frame":23,"values":[0.9983,0.0539,0.0219,0,-0.0547,0.9978,0.0362,0,-0.0199,-0.0373,0.9991,0,0.0715,18.4094,-1.6224,1]},
{"frame":24,"values":[0.9988,0.047,0.0145,0,-0.0476,0.9979,0.0449,0,-0.0124,-0.0455,0.9989,0,0.0715,18.4094,-1.6224,1]}],"loopBehavior":1,"name":"anim","property":"_matrix"}},
{"name":"mixamorig:Spine1","index":2,"matrix":[0.9991,0.0136,0.0402,0,-0.0148,0.9995,0.0283,0,-0.0398,-0.0289,0.9988,0,-0.3249,20.2384,-1.3771,1],"rest":[1,0,0,0,0,1,0,0,0,0,1,0,-0.3249,20.2384,-1.3771,1],"parentBoneIndex":1,"length":24.4383
,"animation":{"dataType":3,"framePerSecond":24,"keys":[
{"frame":1,"values":[0.9991,0.0136,0.0402,0,-0.0148,0.9995,0.0283,0,-0.0398,-0.0289,0.9988,0,-0.3249,20.2384,-1.3771,1]},
{"frame":2,"values":[0.9999,0.0035,0.0162,0,-0.0039,0.9997,0.0225,0,-0.0162,-0.0226,0.9996,0,-0.3249,20.2384,-1.3771,1]},
{"frame":3,"values":[1,-0.005,-0.008,0,0.0051,0.9998,0.0188,0,0.0079,-0.0189,0.9998,0,-0.3249,20.2384,-1.3771,1]},
{"frame":4,"values":[0.9996,-0.0146,-0.025,0,0.0151,0.9997,0.0213,0,0.0247,-0.0217,0.9995,0,-0.3249,20.2384,-1.3771,1]},
{"frame":5,"values":[0.9991,-0.023,-0.036,0,0.0241,0.9992,0.0304,0,0.0353,-0.0312,0.9989,0,-0.3249,20.2384,-1.3771,1]},
{"frame":6,"values":[0.9986,-0.0294,-0.0438,0,0.031,0.9988,0.0381,0,0.0427,-0.0394,0.9983,0,-0.3249,20.2384,-1.3771,1]},
{"frame":7,"values":[0.9985,-0.0269,-0.0484,0,0.0286,0.9991,0.0328,0,0.0475,-0.0341,0.9983,0,-0.3249,20.2384,-1.3771,1]},
{"frame":8,"values":[0.9986,-0.0233,-0.0485,0,0.0246,0.9994,0.0255,0,0.0479,-0.0266,0.9985,0,-0.3249,20.2384,-1.3771,1]},
{"frame":9,"values":[0.9988,-0.0273,-0.0417,0,0.028,0.9994,0.0179,0,0.0412,-0.019,0.999,0,-0.3249,20.2384,-1.3771,1]},
{"frame":10,"values":[0.9991,-0.0317,-0.0292,0,0.0322,0.9993,0.0184,0,0.0286,-0.0193,0.9994,0,-0.3249,20.2384,-1.3771,1]},
{"frame":11,"values":[0.9991,-0.0358,-0.0211,0,0.0363,0.9991,0.0234,0,0.0203,-0.0241,0.9995,0,-0.3249,20.2384,-1.3771,1]},
{"frame":12,"values":[0.9994,-0.0333,-0.0122,0,0.0336,0.9991,0.0251,0,0.0114,-0.0255,0.9996,0,-0.3249,20.2384,-1.3771,1]},
{"frame":13,"values":[0.9996,-0.0261,0.0072,0,0.026,0.9994,0.0239,0,-0.0079,-0.0237,0.9997,0,-0.3249,20.2384,-1.3771,1]},
{"frame":14,"values":[0.9994,-0.018,0.0306,0,0.0173,0.9995,0.0261,0,-0.031,-0.0256,0.9992,0,-0.3249,20.2384,-1.3771,1]},
{"frame":15,"values":[0.9987,-0.0095,0.0505,0,0.0077,0.9994,0.0341,0,-0.0508,-0.0336,0.9981,0,-0.3249,20.2384,-1.3771,1]},
{"frame":16,"values":[0.998,0.0028,0.0635,0,-0.0059,0.9988,0.0481,0,-0.0633,-0.0483,0.9968,0,-0.3249,20.2384,-1.3771,1]},
{"frame":17,"values":[0.9971,0.0128,0.0755,0,-0.0172,0.9982,0.0573,0,-0.0746,-0.0584,0.9955,0,-0.3249,20.2384,-1.3771,1]},
{"frame":18,"values":[0.9965,0.0123,0.0831,0,-0.0167,0.9985,0.0525,0,-0.0824,-0.0537,0.9952,0,-0.3249,20.2384,-1.3771,1]},
{"frame":19,"values":[0.9963,0.0049,0.0852,0,-0.0087,0.999,0.044,0,-0.0849,-0.0445,0.9954,0,-0.3249,20.2384,-1.3771,1]},
{"frame":20,"values":[0.9966,0.0069,0.0821,0,-0.0097,0.9994,0.034,0,-0.0819,-0.0346,0.996,0,-0.3249,20.2384,-1.3771,1]},
{"frame":21,"values":[0.9971,0.01,0.0753,0,-0.0121,0.9996,0.0268,0,-0.075,-0.0276,0.9968,0,-0.3249,20.2384,-1.3771,1]},
{"frame":22,"values":[0.9976,0.0192,0.066,0,-0.0211,0.9994,0.0272,0,-0.0655,-0.0285,0.9974,0,-0.3249,20.2384,-1.3771,1]},
{"frame":23,"values":[0.9981,0.025,0.0562,0,-0.0267,0.9992,0.0292,0,-0.0554,-0.0306,0.998,0,-0.3249,20.2384,-1.3771,1]},
{"frame":24,"values":[0.9991,0.0136,0.0402,0,-0.0148,0.9995,0.0283,0,-0.0398,-0.0289,0.9988,0,-0.3249,20.2384,-1.3771,1]}],"loopBehavior":1,"name":"anim","property":"_matrix"}},
{"name":"mixamorig:Spine2","index":3,"matrix":[0.9992,0.0064,0.0396,0,-0.0044,0.9987,-0.0512,0,-0.0399,0.051,0.9979,0,-0.0232,24.4369,-0.2575,1],"rest":[1,0,0,0,0,1,0,0,0,0,1,0,-0.0232,24.4369,-0.2575,1],"parentBoneIndex":2,"length":22.4221
,"animation":{"dataType":3,"framePerSecond":24,"keys":[
{"frame":1,"values":[0.9992,0.0064,0.0396,0,-0.0044,0.9987,-0.0512,0,-0.0399,0.051,0.9979,0,-0.0232,24.4369,-0.2575,1]},
{"frame":2,"values":[0.9999,-0.0049,0.0163,0,0.0059,0.9984,-0.0563,0,-0.016,0.0564,0.9983,0,-0.0232,24.4369,-0.2575,1]},
{"frame":3,"values":[0.9999,-0.0145,-0.0074,0,0.014,0.9981,-0.0595,0,0.0082,0.0594,0.9982,0,-0.0232,24.4369,-0.2575,1]},
{"frame":4,"values":[0.9994,-0.0246,-0.0242,0,0.0232,0.9981,-0.0567,0,0.0256,0.0561,0.9981,0,-0.0232,24.4369,-0.2575,1]},
{"frame":5,"values":[0.9988,-0.0331,-0.0355,0,0.0314,0.9984,-0.0472,0,0.037,0.046,0.9983,0,-0.0232,24.4369,-0.2575,1]},
{"frame":6,"values":[0.9983,-0.0391,-0.0438,0,0.0374,0.9985,-0.0391,0,0.0453,0.0374,0.9983,0,-0.0232,24.4369,-0.2575,1]},
{"frame":7,"values":[0.9982,-0.0368,-0.0481,0,0.0347,0.9984,-0.0444,0,0.0497,0.0427,0.9979,0,-0.0232,24.4369,-0.2575,1]},
{"frame":8,"values":[0.9983,-0.0335,-0.0475,0,0.031,0.9982,-0.0523,0,0.0492,0.0507,0.9975,0,-0.0232,24.4369,-0.2575,1]},
{"frame":9,"values":[0.9985,-0.0377,-0.0399,0,0.0353,0.9976,-0.0602,0,0.0421,0.0587,0.9974,0,-0.0232,24.4369,-0.2575,1]},
{"frame":10,"values":[0.9988,-0.0419,-0.0265,0,0.0403,0.9974,-0.0599,0,0.0289,0.0588,0.9979,0,-0.0232,24.4369,-0.2575,1]},
{"frame":11,"values":[0.9988,-0.0458,-0.018,0,0.0447,0.9975,-0.0549,0,0.0204,0.054,0.9983,0,-0.0232,24.4369,-0.2575,1]},
{"frame":12,"values":[0.999,-0.0428,-0.0093,0,0.0423,0.9977,-0.0531,0,0.0115,0.0527,0.9985,0,-0.0232,24.4369,-0.2575,1]},
{"frame":13,"values":[0.9994,-0.0345,0.0096,0,0.035,0.9979,-0.0545,0,-0.0077,0.0548,0.9985,0,-0.0232,24.4369,-0.2575,1]},
{"frame":14,"values":[0.9992,-0.0254,0.032,0,0.0271,0.9982,-0.0526,0,-0.0306,0.0534,0.9981,0,-0.0232,24.4369,-0.2575,1]},
{"frame":15,"values":[0.9985,-0.0164,0.0514,0,0.0188,0.9988,-0.045,0,-0.0506,0.0459,0.9977,0,-0.0232,24.4369,-0.2575,1]},
{"frame":16,"values":[0.9979,-0.0044,0.0643,0,0.0064,0.9995,-0.0306,0,-0.0641,0.0309,0.9975,0,-0.0232,24.4369,-0.2575,1]},
{"frame":17,"values":[0.9971,0.0051,0.0761,0,-0.0035,0.9998,-0.0206,0,-0.0762,0.0202,0.9969,0,-0.0232,24.4369,-0.2575,1]},
{"frame":18,"values":[0.9965,0.005,0.0837,0,-0.0029,0.9997,-0.0253,0,-0.0838,0.025,0.9962,0,-0.0232,24.4369,-0.2575,1]},
{"frame":19,"values":[0.9963,-0.002,0.0857,0,0.005,0.9994,-0.0347,0,-0.0856,0.035,0.9957,0,-0.0232,24.4369,-0.2575,1]},
{"frame":20,"values":[0.9966,0.0004,0.0823,0,0.0034,0.999,-0.0453,0,-0.0823,0.0455,0.9956,0,-0.0232,24.4369,-0.2575,1]},
{"frame":21,"values":[0.9972,0.0037,0.0748,0,0.0003,0.9986,-0.0536,0,-0.0749,0.0535,0.9958,0,-0.0232,24.4369,-0.2575,1]},
{"frame":22,"values":[0.9978,0.0126,0.065,0,-0.0091,0.9985,-0.0534,0,-0.0656,0.0527,0.9965,0,-0.0232,24.4369,-0.2575,1]},
{"frame":23,"values":[0.9983,0.0181,0.0552,0,-0.0153,0.9986,-0.0508,0,-0.0561,0.0499,0.9972,0,-0.0232,24.4369,-0.2575,1]},
{"frame":24,"values":[0.9992,0.0064,0.0396,0,-0.0044,0.9987,-0.0512,0,-0.0399,0.051,0.9979,0,-0.0232,24.4369,-0.2575,1]}],"loopBehavior":1,"name":"anim","property":"_matrix"}},
{"name":"mixamorig:Neck","index":4,"matrix":[0.9997,-0.016,0.0211,0,0.0172,0.9981,-0.0584,0,-0.0201,0.0587,0.9981,0,0.3476,27.4659,2.4654,1],"rest":[1,0,0,0,0,1,0,0,0,0,1,0,0.3476,27.4659,2.4654,1],"parentBoneIndex":3,"length":19.1448
,"animation":{"dataType":3,"framePerSecond":24,"keys":[
{"frame":1,"values":[0.9997,-0.016,0.0211,0,0.0172,0.9981,-0.0584,0,-0.0201,0.0587,0.9981,0,0.3476,27.4659,2.4654,1]},
{"frame":2,"values":[0.9996,-0.0129,0.0236,0,0.0141,0.9986,-0.0511,0,-0.0229,0.0514,0.9984,0,0.3476,27.4659,2.4654,1]},
{"frame":3,"values":[0.9995,-0.0207,0.0218,0,0.0219,0.9982,-0.0564,0,-0.0206,0.0569,0.9982,0,0.3476,27.4659,2.4654,1]},
{"frame":4,"values":[0.9993,-0.0352,0.016,0,0.0363,0.997,-0.069,0,-0.0136,0.0695,0.9975,0,0.3476,27.4659,2.4654,1]},
{"frame":5,"values":[0.9987,-0.0492,0.0112,0,0.0499,0.9953,-0.0836,0,-0.007,0.084,0.9964,0,0.3476,27.4659,2.4654,1]},
{"frame":6,"values":[0.9986,-0.052,0.0099,0,0.0526,0.9945,-0.0901,0,-0.0052,0.0905,0.9959,0,0.3476,27.4659,2.4654,1]},
{"frame":7,"values":[0.9988,-0.049,0.0095,0,0.0497,0.995,-0.0871,0,-0.0052,0.0875,0.9962,0,0.3476,27.4659,2.4654,1]},
{"frame":8,"values":[0.9991,-0.0413,0.0105,0,0.0421,0.996,-0.0789,0,-0.0072,0.0793,0.9968,0,0.3476,27.4659,2.4654,1]},
{"frame":9,"values":[0.9992,-0.0398,0.0103,0,0.0405,0.9961,-0.0781,0,-0.0072,0.0785,0.9969,0,0.3476,27.4659,2.4654,1]},
{"frame":10,"values":[0.9988,-0.048,0.0076,0,0.0485,0.9952,-0.0849,0,-0.0035,0.0852,0.9964,0,0.3476,27.4659,2.4654,1]},
{"frame":11,"values":[0.9984,-0.0572,0.0049,0,0.0574,0.9943,-0.09,0,0.0003,0.0901,0.9959,0,0.3476,27.4659,2.4654,1]},
{"frame":12,"values":[0.9981,-0.061,-0.0003,0,0.0608,0.9945,-0.0848,0,0.0055,0.0847,0.9964,0,0.3476,27.4659,2.4654,1]},
{"frame":13,"values":[0.9982,-0.0589,-0.006,0,0.0583,0.9957,-0.0726,0,0.0102,0.0722,0.9973,0,0.3476,27.4659,2.4654,1]},
{"frame":14,"values":[0.9986,-0.0528,-0.008,0,0.0522,0.9965,-0.0647,0,0.0114,0.0642,0.9979,0,0.3476,27.4659,2.4654,1]},
{"frame":15,"values":[0.9992,-0.0404,-0.0047,0,0.0399,0.9968,-0.0692,0,0.0075,0.069,0.9976,0,0.3476,27.4659,2.4654,1]},
{"frame":16,"values":[0.9994,-0.0342,-0.0009,0,0.034,0.9959,-0.0844,0,0.0038,0.0843,0.9964,0,0.3476,27.4659,2.4654,1]},
{"frame":17,"values":[0.9996,-0.0296,0.0022,0,0.0297,0.9948,-0.0973,0,0.0007,0.0974,0.9952,0,0.3476,27.4659,2.4654,1]},
{"frame":18,"values":[0.9996,-0.0296,0.0038,0,0.0299,0.9952,-0.0934,0,-0.001,0.0935,0.9956,0,0.3476,27.4659,2.4654,1]},
{"frame":19,"values":[0.9995,-0.0316,0.0029,0,0.0317,0.9963,-0.0804,0,-0.0003,0.0804,0.9968,0,0.3476,27.4659,2.4654,1]},
{"frame":20,"values":[0.9993,-0.0372,0.0019,0,0.0373,0.9963,-0.0777,0,0.001,0.0777,0.997,0,0.3476,27.4659,2.4654,1]},
{"frame":21,"values":[0.9993,-0.0375,0.0027,0,0.0376,0.9965,-0.0753,0,0.0002,0.0753,0.9972,0,0.3476,27.4659,2.4654,1]},
{"frame":22,"values":[0.9994,-0.035,0.0054,0,0.0353,0.9966,-0.0747,0,-0.0027,0.0748,0.9972,0,0.3476,27.4659,2.4654,1]},
{"frame":23,"values":[0.9995,-0.031,0.0117,0,0.0318,0.9969,-0.0715,0,-0.0094,0.0718,0.9974,0,0.3476,27.4659,2.4654,1]},
{"frame":24,"values":[0.9997,-0.016,0.0211,0,0.0172,0.9981,-0.0584,0,-0.0201,0.0587,0.9981,0,0.3476,27.4659,2.4654,1]}],"loopBehavior":1,"name":"anim","property":"_matrix"}},
{"name":"mixamorig:Head","index":5,"matrix":[0.9977,0.007,0.0668,0,-0.0054,0.9997,-0.0239,0,-0.067,0.0235,0.9975,0,-0.2079,18.7004,4.0957,1],"rest":[1,0,0,0,0,1,0,0,0,0,1,0,-0.2079,18.7004,4.0957,1],"parentBoneIndex":4,"length":28.1562
,"animation":{"dataType":3,"framePerSecond":24,"keys":[
{"frame":1,"values":[0.9977,0.007,0.0668,0,-0.0054,0.9997,-0.0239,0,-0.067,0.0235,0.9975,0,-0.2079,18.7004,4.0957,1]},
{"frame":2,"values":[0.997,0.0165,0.0762,0,-0.0161,0.9999,-0.0052,0,-0.0763,0.004,0.9971,0,-0.2079,18.7005,4.0957,1]},
{"frame":3,"values":[0.9969,0.0151,0.0768,0,-0.0153,0.9999,0.0021,0,-0.0767,-0.0033,0.997,0,-0.2079,18.7004,4.0957,1]},
{"frame":4,"values":[0.9978,0.0086,0.0652,0,-0.0087,1,0.001,0,-0.0652,-0.0015,0.9979,0,-0.2079,18.7004,4.0957,1]},
{"frame":5,"values":[0.9985,0.0011,0.0554,0,-0.0006,1,-0.0088,0,-0.0554,0.0087,0.9984,0,-0.2079,18.7004,4.0957,1]},
{"frame":6,"values":[0.9987,-0.011,0.0501,0,0.0119,0.9997,-0.0192,0,-0.0499,0.0198,0.9986,0,-0.2079,18.7004,4.0957,1]},
{"frame":7,"values":[0.9988,-0.0234,0.0439,0,0.0238,0.9997,-0.0091,0,-0.0437,0.0101,0.999,0,-0.2079,18.7004,4.0957,1]},
{"frame":8,"values":[0.9989,-0.024,0.0402,0,0.0237,0.9997,0.0082,0,-0.0404,-0.0073,0.9992,0,-0.2079,18.7004,4.0957,1]},
{"frame":9,"values":[0.9991,-0.017,0.0381,0,0.0165,0.9998,0.0132,0,-0.0383,-0.0125,0.9992,0,-0.2079,18.7005,4.0957,1]},
{"frame":10,"values":[0.9993,-0.0083,0.0353,0,0.0085,1,-0.0052,0,-0.0352,0.0055,0.9994,0,-0.2079,18.7004,4.0957,1]},
{"frame":11,"values":[0.9995,-0.0029,0.0328,0,0.0037,0.9997,-0.0235,0,-0.0327,0.0236,0.9992,0,-0.2079,18.7004,4.0957,1]},
{"frame":12,"values":[0.9998,-0.0127,0.0137,0,0.0131,0.9994,-0.0321,0,-0.0133,0.0323,0.9994,0,-0.2079,18.7004,4.0957,1]},
{"frame":13,"values":[0.9996,-0.0232,-0.0133,0,0.0228,0.9992,-0.0317,0,0.014,0.0314,0.9994,0,-0.2079,18.7004,4.0957,1]},
{"frame":14,"values":[0.9993,-0.024,-0.0289,0,0.0233,0.9994,-0.0252,0,0.0295,0.0245,0.9993,0,-0.2079,18.7004,4.0957,1]},
{"frame":15,"values":[0.9993,-0.0208,-0.0308,0,0.02,0.9995,-0.0255,0,0.0313,0.0249,0.9992,0,-0.2079,18.7005,4.0957,1]},
{"frame":16,"values":[0.9996,-0.0155,-0.0234,0,0.0146,0.9992,-0.0365,0,0.024,0.0362,0.9991,0,-0.2079,18.7004,4.0957,1]},
{"frame":17,"values":[0.9998,-0.0116,-0.0165,0,0.0109,0.999,-0.0431,0,0.017,0.0429,0.9989,0,-0.2079,18.7004,4.0957,1]},
{"frame":18,"values":[1,-0.0053,-0.0078,0,0.005,0.9993,-0.0358,0,0.008,0.0358,0.9993,0,-0.2079,18.7004,4.0957,1]},
{"frame":19,"values":[1,-0.0019,-0.0069,0,0.0018,0.9998,-0.0186,0,0.007,0.0186,0.9998,0,-0.2079,18.7004,4.0957,1]},
{"frame":20,"values":[1,-0.0054,-0.0048,0,0.0055,1,0.0011,0,0.0048,-0.0011,1,0,-0.2079,18.7004,4.0957,1]},
{"frame":21,"values":[0.9998,-0.019,-0.0018,0,0.019,0.9998,-0.0044,0,0.0019,0.0044,1,0,-0.2079,18.7003,4.0957,1]},
{"frame":22,"values":[0.9997,-0.0245,0.0081,0,0.0246,0.9996,-0.0163,0,-0.0077,0.0165,0.9998,0,-0.2079,18.7004,4.0957,1]},
{"frame":23,"values":[0.9993,-0.0115,0.036,0,0.0123,0.9997,-0.0217,0,-0.0357,0.0221,0.9991,0,-0.2079,18.7004,4.0957,1]},
{"frame":24,"values":[0.9977,0.007,0.0668,0,-0.0054,0.9997,-0.0239,0,-0.067,0.0235,0.9975,0,-0.2079,18.7004,4.0957,1]}],"loopBehavior":1,"name":"anim","property":"_matrix"}},
{"name":"mixamorig:HeadTop_End","index":6,"matrix":[1,0,0,0,0,1,0,0,0,0,1,0,0.0892,36.4747,10.0221,1],"rest":[1,0,0,0,0,1,0,0,0,0,1,0,0.0892,36.4747,10.0221,1],"parentBoneIndex":5,"length":28.1562
,"animation":{"dataType":3,"framePerSecond":24,"keys":[
{"frame":1,"values":[1,0,0,0,0,1,0,0,0,0,1,0,0.0892,36.4747,10.0221,1]},
{"frame":16,"values":[1,0,0,0,0,1,0,0,0,0,1,0,0.0892,36.4748,10.0221,1]},
{"frame":17,"values":[1,0,0,0,0,1,0,0,0,0,1,0,0.0892,36.4747,10.0221,1]},
{"frame":23,"values":[1,0,0,0,0,1,0,0,0,0,1,0,0.0892,36.4748,10.0221,1]},
{"frame":24,"values":[1,0,0,0,0,1,0,0,0,0,1,0,0.0892,36.4747,10.0221,1]}],"loopBehavior":1,"name":"anim","property":"_matrix"}},
{"name":"mixamorig:RightEye","index":7,"matrix":[1,0,0,0,0,1,0,0,0,0,1,0,-5.9256,14.7458,16.7647,1],"rest":[1,0,0,0,0,1,0,0,0,0,1,0,-5.9256,14.7458,16.7647,1],"parentBoneIndex":5,"length":28.1562
,"animation":{"dataType":3,"framePerSecond":24,"keys":[
{"frame":1,"values":[1,0,0,0,0,1,0,0,0,0,1,0,-5.9256,14.7458,16.7647,1]},
{"frame":24,"values":[1,0,0,0,0,1,0,0,0,0,1,0,-5.9256,14.7458,16.7647,1]}],"loopBehavior":1,"name":"anim","property":"_matrix"}},
{"name":"mixamorig:LeftEye","index":8,"matrix":[1,0,0,0,0,1,0,0,0,0,1,0,6.2739,14.9642,17.0569,1],"rest":[1,0,0,0,0,1,0,0,0,0,1,0,6.2739,14.9642,17.0569,1],"parentBoneIndex":5,"length":28.1562
,"animation":{"dataType":3,"framePerSecond":24,"keys":[
{"frame":1,"values":[1,0,0,0,0,1,0,0,0,0,1,0,6.2739,14.9642,17.0569,1]},
{"frame":2,"values":[1,0,0,0,0,1,0,0,0,0,1,0,6.2739,14.9643,17.0569,1]},
{"frame":3,"values":[1,0,0,0,0,1,0,0,0,0,1,0,6.2739,14.9642,17.0569,1]},
{"frame":24,"values":[1,0,0,0,0,1,0,0,0,0,1,0,6.2739,14.9642,17.0569,1]}],"loopBehavior":1,"name":"anim","property":"_matrix"}},
{"name":"mixamorig:LeftShoulder","index":9,"matrix":[0.9333,-0.0135,0.3587,0,-0.0358,0.9908,0.1304,0,-0.3572,-0.1345,0.9243,0,10.423,17.1773,1.9211,1],"rest":[0.9999,-0.0165,0,0,0.0165,0.9999,0,0,0,0,1,0,10.423,17.1773,1.9211,1],"parentBoneIndex":3,"length":22.8504
,"animation":{"dataType":3,"framePerSecond":24,"keys":[
{"frame":1,"values":[0.9333,-0.0135,0.3587,0,-0.0358,0.9908,0.1304,0,-0.3572,-0.1345,0.9243,0,10.423,17.1773,1.9211,1]},
{"frame":2,"values":[0.9341,-0.0327,0.3556,0,-0.0157,0.9911,0.1325,0,-0.3567,-0.1293,0.9252,0,10.423,17.1773,1.9211,1]},
{"frame":3,"values":[0.9472,-0.0709,0.3128,0,0.0291,0.9903,0.1361,0,-0.3194,-0.1198,0.94,0,10.423,17.1773,1.9211,1]},
{"frame":4,"values":[0.9647,-0.1079,0.2401,0,0.0765,0.9877,0.1365,0,-0.2519,-0.1133,0.9611,0,10.423,17.1773,1.9211,1]},
{"frame":5,"values":[0.9747,-0.1282,0.1833,0,0.1044,0.9855,0.1341,0,-0.1979,-0.1116,0.9739,0,10.423,17.1773,1.9211,1]},
{"frame":6,"values":[0.9791,-0.1299,0.1567,0,0.1095,0.9851,0.1324,0,-0.1716,-0.1125,0.9787,0,10.423,17.1773,1.9211,1]},
{"frame":7,"values":[0.9815,-0.1303,0.1403,0,0.112,0.985,0.1312,0,-0.1553,-0.1131,0.9814,0,10.423,17.1773,1.9211,1]},
{"frame":8,"values":[0.9808,-0.1307,0.1449,0,0.1118,0.985,0.1315,0,-0.1599,-0.1128,0.9807,0,10.423,17.1773,1.9211,1]},
{"frame":9,"values":[0.977,-0.157,0.1442,0,0.1383,0.9817,0.1312,0,-0.1621,-0.1082,0.9808,0,10.423,17.1773,1.9211,1]},
{"frame":10,"values":[0.9708,-0.1874,0.15,0,0.1682,0.9769,0.1315,0,-0.1712,-0.1025,0.9799,0,10.423,17.1773,1.9211,1]},
{"frame":11,"values":[0.9677,-0.1857,0.1703,0,0.1641,0.9774,0.1334,0,-0.1912,-0.1012,0.9763,0,10.423,17.1773,1.9211,1]},
{"frame":12,"values":[0.9617,-0.1836,0.2036,0,0.1579,0.978,0.1364,0,-0.2241,-0.099,0.9695,0,10.423,17.1773,1.9211,1]},
{"frame":13,"values":[0.9577,-0.1714,0.231,0,0.142,0.9802,0.1383,0,-0.2501,-0.0996,0.9631,0,10.423,17.1773,1.9211,1]},
{"frame":14,"values":[0.949,-0.1351,0.2848,0,0.0982,0.9853,0.1399,0,-0.2995,-0.1048,0.9483,0,10.423,17.1773,1.9211,1]},
{"frame":15,"values":[0.9368,-0.0848,0.3394,0,0.0397,0.9897,0.1378,0,-0.3476,-0.1156,0.9305,0,10.423,17.1773,1.9211,1]},
{"frame":16,"values":[0.9157,-0.0232,0.4013,0,-0.0322,0.9909,0.1306,0,-0.4007,-0.1325,0.9066,0,10.423,17.1773,1.9211,1]},
{"frame":17,"values":[0.8995,0.0116,0.4368,0,-0.0731,0.9895,0.1244,0,-0.4308,-0.1438,0.8909,0,10.423,17.1773,1.9211,1]},
{"frame":18,"values":[0.8963,0.0076,0.4434,0,-0.0701,0.9897,0.1247,0,-0.4379,-0.1428,0.8876,0,10.423,17.1773,1.9211,1]},
{"frame":19,"values":[0.9086,-0.0023,0.4176,0,-0.056,0.9903,0.1273,0,-0.4138,-0.1391,0.8997,0,10.423,17.1773,1.9211,1]},
{"frame":20,"values":[0.9163,-0.0048,0.4004,0,-0.0508,0.9904,0.1283,0,-0.3972,-0.1379,0.9073,0,10.423,17.1773,1.9211,1]},
{"frame":21,"values":[0.9236,-0.0046,0.3832,0,-0.0485,0.9905,0.1288,0,-0.3802,-0.1375,0.9146,0,10.423,17.1773,1.9211,1]},
{"frame":22,"values":[0.9299,-0.0098,0.3678,0,-0.0408,0.9907,0.1298,0,-0.3657,-0.1357,0.9208,0,10.423,17.1773,1.9211,1]},
{"frame":23,"values":[0.9342,-0.0199,0.3561,0,-0.0289,0.9909,0.1311,0,-0.3555,-0.1328,0.9252,0,10.423,17.1773,1.9211,1]},
{"frame":24,"values":[0.9333,-0.0135,0.3587,0,-0.0358,0.9908,0.1304,0,-0.3572,-0.1345,0.9243,0,10.423,17.1773,1.9211,1]}],"loopBehavior":1,"name":"anim","property":"_matrix"}},
{"name":"mixamorig:LeftArm","index":10,"matrix":[0.2454,-0.9694,-0.0086,0,0.9669,0.2454,-0.0697,0,0.0697,0.0088,0.9975,0,22.2129,0.6466,-5.321,1],"rest":[0.9991,0.0186,0.0369,0,-0.0186,0.9998,0.0001,0,-0.0369,-0.0008,0.9993,0,22.2129,0.6466,-5.321,1],"parentBoneIndex":9,"length":54.7531
,"animation":{"dataType":3,"framePerSecond":24,"keys":[
{"frame":1,"values":[0.2454,-0.9694,-0.0086,0,0.9669,0.2454,-0.0697,0,0.0697,0.0088,0.9975,0,22.2129,0.6466,-5.321,1]},
{"frame":2,"values":[0.2106,-0.9741,-0.0822,0,0.9657,0.2203,-0.1372,0,0.1518,-0.0505,0.9871,0,22.2129,0.6466,-5.321,1]},
{"frame":3,"values":[0.2071,-0.9629,-0.1733,0,0.9464,0.242,-0.2139,0,0.2479,-0.1197,0.9614,0,22.2129,0.6466,-5.321,1]},
{"frame":4,"values":[0.2185,-0.9441,-0.2468,0,0.9269,0.2799,-0.2501,0,0.3052,-0.1741,0.9362,0,22.2129,0.6466,-5.321,1]},
{"frame":5,"values":[0.2332,-0.9295,-0.2857,0,0.9242,0.3032,-0.2323,0,0.3025,-0.2098,0.9298,0,22.2129,0.6466,-5.321,1]},
{"frame":6,"values":[0.2131,-0.9114,-0.352,0,0.923,0.306,-0.2335,0,0.3205,-0.2752,0.9064,0,22.2129,0.6466,-5.321,1]},
{"frame":7,"values":[0.1762,-0.8962,-0.4073,0,0.9071,0.3085,-0.2864,0,0.3823,-0.319,0.8673,0,22.2129,0.6466,-5.321,1]},
{"frame":8,"values":[0.1495,-0.8928,-0.4249,0,0.8811,0.3153,-0.3525,0,0.4487,-0.3217,0.8338,0,22.2129,0.6466,-5.321,1]},
{"frame":9,"values":[0.1716,-0.8831,-0.4366,0,0.8773,0.3386,-0.3401,0,0.4482,-0.3247,0.8329,0,22.2129,0.6466,-5.321,1]},
{"frame":10,"values":[0.231,-0.8911,-0.3906,0,0.8972,0.3505,-0.2689,0,0.3765,-0.2883,0.8804,0,22.2129,0.6466,-5.321,1]},
{"frame":11,"values":[0.2782,-0.9131,-0.2981,0,0.9243,0.3389,-0.1753,0,0.2611,-0.2268,0.9383,0,22.2129,0.6466,-5.321,1]},
{"frame":12,"values":[0.3215,-0.9276,-0.1904,0,0.9364,0.3413,-0.082,0,0.1411,-0.1519,0.9783,0,22.2129,0.6466,-5.321,1]},
{"frame":13,"values":[0.3596,-0.9268,-0.1084,0,0.9324,0.3613,0.0042,0,0.0352,-0.1026,0.9941,0,22.2129,0.6466,-5.321,1]},
{"frame":14,"values":[0.3865,-0.921,-0.0494,0,0.9219,0.3842,0.0501,0,-0.0272,-0.0649,0.9975,0,22.2129,0.6466,-5.321,1]},
{"frame":15,"values":[0.4145,-0.91,-0.0005,0,0.9084,0.4137,0.0604,0,-0.0548,-0.0255,0.9982,0,22.2129,0.6466,-5.321,1]},
{"frame":16,"values":[0.4258,-0.9046,0.0174,0,0.9042,0.4262,0.0298,0,-0.0344,0.0031,0.9994,0,22.2129,0.6466,-5.321,1]},
{"frame":17,"values":[0.4549,-0.8905,-0.0093,0,0.89,0.4549,-0.0315,0,0.0323,0.0061,0.9995,0,22.2129,0.6466,-5.321,1]},
{"frame":18,"values":[0.4912,-0.8702,-0.0376,0,0.8671,0.4926,-0.0733,0,0.0823,0.0034,0.9966,0,22.2129,0.6466,-5.321,1]},
{"frame":19,"values":[0.4971,-0.866,-0.0544,0,0.8606,0.5,-0.097,0,0.1112,0.0014,0.9938,0,22.2129,0.6466,-5.321,1]},
{"frame":20,"values":[0.4538,-0.8867,-0.0883,0,0.8765,0.4621,-0.1351,0,0.1606,-0.0161,0.9869,0,22.2129,0.6466,-5.321,1]},
{"frame":21,"values":[0.3968,-0.9103,-0.1177,0,0.9015,0.4106,-0.1369,0,0.173,-0.0518,0.9836,0,22.2129,0.6466,-5.321,1]},
{"frame":22,"values":[0.3396,-0.9339,-0.1121,0,0.929,0.3517,-0.1154,0,0.1472,-0.065,0.987,0,22.2129,0.6466,-5.321,1]},
{"frame":23,"values":[0.2943,-0.9536,-0.063,0,0.9513,0.2987,-0.0765,0,0.0918,-0.0374,0.9951,0,22.2129,0.6466,-5.321,1]},
{"frame":24,"values":[0.2454,-0.9694,-0.0086,0,0.9669,0.2454,-0.0697,0,0.0697,0.0088,0.9975,0,22.2129,0.6466,-5.321,1]}],"loopBehavior":1,"name":"anim","property":"_matrix"}},
{"name":"mixamorig:LeftForeArm","index":11,"matrix":[0.8743,-0.0269,0.4847,0,0.0237,0.9996,0.0128,0,-0.4849,0.0003,0.8746,0,54.7157,-0.1167,-2.0211,1],"rest":[0.9915,-0.0273,-0.127,0,0.0272,0.9996,-0.0025,0,0.1271,-0.001,0.9919,0,54.7157,-0.1167,-2.0211,1],"parentBoneIndex":10,"length":43.4745
,"animation":{"dataType":3,"framePerSecond":24,"keys":[
{"frame":1,"values":[0.8743,-0.0269,0.4847,0,0.0237,0.9996,0.0128,0,-0.4849,0.0003,0.8746,0,54.7157,-0.1167,-2.0211,1]},
{"frame":2,"values":[0.9047,-0.027,0.4252,0,0.0245,0.9996,0.0114,0,-0.4254,0.0002,0.905,0,54.7157,-0.1167,-2.0211,1]},
{"frame":3,"values":[0.9074,-0.027,0.4193,0,0.0246,0.9996,0.0112,0,-0.4194,0.0001,0.9078,0,54.7157,-0.1167,-2.0211,1]},
{"frame":4,"values":[0.9166,-0.0271,0.3988,0,0.0248,0.9996,0.0107,0,-0.399,0.0001,0.917,0,54.7157,-0.1167,-2.0211,1]},
{"frame":5,"values":[0.947,-0.0271,0.3201,0,0.0257,0.9996,0.0087,0,-0.3203,-0.0001,0.9473,0,54.7157,-0.1167,-2.0211,1]},
{"frame":6,"values":[0.951,-0.0271,0.3081,0,0.0258,0.9996,0.0085,0,-0.3083,-0.0001,0.9513,0,54.7157,-0.1167,-2.0211,1]},
{"frame":7,"values":[0.9493,-0.0271,0.3133,0,0.0257,0.9996,0.0086,0,-0.3134,-0.0001,0.9496,0,54.7157,-0.1167,-2.0211,1]},
{"frame":8,"values":[0.9543,-0.0272,0.2975,0,0.0259,0.9996,0.0082,0,-0.2976,-0.0001,0.9547,0,54.7157,-0.1167,-2.0211,1]},
{"frame":9,"values":[0.9405,-0.0271,0.3386,0,0.0255,0.9996,0.0092,0,-0.3387,0,0.9409,0,54.7157,-0.1167,-2.0211,1]},
{"frame":10,"values":[0.9348,-0.0271,0.3542,0,0.0253,0.9996,0.0096,0,-0.3544,0,0.9351,0,54.7157,-0.1167,-2.0211,1]},
{"frame":11,"values":[0.9364,-0.0271,0.35,0,0.0254,0.9996,0.0095,0,-0.3501,0,0.9367,0,54.7157,-0.1167,-2.0211,1]},
{"frame":12,"values":[0.9445,-0.0271,0.3275,0,0.0256,0.9996,0.0089,0,-0.3276,0,0.9448,0,54.7157,-0.1167,-2.0211,1]},
{"frame":13,"values":[0.9359,-0.0271,0.3511,0,0.0254,0.9996,0.0095,0,-0.3513,0,0.9363,0,54.7157,-0.1167,-2.0211,1]},
{"frame":14,"values":[0.9148,-0.027,0.403,0,0.0248,0.9996,0.0108,0,-0.4031,0.0001,0.9151,0,54.7157,-0.1167,-2.0211,1]},
{"frame":15,"values":[0.882,-0.027,0.4705,0,0.0239,0.9996,0.0125,0,-0.4707,0.0002,0.8823,0,54.7157,-0.1167,-2.0211,1]},
{"frame":16,"values":[0.8171,-0.0268,0.5759,0,0.0222,0.9996,0.0151,0,-0.5761,0.0005,0.8174,0,54.7157,-0.1167,-2.0211,1]},
{"frame":17,"values":[0.7053,-0.0265,0.7084,0,0.0192,0.9996,0.0183,0,-0.7087,0.0007,0.7056,0,54.7157,-0.1167,-2.0211,1]},
{"frame":18,"values":[0.6144,-0.0263,0.7885,0,0.0169,0.9997,0.0202,0,-0.7888,0.0009,0.6147,0,54.7157,-0.1167,-2.0211,1]},
{"frame":19,"values":[0.5686,-0.0262,0.8222,0,0.0157,0.9997,0.021,0,-0.8224,0.0009,0.5688,0,54.7157,-0.1167,-2.0211,1]},
{"frame":20,"values":[0.5277,-0.0261,0.8491,0,0.0146,0.9997,0.0217,0,-0.8493,0.001,0.5279,0,54.7157,-0.1167,-2.0211,1]},
{"frame":21,"values":[0.5184,-0.0261,0.8548,0,0.0144,0.9997,0.0218,0,-0.855,0.001,0.5186,0,54.7157,-0.1167,-2.0211,1]},
{"frame":22,"values":[0.5812,-0.0262,0.8133,0,0.016,0.9997,0.0208,0,-0.8136,0.0009,0.5815,0,54.7157,-0.1167,-2.0211,1]},
{"frame":23,"values":[0.7259,-0.0266,0.6873,0,0.0198,0.9996,0.0178,0,-0.6875,0.0007,0.7262,0,54.7157,-0.1167,-2.0211,1]},
{"frame":24,"values":[0.8743,-0.0269,0.4847,0,0.0237,0.9996,0.0128,0,-0.4849,0.0003,0.8746,0,54.7157,-0.1167,-2.0211,1]}],"loopBehavior":1,"name":"anim","property":"_matrix"}},
{"name":"mixamorig:LeftHand","index":12,"matrix":[0.9345,0.0642,0.35,0,-0.1726,0.942,0.288,0,-0.3112,-0.3295,0.8914,0,43.2828,1.0945,3.9284,1],"rest":[0.9981,0.059,-0.0182,0,-0.059,0.9983,0.0015,0,0.0182,-0.0004,0.9998,0,43.2828,1.0945,3.9284,1],"parentBoneIndex":11,"length":20.0513
,"animation":{"dataType":3,"framePerSecond":24,"keys":[
{"frame":1,"values":[0.9345,0.0642,0.35,0,-0.1726,0.942,0.288,0,-0.3112,-0.3295,0.8914,0,43.2828,1.0945,3.9284,1]},
{"frame":2,"values":[0.9788,-0.1098,0.1731,0,0.0186,0.8885,0.4585,0,-0.2041,-0.4455,0.8717,0,43.2828,1.0945,3.9284,1]},
{"frame":3,"values":[0.9637,-0.2583,-0.0672,0,0.2382,0.7187,0.6532,0,-0.1205,-0.6455,0.7542,0,43.2828,1.0945,3.9284,1]},
{"frame":4,"values":[0.9236,-0.3093,-0.2265,0,0.366,0.5359,0.7608,0,-0.1139,-0.7856,0.6082,0,43.2828,1.0945,3.9284,1]},
{"frame":5,"values":[0.9169,-0.3519,-0.1884,0,0.3519,0.4899,0.7976,0,-0.1884,-0.7976,0.573,0,43.2828,1.0945,3.9284,1]},
{"frame":6,"values":[0.9352,-0.3445,-0.0817,0,0.2903,0.6141,0.7339,0,-0.2026,-0.7101,0.6743,0,43.2828,1.0945,3.9284,1]},
{"frame":7,"values":[0.9512,-0.3047,-0.0482,0,0.259,0.7039,0.6613,0,-0.1676,-0.6416,0.7485,0,43.2828,1.0945,3.9284,1]},
{"frame":8,"values":[0.9636,-0.2557,-0.0784,0,0.248,0.7444,0.62,0,-0.1001,-0.6168,0.7807,0,43.2828,1.0945,3.9284,1]},
{"frame":9,"values":[0.9624,-0.2314,-0.142,0,0.2696,0.7527,0.6007,0,-0.0321,-0.6164,0.7868,0,43.2828,1.0945,3.9284,1]},
{"frame":10,"values":[0.9676,-0.2075,-0.1436,0,0.2512,0.739,0.6251,0,-0.0237,-0.641,0.7672,0,43.2828,1.0945,3.9284,1]},
{"frame":11,"values":[0.9856,-0.1465,-0.0844,0,0.166,0.7455,0.6455,0,-0.0316,-0.6502,0.7591,0,43.2828,1.0945,3.9284,1]},
{"frame":12,"values":[0.998,-0.0633,0.0053,0,0.0451,0.7648,0.6427,0,-0.0447,-0.6412,0.7661,0,43.2828,1.0945,3.9284,1]},
{"frame":13,"values":[0.9944,0.0482,0.0938,0,-0.0949,0.7971,0.5964,0,-0.046,-0.602,0.7972,0,43.2828,1.0945,3.9284,1]},
{"frame":14,"values":[0.9806,0.1076,0.1638,0,-0.1794,0.8294,0.529,0,-0.0789,-0.5482,0.8326,0,43.2828,1.0945,3.9284,1]},
{"frame":15,"values":[0.9677,0.1125,0.2258,0,-0.2022,0.8811,0.4276,0,-0.1508,-0.4594,0.8753,0,43.2828,1.0945,3.9284,1]},
{"frame":16,"values":[0.9593,0.1803,0.2173,0,-0.2466,0.9099,0.3335,0,-0.1376,-0.3735,0.9174,0,43.2828,1.0945,3.9284,1]},
{"frame":17,"values":[0.9619,0.1775,0.208,0,-0.2319,0.9326,0.2767,0,-0.1449,-0.3144,0.9382,0,43.2828,1.0945,3.9284,1]},
{"frame":18,"values":[0.9509,0.2214,0.2164,0,-0.2732,0.929,0.2497,0,-0.1457,-0.2966,0.9438,0,43.2828,1.0945,3.9284,1]},
{"frame":19,"values":[0.9395,0.2196,0.2631,0,-0.2864,0.9246,0.2512,0,-0.188,-0.3114,0.9315,0,43.2828,1.0945,3.9284,1]},
{"frame":20,"values":[0.9343,0.1799,0.3077,0,-0.2588,0.936,0.2387,0,-0.2451,-0.3026,0.9211,0,43.2828,1.0945,3.9284,1]},
{"frame":21,"values":[0.9254,0.1851,0.3306,0,-0.2571,0.9477,0.1889,0,-0.2784,-0.2598,0.9247,0,43.2828,1.0945,3.9284,1]},
{"frame":22,"values":[0.9212,0.1779,0.3461,0,-0.2479,0.9539,0.1694,0,-0.3,-0.2419,0.9228,0,43.2828,1.0945,3.9284,1]},
{"frame":23,"values":[0.9213,0.1289,0.3669,0,-0.2128,0.9568,0.1983,0,-0.3255,-0.2608,0.9089,0,43.2828,1.0945,3.9284,1]},
{"frame":24,"values":[0.9345,0.0642,0.35,0,-0.1726,0.942,0.288,0,-0.3112,-0.3295,0.8914,0,43.2828,1.0945,3.9284,1]}],"loopBehavior":1,"name":"anim","property":"_matrix"}},
{"name":"mixamorig:LeftHandMiddle1","index":13,"matrix":[0.9278,-0.3563,-0.1108,0,0.3591,0.9333,0.0058,0,0.1014,-0.0452,0.9938,0,22.6036,-0.7608,2.4682,1],"rest":[0.9965,-0.0799,0.0234,0,0.0797,0.9968,0.0089,0,-0.0241,-0.007,0.9997,0,22.6036,-0.7608,2.4682,1],"parentBoneIndex":12,"length":5.5212
,"animation":{"dataType":3,"framePerSecond":24,"keys":[
{"frame":1,"values":[0.9278,-0.3563,-0.1108,0,0.3591,0.9333,0.0058,0,0.1014,-0.0452,0.9938,0,22.6036,-0.7608,2.4682,1]},
{"frame":2,"values":[0.9134,-0.3842,-0.1348,0,0.3882,0.9216,0.0039,0,0.1227,-0.0559,0.9909,0,22.6036,-0.7608,2.4682,1]},
{"frame":3,"values":[0.9145,-0.3773,-0.1463,0,0.3819,0.9242,0.0034,0,0.1339,-0.059,0.9892,0,22.6036,-0.7608,2.4682,1]},
{"frame":4,"values":[0.9526,-0.2809,-0.1164,0,0.2836,0.9589,0.0065,0,0.1099,-0.0392,0.9932,0,22.6036,-0.7608,2.4682,1]},
{"frame":5,"values":[0.9579,-0.2653,-0.1095,0,0.2676,0.9635,0.007,0,0.1037,-0.036,0.994,0,22.6036,-0.7608,2.4682,1]},
{"frame":6,"values":[0.9532,-0.2794,-0.1151,0,0.282,0.9594,0.0065,0,0.1086,-0.0387,0.9933,0,22.6036,-0.7608,2.4682,1]},
{"frame":7,"values":[0.9415,-0.3112,-0.1294,0,0.3145,0.9492,0.0054,0,0.1212,-0.0458,0.9916,0,22.6036,-0.7608,2.4682,1]},
{"frame":8,"values":[0.9477,-0.2925,-0.1277,0,0.2956,0.9553,0.0057,0,0.1203,-0.0432,0.9918,0,22.6036,-0.7608,2.4682,1]},
{"frame":9,"values":[0.9488,-0.2908,-0.1236,0,0.2937,0.9559,0.006,0,0.1164,-0.042,0.9923,0,22.6036,-0.7608,2.4682,1]},
{"frame":10,"values":[0.9268,-0.3551,-0.122,0,0.3584,0.9336,0.0052,0,0.112,-0.0485,0.9925,0,22.6036,-0.7608,2.4682,1]},
{"frame":11,"values":[0.9161,-0.3832,-0.1182,0,0.3864,0.9223,0.0049,0,0.1071,-0.0502,0.993,0,22.6036,-0.7608,2.4682,1]},
{"frame":12,"values":[0.9168,-0.3836,-0.1111,0,0.3865,0.9223,0.0053,0,0.1004,-0.0478,0.9938,0,22.6036,-0.7608,2.4682,1]},
{"frame":13,"values":[0.9321,-0.3468,-0.1044,0,0.3493,0.937,0.0064,0,0.0956,-0.0424,0.9945,0,22.6036,-0.7608,2.4682,1]},
{"frame":14,"values":[0.9444,-0.3134,-0.0997,0,0.3156,0.9489,0.0071,0,0.0924,-0.0382,0.995,0,22.6036,-0.7608,2.4682,1]},
{"frame":15,"values":[0.9465,-0.3075,-0.0974,0,0.3097,0.9508,0.0073,0,0.0904,-0.0371,0.9952,0,22.6036,-0.7608,2.4682,1]},
{"frame":16,"values":[0.9409,-0.3247,-0.0959,0,0.3269,0.945,0.0072,0,0.0883,-0.0381,0.9954,0,22.6036,-0.7608,2.4682,1]},
{"frame":17,"values":[0.9304,-0.3547,-0.0929,0,0.3568,0.9341,0.0069,0,0.0844,-0.0396,0.9956,0,22.6036,-0.7608,2.4682,1]},
{"frame":18,"values":[0.9322,-0.351,-0.0888,0,0.353,0.9356,0.0072,0,0.0806,-0.0381,0.996,0,22.6036,-0.7608,2.4682,1]},
{"frame":19,"values":[0.9441,-0.3199,-0.0799,0,0.3216,0.9469,0.0082,0,0.073,-0.0334,0.9968,0,22.6036,-0.7608,2.4682,1]},
{"frame":20,"values":[0.9485,-0.3068,-0.0795,0,0.3084,0.9512,0.0084,0,0.0731,-0.0325,0.9968,0,22.6036,-0.7608,2.4682,1]},
{"frame":21,"values":[0.9566,-0.2802,-0.0804,0,0.2817,0.9595,0.0086,0,0.0747,-0.0308,0.9967,0,22.6036,-0.7608,2.4682,1]},
{"frame":22,"values":[0.9585,-0.2722,-0.0852,0,0.2739,0.9617,0.0083,0,0.0797,-0.0313,0.9963,0,22.6036,-0.7608,2.4682,1]},
{"frame":23,"values":[0.9426,-0.3189,-0.0986,0,0.3211,0.947,0.0071,0,0.0911,-0.0384,0.9951,0,22.6036,-0.7608,2.4682,1]},
{"frame":24,"values":[0.9278,-0.3563,-0.1108,0,0.3591,0.9333,0.0058,0,0.1014,-0.0452,0.9938,0,22.6036,-0.7608,2.4682,1]}],"loopBehavior":1,"name":"anim","property":"_matrix"}},
{"name":"mixamorig:LeftHandMiddle2","index":14,"matrix":[0.947,-0.3212,-0.0101,0,0.3213,0.9469,0.0143,0,0.0049,-0.0168,0.9998,0,5.4952,0.2585,0.468,1],"rest":[0.9882,0.1448,0.0507,0,-0.1443,0.9894,-0.0136,0,-0.0522,0.0062,0.9986,0,5.4952,0.2584,0.468,1],"parentBoneIndex":13,"length":6.8353
,"animation":{"dataType":3,"framePerSecond":24,"keys":[
{"frame":1,"values":[0.947,-0.3212,-0.0101,0,0.3213,0.9469,0.0143,0,0.0049,-0.0168,0.9998,0,5.4952,0.2585,0.468,1]},
{"frame":2,"values":[0.9471,-0.3207,-0.01,0,0.3208,0.947,0.0143,0,0.0049,-0.0168,0.9998,0,5.4952,0.2585,0.468,1]},
{"frame":3,"values":[0.9474,-0.3199,-0.0099,0,0.32,0.9473,0.0143,0,0.0048,-0.0167,0.9998,0,5.4952,0.2585,0.468,1]},
{"frame":4,"values":[0.9482,-0.3176,-0.0097,0,0.3177,0.9481,0.0142,0,0.0046,-0.0165,0.9999,0,5.4952,0.2585,0.468,1]},
{"frame":5,"values":[0.9477,-0.3191,-0.0098,0,0.3192,0.9476,0.0143,0,0.0048,-0.0167,0.9998,0,5.4952,0.2585,0.468,1]},
{"frame":6,"values":[0.9472,-0.3203,-0.01,0,0.3205,0.9472,0.0143,0,0.0049,-0.0167,0.9998,0,5.4952,0.2585,0.468,1]},
{"frame":7,"values":[0.9467,-0.322,-0.0102,0,0.3222,0.9466,0.0144,0,0.005,-0.0169,0.9998,0,5.4952,0.2585,0.468,1]},
{"frame":8,"values":[0.9474,-0.32,-0.0099,0,0.3201,0.9473,0.0143,0,0.0048,-0.0167,0.9998,0,5.4952,0.2585,0.468,1]},
{"frame":9,"values":[0.948,-0.3182,-0.0097,0,0.3183,0.9479,0.0142,0,0.0047,-0.0166,0.9999,0,5.4952,0.2585,0.468,1]},
