{"producer":{"name":"Blender","version":"2.90.0","exporter_version":"6.4.4","file":"malestraferight.babylon"},
"autoClear":true,"clearColor":[0.0509,0.0509,0.0509],"gravity":[0,-9.81,0],
"materials":[{"name":"Material","id":"Material","customType":"BABYLON.PBRMaterial","backFaceCulling":true,"checkReadyOnlyOnce":false,"maxSimultaneousLights":4,"environmentIntensity":1,"albedo":[0.8,0.8,0.8],"reflectivity":[0.5,0.5,0.5],"roughness":0.4,"alpha":1,"transparencyMode":0,"alphaCutOff":0.4,"metallic":0}],
"multiMaterials":[],
"skeletons":[{"name":"Armature","id":0,"dimensionsAtRest":[338.4114,359.3049,41.4047],"bones":[
{"name":"mixamorig:Hips","index":0,"matrix":[0.4037,0.0003,-0.9149,0,-0.0755,0.9966,-0.0329,0,-0.9118,-0.0824,-0.4024,0,1.2673,185.9704,0.188,1],"rest":[1,0,0,0,0,1,0,0,0,0,-1,0,0,189.9226,0,1],"parentBoneIndex":-1,"length":22.3833
,"animation":{"dataType":3,"framePerSecond":24,"keys":[
{"frame":1,"values":[0.4037,0.0003,-0.9149,0,-0.0755,0.9966,-0.0329,0,-0.9118,-0.0824,-0.4024,0,1.2673,185.9704,0.188,1]},
{"frame":2,"values":[0.3628,0.0082,-0.9318,0,-0.0896,0.9956,-0.0261,0,-0.9276,-0.093,-0.3619,0,1.6141,185.6491,-0.6516,1]},
{"frame":3,"values":[0.3051,-0.0046,-0.9523,0,-0.0963,0.9947,-0.0356,0,-0.9474,-0.1026,-0.3031,0,1.5812,183.3616,-1.6941,1]},
{"frame":4,"values":[0.2121,-0.0314,-0.9767,0,-0.0945,0.9941,-0.0525,0,-0.9727,-0.1034,-0.2079,0,0.5335,178.9224,-2.6335,1]},
{"frame":5,"values":[0.1253,-0.0574,-0.9905,0,-0.0929,0.9933,-0.0693,0,-0.9878,-0.1007,-0.1191,0,-0.2752,174.3804,-3.0859,1]},
{"frame":6,"values":[0.0958,-0.0569,-0.9938,0,-0.0976,0.993,-0.0663,0,-0.9906,-0.1033,-0.0896,0,-0.6979,171.0102,-2.8647,1]},
{"frame":7,"values":[0.1228,-0.0203,-0.9922,0,-0.1065,0.9938,-0.0336,0,-0.9867,-0.1098,-0.1199,0,-2.0299,169.6701,-2.4081,1]},
{"frame":8,"values":[0.1785,0.0192,-0.9838,0,-0.114,0.9935,-0.0013,0,-0.9773,-0.1124,-0.1795,0,-3.6682,169.3956,-1.7949,1]},
{"frame":9,"values":[0.2465,0.0687,-0.9667,0,-0.1261,0.9913,0.0383,0,-0.9609,-0.1124,-0.253,0,-3.2917,171.4057,-1.109,1]},
{"frame":10,"values":[0.3062,0.0948,-0.9472,0,-0.1348,0.9893,0.0555,0,-0.9424,-0.1107,-0.3157,0,-2.2755,174.6494,-0.8688,1]},
{"frame":11,"values":[0.3537,0.084,-0.9316,0,-0.1349,0.9901,0.038,0,-0.9256,-0.1122,-0.3615,0,-1.3864,178.8807,-0.3408,1]},
{"frame":12,"values":[0.3913,0.0582,-0.9184,0,-0.1335,0.991,0.006,0,-0.9105,-0.1203,-0.3956,0,-0.2555,182.8279,0.1452,1]},
{"frame":13,"values":[0.404,0.0343,-0.9141,0,-0.133,0.9909,-0.0216,0,-0.905,-0.1303,-0.4049,0,1.2958,185.9092,-0.1431,1]},
{"frame":14,"values":[0.4082,0.0217,-0.9126,0,-0.1322,0.9906,-0.0356,0,-0.9033,-0.1352,-0.4072,0,3.0433,187.2602,-1.131,1]},
{"frame":15,"values":[0.4184,0.0327,-0.9077,0,-0.1412,0.9895,-0.0295,0,-0.8972,-0.1405,-0.4187,0,4.1961,186.6154,-1.6552,1]},
{"frame":16,"values":[0.4414,0.0619,-0.8952,0,-0.1551,0.9879,-0.0081,0,-0.8838,-0.1425,-0.4457,0,4.2837,183.5073,-1.789,1]},
{"frame":17,"values":[0.4721,0.089,-0.877,0,-0.1602,0.987,0.0139,0,-0.8669,-0.1339,-0.4802,0,3.8722,179.1309,-1.891,1]},
{"frame":18,"values":[0.4836,0.0953,-0.8701,0,-0.1584,0.9872,0.02,0,-0.8609,-0.1282,-0.4924,0,4.3356,175.6697,-1.9507,1]},
{"frame":19,"values":[0.4823,0.0703,-0.8732,0,-0.1355,0.9908,0.0049,0,-0.8654,-0.116,-0.4874,0,3.7165,173.3267,-1.74,1]},
{"frame":20,"values":[0.4847,0.0323,-0.8741,0,-0.1088,0.9938,-0.0236,0,-0.8679,-0.1065,-0.4852,0,1.9415,171.8263,-0.9918,1]},
{"frame":21,"values":[0.4817,0.0082,-0.8763,0,-0.1015,0.9937,-0.0465,0,-0.8704,-0.1114,-0.4795,0,0.851,171.0519,-0.0742,1]},
{"frame":22,"values":[0.4885,-0.0225,-0.8723,0,-0.0809,0.9942,-0.071,0,-0.8688,-0.1052,-0.4838,0,0.4465,172.5534,0.6255,1]},
{"frame":23,"values":[0.4838,-0.031,-0.8746,0,-0.0714,0.9946,-0.0748,0,-0.8723,-0.0986,-0.479,0,0.2518,175.9265,1.0697,1]},
{"frame":24,"values":[0.4539,-0.0257,-0.8907,0,-0.0698,0.9955,-0.0643,0,-0.8883,-0.0914,-0.4501,0,0.3495,180.2315,1.0092,1]},
{"frame":25,"values":[0.4301,-0.0176,-0.9026,0,-0.0683,0.9963,-0.0519,0,-0.9002,-0.084,-0.4273,0,0.715,183.9233,0.6361,1]},
{"frame":26,"values":[0.4037,0.0003,-0.9149,0,-0.0755,0.9966,-0.0329,0,-0.9118,-0.0824,-0.4024,0,1.2673,185.9704,0.188,1]}],"loopBehavior":1,"name":"anim","property":"_matrix"}},
{"name":"mixamorig:Spine","index":1,"matrix":[0.9918,-0.0022,-0.1276,0,0.0154,0.9947,0.1019,0,0.1267,-0.1031,0.9866,0,0.0715,18.4094,-1.6224,1],"rest":[1,0,0,0,0,1,0,0,0,0,1,0,0.0715,18.4094,-1.6224,1],"parentBoneIndex":0,"length":20.2878
,"animation":{"dataType":3,"framePerSecond":24,"keys":[
{"frame":1,"values":[0.9918,-0.0022,-0.1276,0,0.0154,0.9947,0.1019,0,0.1267,-0.1031,0.9866,0,0.0715,18.4094,-1.6224,1]},
{"frame":2,"values":[0.9869,-0.0141,-0.1607,0,0.0299,0.9949,0.096,0,0.1585,-0.0995,0.9823,0,0.0715,18.4094,-1.6224,1]},
{"frame":3,"values":[0.9776,-0.0067,-0.2106,0,0.0259,0.9957,0.0889,0,0.2091,-0.0924,0.9735,0,0.0715,18.4094,-1.6224,1]},
{"frame":4,"values":[0.9583,0.003,-0.2857,0,0.0207,0.9966,0.0799,0,0.285,-0.0825,0.955,0,0.0715,18.4094,-1.6224,1]},
{"frame":5,"values":[0.9372,0.0117,-0.3486,0,0.0167,0.9968,0.0784,0,0.3484,-0.0793,0.934,0,0.0715,18.4094,-1.6224,1]},
{"frame":6,"values":[0.9286,0.003,-0.371,0,0.0281,0.9965,0.0785,0,0.37,-0.0833,0.9253,0,0.0715,18.4094,-1.6224,1]},
{"frame":7,"values":[0.9338,-0.034,-0.3563,0,0.0638,0.9953,0.0722,0,0.3522,-0.0902,0.9316,0,0.0715,18.4094,-1.6224,1]},
{"frame":8,"values":[0.9392,-0.069,-0.3363,0,0.0969,0.993,0.0669,0,0.3293,-0.0954,0.9394,0,0.0715,18.4094,-1.6224,1]},
{"frame":9,"values":[0.9508,-0.1041,-0.2917,0,0.1314,0.9885,0.0754,0,0.2805,-0.11,0.9535,0,0.0715,18.4094,-1.6224,1]},
{"frame":10,"values":[0.9677,-0.1091,-0.2271,0,0.1321,0.9873,0.0888,0,0.2146,-0.1159,0.9698,0,0.0715,18.4094,-1.6224,1]},
{"frame":11,"values":[0.9795,-0.0881,-0.1812,0,0.1072,0.9894,0.0985,0,0.1706,-0.1159,0.9785,0,0.0715,18.4094,-1.6224,1]},
{"frame":12,"values":[0.9876,-0.0542,-0.1473,0,0.0696,0.9924,0.1019,0,0.1407,-0.1109,0.9838,0,0.0715,18.4094,-1.6224,1]},
{"frame":13,"values":[0.9912,-0.0213,-0.1304,0,0.0349,0.9941,0.1024,0,0.1275,-0.106,0.9862,0,0.0715,18.4094,-1.6224,1]},
{"frame":14,"values":[0.9932,-0.0036,-0.1166,0,0.0156,0.9947,0.102,0,0.1157,-0.1031,0.9879,0,0.0715,18.4094,-1.6224,1]},
{"frame":15,"values":[0.9953,-0.0131,-0.096,0,0.0227,0.9948,0.0995,0,0.0942,-0.1012,0.9904,0,0.0715,18.4094,-1.6224,1]},
{"frame":16,"values":[0.9971,-0.0403,-0.0641,0,0.0462,0.9945,0.0941,0,0.0599,-0.0968,0.9935,0,0.0715,18.4094,-1.6224,1]},
{"frame":17,"values":[0.9978,-0.0563,-0.0346,0,0.0594,0.9938,0.0936,0,0.0291,-0.0955,0.995,0,0.0715,18.4094,-1.6224,1]},
{"frame":18,"values":[0.9985,-0.0491,-0.0252,0,0.0513,0.994,0.097,0,0.0203,-0.0982,0.995,0,0.0715,18.4094,-1.6224,1]},
{"frame":19,"values":[0.9994,-0.0205,-0.0295,0,0.0234,0.9947,0.1005,0,0.0273,-0.1011,0.9945,0,0.0715,18.4094,-1.6224,1]},
{"frame":20,"values":[0.9992,0.014,-0.0383,0,-0.0102,0.9953,0.0968,0,0.0395,-0.0963,0.9946,0,0.0715,18.4094,-1.6224,1]},
{"frame":21,"values":[0.9983,0.0342,-0.0462,0,-0.0298,0.9953,0.0918,0,0.0491,-0.0903,0.9947,0,0.0715,18.4094,-1.6224,1]},
{"frame":22,"values":[0.9971,0.0583,-0.0499,0,-0.0532,0.9938,0.0977,0,0.0553,-0.0948,0.994,0,0.0715,18.4094,-1.6224,1]},
{"frame":23,"values":[0.9962,0.0567,-0.0667,0,-0.0498,0.9937,0.1008,0,0.0719,-0.0971,0.9927,0,0.0715,18.4094,-1.6224,1]},
{"frame":24,"values":[0.9949,0.0385,-0.0934,0,-0.0289,0.9944,0.1021,0,0.0968,-0.0989,0.9904,0,0.0715,18.4094,-1.6224,1]},
{"frame":25,"values":[0.9937,0.0213,-0.1099,0,-0.0099,0.9947,0.1027,0,0.1115,-0.101,0.9886,0,0.0715,18.4094,-1.6224,1]},
{"frame":26,"values":[0.9918,-0.0022,-0.1276,0,0.0154,0.9947,0.1019,0,0.1267,-0.1031,0.9866,0,0.0715,18.4094,-1.6224,1]}],"loopBehavior":1,"name":"anim","property":"_matrix"}},
{"name":"mixamorig:Spine1","index":2,"matrix":[0.9965,-0.001,-0.0831,0,0.0071,0.9973,0.0728,0,0.0828,-0.0731,0.9939,0,-0.3249,20.2384,-1.3771,1],"rest":[1,0,0,0,0,1,0,0,0,0,1,0,-0.3249,20.2384,-1.3771,1],"parentBoneIndex":1,"length":24.4383
,"animation":{"dataType":3,"framePerSecond":24,"keys":[
{"frame":1,"values":[0.9965,-0.001,-0.0831,0,0.0071,0.9973,0.0728,0,0.0828,-0.0731,0.9939,0,-0.3249,20.2384,-1.3771,1]},
{"frame":2,"values":[0.9957,-0.0102,-0.0919,0,0.0166,0.9975,0.0686,0,0.0909,-0.0698,0.9934,0,-0.3249,20.2384,-1.3771,1]},
{"frame":3,"values":[0.9947,-0.0111,-0.1025,0,0.0175,0.9979,0.0625,0,0.1016,-0.0639,0.9928,0,-0.3249,20.2384,-1.3771,1]},
{"frame":4,"values":[0.9934,-0.0068,-0.1143,0,0.0133,0.9983,0.0563,0,0.1138,-0.0574,0.9918,0,-0.3249,20.2384,-1.3771,1]},
{"frame":5,"values":[0.9922,-0.0039,-0.1242,0,0.0106,0.9985,0.0538,0,0.1238,-0.0547,0.9908,0,-0.3249,20.2384,-1.3771,1]},
{"frame":6,"values":[0.9918,-0.0087,-0.1274,0,0.0161,0.9983,0.0567,0,0.1267,-0.0583,0.9902,0,-0.3249,20.2384,-1.3771,1]},
{"frame":7,"values":[0.9918,-0.0216,-0.1263,0,0.0289,0.998,0.0562,0,0.1249,-0.0594,0.9904,0,-0.3249,20.2384,-1.3771,1]},
{"frame":8,"values":[0.9922,-0.0357,-0.1195,0,0.0426,0.9975,0.0555,0,0.1172,-0.0601,0.9913,0,-0.3249,20.2384,-1.3771,1]},
{"frame":9,"values":[0.9918,-0.0436,-0.1203,0,0.0514,0.9967,0.0626,0,0.1172,-0.0683,0.9908,0,-0.3249,20.2384,-1.3771,1]},
{"frame":10,"values":[0.9912,-0.0451,-0.124,0,0.0537,0.9963,0.0665,0,0.1206,-0.0726,0.99,0,-0.3249,20.2384,-1.3771,1]},
{"frame":11,"values":[0.9927,-0.0381,-0.1141,0,0.0464,0.9964,0.0704,0,0.111,-0.0752,0.991,0,-0.3249,20.2384,-1.3771,1]},
{"frame":12,"values":[0.9947,-0.028,-0.0993,0,0.0353,0.9967,0.0725,0,0.097,-0.0757,0.9924,0,-0.3249,20.2384,-1.3771,1]},
{"frame":13,"values":[0.996,-0.017,-0.0878,0,0.0235,0.997,0.0735,0,0.0863,-0.0753,0.9934,0,-0.3249,20.2384,-1.3771,1]},
{"frame":14,"values":[0.9966,-0.0088,-0.0816,0,0.0148,0.9972,0.0736,0,0.0808,-0.0746,0.9939,0,-0.3249,20.2384,-1.3771,1]},
{"frame":15,"values":[0.997,-0.0067,-0.0774,0,0.0123,0.9973,0.0719,0,0.0767,-0.0726,0.9944,0,-0.3249,20.2384,-1.3771,1]},
{"frame":16,"values":[0.9975,-0.013,-0.0693,0,0.0176,0.9976,0.0662,0,0.0683,-0.0673,0.9954,0,-0.3249,20.2384,-1.3771,1]},
{"frame":17,"values":[0.998,-0.0202,-0.0598,0,0.024,0.9977,0.0639,0,0.0584,-0.0652,0.9962,0,-0.3249,20.2384,-1.3771,1]},
{"frame":18,"values":[0.9983,-0.0196,-0.0541,0,0.0232,0.9975,0.0666,0,0.0527,-0.0678,0.9963,0,-0.3249,20.2384,-1.3771,1]},
{"frame":19,"values":[0.9985,-0.0088,-0.0534,0,0.0126,0.9974,0.0705,0,0.0527,-0.0711,0.9961,0,-0.3249,20.2384,-1.3771,1]},
{"frame":20,"values":[0.9984,0.0022,-0.0569,0,0.0018,0.9975,0.0702,0,0.0569,-0.0702,0.9959,0,-0.3249,20.2384,-1.3771,1]},
{"frame":21,"values":[0.9981,0.0106,-0.0609,0,-0.0065,0.9977,0.0681,0,0.0615,-0.0676,0.9958,0,-0.3249,20.2384,-1.3771,1]},
{"frame":22,"values":[0.998,0.0238,-0.0583,0,-0.0195,0.9972,0.0722,0,0.0599,-0.0709,0.9957,0,-0.3249,20.2384,-1.3771,1]},
{"frame":23,"values":[0.9977,0.0234,-0.0629,0,-0.0187,0.9971,0.0732,0,0.0644,-0.0719,0.9953,0,-0.3249,20.2384,-1.3771,1]},
{"frame":24,"values":[0.9971,0.016,-0.0746,0,-0.0105,0.9973,0.073,0,0.0755,-0.072,0.9945,0,-0.3249,20.2384,-1.3771,1]},
{"frame":25,"values":[0.9968,0.0093,-0.0789,0,-0.0035,0.9973,0.073,0,0.0794,-0.0725,0.9942,0,-0.3249,20.2384,-1.3771,1]},
{"frame":26,"values":[0.9965,-0.001,-0.0831,0,0.0071,0.9973,0.0728,0,0.0828,-0.0731,0.9939,0,-0.3249,20.2384,-1.3771,1]}],"loopBehavior":1,"name":"anim","property":"_matrix"}},
{"name":"mixamorig:Spine2","index":3,"matrix":[0.9965,-0.0007,-0.0835,0,0.0067,0.9974,0.0723,0,0.0833,-0.0726,0.9939,0,-0.0232,24.4369,-0.2575,1],"rest":[1,0,0,0,0,1,0,0,0,0,1,0,-0.0232,24.4369,-0.2575,1],"parentBoneIndex":2,"length":22.4221
,"animation":{"dataType":3,"framePerSecond":24,"keys":[
{"frame":1,"values":[0.9965,-0.0007,-0.0835,0,0.0067,0.9974,0.0723,0,0.0833,-0.0726,0.9939,0,-0.0232,24.4369,-0.2575,1]},
{"frame":2,"values":[0.9957,-0.0101,-0.0925,0,0.0164,0.9976,0.0678,0,0.0916,-0.069,0.9934,0,-0.0232,24.4369,-0.2575,1]},
{"frame":3,"values":[0.9946,-0.0113,-0.1033,0,0.0177,0.998,0.0612,0,0.1024,-0.0627,0.9928,0,-0.0232,24.4369,-0.2575,1]},
{"frame":4,"values":[0.9933,-0.0078,-0.1151,0,0.0142,0.9984,0.0549,0,0.1145,-0.0562,0.9918,0,-0.0232,24.4369,-0.2575,1]},
{"frame":5,"values":[0.9921,-0.0053,-0.125,0,0.0119,0.9986,0.0523,0,0.1245,-0.0533,0.9908,0,-0.0232,24.4369,-0.2575,1]},
{"frame":6,"values":[0.9917,-0.0097,-0.1281,0,0.0169,0.9983,0.0551,0,0.1274,-0.0569,0.9902,0,-0.0232,24.4369,-0.2575,1]},
{"frame":7,"values":[0.9917,-0.0219,-0.1269,0,0.0291,0.9981,0.0546,0,0.1255,-0.0578,0.9904,0,-0.0232,24.4369,-0.2575,1]},
{"frame":8,"values":[0.9921,-0.0357,-0.1201,0,0.0425,0.9976,0.054,0,0.1179,-0.0587,0.9913,0,-0.0232,24.4369,-0.2575,1]},
{"frame":9,"values":[0.9917,-0.0432,-0.1209,0,0.0509,0.9968,0.0613,0,0.1179,-0.0669,0.9908,0,-0.0232,24.4369,-0.2575,1]},
{"frame":10,"values":[0.9912,-0.0448,-0.1246,0,0.0532,0.9964,0.0653,0,0.1212,-0.0714,0.9901,0,-0.0232,24.4369,-0.2575,1]},
{"frame":11,"values":[0.9927,-0.0379,-0.1145,0,0.0461,0.9965,0.0696,0,0.1114,-0.0744,0.991,0,-0.0232,24.4369,-0.2575,1]},
{"frame":12,"values":[0.9946,-0.0277,-0.0997,0,0.035,0.9968,0.0721,0,0.0974,-0.0752,0.9924,0,-0.0232,24.4369,-0.2575,1]},
{"frame":13,"values":[0.996,-0.0167,-0.0882,0,0.0232,0.997,0.0732,0,0.0867,-0.075,0.9934,0,-0.0232,24.4369,-0.2575,1]},
{"frame":14,"values":[0.9966,-0.0083,-0.082,0,0.0143,0.9972,0.0733,0,0.0812,-0.0743,0.9939,0,-0.0232,24.4369,-0.2575,1]},
{"frame":15,"values":[0.997,-0.0063,-0.0775,0,0.0118,0.9974,0.0718,0,0.0769,-0.0725,0.9944,0,-0.0232,24.4369,-0.2575,1]},
{"frame":16,"values":[0.9975,-0.0127,-0.0691,0,0.0174,0.9976,0.0665,0,0.0681,-0.0675,0.9954,0,-0.0232,24.4369,-0.2575,1]},
{"frame":17,"values":[0.998,-0.0201,-0.0593,0,0.0239,0.9976,0.0643,0,0.0579,-0.0656,0.9962,0,-0.0232,24.4369,-0.2575,1]},
{"frame":18,"values":[0.9984,-0.0195,-0.0537,0,0.0231,0.9975,0.0669,0,0.0523,-0.068,0.9963,0,-0.0232,24.4369,-0.2575,1]},
{"frame":19,"values":[0.9985,-0.0086,-0.0533,0,0.0124,0.9974,0.0706,0,0.0526,-0.0712,0.9961,0,-0.0232,24.4369,-0.2575,1]},
{"frame":20,"values":[0.9984,0.0026,-0.0571,0,0.0014,0.9975,0.07,0,0.0571,-0.07,0.9959,0,-0.0232,24.4369,-0.2575,1]},
{"frame":21,"values":[0.9981,0.0112,-0.0614,0,-0.007,0.9977,0.0677,0,0.062,-0.0671,0.9958,0,-0.0232,24.4369,-0.2575,1]},
{"frame":22,"values":[0.998,0.0243,-0.0588,0,-0.0201,0.9972,0.0717,0,0.0604,-0.0704,0.9957,0,-0.0232,24.4369,-0.2575,1]},
{"frame":23,"values":[0.9977,0.0238,-0.0632,0,-0.0192,0.9972,0.0728,0,0.0648,-0.0714,0.9953,0,-0.0232,24.4369,-0.2575,1]},
{"frame":24,"values":[0.9971,0.0164,-0.0748,0,-0.0109,0.9973,0.0726,0,0.0758,-0.0716,0.9945,0,-0.0232,24.4369,-0.2575,1]},
{"frame":25,"values":[0.9968,0.0096,-0.0792,0,-0.0039,0.9973,0.0727,0,0.0797,-0.0721,0.9942,0,-0.0232,24.4369,-0.2575,1]},
{"frame":26,"values":[0.9965,-0.0007,-0.0835,0,0.0067,0.9974,0.0723,0,0.0833,-0.0726,0.9939,0,-0.0232,24.4369,-0.2575,1]}],"loopBehavior":1,"name":"anim","property":"_matrix"}},
{"name":"mixamorig:Neck","index":4,"matrix":[0.9947,0.0411,-0.0945,0,-0.033,0.9957,0.086,0,0.0976,-0.0824,0.9918,0,0.3476,27.4659,2.4654,1],"rest":[1,0,0,0,0,1,0,0,0,0,1,0,0.3476,27.4659,2.4654,1],"parentBoneIndex":3,"length":19.1448
,"animation":{"dataType":3,"framePerSecond":24,"keys":[
{"frame":1,"values":[0.9947,0.0411,-0.0945,0,-0.033,0.9957,0.086,0,0.0976,-0.0824,0.9918,0,0.3476,27.4659,2.4654,1]},
{"frame":2,"values":[0.9948,0.039,-0.0946,0,-0.0308,0.9958,0.0864,0,0.0975,-0.083,0.9918,0,0.3476,27.4659,2.4654,1]},
{"frame":3,"values":[0.9949,0.0318,-0.0957,0,-0.0238,0.9962,0.0838,0,0.098,-0.0811,0.9919,0,0.3476,27.4659,2.4654,1]},
{"frame":4,"values":[0.9948,0.0312,-0.0972,0,-0.0236,0.9967,0.0782,0,0.0993,-0.0755,0.9922,0,0.3476,27.4659,2.4654,1]},
{"frame":5,"values":[0.9945,0.03,-0.0999,0,-0.023,0.9972,0.0707,0,0.1017,-0.068,0.9925,0,0.3476,27.4659,2.4654,1]},
{"frame":6,"values":[0.9944,0.0284,-0.1014,0,-0.0216,0.9975,0.0672,0,0.1031,-0.0646,0.9926,0,0.3476,27.4659,2.4654,1]},
{"frame":7,"values":[0.9945,0.0294,-0.1002,0,-0.0226,0.9974,0.0679,0,0.1019,-0.0653,0.9926,0,0.3476,27.4659,2.4654,1]},
{"frame":8,"values":[0.9948,0.0313,-0.097,0,-0.0247,0.9973,0.0689,0,0.0989,-0.0661,0.9929,0,0.3476,27.4659,2.4654,1]},
{"frame":9,"values":[0.9951,0.0266,-0.0956,0,-0.0196,0.9971,0.0733,0,0.0972,-0.0711,0.9927,0,0.3476,27.4659,2.4654,1]},
{"frame":10,"values":[0.995,0.0171,-0.0988,0,-0.0094,0.9969,0.0777,0,0.0998,-0.0764,0.9921,0,0.3476,27.4659,2.4654,1]},
{"frame":11,"values":[0.9948,0.0166,-0.1006,0,-0.0087,0.9969,0.0784,0,0.1016,-0.0771,0.9918,0,0.3476,27.4659,2.4654,1]},
{"frame":12,"values":[0.9946,0.0166,-0.1021,0,-0.0079,0.9964,0.0844,0,0.1031,-0.0832,0.9912,0,0.3476,27.4659,2.4654,1]},
{"frame":13,"values":[0.9945,0.0147,-0.104,0,-0.0057,0.9963,0.0863,0,0.1049,-0.0852,0.9908,0,0.3476,27.4659,2.4654,1]},
{"frame":14,"values":[0.9944,0.0166,-0.1046,0,-0.008,0.9966,0.0822,0,0.1056,-0.0809,0.9911,0,0.3476,27.4659,2.4654,1]},
{"frame":15,"values":[0.9942,0.0203,-0.1052,0,-0.0124,0.9971,0.0752,0,0.1064,-0.0735,0.9916,0,0.3476,27.4659,2.4654,1]},
{"frame":16,"values":[0.994,0.0241,-0.1069,0,-0.0168,0.9975,0.0687,0,0.1083,-0.0665,0.9919,0,0.3476,27.4659,2.4654,1]},
{"frame":17,"values":[0.9938,0.0268,-0.1076,0,-0.0197,0.9976,0.0668,0,0.1091,-0.0643,0.992,0,0.3476,27.4659,2.4654,1]},
{"frame":18,"values":[0.9939,0.0251,-0.1078,0,-0.0181,0.9977,0.0655,0,0.1092,-0.0631,0.992,0,0.3476,27.4659,2.4654,1]},
{"frame":19,"values":[0.9939,0.0217,-0.108,0,-0.0143,0.9975,0.0687,0,0.1092,-0.0667,0.9918,0,0.3476,27.4659,2.4654,1]},
{"frame":20,"values":[0.9941,0.0224,-0.106,0,-0.0148,0.9973,0.0718,0,0.1073,-0.0698,0.9918,0,0.3476,27.4659,2.4654,1]},
{"frame":21,"values":[0.9942,0.0215,-0.105,0,-0.0143,0.9975,0.0688,0,0.1062,-0.0669,0.9921,0,0.3476,27.4659,2.4654,1]},
{"frame":22,"values":[0.9944,0.0205,-0.1039,0,-0.0137,0.9977,0.0662,0,0.105,-0.0645,0.9924,0,0.3476,27.4659,2.4654,1]},
{"frame":23,"values":[0.9947,0.0272,-0.0995,0,-0.0206,0.9976,0.0668,0,0.1011,-0.0644,0.9928,0,0.3476,27.4659,2.4654,1]},
{"frame":24,"values":[0.9948,0.0351,-0.0958,0,-0.0282,0.997,0.072,0,0.0981,-0.0689,0.9928,0,0.3476,27.4659,2.4654,1]},
{"frame":25,"values":[0.9947,0.0394,-0.0949,0,-0.0317,0.9962,0.0808,0,0.0977,-0.0774,0.9922,0,0.3476,27.4659,2.4654,1]},
{"frame":26,"values":[0.9947,0.0411,-0.0945,0,-0.033,0.9957,0.086,0,0.0976,-0.0824,0.9918,0,0.3476,27.4659,2.4654,1]}],"loopBehavior":1,"name":"anim","property":"_matrix"}},
{"name":"mixamorig:Head","index":5,"matrix":[0.8108,-0.1775,-0.5577,0,0.1049,0.9815,-0.16,0,0.5758,0.0712,0.8145,0,-0.2079,18.7004,4.0957,1],"rest":[1,0,0,0,0,1,0,0,0,0,1,0,-0.2079,18.7004,4.0957,1],"parentBoneIndex":4,"length":28.1562
,"animation":{"dataType":3,"framePerSecond":24,"keys":[
{"frame":1,"values":[0.8108,-0.1775,-0.5577,0,0.1049,0.9815,-0.16,0,0.5758,0.0712,0.8145,0,-0.2079,18.7004,4.0957,1]},
{"frame":2,"values":[0.8126,-0.1722,-0.5568,0,0.1006,0.9825,-0.1569,0,0.5741,0.0715,0.8157,0,-0.2079,18.7004,4.0957,1]},
{"frame":3,"values":[0.8102,-0.1825,-0.5571,0,0.1099,0.9807,-0.1614,0,0.5758,0.0695,0.8146,0,-0.2079,18.7004,4.0957,1]},
{"frame":4,"values":[0.8015,-0.1951,-0.5653,0,0.1218,0.9787,-0.1651,0,0.5855,0.0634,0.8082,0,-0.2079,18.7004,4.0957,1]},
{"frame":5,"values":[0.7926,-0.2029,-0.5749,0,0.1232,0.9768,-0.175,0,0.5971,0.0679,0.7993,0,-0.2079,18.7004,4.0957,1]},
{"frame":6,"values":[0.7914,-0.2075,-0.575,0,0.1111,0.9738,-0.1984,0,0.6011,0.0932,0.7938,0,-0.2079,18.7004,4.0957,1]},
{"frame":7,"values":[0.8012,-0.1937,-0.5662,0,0.0877,0.9739,-0.2092,0,0.592,0.1179,0.7973,0,-0.2079,18.7004,4.0957,1]},
{"frame":8,"values":[0.8181,-0.1691,-0.5497,0,0.0655,0.977,-0.203,0,0.5713,0.1301,0.8104,0,-0.2079,18.7004,4.0957,1]},
{"frame":9,"values":[0.8278,-0.1619,-0.5372,0,0.0576,0.977,-0.2055,0,0.5581,0.1392,0.818,0,-0.2079,18.7004,4.0957,1]},
{"frame":10,"values":[0.8229,-0.165,-0.5438,0,0.0648,0.9779,-0.1987,0,0.5645,0.1283,0.8154,0,-0.2079,18.7004,4.0957,1]},
{"frame":11,"values":[0.8176,-0.1658,-0.5514,0,0.0765,0.9804,-0.1813,0,0.5706,0.106,0.8143,0,-0.2079,18.7004,4.0957,1]},
{"frame":12,"values":[0.8148,-0.1627,-0.5565,0,0.0802,0.9822,-0.1698,0,0.5742,0.0937,0.8133,0,-0.2079,18.7004,4.0957,1]},
{"frame":13,"values":[0.8106,-0.1656,-0.5617,0,0.0865,0.9825,-0.1649,0,0.5792,0.085,0.8107,0,-0.2079,18.7004,4.0957,1]},
{"frame":14,"values":[0.8067,-0.1738,-0.5648,0,0.0932,0.9812,-0.1688,0,0.5836,0.0835,0.8078,0,-0.2079,18.7004,4.0957,1]},
{"frame":15,"values":[0.8022,-0.1847,-0.5678,0,0.0968,0.9786,-0.1816,0,0.5892,0.0907,0.8029,0,-0.2079,18.7004,4.0957,1]},
{"frame":16,"values":[0.7984,-0.1897,-0.5714,0,0.0922,0.9764,-0.1954,0,0.595,0.1034,0.7971,0,-0.2079,18.7004,4.0957,1]},
{"frame":17,"values":[0.7962,-0.2012,-0.5705,0,0.0926,0.9725,-0.2138,0,0.5979,0.1174,0.793,0,-0.2079,18.7004,4.0957,1]},
{"frame":18,"values":[0.7928,-0.2203,-0.5683,0,0.105,0.9678,-0.2288,0,0.6004,0.1217,0.7904,0,-0.2079,18.7004,4.0957,1]},
{"frame":19,"values":[0.7882,-0.2302,-0.5707,0,0.121,0.9673,-0.223,0,0.6034,0.1067,0.7903,0,-0.2079,18.7004,4.0957,1]},
{"frame":20,"values":[0.7883,-0.2262,-0.5722,0,0.136,0.971,-0.1966,0,0.6001,0.0772,0.7962,0,-0.2079,18.7004,4.0957,1]},
{"frame":21,"values":[0.7833,-0.2436,-0.5719,0,0.1544,0.9674,-0.2005,0,0.6021,0.0688,0.7954,0,-0.2079,18.7004,4.0957,1]},
{"frame":22,"values":[0.7813,-0.2633,-0.5658,0,0.1643,0.9614,-0.2205,0,0.6021,0.0793,0.7945,0,-0.2079,18.7004,4.0957,1]},
{"frame":23,"values":[0.7967,-0.2409,-0.5543,0,0.1459,0.9667,-0.2104,0,0.5865,0.0868,0.8053,0,-0.2079,18.7004,4.0957,1]},
{"frame":24,"values":[0.8075,-0.2108,-0.5509,0,0.1257,0.974,-0.1886,0,0.5763,0.0831,0.813,0,-0.2079,18.7004,4.0957,1]},
{"frame":25,"values":[0.8092,-0.1919,-0.5553,0,0.1147,0.9786,-0.1711,0,0.5762,0.0748,0.8139,0,-0.2079,18.7004,4.0957,1]},
{"frame":26,"values":[0.8108,-0.1775,-0.5577,0,0.1049,0.9815,-0.16,0,0.5758,0.0712,0.8145,0,-0.2079,18.7004,4.0957,1]}],"loopBehavior":1,"name":"anim","property":"_matrix"}},
{"name":"mixamorig:HeadTop_End","index":6,"matrix":[1,0,0,0,0,1,0,0,0,0,1,0,0.0892,36.4747,10.0221,1],"rest":[1,0,0,0,0,1,0,0,0,0,1,0,0.0892,36.4747,10.0221,1],"parentBoneIndex":5,"length":28.1562
,"animation":{"dataType":3,"framePerSecond":24,"keys":[
{"frame":1,"values":[1,0,0,0,0,1,0,0,0,0,1,0,0.0892,36.4747,10.0221,1]},
{"frame":6,"values":[1,0,0,0,0,1,0,0,0,0,1,0,0.0892,36.4746,10.0221,1]},
{"frame":7,"values":[1,0,0,0,0,1,0,0,0,0,1,0,0.0892,36.4747,10.0221,1]},
{"frame":13,"values":[1,0,0,0,0,1,0,0,0,0,1,0,0.0892,36.4748,10.0221,1]},
{"frame":14,"values":[1,0,0,0,0,1,0,0,0,0,1,0,0.0892,36.4747,10.0221,1]},
{"frame":26,"values":[1,0,0,0,0,1,0,0,0,0,1,0,0.0892,36.4747,10.0221,1]}],"loopBehavior":1,"name":"anim","property":"_matrix"}},
{"name":"mixamorig:RightEye","index":7,"matrix":[1,0,0,0,0,1,0,0,0,0,1,0,-5.9256,14.7458,16.7647,1],"rest":[1,0,0,0,0,1,0,0,0,0,1,0,-5.9256,14.7458,16.7647,1],"parentBoneIndex":5,"length":28.1562
,"animation":{"dataType":3,"framePerSecond":24,"keys":[
{"frame":1,"values":[1,0,0,0,0,1,0,0,0,0,1,0,-5.9256,14.7458,16.7647,1]},
{"frame":5,"values":[1,0,0,0,0,1,0,0,0,0,1,0,-5.9256,14.7457,16.7647,1]},
{"frame":6,"values":[1,0,0,0,0,1,0,0,0,0,1,0,-5.9256,14.7458,16.7647,1]},
{"frame":26,"values":[1,0,0,0,0,1,0,0,0,0,1,0,-5.9256,14.7458,16.7647,1]}],"loopBehavior":1,"name":"anim","property":"_matrix"}},
{"name":"mixamorig:LeftEye","index":8,"matrix":[1,0,0,0,0,1,0,0,0,0,1,0,6.2739,14.9642,17.0569,1],"rest":[1,0,0,0,0,1,0,0,0,0,1,0,6.2739,14.9642,17.0569,1],"parentBoneIndex":5,"length":28.1562
,"animation":{"dataType":3,"framePerSecond":24,"keys":[
{"frame":1,"values":[1,0,0,0,0,1,0,0,0,0,1,0,6.2739,14.9642,17.0569,1]},
{"frame":11,"values":[1,0,0,0,0,1,0,0,0,0,1,0,6.2739,14.9643,17.0569,1]},
{"frame":12,"values":[1,0,0,0,0,1,0,0,0,0,1,0,6.2739,14.9642,17.0569,1]},
{"frame":26,"values":[1,0,0,0,0,1,0,0,0,0,1,0,6.2739,14.9642,17.0569,1]}],"loopBehavior":1,"name":"anim","property":"_matrix"}},
{"name":"mixamorig:LeftShoulder","index":9,"matrix":[0.9884,-0.147,-0.0386,0,0.1477,0.9889,0.017,0,0.0357,-0.0225,0.9991,0,10.423,17.1773,1.9211,1],"rest":[0.9999,-0.0165,0,0,0.0165,0.9999,0,0,0,0,1,0,10.423,17.1773,1.9211,1],"parentBoneIndex":3,"length":22.8504
,"animation":{"dataType":3,"framePerSecond":24,"keys":[
{"frame":1,"values":[0.9884,-0.147,-0.0386,0,0.1477,0.9889,0.017,0,0.0357,-0.0225,0.9991,0,10.423,17.1773,1.9211,1]},
{"frame":2,"values":[0.9871,-0.1446,-0.069,0,0.1463,0.989,0.0199,0,0.0654,-0.0297,0.9974,0,10.423,17.1773,1.9211,1]},
{"frame":3,"values":[0.9847,-0.1445,-0.0972,0,0.1472,0.9889,0.0215,0,0.0931,-0.0355,0.995,0,10.423,17.1773,1.9211,1]},
{"frame":4,"values":[0.9823,-0.1448,-0.1188,0,0.1484,0.9887,0.0217,0,0.1143,-0.039,0.9927,0,10.423,17.1773,1.9211,1]},
{"frame":5,"values":[0.9811,-0.1442,-0.129,0,0.148,0.9888,0.0209,0,0.1245,-0.0396,0.9914,0,10.423,17.1773,1.9211,1]},
{"frame":6,"values":[0.9805,-0.1486,-0.1284,0,0.1523,0.9881,0.0196,0,0.1239,-0.0388,0.9915,0,10.423,17.1773,1.9211,1]},
{"frame":7,"values":[0.9803,-0.158,-0.1183,0,0.1612,0.9867,0.0184,0,0.1138,-0.0371,0.9928,0,10.423,17.1773,1.9211,1]},
{"frame":8,"values":[0.9817,-0.1627,-0.0986,0,0.1652,0.9861,0.0174,0,0.0944,-0.0334,0.995,0,10.423,17.1773,1.9211,1]},
{"frame":9,"values":[0.9824,-0.1691,-0.08,0,0.1708,0.9852,0.0155,0,0.0762,-0.0289,0.9967,0,10.423,17.1773,1.9211,1]},
{"frame":10,"values":[0.981,-0.1822,-0.0662,0,0.1834,0.983,0.0125,0,0.0628,-0.0244,0.9977,0,10.423,17.1773,1.9211,1]},
{"frame":11,"values":[0.9812,-0.1863,-0.0508,0,0.187,0.9823,0.0096,0,0.0482,-0.0189,0.9987,0,10.423,17.1773,1.9211,1]},
{"frame":12,"values":[0.982,-0.1853,-0.0355,0,0.1857,0.9826,0.007,0,0.0336,-0.0135,0.9993,0,10.423,17.1773,1.9211,1]},
{"frame":13,"values":[0.9824,-0.1854,-0.0221,0,0.1856,0.9826,0.0053,0,0.0207,-0.0093,0.9997,0,10.423,17.1773,1.9211,1]},
{"frame":14,"values":[0.9832,-0.1822,-0.0073,0,0.1823,0.9832,0.0039,0,0.0065,-0.0052,1,0,10.423,17.1773,1.9211,1]},
{"frame":15,"values":[0.9838,-0.179,0.0106,0,0.179,0.9838,0.0025,0,-0.0108,-0.0005,0.9999,0,10.423,17.1773,1.9211,1]},
{"frame":16,"values":[0.9838,-0.1766,0.0324,0,0.1766,0.9843,0.0016,0,-0.0322,0.0042,0.9995,0,10.423,17.1773,1.9211,1]},
{"frame":17,"values":[0.9819,-0.18,0.0595,0,0.1802,0.9836,0.0021,0,-0.0589,0.0087,0.9982,0,10.423,17.1773,1.9211,1]},
{"frame":18,"values":[0.9801,-0.1821,0.0791,0,0.1825,0.9832,0.002,0,-0.0781,0.0125,0.9969,0,10.423,17.1773,1.9211,1]},
{"frame":19,"values":[0.9794,-0.1815,0.0887,0,0.1821,0.9833,0.0012,0,-0.0874,0.015,0.9961,0,10.423,17.1773,1.9211,1]},
{"frame":20,"values":[0.9799,-0.1775,0.0914,0,0.1782,0.984,0.0008,0,-0.0901,0.0155,0.9958,0,10.423,17.1773,1.9211,1]},
{"frame":21,"values":[0.9808,-0.1731,0.0902,0,0.1736,0.9848,0.002,0,-0.0892,0.0137,0.9959,0,10.423,17.1773,1.9211,1]},
{"frame":22,"values":[0.9825,-0.1676,0.0807,0,0.1678,0.9858,0.0045,0,-0.0803,0.0091,0.9967,0,10.423,17.1773,1.9211,1]},
{"frame":23,"values":[0.9848,-0.1635,0.0587,0,0.1633,0.9865,0.0074,0,-0.0591,0.0023,0.9982,0,10.423,17.1773,1.9211,1]},
{"frame":24,"values":[0.987,-0.1585,0.0272,0,0.1582,0.9873,0.0102,0,-0.0285,-0.0058,0.9996,0,10.423,17.1773,1.9211,1]},
{"frame":25,"values":[0.9885,-0.1513,-0.0063,0,0.1514,0.9884,0.0135,0,0.0042,-0.0143,0.9999,0,10.423,17.1773,1.9211,1]},
{"frame":26,"values":[0.9884,-0.147,-0.0386,0,0.1477,0.9889,0.017,0,0.0357,-0.0225,0.9991,0,10.423,17.1773,1.9211,1]}],"loopBehavior":1,"name":"anim","property":"_matrix"}},
{"name":"mixamorig:LeftArm","index":10,"matrix":[0.359,-0.913,0.1938,0,0.8639,0.4037,0.3011,0,-0.3531,0.0593,0.9337,0,22.2129,0.6466,-5.321,1],"rest":[0.9991,0.0186,0.0369,0,-0.0186,0.9998,0.0001,0,-0.0369,-0.0008,0.9993,0,22.2129,0.6466,-5.321,1],"parentBoneIndex":9,"length":54.7531
,"animation":{"dataType":3,"framePerSecond":24,"keys":[
{"frame":1,"values":[0.359,-0.913,0.1938,0,0.8639,0.4037,0.3011,0,-0.3531,0.0593,0.9337,0,22.2129,0.6466,-5.321,1]},
{"frame":2,"values":[0.386,-0.9113,0.1433,0,0.8596,0.4117,0.3026,0,-0.3348,0.0064,0.9423,0,22.2129,0.6466,-5.321,1]},
{"frame":3,"values":[0.4086,-0.9101,0.0696,0,0.8626,0.41,0.2963,0,-0.2982,-0.061,0.9526,0,22.2129,0.6466,-5.321,1]},
{"frame":4,"values":[0.4146,-0.91,-0.0052,0,0.8757,0.3974,0.2743,0,-0.2475,-0.1183,0.9616,0,22.2129,0.6466,-5.321,1]},
{"frame":5,"values":[0.4104,-0.9113,-0.0344,0,0.8863,0.3897,0.2501,0,-0.2145,-0.1331,0.9676,0,22.2129,0.6466,-5.321,1]},
{"frame":6,"values":[0.4207,-0.907,-0.0208,0,0.882,0.4035,0.2433,0,-0.2122,-0.1207,0.9697,0,22.2129,0.6466,-5.321,1]},
{"frame":7,"values":[0.4494,-0.8933,-0.005,0,0.865,0.4337,0.2524,0,-0.2233,-0.1177,0.9676,0,22.2129,0.6466,-5.321,1]},
{"frame":8,"values":[0.4764,-0.8791,0.0143,0,0.8462,0.4629,0.264,0,-0.2387,-0.1137,0.9644,0,22.2129,0.6466,-5.321,1]},
{"frame":9,"values":[0.4864,-0.8723,0.0494,0,0.8345,0.4806,0.2697,0,-0.259,-0.0899,0.9617,0,22.2129,0.6466,-5.321,1]},
{"frame":10,"values":[0.4779,-0.8741,0.0871,0,0.8339,0.4826,0.2676,0,-0.2759,-0.0553,0.9596,0,22.2129,0.6466,-5.321,1]},
{"frame":11,"values":[0.4576,-0.8815,0.1164,0,0.8411,0.4716,0.2649,0,-0.2884,-0.0234,0.9572,0,22.2129,0.6466,-5.321,1]},
{"frame":12,"values":[0.4364,-0.8883,0.1431,0,0.8453,0.4592,0.2732,0,-0.3084,0.0017,0.9512,0,22.2129,0.6466,-5.321,1]},
{"frame":13,"values":[0.4192,-0.892,0.1694,0,0.8431,0.4517,0.292,0,-0.337,0.0205,0.9413,0,22.2129,0.6466,-5.321,1]},
{"frame":14,"values":[0.403,-0.8946,0.193,0,0.8434,0.4449,0.3013,0,-0.3554,0.0413,0.9338,0,22.2129,0.6466,-5.321,1]},
{"frame":15,"values":[0.404,-0.8888,0.2165,0,0.8383,0.4544,0.3013,0,-0.3661,0.0597,0.9286,0,22.2129,0.6466,-5.321,1]},
{"frame":16,"values":[0.4235,-0.8744,0.2368,0,0.8279,0.4797,0.2905,0,-0.3676,0.073,0.9271,0,22.2129,0.6466,-5.321,1]},
{"frame":17,"values":[0.4417,-0.8599,0.256,0,0.8206,0.5025,0.2722,0,-0.3627,0.0899,0.9276,0,22.2129,0.6466,-5.321,1]},
{"frame":18,"values":[0.4379,-0.8558,0.2755,0,0.8259,0.504,0.2527,0,-0.3551,0.1169,0.9275,0,22.2129,0.6466,-5.321,1]},
{"frame":19,"values":[0.4164,-0.861,0.2921,0,0.8383,0.4879,0.2434,0,-0.3521,0.1435,0.9249,0,22.2129,0.6466,-5.321,1]},
{"frame":20,"values":[0.3923,-0.869,0.3015,0,0.8494,0.468,0.2437,0,-0.3529,0.1605,0.9218,0,22.2129,0.6466,-5.321,1]},
{"frame":21,"values":[0.365,-0.8796,0.3051,0,0.8616,0.4433,0.2472,0,-0.3527,0.1726,0.9197,0,22.2129,0.6466,-5.321,1]},
{"frame":22,"values":[0.3337,-0.8916,0.306,0,0.8709,0.4158,0.2618,0,-0.3607,0.1791,0.9153,0,22.2129,0.6466,-5.321,1]},
{"frame":23,"values":[0.3158,-0.9008,0.298,0,0.8709,0.3998,0.2858,0,-0.3766,0.1692,0.9108,0,22.2129,0.6466,-5.321,1]},
{"frame":24,"values":[0.3191,-0.9075,0.2731,0,0.8678,0.3957,0.3006,0,-0.3809,0.1411,0.9138,0,22.2129,0.6466,-5.321,1]},
{"frame":25,"values":[0.3359,-0.9122,0.2346,0,0.8668,0.3968,0.3019,0,-0.3685,0.102,0.924,0,22.2129,0.6466,-5.321,1]},
{"frame":26,"values":[0.359,-0.913,0.1938,0,0.8639,0.4037,0.3011,0,-0.3531,0.0593,0.9337,0,22.2129,0.6466,-5.321,1]}],"loopBehavior":1,"name":"anim","property":"_matrix"}},
{"name":"mixamorig:LeftForeArm","index":11,"matrix":[0.9274,-0.0271,0.3732,0,0.0251,0.9996,0.0101,0,-0.3733,0,0.9277,0,54.7157,-0.1167,-2.0211,1],"rest":[0.9915,-0.0273,-0.127,0,0.0272,0.9996,-0.0025,0,0.1271,-0.001,0.9919,0,54.7157,-0.1167,-2.0211,1],"parentBoneIndex":10,"length":43.4745
,"animation":{"dataType":3,"framePerSecond":24,"keys":[
{"frame":1,"values":[0.9274,-0.0271,0.3732,0,0.0251,0.9996,0.0101,0,-0.3733,0,0.9277,0,54.7157,-0.1167,-2.0211,1]},
{"frame":2,"values":[0.9493,-0.0271,0.3132,0,0.0257,0.9996,0.0086,0,-0.3133,-0.0001,0.9496,0,54.7157,-0.1167,-2.0211,1]},
{"frame":3,"values":[0.9584,-0.0272,0.2841,0,0.026,0.9996,0.0079,0,-0.2843,-0.0001,0.9587,0,54.7157,-0.1167,-2.0211,1]},
{"frame":4,"values":[0.9651,-0.0272,0.2606,0,0.0262,0.9996,0.0073,0,-0.2607,-0.0002,0.9654,0,54.7157,-0.1167,-2.0211,1]},
{"frame":5,"values":[0.9829,-0.0272,0.182,0,0.0267,0.9996,0.0053,0,-0.1821,-0.0003,0.9833,0,54.7157,-0.1167,-2.0211,1]},
{"frame":6,"values":[0.9968,-0.0273,0.0748,0,0.0272,0.9996,0.0026,0,-0.0748,-0.0006,0.9972,0,54.7157,-0.1167,-2.0211,1]},
{"frame":7,"values":[0.9996,-0.0273,0.0068,0,0.0273,0.9996,0.0009,0,-0.0068,-0.0007,1,0,54.7157,-0.1167,-2.0211,1]},
{"frame":8,"values":[0.9994,-0.0273,-0.0209,0,0.0273,0.9996,0.0002,0,0.0209,-0.0008,0.9998,0,54.7157,-0.1167,-2.0211,1]},
{"frame":9,"values":[0.9992,-0.0273,-0.0284,0,0.0273,0.9996,0,0,0.0284,-0.0008,0.9996,0,54.7157,-0.1167,-2.0211,1]},
{"frame":10,"values":[0.9995,-0.0273,-0.0178,0,0.0273,0.9996,0.0003,0,0.0178,-0.0008,0.9998,0,54.7157,-0.1167,-2.0211,1]},
{"frame":11,"values":[0.9996,-0.0273,0.0063,0,0.0273,0.9996,0.0009,0,-0.0063,-0.0007,1,0,54.7157,-0.1167,-2.0211,1]},
{"frame":12,"values":[0.9989,-0.0273,0.038,0,0.0273,0.9996,0.0017,0,-0.038,-0.0007,0.9993,0,54.7157,-0.1167,-2.0211,1]},
{"frame":13,"values":[0.9966,-0.0273,0.0773,0,0.0272,0.9996,0.0027,0,-0.0774,-0.0006,0.997,0,54.7157,-0.1167,-2.0211,1]},
{"frame":14,"values":[0.9913,-0.0273,0.1289,0,0.027,0.9996,0.004,0,-0.1289,-0.0005,0.9917,0,54.7157,-0.1167,-2.0211,1]},
{"frame":15,"values":[0.9828,-0.0272,0.1828,0,0.0267,0.9996,0.0053,0,-0.1829,-0.0003,0.9831,0,54.7157,-0.1167,-2.0211,1]},
{"frame":16,"values":[0.9717,-0.0272,0.2346,0,0.0264,0.9996,0.0066,0,-0.2346,-0.0002,0.9721,0,54.7157,-0.1167,-2.0211,1]},
{"frame":17,"values":[0.9601,-0.0272,0.2782,0,0.0261,0.9996,0.0077,0,-0.2783,-0.0001,0.9605,0,54.7157,-0.1167,-2.0211,1]},
{"frame":18,"values":[0.9493,-0.0271,0.3132,0,0.0257,0.9996,0.0086,0,-0.3133,-0.0001,0.9497,0,54.7157,-0.1167,-2.0211,1]},
{"frame":19,"values":[0.9371,-0.0271,0.348,0,0.0254,0.9996,0.0094,0,-0.3482,0,0.9374,0,54.7157,-0.1167,-2.0211,1]},
{"frame":20,"values":[0.9209,-0.0271,0.3888,0,0.025,0.9996,0.0105,0,-0.3889,0.0001,0.9213,0,54.7157,-0.1167,-2.0211,1]},
{"frame":21,"values":[0.9043,-0.027,0.426,0,0.0245,0.9996,0.0114,0,-0.4261,0.0002,0.9047,0,54.7157,-0.1167,-2.0211,1]},
{"frame":22,"values":[0.893,-0.027,0.4493,0,0.0242,0.9996,0.012,0,-0.4495,0.0002,0.8933,0,54.7157,-0.1167,-2.0211,1]},
{"frame":23,"values":[0.8881,-0.027,0.4589,0,0.0241,0.9996,0.0122,0,-0.4591,0.0002,0.8884,0,54.7157,-0.1167,-2.0211,1]},
{"frame":24,"values":[0.8899,-0.027,0.4554,0,0.0241,0.9996,0.0121,0,-0.4556,0.0002,0.8902,0,54.7157,-0.1167,-2.0211,1]},
{"frame":25,"values":[0.9033,-0.027,0.4281,0,0.0245,0.9996,0.0114,0,-0.4283,0.0002,0.9036,0,54.7157,-0.1167,-2.0211,1]},
{"frame":26,"values":[0.9274,-0.0271,0.3732,0,0.0251,0.9996,0.0101,0,-0.3733,0,0.9277,0,54.7157,-0.1167,-2.0211,1]}],"loopBehavior":1,"name":"anim","property":"_matrix"}},
{"name":"mixamorig:LeftHand","index":12,"matrix":[0.9605,0.1503,0.234,0,-0.1685,0.9839,0.0597,0,-0.2213,-0.0968,0.9704,0,43.2828,1.0945,3.9284,1],"rest":[0.9981,0.059,-0.0182,0,-0.059,0.9983,0.0015,0,0.0182,-0.0004,0.9998,0,43.2828,1.0945,3.9284,1],"parentBoneIndex":11,"length":20.0513
,"animation":{"dataType":3,"framePerSecond":24,"keys":[
{"frame":1,"values":[0.9605,0.1503,0.234,0,-0.1685,0.9839,0.0597,0,-0.2213,-0.0968,0.9704,0,43.2828,1.0945,3.9284,1]},
{"frame":2,"values":[0.9799,0.1357,0.1462,0,-0.1465,0.987,0.0663,0,-0.1353,-0.0864,0.987,0,43.2828,1.0945,3.9284,1]},
{"frame":3,"values":[0.9912,0.1211,0.0542,0,-0.1258,0.9875,0.0949,0,-0.042,-0.1009,0.994,0,43.2828,1.0945,3.9284,1]},
{"frame":4,"values":[0.9934,0.1114,-0.0265,0,-0.1078,0.9879,0.1117,0,0.0386,-0.1081,0.9934,0,43.2828,1.0945,3.9284,1]},
{"frame":5,"values":[0.9924,0.1096,-0.056,0,-0.1033,0.9892,0.1042,0,0.0668,-0.0976,0.993,0,43.2828,1.0945,3.9284,1]},
{"frame":6,"values":[0.9915,0.1204,-0.0488,0,-0.1158,0.9893,0.0893,0,0.059,-0.0829,0.9948,0,43.2828,1.0945,3.9284,1]},
{"frame":7,"values":[0.9877,0.1463,-0.0551,0,-0.1411,0.986,0.0886,0,0.0673,-0.0798,0.9945,0,43.2828,1.0945,3.9284,1]},
{"frame":8,"values":[0.9819,0.1757,-0.0705,0,-0.1685,0.9809,0.0976,0,0.0863,-0.0839,0.9927,0,43.2828,1.0945,3.9284,1]},
{"frame":9,"values":[0.9818,0.1823,-0.0538,0,-0.1766,0.9796,0.0963,0,0.0703,-0.0851,0.9939,0,43.2828,1.0945,3.9284,1]},
{"frame":10,"values":[0.989,0.1477,0.0021,0,-0.1474,0.9856,0.0833,0,0.0102,-0.0827,0.9965,0,43.2828,1.0945,3.9284,1]},
{"frame":11,"values":[0.9945,0.0882,0.0561,0,-0.0922,0.993,0.0737,0,-0.0493,-0.0785,0.9957,0,43.2828,1.0945,3.9284,1]},
{"frame":12,"values":[0.9955,0.0359,0.0872,0,-0.0425,0.9962,0.0756,0,-0.0842,-0.0789,0.9933,0,43.2828,1.0945,3.9284,1]},
{"frame":13,"values":[0.9938,0.0119,0.1103,0,-0.0208,0.9966,0.0796,0,-0.109,-0.0814,0.9907,0,43.2828,1.0945,3.9284,1]},
{"frame":14,"values":[0.9922,0.0043,0.1248,0,-0.0156,0.9958,0.0897,0,-0.1239,-0.091,0.9881,0,43.2828,1.0945,3.9284,1]},
{"frame":15,"values":[0.9908,0.0012,0.135,0,-0.0157,0.9942,0.1064,0,-0.1341,-0.1076,0.9851,0,43.2828,1.0945,3.9284,1]},
{"frame":16,"values":[0.9899,0.0039,0.1419,0,-0.0202,0.9933,0.1139,0,-0.1405,-0.1156,0.9833,0,43.2828,1.0945,3.9284,1]},
{"frame":17,"values":[0.9886,0.0142,0.1496,0,-0.0303,0.9939,0.1061,0,-0.1472,-0.1094,0.983,0,43.2828,1.0945,3.9284,1]},
{"frame":18,"values":[0.986,0.0333,0.1632,0,-0.0491,0.9944,0.0933,0,-0.1592,-0.1001,0.9822,0,43.2828,1.0945,3.9284,1]},
{"frame":19,"values":[0.981,0.0608,0.1843,0,-0.0797,0.9921,0.0971,0,-0.1769,-0.11,0.9781,0,43.2828,1.0945,3.9284,1]},
{"frame":20,"values":[0.9721,0.0925,0.2154,0,-0.1199,0.9858,0.1179,0,-0.2014,-0.1405,0.9694,0,43.2828,1.0945,3.9284,1]},
{"frame":21,"values":[0.9539,0.1232,0.2737,0,-0.1601,0.9802,0.1166,0,-0.2539,-0.1551,0.9547,0,43.2828,1.0945,3.9284,1]},
{"frame":22,"values":[0.92,0.1483,0.3628,0,-0.194,0.9766,0.0929,0,-0.3406,-0.1559,0.9272,0,43.2828,1.0945,3.9284,1]},
{"frame":23,"values":[0.8886,0.1634,0.4287,0,-0.2235,0.9702,0.0937,0,-0.4006,-0.1791,0.8986,0,43.2828,1.0945,3.9284,1]},
{"frame":24,"values":[0.8939,0.1674,0.4158,0,-0.2299,0.9675,0.1048,0,-0.3847,-0.1893,0.9034,0,43.2828,1.0945,3.9284,1]},
{"frame":25,"values":[0.9293,0.1618,0.332,0,-0.2006,0.9759,0.086,0,-0.31,-0.1465,0.9394,0,43.2828,1.0945,3.9284,1]},
{"frame":26,"values":[0.9605,0.1503,0.234,0,-0.1685,0.9839,0.0597,0,-0.2213,-0.0968,0.9704,0,43.2828,1.0945,3.9284,1]}],"loopBehavior":1,"name":"anim","property":"_matrix"}},
{"name":"mixamorig:LeftHandMiddle1","index":13,"matrix":[0.7709,-0.6361,-0.0327,0,0.6369,0.7705,0.0279,0,0.0075,-0.0423,0.9991,0,22.6036,-0.7608,2.4682,1],"rest":[0.9965,-0.0799,0.0234,0,0.0797,0.9968,0.0089,0,-0.0241,-0.007,0.9997,0,22.6036,-0.7608,2.4682,1],"parentBoneIndex":12,"length":5.5212
,"animation":{"dataType":3,"framePerSecond":24,"keys":[
{"frame":1,"values":[0.7709,-0.6361,-0.0327,0,0.6369,0.7705,0.0279,0,0.0075,-0.0423,0.9991,0,22.6036,-0.7608,2.4682,1]},
{"frame":2,"values":[0.7657,-0.6423,-0.0341,0,0.6431,0.7652,0.0278,0,0.0082,-0.0432,0.999,0,22.6036,-0.7608,2.4682,1]},
{"frame":3,"values":[0.7557,-0.654,-0.0361,0,0.6549,0.7552,0.0276,0,0.0092,-0.0445,0.999,0,22.6036,-0.7608,2.4682,1]},
{"frame":4,"values":[0.7534,-0.6565,-0.0379,0,0.6575,0.753,0.0275,0,0.0105,-0.0456,0.9989,0,22.6036,-0.7608,2.4682,1]},
{"frame":5,"values":[0.7617,-0.6467,-0.0399,0,0.6478,0.7613,0.0275,0,0.0126,-0.0467,0.9988,0,22.6036,-0.7608,2.4682,1]},
{"frame":6,"values":[0.7711,-0.6353,-0.0426,0,0.6365,0.7708,0.0274,0,0.0155,-0.0482,0.9987,0,22.6036,-0.7608,2.4682,1]},
{"frame":7,"values":[0.7716,-0.6346,-0.044,0,0.6359,0.7713,0.0273,0,0.0166,-0.049,0.9987,0,22.6036,-0.7608,2.4682,1]},
{"frame":8,"values":[0.7575,-0.6515,-0.0416,0,0.6527,0.7571,0.0273,0,0.0137,-0.0478,0.9988,0,22.6036,-0.7608,2.4682,1]},
{"frame":9,"values":[0.737,-0.6749,-0.0382,0,0.6759,0.7365,0.0273,0,0.0097,-0.0459,0.9989,0,22.6036,-0.7608,2.4682,1]},
{"frame":10,"values":[0.7282,-0.6843,-0.0368,0,0.6853,0.7278,0.0273,0,0.0081,-0.0451,0.999,0,22.6036,-0.7608,2.4682,1]},
{"frame":11,"values":[0.7327,-0.6796,-0.0354,0,0.6805,0.7322,0.0274,0,0.0073,-0.0442,0.999,0,22.6036,-0.7608,2.4682,1]},
{"frame":12,"values":[0.7402,-0.6716,-0.0325,0,0.6723,0.7397,0.0276,0,0.0054,-0.0423,0.9991,0,22.6036,-0.7608,2.4682,1]},
{"frame":13,"values":[0.7469,-0.6642,-0.0303,0,0.6649,0.7464,0.0278,0,0.0041,-0.0409,0.9992,0,22.6036,-0.7608,2.4682,1]},
{"frame":14,"values":[0.7447,-0.6667,-0.0307,0,0.6674,0.7442,0.0278,0,0.0043,-0.0412,0.9991,0,22.6036,-0.7608,2.4682,1]},
