{"producer":{"name":"Blender","version":"2.90.0","exporter_version":"6.4.4","file":"option_dance.babylon"},
"autoClear":true,"clearColor":[0.0509,0.0509,0.0509],"gravity":[0,-9.81,0],
"materials":[{"name":"Material","id":"Material","customType":"BABYLON.PBRMaterial","backFaceCulling":true,"checkReadyOnlyOnce":false,"maxSimultaneousLights":4,"environmentIntensity":1,"albedo":[0.8,0.8,0.8],"reflectivity":[0.5,0.5,0.5],"roughness":0.4,"alpha":1,"transparencyMode":0,"alphaCutOff":0.4,"metallic":0}],
"multiMaterials":[],
"skeletons":[{"name":"Armature","id":0,"dimensionsAtRest":[338.4114,359.3049,41.4047],"bones":[
{"name":"mixamorig:Hips","index":0,"matrix":[0.9973,-0.0706,0.0201,0,0.0674,0.9891,0.1313,0,0.0292,0.1296,-0.9911,0,-9.4714,169.623,-6.9652,1],"rest":[1,0,0,0,0,1,0,0,0,0,-1,0,0,189.9226,0,1],"parentBoneIndex":-1,"length":22.3833
,"animation":{"dataType":3,"framePerSecond":24,"keys":[
{"frame":1,"values":[0.9973,-0.0706,0.0201,0,0.0674,0.9891,0.1313,0,0.0292,0.1296,-0.9911,0,-9.4714,169.623,-6.9652,1]},
{"frame":2,"values":[0.9928,-0.1053,-0.0571,0,0.112,0.9852,0.1294,0,-0.0426,0.1349,-0.9899,0,-10.7821,169.8055,-12.0301,1]},
{"frame":3,"values":[0.9871,-0.1197,-0.1062,0,0.1329,0.9829,0.1275,0,-0.0892,0.1399,-0.9861,0,-11.1842,169.6353,-17.3092,1]},
{"frame":4,"values":[0.987,-0.1034,-0.1227,0,0.1188,0.9849,0.1258,0,-0.1078,0.1387,-0.9844,0,-10.4848,169.0449,-22.9667,1]},
{"frame":5,"values":[0.9902,-0.0673,-0.1221,0,0.0826,0.9887,0.1251,0,-0.1123,0.134,-0.9846,0,-9.3478,168.1714,-28.026,1]},
{"frame":6,"values":[0.9957,-0.0241,-0.0891,0,0.0353,0.9914,0.1262,0,-0.0853,0.1288,-0.988,0,-8.4842,166.6798,-32.062,1]},
{"frame":7,"values":[0.9997,0.0161,-0.0194,0,-0.0136,0.9924,0.1222,0,-0.0212,0.1219,-0.9923,0,-8.2989,164.6805,-34.7558,1]},
{"frame":8,"values":[0.9969,0.0493,0.0605,0,-0.0559,0.992,0.1136,0,0.0545,0.1166,-0.9917,0,-8.5672,162.9243,-36.1071,1]},
{"frame":9,"values":[0.9904,0.0695,0.1191,0,-0.0828,0.9904,0.1105,0,0.1103,0.1193,-0.9867,0,-8.8786,161.8673,-36.3338,1]},
{"frame":10,"values":[0.9885,0.074,0.1316,0,-0.09,0.9887,0.1199,0,0.1213,0.1304,-0.984,0,-8.7747,161.9036,-35.2735,1]},
{"frame":11,"values":[0.9935,0.0704,0.0897,0,-0.082,0.9878,0.1325,0,0.0793,0.139,-0.9871,0,-7.9766,163.3248,-32.6203,1]},
{"frame":12,"values":[0.9979,0.064,0.012,0,-0.065,0.9893,0.1304,0,0.0035,0.1309,-0.9914,0,-6.9465,165.6749,-28.9521,1]},
{"frame":13,"values":[0.997,0.0545,-0.0547,0,-0.0481,0.9924,0.1131,0,-0.0604,0.1101,-0.9921,0,-6.4987,168.3252,-25.155,1]},
{"frame":14,"values":[0.9958,0.0445,-0.0801,0,-0.037,0.995,0.093,0,-0.0838,0.0896,-0.9924,0,-6.9614,171.3094,-21.5927,1]},
{"frame":15,"values":[0.9974,0.0296,-0.0656,0,-0.0246,0.9968,0.076,0,-0.0676,0.0742,-0.9949,0,-8.0109,173.7471,-18.9697,1]},
{"frame":16,"values":[0.9997,0.0123,-0.0205,0,-0.0109,0.9979,0.0644,0,-0.0212,0.0642,-0.9977,0,-8.9617,175.2698,-16.9889,1]},
{"frame":17,"values":[0.9993,0.0058,0.0364,0,-0.0078,0.9985,0.0551,0,0.036,0.0553,-0.9978,0,-9.5084,176.1131,-15.0766,1]},
{"frame":18,"values":[0.9958,0.0073,0.0915,0,-0.0112,0.9991,0.0419,0,0.0911,0.0427,-0.9949,0,-9.8667,176.136,-12.7618,1]},
{"frame":19,"values":[0.9906,0.0012,0.1368,0,-0.0046,0.9997,0.0242,0,0.1367,0.0246,-0.9903,0,-10.4298,176.0894,-9.7686,1]},
{"frame":20,"values":[0.9852,-0.0121,0.1712,0,0.0134,0.9999,-0.0061,0,0.1711,-0.0083,-0.9852,0,-11.3213,176.2764,-6.2319,1]},
{"frame":21,"values":[0.981,-0.021,0.1929,0,0.0315,0.9982,-0.0512,0,0.1915,-0.0563,-0.9799,0,-12.3749,176.0932,-1.9925,1]},
{"frame":22,"values":[0.9814,-0.0208,0.1909,0,0.0385,0.9952,-0.0895,0,0.1881,-0.0951,-0.9775,0,-13.6153,175.3412,2.9466,1]},
{"frame":23,"values":[0.9838,-0.0115,0.179,0,0.029,0.995,-0.0952,0,0.177,-0.0988,-0.9792,0,-15.1196,174.0663,7.952,1]},
{"frame":24,"values":[0.9804,0.01,0.1967,0,0.0041,0.9975,-0.0711,0,0.1969,-0.0705,-0.9779,0,-16.6672,172.0036,11.962,1]},
{"frame":25,"values":[0.9661,0.032,0.2562,0,-0.0196,0.9985,-0.0509,0,0.2574,-0.0441,-0.9653,0,-18.0983,170.0787,14.5219,1]},
{"frame":26,"values":[0.9469,0.034,0.3197,0,-0.0185,0.9985,-0.0515,0,0.321,-0.0428,-0.9461,0,-19.0173,168.7886,16.2254,1]},
{"frame":27,"values":[0.9385,0.0195,0.3446,0,0.0037,0.9978,-0.0663,0,0.3451,-0.0635,-0.9364,0,-19.4871,167.8316,17.5921,1]},
{"frame":28,"values":[0.9436,-0.0057,0.3309,0,0.0372,0.9954,-0.0888,0,0.3289,-0.0961,-0.9395,0,-20.4094,166.6582,18.4207,1]},
{"frame":29,"values":[0.9485,-0.0378,0.3145,0,0.0765,0.9908,-0.1116,0,0.3074,-0.1299,-0.9427,0,-22.3191,165.0907,18.8004,1]},
{"frame":30,"values":[0.9482,-0.0641,0.3112,0,0.1082,0.986,-0.1265,0,0.2987,-0.1536,-0.9419,0,-24.6396,163.2554,19.3635,1]},
{"frame":31,"values":[0.9485,-0.0676,0.3095,0,0.1131,0.9848,-0.1316,0,0.2959,-0.1598,-0.9418,0,-26.5865,161.5001,20.4295,1]},
{"frame":32,"values":[0.9515,-0.0482,0.3038,0,0.0931,0.9865,-0.1349,0,0.2932,-0.1567,-0.9431,0,-27.7501,160.264,21.7517,1]},
{"frame":33,"values":[0.9539,-0.0261,0.2988,0,0.072,0.987,-0.1436,0,0.2912,-0.1585,-0.9434,0,-28.3102,159.7829,22.9888,1]},
{"frame":34,"values":[0.9536,-0.0126,0.3007,0,0.0608,0.9866,-0.1515,0,0.2948,-0.1628,-0.9416,0,-28.7386,159.7914,24.0679,1]},
{"frame":35,"values":[0.9502,-0.0068,0.3115,0,0.0571,0.9867,-0.1525,0,0.3063,-0.1627,-0.9379,0,-29.2329,159.8314,25.0069,1]},
{"frame":36,"values":[0.9455,-0.0068,0.3255,0,0.0581,0.9873,-0.1481,0,0.3204,-0.1589,-0.9339,0,-29.789,159.6173,25.8597,1]},
{"frame":37,"values":[0.9432,-0.0066,0.3323,0,0.0555,0.9889,-0.1381,0,0.3277,-0.1487,-0.933,0,-30.3936,159.0379,26.869,1]},
{"frame":38,"values":[0.9444,0.0038,0.3287,0,0.0381,0.992,-0.1208,0,0.3265,-0.1266,-0.9367,0,-30.7427,158.1155,28.269,1]},
{"frame":39,"values":[0.947,0.0255,0.3201,0,0.0088,0.9944,-0.1052,0,0.321,-0.1025,-0.9415,0,-29.8917,157.2631,30.0649,1]},
{"frame":40,"values":[0.9511,0.0446,0.3058,0,-0.0131,0.9945,-0.1042,0,0.3087,-0.0951,-0.9464,0,-26.8043,157.3885,31.9535,1]},
{"frame":41,"values":[0.9593,0.0459,0.2785,0,-0.0142,0.9933,-0.1148,0,0.2819,-0.1062,-0.9535,0,-21.5232,158.899,33.5922,1]},
{"frame":42,"values":[0.9676,0.0285,0.2509,0,0.0022,0.9927,-0.121,0,0.2525,-0.1176,-0.9604,0,-15.16,161.1471,35.0876,1]},
{"frame":43,"values":[0.9642,0.0185,0.2646,0,0.0132,0.993,-0.1175,0,0.2649,-0.1168,-0.9572,0,-9.1735,163.2002,36.3332,1]},
{"frame":44,"values":[0.9393,0.0471,0.3398,0,-0.0082,0.9933,-0.1149,0,0.343,-0.1052,-0.9334,0,-4.8059,164.186,36.4687,1]},
{"frame":45,"values":[0.9022,0.1021,0.4191,0,-0.0566,0.9912,-0.1198,0,0.4276,-0.0843,-0.9,0,-1.8794,163.9393,35.4847,1]},
{"frame":46,"values":[0.8907,0.1502,0.429,0,-0.111,0.9871,-0.1151,0,0.4408,-0.0549,-0.8959,0,0.5639,163.4219,34.5683,1]},
{"frame":47,"values":[0.922,0.1756,0.3451,0,-0.1553,0.9841,-0.0858,0,0.3547,-0.0255,-0.9346,0,3.2247,163.7227,34.1372,1]},
{"frame":48,"values":[0.9691,0.1814,0.167,0,-0.1764,0.9833,-0.0444,0,0.1723,-0.0136,-0.985,0,6.4,164.5,33.8881,1]},
{"frame":49,"values":[0.9819,0.1704,-0.0823,0,-0.1721,0.985,-0.0136,0,-0.0788,-0.0275,-0.9965,0,10.8037,165.4024,33.4402,1]},
{"frame":50,"values":[0.9058,0.1339,-0.4019,0,-0.1494,0.9888,-0.0072,0,-0.3964,-0.0666,-0.9157,0,17.0474,166.9453,32.0619,1]},
{"frame":51,"values":[0.6592,0.0715,-0.7486,0,-0.13,0.9913,-0.0198,0,-0.7407,-0.1104,-0.6628,0,24.16,170.0069,28.6251,1]},
{"frame":52,"values":[0.2296,0.0076,-0.9732,0,-0.1238,0.9921,-0.0215,0,-0.9654,-0.1254,-0.2288,0,30.1458,173.1527,23.2042,1]},
{"frame":53,"values":[-0.2479,-0.0349,-0.9681,0,-0.1093,0.994,-0.0078,0,-0.9626,-0.1039,0.2503,0,32.9567,174.7306,16.905,1]},
{"frame":54,"values":[-0.6698,-0.0491,-0.7409,0,-0.0757,0.9971,0.0023,0,-0.7387,-0.0577,0.6716,0,31.8651,174.791,10.8859,1]},
{"frame":55,"values":[-0.9441,-0.0341,-0.328,0,-0.0309,0.9994,-0.0147,0,-0.3283,0.0038,0.9446,0,27.9348,174.6125,6.3759,1]},
{"frame":56,"values":[-0.9911,-0.0034,0.1329,0,-0.0108,0.9984,-0.0548,0,0.1325,0.0557,0.9896,0,23.276,174.7785,4.6473,1]},
{"frame":57,"values":[-0.8411,0.0247,0.5403,0,-0.0209,0.9967,-0.0781,0,0.5404,0.077,0.8379,0,19.2545,175.1476,5.8089,1]},
{"frame":58,"values":[-0.5403,0.0431,0.8404,0,-0.0389,0.9963,-0.0761,0,0.8406,0.0738,0.5366,0,16.3896,175.5859,9.2746,1]},
{"frame":59,"values":[-0.1815,0.0535,0.9819,0,-0.0548,0.9964,-0.0645,0,0.9819,0.0655,0.1779,0,15.2156,175.8069,13.6849,1]},
{"frame":60,"values":[0.139,0.065,0.9882,0,-0.0699,0.996,-0.0556,0,0.9878,0.0613,-0.143,0,15.5484,175.683,17.5225,1]},
{"frame":61,"values":[0.3924,0.0803,0.9163,0,-0.0762,0.9956,-0.0546,0,0.9166,0.0484,-0.3968,0,16.8672,175.3816,20.3174,1]},
{"frame":62,"values":[0.5775,0.0827,0.8122,0,-0.0599,0.9965,-0.0589,0,0.8142,0.0147,-0.5804,0,18.9585,175.4221,22.1569,1]},
{"frame":63,"values":[0.7085,0.0645,0.7028,0,-0.0284,0.9976,-0.0629,0,0.7051,-0.0246,-0.7086,0,21.6372,175.7765,23.024,1]},
{"frame":64,"values":[0.8056,0.0448,0.5908,0,-0.0061,0.9977,-0.0672,0,0.5924,-0.0505,-0.804,0,24.657,175.7472,22.9067,1]},
{"frame":65,"values":[0.885,0.0335,0.4643,0,0.0001,0.9974,-0.0721,0,0.4656,-0.0639,-0.8827,0,27.7864,174.8595,21.7343,1]},
{"frame":66,"values":[0.9469,0.0258,0.3206,0,-0.0021,0.9973,-0.074,0,0.3216,-0.0694,-0.9443,0,30.5613,173.4591,19.5536,1]},
{"frame":67,"values":[0.986,0.0143,0.1664,0,-0.003,0.9977,-0.068,0,0.167,-0.0666,-0.9837,0,32.6676,171.7513,17.2015,1]},
{"frame":68,"values":[0.9999,-0.0062,0.0127,0,0.0068,0.9985,-0.0538,0,0.0123,-0.0539,-0.9985,0,34.4819,169.4389,15.5627,1]},
{"frame":69,"values":[0.9917,-0.0199,-0.1267,0,0.0161,0.9994,-0.0309,0,-0.1272,-0.0286,-0.9915,0,36.5919,168.0187,14.0328,1]},
{"frame":70,"values":[0.9747,-0.0178,-0.2229,0,0.0209,0.9997,0.0117,0,-0.2226,0.0161,-0.9748,0,38.5614,168.6415,12.1856,1]},
{"frame":71,"values":[0.9659,-0.0068,-0.2587,0,0.0262,0.9971,0.0715,0,-0.2574,0.0758,-0.9633,0,39.6331,170.1669,10.6472,1]},
{"frame":72,"values":[0.9694,-0.0025,-0.2456,0,0.034,0.9917,0.1243,0,-0.2432,0.1289,-0.9614,0,39.7925,171.3711,8.9218,1]},
{"frame":73,"values":[0.9761,-0.0097,-0.2172,0,0.0432,0.9877,0.1505,0,-0.2131,0.1563,-0.9645,0,39.6573,172.5182,6.3359,1]},
{"frame":74,"values":[0.9793,-0.0231,-0.2011,0,0.0543,0.9871,0.1507,0,-0.195,0.1585,-0.9679,0,39.8125,173.3674,3.1879,1]},
{"frame":75,"values":[0.9768,-0.0361,-0.2111,0,0.0667,0.9879,0.1398,0,-0.2035,0.1506,-0.9674,0,40.2812,173.3756,-0.0566,1]},
{"frame":76,"values":[0.9708,-0.0343,-0.2376,0,0.0666,0.9894,0.1291,0,-0.2307,0.1412,-0.9627,0,40.8469,172.5833,-2.7229,1]},
{"frame":77,"values":[0.9679,-0.0183,-0.2506,0,0.0507,0.9911,0.1233,0,-0.2461,0.1321,-0.9602,0,41.2695,171.3853,-4.3551,1]},
{"frame":78,"values":[0.9735,-0.0033,-0.2288,0,0.0314,0.9924,0.1194,0,-0.2267,0.1234,-0.9661,0,41.3574,170.3132,-4.8108,1]},
{"frame":79,"values":[0.9839,0.0035,-0.1786,0,0.0174,0.9931,0.1156,0,-0.1778,0.1169,-0.9771,0,41.1324,169.7635,-3.9218,1]},
{"frame":80,"values":[0.9932,0.0031,-0.1166,0,0.0101,0.9936,0.1125,0,-0.1162,0.113,-0.9868,0,40.7357,169.5041,-1.9096,1]},
{"frame":81,"values":[0.9984,-0.0001,-0.057,0,0.0062,0.9943,0.1069,0,-0.0566,0.1071,-0.9926,0,40.5966,168.7428,0.3949,1]},
{"frame":82,"values":[0.9999,0.0019,-0.0139,0,-0.0006,0.9952,0.0976,0,-0.014,0.0976,-0.9951,0,41.3887,167.6923,2.2735,1]},
{"frame":83,"values":[0.9999,0.0094,0.0057,0,-0.0099,0.9957,0.092,0,0.0048,0.0921,-0.9957,0,43.4269,168.1783,3.8615,1]},
{"frame":84,"values":[0.9998,0.0166,0.0134,0,-0.0178,0.9956,0.0922,0,0.0118,0.0924,-0.9957,0,46.3681,171.2572,5.6698,1]},
{"frame":85,"values":[0.9996,0.0223,0.02,0,-0.0239,0.9962,0.0833,0,0.0181,0.0837,-0.9963,0,49.8539,175.8642,7.8456,1]},
{"frame":86,"values":[0.9994,0.0309,0.0161,0,-0.0318,0.9979,0.0567,0,0.0143,0.0572,-0.9983,0,53.4177,179.1248,9.8565,1]},
{"frame":87,"values":[0.9994,0.0326,0.0082,0,-0.0328,0.9991,0.026,0,0.0073,0.0262,-0.9996,0,56.8629,179.4594,11.3042,1]},
{"frame":88,"values":[0.9994,0.0191,0.0305,0,-0.0194,0.9998,0.0087,0,0.0303,0.0093,-0.9995,0,60.2377,177.3544,12.9544,1]},
{"frame":89,"values":[0.9958,0.0044,0.0911,0,-0.0056,0.9999,0.0136,0,0.091,0.014,-0.9958,0,63.1549,173.3169,15.214,1]},
{"frame":90,"values":[0.9877,-0.0039,0.1563,0,-0.0011,0.9995,0.032,0,0.1563,0.0318,-0.9872,0,65.7155,168.9352,17.3467,1]},
{"frame":91,"values":[0.9815,-0.014,0.1909,0,0.0066,0.9992,0.0395,0,0.1913,0.0375,-0.9808,0,69.1155,166.2939,18.4522,1]},
{"frame":92,"values":[0.983,-0.0236,0.1818,0,0.0202,0.9996,0.0207,0,0.1822,0.0167,-0.9831,0,74.4185,166.0475,18.5299,1]},
{"frame":93,"values":[0.9891,-0.0258,0.1448,0,0.0273,0.9996,-0.0083,0,0.1445,-0.0121,-0.9894,0,81.1791,167.4284,17.992,1]},
{"frame":94,"values":[0.9921,-0.0391,0.1195,0,0.0415,0.999,-0.0183,0,0.1187,-0.0231,-0.9927,0,87.588,169.4106,17.3427,1]},
{"frame":95,"values":[0.9884,-0.0826,0.1273,0,0.0835,0.9965,-0.0014,0,0.1267,-0.012,-0.9919,0,92.1942,171.2174,17.2932,1]},
{"frame":96,"values":[0.9834,-0.1279,0.1284,0,0.1256,0.9917,0.0261,0,0.1307,0.0095,-0.9914,0,96.3448,174.5701,17.6073,1]},
{"frame":97,"values":[0.9848,-0.1546,0.0791,0,0.1519,0.9876,0.0393,0,0.0842,0.0267,-0.9961,0,101.5179,178.3074,17.7077,1]},
{"frame":98,"values":[0.9886,-0.1502,-0.0124,0,0.1506,0.9879,0.0381,0,-0.0066,0.0395,-0.9992,0,108.1246,180.0501,17.1235,1]},
{"frame":99,"values":[0.9855,-0.1273,-0.112,0,0.1321,0.9905,0.0372,0,-0.1062,0.0514,-0.993,0,115.9749,179.6873,16.4774,1]},
{"frame":100,"values":[0.9734,-0.1088,-0.2014,0,0.1175,0.9926,0.0319,0,-0.1965,0.0547,-0.979,0,124.5277,177.9573,16.4738,1]},
{"frame":101,"values":[0.9564,-0.0972,-0.2755,0,0.1062,0.9942,0.0178,0,-0.2721,0.0462,-0.9611,0,132.6301,174.9562,16.7963,1]},
{"frame":102,"values":[0.9421,-0.0816,-0.3254,0,0.089,0.996,0.0079,0,-0.3234,0.0364,-0.9456,0,139.7596,170.7819,16.6396,1]},
{"frame":103,"values":[0.9379,-0.0606,-0.3417,0,0.0695,0.9975,0.0137,0,-0.34,0.0366,-0.9397,0,146.4382,167.9817,15.8064,1]},
{"frame":104,"values":[0.9477,-0.0397,-0.3167,0,0.0508,0.9983,0.0268,0,-0.3151,0.0414,-0.9482,0,152.5149,167.1351,14.3602,1]},
{"frame":105,"values":[0.9703,-0.0236,-0.2409,0,0.0329,0.9989,0.0345,0,-0.2398,0.0414,-0.9699,0,157.243,166.8757,12.7044,1]},
{"frame":106,"values":[0.9907,-0.0263,-0.1332,0,0.0312,0.9989,0.0353,0,-0.1322,0.0391,-0.9905,0,160.7758,167.644,11.9357,1]},
{"frame":107,"values":[0.997,-0.0383,-0.0679,0,0.041,0.9984,0.0397,0,-0.0663,0.0423,-0.9969,0,164.3619,171.2387,12.2298,1]},
{"frame":108,"values":[0.9953,-0.0481,-0.0839,0,0.0519,0.9977,0.0433,0,-0.0816,0.0475,-0.9955,0,168.6424,174.8124,12.5096,1]},
{"frame":109,"values":[0.9888,-0.0623,-0.1359,0,0.0684,0.9968,0.0407,0,-0.1329,0.0495,-0.9899,0,173.7381,175.8006,11.9003,1]},
{"frame":110,"values":[0.9809,-0.0843,-0.1754,0,0.0935,0.9946,0.0453,0,-0.1707,0.0608,-0.9834,0,179.3647,175.3704,11.1242,1]},
{"frame":111,"values":[0.974,-0.0984,-0.2041,0,0.113,0.9917,0.0611,0,-0.1964,0.0826,-0.977,0,184.6416,173.2264,10.185,1]},
{"frame":112,"values":[0.9669,-0.1049,-0.2328,0,0.123,0.9903,0.0647,0,-0.2237,0.0912,-0.9704,0,188.4868,169.7184,8.8005,1]},
{"frame":113,"values":[0.9612,-0.1202,-0.2484,0,0.137,0.9892,0.0513,0,-0.2396,0.0834,-0.9673,0,190.6845,166.6941,7.3694,1]},
{"frame":114,"values":[0.9596,-0.1397,-0.2441,0,0.1531,0.9875,0.0366,0,-0.236,0.0726,-0.9691,0,191.5763,164.8929,6.2932,1]},
{"frame":115,"values":[0.9617,-0.1522,-0.2279,0,0.162,0.9865,0.0247,0,-0.2211,0.0607,-0.9734,0,191.7158,164.1349,5.6138,1]},
{"frame":116,"values":[0.9665,-0.1573,-0.2029,0,0.1626,0.9866,0.0098,0,-0.1987,0.0424,-0.9791,0,191.466,164.0065,5.2,1]},
{"frame":117,"values":[0.9706,-0.1603,-0.1793,0,0.1619,0.9868,-0.0058,0,-0.1779,0.0234,-0.9838,0,191.1366,164.136,5.035,1]},
{"frame":118,"values":[0.9712,-0.1654,-0.1716,0,0.1648,0.9862,-0.018,0,-0.1722,0.0108,-0.985,0,190.9708,164.1405,5.1528,1]},
{"frame":119,"values":[0.9692,-0.1661,-0.1819,0,0.1636,0.9861,-0.029,0,-0.1842,0.0017,-0.9829,0,190.9951,164.0018,5.5925,1]},
{"frame":120,"values":[0.9679,-0.1451,-0.205,0,0.139,0.9893,-0.0439,0,-0.2092,-0.014,-0.9778,0,191.1647,163.9465,6.309,1]},
{"frame":121,"values":[0.9689,-0.09,-0.2307,0,0.0769,0.9949,-0.0649,0,-0.2354,-0.0451,-0.9709,0,191.3798,163.9558,7.1269,1]},
{"frame":122,"values":[0.9699,-0.0105,-0.2433,0,-0.0106,0.9963,-0.0851,0,-0.2433,-0.0851,-0.9662,0,191.1869,163.6077,8.0107,1]},
{"frame":123,"values":[0.9688,0.0638,-0.2395,0,-0.0884,0.9917,-0.0936,0,-0.2316,-0.1118,-0.9664,0,190.1498,162.8152,8.8304,1]},
{"frame":124,"values":[0.9665,0.1164,-0.2287,0,-0.1403,0.9859,-0.0913,0,-0.2149,-0.1203,-0.9692,0,187.9139,162.019,8.9524,1]},
{"frame":125,"values":[0.9664,0.1516,-0.2074,0,-0.175,0.9796,-0.0993,0,-0.1881,-0.1322,-0.9732,0,184.081,161.7003,8.0702,1]},
{"frame":126,"values":[0.9718,0.1746,-0.1584,0,-0.1959,0.9719,-0.1306,0,-0.1312,-0.1579,-0.9787,0,178.2181,161.8932,6.7656,1]},
{"frame":127,"values":[0.9801,0.1835,-0.076,0,-0.1939,0.9669,-0.1658,0,-0.0431,-0.1772,-0.9832,0,170.2518,162.1563,5.6627,1]},
{"frame":128,"values":[0.9845,0.1736,0.0232,0,-0.1668,0.9695,-0.1795,0,0.0537,-0.1729,-0.9835,0,161.5319,163.0144,4.9061,1]},
{"frame":129,"values":[0.9844,0.1431,0.1021,0,-0.125,0.9781,-0.1664,0,0.1237,-0.1511,-0.9808,0,153.4158,164.3356,4.3201,1]},
{"frame":130,"values":[0.9849,0.1078,0.1355,0,-0.0896,0.987,-0.1336,0,0.1482,-0.1194,-0.9817,0,146.3557,165.6308,3.827,1]},
{"frame":131,"values":[0.9845,0.1001,0.1438,0,-0.0861,0.9912,-0.1002,0,0.1525,-0.0863,-0.9845,0,140.2756,166.9446,3.1067,1]},
{"frame":132,"values":[0.9787,0.1219,0.1654,0,-0.1088,0.9903,-0.0865,0,0.1743,-0.0667,-0.9824,0,134.8143,168.2786,1.9312,1]},
{"frame":133,"values":[0.9682,0.1405,0.2071,0,-0.1244,0.9882,-0.0889,0,0.2172,-0.0603,-0.9743,0,129.6558,169.7399,0.6131,1]},
{"frame":134,"values":[0.9597,0.1363,0.2458,0,-0.1168,0.9889,-0.0923,0,0.2556,-0.0599,-0.9649,0,124.7687,171.2761,-0.6138,1]},
{"frame":135,"values":[0.9604,0.1092,0.2563,0,-0.0851,0.991,-0.1034,0,0.2653,-0.0775,-0.961,0,120.1012,172.937,-1.5579,1]},
{"frame":136,"values":[0.9709,0.0682,0.2294,0,-0.0397,0.9911,-0.1268,0,0.2361,-0.114,-0.965,0,115.363,174.3533,-1.7944,1]},
{"frame":137,"values":[0.9838,0.035,0.1756,0,-0.0097,0.9897,-0.1428,0,0.1788,-0.1388,-0.9741,0,110.2368,174.9839,-1.2254,1]},
{"frame":138,"values":[0.9908,0.013,0.1348,0,0.0057,0.9905,-0.1372,0,0.1353,-0.1367,-0.9813,0,104.7108,174.3099,-0.6106,1]},
{"frame":139,"values":[0.9894,-0.0187,0.1442,0,0.0362,0.9921,-0.1198,0,0.1408,-0.1238,-0.9823,0,99.2996,173.0986,-0.625,1]},
{"frame":140,"values":[0.9825,-0.0574,0.1771,0,0.0758,0.9922,-0.0985,0,0.1701,-0.1102,-0.9792,0,94.7581,171.5806,-1.296,1]},
{"frame":141,"values":[0.9823,-0.073,0.1727,0,0.0875,0.9931,-0.0778,0,0.1658,-0.0915,-0.9819,0,91.7028,169.8417,-2.3658,1]},
{"frame":142,"values":[0.9905,-0.065,0.1213,0,0.073,0.9954,-0.0622,0,0.1167,-0.0705,-0.9907,0,89.9336,167.6259,-3.6504,1]},
{"frame":143,"values":[0.995,-0.0649,0.0753,0,0.069,0.9962,-0.0532,0,0.0716,-0.0582,-0.9957,0,88.1215,164.7272,-4.6228,1]},
{"frame":144,"values":[0.9933,-0.0835,0.0793,0,0.0879,0.9947,-0.0531,0,0.0745,-0.0597,-0.9954,0,85.6985,161.5538,-4.8243,1]},
{"frame":145,"values":[0.988,-0.0982,0.1195,0,0.1057,0.9927,-0.0583,0,0.1129,-0.0702,-0.9911,0,83.5365,158.8214,-4.647,1]},
{"frame":146,"values":[0.9838,-0.1055,0.145,0,0.1161,0.991,-0.0665,0,0.1366,-0.0823,-0.9872,0,82.9628,157.0969,-4.5085,1]},
{"frame":147,"values":[0.985,-0.1175,0.1265,0,0.1282,0.9886,-0.0795,0,0.1157,-0.0945,-0.9888,0,84.5288,156.5763,-4.3387,1]},
{"frame":148,"values":[0.99,-0.1194,0.0747,0,0.1262,0.9876,-0.0933,0,0.0627,-0.1018,-0.9928,0,87.6019,157.4917,-3.7815,1]},
{"frame":149,"values":[0.9964,-0.0845,0.0106,0,0.0851,0.9922,-0.0915,0,0.0027,-0.092,-0.9958,0,90.9162,160.103,-2.4188,1]},
{"frame":150,"values":[0.9991,-0.0143,-0.0405,0,0.0118,0.998,-0.0628,0,-0.0414,-0.0622,-0.9972,0,93.0528,163.5596,-0.448,1]},
{"frame":151,"values":[0.9972,0.0635,-0.0395,0,-0.0644,0.9977,-0.0217,0,-0.038,-0.0242,-0.999,0,93.442,166.141,1.4737,1]},
{"frame":152,"values":[0.9911,0.1308,0.0246,0,-0.131,0.9914,0.0061,0,0.0236,0.0093,-0.9997,0,93.1286,168.507,2.7636,1]},
{"frame":153,"values":[0.9748,0.1898,0.1171,0,-0.1926,0.9812,0.0125,0,0.1125,0.0347,-0.993,0,92.3529,170.6099,2.8126,1]},
{"frame":154,"values":[0.9499,0.2378,0.2028,0,-0.2424,0.9702,-0.0023,0,0.1973,0.047,-0.9792,0,91.6531,171.9563,1.6674,1]},
{"frame":155,"values":[0.9297,0.2614,0.2594,0,-0.2633,0.9643,-0.0281,0,0.2575,0.0422,-0.9654,0,91.4759,172.5434,0.1045,1]},
{"frame":156,"values":[0.9301,0.2541,0.2653,0,-0.2521,0.9668,-0.0423,0,0.2672,0.0275,-0.9632,0,91.8908,172.7926,-1.0692,1]},
{"frame":157,"values":[0.9529,0.2167,0.2122,0,-0.2142,0.9762,-0.0353,0,0.2148,0.0118,-0.9766,0,92.8291,172.7797,-1.4056,1]},
{"frame":158,"values":[0.9799,0.1577,0.1221,0,-0.1568,0.9875,-0.0172,0,0.1233,0.0023,-0.9924,0,94.0326,172.5286,-1.1644,1]},
{"frame":159,"values":[0.9947,0.099,0.0279,0,-0.0993,0.995,0.0098,0,0.0268,0.0125,-0.9996,0,95.1628,172.1633,-1.0581,1]},
{"frame":160,"values":[0.9965,0.0608,-0.0577,0,-0.058,0.9971,0.0501,0,-0.0605,0.0466,-0.9971,0,96.2508,171.7576,-1.5882,1]},
{"frame":161,"values":[0.9894,0.0357,-0.141,0,-0.024,0.9962,0.0838,0,-0.1435,0.0796,-0.9865,0,97.6064,171.5509,-2.9158,1]},
{"frame":162,"values":[0.9763,0.0102,-0.2162,0,0.0075,0.9967,0.081,0,-0.2163,0.0807,-0.973,0,99.0884,172.1166,-4.648,1]},
{"frame":163,"values":[0.9647,-0.0113,-0.2633,0,0.0232,0.9988,0.0422,0,-0.2625,0.0468,-0.9638,0,100.4499,173.0551,-6.2656,1]},
{"frame":164,"values":[0.9578,-0.0184,-0.2868,0,0.0194,0.9998,0.0005,0,-0.2867,0.006,-0.958,0,101.898,173.0694,-7.7053,1]},
{"frame":165,"values":[0.95,-0.0057,-0.3122,0,0.0025,0.9999,-0.0108,0,-0.3122,-0.0095,-0.95,0,103.5488,171.3842,-8.9852,1]},
{"frame":166,"values":[0.9399,0.0239,-0.3405,0,-0.0207,0.9997,0.0129,0,-0.3407,0.005,-0.9402,0,104.7437,168.4225,-10.0308,1]},
{"frame":167,"values":[0.9383,0.0509,-0.3419,0,-0.037,0.9982,0.0469,0,-0.3437,0.0313,-0.9386,0,104.2409,165.8126,-10.8745,1]},
{"frame":168,"values":[0.9527,0.0562,-0.2987,0,-0.0379,0.9971,0.0667,0,-0.3015,0.0522,-0.952,0,100.9186,165.1866,-11.1914,1]},
{"frame":169,"values":[0.9734,0.0387,-0.2256,0,-0.0246,0.9976,0.0649,0,-0.2276,0.0576,-0.9721,0,95.4119,166.6039,-10.6206,1]},
{"frame":170,"values":[0.9871,0.0133,-0.1597,0,-0.0055,0.9988,0.0489,0,-0.1601,0.0474,-0.986,0,90.0092,168.1005,-9.6489,1]},
{"frame":171,"values":[0.9905,0.006,-0.1376,0,-0.001,0.9993,0.0362,0,-0.1377,0.0357,-0.9898,0,85.4365,169.0016,-8.8501,1]},
{"frame":172,"values":[0.9868,0.0203,-0.161,0,-0.0136,0.999,0.0425,0,-0.1617,0.0397,-0.986,0,81.7747,169.8618,-8.6147,1]},
{"frame":173,"values":[0.98,0.0359,-0.1959,0,-0.0246,0.9979,0.0601,0,-0.1977,0.054,-0.9788,0,78.3625,170.4448,-9.606,1]},
{"frame":174,"values":[0.9746,0.0377,-0.2209,0,-0.0227,0.9973,0.0698,0,-0.2229,0.063,-0.9728,0,74.2061,170.5765,-11.2433,1]},
{"frame":175,"values":[0.97,0.0278,-0.2414,0,-0.0123,0.9978,0.0657,0,-0.2427,0.0608,-0.9682,0,69.1292,170.5661,-12.8325,1]},
{"frame":176,"values":[0.9674,0.0314,-0.2514,0,-0.0185,0.9984,0.0532,0,-0.2527,0.0468,-0.9664,0,63.5606,170.9501,-14.3207,1]},
{"frame":177,"values":[0.9708,0.0532,-0.2337,0,-0.0448,0.9981,0.0412,0,-0.2355,0.0295,-0.9714,0,58.186,171.461,-15.7856,1]},
{"frame":178,"values":[0.9781,0.0743,-0.1947,0,-0.0685,0.997,0.0363,0,-0.1968,0.0222,-0.9802,0,53.3411,171.4714,-17.0683,1]},
{"frame":179,"values":[0.9843,0.0847,-0.1548,0,-0.0795,0.996,0.0397,0,-0.1576,0.0268,-0.9871,0,48.9445,171.2722,-17.7965,1]},
{"frame":180,"values":[0.9886,0.0896,-0.1211,0,-0.085,0.9955,0.0421,0,-0.1243,0.0313,-0.9918,0,45.1004,171.2078,-17.8795,1]},
{"frame":181,"values":[0.9906,0.1035,-0.0894,0,-0.1008,0.9943,0.0341,0,-0.0924,0.0247,-0.9954,0,42.2101,170.5665,-17.324,1]},
{"frame":182,"values":[0.9905,0.1262,-0.0542,0,-0.1255,0.992,0.0162,0,-0.0558,0.0092,-0.9984,0,40.1002,168.899,-16.0077,1]},
{"frame":183,"values":[0.9899,0.1409,-0.0139,0,-0.141,0.9899,-0.0123,0,-0.012,-0.0142,-0.9998,0,37.9441,167.741,-14.1144,1]},
{"frame":184,"values":[0.9899,0.1393,0.0262,0,-0.1379,0.9892,-0.0493,0,0.0327,-0.0451,-0.9984,0,35.2168,167.5448,-12.0883,1]},
{"frame":185,"values":[0.9913,0.1191,0.0563,0,-0.1143,0.99,-0.0824,0,0.0655,-0.0753,-0.995,0,31.6574,168.3784,-10.394,1]},
{"frame":186,"values":[0.9934,0.0926,0.0675,0,-0.0848,0.9903,-0.1098,0,0.077,-0.1034,-0.9917,0,27.4804,169.726,-9.0612,1]},
{"frame":187,"values":[0.9954,0.0741,0.0606,0,-0.0654,0.9887,-0.135,0,0.0699,-0.1304,-0.989,0,23.1575,170.8152,-7.7812,1]},
{"frame":188,"values":[0.9971,0.0588,0.0475,0,-0.0511,0.9874,-0.1496,0,0.0557,-0.1468,-0.9876,0,19.0334,171.6451,-5.9749,1]},
{"frame":189,"values":[0.9987,0.0428,0.028,0,-0.0382,0.9883,-0.1475,0,0.034,-0.1463,-0.9887,0,15.0034,172.3678,-3.3664,1]},
{"frame":190,"values":[0.9995,0.0324,-0.0007,0,-0.0322,0.9899,-0.1381,0,0.0038,-0.1381,-0.9904,0,10.9403,172.6032,-0.3675,1]},
{"frame":191,"values":[0.9994,0.0288,-0.0187,0,-0.031,0.9909,-0.1313,0,-0.0147,-0.1318,-0.9912,0,6.7965,172.1485,2.455,1]},
{"frame":192,"values":[0.9997,0.0238,-0.0083,0,-0.0247,0.9922,-0.1221,0,-0.0053,-0.1223,-0.9925,0,2.6694,170.9756,4.7704,1]},
{"frame":193,"values":[0.9998,0.0174,0.011,0,-0.0163,0.9952,-0.0966,0,0.0126,-0.0964,-0.9953,0,-1.3064,169.4001,6.3846,1]},
{"frame":194,"values":[0.9999,0.0161,-0.0008,0,-0.0162,0.9982,-0.0573,0,0.0002,-0.0573,-0.9984,0,-4.9326,168.4505,7.2089,1]},
{"frame":195,"values":[0.9979,0.0208,-0.061,0,-0.022,0.9996,-0.0194,0,-0.0605,-0.0207,-0.998,0,-8.0168,168.6933,7.1384,1]},
{"frame":196,"values":[0.9897,0.0301,-0.1397,0,-0.0295,0.9995,0.0066,0,-0.1398,0.0024,-0.9902,0,-10.9521,170.0063,6.3862,1]},
{"frame":197,"values":[0.9802,0.0431,-0.1931,0,-0.0417,0.9991,0.0117,0,-0.1935,0.0035,-0.9811,0,-14.588,171.4861,5.3858,1]},
{"frame":198,"values":[0.9768,0.0562,-0.2066,0,-0.0591,0.9982,-0.0083,0,-0.2058,-0.0203,-0.9784,0,-19.1363,172.7147,4.4477,1]},
{"frame":199,"values":[0.9795,0.0656,-0.1904,0,-0.0752,0.9962,-0.0436,0,-0.1868,-0.057,-0.9807,0,-24.1987,173.9121,3.4657,1]},
{"frame":200,"values":[0.9821,0.0821,-0.1694,0,-0.095,0.993,-0.0698,0,-0.1625,-0.0846,-0.9831,0,-29.3063,174.7563,2.3495,1]},
{"frame":201,"values":[0.981,0.1079,-0.1613,0,-0.1215,0.9896,-0.0773,0,-0.1512,-0.0954,-0.9839,0,-33.8883,174.9952,1.5452,1]},
{"frame":202,"values":[0.9797,0.1302,-0.1523,0,-0.1434,0.9865,-0.0789,0,-0.14,-0.0991,-0.9852,0,-37.847,174.8008,1.5042,1]},
{"frame":203,"values":[0.98,0.1538,-0.1263,0,-0.1644,0.9833,-0.078,0,-0.1122,-0.0972,-0.9889,0,-41.528,173.9979,2.3845,1]},
{"frame":204,"values":[0.979,0.1839,-0.0877,0,-0.1897,0.9798,-0.063,0,-0.0743,-0.0784,-0.9942,0,-45.3001,172.8469,3.8749,1]},
{"frame":205,"values":[0.9757,0.2164,-0.0334,0,-0.2175,0.9755,-0.0326,0,-0.0255,-0.0391,-0.9989,0,-49.5485,171.9053,5.5948,1]},
{"frame":206,"values":[0.9715,0.2331,0.0428,0,-0.2327,0.9725,-0.0123,0,0.0445,-0.002,-0.999,0,-55.083,171.3535,7.2226,1]},
{"frame":207,"values":[0.9707,0.2044,0.1263,0,-0.2036,0.9789,-0.0197,0,0.1276,0.0066,-0.9918,0,-62.0826,171.6621,8.6345,1]},
{"frame":208,"values":[0.9756,0.1292,0.1773,0,-0.1259,0.9916,-0.0297,0,0.1797,-0.0067,-0.9837,0,-69.5037,172.7855,10.276,1]},
{"frame":209,"values":[0.9873,0.0399,0.1536,0,-0.0363,0.999,-0.0266,0,0.1545,-0.0207,-0.9878,0,-76.2619,173.7563,12.573,1]},
{"frame":210,"values":[0.9974,-0.0247,0.0677,0,0.026,0.9995,-0.0178,0,0.0672,-0.0195,-0.9975,0,-82.0885,173.7293,14.9068,1]},
{"frame":211,"values":[0.9985,-0.0503,-0.0221,0,0.0504,0.9987,0.0046,0,-0.0218,0.0057,-0.9997,0,-87.4034,172.9898,16.5075,1]},
{"frame":212,"values":[0.9951,-0.0604,-0.0777,0,0.0635,0.9973,0.0375,0,-0.0752,0.0423,-0.9963,0,-92.2533,171.5461,16.9583,1]},
{"frame":213,"values":[0.9912,-0.0796,-0.106,0,0.086,0.9947,0.0568,0,-0.1009,0.0654,-0.9927,0,-96.8109,169.6728,16.2153,1]},
{"frame":214,"values":[0.9856,-0.1142,-0.1244,0,0.1212,0.9914,0.0503,0,-0.1176,0.0647,-0.991,0,-101.6256,167.9832,14.3887,1]},
{"frame":215,"values":[0.9807,-0.1393,-0.1375,0,0.1449,0.9889,0.0321,0,-0.1315,0.0514,-0.99,0,-107.0216,166.75,11.8545,1]},
{"frame":216,"values":[0.9812,-0.1306,-0.1419,0,0.1351,0.9906,0.0228,0,-0.1376,0.0416,-0.9896,0,-112.8141,166.1647,9.6008,1]},
{"frame":217,"values":[0.9885,-0.0898,-0.122,0,0.0938,0.9952,0.0278,0,-0.1189,0.039,-0.9921,0,-118.5312,166.2997,8.3289,1]},
{"frame":218,"values":[0.996,-0.0467,-0.0768,0,0.0493,0.9982,0.0335,0,-0.0751,0.0372,-0.9965,0,-123.787,166.6076,7.4763,1]},
{"frame":219,"values":[0.9989,-0.0191,-0.0424,0,0.0202,0.9995,0.0261,0,-0.0419,0.0269,-0.9988,0,-128.0385,166.7967,6.7352,1]},
{"frame":220,"values":[0.9989,0.0092,-0.0468,0,-0.0089,0.9999,0.0068,0,-0.0469,0.0064,-0.9989,0,-130.8414,166.1525,6.754,1]},
{"frame":221,"values":[0.9963,0.037,-0.0772,0,-0.0377,0.9993,-0.0077,0,-0.0769,-0.0106,-0.997,0,-132.4505,165.5116,7.2347,1]},
{"frame":222,"values":[0.9928,0.0581,-0.1052,0,-0.0594,0.9982,-0.0095,0,-0.1044,-0.0157,-0.9944,0,-133.1436,164.976,7.5418,1]},
{"frame":223,"values":[0.9902,0.0597,-0.1259,0,-0.0618,0.998,-0.0134,0,-0.1248,-0.0211,-0.992,0,-133.444,164.5151,7.2274,1]},
{"frame":224,"values":[0.9861,0.0461,-0.1595,0,-0.0518,0.9981,-0.032,0,-0.1578,-0.0398,-0.9867,0,-133.4959,164.7796,6.3077,1]},
{"frame":225,"values":[0.9773,0.0323,-0.2093,0,-0.0455,0.9972,-0.0587,0,-0.2068,-0.0669,-0.9761,0,-134.2275,164.5324,5.043,1]},
{"frame":226,"values":[0.97,0.019,-0.2426,0,-0.0389,0.9963,-0.0772,0,-0.2402,-0.0843,-0.9671,0,-136.0235,163.7876,3.7029,1]},
{"frame":227,"values":[0.974,0.0018,-0.2267,0,-0.022,0.996,-0.0865,0,-0.2257,-0.0892,-0.9701,0,-138.2604,162.9676,2.8183,1]},
{"frame":228,"values":[0.9849,-0.0143,-0.1724,0,-0.0036,0.9947,-0.1029,0,-0.1729,-0.102,-0.9796,0,-140.4207,162.1527,2.3134,1]},
{"frame":229,"values":[0.9928,-0.0238,-0.1176,0,0.0085,0.9917,-0.1287,0,-0.1197,-0.1267,-0.9847,0,-141.7938,161.6558,1.6821,1]},
{"frame":230,"values":[0.9964,-0.0251,-0.0812,0,0.0135,0.99,-0.1406,0,-0.0839,-0.139,-0.9867,0,-141.8337,161.5187,0.8694,1]},
{"frame":231,"values":[0.9987,-0.0182,-0.0471,0,0.0119,0.9914,-0.1307,0,-0.0491,-0.13,-0.9903,0,-140.9615,161.2226,0.1091,1]},
{"frame":232,"values":[0.9999,-0.012,-0.002,0,0.0117,0.9935,-0.1136,0,-0.0034,-0.1136,-0.9935,0,-139.3613,160.8425,-0.3405,1]},
{"frame":233,"values":[0.999,-0.0105,0.0435,0,0.0142,0.9962,-0.086,0,0.0424,-0.0866,-0.9953,0,-137.2696,160.7943,-0.088,1]},
{"frame":234,"values":[0.9962,-0.0057,0.0872,0,0.0093,0.9991,-0.0408,0,0.0869,-0.0414,-0.9954,0,-135.6019,160.5552,0.8121,1]},
{"frame":235,"values":[0.9883,0.0062,0.1526,0,-0.0059,1,-0.0027,0,0.1526,-0.0017,-0.9883,0,-133.6377,161.1882,1.7704,1]},
{"frame":236,"values":[0.9674,0.0173,0.2526,0,-0.0186,0.9998,0.0031,0,0.2525,0.0077,-0.9676,0,-131.1543,162.9872,2.2876,1]},
{"frame":237,"values":[0.9293,0.011,0.3692,0,-0.009,0.9999,-0.0071,0,0.3693,-0.0033,-0.9293,0,-128.421,164.9691,1.7703,1]},
{"frame":238,"values":[0.8839,-0.013,0.4676,0,0.0161,0.9999,-0.0026,0,0.4675,-0.0098,-0.8839,0,-125.0755,166.2637,0.0093,1]},
{"frame":239,"values":[0.8474,-0.0417,0.5293,0,0.0415,0.9991,0.0122,0,0.5293,-0.0116,-0.8484,0,-120.5647,166.4794,-2.5679,1]},
{"frame":240,"values":[0.8246,-0.0647,0.5619,0,0.0663,0.9976,0.0176,0,0.5618,-0.0227,-0.827,0,-114.7114,166.0818,-5.2196,1]},
{"frame":241,"values":[0.8196,-0.0701,0.5686,0,0.0805,0.9967,0.0069,0,0.5672,-0.0401,-0.8226,0,-107.6365,166.0253,-7.2556,1]},
{"frame":242,"values":[0.8344,-0.0509,0.5488,0,0.0692,0.9975,-0.0127,0,0.5468,-0.0486,-0.8359,0,-99.9348,166.3745,-8.4101,1]},
{"frame":243,"values":[0.8551,-0.0302,0.5176,0,0.0455,0.9988,-0.0168,0,0.5164,-0.0379,-0.8555,0,-93.0345,165.8394,-8.6816,1]},
{"frame":244,"values":[0.8701,-0.0218,0.4923,0,0.0211,0.9998,0.0068,0,0.4924,-0.0045,-0.8704,0,-87.2292,164.5793,-8.2632,1]},
{"frame":245,"values":[0.8863,-0.019,0.4628,0,-0.0042,0.9988,0.0489,0,0.4632,0.0453,-0.8851,0,-81.6087,164.1881,-7.5296,1]},
{"frame":246,"values":[0.9097,-0.0026,0.4152,0,-0.0338,0.9962,0.0801,0,0.4138,0.0869,-0.9062,0,-75.8578,165.2779,-6.6773,1]},
{"frame":247,"values":[0.9319,0.034,0.361,0,-0.0663,0.9948,0.0777,0,0.3565,0.0963,-0.9293,0,-70.0332,167.6889,-5.9451,1]},
{"frame":248,"values":[0.9454,0.0612,0.3201,0,-0.0823,0.9952,0.0527,0,0.3154,0.0761,-0.9459,0,-63.9736,170.0049,-5.5033,1]},
{"frame":249,"values":[0.9563,0.065,0.285,0,-0.0762,0.9967,0.0281,0,0.2822,0.0486,-0.9581,0,-57.1715,170.6863,-4.9931,1]},
{"frame":250,"values":[0.9703,0.0658,0.2327,0,-0.0707,0.9974,0.0126,0,0.2313,0.0287,-0.9725,0,-50.2252,169.7936,-4.1885,1]},
{"frame":251,"values":[0.9809,0.0741,0.1799,0,-0.0763,0.9971,0.0056,0,0.179,0.0192,-0.9837,0,-44.1501,168.1656,-3.185,1]},
{"frame":252,"values":[0.9824,0.0788,0.1691,0,-0.0802,0.9968,0.0013,0,0.1685,0.0148,-0.9856,0,-40.0847,167.0435,-2.3177,1]},
{"frame":253,"values":[0.9776,0.0684,0.1993,0,-0.0693,0.9976,-0.0022,0,0.1989,0.0116,-0.9799,0,-38.4317,167.1851,-2.018,1]},
{"frame":254,"values":[0.9737,0.0457,0.2234,0,-0.0471,0.9989,0.001,0,0.2231,0.0115,-0.9747,0,-38.2247,167.9487,-2.2114,1]},
{"frame":255,"values":[0.9756,0.0245,0.2181,0,-0.0268,0.9996,0.0079,0,0.2178,0.0135,-0.9759,0,-38.4684,168.5042,-2.559,1]},
{"frame":256,"values":[0.9798,0.016,0.1992,0,-0.0191,0.9997,0.0137,0,0.199,0.0172,-0.9799,0,-39.0701,168.6,-2.964,1]},
{"frame":257,"values":[0.9804,0.0221,0.196,0,-0.0257,0.9995,0.0157,0,0.1956,0.0204,-0.9805,0,-40.4416,168.3638,-3.3467,1]},
{"frame":258,"values":[0.9724,0.0377,0.2303,0,-0.041,0.9991,0.01,0,0.2297,0.0191,-0.9731,0,-42.7309,168.1084,-3.3709,1]},
{"frame":259,"values":[0.9516,0.0531,0.3027,0,-0.0574,0.9983,0.0051,0,0.3019,0.0222,-0.9531,0,-45.3509,167.9163,-2.912,1]},
{"frame":260,"values":[0.9227,0.0532,0.3818,0,-0.0663,0.9976,0.0214,0,0.3797,0.0451,-0.924,0,-47.2932,167.3671,-2.2911,1]},
{"frame":261,"values":[0.8978,0.0279,0.4395,0,-0.0623,0.996,0.064,0,0.4359,0.0848,-0.896,0,-48.6484,166.8925,-1.9049,1]},
{"frame":262,"values":[0.8815,-0.0178,0.4719,0,-0.0394,0.993,0.1111,0,0.4706,0.1165,-0.8746,0,-50.0248,167.4432,-1.6958,1]},
{"frame":263,"values":[0.8771,-0.0716,0.4749,0,0.0062,0.9904,0.1378,0,0.4802,0.1179,-0.8692,0,-51.3622,168.9198,-1.0481,1]},
{"frame":264,"values":[0.8941,-0.1146,0.4329,0,0.0678,0.9902,0.122,0,0.4427,0.0797,-0.8931,0,-52.22,170.7266,0.7198,1]},
{"frame":265,"values":[0.9342,-0.1352,0.3302,0,0.1241,0.9908,0.0546,0,0.3345,0.0101,-0.9423,0,-52.2566,171.6483,3.393,1]},
{"frame":266,"values":[0.972,-0.1422,0.1872,0,0.1475,0.989,-0.0146,0,0.1831,-0.0418,-0.9822,0,-51.6008,171.2048,6.0644,1]},
{"frame":267,"values":[0.9883,-0.1414,0.057,0,0.1435,0.989,-0.0353,0,0.0514,-0.0431,-0.9978,0,-50.5823,170.7581,8.5544,1]},
{"frame":268,"values":[0.991,-0.1329,-0.0182,0,0.1323,0.9906,-0.034,0,-0.0225,-0.0313,-0.9993,0,-49.7035,169.9197,10.3121,1]},
{"frame":269,"values":[0.991,-0.128,-0.0393,0,0.1259,0.9906,-0.0541,0,-0.0458,-0.0486,-0.9978,0,-49.3107,169.0679,11.5562,1]},
{"frame":270,"values":[0.9908,-0.1331,-0.0242,0,0.1302,0.9868,-0.0963,0,-0.0367,-0.0923,-0.9951,0,-49.4512,168.8955,13.0344,1]},
{"frame":271,"values":[0.9896,-0.1415,0.0237,0,0.1435,0.9802,-0.1368,0,0.0039,-0.1388,-0.9903,0,-50.1737,168.7219,15.0869,1]},
{"frame":272,"values":[0.9866,-0.1435,0.0779,0,0.1543,0.9756,-0.1565,0,0.0536,-0.1664,-0.9846,0,-50.5579,167.9535,17.4511,1]},
{"frame":273,"values":[0.9864,-0.1345,0.095,0,0.1478,0.9774,-0.1511,0,0.0725,-0.1631,-0.9839,0,-48.8059,167.6297,19.5023,1]},
{"frame":274,"values":[0.9926,-0.1079,0.0557,0,0.1145,0.9845,-0.1331,0,0.0404,-0.1385,-0.9895,0,-44.5404,168.5879,20.8285,1]},
{"frame":275,"values":[0.9981,-0.057,-0.0214,0,0.0544,0.9928,-0.1067,0,-0.0273,-0.1053,-0.9941,0,-39.1341,170.6455,21.2235,1]},
{"frame":276,"values":[0.9967,0.0077,-0.081,0,-0.0133,0.9976,-0.0683,0,-0.0803,-0.0692,-0.9944,0,-33.9947,172.4323,21.3968,1]},
{"frame":277,"values":[0.9954,0.058,-0.076,0,-0.0603,0.9978,-0.0283,0,-0.0742,-0.0328,-0.9967,0,-29.6848,173.2836,22.0958,1]},
{"frame":278,"values":[0.9967,0.0792,-0.0169,0,-0.0793,0.9968,-0.0072,0,-0.0162,-0.0086,-0.9998,0,-26.3655,174.12,22.4902,1]},
{"frame":279,"values":[0.9951,0.0832,0.0532,0,-0.0825,0.9965,-0.0144,0,0.0542,-0.0099,-0.9985,0,-23.8297,175.1007,21.5733,1]},
{"frame":280,"values":[0.9907,0.0909,0.1013,0,-0.0878,0.9955,-0.0349,0,0.104,-0.0257,-0.9942,0,-21.5654,175.6855,19.3724,1]},
{"frame":281,"values":[0.9856,0.0984,0.1373,0,-0.0927,0.9946,-0.0469,0,0.1411,-0.0335,-0.9894,0,-19.2528,175.4881,16.7303,1]},
{"frame":282,"values":[0.9792,0.1024,0.1752,0,-0.0963,0.9944,-0.0429,0,0.1786,-0.0252,-0.9836,0,-16.886,174.8345,14.0535,1]},
{"frame":283,"values":[0.9739,0.1057,0.201,0,-0.1016,0.9944,-0.0305,0,0.2031,-0.0093,-0.9791,0,-14.5018,174.1416,10.9159,1]},
{"frame":284,"values":[0.9749,0.0863,0.2053,0,-0.0854,0.9963,-0.0132,0,0.2056,0.0047,-0.9786,0,-12.0634,172.9939,7.6504,1]},
{"frame":285,"values":[0.9805,0.0412,0.1919,0,-0.047,0.9986,0.0256,0,0.1906,0.0341,-0.9811,0,-9.7406,171.1262,4.8637,1]},
{"frame":286,"values":[0.9867,0.0013,0.1625,0,-0.0151,0.9963,0.0843,0,0.1618,0.0856,-0.9831,0,-8.2194,169.8164,1.9881,1]},
{"frame":287,"values":[0.9942,-0.0332,0.1021,0,0.0207,0.9924,0.1215,0,0.1053,0.1187,-0.9873,0,-8.2078,169.4059,-2.0704,1]},
{"frame":288,"values":[0.9973,-0.0706,0.0201,0,0.0674,0.9891,0.1313,0,0.0292,0.1296,-0.9911,0,-9.4714,169.623,-6.9652,1]}],"loopBehavior":1,"name":"anim","property":"_matrix"}},
{"name":"mixamorig:Spine","index":1,"matrix":[0.9974,0.0706,-0.016,0,-0.0617,0.9447,0.3221,0,0.0379,-0.3203,0.9466,0,0.0715,18.4094,-1.6224,1],"rest":[1,0,0,0,0,1,0,0,0,0,1,0,0.0715,18.4094,-1.6224,1],"parentBoneIndex":0,"length":20.2878
,"animation":{"dataType":3,"framePerSecond":24,"keys":[
{"frame":1,"values":[0.9974,0.0706,-0.016,0,-0.0617,0.9447,0.3221,0,0.0379,-0.3203,0.9466,0,0.0715,18.4094,-1.6224,1]},
{"frame":2,"values":[0.9936,0.0932,-0.0634,0,-0.0662,0.9381,0.3399,0,0.0912,-0.3335,0.9383,0,0.0715,18.4094,-1.6224,1]},
{"frame":3,"values":[0.9888,0.1143,-0.0963,0,-0.0732,0.932,0.3551,0,0.1304,-0.344,0.9299,0,0.0715,18.4094,-1.6224,1]},
{"frame":4,"values":[0.9863,0.1271,-0.1052,0,-0.0807,0.9278,0.3643,0,0.1439,-0.3508,0.9253,0,0.0715,18.4094,-1.6224,1]},
{"frame":5,"values":[0.9883,0.1205,-0.0937,0,-0.0783,0.9273,0.3659,0,0.131,-0.3543,0.9259,0,0.0715,18.4094,-1.6224,1]},
{"frame":6,"values":[0.9928,0.0978,-0.069,0,-0.0658,0.9278,0.3673,0,0.0999,-0.3602,0.9275,0,0.0715,18.4094,-1.6224,1]},
{"frame":7,"values":[0.998,0.0602,-0.0185,0,-0.0493,0.9296,0.3652,0,0.0392,-0.3636,0.9307,0,0.0715,18.4094,-1.6224,1]},
{"frame":8,"values":[0.9988,0.0174,0.0462,0,-0.0325,0.9362,0.35,0,-0.0372,-0.351,0.9356,0,0.0715,18.4094,-1.6224,1]},
{"frame":9,"values":[0.9941,-0.0161,0.1076,0,-0.0203,0.9442,0.3288,0,-0.1068,-0.329,0.9383,0,0.0715,18.4094,-1.6224,1]},
{"frame":10,"values":[0.9873,-0.0279,0.1562,0,-0.0228,0.9493,0.3137,0,-0.157,-0.3132,0.9366,0,0.0715,18.4094,-1.6224,1]},
{"frame":11,"values":[0.988,-0.0136,0.1536,0,-0.0343,0.9519,0.3044,0,-0.1503,-0.306,0.9401,0,0.0715,18.4094,-1.6224,1]},
{"frame":12,"values":[0.9954,0.0186,0.0939,0,-0.0456,0.9546,0.2943,0,-0.0842,-0.2973,0.9511,0,0.0715,18.4094,-1.6224,1]},
{"frame":13,"values":[0.999,0.0426,0.0111,0,-0.044,0.9604,0.2752,0,0.001,-0.2754,0.9613,0,0.0715,18.4094,-1.6224,1]},
{"frame":14,"values":[0.9969,0.037,-0.0692,0,-0.0186,0.9683,0.2493,0,0.0762,-0.2472,0.966,0,0.0715,18.4094,-1.6224,1]},
{"frame":15,"values":[0.9922,0.019,-0.1229,0,0.0082,0.9761,0.217,0,0.1241,-0.2163,0.9684,0,0.0715,18.4094,-1.6224,1]},
{"frame":16,"values":[0.9898,0.0067,-0.1426,0,0.0201,0.9824,0.1857,0,0.1413,-0.1867,0.9722,0,0.0715,18.4094,-1.6224,1]},
{"frame":17,"values":[0.9903,-0.0034,-0.139,0,0.0266,0.986,0.1648,0,0.1365,-0.1668,0.9765,0,0.0715,18.4094,-1.6224,1]},
{"frame":18,"values":[0.9939,-0.0153,-0.1096,0,0.0317,0.9882,0.15,0,0.106,-0.1525,0.9826,0,0.0715,18.4094,-1.6224,1]},
{"frame":19,"values":[0.9979,-0.0226,-0.0605,0,0.031,0.9894,0.1416,0,0.0567,-0.1432,0.9881,0,0.0715,18.4094,-1.6224,1]},
{"frame":20,"values":[0.9996,-0.0278,-0.0027,0,0.0279,0.9907,0.1331,0,-0.0011,-0.1331,0.9911,0,0.0715,18.4094,-1.6224,1]},
