{"producer":{"name":"Blender","version":"2.90.0","exporter_version":"6.4.4","file":"malestrafeleft.babylon"},
"autoClear":true,"clearColor":[0.0509,0.0509,0.0509],"gravity":[0,-9.81,0],
"materials":[{"name":"Material","id":"Material","customType":"BABYLON.PBRMaterial","backFaceCulling":true,"checkReadyOnlyOnce":false,"maxSimultaneousLights":4,"environmentIntensity":1,"albedo":[0.8,0.8,0.8],"reflectivity":[0.5,0.5,0.5],"roughness":0.4,"alpha":1,"transparencyMode":0,"alphaCutOff":0.4,"metallic":0}],
"multiMaterials":[],
"skeletons":[{"name":"Armature","id":0,"dimensionsAtRest":[338.4114,359.3049,41.4047],"bones":[
{"name":"mixamorig:Hips","index":0,"matrix":[0.4037,0.0014,0.9149,0,0.0747,0.9966,-0.0345,0,0.9118,-0.0823,-0.4023,0,-1.2441,185.6929,0.275,1],"rest":[1,0,0,0,0,1,0,0,0,0,-1,0,0,189.9226,0,1],"parentBoneIndex":-1,"length":22.3833
,"animation":{"dataType":3,"framePerSecond":24,"keys":[
{"frame":1,"values":[0.4037,0.0014,0.9149,0,0.0747,0.9966,-0.0345,0,0.9118,-0.0823,-0.4023,0,-1.2441,185.6929,0.275,1]},
{"frame":2,"values":[0.3626,-0.0076,0.9319,0,0.0893,0.9956,-0.0266,0,0.9276,-0.0929,-0.3617,0,-1.6393,185.4724,-0.5397,1]},
{"frame":3,"values":[0.305,0.0038,0.9524,0,0.0965,0.9947,-0.0349,0,0.9475,-0.1026,-0.303,0,-1.7285,183.2985,-1.5457,1]},
{"frame":4,"values":[0.2119,0.0303,0.9768,0,0.0948,0.9942,-0.0514,0,0.9727,-0.1035,-0.2078,0,-0.8018,178.9172,-2.467,1]},
{"frame":5,"values":[0.1248,0.0563,0.9906,0,0.0931,0.9933,-0.0682,0,0.9878,-0.1007,-0.1187,0,-0.0591,174.3326,-2.9257,1]},
{"frame":6,"values":[0.095,0.0564,0.9939,0,0.0977,0.993,-0.0657,0,0.9907,-0.1034,-0.0888,0,0.3798,170.9201,-2.7233,1]},
{"frame":7,"values":[0.1218,0.0197,0.9924,0,0.1066,0.9938,-0.0328,0,0.9868,-0.1098,-0.119,0,1.6908,169.5332,-2.2785,1]},
{"frame":8,"values":[0.1775,-0.0188,0.9839,0,0.114,0.9935,-0.0016,0,0.9775,-0.1124,-0.1785,0,3.446,169.2232,-1.6712,1]},
{"frame":9,"values":[0.2461,-0.0669,0.9669,0,0.1257,0.9914,0.0366,0,0.9611,-0.1125,-0.2524,0,3.2392,171.3674,-1.0022,1]},
{"frame":10,"values":[0.3063,-0.0918,0.9475,0,0.1339,0.9896,0.0526,0,0.9425,-0.1107,-0.3154,0,2.3422,174.7433,-0.7852,1]},
{"frame":11,"values":[0.3541,-0.0802,0.9318,0,0.1336,0.9904,0.0345,0,0.9256,-0.1123,-0.3614,0,1.4844,179.0884,-0.2695,1]},
{"frame":12,"values":[0.3916,-0.0554,0.9185,0,0.1325,0.9912,0.0033,0,0.9105,-0.1204,-0.3955,0,0.3157,183.1109,0.233,1]},
{"frame":13,"values":[0.4041,-0.0323,0.9142,0,0.1323,0.9909,-0.0235,0,0.9051,-0.1304,-0.4047,0,-1.2531,186.1836,-0.0406,1]},
{"frame":14,"values":[0.4081,-0.0208,0.9127,0,0.1319,0.9906,-0.0364,0,0.9033,-0.1353,-0.407,0,-2.9679,187.4637,-1.011,1]},
{"frame":15,"values":[0.4184,-0.0329,0.9077,0,0.1413,0.9895,-0.0293,0,0.8972,-0.1406,-0.4186,0,-4.0232,186.7029,-1.5159,1]},
{"frame":16,"values":[0.4413,-0.063,0.8951,0,0.1555,0.9878,-0.0072,0,0.8838,-0.1424,-0.4457,0,-3.9764,183.5087,-1.634,1]},
{"frame":17,"values":[0.472,-0.0897,0.877,0,0.1605,0.9869,0.0146,0,0.8669,-0.1339,-0.4802,0,-3.5071,179.126,-1.7451,1]},
{"frame":18,"values":[0.4833,-0.0962,0.8702,0,0.1588,0.9871,0.0209,0,0.8609,-0.1281,-0.4923,0,-3.9263,175.6961,-1.8081,1]},
{"frame":19,"values":[0.4819,-0.071,0.8733,0,0.1359,0.9907,0.0056,0,0.8656,-0.116,-0.4871,0,-3.326,173.3869,-1.608,1]},
{"frame":20,"values":[0.4841,-0.0322,0.8744,0,0.1087,0.9938,-0.0236,0,0.8682,-0.1065,-0.4846,0,-1.6132,171.9287,-0.8702,1]},
{"frame":21,"values":[0.4812,-0.0065,0.8766,0,0.1008,0.9938,-0.048,0,0.8708,-0.1114,-0.4789,0,-0.6855,171.1585,0.0312,1]},
{"frame":22,"values":[0.4883,0.0257,0.8723,0,0.0793,0.9941,-0.0737,0,0.8691,-0.1052,-0.4834,0,-0.4262,172.5697,0.7038,1]},
{"frame":23,"values":[0.4839,0.0352,0.8744,0,0.0694,0.9945,-0.0784,0,0.8724,-0.0986,-0.4788,0,-0.3092,175.816,1.1237,1]},
{"frame":24,"values":[0.4542,0.0299,0.8904,0,0.0679,0.9954,-0.0681,0,0.8883,-0.0913,-0.4501,0,-0.3944,179.9963,1.0595,1]},
{"frame":25,"values":[0.4303,0.0204,0.9025,0,0.067,0.9963,-0.0545,0,0.9002,-0.0839,-0.4273,0,-0.7049,183.6154,0.7038,1]},
{"frame":26,"values":[0.4037,0.0014,0.9149,0,0.0747,0.9966,-0.0345,0,0.9118,-0.0823,-0.4023,0,-1.2441,185.6929,0.275,1]}],"loopBehavior":1,"name":"anim","property":"_matrix"}},
{"name":"mixamorig:Spine","index":1,"matrix":[0.9918,0.0005,0.1278,0,-0.0136,0.9947,0.102,0,-0.1271,-0.1029,0.9865,0,0.0715,18.4094,-1.6224,1],"rest":[1,0,0,0,0,1,0,0,0,0,1,0,0.0715,18.4094,-1.6224,1],"parentBoneIndex":0,"length":20.2878
,"animation":{"dataType":3,"framePerSecond":24,"keys":[
{"frame":1,"values":[0.9918,0.0005,0.1278,0,-0.0136,0.9947,0.102,0,-0.1271,-0.1029,0.9865,0,0.0715,18.4094,-1.6224,1]},
{"frame":2,"values":[0.9869,0.0135,0.1609,0,-0.0293,0.9949,0.096,0,-0.1588,-0.0995,0.9823,0,0.0715,18.4094,-1.6224,1]},
{"frame":3,"values":[0.9775,0.0075,0.2107,0,-0.0268,0.9957,0.0889,0,-0.2091,-0.0925,0.9735,0,0.0715,18.4094,-1.6224,1]},
{"frame":4,"values":[0.9583,-0.0018,0.2858,0,-0.0219,0.9966,0.0798,0,-0.285,-0.0827,0.955,0,0.0715,18.4094,-1.6224,1]},
{"frame":5,"values":[0.9371,-0.0106,0.349,0,-0.0178,0.9968,0.0783,0,-0.3487,-0.0796,0.9339,0,0.0715,18.4094,-1.6224,1]},
{"frame":6,"values":[0.9283,-0.0024,0.3717,0,-0.0288,0.9965,0.0785,0,-0.3706,-0.0835,0.925,0,0.0715,18.4094,-1.6224,1]},
{"frame":7,"values":[0.9334,0.0347,0.3571,0,-0.0646,0.9953,0.0721,0,-0.353,-0.0904,0.9313,0,0.0715,18.4094,-1.6224,1]},
{"frame":8,"values":[0.9389,0.0687,0.3373,0,-0.0967,0.9931,0.0668,0,-0.3303,-0.0953,0.939,0,0.0715,18.4094,-1.6224,1]},
{"frame":9,"values":[0.9508,0.1024,0.2923,0,-0.1297,0.9887,0.0753,0,-0.2813,-0.1095,0.9534,0,0.0715,18.4094,-1.6224,1]},
{"frame":10,"values":[0.968,0.1061,0.2274,0,-0.1291,0.9877,0.0887,0,-0.2152,-0.1152,0.9698,0,0.0715,18.4094,-1.6224,1]},
{"frame":11,"values":[0.9798,0.0844,0.1813,0,-0.1034,0.9898,0.0984,0,-0.1711,-0.1151,0.9785,0,0.0715,18.4094,-1.6224,1]},
{"frame":12,"values":[0.9877,0.0514,0.1474,0,-0.0668,0.9926,0.1018,0,-0.1411,-0.1104,0.9838,0,0.0715,18.4094,-1.6224,1]},
{"frame":13,"values":[0.9912,0.0193,0.1306,0,-0.0329,0.9942,0.1023,0,-0.1279,-0.1057,0.9861,0,0.0715,18.4094,-1.6224,1]},
{"frame":14,"values":[0.9931,0.0027,0.1168,0,-0.0147,0.9947,0.1019,0,-0.1159,-0.1029,0.9879,0,0.0715,18.4094,-1.6224,1]},
{"frame":15,"values":[0.9953,0.0133,0.096,0,-0.0229,0.9948,0.0995,0,-0.0942,-0.1012,0.9904,0,0.0715,18.4094,-1.6224,1]},
{"frame":16,"values":[0.9971,0.0413,0.064,0,-0.0472,0.9944,0.0941,0,-0.0597,-0.0969,0.9935,0,0.0715,18.4094,-1.6224,1]},
{"frame":17,"values":[0.9978,0.0571,0.0346,0,-0.0601,0.9938,0.0937,0,-0.029,-0.0955,0.995,0,0.0715,18.4094,-1.6224,1]},
{"frame":18,"values":[0.9984,0.05,0.0254,0,-0.0523,0.9939,0.0971,0,-0.0204,-0.0982,0.995,0,0.0715,18.4094,-1.6224,1]},
{"frame":19,"values":[0.9993,0.0213,0.0299,0,-0.0242,0.9946,0.1005,0,-0.0276,-0.1012,0.9945,0,0.0715,18.4094,-1.6224,1]},
{"frame":20,"values":[0.9991,-0.014,0.039,0,0.0102,0.9953,0.0968,0,-0.0402,-0.0963,0.9945,0,0.0715,18.4094,-1.6224,1]},
{"frame":21,"values":[0.9983,-0.0358,0.047,0,0.0314,0.9953,0.0918,0,-0.05,-0.0902,0.9947,0,0.0715,18.4094,-1.6224,1]},
{"frame":22,"values":[0.9968,-0.0614,0.0504,0,0.0562,0.9936,0.0978,0,-0.0561,-0.0946,0.9939,0,0.0715,18.4094,-1.6224,1]},
{"frame":23,"values":[0.9959,-0.0608,0.0668,0,0.0539,0.9934,0.1008,0,-0.0725,-0.0968,0.9927,0,0.0715,18.4094,-1.6224,1]},
{"frame":24,"values":[0.9947,-0.0427,0.0934,0,0.033,0.9942,0.1021,0,-0.0972,-0.0985,0.9904,0,0.0715,18.4094,-1.6224,1]},
{"frame":25,"values":[0.9936,-0.0242,0.11,0,0.0128,0.9946,0.1028,0,-0.1119,-0.1007,0.9886,0,0.0715,18.4094,-1.6224,1]},
{"frame":26,"values":[0.9918,0.0005,0.1278,0,-0.0136,0.9947,0.102,0,-0.1271,-0.1029,0.9865,0,0.0715,18.4094,-1.6224,1]}],"loopBehavior":1,"name":"anim","property":"_matrix"}},
{"name":"mixamorig:Spine1","index":2,"matrix":[0.9965,0.001,0.0831,0,-0.0071,0.9973,0.0728,0,-0.0828,-0.0731,0.9939,0,-0.3249,20.2384,-1.3771,1],"rest":[1,0,0,0,0,1,0,0,0,0,1,0,-0.3249,20.2384,-1.3771,1],"parentBoneIndex":1,"length":24.4383
,"animation":{"dataType":3,"framePerSecond":24,"keys":[
{"frame":1,"values":[0.9965,0.001,0.0831,0,-0.0071,0.9973,0.0728,0,-0.0828,-0.0731,0.9939,0,-0.3249,20.2384,-1.3771,1]},
{"frame":2,"values":[0.9957,0.0102,0.0919,0,-0.0166,0.9975,0.0686,0,-0.0909,-0.0698,0.9934,0,-0.3249,20.2384,-1.3771,1]},
{"frame":3,"values":[0.9947,0.0111,0.1025,0,-0.0175,0.9979,0.0625,0,-0.1016,-0.0639,0.9928,0,-0.3249,20.2384,-1.3771,1]},
{"frame":4,"values":[0.9934,0.0068,0.1143,0,-0.0133,0.9983,0.0563,0,-0.1138,-0.0574,0.9918,0,-0.3249,20.2384,-1.3771,1]},
{"frame":5,"values":[0.9922,0.0039,0.1242,0,-0.0106,0.9985,0.0538,0,-0.1238,-0.0547,0.9908,0,-0.3249,20.2384,-1.3771,1]},
{"frame":6,"values":[0.9918,0.0087,0.1274,0,-0.0161,0.9983,0.0567,0,-0.1267,-0.0583,0.9902,0,-0.3249,20.2384,-1.3771,1]},
{"frame":7,"values":[0.9918,0.0216,0.1263,0,-0.0289,0.998,0.0562,0,-0.1249,-0.0594,0.9904,0,-0.3249,20.2384,-1.3771,1]},
{"frame":8,"values":[0.9922,0.0357,0.1195,0,-0.0426,0.9975,0.0555,0,-0.1172,-0.0601,0.9913,0,-0.3249,20.2384,-1.3771,1]},
{"frame":9,"values":[0.9918,0.0436,0.1203,0,-0.0514,0.9967,0.0626,0,-0.1172,-0.0683,0.9908,0,-0.3249,20.2384,-1.3771,1]},
{"frame":10,"values":[0.9912,0.0451,0.1241,0,-0.0537,0.9963,0.0665,0,-0.1206,-0.0726,0.99,0,-0.3249,20.2384,-1.3771,1]},
{"frame":11,"values":[0.9927,0.0381,0.1141,0,-0.0464,0.9964,0.0704,0,-0.111,-0.0752,0.991,0,-0.3249,20.2384,-1.3771,1]},
{"frame":12,"values":[0.9947,0.028,0.0993,0,-0.0353,0.9967,0.0725,0,-0.097,-0.0757,0.9924,0,-0.3249,20.2384,-1.3771,1]},
{"frame":13,"values":[0.996,0.017,0.0878,0,-0.0235,0.997,0.0735,0,-0.0863,-0.0753,0.9934,0,-0.3249,20.2384,-1.3771,1]},
{"frame":14,"values":[0.9966,0.0088,0.0816,0,-0.0148,0.9972,0.0736,0,-0.0808,-0.0746,0.9939,0,-0.3249,20.2384,-1.3771,1]},
{"frame":15,"values":[0.997,0.0067,0.0774,0,-0.0123,0.9973,0.0719,0,-0.0767,-0.0726,0.9944,0,-0.3249,20.2384,-1.3771,1]},
{"frame":16,"values":[0.9975,0.013,0.0693,0,-0.0176,0.9976,0.0662,0,-0.0683,-0.0673,0.9954,0,-0.3249,20.2384,-1.3771,1]},
{"frame":17,"values":[0.998,0.0202,0.0598,0,-0.024,0.9977,0.0639,0,-0.0584,-0.0652,0.9962,0,-0.3249,20.2384,-1.3771,1]},
{"frame":18,"values":[0.9983,0.0196,0.0541,0,-0.0232,0.9975,0.0666,0,-0.0527,-0.0678,0.9963,0,-0.3249,20.2384,-1.3771,1]},
{"frame":19,"values":[0.9985,0.0088,0.0534,0,-0.0126,0.9974,0.0705,0,-0.0527,-0.0711,0.9961,0,-0.3249,20.2384,-1.3771,1]},
{"frame":20,"values":[0.9984,-0.0022,0.0569,0,-0.0018,0.9975,0.0702,0,-0.0569,-0.0702,0.9959,0,-0.3249,20.2384,-1.3771,1]},
{"frame":21,"values":[0.9981,-0.0106,0.0609,0,0.0065,0.9977,0.0681,0,-0.0615,-0.0676,0.9958,0,-0.3249,20.2384,-1.3771,1]},
{"frame":22,"values":[0.998,-0.0238,0.0583,0,0.0195,0.9972,0.0722,0,-0.0599,-0.0709,0.9957,0,-0.3249,20.2384,-1.3771,1]},
{"frame":23,"values":[0.9977,-0.0234,0.0629,0,0.0187,0.9971,0.0732,0,-0.0644,-0.0719,0.9953,0,-0.3249,20.2384,-1.3771,1]},
{"frame":24,"values":[0.9971,-0.016,0.0746,0,0.0105,0.9973,0.073,0,-0.0755,-0.072,0.9945,0,-0.3249,20.2384,-1.3771,1]},
{"frame":25,"values":[0.9968,-0.0093,0.0789,0,0.0035,0.9973,0.073,0,-0.0794,-0.0725,0.9942,0,-0.3249,20.2384,-1.3771,1]},
{"frame":26,"values":[0.9965,0.001,0.0831,0,-0.0071,0.9973,0.0728,0,-0.0828,-0.0731,0.9939,0,-0.3249,20.2384,-1.3771,1]}],"loopBehavior":1,"name":"anim","property":"_matrix"}},
{"name":"mixamorig:Spine2","index":3,"matrix":[0.9965,0.0007,0.0835,0,-0.0067,0.9974,0.0723,0,-0.0833,-0.0726,0.9939,0,-0.0232,24.4369,-0.2575,1],"rest":[1,0,0,0,0,1,0,0,0,0,1,0,-0.0232,24.4369,-0.2575,1],"parentBoneIndex":2,"length":22.4221
,"animation":{"dataType":3,"framePerSecond":24,"keys":[
{"frame":1,"values":[0.9965,0.0007,0.0835,0,-0.0067,0.9974,0.0723,0,-0.0833,-0.0726,0.9939,0,-0.0232,24.4369,-0.2575,1]},
{"frame":2,"values":[0.9957,0.0101,0.0925,0,-0.0164,0.9976,0.0678,0,-0.0916,-0.069,0.9934,0,-0.0232,24.4369,-0.2575,1]},
{"frame":3,"values":[0.9946,0.0113,0.1033,0,-0.0177,0.998,0.0612,0,-0.1024,-0.0627,0.9928,0,-0.0232,24.4369,-0.2575,1]},
{"frame":4,"values":[0.9933,0.0078,0.1151,0,-0.0142,0.9984,0.0549,0,-0.1145,-0.0562,0.9918,0,-0.0232,24.4369,-0.2575,1]},
{"frame":5,"values":[0.9921,0.0053,0.125,0,-0.0119,0.9986,0.0523,0,-0.1245,-0.0533,0.9908,0,-0.0232,24.4369,-0.2575,1]},
{"frame":6,"values":[0.9917,0.0097,0.1281,0,-0.0169,0.9983,0.0551,0,-0.1274,-0.0569,0.9902,0,-0.0232,24.4369,-0.2575,1]},
{"frame":7,"values":[0.9917,0.0219,0.1269,0,-0.0291,0.9981,0.0546,0,-0.1255,-0.0578,0.9904,0,-0.0232,24.4369,-0.2575,1]},
{"frame":8,"values":[0.9921,0.0357,0.1201,0,-0.0425,0.9976,0.054,0,-0.1179,-0.0587,0.9913,0,-0.0232,24.4369,-0.2575,1]},
{"frame":9,"values":[0.9917,0.0432,0.1209,0,-0.0509,0.9968,0.0613,0,-0.1179,-0.0669,0.9908,0,-0.0232,24.4369,-0.2575,1]},
{"frame":10,"values":[0.9912,0.0448,0.1246,0,-0.0532,0.9964,0.0653,0,-0.1212,-0.0714,0.9901,0,-0.0232,24.4369,-0.2575,1]},
{"frame":11,"values":[0.9927,0.0379,0.1145,0,-0.0461,0.9965,0.0696,0,-0.1114,-0.0744,0.991,0,-0.0232,24.4369,-0.2575,1]},
{"frame":12,"values":[0.9946,0.0277,0.0997,0,-0.035,0.9968,0.0721,0,-0.0974,-0.0752,0.9924,0,-0.0232,24.4369,-0.2575,1]},
{"frame":13,"values":[0.996,0.0167,0.0882,0,-0.0232,0.997,0.0732,0,-0.0867,-0.075,0.9934,0,-0.0232,24.4369,-0.2575,1]},
{"frame":14,"values":[0.9966,0.0083,0.082,0,-0.0143,0.9972,0.0733,0,-0.0812,-0.0743,0.9939,0,-0.0232,24.4369,-0.2575,1]},
{"frame":15,"values":[0.997,0.0063,0.0775,0,-0.0118,0.9974,0.0718,0,-0.0769,-0.0725,0.9944,0,-0.0232,24.4369,-0.2575,1]},
{"frame":16,"values":[0.9975,0.0127,0.0691,0,-0.0174,0.9976,0.0665,0,-0.0681,-0.0675,0.9954,0,-0.0232,24.4369,-0.2575,1]},
{"frame":17,"values":[0.998,0.0201,0.0593,0,-0.0239,0.9976,0.0643,0,-0.0579,-0.0656,0.9962,0,-0.0232,24.4369,-0.2575,1]},
{"frame":18,"values":[0.9984,0.0195,0.0537,0,-0.0231,0.9975,0.0669,0,-0.0523,-0.068,0.9963,0,-0.0232,24.4369,-0.2575,1]},
{"frame":19,"values":[0.9985,0.0086,0.0533,0,-0.0124,0.9974,0.0706,0,-0.0526,-0.0712,0.9961,0,-0.0232,24.4369,-0.2575,1]},
{"frame":20,"values":[0.9984,-0.0026,0.0571,0,-0.0014,0.9975,0.07,0,-0.0571,-0.07,0.9959,0,-0.0232,24.4369,-0.2575,1]},
{"frame":21,"values":[0.9981,-0.0112,0.0614,0,0.007,0.9977,0.0677,0,-0.062,-0.0671,0.9958,0,-0.0232,24.4369,-0.2575,1]},
{"frame":22,"values":[0.998,-0.0243,0.0588,0,0.0201,0.9972,0.0717,0,-0.0604,-0.0704,0.9957,0,-0.0232,24.4369,-0.2575,1]},
{"frame":23,"values":[0.9977,-0.0238,0.0632,0,0.0192,0.9972,0.0728,0,-0.0648,-0.0714,0.9953,0,-0.0232,24.4369,-0.2575,1]},
{"frame":24,"values":[0.9971,-0.0164,0.0748,0,0.0109,0.9973,0.0726,0,-0.0758,-0.0716,0.9945,0,-0.0232,24.4369,-0.2575,1]},
{"frame":25,"values":[0.9968,-0.0096,0.0792,0,0.0039,0.9973,0.0727,0,-0.0797,-0.0721,0.9942,0,-0.0232,24.4369,-0.2575,1]},
{"frame":26,"values":[0.9965,0.0007,0.0835,0,-0.0067,0.9974,0.0723,0,-0.0833,-0.0726,0.9939,0,-0.0232,24.4369,-0.2575,1]}],"loopBehavior":1,"name":"anim","property":"_matrix"}},
{"name":"mixamorig:Neck","index":4,"matrix":[0.9947,-0.0411,0.0945,0,0.033,0.9957,0.086,0,-0.0976,-0.0824,0.9918,0,0.3476,27.4659,2.4654,1],"rest":[1,0,0,0,0,1,0,0,0,0,1,0,0.3476,27.4659,2.4654,1],"parentBoneIndex":3,"length":19.1448
,"animation":{"dataType":3,"framePerSecond":24,"keys":[
{"frame":1,"values":[0.9947,-0.0411,0.0945,0,0.033,0.9957,0.086,0,-0.0976,-0.0824,0.9918,0,0.3476,27.4659,2.4654,1]},
{"frame":2,"values":[0.9948,-0.039,0.0946,0,0.0308,0.9958,0.0864,0,-0.0975,-0.083,0.9918,0,0.3476,27.4659,2.4654,1]},
{"frame":3,"values":[0.9949,-0.0318,0.0957,0,0.0238,0.9962,0.0838,0,-0.098,-0.0811,0.9919,0,0.3476,27.4659,2.4654,1]},
{"frame":4,"values":[0.9948,-0.0312,0.0972,0,0.0236,0.9967,0.0782,0,-0.0993,-0.0755,0.9922,0,0.3476,27.4659,2.4654,1]},
{"frame":5,"values":[0.9945,-0.03,0.0999,0,0.023,0.9972,0.0707,0,-0.1017,-0.068,0.9925,0,0.3476,27.4659,2.4654,1]},
{"frame":6,"values":[0.9944,-0.0284,0.1014,0,0.0216,0.9975,0.0672,0,-0.1031,-0.0646,0.9926,0,0.3476,27.4659,2.4654,1]},
{"frame":7,"values":[0.9945,-0.0294,0.1002,0,0.0226,0.9974,0.0679,0,-0.1019,-0.0653,0.9926,0,0.3476,27.4659,2.4654,1]},
{"frame":8,"values":[0.9948,-0.0313,0.097,0,0.0247,0.9973,0.0689,0,-0.0989,-0.0661,0.9929,0,0.3476,27.4659,2.4654,1]},
{"frame":9,"values":[0.9951,-0.0266,0.0956,0,0.0196,0.9971,0.0733,0,-0.0972,-0.0711,0.9927,0,0.3476,27.4659,2.4654,1]},
{"frame":10,"values":[0.995,-0.0171,0.0988,0,0.0094,0.9969,0.0777,0,-0.0998,-0.0764,0.9921,0,0.3476,27.4659,2.4654,1]},
{"frame":11,"values":[0.9948,-0.0166,0.1006,0,0.0087,0.9969,0.0784,0,-0.1016,-0.0771,0.9918,0,0.3476,27.4659,2.4654,1]},
{"frame":12,"values":[0.9946,-0.0166,0.1021,0,0.0079,0.9964,0.0844,0,-0.1031,-0.0832,0.9912,0,0.3476,27.4659,2.4654,1]},
{"frame":13,"values":[0.9945,-0.0147,0.104,0,0.0057,0.9963,0.0863,0,-0.1049,-0.0852,0.9908,0,0.3476,27.4659,2.4654,1]},
{"frame":14,"values":[0.9944,-0.0166,0.1046,0,0.008,0.9966,0.0822,0,-0.1056,-0.0809,0.9911,0,0.3476,27.4659,2.4654,1]},
{"frame":15,"values":[0.9942,-0.0203,0.1052,0,0.0124,0.9971,0.0752,0,-0.1064,-0.0735,0.9916,0,0.3476,27.4659,2.4654,1]},
{"frame":16,"values":[0.994,-0.0241,0.1069,0,0.0168,0.9975,0.0687,0,-0.1083,-0.0665,0.9919,0,0.3476,27.4659,2.4654,1]},
{"frame":17,"values":[0.9938,-0.0268,0.1076,0,0.0197,0.9976,0.0668,0,-0.1091,-0.0643,0.992,0,0.3476,27.4659,2.4654,1]},
{"frame":18,"values":[0.9939,-0.0251,0.1078,0,0.0181,0.9977,0.0655,0,-0.1092,-0.0631,0.992,0,0.3476,27.4659,2.4654,1]},
{"frame":19,"values":[0.9939,-0.0217,0.108,0,0.0143,0.9975,0.0687,0,-0.1092,-0.0667,0.9918,0,0.3476,27.4659,2.4654,1]},
{"frame":20,"values":[0.9941,-0.0224,0.106,0,0.0148,0.9973,0.0718,0,-0.1073,-0.0698,0.9918,0,0.3476,27.4659,2.4654,1]},
{"frame":21,"values":[0.9942,-0.0215,0.105,0,0.0143,0.9975,0.0688,0,-0.1062,-0.0669,0.9921,0,0.3476,27.4659,2.4654,1]},
{"frame":22,"values":[0.9944,-0.0205,0.1039,0,0.0137,0.9977,0.0662,0,-0.105,-0.0645,0.9924,0,0.3476,27.4659,2.4654,1]},
{"frame":23,"values":[0.9947,-0.0272,0.0995,0,0.0206,0.9976,0.0668,0,-0.1011,-0.0644,0.9928,0,0.3476,27.4659,2.4654,1]},
{"frame":24,"values":[0.9948,-0.0351,0.0958,0,0.0282,0.997,0.072,0,-0.0981,-0.0689,0.9928,0,0.3476,27.4659,2.4654,1]},
{"frame":25,"values":[0.9947,-0.0394,0.0949,0,0.0317,0.9962,0.0808,0,-0.0977,-0.0774,0.9922,0,0.3476,27.4659,2.4654,1]},
{"frame":26,"values":[0.9947,-0.0411,0.0945,0,0.033,0.9957,0.086,0,-0.0976,-0.0824,0.9918,0,0.3476,27.4659,2.4654,1]}],"loopBehavior":1,"name":"anim","property":"_matrix"}},
{"name":"mixamorig:Head","index":5,"matrix":[0.8108,0.1775,0.5577,0,-0.1049,0.9815,-0.16,0,-0.5758,0.0712,0.8145,0,-0.2079,18.7004,4.0957,1],"rest":[1,0,0,0,0,1,0,0,0,0,1,0,-0.2079,18.7004,4.0957,1],"parentBoneIndex":4,"length":28.1562
,"animation":{"dataType":3,"framePerSecond":24,"keys":[
{"frame":1,"values":[0.8108,0.1775,0.5577,0,-0.1049,0.9815,-0.16,0,-0.5758,0.0712,0.8145,0,-0.2079,18.7004,4.0957,1]},
{"frame":2,"values":[0.8126,0.1722,0.5568,0,-0.1006,0.9825,-0.1569,0,-0.5741,0.0715,0.8157,0,-0.2079,18.7004,4.0957,1]},
{"frame":3,"values":[0.8102,0.1825,0.5571,0,-0.1099,0.9807,-0.1614,0,-0.5758,0.0695,0.8146,0,-0.2079,18.7004,4.0957,1]},
{"frame":4,"values":[0.8015,0.1951,0.5653,0,-0.1218,0.9787,-0.1651,0,-0.5855,0.0634,0.8082,0,-0.2079,18.7004,4.0957,1]},
{"frame":5,"values":[0.7926,0.2029,0.5749,0,-0.1232,0.9768,-0.175,0,-0.5971,0.0679,0.7993,0,-0.2079,18.7004,4.0957,1]},
{"frame":6,"values":[0.7914,0.2075,0.575,0,-0.1111,0.9738,-0.1984,0,-0.6011,0.0932,0.7938,0,-0.2079,18.7004,4.0957,1]},
{"frame":7,"values":[0.8012,0.1937,0.5662,0,-0.0877,0.9739,-0.2092,0,-0.592,0.1179,0.7973,0,-0.2079,18.7004,4.0957,1]},
{"frame":8,"values":[0.8181,0.1691,0.5497,0,-0.0655,0.977,-0.203,0,-0.5713,0.1301,0.8104,0,-0.2079,18.7004,4.0957,1]},
{"frame":9,"values":[0.8278,0.1619,0.5372,0,-0.0576,0.977,-0.2055,0,-0.5581,0.1392,0.818,0,-0.2079,18.7004,4.0957,1]},
{"frame":10,"values":[0.8229,0.165,0.5438,0,-0.0648,0.9779,-0.1987,0,-0.5645,0.1283,0.8154,0,-0.2079,18.7004,4.0957,1]},
{"frame":11,"values":[0.8176,0.1658,0.5514,0,-0.0765,0.9804,-0.1813,0,-0.5706,0.106,0.8143,0,-0.2079,18.7004,4.0957,1]},
{"frame":12,"values":[0.8148,0.1627,0.5565,0,-0.0802,0.9822,-0.1698,0,-0.5742,0.0937,0.8133,0,-0.2079,18.7004,4.0957,1]},
{"frame":13,"values":[0.8106,0.1656,0.5617,0,-0.0865,0.9825,-0.1649,0,-0.5792,0.085,0.8107,0,-0.2079,18.7004,4.0957,1]},
{"frame":14,"values":[0.8067,0.1738,0.5648,0,-0.0932,0.9812,-0.1688,0,-0.5836,0.0835,0.8078,0,-0.2079,18.7004,4.0957,1]},
{"frame":15,"values":[0.8022,0.1847,0.5678,0,-0.0968,0.9786,-0.1816,0,-0.5892,0.0907,0.8029,0,-0.2079,18.7004,4.0957,1]},
{"frame":16,"values":[0.7984,0.1897,0.5714,0,-0.0922,0.9764,-0.1954,0,-0.595,0.1034,0.7971,0,-0.2079,18.7004,4.0957,1]},
{"frame":17,"values":[0.7962,0.2012,0.5705,0,-0.0926,0.9725,-0.2138,0,-0.5979,0.1174,0.793,0,-0.2079,18.7004,4.0957,1]},
{"frame":18,"values":[0.7928,0.2203,0.5683,0,-0.105,0.9678,-0.2288,0,-0.6004,0.1217,0.7904,0,-0.2079,18.7004,4.0957,1]},
{"frame":19,"values":[0.7882,0.2302,0.5707,0,-0.121,0.9673,-0.223,0,-0.6034,0.1067,0.7903,0,-0.2079,18.7004,4.0957,1]},
{"frame":20,"values":[0.7883,0.2262,0.5722,0,-0.136,0.971,-0.1966,0,-0.6001,0.0772,0.7962,0,-0.2079,18.7004,4.0957,1]},
{"frame":21,"values":[0.7833,0.2436,0.5719,0,-0.1544,0.9674,-0.2005,0,-0.6021,0.0688,0.7954,0,-0.2079,18.7004,4.0957,1]},
{"frame":22,"values":[0.7813,0.2633,0.5658,0,-0.1643,0.9614,-0.2205,0,-0.6021,0.0793,0.7945,0,-0.2079,18.7004,4.0957,1]},
{"frame":23,"values":[0.7967,0.2409,0.5543,0,-0.1459,0.9667,-0.2104,0,-0.5865,0.0868,0.8053,0,-0.2079,18.7004,4.0957,1]},
{"frame":24,"values":[0.8075,0.2108,0.5509,0,-0.1257,0.974,-0.1886,0,-0.5763,0.0831,0.813,0,-0.2079,18.7004,4.0957,1]},
{"frame":25,"values":[0.8092,0.1919,0.5553,0,-0.1147,0.9786,-0.1711,0,-0.5762,0.0748,0.8139,0,-0.2079,18.7004,4.0957,1]},
{"frame":26,"values":[0.8108,0.1775,0.5577,0,-0.1049,0.9815,-0.16,0,-0.5758,0.0712,0.8145,0,-0.2079,18.7004,4.0957,1]}],"loopBehavior":1,"name":"anim","property":"_matrix"}},
{"name":"mixamorig:HeadTop_End","index":6,"matrix":[1,0,0,0,0,1,0,0,0,0,1,0,0.0892,36.4747,10.0221,1],"rest":[1,0,0,0,0,1,0,0,0,0,1,0,0.0892,36.4747,10.0221,1],"parentBoneIndex":5,"length":28.1562
,"animation":{"dataType":3,"framePerSecond":24,"keys":[
{"frame":1,"values":[1,0,0,0,0,1,0,0,0,0,1,0,0.0892,36.4747,10.0221,1]},
{"frame":13,"values":[1,0,0,0,0,1,0,0,0,0,1,0,0.0892,36.4748,10.0221,1]},
{"frame":14,"values":[1,0,0,0,0,1,0,0,0,0,1,0,0.0892,36.4747,10.0221,1]},
{"frame":26,"values":[1,0,0,0,0,1,0,0,0,0,1,0,0.0892,36.4747,10.0221,1]}],"loopBehavior":1,"name":"anim","property":"_matrix"}},
{"name":"mixamorig:RightEye","index":7,"matrix":[1,0,0,0,0,1,0,0,0,0,1,0,-5.9256,14.7458,16.7647,1],"rest":[1,0,0,0,0,1,0,0,0,0,1,0,-5.9256,14.7458,16.7647,1],"parentBoneIndex":5,"length":28.1562
,"animation":{"dataType":3,"framePerSecond":24,"keys":[
{"frame":1,"values":[1,0,0,0,0,1,0,0,0,0,1,0,-5.9256,14.7458,16.7647,1]},
{"frame":22,"values":[1,0,0,0,0,1,0,0,0,0,1,0,-5.9256,14.7457,16.7647,1]},
{"frame":23,"values":[1,0,0,0,0,1,0,0,0,0,1,0,-5.9256,14.7458,16.7647,1]},
{"frame":26,"values":[1,0,0,0,0,1,0,0,0,0,1,0,-5.9256,14.7458,16.7647,1]}],"loopBehavior":1,"name":"anim","property":"_matrix"}},
{"name":"mixamorig:LeftEye","index":8,"matrix":[1,0,0,0,0,1,0,0,0,0,1,0,6.2739,14.9642,17.0569,1],"rest":[1,0,0,0,0,1,0,0,0,0,1,0,6.2739,14.9642,17.0569,1],"parentBoneIndex":5,"length":28.1562
,"animation":{"dataType":3,"framePerSecond":24,"keys":[
{"frame":1,"values":[1,0,0,0,0,1,0,0,0,0,1,0,6.2739,14.9642,17.0569,1]},
{"frame":8,"values":[1,0,0,0,0,1,0,0,0,0,1,0,6.2739,14.9643,17.0569,1]},
{"frame":9,"values":[1,0,0,0,0,1,0,0,0,0,1,0,6.2739,14.9642,17.0569,1]},
{"frame":15,"values":[1,0,0,0,0,1,0,0,0,0,1,0,6.2739,14.9643,17.0569,1]},
{"frame":16,"values":[1,0,0,0,0,1,0,0,0,0,1,0,6.2739,14.9642,17.0569,1]},
{"frame":26,"values":[1,0,0,0,0,1,0,0,0,0,1,0,6.2739,14.9642,17.0569,1]}],"loopBehavior":1,"name":"anim","property":"_matrix"}},
{"name":"mixamorig:LeftShoulder","index":9,"matrix":[0.976,-0.1803,0.1224,0,0.1847,0.9825,-0.0249,0,-0.1158,0.0469,0.9922,0,10.423,17.1773,1.9211,1],"rest":[0.9999,-0.0165,0,0,0.0165,0.9999,0,0,0,0,1,0,10.423,17.1773,1.9211,1],"parentBoneIndex":3,"length":22.8505
,"animation":{"dataType":3,"framePerSecond":24,"keys":[
{"frame":1,"values":[0.976,-0.1803,0.1224,0,0.1847,0.9825,-0.0249,0,-0.1158,0.0469,0.9922,0,10.423,17.1773,1.9211,1]},
{"frame":2,"values":[0.9755,-0.1745,0.1343,0,0.181,0.9828,-0.0377,0,-0.1254,0.0611,0.9902,0,10.423,17.1773,1.9211,1]},
{"frame":3,"values":[0.974,-0.17,0.1497,0,0.1786,0.9828,-0.0462,0,-0.1393,0.0717,0.9877,0,10.423,17.1773,1.9211,1]},
{"frame":4,"values":[0.971,-0.1701,0.168,0,0.1804,0.9824,-0.0481,0,-0.1569,0.077,0.9846,0,10.423,17.1773,1.9211,1]},
{"frame":5,"values":[0.9681,-0.1739,0.1806,0,0.1848,0.9817,-0.0452,0,-0.1694,0.0771,0.9825,0,10.423,17.1773,1.9211,1]},
{"frame":6,"values":[0.967,-0.1789,0.1814,0,0.1889,0.9812,-0.0394,0,-0.1709,0.0723,0.9826,0,10.423,17.1773,1.9211,1]},
{"frame":7,"values":[0.9674,-0.1844,0.1737,0,0.1926,0.9808,-0.0315,0,-0.1646,0.0639,0.9843,0,10.423,17.1773,1.9211,1]},
{"frame":8,"values":[0.9682,-0.1883,0.1646,0,0.1943,0.9807,-0.0213,0,-0.1574,0.0526,0.9861,0,10.423,17.1773,1.9211,1]},
{"frame":9,"values":[0.969,-0.1884,0.1596,0,0.1922,0.9813,-0.0088,0,-0.1549,0.0392,0.9871,0,10.423,17.1773,1.9211,1]},
{"frame":10,"values":[0.9697,-0.1873,0.1567,0,0.1889,0.982,0.0048,0,-0.1548,0.0249,0.9876,0,10.423,17.1773,1.9211,1]},
{"frame":11,"values":[0.9706,-0.1873,0.1514,0,0.1868,0.9822,0.018,0,-0.1521,0.0108,0.9883,0,10.423,17.1773,1.9211,1]},
{"frame":12,"values":[0.972,-0.1862,0.1435,0,0.1839,0.9825,0.0293,0,-0.1465,-0.0021,0.9892,0,10.423,17.1773,1.9211,1]},
{"frame":13,"values":[0.9736,-0.185,0.1337,0,0.1818,0.9827,0.0362,0,-0.1381,-0.011,0.9904,0,10.423,17.1773,1.9211,1]},
{"frame":14,"values":[0.9747,-0.1873,0.1217,0,0.184,0.9822,0.0375,0,-0.1265,-0.0141,0.9919,0,10.423,17.1773,1.9211,1]},
{"frame":15,"values":[0.9761,-0.1883,0.1086,0,0.185,0.9819,0.0393,0,-0.1141,-0.0183,0.9933,0,10.423,17.1773,1.9211,1]},
{"frame":16,"values":[0.9774,-0.1887,0.0948,0,0.1855,0.9818,0.0413,0,-0.1009,-0.0228,0.9946,0,10.423,17.1773,1.9211,1]},
{"frame":17,"values":[0.979,-0.1873,0.0801,0,0.1844,0.9819,0.0425,0,-0.0867,-0.0269,0.9959,0,10.423,17.1773,1.9211,1]},
{"frame":18,"values":[0.9806,-0.1844,0.0663,0,0.1818,0.9824,0.0426,0,-0.073,-0.0297,0.9969,0,10.423,17.1773,1.9211,1]},
{"frame":19,"values":[0.9814,-0.1839,0.0556,0,0.1817,0.9825,0.0417,0,-0.0623,-0.0309,0.9976,0,10.423,17.1773,1.9211,1]},
{"frame":20,"values":[0.9811,-0.1869,0.0506,0,0.185,0.9819,0.0399,0,-0.0571,-0.0298,0.9979,0,10.423,17.1773,1.9211,1]},
{"frame":21,"values":[0.9803,-0.1898,0.0544,0,0.188,0.9815,0.036,0,-0.0602,-0.0251,0.9979,0,10.423,17.1773,1.9211,1]},
{"frame":22,"values":[0.9793,-0.1913,0.0653,0,0.1898,0.9814,0.029,0,-0.0697,-0.016,0.9974,0,10.423,17.1773,1.9211,1]},
{"frame":23,"values":[0.9781,-0.1924,0.0788,0,0.1916,0.9813,0.0181,0,-0.0808,-0.0026,0.9967,0,10.423,17.1773,1.9211,1]},
{"frame":24,"values":[0.9771,-0.191,0.0937,0,0.1914,0.9815,0.0045,0,-0.0928,0.0135,0.9956,0,10.423,17.1773,1.9211,1]},
{"frame":25,"values":[0.9764,-0.1862,0.1092,0,0.1884,0.982,-0.0102,0,-0.1054,0.0305,0.994,0,10.423,17.1773,1.9211,1]},
{"frame":26,"values":[0.976,-0.1803,0.1224,0,0.1847,0.9825,-0.0249,0,-0.1158,0.0469,0.9922,0,10.423,17.1773,1.9211,1]}],"loopBehavior":1,"name":"anim","property":"_matrix"}},
{"name":"mixamorig:LeftArm","index":10,"matrix":[0.4736,-0.8194,0.3229,0,0.697,0.5728,0.4314,0,-0.5385,0.0207,0.8424,0,22.2129,0.6466,-5.321,1],"rest":[0.9991,0.0186,0.0369,0,-0.0186,0.9998,0.0001,0,-0.0369,-0.0008,0.9993,0,22.2129,0.6466,-5.321,1],"parentBoneIndex":9,"length":54.7531
,"animation":{"dataType":3,"framePerSecond":24,"keys":[
{"frame":1,"values":[0.4736,-0.8194,0.3229,0,0.697,0.5728,0.4314,0,-0.5385,0.0207,0.8424,0,22.2129,0.6466,-5.321,1]},
{"frame":2,"values":[0.4846,-0.7984,0.3573,0,0.6771,0.601,0.4246,0,-0.5537,0.0362,0.8319,0,22.2129,0.6466,-5.321,1]},
{"frame":3,"values":[0.5054,-0.7739,0.3816,0,0.6363,0.633,0.4411,0,-0.5829,0.0199,0.8123,0,22.2129,0.6466,-5.321,1]},
{"frame":4,"values":[0.522,-0.7442,0.4167,0,0.5694,0.6678,0.4795,0,-0.6351,-0.0131,0.7723,0,22.2129,0.6466,-5.321,1]},
{"frame":5,"values":[0.5164,-0.7174,0.4677,0,0.4974,0.6958,0.518,0,-0.697,-0.0349,0.7162,0,22.2129,0.6466,-5.321,1]},
{"frame":6,"values":[0.4793,-0.7118,0.5134,0,0.4685,0.7022,0.5362,0,-0.7421,-0.0165,0.67,0,22.2129,0.6466,-5.321,1]},
{"frame":7,"values":[0.4215,-0.7334,0.5334,0,0.5007,0.6786,0.5374,0,-0.7561,0.0406,0.6532,0,22.2129,0.6466,-5.321,1]},
{"frame":8,"values":[0.3655,-0.765,0.5303,0,0.5569,0.6362,0.5339,0,-0.7458,0.1002,0.6585,0,22.2129,0.6466,-5.321,1]},
{"frame":9,"values":[0.3417,-0.7823,0.5209,0,0.5895,0.61,0.5295,0,-0.732,0.1261,0.6696,0,22.2129,0.6466,-5.321,1]},
{"frame":10,"values":[0.3561,-0.7825,0.5107,0,0.5938,0.6115,0.5229,0,-0.7215,0.1171,0.6824,0,22.2129,0.6466,-5.321,1]},
{"frame":11,"values":[0.3864,-0.7782,0.495,0,0.591,0.621,0.5149,0,-0.7081,0.0937,0.6999,0,22.2129,0.6466,-5.321,1]},
{"frame":12,"values":[0.4212,-0.777,0.4678,0,0.5922,0.6263,0.507,0,-0.6869,0.0635,0.724,0,22.2129,0.6466,-5.321,1]},
{"frame":13,"values":[0.4691,-0.7769,0.42,0,0.5973,0.6294,0.4971,0,-0.6505,0.0177,0.7593,0,22.2129,0.6466,-5.321,1]},
{"frame":14,"values":[0.5228,-0.7818,0.3398,0,0.615,0.6219,0.4847,0,-0.5903,-0.0444,0.806,0,22.2129,0.6466,-5.321,1]},
{"frame":15,"values":[0.5559,-0.7932,0.2486,0,0.6438,0.6001,0.4748,0,-0.5258,-0.1039,0.8442,0,22.2129,0.6466,-5.321,1]},
{"frame":16,"values":[0.5657,-0.8085,0.1622,0,0.6809,0.5689,0.4611,0,-0.4651,-0.1504,0.8724,0,22.2129,0.6466,-5.321,1]},
{"frame":17,"values":[0.5482,-0.8299,0.1035,0,0.7235,0.5327,0.4391,0,-0.4195,-0.1659,0.8925,0,22.2129,0.6466,-5.321,1]},
{"frame":18,"values":[0.5099,-0.8565,0.0796,0,0.7666,0.4945,0.4097,0,-0.3903,-0.1479,0.9087,0,22.2129,0.6466,-5.321,1]},
{"frame":19,"values":[0.4665,-0.8814,0.0746,0,0.8053,0.4581,0.3765,0,-0.366,-0.1156,0.9234,0,22.2129,0.6466,-5.321,1]},
{"frame":20,"values":[0.431,-0.8994,0.0726,0,0.834,0.4278,0.3485,0,-0.3445,-0.0896,0.9345,0,22.2129,0.6466,-5.321,1]},
{"frame":21,"values":[0.4121,-0.9077,0.0792,0,0.8428,0.4128,0.3453,0,-0.3461,-0.0755,0.9351,0,22.2129,0.6466,-5.321,1]},
{"frame":22,"values":[0.4325,-0.8958,0.1027,0,0.8162,0.4374,0.3775,0,-0.3831,-0.0795,0.9203,0,22.2129,0.6466,-5.321,1]},
{"frame":23,"values":[0.4676,-0.8719,0.1452,0,0.7656,0.4816,0.4265,0,-0.4418,-0.0882,0.8928,0,22.2129,0.6466,-5.321,1]},
{"frame":24,"values":[0.4833,-0.8515,0.2035,0,0.7231,0.5193,0.4554,0,-0.4935,-0.073,0.8667,0,22.2129,0.6466,-5.321,1]},
{"frame":25,"values":[0.4776,-0.8366,0.2682,0,0.7057,0.5471,0.4502,0,-0.5234,-0.0257,0.8517,0,22.2129,0.6466,-5.321,1]},
{"frame":26,"values":[0.4736,-0.8194,0.3229,0,0.697,0.5728,0.4314,0,-0.5385,0.0207,0.8424,0,22.2129,0.6466,-5.321,1]}],"loopBehavior":1,"name":"anim","property":"_matrix"}},
{"name":"mixamorig:LeftForeArm","index":11,"matrix":[0.9954,-0.0273,0.0924,0,0.0271,0.9996,0.0031,0,-0.0924,-0.0005,0.9957,0,54.7157,-0.1167,-2.0211,1],"rest":[0.9915,-0.0273,-0.127,0,0.0272,0.9996,-0.0025,0,0.1271,-0.001,0.9919,0,54.7157,-0.1167,-2.0211,1],"parentBoneIndex":10,"length":43.4745
,"animation":{"dataType":3,"framePerSecond":24,"keys":[
{"frame":1,"values":[0.9954,-0.0273,0.0924,0,0.0271,0.9996,0.0031,0,-0.0924,-0.0005,0.9957,0,54.7157,-0.1167,-2.0211,1]},
{"frame":2,"values":[0.9887,-0.0273,0.1476,0,0.0269,0.9996,0.0044,0,-0.1477,-0.0004,0.989,0,54.7157,-0.1167,-2.0211,1]},
{"frame":3,"values":[0.9787,-0.0272,0.2037,0,0.0266,0.9996,0.0058,0,-0.2038,-0.0003,0.979,0,54.7157,-0.1167,-2.0211,1]},
{"frame":4,"values":[0.9684,-0.0272,0.248,0,0.0263,0.9996,0.007,0,-0.2481,-0.0002,0.9687,0,54.7157,-0.1167,-2.0211,1]},
{"frame":5,"values":[0.9622,-0.0272,0.2711,0,0.0261,0.9996,0.0075,0,-0.2712,-0.0002,0.9625,0,54.7157,-0.1167,-2.0211,1]},
{"frame":6,"values":[0.9631,-0.0272,0.2679,0,0.0261,0.9996,0.0074,0,-0.268,-0.0002,0.9634,0,54.7157,-0.1167,-2.0211,1]},
{"frame":7,"values":[0.9693,-0.0272,0.2444,0,0.0263,0.9996,0.0069,0,-0.2445,-0.0002,0.9697,0,54.7157,-0.1167,-2.0211,1]},
{"frame":8,"values":[0.9776,-0.0272,0.2087,0,0.0266,0.9996,0.006,0,-0.2088,-0.0003,0.978,0,54.7157,-0.1167,-2.0211,1]},
{"frame":9,"values":[0.9853,-0.0272,0.1687,0,0.0268,0.9996,0.005,0,-0.1688,-0.0004,0.9857,0,54.7157,-0.1167,-2.0211,1]},
{"frame":10,"values":[0.9908,-0.0273,0.1325,0,0.027,0.9996,0.0041,0,-0.1326,-0.0005,0.9912,0,54.7157,-0.1167,-2.0211,1]},
{"frame":11,"values":[0.9932,-0.0273,0.1132,0,0.027,0.9996,0.0036,0,-0.1132,-0.0005,0.9936,0,54.7157,-0.1167,-2.0211,1]},
{"frame":12,"values":[0.9921,-0.0273,0.1221,0,0.027,0.9996,0.0038,0,-0.1222,-0.0005,0.9925,0,54.7157,-0.1167,-2.0211,1]},
{"frame":13,"values":[0.9887,-0.0273,0.1476,0,0.0269,0.9996,0.0044,0,-0.1477,-0.0004,0.989,0,54.7157,-0.1167,-2.0211,1]},
{"frame":14,"values":[0.983,-0.0272,0.1815,0,0.0267,0.9996,0.0053,0,-0.1816,-0.0003,0.9834,0,54.7157,-0.1167,-2.0211,1]},
{"frame":15,"values":[0.9711,-0.0272,0.2372,0,0.0264,0.9996,0.0067,0,-0.2373,-0.0002,0.9714,0,54.7157,-0.1167,-2.0211,1]},
{"frame":16,"values":[0.9596,-0.0272,0.28,0,0.026,0.9996,0.0078,0,-0.2801,-0.0001,0.96,0,54.7157,-0.1167,-2.0211,1]},
{"frame":17,"values":[0.9626,-0.0272,0.2695,0,0.0261,0.9996,0.0075,0,-0.2696,-0.0002,0.963,0,54.7157,-0.1167,-2.0211,1]},
{"frame":18,"values":[0.9789,-0.0272,0.2026,0,0.0266,0.9996,0.0058,0,-0.2027,-0.0003,0.9792,0,54.7157,-0.1167,-2.0211,1]},
{"frame":19,"values":[0.9932,-0.0273,0.1131,0,0.027,0.9996,0.0036,0,-0.1132,-0.0005,0.9936,0,54.7157,-0.1167,-2.0211,1]},
{"frame":20,"values":[0.9988,-0.0273,0.0401,0,0.0273,0.9996,0.0017,0,-0.0402,-0.0006,0.9992,0,54.7157,-0.1167,-2.0211,1]},
{"frame":21,"values":[0.9996,-0.0273,0.0009,0,0.0273,0.9996,0.0008,0,-0.001,-0.0007,1,0,54.7157,-0.1167,-2.0211,1]},
{"frame":22,"values":[0.9996,-0.0273,-0.0088,0,0.0273,0.9996,0.0005,0,0.0088,-0.0008,1,0,54.7157,-0.1167,-2.0211,1]},
{"frame":23,"values":[0.9996,-0.0273,0.0005,0,0.0273,0.9996,0.0007,0,-0.0005,-0.0007,1,0,54.7157,-0.1167,-2.0211,1]},
{"frame":24,"values":[0.9994,-0.0273,0.0194,0,0.0273,0.9996,0.0012,0,-0.0194,-0.0007,0.9998,0,54.7157,-0.1167,-2.0211,1]},
{"frame":25,"values":[0.9984,-0.0273,0.049,0,0.0272,0.9996,0.002,0,-0.0491,-0.0006,0.9988,0,54.7157,-0.1167,-2.0211,1]},
{"frame":26,"values":[0.9954,-0.0273,0.0924,0,0.0271,0.9996,0.0031,0,-0.0924,-0.0005,0.9957,0,54.7157,-0.1167,-2.0211,1]}],"loopBehavior":1,"name":"anim","property":"_matrix"}},
{"name":"mixamorig:LeftHand","index":12,"matrix":[0.8994,0.4331,-0.06,0,-0.4294,0.9008,0.0648,0,0.0821,-0.0325,0.9961,0,43.2828,1.0945,3.9284,1],"rest":[0.9981,0.059,-0.0182,0,-0.059,0.9983,0.0015,0,0.0182,-0.0004,0.9998,0,43.2828,1.0945,3.9284,1],"parentBoneIndex":11,"length":20.0513
,"animation":{"dataType":3,"framePerSecond":24,"keys":[
{"frame":1,"values":[0.8994,0.4331,-0.06,0,-0.4294,0.9008,0.0648,0,0.0821,-0.0325,0.9961,0,43.2828,1.0945,3.9284,1]},
{"frame":2,"values":[0.8942,0.4448,-0.0508,0,-0.4445,0.8956,0.0176,0,0.0533,0.0068,0.9986,0,43.2828,1.0945,3.9284,1]},
{"frame":3,"values":[0.8864,0.4597,-0.055,0,-0.4615,0.8867,-0.0265,0,0.0366,0.0489,0.9981,0,43.2828,1.0945,3.9284,1]},
{"frame":4,"values":[0.8794,0.4732,-0.0528,0,-0.4756,0.8782,-0.0513,0,0.0221,0.0703,0.9973,0,43.2828,1.0945,3.9284,1]},
{"frame":5,"values":[0.8823,0.4703,-0.021,0,-0.4705,0.8793,-0.0739,0,-0.0163,0.075,0.997,0,43.2828,1.0945,3.9284,1]},
{"frame":6,"values":[0.8954,0.4432,0.043,0,-0.4374,0.8934,-0.1023,0,-0.0837,0.0728,0.9938,0,43.2828,1.0945,3.9284,1]},
{"frame":7,"values":[0.9121,0.3965,0.104,0,-0.3827,0.9146,-0.1304,0,-0.1468,0.0792,0.986,0,43.2828,1.0945,3.9284,1]},
{"frame":8,"values":[0.9341,0.3378,0.1154,0,-0.3196,0.9354,-0.1515,0,-0.1591,0.1046,0.9817,0,43.2828,1.0945,3.9284,1]},
{"frame":9,"values":[0.9588,0.2747,0.0722,0,-0.2605,0.9519,-0.1613,0,-0.113,0.1358,0.9843,0,43.2828,1.0945,3.9284,1]},
{"frame":10,"values":[0.9765,0.2148,0.0192,0,-0.2099,0.9671,-0.144,0,-0.0495,0.1366,0.9894,0,43.2828,1.0945,3.9284,1]},
{"frame":11,"values":[0.9856,0.169,-0.0038,0,-0.1687,0.9818,-0.0875,0,-0.0111,0.0869,0.9962,0,43.2828,1.0945,3.9284,1]},
{"frame":12,"values":[0.9897,0.1428,-0.0047,0,-0.1428,0.9895,-0.023,0,0.0014,0.0234,0.9997,0,43.2828,1.0945,3.9284,1]},
{"frame":13,"values":[0.991,0.134,0.0075,0,-0.1339,0.9909,-0.0162,0,-0.0096,0.0151,0.9998,0,43.2828,1.0945,3.9284,1]},
{"frame":14,"values":[0.9912,0.1268,0.0377,0,-0.1247,0.9907,-0.054,0,-0.0442,0.0489,0.9978,0,43.2828,1.0945,3.9284,1]},
{"frame":15,"values":[0.992,0.1185,0.0439,0,-0.1145,0.9897,-0.0857,0,-0.0536,0.08,0.9954,0,43.2828,1.0945,3.9284,1]},
{"frame":16,"values":[0.993,0.112,0.0375,0,-0.1081,0.9898,-0.0925,0,-0.0474,0.0878,0.995,0,43.2828,1.0945,3.9284,1]},
{"frame":17,"values":[0.9936,0.1064,0.0381,0,-0.1034,0.9919,-0.0733,0,-0.0456,0.0689,0.9966,0,43.2828,1.0945,3.9284,1]},
{"frame":18,"values":[0.9942,0.1022,0.0344,0,-0.1005,0.9937,-0.0488,0,-0.0391,0.0451,0.9982,0,43.2828,1.0945,3.9284,1]},
{"frame":19,"values":[0.9943,0.1061,0.0074,0,-0.1058,0.9938,-0.0348,0,-0.0111,0.0338,0.9994,0,43.2828,1.0945,3.9284,1]},
{"frame":20,"values":[0.9921,0.1224,-0.026,0,-0.1232,0.9919,-0.032,0,0.0219,0.035,0.9991,0,43.2828,1.0945,3.9284,1]},
{"frame":21,"values":[0.9879,0.1485,-0.0439,0,-0.1504,0.9877,-0.0418,0,0.0372,0.0479,0.9982,0,43.2828,1.0945,3.9284,1]},
{"frame":22,"values":[0.981,0.1864,-0.0541,0,-0.1895,0.9801,-0.0589,0,0.042,0.068,0.9968,0,43.2828,1.0945,3.9284,1]},
{"frame":23,"values":[0.9656,0.2503,-0.0697,0,-0.2541,0.9658,-0.051,0,0.0545,0.0669,0.9963,0,43.2828,1.0945,3.9284,1]},
{"frame":24,"values":[0.9389,0.3338,-0.0832,0,-0.3347,0.9423,0.0033,0,0.0795,0.0248,0.9965,0,43.2828,1.0945,3.9284,1]},
{"frame":25,"values":[0.9126,0.4014,-0.0781,0,-0.3974,0.9156,0.0618,0,0.0963,-0.0254,0.995,0,43.2828,1.0945,3.9284,1]},
{"frame":26,"values":[0.8994,0.4331,-0.06,0,-0.4294,0.9008,0.0648,0,0.0821,-0.0325,0.9961,0,43.2828,1.0945,3.9284,1]}],"loopBehavior":1,"name":"anim","property":"_matrix"}},
{"name":"mixamorig:LeftHandMiddle1","index":13,"matrix":[0.8098,-0.5841,-0.0549,0,0.586,0.8099,0.0267,0,0.0289,-0.0538,0.9981,0,22.6036,-0.7608,2.4682,1],"rest":[0.9965,-0.0799,0.0234,0,0.0797,0.9968,0.0089,0,-0.0241,-0.007,0.9997,0,22.6036,-0.7608,2.4682,1],"parentBoneIndex":12,"length":5.5212
,"animation":{"dataType":3,"framePerSecond":24,"keys":[
{"frame":1,"values":[0.8098,-0.5841,-0.0549,0,0.586,0.8099,0.0267,0,0.0289,-0.0538,0.9981,0,22.6036,-0.7608,2.4682,1]},
{"frame":2,"values":[0.8173,-0.5744,-0.0463,0,0.5758,0.8171,0.027,0,0.0224,-0.0488,0.9986,0,22.6036,-0.7608,2.4682,1]},
{"frame":3,"values":[0.8213,-0.569,-0.0414,0,0.5702,0.8211,0.0272,0,0.0185,-0.0459,0.9988,0,22.6036,-0.7608,2.4682,1]},
{"frame":4,"values":[0.8329,-0.5524,-0.0347,0,0.5533,0.8326,0.0274,0,0.0138,-0.042,0.999,0,22.6036,-0.7608,2.4682,1]},
{"frame":5,"values":[0.8403,-0.5411,-0.0341,0,0.542,0.8399,0.0272,0,0.0139,-0.0414,0.999,0,22.6036,-0.7608,2.4682,1]},
{"frame":6,"values":[0.8241,-0.5643,-0.0481,0,0.5658,0.8241,0.0268,0,0.0245,-0.0493,0.9985,0,22.6036,-0.7608,2.4682,1]},
{"frame":7,"values":[0.7938,-0.6045,-0.0664,0,0.607,0.7943,0.0262,0,0.0369,-0.0611,0.9974,0,22.6036,-0.7608,2.4682,1]},
{"frame":8,"values":[0.7816,-0.6194,-0.0737,0,0.6224,0.7823,0.0258,0,0.0417,-0.0661,0.9969,0,22.6036,-0.7608,2.4682,1]},
{"frame":9,"values":[0.7929,-0.6052,-0.0711,0,0.608,0.7935,0.026,0,0.0407,-0.0638,0.9971,0,22.6036,-0.7608,2.4682,1]},
{"frame":10,"values":[0.8065,-0.5875,-0.0666,0,0.59,0.807,0.0261,0,0.0384,-0.0604,0.9974,0,22.6036,-0.7608,2.4682,1]},
{"frame":11,"values":[0.8104,-0.5826,-0.0626,0,0.5848,0.8107,0.0263,0,0.0355,-0.0579,0.9977,0,22.6036,-0.7608,2.4682,1]},
{"frame":12,"values":[0.8078,-0.5866,-0.0579,0,0.5887,0.8079,0.0265,0,0.0312,-0.0555,0.998,0,22.6036,-0.7608,2.4682,1]},
{"frame":13,"values":[0.8076,-0.5876,-0.0504,0,0.5893,0.8075,0.0269,0,0.0248,-0.0514,0.9984,0,22.6036,-0.7608,2.4682,1]},
{"frame":14,"values":[0.8113,-0.5829,-0.0456,0,0.5843,0.8111,0.0271,0,0.0212,-0.0487,0.9986,0,22.6036,-0.7608,2.4682,1]},
