{"producer":{"name":"Blender","version":"2.90.0","exporter_version":"6.4.4","file":"option_dance.babylon"},
"autoClear":true,"clearColor":[0.0509,0.0509,0.0509],"gravity":[0,-9.81,0],
"materials":[{"name":"Material","id":"Material","customType":"BABYLON.PBRMaterial","backFaceCulling":true,"checkReadyOnlyOnce":false,"maxSimultaneousLights":4,"environmentIntensity":1,"albedo":[0.8,0.8,0.8],"reflectivity":[0.5,0.5,0.5],"roughness":0.4,"alpha":1,"transparencyMode":0,"alphaCutOff":0.4,"metallic":0}],
"multiMaterials":[],
"skeletons":[{"name":"Armature","id":0,"dimensionsAtRest":[180.6981,191.5439,26.6006],"bones":[
{"name":"mixamorig:Hips","index":0,"matrix":[0.9973,-0.0353,-0.0645,0,0.0163,0.9616,-0.2739,0,-0.0717,-0.2721,-0.9596,0,-3.0811,95.0294,11.2005,1],"rest":[1,0,0,0,0,1,0,0,0,0,-1,0,0,103.9915,0,1],"parentBoneIndex":-1,"length":10.5593
,"animation":{"dataType":3,"framePerSecond":24,"keys":[
{"frame":1,"values":[0.9973,-0.0353,-0.0645,0,0.0163,0.9616,-0.2739,0,-0.0717,-0.2721,-0.9596,0,-3.0811,95.0294,11.2005,1]},
{"frame":2,"values":[0.9821,-0.0731,-0.1735,0,0.0213,0.9587,-0.2835,0,-0.187,-0.2748,-0.9431,0,-2.888,94.5008,11.92,1]},
{"frame":3,"values":[0.9675,-0.0888,-0.2366,0,0.0181,0.9581,-0.2858,0,-0.2521,-0.2723,-0.9286,0,-2.0615,97.1299,11.5348,1]},
{"frame":4,"values":[0.9665,-0.0648,-0.2485,0,-0.0039,0.9639,-0.2663,0,-0.2568,-0.2584,-0.9313,0,-1.2634,100.6873,10.3155,1]},
{"frame":5,"values":[0.9626,-0.0503,-0.2661,0,-0.0179,0.9686,-0.248,0,-0.2703,-0.2435,-0.9315,0,-0.8359,102.4572,8.4037,1]},
{"frame":6,"values":[0.9497,-0.0569,-0.308,0,-0.0133,0.9751,-0.2212,0,-0.3129,-0.2142,-0.9253,0,-0.0821,102.0766,6.6235,1]},
{"frame":7,"values":[0.9437,-0.0622,-0.3249,0,-0.0011,0.9816,-0.1909,0,-0.3308,-0.1805,-0.9263,0,1.108,100.7572,5.8499,1]},
{"frame":8,"values":[0.9606,-0.0436,-0.2746,0,-0.011,0.9809,-0.1941,0,-0.2778,-0.1895,-0.9418,0,2.1185,100.3067,5.3642,1]},
{"frame":9,"values":[0.9829,-0.0256,-0.1821,0,-0.0154,0.9753,-0.2204,0,-0.1832,-0.2195,-0.9583,0,2.6752,100.7203,4.5465,1]},
{"frame":10,"values":[0.9947,-0.008,-0.1025,0,-0.0147,0.9757,-0.2188,0,-0.1018,-0.2191,-0.9704,0,2.5947,102.3563,3.7353,1]},
{"frame":11,"values":[0.9979,0.0161,-0.0623,0,-0.0285,0.9788,-0.2028,0,-0.0577,-0.2041,-0.9772,0,1.9998,103.988,2.8094,1]},
{"frame":12,"values":[0.9987,0.0271,-0.0429,0,-0.035,0.98,-0.1957,0,-0.0368,-0.1969,-0.9797,0,1.5224,104.4489,1.3538,1]},
{"frame":13,"values":[0.9993,0.0358,-0.0051,0,-0.0362,0.9833,-0.1784,0,0.0014,-0.1785,-0.9839,0,0.8268,103.1273,-0.4735,1]},
{"frame":14,"values":[0.9951,0.0823,0.0542,0,-0.0728,0.9846,-0.1592,0,0.0665,-0.1545,-0.9858,0,0.0857,100.761,-2.7159,1]},
{"frame":15,"values":[0.9915,0.099,0.0844,0,-0.0837,0.9823,-0.1678,0,0.0995,-0.1593,-0.9822,0,-0.0532,100.2236,-5.0853,1]},
{"frame":16,"values":[0.9944,0.0861,0.061,0,-0.0748,0.9829,-0.1683,0,0.0744,-0.1628,-0.9838,0,0.3422,101.644,-7.461,1]},
{"frame":17,"values":[0.9972,0.0718,0.0216,0,-0.0682,0.9884,-0.1359,0,0.0311,-0.134,-0.9905,0,0.5056,103.5476,-9.6751,1]},
{"frame":18,"values":[0.9971,0.0732,0.0224,0,-0.0709,0.9933,-0.0911,0,0.0289,-0.0893,-0.9956,0,0.1947,104.2885,-11.6424,1]},
{"frame":19,"values":[0.9956,0.0754,0.0553,0,-0.0731,0.9965,-0.0413,0,0.0583,-0.0371,-0.9976,0,-0.5131,103.2834,-13.0213,1]},
{"frame":20,"values":[0.9969,0.0633,0.046,0,-0.0631,0.998,-0.0073,0,0.0463,-0.0044,-0.9989,0,-1.3129,101.7806,-13.6416,1]},
{"frame":21,"values":[0.997,0.0588,-0.0496,0,-0.0596,0.9981,-0.0149,0,-0.0487,-0.0178,-0.9987,0,-1.5398,101.1,-14.4771,1]},
{"frame":22,"values":[0.9817,0.0806,-0.1725,0,-0.085,0.9962,-0.0185,0,-0.1704,-0.0329,-0.9848,0,-1.1386,102.0801,-16.0399,1]},
{"frame":23,"values":[0.9657,0.1031,-0.2383,0,-0.1057,0.9944,0.002,0,-0.2372,-0.0233,-0.9712,0,-0.2157,104.2269,-17.9592,1]},
{"frame":24,"values":[0.9639,0.1075,-0.2438,0,-0.112,0.9937,-0.0045,0,-0.2417,-0.0316,-0.9698,0,0.7508,105.6528,-20.1567,1]},
{"frame":25,"values":[0.9679,0.0918,-0.2339,0,-0.1044,0.9937,-0.0417,0,-0.2285,-0.0648,-0.9714,0,1.4465,105.4231,-22.692,1]},
{"frame":26,"values":[0.9714,0.0645,-0.2287,0,-0.081,0.9947,-0.0633,0,-0.2234,-0.08,-0.9714,0,2.0465,103.6793,-25.2605,1]},
{"frame":27,"values":[0.9752,0.0409,-0.2175,0,-0.0547,0.9968,-0.0576,0,-0.2145,-0.0681,-0.9743,0,2.7166,101.9336,-27.7738,1]},
{"frame":28,"values":[0.982,0.0228,-0.1876,0,-0.0341,0.9978,-0.0574,0,-0.1859,-0.0628,-0.9806,0,3.4772,101.2199,-30.3877,1]},
{"frame":29,"values":[0.9896,0.0118,-0.1431,0,-0.0202,0.9982,-0.0569,0,-0.1422,-0.0592,-0.9881,0,4.431,101.954,-32.8202,1]},
{"frame":30,"values":[0.9946,0.0192,-0.1021,0,-0.0204,0.9997,-0.01,0,-0.1018,-0.012,-0.9947,0,5.25,102.4427,-34.8601,1]},
{"frame":31,"values":[0.9959,0.0393,-0.0813,0,-0.0334,0.9969,0.0719,0,-0.0839,0.0689,-0.9941,0,5.6873,101.2203,-36.4701,1]},
{"frame":32,"values":[0.9967,0.0462,-0.0671,0,-0.0373,0.9909,0.129,0,-0.0725,0.1261,-0.9894,0,6.1736,99.5285,-37.4066,1]},
{"frame":33,"values":[0.9992,0.0321,-0.0231,0,-0.0289,0.9916,0.1263,0,-0.027,0.1255,-0.9917,0,7.0204,98.8471,-37.6287,1]},
{"frame":34,"values":[0.9979,-0.0063,0.0642,0,-0.001,0.9936,0.1132,0,0.0645,0.1131,-0.9915,0,7.7148,99.6756,-37.3094,1]},
{"frame":35,"values":[0.9874,-0.0448,0.1515,0,0.0229,0.9894,0.1433,0,0.1563,0.138,-0.978,0,7.7303,101.6778,-36.4643,1]},
{"frame":36,"values":[0.9816,-0.0514,0.184,0,0.0194,0.985,0.1715,0,0.19,0.1648,-0.9678,0,6.8138,103.1969,-35.5319,1]},
{"frame":37,"values":[0.9877,-0.0548,0.1466,0,0.0282,0.9836,0.178,0,0.1539,0.1717,-0.973,0,6.1555,103.663,-34.5144,1]},
{"frame":38,"values":[0.9956,-0.0763,0.0541,0,0.064,0.9774,0.2013,0,0.0683,0.197,-0.978,0,5.17,103.102,-33.5101,1]},
{"frame":39,"values":[0.998,-0.0537,-0.0335,0,0.0597,0.974,0.2184,0,-0.021,0.22,-0.9753,0,3.4045,101.0517,-33.921,1]},
{"frame":40,"values":[0.9965,-0.0148,-0.0826,0,0.0306,0.9806,0.1935,0,-0.0781,0.1954,-0.9776,0,1.97,99.6791,-33.845,1]},
{"frame":41,"values":[0.9964,-0.0204,-0.0825,0,0.0336,0.9862,0.1622,0,-0.078,0.1644,-0.9833,0,1.3933,100.1631,-33.1928,1]},
{"frame":42,"values":[0.9974,-0.0559,-0.0445,0,0.0625,0.9842,0.1654,0,-0.0345,0.1678,-0.9852,0,1.8141,101.5634,-33.6767,1]},
{"frame":43,"values":[0.9953,-0.0966,-0.0069,0,0.0964,0.9817,0.1641,0,0.009,0.164,-0.9864,0,2.6077,103.0003,-34.0817,1]},
{"frame":44,"values":[0.9922,-0.1215,0.0284,0,0.1166,0.9837,0.137,0,0.0446,0.1326,-0.9902,0,3.6032,103.4442,-34.4623,1]},
{"frame":45,"values":[0.992,-0.1176,0.0462,0,0.112,0.9875,0.1106,0,0.0586,0.1046,-0.9928,0,4.6942,102.1402,-35.2108,1]},
{"frame":46,"values":[0.9952,-0.0956,0.0201,0,0.0936,0.9918,0.0867,0,0.0282,0.0844,-0.996,0,5.4844,100.129,-35.8446,1]},
{"frame":47,"values":[0.9956,-0.0865,-0.0348,0,0.0882,0.9948,0.0511,0,-0.0302,0.054,-0.9981,0,5.953,99.5202,-35.9613,1]},
{"frame":48,"values":[0.9927,-0.0915,-0.0783,0,0.0939,0.9952,0.0275,0,-0.0755,0.0347,-0.9965,0,5.5304,100.9097,-35.1849,1]},
{"frame":49,"values":[0.9933,-0.084,-0.0791,0,0.0866,0.9958,0.0305,0,-0.0762,0.0371,-0.9964,0,3.8223,102.6571,-33.5294,1]},
{"frame":50,"values":[0.9981,-0.0565,-0.0255,0,0.0573,0.9978,0.0327,0,-0.0236,0.0341,-0.9991,0,1.7414,103.3662,-31.7533,1]},
{"frame":51,"values":[0.9988,-0.0114,0.0467,0,0.0106,0.9998,0.0168,0,0.0469,0.0162,-0.9988,0,-0.1573,102.0039,-29.7912,1]},
{"frame":52,"values":[0.9953,0.0336,0.091,0,-0.0327,0.9994,-0.0111,0,0.0913,-0.0081,-0.9958,0,-1.1019,99.0881,-27.191,1]},
{"frame":53,"values":[0.9936,0.0452,0.1033,0,-0.0419,0.9985,-0.0345,0,0.1047,-0.03,-0.9941,0,-1.3309,97.7345,-23.8716,1]},
{"frame":54,"values":[0.991,0.0487,0.1246,0,-0.0432,0.998,-0.0465,0,0.1266,-0.0407,-0.9911,0,-1.8023,98.3691,-20.5116,1]},
{"frame":55,"values":[0.9851,0.0445,0.1664,0,-0.0371,0.9982,-0.0474,0,0.1682,-0.0405,-0.9849,0,-2.6234,100.6004,-17.999,1]},
{"frame":56,"values":[0.9824,0.0491,0.1801,0,-0.039,0.9975,-0.0594,0,0.1825,-0.0514,-0.9819,0,-3.0395,102.6916,-16.2317,1]},
{"frame":57,"values":[0.9871,0.0681,0.1447,0,-0.0568,0.9951,-0.0808,0,0.1495,-0.0716,-0.9862,0,-3.2653,102.9625,-14.4579,1]},
{"frame":58,"values":[0.9911,0.0849,0.1028,0,-0.0765,0.9936,-0.0833,0,0.1092,-0.0747,-0.9912,0,-4.018,101.876,-12.3848,1]},
{"frame":59,"values":[0.9927,0.0774,0.0927,0,-0.0699,0.9942,-0.0815,0,0.0985,-0.0744,-0.9923,0,-4.5423,101.2689,-10.3278,1]},
{"frame":60,"values":[0.9929,0.0852,0.0833,0,-0.0765,0.9918,-0.1025,0,0.0913,-0.0954,-0.9912,0,-4.5228,101.5142,-8.7088,1]},
{"frame":61,"values":[0.9925,0.1138,0.0448,0,-0.1075,0.9865,-0.1239,0,0.0583,-0.1181,-0.9913,0,-3.916,102.7543,-7.3702,1]},
{"frame":62,"values":[0.9903,0.1379,0.0142,0,-0.1349,0.9822,-0.131,0,0.0321,-0.1279,-0.9913,0,-2.9278,104.2675,-5.3202,1]},
{"frame":63,"values":[0.9874,0.1566,0.0219,0,-0.1521,0.9787,-0.1381,0,0.0431,-0.133,-0.9902,0,-1.8111,104.3465,-2.3003,1]},
{"frame":64,"values":[0.9845,0.1603,0.0708,0,-0.1482,0.9774,-0.1509,0,0.0934,-0.1381,-0.986,0,-0.5384,102.0473,1.0389,1]},
{"frame":65,"values":[0.982,0.1212,0.1448,0,-0.0952,0.98,-0.1748,0,0.1631,-0.1578,-0.9739,0,0.4148,100.686,4.5135,1]},
{"frame":66,"values":[0.9709,0.0866,0.2235,0,-0.041,0.9786,-0.2015,0,0.2361,-0.1865,-0.9537,0,0.7754,101.0846,8.1277,1]},
{"frame":67,"values":[0.9622,0.092,0.2562,0,-0.0369,0.9766,-0.2119,0,0.2697,-0.1945,-0.9431,0,1.0908,102.725,11.5402,1]},
{"frame":68,"values":[0.9704,0.0986,0.2205,0,-0.0529,0.9774,-0.2045,0,0.2357,-0.1868,-0.9537,0,1.6196,104.2754,14.5011,1]},
{"frame":69,"values":[0.9815,0.0785,0.1745,0,-0.0442,0.9804,-0.1922,0,0.1861,-0.181,-0.9657,0,2.2604,103.9537,17.2509,1]},
{"frame":70,"values":[0.9844,0.0699,0.1614,0,-0.0411,0.9836,-0.1756,0,0.171,-0.1662,-0.9711,0,2.6853,102.0958,19.7374,1]},
{"frame":71,"values":[0.9831,0.0977,0.1549,0,-0.0702,0.9822,-0.174,0,0.1692,-0.1602,-0.9725,0,2.8852,100.7503,21.721,1]},
{"frame":72,"values":[0.9844,0.1212,0.1272,0,-0.0944,0.9755,-0.1988,0,0.1482,-0.1837,-0.9717,0,3.0747,100.5524,23.135,1]},
{"frame":73,"values":[0.9882,0.1155,0.1004,0,-0.0916,0.9719,-0.2167,0,0.1226,-0.2049,-0.9711,0,3.3136,101.2699,24.5726,1]},
{"frame":74,"values":[0.9908,0.099,0.0923,0,-0.0764,0.9718,-0.223,0,0.1118,-0.2139,-0.9704,0,3.5998,102.0619,26.253,1]},
{"frame":75,"values":[0.9932,0.0776,0.0864,0,-0.0544,0.9682,-0.2441,0,0.1026,-0.2377,-0.9659,0,3.7026,101.4422,28.0604,1]},
{"frame":76,"values":[0.9975,0.0341,0.0623,0,-0.0156,0.9612,-0.2754,0,0.0693,-0.2737,-0.9593,0,3.4181,98.3005,30.0749,1]},
{"frame":77,"values":[0.9999,-0.0071,0.0142,0,0.011,0.9542,-0.299,0,0.0114,-0.2991,-0.9541,0,3.2749,94.6954,32.3743,1]},
{"frame":78,"values":[0.9987,-0.0225,-0.0465,0,0.0067,0.9489,-0.3155,0,-0.0512,-0.3148,-0.9478,0,3.4425,92.8916,34.188,1]},
{"frame":79,"values":[0.9975,-0.0075,-0.0697,0,-0.0149,0.949,-0.315,0,-0.0685,-0.3152,-0.9465,0,3.4082,94.3798,34.5011,1]},
{"frame":80,"values":[0.9989,0.0366,-0.0292,0,-0.0436,0.9549,-0.2936,0,-0.0171,-0.2946,-0.9555,0,3.3693,98.3506,33.5163,1]},
{"frame":81,"values":[0.998,0.0618,0.0131,0,-0.0559,0.9604,-0.273,0,0.0294,-0.2718,-0.9619,0,3.5183,101.6864,31.5841,1]},
{"frame":82,"values":[0.9991,0.0418,-0.0038,0,-0.0415,0.9679,-0.2479,0,0.0067,-0.2478,-0.9688,0,3.9322,102.8771,29.2314,1]},
{"frame":83,"values":[0.998,0.0135,-0.0612,0,-0.0258,0.9785,-0.2046,0,-0.0571,-0.2057,-0.9769,0,4.605,102.3361,27.6577,1]},
{"frame":84,"values":[0.9954,0.008,-0.0952,0,-0.0243,0.985,-0.1707,0,-0.0924,-0.1723,-0.9807,0,4.9741,101.7964,26.9187,1]},
{"frame":85,"values":[0.998,0.0043,-0.0631,0,-0.0152,0.9847,-0.1738,0,-0.0614,-0.1745,-0.9828,0,5.0795,101.992,26.0086,1]},
{"frame":86,"values":[1,0.0019,0.0046,0,-0.001,0.9825,-0.1863,0,0.0048,-0.1863,-0.9825,0,4.8636,103.2863,24.6686,1]},
{"frame":87,"values":[0.9994,0.0101,0.0329,0,-0.0038,0.9821,-0.1882,0,0.0343,-0.1879,-0.9816,0,4.1286,104.5456,22.9949,1]},
{"frame":88,"values":[1,-0.0046,-0.0047,0,0.0036,0.9813,-0.1926,0,-0.0055,-0.1926,-0.9813,0,3.49,105.1334,20.9087,1]},
{"frame":89,"values":[0.9976,-0.0274,-0.0637,0,0.0144,0.9804,-0.1966,0,-0.0679,-0.1952,-0.9784,0,2.4996,103.7626,18.4083,1]},
{"frame":90,"values":[0.9954,-0.005,-0.0961,0,-0.0133,0.9819,-0.1889,0,-0.0953,-0.1893,-0.9773,0,1.2308,101.3915,15.4777,1]},
{"frame":91,"values":[0.9937,0.0253,-0.1089,0,-0.0457,0.9808,-0.1895,0,-0.102,-0.1933,-0.9758,0,0.0968,100.4557,12.3629,1]},
{"frame":92,"values":[0.9905,0.0267,-0.1353,0,-0.0519,0.981,-0.1869,0,-0.1277,-0.1921,-0.973,0,-0.7764,101.4817,9.6812,1]},
{"frame":93,"values":[0.9829,0.0054,-0.1842,0,-0.0345,0.9873,-0.1551,0,-0.181,-0.1588,-0.9706,0,-1.2782,103.2363,7.5253,1]},
{"frame":94,"values":[0.9752,-0.0046,-0.2211,0,-0.0196,0.9941,-0.1071,0,-0.2203,-0.1088,-0.9693,0,-1.701,104.0179,5.6365,1]},
{"frame":95,"values":[0.9742,0.012,-0.2254,0,-0.0262,0.9978,-0.0602,0,-0.2242,-0.0645,-0.9724,0,-2.3735,103.3073,4.0387,1]},
{"frame":96,"values":[0.9776,0.0246,-0.2088,0,-0.0323,0.9989,-0.0334,0,-0.2078,-0.0394,-0.9774,0,-2.9049,102.2398,2.7242,1]},
{"frame":97,"values":[0.9732,0.0359,-0.2273,0,-0.0465,0.9981,-0.0414,0,-0.2253,-0.0509,-0.973,0,-2.8382,101.6813,1.0661,1]},
{"frame":98,"values":[0.9557,0.0517,-0.2897,0,-0.0699,0.9962,-0.0527,0,-0.2858,-0.0706,-0.9557,0,-2.1442,102.4301,-1.2099,1]},
{"frame":99,"values":[0.9452,0.0692,-0.3191,0,-0.084,0.9959,-0.0327,0,-0.3155,-0.0577,-0.9472,0,-1.1232,104.072,-3.7827,1]},
{"frame":100,"values":[0.9549,0.0769,-0.2868,0,-0.0854,0.9962,-0.0171,0,-0.2844,-0.0408,-0.9578,0,-0.1772,105.3397,-6.5711,1]},
{"frame":101,"values":[0.9696,0.0689,-0.2348,0,-0.0772,0.9967,-0.0263,0,-0.2322,-0.0436,-0.9717,0,0.4401,104.9307,-9.6802,1]},
{"frame":102,"values":[0.9807,0.0449,-0.1905,0,-0.0529,0.9979,-0.037,0,-0.1884,-0.0464,-0.981,0,0.8089,103.077,-12.9133,1]},
{"frame":103,"values":[0.9874,0.0239,-0.1562,0,-0.0308,0.9987,-0.0418,0,-0.155,-0.0461,-0.9868,0,1.2219,101.1824,-16.1904,1]},
{"frame":104,"values":[0.9897,0.0029,-0.1431,0,-0.0104,0.9986,-0.0521,0,-0.1428,-0.0531,-0.9883,0,1.9007,100.8056,-19.4226,1]},
{"frame":105,"values":[0.9894,0.0063,-0.1448,0,-0.0122,0.9991,-0.0403,0,-0.1444,-0.0417,-0.9886,0,2.6123,101.549,-21.9731,1]},
{"frame":106,"values":[0.9933,0.0003,-0.1157,0,-0.003,0.9997,-0.023,0,-0.1156,-0.0232,-0.993,0,2.2777,102.2904,-25.504,1]},
{"frame":107,"values":[0.9971,-0.0295,-0.0703,0,0.0288,0.9995,-0.011,0,-0.0706,-0.009,-0.9975,0,1.7547,102.3571,-29.3639,1]},
{"frame":108,"values":[0.9983,-0.0526,-0.0248,0,0.0533,0.9982,0.0288,0,-0.0233,0.03,-0.9993,0,2.3726,100.8259,-31.0664,1]},
{"frame":109,"values":[0.9969,-0.0691,0.0384,0,0.068,0.9973,0.0289,0,0.0403,0.0262,-0.9988,0,3.2356,99.6686,-31.8988,1]},
{"frame":110,"values":[0.9894,-0.0943,0.1102,0,0.0934,0.9955,0.0134,0,0.1109,0.003,-0.9938,0,3.9553,100.3036,-32.375,1]},
{"frame":111,"values":[0.9761,-0.131,0.1735,0,0.1262,0.9913,0.0386,0,0.177,0.0157,-0.9841,0,4.1923,102.5061,-32.2076,1]},
{"frame":112,"values":[0.9657,-0.153,0.2097,0,0.1398,0.9872,0.0766,0,0.2187,0.0446,-0.9748,0,3.5159,104.5497,-31.3908,1]},
{"frame":113,"values":[0.9692,-0.154,0.1923,0,0.139,0.9862,0.0895,0,0.2034,0.06,-0.9773,0,2.4548,104.9709,-30.6583,1]},
{"frame":114,"values":[0.9848,-0.1472,0.0926,0,0.1382,0.9856,0.0974,0,0.1056,0.0831,-0.9909,0,1.5791,103.8984,-30.5841,1]},
{"frame":115,"values":[0.9945,-0.1001,-0.031,0,0.1028,0.9894,0.1028,0,-0.0204,0.1055,-0.9942,0,0.3653,101.6868,-31.7424,1]},
{"frame":116,"values":[0.9952,-0.0373,-0.0901,0,0.0452,0.9951,0.0875,0,-0.0864,0.0911,-0.9921,0,-0.6965,100.1191,-32.5448,1]},
{"frame":117,"values":[0.9967,-0.0316,-0.0741,0,0.0361,0.9976,0.0598,0,-0.0721,0.0622,-0.9955,0,-1.0907,100.7919,-31.801,1]},
{"frame":118,"values":[0.9985,-0.0553,-0.0062,0,0.0556,0.9963,0.0659,0,-0.0025,0.0661,-0.9978,0,-0.6895,102.1606,-32.3219,1]},
{"frame":119,"values":[0.9947,-0.0878,0.0543,0,0.0833,0.9934,0.0791,0,0.0608,0.0742,-0.9954,0,-0.4038,103.6604,-32.5429,1]},
{"frame":120,"values":[0.9884,-0.1218,0.0909,0,0.1143,0.99,0.0832,0,0.1001,0.0718,-0.9924,0,-0.1508,103.7907,-32.5229,1]},
{"frame":121,"values":[0.989,-0.1275,0.0755,0,0.1211,0.989,0.0847,0,0.0855,0.0746,-0.9935,0,0.5688,101.5689,-33.5095,1]},
{"frame":122,"values":[0.9972,-0.0751,0.0037,0,0.0747,0.9949,0.0682,0,0.0088,0.0677,-0.9977,0,0.8502,100.4791,-35.0233,1]},
{"frame":123,"values":[0.9977,-0.0435,-0.051,0,0.0455,0.9982,0.0378,0,-0.0493,0.0401,-0.998,0,0.9153,100.8492,-36.0712,1]},
{"frame":124,"values":[0.9985,-0.0436,-0.0319,0,0.0442,0.9989,0.0171,0,-0.0311,0.0184,-0.9993,0,0.5454,101.7346,-35.853,1]},
{"frame":125,"values":[0.9989,-0.0431,0.0209,0,0.0429,0.999,0.0119,0,0.0214,0.011,-0.9997,0,-0.2988,102.6571,-34.5696,1]},
{"frame":126,"values":[0.9974,-0.0466,0.0546,0,0.0469,0.9989,-0.0055,0,0.0543,-0.008,-0.9985,0,-1.4092,102.5939,-33.362,1]},
{"frame":127,"values":[0.9979,-0.0365,0.0544,0,0.039,0.9982,-0.0454,0,0.0526,-0.0474,-0.9975,0,-2.6566,100.2473,-32.3602,1]},
{"frame":128,"values":[0.9997,-0.0125,0.022,0,0.0144,0.9961,-0.087,0,0.0209,-0.0873,-0.996,0,-3.4238,98.3332,-30.8639,1]},
{"frame":129,"values":[0.9997,0,-0.0235,0,-0.0026,0.9938,-0.1113,0,-0.0234,-0.1114,-0.9935,0,-3.6633,98.7044,-28.6966,1]},
{"frame":130,"values":[0.9991,0.0095,-0.0425,0,-0.0144,0.9933,-0.1145,0,-0.0411,-0.115,-0.9925,0,-3.8512,100.6883,-26.4058,1]},
{"frame":131,"values":[0.9994,0.0246,-0.0256,0,-0.0272,0.9937,-0.1089,0,-0.0227,-0.1095,-0.9937,0,-4.4698,102.5936,-24.5386,1]},
{"frame":132,"values":[0.9985,0.0553,0.0059,0,-0.0543,0.9919,-0.1147,0,0.0122,-0.1142,-0.9934,0,-5.2846,102.6017,-22.8854,1]},
{"frame":133,"values":[0.9958,0.0872,0.0278,0,-0.0832,0.9888,-0.124,0,0.0383,-0.1212,-0.9919,0,-6.0436,101.4066,-21.1955,1]},
{"frame":134,"values":[0.9945,0.1022,0.0244,0,-0.0981,0.9861,-0.1342,0,0.0378,-0.1311,-0.9906,0,-6.4719,101.0408,-19.778,1]},
{"frame":135,"values":[0.9928,0.12,-0.0017,0,-0.1188,0.981,-0.1536,0,0.0168,-0.1527,-0.9881,0,-6.3692,101.8354,-19.0169,1]},
{"frame":136,"values":[0.9888,0.1466,-0.0267,0,-0.149,0.9747,-0.1669,0,-0.0015,-0.169,-0.9856,0,-5.5324,103.6088,-18.5649,1]},
{"frame":137,"values":[0.9857,0.1659,-0.0307,0,-0.1687,0.9697,-0.1766,0,-0.0004,-0.1792,-0.9838,0,-4.3148,105.1339,-17.6607,1]},
{"frame":138,"values":[0.9826,0.1847,-0.0177,0,-0.1845,0.963,-0.1962,0,0.0191,-0.1961,-0.9804,0,-3.3575,104.7189,-16.1203,1]},
{"frame":139,"values":[0.9834,0.1812,0.0136,0,-0.1737,0.9595,-0.222,0,0.0533,-0.2159,-0.975,0,-2.4972,102.561,-14.2005,1]},
{"frame":140,"values":[0.9878,0.1333,0.0808,0,-0.1101,0.9635,-0.2438,0,0.1104,-0.2319,-0.9664,0,-1.8556,100.394,-11.9762,1]},
{"frame":141,"values":[0.9794,0.098,0.1768,0,-0.0525,0.968,-0.2456,0,0.1952,-0.2312,-0.9531,0,-1.7895,99.3139,-9.487,1]},
{"frame":142,"values":[0.9605,0.1073,0.2568,0,-0.0476,0.9724,-0.2283,0,0.2742,-0.2071,-0.9391,0,-1.952,100.3139,-6.9206,1]},
{"frame":143,"values":[0.9529,0.1083,0.2832,0,-0.049,0.9768,-0.2087,0,0.2992,-0.185,-0.9361,0,-1.6254,102.3325,-4.4312,1]},
{"frame":144,"values":[0.9602,0.088,0.2651,0,-0.04,0.9826,-0.1813,0,0.2764,-0.1634,-0.947,0,-1.0491,102.5444,-2.098,1]},
{"frame":145,"values":[0.9674,0.0796,0.2403,0,-0.0482,0.9898,-0.1338,0,0.2486,-0.1179,-0.9614,0,-0.8047,101.2461,-0.0878,1]},
{"frame":146,"values":[0.97,0.1107,0.2166,0,-0.0901,0.9906,-0.1028,0,0.2259,-0.0802,-0.9708,0,-0.7362,100.1556,1.2596,1]},
{"frame":147,"values":[0.9732,0.1303,0.1897,0,-0.1095,0.9872,-0.1162,0,0.2024,-0.0923,-0.9749,0,-0.537,100.0325,2.0745,1]},
{"frame":148,"values":[0.9755,0.1175,0.186,0,-0.0924,0.986,-0.1386,0,0.1997,-0.118,-0.9727,0,-0.4073,101.0173,3.1775,1]},
{"frame":149,"values":[0.9758,0.0915,0.1988,0,-0.0621,0.9869,-0.149,0,0.2098,-0.1331,-0.9686,0,-0.3822,102.3754,4.8138,1]},
{"frame":150,"values":[0.9807,0.0568,0.1869,0,-0.0235,0.9842,-0.1756,0,0.1939,-0.1678,-0.9666,0,-0.4585,103.0512,6.366,1]},
{"frame":151,"values":[0.9906,0.0169,0.1355,0,0.0143,0.9741,-0.2256,0,0.1358,-0.2255,-0.9647,0,-1.0832,101.5758,7.7988,1]},
{"frame":152,"values":[0.9988,-0.011,0.047,0,0.023,0.9644,-0.2635,0,0.0424,-0.2643,-0.9635,0,-2.296,97.9821,9.5651,1]},
{"frame":153,"values":[0.9973,-0.0353,-0.0645,0,0.0163,0.9616,-0.2739,0,-0.0717,-0.2721,-0.9596,0,-3.0811,95.0294,11.2005,1]}],"loopBehavior":1,"name":"anim","property":"_matrix"}},
{"name":"mixamorig:Spine","index":1,"matrix":[0.9998,-0.0162,-0.014,0,0.0163,0.9998,0.006,0,0.0139,-0.0062,0.9999,0,0,10.1816,0.1315,1],"rest":[1,0,0,0,0,1,0,0,0,0,1,0,0,10.1816,0.1315,1],"parentBoneIndex":0,"length":10.133
,"animation":{"dataType":3,"framePerSecond":24,"keys":[
{"frame":1,"values":[0.9998,-0.0162,-0.014,0,0.0163,0.9998,0.006,0,0.0139,-0.0062,0.9999,0,0,10.1816,0.1315,1]},
{"frame":2,"values":[0.9996,-0.0142,-0.0236,0,0.0144,0.9998,0.0099,0,0.0234,-0.0102,0.9997,0,0,10.1816,0.1315,1]},
{"frame":3,"values":[0.9988,-0.0415,-0.0262,0,0.0419,0.999,0.014,0,0.0256,-0.0151,0.9996,0,0,10.1816,0.1315,1]},
{"frame":4,"values":[0.9967,-0.0777,-0.0221,0,0.0782,0.9968,0.0189,0,0.0206,-0.0206,0.9996,0,0,10.1816,0.1315,1]},
{"frame":5,"values":[0.997,-0.0734,-0.025,0,0.0739,0.997,0.0209,0,0.0234,-0.0227,0.9995,0,0,10.1816,0.1315,1]},
{"frame":6,"values":[0.9985,-0.0419,-0.034,0,0.0427,0.9988,0.0255,0,0.0329,-0.0269,0.9991,0,0,10.1816,0.1315,1]},
{"frame":7,"values":[0.9989,-0.0189,-0.0438,0,0.0204,0.9993,0.0327,0,0.0432,-0.0336,0.9985,0,0,10.1816,0.1315,1]},
{"frame":8,"values":[0.9987,-0.0322,-0.0395,0,0.0337,0.9988,0.0368,0,0.0383,-0.038,0.9985,0,0,10.1816,0.1315,1]},
{"frame":9,"values":[0.9991,-0.0364,-0.0207,0,0.0371,0.9987,0.0352,0,0.0194,-0.0359,0.9992,0,0,10.1816,0.1315,1]},
{"frame":10,"values":[0.9996,-0.0292,-0.003,0,0.0293,0.999,0.0345,0,0.002,-0.0345,0.9994,0,0,10.1816,0.1315,1]},
{"frame":11,"values":[0.9994,-0.0352,0.007,0,0.0349,0.9989,0.032,0,-0.0081,-0.0317,0.9995,0,0,10.1816,0.1315,1]},
{"frame":12,"values":[0.9992,-0.036,0.0143,0,0.0356,0.999,0.0266,0,-0.0153,-0.0261,0.9995,0,0,10.1816,0.1315,1]},
{"frame":13,"values":[0.9992,-0.0331,0.0235,0,0.0325,0.9992,0.0227,0,-0.0243,-0.0219,0.9995,0,0,10.1816,0.1315,1]},
{"frame":14,"values":[0.9977,-0.0576,0.0349,0,0.057,0.9982,0.0177,0,-0.0359,-0.0157,0.9992,0,0,10.1816,0.1315,1]},
{"frame":15,"values":[0.9979,-0.0537,0.0371,0,0.0533,0.9985,0.0133,0,-0.0378,-0.0113,0.9992,0,0,10.1816,0.1315,1]},
{"frame":16,"values":[0.9982,-0.0471,0.0377,0,0.0469,0.9989,0.0078,0,-0.0381,-0.006,0.9993,0,0,10.1816,0.1315,1]},
{"frame":17,"values":[0.9982,-0.0509,0.0329,0,0.0508,0.9987,0.0065,0,-0.0332,-0.0048,0.9994,0,0,10.1816,0.1315,1]},
{"frame":18,"values":[0.9978,-0.0608,0.0272,0,0.0606,0.9981,0.0088,0,-0.0277,-0.0071,0.9996,0,0,10.1816,0.1315,1]},
{"frame":19,"values":[0.9973,-0.0698,0.0224,0,0.0695,0.9975,0.0139,0,-0.0233,-0.0124,0.9997,0,0,10.1816,0.1315,1]},
{"frame":20,"values":[0.9975,-0.0691,0.012,0,0.0688,0.9974,0.0212,0,-0.0134,-0.0204,0.9997,0,0,10.1816,0.1315,1]},
{"frame":21,"values":[0.9972,-0.0733,-0.0114,0,0.0735,0.997,0.0242,0,0.0096,-0.025,0.9996,0,0,10.1816,0.1315,1]},
{"frame":22,"values":[0.9946,-0.0954,-0.04,0,0.0964,0.9951,0.0239,0,0.0375,-0.0276,0.9989,0,0,10.1816,0.1315,1]},
{"frame":23,"values":[0.9932,-0.1004,-0.0588,0,0.102,0.9945,0.0249,0,0.056,-0.0307,0.998,0,0,10.1816,0.1315,1]},
{"frame":24,"values":[0.9942,-0.0826,-0.0686,0,0.0842,0.9962,0.0213,0,0.0666,-0.027,0.9974,0,0,10.1816,0.1315,1]},
{"frame":25,"values":[0.9953,-0.0581,-0.0773,0,0.0592,0.9982,0.0122,0,0.0765,-0.0167,0.9969,0,0,10.1816,0.1315,1]},
{"frame":26,"values":[0.9959,-0.0343,-0.0837,0,0.0348,0.9994,0.005,0,0.0835,-0.0079,0.9965,0,0,10.1816,0.1315,1]},
{"frame":27,"values":[0.9966,-0.0243,-0.0792,0,0.0247,0.9997,0.0045,0,0.0791,-0.0065,0.9968,0,0,10.1816,0.1315,1]},
{"frame":28,"values":[0.9974,-0.0238,-0.0686,0,0.0241,0.9997,0.0036,0,0.0685,-0.0053,0.9976,0,0,10.1816,0.1315,1]},
{"frame":29,"values":[0.9977,-0.0269,-0.0627,0,0.027,0.9996,-0.0005,0,0.0627,-0.0012,0.998,0,0,10.1816,0.1315,1]},
{"frame":30,"values":[0.9976,-0.0354,-0.0592,0,0.0355,0.9994,0.001,0,0.0591,-0.0031,0.9982,0,0,10.1816,0.1315,1]},
{"frame":31,"values":[0.9976,-0.045,-0.0532,0,0.0456,0.9989,0.0095,0,0.0527,-0.0119,0.9985,0,0,10.1816,0.1315,1]},
{"frame":32,"values":[0.9983,-0.0406,-0.0419,0,0.0413,0.999,0.0149,0,0.0412,-0.0166,0.999,0,0,10.1816,0.1315,1]},
{"frame":33,"values":[0.9992,-0.033,-0.0226,0,0.0334,0.9993,0.016,0,0.0221,-0.0167,0.9996,0,0,10.1816,0.1315,1]},
{"frame":34,"values":[0.9999,-0.0154,0.006,0,0.0152,0.9997,0.0194,0,-0.0063,-0.0193,0.9998,0,0,10.1816,0.1315,1]},
{"frame":35,"values":[0.9995,0.0017,0.0321,0,-0.0025,0.9997,0.0261,0,-0.032,-0.0262,0.9991,0,0,10.1816,0.1315,1]},
{"frame":36,"values":[0.9989,-0.0087,0.0462,0,0.0074,0.9996,0.0288,0,-0.0464,-0.0284,0.9985,0,0,10.1816,0.1315,1]},
{"frame":37,"values":[0.9986,-0.0143,0.0514,0,0.0129,0.9995,0.0285,0,-0.0518,-0.0278,0.9983,0,0,10.1816,0.1315,1]},
{"frame":38,"values":[0.9988,-0.0105,0.0475,0,0.0089,0.9994,0.033,0,-0.0478,-0.0326,0.9983,0,0,10.1816,0.1315,1]},
{"frame":39,"values":[0.9979,-0.042,0.0486,0,0.0407,0.9988,0.0284,0,-0.0497,-0.0264,0.9984,0,0,10.1816,0.1315,1]},
{"frame":40,"values":[0.9969,-0.0606,0.0493,0,0.0595,0.998,0.0226,0,-0.0505,-0.0196,0.9985,0,0,10.1816,0.1315,1]},
{"frame":41,"values":[0.9976,-0.0495,0.0477,0,0.0483,0.9985,0.0268,0,-0.0489,-0.0244,0.9985,0,0,10.1816,0.1315,1]},
{"frame":42,"values":[0.9981,-0.0374,0.0494,0,0.036,0.9989,0.0298,0,-0.0504,-0.0279,0.9983,0,0,10.1816,0.1315,1]},
{"frame":43,"values":[0.9987,-0.0201,0.0462,0,0.0188,0.9994,0.0286,0,-0.0467,-0.0277,0.9985,0,0,10.1816,0.1315,1]},
{"frame":44,"values":[0.999,0.0001,0.0455,0,-0.0011,0.9997,0.0224,0,-0.0455,-0.0224,0.9987,0,0,10.1816,0.1315,1]},
{"frame":45,"values":[0.999,0.0023,0.0442,0,-0.0031,0.9999,0.0162,0,-0.0441,-0.0163,0.9989,0,0,10.1816,0.1315,1]},
{"frame":46,"values":[0.9994,-0.0123,0.032,0,0.0119,0.9999,0.0124,0,-0.0321,-0.0121,0.9994,0,0,10.1816,0.1315,1]},
{"frame":47,"values":[0.9999,-0.0097,0.0124,0,0.0096,0.9999,0.007,0,-0.0124,-0.0069,0.9999,0,0,10.1816,0.1315,1]},
{"frame":48,"values":[1,0.0022,-0.0081,0,-0.0022,1,0.0027,0,0.0081,-0.0027,1,0,0,10.1816,0.1315,1]},
{"frame":49,"values":[0.9997,-0.0008,-0.025,0,0.001,1,0.0046,0,0.025,-0.0046,0.9997,0,0,10.1816,0.1315,1]},
{"frame":50,"values":[0.9994,-0.0078,-0.0327,0,0.008,0.9999,0.007,0,0.0326,-0.0072,0.9994,0,0,10.1816,0.1315,1]},
{"frame":51,"values":[0.9988,-0.0334,-0.0358,0,0.0336,0.9994,0.0064,0,0.0355,-0.0076,0.9993,0,0,10.1816,0.1315,1]},
{"frame":52,"values":[0.9974,-0.0614,-0.0373,0,0.0616,0.9981,0.0045,0,0.037,-0.0068,0.9993,0,0,10.1816,0.1315,1]},
{"frame":53,"values":[0.9976,-0.056,-0.0399,0,0.0563,0.9984,0.0052,0,0.0396,-0.0074,0.9992,0,0,10.1816,0.1315,1]},
{"frame":54,"values":[0.9979,-0.0476,-0.0447,0,0.0481,0.9988,0.0096,0,0.0442,-0.0117,0.999,0,0,10.1816,0.1315,1]},
{"frame":55,"values":[0.9985,-0.0268,-0.048,0,0.0275,0.9995,0.0125,0,0.0477,-0.0138,0.9988,0,0,10.1816,0.1315,1]},
{"frame":56,"values":[0.9987,-0.0191,-0.0478,0,0.0197,0.9997,0.0125,0,0.0475,-0.0135,0.9988,0,0,10.1816,0.1315,1]},
{"frame":57,"values":[0.998,-0.0426,-0.0477,0,0.0432,0.999,0.0118,0,0.0471,-0.0139,0.9988,0,0,10.1816,0.1315,1]},
{"frame":58,"values":[0.9962,-0.0733,-0.0476,0,0.074,0.9972,0.0122,0,0.0466,-0.0157,0.9988,0,0,10.1816,0.1315,1]},
{"frame":59,"values":[0.9969,-0.0662,-0.0422,0,0.0668,0.9977,0.0113,0,0.0413,-0.0141,0.999,0,0,10.1816,0.1315,1]},
{"frame":60,"values":[0.9972,-0.0672,-0.0335,0,0.0673,0.9977,0.0048,0,0.0331,-0.007,0.9994,0,0,10.1816,0.1315,1]},
{"frame":61,"values":[0.9965,-0.0775,-0.0307,0,0.0774,0.997,-0.0031,0,0.0308,0.0007,0.9995,0,0,10.1816,0.1315,1]},
{"frame":62,"values":[0.9972,-0.0679,-0.0302,0,0.0678,0.9977,-0.0035,0,0.0304,0.0014,0.9995,0,0,10.1816,0.1315,1]},
{"frame":63,"values":[0.9978,-0.0606,-0.0267,0,0.0607,0.9982,-0.0005,0,0.0266,-0.0011,0.9996,0,0,10.1816,0.1315,1]},
{"frame":64,"values":[0.9978,-0.0638,-0.017,0,0.0638,0.998,0.0001,0,0.017,-0.0012,0.9999,0,0,10.1816,0.1315,1]},
{"frame":65,"values":[0.9989,-0.0451,-0.0117,0,0.0451,0.999,0.003,0,0.0116,-0.0035,0.9999,0,0,10.1816,0.1315,1]},
{"frame":66,"values":[0.9995,-0.0299,-0.008,0,0.0299,0.9995,0.0086,0,0.0078,-0.0088,0.9999,0,0,10.1816,0.1315,1]},
{"frame":67,"values":[0.9995,-0.031,-0.004,0,0.0311,0.9994,0.0147,0,0.0035,-0.0149,0.9999,0,0,10.1816,0.1315,1]},
{"frame":68,"values":[0.9997,-0.0242,-0.0026,0,0.0242,0.9995,0.0213,0,0.0021,-0.0213,0.9998,0,0,10.1816,0.1315,1]},
{"frame":69,"values":[1,0.0004,0.002,0,-0.0005,0.9997,0.0244,0,-0.002,-0.0244,0.9997,0,0,10.1816,0.1315,1]},
{"frame":70,"values":[0.9999,0.004,0.0135,0,-0.0044,0.9996,0.0262,0,-0.0134,-0.0262,0.9996,0,0,10.1816,0.1315,1]},
{"frame":71,"values":[0.9994,-0.0261,0.0227,0,0.0254,0.9993,0.0283,0,-0.0234,-0.0277,0.9993,0,0,10.1816,0.1315,1]},
{"frame":72,"values":[0.9984,-0.052,0.023,0,0.0514,0.9983,0.0269,0,-0.0244,-0.0257,0.9994,0,0,10.1816,0.1315,1]},
{"frame":73,"values":[0.9979,-0.0617,0.0202,0,0.0613,0.9978,0.0243,0,-0.0216,-0.023,0.9995,0,0,10.1816,0.1315,1]},
{"frame":74,"values":[0.9978,-0.0637,0.0207,0,0.0632,0.9977,0.0238,0,-0.0222,-0.0225,0.9995,0,0,10.1816,0.1315,1]},
{"frame":75,"values":[0.9983,-0.0535,0.0241,0,0.0531,0.9984,0.0195,0,-0.0251,-0.0182,0.9995,0,0,10.1816,0.1315,1]},
{"frame":76,"values":[0.9996,-0.0195,0.0198,0,0.0193,0.9998,0.0093,0,-0.0199,-0.0089,0.9998,0,0,10.1816,0.1315,1]},
{"frame":77,"values":[0.9999,0.0115,0.0119,0,-0.0115,0.9999,0.005,0,-0.0119,-0.0051,0.9999,0,0,10.1816,0.1315,1]},
{"frame":78,"values":[0.9998,0.0196,0.0079,0,-0.0197,0.9998,0.0095,0,-0.0077,-0.0097,0.9999,0,0,10.1816,0.1315,1]},
{"frame":79,"values":[0.9999,0.0026,0.0126,0,-0.0028,0.9999,0.015,0,-0.0125,-0.0151,0.9998,0,0,10.1816,0.1315,1]},
{"frame":80,"values":[0.9989,-0.0368,0.0282,0,0.0362,0.9992,0.0193,0,-0.0288,-0.0183,0.9994,0,0,10.1816,0.1315,1]},
{"frame":81,"values":[0.9979,-0.0523,0.0393,0,0.0516,0.9985,0.0173,0,-0.0402,-0.0153,0.9991,0,0,10.1816,0.1315,1]},
{"frame":82,"values":[0.999,-0.0204,0.0405,0,0.02,0.9997,0.0103,0,-0.0407,-0.0095,0.9991,0,0,10.1816,0.1315,1]},
{"frame":83,"values":[0.9992,0.0131,0.038,0,-0.0134,0.9999,0.0081,0,-0.0379,-0.0086,0.9992,0,0,10.1816,0.1315,1]},
{"frame":84,"values":[0.9993,0.0044,0.0372,0,-0.0049,0.9999,0.015,0,-0.0372,-0.0152,0.9992,0,0,10.1816,0.1315,1]},
{"frame":85,"values":[0.9991,-0.0076,0.042,0,0.0068,0.9998,0.0211,0,-0.0422,-0.0208,0.9989,0,0,10.1816,0.1315,1]},
{"frame":86,"values":[0.9987,-0.0074,0.0497,0,0.0064,0.9998,0.0213,0,-0.0498,-0.021,0.9985,0,0,10.1816,0.1315,1]},
{"frame":87,"values":[0.9984,-0.0158,0.0535,0,0.0149,0.9997,0.0173,0,-0.0538,-0.0165,0.9984,0,0,10.1816,0.1315,1]},
{"frame":88,"values":[0.9987,-0.0098,0.05,0,0.0092,0.9999,0.0121,0,-0.0501,-0.0116,0.9987,0,0,10.1816,0.1315,1]},
{"frame":89,"values":[0.999,-0.0022,0.044,0,0.0018,1,0.0088,0,-0.044,-0.0087,0.999,0,0,10.1816,0.1315,1]},
{"frame":90,"values":[0.999,-0.0193,0.0411,0,0.019,0.9998,0.0066,0,-0.0412,-0.0059,0.9991,0,0,10.1816,0.1315,1]},
{"frame":91,"values":[0.9991,-0.0258,0.035,0,0.0257,0.9997,0.0056,0,-0.0351,-0.0047,0.9994,0,0,10.1816,0.1315,1]},
{"frame":92,"values":[0.9991,-0.0266,0.0322,0,0.0265,0.9996,0.0021,0,-0.0322,-0.0012,0.9995,0,0,10.1816,0.1315,1]},
{"frame":93,"values":[0.9993,-0.0279,0.024,0,0.0278,0.9996,0.0031,0,-0.024,-0.0025,0.9997,0,0,10.1816,0.1315,1]},
{"frame":94,"values":[0.9993,-0.0343,0.0116,0,0.0342,0.9994,0.0082,0,-0.0118,-0.0078,0.9999,0,0,10.1816,0.1315,1]},
{"frame":95,"values":[0.9982,-0.0592,0.0033,0,0.0591,0.9982,0.0133,0,-0.0041,-0.0131,0.9999,0,0,10.1816,0.1315,1]},
{"frame":96,"values":[0.9974,-0.0719,-0.0019,0,0.0719,0.9972,0.0217,0,0.0003,-0.0218,0.9998,0,0,10.1816,0.1315,1]},
{"frame":97,"values":[0.9969,-0.077,-0.0155,0,0.0774,0.9966,0.0272,0,0.0134,-0.0283,0.9995,0,0,10.1816,0.1315,1]},
{"frame":98,"values":[0.9959,-0.0818,-0.0374,0,0.0829,0.9962,0.0278,0,0.035,-0.0308,0.9989,0,0,10.1816,0.1315,1]},
{"frame":99,"values":[0.9955,-0.0795,-0.0509,0,0.0811,0.9962,0.0301,0,0.0483,-0.0341,0.9982,0,0,10.1816,0.1315,1]},
{"frame":100,"values":[0.9969,-0.0601,-0.0511,0,0.0617,0.9976,0.031,0,0.0491,-0.0341,0.9982,0,0,10.1816,0.1315,1]},
{"frame":101,"values":[0.9983,-0.0331,-0.0475,0,0.0344,0.999,0.0268,0,0.0466,-0.0284,0.9985,0,0,10.1816,0.1315,1]},
{"frame":102,"values":[0.999,-0.0073,-0.044,0,0.0082,0.9998,0.0208,0,0.0438,-0.0211,0.9988,0,0,10.1816,0.1315,1]},
{"frame":103,"values":[0.9993,-0.0016,-0.0374,0,0.0023,0.9998,0.0177,0,0.0373,-0.0178,0.9991,0,0,10.1816,0.1315,1]},
{"frame":104,"values":[0.9993,-0.0027,-0.0374,0,0.0032,0.9999,0.0124,0,0.0374,-0.0125,0.9992,0,0,10.1816,0.1315,1]},
{"frame":105,"values":[0.9987,-0.0208,-0.047,0,0.0212,0.9997,0.0079,0,0.0468,-0.0089,0.9989,0,0,10.1816,0.1315,1]},
{"frame":106,"values":[0.9977,-0.036,-0.0569,0,0.0362,0.9993,0.0036,0,0.0567,-0.0057,0.9984,0,0,10.1816,0.1315,1]},
{"frame":107,"values":[0.9975,-0.0375,-0.0598,0,0.0375,0.9993,-0.0014,0,0.0598,-0.0008,0.9982,0,0,10.1816,0.1315,1]},
{"frame":108,"values":[0.9987,-0.0274,-0.0434,0,0.0275,0.9996,0.0007,0,0.0433,-0.0019,0.9991,0,0,10.1816,0.1315,1]},
{"frame":109,"values":[0.9995,-0.0254,-0.021,0,0.0255,0.9997,0.001,0,0.021,-0.0016,0.9998,0,0,10.1816,0.1315,1]},
{"frame":110,"values":[0.9998,-0.0177,0.0023,0,0.0177,0.9998,0.0009,0,-0.0023,-0.0008,1,0,0,10.1816,0.1315,1]},
{"frame":111,"values":[0.9997,0.0031,0.023,0,-0.0032,1,0.0042,0,-0.023,-0.0043,0.9997,0,0,10.1816,0.1315,1]},
{"frame":112,"values":[0.9991,0.0159,0.0388,0,-0.0164,0.9998,0.0107,0,-0.0387,-0.0113,0.9992,0,0,10.1816,0.1315,1]},
{"frame":113,"values":[0.9989,0.0095,0.0468,0,-0.0103,0.9998,0.0159,0,-0.0467,-0.0164,0.9988,0,0,10.1816,0.1315,1]},
{"frame":114,"values":[0.999,-0.0037,0.0436,0,0.003,0.9999,0.0155,0,-0.0437,-0.0153,0.9989,0,0,10.1816,0.1315,1]},
{"frame":115,"values":[0.9983,-0.0393,0.0436,0,0.0391,0.9992,0.0052,0,-0.0438,-0.0034,0.999,0,0,10.1816,0.1315,1]},
{"frame":116,"values":[0.9965,-0.0671,0.0491,0,0.0674,0.9977,-0.0027,0,-0.0488,0.006,0.9988,0,0,10.1816,0.1315,1]},
{"frame":117,"values":[0.9973,-0.0553,0.0476,0,0.0552,0.9985,0.0048,0,-0.0478,-0.0022,0.9989,0,0,10.1816,0.1315,1]},
{"frame":118,"values":[0.9975,-0.0463,0.0535,0,0.0458,0.9989,0.0107,0,-0.0539,-0.0082,0.9985,0,0,10.1816,0.1315,1]},
{"frame":119,"values":[0.9982,-0.032,0.0514,0,0.0313,0.9994,0.0143,0,-0.0519,-0.0127,0.9986,0,0,10.1816,0.1315,1]},
{"frame":120,"values":[0.9991,0.0079,0.0411,0,-0.0086,0.9998,0.0166,0,-0.041,-0.017,0.999,0,0,10.1816,0.1315,1]},
{"frame":121,"values":[0.9988,0.0423,0.0235,0,-0.0427,0.999,0.015,0,-0.0228,-0.016,0.9996,0,0,10.1816,0.1315,1]},
{"frame":122,"values":[1,0.0022,-0.0022,0,-0.0022,1,0.0083,0,0.0022,-0.0083,1,0,0,10.1816,0.1315,1]},
{"frame":123,"values":[0.9993,-0.0296,-0.0208,0,0.0296,0.9996,-0.001,0,0.0208,0.0004,0.9998,0,0,10.1816,0.1315,1]},
{"frame":124,"values":[0.999,-0.0398,-0.0222,0,0.0397,0.9992,-0.0047,0,0.0224,0.0038,0.9997,0,0,10.1816,0.1315,1]},
{"frame":125,"values":[0.9987,-0.0473,-0.0214,0,0.0473,0.9989,0.0002,0,0.0213,-0.0012,0.9998,0,0,10.1816,0.1315,1]},
{"frame":126,"values":[0.9988,-0.0405,-0.0258,0,0.0406,0.9992,0.0037,0,0.0256,-0.0047,0.9997,0,0,10.1816,0.1315,1]},
{"frame":127,"values":[0.9984,-0.0455,-0.0332,0,0.0456,0.999,0.0004,0,0.0332,-0.0019,0.9994,0,0,10.1816,0.1315,1]},
{"frame":128,"values":[0.9979,-0.0516,-0.0385,0,0.0516,0.9987,-0.0007,0,0.0385,-0.0013,0.9993,0,0,10.1816,0.1315,1]},
{"frame":129,"values":[0.9981,-0.0419,-0.0459,0,0.0421,0.9991,0.0043,0,0.0456,-0.0062,0.9989,0,0,10.1816,0.1315,1]},
{"frame":130,"values":[0.9973,-0.0499,-0.0531,0,0.0506,0.9987,0.0107,0,0.0525,-0.0134,0.9985,0,0,10.1816,0.1315,1]},
{"frame":131,"values":[0.9959,-0.0713,-0.0563,0,0.0723,0.9973,0.0147,0,0.0551,-0.0187,0.9983,0,0,10.1816,0.1315,1]},
{"frame":132,"values":[0.9947,-0.0882,-0.053,0,0.0892,0.9959,0.0158,0,0.0514,-0.0205,0.9985,0,0,10.1816,0.1315,1]},
{"frame":133,"values":[0.9946,-0.0915,-0.0491,0,0.0925,0.9955,0.018,0,0.0472,-0.0225,0.9986,0,0,10.1816,0.1315,1]},
{"frame":134,"values":[0.9949,-0.0879,-0.0496,0,0.0889,0.9959,0.0172,0,0.0479,-0.0215,0.9986,0,0,10.1816,0.1315,1]},
{"frame":135,"values":[0.994,-0.0973,-0.0499,0,0.0979,0.9951,0.0098,0,0.0487,-0.0146,0.9987,0,0,10.1816,0.1315,1]},
{"frame":136,"values":[0.9943,-0.0961,-0.0465,0,0.0962,0.9954,0.0017,0,0.0462,-0.0062,0.9989,0,0,10.1816,0.1315,1]},
{"frame":137,"values":[0.9964,-0.0741,-0.0402,0,0.0741,0.9973,-0.0018,0,0.0403,-0.0012,0.9992,0,0,10.1816,0.1315,1]},
{"frame":138,"values":[0.9967,-0.0737,-0.0337,0,0.0736,0.9973,-0.0041,0,0.0339,0.0016,0.9994,0,0,10.1816,0.1315,1]},
{"frame":139,"values":[0.9967,-0.075,-0.0302,0,0.0749,0.9972,-0.0056,0,0.0306,0.0033,0.9995,0,0,10.1816,0.1315,1]},
{"frame":140,"values":[0.998,-0.0557,-0.0282,0,0.0556,0.9984,-0.004,0,0.0284,0.0025,0.9996,0,0,10.1816,0.1315,1]},
{"frame":141,"values":[0.9986,-0.0484,-0.0191,0,0.0484,0.9988,0.0005,0,0.0191,-0.0015,0.9998,0,0,10.1816,0.1315,1]},
{"frame":142,"values":[0.9988,-0.0477,-0.0086,0,0.0477,0.9988,0.0083,0,0.0082,-0.0087,0.9999,0,0,10.1816,0.1315,1]},
{"frame":143,"values":[0.9997,-0.0258,-0.0032,0,0.0259,0.9995,0.0152,0,0.0028,-0.0153,0.9999,0,0,10.1816,0.1315,1]},
{"frame":144,"values":[0.9999,-0.0107,0.0059,0,0.0105,0.9998,0.0177,0,-0.0061,-0.0177,0.9998,0,0,10.1816,0.1315,1]},
{"frame":145,"values":[0.9998,-0.0134,0.0149,0,0.013,0.9996,0.0254,0,-0.0152,-0.0252,0.9996,0,0,10.1816,0.1315,1]},
{"frame":146,"values":[0.9989,-0.0437,0.0147,0,0.0432,0.9985,0.0328,0,-0.0161,-0.0321,0.9994,0,0,10.1816,0.1315,1]},
{"frame":147,"values":[0.9979,-0.0637,0.0078,0,0.0634,0.9975,0.0312,0,-0.0098,-0.0306,0.9995,0,0,10.1816,0.1315,1]},
{"frame":148,"values":[0.9979,-0.0638,0.0067,0,0.0636,0.9976,0.0265,0,-0.0084,-0.026,0.9996,0,0,10.1816,0.1315,1]},
{"frame":149,"values":[0.9982,-0.0583,0.0101,0,0.058,0.998,0.0255,0,-0.0116,-0.0249,0.9996,0,0,10.1816,0.1315,1]},
{"frame":150,"values":[0.9987,-0.0489,0.012,0,0.0486,0.9986,0.0216,0,-0.0131,-0.021,0.9997,0,0,10.1816,0.1315,1]},
{"frame":151,"values":[0.9994,-0.0347,0.0082,0,0.0346,0.9993,0.0109,0,-0.0085,-0.0106,0.9999,0,0,10.1816,0.1315,1]},
{"frame":152,"values":[0.9997,-0.0246,-0.003,0,0.0246,0.9997,0.0037,0,0.0029,-0.0037,1,0,0,10.1816,0.1315,1]},
{"frame":153,"values":[0.9998,-0.0162,-0.014,0,0.0163,0.9998,0.006,0,0.0139,-0.0062,0.9999,0,0,10.1816,0.1315,1]}],"loopBehavior":1,"name":"anim","property":"_matrix"}},
{"name":"mixamorig:Spine1","index":2,"matrix":[0.9987,-0.0401,-0.0322,0,0.0404,0.9991,0.0098,0,0.0318,-0.0111,0.9994,0,0,10.0835,-1.0008,1],"rest":[1,0,0,0,0,1,0,0,0,0,1,0,0,10.0835,-1.0008,1],"parentBoneIndex":1,"length":9.2031
,"animation":{"dataType":3,"framePerSecond":24,"keys":[
{"frame":1,"values":[0.9987,-0.0401,-0.0322,0,0.0404,0.9991,0.0098,0,0.0318,-0.0111,0.9994,0,0,10.0835,-1.0008,1]},
{"frame":2,"values":[0.9977,-0.043,-0.0523,0,0.044,0.9989,0.0175,0,0.0514,-0.0198,0.9985,0,0,10.0835,-1.0008,1]},
{"frame":3,"values":[0.9973,-0.0438,-0.0594,0,0.0452,0.9987,0.0226,0,0.0583,-0.0252,0.998,0,0,10.0835,-1.0008,1]},
{"frame":4,"values":[0.9972,-0.0533,-0.0522,0,0.0549,0.998,0.0304,0,0.0505,-0.0332,0.9982,0,0,10.0835,-1.0008,1]},
{"frame":5,"values":[0.9969,-0.0614,-0.05,0,0.0634,0.9973,0.0381,0,0.0475,-0.0411,0.998,0,0,10.0835,-1.0008,1]},
{"frame":6,"values":[0.9962,-0.0535,-0.0688,0,0.0571,0.9971,0.0509,0,0.0659,-0.0546,0.9963,0,0,10.0835,-1.0008,1]},
{"frame":7,"values":[0.9954,-0.0351,-0.0897,0,0.0411,0.9969,0.0664,0,0.0871,-0.0698,0.9938,0,0,10.0835,-1.0008,1]},
{"frame":8,"values":[0.9962,-0.0295,-0.082,0,0.0355,0.9967,0.0724,0,0.0796,-0.0751,0.994,0,0,10.0835,-1.0008,1]},
{"frame":9,"values":[0.9985,-0.0287,-0.047,0,0.0319,0.9971,0.0688,0,0.0449,-0.0702,0.9965,0,0,10.0835,-1.0008,1]},
{"frame":10,"values":[0.9996,-0.0257,-0.0122,0,0.0265,0.9974,0.0673,0,0.0104,-0.0676,0.9977,0,0,10.0835,-1.0008,1]},
{"frame":11,"values":[0.9995,-0.0301,0.0064,0,0.0296,0.9976,0.0631,0,-0.0083,-0.0629,0.998,0,0,10.0835,-1.0008,1]},
{"frame":12,"values":[0.9992,-0.0345,0.0193,0,0.0334,0.998,0.0537,0,-0.0211,-0.053,0.9984,0,0,10.0835,-1.0008,1]},
{"frame":13,"values":[0.9985,-0.0377,0.0387,0,0.0359,0.9983,0.0464,0,-0.0404,-0.045,0.9982,0,0,10.0835,-1.0008,1]},
