{"producer":{"name":"Blender","version":"2.90.0","exporter_version":"6.4.4","file":"walkstrafeleft_riffle.babylon"},
"autoClear":true,"clearColor":[0.0509,0.0509,0.0509],"gravity":[0,-9.81,0],
"materials":[{"name":"Material","id":"Material","customType":"BABYLON.PBRMaterial","backFaceCulling":true,"checkReadyOnlyOnce":false,"maxSimultaneousLights":4,"environmentIntensity":1,"albedo":[0.8,0.8,0.8],"reflectivity":[0.5,0.5,0.5],"roughness":0.4,"alpha":1,"transparencyMode":0,"alphaCutOff":0.4,"metallic":0}],
"multiMaterials":[],
"skeletons":[{"name":"Armature","id":0,"dimensionsAtRest":[180.6981,191.5439,26.6006],"bones":[
{"name":"mixamorig:Hips","index":0,"matrix":[0.6638,0.0761,-0.744,0,-0.0772,0.9965,0.033,0,-0.7439,-0.0355,-0.6674,0,-1.5132,90.4494,-1.0656,1],"rest":[1,0,0,0,0,1,0,0,0,0,-1,0,0,103.9915,0,1],"parentBoneIndex":-1,"length":10.5593
,"animation":{"dataType":3,"framePerSecond":24,"keys":[
{"frame":1,"values":[0.6638,0.0761,-0.744,0,-0.0772,0.9965,0.033,0,-0.7439,-0.0355,-0.6674,0,-1.5132,90.4494,-1.0666,1]},
{"frame":2,"values":[0.6849,0.0722,-0.725,0,-0.0786,0.9966,0.0249,0,-0.7244,-0.0399,-0.6883,0,-3.0286,91.1778,-1.0279,1]},
{"frame":3,"values":[0.706,0.0721,-0.7046,0,-0.0827,0.9964,0.0191,0,-0.7034,-0.0448,-0.7094,0,-4.265,90.8095,-1.1338,1]},
{"frame":4,"values":[0.7265,0.074,-0.6832,0,-0.088,0.996,0.0144,0,-0.6815,-0.0497,-0.7301,0,-5.6524,89.5392,-1.368,1]},
{"frame":5,"values":[0.7465,0.0733,-0.6613,0,-0.0906,0.9959,0.0082,0,-0.6592,-0.0538,-0.75,0,-6.9647,87.2444,-1.7395,1]},
{"frame":6,"values":[0.7655,0.0708,-0.6395,0,-0.0906,0.9959,0.0018,0,-0.637,-0.0565,-0.7688,0,-7.943,84.3245,-2.2072,1]},
{"frame":7,"values":[0.7825,0.0674,-0.619,0,-0.0879,0.9961,-0.0026,0,-0.6164,-0.0564,-0.7854,0,-7.652,82.2919,-2.7219,1]},
{"frame":8,"values":[0.7864,0.0607,-0.6148,0,-0.0807,0.9967,-0.0048,0,-0.6125,-0.0534,-0.7887,0,-6.3139,82.4458,-3.2351,1]},
{"frame":9,"values":[0.7593,0.0515,-0.6487,0,-0.0715,0.9974,-0.0046,0,-0.6468,-0.0499,-0.761,0,-4.4455,83.8432,-3.6812,1]},
{"frame":10,"values":[0.7292,0.0442,-0.6828,0,-0.0622,0.9981,-0.0017,0,-0.6814,-0.0437,-0.7306,0,-3.5809,85.1766,-4.0846,1]},
{"frame":11,"values":[0.6976,0.0381,-0.7155,0,-0.0527,0.9986,0.0017,0,-0.7145,-0.0366,-0.6986,0,-3.3107,86.4458,-4.455,1]},
{"frame":12,"values":[0.6645,0.0323,-0.7466,0,-0.0424,0.9991,0.0055,0,-0.7461,-0.028,-0.6653,0,-3.6593,88.0151,-4.7423,1]},
{"frame":13,"values":[0.6302,0.0262,-0.776,0,-0.031,0.9995,0.0086,0,-0.7758,-0.0186,-0.6307,0,-4.1075,89.5318,-4.9637,1]},
{"frame":14,"values":[0.5949,0.0195,-0.8036,0,-0.0186,0.9998,0.0105,0,-0.8036,-0.0087,-0.5951,0,-4.6497,90.3382,-5.1085,1]},
{"frame":15,"values":[0.5582,0.0115,-0.8296,0,-0.0053,0.9999,0.0103,0,-0.8297,0.0014,-0.5582,0,-5.2654,90.4261,-5.1504,1]},
{"frame":16,"values":[0.5192,0.0028,-0.8546,0,0.008,0.9999,0.0082,0,-0.8546,0.0111,-0.5192,0,-6.067,89.7872,-5.0324,1]},
{"frame":17,"values":[0.477,-0.0039,-0.8789,0,0.0197,0.9998,0.0062,0,-0.8787,0.0203,-0.4769,0,-6.8996,87.9335,-4.7131,1]},
{"frame":18,"values":[0.4302,-0.0065,-0.9027,0,0.0283,0.9996,0.0063,0,-0.9023,0.0282,-0.4302,0,-7.6531,85.64,-4.2186,1]},
{"frame":19,"values":[0.3787,-0.0043,-0.9255,0,0.0338,0.9994,0.0093,0,-0.9249,0.0348,-0.3787,0,-8.05,83.485,-3.5932,1]},
{"frame":20,"values":[0.3501,0.0035,-0.9367,0,0.0312,0.9994,0.0154,0,-0.9362,0.0346,-0.3498,0,-7.9883,82.2005,-2.9565,1]},
{"frame":21,"values":[0.402,0.014,-0.9155,0,0.0161,0.9996,0.0224,0,-0.9155,0.0237,-0.4016,0,-7.8099,82.3613,-2.4376,1]},
{"frame":22,"values":[0.4689,0.0265,-0.8829,0,-0.0049,0.9996,0.0274,0,-0.8832,0.0085,-0.4688,0,-6.6616,83.9533,-1.9552,1]},
{"frame":23,"values":[0.5381,0.0423,-0.8418,0,-0.0291,0.9991,0.0316,0,-0.8424,-0.0075,-0.5388,0,-5.0991,86.0221,-1.5406,1]},
{"frame":24,"values":[0.6045,0.0593,-0.7944,0,-0.054,0.998,0.0335,0,-0.7948,-0.0227,-0.6065,0,-3.306,88.3082,-1.2324,1]},
{"frame":25,"values":[0.6638,0.0761,-0.744,0,-0.0772,0.9965,0.033,0,-0.7439,-0.0355,-0.6674,0,-1.5132,90.4494,-1.0656,1]}],"loopBehavior":1,"name":"anim","property":"_matrix"}},
{"name":"mixamorig:Spine","index":1,"matrix":[0.996,-0.0891,-0.0004,0,0.0891,0.996,-0.0001,0,0.0004,0,1,0,0,10.1816,0.1315,1],"rest":[1,0,0,0,0,1,0,0,0,0,1,0,0,10.1816,0.1315,1],"parentBoneIndex":0,"length":10.133
,"animation":{"dataType":3,"framePerSecond":24,"keys":[
{"frame":1,"values":[0.996,-0.0891,-0.0005,0,0.0891,0.996,-0.0001,0,0.0005,0.0001,1,0,0,10.1816,0.1315,1]},
{"frame":2,"values":[0.9962,-0.0861,0.0146,0,0.0861,0.9963,-0.0013,0,-0.0145,0.0026,0.9999,0,0,10.1816,0.1315,1]},
{"frame":3,"values":[0.9958,-0.0865,0.0309,0,0.0866,0.9962,-0.0028,0,-0.0305,0.0054,0.9995,0,0,10.1816,0.1315,1]},
{"frame":4,"values":[0.9949,-0.0891,0.0474,0,0.0895,0.996,-0.0049,0,-0.0468,0.0091,0.9989,0,0,10.1816,0.1315,1]},
{"frame":5,"values":[0.994,-0.0893,0.0637,0,0.0899,0.9959,-0.0063,0,-0.0629,0.012,0.9979,0,0,10.1816,0.1315,1]},
{"frame":6,"values":[0.993,-0.0883,0.0786,0,0.0891,0.996,-0.007,0,-0.0777,0.014,0.9969,0,0,10.1816,0.1315,1]},
{"frame":7,"values":[0.9919,-0.0894,0.0905,0,0.0906,0.9958,-0.0091,0,-0.0893,0.0172,0.9959,0,0,10.1816,0.1315,1]},
{"frame":8,"values":[0.9923,-0.0873,0.0874,0,0.0884,0.996,-0.0087,0,-0.0863,0.0163,0.9961,0,0,10.1816,0.1315,1]},
{"frame":9,"values":[0.9946,-0.0749,0.0717,0,0.0755,0.9971,-0.0064,0,-0.0711,0.0117,0.9974,0,0,10.1816,0.1315,1]},
{"frame":10,"values":[0.9961,-0.0711,0.0521,0,0.0715,0.9974,-0.0046,0,-0.0516,0.0083,0.9986,0,0,10.1816,0.1315,1]},
{"frame":11,"values":[0.997,-0.0709,0.0311,0,0.071,0.9975,-0.0015,0,-0.0309,0.0037,0.9995,0,0,10.1816,0.1315,1]},
{"frame":12,"values":[0.9971,-0.0757,0.0068,0,0.0756,0.9971,0.003,0,-0.007,-0.0025,1,0,0,10.1816,0.1315,1]},
{"frame":13,"values":[0.9965,-0.0814,-0.0189,0,0.0815,0.9966,0.0067,0,0.0183,-0.0082,0.9998,0,0,10.1816,0.1315,1]},
{"frame":14,"values":[0.9954,-0.0848,-0.0452,0,0.0854,0.9963,0.0105,0,0.0441,-0.0143,0.9989,0,0,10.1816,0.1315,1]},
{"frame":15,"values":[0.9938,-0.0859,-0.0708,0,0.0872,0.9961,0.0154,0,0.0692,-0.0215,0.9974,0,0,10.1816,0.1315,1]},
{"frame":16,"values":[0.992,-0.0832,-0.0951,0,0.0855,0.9961,0.021,0,0.093,-0.029,0.9952,0,0,10.1816,0.1315,1]},
{"frame":17,"values":[0.9898,-0.0772,-0.1197,0,0.081,0.9964,0.0267,0,0.1172,-0.0361,0.9925,0,0,10.1816,0.1315,1]},
{"frame":18,"values":[0.9871,-0.0672,-0.1451,0,0.0726,0.9968,0.0325,0,0.1424,-0.0426,0.9889,0,0,10.1816,0.1315,1]},
{"frame":19,"values":[0.9848,-0.0541,-0.1651,0,0.0612,0.9974,0.038,0,0.1626,-0.0475,0.9855,0,0,10.1816,0.1315,1]},
{"frame":20,"values":[0.9852,-0.0432,-0.1658,0,0.0507,0.9979,0.0415,0,0.1636,-0.0492,0.9853,0,0,10.1816,0.1315,1]},
{"frame":21,"values":[0.9887,-0.0567,-0.1388,0,0.0622,0.9974,0.0352,0,0.1365,-0.0435,0.9897,0,0,10.1816,0.1315,1]},
{"frame":22,"values":[0.9924,-0.0668,-0.103,0,0.07,0.9972,0.0276,0,0.1009,-0.0346,0.9943,0,0,10.1816,0.1315,1]},
{"frame":23,"values":[0.9949,-0.0745,-0.0675,0,0.0759,0.997,0.0178,0,0.066,-0.0229,0.9976,0,0,10.1816,0.1315,1]},
{"frame":24,"values":[0.9961,-0.0823,-0.0321,0,0.0826,0.9966,0.0077,0,0.0313,-0.0103,0.9995,0,0,10.1816,0.1315,1]},
{"frame":25,"values":[0.996,-0.0891,-0.0004,0,0.0891,0.996,-0.0001,0,0.0004,0,1,0,0,10.1816,0.1315,1]}],"loopBehavior":1,"name":"anim","property":"_matrix"}},
{"name":"mixamorig:Spine1","index":2,"matrix":[0.9806,0.1105,-0.1618,0,-0.0409,0.923,0.3825,0,0.1916,-0.3685,0.9097,0,0,10.0835,-1.0008,1],"rest":[1,0,0,0,0,1,0,0,0,0,1,0,0,10.0835,-1.0008,1],"parentBoneIndex":1,"length":9.2031
,"animation":{"dataType":3,"framePerSecond":24,"keys":[
{"frame":1,"values":[0.9806,0.1105,-0.1619,0,-0.0408,0.923,0.3826,0,0.1917,-0.3686,0.9096,0,0,10.0835,-1.0008,1]},
{"frame":2,"values":[0.9807,0.1101,-0.1618,0,-0.0405,0.923,0.3828,0,0.1915,-0.3688,0.9096,0,0,10.0835,-1.0008,1]},
{"frame":3,"values":[0.9807,0.1102,-0.1614,0,-0.0405,0.9226,0.3836,0,0.1912,-0.3696,0.9093,0,0,10.0835,-1.0008,1]},
{"frame":4,"values":[0.9807,0.1109,-0.1612,0,-0.0409,0.922,0.3851,0,0.1914,-0.3711,0.9087,0,0,10.0835,-1.0008,1]},
{"frame":5,"values":[0.9806,0.1113,-0.1612,0,-0.0411,0.9215,0.3861,0,0.1916,-0.372,0.9083,0,0,10.0835,-1.0008,1]},
{"frame":6,"values":[0.9804,0.111,-0.1628,0,-0.0403,0.9217,0.3857,0,0.1928,-0.3716,0.9082,0,0,10.0835,-1.0008,1]},
{"frame":7,"values":[0.9803,0.1123,-0.1623,0,-0.0414,0.9211,0.3871,0,0.193,-0.3728,0.9076,0,0,10.0835,-1.0008,1]},
{"frame":8,"values":[0.981,0.1117,-0.1585,0,-0.0423,0.921,0.3872,0,0.1893,-0.3731,0.9083,0,0,10.0835,-1.0008,1]},
{"frame":9,"values":[0.9804,0.1056,-0.1666,0,-0.0338,0.9222,0.3853,0,0.1943,-0.3721,0.9076,0,0,10.0835,-1.0008,1]},
{"frame":10,"values":[0.9802,0.1023,-0.1696,0,-0.0299,0.9228,0.3842,0,0.1958,-0.3715,0.9075,0,0,10.0835,-1.0008,1]},
{"frame":11,"values":[0.9804,0.1,-0.1697,0,-0.028,0.9236,0.3824,0,0.195,-0.3702,0.9083,0,0,10.0835,-1.0008,1]},
{"frame":12,"values":[0.9808,0.0999,-0.1673,0,-0.0294,0.9246,0.3798,0,0.1926,-0.3676,0.9098,0,0,10.0835,-1.0008,1]},
{"frame":13,"values":[0.9811,0.1021,-0.1645,0,-0.0328,0.925,0.3785,0,0.1908,-0.3659,0.9109,0,0,10.0835,-1.0008,1]},
{"frame":14,"values":[0.981,0.1042,-0.1634,0,-0.0354,0.9253,0.3775,0,0.1905,-0.3646,0.9115,0,0,10.0835,-1.0008,1]},
{"frame":15,"values":[0.9809,0.1068,-0.1627,0,-0.0384,0.9259,0.3759,0,0.1907,-0.3625,0.9123,0,0,10.0835,-1.0008,1]},
{"frame":16,"values":[0.9807,0.1089,-0.1624,0,-0.0411,0.9267,0.3735,0,0.1912,-0.3596,0.9133,0,0,10.0835,-1.0008,1]},
{"frame":17,"values":[0.9804,0.1095,-0.1635,0,-0.0416,0.9274,0.3717,0,0.1924,-0.3577,0.9138,0,0,10.0835,-1.0008,1]},
{"frame":18,"values":[0.98,0.1071,-0.1675,0,-0.0383,0.9284,0.3697,0,0.195,-0.3559,0.9139,0,0,10.0835,-1.0008,1]},
{"frame":19,"values":[0.9787,0.1019,-0.1781,0,-0.0296,0.929,0.3689,0,0.2031,-0.3557,0.9123,0,0,10.0835,-1.0008,1]},
{"frame":20,"values":[0.9773,0.0949,-0.1896,0,-0.0188,0.9295,0.3682,0,0.2112,-0.3563,0.9102,0,0,10.0835,-1.0008,1]},
{"frame":21,"values":[0.9792,0.0984,-0.1775,0,-0.0263,0.9289,0.3694,0,0.2012,-0.3571,0.9122,0,0,10.0835,-1.0008,1]},
{"frame":22,"values":[0.9808,0.1008,-0.1671,0,-0.0321,0.928,0.3713,0,0.1925,-0.3587,0.9134,0,0,10.0835,-1.0008,1]},
{"frame":23,"values":[0.9809,0.1039,-0.1647,0,-0.0352,0.9265,0.3747,0,0.1915,-0.3617,0.9124,0,0,10.0835,-1.0008,1]},
{"frame":24,"values":[0.9807,0.1077,-0.1631,0,-0.0384,0.9243,0.3797,0,0.1917,-0.3661,0.9106,0,0,10.0835,-1.0008,1]},
{"frame":25,"values":[0.9806,0.1105,-0.1618,0,-0.0409,0.923,0.3825,0,0.1916,-0.3685,0.9097,0,0,10.0835,-1.0008,1]}],"loopBehavior":1,"name":"anim","property":"_matrix"}},
{"name":"mixamorig:Spine2","index":3,"matrix":[0.9681,0.1588,-0.1941,0,-0.0829,0.9331,0.3499,0,0.2366,-0.3227,0.9164,0,0,9.1,-1.3734,1],"rest":[1,0,0,0,0,1,0,0,0,0,1,0,0,9.1,-1.3734,1],"parentBoneIndex":2,"length":13.7198
,"animation":{"dataType":3,"framePerSecond":24,"keys":[
{"frame":1,"values":[0.9681,0.1589,-0.1936,0,-0.0831,0.933,0.3503,0,0.2363,-0.323,0.9164,0,0,9.1,-1.3734,1]},
{"frame":2,"values":[0.9682,0.1585,-0.1936,0,-0.0827,0.933,0.3503,0,0.2361,-0.3231,0.9164,0,0,9.1,-1.3734,1]},
{"frame":3,"values":[0.9682,0.1587,-0.1936,0,-0.0827,0.9327,0.3511,0,0.2363,-0.3239,0.9161,0,0,9.1,-1.3734,1]},
{"frame":4,"values":[0.968,0.1597,-0.1936,0,-0.0833,0.9321,0.3525,0,0.2367,-0.3251,0.9156,0,0,9.1,-1.3734,1]},
{"frame":5,"values":[0.9679,0.1602,-0.1936,0,-0.0835,0.9317,0.3535,0,0.237,-0.326,0.9152,0,0,9.1,-1.3734,1]},
{"frame":6,"values":[0.9679,0.1588,-0.1948,0,-0.0817,0.9319,0.3535,0,0.2377,-0.3262,0.9149,0,0,9.1,-1.3734,1]},
{"frame":7,"values":[0.9678,0.1598,-0.1945,0,-0.0825,0.9313,0.3549,0,0.2378,-0.3274,0.9145,0,0,9.1,-1.3734,1]},
{"frame":8,"values":[0.9684,0.1608,-0.1909,0,-0.0848,0.9312,0.3544,0,0.2347,-0.3271,0.9154,0,0,9.1,-1.3734,1]},
{"frame":9,"values":[0.9686,0.1527,-0.1963,0,-0.0751,0.9321,0.3543,0,0.2371,-0.3284,0.9143,0,0,9.1,-1.3734,1]},
{"frame":10,"values":[0.9689,0.1486,-0.1978,0,-0.0708,0.9326,0.354,0,0.2371,-0.329,0.9141,0,0,9.1,-1.3734,1]},
{"frame":11,"values":[0.9694,0.1461,-0.1971,0,-0.069,0.9332,0.3525,0,0.2355,-0.3282,0.9148,0,0,9.1,-1.3734,1]},
{"frame":12,"values":[0.9697,0.1466,-0.1953,0,-0.0708,0.9342,0.3495,0,0.2337,-0.3251,0.9163,0,0,9.1,-1.3734,1]},
{"frame":13,"values":[0.9696,0.1495,-0.1938,0,-0.0747,0.9348,0.3473,0,0.2331,-0.3223,0.9175,0,0,9.1,-1.3734,1]},
{"frame":14,"values":[0.9692,0.1519,-0.1938,0,-0.0775,0.9351,0.3457,0,0.2338,-0.3201,0.9181,0,0,9.1,-1.3734,1]},
{"frame":15,"values":[0.9686,0.1548,-0.1945,0,-0.0806,0.9357,0.3434,0,0.2352,-0.3169,0.9188,0,0,9.1,-1.3734,1]},
{"frame":16,"values":[0.9681,0.1568,-0.1957,0,-0.0829,0.9367,0.3403,0,0.2366,-0.3132,0.9197,0,0,9.1,-1.3734,1]},
{"frame":17,"values":[0.9677,0.157,-0.1973,0,-0.0831,0.9373,0.3384,0,0.2381,-0.3111,0.9201,0,0,9.1,-1.3734,1]},
{"frame":18,"values":[0.9677,0.1534,-0.2003,0,-0.079,0.9382,0.3371,0,0.2396,-0.3104,0.9199,0,0,9.1,-1.3734,1]},
{"frame":19,"values":[0.9674,0.1448,-0.2079,0,-0.0677,0.9385,0.3386,0,0.2441,-0.3134,0.9177,0,0,9.1,-1.3734,1]},
{"frame":20,"values":[0.9673,0.1341,-0.2154,0,-0.0542,0.9385,0.3409,0,0.2479,-0.318,0.9151,0,0,9.1,-1.3734,1]},
{"frame":21,"values":[0.9684,0.141,-0.2055,0,-0.0645,0.9382,0.34,0,0.2408,-0.316,0.9177,0,0,9.1,-1.3734,1]},
{"frame":22,"values":[0.9694,0.1467,-0.1967,0,-0.0728,0.9375,0.3402,0,0.2344,-0.3155,0.9195,0,0,9.1,-1.3734,1]},
{"frame":23,"values":[0.9691,0.1508,-0.1952,0,-0.0766,0.9362,0.343,0,0.2345,-0.3174,0.9188,0,0,9.1,-1.3734,1]},
{"frame":24,"values":[0.9685,0.1555,-0.1947,0,-0.0802,0.9342,0.3475,0,0.2359,-0.3209,0.9173,0,0,9.1,-1.3734,1]},
{"frame":25,"values":[0.9681,0.1588,-0.1941,0,-0.0829,0.9331,0.3499,0,0.2366,-0.3227,0.9164,0,0,9.1,-1.3734,1]}],"loopBehavior":1,"name":"anim","property":"_matrix"}},
{"name":"mixamorig:Neck","index":4,"matrix":[0.9992,0.036,-0.0201,0,-0.0384,0.9897,-0.1378,0,0.0149,0.1385,0.9903,0,0,16.6717,-2.5162,1],"rest":[1,0,0,0,0,1,0,0,0,0,1,0,0,16.6717,-2.5162,1],"parentBoneIndex":3,"length":9.7644
,"animation":{"dataType":3,"framePerSecond":24,"keys":[
{"frame":1,"values":[0.9992,0.036,-0.0201,0,-0.0384,0.9897,-0.1378,0,0.0149,0.1385,0.9903,0,0,16.6717,-2.5162,1]},
{"frame":2,"values":[0.9992,0.0354,-0.0162,0,-0.0373,0.9898,-0.1378,0,0.0112,0.1383,0.9903,0,0,16.6717,-2.5162,1]},
{"frame":3,"values":[0.9993,0.0349,-0.0132,0,-0.0364,0.9898,-0.1378,0,0.0083,0.1382,0.9904,0,0,16.6717,-2.5162,1]},
{"frame":4,"values":[0.9993,0.0345,-0.011,0,-0.0357,0.9898,-0.1378,0,0.0061,0.1381,0.9904,0,0,16.6717,-2.5162,1]},
{"frame":5,"values":[0.9994,0.0344,-0.0095,0,-0.0353,0.9898,-0.1378,0,0.0046,0.1381,0.9904,0,0,16.6717,-2.5162,1]},
{"frame":6,"values":[0.9994,0.0343,-0.0087,0,-0.0352,0.9898,-0.1378,0,0.0039,0.1381,0.9904,0,0,16.6717,-2.5162,1]},
{"frame":7,"values":[0.9994,0.0343,-0.0085,0,-0.0351,0.9898,-0.1378,0,0.0037,0.1381,0.9904,0,0,16.6717,-2.5162,1]},
{"frame":8,"values":[0.9994,0.0343,-0.0089,0,-0.0352,0.9898,-0.1378,0,0.0041,0.1381,0.9904,0,0,16.6717,-2.5162,1]},
{"frame":9,"values":[0.9994,0.0344,-0.0101,0,-0.0355,0.9898,-0.1378,0,0.0052,0.1381,0.9904,0,0,16.6717,-2.5162,1]},
{"frame":10,"values":[0.9993,0.0348,-0.0125,0,-0.0362,0.9898,-0.1378,0,0.0076,0.1382,0.9904,0,0,16.6717,-2.5162,1]},
{"frame":11,"values":[0.9993,0.0353,-0.0154,0,-0.037,0.9898,-0.1378,0,0.0104,0.1383,0.9903,0,0,16.6717,-2.5162,1]},
{"frame":12,"values":[0.9992,0.0358,-0.019,0,-0.0381,0.9897,-0.1378,0,0.0138,0.1384,0.9903,0,0,16.6717,-2.5162,1]},
{"frame":13,"values":[0.9991,0.0364,-0.0228,0,-0.0392,0.9897,-0.1378,0,0.0176,0.1386,0.9902,0,0,16.6717,-2.5162,1]},
{"frame":14,"values":[0.9989,0.0371,-0.0271,0,-0.0405,0.9896,-0.1378,0,0.0217,0.1388,0.9901,0,0,16.6717,-2.5162,1]},
{"frame":15,"values":[0.9988,0.0378,-0.0316,0,-0.0418,0.9896,-0.1378,0,0.026,0.1389,0.99,0,0,16.6717,-2.5162,1]},
{"frame":16,"values":[0.9986,0.0385,-0.036,0,-0.0431,0.9895,-0.1378,0,0.0303,0.1391,0.9898,0,0,16.6717,-2.5162,1]},
{"frame":17,"values":[0.9984,0.0391,-0.0399,0,-0.0443,0.9895,-0.1377,0,0.0341,0.1393,0.9897,0,0,16.6717,-2.5162,1]},
{"frame":18,"values":[0.9983,0.0396,-0.043,0,-0.0452,0.9894,-0.1377,0,0.0371,0.1394,0.9895,0,0,16.6717,-2.5162,1]},
{"frame":19,"values":[0.9982,0.0399,-0.0451,0,-0.0458,0.9894,-0.1377,0,0.0391,0.1395,0.9894,0,0,16.6717,-2.5162,1]},
{"frame":20,"values":[0.9982,0.04,-0.0455,0,-0.0459,0.9894,-0.1377,0,0.0395,0.1395,0.9894,0,0,16.6717,-2.5162,1]},
{"frame":21,"values":[0.9983,0.0396,-0.0431,0,-0.0452,0.9894,-0.1377,0,0.0372,0.1394,0.9895,0,0,16.6717,-2.5162,1]},
{"frame":22,"values":[0.9985,0.0388,-0.038,0,-0.0437,0.9895,-0.1378,0,0.0323,0.1392,0.9897,0,0,16.6717,-2.5162,1]},
{"frame":23,"values":[0.9988,0.0378,-0.0316,0,-0.0418,0.9896,-0.1378,0,0.026,0.1389,0.99,0,0,16.6717,-2.5162,1]},
{"frame":24,"values":[0.999,0.0368,-0.0252,0,-0.0399,0.9897,-0.1378,0,0.0198,0.1387,0.9901,0,0,16.6717,-2.5162,1]},
{"frame":25,"values":[0.9992,0.036,-0.0201,0,-0.0384,0.9897,-0.1378,0,0.0149,0.1385,0.9903,0,0,16.6717,-2.5162,1]}],"loopBehavior":1,"name":"anim","property":"_matrix"}},
{"name":"mixamorig:Head","index":5,"matrix":[0.9081,-0.2305,-0.3496,0,0.1609,0.9628,-0.2169,0,0.3866,0.1407,0.9114,0,0,9.6179,1.685,1],"rest":[1,0,0,0,0,1,0,0,0,0,1,0,0,9.6179,1.685,1],"parentBoneIndex":4,"length":13.7945
,"animation":{"dataType":3,"framePerSecond":24,"keys":[
{"frame":1,"values":[0.9081,-0.2306,-0.3496,0,0.1611,0.9628,-0.2169,0,0.3866,0.1407,0.9115,0,0,9.6179,1.685,1]},
{"frame":2,"values":[0.9106,-0.2309,-0.3428,0,0.1632,0.9629,-0.2151,0,0.3797,0.1399,0.9145,0,0,9.6179,1.685,1]},
{"frame":3,"values":[0.9126,-0.2311,-0.3374,0,0.1649,0.9629,-0.2137,0,0.3742,0.1394,0.9168,0,0,9.6179,1.685,1]},
{"frame":4,"values":[0.914,-0.2313,-0.3334,0,0.1661,0.9629,-0.2126,0,0.3702,0.1389,0.9185,0,0,9.6179,1.685,1]},
{"frame":5,"values":[0.9149,-0.2314,-0.3307,0,0.1669,0.9629,-0.2119,0,0.3674,0.1387,0.9196,0,0,9.6179,1.685,1]},
{"frame":6,"values":[0.9155,-0.2314,-0.3292,0,0.1673,0.9629,-0.2116,0,0.366,0.1386,0.9202,0,0,9.6179,1.685,1]},
{"frame":7,"values":[0.9156,-0.2314,-0.3289,0,0.1674,0.9629,-0.2114,0,0.3656,0.1386,0.9204,0,0,9.6179,1.685,1]},
{"frame":8,"values":[0.9153,-0.2314,-0.3296,0,0.1672,0.9629,-0.2116,0,0.3663,0.1386,0.9201,0,0,9.6179,1.685,1]},
{"frame":9,"values":[0.9146,-0.2313,-0.3318,0,0.1666,0.9629,-0.2122,0,0.3686,0.1388,0.9192,0,0,9.6179,1.685,1]},
{"frame":10,"values":[0.913,-0.2312,-0.3361,0,0.1653,0.9629,-0.2134,0,0.373,0.1393,0.9173,0,0,9.6179,1.685,1]},
{"frame":11,"values":[0.9111,-0.231,-0.3413,0,0.1636,0.9629,-0.2147,0,0.3782,0.1398,0.9151,0,0,9.6179,1.685,1]},
{"frame":12,"values":[0.9088,-0.2307,-0.3477,0,0.1616,0.9628,-0.2164,0,0.3847,0.1405,0.9123,0,0,9.6179,1.685,1]},
{"frame":13,"values":[0.9063,-0.2302,-0.3545,0,0.1592,0.9628,-0.2182,0,0.3916,0.1413,0.9092,0,0,9.6179,1.685,1]},
{"frame":14,"values":[0.9034,-0.2298,-0.3621,0,0.1566,0.9628,-0.2202,0,0.3992,0.1422,0.9058,0,0,9.6179,1.685,1]},
{"frame":15,"values":[0.9003,-0.2293,-0.3701,0,0.1538,0.9628,-0.2223,0,0.4072,0.1432,0.902,0,0,9.6179,1.685,1]},
{"frame":16,"values":[0.8972,-0.2288,-0.3778,0,0.1511,0.9627,-0.2243,0,0.415,0.1441,0.8983,0,0,9.6179,1.685,1]},
{"frame":17,"values":[0.8943,-0.2284,-0.3848,0,0.1485,0.9627,-0.2261,0,0.4221,0.145,0.8949,0,0,9.6179,1.685,1]},
{"frame":18,"values":[0.892,-0.2281,-0.3903,0,0.1466,0.9627,-0.2275,0,0.4276,0.1457,0.8921,0,0,9.6179,1.685,1]},
{"frame":19,"values":[0.8905,-0.2279,-0.3939,0,0.1454,0.9627,-0.2284,0,0.4312,0.1461,0.8903,0,0,9.6179,1.685,1]},
{"frame":20,"values":[0.8901,-0.2279,-0.3946,0,0.1451,0.9626,-0.2286,0,0.432,0.1462,0.8899,0,0,9.6179,1.685,1]},
{"frame":21,"values":[0.8919,-0.2281,-0.3905,0,0.1465,0.9627,-0.2275,0,0.4278,0.1457,0.8921,0,0,9.6179,1.685,1]},
{"frame":22,"values":[0.8957,-0.2286,-0.3814,0,0.1498,0.9627,-0.2252,0,0.4187,0.1446,0.8965,0,0,9.6179,1.685,1]},
{"frame":23,"values":[0.9003,-0.2293,-0.3701,0,0.1538,0.9628,-0.2223,0,0.4073,0.1432,0.902,0,0,9.6179,1.685,1]},
{"frame":24,"values":[0.9047,-0.23,-0.3587,0,0.1578,0.9628,-0.2193,0,0.3958,0.1418,0.9073,0,0,9.6179,1.685,1]},
{"frame":25,"values":[0.9081,-0.2305,-0.3496,0,0.1609,0.9628,-0.2169,0,0.3866,0.1407,0.9114,0,0,9.6179,1.685,1]}],"loopBehavior":1,"name":"anim","property":"_matrix"}},
{"name":"mixamorig:HeadTop_End","index":6,"matrix":[1,0,0,0,0,1,0,0,0,0,1,0,0,17.8152,2.585,1],"rest":[1,0,0,0,0,1,0,0,0,0,1,0,0,17.8152,2.585,1],"parentBoneIndex":5,"length":13.7945
,"animation":{"dataType":3,"framePerSecond":24,"keys":[
{"frame":1,"values":[1,0,0,0,0,1,0,0,0,0,1,0,0,17.8152,2.585,1]},
{"frame":25,"values":[1,0,0,0,0,1,0,0,0,0,1,0,0,17.8152,2.585,1]}],"loopBehavior":1,"name":"anim","property":"_matrix"}},
{"name":"mixamorig:LeftEye","index":7,"matrix":[1,0,0,0,0,1,0,0,0,0,1,0,3.0676,6.4095,9.2836,1],"rest":[1,0,0,0,0,1,0,0,0,0,1,0,3.0676,6.4095,9.2836,1],"parentBoneIndex":5,"length":13.7945
,"animation":{"dataType":3,"framePerSecond":24,"keys":[
{"frame":1,"values":[1,0,0,0,0,1,0,0,0,0,1,0,3.0676,6.4095,9.2836,1]},
{"frame":25,"values":[1,0,0,0,0,1,0,0,0,0,1,0,3.0676,6.4095,9.2836,1]}],"loopBehavior":1,"name":"anim","property":"_matrix"}},
{"name":"mixamorig:RightEye","index":8,"matrix":[1,0,0,0,0,1,0,0,0,0,1,0,-3.0676,6.4095,9.2835,1],"rest":[1,0,0,0,0,1,0,0,0,0,1,0,-3.0676,6.4095,9.2835,1],"parentBoneIndex":5,"length":13.7945
,"animation":{"dataType":3,"framePerSecond":24,"keys":[
{"frame":1,"values":[1,0,0,0,0,1,0,0,0,0,1,0,-3.0676,6.4095,9.2835,1]},
{"frame":25,"values":[1,0,0,0,0,1,0,0,0,0,1,0,-3.0676,6.4095,9.2835,1]}],"loopBehavior":1,"name":"anim","property":"_matrix"}},
{"name":"mixamorig:LeftShoulder","index":9,"matrix":[0.8277,-0.0603,0.558,0,0.085,0.9962,-0.0183,0,-0.5548,0.0625,0.8296,0,4.5704,10.946,-2.628,1],"rest":[1,0,0,0,0,1,0,0,0,0,1,0,4.5704,10.946,-2.628,1],"parentBoneIndex":3,"length":10.8377
,"animation":{"dataType":3,"framePerSecond":24,"keys":[
{"frame":1,"values":[0.8277,-0.0603,0.558,0,0.085,0.9962,-0.0183,0,-0.5548,0.0625,0.8296,0,4.5704,10.946,-2.628,1]},
{"frame":2,"values":[0.8158,-0.0711,0.5739,0,0.1065,0.9939,-0.0283,0,-0.5684,0.0843,0.8184,0,4.5704,10.946,-2.628,1]},
{"frame":3,"values":[0.8013,-0.0798,0.593,0,0.128,0.991,-0.0395,0,-0.5845,0.1076,0.8042,0,4.5704,10.946,-2.628,1]},
{"frame":4,"values":[0.7858,-0.0764,0.6137,0,0.1335,0.9899,-0.0477,0,-0.6038,0.1194,0.7881,0,4.5704,10.946,-2.628,1]},
{"frame":5,"values":[0.7717,-0.0602,0.6332,0,0.1193,0.9915,-0.0512,0,-0.6247,0.1151,0.7723,0,4.5704,10.946,-2.628,1]},
{"frame":6,"values":[0.76,-0.0372,0.6489,0,0.0919,0.9945,-0.0506,0,-0.6434,0.0981,0.7592,0,4.5704,10.946,-2.628,1]},
{"frame":7,"values":[0.7509,-0.0126,0.6603,0,0.0578,0.9972,-0.0467,0,-0.6579,0.0733,0.7495,0,4.5704,10.946,-2.628,1]},
{"frame":8,"values":[0.7364,0.0107,0.6764,0,0.0231,0.9989,-0.0409,0,-0.6761,0.0458,0.7354,0,4.5704,10.946,-2.628,1]},
{"frame":9,"values":[0.732,0.0134,0.6812,0,0.0099,0.9995,-0.0303,0,-0.6812,0.0289,0.7315,0,4.5704,10.946,-2.628,1]},
{"frame":10,"values":[0.7724,0.0102,0.6351,0,0.0049,0.9997,-0.022,0,-0.6351,0.0201,0.7721,0,4.5704,10.946,-2.628,1]},
{"frame":11,"values":[0.7922,0.0049,0.6102,0,0.0083,0.9998,-0.0188,0,-0.6102,0.0199,0.792,0,4.5704,10.946,-2.628,1]},
{"frame":12,"values":[0.814,-0.0188,0.5806,0,0.0332,0.9993,-0.0143,0,-0.58,0.0309,0.8141,0,4.5704,10.946,-2.628,1]},
{"frame":13,"values":[0.8354,-0.0449,0.5479,0,0.0598,0.9982,-0.0094,0,-0.5464,0.0406,0.8365,0,4.5704,10.946,-2.628,1]},
{"frame":14,"values":[0.8549,-0.0692,0.5141,0,0.0829,0.9966,-0.0036,0,-0.5121,0.0457,0.8577,0,4.5704,10.946,-2.628,1]},
{"frame":15,"values":[0.8722,-0.0874,0.4813,0,0.0978,0.9952,0.0036,0,-0.4793,0.044,0.8766,0,4.5704,10.946,-2.628,1]},
{"frame":16,"values":[0.8874,-0.0936,0.4514,0,0.0984,0.9951,0.0127,0,-0.4503,0.0331,0.8922,0,4.5704,10.946,-2.628,1]},
{"frame":17,"values":[0.9005,-0.0872,0.4261,0,0.0854,0.9961,0.0234,0,-0.4265,0.0154,0.9044,0,4.5704,10.946,-2.628,1]},
{"frame":18,"values":[0.9101,-0.0721,0.4081,0,0.064,0.9974,0.0336,0,-0.4094,-0.0045,0.9123,0,4.5704,10.946,-2.628,1]},
{"frame":19,"values":[0.9157,-0.0541,0.3983,0,0.0409,0.9983,0.0416,0,-0.3999,-0.0218,0.9163,0,4.5704,10.946,-2.628,1]},
{"frame":20,"values":[0.9154,-0.0391,0.4006,0,0.0229,0.9987,0.0451,0,-0.4019,-0.0321,0.9151,0,4.5704,10.946,-2.628,1]},
{"frame":21,"values":[0.909,-0.0317,0.4157,0,0.0158,0.999,0.0417,0,-0.4166,-0.0313,0.9086,0,4.5704,10.946,-2.628,1]},
{"frame":22,"values":[0.893,-0.035,0.4488,0,0.024,0.9993,0.0301,0,-0.4495,-0.0162,0.8931,0,4.5704,10.946,-2.628,1]},
{"frame":23,"values":[0.873,-0.0435,0.4857,0,0.0418,0.999,0.0145,0,-0.4859,0.0077,0.874,0,4.5704,10.946,-2.628,1]},
{"frame":24,"values":[0.8498,-0.0532,0.5244,0,0.0642,0.9979,-0.0028,0,-0.5232,0.036,0.8515,0,4.5704,10.946,-2.628,1]},
{"frame":25,"values":[0.8277,-0.0603,0.558,0,0.085,0.9962,-0.0183,0,-0.5548,0.0625,0.8296,0,4.5704,10.946,-2.628,1]}],"loopBehavior":1,"name":"anim","property":"_matrix"}},
{"name":"mixamorig:LeftArm","index":10,"matrix":[0.6245,-0.3715,0.687,0,0.776,0.3946,-0.4921,0,-0.0883,0.8404,0.5347,0,10.5924,-0.5246,-2.2321,1],"rest":[1,0,0,0,0,1,0,0,0,0,1,0,10.5924,-0.5246,-2.2321,1],"parentBoneIndex":9,"length":27.8415
,"animation":{"dataType":3,"framePerSecond":24,"keys":[
{"frame":1,"values":[0.6239,-0.371,0.6878,0,0.7764,0.3945,-0.4915,0,-0.089,0.8407,0.5341,0,10.5924,-0.5246,-2.2321,1]},
{"frame":2,"values":[0.6281,-0.3719,0.6835,0,0.7728,0.401,-0.492,0,-0.0911,0.8372,0.5393,0,10.5924,-0.5246,-2.2321,1]},
{"frame":3,"values":[0.637,-0.3716,0.6754,0,0.7658,0.4054,-0.4992,0,-0.0883,0.8352,0.5428,0,10.5924,-0.5246,-2.2321,1]},
{"frame":4,"values":[0.6466,-0.3739,0.6649,0,0.7591,0.4018,-0.5122,0,-0.0756,0.8359,0.5436,0,10.5924,-0.5246,-2.2321,1]},
{"frame":5,"values":[0.657,-0.3769,0.6529,0,0.7519,0.3896,-0.5318,0,-0.0539,0.8404,0.5394,0,10.5924,-0.5246,-2.2321,1]},
{"frame":6,"values":[0.6665,-0.3717,0.6462,0,0.7445,0.3772,-0.5509,0,-0.039,0.8483,0.5281,0,10.5924,-0.5246,-2.2321,1]},
{"frame":7,"values":[0.6778,-0.3606,0.6407,0,0.7346,0.368,-0.57,0,-0.0302,0.8571,0.5143,0,10.5924,-0.5246,-2.2321,1]},
{"frame":8,"values":[0.694,-0.3661,0.6199,0,0.7199,0.3604,-0.5931,0,-0.0063,0.858,0.5137,0,10.5924,-0.5246,-2.2321,1]},
{"frame":9,"values":[0.7057,-0.3768,0.6,0,0.7084,0.3611,-0.6065,0,0.0119,0.853,0.5217,0,10.5924,-0.5246,-2.2321,1]},
{"frame":10,"values":[0.6715,-0.3753,0.6389,0,0.7409,0.3533,-0.5711,0,-0.0114,0.8569,0.5154,0,10.5924,-0.5246,-2.2321,1]},
{"frame":11,"values":[0.6604,-0.3857,0.6442,0,0.7509,0.347,-0.562,0,-0.0068,0.8549,0.5188,0,10.5924,-0.5246,-2.2321,1]},
{"frame":12,"values":[0.6539,-0.3885,0.6493,0,0.7561,0.365,-0.5432,0,-0.026,0.8461,0.5324,0,10.5924,-0.5246,-2.2321,1]},
{"frame":13,"values":[0.6478,-0.3855,0.6571,0,0.7602,0.3834,-0.5245,0,-0.0498,0.8393,0.5414,0,10.5924,-0.5246,-2.2321,1]},
{"frame":14,"values":[0.6404,-0.3826,0.6659,0,0.7645,0.4006,-0.5051,0,-0.0735,0.8326,0.549,0,10.5924,-0.5246,-2.2321,1]},
{"frame":15,"values":[0.6315,-0.3897,0.6703,0,0.7705,0.4123,-0.4861,0,-0.0869,0.8235,0.5607,0,10.5924,-0.5246,-2.2321,1]},
{"frame":16,"values":[0.6247,-0.4008,0.6701,0,0.7759,0.4147,-0.4754,0,-0.0873,0.8169,0.5701,0,10.5924,-0.5246,-2.2321,1]},
{"frame":17,"values":[0.6156,-0.4148,0.6701,0,0.784,0.4089,-0.4671,0,-0.0803,0.8128,0.577,0,10.5924,-0.5246,-2.2321,1]},
{"frame":18,"values":[0.6029,-0.4166,0.6804,0,0.7936,0.4012,-0.4574,0,-0.0824,0.8157,0.5725,0,10.5924,-0.5246,-2.2321,1]},
{"frame":19,"values":[0.5878,-0.4119,0.6963,0,0.8049,0.3845,-0.452,0,-0.0815,0.8262,0.5575,0,10.5924,-0.5246,-2.2321,1]},
{"frame":20,"values":[0.5798,-0.4189,0.6988,0,0.8126,0.3605,-0.458,0,-0.0601,0.8334,0.5494,0,10.5924,-0.5246,-2.2321,1]},
{"frame":21,"values":[0.59,-0.4194,0.6899,0,0.8055,0.3634,-0.468,0,-0.0544,0.8319,0.5523,0,10.5924,-0.5246,-2.2321,1]},
{"frame":22,"values":[0.6062,-0.4168,0.6774,0,0.7941,0.3642,-0.4865,0,-0.0439,0.8328,0.5518,0,10.5924,-0.5246,-2.2321,1]},
{"frame":23,"values":[0.61,-0.4029,0.6823,0,0.7904,0.3695,-0.4885,0,-0.0553,0.8373,0.5439,0,10.5924,-0.5246,-2.2321,1]},
{"frame":24,"values":[0.6151,-0.388,0.6864,0,0.7852,0.3805,-0.4885,0,-0.0716,0.8395,0.5387,0,10.5924,-0.5246,-2.2321,1]},
{"frame":25,"values":[0.6245,-0.3715,0.687,0,0.776,0.3946,-0.4921,0,-0.0883,0.8404,0.5347,0,10.5924,-0.5246,-2.2321,1]}],"loopBehavior":1,"name":"anim","property":"_matrix"}},
{"name":"mixamorig:LeftForeArm","index":11,"matrix":[0.1324,-0.0591,0.9894,0,0.9341,-0.3264,-0.1445,0,0.3315,0.9434,0.012,0,27.8415,-0.0001,0,1],"rest":[1,0,0,0,0,1,0,0,0,0,1,0,27.8415,-0.0001,0,1],"parentBoneIndex":10,"length":28.3288
,"animation":{"dataType":3,"framePerSecond":24,"keys":[
{"frame":1,"values":[0.1333,-0.0591,0.9893,0,0.9342,-0.3259,-0.1453,0,0.331,0.9435,0.0117,0,27.8415,-0.0001,0,1]},
{"frame":2,"values":[0.1288,-0.0561,0.9901,0,0.948,-0.286,-0.1396,0,0.291,0.9566,0.0164,0,27.8415,-0.0001,0,1]},
{"frame":3,"values":[0.1208,-0.0545,0.9912,0,0.9555,-0.2643,-0.1309,0,0.2691,0.9629,0.0202,0,27.8415,-0.0001,0,1]},
{"frame":4,"values":[0.1203,-0.0577,0.9911,0,0.9427,-0.3063,-0.1323,0,0.3112,0.9502,0.0175,0,27.8415,-0.0001,0,1]},
{"frame":5,"values":[0.1152,-0.059,0.9916,0,0.9391,-0.3189,-0.1281,0,0.3237,0.946,0.0187,0,27.8415,-0.0001,0,1]},
{"frame":6,"values":[0.1097,-0.0596,0.9922,0,0.9394,-0.3199,-0.1231,0,0.3247,0.9456,0.0209,0,27.8415,-0.0001,0,1]},
{"frame":7,"values":[0.0901,-0.0607,0.9941,0,0.938,-0.3304,-0.1051,0,0.3348,0.9419,0.0271,0,27.8415,-0.0001,0,1]},
{"frame":8,"values":[0.0717,-0.0612,0.9955,0,0.9373,-0.3372,-0.0882,0,0.3411,0.9394,0.0332,0,27.8415,-0.0001,0,1]},
{"frame":9,"values":[0.0719,-0.061,0.9955,0,0.9424,-0.3227,-0.0879,0,0.3266,0.9445,0.0343,0,27.8415,-0.0001,0,1]},
{"frame":10,"values":[0.0887,-0.0604,0.9942,0,0.9453,-0.3096,-0.1031,0,0.314,0.949,0.0297,0,27.8415,-0.0001,0,1]},
{"frame":11,"values":[0.078,-0.0601,0.9951,0,0.9466,-0.3088,-0.0928,0,0.3128,0.9492,0.0328,0,27.8415,-0.0001,0,1]},
{"frame":12,"values":[0.0763,-0.0601,0.9953,0,0.9423,-0.3221,-0.0917,0,0.3261,0.9448,0.0321,0,27.8415,-0.0001,0,1]},
{"frame":13,"values":[0.069,-0.0603,0.9958,0,0.936,-0.3415,-0.0856,0,0.3452,0.9379,0.0329,0,27.8415,-0.0001,0,1]},
{"frame":14,"values":[0.0486,-0.0606,0.997,0,0.93,-0.3613,-0.0673,0,0.3643,0.9305,0.0388,0,27.8415,-0.0001,0,1]},
{"frame":15,"values":[0.0298,-0.0609,0.9977,0,0.9238,-0.3796,-0.0508,0,0.3818,0.9231,0.045,0,27.8415,-0.0001,0,1]},
{"frame":16,"values":[0.0091,-0.0613,0.9981,0,0.9187,-0.3937,-0.0325,0,0.3949,0.9172,0.0528,0,27.8415,-0.0001,0,1]},
{"frame":17,"values":[-0.0049,-0.0615,0.9981,0,0.9179,-0.3963,-0.0199,0,0.3968,0.9161,0.0584,0,27.8415,-0.0001,0,1]},
{"frame":18,"values":[-0.0017,-0.0588,0.9983,0,0.9352,-0.3537,-0.0192,0,0.3542,0.9335,0.0556,0,27.8415,-0.0001,0,1]},
{"frame":19,"values":[0.0186,-0.0586,0.9981,0,0.9411,-0.3361,-0.0373,0,0.3376,0.94,0.0489,0,27.8415,-0.0001,0,1]},
{"frame":20,"values":[0.0346,-0.059,0.9977,0,0.9476,-0.3152,-0.0515,0,0.3175,0.9472,0.045,0,27.8415,-0.0001,0,1]},
{"frame":21,"values":[0.0257,-0.0582,0.998,0,0.9516,-0.3044,-0.0423,0,0.3063,0.9508,0.0475,0,27.8415,-0.0001,0,1]},
{"frame":22,"values":[0.0297,-0.058,0.9979,0,0.9502,-0.3083,-0.0462,0,0.3104,0.9495,0.0459,0,27.8415,-0.0001,0,1]},
{"frame":23,"values":[0.0692,-0.0585,0.9959,0,0.9458,-0.3138,-0.0841,0,0.3174,0.9477,0.0336,0,27.8415,-0.0001,0,1]},
{"frame":24,"values":[0.1084,-0.0551,0.9926,0,0.9564,-0.2666,-0.1192,0,0.2712,0.9622,0.0238,0,27.8415,-0.0001,0,1]},
{"frame":25,"values":[0.1324,-0.0591,0.9894,0,0.9341,-0.3264,-0.1445,0,0.3315,0.9434,0.012,0,27.8415,-0.0001,0,1]}],"loopBehavior":1,"name":"anim","property":"_matrix"}},
{"name":"mixamorig:LeftHand","index":12,"matrix":[0.9974,0.0717,0.0107,0,-0.0544,0.8381,-0.5427,0,-0.0479,0.5407,0.8398,0,28.3288,0,0,1],"rest":[1,0,0,0,0,1,0.0005,0,0,-0.0005,1,0,28.3288,0,0,1],"parentBoneIndex":11,"length":8.2279
,"animation":{"dataType":3,"framePerSecond":24,"keys":[
{"frame":1,"values":[0.9974,0.0715,0.0108,0,-0.0542,0.8382,-0.5427,0,-0.0478,0.5407,0.8399,0,28.3288,0,0,1]},
{"frame":2,"values":[0.9962,0.0867,-0.007,0,-0.0756,0.823,-0.563,0,-0.043,0.5614,0.8265,0,28.3288,0,0,1]},
{"frame":3,"values":[0.9941,0.1059,-0.0246,0,-0.1009,0.8154,-0.57,0,-0.0403,0.5691,0.8213,0,28.3288,0,0,1]},
{"frame":4,"values":[0.9935,0.1096,-0.0298,0,-0.1088,0.8438,-0.5255,0,-0.0325,0.5253,0.8503,0,28.3288,0,0,1]},
{"frame":5,"values":[0.9934,0.1096,-0.0353,0,-0.1121,0.8512,-0.5128,0,-0.0262,0.5133,0.8578,0,28.3288,0,0,1]},
{"frame":6,"values":[0.9929,0.1128,-0.0369,0,-0.1156,0.848,-0.5172,0,-0.027,0.5178,0.8551,0,28.3288,0,0,1]},
{"frame":7,"values":[0.9916,0.1274,-0.0244,0,-0.1213,0.8442,-0.5221,0,-0.0459,0.5206,0.8526,0,28.3288,0,0,1]},
{"frame":8,"values":[0.992,0.1261,-0.0054,0,-0.11,0.8427,-0.5271,0,-0.062,0.5235,0.8498,0,28.3288,0,0,1]},
{"frame":9,"values":[0.9945,0.1046,0.0002,0,-0.0877,0.8344,-0.5441,0,-0.0571,0.5411,0.839,0,28.3288,0,0,1]},
{"frame":10,"values":[0.9955,0.0944,0.0017,0,-0.0779,0.8319,-0.5494,0,-0.0533,0.5468,0.8355,0,28.3288,0,0,1]},
{"frame":11,"values":[0.9946,0.1038,0.0037,0,-0.0849,0.8327,-0.5472,0,-0.0599,0.5439,0.837,0,28.3288,0,0,1]},
{"frame":12,"values":[0.9941,0.1081,0.0112,0,-0.0854,0.8411,-0.5341,0,-0.0671,0.5299,0.8454,0,28.3288,0,0,1]},
{"frame":13,"values":[0.9926,0.1197,0.0204,0,-0.0918,0.8497,-0.5191,0,-0.0795,0.5134,0.8544,0,28.3288,0,0,1]},
{"frame":14,"values":[0.9897,0.1392,0.0332,0,-0.1035,0.8566,-0.5055,0,-0.0988,0.4968,0.8622,0,28.3288,0,0,1]},
{"frame":15,"values":[0.9884,0.1449,0.046,0,-0.1038,0.8642,-0.4923,0,-0.1111,0.4818,0.8692,0,28.3288,0,0,1]},
{"frame":16,"values":[0.9873,0.147,0.0601,0,-0.0994,0.8671,-0.4881,0,-0.1239,0.4759,0.8707,0,28.3288,0,0,1]},
{"frame":17,"values":[0.9874,0.139,0.0752,0,-0.0842,0.8652,-0.4942,0,-0.1338,0.4817,0.8661,0,28.3288,0,0,1]},
{"frame":18,"values":[0.9867,0.1359,0.0889,0,-0.0668,0.8387,-0.5405,0,-0.148,0.5274,0.8366,0,28.3288,0,0,1]},
{"frame":19,"values":[0.9869,0.127,0.0995,0,-0.0504,0.8285,-0.5577,0,-0.1533,0.5454,0.824,0,28.3288,0,0,1]},
{"frame":20,"values":[0.9894,0.113,0.0916,0,-0.0403,0.8181,-0.5737,0,-0.1398,0.5639,0.8139,0,28.3288,0,0,1]},
{"frame":21,"values":[0.9881,0.1176,0.0993,0,-0.0365,0.8058,-0.5911,0,-0.1495,0.5804,0.8005,0,28.3288,0,0,1]},
{"frame":22,"values":[0.9891,0.118,0.0879,0,-0.0444,0.8085,-0.5868,0,-0.1403,0.5765,0.8049,0,28.3288,0,0,1]},
{"frame":23,"values":[0.9933,0.0976,0.0615,0,-0.0453,0.8205,-0.5698,0,-0.1061,0.5633,0.8194,0,28.3288,0,0,1]},
{"frame":24,"values":[0.9964,0.0801,0.0276,0,-0.0477,0.8001,-0.5979,0,-0.07,0.5945,0.8011,0,28.3288,0,0,1]},
{"frame":25,"values":[0.9974,0.0717,0.0107,0,-0.0544,0.8381,-0.5427,0,-0.0479,0.5407,0.8398,0,28.3288,0,0,1]}],"loopBehavior":1,"name":"anim","property":"_matrix"}},
{"name":"mixamorig:LeftHandThumb1","index":13,"matrix":[0.9854,-0.0401,-0.1653,0,0.0415,0.9991,0.0051,0,0.1649,-0.0119,0.9862,0,2.4661,-1.575,2.6824,1],"rest":[1,0.0002,0.0002,0,-0.0002,1,-0.0002,0,-0.0002,0.0002,1,0,2.4661,-1.575,2.6824,1],"parentBoneIndex":12,"length":4.1696
,"animation":{"dataType":3,"framePerSecond":24,"keys":[
{"frame":1,"values":[0.9854,-0.0401,-0.1653,0,0.0415,0.9991,0.0051,0,0.1649,-0.0119,0.9862,0,2.4661,-1.575,2.6824,1]},
{"frame":25,"values":[0.9854,-0.0401,-0.1653,0,0.0415,0.9991,0.0051,0,0.1649,-0.0119,0.9862,0,2.4661,-1.575,2.6824,1]}],"loopBehavior":1,"name":"anim","property":"_matrix"}},
{"name":"mixamorig:LeftHandThumb2","index":14,"matrix":[0.9755,0.0461,-0.2153,0,-0.0229,0.9938,0.1092,0,0.219,-0.1016,0.9704,0,3.2298,-1.8647,1.8647,1],"rest":[1,0,0,0,0,1,0,0,0,0,1,0,3.2298,-1.8647,1.8647,1],"parentBoneIndex":13,"length":3.4245
,"animation":{"dataType":3,"framePerSecond":24,"keys":[
{"frame":1,"values":[0.9755,0.0461,-0.2153,0,-0.0229,0.9938,0.1092,0,0.219,-0.1016,0.9704,0,3.2298,-1.8647,1.8647,1]},
{"frame":25,"values":[0.9755,0.0461,-0.2153,0,-0.0229,0.9938,0.1092,0,0.219,-0.1016,0.9704,0,3.2298,-1.8647,1.8647,1]}],"loopBehavior":1,"name":"anim","property":"_matrix"}},
{"name":"mixamorig:LeftHandThumb3","index":15,"matrix":[0.9525,0.1485,0.2659,0,-0.0268,0.9106,-0.4124,0,-0.3034,0.3857,0.8713,0,2.6526,-1.5315,1.5315,1],"rest":[1,0,0,0,0,1,0,0,0,0,1,0,2.6526,-1.5315,1.5315,1],"parentBoneIndex":14,"length":2.5234
,"animation":{"dataType":3,"framePerSecond":24,"keys":[
{"frame":1,"values":[0.9525,0.1485,0.2659,0,-0.0268,0.9106,-0.4124,0,-0.3034,0.3857,0.8713,0,2.6526,-1.5315,1.5315,1]},
{"frame":25,"values":[0.9525,0.1485,0.2659,0,-0.0268,0.9106,-0.4124,0,-0.3034,0.3857,0.8713,0,2.6526,-1.5315,1.5315,1]}],"loopBehavior":1,"name":"anim","property":"_matrix"}},
{"name":"mixamorig:LeftHandThumb4","index":16,"matrix":[1,0,0,0,0,1,0,0,0,0,1,0,1.9546,-1.1285,1.1285,1],"rest":[1,0,0,0,0,1,0,0,0,0,1,0,1.9546,-1.1285,1.1285,1],"parentBoneIndex":15,"length":2.5234
,"animation":{"dataType":3,"framePerSecond":24,"keys":[
{"frame":1,"values":[1,0,0,0,0,1,0,0,0,0,1,0,1.9546,-1.1285,1.1285,1]},
{"frame":25,"values":[1,0,0,0,0,1,0,0,0,0,1,0,1.9546,-1.1285,1.1285,1]}],"loopBehavior":1,"name":"anim","property":"_matrix"}},
{"name":"mixamorig:LeftHandIndex1","index":17,"matrix":[0.9347,-0.3535,-0.0375,0,0.3548,0.9208,0.1619,0,-0.0227,-0.1646,0.9861,0,9.1093,-0.5171,2.2601,1],"rest":[1,0,0,0,0,1,0,0,0,0,1,0,9.1093,-0.5171,2.2601,1],"parentBoneIndex":12,"length":3.6764
,"animation":{"dataType":3,"framePerSecond":24,"keys":[
{"frame":1,"values":[0.9347,-0.3535,-0.0375,0,0.3548,0.9208,0.1619,0,-0.0227,-0.1646,0.9861,0,9.1093,-0.5171,2.2601,1]},
{"frame":25,"values":[0.9347,-0.3535,-0.0375,0,0.3548,0.9208,0.1619,0,-0.0227,-0.1646,0.9861,0,9.1093,-0.5171,2.2601,1]}],"loopBehavior":1,"name":"anim","property":"_matrix"}},
{"name":"mixamorig:LeftHandIndex2","index":18,"matrix":[0.878,-0.4761,-0.0486,0,0.4761,0.8793,-0.0123,0,0.0486,-0.0123,0.9987,0,3.6764,0,0,1],"rest":[1,0,0,0,0,1,0,0,0,0,1,0,3.6764,0,0,1],"parentBoneIndex":17,"length":2.8831
,"animation":{"dataType":3,"framePerSecond":24,"keys":[
{"frame":1,"values":[0.878,-0.4761,-0.0486,0,0.4761,0.8793,-0.0123,0,0.0486,-0.0123,0.9987,0,3.6764,0,0,1]},
{"frame":25,"values":[0.878,-0.4761,-0.0486,0,0.4761,0.8793,-0.0123,0,0.0486,-0.0123,0.9987,0,3.6764,0,0,1]}],"loopBehavior":1,"name":"anim","property":"_matrix"}},
{"name":"mixamorig:LeftHandIndex3","index":19,"matrix":[0.8773,-0.4775,-0.0487,0,0.4775,0.8785,-0.0124,0,0.0487,-0.0124,0.9987,0,2.8831,0,0,1],"rest":[1,0,0,0,0,1,0,0,0,0,1,0,2.8831,0,0,1],"parentBoneIndex":18,"length":2.3927
,"animation":{"dataType":3,"framePerSecond":24,"keys":[
{"frame":1,"values":[0.8773,-0.4775,-0.0487,0,0.4775,0.8785,-0.0124,0,0.0487,-0.0124,0.9987,0,2.8831,0,0,1]},
{"frame":25,"values":[0.8773,-0.4775,-0.0487,0,0.4775,0.8785,-0.0124,0,0.0487,-0.0124,0.9987,0,2.8831,0,0,1]}],"loopBehavior":1,"name":"anim","property":"_matrix"}},
{"name":"mixamorig:LeftHandIndex4","index":20,"matrix":[1,0,0,0,0,1,0,0,0,0,1,0,2.3927,0,0,1],"rest":[1,0,0,0,0,1,0,0,0,0,1,0,2.3927,0,0,1],"parentBoneIndex":19,"length":2.3927
,"animation":{"dataType":3,"framePerSecond":24,"keys":[
{"frame":1,"values":[1,0,0,0,0,1,0,0,0,0,1,0,2.3927,0,0,1]},
{"frame":25,"values":[1,0,0,0,0,1,0,0,0,0,1,0,2.3927,0,0,1]}],"loopBehavior":1,"name":"anim","property":"_matrix"}},
{"name":"mixamorig:LeftHandMiddle1","index":21,"matrix":[0.9353,-0.3523,-0.0325,0,0.3524,0.9195,0.1744,0,-0.0316,-0.1745,0.9841,0,9.5334,0,0,1],"rest":[1,0,0,0,0,1,0,0,0,0,1,0,9.5334,0,0,1],"parentBoneIndex":12,"length":3.6982
,"animation":{"dataType":3,"framePerSecond":24,"keys":[
{"frame":1,"values":[0.9353,-0.3523,-0.0325,0,0.3524,0.9195,0.1744,0,-0.0316,-0.1745,0.9841,0,9.5334,0,0,1]},
{"frame":25,"values":[0.9353,-0.3523,-0.0325,0,0.3524,0.9195,0.1744,0,-0.0316,-0.1745,0.9841,0,9.5334,0,0,1]}],"loopBehavior":1,"name":"anim","property":"_matrix"}},
{"name":"mixamorig:LeftHandMiddle2","index":22,"matrix":[0.6955,-0.7148,-0.0729,0,0.7148,0.6987,-0.0307,0,0.0729,-0.0307,0.9969,0,3.6982,0,0,1],"rest":[1,0,0,0,0,1,0,0,0,0,1,0,3.6982,0,0,1],"parentBoneIndex":21,"length":2.9509
,"animation":{"dataType":3,"framePerSecond":24,"keys":[
