{"producer":{"name":"Blender","version":"2.79 (sub 0)","exporter_version":"5.6.4","file":"malerun.babylon"},
"autoClear":true,"clearColor":[0.0509,0.0509,0.0509],"ambientColor":[0,0,0],"gravity":[0,-9.81,0],
"materials":[{"name":"malerun.Material","id":"malerun.Material","ambient":[0.8,0.8,0.8],"diffuse":[0.64,0.64,0.64],"specular":[0.5,0.5,0.5],"emissive":[0,0,0],"specularPower":50,"alpha":1,"backFaceCulling":true,"checkReadyOnlyOnce":false,"maxSimultaneousLights":4}],
"multiMaterials":[],
"skeletons":[{"name":"Armature","id":0,"dimensionsAtRest":[194.6189,193.2823,30.9004],"bones":[
{"name":"mixamorig:Hips","index":0,"matrix":[0.993,-0.0636,-0.0998,0,0.0493,0.989,-0.1394,0,-0.1075,-0.1335,-0.9852,0,0.4333,92.0016,-0.8168,1],"rest":[1,0,0,0,0,1,0,0,0,0,-1,0,0,99.6721,0,1],"parentBoneIndex":-1,"length":10.8627
,"animation":{"dataType":3,"framePerSecond":24,"keys":[
{"frame":1,"values":[0.993,-0.0636,-0.0998,0,0.0493,0.989,-0.1394,0,-0.1075,-0.1335,-0.9852,0,0.4333,92.0016,-0.8168,1]},
{"frame":2,"values":[0.9967,-0.0257,-0.0774,0,0.0138,0.9885,-0.1507,0,-0.0804,-0.1491,-0.9855,0,0.0496,93.8781,-2.2258,1]},
{"frame":3,"values":[0.9981,-0.0208,-0.0573,0,0.0101,0.9834,-0.181,0,-0.0601,-0.1801,-0.9818,0,-0.3406,96.2559,-1.4981,1]},
{"frame":4,"values":[0.9995,-0.0231,-0.0216,0,0.0195,0.9877,-0.1552,0,-0.0249,-0.1547,-0.9877,0,-0.6156,96.0702,-1.4023,1]},
{"frame":5,"values":[0.9979,0.0132,0.0638,0,-0.0057,0.9933,-0.1158,0,0.0649,-0.1152,-0.9912,0,-0.6092,93.8434,-0.3656,1]},
{"frame":6,"values":[0.9938,0.0719,0.0845,0,-0.0604,0.9895,-0.1312,0,0.093,-0.1253,-0.9878,0,-0.2594,91.949,0.9479,1]},
{"frame":7,"values":[0.986,0.1298,0.1051,0,-0.1095,0.9776,-0.1799,0,0.1261,-0.1659,-0.9781,0,0.0903,90.3262,3.8753,1]},
{"frame":8,"values":[0.9871,0.0993,0.1257,0,-0.0716,0.9754,-0.2084,0,0.1433,-0.1967,-0.9699,0,0.4401,91.8966,2.1811,1]},
{"frame":9,"values":[0.9878,0.0529,0.1462,0,-0.0206,0.9766,-0.2141,0,0.1541,-0.2085,-0.9658,0,0.7899,93.4671,-1.9495,1]},
{"frame":10,"values":[0.9936,0.0418,0.1052,0,-0.0178,0.9756,-0.2189,0,0.1118,-0.2157,-0.9701,0,1.1397,95.0375,-2.8531,1]},
{"frame":11,"values":[0.997,0.0436,0.064,0,-0.03,0.9793,-0.1999,0,0.0714,-0.1974,-0.9777,0,1.0802,96.608,-2.2436,1]},
{"frame":12,"values":[0.9996,0.0163,0.023,0,-0.0119,0.9836,-0.1799,0,0.0256,-0.1795,-0.9834,0,1.1587,95.4795,-1.6342,1]},
{"frame":13,"values":[0.9998,-0.0103,-0.0186,0,0.0071,0.987,-0.1605,0,-0.02,-0.1603,-0.9869,0,1.2373,94.351,-1.0248,1]},
{"frame":14,"values":[0.9975,-0.0372,-0.0599,0,0.0268,0.9857,-0.1661,0,-0.0652,-0.1641,-0.9843,0,0.9422,93.2225,-1.1871,1]},
{"frame":15,"values":[0.9928,-0.0639,-0.101,0,0.048,0.9871,-0.1529,0,-0.1095,-0.147,-0.9831,0,0.6472,92.094,0.6541,1]},
{"frame":16,"values":[0.993,-0.0636,-0.0998,0,0.0493,0.989,-0.1394,0,-0.1075,-0.1335,-0.9852,0,0.4333,92.0016,-0.8168,1]}],"loopBehavior":1,"name":"anim","property":"_matrix"}},
{"name":"mixamorig:Spine","index":1,"matrix":[0.9683,0.0673,-0.2408,0,-0.0094,0.9723,0.2337,0,0.2498,-0.224,0.942,0,0,9.9235,-1.2273,1],"rest":[1,0,0,0,0,1,0,0,0,0,1,0,0,9.9235,-1.2273,1],"parentBoneIndex":0,"length":11.7319
,"animation":{"dataType":3,"framePerSecond":24,"keys":[
{"frame":1,"values":[0.9683,0.0673,-0.2408,0,-0.0094,0.9723,0.2337,0,0.2498,-0.224,0.942,0,0,9.9235,-1.2273,1]},
{"frame":2,"values":[0.961,0.0109,-0.2764,0,0.0259,0.9913,0.129,0,0.2754,-0.1311,0.9524,0,0,9.9235,-1.2273,1]},
{"frame":3,"values":[0.957,0.0041,-0.2901,0,0.0103,0.9988,0.0484,0,0.29,-0.0493,0.9558,0,0,9.9235,-1.2273,1]},
{"frame":4,"values":[0.9676,0.0149,-0.252,0,0.008,0.9959,0.0898,0,0.2523,-0.0889,0.9636,0,0,9.9235,-1.2273,1]},
{"frame":5,"values":[0.9896,-0.0406,-0.1379,0,0.0654,0.9814,0.1805,0,0.128,-0.1876,0.9739,0,0,9.9235,-1.2273,1]},
{"frame":6,"values":[0.9922,-0.1246,-0.0092,0,0.123,0.9608,0.2484,0,-0.0221,-0.2476,0.9686,0,0,9.9235,-1.2273,1]},
{"frame":7,"values":[0.9791,-0.19,0.0725,0,0.1668,0.9542,0.2485,0,-0.1164,-0.2312,0.9659,0,0,9.9235,-1.2273,1]},
{"frame":8,"values":[0.9747,-0.1621,0.1537,0,0.1391,0.9788,0.1501,0,-0.1748,-0.1249,0.9767,0,0,9.9235,-1.2273,1]},
{"frame":9,"values":[0.9689,-0.0803,0.2339,0,0.0701,0.9962,0.0516,0,-0.2371,-0.0336,0.9709,0,0,9.9235,-1.2273,1]},
{"frame":10,"values":[0.9492,-0.0378,0.3125,0,0.0542,0.9976,-0.044,0,-0.3101,0.0587,0.9489,0,0,9.9235,-1.2273,1]},
{"frame":11,"values":[0.9744,-0.0492,0.2194,0,0.046,0.9987,0.0198,0,-0.2201,-0.0092,0.9754,0,0,9.9235,-1.2273,1]},
{"frame":12,"values":[0.9908,-0.0539,0.1239,0,0.0437,0.9955,0.0839,0,-0.1278,-0.0777,0.9887,0,0,9.9235,-1.2273,1]},
{"frame":13,"values":[0.9996,-0.0148,0.0246,0,0.011,0.9894,0.1451,0,-0.0265,-0.1448,0.9891,0,0,9.9235,-1.2273,1]},
{"frame":14,"values":[0.9969,0.031,-0.0727,0,-0.0152,0.9778,0.2088,0,0.0775,-0.2071,0.9753,0,0,9.9235,-1.2273,1]},
{"frame":15,"values":[0.9828,0.0823,-0.1656,0,-0.0344,0.9612,0.2736,0,0.1817,-0.2632,0.9475,0,0,9.9235,-1.2273,1]},
{"frame":16,"values":[0.9683,0.0673,-0.2408,0,-0.0094,0.9723,0.2337,0,0.2498,-0.224,0.942,0,0,9.9235,-1.2273,1]}],"loopBehavior":1,"name":"anim","property":"_matrix"}},
{"name":"mixamorig:Spine1","index":2,"matrix":[0.9992,0.0216,-0.0323,0,-0.0235,0.998,-0.0589,0,0.031,0.0596,0.9977,0,-0.0001,11.6454,-1.4223,1],"rest":[1,0,0,0,0,1,0,0,0,0,1,0,-0.0001,11.6454,-1.4223,1],"parentBoneIndex":1,"length":13.4588
,"animation":{"dataType":3,"framePerSecond":24,"keys":[
{"frame":1,"values":[0.9992,0.0216,-0.0323,0,-0.0235,0.998,-0.0589,0,0.031,0.0596,0.9977,0,-0.0001,11.6454,-1.4223,1]},
{"frame":2,"values":[0.9992,0.0175,-0.0361,0,-0.0184,0.9995,-0.0275,0,0.0356,0.0281,0.999,0,-0.0001,11.6454,-1.4223,1]},
{"frame":3,"values":[0.9993,0.0017,-0.0386,0,-0.0017,1,-0.0016,0,0.0386,0.0017,0.9993,0,-0.0001,11.6454,-1.4223,1]},
{"frame":4,"values":[0.9994,-0.0011,-0.034,0,0.001,1,-0.002,0,0.034,0.0019,0.9994,0,-0.0001,11.6454,-1.4223,1]},
{"frame":5,"values":[0.9995,0.0267,-0.0172,0,-0.027,0.9994,-0.0225,0,0.0165,0.0229,0.9996,0,-0.0001,11.6454,-1.4223,1]},
{"frame":6,"values":[0.9983,0.0591,0.0001,0,-0.059,0.9967,-0.0562,0,-0.0035,0.0561,0.9984,0,-0.0001,11.6454,-1.4223,1]},
{"frame":7,"values":[0.997,0.0761,0.0108,0,-0.0755,0.996,-0.0474,0,-0.0144,0.0464,0.9988,0,-0.0001,11.6454,-1.4223,1]},
{"frame":8,"values":[0.9971,0.0732,0.0215,0,-0.0728,0.9972,-0.0168,0,-0.0227,0.0152,0.9996,0,-0.0001,11.6454,-1.4223,1]},
{"frame":9,"values":[0.9976,0.0604,0.0324,0,-0.0609,0.9981,0.0137,0,-0.0315,-0.0156,0.9994,0,-0.0001,11.6454,-1.4223,1]},
{"frame":10,"values":[0.998,0.0473,0.0429,0,-0.0492,0.9978,0.0443,0,-0.0407,-0.0463,0.9981,0,-0.0001,11.6454,-1.4223,1]},
{"frame":11,"values":[0.9979,0.0568,0.0299,0,-0.0575,0.9981,0.0233,0,-0.0286,-0.025,0.9993,0,-0.0001,11.6454,-1.4223,1]},
{"frame":12,"values":[0.9977,0.066,0.0168,0,-0.066,0.9978,0.0024,0,-0.0166,-0.0035,0.9999,0,-0.0001,11.6454,-1.4223,1]},
{"frame":13,"values":[0.9987,0.0503,0.0034,0,-0.0502,0.9986,-0.0183,0,-0.0043,0.0181,0.9998,0,-0.0001,11.6454,-1.4223,1]},
{"frame":14,"values":[0.9994,0.0344,-0.0097,0,-0.0347,0.9986,-0.0393,0,0.0083,0.0396,0.9992,0,-0.0001,11.6454,-1.4223,1]},
{"frame":15,"values":[0.9996,0.0181,-0.0224,0,-0.0194,0.998,-0.0604,0,0.0213,0.0608,0.9979,0,-0.0001,11.6454,-1.4223,1]},
{"frame":16,"values":[0.9992,0.0216,-0.0323,0,-0.0235,0.998,-0.0589,0,0.031,0.0596,0.9977,0,-0.0001,11.6454,-1.4223,1]}],"loopBehavior":1,"name":"anim","property":"_matrix"}},
{"name":"mixamorig:Spine2","index":3,"matrix":[0.9993,0.0194,-0.0323,0,-0.0213,0.9981,-0.0581,0,0.0311,0.0588,0.9978,0,0.0001,13.3602,-1.6265,1],"rest":[1,0,0,0,0,1,0,0,0,0,1,0,0.0001,13.3602,-1.6265,1],"parentBoneIndex":2,"length":12.3444
,"animation":{"dataType":3,"framePerSecond":24,"keys":[
{"frame":1,"values":[0.9993,0.0194,-0.0323,0,-0.0213,0.9981,-0.0581,0,0.0311,0.0588,0.9978,0,0.0001,13.3602,-1.6265,1]},
{"frame":2,"values":[0.9992,0.0154,-0.036,0,-0.0165,0.9995,-0.0283,0,0.0355,0.0289,0.999,0,0.0001,13.3602,-1.6265,1]},
{"frame":3,"values":[0.9993,0.0012,-0.0386,0,-0.0013,1,-0.0024,0,0.0386,0.0025,0.9993,0,0.0001,13.3602,-1.6265,1]},
{"frame":4,"values":[0.9994,-0.0008,-0.0337,0,0.0008,1,-0.001,0,0.0337,0.001,0.9994,0,0.0001,13.3602,-1.6265,1]},
{"frame":5,"values":[0.9995,0.0254,-0.0173,0,-0.0258,0.9994,-0.024,0,0.0167,0.0244,0.9996,0,0.0001,13.3602,-1.6265,1]},
{"frame":6,"values":[0.9983,0.059,0.0001,0,-0.0589,0.9967,-0.0567,0,-0.0035,0.0566,0.9984,0,0.0001,13.3602,-1.6265,1]},
{"frame":7,"values":[0.9969,0.0773,0.0114,0,-0.0767,0.9961,-0.0436,0,-0.0147,0.0426,0.999,0,0.0001,13.3602,-1.6265,1]},
{"frame":8,"values":[0.9972,0.0713,0.0227,0,-0.0716,0.9974,0.0094,0,-0.022,-0.011,0.9997,0,0.0001,13.3602,-1.6265,1]},
{"frame":9,"values":[0.9978,0.0559,0.0344,0,-0.0579,0.9964,0.0623,0,-0.0308,-0.0642,0.9975,0,0.0001,13.3602,-1.6265,1]},
{"frame":10,"values":[0.9982,0.0398,0.0452,0,-0.0448,0.9923,0.1152,0,-0.0403,-0.117,0.9923,0,0.0001,13.3602,-1.6265,1]},
{"frame":11,"values":[0.9982,0.0509,0.0318,0,-0.0533,0.9954,0.0801,0,-0.0276,-0.0817,0.9963,0,0.0001,13.3602,-1.6265,1]},
{"frame":12,"values":[0.9979,0.0615,0.018,0,-0.0622,0.997,0.045,0,-0.0152,-0.046,0.9988,0,0.0001,13.3602,-1.6265,1]},
{"frame":13,"values":[0.9989,0.0476,0.0039,0,-0.0476,0.9988,0.01,0,-0.0034,-0.0101,0.9999,0,0.0001,13.3602,-1.6265,1]},
{"frame":14,"values":[0.9994,0.0332,-0.0097,0,-0.0335,0.9991,-0.0253,0,0.0089,0.0256,0.9996,0,0.0001,13.3602,-1.6265,1]},
{"frame":15,"values":[0.9996,0.0184,-0.0228,0,-0.0197,0.998,-0.0607,0,0.0217,0.0611,0.9979,0,0.0001,13.3602,-1.6265,1]},
{"frame":16,"values":[0.9993,0.0194,-0.0323,0,-0.0213,0.9981,-0.0581,0,0.0311,0.0588,0.9978,0,0.0001,13.3602,-1.6265,1]}],"loopBehavior":1,"name":"anim","property":"_matrix"}},
{"name":"mixamorig:Neck","index":4,"matrix":[0.9976,-0.0565,0.0391,0,0.0533,0.9955,0.0787,0,-0.0433,-0.0764,0.9961,0,0,15.0325,0.7929,1],"rest":[1,0,0,0,0,1,0,0,0,0,1,0,0,15.0325,0.7929,1],"parentBoneIndex":3,"length":10.7895
,"animation":{"dataType":3,"framePerSecond":24,"keys":[
{"frame":1,"values":[0.9976,-0.0565,0.0391,0,0.0533,0.9955,0.0787,0,-0.0433,-0.0764,0.9961,0,0,15.0325,0.7929,1]},
{"frame":2,"values":[0.9972,-0.0534,0.0514,0,0.048,0.9936,0.1021,0,-0.0565,-0.0994,0.9934,0,0,15.0325,0.7929,1]},
{"frame":3,"values":[0.997,-0.0498,0.0599,0,0.0451,0.9959,0.0782,0,-0.0635,-0.0753,0.9951,0,0,15.0325,0.7929,1]},
{"frame":4,"values":[0.9961,-0.0664,0.0582,0,0.0636,0.9968,0.0493,0,-0.0613,-0.0454,0.9971,0,0,15.0325,0.7929,1]},
{"frame":5,"values":[0.9947,-0.0928,0.0433,0,0.0906,0.9947,0.0485,0,-0.0476,-0.0444,0.9979,0,0,15.0325,0.7929,1]},
{"frame":6,"values":[0.9952,-0.0939,0.0284,0,0.0922,0.9942,0.0553,0,-0.0334,-0.0524,0.9981,0,0,15.0325,0.7929,1]},
{"frame":7,"values":[0.9979,-0.0636,0.0139,0,0.0631,0.9973,0.037,0,-0.0162,-0.0361,0.9992,0,0,15.0325,0.7929,1]},
{"frame":8,"values":[0.9995,-0.0315,-0.0007,0,0.0315,0.9995,0.0079,0,0.0004,-0.008,1,0,0,15.0325,0.7929,1]},
{"frame":9,"values":[0.9997,-0.0208,-0.0153,0,0.0208,0.9998,-0.0003,0,0.0153,0,0.9999,0,0,15.0325,0.7929,1]},
{"frame":10,"values":[0.9993,-0.0223,-0.0298,0,0.0221,0.9997,-0.0086,0,0.03,0.0079,0.9995,0,0,15.0325,0.7929,1]},
{"frame":11,"values":[0.9996,-0.0206,-0.019,0,0.0203,0.9997,-0.0169,0,0.0194,0.0165,0.9997,0,0,15.0325,0.7929,1]},
{"frame":12,"values":[0.9998,-0.0188,-0.0082,0,0.0186,0.9995,-0.0251,0,0.0087,0.025,0.9997,0,0,15.0325,0.7929,1]},
{"frame":13,"values":[0.9995,-0.0307,0.0026,0,0.0308,0.999,-0.0334,0,-0.0015,0.0335,0.9994,0,0,15.0325,0.7929,1]},
{"frame":14,"values":[0.999,-0.0425,0.0135,0,0.0426,0.9991,-0.0069,0,-0.0132,0.0074,0.9999,0,0,15.0325,0.7929,1]},
{"frame":15,"values":[0.9982,-0.0545,0.0241,0,0.054,0.9983,0.0198,0,-0.0252,-0.0184,0.9995,0,0,15.0325,0.7929,1]},
{"frame":16,"values":[0.9976,-0.0565,0.0391,0,0.0533,0.9955,0.0787,0,-0.0433,-0.0764,0.9961,0,0,15.0325,0.7929,1]}],"loopBehavior":1,"name":"anim","property":"_matrix"}},
{"name":"mixamorig:Head","index":5,"matrix":[0.9932,0.0347,0.1108,0,0.0049,0.9411,-0.3382,0,-0.116,0.3365,0.9345,0,0,10.3218,3.1424,1],"rest":[1,0,0,0,0,1,0,0,0,0,1,0,0,10.3218,3.1424,1],"parentBoneIndex":4,"length":14.7322
,"animation":{"dataType":3,"framePerSecond":24,"keys":[
{"frame":1,"values":[0.9932,0.0347,0.1108,0,0.0049,0.9411,-0.3382,0,-0.116,0.3365,0.9345,0,0,10.3218,3.1424,1]},
{"frame":2,"values":[0.9828,0.0489,0.1782,0,0.0066,0.9544,-0.2983,0,-0.1847,0.2944,0.9377,0,0,10.3218,3.1424,1]},
{"frame":3,"values":[0.9754,0.0538,0.2138,0,0.0074,0.9611,-0.2759,0,-0.2204,0.2707,0.9371,0,0,10.3218,3.1424,1]},
{"frame":4,"values":[0.9766,0.0633,0.2055,0,-0.0011,0.9571,-0.2897,0,-0.215,0.2827,0.9348,0,0,10.3218,3.1424,1]},
{"frame":5,"values":[0.984,0.0692,0.164,0,-0.0112,0.9435,-0.3311,0,-0.1776,0.324,0.9292,0,0,10.3218,3.1424,1]},
{"frame":6,"values":[0.9929,0.0631,0.101,0,-0.0203,0.9253,-0.3787,0,-0.1173,0.3739,0.92,0,0,10.3218,3.1424,1]},
{"frame":7,"values":[0.9987,0.0384,0.0321,0,-0.0227,0.9193,-0.393,0,-0.0446,0.3918,0.919,0,0,10.3218,3.1424,1]},
{"frame":8,"values":[0.9993,0.0105,-0.0357,0,-0.0224,0.9361,-0.3509,0,0.0297,0.3515,0.9357,0,0,10.3218,3.1424,1]},
{"frame":9,"values":[0.9944,-0.0143,-0.1047,0,-0.0187,0.9511,-0.3083,0,0.104,0.3085,0.9455,0,0,10.3218,3.1424,1]},
{"frame":10,"values":[0.9841,-0.036,-0.174,0,-0.0117,0.9641,-0.2654,0,0.1773,0.2633,0.9483,0,0,10.3218,3.1424,1]},
{"frame":11,"values":[0.9894,-0.0614,-0.1317,0,0.0217,0.9587,-0.2835,0,0.1437,0.2776,0.9499,0,0,10.3218,3.1424,1]},
{"frame":12,"values":[0.9923,-0.0861,-0.0887,0,0.0558,0.9523,-0.3,0,0.1103,0.2927,0.9498,0,0,10.3218,3.1424,1]},
{"frame":13,"values":[0.9973,-0.0583,-0.0454,0,0.0411,0.9481,-0.3154,0,0.0614,0.3126,0.9479,0,0,10.3218,3.1424,1]},
{"frame":14,"values":[0.9996,-0.0296,-0.0023,0,0.0272,0.9431,-0.3313,0,0.012,0.3311,0.9435,0,0,10.3218,3.1424,1]},
{"frame":15,"values":[0.9992,-0.0001,0.0402,0,0.0141,0.9375,-0.3477,0,-0.0376,0.348,0.9368,0,0,10.3218,3.1424,1]},
{"frame":16,"values":[0.9932,0.0347,0.1108,0,0.0049,0.9411,-0.3382,0,-0.116,0.3365,0.9345,0,0,10.3218,3.1424,1]}],"loopBehavior":1,"name":"anim","property":"_matrix"}},
{"name":"mixamorig:HeadTop_End","index":6,"matrix":[1,0,0,0,0,1,0,0,0,0,1,0,0.0002,18.4747,6.6364,1],"rest":[1,0,0,0,0,1,0,0,0,0,1,0,0.0002,18.4747,6.6364,1],"parentBoneIndex":5,"length":14.7322
,"animation":{"dataType":3,"framePerSecond":24,"keys":[
{"frame":1,"values":[1,0,0,0,0,1,0,0,0,0,1,0,0.0002,18.4747,6.6364,1]},
{"frame":16,"values":[1,0,0,0,0,1,0,0,0,0,1,0,0.0002,18.4747,6.6364,1]}],"loopBehavior":1,"name":"anim","property":"_matrix"}},
{"name":"mixamorig:LeftEye","index":7,"matrix":[1,0,0,0,0,1,0,0,0,0,1,0,2.9479,7.6817,9.1207,1],"rest":[1,0,0,0,0,1,0,0,0,0,1,0,2.9479,7.6817,9.1207,1],"parentBoneIndex":5,"length":14.7322
,"animation":{"dataType":3,"framePerSecond":24,"keys":[
{"frame":1,"values":[1,0,0,0,0,1,0,0,0,0,1,0,2.9479,7.6817,9.1207,1]},
{"frame":16,"values":[1,0,0,0,0,1,0,0,0,0,1,0,2.9479,7.6817,9.1207,1]}],"loopBehavior":1,"name":"anim","property":"_matrix"}},
{"name":"mixamorig:RightEye","index":8,"matrix":[1,0,0,0,0,1,0,0,0,0,1,0,-2.9445,7.6817,9.1205,1],"rest":[1,0,0,0,0,1,0,0,0,0,1,0,-2.9445,7.6817,9.1205,1],"parentBoneIndex":5,"length":14.7322
,"animation":{"dataType":3,"framePerSecond":24,"keys":[
{"frame":1,"values":[1,0,0,0,0,1,0,0,0,0,1,0,-2.9445,7.6817,9.1205,1]},
{"frame":16,"values":[1,0,0,0,0,1,0,0,0,0,1,0,-2.9445,7.6817,9.1205,1]}],"loopBehavior":1,"name":"anim","property":"_matrix"}},
{"name":"mixamorig:LeftShoulder","index":9,"matrix":[0.9868,-0.0778,0.1418,0,0.0704,0.9959,0.0562,0,-0.1456,-0.0455,0.9883,0,6.1058,9.1104,0.7056,1],"rest":[1,0,0,0,0,1,0,0,0,0,1,0,6.1058,9.1104,0.7056,1],"parentBoneIndex":3,"length":12.9222
,"animation":{"dataType":3,"framePerSecond":24,"keys":[
{"frame":1,"values":[0.9868,-0.0778,0.1418,0,0.0704,0.9959,0.0562,0,-0.1456,-0.0455,0.9883,0,6.1058,9.1104,0.7056,1]},
{"frame":2,"values":[0.9888,-0.0572,0.1378,0,0.0505,0.9974,0.0513,0,-0.1404,-0.0438,0.9891,0,6.1058,9.1104,0.7056,1]},
{"frame":3,"values":[0.9886,-0.0559,0.1398,0,0.0491,0.9975,0.0516,0,-0.1424,-0.0442,0.9888,0,6.1058,9.1104,0.7056,1]},
{"frame":4,"values":[0.98,-0.1156,0.1621,0,0.1054,0.992,0.07,0,-0.1689,-0.0515,0.9843,0,6.1058,9.1104,0.7056,1]},
{"frame":5,"values":[0.9671,-0.1711,0.1884,0,0.1561,0.9835,0.0918,0,-0.201,-0.0594,0.9778,0,6.1058,9.1104,0.7056,1]},
{"frame":6,"values":[0.9639,-0.1821,0.1942,0,0.1659,0.9814,0.097,0,-0.2083,-0.0613,0.9762,0,6.1058,9.1104,0.7056,1]},
{"frame":7,"values":[0.9802,-0.1373,0.143,0,0.1285,0.9893,0.0686,0,-0.1509,-0.0489,0.9873,0,6.1058,9.1104,0.7056,1]},
{"frame":8,"values":[0.9949,-0.0676,0.0743,0,0.065,0.9972,0.0365,0,-0.0766,-0.0315,0.9966,0,6.1058,9.1104,0.7056,1]},
{"frame":9,"values":[0.9993,-0.0228,0.0282,0,0.022,0.9993,0.0288,0,-0.0289,-0.0282,0.9992,0,6.1058,9.1104,0.7056,1]},
{"frame":10,"values":[0.9989,-0.036,0.0289,0,0.0354,0.9992,0.021,0,-0.0296,-0.02,0.9994,0,6.1058,9.1104,0.7056,1]},
{"frame":11,"values":[0.9968,-0.0492,0.0622,0,0.0472,0.9983,0.0328,0,-0.0637,-0.0298,0.9975,0,6.1058,9.1104,0.7056,1]},
{"frame":12,"values":[0.9928,-0.0748,0.0938,0,0.0709,0.9965,0.0441,0,-0.0968,-0.0371,0.9946,0,6.1058,9.1104,0.7056,1]},
{"frame":13,"values":[0.9871,-0.1005,0.125,0,0.0941,0.994,0.0561,0,-0.1299,-0.0436,0.9906,0,6.1058,9.1104,0.7056,1]},
{"frame":14,"values":[0.9823,-0.1035,0.1562,0,0.0951,0.9936,0.0607,0,-0.1615,-0.0447,0.9859,0,6.1058,9.1104,0.7056,1]},
{"frame":15,"values":[0.9825,-0.107,0.1524,0,0.098,0.993,0.0655,0,-0.1583,-0.0494,0.9861,0,6.1058,9.1104,0.7056,1]},
{"frame":16,"values":[0.9868,-0.0778,0.1418,0,0.0704,0.9959,0.0562,0,-0.1456,-0.0455,0.9883,0,6.1058,9.1104,0.7056,1]}],"loopBehavior":1,"name":"anim","property":"_matrix"}},
{"name":"mixamorig:LeftArm","index":10,"matrix":[0.43,-0.4031,-0.8078,0,0.9005,0.2555,0.3519,0,0.0646,-0.8788,0.4728,0,12.655,-0.2659,-2.6009,1],"rest":[1,0,0,0,0,1,0,0,0,0,1,0,12.655,-0.2659,-2.6009,1],"parentBoneIndex":9,"length":27.4047
,"animation":{"dataType":3,"framePerSecond":24,"keys":[
{"frame":1,"values":[0.43,-0.4031,-0.8078,0,0.9005,0.2555,0.3519,0,0.0646,-0.8788,0.4728,0,12.655,-0.2659,-2.6009,1]},
{"frame":2,"values":[0.4253,-0.2621,-0.8663,0,0.8917,0.2853,0.3515,0,0.155,-0.9219,0.3551,0,12.655,-0.2659,-2.6009,1]},
{"frame":3,"values":[0.3879,-0.32,-0.8644,0,0.9007,0.3307,0.2817,0,0.1957,-0.8878,0.4165,0,12.655,-0.2659,-2.6009,1]},
{"frame":4,"values":[0.3583,-0.5136,-0.7796,0,0.91,0.3788,0.1686,0,0.2087,-0.7698,0.6031,0,12.655,-0.2659,-2.6009,1]},
{"frame":5,"values":[0.3725,-0.696,-0.6139,0,0.9132,0.3926,0.1089,0,0.1652,-0.6012,0.7818,0,12.655,-0.2659,-2.6009,1]},
{"frame":6,"values":[0.4523,-0.8338,-0.3164,0,0.891,0.4379,0.1199,0,0.0386,-0.3362,0.941,0,12.655,-0.2659,-2.6009,1]},
{"frame":7,"values":[0.4891,-0.8574,0.16,0,0.8631,0.5023,0.053,0,-0.1258,0.1122,0.9857,0,12.655,-0.2659,-2.6009,1]},
{"frame":8,"values":[0.5008,-0.6829,0.5317,0,0.8439,0.5217,-0.1249,0,-0.1921,0.5113,0.8377,0,12.655,-0.2659,-2.6009,1]},
{"frame":9,"values":[0.568,-0.5147,0.6422,0,0.7882,0.5646,-0.2447,0,-0.2367,0.6452,0.7264,0,12.655,-0.2659,-2.6009,1]},
{"frame":10,"values":[0.602,-0.4944,0.627,0,0.7354,0.6493,-0.1941,0,-0.3111,0.5779,0.7545,0,12.655,-0.2659,-2.6009,1]},
{"frame":11,"values":[0.5725,-0.6815,0.4558,0,0.757,0.6529,0.0255,0,-0.315,0.3305,0.8897,0,12.655,-0.2659,-2.6009,1]},
{"frame":12,"values":[0.4901,-0.8656,0.1029,0,0.8334,0.4999,0.2355,0,-0.2553,-0.0296,0.9664,0,12.655,-0.2659,-2.6009,1]},
{"frame":13,"values":[0.4242,-0.8745,-0.2352,0,0.8923,0.3594,0.2732,0,-0.1544,-0.3258,0.9328,0,12.655,-0.2659,-2.6009,1]},
{"frame":14,"values":[0.4169,-0.7728,-0.4784,0,0.9089,0.349,0.2284,0,-0.0095,-0.53,0.8479,0,12.655,-0.2659,-2.6009,1]},
{"frame":15,"values":[0.3817,-0.64,-0.6669,0,0.9243,0.2637,0.276,0,-0.0008,-0.7218,0.6921,0,12.655,-0.2659,-2.6009,1]},
{"frame":16,"values":[0.43,-0.4031,-0.8078,0,0.9005,0.2555,0.3519,0,0.0646,-0.8788,0.4728,0,12.655,-0.2659,-2.6009,1]}],"loopBehavior":1,"name":"anim","property":"_matrix"}},
{"name":"mixamorig:LeftForeArm","index":11,"matrix":[0.3024,0,0.9532,0,0,1,0,0,-0.9532,0,0.3024,0,27.4047,0,0,1],"rest":[1,0,0,0,0,1,0,0,0,0,1,0,27.4047,0,0,1],"parentBoneIndex":10,"length":27.6145
,"animation":{"dataType":3,"framePerSecond":24,"keys":[
{"frame":1,"values":[0.3024,0,0.9532,0,0,1,0,0,-0.9532,0,0.3024,0,27.4047,0,0,1]},
{"frame":2,"values":[0.1338,0,0.991,0,0,1,0,0,-0.991,0,0.1338,0,27.4047,0,0,1]},
{"frame":3,"values":[0.1789,0,0.9839,0,0,1,0,0,-0.9839,0,0.1789,0,27.4047,0,0,1]},
{"frame":4,"values":[0.2377,0,0.9713,0,0,1,0,0,-0.9713,0,0.2377,0,27.4047,0,0,1]},
{"frame":5,"values":[0.1291,0,0.9916,0,0,1,0,0,-0.9916,0,0.1291,0,27.4047,0,0,1]},
{"frame":6,"values":[-0.1245,0,0.9922,0,0,1,0,0,-0.9922,0,-0.1245,0,27.4047,0,0,1]},
{"frame":7,"values":[-0.2492,0,0.9684,0,0,1,0,0,-0.9684,0,-0.2492,0,27.4047,0,0,1]},
{"frame":8,"values":[-0.1851,0,0.9827,0,0,1,0,0,-0.9827,0,-0.1851,0,27.4047,0,0,1]},
{"frame":9,"values":[-0.2516,0,0.9678,0,0,1,0,0,-0.9678,0,-0.2516,0,27.4047,0,0,1]},
{"frame":10,"values":[-0.4246,0,0.9054,0,0,1,0,0,-0.9054,0,-0.4246,0,27.4047,0,0,1]},
{"frame":11,"values":[-0.4535,0,0.8913,0,0,1,0,0,-0.8913,0,-0.4535,0,27.4047,0,0,1]},
{"frame":12,"values":[-0.3214,0,0.9469,0,0,1,0,0,-0.9469,0,-0.3214,0,27.4047,0,0,1]},
{"frame":13,"values":[-0.0374,0,0.9993,0,0,1,0,0,-0.9993,0,-0.0374,0,27.4047,0,0,1]},
{"frame":14,"values":[0.3078,0,0.9515,0,0,1,0,0,-0.9515,0,0.3078,0,27.4047,0,0,1]},
{"frame":15,"values":[0.4572,0,0.8894,0,0,1,0,0,-0.8894,0,0.4572,0,27.4047,0,0,1]},
{"frame":16,"values":[0.3024,0,0.9532,0,0,1,0,0,-0.9532,0,0.3024,0,27.4047,0,0,1]}],"loopBehavior":1,"name":"anim","property":"_matrix"}},
{"name":"mixamorig:LeftHand","index":12,"matrix":[0.9971,-0.0416,-0.063,0,0.0307,0.9858,-0.1651,0,0.069,0.1627,0.9843,0,27.6145,0,0,1],"rest":[1,0,0,0,0,1,0.0001,0,0,-0.0001,1,0,27.6145,0,0,1],"parentBoneIndex":11,"length":10.9801
,"animation":{"dataType":3,"framePerSecond":24,"keys":[
{"frame":1,"values":[0.9971,-0.0416,-0.063,0,0.0307,0.9858,-0.1651,0,0.069,0.1627,0.9843,0,27.6145,0,0,1]},
{"frame":2,"values":[0.9867,-0.089,-0.1359,0,0.0516,0.9648,-0.2577,0,0.1541,0.2473,0.9566,0,27.6145,0,0,1]},
{"frame":3,"values":[0.9944,-0.0049,-0.1057,0,-0.0275,0.9526,-0.3029,0,0.1022,0.3041,0.9471,0,27.6145,0,0,1]},
{"frame":4,"values":[0.985,0.1725,-0.0062,0,-0.1618,0.9104,-0.3807,0,-0.06,0.376,0.9247,0,27.6145,0,0,1]},
{"frame":5,"values":[0.9676,0.236,-0.0903,0,-0.2514,0.8634,-0.4375,0,-0.0253,0.446,0.8947,0,27.6145,0,0,1]},
{"frame":6,"values":[0.9614,0.1814,-0.2071,0,-0.2248,0.9515,-0.2102,0,0.1589,0.2486,0.9555,0,27.6145,0,0,1]},
{"frame":7,"values":[0.9864,0.1103,-0.1219,0,-0.1006,0.9915,0.083,0,0.13,-0.0696,0.9891,0,27.6145,0,0,1]},
{"frame":8,"values":[0.9967,0.0744,0.033,0,-0.0758,0.9961,0.0444,0,-0.0295,-0.0467,0.9985,0,27.6145,0,0,1]},
{"frame":9,"values":[0.9915,0.0975,-0.0858,0,-0.1125,0.975,-0.1914,0,0.065,0.1995,0.9777,0,27.6145,0,0,1]},
{"frame":10,"values":[0.9231,0.1335,-0.3608,0,-0.2431,0.9293,-0.2781,0,0.2981,0.3444,0.8902,0,27.6145,0,0,1]},
{"frame":11,"values":[0.9145,0.1401,-0.3796,0,-0.2267,0.9545,-0.1937,0,0.3352,0.2632,0.9047,0,27.6145,0,0,1]},
{"frame":12,"values":[0.9866,0.0743,-0.145,0,-0.0875,0.9924,-0.0869,0,0.1375,0.0984,0.9856,0,27.6145,0,0,1]},
{"frame":13,"values":[0.997,0.0337,0.0691,0,-0.0292,0.9974,-0.0652,0,-0.0711,0.063,0.9955,0,27.6145,0,0,1]},
{"frame":14,"values":[0.9983,-0.0075,0.0572,0,0.0123,0.9964,-0.084,0,-0.0563,0.0846,0.9948,0,27.6145,0,0,1]},
{"frame":15,"values":[0.9988,0.02,0.0453,0,-0.0153,0.9946,-0.1028,0,-0.0471,0.102,0.9937,0,27.6145,0,0,1]},
{"frame":16,"values":[0.9971,-0.0416,-0.063,0,0.0307,0.9858,-0.1651,0,0.069,0.1627,0.9843,0,27.6145,0,0,1]}],"loopBehavior":1,"name":"anim","property":"_matrix"}},
{"name":"mixamorig:LeftHandMiddle1","index":13,"matrix":[0.9946,-0.1033,-0.0125,0,0.1033,0.9946,-0.0001,0,0.0124,-0.0012,0.9999,0,12.7755,0,0,1],"rest":[1,0,0,0,0,1,0,0,0,0,1,0,12.7755,0,0,1],"parentBoneIndex":12,"length":3.614
,"animation":{"dataType":3,"framePerSecond":24,"keys":[
{"frame":1,"values":[0.9946,-0.1033,-0.0125,0,0.1033,0.9946,-0.0006,0,0.0125,-0.0006,0.9999,0,12.7755,0,0,1]},
{"frame":2,"values":[0.9932,-0.1157,-0.014,0,0.1157,0.9933,-0.0006,0,0.0139,-0.001,0.9999,0,12.7755,0,0,1]},
{"frame":3,"values":[0.9941,-0.1076,-0.013,0,0.1076,0.9942,-0.0005,0,0.013,-0.0009,0.9999,0,12.7755,0,0,1]},
{"frame":4,"values":[0.9985,-0.055,-0.0066,0,0.055,0.9985,-0.0004,0,0.0067,0.0001,1,0,12.7755,0,0,1]},
{"frame":5,"values":[0.9993,-0.0371,-0.0064,0,0.0371,0.9993,-0.0004,0,0.0064,0.0001,1,0,12.7755,0,0,1]},
{"frame":6,"values":[0.9987,-0.0506,-0.0061,0,0.0506,0.9987,-0.0003,0,0.0061,0,1,0,12.7755,0,0,1]},
{"frame":7,"values":[0.9989,-0.0462,-0.0056,0,0.0462,0.9989,-0.0002,0,0.0056,0,1,0,12.7755,0,0,1]},
{"frame":8,"values":[0.9991,-0.0417,-0.005,0,0.0417,0.9991,-0.0001,0,0.005,-0.0001,1,0,12.7755,0,0,1]},
{"frame":9,"values":[0.9993,-0.0372,-0.0045,0,0.0372,0.9993,-0.0001,0,0.0045,-0.0001,1,0,12.7755,0,0,1]},
{"frame":10,"values":[0.9995,-0.0328,-0.004,0,0.0328,0.9995,-0.0001,0,0.004,-0.0001,1,0,12.7755,0,0,1]},
{"frame":11,"values":[0.9993,-0.0363,-0.0044,0,0.0363,0.9993,-0.0001,0,0.0044,-0.0001,1,0,12.7755,0,0,1]},
{"frame":12,"values":[0.9992,-0.0398,-0.0048,0,0.0398,0.9992,-0.0001,0,0.0048,-0.0001,1,0,12.7755,0,0,1]},
{"frame":13,"values":[0.999,-0.0433,-0.0052,0,0.0433,0.9991,-0.0001,0,0.0052,-0.0002,1,0,12.7755,0,0,1]},
{"frame":14,"values":[0.9989,-0.0469,-0.0057,0,0.0469,0.9989,-0.0001,0,0.0057,-0.0002,1,0,12.7755,0,0,1]},
{"frame":15,"values":[0.9987,-0.0504,-0.0061,0,0.0504,0.9987,-0.0001,0,0.0061,-0.0002,1,0,12.7755,0,0,1]},
{"frame":16,"values":[0.9946,-0.1033,-0.0125,0,0.1033,0.9946,-0.0001,0,0.0124,-0.0012,0.9999,0,12.7755,0,0,1]}],"loopBehavior":1,"name":"anim","property":"_matrix"}},
{"name":"mixamorig:LeftHandMiddle2","index":14,"matrix":[0.9769,-0.212,-0.0256,0,0.212,0.9773,-0.0012,0,0.0253,-0.0042,0.9997,0,3.614,0,0,1],"rest":[1,0,0,0,0,1,0,0,0,0,1,0,3.614,0,0,1],"parentBoneIndex":13,"length":3.4598
,"animation":{"dataType":3,"framePerSecond":24,"keys":[
{"frame":1,"values":[0.9769,-0.212,-0.0256,0,0.212,0.9773,-0.0027,0,0.0256,-0.0027,0.9997,0,3.614,0,0,1]},
{"frame":2,"values":[0.9742,-0.2242,-0.0258,0,0.2242,0.9745,-0.0025,0,0.0257,-0.0033,0.9997,0,3.614,0,0,1]},
{"frame":3,"values":[0.976,-0.2162,-0.0261,0,0.2162,0.9763,-0.0023,0,0.026,-0.0034,0.9997,0,3.614,0,0,1]},
{"frame":4,"values":[0.986,-0.1648,-0.0237,0,0.1648,0.9863,-0.0021,0,0.0237,-0.0018,0.9997,0,3.614,0,0,1]},
{"frame":5,"values":[0.9892,-0.1449,-0.0213,0,0.1449,0.9894,-0.0019,0,0.0213,-0.0012,0.9998,0,3.614,0,0,1]},
{"frame":6,"values":[0.9875,-0.1563,-0.0189,0,0.1563,0.9877,-0.0017,0,0.0189,-0.0013,0.9998,0,3.614,0,0,1]},
{"frame":7,"values":[0.9897,-0.1424,-0.0172,0,0.1424,0.9898,-0.0014,0,0.0172,-0.001,0.9999,0,3.614,0,0,1]},
{"frame":8,"values":[0.9897,-0.1424,-0.0172,0,0.1424,0.9898,-0.0012,0,0.0172,-0.0012,0.9999,0,3.614,0,0,1]},
{"frame":14,"values":[0.9884,-0.1512,-0.0172,0,0.1512,0.9885,-0.0012,0,0.0172,-0.0014,0.9999,0,3.614,0,0,1]},
{"frame":15,"values":[0.9869,-0.1599,-0.0193,0,0.1599,0.9871,-0.0012,0,0.0192,-0.0019,0.9998,0,3.614,0,0,1]},
{"frame":16,"values":[0.9769,-0.212,-0.0256,0,0.212,0.9773,-0.0012,0,0.0253,-0.0042,0.9997,0,3.614,0,0,1]}],"loopBehavior":1,"name":"anim","property":"_matrix"}},
{"name":"mixamorig:LeftHandMiddle3","index":15,"matrix":[0.9986,-0.0519,-0.0063,0,0.0519,0.9987,0,0,0.0062,-0.0003,1,0,3.4598,0,0,1],"rest":[1,0,0,0,0,1,0,0,0,0,1,0,3.4598,0,0,1],"parentBoneIndex":14,"length":3.6802
,"animation":{"dataType":3,"framePerSecond":24,"keys":[
{"frame":1,"values":[0.9986,-0.0519,-0.0063,0,0.0519,0.9987,-0.0002,0,0.0063,-0.0002,1,0,3.4598,0,0,1]},
{"frame":2,"values":[0.9983,-0.0581,-0.0055,0,0.0581,0.9983,-0.0001,0,0.0055,-0.0002,1,0,3.4598,0,0,1]},
{"frame":3,"values":[0.9985,-0.054,-0.0048,0,0.054,0.9985,-0.0001,0,0.0048,-0.0001,1,0,3.4598,0,0,1]},
{"frame":4,"values":[0.9996,-0.0279,-0.0041,0,0.0279,0.9996,-0.0001,0,0.0041,0,1,0,3.4598,0,0,1]},
{"frame":5,"values":[0.9998,-0.0178,-0.0034,0,0.0178,0.9998,-0.0001,0,0.0034,0,1,0,3.4598,0,0,1]},
{"frame":6,"values":[0.9997,-0.0235,-0.0027,0,0.0235,0.9997,0,0,0.0027,0,1,0,3.4598,0,0,1]},
{"frame":7,"values":[0.9999,-0.0165,-0.002,0,0.0165,0.9999,0,0,0.002,0,1,0,3.4598,0,0,1]},
{"frame":14,"values":[0.9998,-0.0209,-0.0034,0,0.0209,0.9998,0,0,0.0034,-0.0001,1,0,3.4598,0,0,1]},
{"frame":15,"values":[0.9997,-0.0253,-0.0048,0,0.0253,0.9997,0,0,0.0048,-0.0001,1,0,3.4598,0,0,1]},
{"frame":16,"values":[0.9986,-0.0519,-0.0063,0,0.0519,0.9987,0,0,0.0062,-0.0003,1,0,3.4598,0,0,1]}],"loopBehavior":1,"name":"anim","property":"_matrix"}},
{"name":"mixamorig:LeftHandMiddle4","index":16,"matrix":[1,0,0,0,0,1,0,0,0,0,1,0,3.6802,0,0,1],"rest":[1,0,0,0,0,1,0,0,0,0,1,0,3.6802,0,0,1],"parentBoneIndex":15,"length":3.6802
,"animation":{"dataType":3,"framePerSecond":24,"keys":[
{"frame":1,"values":[1,0,0,0,0,1,0,0,0,0,1,0,3.6802,0,0,1]},
{"frame":16,"values":[1,0,0,0,0,1,0,0,0,0,1,0,3.6802,0,0,1]}],"loopBehavior":1,"name":"anim","property":"_matrix"}},
{"name":"mixamorig:LeftHandThumb1","index":17,"matrix":[0.9921,0.1053,-0.0675,0,-0.1069,0.9941,-0.0198,0,0.065,0.0269,0.9975,0,3.7888,-2.167,3.0031,1],"rest":[1,0,0,0,0,1,0,0,0,0,1,0,3.7888,-2.167,3.0031,1],"parentBoneIndex":12,"length":4.7449
,"animation":{"dataType":3,"framePerSecond":24,"keys":[
{"frame":1,"values":[0.9921,0.1053,-0.0675,0,-0.1069,0.9941,-0.0198,0,0.065,0.0268,0.9975,0,3.7888,-2.167,3.0031,1]},
{"frame":2,"values":[0.9931,0.1037,-0.0543,0,-0.105,0.9943,-0.02,0,0.0519,0.0256,0.9983,0,3.7888,-2.167,3.0031,1]},
{"frame":3,"values":[0.9945,0.1007,-0.0294,0,-0.1014,0.9946,-0.0203,0,0.0272,0.0231,0.9994,0,3.7888,-2.167,3.0031,1]},
{"frame":4,"values":[0.9933,0.1101,-0.0349,0,-0.1109,0.9936,-0.0205,0,0.0324,0.0242,0.9992,0,3.7888,-2.167,3.0031,1]},
{"frame":5,"values":[0.9911,0.1194,-0.0591,0,-0.1208,0.9925,-0.0207,0,0.0562,0.0277,0.998,0,3.7888,-2.167,3.0031,1]},
{"frame":6,"values":[0.981,0.1732,-0.0878,0,-0.1767,0.9837,-0.034,0,0.0805,0.0489,0.9956,0,3.7888,-2.167,3.0031,1]},
{"frame":7,"values":[0.9615,0.2371,-0.139,0,-0.2455,0.9682,-0.0471,0,0.1234,0.0794,0.9892,0,3.7888,-2.167,3.0031,1]},
{"frame":8,"values":[0.9369,0.2922,-0.192,0,-0.3083,0.9494,-0.0599,0,0.1648,0.1153,0.9796,0,3.7888,-2.167,3.0031,1]},
{"frame":9,"values":[0.9172,0.3262,-0.229,0,-0.3502,0.9339,-0.0724,0,0.1902,0.1466,0.9707,0,3.7888,-2.167,3.0031,1]},
{"frame":10,"values":[0.9121,0.3351,-0.2362,0,-0.363,0.9279,-0.0853,0,0.1906,0.1636,0.9679,0,3.7888,-2.167,3.0031,1]},
{"frame":11,"values":[0.9207,0.3232,-0.2189,0,-0.3453,0.9359,-0.0703,0,0.1822,0.1403,0.9732,0,3.7888,-2.167,3.0031,1]},
{"frame":12,"values":[0.938,0.291,-0.1883,0,-0.306,0.9504,-0.0552,0,0.1629,0.1094,0.9806,0,3.7888,-2.167,3.0031,1]},
{"frame":13,"values":[0.9657,0.2199,-0.1384,0,-0.2273,0.973,-0.04,0,0.1259,0.0701,0.9896,0,3.7888,-2.167,3.0031,1]},
{"frame":14,"values":[0.9862,0.1301,-0.1028,0,-0.1338,0.9905,-0.03,0,0.0979,0.0433,0.9943,0,3.7888,-2.167,3.0031,1]},
{"frame":15,"values":[0.9922,0.1053,-0.067,0,-0.1068,0.9941,-0.0198,0,0.0645,0.0268,0.9976,0,3.7888,-2.167,3.0031,1]},
{"frame":16,"values":[0.9921,0.1053,-0.0675,0,-0.1069,0.9941,-0.0198,0,0.065,0.0269,0.9975,0,3.7888,-2.167,3.0031,1]}],"loopBehavior":1,"name":"anim","property":"_matrix"}},
{"name":"mixamorig:LeftHandThumb2","index":18,"matrix":[0.9902,0.0226,-0.138,0,-0.013,0.9974,0.0706,0,0.1392,-0.0681,0.9879,0,3.6754,-2.122,2.122,1],"rest":[1,0,0,0,0,1,0,0,0,0,1,0,3.6754,-2.122,2.122,1],"parentBoneIndex":17,"length":4.3821
,"animation":{"dataType":3,"framePerSecond":24,"keys":[
{"frame":1,"values":[0.9902,0.0226,-0.138,0,-0.013,0.9974,0.0706,0,0.1392,-0.0681,0.9879,0,3.6754,-2.122,2.122,1]},
{"frame":2,"values":[0.9927,0.0196,-0.1193,0,-0.0115,0.9976,0.0685,0,0.1203,-0.0666,0.9905,0,3.6754,-2.122,2.122,1]},
{"frame":3,"values":[0.9964,0.014,-0.084,0,-0.0082,0.9976,0.0691,0,0.0848,-0.0682,0.9941,0,3.6754,-2.122,2.122,1]},
{"frame":4,"values":[0.9957,0.0153,-0.0918,0,-0.0089,0.9975,0.0695,0,0.0927,-0.0684,0.9933,0,3.6754,-2.122,2.122,1]},
{"frame":5,"values":[0.9915,0.0211,-0.1287,0,-0.0122,0.9975,0.0696,0,0.1298,-0.0674,0.9892,0,3.6754,-2.122,2.122,1]},
{"frame":6,"values":[0.9903,0.0225,-0.1371,0,-0.0129,0.9974,0.0705,0,0.1383,-0.068,0.9881,0,3.6754,-2.122,2.122,1]},
{"frame":9,"values":[0.9858,0.0272,-0.1657,0,-0.0151,0.9972,0.0738,0,0.1673,-0.0702,0.9834,0,3.6754,-2.122,2.122,1]},
{"frame":10,"values":[0.9737,0.0371,-0.2248,0,-0.0194,0.9965,0.0807,0,0.2271,-0.0742,0.971,0,3.6754,-2.122,2.122,1]},
{"frame":11,"values":[0.9836,0.0292,-0.1779,0,-0.016,0.997,0.0752,0,0.1796,-0.0711,0.9812,0,3.6754,-2.122,2.122,1]},
{"frame":12,"values":[0.9902,0.0271,-0.1371,0,-0.0175,0.9974,0.0705,0,0.1386,-0.0674,0.9881,0,3.6754,-2.122,2.122,1]},
{"frame":13,"values":[0.9903,0.0248,-0.1371,0,-0.0152,0.9974,0.0705,0,0.1384,-0.0677,0.9881,0,3.6754,-2.122,2.122,1]},
{"frame":14,"values":[0.9903,0.0225,-0.1372,0,-0.0129,0.9974,0.0705,0,0.1384,-0.068,0.988,0,3.6754,-2.122,2.122,1]},
{"frame":15,"values":[0.9903,0.0225,-0.1373,0,-0.0129,0.9974,0.0705,0,0.1386,-0.0681,0.988,0,3.6754,-2.122,2.122,1]},
{"frame":16,"values":[0.9902,0.0226,-0.138,0,-0.013,0.9974,0.0706,0,0.1392,-0.0681,0.9879,0,3.6754,-2.122,2.122,1]}],"loopBehavior":1,"name":"anim","property":"_matrix"}},
{"name":"mixamorig:LeftHandThumb3","index":19,"matrix":[0.9986,0.044,-0.0283,0,-0.0443,0.999,-0.0088,0,0.0279,0.0101,0.9996,0,3.3944,-1.9597,1.9598,1],"rest":[1,0,0,0,0,1,0,0,0,0,1,0,3.3944,-1.9597,1.9598,1],"parentBoneIndex":18,"length":3.459
,"animation":{"dataType":3,"framePerSecond":24,"keys":[
{"frame":1,"values":[0.9986,0.0441,-0.0283,0,-0.0443,0.999,-0.0088,0,0.0279,0.0101,0.9996,0,3.3944,-1.9597,1.9598,1]},
{"frame":2,"values":[0.9989,0.044,-0.0189,0,-0.0441,0.999,-0.009,0,0.0185,0.0098,0.9998,0,3.3944,-1.9597,1.9598,1]},
{"frame":3,"values":[0.999,0.0438,-0.012,0,-0.044,0.999,-0.0092,0,0.0116,0.0097,0.9999,0,3.3944,-1.9597,1.9598,1]},
{"frame":4,"values":[0.999,0.0437,-0.0051,0,-0.0438,0.999,-0.0093,0,0.0046,0.0096,0.9999,0,3.3944,-1.9597,1.9598,1]},
{"frame":5,"values":[0.9988,0.0436,-0.0236,0,-0.0438,0.999,-0.0095,0,0.0232,0.0105,0.9997,0,3.3944,-1.9597,1.9598,1]},
{"frame":6,"values":[0.9986,0.044,-0.0279,0,-0.0443,0.999,-0.0089,0,0.0275,0.0101,0.9996,0,3.3944,-1.9597,1.9598,1]},
{"frame":7,"values":[0.9986,0.0444,-0.0279,0,-0.0447,0.999,-0.0083,0,0.0275,0.0095,0.9996,0,3.3944,-1.9597,1.9598,1]},
{"frame":8,"values":[0.9986,0.0448,-0.0279,0,-0.0451,0.999,-0.0077,0,0.0275,0.0089,0.9996,0,3.3944,-1.9597,1.9598,1]},
{"frame":9,"values":[0.9981,0.0452,-0.0424,0,-0.0455,0.9989,-0.0071,0,0.0421,0.009,0.9991,0,3.3944,-1.9597,1.9598,1]},
{"frame":10,"values":[0.9963,0.0455,-0.0727,0,-0.0461,0.9989,-0.0065,0,0.0723,0.0098,0.9973,0,3.3944,-1.9597,1.9598,1]},
{"frame":11,"values":[0.9978,0.046,-0.0486,0,-0.0463,0.9989,-0.0059,0,0.0483,0.0081,0.9988,0,3.3944,-1.9597,1.9598,1]},
{"frame":12,"values":[0.9986,0.0455,-0.0279,0,-0.0457,0.9989,-0.0069,0,0.0275,0.0082,0.9996,0,3.3944,-1.9597,1.9598,1]},
{"frame":13,"values":[0.9986,0.045,-0.0279,0,-0.0453,0.9989,-0.0079,0,0.0275,0.0091,0.9996,0,3.3944,-1.9597,1.9598,1]},
{"frame":14,"values":[0.9986,0.0445,-0.0279,0,-0.0448,0.999,-0.0089,0,0.0275,0.0101,0.9996,0,3.3944,-1.9597,1.9598,1]},
{"frame":15,"values":[0.9986,0.044,-0.028,0,-0.0443,0.999,-0.0089,0,0.0276,0.0101,0.9996,0,3.3944,-1.9597,1.9598,1]},
{"frame":16,"values":[0.9986,0.044,-0.0283,0,-0.0443,0.999,-0.0088,0,0.0279,0.0101,0.9996,0,3.3944,-1.9597,1.9598,1]}],"loopBehavior":1,"name":"anim","property":"_matrix"}},
{"name":"mixamorig:LeftHandThumb4","index":20,"matrix":[1,0,0,0,0,1,0,0,0,0,1,0,2.6794,-1.5469,1.5469,1],"rest":[1,0,0,0,0,1,0,0,0,0,1,0,2.6794,-1.5469,1.5469,1],"parentBoneIndex":19,"length":3.459
,"animation":{"dataType":3,"framePerSecond":24,"keys":[
{"frame":1,"values":[1,0,0,0,0,1,0,0,0,0,1,0,2.6794,-1.5469,1.5469,1]},
{"frame":16,"values":[1,0,0,0,0,1,0,0,0,0,1,0,2.6794,-1.5469,1.5469,1]}],"loopBehavior":1,"name":"anim","property":"_matrix"}},
{"name":"mixamorig:LeftHandIndex1","index":21,"matrix":[0.9946,-0.1036,-0.0061,0,0.1036,0.9946,-0.0006,0,0.0061,0,1,0,12.2666,-0.2317,2.8221,1],"rest":[1,0,0,0,0,1,0,0,0,0,1,0,12.2666,-0.2317,2.8221,1],"parentBoneIndex":12,"length":3.892
,"animation":{"dataType":3,"framePerSecond":24,"keys":[
{"frame":1,"values":[0.9945,-0.1036,-0.0125,0,0.1036,0.9946,-0.0006,0,0.0125,-0.0006,0.9999,0,12.2666,-0.2317,2.8221,1]},
{"frame":2,"values":[0.9932,-0.116,-0.0105,0,0.116,0.9932,-0.0005,0,0.0105,-0.0007,0.9999,0,12.2666,-0.2317,2.8221,1]},
{"frame":3,"values":[0.9941,-0.1079,-0.0085,0,0.1079,0.9942,-0.0004,0,0.0085,-0.0006,1,0,12.2666,-0.2317,2.8221,1]},
{"frame":4,"values":[0.9984,-0.0553,-0.0065,0,0.0553,0.9985,-0.0002,0,0.0065,-0.0001,1,0,12.2666,-0.2317,2.8221,1]},
{"frame":5,"values":[0.9993,-0.0373,-0.0045,0,0.0373,0.9993,-0.0001,0,0.0045,-0.0001,1,0,12.2666,-0.2317,2.8221,1]},
{"frame":6,"values":[0.9987,-0.0509,-0.0044,0,0.0509,0.9987,-0.0001,0,0.0044,-0.0001,1,0,12.2666,-0.2317,2.8221,1]},
{"frame":7,"values":[0.9994,-0.033,-0.0043,0,0.033,0.9995,-0.0001,0,0.0043,-0.0001,1,0,12.2666,-0.2317,2.8221,1]},
{"frame":8,"values":[0.9994,-0.033,-0.0042,0,0.033,0.9995,-0.0001,0,0.0042,-0.0001,1,0,12.2666,-0.2317,2.8221,1]},
{"frame":9,"values":[0.9994,-0.033,-0.0041,0,0.033,0.9995,-0.0001,0,0.0041,-0.0001,1,0,12.2666,-0.2317,2.8221,1]},
{"frame":10,"values":[0.9994,-0.033,-0.004,0,0.033,0.9995,-0.0001,0,0.004,-0.0001,1,0,12.2666,-0.2317,2.8221,1]},
{"frame":14,"values":[0.9994,-0.033,-0.005,0,0.033,0.9995,-0.0001,0,0.005,-0.0001,1,0,12.2666,-0.2317,2.8221,1]},
{"frame":15,"values":[0.9987,-0.0507,-0.0061,0,0.0507,0.9987,-0.0004,0,0.0061,0,1,0,12.2666,-0.2317,2.8221,1]},
{"frame":16,"values":[0.9946,-0.1036,-0.0061,0,0.1036,0.9946,-0.0006,0,0.0061,0,1,0,12.2666,-0.2317,2.8221,1]}],"loopBehavior":1,"name":"anim","property":"_matrix"}},
{"name":"mixamorig:LeftHandIndex2","index":22,"matrix":[0.977,-0.2117,-0.0255,0,0.2118,0.9773,-0.0015,0,0.0253,-0.0039,0.9997,0,3.892,0,0,1],"rest":[1,0,0,0,0,1,0,0,0,0,1,0,3.892,0,0,1],"parentBoneIndex":21,"length":3.4152
,"animation":{"dataType":3,"framePerSecond":24,"keys":[
{"frame":1,"values":[0.977,-0.2117,-0.0255,0,0.2117,0.9773,-0.0027,0,0.0255,-0.0027,0.9997,0,3.892,0,0,1]},
{"frame":2,"values":[0.9743,-0.2239,-0.0235,0,0.2239,0.9746,-0.0024,0,0.0235,-0.003,0.9997,0,3.892,0,0,1]},
{"frame":3,"values":[0.9762,-0.216,-0.0215,0,0.216,0.9764,-0.002,0,0.0214,-0.0027,0.9998,0,3.892,0,0,1]},
{"frame":4,"values":[0.9862,-0.1646,-0.0195,0,0.1646,0.9864,-0.0016,0,0.0195,-0.0016,0.9998,0,3.892,0,0,1]},
{"frame":5,"values":[0.9893,-0.1447,-0.0174,0,0.1447,0.9895,-0.0013,0,0.0174,-0.0013,0.9998,0,3.892,0,0,1]},
{"frame":6,"values":[0.9876,-0.156,-0.0176,0,0.1561,0.9877,-0.0013,0,0.0176,-0.0015,0.9998,0,3.892,0,0,1]},
{"frame":7,"values":[0.9897,-0.1422,-0.0178,0,0.1422,0.9898,-0.0013,0,0.0178,-0.0012,0.9998,0,3.892,0,0,1]},
{"frame":8,"values":[0.9897,-0.1422,-0.018,0,0.1422,0.9898,-0.0014,0,0.018,-0.0012,0.9998,0,3.892,0,0,1]},
{"frame":9,"values":[0.9897,-0.1422,-0.0182,0,0.1422,0.9898,-0.0014,0,0.0182,-0.0012,0.9998,0,3.892,0,0,1]},
{"frame":10,"values":[0.9897,-0.1422,-0.0184,0,0.1422,0.9898,-0.0014,0,0.0184,-0.0012,0.9998,0,3.892,0,0,1]},
{"frame":11,"values":[0.9897,-0.1422,-0.0185,0,0.1422,0.9898,-0.0014,0,0.0185,-0.0012,0.9998,0,3.892,0,0,1]},
{"frame":12,"values":[0.9897,-0.1422,-0.0187,0,0.1422,0.9898,-0.0015,0,0.0187,-0.0012,0.9998,0,3.892,0,0,1]},
{"frame":13,"values":[0.9897,-0.1422,-0.0189,0,0.1422,0.9898,-0.0015,0,0.0189,-0.0012,0.9998,0,3.892,0,0,1]},
{"frame":14,"values":[0.9897,-0.1422,-0.0191,0,0.1421,0.9898,-0.0015,0,0.0191,-0.0012,0.9998,0,3.892,0,0,1]},
{"frame":15,"values":[0.987,-0.1596,-0.0193,0,0.1596,0.9872,-0.0015,0,0.0193,-0.0015,0.9998,0,3.892,0,0,1]},
