{"producer":{"name":"Blender","version":"2.90.0","exporter_version":"6.4.4","file":"option_disagree.babylon"},
"autoClear":true,"clearColor":[0.0509,0.0509,0.0509],"gravity":[0,-9.81,0],
"materials":[{"name":"Material","id":"Material","customType":"BABYLON.PBRMaterial","backFaceCulling":true,"checkReadyOnlyOnce":false,"maxSimultaneousLights":4,"environmentIntensity":1,"albedo":[0.8,0.8,0.8],"reflectivity":[0.5,0.5,0.5],"roughness":0.4,"alpha":1,"transparencyMode":0,"alphaCutOff":0.4,"metallic":0}],
"multiMaterials":[],
"skeletons":[{"name":"Armature","id":0,"dimensionsAtRest":[180.6981,191.5439,26.6006],"bones":[
{"name":"mixamorig:Hips","index":0,"matrix":[0.9937,-0.0596,-0.0949,0,0.0655,0.9961,0.0593,0,-0.091,0.0652,-0.9937,0,0.1439,103.399,-1.4228,1],"rest":[1,0,0,0,0,1,0,0,0,0,-1,0,0,103.9915,0,1],"parentBoneIndex":-1,"length":10.5593
,"animation":{"dataType":3,"framePerSecond":24,"keys":[
{"frame":1,"values":[0.9937,-0.0595,-0.0949,0,0.0654,0.9961,0.0594,0,-0.091,0.0652,-0.9937,0,0.1437,103.3994,-1.4228,1]},
{"frame":2,"values":[0.994,-0.0585,-0.0929,0,0.0641,0.9962,0.0591,0,-0.0891,0.0647,-0.9939,0,0.1366,103.3946,-1.519,1]},
{"frame":3,"values":[0.9943,-0.0574,-0.0901,0,0.0629,0.9963,0.0591,0,-0.0864,0.0644,-0.9942,0,0.1223,103.4008,-1.6506,1]},
{"frame":4,"values":[0.9946,-0.0561,-0.0868,0,0.0614,0.9963,0.06,0,-0.0831,0.065,-0.9944,0,0.1013,103.4087,-1.8146,1]},
{"frame":5,"values":[0.9951,-0.0545,-0.0822,0,0.0597,0.9963,0.062,0,-0.0785,0.0666,-0.9947,0,0.0797,103.4081,-1.9922,1]},
{"frame":6,"values":[0.9957,-0.0525,-0.076,0,0.0575,0.9962,0.0648,0,-0.0723,0.0689,-0.995,0,0.0545,103.4071,-2.1732,1]},
{"frame":7,"values":[0.9964,-0.0503,-0.0678,0,0.0549,0.9962,0.068,0,-0.0641,0.0715,-0.9954,0,0.018,103.4162,-2.3596,1]},
{"frame":8,"values":[0.9972,-0.0479,-0.0574,0,0.0519,0.9961,0.0714,0,-0.0537,0.0742,-0.9958,0,-0.0378,103.4273,-2.5541,1]},
{"frame":9,"values":[0.998,-0.0457,-0.0445,0,0.049,0.996,0.0749,0,-0.0409,0.0769,-0.9962,0,-0.1212,103.4351,-2.7604,1]},
{"frame":10,"values":[0.9986,-0.0439,-0.0289,0,0.0461,0.9958,0.0788,0,-0.0253,0.08,-0.9965,0,-0.233,103.4438,-2.9821,1]},
{"frame":11,"values":[0.999,-0.043,-0.0108,0,0.0437,0.9956,0.0829,0,-0.0072,0.0833,-0.9965,0,-0.3752,103.4528,-3.2145,1]},
{"frame":12,"values":[0.999,-0.0439,0.0095,0,0.0429,0.9952,0.0876,0,0.0133,0.0871,-0.9961,0,-0.5489,103.3619,-3.4546,1]},
{"frame":13,"values":[0.9984,-0.0462,0.0314,0,0.0431,0.9947,0.0936,0,0.0355,0.0921,-0.9951,0,-0.7524,103.2371,-3.7031,1]},
{"frame":14,"values":[0.9973,-0.0494,0.055,0,0.0436,0.9939,0.1008,0,0.0597,0.0981,-0.9934,0,-0.9742,103.087,-3.956,1]},
{"frame":15,"values":[0.9953,-0.0535,0.0804,0,0.0446,0.9931,0.1087,0,0.0857,0.1046,-0.9908,0,-1.2099,102.9202,-4.1994,1]},
{"frame":16,"values":[0.9926,-0.0591,0.1063,0,0.0465,0.9921,0.1167,0,0.1124,0.1109,-0.9875,0,-1.4551,102.7407,-4.4171,1]},
{"frame":17,"values":[0.9894,-0.0648,0.1299,0,0.0485,0.991,0.1245,0,0.1368,0.1169,-0.9837,0,-1.7026,102.5499,-4.5869,1]},
{"frame":18,"values":[0.9864,-0.0696,0.1487,0,0.0499,0.99,0.1322,0,0.1564,0.123,-0.98,0,-1.9451,102.3666,-4.6944,1]},
{"frame":19,"values":[0.9839,-0.0736,0.1631,0,0.0508,0.9889,0.1398,0,0.1715,0.1293,-0.9767,0,-2.176,102.2015,-4.7432,1]},
{"frame":20,"values":[0.9814,-0.0774,0.1759,0,0.0516,0.9879,0.1465,0,0.1851,0.1347,-0.9735,0,-2.3872,102.0651,-4.7457,1]},
{"frame":21,"values":[0.9784,-0.0812,0.1904,0,0.0525,0.9871,0.1512,0,0.2002,0.1379,-0.97,0,-2.5752,101.974,-4.7251,1]},
{"frame":22,"values":[0.9741,-0.0855,0.2093,0,0.0538,0.9868,0.1527,0,0.2196,0.1375,-0.9659,0,-2.7435,101.9317,-4.7127,1]},
{"frame":23,"values":[0.9681,-0.0906,0.2334,0,0.0561,0.987,0.1504,0,0.244,0.1325,-0.9607,0,-2.8951,101.9354,-4.731,1]},
{"frame":24,"values":[0.9608,-0.0952,0.2603,0,0.0587,0.9877,0.1449,0,0.2709,0.124,-0.9546,0,-3.0268,101.9178,-4.7722,1]},
{"frame":25,"values":[0.9538,-0.0975,0.2842,0,0.0599,0.9886,0.138,0,0.2944,0.1146,-0.9488,0,-3.1261,101.8755,-4.8184,1]},
{"frame":26,"values":[0.9489,-0.0962,0.3007,0,0.0588,0.9896,0.131,0,0.3102,0.1066,-0.9447,0,-3.1916,101.8996,-4.8489,1]},
{"frame":27,"values":[0.9467,-0.0924,0.3085,0,0.0563,0.9907,0.1239,0,0.3171,0.1,-0.9431,0,-3.2271,102.0003,-4.8531,1]},
{"frame":28,"values":[0.9465,-0.0873,0.3105,0,0.0532,0.9917,0.1168,0,0.3182,0.0941,-0.9434,0,-3.235,102.0774,-4.8356,1]},
{"frame":29,"values":[0.9475,-0.0819,0.3091,0,0.05,0.9927,0.1097,0,0.3158,0.0885,-0.9447,0,-3.225,102.0751,-4.8106,1]},
{"frame":30,"values":[0.9496,-0.0764,0.304,0,0.0471,0.9936,0.1025,0,0.3099,0.0831,-0.9471,0,-3.2053,102.0652,-4.791,1]},
{"frame":31,"values":[0.9528,-0.0705,0.2953,0,0.0441,0.9945,0.0952,0,0.3004,0.0776,-0.9506,0,-3.1792,102.0953,-4.7799,1]},
{"frame":32,"values":[0.957,-0.0638,0.2828,0,0.0404,0.9953,0.0879,0,0.2871,0.0727,-0.9551,0,-3.1512,102.1121,-4.7729,1]},
{"frame":33,"values":[0.9626,-0.0562,0.265,0,0.0357,0.996,0.0816,0,0.2686,0.0691,-0.9608,0,-3.1213,102.1001,-4.7489,1]},
{"frame":34,"values":[0.9696,-0.0485,0.24,0,0.0308,0.9965,0.0771,0,0.2429,0.0673,-0.9677,0,-3.0709,102.1163,-4.6639,1]},
{"frame":35,"values":[0.9774,-0.0417,0.2072,0,0.0269,0.9969,0.074,0,0.2096,0.0667,-0.9755,0,-2.9852,102.2098,-4.4917,1]},
{"frame":36,"values":[0.9845,-0.0363,0.1714,0,0.0244,0.9972,0.0711,0,0.1735,0.0658,-0.9826,0,-2.8762,102.3675,-4.2665,1]},
{"frame":37,"values":[0.9902,-0.0319,0.1363,0,0.0227,0.9974,0.0685,0,0.1381,0.0647,-0.9883,0,-2.7695,102.5434,-4.0438,1]},
{"frame":38,"values":[0.9943,-0.028,0.1025,0,0.0213,0.9976,0.0666,0,0.1041,0.064,-0.9925,0,-2.6751,102.6853,-3.845,1]},
{"frame":39,"values":[0.9972,-0.0242,0.0707,0,0.0195,0.9976,0.0657,0,0.0721,0.0642,-0.9953,0,-2.5851,102.7765,-3.6611,1]},
{"frame":40,"values":[0.9989,-0.0202,0.0412,0,0.0175,0.9977,0.0656,0,0.0424,0.0648,-0.997,0,-2.4887,102.8642,-3.4906,1]},
{"frame":41,"values":[0.9998,-0.0167,0.0144,0,0.0157,0.9977,0.0658,0,0.0155,0.0655,-0.9977,0,-2.3834,102.9787,-3.3376,1]},
{"frame":42,"values":[0.9999,-0.0137,-0.0097,0,0.0144,0.9977,0.0662,0,-0.0088,0.0663,-0.9978,0,-2.2705,103.1088,-3.2038,1]},
{"frame":43,"values":[0.9995,-0.0113,-0.0307,0,0.0133,0.9977,0.0668,0,-0.0299,0.0671,-0.9973,0,-2.1476,103.2373,-3.0906,1]},
{"frame":44,"values":[0.9988,-0.0093,-0.0488,0,0.0126,0.9977,0.0671,0,-0.048,0.0677,-0.9966,0,-2.0114,103.2994,-2.9952,1]},
{"frame":45,"values":[0.9979,-0.008,-0.0637,0,0.0123,0.9977,0.0672,0,-0.063,0.0678,-0.9957,0,-1.8665,103.3353,-2.9129,1]},
{"frame":46,"values":[0.9971,-0.0071,-0.0759,0,0.0122,0.9977,0.0671,0,-0.0752,0.0678,-0.9949,0,-1.7217,103.3785,-2.847,1]},
{"frame":47,"values":[0.9963,-0.0063,-0.0855,0,0.0121,0.9977,0.0667,0,-0.0849,0.0675,-0.9941,0,-1.5824,103.4274,-2.7989,1]},
{"frame":48,"values":[0.9956,-0.006,-0.0937,0,0.0122,0.9977,0.0661,0,-0.0931,0.067,-0.9934,0,-1.4503,103.4643,-2.7599,1]},
{"frame":49,"values":[0.9949,-0.006,-0.101,0,0.0126,0.9978,0.0654,0,-0.1004,0.0663,-0.9927,0,-1.3254,103.4954,-2.7255,1]},
{"frame":50,"values":[0.9942,-0.0063,-0.1077,0,0.0133,0.9978,0.0645,0,-0.107,0.0656,-0.9921,0,-1.2124,103.5283,-2.6921,1]},
{"frame":51,"values":[0.9936,-0.0073,-0.1131,0,0.0146,0.9979,0.0634,0,-0.1124,0.0646,-0.9916,0,-1.1094,103.5423,-2.6462,1]},
{"frame":52,"values":[0.993,-0.0086,-0.1174,0,0.016,0.9979,0.0621,0,-0.1166,0.0635,-0.9911,0,-1.0201,103.5368,-2.577,1]},
{"frame":53,"values":[0.9926,-0.0098,-0.1211,0,0.0173,0.998,0.0611,0,-0.1203,0.0628,-0.9908,0,-0.9518,103.5312,-2.5041,1]},
{"frame":54,"values":[0.9921,-0.0113,-0.1251,0,0.019,0.998,0.0608,0,-0.1241,0.0627,-0.9903,0,-0.8986,103.5185,-2.4531,1]},
{"frame":55,"values":[0.9917,-0.013,-0.1283,0,0.0209,0.9979,0.0606,0,-0.1272,0.0628,-0.9899,0,-0.8467,103.5055,-2.3828,1]},
{"frame":56,"values":[0.9915,-0.015,-0.1295,0,0.023,0.9979,0.0599,0,-0.1284,0.0624,-0.9898,0,-0.8013,103.4987,-2.2524,1]},
{"frame":57,"values":[0.9915,-0.0174,-0.1293,0,0.0253,0.9979,0.059,0,-0.128,0.0618,-0.9898,0,-0.7714,103.4971,-2.1022,1]},
{"frame":58,"values":[0.9915,-0.0202,-0.1282,0,0.0279,0.9979,0.0583,0,-0.1268,0.0614,-0.99,0,-0.7472,103.4966,-1.9683,1]},
{"frame":59,"values":[0.9917,-0.0232,-0.1262,0,0.0307,0.9978,0.058,0,-0.1246,0.0614,-0.9903,0,-0.7194,103.497,-1.849,1]},
{"frame":60,"values":[0.992,-0.0265,-0.1233,0,0.0338,0.9978,0.0576,0,-0.1215,0.0613,-0.9907,0,-0.6833,103.4938,-1.735,1]},
{"frame":61,"values":[0.9923,-0.0299,-0.1202,0,0.0369,0.9977,0.057,0,-0.1182,0.061,-0.9911,0,-0.6398,103.4879,-1.6272,1]},
{"frame":62,"values":[0.9925,-0.0332,-0.1173,0,0.04,0.9976,0.0566,0,-0.1151,0.0609,-0.9915,0,-0.5895,103.4826,-1.5372,1]},
{"frame":63,"values":[0.9928,-0.0363,-0.1143,0,0.043,0.9975,0.0567,0,-0.1119,0.0612,-0.9918,0,-0.5339,103.4775,-1.4698,1]},
{"frame":64,"values":[0.9931,-0.0391,-0.1109,0,0.0456,0.9973,0.0572,0,-0.1084,0.0619,-0.9922,0,-0.4741,103.4727,-1.4225,1]},
{"frame":65,"values":[0.9933,-0.0416,-0.1074,0,0.048,0.9972,0.058,0,-0.1047,0.0628,-0.9925,0,-0.4101,103.4689,-1.3913,1]},
{"frame":66,"values":[0.9936,-0.044,-0.1041,0,0.0503,0.997,0.0588,0,-0.1012,0.0637,-0.9928,0,-0.3428,103.4661,-1.3763,1]},
{"frame":67,"values":[0.9938,-0.0464,-0.1009,0,0.0525,0.9968,0.0594,0,-0.0978,0.0644,-0.9931,0,-0.2753,103.4681,-1.3772,1]},
{"frame":68,"values":[0.994,-0.0485,-0.0978,0,0.0546,0.9967,0.0599,0,-0.0945,0.0649,-0.9934,0,-0.2095,103.4685,-1.3843,1]},
{"frame":69,"values":[0.9942,-0.0505,-0.095,0,0.0564,0.9966,0.0602,0,-0.0916,0.0652,-0.9937,0,-0.1468,103.466,-1.3832,1]},
{"frame":70,"values":[0.9943,-0.0525,-0.0929,0,0.0582,0.9965,0.0601,0,-0.0894,0.0652,-0.9939,0,-0.0886,103.4634,-1.3724,1]},
{"frame":71,"values":[0.9943,-0.0543,-0.0916,0,0.0599,0.9964,0.0599,0,-0.088,0.0651,-0.994,0,-0.0353,103.4609,-1.3627,1]},
{"frame":72,"values":[0.9943,-0.0558,-0.0911,0,0.0614,0.9963,0.0597,0,-0.0874,0.065,-0.9941,0,0.0109,103.4571,-1.3563,1]},
{"frame":73,"values":[0.9942,-0.057,-0.0912,0,0.0626,0.9963,0.0596,0,-0.0875,0.0649,-0.994,0,0.0477,103.4529,-1.3522,1]},
{"frame":74,"values":[0.9941,-0.0579,-0.092,0,0.0636,0.9962,0.0594,0,-0.0882,0.0649,-0.994,0,0.0751,103.448,-1.3524,1]},
{"frame":75,"values":[0.9939,-0.0587,-0.0931,0,0.0644,0.9962,0.0592,0,-0.0893,0.0649,-0.9939,0,0.0951,103.4412,-1.3583,1]},
{"frame":76,"values":[0.9938,-0.0592,-0.0944,0,0.065,0.9961,0.0591,0,-0.0905,0.0649,-0.9938,0,0.1107,103.4342,-1.3698,1]},
{"frame":77,"values":[0.9937,-0.0595,-0.0953,0,0.0653,0.9961,0.059,0,-0.0915,0.0649,-0.9937,0,0.1247,103.4269,-1.3857,1]},
{"frame":78,"values":[0.9936,-0.0596,-0.0955,0,0.0654,0.9961,0.0591,0,-0.0916,0.065,-0.9937,0,0.1364,103.4159,-1.4032,1]},
{"frame":79,"values":[0.9937,-0.0596,-0.0949,0,0.0655,0.9961,0.0593,0,-0.091,0.0652,-0.9937,0,0.1439,103.399,-1.4228,1]}],"loopBehavior":1,"name":"anim","property":"_matrix"}},
{"name":"mixamorig:Spine","index":1,"matrix":[0.9985,0.0493,-0.024,0,-0.0479,0.9971,0.0586,0,0.0268,-0.0574,0.998,0,0,10.1816,0.1315,1],"rest":[1,0,0,0,0,1,0,0,0,0,1,0,0,10.1816,0.1315,1],"parentBoneIndex":0,"length":10.133
,"animation":{"dataType":3,"framePerSecond":24,"keys":[
{"frame":1,"values":[0.9985,0.0492,-0.0241,0,-0.0477,0.9971,0.0587,0,0.0269,-0.0575,0.998,0,0,10.1816,0.1315,1]},
{"frame":2,"values":[0.9985,0.0489,-0.0241,0,-0.0474,0.9972,0.0584,0,0.0269,-0.0572,0.998,0,0,10.1816,0.1315,1]},
{"frame":3,"values":[0.9985,0.0481,-0.0244,0,-0.0466,0.9972,0.0579,0,0.0271,-0.0566,0.998,0,0,10.1816,0.1315,1]},
{"frame":4,"values":[0.9986,0.0468,-0.0256,0,-0.0452,0.9973,0.0574,0,0.0282,-0.0562,0.998,0,0,10.1816,0.1315,1]},
{"frame":5,"values":[0.9986,0.0451,-0.0271,0,-0.0435,0.9974,0.0572,0,0.0296,-0.0559,0.998,0,0,10.1816,0.1315,1]},
{"frame":6,"values":[0.9987,0.0429,-0.029,0,-0.0412,0.9975,0.0572,0,0.0314,-0.0559,0.9979,0,0,10.1816,0.1315,1]},
{"frame":7,"values":[0.9987,0.0401,-0.0315,0,-0.0383,0.9976,0.0572,0,0.0337,-0.0559,0.9979,0,0,10.1816,0.1315,1]},
{"frame":8,"values":[0.9987,0.0369,-0.0349,0,-0.0349,0.9978,0.0572,0,0.0369,-0.0559,0.9978,0,0,10.1816,0.1315,1]},
{"frame":9,"values":[0.9987,0.0333,-0.0393,0,-0.0311,0.9979,0.0571,0,0.0412,-0.0558,0.9976,0,0,10.1816,0.1315,1]},
{"frame":10,"values":[0.9986,0.0292,-0.0451,0,-0.0267,0.998,0.057,0,0.0467,-0.0557,0.9974,0,0,10.1816,0.1315,1]},
{"frame":11,"values":[0.9983,0.0246,-0.052,0,-0.0217,0.9982,0.0565,0,0.0533,-0.0553,0.997,0,0,10.1816,0.1315,1]},
{"frame":12,"values":[0.998,0.0198,-0.0599,0,-0.0165,0.9983,0.0557,0,0.0609,-0.0546,0.9966,0,0,10.1816,0.1315,1]},
{"frame":13,"values":[0.9975,0.0146,-0.0686,0,-0.0109,0.9984,0.0548,0,0.0693,-0.0539,0.9961,0,0,10.1816,0.1315,1]},
{"frame":14,"values":[0.9969,0.009,-0.0781,0,-0.0048,0.9985,0.054,0,0.0785,-0.0535,0.9955,0,0,10.1816,0.1315,1]},
{"frame":15,"values":[0.9961,0.003,-0.0887,0,0.0018,0.9986,0.0536,0,0.0887,-0.0536,0.9946,0,0,10.1816,0.1315,1]},
{"frame":16,"values":[0.995,-0.0032,-0.0998,0,0.0086,0.9985,0.0534,0,0.0995,-0.054,0.9936,0,0,10.1816,0.1315,1]},
{"frame":17,"values":[0.9939,-0.0097,-0.1102,0,0.0156,0.9985,0.0534,0,0.1095,-0.0548,0.9925,0,0,10.1816,0.1315,1]},
{"frame":18,"values":[0.9928,-0.0159,-0.1187,0,0.0224,0.9983,0.0536,0,0.1176,-0.0558,0.9915,0,0,10.1816,0.1315,1]},
{"frame":19,"values":[0.9919,-0.0218,-0.1253,0,0.0288,0.9981,0.0539,0,0.1239,-0.0571,0.9907,0,0,10.1816,0.1315,1]},
{"frame":20,"values":[0.991,-0.0274,-0.1311,0,0.0348,0.9979,0.0542,0,0.1293,-0.0583,0.9899,0,0,10.1816,0.1315,1]},
{"frame":21,"values":[0.99,-0.033,-0.1375,0,0.0408,0.9977,0.0543,0,0.1354,-0.0593,0.989,0,0,10.1816,0.1315,1]},
{"frame":22,"values":[0.9885,-0.0389,-0.1458,0,0.0473,0.9974,0.0545,0,0.1433,-0.0607,0.9878,0,0,10.1816,0.1315,1]},
{"frame":23,"values":[0.9867,-0.0449,-0.1559,0,0.0541,0.997,0.0554,0,0.153,-0.0631,0.9862,0,0,10.1816,0.1315,1]},
{"frame":24,"values":[0.9848,-0.0505,-0.1659,0,0.0608,0.9965,0.057,0,0.1625,-0.0662,0.9845,0,0,10.1816,0.1315,1]},
{"frame":25,"values":[0.9833,-0.0553,-0.1734,0,0.0664,0.9961,0.0588,0,0.1695,-0.0694,0.9831,0,0,10.1816,0.1315,1]},
{"frame":26,"values":[0.9823,-0.0597,-0.1778,0,0.0715,0.9956,0.0607,0,0.1734,-0.0723,0.9822,0,0,10.1816,0.1315,1]},
{"frame":27,"values":[0.9814,-0.0636,-0.1809,0,0.076,0.9951,0.0625,0,0.176,-0.0751,0.9815,0,0,10.1816,0.1315,1]},
{"frame":28,"values":[0.9809,-0.0663,-0.1827,0,0.0791,0.9948,0.0641,0,0.1775,-0.0774,0.9811,0,0,10.1816,0.1315,1]},
{"frame":29,"values":[0.981,-0.0674,-0.1822,0,0.0804,0.9946,0.0655,0,0.1768,-0.0789,0.9811,0,0,10.1816,0.1315,1]},
{"frame":30,"values":[0.9813,-0.0677,-0.1804,0,0.0808,0.9945,0.0665,0,0.1749,-0.0798,0.9814,0,0,10.1816,0.1315,1]},
{"frame":31,"values":[0.9818,-0.0678,-0.1773,0,0.0808,0.9945,0.0671,0,0.1718,-0.0803,0.9819,0,0,10.1816,0.1315,1]},
{"frame":32,"values":[0.9827,-0.0674,-0.1727,0,0.0801,0.9945,0.0677,0,0.1672,-0.0804,0.9826,0,0,10.1816,0.1315,1]},
{"frame":33,"values":[0.9838,-0.0667,-0.1661,0,0.079,0.9945,0.0688,0,0.1606,-0.0808,0.9837,0,0,10.1816,0.1315,1]},
{"frame":34,"values":[0.9853,-0.0656,-0.1576,0,0.0775,0.9945,0.0705,0,0.1521,-0.0817,0.985,0,0,10.1816,0.1315,1]},
{"frame":35,"values":[0.9871,-0.0637,-0.1469,0,0.075,0.9945,0.0728,0,0.1415,-0.0829,0.9865,0,0,10.1816,0.1315,1]},
{"frame":36,"values":[0.989,-0.0614,-0.1348,0,0.072,0.9946,0.0747,0,0.1295,-0.0835,0.9881,0,0,10.1816,0.1315,1]},
{"frame":37,"values":[0.9907,-0.0591,-0.1222,0,0.0687,0.9948,0.0758,0,0.1171,-0.0835,0.9896,0,0,10.1816,0.1315,1]},
{"frame":38,"values":[0.9924,-0.0565,-0.1097,0,0.0651,0.9949,0.0764,0,0.1048,-0.083,0.991,0,0,10.1816,0.1315,1]},
{"frame":39,"values":[0.9937,-0.0538,-0.0981,0,0.0614,0.9952,0.0767,0,0.0934,-0.0823,0.9922,0,0,10.1816,0.1315,1]},
{"frame":40,"values":[0.9949,-0.051,-0.0873,0,0.0577,0.9954,0.077,0,0.083,-0.0817,0.9932,0,0,10.1816,0.1315,1]},
{"frame":41,"values":[0.9958,-0.048,-0.0774,0,0.054,0.9955,0.0773,0,0.0734,-0.0811,0.994,0,0,10.1816,0.1315,1]},
{"frame":42,"values":[0.9966,-0.045,-0.0686,0,0.0503,0.9957,0.0775,0,0.0648,-0.0807,0.9946,0,0,10.1816,0.1315,1]},
{"frame":43,"values":[0.9972,-0.042,-0.0612,0,0.0467,0.9959,0.0776,0,0.0577,-0.0803,0.9951,0,0,10.1816,0.1315,1]},
{"frame":44,"values":[0.9977,-0.0388,-0.0549,0,0.043,0.9961,0.0774,0,0.0517,-0.0796,0.9955,0,0,10.1816,0.1315,1]},
{"frame":45,"values":[0.9982,-0.0352,-0.0495,0,0.039,0.9963,0.077,0,0.0466,-0.0788,0.9958,0,0,10.1816,0.1315,1]},
{"frame":46,"values":[0.9985,-0.0313,-0.0447,0,0.0347,0.9965,0.0766,0,0.0421,-0.078,0.9961,0,0,10.1816,0.1315,1]},
{"frame":47,"values":[0.9988,-0.0274,-0.0405,0,0.0304,0.9966,0.076,0,0.0383,-0.0772,0.9963,0,0,10.1816,0.1315,1]},
{"frame":48,"values":[0.999,-0.0236,-0.0368,0,0.0263,0.9968,0.0755,0,0.0349,-0.0764,0.9965,0,0,10.1816,0.1315,1]},
{"frame":49,"values":[0.9992,-0.0198,-0.0336,0,0.0223,0.9969,0.0748,0,0.032,-0.0755,0.9966,0,0,10.1816,0.1315,1]},
{"frame":50,"values":[0.9994,-0.0163,-0.0309,0,0.0186,0.9971,0.0742,0,0.0296,-0.0747,0.9968,0,0,10.1816,0.1315,1]},
{"frame":51,"values":[0.9995,-0.0126,-0.0288,0,0.0147,0.9972,0.0736,0,0.0278,-0.074,0.9969,0,0,10.1816,0.1315,1]},
{"frame":52,"values":[0.9996,-0.0093,-0.0271,0,0.0112,0.9973,0.0732,0,0.0263,-0.0735,0.9969,0,0,10.1816,0.1315,1]},
{"frame":53,"values":[0.9996,-0.0064,-0.0257,0,0.0082,0.9973,0.0729,0,0.0252,-0.0731,0.997,0,0,10.1816,0.1315,1]},
{"frame":54,"values":[0.9997,-0.0031,-0.0247,0,0.0049,0.9974,0.0725,0,0.0244,-0.0726,0.9971,0,0,10.1816,0.1315,1]},
{"frame":55,"values":[0.9997,0.0006,-0.0239,0,0.0012,0.9974,0.072,0,0.0239,-0.072,0.9971,0,0,10.1816,0.1315,1]},
{"frame":56,"values":[0.9997,0.0033,-0.0236,0,-0.0017,0.9974,0.0714,0,0.0237,-0.0713,0.9972,0,0,10.1816,0.1315,1]},
{"frame":57,"values":[0.9997,0.0054,-0.0236,0,-0.0037,0.9975,0.0707,0,0.0239,-0.0706,0.9972,0,0,10.1816,0.1315,1]},
{"frame":58,"values":[0.9997,0.0075,-0.0239,0,-0.0058,0.9975,0.0701,0,0.0244,-0.0699,0.9973,0,0,10.1816,0.1315,1]},
{"frame":59,"values":[0.9997,0.0099,-0.0243,0,-0.0082,0.9976,0.0694,0,0.0249,-0.0692,0.9973,0,0,10.1816,0.1315,1]},
{"frame":60,"values":[0.9996,0.0127,-0.0245,0,-0.011,0.9976,0.0687,0,0.0253,-0.0684,0.9973,0,0,10.1816,0.1315,1]},
{"frame":61,"values":[0.9996,0.0157,-0.0247,0,-0.014,0.9976,0.0677,0,0.0257,-0.0673,0.9974,0,0,10.1816,0.1315,1]},
{"frame":62,"values":[0.9995,0.0189,-0.025,0,-0.0172,0.9976,0.0668,0,0.0262,-0.0664,0.9975,0,0,10.1816,0.1315,1]},
{"frame":63,"values":[0.9994,0.0219,-0.0251,0,-0.0202,0.9976,0.0661,0,0.0265,-0.0655,0.9975,0,0,10.1816,0.1315,1]},
{"frame":64,"values":[0.9994,0.0247,-0.025,0,-0.023,0.9976,0.0653,0,0.0266,-0.0647,0.9975,0,0,10.1816,0.1315,1]},
{"frame":65,"values":[0.9993,0.0272,-0.0249,0,-0.0256,0.9976,0.0646,0,0.0266,-0.0639,0.9976,0,0,10.1816,0.1315,1]},
{"frame":66,"values":[0.9993,0.0297,-0.0248,0,-0.0281,0.9976,0.0639,0,0.0267,-0.0631,0.9977,0,0,10.1816,0.1315,1]},
{"frame":67,"values":[0.9992,0.0321,-0.0248,0,-0.0304,0.9975,0.063,0,0.0267,-0.0622,0.9977,0,0,10.1816,0.1315,1]},
{"frame":68,"values":[0.9991,0.0343,-0.0247,0,-0.0327,0.9975,0.0622,0,0.0268,-0.0614,0.9978,0,0,10.1816,0.1315,1]},
{"frame":69,"values":[0.999,0.0365,-0.0246,0,-0.0349,0.9975,0.0616,0,0.0268,-0.0606,0.9978,0,0,10.1816,0.1315,1]},
{"frame":70,"values":[0.999,0.0386,-0.0245,0,-0.037,0.9975,0.061,0,0.0268,-0.06,0.9978,0,0,10.1816,0.1315,1]},
{"frame":71,"values":[0.9989,0.0405,-0.0244,0,-0.039,0.9974,0.0604,0,0.0268,-0.0594,0.9979,0,0,10.1816,0.1315,1]},
{"frame":72,"values":[0.9988,0.0424,-0.0244,0,-0.0409,0.9974,0.0599,0,0.0268,-0.0589,0.9979,0,0,10.1816,0.1315,1]},
{"frame":73,"values":[0.9987,0.0441,-0.0243,0,-0.0426,0.9973,0.0595,0,0.0268,-0.0584,0.9979,0,0,10.1816,0.1315,1]},
{"frame":74,"values":[0.9987,0.0456,-0.0242,0,-0.0441,0.9973,0.0592,0,0.0268,-0.058,0.998,0,0,10.1816,0.1315,1]},
{"frame":75,"values":[0.9986,0.0468,-0.0241,0,-0.0454,0.9972,0.0589,0,0.0268,-0.0577,0.998,0,0,10.1816,0.1315,1]},
{"frame":76,"values":[0.9986,0.0479,-0.0241,0,-0.0464,0.9972,0.0587,0,0.0268,-0.0575,0.998,0,0,10.1816,0.1315,1]},
{"frame":77,"values":[0.9985,0.0486,-0.0241,0,-0.0471,0.9972,0.0586,0,0.0268,-0.0574,0.998,0,0,10.1816,0.1315,1]},
{"frame":78,"values":[0.9985,0.0491,-0.024,0,-0.0477,0.9971,0.0586,0,0.0268,-0.0574,0.998,0,0,10.1816,0.1315,1]},
{"frame":79,"values":[0.9985,0.0493,-0.024,0,-0.0479,0.9971,0.0586,0,0.0268,-0.0574,0.998,0,0,10.1816,0.1315,1]}],"loopBehavior":1,"name":"anim","property":"_matrix"}},
{"name":"mixamorig:Spine1","index":2,"matrix":[0.9996,0.0272,-0.0054,0,-0.0271,0.9994,0.0203,0,0.006,-0.0201,0.9998,0,0,10.0835,-1.0008,1],"rest":[1,0,0,0,0,1,0,0,0,0,1,0,0,10.0835,-1.0008,1],"parentBoneIndex":1,"length":9.2031
,"animation":{"dataType":3,"framePerSecond":24,"keys":[
{"frame":1,"values":[0.9996,0.0272,-0.0054,0,-0.027,0.9994,0.0203,0,0.0059,-0.0201,0.9998,0,0,10.0835,-1.0008,1]},
{"frame":2,"values":[0.9996,0.0271,-0.0055,0,-0.027,0.9994,0.0195,0,0.0061,-0.0193,0.9998,0,0,10.0835,-1.0008,1]},
{"frame":3,"values":[0.9996,0.0268,-0.0059,0,-0.0267,0.9995,0.018,0,0.0064,-0.0178,0.9998,0,0,10.0835,-1.0008,1]},
{"frame":4,"values":[0.9996,0.0265,-0.0062,0,-0.0264,0.9995,0.0164,0,0.0067,-0.0162,0.9998,0,0,10.0835,-1.0008,1]},
{"frame":5,"values":[0.9996,0.0262,-0.0063,0,-0.0261,0.9995,0.0151,0,0.0067,-0.0149,0.9999,0,0,10.0835,-1.0008,1]},
{"frame":6,"values":[0.9996,0.0258,-0.0063,0,-0.0257,0.9996,0.0139,0,0.0066,-0.0138,0.9999,0,0,10.0835,-1.0008,1]},
{"frame":7,"values":[0.9997,0.0251,-0.0063,0,-0.025,0.9996,0.0127,0,0.0066,-0.0126,0.9999,0,0,10.0835,-1.0008,1]},
{"frame":8,"values":[0.9997,0.0243,-0.0065,0,-0.0242,0.9996,0.0114,0,0.0068,-0.0112,0.9999,0,0,10.0835,-1.0008,1]},
{"frame":9,"values":[0.9997,0.0231,-0.0074,0,-0.0231,0.9997,0.0099,0,0.0076,-0.0097,0.9999,0,0,10.0835,-1.0008,1]},
{"frame":10,"values":[0.9997,0.0215,-0.0091,0,-0.0214,0.9997,0.0081,0,0.0093,-0.0079,0.9999,0,0,10.0835,-1.0008,1]},
{"frame":11,"values":[0.9997,0.0192,-0.0116,0,-0.0191,0.9998,0.0058,0,0.0117,-0.0056,0.9999,0,0,10.0835,-1.0008,1]},
{"frame":12,"values":[0.9998,0.0161,-0.0147,0,-0.016,0.9999,0.0031,0,0.0147,-0.0028,0.9999,0,0,10.0835,-1.0008,1]},
{"frame":13,"values":[0.9998,0.0122,-0.0182,0,-0.0122,0.9999,0.0003,0,0.0182,-0.0001,0.9998,0,0,10.0835,-1.0008,1]},
{"frame":14,"values":[0.9997,0.0077,-0.0223,0,-0.0077,1,-0.002,0,0.0223,0.0022,0.9997,0,0,10.0835,-1.0008,1]},
{"frame":15,"values":[0.9996,0.0027,-0.0274,0,-0.0028,1,-0.0036,0,0.0274,0.0037,0.9996,0,0,10.0835,-1.0008,1]},
{"frame":16,"values":[0.9994,-0.0023,-0.0331,0,0.0022,1,-0.0047,0,0.0332,0.0046,0.9994,0,0,10.0835,-1.0008,1]},
{"frame":17,"values":[0.9992,-0.0071,-0.0386,0,0.0069,1,-0.0055,0,0.0386,0.0052,0.9992,0,0,10.0835,-1.0008,1]},
{"frame":18,"values":[0.999,-0.0113,-0.0431,0,0.0111,0.9999,-0.0062,0,0.0432,0.0057,0.9991,0,0,10.0835,-1.0008,1]},
{"frame":19,"values":[0.9988,-0.015,-0.0466,0,0.0146,0.9999,-0.0069,0,0.0467,0.0062,0.9989,0,0,10.0835,-1.0008,1]},
{"frame":20,"values":[0.9986,-0.0181,-0.0495,0,0.0177,0.9998,-0.0076,0,0.0496,0.0067,0.9987,0,0,10.0835,-1.0008,1]},
{"frame":21,"values":[0.9984,-0.0211,-0.0527,0,0.0207,0.9998,-0.0083,0,0.0528,0.0072,0.9986,0,0,10.0835,-1.0008,1]},
{"frame":22,"values":[0.9981,-0.0248,-0.0569,0,0.0243,0.9997,-0.0084,0,0.0571,0.007,0.9983,0,0,10.0835,-1.0008,1]},
{"frame":23,"values":[0.9977,-0.0289,-0.0615,0,0.0285,0.9996,-0.0068,0,0.0616,0.005,0.9981,0,0,10.0835,-1.0008,1]},
{"frame":24,"values":[0.9974,-0.0325,-0.0643,0,0.0324,0.9995,-0.0037,0,0.0644,0.0016,0.9979,0,0,10.0835,-1.0008,1]},
{"frame":25,"values":[0.9973,-0.0349,-0.0641,0,0.035,0.9994,-0.0004,0,0.064,-0.0018,0.9979,0,0,10.0835,-1.0008,1]},
{"frame":26,"values":[0.9974,-0.0363,-0.0625,0,0.0365,0.9993,0.0023,0,0.0624,-0.0046,0.998,0,0,10.0835,-1.0008,1]},
{"frame":27,"values":[0.9974,-0.0365,-0.062,0,0.0369,0.9993,0.0048,0,0.0618,-0.0071,0.9981,0,0,10.0835,-1.0008,1]},
{"frame":28,"values":[0.9974,-0.035,-0.0622,0,0.0355,0.9993,0.007,0,0.0619,-0.0092,0.998,0,0,10.0835,-1.0008,1]},
{"frame":29,"values":[0.9976,-0.032,-0.0618,0,0.0326,0.9994,0.0086,0,0.0615,-0.0106,0.998,0,0,10.0835,-1.0008,1]},
{"frame":30,"values":[0.9977,-0.0284,-0.0609,0,0.029,0.9995,0.0095,0,0.0606,-0.0113,0.9981,0,0,10.0835,-1.0008,1]},
{"frame":31,"values":[0.9979,-0.0245,-0.0597,0,0.0251,0.9996,0.0097,0,0.0595,-0.0112,0.9982,0,0,10.0835,-1.0008,1]},
{"frame":32,"values":[0.9981,-0.02,-0.0577,0,0.0206,0.9997,0.0094,0,0.0575,-0.0106,0.9983,0,0,10.0835,-1.0008,1]},
{"frame":33,"values":[0.9984,-0.0154,-0.0547,0,0.0159,0.9998,0.0096,0,0.0546,-0.0105,0.9985,0,0,10.0835,-1.0008,1]},
{"frame":34,"values":[0.9986,-0.0106,-0.0519,0,0.0112,0.9999,0.0108,0,0.0518,-0.0113,0.9986,0,0,10.0835,-1.0008,1]},
{"frame":35,"values":[0.9988,-0.0053,-0.049,0,0.006,0.9999,0.0125,0,0.0489,-0.0128,0.9987,0,0,10.0835,-1.0008,1]},
{"frame":36,"values":[0.999,0,-0.045,0,0.0007,0.9999,0.0137,0,0.045,-0.0137,0.9989,0,0,10.0835,-1.0008,1]},
{"frame":37,"values":[0.9992,0.0047,-0.0399,0,-0.0042,0.9999,0.0138,0,0.0399,-0.0136,0.9991,0,0,10.0835,-1.0008,1]},
{"frame":38,"values":[0.9994,0.0092,-0.0344,0,-0.0087,0.9999,0.0132,0,0.0345,-0.0129,0.9993,0,0,10.0835,-1.0008,1]},
{"frame":39,"values":[0.9995,0.0136,-0.0292,0,-0.0132,0.9998,0.0126,0,0.0294,-0.0122,0.9995,0,0,10.0835,-1.0008,1]},
{"frame":40,"values":[0.9995,0.018,-0.0246,0,-0.0177,0.9998,0.0121,0,0.0248,-0.0117,0.9996,0,0,10.0835,-1.0008,1]},
{"frame":41,"values":[0.9995,0.0222,-0.0202,0,-0.022,0.9997,0.012,0,0.0205,-0.0115,0.9997,0,0,10.0835,-1.0008,1]},
{"frame":42,"values":[0.9995,0.0262,-0.0165,0,-0.026,0.9996,0.0121,0,0.0168,-0.0117,0.9998,0,0,10.0835,-1.0008,1]},
{"frame":43,"values":[0.9995,0.0297,-0.0137,0,-0.0295,0.9995,0.0124,0,0.0141,-0.0119,0.9998,0,0,10.0835,-1.0008,1]},
{"frame":44,"values":[0.9994,0.0327,-0.0116,0,-0.0326,0.9994,0.0124,0,0.012,-0.012,0.9999,0,0,10.0835,-1.0008,1]},
{"frame":45,"values":[0.9993,0.0355,-0.0095,0,-0.0354,0.9993,0.0124,0,0.01,-0.0121,0.9999,0,0,10.0835,-1.0008,1]},
{"frame":46,"values":[0.9992,0.0381,-0.0072,0,-0.038,0.9992,0.0124,0,0.0077,-0.0121,0.9999,0,0,10.0835,-1.0008,1]},
{"frame":47,"values":[0.9992,0.0403,-0.0048,0,-0.0402,0.9991,0.0124,0,0.0053,-0.0122,0.9999,0,0,10.0835,-1.0008,1]},
{"frame":48,"values":[0.9991,0.0422,-0.0026,0,-0.0422,0.999,0.0124,0,0.0031,-0.0122,0.9999,0,0,10.0835,-1.0008,1]},
{"frame":49,"values":[0.999,0.0437,-0.0009,0,-0.0437,0.999,0.0124,0,0.0014,-0.0123,0.9999,0,0,10.0835,-1.0008,1]},
{"frame":50,"values":[0.999,0.0448,0.0003,0,-0.0448,0.9989,0.0125,0,0.0003,-0.0125,0.9999,0,0,10.0835,-1.0008,1]},
{"frame":51,"values":[0.999,0.0456,0.001,0,-0.0456,0.9989,0.0128,0,-0.0004,-0.0129,0.9999,0,0,10.0835,-1.0008,1]},
{"frame":52,"values":[0.9989,0.046,0.0015,0,-0.046,0.9988,0.0135,0,-0.0009,-0.0136,0.9999,0,0,10.0835,-1.0008,1]},
{"frame":53,"values":[0.9989,0.046,0.0016,0,-0.046,0.9988,0.0143,0,-0.001,-0.0144,0.9999,0,0,10.0835,-1.0008,1]},
{"frame":54,"values":[0.999,0.0452,0.0011,0,-0.0452,0.9989,0.015,0,-0.0005,-0.015,0.9999,0,0,10.0835,-1.0008,1]},
{"frame":55,"values":[0.999,0.0439,0.0005,0,-0.0439,0.9989,0.0156,0,0.0002,-0.0156,0.9999,0,0,10.0835,-1.0008,1]},
{"frame":56,"values":[0.9991,0.0426,0.0001,0,-0.0426,0.999,0.0163,0,0.0006,-0.0163,0.9999,0,0,10.0835,-1.0008,1]},
{"frame":57,"values":[0.9991,0.0415,-0.0003,0,-0.0415,0.999,0.017,0,0.001,-0.017,0.9999,0,0,10.0835,-1.0008,1]},
{"frame":58,"values":[0.9992,0.0403,-0.0012,0,-0.0403,0.999,0.0176,0,0.0019,-0.0176,0.9998,0,0,10.0835,-1.0008,1]},
{"frame":59,"values":[0.9992,0.039,-0.0022,0,-0.039,0.9991,0.0183,0,0.0029,-0.0182,0.9998,0,0,10.0835,-1.0008,1]},
{"frame":60,"values":[0.9993,0.0379,-0.0029,0,-0.0378,0.9991,0.0186,0,0.0037,-0.0185,0.9998,0,0,10.0835,-1.0008,1]},
{"frame":61,"values":[0.9993,0.0368,-0.0037,0,-0.0367,0.9992,0.0187,0,0.0044,-0.0185,0.9998,0,0,10.0835,-1.0008,1]},
{"frame":62,"values":[0.9994,0.0356,-0.0044,0,-0.0355,0.9992,0.0187,0,0.0051,-0.0186,0.9998,0,0,10.0835,-1.0008,1]},
{"frame":63,"values":[0.9994,0.0346,-0.0049,0,-0.0345,0.9992,0.0189,0,0.0056,-0.0187,0.9998,0,0,10.0835,-1.0008,1]},
{"frame":64,"values":[0.9994,0.0336,-0.0051,0,-0.0335,0.9993,0.0191,0,0.0057,-0.0189,0.9998,0,0,10.0835,-1.0008,1]},
{"frame":65,"values":[0.9995,0.0327,-0.0052,0,-0.0326,0.9993,0.0192,0,0.0058,-0.019,0.9998,0,0,10.0835,-1.0008,1]},
{"frame":66,"values":[0.9995,0.032,-0.0052,0,-0.0319,0.9993,0.0191,0,0.0058,-0.0189,0.9998,0,0,10.0835,-1.0008,1]},
{"frame":67,"values":[0.9995,0.0313,-0.0053,0,-0.0312,0.9993,0.0191,0,0.0059,-0.0189,0.9998,0,0,10.0835,-1.0008,1]},
{"frame":68,"values":[0.9995,0.0306,-0.0055,0,-0.0305,0.9994,0.019,0,0.0061,-0.0189,0.9998,0,0,10.0835,-1.0008,1]},
{"frame":69,"values":[0.9995,0.0299,-0.0056,0,-0.0298,0.9994,0.019,0,0.0062,-0.0188,0.9998,0,0,10.0835,-1.0008,1]},
{"frame":70,"values":[0.9996,0.0294,-0.0057,0,-0.0293,0.9994,0.019,0,0.0062,-0.0188,0.9998,0,0,10.0835,-1.0008,1]},
{"frame":71,"values":[0.9996,0.0289,-0.0057,0,-0.0288,0.9994,0.0191,0,0.0062,-0.0189,0.9998,0,0,10.0835,-1.0008,1]},
{"frame":72,"values":[0.9996,0.0284,-0.0057,0,-0.0283,0.9994,0.0192,0,0.0063,-0.019,0.9998,0,0,10.0835,-1.0008,1]},
{"frame":73,"values":[0.9996,0.028,-0.0057,0,-0.0279,0.9994,0.0193,0,0.0063,-0.0191,0.9998,0,0,10.0835,-1.0008,1]},
{"frame":74,"values":[0.9996,0.0277,-0.0057,0,-0.0276,0.9994,0.0194,0,0.0062,-0.0192,0.9998,0,0,10.0835,-1.0008,1]},
{"frame":75,"values":[0.9996,0.0275,-0.0057,0,-0.0274,0.9994,0.0195,0,0.0062,-0.0193,0.9998,0,0,10.0835,-1.0008,1]},
{"frame":76,"values":[0.9996,0.0273,-0.0057,0,-0.0272,0.9994,0.0196,0,0.0062,-0.0194,0.9998,0,0,10.0835,-1.0008,1]},
{"frame":77,"values":[0.9996,0.0272,-0.0056,0,-0.0271,0.9994,0.0197,0,0.0061,-0.0195,0.9998,0,0,10.0835,-1.0008,1]},
{"frame":78,"values":[0.9996,0.0272,-0.0055,0,-0.0271,0.9994,0.0199,0,0.006,-0.0197,0.9998,0,0,10.0835,-1.0008,1]},
{"frame":79,"values":[0.9996,0.0272,-0.0054,0,-0.0271,0.9994,0.0203,0,0.006,-0.0201,0.9998,0,0,10.0835,-1.0008,1]}],"loopBehavior":1,"name":"anim","property":"_matrix"}},
{"name":"mixamorig:Spine2","index":3,"matrix":[0.9996,0.0275,-0.0059,0,-0.0274,0.9994,0.0198,0,0.0064,-0.0196,0.9998,0,0,9.1,-1.3734,1],"rest":[1,0,0,0,0,1,0,0,0,0,1,0,0,9.1,-1.3734,1],"parentBoneIndex":2,"length":13.7198
,"animation":{"dataType":3,"framePerSecond":24,"keys":[
{"frame":1,"values":[0.9996,0.0273,-0.0058,0,-0.0271,0.9994,0.0198,0,0.0063,-0.0197,0.9998,0,0,9.1,-1.3734,1]},
{"frame":2,"values":[0.9996,0.0272,-0.0059,0,-0.0271,0.9995,0.019,0,0.0065,-0.0189,0.9998,0,0,9.1,-1.3734,1]},
{"frame":3,"values":[0.9996,0.027,-0.0063,0,-0.0268,0.9995,0.0176,0,0.0068,-0.0174,0.9998,0,0,9.1,-1.3734,1]},
{"frame":4,"values":[0.9996,0.0267,-0.0066,0,-0.0265,0.9995,0.0159,0,0.0071,-0.0158,0.9999,0,0,9.1,-1.3734,1]},
{"frame":5,"values":[0.9996,0.0263,-0.0067,0,-0.0262,0.9995,0.0146,0,0.0071,-0.0144,0.9999,0,0,9.1,-1.3734,1]},
{"frame":6,"values":[0.9996,0.0259,-0.0067,0,-0.0258,0.9996,0.0134,0,0.0071,-0.0133,0.9999,0,0,9.1,-1.3734,1]},
{"frame":7,"values":[0.9997,0.0252,-0.0067,0,-0.0251,0.9996,0.0122,0,0.007,-0.0121,0.9999,0,0,9.1,-1.3734,1]},
{"frame":8,"values":[0.9997,0.0244,-0.007,0,-0.0243,0.9996,0.0109,0,0.0073,-0.0107,0.9999,0,0,9.1,-1.3734,1]},
{"frame":9,"values":[0.9997,0.0232,-0.0079,0,-0.0232,0.9997,0.0093,0,0.0082,-0.0091,0.9999,0,0,9.1,-1.3734,1]},
{"frame":10,"values":[0.9997,0.0216,-0.0097,0,-0.0215,0.9997,0.0075,0,0.0098,-0.0073,0.9999,0,0,9.1,-1.3734,1]},
{"frame":11,"values":[0.9997,0.0193,-0.0122,0,-0.0192,0.9998,0.0052,0,0.0123,-0.005,0.9999,0,0,9.1,-1.3734,1]},
{"frame":12,"values":[0.9998,0.0162,-0.0153,0,-0.0162,0.9999,0.0025,0,0.0154,-0.0022,0.9999,0,0,9.1,-1.3734,1]},
{"frame":13,"values":[0.9997,0.0124,-0.0189,0,-0.0124,0.9999,-0.0003,0,0.0189,0.0005,0.9998,0,0,9.1,-1.3734,1]},
{"frame":14,"values":[0.9997,0.0079,-0.0231,0,-0.0079,1,-0.0026,0,0.0231,0.0028,0.9997,0,0,9.1,-1.3734,1]},
{"frame":15,"values":[0.9996,0.0029,-0.0283,0,-0.0031,1,-0.0043,0,0.0283,0.0043,0.9996,0,0,9.1,-1.3734,1]},
{"frame":16,"values":[0.9994,-0.002,-0.0341,0,0.0019,1,-0.0054,0,0.0341,0.0053,0.9994,0,0,9.1,-1.3734,1]},
{"frame":17,"values":[0.9992,-0.0068,-0.0396,0,0.0065,1,-0.0062,0,0.0396,0.006,0.9992,0,0,9.1,-1.3734,1]},
{"frame":18,"values":[0.999,-0.011,-0.0442,0,0.0107,0.9999,-0.007,0,0.0443,0.0065,0.999,0,0,9.1,-1.3734,1]},
{"frame":19,"values":[0.9988,-0.0146,-0.0477,0,0.0143,0.9999,-0.0077,0,0.0479,0.007,0.9988,0,0,9.1,-1.3734,1]},
{"frame":20,"values":[0.9986,-0.0177,-0.0506,0,0.0173,0.9998,-0.0085,0,0.0508,0.0076,0.9987,0,0,9.1,-1.3734,1]},
{"frame":21,"values":[0.9983,-0.0208,-0.0539,0,0.0203,0.9998,-0.0092,0,0.054,0.0081,0.9985,0,0,9.1,-1.3734,1]},
{"frame":22,"values":[0.998,-0.0244,-0.0581,0,0.0239,0.9997,-0.0093,0,0.0583,0.0079,0.9983,0,0,9.1,-1.3734,1]},
{"frame":23,"values":[0.9976,-0.0285,-0.0627,0,0.0281,0.9996,-0.0078,0,0.0629,0.006,0.998,0,0,9.1,-1.3734,1]},
{"frame":24,"values":[0.9973,-0.0322,-0.0656,0,0.0319,0.9995,-0.0047,0,0.0657,0.0026,0.9978,0,0,9.1,-1.3734,1]},
{"frame":25,"values":[0.9973,-0.0346,-0.0654,0,0.0346,0.9994,-0.0015,0,0.0654,-0.0008,0.9979,0,0,9.1,-1.3734,1]},
{"frame":26,"values":[0.9973,-0.036,-0.0638,0,0.0362,0.9993,0.0012,0,0.0637,-0.0035,0.998,0,0,9.1,-1.3734,1]},
{"frame":27,"values":[0.9973,-0.0363,-0.0633,0,0.0366,0.9993,0.0036,0,0.0631,-0.0059,0.998,0,0,9.1,-1.3734,1]},
{"frame":28,"values":[0.9974,-0.0348,-0.0635,0,0.0352,0.9994,0.0058,0,0.0633,-0.0081,0.998,0,0,9.1,-1.3734,1]},
{"frame":29,"values":[0.9975,-0.0317,-0.0632,0,0.0323,0.9995,0.0074,0,0.0629,-0.0095,0.998,0,0,9.1,-1.3734,1]},
{"frame":30,"values":[0.9977,-0.0282,-0.0622,0,0.0287,0.9996,0.0083,0,0.062,-0.0101,0.998,0,0,9.1,-1.3734,1]},
{"frame":31,"values":[0.9978,-0.0242,-0.0611,0,0.0248,0.9997,0.0085,0,0.0608,-0.01,0.9981,0,0,9.1,-1.3734,1]},
{"frame":32,"values":[0.9981,-0.0198,-0.059,0,0.0203,0.9998,0.0083,0,0.0588,-0.0094,0.9982,0,0,9.1,-1.3734,1]},
{"frame":33,"values":[0.9983,-0.0152,-0.056,0,0.0157,0.9998,0.0084,0,0.0559,-0.0093,0.9984,0,0,9.1,-1.3734,1]},
{"frame":34,"values":[0.9985,-0.0104,-0.0532,0,0.0109,0.9999,0.0096,0,0.0531,-0.0102,0.9985,0,0,9.1,-1.3734,1]},
{"frame":35,"values":[0.9987,-0.0052,-0.0502,0,0.0057,0.9999,0.0114,0,0.0501,-0.0116,0.9987,0,0,9.1,-1.3734,1]},
{"frame":36,"values":[0.9989,0.0001,-0.0462,0,0.0005,0.9999,0.0125,0,0.0462,-0.0125,0.9989,0,0,9.1,-1.3734,1]},
{"frame":37,"values":[0.9991,0.0048,-0.041,0,-0.0043,0.9999,0.0126,0,0.041,-0.0124,0.9991,0,0,9.1,-1.3734,1]},
{"frame":38,"values":[0.9993,0.0092,-0.0354,0,-0.0088,0.9999,0.0121,0,0.0355,-0.0118,0.9993,0,0,9.1,-1.3734,1]},
{"frame":39,"values":[0.9994,0.0136,-0.0303,0,-0.0133,0.9998,0.0114,0,0.0304,-0.011,0.9995,0,0,9.1,-1.3734,1]},
{"frame":40,"values":[0.9995,0.018,-0.0255,0,-0.0177,0.9998,0.011,0,0.0257,-0.0105,0.9996,0,0,9.1,-1.3734,1]},
{"frame":41,"values":[0.9995,0.0222,-0.0211,0,-0.0219,0.9997,0.0109,0,0.0214,-0.0104,0.9997,0,0,9.1,-1.3734,1]},
{"frame":42,"values":[0.9995,0.0261,-0.0173,0,-0.0259,0.9996,0.011,0,0.0176,-0.0106,0.9998,0,0,9.1,-1.3734,1]},
{"frame":43,"values":[0.9995,0.0296,-0.0145,0,-0.0294,0.9995,0.0112,0,0.0148,-0.0108,0.9998,0,0,9.1,-1.3734,1]},
{"frame":44,"values":[0.9994,0.0326,-0.0123,0,-0.0325,0.9994,0.0114,0,0.0127,-0.011,0.9999,0,0,9.1,-1.3734,1]},
{"frame":45,"values":[0.9993,0.0354,-0.0103,0,-0.0353,0.9993,0.0114,0,0.0106,-0.011,0.9999,0,0,9.1,-1.3734,1]},
{"frame":46,"values":[0.9993,0.0379,-0.0079,0,-0.0378,0.9992,0.0114,0,0.0083,-0.0111,0.9999,0,0,9.1,-1.3734,1]},
{"frame":47,"values":[0.9992,0.0401,-0.0054,0,-0.0401,0.9991,0.0114,0,0.0059,-0.0111,0.9999,0,0,9.1,-1.3734,1]},
{"frame":48,"values":[0.9991,0.042,-0.0032,0,-0.042,0.9991,0.0113,0,0.0037,-0.0112,0.9999,0,0,9.1,-1.3734,1]},
{"frame":49,"values":[0.9991,0.0436,-0.0014,0,-0.0435,0.999,0.0114,0,0.0019,-0.0113,0.9999,0,0,9.1,-1.3734,1]},
{"frame":50,"values":[0.999,0.0447,-0.0003,0,-0.0446,0.9989,0.0115,0,0.0008,-0.0115,0.9999,0,0,9.1,-1.3734,1]},
{"frame":51,"values":[0.999,0.0454,0.0005,0,-0.0454,0.9989,0.0119,0,0.0001,-0.0119,0.9999,0,0,9.1,-1.3734,1]},
{"frame":52,"values":[0.9989,0.0458,0.001,0,-0.0458,0.9989,0.0126,0,-0.0004,-0.0126,0.9999,0,0,9.1,-1.3734,1]},
{"frame":53,"values":[0.9989,0.0458,0.0012,0,-0.0458,0.9989,0.0134,0,-0.0005,-0.0134,0.9999,0,0,9.1,-1.3734,1]},
{"frame":54,"values":[0.999,0.0451,0.0007,0,-0.0451,0.9989,0.0141,0,0,-0.0141,0.9999,0,0,9.1,-1.3734,1]},
{"frame":55,"values":[0.999,0.0437,0,0,-0.0437,0.9989,0.0148,0,0.0007,-0.0148,0.9999,0,0,9.1,-1.3734,1]},
{"frame":56,"values":[0.9991,0.0425,-0.0003,0,-0.0425,0.999,0.0155,0,0.001,-0.0155,0.9999,0,0,9.1,-1.3734,1]},
{"frame":57,"values":[0.9991,0.0414,-0.0008,0,-0.0414,0.999,0.0162,0,0.0015,-0.0161,0.9999,0,0,9.1,-1.3734,1]},
{"frame":58,"values":[0.9992,0.0402,-0.0017,0,-0.0402,0.9991,0.0168,0,0.0024,-0.0168,0.9999,0,0,9.1,-1.3734,1]},
{"frame":59,"values":[0.9992,0.039,-0.0026,0,-0.0389,0.9991,0.0175,0,0.0033,-0.0174,0.9998,0,0,9.1,-1.3734,1]},
{"frame":60,"values":[0.9993,0.0379,-0.0034,0,-0.0378,0.9991,0.0178,0,0.0041,-0.0176,0.9998,0,0,9.1,-1.3734,1]},
{"frame":61,"values":[0.9993,0.0367,-0.0041,0,-0.0367,0.9992,0.0179,0,0.0048,-0.0177,0.9998,0,0,9.1,-1.3734,1]},
{"frame":62,"values":[0.9994,0.0356,-0.0049,0,-0.0355,0.9992,0.018,0,0.0055,-0.0178,0.9998,0,0,9.1,-1.3734,1]},
{"frame":63,"values":[0.9994,0.0346,-0.0054,0,-0.0345,0.9992,0.0182,0,0.006,-0.018,0.9998,0,0,9.1,-1.3734,1]},
{"frame":64,"values":[0.9994,0.0336,-0.0056,0,-0.0335,0.9993,0.0184,0,0.0062,-0.0182,0.9998,0,0,9.1,-1.3734,1]},
{"frame":65,"values":[0.9994,0.0328,-0.0056,0,-0.0327,0.9993,0.0186,0,0.0062,-0.0184,0.9998,0,0,9.1,-1.3734,1]},
{"frame":66,"values":[0.9995,0.032,-0.0057,0,-0.0319,0.9993,0.0186,0,0.0063,-0.0184,0.9998,0,0,9.1,-1.3734,1]},
{"frame":67,"values":[0.9995,0.0313,-0.0058,0,-0.0312,0.9993,0.0185,0,0.0064,-0.0183,0.9998,0,0,9.1,-1.3734,1]},
{"frame":68,"values":[0.9995,0.0306,-0.0059,0,-0.0305,0.9994,0.0184,0,0.0065,-0.0182,0.9998,0,0,9.1,-1.3734,1]},
{"frame":69,"values":[0.9995,0.03,-0.006,0,-0.0299,0.9994,0.0184,0,0.0066,-0.0182,0.9998,0,0,9.1,-1.3734,1]},
{"frame":70,"values":[0.9995,0.0295,-0.0061,0,-0.0294,0.9994,0.0185,0,0.0066,-0.0183,0.9998,0,0,9.1,-1.3734,1]},
{"frame":71,"values":[0.9996,0.029,-0.0061,0,-0.0289,0.9994,0.0186,0,0.0067,-0.0184,0.9998,0,0,9.1,-1.3734,1]},
{"frame":72,"values":[0.9996,0.0285,-0.0062,0,-0.0284,0.9994,0.0187,0,0.0067,-0.0185,0.9998,0,0,9.1,-1.3734,1]},
{"frame":73,"values":[0.9996,0.0282,-0.0062,0,-0.0281,0.9994,0.0188,0,0.0067,-0.0186,0.9998,0,0,9.1,-1.3734,1]},
{"frame":74,"values":[0.9996,0.0279,-0.0062,0,-0.0278,0.9994,0.0189,0,0.0067,-0.0187,0.9998,0,0,9.1,-1.3734,1]},
{"frame":75,"values":[0.9996,0.0277,-0.0061,0,-0.0276,0.9994,0.019,0,0.0067,-0.0188,0.9998,0,0,9.1,-1.3734,1]},
{"frame":76,"values":[0.9996,0.0276,-0.0061,0,-0.0275,0.9994,0.0191,0,0.0066,-0.019,0.9998,0,0,9.1,-1.3734,1]},
{"frame":77,"values":[0.9996,0.0275,-0.0061,0,-0.0274,0.9994,0.0193,0,0.0066,-0.0191,0.9998,0,0,9.1,-1.3734,1]},
{"frame":78,"values":[0.9996,0.0275,-0.0059,0,-0.0274,0.9994,0.0195,0,0.0065,-0.0193,0.9998,0,0,9.1,-1.3734,1]},
{"frame":79,"values":[0.9996,0.0275,-0.0059,0,-0.0274,0.9994,0.0198,0,0.0064,-0.0196,0.9998,0,0,9.1,-1.3734,1]}],"loopBehavior":1,"name":"anim","property":"_matrix"}},
{"name":"mixamorig:Neck","index":4,"matrix":[1,0.0077,0.0024,0,-0.0079,0.9952,0.0977,0,-0.0016,-0.0978,0.9952,0,0,16.6717,-2.5162,1],"rest":[1,0,0,0,0,1,0,0,0,0,1,0,0,16.6717,-2.5162,1],"parentBoneIndex":3,"length":9.7644
,"animation":{"dataType":3,"framePerSecond":24,"keys":[
{"frame":1,"values":[1,0.0078,0.0022,0,-0.008,0.9951,0.0982,0,-0.0014,-0.0982,0.9952,0,0,16.6717,-2.5162,1]},
{"frame":2,"values":[1,0.008,0.0022,0,-0.0081,0.9951,0.0982,0,-0.0014,-0.0982,0.9952,0,0,16.6717,-2.5162,1]},
{"frame":3,"values":[1,0.0081,0.0022,0,-0.0083,0.9951,0.0982,0,-0.0014,-0.0982,0.9952,0,0,16.6717,-2.5162,1]},
{"frame":4,"values":[1,0.0077,0.0019,0,-0.0078,0.9951,0.0981,0,-0.0011,-0.0981,0.9952,0,0,16.6717,-2.5162,1]},
{"frame":5,"values":[1,0.0062,0.001,0,-0.0063,0.9952,0.0977,0,-0.0004,-0.0977,0.9952,0,0,16.6717,-2.5162,1]},
{"frame":6,"values":[1,0.0035,-0.0001,0,-0.0035,0.9953,0.0969,0,0.0005,-0.0969,0.9953,0,0,16.6717,-2.5162,1]},
