{"producer":{"name":"Blender","version":"2.90.0","exporter_version":"6.4.4","file":"run_riffle.babylon"},
"autoClear":true,"clearColor":[0.0509,0.0509,0.0509],"gravity":[0,-9.81,0],
"materials":[{"name":"Material","id":"Material","customType":"BABYLON.PBRMaterial","backFaceCulling":true,"checkReadyOnlyOnce":false,"maxSimultaneousLights":4,"environmentIntensity":1,"albedo":[0.8,0.8,0.8],"reflectivity":[0.5,0.5,0.5],"roughness":0.4,"alpha":1,"transparencyMode":0,"alphaCutOff":0.4,"metallic":0}],
"multiMaterials":[],
"skeletons":[{"name":"Armature","id":0,"dimensionsAtRest":[180.6981,191.5439,26.6006],"bones":[
{"name":"mixamorig:Hips","index":0,"matrix":[0.9884,-0.023,-0.1501,0,-0.039,0.9169,-0.3972,0,-0.1468,-0.3985,-0.9054,0,-0.3868,92.4163,-2.2211,1],"rest":[1,0,0,0,0,1,0,0,0,0,-1,0,0,103.9915,0,1],"parentBoneIndex":-1,"length":10.5593
,"animation":{"dataType":3,"framePerSecond":24,"keys":[
{"frame":1,"values":[0.9884,-0.023,-0.1501,0,-0.039,0.9169,-0.3972,0,-0.1468,-0.3985,-0.9054,0,-0.3915,92.4123,-2.2209,1]},
{"frame":2,"values":[0.991,0.0392,-0.1277,0,-0.0898,0.9033,-0.4195,0,-0.0989,-0.4273,-0.8987,0,-1.0959,93.3581,-1.8005,1]},
{"frame":3,"values":[0.99,0.0973,-0.1025,0,-0.1328,0.8887,-0.4388,0,-0.0484,-0.448,-0.8927,0,-1.2807,94.554,-1.3305,1]},
{"frame":4,"values":[0.9896,0.1228,-0.0745,0,-0.1432,0.8855,-0.442,0,-0.0117,-0.448,-0.8939,0,-0.9344,95.7411,-1.025,1]},
{"frame":5,"values":[0.99,0.126,-0.0642,0,-0.1412,0.9018,-0.4084,0,-0.0065,-0.4133,-0.9105,0,-0.4164,96.3176,-0.4283,1]},
{"frame":6,"values":[0.9891,0.1361,-0.0565,0,-0.1474,0.9096,-0.3885,0,0.0015,-0.3926,-0.9197,0,0.0387,95.1154,1.5162,1]},
{"frame":7,"values":[0.9896,0.1359,-0.0464,0,-0.1433,0.9131,-0.3817,0,0.0096,-0.3844,-0.9231,0,0.5418,93.3582,3.6057,1]},
{"frame":8,"values":[0.994,0.1024,-0.0378,0,-0.109,0.9154,-0.3876,0,0.0051,-0.3894,-0.9211,0,1.1679,92.7321,4.6582,1]},
{"frame":9,"values":[0.9979,0.0531,-0.0357,0,-0.0629,0.9167,-0.3946,0,-0.0118,-0.396,-0.9182,0,1.8163,93.0608,4.7626,1]},
{"frame":10,"values":[0.9988,-0.0013,-0.0481,0,-0.0182,0.9148,-0.4034,0,-0.0445,-0.4038,-0.9138,0,2.3337,94.0147,4.2303,1]},
{"frame":11,"values":[0.9957,-0.0394,-0.0843,0,0.0015,0.9126,-0.4088,0,-0.093,-0.4069,-0.9087,0,2.2827,94.9805,3.3951,1]},
{"frame":12,"values":[0.9907,-0.0605,-0.1216,0,0.0061,0.9142,-0.4053,0,-0.1356,-0.4008,-0.9061,0,1.9667,95.84,2.62,1]},
{"frame":13,"values":[0.9851,-0.0771,-0.154,0,0.0108,0.92,-0.3917,0,-0.1719,-0.3842,-0.9071,0,1.4259,96.0224,1.8953,1]},
{"frame":14,"values":[0.9799,-0.0834,-0.1815,0,0.0116,0.9308,-0.3653,0,-0.1994,-0.3559,-0.913,0,0.7694,94.8367,0.9799,1]},
{"frame":15,"values":[0.9756,-0.0779,-0.2052,0,0.0013,0.9368,-0.3498,0,-0.2195,-0.341,-0.9141,0,0.4113,93.4675,-0.0297,1]},
{"frame":16,"values":[0.9811,-0.0566,-0.185,0,-0.0156,0.9299,-0.3675,0,-0.1929,-0.3634,-0.9114,0,0.059,92.5933,-1.1474,1]},
{"frame":17,"values":[0.9884,-0.023,-0.1501,0,-0.039,0.9169,-0.3972,0,-0.1468,-0.3985,-0.9054,0,-0.3868,92.4163,-2.2211,1]}],"loopBehavior":1,"name":"anim","property":"_matrix"}},
{"name":"mixamorig:Spine","index":1,"matrix":[0.9942,0.0054,-0.1077,0,0.022,0.9678,0.2508,0,0.1056,-0.2517,0.962,0,0,10.1816,0.1315,1],"rest":[1,0,0,0,0,1,0,0,0,0,1,0,0,10.1816,0.1315,1],"parentBoneIndex":0,"length":10.133
,"animation":{"dataType":3,"framePerSecond":24,"keys":[
{"frame":1,"values":[0.9942,0.0054,-0.1077,0,0.022,0.9678,0.2508,0,0.1056,-0.2517,0.962,0,0,10.1816,0.1315,1]},
{"frame":2,"values":[0.9835,-0.059,-0.171,0,0.0968,0.9701,0.2226,0,0.1527,-0.2354,0.9598,0,0,10.1816,0.1315,1]},
{"frame":3,"values":[0.9747,-0.1006,-0.1996,0,0.1401,0.9708,0.1949,0,0.1742,-0.218,0.9603,0,0,10.1816,0.1315,1]},
{"frame":4,"values":[0.9719,-0.1096,-0.2081,0,0.1467,0.9741,0.1722,0,0.1838,-0.1979,0.9628,0,0,10.1816,0.1315,1]},
{"frame":5,"values":[0.971,-0.1098,-0.2125,0,0.1516,0.9697,0.1916,0,0.1851,-0.2182,0.9582,0,0,10.1816,0.1315,1]},
{"frame":6,"values":[0.9767,-0.1339,-0.1675,0,0.1688,0.9618,0.2154,0,0.1323,-0.2387,0.962,0,0,10.1816,0.1315,1]},
{"frame":7,"values":[0.983,-0.155,-0.0981,0,0.174,0.9575,0.2299,0,0.0583,-0.243,0.9683,0,0,10.1816,0.1315,1]},
{"frame":8,"values":[0.9913,-0.1317,0.0046,0,0.1272,0.9656,0.2269,0,-0.0343,-0.2243,0.9739,0,0,10.1816,0.1315,1]},
{"frame":9,"values":[0.9899,-0.0921,0.1078,0,0.0667,0.9734,0.2193,0,-0.1251,-0.2099,0.9697,0,0,10.1816,0.1315,1]},
{"frame":10,"values":[0.9802,-0.0451,0.1927,0,0.0045,0.9786,0.2059,0,-0.1979,-0.201,0.9594,0,0,10.1816,0.1315,1]},
{"frame":11,"values":[0.9742,-0.0174,0.225,0,-0.0284,0.9796,0.1989,0,-0.2239,-0.2001,0.9538,0,0,10.1816,0.1315,1]},
{"frame":12,"values":[0.9723,-0.0102,0.2335,0,-0.0393,0.9777,0.2062,0,-0.2304,-0.2096,0.9502,0,0,10.1816,0.1315,1]},
{"frame":13,"values":[0.9757,0.0008,0.2193,0,-0.0501,0.9744,0.2194,0,-0.2135,-0.225,0.9507,0,0,10.1816,0.1315,1]},
{"frame":14,"values":[0.9872,0.0176,0.1583,0,-0.0551,0.9702,0.2361,0,-0.1494,-0.2418,0.9588,0,0,10.1816,0.1315,1]},
{"frame":15,"values":[0.9979,0.0269,0.0583,0,-0.0411,0.9655,0.2571,0,-0.0494,-0.2589,0.9646,0,0,10.1816,0.1315,1]},
{"frame":16,"values":[0.9993,0.0229,-0.0293,0,-0.0145,0.966,0.2582,0,0.0342,-0.2576,0.9656,0,0,10.1816,0.1315,1]},
{"frame":17,"values":[0.9942,0.0054,-0.1077,0,0.022,0.9678,0.2508,0,0.1056,-0.2517,0.962,0,0,10.1816,0.1315,1]}],"loopBehavior":1,"name":"anim","property":"_matrix"}},
{"name":"mixamorig:Spine1","index":2,"matrix":[0.9995,-0.0102,-0.0294,0,0.0114,0.9992,0.0394,0,0.029,-0.0397,0.9988,0,0,10.0835,-1.0008,1],"rest":[1,0,0,0,0,1,0,0,0,0,1,0,0,10.0835,-1.0008,1],"parentBoneIndex":1,"length":9.203
,"animation":{"dataType":3,"framePerSecond":24,"keys":[
{"frame":1,"values":[0.9995,-0.0103,-0.0294,0,0.0114,0.9992,0.0394,0,0.029,-0.0397,0.9988,0,0,10.0835,-1.0008,1]},
{"frame":2,"values":[0.9988,-0.0216,-0.0443,0,0.0233,0.999,0.038,0,0.0434,-0.039,0.9983,0,0,10.0835,-1.0008,1]},
{"frame":3,"values":[0.9982,-0.0297,-0.0519,0,0.0317,0.9988,0.0367,0,0.0508,-0.0383,0.998,0,0,10.0835,-1.0008,1]},
{"frame":4,"values":[0.9981,-0.0283,-0.0555,0,0.0304,0.9988,0.0387,0,0.0543,-0.0403,0.9977,0,0,10.0835,-1.0008,1]},
{"frame":5,"values":[0.998,-0.025,-0.0573,0,0.0276,0.9986,0.0458,0,0.056,-0.0473,0.9973,0,0,10.0835,-1.0008,1]},
{"frame":6,"values":[0.9986,-0.0304,-0.0437,0,0.0325,0.9984,0.0468,0,0.0422,-0.0481,0.9979,0,0,10.0835,-1.0008,1]},
{"frame":7,"values":[0.9991,-0.0359,-0.024,0,0.0369,0.9983,0.0452,0,0.0224,-0.0461,0.9987,0,0,10.0835,-1.0008,1]},
{"frame":8,"values":[0.9995,-0.0319,0.0023,0,0.0317,0.9986,0.0415,0,-0.0036,-0.0414,0.9991,0,0,10.0835,-1.0008,1]},
{"frame":9,"values":[0.9993,-0.0241,0.0286,0,0.023,0.999,0.0374,0,-0.0295,-0.0367,0.9989,0,0,10.0835,-1.0008,1]},
{"frame":10,"values":[0.9986,-0.0158,0.0504,0,0.0142,0.9993,0.0331,0,-0.0509,-0.0324,0.9982,0,0,10.0835,-1.0008,1]},
{"frame":11,"values":[0.9982,-0.0136,0.0592,0,0.0116,0.9994,0.0328,0,-0.0596,-0.0321,0.9977,0,0,10.0835,-1.0008,1]},
{"frame":12,"values":[0.9979,-0.0153,0.0625,0,0.013,0.9992,0.0366,0,-0.063,-0.0357,0.9974,0,0,10.0835,-1.0008,1]},
{"frame":13,"values":[0.9981,-0.0159,0.059,0,0.0135,0.9991,0.0409,0,-0.0596,-0.0401,0.9974,0,0,10.0835,-1.0008,1]},
{"frame":14,"values":[0.9991,-0.0136,0.0408,0,0.0118,0.999,0.0437,0,-0.0414,-0.0431,0.9982,0,0,10.0835,-1.0008,1]},
{"frame":15,"values":[0.9999,-0.0098,0.0131,0,0.0093,0.999,0.0432,0,-0.0135,-0.0431,0.999,0,0,10.0835,-1.0008,1]},
{"frame":16,"values":[0.9999,-0.0091,-0.0096,0,0.0095,0.9991,0.0414,0,0.0092,-0.0415,0.9991,0,0,10.0835,-1.0008,1]},
{"frame":17,"values":[0.9995,-0.0102,-0.0294,0,0.0114,0.9992,0.0394,0,0.029,-0.0397,0.9988,0,0,10.0835,-1.0008,1]}],"loopBehavior":1,"name":"anim","property":"_matrix"}},
{"name":"mixamorig:Spine2","index":3,"matrix":[0.9995,-0.0111,-0.0296,0,0.0122,0.9992,0.0392,0,0.0291,-0.0395,0.9988,0,0,9.1,-1.3734,1],"rest":[1,0,0,0,0,1,0,0,0,0,1,0,0,9.1,-1.3734,1],"parentBoneIndex":2,"length":13.7198
,"animation":{"dataType":3,"framePerSecond":24,"keys":[
{"frame":1,"values":[0.9995,-0.0111,-0.0296,0,0.0122,0.9992,0.0392,0,0.0291,-0.0395,0.9988,0,0,9.1,-1.3734,1]},
{"frame":2,"values":[0.9988,-0.0228,-0.0442,0,0.0245,0.999,0.0376,0,0.0433,-0.0386,0.9983,0,0,9.1,-1.3734,1]},
{"frame":3,"values":[0.9982,-0.0312,-0.0515,0,0.0331,0.9988,0.0362,0,0.0503,-0.0378,0.998,0,0,9.1,-1.3734,1]},
{"frame":4,"values":[0.998,-0.0299,-0.0549,0,0.032,0.9988,0.0381,0,0.0537,-0.0398,0.9978,0,0,9.1,-1.3734,1]},
{"frame":5,"values":[0.998,-0.0266,-0.0569,0,0.0292,0.9986,0.0452,0,0.0556,-0.0468,0.9974,0,0,9.1,-1.3734,1]},
{"frame":6,"values":[0.9985,-0.0318,-0.0435,0,0.0338,0.9984,0.0462,0,0.042,-0.0476,0.998,0,0,9.1,-1.3734,1]},
{"frame":7,"values":[0.999,-0.0367,-0.0241,0,0.0378,0.9983,0.0448,0,0.0225,-0.0456,0.9987,0,0,9.1,-1.3734,1]},
{"frame":8,"values":[0.9995,-0.0321,0.0018,0,0.032,0.9986,0.0415,0,-0.0031,-0.0414,0.9991,0,0,9.1,-1.3734,1]},
{"frame":9,"values":[0.9993,-0.0237,0.0279,0,0.0227,0.999,0.0378,0,-0.0287,-0.0372,0.9989,0,0,9.1,-1.3734,1]},
{"frame":10,"values":[0.9987,-0.0151,0.0495,0,0.0134,0.9993,0.0339,0,-0.05,-0.0332,0.9982,0,0,9.1,-1.3734,1]},
{"frame":11,"values":[0.9982,-0.0127,0.0582,0,0.0107,0.9994,0.0336,0,-0.0586,-0.033,0.9977,0,0,9.1,-1.3734,1]},
{"frame":12,"values":[0.998,-0.0142,0.0613,0,0.0119,0.9992,0.0376,0,-0.0618,-0.0368,0.9974,0,0,9.1,-1.3734,1]},
{"frame":13,"values":[0.9982,-0.0148,0.0577,0,0.0124,0.999,0.0418,0,-0.0583,-0.0411,0.9975,0,0,9.1,-1.3734,1]},
{"frame":14,"values":[0.9991,-0.0127,0.0397,0,0.011,0.999,0.0441,0,-0.0402,-0.0437,0.9982,0,0,9.1,-1.3734,1]},
{"frame":15,"values":[0.9999,-0.0096,0.0123,0,0.0091,0.999,0.0433,0,-0.0127,-0.0432,0.999,0,0,9.1,-1.3734,1]},
{"frame":16,"values":[0.9999,-0.0095,-0.0101,0,0.0099,0.9991,0.0413,0,0.0097,-0.0414,0.9991,0,0,9.1,-1.3734,1]},
{"frame":17,"values":[0.9995,-0.0111,-0.0296,0,0.0122,0.9992,0.0392,0,0.0291,-0.0395,0.9988,0,0,9.1,-1.3734,1]}],"loopBehavior":1,"name":"anim","property":"_matrix"}},
{"name":"mixamorig:Neck","index":4,"matrix":[0.9999,-0.008,0.0143,0,0.0077,0.9997,0.0248,0,-0.0145,-0.0247,0.9996,0,0,16.6717,-2.5162,1],"rest":[1,0,0,0,0,1,0,0,0,0,1,0,0,16.6717,-2.5162,1],"parentBoneIndex":3,"length":9.7644
,"animation":{"dataType":3,"framePerSecond":24,"keys":[
{"frame":1,"values":[0.9999,-0.008,0.0143,0,0.0077,0.9997,0.0248,0,-0.0145,-0.0247,0.9996,0,0,16.6717,-2.5162,1]},
{"frame":2,"values":[0.9998,0.0005,0.0193,0,-0.0012,0.9995,0.033,0,-0.0192,-0.033,0.9993,0,0,16.6717,-2.5162,1]},
{"frame":3,"values":[0.9997,0.0062,0.0237,0,-0.0071,0.9992,0.0406,0,-0.0234,-0.0407,0.9989,0,0,16.6717,-2.5162,1]},
{"frame":4,"values":[0.9996,0.0111,0.0254,0,-0.0121,0.9991,0.0415,0,-0.0249,-0.0418,0.9988,0,0,16.6717,-2.5162,1]},
{"frame":5,"values":[0.9996,0.0175,0.0224,0,-0.0183,0.9992,0.0367,0,-0.0217,-0.0371,0.9991,0,0,16.6717,-2.5162,1]},
{"frame":6,"values":[0.9998,0.0176,0.0115,0,-0.0179,0.9993,0.034,0,-0.0109,-0.0342,0.9994,0,0,16.6717,-2.5162,1]},
{"frame":7,"values":[0.9999,0.0162,-0.0018,0,-0.0162,0.9994,0.0319,0,0.0023,-0.0319,0.9995,0,0,16.6717,-2.5162,1]},
{"frame":8,"values":[0.9997,0.0121,-0.0188,0,-0.0116,0.9995,0.028,0,0.0191,-0.0278,0.9994,0,0,16.6717,-2.5162,1]},
{"frame":9,"values":[0.9993,0.0078,-0.0356,0,-0.0069,0.9997,0.0239,0,0.0358,-0.0236,0.9991,0,0,16.6717,-2.5162,1]},
{"frame":10,"values":[0.9988,0.0057,-0.0491,0,-0.0048,0.9998,0.0189,0,0.0492,-0.0186,0.9986,0,0,16.6717,-2.5162,1]},
{"frame":11,"values":[0.9986,0.0063,-0.0529,0,-0.0056,0.9999,0.0139,0,0.053,-0.0136,0.9985,0,0,16.6717,-2.5162,1]},
{"frame":12,"values":[0.9986,0.0047,-0.0523,0,-0.0042,0.9999,0.0109,0,0.0523,-0.0107,0.9986,0,0,16.6717,-2.5162,1]},
{"frame":13,"values":[0.9988,0.0017,-0.048,0,-0.0012,0.9999,0.0116,0,0.048,-0.0115,0.9988,0,0,16.6717,-2.5162,1]},
{"frame":14,"values":[0.9993,-0.0029,-0.0366,0,0.0035,0.9998,0.0173,0,0.0366,-0.0174,0.9992,0,0,16.6717,-2.5162,1]},
{"frame":15,"values":[0.9997,-0.0091,-0.0215,0,0.0095,0.9998,0.0181,0,0.0213,-0.0183,0.9996,0,0,16.6717,-2.5162,1]},
{"frame":16,"values":[0.9999,-0.0123,-0.004,0,0.0123,0.9997,0.0191,0,0.0038,-0.0191,0.9998,0,0,16.6717,-2.5162,1]},
{"frame":17,"values":[0.9999,-0.008,0.0143,0,0.0077,0.9997,0.0248,0,-0.0145,-0.0247,0.9996,0,0,16.6717,-2.5162,1]}],"loopBehavior":1,"name":"anim","property":"_matrix"}},
{"name":"mixamorig:Head","index":5,"matrix":[0.9935,-0.0409,0.1059,0,0.0796,0.9163,-0.3925,0,-0.081,0.3984,0.9136,0,0,9.6179,1.685,1],"rest":[1,0,0,0,0,1,0,0,0,0,1,0,0,9.6179,1.685,1],"parentBoneIndex":4,"length":13.7945
,"animation":{"dataType":3,"framePerSecond":24,"keys":[
{"frame":1,"values":[0.9935,-0.0409,0.1059,0,0.0796,0.9163,-0.3925,0,-0.081,0.3984,0.9136,0,0,9.6179,1.685,1]},
{"frame":2,"values":[0.9848,0.0482,0.1671,0,0.0199,0.9233,-0.3836,0,-0.1728,0.3811,0.9082,0,0,9.6179,1.685,1]},
{"frame":3,"values":[0.9647,0.115,0.2369,0,-0.0212,0.9307,-0.3652,0,-0.2625,0.3473,0.9003,0,0,9.6179,1.685,1]},
{"frame":4,"values":[0.9505,0.1303,0.2822,0,-0.0276,0.9397,-0.341,0,-0.3096,0.3163,0.8967,0,0,9.6179,1.685,1]},
{"frame":5,"values":[0.9527,0.1308,0.2742,0,-0.0268,0.9353,-0.3529,0,-0.3026,0.3289,0.8946,0,0,9.6179,1.685,1]},
{"frame":6,"values":[0.9639,0.1375,0.2279,0,-0.047,0.9308,-0.3625,0,-0.262,0.3387,0.9037,0,0,9.6179,1.685,1]},
{"frame":7,"values":[0.9773,0.1382,0.1607,0,-0.0713,0.9285,-0.3645,0,-0.1996,0.3448,0.9172,0,0,9.6179,1.685,1]},
{"frame":8,"values":[0.9939,0.1027,0.0389,0,-0.0823,0.9311,-0.3555,0,-0.0728,0.3501,0.9339,0,0,9.6179,1.685,1]},
{"frame":9,"values":[0.9941,0.0537,-0.094,0,-0.0825,0.938,-0.3365,0,0.0701,0.3423,0.937,0,0,9.6179,1.685,1]},
{"frame":10,"values":[0.9759,0.0063,-0.2183,0,-0.0759,0.947,-0.3121,0,0.2047,0.3211,0.9246,0,0,9.6179,1.685,1]},
{"frame":11,"values":[0.9593,-0.022,-0.2816,0,-0.0684,0.9492,-0.3071,0,0.2741,0.3139,0.9091,0,0,9.6179,1.685,1]},
{"frame":12,"values":[0.952,-0.0408,-0.3035,0,-0.0632,0.9436,-0.3251,0,0.2996,0.3287,0.8957,0,0,9.6179,1.685,1]},
{"frame":13,"values":[0.9536,-0.0558,-0.2959,0,-0.0483,0.9417,-0.333,0,0.2972,0.3319,0.8953,0,0,9.6179,1.685,1]},
{"frame":14,"values":[0.97,-0.0659,-0.2341,0,-0.0154,0.944,-0.3296,0,0.2427,0.3233,0.9146,0,0,9.6179,1.685,1]},
{"frame":15,"values":[0.9873,-0.0747,-0.1402,0,0.02,0.9338,-0.3572,0,0.1576,0.3499,0.9234,0,0,9.6179,1.685,1]},
{"frame":16,"values":[0.9969,-0.0751,-0.0217,0,0.0604,0.9163,-0.3959,0,0.0496,0.3934,0.918,0,0,9.6179,1.685,1]},
{"frame":17,"values":[0.9935,-0.0409,0.1059,0,0.0796,0.9163,-0.3925,0,-0.081,0.3984,0.9136,0,0,9.6179,1.685,1]}],"loopBehavior":1,"name":"anim","property":"_matrix"}},
{"name":"mixamorig:HeadTop_End","index":6,"matrix":[1,0,0,0,0,1,0,0,0,0,1,0,0,17.8152,2.585,1],"rest":[1,0,0,0,0,1,0,0,0,0,1,0,0,17.8152,2.585,1],"parentBoneIndex":5,"length":13.7945
,"animation":{"dataType":3,"framePerSecond":24,"keys":[
{"frame":1,"values":[1,0,0,0,0,1,0,0,0,0,1,0,0,17.8152,2.585,1]},
{"frame":17,"values":[1,0,0,0,0,1,0,0,0,0,1,0,0,17.8152,2.585,1]}],"loopBehavior":1,"name":"anim","property":"_matrix"}},
{"name":"mixamorig:LeftEye","index":7,"matrix":[1,0,0,0,0,1,0,0,0,0,1,0,3.0676,6.4095,9.2836,1],"rest":[1,0,0,0,0,1,0,0,0,0,1,0,3.0676,6.4095,9.2836,1],"parentBoneIndex":5,"length":13.7945
,"animation":{"dataType":3,"framePerSecond":24,"keys":[
{"frame":1,"values":[1,0,0,0,0,1,0,0,0,0,1,0,3.0676,6.4095,9.2836,1]},
{"frame":17,"values":[1,0,0,0,0,1,0,0,0,0,1,0,3.0676,6.4095,9.2836,1]}],"loopBehavior":1,"name":"anim","property":"_matrix"}},
{"name":"mixamorig:RightEye","index":8,"matrix":[1,0,0,0,0,1,0,0,0,0,1,0,-3.0676,6.4095,9.2835,1],"rest":[1,0,0,0,0,1,0,0,0,0,1,0,-3.0676,6.4095,9.2835,1],"parentBoneIndex":5,"length":13.7945
,"animation":{"dataType":3,"framePerSecond":24,"keys":[
{"frame":1,"values":[1,0,0,0,0,1,0,0,0,0,1,0,-3.0676,6.4095,9.2835,1]},
{"frame":17,"values":[1,0,0,0,0,1,0,0,0,0,1,0,-3.0676,6.4095,9.2835,1]}],"loopBehavior":1,"name":"anim","property":"_matrix"}},
{"name":"mixamorig:LeftShoulder","index":9,"matrix":[0.9169,-0.1822,0.3551,0,0.167,0.9832,0.0733,0,-0.3624,-0.0079,0.932,0,4.5704,10.946,-2.628,1],"rest":[1,0,0,0,0,1,0,0,0,0,1,0,4.5704,10.946,-2.628,1],"parentBoneIndex":3,"length":10.8377
,"animation":{"dataType":3,"framePerSecond":24,"keys":[
{"frame":1,"values":[0.9169,-0.1822,0.3551,0,0.167,0.9832,0.0733,0,-0.3624,-0.0079,0.932,0,4.5704,10.946,-2.628,1]},
{"frame":2,"values":[0.9327,-0.1547,0.3258,0,0.142,0.9879,0.0626,0,-0.3315,-0.0121,0.9434,0,4.5704,10.946,-2.628,1]},
{"frame":3,"values":[0.9362,-0.1556,0.3151,0,0.1436,0.9878,0.061,0,-0.3207,-0.0119,0.9471,0,4.5704,10.946,-2.628,1]},
{"frame":4,"values":[0.9432,-0.1577,0.2925,0,0.1472,0.9874,0.0579,0,-0.298,-0.0115,0.9545,0,4.5704,10.946,-2.628,1]},
{"frame":5,"values":[0.9394,-0.1936,0.2829,0,0.1833,0.9811,0.0627,0,-0.2897,-0.007,0.9571,0,4.5704,10.946,-2.628,1]},
{"frame":6,"values":[0.9123,-0.2733,0.3048,0,0.2607,0.9619,0.0822,0,-0.3157,0.0045,0.9489,0,4.5704,10.946,-2.628,1]},
{"frame":7,"values":[0.8947,-0.2989,0.3321,0,0.284,0.9542,0.0938,0,-0.3449,0.0104,0.9386,0,4.5704,10.946,-2.628,1]},
{"frame":8,"values":[0.8867,-0.2973,0.3541,0,0.2807,0.9547,0.0986,0,-0.3674,0.012,0.93,0,4.5704,10.946,-2.628,1]},
{"frame":9,"values":[0.8809,-0.2924,0.3722,0,0.2744,0.9562,0.1017,0,-0.3856,0.0125,0.9226,0,4.5704,10.946,-2.628,1]},
{"frame":10,"values":[0.8835,-0.2823,0.3738,0,0.2643,0.9593,0.0997,0,-0.3867,0.0107,0.9221,0,4.5704,10.946,-2.628,1]},
{"frame":11,"values":[0.8918,-0.2739,0.3601,0,0.2572,0.9617,0.0945,0,-0.3722,0.0084,0.9281,0,4.5704,10.946,-2.628,1]},
{"frame":12,"values":[0.8946,-0.2723,0.3542,0,0.2562,0.9622,0.0927,0,-0.366,0.0078,0.9306,0,4.5704,10.946,-2.628,1]},
{"frame":13,"values":[0.8969,-0.2723,0.3484,0,0.2567,0.9622,0.0912,0,-0.3601,0.0076,0.9329,0,4.5704,10.946,-2.628,1]},
{"frame":14,"values":[0.8938,-0.2849,0.3463,0,0.2693,0.9585,0.0934,0,-0.3585,0.0098,0.9335,0,4.5704,10.946,-2.628,1]},
{"frame":15,"values":[0.8994,-0.2685,0.3449,0,0.2533,0.9633,0.0894,0,-0.3562,0.0069,0.9344,0,4.5704,10.946,-2.628,1]},
{"frame":16,"values":[0.9068,-0.2287,0.3541,0,0.2131,0.9735,0.0829,0,-0.3637,0.0003,0.9315,0,4.5704,10.946,-2.628,1]},
{"frame":17,"values":[0.9169,-0.1822,0.3551,0,0.167,0.9832,0.0733,0,-0.3624,-0.0079,0.932,0,4.5704,10.946,-2.628,1]}],"loopBehavior":1,"name":"anim","property":"_matrix"}},
{"name":"mixamorig:LeftArm","index":10,"matrix":[0.8097,-0.4392,0.3893,0,0.5867,0.588,-0.5568,0,0.0156,0.6792,0.7338,0,10.5924,-0.5246,-2.2321,1],"rest":[1,0,0,0,0,1,0,0,0,0,1,0,10.5924,-0.5246,-2.2321,1],"parentBoneIndex":9,"length":27.8415
,"animation":{"dataType":3,"framePerSecond":24,"keys":[
{"frame":1,"values":[0.8097,-0.4392,0.3893,0,0.5867,0.588,-0.5568,0,0.0156,0.6792,0.7338,0,10.5924,-0.5246,-2.2321,1]},
{"frame":2,"values":[0.8164,-0.4303,0.3852,0,0.5775,0.6094,-0.5432,0,-0.001,0.6659,0.746,0,10.5924,-0.5246,-2.2321,1]},
{"frame":3,"values":[0.8321,-0.4082,0.3756,0,0.5546,0.6239,-0.5506,0,-0.0096,0.6664,0.7455,0,10.5924,-0.5246,-2.2321,1]},
{"frame":4,"values":[0.8256,-0.4147,0.3825,0,0.5637,0.6346,-0.5287,0,-0.0235,0.6521,0.7577,0,10.5924,-0.5246,-2.2321,1]},
{"frame":5,"values":[0.8192,-0.4132,0.3978,0,0.572,0.639,-0.5143,0,-0.0417,0.6488,0.7598,0,10.5924,-0.5246,-2.2321,1]},
{"frame":6,"values":[0.8635,-0.3347,0.3773,0,0.4972,0.6909,-0.5248,0,-0.085,0.6407,0.763,0,10.5924,-0.5246,-2.2321,1]},
{"frame":7,"values":[0.8788,-0.2935,0.3763,0,0.4657,0.6993,-0.5422,0,-0.104,0.6517,0.7513,0,10.5924,-0.5246,-2.2321,1]},
{"frame":8,"values":[0.8794,-0.2857,0.3808,0,0.4685,0.6617,-0.5855,0,-0.0847,0.6932,0.7157,0,10.5924,-0.5246,-2.2321,1]},
{"frame":9,"values":[0.8832,-0.3117,0.3504,0,0.4686,0.6142,-0.6349,0,-0.0173,0.725,0.6885,0,10.5924,-0.5246,-2.2321,1]},
{"frame":10,"values":[0.8745,-0.3401,0.3458,0,0.4839,0.5634,-0.6697,0,0.0329,0.753,0.6572,0,10.5924,-0.5246,-2.2321,1]},
{"frame":11,"values":[0.8566,-0.3486,0.3805,0,0.5153,0.5378,-0.6672,0,0.028,0.7676,0.6403,0,10.5924,-0.5246,-2.2321,1]},
{"frame":12,"values":[0.8397,-0.3658,0.4013,0,0.5426,0.5386,-0.6445,0,0.0196,0.759,0.6508,0,10.5924,-0.5246,-2.2321,1]},
{"frame":13,"values":[0.811,-0.3954,0.4311,0,0.5849,0.534,-0.6105,0,0.0112,0.7473,0.6644,0,10.5924,-0.5246,-2.2321,1]},
{"frame":14,"values":[0.7807,-0.4177,0.4649,0,0.6249,0.5336,-0.5699,0,-0.01,0.7354,0.6776,0,10.5924,-0.5246,-2.2321,1]},
{"frame":15,"values":[0.762,-0.4404,0.4748,0,0.6476,0.5246,-0.5527,0,-0.0057,0.7286,0.6849,0,10.5924,-0.5246,-2.2321,1]},
{"frame":16,"values":[0.786,-0.4417,0.4326,0,0.6182,0.5505,-0.5611,0,0.0097,0.7084,0.7057,0,10.5924,-0.5246,-2.2321,1]},
{"frame":17,"values":[0.8097,-0.4392,0.3893,0,0.5867,0.588,-0.5568,0,0.0156,0.6792,0.7338,0,10.5924,-0.5246,-2.2321,1]}],"loopBehavior":1,"name":"anim","property":"_matrix"}},
{"name":"mixamorig:LeftForeArm","index":11,"matrix":[-0.1245,0,0.9922,0,0,1,0,0,-0.9922,0,-0.1245,0,27.8415,-0.0001,0,1],"rest":[1,0,0,0,0,1,0,0,0,0,1,0,27.8415,-0.0001,0,1],"parentBoneIndex":10,"length":28.3288
,"animation":{"dataType":3,"framePerSecond":24,"keys":[
{"frame":1,"values":[-0.1245,0,0.9922,0,0,1,0,0,-0.9922,0,-0.1245,0,27.8415,-0.0001,0,1]},
{"frame":2,"values":[-0.1344,0,0.9909,0,0,1,0,0,-0.9909,0,-0.1344,0,27.8415,-0.0001,0,1]},
{"frame":3,"values":[-0.147,0,0.9891,0,0,1,0,0,-0.9891,0,-0.147,0,27.8415,-0.0001,0,1]},
{"frame":4,"values":[-0.141,0,0.99,0,0,1,0,0,-0.99,0,-0.141,0,27.8415,-0.0001,0,1]},
{"frame":5,"values":[-0.1259,0,0.992,0,0,1,0,0,-0.992,0,-0.1259,0,27.8415,-0.0001,0,1]},
{"frame":6,"values":[-0.1176,0,0.9931,0,0,1,0,0,-0.9931,0,-0.1176,0,27.8415,-0.0001,0,1]},
{"frame":7,"values":[-0.1203,0,0.9927,0,0,1,0,0,-0.9927,0,-0.1203,0,27.8415,-0.0001,0,1]},
{"frame":8,"values":[-0.1668,0,0.986,0,0,1,0,0,-0.986,0,-0.1668,0,27.8415,-0.0001,0,1]},
{"frame":9,"values":[-0.2526,0,0.9676,0,0,1,0,0,-0.9676,0,-0.2526,0,27.8415,-0.0001,0,1]},
{"frame":10,"values":[-0.3471,0,0.9378,0,0,1,0,0,-0.9378,0,-0.3471,0,27.8415,-0.0001,0,1]},
{"frame":11,"values":[-0.3936,0,0.9193,0,0,1,0,0,-0.9193,0,-0.3936,0,27.8415,-0.0001,0,1]},
{"frame":12,"values":[-0.3834,0,0.9236,0,0,1,0,0,-0.9236,0,-0.3834,0,27.8415,-0.0001,0,1]},
{"frame":13,"values":[-0.3436,0,0.9391,0,0,1,0,0,-0.9391,0,-0.3436,0,27.8415,-0.0001,0,1]},
{"frame":14,"values":[-0.229,0,0.9734,0,0,1,0,0,-0.9734,0,-0.229,0,27.8415,-0.0001,0,1]},
{"frame":15,"values":[-0.1488,0,0.9889,0,0,1,0,0,-0.9889,0,-0.1488,0,27.8415,-0.0001,0,1]},
{"frame":16,"values":[-0.1361,0,0.9907,0,0,1,0,0,-0.9907,0,-0.1361,0,27.8415,-0.0001,0,1]},
{"frame":17,"values":[-0.1245,0,0.9922,0,0,1,0,0,-0.9922,0,-0.1245,0,27.8415,-0.0001,0,1]}],"loopBehavior":1,"name":"anim","property":"_matrix"}},
{"name":"mixamorig:LeftHand","index":12,"matrix":[0.9588,-0.053,-0.2793,0,-0.2745,-0.4282,-0.861,0,-0.074,0.9021,-0.4251,0,28.3288,0,0,1],"rest":[1,0,0,0,0,1,0.0005,0,0,-0.0005,1,0,28.3288,0,0,1],"parentBoneIndex":11,"length":8.2279
,"animation":{"dataType":3,"framePerSecond":24,"keys":[
{"frame":1,"values":[0.9588,-0.053,-0.2793,0,-0.2745,-0.4282,-0.861,0,-0.074,0.9021,-0.4251,0,28.3288,0,0,1]},
{"frame":2,"values":[0.9485,-0.073,-0.3084,0,-0.306,-0.4639,-0.8314,0,-0.0823,0.8829,-0.4623,0,28.3288,0,0,1]},
{"frame":3,"values":[0.9351,-0.1085,-0.3374,0,-0.3467,-0.4785,-0.8068,0,-0.0739,0.8714,-0.4851,0,28.3288,0,0,1]},
{"frame":4,"values":[0.9396,-0.1037,-0.3261,0,-0.335,-0.4739,-0.8144,0,-0.0701,0.8744,-0.48,0,28.3288,0,0,1]},
{"frame":5,"values":[0.9497,-0.0923,-0.2994,0,-0.3087,-0.4381,-0.8443,0,-0.0532,0.8942,-0.4445,0,28.3288,0,0,1]},
{"frame":6,"values":[0.9558,-0.0707,-0.2852,0,-0.2867,-0.4373,-0.8524,0,-0.0644,0.8966,-0.4382,0,28.3288,0,0,1]},
{"frame":7,"values":[0.9544,-0.0525,-0.2939,0,-0.2881,-0.4208,-0.8602,0,-0.0785,0.9056,-0.4167,0,28.3288,0,0,1]},
{"frame":8,"values":[0.9342,-0.0497,-0.3533,0,-0.3441,-0.3873,-0.8553,0,-0.0944,0.9206,-0.3789,0,28.3288,0,0,1]},
{"frame":9,"values":[0.9061,-0.035,-0.4216,0,-0.4046,-0.3631,-0.8393,0,-0.1237,0.9311,-0.3432,0,28.3288,0,0,1]},
{"frame":10,"values":[0.8596,-0.0224,-0.5105,0,-0.4881,-0.3322,-0.8071,0,-0.1515,0.9429,-0.2965,0,28.3288,0,0,1]},
{"frame":11,"values":[0.8211,-0.0121,-0.5706,0,-0.5463,-0.306,-0.7797,0,-0.1652,0.952,-0.2579,0,28.3288,0,0,1]},
{"frame":12,"values":[0.8319,0.0075,-0.5548,0,-0.5266,-0.3044,-0.7937,0,-0.1748,0.9525,-0.2493,0,28.3288,0,0,1]},
{"frame":13,"values":[0.8607,0.014,-0.509,0,-0.4831,-0.293,-0.8251,0,-0.1607,0.956,-0.2454,0,28.3288,0,0,1]},
{"frame":14,"values":[0.9114,-0.0377,-0.4097,0,-0.403,-0.2827,-0.8705,0,-0.083,0.9585,-0.2728,0,28.3288,0,0,1]},
{"frame":15,"values":[0.938,-0.0862,-0.3357,0,-0.346,-0.2893,-0.8925,0,-0.0202,0.9534,-0.3011,0,28.3288,0,0,1]},
{"frame":16,"values":[0.9485,-0.0774,-0.3071,0,-0.3141,-0.3531,-0.8813,0,-0.0402,0.9324,-0.3592,0,28.3288,0,0,1]},
{"frame":17,"values":[0.9588,-0.053,-0.2793,0,-0.2745,-0.4282,-0.861,0,-0.074,0.9021,-0.4251,0,28.3288,0,0,1]}],"loopBehavior":1,"name":"anim","property":"_matrix"}},
{"name":"mixamorig:LeftHandThumb1","index":13,"matrix":[0.6899,0.0774,0.7198,0,-0.5174,0.7481,0.4155,0,-0.5063,-0.6591,0.5561,0,2.4661,-1.575,2.6824,1],"rest":[1,0.0002,0.0002,0,-0.0002,1,-0.0002,0,-0.0002,0.0002,1,0,2.4661,-1.575,2.6824,1],"parentBoneIndex":12,"length":4.1696
,"animation":{"dataType":3,"framePerSecond":24,"keys":[
{"frame":1,"values":[0.6899,0.0774,0.7198,0,-0.5174,0.7481,0.4155,0,-0.5063,-0.6591,0.5561,0,2.4661,-1.575,2.6824,1]},
{"frame":17,"values":[0.6899,0.0774,0.7198,0,-0.5174,0.7481,0.4155,0,-0.5063,-0.6591,0.5561,0,2.4661,-1.575,2.6824,1]}],"loopBehavior":1,"name":"anim","property":"_matrix"}},
{"name":"mixamorig:LeftHandThumb2","index":14,"matrix":[0.7402,-0.5638,-0.3665,0,0.2423,0.732,-0.6367,0,0.6273,0.3825,0.6784,0,3.2298,-1.8647,1.8647,1],"rest":[1,0,0,0,0,1,0,0,0,0,1,0,3.2298,-1.8647,1.8647,1],"parentBoneIndex":13,"length":3.4245
,"animation":{"dataType":3,"framePerSecond":24,"keys":[
{"frame":1,"values":[0.7402,-0.5638,-0.3665,0,0.2423,0.732,-0.6367,0,0.6273,0.3825,0.6784,0,3.2298,-1.8647,1.8647,1]},
{"frame":17,"values":[0.7402,-0.5638,-0.3665,0,0.2423,0.732,-0.6367,0,0.6273,0.3825,0.6784,0,3.2298,-1.8647,1.8647,1]}],"loopBehavior":1,"name":"anim","property":"_matrix"}},
{"name":"mixamorig:LeftHandThumb3","index":15,"matrix":[0.916,0.3481,-0.1994,0,-0.3246,0.9352,0.1416,0,0.2358,-0.0649,0.9696,0,2.6526,-1.5315,1.5315,1],"rest":[1,0,0,0,0,1,0,0,0,0,1,0,2.6526,-1.5315,1.5315,1],"parentBoneIndex":14,"length":2.5234
,"animation":{"dataType":3,"framePerSecond":24,"keys":[
{"frame":1,"values":[0.916,0.3481,-0.1994,0,-0.3246,0.9352,0.1416,0,0.2358,-0.0649,0.9696,0,2.6526,-1.5315,1.5315,1]},
{"frame":17,"values":[0.916,0.3481,-0.1994,0,-0.3246,0.9352,0.1416,0,0.2358,-0.0649,0.9696,0,2.6526,-1.5315,1.5315,1]}],"loopBehavior":1,"name":"anim","property":"_matrix"}},
{"name":"mixamorig:LeftHandThumb4","index":16,"matrix":[1,0,0,0,0,1,0,0,0,0,1,0,1.9546,-1.1285,1.1285,1],"rest":[1,0,0,0,0,1,0,0,0,0,1,0,1.9546,-1.1285,1.1285,1],"parentBoneIndex":15,"length":2.5234
,"animation":{"dataType":3,"framePerSecond":24,"keys":[
{"frame":1,"values":[1,0,0,0,0,1,0,0,0,0,1,0,1.9546,-1.1285,1.1285,1]},
{"frame":17,"values":[1,0,0,0,0,1,0,0,0,0,1,0,1.9546,-1.1285,1.1285,1]}],"loopBehavior":1,"name":"anim","property":"_matrix"}},
{"name":"mixamorig:LeftHandIndex1","index":17,"matrix":[0.7606,-0.6479,0.0416,0,0.6492,0.759,-0.0495,0,0.0005,0.0647,0.9979,0,9.1093,-0.5171,2.2601,1],"rest":[1,0,0,0,0,1,0,0,0,0,1,0,9.1093,-0.5171,2.2601,1],"parentBoneIndex":12,"length":3.6764
,"animation":{"dataType":3,"framePerSecond":24,"keys":[
{"frame":1,"values":[0.7606,-0.6479,0.0416,0,0.6492,0.759,-0.0495,0,0.0005,0.0647,0.9979,0,9.1093,-0.5171,2.2601,1]},
{"frame":17,"values":[0.7606,-0.6479,0.0416,0,0.6492,0.759,-0.0495,0,0.0005,0.0647,0.9979,0,9.1093,-0.5171,2.2601,1]}],"loopBehavior":1,"name":"anim","property":"_matrix"}},
{"name":"mixamorig:LeftHandIndex2","index":18,"matrix":[0.1052,-0.9893,-0.1009,0,0.9893,0.1144,-0.0903,0,0.1009,-0.0903,0.9908,0,3.6764,0,0,1],"rest":[1,0,0,0,0,1,0,0,0,0,1,0,3.6764,0,0,1],"parentBoneIndex":17,"length":2.8831
,"animation":{"dataType":3,"framePerSecond":24,"keys":[
{"frame":1,"values":[0.1052,-0.9893,-0.1009,0,0.9893,0.1144,-0.0903,0,0.1009,-0.0903,0.9908,0,3.6764,0,0,1]},
{"frame":17,"values":[0.1052,-0.9893,-0.1009,0,0.9893,0.1144,-0.0903,0,0.1009,-0.0903,0.9908,0,3.6764,0,0,1]}],"loopBehavior":1,"name":"anim","property":"_matrix"}},
{"name":"mixamorig:LeftHandIndex3","index":19,"matrix":[0.8197,-0.5698,-0.0581,0,0.5698,0.8216,-0.0182,0,0.0581,-0.0182,0.9981,0,2.8831,0,0,1],"rest":[1,0,0,0,0,1,0,0,0,0,1,0,2.8831,0,0,1],"parentBoneIndex":18,"length":2.3927
,"animation":{"dataType":3,"framePerSecond":24,"keys":[
{"frame":1,"values":[0.8197,-0.5698,-0.0581,0,0.5698,0.8216,-0.0182,0,0.0581,-0.0182,0.9981,0,2.8831,0,0,1]},
{"frame":17,"values":[0.8197,-0.5698,-0.0581,0,0.5698,0.8216,-0.0182,0,0.0581,-0.0182,0.9981,0,2.8831,0,0,1]}],"loopBehavior":1,"name":"anim","property":"_matrix"}},
{"name":"mixamorig:LeftHandIndex4","index":20,"matrix":[1,0,0,0,0,1,0,0,0,0,1,0,2.3927,0,0,1],"rest":[1,0,0,0,0,1,0,0,0,0,1,0,2.3927,0,0,1],"parentBoneIndex":19,"length":2.3927
,"animation":{"dataType":3,"framePerSecond":24,"keys":[
{"frame":1,"values":[1,0,0,0,0,1,0,0,0,0,1,0,2.3927,0,0,1]},
{"frame":17,"values":[1,0,0,0,0,1,0,0,0,0,1,0,2.3927,0,0,1]}],"loopBehavior":1,"name":"anim","property":"_matrix"}},
{"name":"mixamorig:LeftHandMiddle1","index":21,"matrix":[0.6014,-0.7982,-0.0343,0,0.7951,0.6022,-0.0725,0,0.0785,0.0163,0.9968,0,9.5334,0,0,1],"rest":[1,0,0,0,0,1,0,0,0,0,1,0,9.5334,0,0,1],"parentBoneIndex":12,"length":3.6982
,"animation":{"dataType":3,"framePerSecond":24,"keys":[
{"frame":1,"values":[0.6014,-0.7982,-0.0343,0,0.7951,0.6022,-0.0725,0,0.0785,0.0163,0.9968,0,9.5334,0,0,1]},
{"frame":17,"values":[0.6014,-0.7982,-0.0343,0,0.7951,0.6022,-0.0725,0,0.0785,0.0163,0.9968,0,9.5334,0,0,1]}],"loopBehavior":1,"name":"anim","property":"_matrix"}},
{"name":"mixamorig:LeftHandMiddle2","index":22,"matrix":[0.2769,-0.956,-0.0975,0,0.956,0.2843,-0.073,0,0.0975,-0.073,0.9926,0,3.6982,0,0,1],"rest":[1,0,0,0,0,1,0,0,0,0,1,0,3.6982,0,0,1],"parentBoneIndex":21,"length":2.9509
,"animation":{"dataType":3,"framePerSecond":24,"keys":[
{"frame":1,"values":[0.2769,-0.956,-0.0975,0,0.956,0.2843,-0.073,0,0.0975,-0.073,0.9926,0,3.6982,0,0,1]},
{"frame":17,"values":[0.2769,-0.956,-0.0975,0,0.956,0.2843,-0.073,0,0.0975,-0.073,0.9926,0,3.6982,0,0,1]}],"loopBehavior":1,"name":"anim","property":"_matrix"}},
{"name":"mixamorig:LeftHandMiddle3","index":23,"matrix":[0.8448,-0.5323,-0.0543,0,0.5323,0.8464,-0.0157,0,0.0543,-0.0157,0.9984,0,2.9509,0,0,1],"rest":[1,0,0,0,0,1,0,0,0,0,1,0,2.9509,0,0,1],"parentBoneIndex":22,"length":2.8339
,"animation":{"dataType":3,"framePerSecond":24,"keys":[
{"frame":1,"values":[0.8448,-0.5323,-0.0543,0,0.5323,0.8464,-0.0157,0,0.0543,-0.0157,0.9984,0,2.9509,0,0,1]},
{"frame":17,"values":[0.8448,-0.5323,-0.0543,0,0.5323,0.8464,-0.0157,0,0.0543,-0.0157,0.9984,0,2.9509,0,0,1]}],"loopBehavior":1,"name":"anim","property":"_matrix"}},
{"name":"mixamorig:LeftHandMiddle4","index":24,"matrix":[1,0,0,0,0,1,0,0,0,0,1,0,2.8339,0,0,1],"rest":[1,0,0,0,0,1,0,0,0,0,1,0,2.8339,0,0,1],"parentBoneIndex":23,"length":2.8339
,"animation":{"dataType":3,"framePerSecond":24,"keys":[
{"frame":1,"values":[1,0,0,0,0,1,0,0,0,0,1,0,2.8339,0,0,1]},
{"frame":17,"values":[1,0,0,0,0,1,0,0,0,0,1,0,2.8339,0,0,1]}],"loopBehavior":1,"name":"anim","property":"_matrix"}},
{"name":"mixamorig:LeftHandRing1","index":25,"matrix":[0.4465,-0.8924,-0.0652,0,0.8878,0.4509,-0.0921,0,0.1115,-0.0168,0.9936,0,9.1045,-0.0439,-1.8651,1],"rest":[1,0,0,0,0,1,0,0,0,0,1,0,9.1045,-0.0439,-1.8651,1],"parentBoneIndex":12,"length":3.154
,"animation":{"dataType":3,"framePerSecond":24,"keys":[
{"frame":1,"values":[0.4465,-0.8924,-0.0652,0,0.8878,0.4509,-0.0921,0,0.1115,-0.0168,0.9936,0,9.1045,-0.0439,-1.8651,1]},
{"frame":17,"values":[0.4465,-0.8924,-0.0652,0,0.8878,0.4509,-0.0921,0,0.1115,-0.0168,0.9936,0,9.1045,-0.0439,-1.8651,1]}],"loopBehavior":1,"name":"anim","property":"_matrix"}},
{"name":"mixamorig:LeftHandRing2","index":26,"matrix":[0.5528,-0.829,-0.0846,0,0.829,0.5574,-0.0452,0,0.0846,-0.0452,0.9954,0,3.154,0,0,1],"rest":[1,0,0,0,0,1,0,0,0,0,1,0,3.154,0,0,1],"parentBoneIndex":25,"length":2.9377
,"animation":{"dataType":3,"framePerSecond":24,"keys":[
{"frame":1,"values":[0.5528,-0.829,-0.0846,0,0.829,0.5574,-0.0452,0,0.0846,-0.0452,0.9954,0,3.154,0,0,1]},
{"frame":17,"values":[0.5528,-0.829,-0.0846,0,0.829,0.5574,-0.0452,0,0.0846,-0.0452,0.9954,0,3.154,0,0,1]}],"loopBehavior":1,"name":"anim","property":"_matrix"}},
{"name":"mixamorig:LeftHandRing3","index":27,"matrix":[0.5164,-0.8519,-0.0869,0,0.8519,0.5214,-0.0488,0,0.0869,-0.0488,0.995,0,2.9377,0,0,1],"rest":[1,0,0,0,0,1,0,0,0,0,1,0,2.9377,0,0,1],"parentBoneIndex":26,"length":2.6475
,"animation":{"dataType":3,"framePerSecond":24,"keys":[
{"frame":1,"values":[0.5164,-0.8519,-0.0869,0,0.8519,0.5214,-0.0488,0,0.0869,-0.0488,0.995,0,2.9377,0,0,1]},
{"frame":17,"values":[0.5164,-0.8519,-0.0869,0,0.8519,0.5214,-0.0488,0,0.0869,-0.0488,0.995,0,2.9377,0,0,1]}],"loopBehavior":1,"name":"anim","property":"_matrix"}},
{"name":"mixamorig:LeftHandRing4","index":28,"matrix":[1,0,0,0,0,1,0,0,0,0,1,0,2.6475,0,0,1],"rest":[1,0,0,0,0,1,0,0,0,0,1,0,2.6475,0,0,1],"parentBoneIndex":27,"length":2.6475
,"animation":{"dataType":3,"framePerSecond":24,"keys":[
{"frame":1,"values":[1,0,0,0,0,1,0,0,0,0,1,0,2.6475,0,0,1]},
{"frame":17,"values":[1,0,0,0,0,1,0,0,0,0,1,0,2.6475,0,0,1]}],"loopBehavior":1,"name":"anim","property":"_matrix"}},
{"name":"mixamorig:LeftHandPinky1","index":29,"matrix":[0.1628,-0.9859,-0.0392,0,0.9781,0.1664,-0.125,0,0.1298,-0.018,0.9914,0,8.0778,-0.4887,-3.8061,1],"rest":[1,0,0,0,0,1,0,0,0,0,1,0,8.0778,-0.4887,-3.8061,1],"parentBoneIndex":12,"length":3.6
,"animation":{"dataType":3,"framePerSecond":24,"keys":[
{"frame":1,"values":[0.1628,-0.9859,-0.0392,0,0.9781,0.1664,-0.125,0,0.1298,-0.018,0.9914,0,8.0778,-0.4887,-3.8061,1]},
{"frame":17,"values":[0.1628,-0.9859,-0.0392,0,0.9781,0.1664,-0.125,0,0.1298,-0.018,0.9914,0,8.0778,-0.4887,-3.8061,1]}],"loopBehavior":1,"name":"anim","property":"_matrix"}},
{"name":"mixamorig:LeftHandPinky2","index":30,"matrix":[0.7498,-0.6583,-0.0672,0,0.6583,0.7524,-0.0253,0,0.0672,-0.0253,0.9974,0,3.6,0,0,1],"rest":[1,0,0,0,0,1,0,0,0,0,1,0,3.6,0,0,1],"parentBoneIndex":29,"length":2.1142
,"animation":{"dataType":3,"framePerSecond":24,"keys":[
{"frame":1,"values":[0.7498,-0.6583,-0.0672,0,0.6583,0.7524,-0.0253,0,0.0672,-0.0253,0.9974,0,3.6,0,0,1]},
{"frame":17,"values":[0.7498,-0.6583,-0.0672,0,0.6583,0.7524,-0.0253,0,0.0672,-0.0253,0.9974,0,3.6,0,0,1]}],"loopBehavior":1,"name":"anim","property":"_matrix"}},
{"name":"mixamorig:LeftHandPinky3","index":31,"matrix":[0.9039,-0.4255,-0.0434,0,0.4255,0.9049,-0.0097,0,0.0434,-0.0097,0.999,0,2.1142,0,0,1],"rest":[1,0,0,0,0,1,0,0,0,0,1,0,2.1142,0,0,1],"parentBoneIndex":30,"length":1.9757
,"animation":{"dataType":3,"framePerSecond":24,"keys":[
{"frame":1,"values":[0.9039,-0.4255,-0.0434,0,0.4255,0.9049,-0.0097,0,0.0434,-0.0097,0.999,0,2.1142,0,0,1]},
{"frame":17,"values":[0.9039,-0.4255,-0.0434,0,0.4255,0.9049,-0.0097,0,0.0434,-0.0097,0.999,0,2.1142,0,0,1]}],"loopBehavior":1,"name":"anim","property":"_matrix"}},
{"name":"mixamorig:LeftHandPinky4","index":32,"matrix":[1,0,0,0,0,1,0,0,0,0,1,0,1.9757,0,0,1],"rest":[1,0,0,0,0,1,0,0,0,0,1,0,1.9757,0,0,1],"parentBoneIndex":31,"length":1.9757
,"animation":{"dataType":3,"framePerSecond":24,"keys":[
{"frame":1,"values":[1,0,0,0,0,1,0,0,0,0,1,0,1.9757,0,0,1]},
{"frame":17,"values":[1,0,0,0,0,1,0,0,0,0,1,0,1.9757,0,0,1]}],"loopBehavior":1,"name":"anim","property":"_matrix"}},
{"name":"mixamorig:RightShoulder","index":33,"matrix":[0.9847,-0.0223,-0.1731,0,0.0373,0.9958,0.0842,0,0.1704,-0.0893,0.9813,0,-4.57,10.9462,-2.628,1],"rest":[1,0,0,0,0,1,0,0,0,0,1,0,-4.57,10.9462,-2.628,1],"parentBoneIndex":3,"length":10.8381
,"animation":{"dataType":3,"framePerSecond":24,"keys":[
{"frame":1,"values":[0.9847,-0.0223,-0.1731,0,0.0373,0.9958,0.0842,0,0.1704,-0.0893,0.9813,0,-4.57,10.9462,-2.628,1]},
{"frame":2,"values":[0.982,-0.0318,-0.1863,0,0.0476,0.9956,0.0806,0,0.1829,-0.088,0.9792,0,-4.57,10.9462,-2.628,1]},
{"frame":3,"values":[0.9794,-0.0391,-0.1982,0,0.0555,0.9954,0.0778,0,0.1943,-0.0872,0.9771,0,-4.57,10.9462,-2.628,1]},
{"frame":4,"values":[0.9787,-0.0307,-0.2029,0,0.0477,0.9957,0.0795,0,0.1996,-0.0875,0.976,0,-4.57,10.9462,-2.628,1]},
{"frame":5,"values":[0.9796,-0.0159,-0.2003,0,0.0332,0.9959,0.0836,0,0.1982,-0.0885,0.9762,0,-4.57,10.9462,-2.628,1]},
{"frame":6,"values":[0.981,-0.0082,-0.1939,0,0.0253,0.996,0.0862,0,0.1924,-0.0894,0.9772,0,-4.57,10.9462,-2.628,1]},
{"frame":7,"values":[0.9832,-0.0223,-0.181,0,0.0381,0.9958,0.0838,0,0.1783,-0.0893,0.9799,0,-4.57,10.9462,-2.628,1]},
{"frame":8,"values":[0.9835,-0.0436,-0.1757,0,0.0573,0.9956,0.0735,0,0.1717,-0.0823,0.9817,0,-4.57,10.9462,-2.628,1]},
{"frame":9,"values":[0.9798,-0.0213,-0.1988,0,0.034,0.9976,0.0608,0,0.197,-0.0663,0.9782,0,-4.57,10.9462,-2.628,1]},
{"frame":10,"values":[0.9764,0.0009,-0.2159,0,0.0098,0.9988,0.0485,0,0.2156,-0.0495,0.9752,0,-4.57,10.9462,-2.628,1]},
{"frame":11,"values":[0.98,-0.0005,-0.199,0,0.0103,0.9988,0.0481,0,0.1987,-0.0492,0.9788,0,-4.57,10.9462,-2.628,1]},
{"frame":12,"values":[0.9828,0.0027,-0.1849,0,0.0075,0.9985,0.0545,0,0.1848,-0.0549,0.9812,0,-4.57,10.9462,-2.628,1]},
{"frame":13,"values":[0.9848,0.0168,-0.1729,0,-0.0058,0.9979,0.064,0,0.1737,-0.062,0.9829,0,-4.57,10.9462,-2.628,1]},
{"frame":14,"values":[0.9914,0.0209,-0.1292,0,-0.0107,0.9968,0.0795,0,0.1305,-0.0774,0.9884,0,-4.57,10.9462,-2.628,1]},
{"frame":15,"values":[0.995,-0.0168,-0.0983,0,0.0257,0.9957,0.0891,0,0.0964,-0.0912,0.9912,0,-4.57,10.9462,-2.628,1]},
{"frame":16,"values":[0.9911,-0.0241,-0.1308,0,0.0357,0.9955,0.0875,0,0.1282,-0.0914,0.9875,0,-4.57,10.9462,-2.628,1]},
{"frame":17,"values":[0.9847,-0.0223,-0.1731,0,0.0373,0.9958,0.0842,0,0.1704,-0.0893,0.9813,0,-4.57,10.9462,-2.628,1]}],"loopBehavior":1,"name":"anim","property":"_matrix"}},
{"name":"mixamorig:RightArm","index":34,"matrix":[0.5518,0.1936,-0.8112,0,-0.3186,0.9478,0.0094,0,0.7707,0.2533,0.5847,0,-10.5928,-0.5248,-2.2321,1],"rest":[1,0,0,0,0,1,0,0,0,0,1,0,-10.5928,-0.5248,-2.2321,1],"parentBoneIndex":33,"length":27.8415
,"animation":{"dataType":3,"framePerSecond":24,"keys":[
{"frame":1,"values":[0.5518,0.1936,-0.8112,0,-0.3186,0.9478,0.0094,0,0.7707,0.2533,0.5847,0,-10.5928,-0.5248,-2.2321,1]},
{"frame":2,"values":[0.5402,0.2334,-0.8085,0,-0.3679,0.9296,0.0225,0,0.7569,0.2853,0.588,0,-10.5928,-0.5248,-2.2321,1]},
{"frame":3,"values":[0.5291,0.2685,-0.805,0,-0.4085,0.9121,0.0357,0,0.7438,0.3099,0.5923,0,-10.5928,-0.5248,-2.2321,1]},
{"frame":4,"values":[0.5285,0.2782,-0.8021,0,-0.3996,0.9151,0.0541,0,0.7491,0.2919,0.5947,0,-10.5928,-0.5248,-2.2321,1]},
{"frame":5,"values":[0.5354,0.2694,-0.8004,0,-0.3618,0.9296,0.0709,0,0.7632,0.2516,0.5952,0,-10.5928,-0.5248,-2.2321,1]},
{"frame":6,"values":[0.5418,0.2593,-0.7995,0,-0.3324,0.9398,0.0796,0,0.772,0.2226,0.5953,0,-10.5928,-0.5248,-2.2321,1]},
{"frame":7,"values":[0.5407,0.2534,-0.8022,0,-0.3372,0.9389,0.0693,0,0.7707,0.233,0.5931,0,-10.5928,-0.5248,-2.2321,1]},
{"frame":8,"values":[0.5396,0.2368,-0.8079,0,-0.3602,0.9323,0.0327,0,0.761,0.2734,0.5883,0,-10.5928,-0.5248,-2.2321,1]},
{"frame":9,"values":[0.565,0.1964,-0.8014,0,-0.34,0.9404,-0.0093,0,0.7518,0.2778,0.5981,0,-10.5928,-0.5248,-2.2321,1]},
{"frame":10,"values":[0.5935,0.1472,-0.7912,0,-0.3099,0.9491,-0.0559,0,0.7427,0.2784,0.609,0,-10.5928,-0.5248,-2.2321,1]},
{"frame":11,"values":[0.6009,0.1089,-0.7919,0,-0.2927,0.9519,-0.0911,0,0.7438,0.2865,0.6038,0,-10.5928,-0.5248,-2.2321,1]},
{"frame":12,"values":[0.6018,0.0989,-0.7925,0,-0.2897,0.9518,-0.1012,0,0.7442,0.2905,0.6015,0,-10.5928,-0.5248,-2.2321,1]},
{"frame":13,"values":[0.6034,0.099,-0.7913,0,-0.2863,0.953,-0.0991,0,0.7443,0.2863,0.6034,0,-10.5928,-0.5248,-2.2321,1]},
