{"producer":{"name":"Blender","version":"2.90.0","exporter_version":"6.4.4","file":"walk_jump.babylon"},
"autoClear":true,"clearColor":[0.0509,0.0509,0.0509],"gravity":[0,-9.81,0],
"materials":[{"name":"Material","id":"Material","customType":"BABYLON.PBRMaterial","backFaceCulling":true,"checkReadyOnlyOnce":false,"maxSimultaneousLights":4,"environmentIntensity":1,"albedo":[0.8,0.8,0.8],"reflectivity":[0.5,0.5,0.5],"roughness":0.4,"alpha":1,"transparencyMode":0,"alphaCutOff":0.4,"metallic":0}],
"multiMaterials":[],
"skeletons":[{"name":"Armature","id":0,"dimensionsAtRest":[180.6981,191.5439,26.6006],"bones":[
{"name":"mixamorig:Hips","index":0,"matrix":[0.9492,0.1797,0.2582,0,-0.0721,0.9232,-0.3774,0,0.3062,-0.3396,-0.8893,0,0.0484,85.9705,-1.9147,1],"rest":[1,0,0,0,0,1,0,0,0,0,-1,0,0,103.9915,0,1],"parentBoneIndex":-1,"length":10.5593
,"animation":{"dataType":3,"framePerSecond":24,"keys":[
{"frame":1,"values":[0.9492,0.1797,0.2582,0,-0.0721,0.9232,-0.3774,0,0.3062,-0.3396,-0.8893,0,0.0484,85.9705,-1.9147,1]},
{"frame":2,"values":[0.9734,-0.0741,0.2169,0,0.1118,0.9796,-0.1672,0,0.2001,-0.187,-0.9618,0,0.2734,101.0636,-2.2186,1]},
{"frame":3,"values":[0.9619,-0.2569,0.0934,0,0.2591,0.9658,-0.0124,0,0.087,-0.0361,-0.9956,0,1.1197,117.5375,-2.1979,1]},
{"frame":4,"values":[0.9673,-0.2535,-0.0033,0,0.253,0.9645,0.0753,0,0.0159,0.0737,-0.9972,0,1.3294,134.3591,-2.3733,1]},
{"frame":5,"values":[0.9924,-0.1186,-0.0328,0,0.1222,0.9818,0.1455,0,-0.0149,0.1484,-0.9888,0,0.5019,150.8752,-3.0706,1]},
{"frame":6,"values":[0.9994,-0.0056,-0.0354,0,0.0127,0.9786,0.2052,0,-0.0335,0.2055,-0.9781,0,-0.4885,166.0315,-3.571,1]},
{"frame":7,"values":[0.9977,0.0026,-0.067,0,0.0124,0.9747,0.2232,0,-0.0659,0.2235,-0.9725,0,-1.1539,178.799,-3.4445,1]},
{"frame":8,"values":[0.9919,-0.0624,-0.1105,0,0.0821,0.9795,0.1841,0,-0.0967,0.1917,-0.9767,0,-1.6603,188.6285,-3.5628,1]},
{"frame":9,"values":[0.9858,-0.1199,-0.1177,0,0.1353,0.9818,0.1335,0,-0.0995,0.1475,-0.984,0,-2.3494,194.5721,-3.9477,1]},
{"frame":10,"values":[0.9883,-0.12,-0.0937,0,0.1304,0.9849,0.1139,0,-0.0786,0.1247,-0.9891,0,-3.1245,195.9676,-4.2888,1]},
{"frame":11,"values":[0.9955,-0.0683,-0.065,0,0.0754,0.9906,0.1139,0,-0.0566,0.1183,-0.9914,0,-3.6555,191.4007,-4.8136,1]},
{"frame":12,"values":[0.9992,0.0277,-0.0302,0,-0.0245,0.9945,0.102,0,-0.0328,0.1012,-0.9943,0,-4.0798,180.4249,-6.1539,1]},
{"frame":13,"values":[0.9902,0.137,0.0261,0,-0.1386,0.9876,0.0738,0,0.0157,0.0767,-0.9969,0,-4.5304,164.8171,-7.232,1]},
{"frame":14,"values":[0.9748,0.2019,0.0947,0,-0.2081,0.9762,0.0605,0,0.0802,0.0787,-0.9937,0,-4.6909,146.1814,-7.8832,1]},
{"frame":15,"values":[0.9709,0.1886,0.1479,0,-0.202,0.976,0.0815,0,0.129,0.109,-0.9856,0,-4.5771,127.5778,-7.9444,1]},
{"frame":16,"values":[0.9832,0.1034,0.1506,0,-0.1215,0.9858,0.1159,0,0.1365,0.1322,-0.9818,0,-4.1226,111.493,-7.6358,1]},
{"frame":17,"values":[0.9929,0.0175,0.1175,0,-0.0311,0.9929,0.1147,0,0.1146,0.1176,-0.9864,0,-3.3229,98.7429,-7.2091,1]},
{"frame":18,"values":[0.9947,-0.0102,0.1019,0,0.0059,0.9991,0.0423,0,0.1023,0.0415,-0.9939,0,-2.0976,89.2971,-6.7554,1]},
{"frame":19,"values":[0.9886,0.0526,0.1413,0,-0.0397,0.9949,-0.0927,0,0.1455,-0.086,-0.9856,0,-0.8573,86.3838,-6.3681,1]},
{"frame":20,"values":[0.9608,0.1842,0.2073,0,-0.1315,0.9608,-0.2442,0,0.2442,-0.2074,-0.9473,0,-0.3909,88.4056,-7.0568,1]},
{"frame":21,"values":[0.9151,0.2933,0.2766,0,-0.1861,0.9159,-0.3555,0,0.3576,-0.2739,-0.8928,0,-0.7411,90.0297,-7.6278,1]},
{"frame":22,"values":[0.8756,0.3259,0.3566,0,-0.1675,0.8971,-0.4088,0,0.4531,-0.2982,-0.8401,0,-1.0623,88.9016,-7.379,1]},
{"frame":23,"values":[0.8593,0.3095,0.4073,0,-0.1214,0.8968,-0.4254,0,0.4969,-0.3161,-0.8082,0,-0.8963,87.2481,-5.9261,1]},
{"frame":24,"values":[0.8901,0.2589,0.3751,0,-0.0889,0.9058,-0.4142,0,0.447,-0.3353,-0.8293,0,-0.4392,86.2212,-3.902,1]},
{"frame":25,"values":[0.9492,0.1797,0.2582,0,-0.0721,0.9232,-0.3774,0,0.3062,-0.3396,-0.8893,0,0.0484,85.9706,-1.9147,1]}],"loopBehavior":1,"name":"anim","property":"_matrix"}},
{"name":"mixamorig:Spine","index":1,"matrix":[0.9771,-0.0851,0.1951,0,0.0318,0.9647,0.2615,0,-0.2105,-0.2493,0.9453,0,0,10.1816,0.1315,1],"rest":[1,0,0,0,0,1,0,0,0,0,1,0,0,10.1816,0.1315,1],"parentBoneIndex":0,"length":10.133
,"animation":{"dataType":3,"framePerSecond":24,"keys":[
{"frame":1,"values":[0.9771,-0.0851,0.1951,0,0.0318,0.9647,0.2615,0,-0.2105,-0.2493,0.9453,0,0,10.1816,0.1315,1]},
{"frame":2,"values":[0.9824,-0.0098,0.1863,0,-0.0275,0.9802,0.1962,0,-0.1845,-0.1979,0.9627,0,0,10.1816,0.1315,1]},
{"frame":3,"values":[0.9777,0.0812,0.1937,0,-0.1085,0.9849,0.135,0,-0.1799,-0.153,0.9717,0,0,10.1816,0.1315,1]},
{"frame":4,"values":[0.9736,0.0711,0.2169,0,-0.1009,0.9864,0.1298,0,-0.2047,-0.1482,0.9675,0,0,10.1816,0.1315,1]},
{"frame":5,"values":[0.9749,-0.0445,0.218,0,0.0041,0.9833,0.1821,0,-0.2225,-0.1766,0.9588,0,0,10.1816,0.1315,1]},
{"frame":6,"values":[0.9753,-0.1272,0.1805,0,0.0801,0.9655,0.2477,0,-0.2058,-0.2272,0.9519,0,0,10.1816,0.1315,1]},
{"frame":7,"values":[0.9838,-0.0938,0.1531,0,0.0455,0.9551,0.2928,0,-0.1737,-0.2811,0.9439,0,0,10.1816,0.1315,1]},
{"frame":8,"values":[0.9873,0.0013,0.1586,0,-0.0524,0.9464,0.3186,0,-0.1497,-0.3229,0.9345,0,0,10.1816,0.1315,1]},
{"frame":9,"values":[0.9833,0.0602,0.1716,0,-0.117,0.9316,0.3441,0,-0.1392,-0.3584,0.9231,0,0,10.1816,0.1315,1]},
{"frame":10,"values":[0.9845,0.0464,0.1689,0,-0.1071,0.9227,0.3705,0,-0.1386,-0.3828,0.9134,0,0,10.1816,0.1315,1]},
{"frame":11,"values":[0.9879,-0.0158,0.1546,0,-0.0445,0.9243,0.379,0,-0.1488,-0.3813,0.9124,0,0,10.1816,0.1315,1]},
{"frame":12,"values":[0.984,-0.103,0.145,0,0.0454,0.9336,0.3554,0,-0.172,-0.3432,0.9234,0,0,10.1816,0.1315,1]},
{"frame":13,"values":[0.9741,-0.1768,0.1407,0,0.1268,0.9432,0.3071,0,-0.187,-0.2813,0.9412,0,0,10.1816,0.1315,1]},
{"frame":14,"values":[0.9758,-0.1929,0.1032,0,0.1608,0.9522,0.2599,0,-0.1484,-0.237,0.9601,0,0,10.1816,0.1315,1]},
{"frame":15,"values":[0.9896,-0.1418,0.025,0,0.1318,0.9621,0.2388,0,-0.0579,-0.233,0.9707,0,0,10.1816,0.1315,1]},
{"frame":16,"values":[0.998,-0.0212,-0.0587,0,0.0356,0.9664,0.2547,0,0.0514,-0.2563,0.9652,0,0,10.1816,0.1315,1]},
{"frame":17,"values":[0.9875,0.1099,-0.1127,0,-0.0742,0.9565,0.2822,0,0.1388,-0.2703,0.9527,0,0,10.1816,0.1315,1]},
{"frame":18,"values":[0.9729,0.1741,-0.152,0,-0.1265,0.9516,0.2801,0,0.1934,-0.2533,0.9479,0,0,10.1816,0.1315,1]},
{"frame":19,"values":[0.9772,0.1155,-0.1784,0,-0.0717,0.9694,0.2348,0,0.2001,-0.2167,0.9555,0,0,10.1816,0.1315,1]},
{"frame":20,"values":[0.99,-0.0457,-0.1336,0,0.0683,0.9831,0.17,0,0.1236,-0.1774,0.9764,0,0,10.1816,0.1315,1]},
{"frame":21,"values":[0.9836,-0.1803,0.0016,0,0.1784,0.9745,0.136,0,-0.026,-0.1335,0.9907,0,0,10.1816,0.1315,1]},
{"frame":22,"values":[0.9656,-0.1994,0.1667,0,0.1745,0.9727,0.1528,0,-0.1927,-0.1184,0.9741,0,0,10.1816,0.1315,1]},
{"frame":23,"values":[0.9482,-0.1564,0.2767,0,0.1045,0.9756,0.1932,0,-0.3001,-0.1543,0.9413,0,0,10.1816,0.1315,1]},
{"frame":24,"values":[0.9537,-0.1134,0.2785,0,0.0486,0.9721,0.2295,0,-0.2967,-0.2054,0.9326,0,0,10.1816,0.1315,1]},
{"frame":25,"values":[0.9771,-0.0851,0.1951,0,0.0318,0.9647,0.2615,0,-0.2105,-0.2493,0.9453,0,0,10.1816,0.1315,1]}],"loopBehavior":1,"name":"anim","property":"_matrix"}},
{"name":"mixamorig:Spine1","index":2,"matrix":[0.9985,-0.0136,0.0528,0,0.0125,0.9997,0.0203,0,-0.0531,-0.0196,0.9984,0,0,10.0835,-1.0008,1],"rest":[1,0,0,0,0,1,0,0,0,0,1,0,0,10.0835,-1.0008,1],"parentBoneIndex":1,"length":9.203
,"animation":{"dataType":3,"framePerSecond":24,"keys":[
{"frame":1,"values":[0.9985,-0.0136,0.0528,0,0.0125,0.9997,0.0203,0,-0.0531,-0.0196,0.9984,0,0,10.0835,-1.0008,1]},
{"frame":2,"values":[0.9992,0.0337,0.0235,0,-0.0336,0.9994,-0.0022,0,-0.0236,0.0014,0.9997,0,0,10.0835,-1.0008,1]},
{"frame":3,"values":[0.9938,0.1109,-0.0042,0,-0.111,0.9927,-0.0474,0,-0.0011,0.0476,0.9989,0,0,10.0835,-1.0008,1]},
{"frame":4,"values":[0.9866,0.1613,-0.0231,0,-0.1625,0.9843,-0.0689,0,0.0117,0.0717,0.9974,0,0,10.0835,-1.0008,1]},
{"frame":5,"values":[0.9867,0.16,-0.0276,0,-0.161,0.9861,-0.0405,0,0.0208,0.0444,0.9988,0,0,10.0835,-1.0008,1]},
{"frame":6,"values":[0.9909,0.1327,-0.023,0,-0.132,0.9908,0.0298,0,0.0267,-0.0265,0.9993,0,0,10.0835,-1.0008,1]},
{"frame":7,"values":[0.9941,0.1081,-0.0121,0,-0.1061,0.9881,0.1114,0,0.024,-0.1095,0.9937,0,0,10.0835,-1.0008,1]},
{"frame":8,"values":[0.9966,0.0824,0.0027,0,-0.0814,0.9792,0.1859,0,0.0126,-0.1855,0.9826,0,0,10.0835,-1.0008,1]},
{"frame":9,"values":[0.9985,0.0537,0.0111,0,-0.0548,0.9679,0.2453,0,0.0025,-0.2455,0.9694,0,0,10.0835,-1.0008,1]},
{"frame":10,"values":[0.9994,0.0327,0.0075,0,-0.0335,0.9605,0.2761,0,0.0018,-0.2762,0.9611,0,0,10.0835,-1.0008,1]},
{"frame":11,"values":[0.9998,0.0182,-0.0037,0,-0.0166,0.9631,0.2687,0,0.0084,-0.2686,0.9632,0,0,10.0835,-1.0008,1]},
{"frame":12,"values":[0.9999,0.0038,-0.0132,0,-0.0007,0.973,0.2308,0,0.0137,-0.2307,0.9729,0,0,10.0835,-1.0008,1]},
{"frame":13,"values":[0.9999,-0.0106,-0.0134,0,0.0128,0.9839,0.1783,0,0.0113,-0.1785,0.9839,0,0,10.0835,-1.0008,1]},
{"frame":14,"values":[0.9998,-0.0173,-0.0071,0,0.0181,0.9902,0.1383,0,0.0047,-0.1384,0.9904,0,0,10.0835,-1.0008,1]},
{"frame":15,"values":[0.9999,-0.0161,-0.0037,0,0.0165,0.9914,0.1298,0,0.0015,-0.1299,0.9915,0,0,10.0835,-1.0008,1]},
{"frame":16,"values":[0.9999,-0.0112,-0.0038,0,0.0116,0.9893,0.1452,0,0.0021,-0.1452,0.9894,0,0,10.0835,-1.0008,1]},
{"frame":17,"values":[1,-0.0062,-0.0032,0,0.0066,0.989,0.1481,0,0.0022,-0.1481,0.989,0,0,10.0835,-1.0008,1]},
{"frame":18,"values":[1,-0.0029,-0.0035,0,0.0033,0.9935,0.114,0,0.0031,-0.114,0.9935,0,0,10.0835,-1.0008,1]},
{"frame":19,"values":[1,-0.0037,-0.0058,0,0.004,0.9987,0.051,0,0.0056,-0.051,0.9987,0,0,10.0835,-1.0008,1]},
{"frame":20,"values":[0.9999,-0.01,-0.0021,0,0.01,0.9998,-0.0199,0,0.0023,0.0199,0.9998,0,0,10.0835,-1.0008,1]},
{"frame":21,"values":[0.9998,-0.0172,0.0133,0,0.0182,0.9969,-0.0769,0,-0.0119,0.0771,0.997,0,0,10.0835,-1.0008,1]},
{"frame":22,"values":[0.9993,-0.0185,0.0333,0,0.0217,0.995,-0.0977,0,-0.0314,0.0984,0.9947,0,0,10.0835,-1.0008,1]},
{"frame":23,"values":[0.9988,-0.0144,0.0471,0,0.0179,0.997,-0.0755,0,-0.0459,0.0763,0.996,0,0,10.0835,-1.0008,1]},
{"frame":24,"values":[0.9986,-0.012,0.0524,0,0.0135,0.9995,-0.0288,0,-0.052,0.0295,0.9982,0,0,10.0835,-1.0008,1]},
{"frame":25,"values":[0.9985,-0.0136,0.0528,0,0.0125,0.9997,0.0203,0,-0.0531,-0.0196,0.9984,0,0,10.0835,-1.0008,1]}],"loopBehavior":1,"name":"anim","property":"_matrix"}},
{"name":"mixamorig:Spine2","index":3,"matrix":[0.9986,-0.0132,0.0521,0,0.0122,0.9997,0.0209,0,-0.0524,-0.0202,0.9984,0,0,9.1,-1.3734,1],"rest":[1,0,0,0,0,1,0,0,0,0,1,0,0,9.1,-1.3734,1],"parentBoneIndex":2,"length":13.7198
,"animation":{"dataType":3,"framePerSecond":24,"keys":[
{"frame":1,"values":[0.9986,-0.0132,0.0521,0,0.0122,0.9997,0.0209,0,-0.0524,-0.0202,0.9984,0,0,9.1,-1.3734,1]},
{"frame":2,"values":[0.9992,0.0328,0.023,0,-0.0334,0.9991,0.0251,0,-0.0222,-0.0258,0.9994,0,0,9.1,-1.3734,1]},
{"frame":3,"values":[0.9938,0.1114,-0.0014,0,-0.1114,0.9937,0.016,0,0.0032,-0.0158,0.9999,0,0,9.1,-1.3734,1]},
{"frame":4,"values":[0.9864,0.1637,-0.0139,0,-0.1633,0.9862,0.0279,0,0.0183,-0.0253,0.9995,0,0,9.1,-1.3734,1]},
{"frame":5,"values":[0.9867,0.162,-0.0145,0,-0.1604,0.9839,0.0792,0,0.027,-0.0758,0.9968,0,0,9.1,-1.3734,1]},
{"frame":6,"values":[0.9912,0.1318,-0.0102,0,-0.1283,0.9781,0.164,0,0.0315,-0.1612,0.9864,0,0,9.1,-1.3734,1]},
{"frame":7,"values":[0.9945,0.1044,-0.0017,0,-0.1005,0.9616,0.2556,0,0.0283,-0.254,0.9668,0,0,9.1,-1.3734,1]},
{"frame":8,"values":[0.9969,0.0779,0.0092,0,-0.0764,0.9388,0.336,0,0.0175,-0.3356,0.9418,0,0,9.1,-1.3734,1]},
{"frame":9,"values":[0.9986,0.0503,0.0134,0,-0.0514,0.9155,0.3991,0,0.0078,-0.3992,0.9168,0,0,9.1,-1.3734,1]},
{"frame":10,"values":[0.9995,0.0298,0.0071,0,-0.0299,0.9015,0.4318,0,0.0064,-0.4318,0.9019,0,0,9.1,-1.3734,1]},
{"frame":11,"values":[0.9999,0.0144,-0.0046,0,-0.0111,0.9069,0.4212,0,0.0102,-0.4211,0.907,0,0,9.1,-1.3734,1]},
{"frame":12,"values":[0.9999,-0.0001,-0.0131,0,0.0049,0.9291,0.3698,0,0.0122,-0.3698,0.929,0,0,9.1,-1.3734,1]},
{"frame":13,"values":[0.9999,-0.0121,-0.0122,0,0.0152,0.9563,0.2921,0,0.0082,-0.2922,0.9563,0,0,9.1,-1.3734,1]},
{"frame":14,"values":[0.9999,-0.0146,-0.0066,0,0.0157,0.9754,0.2197,0,0.0032,-0.2198,0.9755,0,0,9.1,-1.3734,1]},
{"frame":15,"values":[0.9999,-0.0098,-0.0053,0,0.0106,0.9825,0.1857,0,0.0034,-0.1858,0.9826,0,0,9.1,-1.3734,1]},
{"frame":16,"values":[1,-0.0034,-0.0073,0,0.0047,0.9796,0.2011,0,0.0064,-0.2011,0.9795,0,0,9.1,-1.3734,1]},
{"frame":17,"values":[1,0.0017,-0.007,0,-0.0001,0.9747,0.2237,0,0.0072,-0.2236,0.9746,0,0,9.1,-1.3734,1]},
{"frame":18,"values":[1,0.0043,-0.0066,0,-0.0028,0.9758,0.2186,0,0.0074,-0.2186,0.9758,0,0,9.1,-1.3734,1]},
{"frame":19,"values":[1,0.0029,-0.0083,0,-0.0013,0.9832,0.1827,0,0.0087,-0.1827,0.9831,0,0,9.1,-1.3734,1]},
{"frame":20,"values":[1,-0.0041,-0.004,0,0.0046,0.9915,0.13,0,0.0034,-0.13,0.9915,0,0,9.1,-1.3734,1]},
{"frame":21,"values":[0.9998,-0.0119,0.0126,0,0.0109,0.9967,0.08,0,-0.0135,-0.0799,0.9967,0,0,9.1,-1.3734,1]},
{"frame":22,"values":[0.9993,-0.0141,0.0338,0,0.0124,0.9987,0.05,0,-0.0345,-0.0495,0.9982,0,0,9.1,-1.3734,1]},
{"frame":23,"values":[0.9988,-0.0114,0.0476,0,0.0101,0.9996,0.0265,0,-0.0479,-0.026,0.9985,0,0,9.1,-1.3734,1]},
{"frame":24,"values":[0.9986,-0.0106,0.0522,0,0.0103,0.9999,0.0067,0,-0.0522,-0.0062,0.9986,0,0,9.1,-1.3734,1]},
{"frame":25,"values":[0.9986,-0.0132,0.0521,0,0.0122,0.9997,0.0209,0,-0.0524,-0.0202,0.9984,0,0,9.1,-1.3734,1]}],"loopBehavior":1,"name":"anim","property":"_matrix"}},
{"name":"mixamorig:Neck","index":4,"matrix":[0.9993,-0.0274,-0.0266,0,0.0238,0.9913,-0.1294,0,0.0299,0.1287,0.9912,0,0,16.6717,-2.5162,1],"rest":[1,0,0,0,0,1,0,0,0,0,1,0,0,16.6717,-2.5162,1],"parentBoneIndex":3,"length":9.7644
,"animation":{"dataType":3,"framePerSecond":24,"keys":[
{"frame":1,"values":[0.9993,-0.0274,-0.0266,0,0.0238,0.9913,-0.1294,0,0.0299,0.1287,0.9912,0,0,16.6717,-2.5162,1]},
{"frame":2,"values":[0.9989,-0.0383,-0.0259,0,0.0342,0.9889,-0.1447,0,0.0312,0.1436,0.9891,0,0,16.6717,-2.5162,1]},
{"frame":3,"values":[0.996,-0.0869,-0.0187,0,0.084,0.9889,-0.1225,0,0.0291,0.1204,0.9923,0,0,16.6717,-2.5162,1]},
{"frame":4,"values":[0.9912,-0.1317,-0.0103,0,0.1307,0.9889,-0.0711,0,0.0195,0.0691,0.9974,0,0,16.6717,-2.5162,1]},
{"frame":5,"values":[0.9906,-0.1366,-0.0006,0,0.1366,0.9903,-0.0261,0,0.0042,0.0258,0.9997,0,0,16.6717,-2.5162,1]},
{"frame":6,"values":[0.9938,-0.1105,0.0078,0,0.1105,0.9938,-0.0074,0,-0.0069,0.0082,0.9999,0,0,16.6717,-2.5162,1]},
{"frame":7,"values":[0.996,-0.0887,0.0051,0,0.0887,0.9961,-0.0004,0,-0.0051,0.0009,1,0,0,16.6717,-2.5162,1]},
{"frame":8,"values":[0.9967,-0.0811,-0.007,0,0.0811,0.9967,0.0088,0,0.0063,-0.0094,0.9999,0,0,16.6717,-2.5162,1]},
{"frame":9,"values":[0.9971,-0.0741,-0.0156,0,0.0744,0.9971,0.0175,0,0.0142,-0.0186,0.9997,0,0,16.6717,-2.5162,1]},
{"frame":10,"values":[0.998,-0.0619,-0.0142,0,0.0622,0.9978,0.0211,0,0.0128,-0.022,0.9997,0,0,16.6717,-2.5162,1]},
{"frame":11,"values":[0.9986,-0.0513,-0.0094,0,0.0516,0.9983,0.0277,0,0.0079,-0.0282,0.9996,0,0,16.6717,-2.5162,1]},
{"frame":12,"values":[0.9989,-0.0467,-0.0084,0,0.0471,0.9972,0.058,0,0.0057,-0.0583,0.9983,0,0,16.6717,-2.5162,1]},
{"frame":13,"values":[0.999,-0.0436,-0.0092,0,0.0444,0.9921,0.1172,0,0.004,-0.1175,0.9931,0,0,16.6717,-2.5162,1]},
{"frame":14,"values":[0.9992,-0.0388,-0.005,0,0.039,0.9801,0.1947,0,-0.0026,-0.1948,0.9808,0,0,16.6717,-2.5162,1]},
{"frame":15,"values":[0.9992,-0.0409,0.0035,0,0.0387,0.9658,0.2565,0,-0.0138,-0.2562,0.9665,0,0,16.6717,-2.5162,1]},
{"frame":16,"values":[0.9981,-0.0615,0.007,0,0.0574,0.962,0.2669,0,-0.0232,-0.266,0.9637,0,0,16.6717,-2.5162,1]},
{"frame":17,"values":[0.9956,-0.0931,0.0049,0,0.0896,0.9708,0.2227,0,-0.0255,-0.2213,0.9749,0,0,16.6717,-2.5162,1]},
{"frame":18,"values":[0.9937,-0.112,0.0074,0,0.1099,0.9844,0.1375,0,-0.0227,-0.1358,0.9905,0,0,16.6717,-2.5162,1]},
{"frame":19,"values":[0.9944,-0.1035,0.0193,0,0.103,0.9944,0.0249,0,-0.0217,-0.0227,0.9995,0,0,16.6717,-2.5162,1]},
{"frame":20,"values":[0.9966,-0.0757,0.0323,0,0.0789,0.9903,-0.114,0,-0.0234,0.1162,0.993,0,0,16.6717,-2.5162,1]},
{"frame":21,"values":[0.9979,-0.0534,0.0359,0,0.0606,0.9678,-0.2441,0,-0.0217,0.2458,0.9691,0,0,16.6717,-2.5162,1]},
{"frame":22,"values":[0.9984,-0.0487,0.0284,0,0.055,0.9522,-0.3004,0,-0.0124,0.3014,0.9534,0,0,16.6717,-2.5162,1]},
{"frame":23,"values":[0.9987,-0.0504,0.0125,0,0.0519,0.9624,-0.2666,0,0.0014,0.2668,0.9637,0,0,16.6717,-2.5162,1]},
{"frame":24,"values":[0.999,-0.0442,-0.0078,0,0.042,0.9812,-0.1883,0,0.016,0.1878,0.9821,0,0,16.6717,-2.5162,1]},
{"frame":25,"values":[0.9993,-0.0274,-0.0266,0,0.0238,0.9913,-0.1294,0,0.0299,0.1287,0.9912,0,0,16.6717,-2.5162,1]}],"loopBehavior":1,"name":"anim","property":"_matrix"}},
{"name":"mixamorig:Head","index":5,"matrix":[0.9948,0.0926,0.0424,0,-0.0665,0.9061,-0.4179,0,-0.0771,0.4129,0.9075,0,0,9.6179,1.685,1],"rest":[1,0,0,0,0,1,0,0,0,0,1,0,0,9.6179,1.685,1],"parentBoneIndex":4,"length":13.7945
,"animation":{"dataType":3,"framePerSecond":24,"keys":[
{"frame":1,"values":[0.9948,0.0926,0.0424,0,-0.0665,0.9061,-0.4179,0,-0.0771,0.4129,0.9075,0,0,9.6179,1.685,1]},
{"frame":2,"values":[0.9981,0.0433,-0.0435,0,-0.0511,0.9786,-0.1992,0,0.0339,0.2011,0.979,0,0,9.6179,1.685,1]},
{"frame":3,"values":[0.9929,-0.0278,-0.1154,0,0.0397,0.994,0.1023,0,0.1118,-0.1062,0.988,0,0,9.6179,1.685,1]},
{"frame":4,"values":[0.9825,-0.0903,-0.163,0,0.1411,0.932,0.3338,0,0.1218,-0.351,0.9284,0,0,9.6179,1.685,1]},
{"frame":5,"values":[0.9775,-0.1332,-0.1636,0,0.1896,0.8947,0.4045,0,0.0925,-0.4264,0.8998,0,0,9.6179,1.685,1]},
{"frame":6,"values":[0.9788,-0.1549,-0.134,0,0.1922,0.9204,0.3404,0,0.0706,-0.3589,0.9307,0,0,9.6179,1.685,1]},
{"frame":7,"values":[0.9786,-0.1697,-0.116,0,0.1916,0.9574,0.2162,0,0.0744,-0.2338,0.9694,0,0,9.6179,1.685,1]},
{"frame":8,"values":[0.9766,-0.1875,-0.1054,0,0.1953,0.9783,0.0692,0,0.0902,-0.0882,0.992,0,0,9.6179,1.685,1]},
{"frame":9,"values":[0.9776,-0.1947,-0.0794,0,0.1891,0.9793,-0.0727,0,0.0919,0.056,0.9942,0,0,9.6179,1.685,1]},
{"frame":10,"values":[0.983,-0.1794,-0.0389,0,0.1701,0.9699,-0.1741,0,0.069,0.1646,0.984,0,0,9.6179,1.685,1]},
{"frame":11,"values":[0.9887,-0.1497,0,0,0.1459,0.9636,-0.2239,0,0.0335,0.2214,0.9746,0,0,9.6179,1.685,1]},
{"frame":12,"values":[0.9932,-0.1113,0.0333,0,0.116,0.9679,-0.223,0,-0.0075,0.2253,0.9743,0,0,9.6179,1.685,1]},
{"frame":13,"values":[0.9946,-0.066,0.0806,0,0.0807,0.9775,-0.1951,0,-0.066,0.2005,0.9775,0,0,9.6179,1.685,1]},
{"frame":14,"values":[0.9865,-0.0257,0.1616,0,0.0517,0.9859,-0.1589,0,-0.1553,0.1651,0.974,0,0,9.6179,1.685,1]},
{"frame":15,"values":[0.9651,-0.009,0.2616,0,0.0478,0.9886,-0.1426,0,-0.2573,0.1501,0.9546,0,0,9.6179,1.685,1]},
{"frame":16,"values":[0.9396,-0.0142,0.342,0,0.0649,0.9884,-0.1373,0,-0.3361,0.1512,0.9296,0,0,9.6179,1.685,1]},
{"frame":17,"values":[0.9221,-0.0245,0.3862,0,0.0576,0.9956,-0.0744,0,-0.3827,0.0908,0.9194,0,0,9.6179,1.685,1]},
{"frame":18,"values":[0.9095,-0.0215,0.4151,0,-0.0151,0.9963,0.0845,0,-0.4154,-0.0831,0.9059,0,0,9.6179,1.685,1]},
{"frame":19,"values":[0.8935,0.0059,0.449,0,-0.1256,0.9633,0.2374,0,-0.4311,-0.2685,0.8615,0,0,9.6179,1.685,1]},
{"frame":20,"values":[0.8839,0.0569,0.4641,0,-0.2092,0.9358,0.2836,0,-0.4182,-0.3478,0.8391,0,0,9.6179,1.685,1]},
{"frame":21,"values":[0.8878,0.1151,0.4456,0,-0.2426,0.9399,0.2405,0,-0.3911,-0.3216,0.8623,0,0,9.6179,1.685,1]},
{"frame":22,"values":[0.9053,0.1635,0.392,0,-0.23,0.9646,0.1288,0,-0.3571,-0.2068,0.9109,0,0,9.6179,1.685,1]},
{"frame":23,"values":[0.936,0.1885,0.2974,0,-0.1826,0.982,-0.0477,0,-0.301,-0.0096,0.9536,0,0,9.6179,1.685,1]},
{"frame":24,"values":[0.9716,0.1653,0.1693,0,-0.1181,0.9588,-0.2584,0,-0.205,0.2311,0.9511,0,0,9.6179,1.685,1]},
{"frame":25,"values":[0.9948,0.0926,0.0424,0,-0.0665,0.9061,-0.4179,0,-0.0771,0.4129,0.9075,0,0,9.6179,1.685,1]}],"loopBehavior":1,"name":"anim","property":"_matrix"}},
{"name":"mixamorig:HeadTop_End","index":6,"matrix":[1,0,0,0,0,1,0,0,0,0,1,0,0,17.8152,2.585,1],"rest":[1,0,0,0,0,1,0,0,0,0,1,0,0,17.8152,2.585,1],"parentBoneIndex":5,"length":13.7945
,"animation":{"dataType":3,"framePerSecond":24,"keys":[
{"frame":1,"values":[1,0,0,0,0,1,0,0,0,0,1,0,0,17.8152,2.585,1]},
{"frame":25,"values":[1,0,0,0,0,1,0,0,0,0,1,0,0,17.8152,2.585,1]}],"loopBehavior":1,"name":"anim","property":"_matrix"}},
{"name":"mixamorig:LeftEye","index":7,"matrix":[1,0,0,0,0,1,0,0,0,0,1,0,3.0676,6.4095,9.2836,1],"rest":[1,0,0,0,0,1,0,0,0,0,1,0,3.0676,6.4095,9.2836,1],"parentBoneIndex":5,"length":13.7945
,"animation":{"dataType":3,"framePerSecond":24,"keys":[
{"frame":1,"values":[1,0,0,0,0,1,0,0,0,0,1,0,3.0676,6.4095,9.2836,1]},
{"frame":25,"values":[1,0,0,0,0,1,0,0,0,0,1,0,3.0676,6.4095,9.2836,1]}],"loopBehavior":1,"name":"anim","property":"_matrix"}},
{"name":"mixamorig:RightEye","index":8,"matrix":[1,0,0,0,0,1,0,0,0,0,1,0,-3.0676,6.4095,9.2835,1],"rest":[1,0,0,0,0,1,0,0,0,0,1,0,-3.0676,6.4095,9.2835,1],"parentBoneIndex":5,"length":13.7945
,"animation":{"dataType":3,"framePerSecond":24,"keys":[
{"frame":1,"values":[1,0,0,0,0,1,0,0,0,0,1,0,-3.0676,6.4095,9.2835,1]},
{"frame":25,"values":[1,0,0,0,0,1,0,0,0,0,1,0,-3.0676,6.4095,9.2835,1]}],"loopBehavior":1,"name":"anim","property":"_matrix"}},
{"name":"mixamorig:LeftShoulder","index":9,"matrix":[0.931,-0.3223,0.1713,0,0.3168,0.9467,0.0588,0,-0.1811,-0.0005,0.9835,0,4.5704,10.946,-2.628,1],"rest":[1,0,0,0,0,1,0,0,0,0,1,0,4.5704,10.946,-2.628,1],"parentBoneIndex":3,"length":10.8377
,"animation":{"dataType":3,"framePerSecond":24,"keys":[
{"frame":1,"values":[0.931,-0.3223,0.1713,0,0.3168,0.9467,0.0588,0,-0.1811,-0.0005,0.9835,0,4.5704,10.946,-2.628,1]},
{"frame":2,"values":[0.9779,-0.1134,0.1755,0,0.1086,0.9934,0.0371,0,-0.1786,-0.0172,0.9838,0,4.5704,10.946,-2.628,1]},
{"frame":3,"values":[0.9919,-0.0008,0.1268,0,-0.0015,0.9998,0.0184,0,-0.1268,-0.0184,0.9918,0,4.5704,10.946,-2.628,1]},
{"frame":4,"values":[0.9971,0.0132,0.0744,0,-0.014,0.9999,0.01,0,-0.0742,-0.011,0.9972,0,4.5704,10.946,-2.628,1]},
{"frame":5,"values":[0.9978,-0.0149,0.0642,0,0.0142,0.9998,0.0111,0,-0.0644,-0.0102,0.9979,0,4.5704,10.946,-2.628,1]},
{"frame":6,"values":[0.9956,-0.0512,0.0786,0,0.0501,0.9986,0.0152,0,-0.0792,-0.0112,0.9968,0,4.5704,10.946,-2.628,1]},
{"frame":7,"values":[0.9928,-0.0935,0.0753,0,0.0924,0.9956,0.0181,0,-0.0767,-0.011,0.997,0,4.5704,10.946,-2.628,1]},
{"frame":8,"values":[0.9896,-0.1321,0.0567,0,0.1312,0.9912,0.0189,0,-0.0587,-0.0113,0.9982,0,4.5704,10.946,-2.628,1]},
{"frame":9,"values":[0.988,-0.1459,0.0516,0,0.1452,0.9893,0.0167,0,-0.0535,-0.009,0.9985,0,4.5704,10.946,-2.628,1]},
{"frame":10,"values":[0.9885,-0.1371,0.0641,0,0.1363,0.9905,0.0165,0,-0.0658,-0.0075,0.9978,0,4.5704,10.946,-2.628,1]},
{"frame":11,"values":[0.9884,-0.136,0.0672,0,0.134,0.9904,0.0334,0,-0.0711,-0.024,0.9972,0,4.5704,10.946,-2.628,1]},
{"frame":12,"values":[0.9869,-0.1569,0.0385,0,0.1535,0.985,0.0787,0,-0.0503,-0.0717,0.9962,0,4.5704,10.946,-2.628,1]},
{"frame":13,"values":[0.9844,-0.1756,-0.007,0,0.1748,0.9744,0.1413,0,-0.018,-0.1403,0.9899,0,4.5704,10.946,-2.628,1]},
{"frame":14,"values":[0.9875,-0.1537,-0.0342,0,0.1574,0.9649,0.2103,0,0.0006,-0.213,0.977,0,4.5704,10.946,-2.628,1]},
{"frame":15,"values":[0.9958,-0.085,-0.0329,0,0.0908,0.9562,0.2781,0,0.0078,-0.28,0.96,0,4.5704,10.946,-2.628,1]},
{"frame":16,"values":[0.9994,-0.0105,-0.0327,0,0.0206,0.9448,0.3269,0,0.0275,-0.3273,0.9445,0,4.5704,10.946,-2.628,1]},
{"frame":17,"values":[0.9981,0.0026,-0.0615,0,0.0184,0.9408,0.3384,0,0.0587,-0.3389,0.939,0,4.5704,10.946,-2.628,1]},
{"frame":18,"values":[0.9917,-0.0789,-0.1016,0,0.107,0.9444,0.311,0,0.0714,-0.3193,0.945,0,4.5704,10.946,-2.628,1]},
{"frame":19,"values":[0.9739,-0.1994,-0.1081,0,0.2217,0.9376,0.2678,0,0.048,-0.2848,0.9574,0,4.5704,10.946,-2.628,1]},
{"frame":20,"values":[0.9573,-0.2817,-0.0644,0,0.289,0.9308,0.2237,0,-0.0031,-0.2328,0.9725,0,4.5704,10.946,-2.628,1]},
{"frame":21,"values":[0.9529,-0.3034,0.0024,0,0.2981,0.9376,0.1789,0,-0.0565,-0.1698,0.9839,0,4.5704,10.946,-2.628,1]},
{"frame":22,"values":[0.9538,-0.2931,0.0661,0,0.2827,0.95,0.1325,0,-0.1016,-0.1077,0.989,0,4.5704,10.946,-2.628,1]},
{"frame":23,"values":[0.9501,-0.2896,0.1162,0,0.2801,0.9556,0.092,0,-0.1377,-0.0549,0.989,0,4.5704,10.946,-2.628,1]},
{"frame":24,"values":[0.941,-0.3031,0.1502,0,0.2961,0.9528,0.0674,0,-0.1636,-0.019,0.9864,0,4.5704,10.946,-2.628,1]},
{"frame":25,"values":[0.931,-0.3223,0.1713,0,0.3168,0.9467,0.0588,0,-0.1811,-0.0005,0.9835,0,4.5704,10.946,-2.628,1]}],"loopBehavior":1,"name":"anim","property":"_matrix"}},
{"name":"mixamorig:LeftArm","index":10,"matrix":[0.7043,-0.4986,0.5053,0,0.6354,0.7603,-0.1354,0,-0.3166,0.4164,0.8523,0,10.5924,-0.5246,-2.2321,1],"rest":[1,0,0,0,0,1,0,0,0,0,1,0,10.5924,-0.5246,-2.2321,1],"parentBoneIndex":9,"length":27.8415
,"animation":{"dataType":3,"framePerSecond":24,"keys":[
{"frame":1,"values":[0.7043,-0.4986,0.5053,0,0.6354,0.7603,-0.1354,0,-0.3166,0.4164,0.8523,0,10.5924,-0.5246,-2.2321,1]},
{"frame":2,"values":[0.6222,-0.4739,0.6231,0,0.7538,0.5774,-0.3135,0,-0.2112,0.6648,0.7165,0,10.5924,-0.5246,-2.2321,1]},
{"frame":3,"values":[0.5933,-0.4554,0.6638,0,0.8015,0.411,-0.4344,0,-0.0749,0.7897,0.6088,0,10.5924,-0.5246,-2.2321,1]},
{"frame":4,"values":[0.6104,-0.5046,0.6106,0,0.791,0.3472,-0.5038,0,0.0422,0.7905,0.611,0,10.5924,-0.5246,-2.2321,1]},
{"frame":5,"values":[0.6203,-0.6257,0.473,0,0.773,0.3853,-0.504,0,0.1332,0.6783,0.7226,0,10.5924,-0.5246,-2.2321,1]},
{"frame":6,"values":[0.5987,-0.7473,0.2883,0,0.7798,0.4616,-0.4228,0,0.1829,0.478,0.8591,0,10.5924,-0.5246,-2.2321,1]},
{"frame":7,"values":[0.5781,-0.8055,0.1302,0,0.7926,0.5165,-0.324,0,0.1937,0.2905,0.9371,0,10.5924,-0.5246,-2.2321,1]},
{"frame":8,"values":[0.5772,-0.8155,0.0426,0,0.7941,0.5483,-0.2624,0,0.1906,0.1852,0.964,0,10.5924,-0.5246,-2.2321,1]},
{"frame":9,"values":[0.5599,-0.8284,0.0133,0,0.8119,0.5454,-0.2084,0,0.1654,0.1275,0.978,0,10.5924,-0.5246,-2.2321,1]},
{"frame":10,"values":[0.5162,-0.8564,-0.0138,0,0.8527,0.5154,-0.0859,0,0.0807,0.0325,0.9962,0,10.5924,-0.5246,-2.2321,1]},
{"frame":11,"values":[0.5042,-0.8592,-0.0869,0,0.8618,0.4941,0.1151,0,-0.056,-0.1329,0.9895,0,10.5924,-0.5246,-2.2321,1]},
{"frame":12,"values":[0.554,-0.8033,-0.2189,0,0.8152,0.4701,0.3383,0,-0.1688,-0.3658,0.9153,0,10.5924,-0.5246,-2.2321,1]},
{"frame":13,"values":[0.6154,-0.6965,-0.369,0,0.7576,0.3937,0.5206,0,-0.2174,-0.5999,0.7699,0,10.5924,-0.5246,-2.2321,1]},
{"frame":14,"values":[0.6624,-0.5709,-0.4851,0,0.7153,0.2895,0.6361,0,-0.2228,-0.7683,0.6001,0,10.5924,-0.5246,-2.2321,1]},
{"frame":15,"values":[0.6934,-0.4423,-0.5689,0,0.6961,0.207,0.6875,0,-0.1863,-0.8726,0.4515,0,10.5924,-0.5246,-2.2321,1]},
{"frame":16,"values":[0.6902,-0.3593,-0.6281,0,0.7096,0.1661,0.6847,0,-0.1417,-0.9183,0.3697,0,10.5924,-0.5246,-2.2321,1]},
{"frame":17,"values":[0.6819,-0.3966,-0.6146,0,0.7107,0.1605,0.685,0,-0.173,-0.9039,0.3913,0,10.5924,-0.5246,-2.2321,1]},
{"frame":18,"values":[0.7132,-0.5358,-0.4519,0,0.6431,0.2438,0.7259,0,-0.2787,-0.8084,0.5185,0,10.5924,-0.5246,-2.2321,1]},
{"frame":19,"values":[0.7473,-0.6319,-0.2055,0,0.5712,0.4528,0.6847,0,-0.3396,-0.629,0.6993,0,10.5924,-0.5246,-2.2321,1]},
{"frame":20,"values":[0.77,-0.6378,-0.0191,0,0.5844,0.693,0.4221,0,-0.256,-0.3362,0.9063,0,10.5924,-0.5246,-2.2321,1]},
{"frame":21,"values":[0.7643,-0.641,0.07,0,0.6379,0.7675,0.0636,0,-0.0945,-0.0039,0.9955,0,10.5924,-0.5246,-2.2321,1]},
{"frame":22,"values":[0.6848,-0.7147,0.1426,0,0.7287,0.6697,-0.1429,0,0.0067,0.2018,0.9794,0,10.5924,-0.5246,-2.2321,1]},
{"frame":23,"values":[0.5766,-0.7775,0.2512,0,0.817,0.5502,-0.1725,0,-0.0041,0.3047,0.9524,0,10.5924,-0.5246,-2.2321,1]},
{"frame":24,"values":[0.5729,-0.7228,0.3865,0,0.8104,0.5702,-0.1348,0,-0.123,0.3904,0.9124,0,10.5924,-0.5246,-2.2321,1]},
{"frame":25,"values":[0.7043,-0.4986,0.5053,0,0.6354,0.7603,-0.1354,0,-0.3166,0.4164,0.8523,0,10.5924,-0.5246,-2.2321,1]}],"loopBehavior":1,"name":"anim","property":"_matrix"}},
{"name":"mixamorig:LeftForeArm","index":11,"matrix":[-0.1975,0,0.9803,0,0,1,0,0,-0.9803,0,-0.1975,0,27.8415,-0.0001,0,1],"rest":[1,0,0,0,0,1,0,0,0,0,1,0,27.8415,-0.0001,0,1],"parentBoneIndex":10,"length":28.3288
,"animation":{"dataType":3,"framePerSecond":24,"keys":[
{"frame":1,"values":[-0.1975,0,0.9803,0,0,1,0,0,-0.9803,0,-0.1975,0,27.8415,-0.0001,0,1]},
{"frame":2,"values":[-0.1149,0,0.9934,0,0,1,0,0,-0.9934,0,-0.1149,0,27.8415,-0.0001,0,1]},
{"frame":3,"values":[-0.0673,0,0.9977,0,0,1,0,0,-0.9977,0,-0.0673,0,27.8415,-0.0001,0,1]},
{"frame":4,"values":[-0.0218,0,0.9998,0,0,1,0,0,-0.9998,0,-0.0218,0,27.8415,-0.0001,0,1]},
{"frame":5,"values":[0.0607,0,0.9982,0,0,1,0,0,-0.9982,0,0.0607,0,27.8415,-0.0001,0,1]},
{"frame":6,"values":[0.177,0,0.9842,0,0,1,0,0,-0.9842,0,0.177,0,27.8415,-0.0001,0,1]},
{"frame":7,"values":[0.3187,0,0.9478,0,0,1,0,0,-0.9478,0,0.3187,0,27.8415,-0.0001,0,1]},
{"frame":8,"values":[0.51,0,0.8602,0,0,1,0,0,-0.8602,0,0.51,0,27.8415,-0.0001,0,1]},
{"frame":9,"values":[0.7172,0,0.6968,0,0,1,0,0,-0.6968,0,0.7172,0,27.8415,-0.0001,0,1]},
{"frame":10,"values":[0.8602,0,0.51,0,0,1,0,0,-0.51,0,0.8602,0,27.8415,-0.0001,0,1]},
{"frame":11,"values":[0.9177,0,0.3973,0,0,1,0,0,-0.3973,0,0.9177,0,27.8415,-0.0001,0,1]},
{"frame":12,"values":[0.9161,0,0.401,0,0,1,0,0,-0.401,0,0.9161,0,27.8415,-0.0001,0,1]},
{"frame":13,"values":[0.8815,0,0.4723,0,0,1,0,0,-0.4723,0,0.8815,0,27.8415,-0.0001,0,1]},
{"frame":14,"values":[0.8353,0,0.5498,0,0,1,0,0,-0.5498,0,0.8353,0,27.8415,-0.0001,0,1]},
{"frame":15,"values":[0.8205,0,0.5717,0,0,1,0,0,-0.5717,0,0.8205,0,27.8415,-0.0001,0,1]},
{"frame":16,"values":[0.8747,0,0.4847,0,0,1,0,0,-0.4847,0,0.8747,0,27.8415,-0.0001,0,1]},
{"frame":17,"values":[0.9511,0,0.3088,0,0,1,0,0,-0.3088,0,0.9511,0,27.8415,-0.0001,0,1]},
{"frame":18,"values":[0.9906,0,0.1369,0,0,1,0,0,-0.1369,0,0.9906,0,27.8415,-0.0001,0,1]},
{"frame":19,"values":[0.9998,0,0.0216,0,0,1,0,0,-0.0216,0,0.9998,0,27.8415,-0.0001,0,1]},
{"frame":20,"values":[1,0,0,0,0,1,0,0,0,0,1,0,27.8415,-0.0001,0,1]},
{"frame":21,"values":[0.9983,0,0.0579,0,0,1,0,0,-0.0579,0,0.9983,0,27.8415,-0.0001,0,1]},
{"frame":22,"values":[0.8565,0,0.5161,0,0,1,0,0,-0.5161,0,0.8565,0,27.8415,-0.0001,0,1]},
{"frame":23,"values":[0.324,0,0.9461,0,0,1,0,0,-0.9461,0,0.324,0,27.8415,-0.0001,0,1]},
{"frame":24,"values":[-0.1469,0,0.9892,0,0,1,0,0,-0.9892,0,-0.1469,0,27.8415,-0.0001,0,1]},
{"frame":25,"values":[-0.1975,0,0.9803,0,0,1,0,0,-0.9803,0,-0.1975,0,27.8415,-0.0001,0,1]}],"loopBehavior":1,"name":"anim","property":"_matrix"}},
{"name":"mixamorig:LeftHand","index":12,"matrix":[0.9635,0.0794,0.2557,0,-0.2071,0.8263,0.5238,0,-0.1697,-0.5577,0.8125,0,28.3288,0,0,1],"rest":[1,0,0,0,0,1,0.0005,0,0,-0.0005,1,0,28.3288,0,0,1],"parentBoneIndex":11,"length":8.2279
,"animation":{"dataType":3,"framePerSecond":24,"keys":[
{"frame":1,"values":[0.9635,0.0794,0.2557,0,-0.2071,0.8263,0.5238,0,-0.1697,-0.5577,0.8125,0,28.3288,0,0,1]},
{"frame":2,"values":[0.9826,0.0779,0.1687,0,-0.1708,0.7365,0.6546,0,-0.0732,-0.672,0.737,0,28.3288,0,0,1]},
{"frame":3,"values":[0.9892,0.1208,0.0827,0,-0.1452,0.7389,0.658,0,0.0183,-0.6629,0.7484,0,28.3288,0,0,1]},
{"frame":4,"values":[0.975,0.1888,0.1171,0,-0.2218,0.7964,0.5626,0,0.0129,-0.5745,0.8184,0,28.3288,0,0,1]},
{"frame":5,"values":[0.91,0.2142,0.355,0,-0.3713,0.8021,0.4677,0,-0.1846,-0.5574,0.8095,0,28.3288,0,0,1]},
{"frame":6,"values":[0.714,0.1614,0.6813,0,-0.5443,0.74,0.3951,0,-0.4404,-0.6529,0.6162,0,28.3288,0,0,1]},
{"frame":7,"values":[0.5121,0.1285,0.8493,0,-0.6814,0.6628,0.3106,0,-0.5229,-0.7377,0.4269,0,28.3288,0,0,1]},
{"frame":8,"values":[0.5247,0.2214,0.822,0,-0.7316,0.6109,0.3025,0,-0.4352,-0.7601,0.4825,0,28.3288,0,0,1]},
{"frame":9,"values":[0.6221,0.4294,0.6547,0,-0.7456,0.5802,0.3279,0,-0.239,-0.6921,0.6811,0,28.3288,0,0,1]},
{"frame":10,"values":[0.6934,0.556,0.4584,0,-0.7191,0.5747,0.3906,0,-0.0462,-0.6005,0.7983,0,28.3288,0,0,1]},
{"frame":11,"values":[0.8348,0.4518,0.3145,0,-0.5501,0.6624,0.5085,0,0.0214,-0.5975,0.8016,0,28.3288,0,0,1]},
{"frame":12,"values":[0.9827,0.0993,0.1566,0,-0.172,0.803,0.5706,0,-0.0691,-0.5876,0.8062,0,28.3288,0,0,1]},
{"frame":13,"values":[0.9566,-0.2861,-0.0559,0,0.2724,0.8089,0.5211,0,-0.1038,-0.5137,0.8517,0,28.3288,0,0,1]},
{"frame":14,"values":[0.8613,-0.4375,-0.2583,0,0.5077,0.722,0.4701,0,-0.0192,-0.536,0.844,0,28.3288,0,0,1]},
{"frame":15,"values":[0.8348,-0.3981,-0.3802,0,0.548,0.6668,0.5051,0,0.0524,-0.63,0.7748,0,28.3288,0,0,1]},
{"frame":16,"values":[0.8582,-0.3342,-0.3896,0,0.5078,0.6639,0.549,0,0.0751,-0.669,0.7395,0,28.3288,0,0,1]},
{"frame":17,"values":[0.8957,-0.3327,-0.2951,0,0.4421,0.7379,0.5099,0,0.0481,-0.5871,0.808,0,28.3288,0,0,1]},
{"frame":18,"values":[0.9335,-0.3312,-0.1374,0,0.3577,0.8342,0.4196,0,-0.0243,-0.4409,0.8972,0,28.3288,0,0,1]},
{"frame":19,"values":[0.9683,-0.2496,0.0051,0,0.2232,0.8749,0.4298,0,-0.1117,-0.415,0.9029,0,28.3288,0,0,1]},
{"frame":20,"values":[0.9881,-0.117,0.1,0,0.0449,0.8405,0.54,0,-0.1472,-0.529,0.8357,0,28.3288,0,0,1]},
{"frame":21,"values":[0.9858,-0.0177,0.1672,0,-0.0887,0.7899,0.6067,0,-0.1428,-0.6129,0.7771,0,28.3288,0,0,1]},
{"frame":22,"values":[0.9789,0.0006,0.2044,0,-0.1318,0.7664,0.6288,0,-0.1563,-0.6424,0.7502,0,28.3288,0,0,1]},
{"frame":23,"values":[0.9768,-0.0338,0.2113,0,-0.1198,0.7316,0.6711,0,-0.1772,-0.6809,0.7106,0,28.3288,0,0,1]},
{"frame":24,"values":[0.9753,-0.0318,0.2185,0,-0.1271,0.7281,0.6735,0,-0.1805,-0.6847,0.7061,0,28.3288,0,0,1]},
{"frame":25,"values":[0.9635,0.0794,0.2557,0,-0.2071,0.8263,0.5238,0,-0.1697,-0.5577,0.8125,0,28.3288,0,0,1]}],"loopBehavior":1,"name":"anim","property":"_matrix"}},
{"name":"mixamorig:LeftHandThumb1","index":13,"matrix":[0.9996,0.0265,-0.0091,0,-0.0276,0.9854,-0.168,0,0.0045,0.1682,0.9857,0,2.4661,-1.575,2.6824,1],"rest":[1,0.0002,0.0002,0,-0.0002,1,-0.0002,0,-0.0002,0.0002,1,0,2.4661,-1.575,2.6824,1],"parentBoneIndex":12,"length":4.1696
,"animation":{"dataType":3,"framePerSecond":24,"keys":[
{"frame":1,"values":[0.9996,0.0265,-0.0091,0,-0.0276,0.9854,-0.168,0,0.0045,0.1682,0.9857,0,2.4661,-1.575,2.6824,1]},
{"frame":6,"values":[0.9997,0.021,-0.0087,0,-0.0222,0.9839,-0.1774,0,0.0049,0.1776,0.9841,0,2.4661,-1.575,2.6824,1]},
{"frame":7,"values":[0.9988,-0.0478,0.0043,0,0.0471,0.958,-0.2829,0,0.0094,0.2827,0.9592,0,2.4661,-1.575,2.6824,1]},
{"frame":8,"values":[0.9937,-0.1044,0.041,0,0.1121,0.9363,-0.3328,0,-0.0037,0.3353,0.9421,0,2.4661,-1.575,2.6824,1]},
{"frame":9,"values":[0.993,-0.0112,0.1177,0,0.0198,0.9972,-0.0723,0,-0.1166,0.0741,0.9904,0,2.4661,-1.575,2.6824,1]},
{"frame":10,"values":[0.9798,0.045,0.1947,0,-0.0713,0.989,0.13,0,-0.1867,-0.1412,0.9722,0,2.4661,-1.575,2.6824,1]},
{"frame":13,"values":[0.986,0.0456,0.1601,0,-0.06,0.9945,0.0858,0,-0.1553,-0.0942,0.9834,0,2.4661,-1.575,2.6824,1]},
{"frame":14,"values":[0.9968,0.0403,0.0687,0,-0.0374,0.9984,-0.043,0,-0.0703,0.0403,0.9967,0,2.4661,-1.575,2.6824,1]},
{"frame":15,"values":[0.9996,0.0283,-0.0014,0,-0.0282,0.9875,-0.1548,0,-0.003,0.1548,0.9879,0,2.4661,-1.575,2.6824,1]},
{"frame":16,"values":[0.9996,0.0265,-0.0091,0,-0.0276,0.9854,-0.168,0,0.0045,0.1682,0.9857,0,2.4661,-1.575,2.6824,1]},
{"frame":18,"values":[0.9997,0.0229,-0.0078,0,-0.0238,0.9847,-0.1728,0,0.0037,0.173,0.9849,0,2.4661,-1.575,2.6824,1]},
{"frame":19,"values":[0.9996,-0.0255,0.0119,0,0.0276,0.9719,-0.2338,0,-0.0056,0.234,0.9722,0,2.4661,-1.575,2.6824,1]},
{"frame":20,"values":[0.9952,-0.089,0.0411,0,0.0974,0.947,-0.3061,0,-0.0117,0.3086,0.9511,0,2.4661,-1.575,2.6824,1]},
{"frame":21,"values":[0.9947,-0.0935,0.0434,0,0.1024,0.9449,-0.311,0,-0.0119,0.3138,0.9494,0,2.4661,-1.575,2.6824,1]},
{"frame":22,"values":[0.9997,-0.0217,0.0102,0,0.0235,0.9732,-0.2289,0,-0.0049,0.2291,0.9734,0,2.4661,-1.575,2.6824,1]},
{"frame":23,"values":[0.9996,0.0265,-0.0091,0,-0.0276,0.9854,-0.168,0,0.0045,0.1682,0.9857,0,2.4661,-1.575,2.6824,1]},
{"frame":25,"values":[0.9996,0.0265,-0.0091,0,-0.0276,0.9854,-0.168,0,0.0045,0.1682,0.9857,0,2.4661,-1.575,2.6824,1]}],"loopBehavior":1,"name":"anim","property":"_matrix"}},
{"name":"mixamorig:LeftHandThumb2","index":14,"matrix":[0.9323,0.0559,-0.3572,0,0.0564,0.9534,0.2964,0,0.3572,-0.2965,0.8857,0,3.2298,-1.8647,1.8647,1],"rest":[1,0,0,0,0,1,0,0,0,0,1,0,3.2298,-1.8647,1.8647,1],"parentBoneIndex":13,"length":3.4245
,"animation":{"dataType":3,"framePerSecond":24,"keys":[
{"frame":1,"values":[0.9323,0.0559,-0.3572,0,0.0564,0.9534,0.2964,0,0.3572,-0.2965,0.8857,0,3.2298,-1.8647,1.8647,1]},
{"frame":4,"values":[0.9599,0.0057,-0.2801,0,0.0746,0.9585,0.2752,0,0.2701,-0.2851,0.9197,0,3.2298,-1.8647,1.8647,1]},
{"frame":5,"values":[0.9884,-0.0848,-0.126,0,0.1136,0.9635,0.2424,0,0.1008,-0.2539,0.962,0,3.2298,-1.8647,1.8647,1]},
{"frame":6,"values":[0.9901,-0.139,-0.0174,0,0.1393,0.9642,0.2255,0,-0.0146,-0.2257,0.9741,0,3.2298,-1.8647,1.8647,1]},
{"frame":7,"values":[0.9891,-0.1463,0.016,0,0.1392,0.9653,0.2209,0,-0.0477,-0.2163,0.9752,0,3.2298,-1.8647,1.8647,1]},
{"frame":8,"values":[0.9901,-0.139,0.0213,0,0.1309,0.9663,0.2217,0,-0.0514,-0.2167,0.9749,0,3.2298,-1.8647,1.8647,1]},
{"frame":9,"values":[0.9911,-0.1322,0.0178,0,0.1249,0.9669,0.2226,0,-0.0466,-0.2184,0.9748,0,3.2298,-1.8647,1.8647,1]},
{"frame":10,"values":[0.9918,-0.1274,0.0106,0,0.1219,0.967,0.2237,0,-0.0387,-0.2205,0.9746,0,3.2298,-1.8647,1.8647,1]},
{"frame":13,"values":[0.9917,-0.1286,0.0044,0,0.1243,0.9665,0.2244,0,-0.0331,-0.2219,0.9745,0,3.2298,-1.8647,1.8647,1]},
{"frame":14,"values":[0.9912,-0.1316,-0.0129,0,0.1311,0.9652,0.2261,0,-0.0174,-0.2258,0.974,0,3.2298,-1.8647,1.8647,1]},
{"frame":15,"values":[0.9906,-0.1341,-0.0273,0,0.1368,0.9641,0.2274,0,-0.0041,-0.229,0.9734,0,3.2298,-1.8647,1.8647,1]},
{"frame":16,"values":[0.9905,-0.1344,-0.029,0,0.1375,0.964,0.2276,0,-0.0026,-0.2294,0.9733,0,3.2298,-1.8647,1.8647,1]},
{"frame":17,"values":[0.9905,-0.1344,-0.0291,0,0.1375,0.964,0.2276,0,-0.0026,-0.2294,0.9733,0,3.2298,-1.8647,1.8647,1]},
{"frame":18,"values":[0.9905,-0.1354,-0.0259,0,0.1377,0.9641,0.2271,0,-0.0058,-0.2284,0.9735,0,3.2298,-1.8647,1.8647,1]},
{"frame":19,"values":[0.9892,-0.1463,0.0125,0,0.1399,0.9651,0.2213,0,-0.0445,-0.2171,0.9751,0,3.2298,-1.8647,1.8647,1]},
{"frame":20,"values":[0.9896,-0.1423,0.0203,0,0.1343,0.9659,0.2212,0,-0.0511,-0.2162,0.975,0,3.2298,-1.8647,1.8647,1]},
{"frame":21,"values":[0.993,-0.1146,-0.0275,0,0.1178,0.9663,0.229,0,0.0003,-0.2307,0.973,0,3.2298,-1.8647,1.8647,1]},
{"frame":22,"values":[0.9718,-0.0116,-0.2355,0,0.0763,0.9605,0.2675,0,0.2231,-0.2779,0.9343,0,3.2298,-1.8647,1.8647,1]},
{"frame":23,"values":[0.9323,0.0559,-0.3572,0,0.0564,0.9534,0.2964,0,0.3572,-0.2965,0.8857,0,3.2298,-1.8647,1.8647,1]},
{"frame":25,"values":[0.9323,0.0559,-0.3572,0,0.0564,0.9534,0.2964,0,0.3572,-0.2965,0.8857,0,3.2298,-1.8647,1.8647,1]}],"loopBehavior":1,"name":"anim","property":"_matrix"}},
{"name":"mixamorig:LeftHandThumb3","index":15,"matrix":[0.9013,0.1545,0.4046,0,-0.0185,0.9471,-0.3205,0,-0.4327,0.2814,0.8565,0,2.6526,-1.5315,1.5315,1],"rest":[1,0,0,0,0,1,0,0,0,0,1,0,2.6526,-1.5315,1.5315,1],"parentBoneIndex":14,"length":2.5234
,"animation":{"dataType":3,"framePerSecond":24,"keys":[
{"frame":1,"values":[0.9013,0.1545,0.4046,0,-0.0185,0.9471,-0.3205,0,-0.4327,0.2814,0.8565,0,2.6526,-1.5315,1.5315,1]},
{"frame":2,"values":[0.9771,0.1592,0.1412,0,-0.1222,0.9631,-0.2399,0,-0.1742,0.2171,0.9605,0,2.6526,-1.5315,1.5315,1]},
{"frame":3,"values":[0.9676,0.1861,-0.1707,0,-0.2072,0.9715,-0.1151,0,0.1444,0.1468,0.9786,0,2.6526,-1.5315,1.5315,1]},
{"frame":4,"values":[0.9788,0.1787,-0.1003,0,-0.1881,0.9776,-0.0939,0,0.0813,0.1108,0.9905,0,2.6526,-1.5315,1.5315,1]},
{"frame":5,"values":[0.98,0.1582,0.1206,0,-0.1488,0.9853,-0.0834,0,-0.132,0.0638,0.9892,0,2.6526,-1.5315,1.5315,1]},
