{"producer":{"name":"Blender","version":"2.90.0","exporter_version":"6.4.4","file":"walkstraferight_riffle.babylon"},
"autoClear":true,"clearColor":[0.0509,0.0509,0.0509],"gravity":[0,-9.81,0],
"materials":[{"name":"Material","id":"Material","customType":"BABYLON.PBRMaterial","backFaceCulling":true,"checkReadyOnlyOnce":false,"maxSimultaneousLights":4,"environmentIntensity":1,"albedo":[0.8,0.8,0.8],"reflectivity":[0.5,0.5,0.5],"roughness":0.4,"alpha":1,"transparencyMode":0,"alphaCutOff":0.4,"metallic":0}],
"multiMaterials":[],
"skeletons":[{"name":"Armature","id":0,"dimensionsAtRest":[180.6981,191.5439,26.6006],"bones":[
{"name":"mixamorig:Hips","index":0,"matrix":[0.664,0.0696,-0.7445,0,0.0979,0.979,0.1788,0,-0.7413,0.1916,-0.6433,0,-0.9055,95.5837,-0.5419,1],"rest":[1,0,0,0,0,1,0,0,0,0,-1,0,0,103.9915,0,1],"parentBoneIndex":-1,"length":10.5593
,"animation":{"dataType":3,"framePerSecond":24,"keys":[
{"frame":1,"values":[0.664,0.0696,-0.7445,0,0.0979,0.979,0.1788,0,-0.7413,0.1916,-0.6433,0,-0.9055,95.5838,-0.541,1]},
{"frame":2,"values":[0.6048,0.0535,-0.7946,0,0.1312,0.9774,0.1657,0,-0.7855,0.2045,-0.5841,0,-2.7302,93.4294,-0.7192,1]},
{"frame":3,"values":[0.5389,0.0372,-0.8416,0,0.1653,0.9749,0.149,0,-0.826,0.2195,-0.5192,0,-4.5642,91.149,-1.035,1]},
{"frame":4,"values":[0.4706,0.0237,-0.882,0,0.1967,0.9717,0.131,0,-0.8601,0.2352,-0.4526,0,-6.1032,89.0691,-1.4642,1]},
{"frame":5,"values":[0.4044,0.0117,-0.9145,0,0.224,0.9682,0.1114,0,-0.8867,0.2499,-0.3889,0,-7.247,87.5046,-1.98,1]},
{"frame":6,"values":[0.3535,0.0067,-0.9354,0,0.2414,0.9655,0.0981,0,-0.9037,0.2605,-0.3397,0,-7.1879,87.6575,-2.5122,1]},
{"frame":7,"values":[0.3813,-0.0006,-0.9244,0,0.2412,0.9654,0.0988,0,-0.8924,0.2607,-0.3683,0,-7.2892,88.9189,-3.141,1]},
{"frame":8,"values":[0.4317,-0.0031,-0.902,0,0.2307,0.9671,0.107,0,-0.872,0.2543,-0.4182,0,-6.9471,91.0218,-3.738,1]},
{"frame":9,"values":[0.4777,-0.0006,-0.8785,0,0.2169,0.9691,0.1173,0,-0.8513,0.2466,-0.4631,0,-6.2323,93.2856,-4.2113,1]},
{"frame":10,"values":[0.5195,0.0061,-0.8544,0,0.2,0.9713,0.1286,0,-0.8307,0.2377,-0.5034,0,-5.4198,95.0973,-4.5246,1]},
{"frame":11,"values":[0.5582,0.0142,-0.8296,0,0.1816,0.9735,0.1389,0,-0.8096,0.2282,-0.5408,0,-4.6353,95.6745,-4.6479,1]},
{"frame":12,"values":[0.5948,0.0213,-0.8036,0,0.1632,0.9756,0.1467,0,-0.7871,0.2184,-0.5768,0,-4.0221,95.5402,-4.6108,1]},
{"frame":13,"values":[0.6299,0.0269,-0.7762,0,0.1455,0.9776,0.152,0,-0.7629,0.2087,-0.6119,0,-3.4641,94.6968,-4.4634,1]},
{"frame":14,"values":[0.6638,0.0319,-0.7472,0,0.1284,0.9794,0.1559,0,-0.7368,0.1994,-0.646,0,-2.9948,93.127,-4.222,1]},
{"frame":15,"values":[0.6966,0.0374,-0.7165,0,0.1114,0.9809,0.1595,0,-0.7088,0.1909,-0.6791,0,-2.6368,91.4963,-3.9012,1]},
{"frame":16,"values":[0.7276,0.0404,-0.6848,0,0.097,0.9822,0.161,0,-0.6791,0.1836,-0.7108,0,-2.658,90.342,-3.5335,1]},
{"frame":17,"values":[0.7578,0.0451,-0.6509,0,0.0822,0.9831,0.1638,0,-0.6473,0.1776,-0.7413,0,-3.5569,88.7468,-3.1075,1]},
{"frame":18,"values":[0.7859,0.0523,-0.6162,0,0.0671,0.9833,0.169,0,-0.6147,0.1741,-0.7693,0,-5.3595,87.1848,-2.6573,1]},
{"frame":19,"values":[0.7822,0.0598,-0.6202,0,0.0603,0.9834,0.1709,0,-0.6201,0.1711,-0.7656,0,-6.7477,87.0937,-2.1392,1]},
{"frame":20,"values":[0.7659,0.0622,-0.6399,0,0.0628,0.9833,0.1708,0,-0.6398,0.171,-0.7492,0,-7.0076,89.1152,-1.6423,1]},
{"frame":21,"values":[0.7479,0.061,-0.661,0,0.0703,0.9829,0.1702,0,-0.6601,0.1738,-0.7308,0,-5.9187,91.9928,-1.2167,1]},
{"frame":22,"values":[0.728,0.0593,-0.683,0,0.0794,0.9823,0.1699,0,-0.681,0.1779,-0.7104,0,-4.6715,94.3054,-0.8713,1]},
{"frame":23,"values":[0.7068,0.0606,-0.7048,0,0.0869,0.9813,0.1716,0,-0.702,0.1826,-0.6883,0,-3.5067,95.7603,-0.6227,1]},
{"frame":24,"values":[0.6853,0.0647,-0.7254,0,0.0928,0.9802,0.1751,0,-0.7223,0.1873,-0.6657,0,-2.3902,96.2897,-0.4991,1]},
{"frame":25,"values":[0.664,0.0696,-0.7445,0,0.0979,0.979,0.1788,0,-0.7413,0.1916,-0.6433,0,-0.9055,95.5837,-0.5419,1]}],"loopBehavior":1,"name":"anim","property":"_matrix"}},
{"name":"mixamorig:Spine","index":1,"matrix":[0.9949,-0.1001,0.0107,0,0.0932,0.9557,0.2794,0,-0.0382,-0.277,0.9601,0,0,10.1816,0.1315,1],"rest":[1,0,0,0,0,1,0,0,0,0,1,0,0,10.1816,0.1315,1],"parentBoneIndex":0,"length":10.133
,"animation":{"dataType":3,"framePerSecond":24,"keys":[
{"frame":1,"values":[0.9949,-0.1001,0.0108,0,0.0931,0.9557,0.2793,0,-0.0382,-0.2769,0.9601,0,0,10.1816,0.1315,1]},
{"frame":2,"values":[0.9968,-0.0783,-0.0185,0,0.0804,0.9555,0.2838,0,-0.0046,-0.2844,0.9587,0,0,10.1816,0.1315,1]},
{"frame":3,"values":[0.9972,-0.0558,-0.0503,0,0.0681,0.9545,0.2904,0,0.0318,-0.293,0.9556,0,0,10.1816,0.1315,1]},
{"frame":4,"values":[0.9959,-0.0364,-0.0824,0,0.0595,0.9522,0.2995,0,0.0676,-0.3032,0.9505,0,0,10.1816,0.1315,1]},
{"frame":5,"values":[0.9936,-0.0167,-0.1121,0,0.0508,0.9499,0.3085,0,0.1013,-0.3123,0.9446,0,0,10.1816,0.1315,1]},
{"frame":6,"values":[0.9911,-0.0022,-0.1332,0,0.0446,0.9477,0.3161,0,0.1255,-0.3192,0.9393,0,0,10.1816,0.1315,1]},
{"frame":7,"values":[0.9904,-0.0192,-0.1366,0,0.0614,0.9481,0.3119,0,0.1235,-0.3173,0.9403,0,0,10.1816,0.1315,1]},
{"frame":8,"values":[0.9915,-0.0431,-0.1229,0,0.0791,0.9488,0.3058,0,0.1034,-0.3129,0.9441,0,0,10.1816,0.1315,1]},
{"frame":9,"values":[0.9926,-0.0647,-0.103,0,0.093,0.9495,0.2995,0,0.0784,-0.3069,0.9485,0,0,10.1816,0.1315,1]},
{"frame":10,"values":[0.9932,-0.0814,-0.083,0,0.1023,0.9508,0.2926,0,0.0551,-0.2991,0.9526,0,0,10.1816,0.1315,1]},
{"frame":11,"values":[0.9938,-0.0925,-0.0621,0,0.1066,0.9522,0.2861,0,0.0327,-0.291,0.9562,0,0,10.1816,0.1315,1]},
{"frame":12,"values":[0.9944,-0.0982,-0.0389,0,0.1052,0.9543,0.2799,0,0.0096,-0.2824,0.9592,0,0,10.1816,0.1315,1]},
{"frame":13,"values":[0.9949,-0.1001,-0.0143,0,0.1002,0.9561,0.2753,0,-0.0139,-0.2754,0.9612,0,0,10.1816,0.1315,1]},
{"frame":14,"values":[0.9949,-0.1002,0.0107,0,0.0936,0.9578,0.2718,0,-0.0375,-0.2694,0.9623,0,0,10.1816,0.1315,1]},
{"frame":15,"values":[0.9942,-0.1015,0.0348,0,0.0885,0.9591,0.269,0,-0.0607,-0.2644,0.9625,0,0,10.1816,0.1315,1]},
{"frame":16,"values":[0.993,-0.1037,0.0557,0,0.0852,0.9597,0.2678,0,-0.0813,-0.2612,0.9618,0,0,10.1816,0.1315,1]},
{"frame":17,"values":[0.991,-0.1125,0.0732,0,0.0892,0.9593,0.2678,0,-0.1003,-0.2588,0.9607,0,0,10.1816,0.1315,1]},
{"frame":18,"values":[0.9879,-0.1288,0.0867,0,0.1014,0.9581,0.2679,0,-0.1175,-0.2559,0.9595,0,0,10.1816,0.1315,1]},
{"frame":19,"values":[0.9874,-0.1299,0.09,0,0.1015,0.9577,0.2693,0,-0.1212,-0.2568,0.9589,0,0,10.1816,0.1315,1]},
{"frame":20,"values":[0.9895,-0.1201,0.0807,0,0.0941,0.9576,0.2723,0,-0.1099,-0.2618,0.9588,0,0,10.1816,0.1315,1]},
{"frame":21,"values":[0.9915,-0.11,0.0691,0,0.0872,0.9578,0.2738,0,-0.0963,-0.2654,0.9593,0,0,10.1816,0.1315,1]},
{"frame":22,"values":[0.9931,-0.1031,0.0552,0,0.0841,0.9576,0.2756,0,-0.0813,-0.2691,0.9597,0,0,10.1816,0.1315,1]},
{"frame":23,"values":[0.9941,-0.1003,0.0402,0,0.0854,0.9571,0.277,0,-0.0663,-0.272,0.96,0,0,10.1816,0.1315,1]},
{"frame":24,"values":[0.9946,-0.1004,0.025,0,0.0895,0.9563,0.2782,0,-0.0518,-0.2745,0.9602,0,0,10.1816,0.1315,1]},
{"frame":25,"values":[0.9949,-0.1001,0.0107,0,0.0932,0.9557,0.2794,0,-0.0382,-0.277,0.9601,0,0,10.1816,0.1315,1]}],"loopBehavior":1,"name":"anim","property":"_matrix"}},
{"name":"mixamorig:Spine1","index":2,"matrix":[0.9867,0.1461,-0.0717,0,-0.1096,0.9223,0.3705,0,0.1203,-0.3577,0.9261,0,0,10.0835,-1.0008,1],"rest":[1,0,0,0,0,1,0,0,0,0,1,0,0,10.0835,-1.0008,1],"parentBoneIndex":1,"length":9.203
,"animation":{"dataType":3,"framePerSecond":24,"keys":[
{"frame":1,"values":[0.9867,0.1461,-0.0716,0,-0.1097,0.9224,0.3703,0,0.1202,-0.3575,0.9262,0,0,10.0835,-1.0008,1]},
{"frame":2,"values":[0.9865,0.1404,-0.0842,0,-0.0999,0.9236,0.3702,0,0.1297,-0.3568,0.9251,0,0,10.0835,-1.0008,1]},
{"frame":3,"values":[0.9863,0.1344,-0.096,0,-0.0902,0.9251,0.3688,0,0.1383,-0.355,0.9246,0,0,10.0835,-1.0008,1]},
{"frame":4,"values":[0.9857,0.1297,-0.1076,0,-0.082,0.9269,0.3662,0,0.1472,-0.3521,0.9243,0,0,10.0835,-1.0008,1]},
{"frame":5,"values":[0.9849,0.1253,-0.1194,0,-0.074,0.9285,0.3639,0,0.1565,-0.3496,0.9238,0,0,10.0835,-1.0008,1]},
{"frame":6,"values":[0.9841,0.1201,-0.1306,0,-0.0654,0.9298,0.3623,0,0.1649,-0.348,0.9229,0,0,10.0835,-1.0008,1]},
{"frame":7,"values":[0.9844,0.1314,-0.1171,0,-0.0809,0.9286,0.3622,0,0.1563,-0.3471,0.9247,0,0,10.0835,-1.0008,1]},
{"frame":8,"values":[0.9845,0.1415,-0.1035,0,-0.0952,0.9272,0.3622,0,0.1472,-0.3467,0.9263,0,0,10.0835,-1.0008,1]},
{"frame":9,"values":[0.9842,0.1482,-0.0964,0,-0.1038,0.9257,0.3637,0,0.1431,-0.3479,0.9265,0,0,10.0835,-1.0008,1]},
{"frame":10,"values":[0.9841,0.1517,-0.0921,0,-0.1082,0.9242,0.3664,0,0.1407,-0.3506,0.9259,0,0,10.0835,-1.0008,1]},
{"frame":11,"values":[0.9843,0.1522,-0.0899,0,-0.1089,0.9229,0.3692,0,0.1392,-0.3536,0.925,0,0,10.0835,-1.0008,1]},
{"frame":12,"values":[0.9844,0.1514,-0.0893,0,-0.1079,0.9218,0.3723,0,0.1387,-0.3569,0.9238,0,0,10.0835,-1.0008,1]},
{"frame":13,"values":[0.9847,0.1495,-0.0894,0,-0.1058,0.9212,0.3745,0,0.1383,-0.3593,0.9229,0,0,10.0835,-1.0008,1]},
{"frame":14,"values":[0.9851,0.1467,-0.0893,0,-0.103,0.9208,0.3763,0,0.1374,-0.3615,0.9222,0,0,10.0835,-1.0008,1]},
{"frame":15,"values":[0.9855,0.1449,-0.0878,0,-0.1017,0.9204,0.3775,0,0.1355,-0.3631,0.9219,0,0,10.0835,-1.0008,1]},
{"frame":16,"values":[0.9859,0.145,-0.0838,0,-0.1032,0.9201,0.3779,0,0.1319,-0.364,0.922,0,0,10.0835,-1.0008,1]},
{"frame":17,"values":[0.986,0.1485,-0.0763,0,-0.1092,0.9194,0.3779,0,0.1263,-0.3642,0.9227,0,0,10.0835,-1.0008,1]},
{"frame":18,"values":[0.9858,0.1547,-0.0653,0,-0.1191,0.9184,0.3773,0,0.1183,-0.3642,0.9238,0,0,10.0835,-1.0008,1]},
{"frame":19,"values":[0.9859,0.1526,-0.069,0,-0.116,0.9195,0.3755,0,0.1208,-0.3622,0.9242,0,0,10.0835,-1.0008,1]},
{"frame":20,"values":[0.9864,0.1475,-0.0722,0,-0.1105,0.9213,0.3729,0,0.1216,-0.3599,0.9251,0,0,10.0835,-1.0008,1]},
{"frame":21,"values":[0.9868,0.1448,-0.0731,0,-0.1078,0.922,0.3719,0,0.1213,-0.3591,0.9254,0,0,10.0835,-1.0008,1]},
{"frame":22,"values":[0.9868,0.1445,-0.0727,0,-0.1077,0.9223,0.3711,0,0.1207,-0.3584,0.9257,0,0,10.0835,-1.0008,1]},
{"frame":23,"values":[0.9868,0.1451,-0.0719,0,-0.1086,0.9224,0.3707,0,0.1201,-0.358,0.9259,0,0,10.0835,-1.0008,1]},
{"frame":24,"values":[0.9868,0.1456,-0.0715,0,-0.1092,0.9225,0.3703,0,0.1199,-0.3575,0.9262,0,0,10.0835,-1.0008,1]},
{"frame":25,"values":[0.9867,0.1461,-0.0717,0,-0.1096,0.9223,0.3705,0,0.1203,-0.3577,0.9261,0,0,10.0835,-1.0008,1]}],"loopBehavior":1,"name":"anim","property":"_matrix"}},
{"name":"mixamorig:Spine2","index":3,"matrix":[0.9667,0.2158,-0.1373,0,-0.163,0.9335,0.3194,0,0.1971,-0.2864,0.9376,0,0,9.1,-1.3734,1],"rest":[1,0,0,0,0,1,0,0,0,0,1,0,0,9.1,-1.3734,1],"parentBoneIndex":2,"length":13.7198
,"animation":{"dataType":3,"framePerSecond":24,"keys":[
{"frame":1,"values":[0.9667,0.2158,-0.1372,0,-0.1631,0.9336,0.3192,0,0.197,-0.2862,0.9377,0,0,9.1,-1.3734,1]},
{"frame":2,"values":[0.9674,0.2066,-0.1463,0,-0.151,0.9349,0.3213,0,0.2031,-0.2887,0.9356,0,0,9.1,-1.3734,1]},
{"frame":3,"values":[0.9681,0.1972,-0.1547,0,-0.1392,0.9364,0.3221,0,0.2083,-0.2903,0.934,0,0,9.1,-1.3734,1]},
{"frame":4,"values":[0.9683,0.1886,-0.1637,0,-0.1283,0.938,0.3219,0,0.2143,-0.2907,0.9325,0,0,9.1,-1.3734,1]},
{"frame":5,"values":[0.9682,0.1805,-0.173,0,-0.1176,0.9394,0.322,0,0.2207,-0.2914,0.9308,0,0,9.1,-1.3734,1]},
{"frame":6,"values":[0.9682,0.1722,-0.1813,0,-0.1068,0.9404,0.3229,0,0.2261,-0.2932,0.9289,0,0,9.1,-1.3734,1]},
{"frame":7,"values":[0.9667,0.1875,-0.1742,0,-0.1247,0.9395,0.3191,0,0.2235,-0.2868,0.9316,0,0,9.1,-1.3734,1]},
{"frame":8,"values":[0.9652,0.2016,-0.1665,0,-0.1415,0.9382,0.3159,0,0.2199,-0.2814,0.9341,0,0,9.1,-1.3734,1]},
{"frame":9,"values":[0.9641,0.2102,-0.1624,0,-0.151,0.9367,0.3159,0,0.2185,-0.28,0.9348,0,0,9.1,-1.3734,1]},
{"frame":10,"values":[0.9636,0.2147,-0.1591,0,-0.1558,0.9352,0.3181,0,0.2171,-0.2817,0.9346,0,0,9.1,-1.3734,1]},
{"frame":11,"values":[0.9638,0.2158,-0.1564,0,-0.157,0.934,0.3208,0,0.2153,-0.2846,0.9342,0,0,9.1,-1.3734,1]},
{"frame":12,"values":[0.9643,0.215,-0.1545,0,-0.1561,0.933,0.3241,0,0.2138,-0.2885,0.9333,0,0,9.1,-1.3734,1]},
{"frame":13,"values":[0.965,0.2131,-0.1532,0,-0.1541,0.9325,0.3266,0,0.2124,-0.2916,0.9327,0,0,9.1,-1.3734,1]},
{"frame":14,"values":[0.9658,0.2106,-0.1515,0,-0.1517,0.9322,0.3286,0,0.2105,-0.2944,0.9322,0,0,9.1,-1.3734,1]},
{"frame":15,"values":[0.9664,0.2093,-0.1492,0,-0.151,0.9319,0.3297,0,0.2081,-0.2961,0.9322,0,0,9.1,-1.3734,1]},
{"frame":16,"values":[0.9665,0.211,-0.1458,0,-0.1537,0.9316,0.3294,0,0.2054,-0.296,0.9329,0,0,9.1,-1.3734,1]},
{"frame":17,"values":[0.9661,0.2166,-0.1407,0,-0.161,0.9309,0.328,0,0.202,-0.2942,0.9341,0,0,9.1,-1.3734,1]},
{"frame":18,"values":[0.9651,0.2256,-0.1331,0,-0.1724,0.9296,0.3257,0,0.1973,-0.2914,0.9361,0,0,9.1,-1.3734,1]},
{"frame":19,"values":[0.9655,0.2219,-0.136,0,-0.1682,0.9308,0.3246,0,0.1986,-0.2906,0.936,0,0,9.1,-1.3734,1]},
{"frame":20,"values":[0.9665,0.2165,-0.1378,0,-0.1629,0.9325,0.3223,0,0.1983,-0.2891,0.9365,0,0,9.1,-1.3734,1]},
{"frame":21,"values":[0.967,0.2142,-0.138,0,-0.1608,0.9332,0.3213,0,0.1976,-0.2885,0.9369,0,0,9.1,-1.3734,1]},
{"frame":22,"values":[0.9671,0.214,-0.1377,0,-0.161,0.9335,0.3203,0,0.1971,-0.2876,0.9372,0,0,9.1,-1.3734,1]},
{"frame":23,"values":[0.967,0.2148,-0.1372,0,-0.162,0.9335,0.3198,0,0.1968,-0.287,0.9375,0,0,9.1,-1.3734,1]},
{"frame":24,"values":[0.9669,0.2154,-0.137,0,-0.1627,0.9336,0.3192,0,0.1967,-0.2863,0.9377,0,0,9.1,-1.3734,1]},
{"frame":25,"values":[0.9667,0.2158,-0.1373,0,-0.163,0.9335,0.3194,0,0.1971,-0.2864,0.9376,0,0,9.1,-1.3734,1]}],"loopBehavior":1,"name":"anim","property":"_matrix"}},
{"name":"mixamorig:Neck","index":4,"matrix":[0.9979,-0.004,-0.0651,0,-0.0027,0.9947,-0.1024,0,0.0652,0.1024,0.9926,0,0,16.6717,-2.5162,1],"rest":[1,0,0,0,0,1,0,0,0,0,1,0,0,16.6717,-2.5162,1],"parentBoneIndex":3,"length":9.7644
,"animation":{"dataType":3,"framePerSecond":24,"keys":[
{"frame":1,"values":[0.9979,-0.004,-0.0651,0,-0.0027,0.9947,-0.1024,0,0.0652,0.1024,0.9926,0,0,16.6717,-2.5162,1]},
{"frame":2,"values":[0.9975,-0.0032,-0.0702,0,-0.004,0.9947,-0.1026,0,0.0702,0.1027,0.9922,0,0,16.6717,-2.5162,1]},
{"frame":3,"values":[0.9971,-0.0022,-0.0766,0,-0.0057,0.9947,-0.1029,0,0.0764,0.1031,0.9917,0,0,16.6717,-2.5162,1]},
{"frame":4,"values":[0.9965,-0.0012,-0.083,0,-0.0074,0.9946,-0.1032,0,0.0827,0.1035,0.9912,0,0,16.6717,-2.5162,1]},
{"frame":5,"values":[0.9961,-0.0005,-0.0881,0,-0.0087,0.9946,-0.1034,0,0.0877,0.1038,0.9907,0,0,16.6717,-2.5162,1]},
{"frame":6,"values":[0.9959,-0.0001,-0.0905,0,-0.0093,0.9946,-0.1035,0,0.09,0.1039,0.9905,0,0,16.6717,-2.5162,1]},
{"frame":7,"values":[0.9959,-0.0001,-0.0901,0,-0.0092,0.9946,-0.1035,0,0.0896,0.1039,0.9905,0,0,16.6717,-2.5162,1]},
{"frame":8,"values":[0.9961,-0.0005,-0.088,0,-0.0087,0.9946,-0.1034,0,0.0876,0.1038,0.9907,0,0,16.6717,-2.5162,1]},
{"frame":9,"values":[0.9964,-0.0009,-0.0849,0,-0.0079,0.9946,-0.1033,0,0.0846,0.1036,0.991,0,0,16.6717,-2.5162,1]},
{"frame":10,"values":[0.9967,-0.0015,-0.081,0,-0.0068,0.9946,-0.1031,0,0.0807,0.1033,0.9914,0,0,16.6717,-2.5162,1]},
{"frame":11,"values":[0.9971,-0.0022,-0.0766,0,-0.0057,0.9947,-0.1029,0,0.0764,0.1031,0.9917,0,0,16.6717,-2.5162,1]},
{"frame":12,"values":[0.9974,-0.0029,-0.0721,0,-0.0045,0.9947,-0.1027,0,0.072,0.1028,0.9921,0,0,16.6717,-2.5162,1]},
{"frame":13,"values":[0.9977,-0.0036,-0.0679,0,-0.0034,0.9947,-0.1025,0,0.0679,0.1025,0.9924,0,0,16.6717,-2.5162,1]},
{"frame":14,"values":[0.9979,-0.0042,-0.0641,0,-0.0024,0.9947,-0.1024,0,0.0641,0.1023,0.9927,0,0,16.6717,-2.5162,1]},
{"frame":15,"values":[0.9982,-0.0047,-0.0605,0,-0.0015,0.9948,-0.1022,0,0.0607,0.1021,0.9929,0,0,16.6717,-2.5162,1]},
{"frame":16,"values":[0.9983,-0.0052,-0.0575,0,-0.0007,0.9948,-0.1021,0,0.0577,0.102,0.9931,0,0,16.6717,-2.5162,1]},
{"frame":17,"values":[0.9985,-0.0055,-0.0552,0,-0.0001,0.9948,-0.102,0,0.0555,0.1019,0.9932,0,0,16.6717,-2.5162,1]},
{"frame":18,"values":[0.9985,-0.0057,-0.054,0,0.0002,0.9948,-0.102,0,0.0543,0.1018,0.9933,0,0,16.6717,-2.5162,1]},
{"frame":19,"values":[0.9985,-0.0057,-0.0536,0,0.0002,0.9948,-0.102,0,0.0539,0.1018,0.9933,0,0,16.6717,-2.5162,1]},
{"frame":20,"values":[0.9985,-0.0057,-0.0538,0,0.0002,0.9948,-0.102,0,0.0541,0.1018,0.9933,0,0,16.6717,-2.5162,1]},
{"frame":21,"values":[0.9985,-0.0056,-0.0546,0,0,0.9948,-0.102,0,0.0549,0.1018,0.9933,0,0,16.6717,-2.5162,1]},
{"frame":22,"values":[0.9984,-0.0054,-0.0561,0,-0.0004,0.9948,-0.102,0,0.0564,0.1019,0.9932,0,0,16.6717,-2.5162,1]},
{"frame":23,"values":[0.9983,-0.005,-0.0583,0,-0.0009,0.9948,-0.1021,0,0.0585,0.102,0.9931,0,0,16.6717,-2.5162,1]},
{"frame":24,"values":[0.9981,-0.0046,-0.0613,0,-0.0017,0.9948,-0.1022,0,0.0615,0.1022,0.9929,0,0,16.6717,-2.5162,1]},
{"frame":25,"values":[0.9979,-0.004,-0.0651,0,-0.0027,0.9947,-0.1024,0,0.0652,0.1024,0.9926,0,0,16.6717,-2.5162,1]}],"loopBehavior":1,"name":"anim","property":"_matrix"}},
{"name":"mixamorig:Head","index":5,"matrix":[0.8502,-0.2536,-0.4613,0,0.1974,0.966,-0.1672,0,0.488,0.0511,0.8714,0,0,9.6179,1.685,1],"rest":[1,0,0,0,0,1,0,0,0,0,1,0,0,9.6179,1.685,1],"parentBoneIndex":4,"length":13.7945
,"animation":{"dataType":3,"framePerSecond":24,"keys":[
{"frame":1,"values":[0.8503,-0.2534,-0.4612,0,0.1971,0.966,-0.1674,0,0.488,0.0514,0.8714,0,0,9.6179,1.685,1]},
{"frame":2,"values":[0.8458,-0.2528,-0.4698,0,0.1943,0.9661,-0.1699,0,0.4968,0.0524,0.8663,0,0,9.6179,1.685,1]},
{"frame":3,"values":[0.84,-0.252,-0.4805,0,0.1908,0.9662,-0.1731,0,0.5079,0.0537,0.8598,0,0,9.6179,1.685,1]},
{"frame":4,"values":[0.8341,-0.2512,-0.4911,0,0.1873,0.9664,-0.1762,0,0.5188,0.055,0.8531,0,0,9.6179,1.685,1]},
{"frame":5,"values":[0.8293,-0.2506,-0.4995,0,0.1844,0.9665,-0.1787,0,0.5275,0.0561,0.8477,0,0,9.6179,1.685,1]},
{"frame":6,"values":[0.827,-0.2502,-0.5034,0,0.183,0.9665,-0.1799,0,0.5316,0.0567,0.8451,0,0,9.6179,1.685,1]},
{"frame":7,"values":[0.8274,-0.2503,-0.5027,0,0.1832,0.9665,-0.1797,0,0.5308,0.0566,0.8456,0,0,9.6179,1.685,1]},
{"frame":8,"values":[0.8294,-0.2505,-0.4993,0,0.1843,0.9665,-0.1787,0,0.5274,0.0562,0.8478,0,0,9.6179,1.685,1]},
{"frame":9,"values":[0.8324,-0.2509,-0.4942,0,0.1861,0.9664,-0.1772,0,0.5221,0.0555,0.8511,0,0,9.6179,1.685,1]},
{"frame":10,"values":[0.836,-0.2514,-0.4877,0,0.1884,0.9663,-0.1752,0,0.5153,0.0546,0.8553,0,0,9.6179,1.685,1]},
{"frame":11,"values":[0.84,-0.252,-0.4804,0,0.1909,0.9662,-0.1731,0,0.5078,0.0537,0.8598,0,0,9.6179,1.685,1]},
{"frame":12,"values":[0.8441,-0.2526,-0.473,0,0.1934,0.9661,-0.1708,0,0.5001,0.0527,0.8644,0,0,9.6179,1.685,1]},
{"frame":13,"values":[0.8479,-0.2532,-0.4659,0,0.1958,0.966,-0.1687,0,0.4928,0.0518,0.8686,0,0,9.6179,1.685,1]},
{"frame":14,"values":[0.8512,-0.2537,-0.4594,0,0.1979,0.9659,-0.1667,0,0.4861,0.051,0.8724,0,0,9.6179,1.685,1]},
{"frame":15,"values":[0.8543,-0.2542,-0.4534,0,0.1998,0.9658,-0.1649,0,0.4798,0.0503,0.8759,0,0,9.6179,1.685,1]},
{"frame":16,"values":[0.8569,-0.2546,-0.4483,0,0.2015,0.9658,-0.1634,0,0.4745,0.0497,0.8788,0,0,9.6179,1.685,1]},
{"frame":17,"values":[0.8588,-0.2549,-0.4444,0,0.2027,0.9657,-0.1623,0,0.4705,0.0493,0.881,0,0,9.6179,1.685,1]},
{"frame":18,"values":[0.8598,-0.255,-0.4423,0,0.2033,0.9657,-0.1617,0,0.4684,0.0491,0.8822,0,0,9.6179,1.685,1]},
{"frame":19,"values":[0.8602,-0.2551,-0.4417,0,0.2034,0.9657,-0.1615,0,0.4677,0.0491,0.8825,0,0,9.6179,1.685,1]},
{"frame":20,"values":[0.86,-0.2551,-0.442,0,0.2033,0.9657,-0.1616,0,0.4681,0.0491,0.8823,0,0,9.6179,1.685,1]},
{"frame":21,"values":[0.8593,-0.255,-0.4434,0,0.203,0.9657,-0.162,0,0.4695,0.0492,0.8816,0,0,9.6179,1.685,1]},
{"frame":22,"values":[0.858,-0.2548,-0.4459,0,0.2022,0.9657,-0.1628,0,0.4721,0.0495,0.8801,0,0,9.6179,1.685,1]},
{"frame":23,"values":[0.8562,-0.2545,-0.4497,0,0.201,0.9658,-0.1638,0,0.476,0.0499,0.878,0,0,9.6179,1.685,1]},
{"frame":24,"values":[0.8536,-0.2541,-0.4548,0,0.1994,0.9659,-0.1653,0,0.4813,0.0504,0.8751,0,0,9.6179,1.685,1]},
{"frame":25,"values":[0.8502,-0.2536,-0.4613,0,0.1974,0.966,-0.1672,0,0.488,0.0511,0.8714,0,0,9.6179,1.685,1]}],"loopBehavior":1,"name":"anim","property":"_matrix"}},
{"name":"mixamorig:HeadTop_End","index":6,"matrix":[1,0,0,0,0,1,0,0,0,0,1,0,0,17.8152,2.585,1],"rest":[1,0,0,0,0,1,0,0,0,0,1,0,0,17.8152,2.585,1],"parentBoneIndex":5,"length":13.7945
,"animation":{"dataType":3,"framePerSecond":24,"keys":[
{"frame":1,"values":[1,0,0,0,0,1,0,0,0,0,1,0,0,17.8152,2.585,1]},
{"frame":25,"values":[1,0,0,0,0,1,0,0,0,0,1,0,0,17.8152,2.585,1]}],"loopBehavior":1,"name":"anim","property":"_matrix"}},
{"name":"mixamorig:LeftEye","index":7,"matrix":[1,0,0,0,0,1,0,0,0,0,1,0,3.0676,6.4095,9.2836,1],"rest":[1,0,0,0,0,1,0,0,0,0,1,0,3.0676,6.4095,9.2836,1],"parentBoneIndex":5,"length":13.7945
,"animation":{"dataType":3,"framePerSecond":24,"keys":[
{"frame":1,"values":[1,0,0,0,0,1,0,0,0,0,1,0,3.0676,6.4095,9.2836,1]},
{"frame":25,"values":[1,0,0,0,0,1,0,0,0,0,1,0,3.0676,6.4095,9.2836,1]}],"loopBehavior":1,"name":"anim","property":"_matrix"}},
{"name":"mixamorig:RightEye","index":8,"matrix":[1,0,0,0,0,1,0,0,0,0,1,0,-3.0676,6.4095,9.2835,1],"rest":[1,0,0,0,0,1,0,0,0,0,1,0,-3.0676,6.4095,9.2835,1],"parentBoneIndex":5,"length":13.7945
,"animation":{"dataType":3,"framePerSecond":24,"keys":[
{"frame":1,"values":[1,0,0,0,0,1,0,0,0,0,1,0,-3.0676,6.4095,9.2835,1]},
{"frame":25,"values":[1,0,0,0,0,1,0,0,0,0,1,0,-3.0676,6.4095,9.2835,1]}],"loopBehavior":1,"name":"anim","property":"_matrix"}},
{"name":"mixamorig:LeftShoulder","index":9,"matrix":[0.9009,-0.0956,0.4233,0,0.0256,0.9854,0.168,0,-0.4332,-0.1406,0.8903,0,4.5704,10.946,-2.628,1],"rest":[1,0,0,0,0,1,0,0,0,0,1,0,4.5704,10.946,-2.628,1],"parentBoneIndex":3,"length":10.8377
,"animation":{"dataType":3,"framePerSecond":24,"keys":[
{"frame":1,"values":[0.901,-0.0956,0.4233,0,0.0256,0.9854,0.168,0,-0.4332,-0.1406,0.8903,0,4.5704,10.946,-2.628,1]},
{"frame":2,"values":[0.9185,-0.0844,0.3863,0,0.0123,0.9826,0.1854,0,-0.3952,-0.1656,0.9035,0,4.5704,10.946,-2.628,1]},
{"frame":3,"values":[0.9362,-0.0706,0.3442,0,-0.0014,0.9789,0.2044,0,-0.3514,-0.1919,0.9164,0,4.5704,10.946,-2.628,1]},
{"frame":4,"values":[0.9506,-0.0584,0.3047,0,-0.011,0.9751,0.2213,0,-0.3101,-0.2137,0.9264,0,4.5704,10.946,-2.628,1]},
{"frame":5,"values":[0.9617,-0.0529,0.2689,0,-0.0119,0.9722,0.2337,0,-0.2738,-0.228,0.9344,0,4.5704,10.946,-2.628,1]},
{"frame":6,"values":[0.9656,-0.0601,0.2531,0,-0.0018,0.9714,0.2374,0,-0.2601,-0.2297,0.9378,0,4.5704,10.946,-2.628,1]},
{"frame":7,"values":[0.9649,-0.0765,0.2512,0,0.0162,0.9721,0.2341,0,-0.2621,-0.2218,0.9392,0,4.5704,10.946,-2.628,1]},
{"frame":8,"values":[0.9604,-0.0969,0.2612,0,0.0367,0.9734,0.226,0,-0.2762,-0.2075,0.9384,0,4.5704,10.946,-2.628,1]},
{"frame":9,"values":[0.9529,-0.1149,0.2806,0,0.0541,0.975,0.2155,0,-0.2983,-0.1902,0.9353,0,4.5704,10.946,-2.628,1]},
{"frame":10,"values":[0.9434,-0.1238,0.3075,0,0.0617,0.977,0.2042,0,-0.3258,-0.1737,0.9294,0,4.5704,10.946,-2.628,1]},
{"frame":11,"values":[0.9329,-0.1194,0.3397,0,0.0548,0.9795,0.194,0,-0.3559,-0.1623,0.9203,0,4.5704,10.946,-2.628,1]},
{"frame":12,"values":[0.9213,-0.1018,0.3753,0,0.033,0.9821,0.1853,0,-0.3874,-0.1583,0.9082,0,4.5704,10.946,-2.628,1]},
{"frame":13,"values":[0.9079,-0.077,0.4122,0,0.0029,0.9841,0.1774,0,-0.4193,-0.1599,0.8937,0,4.5704,10.946,-2.628,1]},
{"frame":14,"values":[0.8925,-0.0497,0.4484,0,-0.0307,0.9849,0.1702,0,-0.4501,-0.1657,0.8775,0,4.5704,10.946,-2.628,1]},
{"frame":15,"values":[0.8765,-0.0246,0.4807,0,-0.062,0.9846,0.1634,0,-0.4773,-0.173,0.8615,0,4.5704,10.946,-2.628,1]},
{"frame":16,"values":[0.8606,-0.021,0.5089,0,-0.0696,0.9849,0.1584,0,-0.5045,-0.1718,0.8462,0,4.5704,10.946,-2.628,1]},
{"frame":17,"values":[0.8476,-0.0192,0.5302,0,-0.072,0.986,0.1507,0,-0.5257,-0.1659,0.8344,0,4.5704,10.946,-2.628,1]},
{"frame":18,"values":[0.8422,-0.0238,0.5386,0,-0.0603,0.9886,0.1379,0,-0.5358,-0.1486,0.8312,0,4.5704,10.946,-2.628,1]},
{"frame":19,"values":[0.8421,-0.0501,0.537,0,-0.0245,0.9911,0.1309,0,-0.5387,-0.1234,0.8334,0,4.5704,10.946,-2.628,1]},
{"frame":20,"values":[0.8475,-0.0782,0.525,0,0.0121,0.9917,0.1282,0,-0.5307,-0.1023,0.8414,0,4.5704,10.946,-2.628,1]},
{"frame":21,"values":[0.8556,-0.1034,0.5072,0,0.0432,0.9907,0.1292,0,-0.5159,-0.0886,0.8521,0,4.5704,10.946,-2.628,1]},
{"frame":22,"values":[0.866,-0.1201,0.4854,0,0.0618,0.989,0.1345,0,-0.4962,-0.0865,0.8639,0,4.5704,10.946,-2.628,1]},
{"frame":23,"values":[0.8783,-0.1217,0.4624,0,0.0608,0.9876,0.1444,0,-0.4742,-0.0987,0.8748,0,4.5704,10.946,-2.628,1]},
{"frame":24,"values":[0.8908,-0.1095,0.441,0,0.0436,0.9866,0.157,0,-0.4523,-0.1206,0.8837,0,4.5704,10.946,-2.628,1]},
{"frame":25,"values":[0.9009,-0.0956,0.4233,0,0.0256,0.9854,0.168,0,-0.4332,-0.1406,0.8903,0,4.5704,10.946,-2.628,1]}],"loopBehavior":1,"name":"anim","property":"_matrix"}},
{"name":"mixamorig:LeftArm","index":10,"matrix":[0.6558,-0.3528,0.6674,0,0.7537,0.3557,-0.5526,0,-0.0424,0.8654,0.4992,0,10.5924,-0.5246,-2.2321,1],"rest":[1,0,0,0,0,1,0,0,0,0,1,0,10.5924,-0.5246,-2.2321,1],"parentBoneIndex":9,"length":27.8415
,"animation":{"dataType":3,"framePerSecond":24,"keys":[
{"frame":1,"values":[0.6558,-0.3531,0.6673,0,0.7537,0.3557,-0.5526,0,-0.0422,0.8653,0.4994,0,10.5924,-0.5246,-2.2321,1]},
{"frame":2,"values":[0.6302,-0.3509,0.6926,0,0.7743,0.3497,-0.5274,0,-0.0572,0.8687,0.4921,0,10.5924,-0.5246,-2.2321,1]},
{"frame":3,"values":[0.608,-0.3467,0.7142,0,0.7906,0.3464,-0.5049,0,-0.0723,0.8717,0.4847,0,10.5924,-0.5246,-2.2321,1]},
{"frame":4,"values":[0.5891,-0.3434,0.7315,0,0.8032,0.3487,-0.4831,0,-0.0891,0.8721,0.4812,0,10.5924,-0.5246,-2.2321,1]},
{"frame":5,"values":[0.5669,-0.3386,0.751,0,0.8165,0.3522,-0.4575,0,-0.1096,0.8725,0.4761,0,10.5924,-0.5246,-2.2321,1]},
{"frame":6,"values":[0.5558,-0.3345,0.7611,0,0.8229,0.3514,-0.4465,0,-0.1181,0.8744,0.4705,0,10.5924,-0.5246,-2.2321,1]},
{"frame":7,"values":[0.5629,-0.3286,0.7584,0,0.8152,0.3723,-0.4437,0,-0.1366,0.868,0.4775,0,10.5924,-0.5246,-2.2321,1]},
{"frame":8,"values":[0.5787,-0.3383,0.7421,0,0.8044,0.3865,-0.4511,0,-0.1343,0.858,0.4958,0,10.5924,-0.5246,-2.2321,1]},
{"frame":9,"values":[0.5948,-0.3424,0.7273,0,0.7939,0.3924,-0.4645,0,-0.1263,0.8537,0.5053,0,10.5924,-0.5246,-2.2321,1]},
{"frame":10,"values":[0.6107,-0.3346,0.7177,0,0.7824,0.3945,-0.4819,0,-0.1219,0.8558,0.5027,0,10.5924,-0.5246,-2.2321,1]},
{"frame":11,"values":[0.6248,-0.3319,0.7067,0,0.7731,0.3895,-0.5006,0,-0.1091,0.8591,0.5,0,10.5924,-0.5246,-2.2321,1]},
{"frame":12,"values":[0.6396,-0.3329,0.6929,0,0.7638,0.3768,-0.524,0,-0.0866,0.8644,0.4953,0,10.5924,-0.5246,-2.2321,1]},
{"frame":13,"values":[0.6488,-0.343,0.6793,0,0.7587,0.3608,-0.5424,0,-0.059,0.8673,0.4943,0,10.5924,-0.5246,-2.2321,1]},
{"frame":14,"values":[0.6574,-0.3593,0.6624,0,0.7531,0.3437,-0.561,0,-0.0261,0.8676,0.4966,0,10.5924,-0.5246,-2.2321,1]},
{"frame":15,"values":[0.6661,-0.3754,0.6445,0,0.7458,0.327,-0.5804,0,0.0071,0.8673,0.4978,0,10.5924,-0.5246,-2.2321,1]},
{"frame":16,"values":[0.6811,-0.3812,0.6252,0,0.732,0.3342,-0.5937,0,0.0174,0.862,0.5066,0,10.5924,-0.5246,-2.2321,1]},
{"frame":17,"values":[0.6928,-0.3866,0.6087,0,0.7206,0.3387,-0.605,0,0.0277,0.8578,0.5132,0,10.5924,-0.5246,-2.2321,1]},
{"frame":18,"values":[0.6955,-0.3921,0.6021,0,0.7175,0.3343,-0.6111,0,0.0383,0.857,0.5138,0,10.5924,-0.5246,-2.2321,1]},
{"frame":19,"values":[0.6969,-0.3909,0.6013,0,0.7163,0.34,-0.6093,0,0.0337,0.8554,0.5169,0,10.5924,-0.5246,-2.2321,1]},
{"frame":20,"values":[0.6878,-0.3892,0.6127,0,0.7257,0.3482,-0.5934,0,0.0176,0.8528,0.5219,0,10.5924,-0.5246,-2.2321,1]},
{"frame":21,"values":[0.6809,-0.3791,0.6266,0,0.7323,0.3576,-0.5795,0,-0.0043,0.8535,0.5211,0,10.5924,-0.5246,-2.2321,1]},
{"frame":22,"values":[0.6764,-0.3644,0.6401,0,0.7361,0.365,-0.57,0,-0.0259,0.8567,0.5151,0,10.5924,-0.5246,-2.2321,1]},
{"frame":23,"values":[0.6713,-0.3544,0.651,0,0.7403,0.3651,-0.5646,0,-0.0376,0.8609,0.5074,0,10.5924,-0.5246,-2.2321,1]},
{"frame":24,"values":[0.6624,-0.352,0.6613,0,0.7479,0.3606,-0.5573,0,-0.0423,0.8637,0.5022,0,10.5924,-0.5246,-2.2321,1]},
{"frame":25,"values":[0.6558,-0.3528,0.6674,0,0.7537,0.3557,-0.5526,0,-0.0424,0.8654,0.4992,0,10.5924,-0.5246,-2.2321,1]}],"loopBehavior":1,"name":"anim","property":"_matrix"}},
{"name":"mixamorig:LeftForeArm","index":11,"matrix":[0.0745,-0.0701,0.9948,0,0.962,-0.2576,-0.0902,0,0.2626,0.9637,0.0482,0,27.8415,-0.0001,0,1],"rest":[1,0,0,0,0,1,0,0,0,0,1,0,27.8415,-0.0001,0,1],"parentBoneIndex":10,"length":28.3288
,"animation":{"dataType":3,"framePerSecond":24,"keys":[
{"frame":1,"values":[0.0743,-0.0701,0.9948,0,0.9621,-0.2575,-0.09,0,0.2625,0.9637,0.0483,0,27.8415,-0.0001,0,1]},
{"frame":2,"values":[0.0768,-0.0676,0.9948,0,0.9773,-0.1924,-0.0885,0,0.1974,0.979,0.0513,0,27.8415,-0.0001,0,1]},
{"frame":3,"values":[0.0615,-0.0695,0.9957,0,0.969,-0.235,-0.0763,0,0.2393,0.9695,0.0529,0,27.8415,-0.0001,0,1]},
{"frame":4,"values":[0.0428,-0.0692,0.9967,0,0.9728,-0.2245,-0.0574,0,0.2278,0.972,0.0577,0,27.8415,-0.0001,0,1]},
{"frame":5,"values":[0.0436,-0.0694,0.9966,0,0.9742,-0.2181,-0.0578,0,0.2214,0.9734,0.0581,0,27.8415,-0.0001,0,1]},
{"frame":6,"values":[0.0499,-0.0698,0.9963,0,0.9716,-0.2277,-0.0646,0,0.2314,0.9712,0.0565,0,27.8415,-0.0001,0,1]},
{"frame":7,"values":[0.0266,-0.0696,0.9972,0,0.9684,-0.2456,-0.043,0,0.248,0.9669,0.0609,0,27.8415,-0.0001,0,1]},
{"frame":8,"values":[-0.0027,-0.0698,0.9976,0,0.9655,-0.2598,-0.0155,0,0.2602,0.9631,0.0681,0,27.8415,-0.0001,0,1]},
{"frame":9,"values":[-0.0178,-0.0713,0.9973,0,0.9679,-0.2513,-0.0007,0,0.2507,0.9653,0.0735,0,27.8415,-0.0001,0,1]},
{"frame":10,"values":[-0.0216,-0.0712,0.9972,0,0.9685,-0.2489,0.0032,0,0.248,0.9659,0.0744,0,27.8415,-0.0001,0,1]},
{"frame":11,"values":[-0.0204,-0.071,0.9973,0,0.9699,-0.2435,0.0025,0,0.2427,0.9673,0.0738,0,27.8415,-0.0001,0,1]},
{"frame":12,"values":[-0.0187,-0.0708,0.9973,0,0.9584,-0.2853,-0.0023,0,0.2847,0.9558,0.0732,0,27.8415,-0.0001,0,1]},
{"frame":13,"values":[-0.0099,-0.0707,0.9974,0,0.9632,-0.2686,-0.0095,0,0.2686,0.9606,0.0708,0,27.8415,-0.0001,0,1]},
{"frame":14,"values":[-0.0161,-0.0706,0.9974,0,0.968,-0.2508,-0.0021,0,0.2503,0.9654,0.0724,0,27.8415,-0.0001,0,1]},
{"frame":15,"values":[-0.0289,-0.0706,0.9971,0,0.9712,-0.2378,0.0113,0,0.2363,0.9687,0.0754,0,27.8415,-0.0001,0,1]},
{"frame":16,"values":[-0.0306,-0.0709,0.997,0,0.9719,-0.2352,0.0131,0,0.2336,0.9694,0.0761,0,27.8415,-0.0001,0,1]},
{"frame":17,"values":[-0.041,-0.0711,0.9966,0,0.9697,-0.2431,0.0226,0,0.2407,0.9674,0.0789,0,27.8415,-0.0001,0,1]},
{"frame":18,"values":[-0.0635,-0.0711,0.9954,0,0.9652,-0.2579,0.0432,0,0.2536,0.9636,0.085,0,27.8415,-0.0001,0,1]},
{"frame":19,"values":[-0.0604,-0.0709,0.9957,0,0.9672,-0.2507,0.0408,0,0.2467,0.9655,0.0837,0,27.8415,-0.0001,0,1]},
{"frame":20,"values":[-0.0306,-0.0704,0.997,0,0.9716,-0.2362,0.0132,0,0.2346,0.9692,0.0756,0,27.8415,-0.0001,0,1]},
{"frame":21,"values":[-0.0057,-0.0701,0.9975,0,0.9723,-0.2334,-0.0109,0,0.2336,0.9698,0.0695,0,27.8415,-0.0001,0,1]},
{"frame":22,"values":[0.0173,-0.0693,0.9974,0,0.9739,-0.2247,-0.0325,0,0.2263,0.972,0.0637,0,27.8415,-0.0001,0,1]},
{"frame":23,"values":[0.0363,-0.0675,0.9971,0,0.9809,-0.1882,-0.0485,0,0.1909,0.9798,0.0594,0,27.8415,-0.0001,0,1]},
{"frame":24,"values":[0.0611,-0.0684,0.9958,0,0.9739,-0.2144,-0.0745,0,0.2186,0.9743,0.0535,0,27.8415,-0.0001,0,1]},
{"frame":25,"values":[0.0745,-0.0701,0.9948,0,0.962,-0.2576,-0.0902,0,0.2626,0.9637,0.0482,0,27.8415,-0.0001,0,1]}],"loopBehavior":1,"name":"anim","property":"_matrix"}},
{"name":"mixamorig:LeftHand","index":12,"matrix":[0.9879,-0.0353,0.1508,0,0.1332,0.6905,-0.711,0,-0.079,0.7225,0.6869,0,28.3288,0,0,1],"rest":[1,0,0,0,0,1,0.0005,0,0,-0.0005,1,0,28.3288,0,0,1],"parentBoneIndex":11,"length":8.2279
,"animation":{"dataType":3,"framePerSecond":24,"keys":[
{"frame":1,"values":[0.9879,-0.0352,0.1508,0,0.1331,0.6905,-0.711,0,-0.0791,0.7225,0.6868,0,28.3288,0,0,1]},
{"frame":2,"values":[0.9858,-0.0216,0.1668,0,0.1415,0.6429,-0.7528,0,-0.091,0.7657,0.6368,0,28.3288,0,0,1]},
{"frame":3,"values":[0.9822,-0.0095,0.1878,0,0.1453,0.6724,-0.7258,0,-0.1194,0.7401,0.6618,0,28.3288,0,0,1]},
{"frame":4,"values":[0.9777,0.0152,0.2093,0,0.1472,0.6613,-0.7355,0,-0.1496,0.75,0.6443,0,28.3288,0,0,1]},
{"frame":5,"values":[0.9747,0.0229,0.2223,0,0.1526,0.6588,-0.7367,0,-0.1633,0.752,0.6386,0,28.3288,0,0,1]},
{"frame":6,"values":[0.9757,0.0234,0.2179,0,0.1454,0.6748,-0.7235,0,-0.164,0.7376,0.655,0,28.3288,0,0,1]},
{"frame":7,"values":[0.9728,0.0443,0.2273,0,0.1344,0.6914,-0.7098,0,-0.1886,0.7211,0.6667,0,28.3288,0,0,1]},
{"frame":8,"values":[0.9735,0.0553,0.2219,0,0.1189,0.7065,-0.6977,0,-0.1954,0.7056,0.6811,0,28.3288,0,0,1]},
{"frame":9,"values":[0.976,0.0659,0.2076,0,0.1014,0.7062,-0.7007,0,-0.1927,0.705,0.6825,0,28.3288,0,0,1]},
{"frame":10,"values":[0.9776,0.0773,0.1956,0,0.0844,0.7074,-0.7018,0,-0.1926,0.7026,0.685,0,28.3288,0,0,1]},
{"frame":11,"values":[0.9794,0.0796,0.1858,0,0.0765,0.705,-0.7051,0,-0.1871,0.7048,0.6843,0,28.3288,0,0,1]},
{"frame":12,"values":[0.9808,0.0677,0.1827,0,0.0757,0.7316,-0.6776,0,-0.1795,0.6784,0.7124,0,28.3288,0,0,1]},
{"frame":13,"values":[0.9826,0.0513,0.1786,0,0.0877,0.7191,-0.6894,0,-0.1638,0.6931,0.702,0,28.3288,0,0,1]},
{"frame":14,"values":[0.9829,0.041,0.1796,0,0.0988,0.7057,-0.7016,0,-0.1555,0.7074,0.6895,0,28.3288,0,0,1]},
{"frame":15,"values":[0.9829,0.0361,0.1808,0,0.1056,0.6937,-0.7124,0,-0.1511,0.7193,0.678,0,28.3288,0,0,1]},
{"frame":16,"values":[0.9821,0.0223,0.1871,0,0.1203,0.6903,-0.7134,0,-0.145,0.7232,0.6753,0,28.3288,0,0,1]},
{"frame":17,"values":[0.9816,0.0215,0.19,0,0.1219,0.6949,-0.7087,0,-0.1473,0.7188,0.6795,0,28.3288,0,0,1]},
{"frame":18,"values":[0.983,0.0445,0.1783,0,0.0944,0.7101,-0.6977,0,-0.1577,0.7027,0.6938,0,28.3288,0,0,1]},
{"frame":19,"values":[0.9867,0.0512,0.1542,0,0.072,0.7127,-0.6977,0,-0.1456,0.6996,0.6996,0,28.3288,0,0,1]},
{"frame":20,"values":[0.9905,0.0354,0.1332,0,0.0681,0.7145,-0.6963,0,-0.1198,0.6987,0.7053,0,28.3288,0,0,1]},
{"frame":21,"values":[0.9922,0.0274,0.1217,0,0.0653,0.7176,-0.6934,0,-0.1063,0.696,0.7102,0,28.3288,0,0,1]},
{"frame":22,"values":[0.9927,0.023,0.118,0,0.0673,0.7072,-0.7038,0,-0.0996,0.7067,0.7005,0,28.3288,0,0,1]},
{"frame":23,"values":[0.9925,0.0171,0.1214,0,0.0789,0.6686,-0.7394,0,-0.0938,0.7434,0.6622,0,28.3288,0,0,1]},
{"frame":24,"values":[0.9906,-0.0115,0.136,0,0.1081,0.6741,-0.7307,0,-0.0833,0.7385,0.669,0,28.3288,0,0,1]},
{"frame":25,"values":[0.9879,-0.0353,0.1508,0,0.1332,0.6905,-0.711,0,-0.079,0.7225,0.6869,0,28.3288,0,0,1]}],"loopBehavior":1,"name":"anim","property":"_matrix"}},
{"name":"mixamorig:LeftHandThumb1","index":13,"matrix":[0.9854,-0.0401,-0.1653,0,0.0415,0.9991,0.0051,0,0.1649,-0.0119,0.9862,0,2.4661,-1.575,2.6824,1],"rest":[1,0.0002,0.0002,0,-0.0002,1,-0.0002,0,-0.0002,0.0002,1,0,2.4661,-1.575,2.6824,1],"parentBoneIndex":12,"length":4.1696
,"animation":{"dataType":3,"framePerSecond":24,"keys":[
{"frame":1,"values":[0.9854,-0.0401,-0.1653,0,0.0415,0.9991,0.0051,0,0.1649,-0.0119,0.9862,0,2.4661,-1.575,2.6824,1]},
{"frame":25,"values":[0.9854,-0.0401,-0.1653,0,0.0415,0.9991,0.0051,0,0.1649,-0.0119,0.9862,0,2.4661,-1.575,2.6824,1]}],"loopBehavior":1,"name":"anim","property":"_matrix"}},
{"name":"mixamorig:LeftHandThumb2","index":14,"matrix":[0.9755,0.0461,-0.2153,0,-0.0229,0.9938,0.1092,0,0.219,-0.1016,0.9704,0,3.2298,-1.8647,1.8647,1],"rest":[1,0,0,0,0,1,0,0,0,0,1,0,3.2298,-1.8647,1.8647,1],"parentBoneIndex":13,"length":3.4245
,"animation":{"dataType":3,"framePerSecond":24,"keys":[
{"frame":1,"values":[0.9755,0.0461,-0.2153,0,-0.0229,0.9938,0.1092,0,0.219,-0.1016,0.9704,0,3.2298,-1.8647,1.8647,1]},
{"frame":25,"values":[0.9755,0.0461,-0.2153,0,-0.0229,0.9938,0.1092,0,0.219,-0.1016,0.9704,0,3.2298,-1.8647,1.8647,1]}],"loopBehavior":1,"name":"anim","property":"_matrix"}},
{"name":"mixamorig:LeftHandThumb3","index":15,"matrix":[0.9525,0.1485,0.2659,0,-0.0268,0.9106,-0.4124,0,-0.3034,0.3857,0.8713,0,2.6526,-1.5315,1.5315,1],"rest":[1,0,0,0,0,1,0,0,0,0,1,0,2.6526,-1.5315,1.5315,1],"parentBoneIndex":14,"length":2.5234
,"animation":{"dataType":3,"framePerSecond":24,"keys":[
{"frame":1,"values":[0.9525,0.1485,0.2659,0,-0.0268,0.9106,-0.4124,0,-0.3034,0.3857,0.8713,0,2.6526,-1.5315,1.5315,1]},
{"frame":25,"values":[0.9525,0.1485,0.2659,0,-0.0268,0.9106,-0.4124,0,-0.3034,0.3857,0.8713,0,2.6526,-1.5315,1.5315,1]}],"loopBehavior":1,"name":"anim","property":"_matrix"}},
{"name":"mixamorig:LeftHandThumb4","index":16,"matrix":[1,0,0,0,0,1,0,0,0,0,1,0,1.9546,-1.1285,1.1285,1],"rest":[1,0,0,0,0,1,0,0,0,0,1,0,1.9546,-1.1285,1.1285,1],"parentBoneIndex":15,"length":2.5234
,"animation":{"dataType":3,"framePerSecond":24,"keys":[
{"frame":1,"values":[1,0,0,0,0,1,0,0,0,0,1,0,1.9546,-1.1285,1.1285,1]},
{"frame":25,"values":[1,0,0,0,0,1,0,0,0,0,1,0,1.9546,-1.1285,1.1285,1]}],"loopBehavior":1,"name":"anim","property":"_matrix"}},
{"name":"mixamorig:LeftHandIndex1","index":17,"matrix":[0.9347,-0.3535,-0.0375,0,0.3548,0.9208,0.1619,0,-0.0227,-0.1646,0.9861,0,9.1093,-0.5171,2.2601,1],"rest":[1,0,0,0,0,1,0,0,0,0,1,0,9.1093,-0.5171,2.2601,1],"parentBoneIndex":12,"length":3.6764
,"animation":{"dataType":3,"framePerSecond":24,"keys":[
{"frame":1,"values":[0.9347,-0.3535,-0.0375,0,0.3548,0.9208,0.1619,0,-0.0227,-0.1646,0.9861,0,9.1093,-0.5171,2.2601,1]},
{"frame":25,"values":[0.9347,-0.3535,-0.0375,0,0.3548,0.9208,0.1619,0,-0.0227,-0.1646,0.9861,0,9.1093,-0.5171,2.2601,1]}],"loopBehavior":1,"name":"anim","property":"_matrix"}},
{"name":"mixamorig:LeftHandIndex2","index":18,"matrix":[0.878,-0.4761,-0.0486,0,0.4761,0.8793,-0.0123,0,0.0486,-0.0123,0.9987,0,3.6764,0,0,1],"rest":[1,0,0,0,0,1,0,0,0,0,1,0,3.6764,0,0,1],"parentBoneIndex":17,"length":2.8831
,"animation":{"dataType":3,"framePerSecond":24,"keys":[
{"frame":1,"values":[0.878,-0.4761,-0.0486,0,0.4761,0.8793,-0.0123,0,0.0486,-0.0123,0.9987,0,3.6764,0,0,1]},
{"frame":25,"values":[0.878,-0.4761,-0.0486,0,0.4761,0.8793,-0.0123,0,0.0486,-0.0123,0.9987,0,3.6764,0,0,1]}],"loopBehavior":1,"name":"anim","property":"_matrix"}},
{"name":"mixamorig:LeftHandIndex3","index":19,"matrix":[0.8773,-0.4775,-0.0487,0,0.4775,0.8785,-0.0124,0,0.0487,-0.0124,0.9987,0,2.8831,0,0,1],"rest":[1,0,0,0,0,1,0,0,0,0,1,0,2.8831,0,0,1],"parentBoneIndex":18,"length":2.3927
,"animation":{"dataType":3,"framePerSecond":24,"keys":[
{"frame":1,"values":[0.8773,-0.4775,-0.0487,0,0.4775,0.8785,-0.0124,0,0.0487,-0.0124,0.9987,0,2.8831,0,0,1]},
{"frame":25,"values":[0.8773,-0.4775,-0.0487,0,0.4775,0.8785,-0.0124,0,0.0487,-0.0124,0.9987,0,2.8831,0,0,1]}],"loopBehavior":1,"name":"anim","property":"_matrix"}},
{"name":"mixamorig:LeftHandIndex4","index":20,"matrix":[1,0,0,0,0,1,0,0,0,0,1,0,2.3927,0,0,1],"rest":[1,0,0,0,0,1,0,0,0,0,1,0,2.3927,0,0,1],"parentBoneIndex":19,"length":2.3927
,"animation":{"dataType":3,"framePerSecond":24,"keys":[
{"frame":1,"values":[1,0,0,0,0,1,0,0,0,0,1,0,2.3927,0,0,1]},
{"frame":25,"values":[1,0,0,0,0,1,0,0,0,0,1,0,2.3927,0,0,1]}],"loopBehavior":1,"name":"anim","property":"_matrix"}},
{"name":"mixamorig:LeftHandMiddle1","index":21,"matrix":[0.9353,-0.3523,-0.0325,0,0.3524,0.9195,0.1744,0,-0.0316,-0.1745,0.9841,0,9.5334,0,0,1],"rest":[1,0,0,0,0,1,0,0,0,0,1,0,9.5334,0,0,1],"parentBoneIndex":12,"length":3.6982
,"animation":{"dataType":3,"framePerSecond":24,"keys":[
{"frame":1,"values":[0.9353,-0.3523,-0.0325,0,0.3524,0.9195,0.1744,0,-0.0316,-0.1745,0.9841,0,9.5334,0,0,1]},
{"frame":25,"values":[0.9353,-0.3523,-0.0325,0,0.3524,0.9195,0.1744,0,-0.0316,-0.1745,0.9841,0,9.5334,0,0,1]}],"loopBehavior":1,"name":"anim","property":"_matrix"}},
{"name":"mixamorig:LeftHandMiddle2","index":22,"matrix":[0.6955,-0.7148,-0.0729,0,0.7148,0.6987,-0.0307,0,0.0729,-0.0307,0.9969,0,3.6982,0,0,1],"rest":[1,0,0,0,0,1,0,0,0,0,1,0,3.6982,0,0,1],"parentBoneIndex":21,"length":2.9509
,"animation":{"dataType":3,"framePerSecond":24,"keys":[
{"frame":1,"values":[0.6955,-0.7148,-0.0729,0,0.7148,0.6987,-0.0307,0,0.0729,-0.0307,0.9969,0,3.6982,0,0,1]},
