{"producer":{"name":"Blender","version":"2.90.0","exporter_version":"6.4.4","file":"walkbackwards_riffle.babylon"},
"autoClear":true,"clearColor":[0.0509,0.0509,0.0509],"gravity":[0,-9.81,0],
"materials":[{"name":"Material","id":"Material","customType":"BABYLON.PBRMaterial","backFaceCulling":true,"checkReadyOnlyOnce":false,"maxSimultaneousLights":4,"environmentIntensity":1,"albedo":[0.8,0.8,0.8],"reflectivity":[0.5,0.5,0.5],"roughness":0.4,"alpha":1,"transparencyMode":0,"alphaCutOff":0.4,"metallic":0}],
"multiMaterials":[],
"skeletons":[{"name":"Armature","id":0,"dimensionsAtRest":[180.6981,191.5439,26.6006],"bones":[
{"name":"mixamorig:Hips","index":0,"matrix":[0.7826,0.0436,-0.6209,0,-0.0376,0.999,0.0228,0,-0.6213,-0.0056,-0.7835,0,-1.0261,89.4143,-1.0641,1],"rest":[1,0,0,0,0,1,0,0,0,0,-1,0,0,103.9915,0,1],"parentBoneIndex":-1,"length":10.5593
,"animation":{"dataType":3,"framePerSecond":24,"keys":[
{"frame":1,"values":[0.7826,0.0436,-0.6209,0,-0.0376,0.999,0.0228,0,-0.6213,-0.0056,-0.7835,0,-1.0261,89.4138,-1.064,1]},
{"frame":2,"values":[0.8075,0.0492,-0.5878,0,-0.0422,0.9988,0.0256,0,-0.5884,-0.0042,-0.8086,0,-0.7705,88.1274,0.3901,1]},
{"frame":3,"values":[0.8329,0.0573,-0.5504,0,-0.0498,0.9983,0.0285,0,-0.5511,-0.0037,-0.8344,0,-0.2347,86.894,1.8705,1]},
{"frame":4,"values":[0.8551,0.0658,-0.5143,0,-0.0585,0.9978,0.0305,0,-0.5152,-0.004,-0.8571,0,0.3178,85.9566,1.9346,1]},
{"frame":5,"values":[0.8725,0.0665,-0.4841,0,-0.0605,0.9978,0.028,0,-0.4849,-0.0049,-0.8745,0,0.9266,85.2253,2.2563,1]},
{"frame":6,"values":[0.8816,0.0693,-0.4668,0,-0.0643,0.9976,0.0267,0,-0.4675,-0.0064,-0.884,0,1.5512,85.1228,3.4247,1]},
{"frame":7,"values":[0.8838,0.0694,-0.4627,0,-0.0654,0.9976,0.0247,0,-0.4633,-0.0084,-0.8862,0,2.2116,85.7322,4.8616,1]},
{"frame":8,"values":[0.8795,0.0704,-0.4707,0,-0.0675,0.9975,0.023,0,-0.4712,-0.0116,-0.882,0,2.7873,86.958,6.0181,1]},
{"frame":9,"values":[0.8686,0.0729,-0.4901,0,-0.0713,0.9972,0.0218,0,-0.4903,-0.016,-0.8714,0,3.2536,88.6857,5.8465,1]},
{"frame":10,"values":[0.8523,0.0771,-0.5173,0,-0.077,0.9968,0.0218,0,-0.5173,-0.0212,-0.8556,0,3.4932,90.1582,4.6837,1]},
{"frame":11,"values":[0.8315,0.08,-0.5498,0,-0.0816,0.9964,0.0215,0,-0.5495,-0.027,-0.835,0,3.5062,90.8235,3.252,1]},
{"frame":12,"values":[0.8064,0.0789,-0.586,0,-0.0833,0.9963,0.0196,0,-0.5854,-0.033,-0.8101,0,3.4368,90.5413,2.1296,1]},
{"frame":13,"values":[0.7784,0.0763,-0.6232,0,-0.0839,0.9963,0.0173,0,-0.6222,-0.0388,-0.7819,0,3.2252,89.6871,1.5018,1]},
{"frame":14,"values":[0.7485,0.0701,-0.6594,0,-0.0818,0.9966,0.0131,0,-0.658,-0.0442,-0.7517,0,2.7922,88.436,1.1078,1]},
{"frame":15,"values":[0.7191,0.0614,-0.6922,0,-0.078,0.9969,0.0073,0,-0.6905,-0.0487,-0.7216,0,2.2741,87.0847,0.6652,1]},
{"frame":16,"values":[0.6934,0.0551,-0.7184,0,-0.0757,0.9971,0.0034,0,-0.7166,-0.052,-0.6956,0,1.7142,85.9582,0.211,1]},
{"frame":17,"values":[0.6725,0.0562,-0.738,0,-0.0778,0.997,0.005,0,-0.736,-0.054,-0.6748,0,1.1107,86.2804,0.3587,1]},
{"frame":18,"values":[0.6588,0.0546,-0.7503,0,-0.0769,0.997,0.0049,0,-0.7483,-0.0545,-0.6611,0,0.5038,87.7053,0.9487,1]},
{"frame":19,"values":[0.6538,0.0543,-0.7547,0,-0.0758,0.9971,0.0061,0,-0.7528,-0.0532,-0.6561,0,-0.1138,89.1741,2.428,1]},
{"frame":20,"values":[0.6611,0.0569,-0.7481,0,-0.0747,0.9972,0.0099,0,-0.7466,-0.0493,-0.6635,0,-0.6958,90.303,3.7622,1]},
{"frame":21,"values":[0.679,0.059,-0.7317,0,-0.0714,0.9973,0.0142,0,-0.7306,-0.0427,-0.6815,0,-1.0995,90.9102,3.7224,1]},
{"frame":22,"values":[0.7041,0.0552,-0.7079,0,-0.063,0.9979,0.0152,0,-0.7073,-0.0339,-0.7061,0,-1.1993,91.0934,2.5798,1]},
{"frame":23,"values":[0.7322,0.048,-0.6794,0,-0.0517,0.9986,0.0149,0,-0.6791,-0.0242,-0.7337,0,-1.1801,90.9267,1.0465,1]},
{"frame":24,"values":[0.7597,0.0437,-0.6488,0,-0.0426,0.9989,0.0174,0,-0.6489,-0.0144,-0.7607,0,-1.0982,90.3633,-0.2571,1]},
{"frame":25,"values":[0.7826,0.0436,-0.6209,0,-0.0376,0.999,0.0228,0,-0.6213,-0.0056,-0.7835,0,-1.0261,89.4143,-1.0641,1]}],"loopBehavior":1,"name":"anim","property":"_matrix"}},
{"name":"mixamorig:Spine","index":1,"matrix":[0.9917,0.0068,0.1285,0,-0.0241,0.9908,0.1328,0,-0.1264,-0.1348,0.9828,0,0,10.1816,0.1315,1],"rest":[1,0,0,0,0,1,0,0,0,0,1,0,0,10.1816,0.1315,1],"parentBoneIndex":0,"length":10.133
,"animation":{"dataType":3,"framePerSecond":24,"keys":[
{"frame":1,"values":[0.9917,0.0069,0.1285,0,-0.0242,0.9908,0.1329,0,-0.1264,-0.1349,0.9828,0,0,10.1816,0.1315,1]},
{"frame":2,"values":[0.9906,-0.0019,0.137,0,-0.0165,0.991,0.1332,0,-0.136,-0.1342,0.9816,0,0,10.1816,0.1315,1]},
{"frame":3,"values":[0.9892,-0.0185,0.1456,0,-0.0007,0.9915,0.1303,0,-0.1467,-0.129,0.9807,0,0,10.1816,0.1315,1]},
{"frame":4,"values":[0.9876,-0.0372,0.1524,0,0.0181,0.992,0.125,0,-0.1558,-0.1207,0.9804,0,0,10.1816,0.1315,1]},
{"frame":5,"values":[0.9864,-0.0486,0.1571,0,0.0297,0.9923,0.1204,0,-0.1618,-0.1141,0.9802,0,0,10.1816,0.1315,1]},
{"frame":6,"values":[0.9856,-0.0604,0.1581,0,0.042,0.9922,0.1171,0,-0.1639,-0.1088,0.9805,0,0,10.1816,0.1315,1]},
{"frame":7,"values":[0.9853,-0.0674,0.1572,0,0.0485,0.9915,0.1211,0,-0.1641,-0.1116,0.9801,0,0,10.1816,0.1315,1]},
{"frame":8,"values":[0.9859,-0.07,0.1522,0,0.0504,0.9903,0.1292,0,-0.1598,-0.1197,0.9799,0,0,10.1816,0.1315,1]},
{"frame":9,"values":[0.9875,-0.0685,0.1418,0,0.0492,0.9896,0.1355,0,-0.1496,-0.1269,0.9806,0,0,10.1816,0.1315,1]},
{"frame":10,"values":[0.9891,-0.0717,0.1285,0,0.0542,0.9895,0.1343,0,-0.1368,-0.1259,0.9826,0,0,10.1816,0.1315,1]},
{"frame":11,"values":[0.9906,-0.0767,0.1132,0,0.0625,0.9903,0.1244,0,-0.1216,-0.1161,0.9858,0,0,10.1816,0.1315,1]},
{"frame":12,"values":[0.9926,-0.0733,0.0965,0,0.0626,0.992,0.1092,0,-0.1038,-0.1024,0.9893,0,0,10.1816,0.1315,1]},
{"frame":13,"values":[0.9947,-0.0659,0.0786,0,0.0585,0.994,0.0926,0,-0.0843,-0.0875,0.9926,0,0,10.1816,0.1315,1]},
{"frame":14,"values":[0.9966,-0.0572,0.0593,0,0.0526,0.9958,0.0751,0,-0.0634,-0.0717,0.9954,0,0,10.1816,0.1315,1]},
{"frame":15,"values":[0.9982,-0.043,0.0408,0,0.0405,0.9973,0.0609,0,-0.0433,-0.0591,0.9973,0,0,10.1816,0.1315,1]},
{"frame":16,"values":[0.9992,-0.0303,0.0259,0,0.0289,0.9981,0.054,0,-0.0274,-0.0532,0.9982,0,0,10.1816,0.1315,1]},
{"frame":17,"values":[0.9996,-0.0261,0.0135,0,0.0253,0.9981,0.0561,0,-0.015,-0.0557,0.9983,0,0,10.1816,0.1315,1]},
{"frame":18,"values":[0.9998,-0.02,0.0056,0,0.0196,0.9978,0.0637,0,-0.0069,-0.0636,0.998,0,0,10.1816,0.1315,1]},
{"frame":19,"values":[0.9998,-0.0196,0.0039,0,0.0192,0.9973,0.0711,0,-0.0052,-0.071,0.9975,0,0,10.1816,0.1315,1]},
{"frame":20,"values":[0.9996,-0.0233,0.0128,0,0.0223,0.9968,0.0771,0,-0.0145,-0.0768,0.9969,0,0,10.1816,0.1315,1]},
{"frame":21,"values":[0.9993,-0.0227,0.0305,0,0.02,0.9961,0.086,0,-0.0324,-0.0853,0.9958,0,0,10.1816,0.1315,1]},
{"frame":22,"values":[0.9985,-0.0127,0.0537,0,0.0074,0.9951,0.0989,0,-0.0547,-0.0983,0.9936,0,0,10.1816,0.1315,1]},
{"frame":23,"values":[0.9968,-0.0004,0.0798,0,-0.0086,0.9936,0.1123,0,-0.0793,-0.1127,0.9905,0,0,10.1816,0.1315,1]},
{"frame":24,"values":[0.9943,0.0088,0.1062,0,-0.0222,0.9918,0.1257,0,-0.1042,-0.1274,0.9864,0,0,10.1816,0.1315,1]},
{"frame":25,"values":[0.9917,0.0068,0.1285,0,-0.0241,0.9908,0.1328,0,-0.1264,-0.1348,0.9828,0,0,10.1816,0.1315,1]}],"loopBehavior":1,"name":"anim","property":"_matrix"}},
{"name":"mixamorig:Spine1","index":2,"matrix":[0.9932,0.0881,-0.0762,0,-0.0733,0.9812,0.1788,0,0.0905,-0.172,0.9809,0,0,10.0835,-1.0008,1],"rest":[1,0,0,0,0,1,0,0,0,0,1,0,0,10.0835,-1.0008,1],"parentBoneIndex":1,"length":9.2031
,"animation":{"dataType":3,"framePerSecond":24,"keys":[
{"frame":1,"values":[0.9932,0.088,-0.0763,0,-0.0732,0.9812,0.1787,0,0.0906,-0.1719,0.9809,0,0,10.0835,-1.0008,1]},
{"frame":2,"values":[0.9932,0.0877,-0.0762,0,-0.073,0.9813,0.1781,0,0.0904,-0.1713,0.9811,0,0,10.0835,-1.0008,1]},
{"frame":3,"values":[0.9931,0.0889,-0.0759,0,-0.0744,0.9815,0.1766,0,0.0902,-0.1697,0.9814,0,0,10.0835,-1.0008,1]},
{"frame":4,"values":[0.9931,0.0897,-0.0757,0,-0.0753,0.9816,0.1754,0,0.09,-0.1685,0.9816,0,0,10.0835,-1.0008,1]},
{"frame":5,"values":[0.993,0.0905,-0.076,0,-0.0761,0.9818,0.1737,0,0.0904,-0.1667,0.9819,0,0,10.0835,-1.0008,1]},
{"frame":6,"values":[0.993,0.0906,-0.0759,0,-0.0764,0.982,0.173,0,0.0902,-0.166,0.982,0,0,10.0835,-1.0008,1]},
{"frame":7,"values":[0.993,0.0907,-0.0754,0,-0.0765,0.982,0.1727,0,0.0897,-0.1658,0.9821,0,0,10.0835,-1.0008,1]},
{"frame":8,"values":[0.993,0.0905,-0.0759,0,-0.0762,0.9819,0.1734,0,0.0902,-0.1664,0.9819,0,0,10.0835,-1.0008,1]},
{"frame":9,"values":[0.9929,0.0907,-0.077,0,-0.0761,0.9817,0.1747,0,0.0914,-0.1676,0.9816,0,0,10.0835,-1.0008,1]},
{"frame":10,"values":[0.9924,0.0955,-0.0771,0,-0.0805,0.9806,0.1787,0,0.0926,-0.1711,0.9809,0,0,10.0835,-1.0008,1]},
{"frame":11,"values":[0.9916,0.1041,-0.0763,0,-0.0884,0.9786,0.1858,0,0.094,-0.1775,0.9796,0,0,10.0835,-1.0008,1]},
{"frame":12,"values":[0.9909,0.111,-0.0757,0,-0.0947,0.9767,0.1925,0,0.0953,-0.1836,0.9784,0,0,10.0835,-1.0008,1]},
{"frame":13,"values":[0.9904,0.1156,-0.0759,0,-0.0986,0.9751,0.1985,0,0.097,-0.1892,0.9771,0,0,10.0835,-1.0008,1]},
{"frame":14,"values":[0.9899,0.1188,-0.0769,0,-0.1011,0.9738,0.2038,0,0.0991,-0.194,0.976,0,0,10.0835,-1.0008,1]},
{"frame":15,"values":[0.99,0.1174,-0.0783,0,-0.0992,0.9737,0.2049,0,0.1003,-0.1951,0.9756,0,0,10.0835,-1.0008,1]},
{"frame":16,"values":[0.9905,0.1119,-0.0796,0,-0.0939,0.9749,0.2018,0,0.1001,-0.1924,0.9762,0,0,10.0835,-1.0008,1]},
{"frame":17,"values":[0.9913,0.1027,-0.0823,0,-0.085,0.9772,0.1948,0,0.1004,-0.1861,0.9774,0,0,10.0835,-1.0008,1]},
{"frame":18,"values":[0.9921,0.0924,-0.0845,0,-0.0755,0.9798,0.1854,0,0.0999,-0.1776,0.979,0,0,10.0835,-1.0008,1]},
{"frame":19,"values":[0.9925,0.0869,-0.0857,0,-0.0704,0.9813,0.179,0,0.0997,-0.1716,0.9801,0,0,10.0835,-1.0008,1]},
{"frame":20,"values":[0.9927,0.085,-0.0854,0,-0.0687,0.9816,0.1779,0,0.0989,-0.1708,0.9803,0,0,10.0835,-1.0008,1]},
{"frame":21,"values":[0.9929,0.0847,-0.0838,0,-0.0688,0.9817,0.1777,0,0.0973,-0.1707,0.9805,0,0,10.0835,-1.0008,1]},
{"frame":22,"values":[0.9929,0.0862,-0.0816,0,-0.0705,0.9814,0.1783,0,0.0955,-0.1713,0.9806,0,0,10.0835,-1.0008,1]},
{"frame":23,"values":[0.9929,0.0882,-0.0797,0,-0.0729,0.9812,0.1787,0,0.0939,-0.1717,0.9807,0,0,10.0835,-1.0008,1]},
{"frame":24,"values":[0.9931,0.0879,-0.0781,0,-0.0728,0.9812,0.1785,0,0.0924,-0.1716,0.9808,0,0,10.0835,-1.0008,1]},
{"frame":25,"values":[0.9932,0.0881,-0.0762,0,-0.0733,0.9812,0.1788,0,0.0905,-0.172,0.9809,0,0,10.0835,-1.0008,1]}],"loopBehavior":1,"name":"anim","property":"_matrix"}},
{"name":"mixamorig:Spine2","index":3,"matrix":[0.9918,0.0932,-0.088,0,-0.0775,0.9828,0.1674,0,0.102,-0.1592,0.982,0,0,9.1,-1.3734,1],"rest":[1,0,0,0,0,1,0,0,0,0,1,0,0,9.1,-1.3734,1],"parentBoneIndex":2,"length":13.7198
,"animation":{"dataType":3,"framePerSecond":24,"keys":[
{"frame":1,"values":[0.9918,0.0931,-0.088,0,-0.0774,0.9829,0.1673,0,0.1021,-0.1591,0.982,0,0,9.1,-1.3734,1]},
{"frame":2,"values":[0.9918,0.0928,-0.088,0,-0.0772,0.983,0.1667,0,0.1019,-0.1585,0.9821,0,0,9.1,-1.3734,1]},
{"frame":3,"values":[0.9917,0.0938,-0.0881,0,-0.0783,0.9832,0.1651,0,0.1021,-0.1568,0.9823,0,0,9.1,-1.3734,1]},
{"frame":4,"values":[0.9916,0.0944,-0.0882,0,-0.079,0.9833,0.1639,0,0.1022,-0.1556,0.9825,0,0,9.1,-1.3734,1]},
{"frame":5,"values":[0.9915,0.0949,-0.0889,0,-0.0796,0.9835,0.1623,0,0.1028,-0.1539,0.9827,0,0,9.1,-1.3734,1]},
{"frame":6,"values":[0.9915,0.095,-0.0889,0,-0.0798,0.9836,0.1615,0,0.1028,-0.1531,0.9829,0,0,9.1,-1.3734,1]},
{"frame":7,"values":[0.9915,0.095,-0.0884,0,-0.0798,0.9837,0.1613,0,0.1023,-0.1528,0.9829,0,0,9.1,-1.3734,1]},
{"frame":8,"values":[0.9915,0.0948,-0.0889,0,-0.0795,0.9836,0.1619,0,0.1028,-0.1534,0.9828,0,0,9.1,-1.3734,1]},
{"frame":9,"values":[0.9914,0.0952,-0.0899,0,-0.0796,0.9834,0.1632,0,0.1039,-0.1546,0.9825,0,0,9.1,-1.3734,1]},
{"frame":10,"values":[0.9908,0.1003,-0.0905,0,-0.0842,0.9824,0.1669,0,0.1056,-0.1577,0.9818,0,0,9.1,-1.3734,1]},
{"frame":11,"values":[0.9899,0.1094,-0.0905,0,-0.0925,0.9805,0.1735,0,0.1077,-0.1633,0.9807,0,0,9.1,-1.3734,1]},
{"frame":12,"values":[0.989,0.1169,-0.0904,0,-0.0993,0.9787,0.1798,0,0.1095,-0.1688,0.9795,0,0,9.1,-1.3734,1]},
{"frame":13,"values":[0.9884,0.122,-0.0908,0,-0.1036,0.9772,0.1855,0,0.1114,-0.174,0.9784,0,0,9.1,-1.3734,1]},
{"frame":14,"values":[0.9878,0.1257,-0.0919,0,-0.1064,0.9759,0.1906,0,0.1136,-0.1785,0.9774,0,0,9.1,-1.3734,1]},
{"frame":15,"values":[0.9879,0.1244,-0.0928,0,-0.1048,0.9758,0.1918,0,0.1144,-0.1798,0.977,0,0,9.1,-1.3734,1]},
{"frame":16,"values":[0.9885,0.1187,-0.0933,0,-0.0994,0.9769,0.1891,0,0.1135,-0.1777,0.9775,0,0,9.1,-1.3734,1]},
{"frame":17,"values":[0.9895,0.1089,-0.0951,0,-0.0902,0.979,0.1828,0,0.113,-0.1723,0.9786,0,0,9.1,-1.3734,1]},
{"frame":18,"values":[0.9905,0.0979,-0.0963,0,-0.0801,0.9815,0.1741,0,0.1116,-0.1647,0.98,0,0,9.1,-1.3734,1]},
{"frame":19,"values":[0.991,0.0918,-0.0972,0,-0.0746,0.983,0.168,0,0.111,-0.1592,0.981,0,0,9.1,-1.3734,1]},
{"frame":20,"values":[0.9913,0.0898,-0.0966,0,-0.0728,0.9832,0.1671,0,0.11,-0.1586,0.9812,0,0,9.1,-1.3734,1]},
{"frame":21,"values":[0.9914,0.0896,-0.095,0,-0.0729,0.9833,0.1668,0,0.1084,-0.1585,0.9814,0,0,9.1,-1.3734,1]},
{"frame":22,"values":[0.9915,0.0911,-0.0931,0,-0.0746,0.9831,0.1672,0,0.1067,-0.1588,0.9815,0,0,9.1,-1.3734,1]},
{"frame":23,"values":[0.9914,0.0933,-0.0914,0,-0.077,0.9829,0.1675,0,0.1055,-0.159,0.9816,0,0,9.1,-1.3734,1]},
{"frame":24,"values":[0.9916,0.093,-0.0899,0,-0.077,0.9829,0.1672,0,0.1039,-0.1588,0.9818,0,0,9.1,-1.3734,1]},
{"frame":25,"values":[0.9918,0.0932,-0.088,0,-0.0775,0.9828,0.1674,0,0.102,-0.1592,0.982,0,0,9.1,-1.3734,1]}],"loopBehavior":1,"name":"anim","property":"_matrix"}},
{"name":"mixamorig:Neck","index":4,"matrix":[0.9999,0.008,-0.0063,0,-0.0084,0.9974,-0.0714,0,0.0057,0.0714,0.9974,0,0,16.6717,-2.5162,1],"rest":[1,0,0,0,0,1,0,0,0,0,1,0,0,16.6717,-2.5162,1],"parentBoneIndex":3,"length":9.7644
,"animation":{"dataType":3,"framePerSecond":24,"keys":[
{"frame":1,"values":[0.9999,0.008,-0.0063,0,-0.0084,0.9974,-0.0714,0,0.0057,0.0714,0.9974,0,0,16.6717,-2.5162,1]},
{"frame":2,"values":[1,0.0084,0.0004,0,-0.0083,0.998,-0.063,0,-0.0009,0.063,0.998,0,0,16.6717,-2.5162,1]},
{"frame":3,"values":[0.9999,0.0086,0.0078,0,-0.0082,0.9985,-0.0545,0,-0.0082,0.0545,0.9985,0,0,16.6717,-2.5162,1]},
{"frame":4,"values":[0.9998,0.0087,0.0153,0,-0.0079,0.9988,-0.0484,0,-0.0157,0.0482,0.9987,0,0,16.6717,-2.5162,1]},
{"frame":5,"values":[0.9997,0.0088,0.0221,0,-0.0077,0.9989,-0.0466,0,-0.0225,0.0464,0.9987,0,0,16.6717,-2.5162,1]},
{"frame":6,"values":[0.9996,0.009,0.0275,0,-0.0076,0.9988,-0.0492,0,-0.0279,0.049,0.9984,0,0,16.6717,-2.5162,1]},
{"frame":7,"values":[0.9995,0.0093,0.0294,0,-0.0077,0.9985,-0.0533,0,-0.0298,0.0531,0.9981,0,0,16.6717,-2.5162,1]},
{"frame":8,"values":[0.9996,0.0094,0.0272,0,-0.0078,0.9983,-0.0581,0,-0.0277,0.0578,0.9979,0,0,16.6717,-2.5162,1]},
{"frame":9,"values":[0.9997,0.0095,0.0238,0,-0.008,0.998,-0.0628,0,-0.0243,0.0625,0.9977,0,0,16.6717,-2.5162,1]},
{"frame":10,"values":[0.9998,0.0094,0.0192,0,-0.0081,0.9977,-0.0669,0,-0.0198,0.0668,0.9976,0,0,16.6717,-2.5162,1]},
{"frame":11,"values":[0.9999,0.0092,0.0138,0,-0.0082,0.9975,-0.0702,0,-0.0144,0.0701,0.9974,0,0,16.6717,-2.5162,1]},
{"frame":12,"values":[0.9999,0.0089,0.0079,0,-0.0083,0.9974,-0.0721,0,-0.0085,0.072,0.9974,0,0,16.6717,-2.5162,1]},
{"frame":13,"values":[1,0.0085,0.0017,0,-0.0083,0.9974,-0.0721,0,-0.0023,0.0721,0.9974,0,0,16.6717,-2.5162,1]},
{"frame":14,"values":[1,0.0081,-0.0046,0,-0.0084,0.9976,-0.0686,0,0.004,0.0686,0.9976,0,0,16.6717,-2.5162,1]},
{"frame":15,"values":[0.9999,0.0079,-0.0106,0,-0.0086,0.998,-0.0628,0,0.01,0.0628,0.998,0,0,16.6717,-2.5162,1]},
{"frame":16,"values":[0.9998,0.0079,-0.016,0,-0.0088,0.9983,-0.0568,0,0.0155,0.0569,0.9983,0,0,16.6717,-2.5162,1]},
{"frame":17,"values":[0.9998,0.0079,-0.0208,0,-0.009,0.9986,-0.0528,0,0.0204,0.0529,0.9984,0,0,16.6717,-2.5162,1]},
{"frame":18,"values":[0.9997,0.0079,-0.0249,0,-0.0092,0.9986,-0.0512,0,0.0244,0.0514,0.9984,0,0,16.6717,-2.5162,1]},
{"frame":19,"values":[0.9996,0.0078,-0.0281,0,-0.0092,0.9986,-0.0524,0,0.0277,0.0526,0.9982,0,0,16.6717,-2.5162,1]},
{"frame":20,"values":[0.9996,0.0076,-0.0273,0,-0.0091,0.9984,-0.0553,0,0.0268,0.0555,0.9981,0,0,16.6717,-2.5162,1]},
{"frame":21,"values":[0.9997,0.0075,-0.0242,0,-0.0089,0.9982,-0.0586,0,0.0237,0.0588,0.998,0,0,16.6717,-2.5162,1]},
{"frame":22,"values":[0.9998,0.0075,-0.0203,0,-0.0088,0.9981,-0.0617,0,0.0198,0.0619,0.9979,0,0,16.6717,-2.5162,1]},
{"frame":23,"values":[0.9998,0.0076,-0.016,0,-0.0086,0.9979,-0.0649,0,0.0154,0.065,0.9978,0,0,16.6717,-2.5162,1]},
{"frame":24,"values":[0.9999,0.0077,-0.0112,0,-0.0085,0.9976,-0.0681,0,0.0107,0.0682,0.9976,0,0,16.6717,-2.5162,1]},
{"frame":25,"values":[0.9999,0.008,-0.0063,0,-0.0084,0.9974,-0.0714,0,0.0057,0.0714,0.9974,0,0,16.6717,-2.5162,1]}],"loopBehavior":1,"name":"anim","property":"_matrix"}},
{"name":"mixamorig:Head","index":5,"matrix":[0.8999,-0.2886,-0.327,0,0.272,0.9575,-0.0965,0,0.3409,-0.0021,0.9401,0,0,9.6179,1.685,1],"rest":[1,0,0,0,0,1,0,0,0,0,1,0,0,9.6179,1.685,1],"parentBoneIndex":4,"length":13.7945
,"animation":{"dataType":3,"framePerSecond":24,"keys":[
{"frame":1,"values":[0.8999,-0.2886,-0.327,0,0.2719,0.9575,-0.0965,0,0.3409,-0.0021,0.9401,0,0,9.6179,1.685,1]},
{"frame":2,"values":[0.9081,-0.2834,-0.3084,0,0.2665,0.959,-0.0966,0,0.3231,0.0056,0.9463,0,0,9.6179,1.685,1]},
{"frame":3,"values":[0.9193,-0.2754,-0.2811,0,0.2566,0.9611,-0.1024,0,0.2984,0.022,0.9542,0,0,9.6179,1.685,1]},
{"frame":4,"values":[0.9298,-0.2631,-0.2574,0,0.2448,0.9643,-0.1012,0,0.2749,0.0311,0.961,0,0,9.6179,1.685,1]},
{"frame":5,"values":[0.9382,-0.2493,-0.24,0,0.2329,0.9679,-0.0948,0,0.2559,0.033,0.9661,0,0,9.6179,1.685,1]},
{"frame":6,"values":[0.9437,-0.2374,-0.2303,0,0.2229,0.9709,-0.0872,0,0.2443,0.031,0.9692,0,0,9.6179,1.685,1]},
{"frame":7,"values":[0.9463,-0.2299,-0.2273,0,0.2154,0.9727,-0.0868,0,0.241,0.0332,0.97,0,0,9.6179,1.685,1]},
{"frame":8,"values":[0.9457,-0.229,-0.2307,0,0.2128,0.9727,-0.0928,0,0.2456,0.0387,0.9686,0,0,9.6179,1.685,1]},
{"frame":9,"values":[0.9428,-0.2352,-0.2362,0,0.217,0.971,-0.1007,0,0.253,0.0437,0.9665,0,0,9.6179,1.685,1]},
{"frame":10,"values":[0.9374,-0.2478,-0.2449,0,0.2274,0.9677,-0.1085,0,0.2639,0.046,0.9635,0,0,9.6179,1.685,1]},
{"frame":11,"values":[0.9299,-0.2639,-0.2561,0,0.2416,0.9635,-0.1152,0,0.2771,0.0453,0.9598,0,0,9.6179,1.685,1]},
{"frame":12,"values":[0.9212,-0.2815,-0.2685,0,0.2579,0.9587,-0.1201,0,0.2912,0.0414,0.9558,0,0,9.6179,1.685,1]},
{"frame":13,"values":[0.9121,-0.2977,-0.2818,0,0.2733,0.954,-0.1231,0,0.3055,0.0353,0.9515,0,0,9.6179,1.685,1]},
{"frame":14,"values":[0.904,-0.3095,-0.295,0,0.2845,0.9505,-0.1252,0,0.3191,0.0292,0.9473,0,0,9.6179,1.685,1]},
{"frame":15,"values":[0.8978,-0.315,-0.3078,0,0.2905,0.9489,-0.1236,0,0.331,0.0216,0.9434,0,0,9.6179,1.685,1]},
{"frame":16,"values":[0.8951,-0.3131,-0.3175,0,0.29,0.9496,-0.1188,0,0.3387,0.0142,0.9408,0,0,9.6179,1.685,1]},
{"frame":17,"values":[0.8953,-0.304,-0.3257,0,0.2831,0.9526,-0.1111,0,0.3441,0.0073,0.9389,0,0,9.6179,1.685,1]},
{"frame":18,"values":[0.8967,-0.2915,-0.3329,0,0.2731,0.9566,-0.1021,0,0.3482,0.0006,0.9374,0,0,9.6179,1.685,1]},
{"frame":19,"values":[0.898,-0.2806,-0.339,0,0.2636,0.9598,-0.0962,0,0.3524,-0.003,0.9358,0,0,9.6179,1.685,1]},
{"frame":20,"values":[0.8986,-0.2741,-0.3426,0,0.2584,0.9617,-0.0917,0,0.3546,-0.0061,0.935,0,0,9.6179,1.685,1]},
{"frame":21,"values":[0.8982,-0.274,-0.3437,0,0.2597,0.9617,-0.0878,0,0.3546,-0.0104,0.935,0,0,9.6179,1.685,1]},
{"frame":22,"values":[0.8972,-0.2784,-0.3427,0,0.2657,0.9603,-0.0845,0,0.3526,-0.0153,0.9356,0,0,9.6179,1.685,1]},
{"frame":23,"values":[0.8962,-0.2839,-0.341,0,0.2719,0.9587,-0.0835,0,0.3506,-0.0179,0.9363,0,0,9.6179,1.685,1]},
{"frame":24,"values":[0.8965,-0.2878,-0.3369,0,0.2747,0.9576,-0.0869,0,0.3476,-0.0147,0.9375,0,0,9.6179,1.685,1]},
{"frame":25,"values":[0.8999,-0.2886,-0.327,0,0.272,0.9575,-0.0965,0,0.3409,-0.0021,0.9401,0,0,9.6179,1.685,1]}],"loopBehavior":1,"name":"anim","property":"_matrix"}},
{"name":"mixamorig:HeadTop_End","index":6,"matrix":[1,0,0,0,0,1,0,0,0,0,1,0,0,17.8152,2.585,1],"rest":[1,0,0,0,0,1,0,0,0,0,1,0,0,17.8152,2.585,1],"parentBoneIndex":5,"length":13.7945
,"animation":{"dataType":3,"framePerSecond":24,"keys":[
{"frame":1,"values":[1,0,0,0,0,1,0,0,0,0,1,0,0,17.8152,2.585,1]},
{"frame":25,"values":[1,0,0,0,0,1,0,0,0,0,1,0,0,17.8152,2.585,1]}],"loopBehavior":1,"name":"anim","property":"_matrix"}},
{"name":"mixamorig:LeftEye","index":7,"matrix":[1,0,0,0,0,1,0,0,0,0,1,0,3.0676,6.4095,9.2836,1],"rest":[1,0,0,0,0,1,0,0,0,0,1,0,3.0676,6.4095,9.2836,1],"parentBoneIndex":5,"length":13.7945
,"animation":{"dataType":3,"framePerSecond":24,"keys":[
{"frame":1,"values":[1,0,0,0,0,1,0,0,0,0,1,0,3.0676,6.4095,9.2836,1]},
{"frame":25,"values":[1,0,0,0,0,1,0,0,0,0,1,0,3.0676,6.4095,9.2836,1]}],"loopBehavior":1,"name":"anim","property":"_matrix"}},
{"name":"mixamorig:RightEye","index":8,"matrix":[1,0,0,0,0,1,0,0,0,0,1,0,-3.0676,6.4095,9.2835,1],"rest":[1,0,0,0,0,1,0,0,0,0,1,0,-3.0676,6.4095,9.2835,1],"parentBoneIndex":5,"length":13.7945
,"animation":{"dataType":3,"framePerSecond":24,"keys":[
{"frame":1,"values":[1,0,0,0,0,1,0,0,0,0,1,0,-3.0676,6.4095,9.2835,1]},
{"frame":25,"values":[1,0,0,0,0,1,0,0,0,0,1,0,-3.0676,6.4095,9.2835,1]}],"loopBehavior":1,"name":"anim","property":"_matrix"}},
{"name":"mixamorig:LeftShoulder","index":9,"matrix":[0.8951,-0.079,0.4389,0,0.0913,0.9958,-0.007,0,-0.4365,0.0463,0.8985,0,4.5704,10.946,-2.628,1],"rest":[1,0,0,0,0,1,0,0,0,0,1,0,4.5704,10.946,-2.628,1],"parentBoneIndex":3,"length":10.8377
,"animation":{"dataType":3,"framePerSecond":24,"keys":[
{"frame":1,"values":[0.8951,-0.079,0.4389,0,0.0913,0.9958,-0.007,0,-0.4365,0.0463,0.8985,0,4.5704,10.946,-2.628,1]},
{"frame":2,"values":[0.8836,-0.0834,0.4607,0,0.0894,0.996,0.0089,0,-0.4595,0.0334,0.8875,0,4.5704,10.946,-2.628,1]},
{"frame":3,"values":[0.8698,-0.088,0.4855,0,0.0862,0.9959,0.0261,0,-0.4858,0.0191,0.8739,0,4.5704,10.946,-2.628,1]},
{"frame":4,"values":[0.8559,-0.0917,0.5089,0,0.0824,0.9958,0.0408,0,-0.5105,0.0071,0.8598,0,4.5704,10.946,-2.628,1]},
{"frame":5,"values":[0.8443,-0.0936,0.5276,0,0.0795,0.9956,0.0494,0,-0.53,0.0002,0.848,0,4.5704,10.946,-2.628,1]},
{"frame":6,"values":[0.8382,-0.0929,0.5374,0,0.0791,0.9957,0.0488,0,-0.5396,0.0016,0.8419,0,4.5704,10.946,-2.628,1]},
{"frame":7,"values":[0.8383,-0.0913,0.5376,0,0.0799,0.9958,0.0445,0,-0.5394,0.0057,0.8421,0,4.5704,10.946,-2.628,1]},
{"frame":8,"values":[0.844,-0.0899,0.5288,0,0.0814,0.9959,0.0394,0,-0.5301,0.0099,0.8479,0,4.5704,10.946,-2.628,1]},
{"frame":9,"values":[0.8534,-0.0884,0.5137,0,0.0833,0.996,0.033,0,-0.5145,0.0146,0.8574,0,4.5704,10.946,-2.628,1]},
{"frame":10,"values":[0.8656,-0.0866,0.4931,0,0.0851,0.996,0.0256,0,-0.4934,0.0198,0.8696,0,4.5704,10.946,-2.628,1]},
{"frame":11,"values":[0.8795,-0.0846,0.4684,0,0.0866,0.9961,0.0172,0,-0.468,0.0255,0.8834,0,4.5704,10.946,-2.628,1]},
{"frame":12,"values":[0.894,-0.0822,0.4404,0,0.0877,0.9961,0.008,0,-0.4393,0.0314,0.8978,0,4.5704,10.946,-2.628,1]},
{"frame":13,"values":[0.9084,-0.0797,0.4105,0,0.0881,0.9961,-0.0016,0,-0.4088,0.0376,0.9118,0,4.5704,10.946,-2.628,1]},
{"frame":14,"values":[0.9217,-0.077,0.3802,0,0.0879,0.9961,-0.0114,0,-0.3778,0.044,0.9248,0,4.5704,10.946,-2.628,1]},
{"frame":15,"values":[0.9335,-0.0746,0.3508,0,0.0874,0.996,-0.021,0,-0.3478,0.0502,0.9362,0,4.5704,10.946,-2.628,1]},
{"frame":16,"values":[0.9434,-0.0726,0.3237,0,0.0869,0.9958,-0.0298,0,-0.3202,0.0562,0.9457,0,4.5704,10.946,-2.628,1]},
{"frame":17,"values":[0.951,-0.0717,0.3008,0,0.0869,0.9955,-0.0374,0,-0.2968,0.0617,0.953,0,4.5704,10.946,-2.628,1]},
{"frame":18,"values":[0.9555,-0.0719,0.2861,0,0.0875,0.9953,-0.0421,0,-0.2817,0.0653,0.9573,0,4.5704,10.946,-2.628,1]},
{"frame":19,"values":[0.9571,-0.0732,0.2805,0,0.089,0.9951,-0.0441,0,-0.2759,0.0671,0.9588,0,4.5704,10.946,-2.628,1]},
{"frame":20,"values":[0.9547,-0.075,0.2879,0,0.0911,0.9949,-0.0426,0,-0.2833,0.0669,0.9567,0,4.5704,10.946,-2.628,1]},
{"frame":21,"values":[0.948,-0.0769,0.3088,0,0.093,0.995,-0.0377,0,-0.3044,0.0645,0.9504,0,4.5704,10.946,-2.628,1]},
{"frame":22,"values":[0.9373,-0.0784,0.3396,0,0.0943,0.9951,-0.0304,0,-0.3356,0.0605,0.9401,0,4.5704,10.946,-2.628,1]},
{"frame":23,"values":[0.9238,-0.0793,0.3745,0,0.0943,0.9953,-0.022,0,-0.371,0.0557,0.927,0,4.5704,10.946,-2.628,1]},
{"frame":24,"values":[0.909,-0.0794,0.4091,0,0.0932,0.9956,-0.0139,0,-0.4061,0.0507,0.9124,0,4.5704,10.946,-2.628,1]},
{"frame":25,"values":[0.8951,-0.079,0.4389,0,0.0913,0.9958,-0.007,0,-0.4365,0.0463,0.8985,0,4.5704,10.946,-2.628,1]}],"loopBehavior":1,"name":"anim","property":"_matrix"}},
{"name":"mixamorig:LeftArm","index":10,"matrix":[0.5631,-0.6543,0.5048,0,0.8146,0.3366,-0.4723,0,0.1391,0.6772,0.7226,0,10.5924,-0.5246,-2.2321,1],"rest":[1,0,0,0,0,1,0,0,0,0,1,0,10.5924,-0.5246,-2.2321,1],"parentBoneIndex":9,"length":27.8415
,"animation":{"dataType":3,"framePerSecond":24,"keys":[
{"frame":1,"values":[0.563,-0.6542,0.505,0,0.8147,0.3367,-0.4721,0,0.1388,0.6772,0.7226,0,10.5924,-0.5246,-2.2321,1]},
{"frame":2,"values":[0.585,-0.6208,0.5218,0,0.8039,0.3589,-0.4743,0,0.1072,0.697,0.709,0,10.5924,-0.5246,-2.2321,1]},
{"frame":3,"values":[0.6152,-0.5793,0.5347,0,0.785,0.388,-0.4829,0,0.0723,0.7168,0.6935,0,10.5924,-0.5246,-2.2321,1]},
{"frame":4,"values":[0.6391,-0.5428,0.5449,0,0.7683,0.4187,-0.4841,0,0.0346,0.7281,0.6846,0,10.5924,-0.5246,-2.2321,1]},
{"frame":5,"values":[0.6627,-0.513,0.5456,0,0.7488,0.4443,-0.4919,0,0.0099,0.7345,0.6785,0,10.5924,-0.5246,-2.2321,1]},
{"frame":6,"values":[0.6815,-0.4898,0.5438,0,0.7318,0.4639,-0.4993,0,-0.0077,0.7382,0.6746,0,10.5924,-0.5246,-2.2321,1]},
{"frame":7,"values":[0.693,-0.4727,0.5444,0,0.7207,0.4741,-0.5058,0,-0.019,0.7428,0.6692,0,10.5924,-0.5246,-2.2321,1]},
{"frame":8,"values":[0.6915,-0.4643,0.5534,0,0.7217,0.4781,-0.5006,0,-0.0322,0.7455,0.6657,0,10.5924,-0.5246,-2.2321,1]},
{"frame":9,"values":[0.6795,-0.4697,0.5636,0,0.7327,0.4744,-0.488,0,-0.0382,0.7445,0.6665,0,10.5924,-0.5246,-2.2321,1]},
{"frame":10,"values":[0.6608,-0.4801,0.5769,0,0.7494,0.4641,-0.4723,0,-0.041,0.7444,0.6664,0,10.5924,-0.5246,-2.2321,1]},
{"frame":11,"values":[0.6379,-0.4892,0.5948,0,0.7688,0.4505,-0.4539,0,-0.0459,0.7469,0.6634,0,10.5924,-0.5246,-2.2321,1]},
{"frame":12,"values":[0.6145,-0.5025,0.6082,0,0.7877,0.4329,-0.4383,0,-0.0431,0.7484,0.6618,0,10.5924,-0.5246,-2.2321,1]},
{"frame":13,"values":[0.585,-0.5277,0.6158,0,0.8102,0.414,-0.4149,0,-0.036,0.7417,0.6698,0,10.5924,-0.5246,-2.2321,1]},
{"frame":14,"values":[0.5564,-0.555,0.6183,0,0.8305,0.3951,-0.3927,0,-0.0264,0.732,0.6808,0,10.5924,-0.5246,-2.2321,1]},
{"frame":15,"values":[0.5333,-0.5812,0.6147,0,0.8458,0.3772,-0.3772,0,-0.0127,0.7211,0.6927,0,10.5924,-0.5246,-2.2321,1]},
{"frame":16,"values":[0.512,-0.6054,0.6094,0,0.859,0.3638,-0.3604,0,-0.0035,0.7079,0.7063,0,10.5924,-0.5246,-2.2321,1]},
{"frame":17,"values":[0.493,-0.6273,0.6028,0,0.87,0.3534,-0.3437,0,0.0026,0.694,0.72,0,10.5924,-0.5246,-2.2321,1]},
{"frame":18,"values":[0.4835,-0.6434,0.5935,0,0.8753,0.3478,-0.336,0,0.0098,0.682,0.7313,0,10.5924,-0.5246,-2.2321,1]},
{"frame":19,"values":[0.4771,-0.6558,0.5851,0,0.8787,0.3435,-0.3315,0,0.0164,0.6723,0.7401,0,10.5924,-0.5246,-2.2321,1]},
{"frame":20,"values":[0.4824,-0.6605,0.5753,0,0.8754,0.3402,-0.3434,0,0.0311,0.6693,0.7424,0,10.5924,-0.5246,-2.2321,1]},
{"frame":21,"values":[0.501,-0.6595,0.5605,0,0.8635,0.3377,-0.3746,0,0.0577,0.6716,0.7386,0,10.5924,-0.5246,-2.2321,1]},
{"frame":22,"values":[0.5171,-0.6594,0.5458,0,0.8521,0.3357,-0.4016,0,0.0815,0.6727,0.7354,0,10.5924,-0.5246,-2.2321,1]},
{"frame":23,"values":[0.5321,-0.6601,0.5303,0,0.8401,0.3339,-0.4274,0,0.1051,0.6729,0.7322,0,10.5924,-0.5246,-2.2321,1]},
{"frame":24,"values":[0.5462,-0.6606,0.5151,0,0.8281,0.3333,-0.4507,0,0.1261,0.6727,0.7291,0,10.5924,-0.5246,-2.2321,1]},
{"frame":25,"values":[0.5631,-0.6543,0.5048,0,0.8146,0.3366,-0.4723,0,0.1391,0.6772,0.7226,0,10.5924,-0.5246,-2.2321,1]}],"loopBehavior":1,"name":"anim","property":"_matrix"}},
{"name":"mixamorig:LeftForeArm","index":11,"matrix":[-0.0692,-0.0596,0.9958,0,0.9363,-0.3483,0.0442,0,0.3442,0.9355,0.0799,0,27.8415,-0.0001,0,1],"rest":[1,0,0,0,0,1,0,0,0,0,1,0,27.8415,-0.0001,0,1],"parentBoneIndex":10,"length":28.3288
,"animation":{"dataType":3,"framePerSecond":24,"keys":[
{"frame":1,"values":[-0.069,-0.0595,0.9958,0,0.9365,-0.348,0.0441,0,0.3439,0.9356,0.0797,0,27.8415,-0.0001,0,1]},
{"frame":2,"values":[-0.0515,-0.0623,0.9967,0,0.9312,-0.3637,0.0254,0,0.3609,0.9294,0.0767,0,27.8415,-0.0001,0,1]},
{"frame":3,"values":[-0.0362,-0.0694,0.9969,0,0.9172,-0.3984,0.0056,0,0.3968,0.9146,0.0781,0,27.8415,-0.0001,0,1]},
{"frame":4,"values":[-0.0224,-0.0604,0.9979,0,0.9291,-0.3699,-0.0016,0,0.3692,0.9271,0.0644,0,27.8415,-0.0001,0,1]},
{"frame":5,"values":[-0.01,-0.0639,0.9979,0,0.9221,-0.3867,-0.0156,0,0.3869,0.92,0.0628,0,27.8415,-0.0001,0,1]},
{"frame":6,"values":[-0.0025,-0.0685,0.9977,0,0.9126,-0.4081,-0.0257,0,0.4089,0.9104,0.0635,0,27.8415,-0.0001,0,1]},
{"frame":7,"values":[-0.0033,-0.0734,0.9973,0,0.9014,-0.4319,-0.0288,0,0.4329,0.8989,0.0676,0,27.8415,-0.0001,0,1]},
{"frame":8,"values":[0.0024,-0.0768,0.997,0,0.9046,-0.4248,-0.0349,0,0.4263,0.902,0.0685,0,27.8415,-0.0001,0,1]},
{"frame":9,"values":[0.0136,-0.0767,0.997,0,0.894,-0.4457,-0.0465,0,0.448,0.8919,0.0625,0,27.8415,-0.0001,0,1]},
{"frame":10,"values":[0.0289,-0.0747,0.9968,0,0.8999,-0.4323,-0.0584,0,0.4352,0.8987,0.0547,0,27.8415,-0.0001,0,1]},
{"frame":11,"values":[0.0487,-0.0722,0.9962,0,0.9062,-0.4163,-0.0744,0,0.4201,0.9064,0.0451,0,27.8415,-0.0001,0,1]},
{"frame":12,"values":[0.0721,-0.0794,0.9942,0,0.8942,-0.4365,-0.0997,0,0.4419,0.8962,0.0395,0,27.8415,-0.0001,0,1]},
{"frame":13,"values":[0.0945,-0.0798,0.9923,0,0.8959,-0.4277,-0.1197,0,0.434,0.9004,0.031,0,27.8415,-0.0001,0,1]},
{"frame":14,"values":[0.107,-0.0803,0.991,0,0.8978,-0.4204,-0.131,0,0.4271,0.9038,0.0271,0,27.8415,-0.0001,0,1]},
{"frame":15,"values":[0.1098,-0.0853,0.9903,0,0.8901,-0.4349,-0.1361,0,0.4423,0.8964,0.0282,0,27.8415,-0.0001,0,1]},
{"frame":16,"values":[0.0947,-0.0749,0.9927,0,0.9088,-0.4005,-0.117,0,0.4063,0.9132,0.0302,0,27.8415,-0.0001,0,1]},
{"frame":17,"values":[0.0807,-0.0709,0.9942,0,0.9141,-0.3924,-0.1022,0,0.3974,0.917,0.0332,0,27.8415,-0.0001,0,1]},
{"frame":18,"values":[0.0576,-0.0665,0.9961,0,0.9195,-0.3852,-0.0789,0,0.3889,0.9204,0.039,0,27.8415,-0.0001,0,1]},
{"frame":19,"values":[0.0353,-0.0576,0.9977,0,0.9317,-0.3592,-0.0538,0,0.3615,0.9315,0.041,0,27.8415,-0.0001,0,1]},
{"frame":20,"values":[0.0089,-0.053,0.9986,0,0.9388,-0.3434,-0.0266,0,0.3443,0.9377,0.0467,0,27.8415,-0.0001,0,1]},
{"frame":21,"values":[-0.0127,-0.0636,0.9979,0,0.9244,-0.3813,-0.0125,0,0.3813,0.9223,0.0637,0,27.8415,-0.0001,0,1]},
{"frame":22,"values":[-0.0282,-0.0632,0.9976,0,0.9269,-0.3754,0.0024,0,0.3743,0.9247,0.0692,0,27.8415,-0.0001,0,1]},
{"frame":23,"values":[-0.0413,-0.0615,0.9973,0,0.932,-0.362,0.0162,0,0.3601,0.9301,0.0723,0,27.8415,-0.0001,0,1]},
{"frame":24,"values":[-0.0536,-0.06,0.9968,0,0.9363,-0.3499,0.0293,0,0.347,0.9349,0.0749,0,27.8415,-0.0001,0,1]},
{"frame":25,"values":[-0.0692,-0.0596,0.9958,0,0.9363,-0.3483,0.0442,0,0.3442,0.9355,0.0799,0,27.8415,-0.0001,0,1]}],"loopBehavior":1,"name":"anim","property":"_matrix"}},
{"name":"mixamorig:LeftHand","index":12,"matrix":[0.9749,0.2222,-0.0153,0,-0.1968,0.8276,-0.5257,0,-0.1042,0.5155,0.8506,0,28.3288,0,0,1],"rest":[1,0,0,0,0,1,0.0005,0,0,-0.0005,1,0,28.3288,0,0,1],"parentBoneIndex":11,"length":8.2279
,"animation":{"dataType":3,"framePerSecond":24,"keys":[
{"frame":1,"values":[0.9749,0.2222,-0.0154,0,-0.1969,0.8275,-0.5258,0,-0.1041,0.5156,0.8505,0,28.3288,0,0,1]},
{"frame":2,"values":[0.9763,0.2164,-0.0065,0,-0.1881,0.8328,-0.5206,0,-0.1072,0.5095,0.8538,0,28.3288,0,0,1]},
{"frame":3,"values":[0.976,0.2175,0.0102,0,-0.1826,0.8429,-0.5061,0,-0.1186,0.4921,0.8624,0,28.3288,0,0,1]},
{"frame":4,"values":[0.9747,0.2233,0.0024,0,-0.1864,0.8193,-0.5423,0,-0.1231,0.5281,0.8402,0,28.3288,0,0,1]},
{"frame":5,"values":[0.9748,0.2231,0.0049,0,-0.1848,0.8195,-0.5424,0,-0.125,0.5278,0.8401,0,28.3288,0,0,1]},
{"frame":6,"values":[0.9737,0.2276,0.0086,0,-0.1873,0.8214,-0.5387,0,-0.1297,0.5229,0.8425,0,28.3288,0,0,1]},
{"frame":7,"values":[0.972,0.2342,0.0177,0,-0.1897,0.8273,-0.5287,0,-0.1384,0.5106,0.8486,0,28.3288,0,0,1]},
{"frame":8,"values":[0.9737,0.2266,0.0224,0,-0.1794,0.8238,-0.5378,0,-0.1403,0.5197,0.8428,0,28.3288,0,0,1]},
{"frame":9,"values":[0.9782,0.2055,0.0289,0,-0.1617,0.8421,-0.5146,0,-0.13,0.4987,0.857,0,28.3288,0,0,1]},
{"frame":10,"values":[0.9824,0.1845,0.0274,0,-0.1433,0.8406,-0.5223,0,-0.1194,0.5092,0.8523,0,28.3288,0,0,1]},
{"frame":11,"values":[0.9856,0.1664,0.0294,0,-0.1253,0.8363,-0.5338,0,-0.1134,0.5224,0.8451,0,28.3288,0,0,1]},
{"frame":12,"values":[0.9891,0.1418,0.039,0,-0.1017,0.8511,-0.515,0,-0.1062,0.5054,0.8563,0,28.3288,0,0,1]},
{"frame":13,"values":[0.9929,0.1138,0.0356,0,-0.0792,0.8526,-0.5166,0,-0.0892,0.5101,0.8555,0,28.3288,0,0,1]},
{"frame":14,"values":[0.995,0.0948,0.0308,0,-0.0654,0.8536,-0.5167,0,-0.0753,0.5122,0.8556,0,28.3288,0,0,1]},
{"frame":15,"values":[0.9957,0.088,0.0274,0,-0.0628,0.8652,-0.4976,0,-0.0675,0.4937,0.867,0,28.3288,0,0,1]},
{"frame":16,"values":[0.9941,0.1074,0.0135,0,-0.0847,0.8491,-0.5215,0,-0.0674,0.5173,0.8532,0,28.3288,0,0,1]},
{"frame":17,"values":[0.9925,0.1219,0.0034,0,-0.1027,0.8512,-0.5146,0,-0.0656,0.5104,0.8574,0,28.3288,0,0,1]},
{"frame":18,"values":[0.9892,0.1462,-0.0055,0,-0.1287,0.8513,-0.5087,0,-0.0697,0.504,0.8609,0,28.3288,0,0,1]},
{"frame":19,"values":[0.9856,0.1679,-0.0181,0,-0.1528,0.8408,-0.5194,0,-0.072,0.5147,0.8543,0,28.3288,0,0,1]},
{"frame":20,"values":[0.9813,0.1908,-0.0268,0,-0.1761,0.8316,-0.5267,0,-0.0782,0.5215,0.8497,0,28.3288,0,0,1]},
{"frame":21,"values":[0.9788,0.2041,-0.0171,0,-0.1854,0.8475,-0.4974,0,-0.0871,0.49,0.8674,0,28.3288,0,0,1]},
{"frame":22,"values":[0.978,0.2077,-0.0176,0,-0.188,0.8426,-0.5046,0,-0.09,0.4969,0.8632,0,28.3288,0,0,1]},
{"frame":23,"values":[0.978,0.2075,-0.0195,0,-0.1875,0.8353,-0.5168,0,-0.0909,0.5091,0.8559,0,28.3288,0,0,1]},
{"frame":24,"values":[0.9782,0.2068,-0.0207,0,-0.1867,0.8304,-0.525,0,-0.0914,0.5174,0.8509,0,28.3288,0,0,1]},
{"frame":25,"values":[0.9749,0.2222,-0.0153,0,-0.1968,0.8276,-0.5257,0,-0.1042,0.5155,0.8506,0,28.3288,0,0,1]}],"loopBehavior":1,"name":"anim","property":"_matrix"}},
{"name":"mixamorig:LeftHandThumb1","index":13,"matrix":[0.9854,-0.0401,-0.1653,0,0.0415,0.9991,0.0051,0,0.1649,-0.0119,0.9862,0,2.4661,-1.575,2.6824,1],"rest":[1,0.0002,0.0002,0,-0.0002,1,-0.0002,0,-0.0002,0.0002,1,0,2.4661,-1.575,2.6824,1],"parentBoneIndex":12,"length":4.1696
,"animation":{"dataType":3,"framePerSecond":24,"keys":[
{"frame":1,"values":[0.9854,-0.0401,-0.1653,0,0.0415,0.9991,0.0051,0,0.1649,-0.0119,0.9862,0,2.4661,-1.575,2.6824,1]},
{"frame":25,"values":[0.9854,-0.0401,-0.1653,0,0.0415,0.9991,0.0051,0,0.1649,-0.0119,0.9862,0,2.4661,-1.575,2.6824,1]}],"loopBehavior":1,"name":"anim","property":"_matrix"}},
{"name":"mixamorig:LeftHandThumb2","index":14,"matrix":[0.9755,0.0461,-0.2153,0,-0.0229,0.9938,0.1092,0,0.219,-0.1016,0.9704,0,3.2298,-1.8647,1.8647,1],"rest":[1,0,0,0,0,1,0,0,0,0,1,0,3.2298,-1.8647,1.8647,1],"parentBoneIndex":13,"length":3.4245
,"animation":{"dataType":3,"framePerSecond":24,"keys":[
{"frame":1,"values":[0.9755,0.0461,-0.2153,0,-0.0229,0.9938,0.1092,0,0.219,-0.1016,0.9704,0,3.2298,-1.8647,1.8647,1]},
{"frame":25,"values":[0.9755,0.0461,-0.2153,0,-0.0229,0.9938,0.1092,0,0.219,-0.1016,0.9704,0,3.2298,-1.8647,1.8647,1]}],"loopBehavior":1,"name":"anim","property":"_matrix"}},
{"name":"mixamorig:LeftHandThumb3","index":15,"matrix":[0.9525,0.1485,0.2659,0,-0.0268,0.9106,-0.4124,0,-0.3034,0.3857,0.8713,0,2.6526,-1.5315,1.5315,1],"rest":[1,0,0,0,0,1,0,0,0,0,1,0,2.6526,-1.5315,1.5315,1],"parentBoneIndex":14,"length":2.5234
,"animation":{"dataType":3,"framePerSecond":24,"keys":[
{"frame":1,"values":[0.9525,0.1485,0.2659,0,-0.0268,0.9106,-0.4124,0,-0.3034,0.3857,0.8713,0,2.6526,-1.5315,1.5315,1]},
{"frame":25,"values":[0.9525,0.1485,0.2659,0,-0.0268,0.9106,-0.4124,0,-0.3034,0.3857,0.8713,0,2.6526,-1.5315,1.5315,1]}],"loopBehavior":1,"name":"anim","property":"_matrix"}},
{"name":"mixamorig:LeftHandThumb4","index":16,"matrix":[1,0,0,0,0,1,0,0,0,0,1,0,1.9546,-1.1285,1.1285,1],"rest":[1,0,0,0,0,1,0,0,0,0,1,0,1.9546,-1.1285,1.1285,1],"parentBoneIndex":15,"length":2.5234
,"animation":{"dataType":3,"framePerSecond":24,"keys":[
{"frame":1,"values":[1,0,0,0,0,1,0,0,0,0,1,0,1.9546,-1.1285,1.1285,1]},
{"frame":25,"values":[1,0,0,0,0,1,0,0,0,0,1,0,1.9546,-1.1285,1.1285,1]}],"loopBehavior":1,"name":"anim","property":"_matrix"}},
{"name":"mixamorig:LeftHandIndex1","index":17,"matrix":[0.9347,-0.3535,-0.0375,0,0.3548,0.9208,0.1619,0,-0.0227,-0.1646,0.9861,0,9.1093,-0.5171,2.2601,1],"rest":[1,0,0,0,0,1,0,0,0,0,1,0,9.1093,-0.5171,2.2601,1],"parentBoneIndex":12,"length":3.6764
,"animation":{"dataType":3,"framePerSecond":24,"keys":[
{"frame":1,"values":[0.9347,-0.3535,-0.0375,0,0.3548,0.9208,0.1619,0,-0.0227,-0.1646,0.9861,0,9.1093,-0.5171,2.2601,1]},
{"frame":25,"values":[0.9347,-0.3535,-0.0375,0,0.3548,0.9208,0.1619,0,-0.0227,-0.1646,0.9861,0,9.1093,-0.5171,2.2601,1]}],"loopBehavior":1,"name":"anim","property":"_matrix"}},
{"name":"mixamorig:LeftHandIndex2","index":18,"matrix":[0.878,-0.4761,-0.0486,0,0.4761,0.8793,-0.0123,0,0.0486,-0.0123,0.9987,0,3.6764,0,0,1],"rest":[1,0,0,0,0,1,0,0,0,0,1,0,3.6764,0,0,1],"parentBoneIndex":17,"length":2.8831
,"animation":{"dataType":3,"framePerSecond":24,"keys":[
{"frame":1,"values":[0.878,-0.4761,-0.0486,0,0.4761,0.8793,-0.0123,0,0.0486,-0.0123,0.9987,0,3.6764,0,0,1]},
{"frame":25,"values":[0.878,-0.4761,-0.0486,0,0.4761,0.8793,-0.0123,0,0.0486,-0.0123,0.9987,0,3.6764,0,0,1]}],"loopBehavior":1,"name":"anim","property":"_matrix"}},
{"name":"mixamorig:LeftHandIndex3","index":19,"matrix":[0.8773,-0.4775,-0.0487,0,0.4775,0.8785,-0.0124,0,0.0487,-0.0124,0.9987,0,2.8831,0,0,1],"rest":[1,0,0,0,0,1,0,0,0,0,1,0,2.8831,0,0,1],"parentBoneIndex":18,"length":2.3927
,"animation":{"dataType":3,"framePerSecond":24,"keys":[
{"frame":1,"values":[0.8773,-0.4775,-0.0487,0,0.4775,0.8785,-0.0124,0,0.0487,-0.0124,0.9987,0,2.8831,0,0,1]},
{"frame":25,"values":[0.8773,-0.4775,-0.0487,0,0.4775,0.8785,-0.0124,0,0.0487,-0.0124,0.9987,0,2.8831,0,0,1]}],"loopBehavior":1,"name":"anim","property":"_matrix"}},
{"name":"mixamorig:LeftHandIndex4","index":20,"matrix":[1,0,0,0,0,1,0,0,0,0,1,0,2.3927,0,0,1],"rest":[1,0,0,0,0,1,0,0,0,0,1,0,2.3927,0,0,1],"parentBoneIndex":19,"length":2.3927
,"animation":{"dataType":3,"framePerSecond":24,"keys":[
{"frame":1,"values":[1,0,0,0,0,1,0,0,0,0,1,0,2.3927,0,0,1]},
{"frame":25,"values":[1,0,0,0,0,1,0,0,0,0,1,0,2.3927,0,0,1]}],"loopBehavior":1,"name":"anim","property":"_matrix"}},
{"name":"mixamorig:LeftHandMiddle1","index":21,"matrix":[0.9353,-0.3523,-0.0325,0,0.3524,0.9195,0.1744,0,-0.0316,-0.1745,0.9841,0,9.5334,0,0,1],"rest":[1,0,0,0,0,1,0,0,0,0,1,0,9.5334,0,0,1],"parentBoneIndex":12,"length":3.6982
,"animation":{"dataType":3,"framePerSecond":24,"keys":[
{"frame":1,"values":[0.9353,-0.3523,-0.0325,0,0.3524,0.9195,0.1744,0,-0.0316,-0.1745,0.9841,0,9.5334,0,0,1]},
{"frame":25,"values":[0.9353,-0.3523,-0.0325,0,0.3524,0.9195,0.1744,0,-0.0316,-0.1745,0.9841,0,9.5334,0,0,1]}],"loopBehavior":1,"name":"anim","property":"_matrix"}},
{"name":"mixamorig:LeftHandMiddle2","index":22,"matrix":[0.6955,-0.7148,-0.0729,0,0.7148,0.6987,-0.0307,0,0.0729,-0.0307,0.9969,0,3.6982,0,0,1],"rest":[1,0,0,0,0,1,0,0,0,0,1,0,3.6982,0,0,1],"parentBoneIndex":21,"length":2.9509
,"animation":{"dataType":3,"framePerSecond":24,"keys":[
{"frame":1,"values":[0.6955,-0.7148,-0.0729,0,0.7148,0.6987,-0.0307,0,0.0729,-0.0307,0.9969,0,3.6982,0,0,1]},
