{"producer":{"name":"Blender","version":"2.90.0","exporter_version":"6.4.4","file":"option_bow.babylon"},
"autoClear":true,"clearColor":[0.0509,0.0509,0.0509],"gravity":[0,-9.81,0],
"materials":[{"name":"Material","id":"Material","customType":"BABYLON.PBRMaterial","backFaceCulling":true,"checkReadyOnlyOnce":false,"maxSimultaneousLights":4,"environmentIntensity":1,"albedo":[0.8,0.8,0.8],"reflectivity":[0.5,0.5,0.5],"roughness":0.4,"alpha":1,"transparencyMode":0,"alphaCutOff":0.4,"metallic":0}],
"multiMaterials":[],
"skeletons":[{"name":"Armature","id":0,"dimensionsAtRest":[180.6981,191.5439,26.6006],"bones":[
{"name":"mixamorig:Hips","index":0,"matrix":[0.9937,-0.0594,-0.0948,0,0.0652,0.9961,0.0595,0,-0.0909,0.0653,-0.9937,0,0.1424,103.3937,-1.4219,1],"rest":[1,0,0,0,0,1,0,0,0,0,-1,0,0,103.9915,0,1],"parentBoneIndex":-1,"length":10.5593
,"animation":{"dataType":3,"framePerSecond":24,"keys":[
{"frame":1,"values":[0.9937,-0.0594,-0.0949,0,0.0652,0.9961,0.0594,0,-0.091,0.0652,-0.9937,0,0.1424,103.3937,-1.4222,1]},
{"frame":2,"values":[0.9939,-0.0565,-0.0951,0,0.0624,0.9963,0.0598,0,-0.0914,0.0654,-0.9937,0,0.1128,103.377,-1.5256,1]},
{"frame":3,"values":[0.994,-0.0536,-0.0956,0,0.0595,0.9964,0.0602,0,-0.0921,0.0655,-0.9936,0,0.0993,103.3592,-1.6456,1]},
{"frame":4,"values":[0.994,-0.0507,-0.0965,0,0.0566,0.9966,0.0595,0,-0.0932,0.0646,-0.9936,0,0.1008,103.3417,-1.7675,1]},
{"frame":5,"values":[0.9941,-0.0478,-0.0976,0,0.0537,0.9969,0.0582,0,-0.0946,0.0631,-0.9935,0,0.1131,103.3392,-1.9017,1]},
{"frame":6,"values":[0.9941,-0.0451,-0.0989,0,0.0508,0.9971,0.0559,0,-0.0961,0.0606,-0.9935,0,0.1329,103.3453,-2.0464,1]},
{"frame":7,"values":[0.9941,-0.0423,-0.1001,0,0.0479,0.9974,0.0538,0,-0.0975,0.0582,-0.9935,0,0.1433,103.3251,-2.165,1]},
{"frame":8,"values":[0.9941,-0.0393,-0.1013,0,0.0448,0.9976,0.0528,0,-0.099,0.057,-0.9935,0,0.1605,103.2791,-2.2508,1]},
{"frame":9,"values":[0.9941,-0.0369,-0.1023,0,0.0425,0.9977,0.0525,0,-0.1002,0.0565,-0.9934,0,0.1875,103.2361,-2.3152,1]},
{"frame":10,"values":[0.9941,-0.0356,-0.1022,0,0.041,0.9978,0.0515,0,-0.1001,0.0554,-0.9934,0,0.2181,103.2219,-2.3255,1]},
{"frame":11,"values":[0.9942,-0.034,-0.1021,0,0.0391,0.9981,0.0481,0,-0.1002,0.0518,-0.9936,0,0.2499,103.2337,-2.1898,1]},
{"frame":12,"values":[0.9939,-0.0345,-0.1052,0,0.0395,0.9982,0.0457,0,-0.1035,0.0496,-0.9934,0,0.2758,103.2039,-1.8361,1]},
{"frame":13,"values":[0.993,-0.0368,-0.1122,0,0.0421,0.9981,0.0458,0,-0.1103,0.0502,-0.9926,0,0.2935,103.1418,-1.2332,1]},
{"frame":14,"values":[0.9922,-0.035,-0.1198,0,0.0395,0.9986,0.0352,0,-0.1184,0.0397,-0.9922,0,0.3284,103.1264,-0.3819,1]},
{"frame":15,"values":[0.9914,-0.0344,-0.1265,0,0.0369,0.9992,0.0176,0,-0.1258,0.0221,-0.9918,0,0.3541,103.105,0.6236,1]},
{"frame":16,"values":[0.9905,-0.038,-0.1319,0,0.0376,0.9993,-0.0059,0,-0.132,-0.0009,-0.9912,0,0.3738,103.0393,1.7342,1]},
{"frame":17,"values":[0.9895,-0.0418,-0.1382,0,0.0368,0.9986,-0.0386,0,-0.1396,-0.0331,-0.9897,0,0.4132,102.9449,2.9393,1]},
{"frame":18,"values":[0.9883,-0.0445,-0.1461,0,0.0345,0.9969,-0.0706,0,-0.1488,-0.0647,-0.9867,0,0.4687,102.8277,4.1664,1]},
{"frame":19,"values":[0.987,-0.0487,-0.1529,0,0.0332,0.9942,-0.1025,0,-0.157,-0.0961,-0.9829,0,0.5346,102.6719,5.3138,1]},
{"frame":20,"values":[0.9858,-0.0545,-0.1588,0,0.0329,0.9902,-0.136,0,-0.1647,-0.1289,-0.9779,0,0.6378,102.4618,6.3158,1]},
{"frame":21,"values":[0.9847,-0.058,-0.1642,0,0.0309,0.9861,-0.163,0,-0.1714,-0.1554,-0.9729,0,0.7617,102.2656,7.1261,1]},
{"frame":22,"values":[0.9839,-0.0596,-0.1683,0,0.0287,0.9832,-0.1803,0,-0.1762,-0.1726,-0.9691,0,0.8962,102.1301,7.6712,1]},
{"frame":23,"values":[0.9832,-0.0605,-0.1722,0,0.0274,0.9818,-0.188,0,-0.1805,-0.1802,-0.9669,0,1.0444,102.0481,7.9452,1]},
{"frame":24,"values":[0.9821,-0.0603,-0.1785,0,0.0267,0.9824,-0.1849,0,-0.1865,-0.1769,-0.9664,0,1.1984,102.0545,7.9714,1]},
{"frame":25,"values":[0.9809,-0.0586,-0.1856,0,0.0263,0.9847,-0.1722,0,-0.1928,-0.164,-0.9674,0,1.3563,102.1684,7.7788,1]},
{"frame":26,"values":[0.9796,-0.0553,-0.1932,0,0.0255,0.9878,-0.1534,0,-0.1994,-0.1454,-0.9691,0,1.5159,102.2836,7.4023,1]},
{"frame":27,"values":[0.978,-0.0527,-0.2018,0,0.0256,0.9906,-0.1345,0,-0.207,-0.1264,-0.9701,0,1.6978,102.3792,6.9233,1]},
{"frame":28,"values":[0.9757,-0.0506,-0.2132,0,0.0259,0.9928,-0.1171,0,-0.2176,-0.1087,-0.97,0,1.902,102.4621,6.409,1]},
{"frame":29,"values":[0.9724,-0.0484,-0.228,0,0.0263,0.9947,-0.099,0,-0.2316,-0.0902,-0.9686,0,2.1076,102.5431,5.8897,1]},
{"frame":30,"values":[0.9686,-0.0458,-0.2444,0,0.0267,0.9964,-0.0808,0,-0.2472,-0.0718,-0.9663,0,2.3185,102.6199,5.3967,1]},
{"frame":31,"values":[0.9642,-0.0434,-0.2615,0,0.0271,0.9975,-0.0658,0,-0.2637,-0.0564,-0.963,0,2.5366,102.6774,4.9869,1]},
{"frame":32,"values":[0.9593,-0.0412,-0.2793,0,0.0274,0.9982,-0.0531,0,-0.281,-0.0433,-0.9587,0,2.7513,102.7404,4.6824,1]},
{"frame":33,"values":[0.9541,-0.0379,-0.297,0,0.028,0.9989,-0.0375,0,-0.2981,-0.0275,-0.9541,0,2.9739,102.803,4.4074,1]},
{"frame":34,"values":[0.9515,-0.0342,-0.3056,0,0.0285,0.9993,-0.0229,0,-0.3062,-0.013,-0.9519,0,3.1739,102.8638,4.0556,1]},
{"frame":35,"values":[0.9532,-0.0302,-0.3007,0,0.0287,0.9995,-0.0093,0,-0.3009,-0.0003,-0.9537,0,3.3122,102.9295,3.6009,1]},
{"frame":36,"values":[0.9563,-0.0264,-0.2912,0,0.0289,0.9996,0.0042,0,-0.2909,0.0124,-0.9567,0,3.3665,102.9882,3.0864,1]},
{"frame":37,"values":[0.9604,-0.0229,-0.2777,0,0.0288,0.9994,0.0174,0,-0.2771,0.0247,-0.9605,0,3.3439,103.0463,2.5885,1]},
{"frame":38,"values":[0.965,-0.0196,-0.2614,0,0.0285,0.9991,0.0301,0,-0.2606,0.0365,-0.9647,0,3.2824,103.1072,2.1083,1]},
{"frame":39,"values":[0.9698,-0.0169,-0.2435,0,0.0279,0.9987,0.0419,0,-0.2425,0.0475,-0.969,0,3.1976,103.1684,1.6334,1]},
{"frame":40,"values":[0.9743,-0.0149,-0.2249,0,0.0275,0.9982,0.0526,0,-0.2237,0.0575,-0.973,0,3.0835,103.2193,1.1618,1]},
{"frame":41,"values":[0.9783,-0.0137,-0.2069,0,0.0271,0.9977,0.0619,0,-0.2055,0.0661,-0.9764,0,2.9322,103.2633,0.693,1]},
{"frame":42,"values":[0.9816,-0.0132,-0.1904,0,0.0269,0.9972,0.0694,0,-0.1889,0.0733,-0.9793,0,2.6668,103.2994,0.2361,1]},
{"frame":43,"values":[0.9842,-0.0131,-0.1765,0,0.0268,0.9968,0.075,0,-0.175,0.0786,-0.9814,0,2.3444,103.3349,-0.1191,1]},
{"frame":44,"values":[0.9864,-0.0138,-0.1637,0,0.0269,0.9966,0.0783,0,-0.162,0.0817,-0.9834,0,2.0834,103.3618,-0.3354,1]},
{"frame":45,"values":[0.9885,-0.0147,-0.1506,0,0.0269,0.9965,0.0795,0,-0.1489,0.0827,-0.9854,0,1.8359,103.3937,-0.4612,1]},
{"frame":46,"values":[0.9904,-0.0159,-0.1375,0,0.027,0.9965,0.0791,0,-0.1358,0.082,-0.9873,0,1.5976,103.4291,-0.5264,1]},
{"frame":47,"values":[0.9917,-0.0177,-0.1277,0,0.0277,0.9966,0.0777,0,-0.1258,0.0806,-0.9888,0,1.4242,103.4498,-0.5586,1]},
{"frame":48,"values":[0.9924,-0.0198,-0.1212,0,0.0293,0.9966,0.0764,0,-0.1193,0.0794,-0.9897,0,1.2944,103.4532,-0.5994,1]},
{"frame":49,"values":[0.993,-0.0223,-0.1156,0,0.0311,0.9967,0.0751,0,-0.1135,0.0782,-0.9905,0,1.1732,103.4546,-0.645,1]},
{"frame":50,"values":[0.9935,-0.0248,-0.1107,0,0.0331,0.9967,0.0738,0,-0.1086,0.077,-0.9911,0,1.0582,103.4582,-0.6939,1]},
{"frame":51,"values":[0.9939,-0.0273,-0.1066,0,0.0352,0.9967,0.0726,0,-0.1043,0.0759,-0.9916,0,0.9489,103.4597,-0.7454,1]},
{"frame":52,"values":[0.9942,-0.0299,-0.1032,0,0.0373,0.9968,0.0713,0,-0.1007,0.0747,-0.9921,0,0.8469,103.4594,-0.7994,1]},
{"frame":53,"values":[0.9944,-0.0325,-0.1003,0,0.0397,0.9968,0.0701,0,-0.0977,0.0736,-0.9925,0,0.7525,103.4562,-0.8553,1]},
{"frame":54,"values":[0.9946,-0.0352,-0.0981,0,0.0421,0.9967,0.0688,0,-0.0953,0.0726,-0.9928,0,0.6656,103.4508,-0.9125,1]},
{"frame":55,"values":[0.9946,-0.0379,-0.0963,0,0.0446,0.9967,0.0677,0,-0.0934,0.0716,-0.993,0,0.5853,103.4466,-0.9697,1]},
{"frame":56,"values":[0.9947,-0.0406,-0.095,0,0.047,0.9967,0.0666,0,-0.092,0.0707,-0.9933,0,0.5115,103.4435,-1.0265,1]},
{"frame":57,"values":[0.9946,-0.0432,-0.094,0,0.0494,0.9966,0.0655,0,-0.0909,0.0698,-0.9934,0,0.4448,103.4391,-1.0822,1]},
{"frame":58,"values":[0.9946,-0.0458,-0.0935,0,0.052,0.9966,0.0645,0,-0.0902,0.069,-0.9935,0,0.3863,103.4284,-1.137,1]},
{"frame":59,"values":[0.9945,-0.0484,-0.0932,0,0.0544,0.9965,0.0635,0,-0.0898,0.0682,-0.9936,0,0.3353,103.416,-1.1897,1]},
{"frame":60,"values":[0.9944,-0.0506,-0.0932,0,0.0566,0.9964,0.0626,0,-0.0897,0.0675,-0.9937,0,0.2886,103.4123,-1.2378,1]},
{"frame":61,"values":[0.9942,-0.0527,-0.0933,0,0.0586,0.9964,0.0618,0,-0.0897,0.0669,-0.9937,0,0.2492,103.4071,-1.2823,1]},
{"frame":62,"values":[0.9941,-0.0546,-0.0935,0,0.0605,0.9963,0.0611,0,-0.0898,0.0664,-0.9937,0,0.2162,103.4023,-1.3217,1]},
{"frame":63,"values":[0.994,-0.0562,-0.0939,0,0.0621,0.9962,0.0605,0,-0.0901,0.066,-0.9937,0,0.1894,103.3984,-1.3558,1]},
{"frame":64,"values":[0.9939,-0.0575,-0.0942,0,0.0634,0.9962,0.06,0,-0.0904,0.0656,-0.9937,0,0.1685,103.3957,-1.3836,1]},
{"frame":65,"values":[0.9938,-0.0585,-0.0945,0,0.0643,0.9961,0.0597,0,-0.0907,0.0654,-0.9937,0,0.1539,103.3943,-1.4045,1]},
{"frame":66,"values":[0.9937,-0.0591,-0.0948,0,0.065,0.9961,0.0595,0,-0.0909,0.0653,-0.9937,0,0.1451,103.3932,-1.4175,1]},
{"frame":67,"values":[0.9937,-0.0594,-0.0948,0,0.0652,0.9961,0.0595,0,-0.0909,0.0653,-0.9937,0,0.1424,103.3937,-1.4219,1]}],"loopBehavior":1,"name":"anim","property":"_matrix"}},
{"name":"mixamorig:Spine","index":1,"matrix":[0.9985,0.049,-0.024,0,-0.0475,0.9971,0.0587,0,0.0268,-0.0574,0.998,0,0,10.1816,0.1315,1],"rest":[1,0,0,0,0,1,0,0,0,0,1,0,0,10.1816,0.1315,1],"parentBoneIndex":0,"length":10.133
,"animation":{"dataType":3,"framePerSecond":24,"keys":[
{"frame":1,"values":[0.9985,0.0489,-0.024,0,-0.0474,0.9972,0.0587,0,0.0268,-0.0574,0.998,0,0,10.1816,0.1315,1]},
{"frame":2,"values":[0.9985,0.0483,-0.0243,0,-0.0469,0.9972,0.0581,0,0.0271,-0.0569,0.998,0,0,10.1816,0.1315,1]},
{"frame":3,"values":[0.9986,0.0476,-0.0248,0,-0.0461,0.9973,0.058,0,0.0274,-0.0567,0.998,0,0,10.1816,0.1315,1]},
{"frame":4,"values":[0.9986,0.0468,-0.0253,0,-0.0453,0.9973,0.0586,0,0.028,-0.0573,0.998,0,0,10.1816,0.1315,1]},
{"frame":5,"values":[0.9986,0.0461,-0.0257,0,-0.0446,0.9973,0.0589,0,0.0283,-0.0577,0.9979,0,0,10.1816,0.1315,1]},
{"frame":6,"values":[0.9986,0.0454,-0.026,0,-0.0438,0.9973,0.0582,0,0.0285,-0.0569,0.998,0,0,10.1816,0.1315,1]},
{"frame":7,"values":[0.9987,0.0445,-0.0263,0,-0.0429,0.9974,0.0584,0,0.0288,-0.0572,0.9979,0,0,10.1816,0.1315,1]},
{"frame":8,"values":[0.9987,0.0436,-0.027,0,-0.0419,0.9972,0.0611,0,0.0296,-0.0599,0.9978,0,0,10.1816,0.1315,1]},
{"frame":9,"values":[0.9987,0.0432,-0.0274,0,-0.0413,0.997,0.0653,0,0.0302,-0.0641,0.9975,0,0,10.1816,0.1315,1]},
{"frame":10,"values":[0.9987,0.0429,-0.0259,0,-0.041,0.9966,0.071,0,0.0288,-0.0698,0.9971,0,0,10.1816,0.1315,1]},
{"frame":11,"values":[0.9988,0.0416,-0.024,0,-0.0396,0.996,0.0796,0,0.0272,-0.0786,0.9965,0,0,10.1816,0.1315,1]},
{"frame":12,"values":[0.9988,0.042,-0.0255,0,-0.0393,0.9944,0.0979,0,0.0294,-0.0968,0.9949,0,0,10.1816,0.1315,1]},
{"frame":13,"values":[0.9986,0.0435,-0.0293,0,-0.0394,0.9909,0.1285,0,0.0346,-0.1271,0.9913,0,0,10.1816,0.1315,1]},
{"frame":14,"values":[0.9987,0.0399,-0.0332,0,-0.0342,0.9869,0.1574,0,0.039,-0.156,0.987,0,0,10.1816,0.1315,1]},
{"frame":15,"values":[0.9987,0.0359,-0.0354,0,-0.0287,0.9822,0.1858,0,0.0414,-0.1845,0.982,0,0,10.1816,0.1315,1]},
{"frame":16,"values":[0.9988,0.0342,-0.0341,0,-0.0262,0.9765,0.214,0,0.0407,-0.2129,0.9762,0,0,10.1816,0.1315,1]},
{"frame":17,"values":[0.9989,0.0313,-0.0336,0,-0.0224,0.9711,0.2375,0,0.0401,-0.2365,0.9708,0,0,10.1816,0.1315,1]},
{"frame":18,"values":[0.999,0.0263,-0.0348,0,-0.0162,0.9645,0.2636,0,0.0405,-0.2628,0.964,0,0,10.1816,0.1315,1]},
{"frame":19,"values":[0.9991,0.0226,-0.0371,0,-0.011,0.9577,0.2874,0,0.0421,-0.2867,0.9571,0,0,10.1816,0.1315,1]},
{"frame":20,"values":[0.9989,0.0222,-0.0402,0,-0.009,0.9529,0.3033,0,0.045,-0.3026,0.9521,0,0,10.1816,0.1315,1]},
{"frame":21,"values":[0.9988,0.0214,-0.0432,0,-0.0067,0.9488,0.3159,0,0.0478,-0.3152,0.9478,0,0,10.1816,0.1315,1]},
{"frame":22,"values":[0.9988,0.0204,-0.0444,0,-0.0049,0.9458,0.3247,0,0.0486,-0.3241,0.9448,0,0,10.1816,0.1315,1]},
{"frame":23,"values":[0.9989,0.0192,-0.0433,0,-0.004,0.9451,0.3267,0,0.0472,-0.3262,0.9441,0,0,10.1816,0.1315,1]},
{"frame":24,"values":[0.999,0.0168,-0.0425,0,-0.0021,0.946,0.3241,0,0.0456,-0.3237,0.9451,0,0,10.1816,0.1315,1]},
{"frame":25,"values":[0.9989,0.0137,-0.0443,0,0.0011,0.948,0.3183,0,0.0463,-0.318,0.947,0,0,10.1816,0.1315,1]},
{"frame":26,"values":[0.9988,0.0093,-0.0482,0,0.0061,0.9509,0.3093,0,0.0487,-0.3093,0.9497,0,0,10.1816,0.1315,1]},
{"frame":27,"values":[0.9987,0.0052,-0.0512,0,0.0102,0.9553,0.2956,0,0.0505,-0.2957,0.9539,0,0,10.1816,0.1315,1]},
{"frame":28,"values":[0.9987,0.0008,-0.0518,0,0.0137,0.9603,0.2787,0,0.05,-0.279,0.959,0,0,10.1816,0.1315,1]},
{"frame":29,"values":[0.9987,-0.0047,-0.0511,0,0.018,0.9647,0.2626,0,0.0481,-0.2632,0.9636,0,0,10.1816,0.1315,1]},
{"frame":30,"values":[0.9987,-0.0102,-0.0489,0,0.022,0.9685,0.2481,0,0.0449,-0.2489,0.9675,0,0,10.1816,0.1315,1]},
{"frame":31,"values":[0.9989,-0.0162,-0.0445,0,0.0262,0.972,0.2334,0,0.0395,-0.2343,0.9714,0,0,10.1816,0.1315,1]},
{"frame":32,"values":[0.9989,-0.0219,-0.0413,0,0.0305,0.975,0.2201,0,0.0355,-0.2211,0.9746,0,0,10.1816,0.1315,1]},
{"frame":33,"values":[0.999,-0.025,-0.0381,0,0.0325,0.9768,0.2118,0,0.0319,-0.2128,0.9766,0,0,10.1816,0.1315,1]},
{"frame":34,"values":[0.9991,-0.0267,-0.0316,0,0.0326,0.9788,0.2022,0,0.0255,-0.2031,0.9788,0,0,10.1816,0.1315,1]},
{"frame":35,"values":[0.9992,-0.0285,-0.0268,0,0.0331,0.9811,0.1908,0,0.0209,-0.1915,0.9813,0,0,10.1816,0.1315,1]},
{"frame":36,"values":[0.9993,-0.0299,-0.0226,0,0.0335,0.9833,0.1787,0,0.0169,-0.1793,0.9837,0,0,10.1816,0.1315,1]},
{"frame":37,"values":[0.9993,-0.0312,-0.0191,0,0.034,0.9855,0.1661,0,0.0137,-0.1666,0.9859,0,0,10.1816,0.1315,1]},
{"frame":38,"values":[0.9993,-0.0324,-0.0162,0,0.0346,0.9876,0.1534,0,0.0111,-0.1538,0.988,0,0,10.1816,0.1315,1]},
{"frame":39,"values":[0.9993,-0.0334,-0.014,0,0.035,0.9894,0.1409,0,0.0092,-0.1413,0.9899,0,0,10.1816,0.1315,1]},
{"frame":40,"values":[0.9994,-0.0337,-0.0124,0,0.0351,0.991,0.1289,0,0.008,-0.1293,0.9916,0,0,10.1816,0.1315,1]},
{"frame":41,"values":[0.9994,-0.0335,-0.0115,0,0.0346,0.9924,0.1179,0,0.0075,-0.1182,0.993,0,0,10.1816,0.1315,1]},
{"frame":42,"values":[0.9994,-0.0327,-0.0112,0,0.0337,0.9936,0.108,0,0.0076,-0.1084,0.9941,0,0,10.1816,0.1315,1]},
{"frame":43,"values":[0.9994,-0.0313,-0.0116,0,0.0323,0.9945,0.0998,0,0.0084,-0.1001,0.9949,0,0,10.1816,0.1315,1]},
{"frame":44,"values":[0.9995,-0.0294,-0.0132,0,0.0305,0.9952,0.0929,0,0.0104,-0.0932,0.9956,0,0,10.1816,0.1315,1]},
{"frame":45,"values":[0.9995,-0.0273,-0.0159,0,0.0286,0.9958,0.0871,0,0.0135,-0.0875,0.9961,0,0,10.1816,0.1315,1]},
{"frame":46,"values":[0.9995,-0.0249,-0.0197,0,0.0265,0.9963,0.0823,0,0.0175,-0.0828,0.9964,0,0,10.1816,0.1315,1]},
{"frame":47,"values":[0.9995,-0.0222,-0.0241,0,0.024,0.9966,0.0782,0,0.0222,-0.0788,0.9966,0,0,10.1816,0.1315,1]},
{"frame":48,"values":[0.9994,-0.0191,-0.0289,0,0.0212,0.997,0.0748,0,0.0273,-0.0754,0.9968,0,0,10.1816,0.1315,1]},
{"frame":49,"values":[0.9993,-0.0156,-0.0338,0,0.018,0.9972,0.0719,0,0.0326,-0.0725,0.9968,0,0,10.1816,0.1315,1]},
{"frame":50,"values":[0.9992,-0.0121,-0.0386,0,0.0147,0.9975,0.0693,0,0.0377,-0.0699,0.9968,0,0,10.1816,0.1315,1]},
{"frame":51,"values":[0.999,-0.0085,-0.0431,0,0.0113,0.9977,0.0669,0,0.0424,-0.0674,0.9968,0,0,10.1816,0.1315,1]},
{"frame":52,"values":[0.9989,-0.0047,-0.0468,0,0.0077,0.9979,0.0646,0,0.0464,-0.0648,0.9968,0,0,10.1816,0.1315,1]},
{"frame":53,"values":[0.9988,-0.0006,-0.0496,0,0.0037,0.9981,0.0622,0,0.0495,-0.0623,0.9968,0,0,10.1816,0.1315,1]},
{"frame":54,"values":[0.9987,0.0043,-0.0505,0,-0.0013,0.9982,0.0597,0,0.0507,-0.0596,0.9969,0,0,10.1816,0.1315,1]},
{"frame":55,"values":[0.9987,0.0091,-0.0503,0,-0.0063,0.9984,0.0555,0,0.0508,-0.0551,0.9972,0,0,10.1816,0.1315,1]},
{"frame":56,"values":[0.9987,0.0144,-0.0497,0,-0.0118,0.9985,0.0526,0,0.0504,-0.052,0.9974,0,0,10.1816,0.1315,1]},
{"frame":57,"values":[0.9986,0.02,-0.0487,0,-0.0175,0.9985,0.0522,0,0.0496,-0.0513,0.9974,0,0,10.1816,0.1315,1]},
{"frame":58,"values":[0.9986,0.0247,-0.0467,0,-0.0222,0.9983,0.0532,0,0.048,-0.0521,0.9975,0,0,10.1816,0.1315,1]},
{"frame":59,"values":[0.9986,0.0289,-0.0443,0,-0.0265,0.9982,0.0547,0,0.0458,-0.0534,0.9975,0,0,10.1816,0.1315,1]},
{"frame":60,"values":[0.9986,0.0327,-0.0413,0,-0.0305,0.998,0.0548,0,0.043,-0.0535,0.9976,0,0,10.1816,0.1315,1]},
{"frame":61,"values":[0.9986,0.0363,-0.0378,0,-0.0342,0.9979,0.0554,0,0.0398,-0.054,0.9977,0,0,10.1816,0.1315,1]},
{"frame":62,"values":[0.9986,0.0394,-0.0342,0,-0.0374,0.9977,0.0571,0,0.0364,-0.0557,0.9978,0,0,10.1816,0.1315,1]},
{"frame":63,"values":[0.9986,0.042,-0.0312,0,-0.0401,0.9975,0.0577,0,0.0335,-0.0564,0.9978,0,0,10.1816,0.1315,1]},
{"frame":64,"values":[0.9986,0.0439,-0.029,0,-0.0421,0.9974,0.0593,0,0.0315,-0.058,0.9978,0,0,10.1816,0.1315,1]},
{"frame":65,"values":[0.9986,0.0459,-0.0272,0,-0.0442,0.9972,0.0601,0,0.0299,-0.0588,0.9978,0,0,10.1816,0.1315,1]},
{"frame":66,"values":[0.9985,0.0475,-0.0256,0,-0.0459,0.9971,0.0602,0,0.0283,-0.0589,0.9979,0,0,10.1816,0.1315,1]},
{"frame":67,"values":[0.9985,0.049,-0.024,0,-0.0475,0.9971,0.0587,0,0.0268,-0.0574,0.998,0,0,10.1816,0.1315,1]}],"loopBehavior":1,"name":"anim","property":"_matrix"}},
{"name":"mixamorig:Spine1","index":2,"matrix":[0.9996,0.0272,-0.0052,0,-0.0271,0.9994,0.0202,0,0.0057,-0.02,0.9998,0,0,10.0835,-1.0008,1],"rest":[1,0,0,0,0,1,0,0,0,0,1,0,0,10.0835,-1.0008,1],"parentBoneIndex":1,"length":9.2031
,"animation":{"dataType":3,"framePerSecond":24,"keys":[
{"frame":1,"values":[0.9996,0.0275,-0.0058,0,-0.0274,0.9994,0.0201,0,0.0064,-0.02,0.9998,0,0,10.0835,-1.0008,1]},
{"frame":3,"values":[0.9996,0.0275,-0.0058,0,-0.0274,0.9994,0.0203,0,0.0064,-0.0201,0.9998,0,0,10.0835,-1.0008,1]},
{"frame":4,"values":[0.9996,0.0275,-0.0058,0,-0.0274,0.9994,0.0205,0,0.0064,-0.0204,0.9998,0,0,10.0835,-1.0008,1]},
{"frame":5,"values":[0.9996,0.0275,-0.0058,0,-0.0274,0.9994,0.0205,0,0.0064,-0.0203,0.9998,0,0,10.0835,-1.0008,1]},
{"frame":6,"values":[0.9996,0.0277,-0.0058,0,-0.0276,0.9994,0.0202,0,0.0064,-0.02,0.9998,0,0,10.0835,-1.0008,1]},
{"frame":7,"values":[0.9996,0.028,-0.0058,0,-0.0279,0.9994,0.0203,0,0.0064,-0.0201,0.9998,0,0,10.0835,-1.0008,1]},
{"frame":8,"values":[0.9996,0.0283,-0.0059,0,-0.0282,0.9994,0.0214,0,0.0065,-0.0212,0.9998,0,0,10.0835,-1.0008,1]},
{"frame":9,"values":[0.9996,0.0288,-0.0061,0,-0.0286,0.9993,0.0231,0,0.0068,-0.0229,0.9997,0,0,10.0835,-1.0008,1]},
{"frame":10,"values":[0.9996,0.0293,-0.0057,0,-0.0292,0.9993,0.0254,0,0.0064,-0.0252,0.9997,0,0,10.0835,-1.0008,1]},
{"frame":11,"values":[0.9995,0.0298,-0.0051,0,-0.0296,0.9991,0.0287,0,0.006,-0.0285,0.9996,0,0,10.0835,-1.0008,1]},
{"frame":12,"values":[0.9995,0.0307,-0.0054,0,-0.0305,0.9989,0.0349,0,0.0065,-0.0347,0.9994,0,0,10.0835,-1.0008,1]},
{"frame":13,"values":[0.9995,0.0321,-0.0063,0,-0.0318,0.9985,0.0444,0,0.0077,-0.0442,0.999,0,0,10.0835,-1.0008,1]},
{"frame":14,"values":[0.9994,0.0328,-0.007,0,-0.0324,0.998,0.0547,0,0.0088,-0.0544,0.9985,0,0,10.0835,-1.0008,1]},
{"frame":15,"values":[0.9994,0.033,-0.0071,0,-0.0325,0.9973,0.0666,0,0.0093,-0.0663,0.9978,0,0,10.0835,-1.0008,1]},
{"frame":16,"values":[0.9994,0.0331,-0.0064,0,-0.0325,0.9963,0.0797,0,0.009,-0.0794,0.9968,0,0,10.0835,-1.0008,1]},
{"frame":17,"values":[0.9994,0.0331,-0.0057,0,-0.0324,0.9953,0.0918,0,0.0088,-0.0915,0.9958,0,0,10.0835,-1.0008,1]},
{"frame":18,"values":[0.9994,0.0332,-0.0053,0,-0.0324,0.994,0.1044,0,0.0088,-0.1042,0.9945,0,0,10.0835,-1.0008,1]},
{"frame":19,"values":[0.9994,0.0337,-0.0052,0,-0.0329,0.9926,0.1167,0,0.0091,-0.1164,0.9932,0,0,10.0835,-1.0008,1]},
{"frame":20,"values":[0.9994,0.035,-0.0054,0,-0.0341,0.9913,0.127,0,0.0098,-0.1268,0.9919,0,0,10.0835,-1.0008,1]},
{"frame":21,"values":[0.9993,0.0357,-0.0059,0,-0.0346,0.9903,0.1347,0,0.0106,-0.1344,0.9909,0,0,10.0835,-1.0008,1]},
{"frame":22,"values":[0.9993,0.0359,-0.006,0,-0.0347,0.9896,0.1393,0,0.011,-0.139,0.9902,0,0,10.0835,-1.0008,1]},
{"frame":23,"values":[0.9993,0.036,-0.0057,0,-0.0348,0.9894,0.141,0,0.0107,-0.1407,0.99,0,0,10.0835,-1.0008,1]},
{"frame":24,"values":[0.9993,0.036,-0.0054,0,-0.0349,0.9895,0.1401,0,0.0104,-0.1398,0.9901,0,0,10.0835,-1.0008,1]},
{"frame":25,"values":[0.9993,0.0365,-0.0056,0,-0.0354,0.99,0.1367,0,0.0106,-0.1364,0.9906,0,0,10.0835,-1.0008,1]},
{"frame":26,"values":[0.9993,0.0369,-0.0065,0,-0.0357,0.9907,0.1315,0,0.0113,-0.1312,0.9913,0,0,10.0835,-1.0008,1]},
{"frame":27,"values":[0.9993,0.0367,-0.0075,0,-0.0355,0.9916,0.1248,0,0.012,-0.1244,0.9922,0,0,10.0835,-1.0008,1]},
{"frame":28,"values":[0.9993,0.0364,-0.0079,0,-0.0352,0.9925,0.1173,0,0.0121,-0.117,0.9931,0,0,10.0835,-1.0008,1]},
{"frame":29,"values":[0.9993,0.0358,-0.0078,0,-0.0347,0.9933,0.11,0,0.0117,-0.1097,0.9939,0,0,10.0835,-1.0008,1]},
{"frame":30,"values":[0.9994,0.0349,-0.0075,0,-0.034,0.9941,0.1031,0,0.011,-0.1028,0.9946,0,0,10.0835,-1.0008,1]},
{"frame":31,"values":[0.9994,0.0336,-0.0066,0,-0.0329,0.9948,0.0964,0,0.0098,-0.0961,0.9953,0,0,10.0835,-1.0008,1]},
{"frame":32,"values":[0.9994,0.0329,-0.0059,0,-0.0322,0.9954,0.0903,0,0.0089,-0.0901,0.9959,0,0,10.0835,-1.0008,1]},
{"frame":33,"values":[0.9995,0.0327,-0.0053,0,-0.0321,0.9959,0.0849,0,0.008,-0.0847,0.9964,0,0,10.0835,-1.0008,1]},
{"frame":34,"values":[0.9995,0.0321,-0.0039,0,-0.0317,0.9964,0.0789,0,0.0065,-0.0788,0.9969,0,0,10.0835,-1.0008,1]},
{"frame":35,"values":[0.9995,0.0317,-0.0031,0,-0.0314,0.9968,0.0735,0,0.0054,-0.0734,0.9973,0,0,10.0835,-1.0008,1]},
{"frame":36,"values":[0.9995,0.0313,-0.0024,0,-0.0311,0.9972,0.0682,0,0.0045,-0.0681,0.9977,0,0,10.0835,-1.0008,1]},
{"frame":37,"values":[0.9995,0.031,-0.0018,0,-0.0308,0.9975,0.0631,0,0.0038,-0.063,0.998,0,0,10.0835,-1.0008,1]},
{"frame":38,"values":[0.9995,0.0306,-0.0014,0,-0.0305,0.9978,0.0582,0,0.0032,-0.0582,0.9983,0,0,10.0835,-1.0008,1]},
{"frame":39,"values":[0.9995,0.0303,-0.0012,0,-0.0302,0.9981,0.0536,0,0.0028,-0.0536,0.9986,0,0,10.0835,-1.0008,1]},
{"frame":40,"values":[0.9995,0.03,-0.0011,0,-0.0299,0.9983,0.0493,0,0.0026,-0.0492,0.9988,0,0,10.0835,-1.0008,1]},
{"frame":41,"values":[0.9996,0.0297,-0.0012,0,-0.0296,0.9985,0.0452,0,0.0025,-0.0452,0.999,0,0,10.0835,-1.0008,1]},
{"frame":42,"values":[0.9996,0.0294,-0.0013,0,-0.0294,0.9987,0.0415,0,0.0025,-0.0415,0.9991,0,0,10.0835,-1.0008,1]},
{"frame":43,"values":[0.9996,0.0292,-0.0015,0,-0.0291,0.9988,0.0382,0,0.0026,-0.0381,0.9993,0,0,10.0835,-1.0008,1]},
{"frame":44,"values":[0.9996,0.0289,-0.0019,0,-0.0288,0.999,0.0353,0,0.0029,-0.0352,0.9994,0,0,10.0835,-1.0008,1]},
{"frame":45,"values":[0.9996,0.0286,-0.0025,0,-0.0285,0.9991,0.0328,0,0.0035,-0.0327,0.9995,0,0,10.0835,-1.0008,1]},
{"frame":46,"values":[0.9996,0.0283,-0.0034,0,-0.0282,0.9991,0.0306,0,0.0042,-0.0305,0.9995,0,0,10.0835,-1.0008,1]},
{"frame":47,"values":[0.9996,0.028,-0.0043,0,-0.0279,0.9992,0.0287,0,0.0051,-0.0286,0.9996,0,0,10.0835,-1.0008,1]},
{"frame":48,"values":[0.9996,0.0277,-0.0054,0,-0.0276,0.9993,0.0271,0,0.0061,-0.0269,0.9996,0,0,10.0835,-1.0008,1]},
{"frame":49,"values":[0.9996,0.0274,-0.0065,0,-0.0273,0.9993,0.0256,0,0.0072,-0.0254,0.9997,0,0,10.0835,-1.0008,1]},
{"frame":50,"values":[0.9996,0.0272,-0.0077,0,-0.027,0.9993,0.0243,0,0.0083,-0.024,0.9997,0,0,10.0835,-1.0008,1]},
{"frame":51,"values":[0.9996,0.0269,-0.0088,0,-0.0267,0.9994,0.023,0,0.0094,-0.0228,0.9997,0,0,10.0835,-1.0008,1]},
{"frame":52,"values":[0.9996,0.0267,-0.0098,0,-0.0265,0.9994,0.0218,0,0.0104,-0.0215,0.9997,0,0,10.0835,-1.0008,1]},
{"frame":53,"values":[0.9996,0.0266,-0.0108,0,-0.0263,0.9994,0.0206,0,0.0113,-0.0203,0.9997,0,0,10.0835,-1.0008,1]},
{"frame":54,"values":[0.9996,0.0264,-0.0116,0,-0.0262,0.9995,0.0197,0,0.0121,-0.0194,0.9997,0,0,10.0835,-1.0008,1]},
{"frame":55,"values":[0.9996,0.0264,-0.0122,0,-0.0262,0.9995,0.0185,0,0.0127,-0.0182,0.9998,0,0,10.0835,-1.0008,1]},
{"frame":56,"values":[0.9996,0.0267,-0.0125,0,-0.0265,0.9995,0.0176,0,0.013,-0.0173,0.9998,0,0,10.0835,-1.0008,1]},
{"frame":57,"values":[0.9996,0.027,-0.0122,0,-0.0268,0.9995,0.0173,0,0.0127,-0.017,0.9998,0,0,10.0835,-1.0008,1]},
{"frame":58,"values":[0.9996,0.027,-0.0116,0,-0.0268,0.9995,0.0173,0,0.0121,-0.017,0.9998,0,0,10.0835,-1.0008,1]},
{"frame":59,"values":[0.9996,0.0271,-0.0109,0,-0.0269,0.9995,0.0175,0,0.0114,-0.0172,0.9998,0,0,10.0835,-1.0008,1]},
{"frame":60,"values":[0.9996,0.027,-0.0101,0,-0.0268,0.9995,0.0178,0,0.0105,-0.0175,0.9998,0,0,10.0835,-1.0008,1]},
{"frame":61,"values":[0.9996,0.027,-0.0091,0,-0.0268,0.9995,0.0181,0,0.0096,-0.0179,0.9998,0,0,10.0835,-1.0008,1]},
{"frame":62,"values":[0.9996,0.0269,-0.008,0,-0.0267,0.9995,0.0187,0,0.0085,-0.0184,0.9998,0,0,10.0835,-1.0008,1]},
{"frame":63,"values":[0.9996,0.0268,-0.0072,0,-0.0267,0.9995,0.0189,0,0.0077,-0.0187,0.9998,0,0,10.0835,-1.0008,1]},
{"frame":64,"values":[0.9996,0.0268,-0.0066,0,-0.0267,0.9995,0.0195,0,0.0071,-0.0193,0.9998,0,0,10.0835,-1.0008,1]},
{"frame":65,"values":[0.9996,0.0268,-0.0061,0,-0.0267,0.9994,0.0199,0,0.0066,-0.0197,0.9998,0,0,10.0835,-1.0008,1]},
{"frame":66,"values":[0.9996,0.0269,-0.0056,0,-0.0268,0.9994,0.0202,0,0.0062,-0.02,0.9998,0,0,10.0835,-1.0008,1]},
{"frame":67,"values":[0.9996,0.0272,-0.0052,0,-0.0271,0.9994,0.0202,0,0.0057,-0.02,0.9998,0,0,10.0835,-1.0008,1]}],"loopBehavior":1,"name":"anim","property":"_matrix"}},
{"name":"mixamorig:Spine2","index":3,"matrix":[0.9996,0.027,-0.0057,0,-0.0269,0.9994,0.0198,0,0.0062,-0.0196,0.9998,0,0,9.1,-1.3734,1],"rest":[1,0,0,0,0,1,0,0,0,0,1,0,0,9.1,-1.3734,1],"parentBoneIndex":2,"length":13.7198
,"animation":{"dataType":3,"framePerSecond":24,"keys":[
{"frame":1,"values":[0.9996,0.0274,-0.0061,0,-0.0273,0.9994,0.0198,0,0.0067,-0.0196,0.9998,0,0,9.1,-1.3734,1]},
{"frame":3,"values":[0.9996,0.0274,-0.0061,0,-0.0273,0.9994,0.0199,0,0.0067,-0.0198,0.9998,0,0,9.1,-1.3734,1]},
{"frame":4,"values":[0.9996,0.0274,-0.0061,0,-0.0273,0.9994,0.0202,0,0.0067,-0.02,0.9998,0,0,9.1,-1.3734,1]},
{"frame":5,"values":[0.9996,0.0274,-0.0061,0,-0.0273,0.9994,0.0201,0,0.0067,-0.0199,0.9998,0,0,9.1,-1.3734,1]},
{"frame":6,"values":[0.9996,0.0277,-0.0061,0,-0.0275,0.9994,0.0198,0,0.0067,-0.0196,0.9998,0,0,9.1,-1.3734,1]},
{"frame":7,"values":[0.9996,0.028,-0.0062,0,-0.0278,0.9994,0.0199,0,0.0067,-0.0198,0.9998,0,0,9.1,-1.3734,1]},
{"frame":8,"values":[0.9996,0.0283,-0.0064,0,-0.0281,0.9994,0.021,0,0.007,-0.0208,0.9998,0,0,9.1,-1.3734,1]},
{"frame":9,"values":[0.9996,0.0287,-0.0065,0,-0.0285,0.9993,0.0227,0,0.0072,-0.0225,0.9997,0,0,9.1,-1.3734,1]},
{"frame":10,"values":[0.9996,0.0293,-0.0061,0,-0.0291,0.9993,0.025,0,0.0068,-0.0248,0.9997,0,0,9.1,-1.3734,1]},
{"frame":11,"values":[0.9995,0.0297,-0.0055,0,-0.0296,0.9992,0.0283,0,0.0064,-0.0281,0.9996,0,0,9.1,-1.3734,1]},
{"frame":12,"values":[0.9995,0.0306,-0.0058,0,-0.0304,0.9989,0.0345,0,0.0068,-0.0343,0.9994,0,0,9.1,-1.3734,1]},
{"frame":13,"values":[0.9995,0.032,-0.0065,0,-0.0317,0.9985,0.044,0,0.0079,-0.0438,0.999,0,0,9.1,-1.3734,1]},
{"frame":14,"values":[0.9994,0.0327,-0.007,0,-0.0323,0.998,0.0543,0,0.0088,-0.0541,0.9985,0,0,9.1,-1.3734,1]},
{"frame":15,"values":[0.9994,0.033,-0.007,0,-0.0324,0.9973,0.0663,0,0.0092,-0.066,0.9978,0,0,9.1,-1.3734,1]},
{"frame":16,"values":[0.9994,0.0331,-0.0061,0,-0.0325,0.9963,0.0794,0,0.0087,-0.0791,0.9968,0,0,9.1,-1.3734,1]},
{"frame":17,"values":[0.9994,0.0332,-0.0054,0,-0.0325,0.9953,0.0914,0,0.0084,-0.0912,0.9958,0,0,9.1,-1.3734,1]},
{"frame":18,"values":[0.9994,0.0333,-0.0048,0,-0.0326,0.994,0.1041,0,0.0082,-0.1039,0.9946,0,0,9.1,-1.3734,1]},
{"frame":19,"values":[0.9994,0.0339,-0.0044,0,-0.0331,0.9927,0.1163,0,0.0083,-0.1161,0.9932,0,0,9.1,-1.3734,1]},
{"frame":20,"values":[0.9994,0.0352,-0.0044,0,-0.0344,0.9913,0.1267,0,0.0088,-0.1264,0.9919,0,0,9.1,-1.3734,1]},
{"frame":21,"values":[0.9993,0.0359,-0.0048,0,-0.0349,0.9903,0.1343,0,0.0096,-0.1341,0.9909,0,0,9.1,-1.3734,1]},
{"frame":22,"values":[0.9993,0.036,-0.005,0,-0.035,0.9897,0.139,0,0.01,-0.1387,0.9903,0,0,9.1,-1.3734,1]},
{"frame":23,"values":[0.9993,0.0361,-0.0047,0,-0.0351,0.9894,0.1406,0,0.0097,-0.1404,0.9901,0,0,9.1,-1.3734,1]},
{"frame":24,"values":[0.9993,0.0362,-0.0045,0,-0.0352,0.9896,0.1397,0,0.0095,-0.1395,0.9902,0,0,9.1,-1.3734,1]},
{"frame":25,"values":[0.9993,0.0367,-0.0048,0,-0.0357,0.99,0.1363,0,0.0097,-0.1361,0.9907,0,0,9.1,-1.3734,1]},
{"frame":26,"values":[0.9993,0.0371,-0.0057,0,-0.036,0.9907,0.1312,0,0.0105,-0.1309,0.9913,0,0,9.1,-1.3734,1]},
{"frame":27,"values":[0.9993,0.0368,-0.0068,0,-0.0357,0.9916,0.1244,0,0.0113,-0.1241,0.9922,0,0,9.1,-1.3734,1]},
{"frame":28,"values":[0.9993,0.0365,-0.0072,0,-0.0354,0.9925,0.117,0,0.0114,-0.1167,0.9931,0,0,9.1,-1.3734,1]},
{"frame":29,"values":[0.9993,0.0359,-0.0073,0,-0.0349,0.9933,0.1097,0,0.0112,-0.1094,0.9939,0,0,9.1,-1.3734,1]},
{"frame":30,"values":[0.9994,0.035,-0.007,0,-0.0341,0.9941,0.1028,0,0.0106,-0.1025,0.9947,0,0,9.1,-1.3734,1]},
{"frame":31,"values":[0.9994,0.0337,-0.0062,0,-0.033,0.9948,0.096,0,0.0094,-0.0958,0.9954,0,0,9.1,-1.3734,1]},
{"frame":32,"values":[0.9994,0.033,-0.0056,0,-0.0324,0.9954,0.09,0,0.0086,-0.0897,0.9959,0,0,9.1,-1.3734,1]},
{"frame":33,"values":[0.9995,0.0327,-0.0051,0,-0.0322,0.9959,0.0846,0,0.0079,-0.0844,0.9964,0,0,9.1,-1.3734,1]},
{"frame":34,"values":[0.9995,0.0322,-0.004,0,-0.0318,0.9964,0.0786,0,0.0065,-0.0784,0.9969,0,0,9.1,-1.3734,1]},
{"frame":35,"values":[0.9995,0.0318,-0.0032,0,-0.0315,0.9968,0.0731,0,0.0055,-0.073,0.9973,0,0,9.1,-1.3734,1]},
{"frame":36,"values":[0.9995,0.0314,-0.0026,0,-0.0311,0.9972,0.0678,0,0.0047,-0.0677,0.9977,0,0,9.1,-1.3734,1]},
{"frame":37,"values":[0.9995,0.031,-0.0021,0,-0.0308,0.9976,0.0627,0,0.0041,-0.0626,0.998,0,0,9.1,-1.3734,1]},
{"frame":38,"values":[0.9995,0.0307,-0.0018,0,-0.0305,0.9979,0.0579,0,0.0036,-0.0578,0.9983,0,0,9.1,-1.3734,1]},
{"frame":39,"values":[0.9995,0.0303,-0.0017,0,-0.0302,0.9981,0.0532,0,0.0033,-0.0532,0.9986,0,0,9.1,-1.3734,1]},
{"frame":40,"values":[0.9995,0.03,-0.0017,0,-0.0299,0.9984,0.0489,0,0.0031,-0.0488,0.9988,0,0,9.1,-1.3734,1]},
{"frame":41,"values":[0.9996,0.0297,-0.0018,0,-0.0296,0.9986,0.0448,0,0.0031,-0.0448,0.999,0,0,9.1,-1.3734,1]},
{"frame":42,"values":[0.9996,0.0295,-0.0019,0,-0.0294,0.9987,0.0411,0,0.0031,-0.0411,0.9992,0,0,9.1,-1.3734,1]},
{"frame":43,"values":[0.9996,0.0292,-0.0021,0,-0.0291,0.9989,0.0378,0,0.0032,-0.0377,0.9993,0,0,9.1,-1.3734,1]},
{"frame":44,"values":[0.9996,0.0289,-0.0026,0,-0.0288,0.999,0.0349,0,0.0036,-0.0348,0.9994,0,0,9.1,-1.3734,1]},
{"frame":45,"values":[0.9996,0.0286,-0.0033,0,-0.0285,0.9991,0.0324,0,0.0042,-0.0323,0.9995,0,0,9.1,-1.3734,1]},
{"frame":46,"values":[0.9996,0.0283,-0.0042,0,-0.0282,0.9991,0.0302,0,0.005,-0.0301,0.9995,0,0,9.1,-1.3734,1]},
{"frame":47,"values":[0.9996,0.028,-0.0051,0,-0.0279,0.9992,0.0284,0,0.0059,-0.0282,0.9996,0,0,9.1,-1.3734,1]},
{"frame":48,"values":[0.9996,0.0277,-0.0062,0,-0.0276,0.9993,0.0267,0,0.007,-0.0265,0.9996,0,0,9.1,-1.3734,1]},
{"frame":49,"values":[0.9996,0.0274,-0.0074,0,-0.0272,0.9993,0.0253,0,0.008,-0.0251,0.9997,0,0,9.1,-1.3734,1]},
{"frame":50,"values":[0.9996,0.0271,-0.0085,0,-0.0269,0.9994,0.024,0,0.0091,-0.0237,0.9997,0,0,9.1,-1.3734,1]},
{"frame":51,"values":[0.9996,0.0269,-0.0096,0,-0.0266,0.9994,0.0227,0,0.0102,-0.0225,0.9997,0,0,9.1,-1.3734,1]},
{"frame":52,"values":[0.9996,0.0266,-0.0106,0,-0.0264,0.9994,0.0215,0,0.0112,-0.0212,0.9997,0,0,9.1,-1.3734,1]},
{"frame":53,"values":[0.9996,0.0265,-0.0116,0,-0.0262,0.9994,0.0203,0,0.0121,-0.02,0.9997,0,0,9.1,-1.3734,1]},
{"frame":54,"values":[0.9996,0.0263,-0.0123,0,-0.0261,0.9995,0.0194,0,0.0128,-0.0191,0.9997,0,0,9.1,-1.3734,1]},
{"frame":55,"values":[0.9996,0.0263,-0.0129,0,-0.026,0.9995,0.0183,0,0.0134,-0.0179,0.9997,0,0,9.1,-1.3734,1]},
{"frame":56,"values":[0.9996,0.0266,-0.013,0,-0.0263,0.9995,0.0174,0,0.0134,-0.017,0.9998,0,0,9.1,-1.3734,1]},
{"frame":57,"values":[0.9996,0.0268,-0.0127,0,-0.0266,0.9995,0.017,0,0.0131,-0.0167,0.9998,0,0,9.1,-1.3734,1]},
{"frame":58,"values":[0.9996,0.0269,-0.0121,0,-0.0267,0.9995,0.017,0,0.0126,-0.0167,0.9998,0,0,9.1,-1.3734,1]},
{"frame":59,"values":[0.9996,0.027,-0.0114,0,-0.0268,0.9995,0.0172,0,0.0118,-0.0169,0.9998,0,0,9.1,-1.3734,1]},
{"frame":60,"values":[0.9996,0.0269,-0.0105,0,-0.0268,0.9995,0.0175,0,0.011,-0.0172,0.9998,0,0,9.1,-1.3734,1]},
{"frame":61,"values":[0.9996,0.0269,-0.0095,0,-0.0267,0.9995,0.0178,0,0.01,-0.0176,0.9998,0,0,9.1,-1.3734,1]},
{"frame":62,"values":[0.9996,0.0269,-0.0085,0,-0.0267,0.9995,0.0183,0,0.009,-0.0181,0.9998,0,0,9.1,-1.3734,1]},
{"frame":63,"values":[0.9996,0.0268,-0.0076,0,-0.0267,0.9995,0.0186,0,0.0081,-0.0184,0.9998,0,0,9.1,-1.3734,1]},
{"frame":64,"values":[0.9996,0.0268,-0.0071,0,-0.0267,0.9995,0.0191,0,0.0076,-0.0189,0.9998,0,0,9.1,-1.3734,1]},
{"frame":65,"values":[0.9996,0.0269,-0.0066,0,-0.0267,0.9995,0.0195,0,0.0071,-0.0194,0.9998,0,0,9.1,-1.3734,1]},
{"frame":66,"values":[0.9996,0.027,-0.0061,0,-0.0268,0.9994,0.0198,0,0.0066,-0.0196,0.9998,0,0,9.1,-1.3734,1]},
{"frame":67,"values":[0.9996,0.027,-0.0057,0,-0.0269,0.9994,0.0198,0,0.0062,-0.0196,0.9998,0,0,9.1,-1.3734,1]}],"loopBehavior":1,"name":"anim","property":"_matrix"}},
{"name":"mixamorig:Neck","index":4,"matrix":[1,0.0077,0.0021,0,-0.0079,0.9952,0.098,0,-0.0013,-0.098,0.9952,0,0,16.6717,-2.5162,1],"rest":[1,0,0,0,0,1,0,0,0,0,1,0,0,16.6717,-2.5162,1],"parentBoneIndex":3,"length":9.7644
,"animation":{"dataType":3,"framePerSecond":24,"keys":[
{"frame":1,"values":[1,0.0078,0.002,0,-0.0079,0.9952,0.098,0,-0.0013,-0.098,0.9952,0,0,16.6717,-2.5162,1]},
{"frame":2,"values":[1,0.0078,0.0019,0,-0.0079,0.9949,0.1007,0,-0.0011,-0.1008,0.9949,0,0,16.6717,-2.5162,1]},
{"frame":3,"values":[1,0.0079,0.0015,0,-0.008,0.9946,0.1038,0,-0.0007,-0.1039,0.9946,0,0,16.6717,-2.5162,1]},
{"frame":4,"values":[1,0.008,0.0007,0,-0.008,0.9944,0.105,0,0.0002,-0.105,0.9945,0,0,16.6717,-2.5162,1]},
{"frame":5,"values":[1,0.0075,-0.0006,0,-0.0074,0.9944,0.1056,0,0.0014,-0.1056,0.9944,0,0,16.6717,-2.5162,1]},
{"frame":6,"values":[1,0.0067,-0.002,0,-0.0064,0.9942,0.1075,0,0.0027,-0.1075,0.9942,0,0,16.6717,-2.5162,1]},
{"frame":7,"values":[1,0.0058,-0.0035,0,-0.0054,0.9939,0.1106,0,0.0041,-0.1106,0.9939,0,0,16.6717,-2.5162,1]},
{"frame":8,"values":[1,0.0049,-0.0049,0,-0.0043,0.9934,0.1147,0,0.0054,-0.1147,0.9934,0,0,16.6717,-2.5162,1]},
{"frame":9,"values":[1,0.0042,-0.0061,0,-0.0035,0.9927,0.1205,0,0.0066,-0.1204,0.9927,0,0,16.6717,-2.5162,1]},
{"frame":10,"values":[1,0.0038,-0.0079,0,-0.0028,0.9918,0.1275,0,0.0083,-0.1275,0.9918,0,0,16.6717,-2.5162,1]},
{"frame":11,"values":[0.9999,0.0038,-0.0098,0,-0.0025,0.9909,0.1344,0,0.0102,-0.1344,0.9909,0,0,16.6717,-2.5162,1]},
{"frame":12,"values":[0.9999,0.0038,-0.0115,0,-0.0022,0.9901,0.1401,0,0.012,-0.1401,0.9901,0,0,16.6717,-2.5162,1]},
{"frame":13,"values":[0.9999,0.0039,-0.0133,0,-0.0019,0.9894,0.1449,0,0.0138,-0.1448,0.9894,0,0,16.6717,-2.5162,1]},
{"frame":14,"values":[0.9999,0.0044,-0.0151,0,-0.002,0.9886,0.1504,0,0.0156,-0.1504,0.9885,0,0,16.6717,-2.5162,1]},
{"frame":15,"values":[0.9998,0.0057,-0.0166,0,-0.003,0.9878,0.1559,0,0.0173,-0.1558,0.9876,0,0,16.6717,-2.5162,1]},
{"frame":16,"values":[0.9998,0.0075,-0.0181,0,-0.0045,0.987,0.1605,0,0.0191,-0.1603,0.9869,0,0,16.6717,-2.5162,1]},
{"frame":17,"values":[0.9998,0.0084,-0.0196,0,-0.0051,0.9863,0.1651,0,0.0207,-0.1649,0.9861,0,0,16.6717,-2.5162,1]},
{"frame":18,"values":[0.9997,0.0093,-0.0215,0,-0.0056,0.9857,0.1682,0,0.0228,-0.1681,0.9855,0,0,16.6717,-2.5162,1]},
{"frame":19,"values":[0.9997,0.0094,-0.0237,0,-0.0052,0.9854,0.1701,0,0.0249,-0.1699,0.9851,0,0,16.6717,-2.5162,1]},
{"frame":20,"values":[0.9996,0.0075,-0.0255,0,-0.003,0.9851,0.1719,0,0.0264,-0.1718,0.9848,0,0,16.6717,-2.5162,1]},
{"frame":21,"values":[0.9996,0.0059,-0.0269,0,-0.0011,0.9847,0.1745,0,0.0275,-0.1744,0.9843,0,0,16.6717,-2.5162,1]},
{"frame":22,"values":[0.9996,0.0051,-0.0282,0,-0.0001,0.9843,0.1763,0,0.0286,-0.1762,0.9839,0,0,16.6717,-2.5162,1]},
{"frame":23,"values":[0.9996,0.0044,-0.0292,0,0.0008,0.9842,0.1771,0,0.0296,-0.177,0.9838,0,0,16.6717,-2.5162,1]},
{"frame":24,"values":[0.9995,0.0046,-0.0297,0,0.0008,0.9841,0.1776,0,0.0301,-0.1776,0.9836,0,0,16.6717,-2.5162,1]},
{"frame":25,"values":[0.9996,0.0047,-0.0292,0,0.0005,0.9842,0.1772,0,0.0296,-0.1772,0.9837,0,0,16.6717,-2.5162,1]},
{"frame":26,"values":[0.9996,0.0053,-0.0272,0,-0.0005,0.9847,0.1744,0,0.0277,-0.1744,0.9843,0,0,16.6717,-2.5162,1]},
{"frame":27,"values":[0.9997,0.006,-0.0239,0,-0.0018,0.9855,0.1699,0,0.0246,-0.1698,0.9852,0,0,16.6717,-2.5162,1]},
{"frame":28,"values":[0.9998,0.0059,-0.0209,0,-0.0024,0.9863,0.1649,0,0.0215,-0.1648,0.9861,0,0,16.6717,-2.5162,1]},
{"frame":29,"values":[0.9998,0.0062,-0.0186,0,-0.0032,0.9873,0.1588,0,0.0193,-0.1587,0.9871,0,0,16.6717,-2.5162,1]},
{"frame":30,"values":[0.9998,0.0063,-0.0163,0,-0.0037,0.9883,0.1524,0,0.0171,-0.1523,0.9882,0,0,16.6717,-2.5162,1]},
{"frame":31,"values":[0.9999,0.0061,-0.0146,0,-0.0039,0.989,0.1477,0,0.0153,-0.1476,0.9889,0,0,16.6717,-2.5162,1]},
{"frame":32,"values":[0.9999,0.0049,-0.0138,0,-0.0029,0.9898,0.1427,0,0.0144,-0.1427,0.9897,0,0,16.6717,-2.5162,1]},
{"frame":33,"values":[0.9999,0.0024,-0.0135,0,-0.0006,0.9904,0.1382,0,0.0137,-0.1381,0.9903,0,0,16.6717,-2.5162,1]},
{"frame":34,"values":[0.9999,0.0006,-0.0141,0,0.0014,0.9906,0.1369,0,0.014,-0.1369,0.9905,0,0,16.6717,-2.5162,1]},
{"frame":35,"values":[0.9999,-0.001,-0.015,0,0.0031,0.9906,0.1367,0,0.0147,-0.1367,0.9905,0,0,16.6717,-2.5162,1]},
{"frame":36,"values":[0.9999,-0.0024,-0.0152,0,0.0045,0.9906,0.137,0,0.0147,-0.137,0.9905,0,0,16.6717,-2.5162,1]},
{"frame":37,"values":[0.9999,-0.0029,-0.0149,0,0.0049,0.9905,0.1376,0,0.0143,-0.1377,0.9904,0,0,16.6717,-2.5162,1]},
{"frame":38,"values":[0.9999,-0.0027,-0.0149,0,0.0047,0.9906,0.1368,0,0.0144,-0.1368,0.9905,0,0,16.6717,-2.5162,1]},
{"frame":39,"values":[0.9999,-0.0021,-0.0151,0,0.0042,0.991,0.1339,0,0.0147,-0.1339,0.9909,0,0,16.6717,-2.5162,1]},
{"frame":40,"values":[0.9999,-0.0014,-0.0148,0,0.0033,0.9914,0.1311,0,0.0145,-0.1312,0.9913,0,0,16.6717,-2.5162,1]},
{"frame":41,"values":[0.9999,-0.0007,-0.0142,0,0.0026,0.9916,0.129,0,0.014,-0.129,0.9915,0,0,16.6717,-2.5162,1]},
{"frame":42,"values":[0.9999,-0.0001,-0.0136,0,0.0018,0.9919,0.127,0,0.0135,-0.127,0.9918,0,0,16.6717,-2.5162,1]},
{"frame":43,"values":[0.9999,0.0005,-0.0128,0,0.0011,0.9921,0.1253,0,0.0128,-0.1254,0.992,0,0,16.6717,-2.5162,1]},
{"frame":44,"values":[0.9999,0.0012,-0.012,0,0.0003,0.9923,0.124,0,0.012,-0.124,0.9922,0,0,16.6717,-2.5162,1]},
{"frame":45,"values":[0.9999,0.0019,-0.011,0,-0.0006,0.9924,0.1227,0,0.0112,-0.1227,0.9924,0,0,16.6717,-2.5162,1]},
{"frame":46,"values":[0.9999,0.0027,-0.0101,0,-0.0014,0.9926,0.1215,0,0.0104,-0.1215,0.9925,0,0,16.6717,-2.5162,1]},
{"frame":47,"values":[1,0.0034,-0.0092,0,-0.0023,0.9927,0.1203,0,0.0095,-0.1203,0.9927,0,0,16.6717,-2.5162,1]},
{"frame":48,"values":[1,0.0042,-0.0082,0,-0.0032,0.9929,0.1192,0,0.0086,-0.1192,0.9928,0,0,16.6717,-2.5162,1]},
{"frame":49,"values":[1,0.0049,-0.0072,0,-0.004,0.993,0.1182,0,0.0077,-0.1182,0.993,0,0,16.6717,-2.5162,1]},
{"frame":50,"values":[1,0.0056,-0.0061,0,-0.0049,0.9931,0.1173,0,0.0067,-0.1172,0.9931,0,0,16.6717,-2.5162,1]},
{"frame":51,"values":[1,0.0063,-0.005,0,-0.0057,0.9932,0.1164,0,0.0057,-0.1164,0.9932,0,0,16.6717,-2.5162,1]},
{"frame":52,"values":[1,0.0069,-0.0038,0,-0.0064,0.9933,0.1157,0,0.0046,-0.1157,0.9933,0,0,16.6717,-2.5162,1]},
{"frame":53,"values":[1,0.0075,-0.0026,0,-0.0071,0.9933,0.1151,0,0.0034,-0.1151,0.9933,0,0,16.6717,-2.5162,1]},
{"frame":54,"values":[1,0.0077,-0.0012,0,-0.0075,0.9933,0.115,0,0.0021,-0.115,0.9934,0,0,16.6717,-2.5162,1]},
{"frame":55,"values":[1,0.0075,-0.0002,0,-0.0074,0.9933,0.1151,0,0.0011,-0.1151,0.9934,0,0,16.6717,-2.5162,1]},
{"frame":56,"values":[1,0.0071,0.0006,0,-0.0072,0.9934,0.1147,0,0.0002,-0.1147,0.9934,0,0,16.6717,-2.5162,1]},
