{"producer":{"name":"Blender","version":"2.90.0","exporter_version":"6.4.4","file":"femalewalkback.babylon"},
"autoClear":true,"clearColor":[0.0509,0.0509,0.0509],"gravity":[0,-9.81,0],
"materials":[{"name":"Material","id":"Material","customType":"BABYLON.PBRMaterial","backFaceCulling":true,"checkReadyOnlyOnce":false,"maxSimultaneousLights":4,"environmentIntensity":1,"albedo":[0.8,0.8,0.8],"reflectivity":[0.5,0.5,0.5],"roughness":0.4,"alpha":1,"transparencyMode":0,"alphaCutOff":0.4,"metallic":0}],
"multiMaterials":[],
"skeletons":[{"name":"Armature","id":0,"dimensionsAtRest":[338.4114,359.3049,41.4047],"bones":[
{"name":"mixamorig:Hips","index":0,"matrix":[0.9992,-0.0052,-0.0399,0,0.003,0.9984,-0.0567,0,-0.0401,-0.0565,-0.9976,0,0.2833,184.909,0.9732,1],"rest":[1,0,0,0,0,1,0,0,0,0,-1,0,0,189.9226,0,1],"parentBoneIndex":-1,"length":22.3833
,"animation":{"dataType":3,"framePerSecond":24,"keys":[
{"frame":1,"values":[0.9992,-0.0052,-0.0399,0,0.003,0.9984,-0.0567,0,-0.0401,-0.0565,-0.9976,0,0.2833,184.909,0.9732,1]},
{"frame":2,"values":[0.9979,0.0019,-0.0651,0,-0.0055,0.9985,-0.0547,0,-0.0648,-0.055,-0.9964,0,0.5398,183.904,-0.4348,1]},
{"frame":3,"values":[0.9956,0.006,-0.0932,0,-0.0102,0.9989,-0.0453,0,-0.0928,-0.0461,-0.9946,0,1.153,181.7841,-1.8573,1]},
{"frame":4,"values":[0.993,0.0073,-0.1179,0,-0.0114,0.9994,-0.0334,0,-0.1176,-0.0345,-0.9925,0,2.1698,179.0856,-2.9358,1]},
{"frame":5,"values":[0.9912,0.0063,-0.1325,0,-0.0107,0.9994,-0.0326,0,-0.1322,-0.0337,-0.9906,0,3.3332,177.157,-3.1056,1]},
{"frame":6,"values":[0.9908,0.0068,-0.1354,0,-0.0136,0.9987,-0.0493,0,-0.1349,-0.0507,-0.9896,0,4.3256,176.881,-2.056,1]},
{"frame":7,"values":[0.9908,0.0184,-0.1344,0,-0.0279,0.9972,-0.0696,0,-0.1327,-0.0727,-0.9885,0,5.0561,177.7076,-0.1516,1]},
{"frame":8,"values":[0.989,0.041,-0.1421,0,-0.0521,0.9958,-0.0748,0,-0.1384,-0.0814,-0.987,0,5.6512,178.8351,1.5582,1]},
{"frame":9,"values":[0.9853,0.0622,-0.1591,0,-0.073,0.9953,-0.0629,0,-0.1544,-0.0736,-0.9853,0,6.2105,180.1295,2.1988,1]},
{"frame":10,"values":[0.9833,0.0732,-0.1668,0,-0.0821,0.9955,-0.0474,0,-0.1626,-0.0603,-0.9848,0,6.6151,181.5723,1.8734,1]},
{"frame":11,"values":[0.9863,0.0735,-0.1474,0,-0.0802,0.996,-0.0401,0,-0.1439,-0.0513,-0.9883,0,6.6946,182.7742,1.1257,1]},
{"frame":12,"values":[0.9921,0.0671,-0.1059,0,-0.0717,0.9966,-0.0395,0,-0.1029,-0.0467,-0.9936,0,6.4784,183.2675,0.215,1]},
{"frame":13,"values":[0.996,0.0611,-0.0647,0,-0.0637,0.9972,-0.038,0,-0.0622,-0.042,-0.9972,0,6.1156,182.714,-0.8424,1]},
{"frame":14,"values":[0.9974,0.0602,-0.0394,0,-0.0615,0.9976,-0.0331,0,-0.0373,-0.0354,-0.9987,0,5.6341,181.0776,-1.8571,1]},
{"frame":15,"values":[0.9976,0.0622,-0.0303,0,-0.0631,0.9976,-0.03,0,-0.0283,-0.0319,-0.9991,0,4.9416,178.8405,-2.4786,1]},
{"frame":16,"values":[0.9978,0.0583,-0.0313,0,-0.0595,0.9975,-0.038,0,-0.029,-0.0398,-0.9988,0,4.0236,176.9744,-2.3472,1]},
{"frame":17,"values":[0.9984,0.0437,-0.0369,0,-0.0459,0.9972,-0.0594,0,-0.0342,-0.061,-0.9976,0,2.9443,176.1933,-1.143,1]},
{"frame":18,"values":[0.9989,0.0218,-0.0406,0,-0.0251,0.9963,-0.0817,0,-0.0386,-0.0826,-0.9958,0,1.8438,176.359,0.998,1]},
{"frame":19,"values":[0.9994,-0.0042,-0.0346,0,0.0011,0.9959,-0.09,0,-0.0349,-0.0899,-0.9953,0,0.9711,177.0715,3.2201,1]},
{"frame":20,"values":[0.9994,-0.0293,-0.0157,0,0.0279,0.996,-0.0847,0,-0.0181,-0.0842,-0.9963,0,0.4214,178.1003,4.5885,1]},
{"frame":21,"values":[0.999,-0.0433,0.007,0,0.0437,0.9962,-0.0757,0,0.0037,-0.0759,-0.9971,0,0.0871,179.4705,4.8535,1]},
{"frame":22,"values":[0.9991,-0.0404,0.0144,0,0.0413,0.9968,-0.069,0,0.0116,-0.0695,-0.9975,0,-0.0705,181.3119,4.2327,1]},
{"frame":23,"values":[0.9997,-0.0243,-0.0041,0,0.024,0.9977,-0.0632,0,-0.0056,-0.0631,-0.998,0,-0.0062,183.3298,2.8981,1]},
{"frame":24,"values":[0.9992,-0.0052,-0.0399,0,0.003,0.9984,-0.0567,0,-0.0401,-0.0565,-0.9976,0,0.2833,184.909,0.9732,1]}],"loopBehavior":1,"name":"anim","property":"_matrix"}},
{"name":"mixamorig:Spine","index":1,"matrix":[0.9995,-0.0152,-0.0262,0,0.0164,0.9988,0.0457,0,0.0255,-0.0461,0.9986,0,0.0715,18.4094,-1.6224,1],"rest":[1,0,0,0,0,1,0,0,0,0,1,0,0.0715,18.4094,-1.6224,1],"parentBoneIndex":0,"length":20.2878
,"animation":{"dataType":3,"framePerSecond":24,"keys":[
{"frame":1,"values":[0.9995,-0.0152,-0.0262,0,0.0164,0.9988,0.0457,0,0.0255,-0.0461,0.9986,0,0.0715,18.4094,-1.6224,1]},
{"frame":2,"values":[0.9996,-0.0232,-0.0152,0,0.0238,0.9989,0.0415,0,0.0142,-0.0418,0.999,0,0.0715,18.4094,-1.6224,1]},
{"frame":3,"values":[0.9997,-0.025,-0.0049,0,0.0252,0.9989,0.0399,0,0.0039,-0.04,0.9992,0,0.0715,18.4094,-1.6224,1]},
{"frame":4,"values":[0.9998,-0.0206,0.0048,0,0.0204,0.999,0.0394,0,-0.0056,-0.0393,0.9992,0,0.0715,18.4094,-1.6224,1]},
{"frame":5,"values":[0.9998,-0.0143,0.0141,0,0.0138,0.9992,0.0362,0,-0.0146,-0.036,0.9992,0,0.0715,18.4094,-1.6224,1]},
{"frame":6,"values":[0.9997,-0.0135,0.0215,0,0.0128,0.9994,0.0319,0,-0.0219,-0.0316,0.9993,0,0.0715,18.4094,-1.6224,1]},
{"frame":7,"values":[0.9993,-0.0267,0.0252,0,0.0258,0.9991,0.0331,0,-0.026,-0.0324,0.9991,0,0.0715,18.4094,-1.6224,1]},
{"frame":8,"values":[0.9985,-0.0497,0.0228,0,0.0487,0.998,0.0413,0,-0.0248,-0.0402,0.9989,0,0.0715,18.4094,-1.6224,1]},
{"frame":9,"values":[0.9976,-0.0671,0.0172,0,0.0661,0.9966,0.0487,0,-0.0204,-0.0475,0.9987,0,0.0715,18.4094,-1.6224,1]},
{"frame":10,"values":[0.9974,-0.0711,0.0152,0,0.0703,0.9964,0.0479,0,-0.0185,-0.0467,0.9987,0,0.0715,18.4094,-1.6224,1]},
{"frame":11,"values":[0.9977,-0.0655,0.0178,0,0.0647,0.9971,0.0404,0,-0.0204,-0.0392,0.999,0,0.0715,18.4094,-1.6224,1]},
{"frame":12,"values":[0.9982,-0.056,0.0191,0,0.0554,0.9979,0.0323,0,-0.0208,-0.0312,0.9993,0,0.0715,18.4094,-1.6224,1]},
{"frame":13,"values":[0.9987,-0.0492,0.014,0,0.0488,0.9984,0.0271,0,-0.0153,-0.0264,0.9995,0,0.0715,18.4094,-1.6224,1]},
{"frame":14,"values":[0.9988,-0.0493,0.003,0,0.0493,0.9985,0.0247,0,-0.0042,-0.0245,0.9997,0,0.0715,18.4094,-1.6224,1]},
{"frame":15,"values":[0.9985,-0.0536,-0.0103,0,0.0539,0.9983,0.0225,0,0.0091,-0.023,0.9997,0,0.0715,18.4094,-1.6224,1]},
{"frame":16,"values":[0.9984,-0.0522,-0.0229,0,0.0526,0.9984,0.0182,0,0.0219,-0.0194,0.9996,0,0.0715,18.4094,-1.6224,1]},
{"frame":17,"values":[0.9986,-0.0414,-0.0317,0,0.0419,0.999,0.0149,0,0.031,-0.0162,0.9994,0,0.0715,18.4094,-1.6224,1]},
{"frame":18,"values":[0.9991,-0.0251,-0.0343,0,0.0258,0.9995,0.0199,0,0.0338,-0.0207,0.9992,0,0.0715,18.4094,-1.6224,1]},
{"frame":19,"values":[0.9995,-0.003,-0.0305,0,0.004,0.9994,0.0347,0,0.0304,-0.0348,0.9989,0,0.0715,18.4094,-1.6224,1]},
{"frame":20,"values":[0.9995,0.0217,-0.0233,0,-0.0205,0.9985,0.0505,0,0.0244,-0.05,0.9985,0,0.0715,18.4094,-1.6224,1]},
{"frame":21,"values":[0.9992,0.0353,-0.0184,0,-0.0342,0.9977,0.0585,0,0.0205,-0.0578,0.9981,0,0.0715,18.4094,-1.6224,1]},
{"frame":22,"values":[0.9994,0.0297,-0.0197,0,-0.0285,0.9979,0.0585,0,0.0214,-0.0579,0.9981,0,0.0715,18.4094,-1.6224,1]},
{"frame":23,"values":[0.9997,0.0089,-0.0242,0,-0.0076,0.9985,0.0533,0,0.0247,-0.0531,0.9983,0,0.0715,18.4094,-1.6224,1]},
{"frame":24,"values":[0.9995,-0.0152,-0.0262,0,0.0164,0.9988,0.0457,0,0.0255,-0.0461,0.9986,0,0.0715,18.4094,-1.6224,1]}],"loopBehavior":1,"name":"anim","property":"_matrix"}},
{"name":"mixamorig:Spine1","index":2,"matrix":[0.9999,-0.0059,-0.0147,0,0.0064,0.9993,0.038,0,0.0145,-0.0381,0.9992,0,-0.3249,20.2384,-1.3771,1],"rest":[1,0,0,0,0,1,0,0,0,0,1,0,-0.3249,20.2384,-1.3771,1],"parentBoneIndex":1,"length":24.4383
,"animation":{"dataType":3,"framePerSecond":24,"keys":[
{"frame":1,"values":[0.9999,-0.0059,-0.0147,0,0.0064,0.9993,0.038,0,0.0145,-0.0381,0.9992,0,-0.3249,20.2384,-1.3771,1]},
{"frame":2,"values":[0.9999,-0.0057,-0.0098,0,0.006,0.9994,0.0342,0,0.0096,-0.0343,0.9994,0,-0.3249,20.2384,-1.3771,1]},
{"frame":3,"values":[1,-0.0043,-0.0049,0,0.0044,0.9995,0.0318,0,0.0048,-0.0318,0.9995,0,-0.3249,20.2384,-1.3771,1]},
{"frame":4,"values":[1,-0.0023,-0.0004,0,0.0023,0.9995,0.0302,0,0.0003,-0.0302,0.9995,0,-0.3249,20.2384,-1.3771,1]},
{"frame":5,"values":[1,-0.0007,0.0044,0,0.0006,0.9996,0.0275,0,-0.0044,-0.0275,0.9996,0,-0.3249,20.2384,-1.3771,1]},
{"frame":6,"values":[1,-0.0015,0.0087,0,0.0013,0.9997,0.0249,0,-0.0088,-0.0249,0.9997,0,-0.3249,20.2384,-1.3771,1]},
{"frame":7,"values":[0.9999,-0.0065,0.0104,0,0.0063,0.9996,0.0261,0,-0.0105,-0.0261,0.9996,0,-0.3249,20.2384,-1.3771,1]},
{"frame":8,"values":[0.9999,-0.0128,0.0073,0,0.0126,0.9994,0.0309,0,-0.0077,-0.0308,0.9995,0,-0.3249,20.2384,-1.3771,1]},
{"frame":9,"values":[0.9999,-0.0145,0.0023,0,0.0144,0.9993,0.0345,0,-0.0028,-0.0344,0.9994,0,-0.3249,20.2384,-1.3771,1]},
{"frame":10,"values":[0.9999,-0.011,0.0007,0,0.011,0.9994,0.034,0,-0.001,-0.034,0.9994,0,-0.3249,20.2384,-1.3771,1]},
{"frame":11,"values":[1,-0.0074,0.0038,0,0.0073,0.9995,0.0313,0,-0.004,-0.0313,0.9995,0,-0.3249,20.2384,-1.3771,1]},
{"frame":12,"values":[0.9999,-0.007,0.0073,0,0.0068,0.9996,0.0282,0,-0.0075,-0.0282,0.9996,0,-0.3249,20.2384,-1.3771,1]},
{"frame":13,"values":[0.9999,-0.0088,0.0067,0,0.0087,0.9996,0.0255,0,-0.007,-0.0254,0.9997,0,-0.3249,20.2384,-1.3771,1]},
{"frame":14,"values":[0.9999,-0.0111,0.0024,0,0.011,0.9997,0.0236,0,-0.0026,-0.0235,0.9997,0,-0.3249,20.2384,-1.3771,1]},
{"frame":15,"values":[0.9999,-0.0134,-0.0033,0,0.0135,0.9997,0.022,0,0.003,-0.022,0.9998,0,-0.3249,20.2384,-1.3771,1]},
{"frame":16,"values":[0.9998,-0.0149,-0.0095,0,0.0151,0.9997,0.019,0,0.0092,-0.0191,0.9998,0,-0.3249,20.2384,-1.3771,1]},
{"frame":17,"values":[0.9998,-0.0134,-0.016,0,0.0136,0.9998,0.0159,0,0.0158,-0.0161,0.9997,0,-0.3249,20.2384,-1.3771,1]},
{"frame":18,"values":[0.9998,-0.0077,-0.0197,0,0.008,0.9998,0.0177,0,0.0196,-0.0179,0.9996,0,-0.3249,20.2384,-1.3771,1]},
{"frame":19,"values":[0.9999,0.0005,-0.0167,0,-0.0001,0.9997,0.0263,0,0.0167,-0.0263,0.9995,0,-0.3249,20.2384,-1.3771,1]},
{"frame":20,"values":[0.9999,0.0072,-0.0093,0,-0.0069,0.9993,0.0354,0,0.0095,-0.0354,0.9993,0,-0.3249,20.2384,-1.3771,1]},
{"frame":21,"values":[0.9999,0.0091,-0.0046,0,-0.0089,0.9992,0.0396,0,0.005,-0.0395,0.9992,0,-0.3249,20.2384,-1.3771,1]},
{"frame":22,"values":[1,0.0062,-0.0065,0,-0.0059,0.9992,0.0402,0,0.0068,-0.0402,0.9992,0,-0.3249,20.2384,-1.3771,1]},
{"frame":23,"values":[0.9999,0.0002,-0.0116,0,0.0003,0.9992,0.0398,0,0.0116,-0.0398,0.9991,0,-0.3249,20.2384,-1.3771,1]},
{"frame":24,"values":[0.9999,-0.0059,-0.0147,0,0.0064,0.9993,0.038,0,0.0145,-0.0381,0.9992,0,-0.3249,20.2384,-1.3771,1]}],"loopBehavior":1,"name":"anim","property":"_matrix"}},
{"name":"mixamorig:Spine2","index":3,"matrix":[0.9999,-0.0054,-0.014,0,0.006,0.9992,0.0383,0,0.0138,-0.0384,0.9992,0,-0.0232,24.4369,-0.2575,1],"rest":[1,0,0,0,0,1,0,0,0,0,1,0,-0.0232,24.4369,-0.2575,1],"parentBoneIndex":2,"length":22.4221
,"animation":{"dataType":3,"framePerSecond":24,"keys":[
{"frame":1,"values":[0.9999,-0.0054,-0.014,0,0.006,0.9992,0.0383,0,0.0138,-0.0384,0.9992,0,-0.0232,24.4369,-0.2575,1]},
{"frame":2,"values":[0.9999,-0.0054,-0.0091,0,0.0057,0.9994,0.0344,0,0.0089,-0.0345,0.9994,0,-0.0232,24.4369,-0.2575,1]},
{"frame":3,"values":[1,-0.0041,-0.0042,0,0.0042,0.9995,0.0319,0,0.0041,-0.0319,0.9995,0,-0.0232,24.4369,-0.2575,1]},
{"frame":4,"values":[1,-0.0022,0.0003,0,0.0022,0.9995,0.0302,0,-0.0003,-0.0302,0.9995,0,-0.0232,24.4369,-0.2575,1]},
{"frame":5,"values":[1,-0.0007,0.0049,0,0.0006,0.9996,0.0274,0,-0.0049,-0.0274,0.9996,0,-0.0232,24.4369,-0.2575,1]},
{"frame":6,"values":[1,-0.0016,0.0092,0,0.0014,0.9997,0.0248,0,-0.0092,-0.0248,0.9996,0,-0.0232,24.4369,-0.2575,1]},
{"frame":7,"values":[0.9999,-0.0066,0.0107,0,0.0063,0.9996,0.026,0,-0.0109,-0.0259,0.9996,0,-0.0232,24.4369,-0.2575,1]},
{"frame":8,"values":[0.9999,-0.0129,0.0076,0,0.0127,0.9994,0.0308,0,-0.008,-0.0307,0.9995,0,-0.0232,24.4369,-0.2575,1]},
{"frame":9,"values":[0.9999,-0.0145,0.0026,0,0.0144,0.9993,0.0345,0,-0.0031,-0.0344,0.9994,0,-0.0232,24.4369,-0.2575,1]},
{"frame":10,"values":[0.9999,-0.011,0.001,0,0.0109,0.9994,0.034,0,-0.0013,-0.034,0.9994,0,-0.0232,24.4369,-0.2575,1]},
{"frame":11,"values":[1,-0.0075,0.0041,0,0.0073,0.9995,0.0313,0,-0.0044,-0.0312,0.9995,0,-0.0232,24.4369,-0.2575,1]},
{"frame":12,"values":[0.9999,-0.0071,0.0076,0,0.0069,0.9996,0.0282,0,-0.0078,-0.0281,0.9996,0,-0.0232,24.4369,-0.2575,1]},
{"frame":13,"values":[0.9999,-0.0089,0.0069,0,0.0087,0.9996,0.0255,0,-0.0072,-0.0254,0.9997,0,-0.0232,24.4369,-0.2575,1]},
{"frame":14,"values":[0.9999,-0.0111,0.0025,0,0.0111,0.9997,0.0235,0,-0.0027,-0.0235,0.9997,0,-0.0232,24.4369,-0.2575,1]},
{"frame":15,"values":[0.9999,-0.0133,-0.0033,0,0.0134,0.9997,0.022,0,0.003,-0.022,0.9998,0,-0.0232,24.4369,-0.2575,1]},
{"frame":16,"values":[0.9998,-0.0148,-0.0095,0,0.0149,0.9997,0.0191,0,0.0092,-0.0192,0.9998,0,-0.0232,24.4369,-0.2575,1]},
{"frame":17,"values":[0.9998,-0.0132,-0.0161,0,0.0135,0.9998,0.0159,0,0.0158,-0.0162,0.9997,0,-0.0232,24.4369,-0.2575,1]},
{"frame":18,"values":[0.9998,-0.0075,-0.0197,0,0.0079,0.9998,0.0178,0,0.0196,-0.018,0.9996,0,-0.0232,24.4369,-0.2575,1]},
{"frame":19,"values":[0.9999,0.0007,-0.0166,0,-0.0002,0.9997,0.0264,0,0.0166,-0.0264,0.9995,0,-0.0232,24.4369,-0.2575,1]},
{"frame":20,"values":[0.9999,0.0073,-0.009,0,-0.007,0.9993,0.0355,0,0.0093,-0.0354,0.9993,0,-0.0232,24.4369,-0.2575,1]},
{"frame":21,"values":[0.9999,0.0092,-0.0044,0,-0.009,0.9992,0.0396,0,0.0047,-0.0395,0.9992,0,-0.0232,24.4369,-0.2575,1]},
{"frame":22,"values":[1,0.0063,-0.0061,0,-0.006,0.9992,0.0403,0,0.0064,-0.0402,0.9992,0,-0.0232,24.4369,-0.2575,1]},
{"frame":23,"values":[0.9999,0.0004,-0.011,0,0,0.9992,0.04,0,0.011,-0.04,0.9991,0,-0.0232,24.4369,-0.2575,1]},
{"frame":24,"values":[0.9999,-0.0054,-0.014,0,0.006,0.9992,0.0383,0,0.0138,-0.0384,0.9992,0,-0.0232,24.4369,-0.2575,1]}],"loopBehavior":1,"name":"anim","property":"_matrix"}},
{"name":"mixamorig:Neck","index":4,"matrix":[1,0.0008,0.0057,0,-0.0006,0.9995,-0.0313,0,-0.0057,0.0313,0.9995,0,0.3476,27.4659,2.4654,1],"rest":[1,0,0,0,0,1,0,0,0,0,1,0,0.3476,27.4659,2.4654,1],"parentBoneIndex":3,"length":19.1448
,"animation":{"dataType":3,"framePerSecond":24,"keys":[
{"frame":1,"values":[1,0.0008,0.0057,0,-0.0006,0.9995,-0.0313,0,-0.0057,0.0313,0.9995,0,0.3476,27.4659,2.4654,1]},
{"frame":2,"values":[1,0.0005,0.0016,0,-0.0004,0.9995,-0.0307,0,-0.0016,0.0307,0.9995,0,0.3476,27.4659,2.4654,1]},
{"frame":3,"values":[1,-0.0011,-0.0031,0,0.001,0.9996,-0.0272,0,0.0031,0.0272,0.9996,0,0.3476,27.4659,2.4654,1]},
{"frame":4,"values":[1,-0.0029,-0.0071,0,0.0027,0.9998,-0.0213,0,0.0072,0.0213,0.9997,0,0.3476,27.4659,2.4654,1]},
{"frame":5,"values":[0.9999,-0.0034,-0.0097,0,0.0033,0.9999,-0.017,0,0.0097,0.0169,0.9998,0,0.3476,27.4659,2.4654,1]},
{"frame":6,"values":[0.9999,-0.0019,-0.0109,0,0.0017,0.9998,-0.0177,0,0.0109,0.0177,0.9998,0,0.3476,27.4659,2.4654,1]},
{"frame":7,"values":[0.9999,0.0015,-0.0111,0,-0.0018,0.9998,-0.0222,0,0.011,0.0222,0.9997,0,0.3476,27.4659,2.4654,1]},
{"frame":8,"values":[0.9999,0.004,-0.0105,0,-0.0042,0.9997,-0.0256,0,0.0104,0.0257,0.9996,0,0.3476,27.4659,2.4654,1]},
{"frame":9,"values":[0.9999,0.0021,-0.0101,0,-0.0024,0.9997,-0.0243,0,0.0101,0.0243,0.9997,0,0.3476,27.4659,2.4654,1]},
{"frame":10,"values":[0.9999,-0.003,-0.0105,0,0.0028,0.9998,-0.019,0,0.0106,0.0189,0.9998,0,0.3476,27.4659,2.4654,1]},
{"frame":11,"values":[0.9999,-0.007,-0.0105,0,0.0069,0.9999,-0.0143,0,0.0106,0.0142,0.9998,0,0.3476,27.4659,2.4654,1]},
{"frame":12,"values":[0.9999,-0.0075,-0.0087,0,0.0074,0.9999,-0.0135,0,0.0088,0.0134,0.9999,0,0.3476,27.4659,2.4654,1]},
{"frame":13,"values":[1,-0.0056,-0.0052,0,0.0055,0.9999,-0.0157,0,0.0053,0.0156,0.9999,0,0.3476,27.4659,2.4654,1]},
{"frame":14,"values":[1,-0.0033,-0.0016,0,0.0032,0.9998,-0.018,0,0.0017,0.018,0.9998,0,0.3476,27.4659,2.4654,1]},
{"frame":15,"values":[1,-0.0018,0.0012,0,0.0019,0.9998,-0.0193,0,-0.0011,0.0193,0.9998,0,0.3476,27.4659,2.4654,1]},
{"frame":16,"values":[1,-0.0025,0.003,0,0.0026,0.9998,-0.0214,0,-0.003,0.0214,0.9998,0,0.3476,27.4659,2.4654,1]},
{"frame":17,"values":[1,-0.0053,0.0042,0,0.0054,0.9996,-0.0263,0,-0.0041,0.0263,0.9996,0,0.3476,27.4659,2.4654,1]},
{"frame":18,"values":[1,-0.009,0.0043,0,0.0091,0.9994,-0.0327,0,-0.004,0.0327,0.9995,0,0.3476,27.4659,2.4654,1]},
{"frame":19,"values":[0.9999,-0.0125,0.0029,0,0.0126,0.9992,-0.0371,0,-0.0025,0.0371,0.9993,0,0.3476,27.4659,2.4654,1]},
{"frame":20,"values":[0.9999,-0.0146,0.0017,0,0.0146,0.9992,-0.0382,0,-0.0011,0.0383,0.9993,0,0.3476,27.4659,2.4654,1]},
{"frame":21,"values":[0.9999,-0.0136,0.0026,0,0.0137,0.9992,-0.0376,0,-0.0021,0.0376,0.9993,0,0.3476,27.4659,2.4654,1]},
{"frame":22,"values":[0.9999,-0.0096,0.0051,0,0.0097,0.9993,-0.0364,0,-0.0047,0.0364,0.9993,0,0.3476,27.4659,2.4654,1]},
{"frame":23,"values":[1,-0.004,0.0065,0,0.0042,0.9994,-0.0343,0,-0.0064,0.0343,0.9994,0,0.3476,27.4659,2.4654,1]},
{"frame":24,"values":[1,0.0008,0.0057,0,-0.0006,0.9995,-0.0313,0,-0.0057,0.0313,0.9995,0,0.3476,27.4659,2.4654,1]}],"loopBehavior":1,"name":"anim","property":"_matrix"}},
{"name":"mixamorig:Head","index":5,"matrix":[0.9953,0.0642,0.0729,0,-0.0541,0.9897,-0.1327,0,-0.0807,0.1281,0.9885,0,-0.2079,18.7004,4.0957,1],"rest":[1,0,0,0,0,1,0,0,0,0,1,0,-0.2079,18.7004,4.0957,1],"parentBoneIndex":4,"length":28.1562
,"animation":{"dataType":3,"framePerSecond":24,"keys":[
{"frame":1,"values":[0.9953,0.0642,0.0729,0,-0.0541,0.9897,-0.1327,0,-0.0807,0.1281,0.9885,0,-0.2079,18.7004,4.0957,1]},
{"frame":2,"values":[0.9977,0.0574,0.0358,0,-0.052,0.9893,-0.1367,0,-0.0432,0.1345,0.99,0,-0.2079,18.7004,4.0957,1]},
{"frame":3,"values":[0.9989,0.0462,-0.0053,0,-0.0464,0.9891,-0.1394,0,-0.0012,0.1395,0.9902,0,-0.2079,18.7004,4.0957,1]},
{"frame":4,"values":[0.9986,0.033,-0.0409,0,-0.0383,0.9899,-0.1366,0,0.036,0.138,0.9898,0,-0.2079,18.7004,4.0957,1]},
{"frame":5,"values":[0.9976,0.0249,-0.0646,0,-0.0332,0.9909,-0.1306,0,0.0608,0.1325,0.9893,0,-0.2079,18.7004,4.0957,1]},
{"frame":6,"values":[0.9966,0.0291,-0.0767,0,-0.0395,0.9898,-0.1371,0,0.0719,0.1397,0.9876,0,-0.2079,18.7004,4.0957,1]},
{"frame":7,"values":[0.9956,0.0436,-0.0828,0,-0.0568,0.9848,-0.1642,0,0.0743,0.1682,0.9829,0,-0.2079,18.7005,4.0957,1]},
{"frame":8,"values":[0.9948,0.0551,-0.0858,0,-0.0705,0.9794,-0.1892,0,0.0736,0.1942,0.9782,0,-0.2079,18.7004,4.0957,1]},
{"frame":9,"values":[0.9949,0.0529,-0.086,0,-0.0676,0.9818,-0.1777,0,0.0751,0.1826,0.9803,0,-0.2079,18.7004,4.0957,1]},
{"frame":10,"values":[0.9957,0.0446,-0.0814,0,-0.0549,0.9901,-0.1295,0,0.0748,0.1334,0.9882,0,-0.2079,18.7004,4.0957,1]},
{"frame":11,"values":[0.9969,0.0432,-0.0656,0,-0.0486,0.9954,-0.0825,0,0.0618,0.0855,0.9944,0,-0.2079,18.7004,4.0957,1]},
{"frame":12,"values":[0.9981,0.0493,-0.0369,0,-0.0516,0.9967,-0.063,0,0.0337,0.0648,0.9973,0,-0.2079,18.7005,4.0957,1]},
{"frame":13,"values":[0.9984,0.0568,-0.004,0,-0.0569,0.9962,-0.0665,0,0.0002,0.0666,0.9978,0,-0.2079,18.7004,4.0957,1]},
{"frame":14,"values":[0.9977,0.0642,0.0232,0,-0.0622,0.9948,-0.0806,0,-0.0283,0.0789,0.9965,0,-0.2079,18.7004,4.0957,1]},
{"frame":15,"values":[0.9965,0.0729,0.0412,0,-0.0686,0.9928,-0.0985,0,-0.0481,0.0954,0.9943,0,-0.2079,18.7004,4.0957,1]},
{"frame":16,"values":[0.9954,0.0804,0.053,0,-0.0736,0.9902,-0.1187,0,-0.062,0.1143,0.9915,0,-0.2079,18.7004,4.0957,1]},
{"frame":17,"values":[0.9949,0.0813,0.0597,0,-0.0717,0.9864,-0.1476,0,-0.0709,0.1425,0.9872,0,-0.2079,18.7004,4.0957,1]},
{"frame":18,"values":[0.9956,0.074,0.0573,0,-0.0619,0.9799,-0.1897,0,-0.0702,0.1853,0.9802,0,-0.2079,18.7004,4.0957,1]},
{"frame":19,"values":[0.997,0.0609,0.0473,0,-0.0483,0.9716,-0.2317,0,-0.0601,0.2288,0.9716,0,-0.2079,18.7004,4.0957,1]},
{"frame":20,"values":[0.9978,0.0487,0.044,0,-0.0361,0.967,-0.2522,0,-0.0548,0.2501,0.9667,0,-0.2079,18.7004,4.0957,1]},
{"frame":21,"values":[0.9973,0.0446,0.0585,0,-0.0292,0.9699,-0.2418,0,-0.0675,0.2394,0.9686,0,-0.2079,18.7004,4.0957,1]},
{"frame":22,"values":[0.9956,0.0486,0.08,0,-0.0308,0.9772,-0.2102,0,-0.0884,0.2069,0.9744,0,-0.2079,18.7004,4.0957,1]},
{"frame":23,"values":[0.9946,0.0568,0.0873,0,-0.0412,0.9845,-0.1704,0,-0.0956,0.1659,0.9815,0,-0.2079,18.7004,4.0957,1]},
{"frame":24,"values":[0.9953,0.0642,0.0729,0,-0.0541,0.9897,-0.1327,0,-0.0807,0.1281,0.9885,0,-0.2079,18.7004,4.0957,1]}],"loopBehavior":1,"name":"anim","property":"_matrix"}},
{"name":"mixamorig:HeadTop_End","index":6,"matrix":[1,0,0,0,0,1,0,0,0,0,1,0,0.0892,36.4747,10.0221,1],"rest":[1,0,0,0,0,1,0,0,0,0,1,0,0.0892,36.4747,10.0221,1],"parentBoneIndex":5,"length":28.1562
,"animation":{"dataType":3,"framePerSecond":24,"keys":[
{"frame":1,"values":[1,0,0,0,0,1,0,0,0,0,1,0,0.0892,36.4747,10.0221,1]},
{"frame":24,"values":[1,0,0,0,0,1,0,0,0,0,1,0,0.0892,36.4747,10.0221,1]}],"loopBehavior":1,"name":"anim","property":"_matrix"}},
{"name":"mixamorig:RightEye","index":7,"matrix":[1,0,0,0,0,1,0,0,0,0,1,0,-5.9256,14.7459,16.7647,1],"rest":[1,0,0,0,0,1,0,0,0,0,1,0,-5.9256,14.7458,16.7647,1],"parentBoneIndex":5,"length":28.1562
,"animation":{"dataType":3,"framePerSecond":24,"keys":[
{"frame":1,"values":[1,0,0,0,0,1,0,0,0,0,1,0,-5.9256,14.7459,16.7647,1]},
{"frame":2,"values":[1,0,0,0,0,1,0,0,0,0,1,0,-5.9256,14.7458,16.7647,1]},
{"frame":23,"values":[1,0,0,0,0,1,0,0,0,0,1,0,-5.9256,14.7457,16.7647,1]},
{"frame":24,"values":[1,0,0,0,0,1,0,0,0,0,1,0,-5.9256,14.7459,16.7647,1]}],"loopBehavior":1,"name":"anim","property":"_matrix"}},
{"name":"mixamorig:LeftEye","index":8,"matrix":[1,0,0,0,0,1,0,0,0,0,1,0,6.2739,14.9642,17.0569,1],"rest":[1,0,0,0,0,1,0,0,0,0,1,0,6.2739,14.9642,17.0569,1],"parentBoneIndex":5,"length":28.1562
,"animation":{"dataType":3,"framePerSecond":24,"keys":[
{"frame":1,"values":[1,0,0,0,0,1,0,0,0,0,1,0,6.2739,14.9642,17.0569,1]},
{"frame":8,"values":[1,0,0,0,0,1,0,0,0,0,1,0,6.2739,14.9643,17.0569,1]},
{"frame":9,"values":[1,0,0,0,0,1,0,0,0,0,1,0,6.2739,14.9642,17.0569,1]},
{"frame":12,"values":[1,0,0,0,0,1,0,0,0,0,1,0,6.2739,14.9643,17.0569,1]},
{"frame":13,"values":[1,0,0,0,0,1,0,0,0,0,1,0,6.2739,14.9642,17.0569,1]},
{"frame":23,"values":[1,0,0,0,0,1,0,0,0,0,1,0,6.2739,14.9641,17.0569,1]},
{"frame":24,"values":[1,0,0,0,0,1,0,0,0,0,1,0,6.2739,14.9642,17.0569,1]}],"loopBehavior":1,"name":"anim","property":"_matrix"}},
{"name":"mixamorig:LeftShoulder","index":9,"matrix":[0.9807,-0.194,0.026,0,0.1936,0.9809,0.0158,0,-0.0285,-0.0104,0.9995,0,10.423,17.1773,1.9211,1],"rest":[0.9999,-0.0165,0,0,0.0165,0.9999,0,0,0,0,1,0,10.423,17.1773,1.9211,1],"parentBoneIndex":3,"length":22.8504
,"animation":{"dataType":3,"framePerSecond":24,"keys":[
{"frame":1,"values":[0.9807,-0.194,0.026,0,0.1936,0.9809,0.0158,0,-0.0285,-0.0104,0.9995,0,10.423,17.1773,1.9211,1]},
{"frame":2,"values":[0.9817,-0.1884,0.0266,0,0.188,0.982,0.0156,0,-0.0291,-0.0103,0.9995,0,10.423,17.1773,1.9211,1]},
{"frame":3,"values":[0.9822,-0.1856,0.0289,0,0.1852,0.9826,0.0159,0,-0.0314,-0.0103,0.9995,0,10.423,17.1773,1.9211,1]},
{"frame":4,"values":[0.982,-0.1861,0.0319,0,0.1857,0.9825,0.0165,0,-0.0344,-0.0103,0.9994,0,10.423,17.1773,1.9211,1]},
{"frame":5,"values":[0.9814,-0.189,0.0328,0,0.1885,0.9819,0.0168,0,-0.0354,-0.0103,0.9993,0,10.423,17.1773,1.9211,1]},
{"frame":6,"values":[0.9809,-0.192,0.0319,0,0.1915,0.9813,0.0168,0,-0.0345,-0.0104,0.9994,0,10.423,17.1773,1.9211,1]},
{"frame":7,"values":[0.9807,-0.1924,0.0331,0,0.192,0.9813,0.017,0,-0.0357,-0.0104,0.9993,0,10.423,17.1773,1.9211,1]},
{"frame":8,"values":[0.9808,-0.1915,0.0367,0,0.191,0.9814,0.0177,0,-0.0394,-0.0103,0.9992,0,10.423,17.1773,1.9211,1]},
{"frame":9,"values":[0.9805,-0.1929,0.0366,0,0.1923,0.9812,0.0177,0,-0.0393,-0.0104,0.9992,0,10.423,17.1773,1.9211,1]},
{"frame":10,"values":[0.98,-0.1966,0.0307,0,0.1962,0.9804,0.0168,0,-0.0334,-0.0104,0.9994,0,10.423,17.1773,1.9211,1]},
{"frame":11,"values":[0.9797,-0.1987,0.0264,0,0.1983,0.98,0.016,0,-0.029,-0.0105,0.9995,0,10.423,17.1773,1.9211,1]},
{"frame":12,"values":[0.9799,-0.1972,0.0291,0,0.1968,0.9803,0.0165,0,-0.0318,-0.0104,0.9994,0,10.423,17.1773,1.9211,1]},
{"frame":13,"values":[0.9805,-0.1937,0.0335,0,0.1932,0.981,0.0172,0,-0.0362,-0.0104,0.9993,0,10.423,17.1773,1.9211,1]},
{"frame":14,"values":[0.9813,-0.1896,0.032,0,0.1892,0.9818,0.0167,0,-0.0345,-0.0103,0.9993,0,10.423,17.1773,1.9211,1]},
{"frame":15,"values":[0.982,-0.1873,0.0245,0,0.1869,0.9823,0.0152,0,-0.0269,-0.0103,0.9996,0,10.423,17.1773,1.9211,1]},
{"frame":16,"values":[0.9818,-0.189,0.0164,0,0.1888,0.9819,0.0137,0,-0.0187,-0.0104,0.9998,0,10.423,17.1773,1.9211,1]},
{"frame":17,"values":[0.9809,-0.1944,0.0108,0,0.1943,0.9809,0.0128,0,-0.0131,-0.0105,0.9999,0,10.423,17.1773,1.9211,1]},
{"frame":18,"values":[0.9797,-0.2005,0.0076,0,0.2004,0.9796,0.0124,0,-0.0099,-0.0107,0.9999,0,10.423,17.1773,1.9211,1]},
{"frame":19,"values":[0.9787,-0.2054,0.0079,0,0.2053,0.9786,0.0127,0,-0.0104,-0.0108,0.9999,0,10.423,17.1773,1.9211,1]},
{"frame":20,"values":[0.9781,-0.2078,0.0137,0,0.2076,0.9781,0.0139,0,-0.0163,-0.0107,0.9998,0,10.423,17.1773,1.9211,1]},
{"frame":21,"values":[0.9782,-0.2065,0.0228,0,0.2062,0.9784,0.0157,0,-0.0256,-0.0106,0.9996,0,10.423,17.1773,1.9211,1]},
{"frame":22,"values":[0.9788,-0.2027,0.0289,0,0.2022,0.9792,0.0167,0,-0.0317,-0.0105,0.9994,0,10.423,17.1773,1.9211,1]},
{"frame":23,"values":[0.9797,-0.1983,0.0289,0,0.1978,0.9801,0.0165,0,-0.0316,-0.0105,0.9994,0,10.423,17.1772,1.9211,1]},
{"frame":24,"values":[0.9807,-0.194,0.026,0,0.1936,0.9809,0.0158,0,-0.0285,-0.0104,0.9995,0,10.423,17.1773,1.9211,1]}],"loopBehavior":1,"name":"anim","property":"_matrix"}},
{"name":"mixamorig:LeftArm","index":10,"matrix":[0.3128,-0.9464,-0.0806,0,0.8853,0.2597,0.3856,0,-0.344,-0.192,0.9191,0,22.2129,0.6466,-5.321,1],"rest":[0.9991,0.0186,0.0369,0,-0.0186,0.9998,0.0001,0,-0.0369,-0.0008,0.9993,0,22.2129,0.6466,-5.321,1],"parentBoneIndex":9,"length":54.7531
,"animation":{"dataType":3,"framePerSecond":24,"keys":[
{"frame":1,"values":[0.3128,-0.9464,-0.0806,0,0.8853,0.2597,0.3856,0,-0.344,-0.192,0.9191,0,22.2129,0.6466,-5.321,1]},
{"frame":2,"values":[0.2933,-0.9395,-0.177,0,0.8966,0.206,0.392,0,-0.3318,-0.2736,0.9028,0,22.2129,0.6466,-5.321,1]},
{"frame":3,"values":[0.2668,-0.9305,-0.251,0,0.9049,0.1522,0.3976,0,-0.3317,-0.3332,0.8826,0,22.2129,0.6466,-5.321,1]},
{"frame":4,"values":[0.2487,-0.9277,-0.2784,0,0.9075,0.1227,0.4017,0,-0.3385,-0.3525,0.8724,0,22.2129,0.6466,-5.321,1]},
{"frame":5,"values":[0.2498,-0.9348,-0.2526,0,0.9035,0.1312,0.4081,0,-0.3483,-0.3301,0.8773,0,22.2129,0.6466,-5.321,1]},
{"frame":6,"values":[0.272,-0.9452,-0.1807,0,0.8899,0.1756,0.4209,0,-0.3661,-0.2753,0.8889,0,22.2129,0.6466,-5.321,1]},
{"frame":7,"values":[0.3073,-0.9477,-0.0863,0,0.866,0.2409,0.4382,0,-0.3945,-0.2094,0.8947,0,22.2129,0.6466,-5.321,1]},
{"frame":8,"values":[0.35,-0.9366,0.0168,0,0.8314,0.3188,0.455,0,-0.4315,-0.1453,0.8903,0,22.2129,0.6466,-5.321,1]},
{"frame":9,"values":[0.3903,-0.9128,0.1205,0,0.7896,0.3991,0.4661,0,-0.4735,-0.0868,0.8765,0,22.2129,0.6466,-5.321,1]},
{"frame":10,"values":[0.4206,-0.882,0.2124,0,0.747,0.4695,0.4707,0,-0.5149,-0.0393,0.8564,0,22.2129,0.6466,-5.321,1]},
{"frame":11,"values":[0.4408,-0.8509,0.2859,0,0.7083,0.5254,0.4715,0,-0.5514,-0.0053,0.8342,0,22.2129,0.6466,-5.321,1]},
{"frame":12,"values":[0.4524,-0.8234,0.3426,0,0.6754,0.5672,0.4713,0,-0.5824,0.0182,0.8127,0,22.2129,0.6466,-5.321,1]},
{"frame":13,"values":[0.4564,-0.8019,0.3856,0,0.6519,0.5963,0.4685,0,-0.6056,0.0375,0.7949,0,22.2129,0.6466,-5.321,1]},
{"frame":14,"values":[0.4555,-0.7895,0.4115,0,0.6443,0.6113,0.4596,0,-0.6143,0.0558,0.7871,0,22.2129,0.6466,-5.321,1]},
{"frame":15,"values":[0.4549,-0.7893,0.4125,0,0.6554,0.6103,0.445,0,-0.603,0.0679,0.7949,0,22.2129,0.6466,-5.321,1]},
{"frame":16,"values":[0.4555,-0.801,0.3885,0,0.6802,0.5947,0.4286,0,-0.5743,0.069,0.8157,0,22.2129,0.6466,-5.321,1]},
{"frame":17,"values":[0.4511,-0.8217,0.3482,0,0.7153,0.5662,0.4095,0,-0.5337,0.0644,0.8432,0,22.2129,0.6466,-5.321,1]},
{"frame":18,"values":[0.4356,-0.8487,0.2999,0,0.7607,0.5252,0.3814,0,-0.4812,0.062,0.8744,0,22.2129,0.6466,-5.321,1]},
{"frame":19,"values":[0.4105,-0.8782,0.2455,0,0.8092,0.4749,0.3459,0,-0.4203,0.0567,0.9056,0,22.2129,0.6466,-5.321,1]},
{"frame":20,"values":[0.3828,-0.9038,0.1914,0,0.8455,0.4262,0.3218,0,-0.3724,0.0386,0.9273,0,22.2129,0.6466,-5.321,1]},
{"frame":21,"values":[0.3578,-0.9225,0.1446,0,0.8616,0.3859,0.3298,0,-0.36,0.0066,0.9329,0,22.2129,0.6466,-5.321,1]},
{"frame":22,"values":[0.3383,-0.9361,0.0961,0,0.865,0.3496,0.3599,0,-0.3705,-0.0386,0.928,0,22.2129,0.6466,-5.321,1]},
{"frame":23,"values":[0.3269,-0.9448,0.0242,0,0.8695,0.3107,0.3839,0,-0.3702,-0.1045,0.923,0,22.2129,0.6466,-5.321,1]},
{"frame":24,"values":[0.3128,-0.9464,-0.0806,0,0.8853,0.2597,0.3856,0,-0.344,-0.192,0.9191,0,22.2129,0.6466,-5.321,1]}],"loopBehavior":1,"name":"anim","property":"_matrix"}},
{"name":"mixamorig:LeftForeArm","index":11,"matrix":[0.9915,-0.0273,-0.127,0,0.0272,0.9996,-0.0025,0,0.1271,-0.001,0.9919,0,54.7157,-0.1167,-2.0211,1],"rest":[0.9915,-0.0273,-0.127,0,0.0272,0.9996,-0.0025,0,0.1271,-0.001,0.9919,0,54.7157,-0.1167,-2.0211,1],"parentBoneIndex":10,"length":43.4745
,"animation":{"dataType":3,"framePerSecond":24,"keys":[
{"frame":1,"values":[0.9915,-0.0273,-0.127,0,0.0272,0.9996,-0.0025,0,0.1271,-0.001,0.9919,0,54.7157,-0.1167,-2.0211,1]},
{"frame":2,"values":[0.9918,-0.0273,-0.1247,0,0.0272,0.9996,-0.0024,0,0.1247,-0.001,0.9922,0,54.7157,-0.1167,-2.0211,1]},
{"frame":3,"values":[0.9923,-0.0273,-0.1204,0,0.0272,0.9996,-0.0023,0,0.1204,-0.001,0.9927,0,54.7157,-0.1167,-2.0211,1]},
{"frame":4,"values":[0.9922,-0.0273,-0.1218,0,0.0272,0.9996,-0.0023,0,0.1218,-0.001,0.9925,0,54.7157,-0.1167,-2.0211,1]},
{"frame":5,"values":[0.9917,-0.0273,-0.126,0,0.0272,0.9996,-0.0025,0,0.126,-0.001,0.992,0,54.7157,-0.1167,-2.0211,1]},
{"frame":6,"values":[0.9915,-0.0273,-0.127,0,0.0272,0.9996,-0.0025,0,0.1271,-0.001,0.9919,0,54.7157,-0.1167,-2.0211,1]},
{"frame":7,"values":[0.9916,-0.0273,-0.1266,0,0.0272,0.9996,-0.0025,0,0.1266,-0.001,0.9919,0,54.7157,-0.1167,-2.0211,1]},
{"frame":8,"values":[0.994,-0.0273,-0.1063,0,0.0273,0.9996,-0.002,0,0.1064,-0.001,0.9943,0,54.7157,-0.1167,-2.0211,1]},
{"frame":9,"values":[0.9977,-0.0273,-0.0625,0,0.0273,0.9996,-0.0008,0,0.0625,-0.0009,0.998,0,54.7157,-0.1167,-2.0211,1]},
{"frame":10,"values":[0.9996,-0.0273,-0.0069,0,0.0273,0.9996,0.0006,0,0.0069,-0.0007,1,0,54.7157,-0.1167,-2.0211,1]},
{"frame":11,"values":[0.9973,-0.0273,0.0676,0,0.0272,0.9996,0.0024,0,-0.0676,-0.0006,0.9977,0,54.7157,-0.1167,-2.0211,1]},
{"frame":12,"values":[0.9851,-0.0272,0.1698,0,0.0268,0.9996,0.005,0,-0.1699,-0.0004,0.9855,0,54.7157,-0.1167,-2.0211,1]},
{"frame":13,"values":[0.9573,-0.0272,0.2877,0,0.026,0.9996,0.0079,0,-0.2878,-0.0001,0.9577,0,54.7157,-0.1167,-2.0211,1]},
{"frame":14,"values":[0.9124,-0.027,0.4084,0,0.0247,0.9996,0.0109,0,-0.4086,0.0001,0.9127,0,54.7157,-0.1167,-2.0211,1]},
{"frame":15,"values":[0.8492,-0.0269,0.5273,0,0.023,0.9996,0.0139,0,-0.5275,0.0004,0.8496,0,54.7157,-0.1167,-2.0211,1]},
{"frame":16,"values":[0.775,-0.0267,0.6314,0,0.0211,0.9996,0.0164,0,-0.6316,0.0006,0.7753,0,54.7157,-0.1167,-2.0211,1]},
{"frame":17,"values":[0.7187,-0.0266,0.6948,0,0.0196,0.9996,0.018,0,-0.695,0.0007,0.719,0,54.7157,-0.1167,-2.0211,1]},
{"frame":18,"values":[0.7146,-0.0266,0.699,0,0.0195,0.9996,0.0181,0,-0.6992,0.0007,0.7149,0,54.7157,-0.1167,-2.0211,1]},
{"frame":19,"values":[0.7723,-0.0267,0.6346,0,0.021,0.9996,0.0165,0,-0.6349,0.0006,0.7726,0,54.7157,-0.1167,-2.0211,1]},
{"frame":20,"values":[0.8635,-0.0269,0.5037,0,0.0234,0.9996,0.0133,0,-0.5039,0.0003,0.8638,0,54.7157,-0.1167,-2.0211,1]},
{"frame":21,"values":[0.9515,-0.0271,0.3064,0,0.0258,0.9996,0.0084,0,-0.3065,-0.0001,0.9519,0,54.7157,-0.1167,-2.0211,1]},
{"frame":22,"values":[0.9965,-0.0273,0.0787,0,0.0272,0.9996,0.0027,0,-0.0787,-0.0006,0.9969,0,54.7157,-0.1167,-2.0211,1]},
{"frame":23,"values":[0.996,-0.0273,-0.085,0,0.0273,0.9996,-0.0014,0,0.085,-0.0009,0.9964,0,54.7157,-0.1167,-2.0211,1]},
{"frame":24,"values":[0.9915,-0.0273,-0.127,0,0.0272,0.9996,-0.0025,0,0.1271,-0.001,0.9919,0,54.7157,-0.1167,-2.0211,1]}],"loopBehavior":1,"name":"anim","property":"_matrix"}},
{"name":"mixamorig:LeftHand","index":12,"matrix":[0.9704,0.1971,0.1396,0,-0.1198,0.8947,-0.4303,0,-0.2097,0.4009,0.8918,0,43.2828,1.0945,3.9284,1],"rest":[0.9981,0.059,-0.0182,0,-0.059,0.9983,0.0015,0,0.0182,-0.0004,0.9998,0,43.2828,1.0945,3.9284,1],"parentBoneIndex":11,"length":20.0513
,"animation":{"dataType":3,"framePerSecond":24,"keys":[
{"frame":1,"values":[0.9704,0.1971,0.1396,0,-0.1198,0.8947,-0.4303,0,-0.2097,0.4009,0.8918,0,43.2828,1.0945,3.9284,1]},
{"frame":2,"values":[0.9594,0.2234,0.172,0,-0.1324,0.8957,-0.4244,0,-0.2489,0.3844,0.889,0,43.2828,1.0945,3.9284,1]},
{"frame":3,"values":[0.9507,0.2361,0.2011,0,-0.1258,0.8862,-0.4459,0,-0.2835,0.3987,0.8722,0,43.2828,1.0945,3.9284,1]},
{"frame":4,"values":[0.9574,0.2022,0.2062,0,-0.0851,0.8798,-0.4677,0,-0.2759,0.4302,0.8595,0,43.2828,1.0945,3.9284,1]},
{"frame":5,"values":[0.9715,0.1506,0.1829,0,-0.0436,0.8725,-0.4867,0,-0.2329,0.4649,0.8542,0,43.2828,1.0945,3.9284,1]},
{"frame":6,"values":[0.977,0.1422,0.1591,0,-0.0381,0.8499,-0.5256,0,-0.2099,0.5074,0.8357,0,43.2828,1.0945,3.9284,1]},
{"frame":7,"values":[0.968,0.1905,0.1633,0,-0.0615,0.8112,-0.5816,0,-0.2433,0.5529,0.7969,0,43.2828,1.0945,3.9284,1]},
{"frame":8,"values":[0.9495,0.2559,0.1813,0,-0.0913,0.7785,-0.621,0,-0.3001,0.5731,0.7626,0,43.2828,1.0945,3.9284,1]},
{"frame":9,"values":[0.9343,0.3007,0.1916,0,-0.1217,0.7741,-0.6213,0,-0.3351,0.5571,0.7598,0,43.2828,1.0945,3.9284,1]},
{"frame":10,"values":[0.9233,0.3288,0.1985,0,-0.1569,0.7946,-0.5865,0,-0.3505,0.5104,0.7853,0,43.2828,1.0945,3.9284,1]},
{"frame":11,"values":[0.908,0.3663,0.2032,0,-0.2058,0.8128,-0.545,0,-0.3648,0.4531,0.8134,0,43.2828,1.0945,3.9284,1]},
{"frame":12,"values":[0.8842,0.4196,0.2054,0,-0.2606,0.8078,-0.5287,0,-0.3878,0.414,0.8236,0,43.2828,1.0945,3.9284,1]},
{"frame":13,"values":[0.856,0.4704,0.2145,0,-0.2954,0.7854,-0.5439,0,-0.4243,0.4023,0.8113,0,43.2828,1.0945,3.9284,1]},
{"frame":14,"values":[0.8304,0.5062,0.2328,0,-0.3074,0.7647,-0.5664,0,-0.4648,0.3988,0.7906,0,43.2828,1.0945,3.9284,1]},
{"frame":15,"values":[0.8083,0.5326,0.2511,0,-0.3201,0.7554,-0.5718,0,-0.4942,0.3818,0.7811,0,43.2828,1.0945,3.9284,1]},
{"frame":16,"values":[0.789,0.5544,0.2646,0,-0.3414,0.7538,-0.5615,0,-0.5107,0.3527,0.7841,0,43.2828,1.0945,3.9284,1]},
{"frame":17,"values":[0.7765,0.5652,0.2786,0,-0.3519,0.7557,-0.5523,0,-0.5227,0.3308,0.7857,0,43.2828,1.0945,3.9284,1]},
{"frame":18,"values":[0.7748,0.5583,0.2967,0,-0.3392,0.7631,-0.5501,0,-0.5336,0.3256,0.7806,0,43.2828,1.0945,3.9284,1]},
{"frame":19,"values":[0.7843,0.5389,0.3073,0,-0.3174,0.7742,-0.5477,0,-0.5331,0.332,0.7782,0,43.2828,1.0945,3.9284,1]},
{"frame":20,"values":[0.8031,0.5169,0.2964,0,-0.3018,0.7818,-0.5456,0,-0.5137,0.3488,0.7839,0,43.2828,1.0945,3.9284,1]},
{"frame":21,"values":[0.8354,0.4784,0.2707,0,-0.2745,0.7898,-0.5486,0,-0.4762,0.384,0.7911,0,43.2828,1.0945,3.9284,1]},
{"frame":22,"values":[0.8824,0.4005,0.247,0,-0.2169,0.812,-0.5419,0,-0.4176,0.4246,0.8033,0,43.2828,1.0945,3.9284,1]},
{"frame":23,"values":[0.9328,0.2924,0.2106,0,-0.1534,0.851,-0.5022,0,-0.326,0.4361,0.8387,0,43.2828,1.0945,3.9284,1]},
{"frame":24,"values":[0.9704,0.1971,0.1396,0,-0.1198,0.8947,-0.4303,0,-0.2097,0.4009,0.8918,0,43.2828,1.0945,3.9284,1]}],"loopBehavior":1,"name":"anim","property":"_matrix"}},
{"name":"mixamorig:LeftHandMiddle1","index":13,"matrix":[0.8597,-0.5006,-0.1019,0,0.5034,0.864,0.0026,0,0.0868,-0.0535,0.9948,0,22.6036,-0.7608,2.4682,1],"rest":[0.9965,-0.0799,0.0234,0,0.0797,0.9968,0.0089,0,-0.0241,-0.007,0.9997,0,22.6036,-0.7608,2.4682,1],"parentBoneIndex":12,"length":5.5212
,"animation":{"dataType":3,"framePerSecond":24,"keys":[
{"frame":1,"values":[0.8597,-0.5006,-0.1019,0,0.5034,0.864,0.0026,0,0.0868,-0.0535,0.9948,0,22.6036,-0.7608,2.4682,1]},
{"frame":24,"values":[0.8597,-0.5006,-0.1019,0,0.5034,0.864,0.0026,0,0.0868,-0.0535,0.9948,0,22.6036,-0.7608,2.4682,1]}],"loopBehavior":1,"name":"anim","property":"_matrix"}},
{"name":"mixamorig:LeftHandMiddle2","index":14,"matrix":[0.971,-0.2391,-0.0008,0,0.2391,0.9709,0.0113,0,-0.0019,-0.0112,0.9999,0,5.4952,0.2585,0.468,1],"rest":[0.9882,0.1448,0.0507,0,-0.1443,0.9894,-0.0136,0,-0.0522,0.0062,0.9986,0,5.4952,0.2584,0.468,1],"parentBoneIndex":13,"length":6.8353
,"animation":{"dataType":3,"framePerSecond":24,"keys":[
{"frame":1,"values":[0.971,-0.2391,-0.0008,0,0.2391,0.9709,0.0113,0,-0.0019,-0.0112,0.9999,0,5.4952,0.2585,0.468,1]},
{"frame":24,"values":[0.971,-0.2391,-0.0008,0,0.2391,0.9709,0.0113,0,-0.0019,-0.0112,0.9999,0,5.4952,0.2585,0.468,1]}],"loopBehavior":1,"name":"anim","property":"_matrix"}},
{"name":"mixamorig:LeftHandMiddle3","index":15,"matrix":[0.9985,-0.038,-0.0387,0,0.0382,0.9993,0.0034,0,0.0386,-0.0049,0.9992,0,6.7983,-0.6731,0.2257,1],"rest":[0.9952,-0.0903,-0.039,0,0.0906,0.9959,0.0051,0,0.0384,-0.0086,0.9992,0,6.7983,-0.6731,0.2257,1],"parentBoneIndex":14,"length":4.6827
,"animation":{"dataType":3,"framePerSecond":24,"keys":[
{"frame":1,"values":[0.9985,-0.038,-0.0387,0,0.0382,0.9993,0.0034,0,0.0386,-0.0049,0.9992,0,6.7983,-0.6731,0.2257,1]},
{"frame":24,"values":[0.9985,-0.038,-0.0387,0,0.0382,0.9993,0.0034,0,0.0386,-0.0049,0.9992,0,6.7983,-0.6731,0.2257,1]}],"loopBehavior":1,"name":"anim","property":"_matrix"}},
{"name":"mixamorig:LeftHandMiddle4","index":16,"matrix":[1,0,0,0,0,1,0,0,0,0,1,0,4.6704,-0.0367,0.3373,1],"rest":[1,0,0,0,0,1,0,0,0,0,1,0,4.6704,-0.0367,0.3373,1],"parentBoneIndex":15,"length":4.6827
,"animation":{"dataType":3,"framePerSecond":24,"keys":[
{"frame":1,"values":[1,0,0,0,0,1,0,0,0,0,1,0,4.6704,-0.0367,0.3373,1]},
{"frame":24,"values":[1,0,0,0,0,1,0,0,0,0,1,0,4.6704,-0.0367,0.3373,1]}],"loopBehavior":1,"name":"anim","property":"_matrix"}},
{"name":"mixamorig:LeftHandThumb1","index":17,"matrix":[0.9911,0.1316,0.022,0,-0.1331,0.9858,0.1019,0,-0.0083,-0.1039,0.9945,0,8.4229,-3.2804,6.2338,1],"rest":[0.999,-0.0447,0.0063,0,0.0445,0.9986,0.029,0,-0.0076,-0.0286,0.9996,0,8.4229,-3.2804,6.2338,1],"parentBoneIndex":12,"length":8.0158
,"animation":{"dataType":3,"framePerSecond":24,"keys":[
{"frame":1,"values":[0.9911,0.1316,0.022,0,-0.1331,0.9858,0.1019,0,-0.0083,-0.1039,0.9945,0,8.4229,-3.2804,6.2338,1]},
{"frame":24,"values":[0.9911,0.1316,0.022,0,-0.1331,0.9858,0.1019,0,-0.0083,-0.1039,0.9945,0,8.4229,-3.2804,6.2338,1]}],"loopBehavior":1,"name":"anim","property":"_matrix"}},
{"name":"mixamorig:LeftHandThumb2","index":18,"matrix":[0.8896,0.1326,-0.4371,0,-0.12,0.9912,0.0565,0,0.4407,0.0022,0.8976,0,5.8483,-3.3908,4.3073,1],"rest":[0.9985,0.0533,0.0142,0,-0.0526,0.9974,-0.0484,0,-0.0168,0.0476,0.9987,0,5.8483,-3.3909,4.3073,1],"parentBoneIndex":17,"length":7.9573
,"animation":{"dataType":3,"framePerSecond":24,"keys":[
{"frame":1,"values":[0.8896,0.1326,-0.4371,0,-0.12,0.9912,0.0565,0,0.4407,0.0022,0.8976,0,5.8483,-3.3908,4.3073,1]},
{"frame":24,"values":[0.8896,0.1326,-0.4371,0,-0.12,0.9912,0.0565,0,0.4407,0.0022,0.8976,0,5.8483,-3.3908,4.3073,1]}],"loopBehavior":1,"name":"anim","property":"_matrix"}},
{"name":"mixamorig:LeftHandThumb3","index":19,"matrix":[0.9605,-0.0426,-0.2752,0,0.0762,0.9907,0.1125,0,0.2678,-0.129,0.9548,0,5.678,-3.8698,4.013,1],"rest":[0.9966,-0.0819,-0.007,0,0.0822,0.9948,0.0609,0,0.002,-0.0613,0.9981,0,5.678,-3.8698,4.013,1],"parentBoneIndex":18,"length":4.4876
,"animation":{"dataType":3,"framePerSecond":24,"keys":[
{"frame":1,"values":[0.9605,-0.0426,-0.2752,0,0.0762,0.9907,0.1125,0,0.2678,-0.129,0.9548,0,5.678,-3.8698,4.013,1]},
{"frame":24,"values":[0.9605,-0.0426,-0.2752,0,0.0762,0.9907,0.1125,0,0.2678,-0.129,0.9548,0,5.678,-3.8698,4.013,1]}],"loopBehavior":1,"name":"anim","property":"_matrix"}},
{"name":"mixamorig:LeftHandThumb4","index":20,"matrix":[1,0,0,0,0,1,0,0,0,0,1,0,3.3542,-1.7698,2.3991,1],"rest":[1,0,0,0,0,1,0,0,0,0,1,0,3.3542,-1.7698,2.3991,1],"parentBoneIndex":19,"length":4.4876
,"animation":{"dataType":3,"framePerSecond":24,"keys":[
{"frame":1,"values":[1,0,0,0,0,1,0,0,0,0,1,0,3.3542,-1.7698,2.3991,1]},
