{"producer":{"name":"Blender","version":"2.79 (sub 0)","exporter_version":"5.6.4","file":"maleturnright.babylon"},
"autoClear":true,"clearColor":[0.0509,0.0509,0.0509],"ambientColor":[0,0,0],"gravity":[0,-9.81,0],
"materials":[],
"multiMaterials":[],
"skeletons":[{"name":"Armature","id":0,"dimensionsAtRest":[194.6188,193.2823,30.9004],"bones":[
{"name":"mixamorig:Hips","index":0,"matrix":[0.9924,-0.0551,0.1098,0,0.0475,0.9963,0.0709,0,0.1133,0.0652,-0.9914,0,0.2305,98.9964,0.177,1],"rest":[1,0,0,0,0,1,0,0,0,0,-1,0,0,99.6721,-0.2471,1],"parentBoneIndex":-1,"length":10.8627
,"animation":{"dataType":3,"framePerSecond":30,"keys":[
{"frame":1,"values":[0.9924,-0.0551,0.1098,0,0.0475,0.9963,0.0709,0,0.1133,0.0652,-0.9914,0,0.2305,98.9964,0.177,1]},
{"frame":2,"values":[0.9924,-0.0551,0.1098,0,0.0475,0.9963,0.0709,0,0.1133,0.0652,-0.9914,0,0.4144,98.8273,0.7477,1]},
{"frame":3,"values":[0.9924,-0.0551,0.1098,0,0.0475,0.9963,0.0709,0,0.1133,0.0652,-0.9914,0,0.7596,98.6149,1.2404,1]},
{"frame":4,"values":[0.9924,-0.0551,0.1098,0,0.0475,0.9963,0.0709,0,0.1133,0.0652,-0.9914,0,1.2869,98.5814,1.8367,1]},
{"frame":5,"values":[0.9924,-0.0551,0.1098,0,0.0475,0.9963,0.0709,0,0.1133,0.0652,-0.9914,0,1.9836,98.7433,2.494,1]},
{"frame":6,"values":[0.9924,-0.0551,0.1098,0,0.0475,0.9963,0.0709,0,0.1133,0.0652,-0.9914,0,2.7497,98.8797,3.152,1]},
{"frame":7,"values":[0.9924,-0.0551,0.1098,0,0.0475,0.9963,0.0709,0,0.1133,0.0652,-0.9914,0,3.4662,98.8425,3.7823,1]},
{"frame":8,"values":[0.9924,-0.0551,0.1098,0,0.0475,0.9963,0.0709,0,0.1133,0.0652,-0.9914,0,4.1077,98.7015,4.3987,1]},
{"frame":9,"values":[0.9924,-0.0551,0.1098,0,0.0475,0.9963,0.0709,0,0.1133,0.0652,-0.9914,0,4.6678,98.5247,5.0098,1]},
{"frame":10,"values":[0.9924,-0.0551,0.1098,0,0.0475,0.9963,0.0709,0,0.1133,0.0652,-0.9914,0,5.1089,98.3644,5.595,1]},
{"frame":11,"values":[0.9924,-0.0551,0.1098,0,0.0475,0.9963,0.0709,0,0.1133,0.0652,-0.9914,0,5.3665,98.3042,6.1436,1]},
{"frame":12,"values":[0.9924,-0.0551,0.1098,0,0.0475,0.9963,0.0709,0,0.1133,0.0652,-0.9914,0,5.3532,98.3324,6.6788,1]},
{"frame":13,"values":[0.9924,-0.0551,0.1098,0,0.0475,0.9963,0.0709,0,0.1133,0.0652,-0.9914,0,5.1585,98.3793,7.2156,1]},
{"frame":14,"values":[0.9924,-0.0551,0.1098,0,0.0475,0.9963,0.0709,0,0.1133,0.0652,-0.9914,0,5.0426,98.2667,7.6892,1]},
{"frame":15,"values":[0.9924,-0.0551,0.1098,0,0.0475,0.9963,0.0709,0,0.1133,0.0652,-0.9914,0,5.0506,98.0595,8.0563,1]},
{"frame":16,"values":[0.9924,-0.0551,0.1098,0,0.0475,0.9963,0.0709,0,0.1133,0.0652,-0.9914,0,5.0796,97.9725,8.3054,1]},
{"frame":17,"values":[0.9924,-0.0551,0.1098,0,0.0475,0.9963,0.0709,0,0.1133,0.0652,-0.9914,0,5.1304,98.1123,8.3775,1]},
{"frame":18,"values":[0.9924,-0.0551,0.1098,0,0.0475,0.9963,0.0709,0,0.1133,0.0652,-0.9914,0,5.1825,98.3312,8.2193,1]},
{"frame":19,"values":[0.9924,-0.0551,0.1098,0,0.0475,0.9963,0.0709,0,0.1133,0.0652,-0.9914,0,5.1264,98.5647,7.8819,1]},
{"frame":20,"values":[0.9924,-0.0551,0.1098,0,0.0475,0.9963,0.0709,0,0.1133,0.0652,-0.9914,0,4.9645,98.8307,7.403,1]},
{"frame":21,"values":[0.9924,-0.0551,0.1098,0,0.0475,0.9963,0.0709,0,0.1133,0.0652,-0.9914,0,4.7063,99.0105,6.7644,1]},
{"frame":22,"values":[0.9924,-0.0551,0.1098,0,0.0475,0.9963,0.0709,0,0.1133,0.0652,-0.9914,0,4.2973,99.054,5.9652,1]},
{"frame":23,"values":[0.9924,-0.0551,0.1098,0,0.0475,0.9963,0.0709,0,0.1133,0.0652,-0.9914,0,3.6946,98.9286,5.0137,1]},
{"frame":24,"values":[0.9924,-0.0551,0.1098,0,0.0475,0.9963,0.0709,0,0.1133,0.0652,-0.9914,0,2.9358,98.6166,3.9445,1]},
{"frame":25,"values":[0.9924,-0.0551,0.1098,0,0.0475,0.9963,0.0709,0,0.1133,0.0652,-0.9914,0,2.1701,98.4462,2.9168,1]},
{"frame":26,"values":[0.9924,-0.0551,0.1098,0,0.0475,0.9963,0.0709,0,0.1133,0.0652,-0.9914,0,1.4805,98.5239,1.9861,1]},
{"frame":27,"values":[0.9924,-0.0551,0.1098,0,0.0475,0.9963,0.0709,0,0.1133,0.0652,-0.9914,0,0.8805,98.7449,1.0785,1]},
{"frame":28,"values":[0.9924,-0.0551,0.1098,0,0.0475,0.9963,0.0709,0,0.1133,0.0652,-0.9914,0,0.3281,98.9379,0.1784,1]},
{"frame":29,"values":[0.9924,-0.0551,0.1098,0,0.0475,0.9963,0.0709,0,0.1133,0.0652,-0.9914,0,-0.0062,98.9881,-0.7683,1]}],"loopBehavior":1,"name":"anim","property":"_matrix"}},
{"name":"mixamorig:Spine","index":1,"matrix":[0.9987,0.0448,-0.0242,0,-0.0433,0.9973,0.0587,0,0.0268,-0.0576,0.998,0,0,9.9235,-1.2273,1],"rest":[1,0,0,0,0,1,0,0,0,0,1,0,0,9.9235,-1.2273,1],"parentBoneIndex":0,"length":11.732
,"animation":{"dataType":3,"framePerSecond":30,"keys":[
{"frame":1,"values":[0.9987,0.0448,-0.0242,0,-0.0433,0.9973,0.0587,0,0.0268,-0.0576,0.998,0,0,9.9235,-1.2273,1]},
{"frame":2,"values":[0.999,0.0403,-0.0205,0,-0.039,0.9974,0.0606,0,0.0229,-0.0597,0.998,0,0,9.9235,-1.2273,1]},
{"frame":3,"values":[0.9992,0.035,-0.0176,0,-0.0339,0.9975,0.0626,0,0.0197,-0.062,0.9979,0,0,9.9235,-1.2273,1]},
{"frame":4,"values":[0.9993,0.0352,-0.0146,0,-0.0342,0.9973,0.0648,0,0.0168,-0.0642,0.9978,0,0,9.9235,-1.2273,1]},
{"frame":5,"values":[0.9991,0.042,-0.0111,0,-0.0412,0.9969,0.0664,0,0.0138,-0.0659,0.9977,0,0,9.9235,-1.2273,1]},
{"frame":6,"values":[0.9987,0.051,-0.007,0,-0.0504,0.9965,0.0669,0,0.0104,-0.0664,0.9977,0,0,9.9235,-1.2273,1]},
{"frame":7,"values":[0.9985,0.0553,-0.0023,0,-0.0551,0.9963,0.0654,0,0.0059,-0.0652,0.9979,0,0,9.9235,-1.2273,1]},
{"frame":8,"values":[0.9985,0.0555,0.0016,0,-0.0555,0.9965,0.0623,0,0.0019,-0.0623,0.9981,0,0,9.9235,-1.2273,1]},
{"frame":9,"values":[0.9985,0.055,0.0029,0,-0.055,0.9968,0.0587,0,0.0003,-0.0587,0.9983,0,0,9.9235,-1.2273,1]},
{"frame":10,"values":[0.9985,0.0543,0.0037,0,-0.0544,0.997,0.0558,0,-0.0007,-0.0559,0.9984,0,0,9.9235,-1.2273,1]},
{"frame":11,"values":[0.9985,0.055,0.0068,0,-0.0552,0.997,0.0534,0,-0.0039,-0.0537,0.9986,0,0,9.9235,-1.2273,1]},
{"frame":12,"values":[0.9984,0.0558,0.012,0,-0.0564,0.9971,0.0502,0,-0.0091,-0.0508,0.9987,0,0,9.9235,-1.2273,1]},
{"frame":13,"values":[0.9984,0.055,0.0155,0,-0.0557,0.9973,0.0473,0,-0.0129,-0.048,0.9988,0,0,9.9235,-1.2273,1]},
{"frame":14,"values":[0.9982,0.0581,0.0144,0,-0.0587,0.9972,0.0464,0,-0.0116,-0.0471,0.9988,0,0,9.9235,-1.2273,1]},
{"frame":15,"values":[0.9982,0.0593,0.0095,0,-0.0596,0.9971,0.048,0,-0.0066,-0.0485,0.9988,0,0,9.9235,-1.2273,1]},
{"frame":16,"values":[0.9985,0.0553,0.0031,0,-0.0554,0.9972,0.0507,0,-0.0003,-0.0508,0.9987,0,0,9.9235,-1.2273,1]},
{"frame":17,"values":[0.9988,0.0485,-0.0039,0,-0.0483,0.9975,0.0523,0,0.0064,-0.052,0.9986,0,0,9.9235,-1.2273,1]},
{"frame":18,"values":[0.9988,0.0472,-0.0089,0,-0.0466,0.9975,0.0538,0,0.0114,-0.0534,0.9985,0,0,9.9235,-1.2273,1]},
{"frame":19,"values":[0.9987,0.0501,-0.0106,0,-0.0494,0.9972,0.057,0,0.0134,-0.0564,0.9983,0,0,9.9235,-1.2273,1]},
{"frame":20,"values":[0.9986,0.0519,-0.0128,0,-0.051,0.9969,0.0599,0,0.0159,-0.0592,0.9981,0,0,9.9235,-1.2273,1]},
{"frame":21,"values":[0.9983,0.0548,-0.0186,0,-0.0536,0.9966,0.0623,0,0.0219,-0.0612,0.9979,0,0,9.9235,-1.2273,1]},
{"frame":22,"values":[0.9978,0.0612,-0.026,0,-0.0594,0.9961,0.065,0,0.0299,-0.0633,0.9975,0,0,9.9235,-1.2273,1]},
{"frame":23,"values":[0.997,0.0706,-0.0326,0,-0.0683,0.9954,0.0671,0,0.0372,-0.0646,0.9972,0,0,9.9235,-1.2273,1]},
{"frame":24,"values":[0.9957,0.0837,-0.0391,0,-0.0809,0.9944,0.0672,0,0.0445,-0.0638,0.997,0,0,9.9235,-1.2273,1]},
{"frame":25,"values":[0.995,0.0888,-0.0464,0,-0.0857,0.9941,0.066,0,0.052,-0.0617,0.9967,0,0,9.9235,-1.2273,1]},
{"frame":26,"values":[0.9952,0.0832,-0.0509,0,-0.0798,0.9947,0.0651,0,0.056,-0.0607,0.9966,0,0,9.9235,-1.2273,1]},
{"frame":27,"values":[0.9963,0.0719,-0.0474,0,-0.0687,0.9955,0.0645,0,0.0518,-0.061,0.9968,0,0,9.9235,-1.2273,1]},
{"frame":28,"values":[0.9976,0.0586,-0.0363,0,-0.0562,0.9965,0.0625,0,0.0398,-0.0603,0.9974,0,0,9.9235,-1.2273,1]},
{"frame":29,"values":[0.9987,0.0448,-0.0242,0,-0.0433,0.9973,0.0587,0,0.0268,-0.0576,0.998,0,0,9.9235,-1.2273,1]}],"loopBehavior":1,"name":"anim","property":"_matrix"}},
{"name":"mixamorig:Spine1","index":2,"matrix":[0.9996,0.0272,-0.0054,0,-0.0271,0.9994,0.0203,0,0.0059,-0.0201,0.9998,0,-0.0001,11.6454,-1.4223,1],"rest":[1,0,0,0,0,1,0,0,0,0,1,0,-0.0001,11.6454,-1.4223,1],"parentBoneIndex":1,"length":13.4588
,"animation":{"dataType":3,"framePerSecond":30,"keys":[
{"frame":1,"values":[0.9996,0.0272,-0.0054,0,-0.0271,0.9994,0.0203,0,0.0059,-0.0201,0.9998,0,-0.0001,11.6454,-1.4223,1]},
{"frame":2,"values":[0.9996,0.0271,-0.0026,0,-0.0271,0.9994,0.0219,0,0.0032,-0.0218,0.9998,0,-0.0001,11.6454,-1.4223,1]},
{"frame":3,"values":[0.9997,0.025,-0.0006,0,-0.025,0.9994,0.0236,0,0.0012,-0.0235,0.9997,0,-0.0001,11.6454,-1.4223,1]},
{"frame":4,"values":[0.9998,0.0214,0.0018,0,-0.0214,0.9994,0.0254,0,-0.0013,-0.0254,0.9997,0,-0.0001,11.6454,-1.4223,1]},
{"frame":5,"values":[0.9998,0.0172,0.0052,0,-0.0173,0.9995,0.0271,0,-0.0047,-0.0272,0.9996,0,-0.0001,11.6454,-1.4223,1]},
{"frame":6,"values":[0.9999,0.0125,0.0091,0,-0.0128,0.9995,0.0278,0,-0.0087,-0.0279,0.9996,0,-0.0001,11.6454,-1.4223,1]},
{"frame":7,"values":[0.9999,0.0069,0.0132,0,-0.0073,0.9996,0.0269,0,-0.0131,-0.027,0.9996,0,-0.0001,11.6454,-1.4223,1]},
{"frame":8,"values":[0.9999,0.0003,0.0168,0,-0.0007,0.9997,0.0244,0,-0.0168,-0.0244,0.9996,0,-0.0001,11.6454,-1.4223,1]},
{"frame":9,"values":[0.9998,-0.0068,0.0184,0,0.0064,0.9997,0.0215,0,-0.0185,-0.0214,0.9996,0,-0.0001,11.6454,-1.4223,1]},
{"frame":10,"values":[0.9997,-0.0137,0.0197,0,0.0134,0.9997,0.019,0,-0.02,-0.0187,0.9996,0,-0.0001,11.6454,-1.4223,1]},
{"frame":11,"values":[0.9995,-0.0206,0.0229,0,0.0203,0.9997,0.017,0,-0.0232,-0.0165,0.9996,0,-0.0001,11.6454,-1.4223,1]},
{"frame":12,"values":[0.9992,-0.0276,0.0276,0,0.0272,0.9995,0.0145,0,-0.028,-0.0137,0.9995,0,-0.0001,11.6454,-1.4223,1]},
{"frame":13,"values":[0.999,-0.0329,0.0311,0,0.0325,0.9994,0.0121,0,-0.0315,-0.0111,0.9994,0,-0.0001,11.6454,-1.4223,1]},
{"frame":14,"values":[0.9989,-0.0359,0.0306,0,0.0356,0.9993,0.0112,0,-0.0309,-0.0101,0.9995,0,-0.0001,11.6454,-1.4223,1]},
{"frame":15,"values":[0.9988,-0.0399,0.0269,0,0.0396,0.9991,0.0124,0,-0.0273,-0.0113,0.9996,0,-0.0001,11.6454,-1.4223,1]},
{"frame":16,"values":[0.9987,-0.0452,0.0221,0,0.0449,0.9989,0.0145,0,-0.0227,-0.0134,0.9997,0,-0.0001,11.6454,-1.4223,1]},
{"frame":17,"values":[0.9986,-0.0492,0.0167,0,0.049,0.9987,0.0155,0,-0.0174,-0.0147,0.9997,0,-0.0001,11.6454,-1.4223,1]},
{"frame":18,"values":[0.9987,-0.0493,0.0125,0,0.0491,0.9987,0.0166,0,-0.0133,-0.016,0.9998,0,-0.0001,11.6455,-1.4223,1]},
{"frame":19,"values":[0.9989,-0.0467,0.0107,0,0.0465,0.9987,0.019,0,-0.0116,-0.0185,0.9998,0,-0.0001,11.6454,-1.4223,1]},
{"frame":20,"values":[0.999,-0.0431,0.0085,0,0.0429,0.9989,0.0212,0,-0.0094,-0.0208,0.9997,0,-0.0001,11.6454,-1.4223,1]},
{"frame":21,"values":[0.9993,-0.0373,0.0035,0,0.0372,0.999,0.0229,0,-0.0043,-0.0227,0.9997,0,-0.0001,11.6454,-1.4223,1]},
{"frame":22,"values":[0.9996,-0.0281,-0.0028,0,0.0281,0.9993,0.0246,0,0.0021,-0.0247,0.9997,0,-0.0001,11.6455,-1.4223,1]},
{"frame":23,"values":[0.9998,-0.0171,-0.0083,0,0.0173,0.9995,0.0259,0,0.0079,-0.026,0.9996,0,-0.0001,11.6454,-1.4223,1]},
{"frame":24,"values":[0.9999,-0.0052,-0.0135,0,0.0056,0.9997,0.0256,0,0.0134,-0.0257,0.9996,0,-0.0001,11.6454,-1.4223,1]},
{"frame":25,"values":[0.9998,0.0061,-0.0197,0,-0.0056,0.9997,0.0245,0,0.0198,-0.0244,0.9995,0,-0.0001,11.6454,-1.4223,1]},
{"frame":26,"values":[0.9996,0.0165,-0.0243,0,-0.0159,0.9996,0.0241,0,0.0247,-0.0237,0.9994,0,-0.0001,11.6454,-1.4223,1]},
{"frame":27,"values":[0.9994,0.025,-0.0227,0,-0.0245,0.9994,0.0242,0,0.0233,-0.0236,0.9994,0,-0.0001,11.6454,-1.4223,1]},
{"frame":28,"values":[0.9995,0.0287,-0.0145,0,-0.0283,0.9993,0.0231,0,0.0152,-0.0226,0.9996,0,-0.0001,11.6454,-1.4223,1]},
{"frame":29,"values":[0.9996,0.0272,-0.0054,0,-0.0271,0.9994,0.0203,0,0.0059,-0.0201,0.9998,0,-0.0001,11.6454,-1.4223,1]}],"loopBehavior":1,"name":"anim","property":"_matrix"}},
{"name":"mixamorig:Spine2","index":3,"matrix":[0.9996,0.0273,-0.0058,0,-0.0272,0.9994,0.0198,0,0.0063,-0.0197,0.9998,0,0.0001,13.3602,-1.6265,1],"rest":[1,0,0,0,0,1,0,0,0,0,1,0,0.0001,13.3602,-1.6265,1],"parentBoneIndex":2,"length":12.3444
,"animation":{"dataType":3,"framePerSecond":30,"keys":[
{"frame":1,"values":[0.9996,0.0273,-0.0058,0,-0.0272,0.9994,0.0198,0,0.0063,-0.0197,0.9998,0,0.0001,13.3602,-1.6265,1]},
{"frame":2,"values":[0.9996,0.0279,-0.003,0,-0.0278,0.9994,0.0214,0,0.0036,-0.0213,0.9998,0,0.0001,13.3602,-1.6265,1]},
{"frame":3,"values":[0.9996,0.0279,-0.001,0,-0.0279,0.9993,0.023,0,0.0017,-0.0229,0.9997,0,0.0001,13.3602,-1.6265,1]},
{"frame":4,"values":[0.9996,0.0276,0.0012,0,-0.0276,0.9993,0.0247,0,-0.0005,-0.0247,0.9997,0,0.0001,13.3602,-1.6265,1]},
{"frame":5,"values":[0.9996,0.0277,0.0042,0,-0.0278,0.9993,0.0264,0,-0.0035,-0.0265,0.9996,0,0.0001,13.3602,-1.6265,1]},
{"frame":6,"values":[0.9996,0.0281,0.0078,0,-0.0283,0.9992,0.027,0,-0.007,-0.0272,0.9996,0,0.0001,13.3602,-1.6265,1]},
{"frame":7,"values":[0.9995,0.0283,0.0114,0,-0.0285,0.9993,0.0259,0,-0.0107,-0.0262,0.9996,0,0.0001,13.3602,-1.6265,1]},
{"frame":8,"values":[0.9995,0.0278,0.0144,0,-0.0281,0.9993,0.0233,0,-0.0138,-0.0237,0.9996,0,0.0001,13.3602,-1.6265,1]},
{"frame":9,"values":[0.9995,0.0272,0.0154,0,-0.0275,0.9994,0.0201,0,-0.0149,-0.0206,0.9997,0,0.0001,13.3602,-1.6265,1]},
{"frame":10,"values":[0.9995,0.0268,0.0161,0,-0.0271,0.9995,0.0175,0,-0.0156,-0.0179,0.9997,0,0.0001,13.3602,-1.6265,1]},
{"frame":11,"values":[0.9995,0.0264,0.0186,0,-0.0266,0.9995,0.0152,0,-0.0182,-0.0157,0.9997,0,0.0001,13.3602,-1.6265,1]},
{"frame":12,"values":[0.9994,0.0254,0.0226,0,-0.0257,0.9996,0.0123,0,-0.0223,-0.0129,0.9997,0,0.0001,13.3602,-1.6265,1]},
{"frame":13,"values":[0.9993,0.0258,0.0255,0,-0.026,0.9996,0.0096,0,-0.0253,-0.0102,0.9996,0,0.0001,13.3602,-1.6265,1]},
{"frame":14,"values":[0.9993,0.0277,0.0245,0,-0.0279,0.9996,0.0086,0,-0.0243,-0.0093,0.9997,0,0.0001,13.3602,-1.6265,1]},
{"frame":15,"values":[0.9994,0.0278,0.0206,0,-0.028,0.9996,0.0098,0,-0.0204,-0.0104,0.9997,0,0.0001,13.3602,-1.6265,1]},
{"frame":16,"values":[0.9995,0.0256,0.0158,0,-0.0258,0.9996,0.0122,0,-0.0154,-0.0126,0.9998,0,0.0001,13.3602,-1.6265,1]},
{"frame":17,"values":[0.9997,0.0233,0.0103,0,-0.0235,0.9996,0.0137,0,-0.01,-0.0139,0.9999,0,0.0001,13.3602,-1.6265,1]},
{"frame":18,"values":[0.9997,0.0235,0.006,0,-0.0236,0.9996,0.0151,0,-0.0057,-0.0152,0.9999,0,0.0001,13.3602,-1.6265,1]},
{"frame":19,"values":[0.9997,0.0246,0.0045,0,-0.0247,0.9995,0.0176,0,-0.004,-0.0177,0.9998,0,0.0001,13.3602,-1.6265,1]},
{"frame":20,"values":[0.9997,0.0238,0.0026,0,-0.0238,0.9995,0.02,0,-0.0022,-0.02,0.9998,0,0.0001,13.3602,-1.6265,1]},
{"frame":21,"values":[0.9997,0.0228,-0.0018,0,-0.0228,0.9995,0.0219,0,0.0023,-0.0219,0.9998,0,0.0001,13.3602,-1.6265,1]},
{"frame":22,"values":[0.9997,0.0235,-0.0075,0,-0.0234,0.9994,0.024,0,0.0081,-0.0239,0.9997,0,0.0001,13.3602,-1.6265,1]},
{"frame":23,"values":[0.9996,0.025,-0.0124,0,-0.0246,0.9994,0.0255,0,0.013,-0.0251,0.9996,0,0.0001,13.3602,-1.6265,1]},
{"frame":24,"values":[0.9995,0.0268,-0.017,0,-0.0264,0.9993,0.0252,0,0.0176,-0.0248,0.9995,0,0.0001,13.3602,-1.6265,1]},
{"frame":25,"values":[0.9993,0.0285,-0.0225,0,-0.028,0.9993,0.0241,0,0.0232,-0.0234,0.9995,0,0.0001,13.3602,-1.6265,1]},
{"frame":26,"values":[0.9992,0.0303,-0.0264,0,-0.0297,0.9993,0.0236,0,0.0271,-0.0228,0.9994,0,0.0001,13.3602,-1.6265,1]},
{"frame":27,"values":[0.9992,0.0318,-0.0239,0,-0.0312,0.9992,0.0237,0,0.0247,-0.0229,0.9994,0,0.0001,13.3602,-1.6265,1]},
{"frame":28,"values":[0.9994,0.0306,-0.0152,0,-0.0302,0.9993,0.0226,0,0.0159,-0.0221,0.9996,0,0.0001,13.3602,-1.6265,1]},
{"frame":29,"values":[0.9996,0.0273,-0.0058,0,-0.0272,0.9994,0.0198,0,0.0063,-0.0197,0.9998,0,0.0001,13.3602,-1.6265,1]}],"loopBehavior":1,"name":"anim","property":"_matrix"}},
{"name":"mixamorig:Neck","index":4,"matrix":[1,0.0078,0.0021,0,-0.0079,0.9952,0.098,0,-0.0014,-0.098,0.9952,0,0,15.0325,0.7929,1],"rest":[1,0,0,0,0,1,0,0,0,0,1,0,0,15.0325,0.7929,1],"parentBoneIndex":3,"length":10.7896
,"animation":{"dataType":3,"framePerSecond":30,"keys":[
{"frame":1,"values":[1,0.0078,0.0021,0,-0.0079,0.9952,0.098,0,-0.0014,-0.098,0.9952,0,0,15.0325,0.7929,1]},
{"frame":2,"values":[0.9998,0.0125,0.0138,0,-0.0138,0.9953,0.0958,0,-0.0126,-0.096,0.9953,0,0,15.0325,0.7929,1]},
{"frame":3,"values":[0.9991,0.0201,0.0366,0,-0.0236,0.9949,0.0983,0,-0.0345,-0.099,0.9945,0,0,15.0325,0.7929,1]},
{"frame":4,"values":[0.9974,0.0282,0.0658,0,-0.0351,0.9938,0.1051,0,-0.0624,-0.1071,0.9923,0,0,15.0325,0.7929,1]},
{"frame":5,"values":[0.9947,0.035,0.0971,0,-0.046,0.9924,0.1139,0,-0.0924,-0.1178,0.9887,0,0,15.0325,0.7929,1]},
{"frame":6,"values":[0.9913,0.0387,0.1261,0,-0.0543,0.991,0.1225,0,-0.1202,-0.1283,0.9844,0,0,15.0325,0.7929,1]},
{"frame":7,"values":[0.9882,0.0399,0.1478,0,-0.0593,0.9898,0.1293,0,-0.1412,-0.1366,0.9805,0,0,15.0325,0.7929,1]},
{"frame":8,"values":[0.9865,0.0398,0.1591,0,-0.0614,0.9892,0.1332,0,-0.1521,-0.1412,0.9782,0,0,15.0325,0.7929,1]},
{"frame":9,"values":[0.9854,0.0397,0.1653,0,-0.0625,0.9889,0.1348,0,-0.1581,-0.1432,0.977,0,0,15.0325,0.7929,1]},
{"frame":10,"values":[0.9851,0.0401,0.1674,0,-0.0632,0.9888,0.1349,0,-0.1601,-0.1435,0.9766,0,0,15.0325,0.7929,1]},
{"frame":11,"values":[0.9853,0.0405,0.1657,0,-0.0634,0.9888,0.1351,0,-0.1584,-0.1436,0.9769,0,0,15.0325,0.7929,1]},
{"frame":12,"values":[0.986,0.0405,0.1617,0,-0.0629,0.9887,0.1363,0,-0.1544,-0.1445,0.9774,0,0,15.0325,0.7929,1]},
{"frame":13,"values":[0.9868,0.0405,0.1566,0,-0.0623,0.9886,0.137,0,-0.1492,-0.1449,0.9781,0,0,15.0325,0.7929,1]},
{"frame":14,"values":[0.9879,0.0398,0.1501,0,-0.0604,0.9889,0.1355,0,-0.143,-0.1429,0.9793,0,0,15.0325,0.7929,1]},
{"frame":15,"values":[0.9893,0.0361,0.1417,0,-0.0551,0.9897,0.1325,0,-0.1355,-0.1388,0.981,0,0,15.0325,0.7929,1]},
{"frame":16,"values":[0.9908,0.0313,0.1314,0,-0.0485,0.9903,0.13,0,-0.1261,-0.1352,0.9828,0,0,15.0325,0.7929,1]},
{"frame":17,"values":[0.9924,0.0289,0.1194,0,-0.0444,0.9907,0.1286,0,-0.1146,-0.1329,0.9845,0,0,15.0325,0.7929,1]},
{"frame":18,"values":[0.994,0.0275,0.106,0,-0.0409,0.9911,0.1264,0,-0.1016,-0.13,0.9863,0,0,15.0325,0.7929,1]},
{"frame":19,"values":[0.9955,0.024,0.0919,0,-0.0352,0.9919,0.1223,0,-0.0882,-0.125,0.9882,0,0,15.0325,0.7929,1]},
{"frame":20,"values":[0.9968,0.0184,0.0776,0,-0.0274,0.9927,0.1172,0,-0.0749,-0.119,0.9901,0,0,15.0325,0.7929,1]},
{"frame":21,"values":[0.9979,0.0126,0.0637,0,-0.0196,0.9936,0.1114,0,-0.0619,-0.1125,0.9917,0,0,15.0325,0.7929,1]},
{"frame":22,"values":[0.9987,0.0071,0.0506,0,-0.0125,0.9943,0.1056,0,-0.0496,-0.1061,0.9931,0,0,15.0325,0.7929,1]},
{"frame":23,"values":[0.9992,0.0024,0.0387,0,-0.0063,0.9948,0.1014,0,-0.0382,-0.1016,0.9941,0,0,15.0325,0.7929,1]},
{"frame":24,"values":[0.9996,-0.0009,0.0281,0,-0.0019,0.9951,0.0993,0,-0.0281,-0.0993,0.9947,0,0,15.0325,0.7929,1]},
{"frame":25,"values":[0.9998,-0.0027,0.0192,0,0.0008,0.9952,0.0982,0,-0.0193,-0.0982,0.995,0,0,15.0325,0.7929,1]},
{"frame":26,"values":[0.9999,-0.0024,0.0121,0,0.0012,0.9952,0.0983,0,-0.0123,-0.0982,0.9951,0,0,15.0325,0.7929,1]},
{"frame":27,"values":[1,0.0002,0.0073,0,-0.0009,0.995,0.0996,0,-0.0073,-0.0996,0.995,0,0,15.0325,0.7929,1]},
{"frame":28,"values":[1,0.0041,0.0038,0,-0.0044,0.995,0.1002,0,-0.0033,-0.1002,0.995,0,0,15.0325,0.7929,1]},
{"frame":29,"values":[1,0.0078,0.0021,0,-0.0079,0.9952,0.098,0,-0.0014,-0.098,0.9952,0,0,15.0325,0.7929,1]}],"loopBehavior":1,"name":"anim","property":"_matrix"}},
{"name":"mixamorig:Head","index":5,"matrix":[0.9997,-0.0046,-0.0236,0,0.0014,0.9913,-0.1317,0,0.024,0.1316,0.991,0,0,10.3218,3.1424,1],"rest":[1,0,0,0,0,1,0,0,0,0,1,0,0,10.3218,3.1424,1],"parentBoneIndex":4,"length":14.7322
,"animation":{"dataType":3,"framePerSecond":30,"keys":[
{"frame":1,"values":[0.9997,-0.0046,-0.0236,0,0.0014,0.9913,-0.1317,0,0.024,0.1316,0.991,0,0,10.3218,3.1424,1]},
{"frame":2,"values":[0.9999,0.0095,0.0115,0,-0.0078,0.9904,-0.1379,0,-0.0128,0.1378,0.9904,0,0,10.3218,3.1424,1]},
{"frame":3,"values":[0.9973,0.0317,0.0669,0,-0.0223,0.9904,-0.1362,0,-0.0705,0.1343,0.9884,0,0,10.3218,3.1424,1]},
{"frame":4,"values":[0.9894,0.0569,0.1337,0,-0.0397,0.991,-0.1281,0,-0.1398,0.1214,0.9827,0,0,10.3218,3.1424,1]},
{"frame":5,"values":[0.9756,0.0786,0.205,0,-0.0565,0.9922,-0.1113,0,-0.2122,0.097,0.9724,0,0,10.3218,3.1424,1]},
{"frame":6,"values":[0.9572,0.0942,0.2736,0,-0.0727,0.9935,-0.0876,0,-0.2801,0.064,0.9578,0,0,10.3218,3.1424,1]},
{"frame":7,"values":[0.9381,0.1045,0.3302,0,-0.0877,0.994,-0.0655,0,-0.3351,0.0325,0.9416,0,0,10.3218,3.1424,1]},
{"frame":8,"values":[0.9234,0.1124,0.3671,0,-0.1002,0.9936,-0.0521,0,-0.3706,0.0113,0.9287,0,0,10.3218,3.1424,1]},
{"frame":9,"values":[0.9115,0.1213,0.3931,0,-0.1127,0.9926,-0.0449,0,-0.3956,-0.0033,0.9184,0,0,10.3218,3.1424,1]},
{"frame":10,"values":[0.9041,0.1303,0.407,0,-0.1237,0.9914,-0.0424,0,-0.409,-0.012,0.9125,0,0,10.3218,3.1424,1]},
{"frame":11,"values":[0.9016,0.1374,0.4101,0,-0.1319,0.9904,-0.042,0,-0.4119,-0.0162,0.9111,0,0,10.3218,3.1424,1]},
{"frame":12,"values":[0.9016,0.1424,0.4085,0,-0.1375,0.9896,-0.0415,0,-0.4101,-0.0188,0.9118,0,0,10.3218,3.1424,1]},
{"frame":13,"values":[0.9022,0.1454,0.406,0,-0.141,0.9892,-0.0408,0,-0.4075,-0.0205,0.913,0,0,10.3218,3.1424,1]},
{"frame":14,"values":[0.9034,0.147,0.4028,0,-0.1429,0.9889,-0.0406,0,-0.4043,-0.0209,0.9144,0,0,10.3218,3.1424,1]},
{"frame":15,"values":[0.9048,0.1494,0.3987,0,-0.1446,0.9886,-0.0423,0,-0.4005,-0.0194,0.9161,0,0,10.3218,3.1424,1]},
{"frame":16,"values":[0.9076,0.1546,0.3903,0,-0.1477,0.9879,-0.048,0,-0.393,-0.0141,0.9194,0,0,10.3218,3.1424,1]},
{"frame":17,"values":[0.9144,0.1608,0.3716,0,-0.1508,0.987,-0.0561,0,-0.3758,-0.0047,0.9267,0,0,10.3218,3.1424,1]},
{"frame":18,"values":[0.9258,0.1593,0.3427,0,-0.147,0.9872,-0.0619,0,-0.3482,0.0069,0.9374,0,0,10.3218,3.1424,1]},
{"frame":19,"values":[0.9398,0.1462,0.3089,0,-0.1331,0.9891,-0.0633,0,-0.3148,0.0184,0.949,0,0,10.3218,3.1424,1]},
{"frame":20,"values":[0.9533,0.1279,0.2736,0,-0.1146,0.9913,-0.0643,0,-0.2794,0.0299,0.9597,0,0,10.3218,3.1424,1]},
{"frame":21,"values":[0.9653,0.1099,0.2369,0,-0.0956,0.9929,-0.0712,0,-0.243,0.0461,0.9689,0,0,10.3218,3.1424,1]},
{"frame":22,"values":[0.9756,0.0915,0.1995,0,-0.0761,0.9936,-0.0837,0,-0.2059,0.0665,0.9763,0,0,10.3218,3.1424,1]},
{"frame":23,"values":[0.984,0.0731,0.1626,0,-0.058,0.9937,-0.096,0,-0.1686,0.085,0.982,0,0,10.3218,3.1424,1]},
{"frame":24,"values":[0.9905,0.0557,0.126,0,-0.0426,0.9936,-0.1049,0,-0.1311,0.0985,0.9865,0,0,10.3218,3.1424,1]},
{"frame":25,"values":[0.9951,0.0399,0.09,0,-0.0298,0.9934,-0.1111,0,-0.0938,0.1079,0.9897,0,0,10.3218,3.1424,1]},
{"frame":26,"values":[0.9981,0.0272,0.0551,0,-0.0207,0.9931,-0.1156,0,-0.0578,0.1143,0.9918,0,0,10.3218,3.1424,1]},
{"frame":27,"values":[0.9996,0.017,0.0224,0,-0.0143,0.9928,-0.1192,0,-0.0243,0.1188,0.9926,0,0,10.3218,3.1424,1]},
{"frame":28,"values":[1,0.006,-0.0064,0,-0.0068,0.9921,-0.1249,0,0.0056,0.125,0.9921,0,0,10.3218,3.1424,1]},
{"frame":29,"values":[0.9997,-0.0046,-0.0236,0,0.0014,0.9913,-0.1317,0,0.024,0.1316,0.991,0,0,10.3218,3.1424,1]}],"loopBehavior":1,"name":"anim","property":"_matrix"}},
{"name":"mixamorig:HeadTop_End","index":6,"matrix":[1,0,0,0,0,1,0,0,0,0,1,0,0.0002,18.4747,6.6364,1],"rest":[1,0,0,0,0,1,0,0,0,0,1,0,0.0002,18.4747,6.6364,1],"parentBoneIndex":5,"length":14.7322
,"animation":{"dataType":3,"framePerSecond":30,"keys":[
{"frame":1,"values":[1,0,0,0,0,1,0,0,0,0,1,0,0.0002,18.4747,6.6364,1]},
{"frame":29,"values":[1,0,0,0,0,1,0,0,0,0,1,0,0.0002,18.4747,6.6364,1]}],"loopBehavior":1,"name":"anim","property":"_matrix"}},
{"name":"mixamorig:LeftEye","index":7,"matrix":[1,0,0,0,0,1,0,0,0,0,1,0,2.9479,7.6818,9.1207,1],"rest":[1,0,0,0,0,1,0,0,0,0,1,0,2.9479,7.6818,9.1207,1],"parentBoneIndex":5,"length":14.7322
,"animation":{"dataType":3,"framePerSecond":30,"keys":[
{"frame":1,"values":[1,0,0,0,0,1,0,0,0,0,1,0,2.9479,7.6818,9.1207,1]},
{"frame":3,"values":[1,0,0,0,0,1,0,0,0,0,1,0,2.9479,7.6817,9.1207,1]},
{"frame":4,"values":[1,0,0,0,0,1,0,0,0,0,1,0,2.9479,7.6818,9.1207,1]},
{"frame":5,"values":[1,0,0,0,0,1,0,0,0,0,1,0,2.9479,7.6817,9.1207,1]},
{"frame":6,"values":[1,0,0,0,0,1,0,0,0,0,1,0,2.9479,7.6818,9.1207,1]},
{"frame":11,"values":[1,0,0,0,0,1,0,0,0,0,1,0,2.9479,7.6817,9.1207,1]},
{"frame":12,"values":[1,0,0,0,0,1,0,0,0,0,1,0,2.9479,7.6818,9.1207,1]},
{"frame":14,"values":[1,0,0,0,0,1,0,0,0,0,1,0,2.9479,7.6817,9.1207,1]},
{"frame":15,"values":[1,0,0,0,0,1,0,0,0,0,1,0,2.9479,7.6818,9.1207,1]},
{"frame":17,"values":[1,0,0,0,0,1,0,0,0,0,1,0,2.9479,7.6817,9.1207,1]},
{"frame":18,"values":[1,0,0,0,0,1,0,0,0,0,1,0,2.9479,7.6818,9.1207,1]},
{"frame":19,"values":[1,0,0,0,0,1,0,0,0,0,1,0,2.9479,7.6817,9.1207,1]},
{"frame":21,"values":[1,0,0,0,0,1,0,0,0,0,1,0,2.9479,7.6818,9.1207,1]},
{"frame":24,"values":[1,0,0,0,0,1,0,0,0,0,1,0,2.9479,7.6817,9.1207,1]},
{"frame":25,"values":[1,0,0,0,0,1,0,0,0,0,1,0,2.9479,7.6818,9.1207,1]},
{"frame":26,"values":[1,0,0,0,0,1,0,0,0,0,1,0,2.9479,7.6817,9.1207,1]},
{"frame":27,"values":[1,0,0,0,0,1,0,0,0,0,1,0,2.9479,7.6818,9.1207,1]},
{"frame":29,"values":[1,0,0,0,0,1,0,0,0,0,1,0,2.9479,7.6818,9.1207,1]}],"loopBehavior":1,"name":"anim","property":"_matrix"}},
{"name":"mixamorig:RightEye","index":8,"matrix":[1,0,0,0,0,1,0,0,0,0,1,0,-2.9445,7.6817,9.1205,1],"rest":[1,0,0,0,0,1,0,0,0,0,1,0,-2.9445,7.6818,9.1205,1],"parentBoneIndex":5,"length":14.7322
,"animation":{"dataType":3,"framePerSecond":30,"keys":[
{"frame":1,"values":[1,0,0,0,0,1,0,0,0,0,1,0,-2.9445,7.6817,9.1205,1]},
{"frame":2,"values":[1,0,0,0,0,1,0,0,0,0,1,0,-2.9445,7.6818,9.1205,1]},
{"frame":11,"values":[1,0,0,0,0,1,0,0,0,0,1,0,-2.9445,7.6817,9.1205,1]},
{"frame":13,"values":[1,0,0,0,0,1,0,0,0,0,1,0,-2.9445,7.6818,9.1205,1]},
{"frame":14,"values":[1,0,0,0,0,1,0,0,0,0,1,0,-2.9445,7.6817,9.1205,1]},
{"frame":15,"values":[1,0,0,0,0,1,0,0,0,0,1,0,-2.9445,7.6818,9.1205,1]},
{"frame":16,"values":[1,0,0,0,0,1,0,0,0,0,1,0,-2.9445,7.6817,9.1205,1]},
{"frame":17,"values":[1,0,0,0,0,1,0,0,0,0,1,0,-2.9445,7.6818,9.1205,1]},
{"frame":19,"values":[1,0,0,0,0,1,0,0,0,0,1,0,-2.9445,7.6817,9.1205,1]},
{"frame":21,"values":[1,0,0,0,0,1,0,0,0,0,1,0,-2.9445,7.6818,9.1205,1]},
{"frame":26,"values":[1,0,0,0,0,1,0,0,0,0,1,0,-2.9445,7.6817,9.1205,1]},
{"frame":29,"values":[1,0,0,0,0,1,0,0,0,0,1,0,-2.9445,7.6818,9.1205,1]}],"loopBehavior":1,"name":"anim","property":"_matrix"}},
{"name":"mixamorig:LeftShoulder","index":9,"matrix":[0.9321,-0.2187,0.2889,0,0.2036,0.9756,0.0818,0,-0.2997,-0.0175,0.9539,0,6.1058,9.1104,0.7056,1],"rest":[1,0,0,0,0,1,0,0,0,0,1,0,6.1058,9.1104,0.7056,1],"parentBoneIndex":3,"length":12.9223
,"animation":{"dataType":3,"framePerSecond":30,"keys":[
{"frame":1,"values":[0.9321,-0.2187,0.2889,0,0.2036,0.9756,0.0818,0,-0.2997,-0.0175,0.9539,0,6.1058,9.1104,0.7056,1]},
{"frame":2,"values":[0.9326,-0.2149,0.29,0,0.1995,0.9765,0.0818,0,-0.3007,-0.0184,0.9535,0,6.1058,9.1104,0.7055,1]},
{"frame":3,"values":[0.9333,-0.2109,0.2907,0,0.1954,0.9773,0.0817,0,-0.3013,-0.0194,0.9533,0,6.1058,9.1104,0.7056,1]},
{"frame":4,"values":[0.9341,-0.208,0.2902,0,0.1925,0.9779,0.0814,0,-0.3007,-0.0202,0.9535,0,6.1058,9.1104,0.7056,1]},
{"frame":5,"values":[0.9349,-0.2063,0.2887,0,0.1909,0.9783,0.081,0,-0.2992,-0.0206,0.954,0,6.1058,9.1104,0.7056,1]},
{"frame":6,"values":[0.9353,-0.2061,0.2875,0,0.1908,0.9783,0.0807,0,-0.2979,-0.0207,0.9544,0,6.1058,9.1104,0.7056,1]},
{"frame":7,"values":[0.9354,-0.207,0.2867,0,0.1918,0.9781,0.0806,0,-0.2971,-0.0205,0.9546,0,6.1058,9.1104,0.7056,1]},
{"frame":8,"values":[0.9355,-0.208,0.2857,0,0.1929,0.9779,0.0805,0,-0.2961,-0.0202,0.9549,0,6.1058,9.1104,0.7055,1]},
{"frame":9,"values":[0.9359,-0.2093,0.2835,0,0.1944,0.9777,0.0801,0,-0.2939,-0.0199,0.9556,0,6.1058,9.1104,0.7055,1]},
{"frame":10,"values":[0.9368,-0.2108,0.2793,0,0.1963,0.9773,0.0794,0,-0.2897,-0.0195,0.9569,0,6.1058,9.1104,0.7055,1]},
{"frame":11,"values":[0.9377,-0.2122,0.2751,0,0.1981,0.977,0.0786,0,-0.2854,-0.0192,0.9582,0,6.1058,9.1104,0.7056,1]},
{"frame":12,"values":[0.9383,-0.2126,0.2727,0,0.1986,0.977,0.0781,0,-0.283,-0.0191,0.9589,0,6.1058,9.1104,0.7056,1]},
{"frame":13,"values":[0.9384,-0.2123,0.2727,0,0.1983,0.977,0.0781,0,-0.283,-0.0192,0.9589,0,6.1058,9.1104,0.7055,1]},
{"frame":14,"values":[0.9376,-0.2128,0.2749,0,0.1987,0.9769,0.0786,0,-0.2853,-0.019,0.9582,0,6.1058,9.1104,0.7055,1]},
{"frame":15,"values":[0.9356,-0.2157,0.2793,0,0.2013,0.9763,0.0797,0,-0.2899,-0.0183,0.9569,0,6.1058,9.1104,0.7056,1]},
{"frame":16,"values":[0.9334,-0.2201,0.2834,0,0.2055,0.9753,0.0808,0,-0.2942,-0.0172,0.9556,0,6.1058,9.1104,0.7056,1]},
{"frame":17,"values":[0.9328,-0.2226,0.2834,0,0.2081,0.9748,0.0809,0,-0.2942,-0.0165,0.9556,0,6.1058,9.1104,0.7055,1]},
{"frame":18,"values":[0.9337,-0.2235,0.2799,0,0.2093,0.9746,0.0802,0,-0.2907,-0.0163,0.9567,0,6.1058,9.1104,0.7056,1]},
{"frame":19,"values":[0.9339,-0.2253,0.2777,0,0.2113,0.9742,0.0798,0,-0.2885,-0.0159,0.9573,0,6.1058,9.1104,0.7055,1]},
{"frame":20,"values":[0.9334,-0.2273,0.2778,0,0.2133,0.9737,0.08,0,-0.2886,-0.0154,0.9573,0,6.1058,9.1104,0.7055,1]},
{"frame":21,"values":[0.9331,-0.2285,0.2778,0,0.2146,0.9734,0.08,0,-0.2887,-0.0151,0.9573,0,6.1058,9.1104,0.7056,1]},
{"frame":22,"values":[0.9326,-0.2302,0.278,0,0.2163,0.973,0.0802,0,-0.289,-0.0146,0.9572,0,6.1058,9.1104,0.7056,1]},
{"frame":23,"values":[0.9319,-0.2321,0.2788,0,0.2181,0.9726,0.0804,0,-0.2899,-0.0141,0.957,0,6.1058,9.1104,0.7055,1]},
{"frame":24,"values":[0.9317,-0.2329,0.2788,0,0.219,0.9724,0.0805,0,-0.2899,-0.0139,0.957,0,6.1058,9.1104,0.7056,1]},
{"frame":25,"values":[0.9318,-0.233,0.2784,0,0.2192,0.9724,0.0804,0,-0.2894,-0.0139,0.9571,0,6.1058,9.1104,0.7055,1]},
{"frame":26,"values":[0.9321,-0.2313,0.2786,0,0.2174,0.9728,0.0803,0,-0.2896,-0.0143,0.957,0,6.1058,9.1104,0.7056,1]},
{"frame":27,"values":[0.9326,-0.2272,0.2804,0,0.2131,0.9737,0.0805,0,-0.2913,-0.0153,0.9565,0,6.1058,9.1104,0.7055,1]},
{"frame":28,"values":[0.9324,-0.2229,0.2846,0,0.2082,0.9747,0.0812,0,-0.2954,-0.0164,0.9552,0,6.1058,9.1104,0.7056,1]},
{"frame":29,"values":[0.9321,-0.2187,0.2889,0,0.2036,0.9756,0.0818,0,-0.2997,-0.0175,0.9539,0,6.1058,9.1104,0.7056,1]}],"loopBehavior":1,"name":"anim","property":"_matrix"}},
{"name":"mixamorig:LeftArm","index":10,"matrix":[0.325,-0.9442,0.0539,0,0.8818,0.3232,0.3436,0,-0.3418,-0.0642,0.9376,0,12.655,-0.2659,-2.6009,1],"rest":[1,0,0,0,0,1,0,0,0,0,1,0,12.655,-0.2659,-2.6009,1],"parentBoneIndex":9,"length":27.4047
,"animation":{"dataType":3,"framePerSecond":30,"keys":[
{"frame":1,"values":[0.325,-0.9442,0.0539,0,0.8818,0.3232,0.3436,0,-0.3418,-0.0642,0.9376,0,12.655,-0.2659,-2.6009,1]},
{"frame":2,"values":[0.3318,-0.9422,0.0459,0,0.8787,0.3264,0.3483,0,-0.3432,-0.0752,0.9363,0,12.655,-0.2659,-2.6009,1]},
{"frame":3,"values":[0.3431,-0.9387,0.0338,0,0.8764,0.3329,0.348,0,-0.3379,-0.0898,0.9369,0,12.655,-0.2659,-2.6009,1]},
{"frame":4,"values":[0.3562,-0.9342,0.0205,0,0.8761,0.3415,0.3403,0,-0.3249,-0.1032,0.9401,0,12.655,-0.2659,-2.6009,1]},
{"frame":5,"values":[0.3701,-0.929,0.0071,0,0.8751,0.3511,0.3331,0,-0.312,-0.1171,0.9429,0,12.655,-0.2659,-2.6009,1]},
{"frame":6,"values":[0.3858,-0.9226,-0.0073,0,0.8718,0.3619,0.33,0,-0.3018,-0.1337,0.9439,0,12.655,-0.2659,-2.6009,1]},
{"frame":7,"values":[0.4031,-0.9149,-0.0224,0,0.8677,0.3743,0.327,0,-0.2908,-0.1513,0.9448,0,12.655,-0.2659,-2.6009,1]},
{"frame":8,"values":[0.4214,-0.9061,-0.0377,0,0.8632,0.3879,0.3232,0,-0.2782,-0.1687,0.9456,0,12.655,-0.2659,-2.6009,1]},
{"frame":9,"values":[0.4411,-0.8958,-0.0543,0,0.8575,0.4028,0.32,0,-0.2648,-0.1877,0.9459,0,12.655,-0.2659,-2.6009,1]},
{"frame":10,"values":[0.4611,-0.8843,-0.074,0,0.8519,0.4178,0.3156,0,-0.2481,-0.2086,0.946,0,12.655,-0.266,-2.6009,1]},
{"frame":11,"values":[0.4802,-0.8718,-0.0965,0,0.8466,0.432,0.3108,0,-0.2293,-0.2309,0.9456,0,12.655,-0.2659,-2.6009,1]},
{"frame":12,"values":[0.4997,-0.8581,-0.1183,0,0.84,0.4466,0.3082,0,-0.2116,-0.2534,0.9439,0,12.655,-0.2659,-2.6009,1]},
{"frame":13,"values":[0.5178,-0.8452,-0.1324,0,0.8327,0.4626,0.3043,0,-0.196,-0.2678,0.9433,0,12.655,-0.2659,-2.6009,1]},
{"frame":14,"values":[0.5301,-0.8369,-0.1362,0,0.8287,0.4774,0.292,0,-0.1793,-0.2677,0.9467,0,12.655,-0.2659,-2.6009,1]},
{"frame":15,"values":[0.5406,-0.8301,-0.1367,0,0.8252,0.4918,0.2777,0,-0.1633,-0.2629,0.9509,0,12.655,-0.2659,-2.6009,1]},
{"frame":16,"values":[0.5528,-0.822,-0.1369,0,0.8189,0.5054,0.272,0,-0.1544,-0.2625,0.9525,0,12.655,-0.2659,-2.6009,1]},
{"frame":17,"values":[0.5582,-0.8186,-0.1352,0,0.8162,0.5125,0.2666,0,-0.149,-0.2592,0.9543,0,12.655,-0.2659,-2.6009,1]},
{"frame":18,"values":[0.5499,-0.8255,-0.1275,0,0.8228,0.5091,0.2528,0,-0.1438,-0.2439,0.9591,0,12.655,-0.2659,-2.6009,1]},
{"frame":19,"values":[0.5341,-0.8379,-0.112,0,0.8326,0.4985,0.2415,0,-0.1465,-0.2222,0.9639,0,12.655,-0.2659,-2.6009,1]},
{"frame":20,"values":[0.5155,-0.8522,-0.0891,0,0.8409,0.4832,0.2439,0,-0.1648,-0.2007,0.9657,0,12.655,-0.2659,-2.6009,1]},
{"frame":21,"values":[0.4938,-0.8674,-0.0616,0,0.8474,0.4642,0.2576,0,-0.1949,-0.1794,0.9643,0,12.655,-0.2659,-2.6009,1]},
{"frame":22,"values":[0.4672,-0.8835,-0.0338,0,0.855,0.4417,0.2717,0,-0.2252,-0.1559,0.9618,0,12.655,-0.2659,-2.6009,1]},
{"frame":23,"values":[0.4353,-0.9003,-0.0078,0,0.8651,0.4159,0.2803,0,-0.2491,-0.1288,0.9599,0,12.655,-0.2659,-2.6009,1]},
{"frame":24,"values":[0.4005,-0.9161,0.0173,0,0.8752,0.3881,0.2886,0,-0.2711,-0.1005,0.9573,0,12.655,-0.2659,-2.6009,1]},
{"frame":25,"values":[0.3699,-0.9282,0.0401,0,0.8812,0.3642,0.3014,0,-0.2944,-0.0761,0.9526,0,12.655,-0.2659,-2.6009,1]},
{"frame":26,"values":[0.3457,-0.9366,0.0562,0,0.884,0.3452,0.3152,0,-0.3146,-0.0593,0.9474,0,12.655,-0.2659,-2.6009,1]},
{"frame":27,"values":[0.3276,-0.9428,0.061,0,0.887,0.3292,0.3238,0,-0.3254,-0.052,0.9442,0,12.655,-0.2659,-2.6009,1]},
{"frame":28,"values":[0.3192,-0.9459,0.0579,0,0.8881,0.3199,0.33,0,-0.3307,-0.0539,0.9422,0,12.655,-0.2659,-2.6009,1]},
{"frame":29,"values":[0.325,-0.9442,0.0539,0,0.8818,0.3232,0.3436,0,-0.3418,-0.0642,0.9376,0,12.655,-0.266,-2.6009,1]}],"loopBehavior":1,"name":"anim","property":"_matrix"}},
{"name":"mixamorig:LeftForeArm","index":11,"matrix":[0.9997,0,0.0255,0,0,1,0,0,-0.0255,0,0.9997,0,27.4047,0,0,1],"rest":[1,0,0,0,0,1,0,0,0,0,1,0,27.4047,0,0,1],"parentBoneIndex":10,"length":27.6145
,"animation":{"dataType":3,"framePerSecond":30,"keys":[
{"frame":1,"values":[0.9997,0,0.0255,0,0,1,0,0,-0.0255,0,0.9997,0,27.4047,0,0,1]},
{"frame":2,"values":[0.9995,0,0.03,0,0,1,0,0,-0.03,0,0.9995,0,27.4047,0,0,1]},
{"frame":3,"values":[0.9992,0,0.0389,0,0,1,0,0,-0.0389,0,0.9992,0,27.4047,0,0,1]},
{"frame":4,"values":[0.9988,0,0.048,0,0,1,0,0,-0.048,0,0.9988,0,27.4047,0,0,1]},
{"frame":5,"values":[0.9983,0,0.0575,0,0,1,0,0,-0.0575,0,0.9983,0,27.4047,0,0,1]},
{"frame":6,"values":[0.9977,0,0.0682,0,0,1,0,0,-0.0682,0,0.9977,0,27.4047,0,0,1]},
{"frame":7,"values":[0.997,0,0.078,0,0,1,0,0,-0.078,0,0.997,0,27.4047,0,0,1]},
{"frame":8,"values":[0.9961,0,0.0883,0,0,1,0,0,-0.0883,0,0.9961,0,27.4047,0,0,1]},
{"frame":9,"values":[0.9946,0,0.1037,0,0,1,0,0,-0.1037,0,0.9946,0,27.4047,0,0,1]},
{"frame":10,"values":[0.9924,0,0.1233,0,0,1,0,0,-0.1233,0,0.9924,0,27.4047,0,0,1]},
{"frame":11,"values":[0.9899,0,0.1418,0,0,1,0,0,-0.1418,0,0.9899,0,27.4047,0,0,1]},
{"frame":12,"values":[0.9879,0,0.1552,0,0,1,0,0,-0.1552,0,0.9879,0,27.4047,0,0,1]},
{"frame":13,"values":[0.987,0,0.1606,0,0,1,0,0,-0.1606,0,0.987,0,27.4047,0,0,1]},
{"frame":14,"values":[0.9871,0,0.16,0,0,1,0,0,-0.16,0,0.9871,0,27.4047,0,0,1]},
{"frame":15,"values":[0.9868,0,0.1617,0,0,1,0,0,-0.1617,0,0.9868,0,27.4047,0,0,1]},
{"frame":16,"values":[0.9858,0,0.168,0,0,1,0,0,-0.168,0,0.9858,0,27.4047,0,0,1]},
{"frame":17,"values":[0.9854,0,0.1703,0,0,1,0,0,-0.1703,0,0.9854,0,27.4047,0,0,1]},
{"frame":18,"values":[0.9869,0,0.1613,0,0,1,0,0,-0.1613,0,0.9869,0,27.4047,0,0,1]},
{"frame":19,"values":[0.9894,0,0.1449,0,0,1,0,0,-0.1449,0,0.9894,0,27.4047,0,0,1]},
{"frame":20,"values":[0.9915,0,0.1299,0,0,1,0,0,-0.1299,0,0.9915,0,27.4047,0,0,1]},
{"frame":21,"values":[0.9928,0,0.1201,0,0,1,0,0,-0.1201,0,0.9928,0,27.4047,0,0,1]},
{"frame":22,"values":[0.9936,0,0.1132,0,0,1,0,0,-0.1132,0,0.9936,0,27.4047,0,0,1]},
{"frame":23,"values":[0.9947,0,0.1025,0,0,1,0,0,-0.1025,0,0.9947,0,27.4047,0,0,1]},
{"frame":24,"values":[0.9963,0,0.0863,0,0,1,0,0,-0.0863,0,0.9963,0,27.4047,0,0,1]},
{"frame":25,"values":[0.9976,0,0.0694,0,0,1,0,0,-0.0694,0,0.9976,0,27.4047,0,0,1]},
{"frame":26,"values":[0.9984,0,0.0565,0,0,1,0,0,-0.0565,0,0.9984,0,27.4047,0,0,1]},
{"frame":27,"values":[0.9989,0,0.0477,0,0,1,0,0,-0.0477,0,0.9989,0,27.4047,0,0,1]},
{"frame":28,"values":[0.9993,0,0.0377,0,0,1,0,0,-0.0377,0,0.9993,0,27.4047,0,0,1]},
{"frame":29,"values":[0.9997,0,0.0255,0,0,1,0,0,-0.0255,0,0.9997,0,27.4047,0,0,1]}],"loopBehavior":1,"name":"anim","property":"_matrix"}},
{"name":"mixamorig:LeftHand","index":12,"matrix":[0.9939,-0.0772,0.0789,0,0.1077,0.833,-0.5426,0,-0.0238,0.5478,0.8363,0,27.6145,0,0,1],"rest":[1,0,0,0,0,1,0,0,0,0,1,0,27.6145,0,0,1],"parentBoneIndex":11,"length":10.9801
,"animation":{"dataType":3,"framePerSecond":30,"keys":[
{"frame":1,"values":[0.9939,-0.0772,0.0789,0,0.1077,0.833,-0.5426,0,-0.0238,0.5478,0.8363,0,27.6145,0,0,1]},
{"frame":2,"values":[0.9941,-0.0764,0.0773,0,0.1064,0.8296,-0.5481,0,-0.0223,0.5531,0.8328,0,27.6145,0,0,1]},
{"frame":3,"values":[0.9948,-0.0736,0.0709,0,0.1007,0.8262,-0.5544,0,-0.0178,0.5586,0.8292,0,27.6145,0,0,1]},
{"frame":4,"values":[0.9957,-0.0708,0.0592,0,0.0919,0.8219,-0.5621,0,-0.0088,0.5651,0.8249,0,27.6145,0,0,1]},
{"frame":5,"values":[0.9968,-0.068,0.0425,0,0.0801,0.8168,-0.5713,0,0.0041,0.5729,0.8196,0,27.6145,0,0,1]},
{"frame":6,"values":[0.9977,-0.0651,0.0207,0,0.065,0.8129,-0.5788,0,0.0209,0.5787,0.8152,0,27.6145,0,0,1]},
{"frame":7,"values":[0.998,-0.0632,-0.0041,0,0.0488,0.8094,-0.5852,0,0.0403,0.5838,0.8109,0,27.6145,0,0,1]},
{"frame":8,"values":[0.9977,-0.0615,-0.0294,0,0.0321,0.8046,-0.5929,0,0.0601,0.5906,0.8047,0,27.6145,0,0,1]},
{"frame":9,"values":[0.9967,-0.0626,-0.0513,0,0.0192,0.7994,-0.6004,0,0.0786,0.5975,0.798,0,27.6145,0,0,1]},
{"frame":10,"values":[0.9957,-0.0664,-0.0649,0,0.0134,0.7946,-0.607,0,0.0919,0.6035,0.7921,0,27.6145,0,0,1]},
{"frame":11,"values":[0.9949,-0.0673,-0.0745,0,0.0073,0.7884,-0.6151,0,0.1002,0.6114,0.7849,0,27.6145,0,0,1]},
{"frame":12,"values":[0.9938,-0.0685,-0.0873,0,-0.001,0.7815,-0.6239,0,0.1109,0.6202,0.7766,0,27.6145,0,0,1]},
{"frame":13,"values":[0.9915,-0.0745,-0.1067,0,-0.0093,0.7773,-0.6291,0,0.1298,0.6248,0.77,0,27.6145,0,0,1]},
{"frame":14,"values":[0.9884,-0.0819,-0.1282,0,-0.0172,0.7775,-0.6287,0,0.1512,0.6236,0.767,0,27.6145,0,0,1]},
{"frame":15,"values":[0.9859,-0.087,-0.1429,0,-0.0227,0.7767,-0.6295,0,0.1658,0.6239,0.7638,0,27.6145,0,0,1]},
{"frame":16,"values":[0.9851,-0.0856,-0.149,0,-0.0297,0.7692,-0.6383,0,0.1692,0.6332,0.7552,0,27.6144,0,0,1]},
{"frame":17,"values":[0.9855,-0.0744,-0.1526,0,-0.042,0.7639,-0.644,0,0.1644,0.641,0.7497,0,27.6145,0,0,1]},
{"frame":18,"values":[0.9855,-0.0682,-0.1552,0,-0.0476,0.7672,-0.6396,0,0.1627,0.6377,0.7529,0,27.6145,0,0,1]},
{"frame":19,"values":[0.9853,-0.0785,-0.1516,0,-0.0362,0.7718,-0.6348,0,0.1668,0.631,0.7577,0,27.6145,0,0,1]},
{"frame":20,"values":[0.9865,-0.0924,-0.1356,0,-0.0135,0.7777,-0.6285,0,0.1635,0.6218,0.7659,0,27.6145,0,0,1]},
{"frame":21,"values":[0.9895,-0.097,-0.1072,0,0.0106,0.7884,-0.6151,0,0.1441,0.6075,0.7811,0,27.6145,0,0,1]},
{"frame":22,"values":[0.9931,-0.0916,-0.0734,0,0.0299,0.8021,-0.5965,0,0.1135,0.5902,0.7993,0,27.6145,0,0,1]},
{"frame":23,"values":[0.9953,-0.0885,-0.0396,0,0.0495,0.8152,-0.577,0,0.0834,0.5723,0.8158,0,27.6145,0,0,1]},
{"frame":24,"values":[0.9955,-0.0942,-0.0052,0,0.0752,0.8258,-0.5589,0,0.057,0.556,0.8292,0,27.6145,0,0,1]},
{"frame":25,"values":[0.995,-0.0957,0.0273,0,0.0952,0.8352,-0.5417,0,0.029,0.5416,0.8402,0,27.6144,0,0,1]},
{"frame":26,"values":[0.9944,-0.0902,0.0555,0,0.1059,0.8434,-0.5268,0,0.0007,0.5297,0.8482,0,27.6145,0,0,1]},
