{"producer":{"name":"Blender","version":"2.90.0","exporter_version":"6.4.4","file":"option_agree.babylon"},
"autoClear":true,"clearColor":[0.0509,0.0509,0.0509],"gravity":[0,-9.81,0],
"materials":[{"name":"Material","id":"Material","customType":"BABYLON.PBRMaterial","backFaceCulling":true,"checkReadyOnlyOnce":false,"maxSimultaneousLights":4,"environmentIntensity":1,"albedo":[0.8,0.8,0.8],"reflectivity":[0.5,0.5,0.5],"roughness":0.4,"alpha":1,"transparencyMode":0,"alphaCutOff":0.4,"metallic":0}],
"multiMaterials":[],
"skeletons":[{"name":"Armature","id":0,"dimensionsAtRest":[180.6981,191.5439,26.6006],"bones":[
{"name":"mixamorig:Hips","index":0,"matrix":[0.9937,-0.0595,-0.0948,0,0.0654,0.9961,0.0594,0,-0.0909,0.0652,-0.9937,0,0.1437,103.3997,-1.4228,1],"rest":[1,0,0,0,0,1,0,0,0,0,-1,0,0,103.9915,0,1],"parentBoneIndex":-1,"length":10.5593
,"animation":{"dataType":3,"framePerSecond":24,"keys":[
{"frame":1,"values":[0.9937,-0.0595,-0.095,0,0.0653,0.9961,0.0592,0,-0.0911,0.0651,-0.9937,0,0.1434,103.3994,-1.4232,1]},
{"frame":2,"values":[0.9937,-0.0592,-0.095,0,0.065,0.9961,0.0592,0,-0.0911,0.065,-0.9937,0,0.1479,103.3963,-1.4447,1]},
{"frame":3,"values":[0.9937,-0.0587,-0.0951,0,0.0645,0.9962,0.059,0,-0.0912,0.0648,-0.9937,0,0.154,103.394,-1.4672,1]},
{"frame":4,"values":[0.9938,-0.0583,-0.0952,0,0.0641,0.9962,0.0587,0,-0.0914,0.0644,-0.9937,0,0.1613,103.3932,-1.4884,1]},
{"frame":5,"values":[0.9938,-0.058,-0.0953,0,0.0637,0.9963,0.0581,0,-0.0916,0.0638,-0.9938,0,0.1722,103.3901,-1.5027,1]},
{"frame":6,"values":[0.9937,-0.0579,-0.0955,0,0.0636,0.9964,0.0569,0,-0.0919,0.0626,-0.9938,0,0.1923,103.3843,-1.5037,1]},
{"frame":7,"values":[0.9937,-0.0578,-0.0958,0,0.0633,0.9965,0.0553,0,-0.0923,0.061,-0.9939,0,0.2245,103.3814,-1.4895,1]},
{"frame":8,"values":[0.9937,-0.0572,-0.0962,0,0.0626,0.9966,0.0536,0,-0.0928,0.0592,-0.9939,0,0.2682,103.3822,-1.4602,1]},
{"frame":9,"values":[0.9938,-0.0558,-0.0965,0,0.061,0.9968,0.0519,0,-0.0933,0.0574,-0.994,0,0.3232,103.3812,-1.4163,1]},
{"frame":10,"values":[0.9939,-0.0535,-0.0967,0,0.0586,0.997,0.0505,0,-0.0937,0.0559,-0.994,0,0.3902,103.3787,-1.3584,1]},
{"frame":11,"values":[0.994,-0.0506,-0.0968,0,0.0556,0.9972,0.0495,0,-0.0941,0.0546,-0.9941,0,0.4642,103.3807,-1.2869,1]},
{"frame":12,"values":[0.9942,-0.0472,-0.0969,0,0.0521,0.9975,0.0487,0,-0.0944,0.0535,-0.9941,0,0.5363,103.3888,-1.201,1]},
{"frame":13,"values":[0.9944,-0.0432,-0.0967,0,0.048,0.9977,0.0479,0,-0.0944,0.0523,-0.9942,0,0.6025,103.3983,-1.0998,1]},
{"frame":14,"values":[0.9946,-0.0385,-0.0961,0,0.0432,0.998,0.0471,0,-0.0941,0.051,-0.9943,0,0.6603,103.4021,-0.9849,1]},
{"frame":15,"values":[0.9949,-0.0335,-0.095,0,0.038,0.9982,0.0458,0,-0.0933,0.0491,-0.9944,0,0.7041,103.3991,-0.8587,1]},
{"frame":16,"values":[0.9952,-0.029,-0.0931,0,0.0331,0.9985,0.0426,0,-0.0917,0.0455,-0.9947,0,0.7304,103.3881,-0.7244,1]},
{"frame":17,"values":[0.9956,-0.0258,-0.0905,0,0.0293,0.9988,0.038,0,-0.0894,0.0405,-0.9952,0,0.7401,103.3793,-0.5951,1]},
{"frame":18,"values":[0.9959,-0.0238,-0.0875,0,0.0268,0.9991,0.0335,0,-0.0867,0.0357,-0.9956,0,0.7388,103.3781,-0.4961,1]},
{"frame":19,"values":[0.9962,-0.0226,-0.0845,0,0.0252,0.9992,0.0301,0,-0.0837,0.0321,-0.996,0,0.7264,103.3822,-0.44,1]},
{"frame":20,"values":[0.9965,-0.0224,-0.0811,0,0.0248,0.9993,0.028,0,-0.0805,0.0299,-0.9963,0,0.7017,103.3862,-0.4222,1]},
{"frame":21,"values":[0.9967,-0.0229,-0.0778,0,0.0251,0.9993,0.0274,0,-0.0771,0.0293,-0.9966,0,0.6689,103.3893,-0.4324,1]},
{"frame":22,"values":[0.9969,-0.0235,-0.0752,0,0.0257,0.9993,0.0284,0,-0.0745,0.0302,-0.9968,0,0.6391,103.3937,-0.458,1]},
{"frame":23,"values":[0.997,-0.024,-0.0739,0,0.0263,0.9992,0.0303,0,-0.0731,0.0322,-0.9968,0,0.6199,103.397,-0.4929,1]},
{"frame":24,"values":[0.997,-0.0244,-0.0735,0,0.0268,0.9991,0.0326,0,-0.0726,0.0345,-0.9968,0,0.6116,103.3961,-0.5327,1]},
{"frame":25,"values":[0.997,-0.0249,-0.0734,0,0.0275,0.999,0.0349,0,-0.0725,0.0368,-0.9967,0,0.6091,103.3935,-0.5721,1]},
{"frame":26,"values":[0.997,-0.0259,-0.0732,0,0.0287,0.9989,0.037,0,-0.0722,0.039,-0.9966,0,0.6021,103.392,-0.6072,1]},
{"frame":27,"values":[0.997,-0.0278,-0.0729,0,0.0306,0.9988,0.0386,0,-0.0717,0.0407,-0.9966,0,0.5739,103.3913,-0.6333,1]},
{"frame":28,"values":[0.9969,-0.0305,-0.073,0,0.0335,0.9987,0.0393,0,-0.0717,0.0416,-0.9966,0,0.5174,103.3916,-0.6519,1]},
{"frame":29,"values":[0.9967,-0.0334,-0.0738,0,0.0364,0.9985,0.04,0,-0.0724,0.0426,-0.9965,0,0.4504,103.3944,-0.675,1]},
{"frame":30,"values":[0.9965,-0.0358,-0.0752,0,0.039,0.9984,0.0413,0,-0.0736,0.0441,-0.9963,0,0.391,103.3961,-0.7112,1]},
{"frame":31,"values":[0.9963,-0.0381,-0.0767,0,0.0415,0.9982,0.0426,0,-0.075,0.0457,-0.9961,0,0.3374,103.3955,-0.7583,1]},
{"frame":32,"values":[0.9961,-0.0404,-0.0785,0,0.0439,0.9981,0.0439,0,-0.0765,0.0472,-0.9959,0,0.2866,103.3989,-0.8167,1]},
{"frame":33,"values":[0.9958,-0.0426,-0.0806,0,0.0464,0.9979,0.0455,0,-0.0784,0.049,-0.9957,0,0.2427,103.4043,-0.8847,1]},
{"frame":34,"values":[0.9956,-0.0448,-0.0829,0,0.0488,0.9977,0.0474,0,-0.0806,0.0512,-0.9954,0,0.2074,103.407,-0.9542,1]},
{"frame":35,"values":[0.9953,-0.0468,-0.0852,0,0.0511,0.9975,0.0495,0,-0.0827,0.0537,-0.9951,0,0.1777,103.4086,-1.0217,1]},
{"frame":36,"values":[0.995,-0.0487,-0.087,0,0.0533,0.9973,0.0515,0,-0.0842,0.0558,-0.9949,0,0.1534,103.41,-1.0847,1]},
{"frame":37,"values":[0.9949,-0.0502,-0.0879,0,0.055,0.9971,0.0528,0,-0.085,0.0574,-0.9947,0,0.1316,103.4128,-1.1415,1]},
{"frame":38,"values":[0.9947,-0.0516,-0.0885,0,0.0566,0.9969,0.0539,0,-0.0854,0.0587,-0.9946,0,0.1115,103.4203,-1.1995,1]},
{"frame":39,"values":[0.9946,-0.053,-0.089,0,0.0581,0.9968,0.055,0,-0.0858,0.0599,-0.9945,0,0.0929,103.4306,-1.2608,1]},
{"frame":40,"values":[0.9945,-0.0543,-0.0897,0,0.0594,0.9967,0.056,0,-0.0863,0.061,-0.9944,0,0.0778,103.4355,-1.3158,1]},
{"frame":41,"values":[0.9944,-0.0551,-0.0904,0,0.0604,0.9965,0.0569,0,-0.0869,0.062,-0.9943,0,0.066,103.4269,-1.3541,1]},
{"frame":42,"values":[0.9943,-0.0559,-0.0912,0,0.0613,0.9964,0.0579,0,-0.0877,0.0632,-0.9941,0,0.0599,103.4145,-1.3764,1]},
{"frame":43,"values":[0.9941,-0.0567,-0.0923,0,0.0623,0.9963,0.0589,0,-0.0886,0.0643,-0.994,0,0.0615,103.4052,-1.3907,1]},
{"frame":44,"values":[0.994,-0.0574,-0.0934,0,0.0632,0.9962,0.0597,0,-0.0896,0.0652,-0.9938,0,0.0724,103.401,-1.403,1]},
{"frame":45,"values":[0.9938,-0.0582,-0.0943,0,0.0641,0.9961,0.0599,0,-0.0905,0.0656,-0.9937,0,0.092,103.4002,-1.4131,1]},
{"frame":46,"values":[0.9938,-0.059,-0.0948,0,0.0648,0.9961,0.0597,0,-0.0909,0.0655,-0.9937,0,0.117,103.4006,-1.4195,1]},
{"frame":47,"values":[0.9937,-0.0595,-0.0948,0,0.0654,0.9961,0.0594,0,-0.0909,0.0652,-0.9937,0,0.1437,103.3997,-1.4228,1]}],"loopBehavior":1,"name":"anim","property":"_matrix"}},
{"name":"mixamorig:Spine","index":1,"matrix":[0.9985,0.0491,-0.0241,0,-0.0476,0.9971,0.0588,0,0.0269,-0.0576,0.998,0,0,10.1816,0.1315,1],"rest":[1,0,0,0,0,1,0,0,0,0,1,0,0,10.1816,0.1315,1],"parentBoneIndex":0,"length":10.133
,"animation":{"dataType":3,"framePerSecond":24,"keys":[
{"frame":1,"values":[0.9985,0.0493,-0.0241,0,-0.0478,0.9971,0.0587,0,0.0269,-0.0575,0.998,0,0,10.1816,0.1315,1]},
{"frame":2,"values":[0.9985,0.0492,-0.0241,0,-0.0477,0.9971,0.0587,0,0.0269,-0.0575,0.998,0,0,10.1816,0.1315,1]},
{"frame":3,"values":[0.9985,0.0491,-0.0241,0,-0.0476,0.9971,0.0587,0,0.0269,-0.0575,0.998,0,0,10.1816,0.1315,1]},
{"frame":5,"values":[0.9985,0.0492,-0.0241,0,-0.0477,0.9971,0.0587,0,0.0269,-0.0575,0.998,0,0,10.1816,0.1315,1]},
{"frame":6,"values":[0.9985,0.0494,-0.0244,0,-0.0479,0.9971,0.0587,0,0.0273,-0.0575,0.998,0,0,10.1816,0.1315,1]},
{"frame":7,"values":[0.9985,0.0497,-0.0249,0,-0.0482,0.9971,0.0588,0,0.0277,-0.0575,0.998,0,0,10.1816,0.1315,1]},
{"frame":8,"values":[0.9984,0.0501,-0.0252,0,-0.0486,0.9971,0.059,0,0.0281,-0.0577,0.9979,0,0,10.1816,0.1315,1]},
{"frame":9,"values":[0.9984,0.0506,-0.0252,0,-0.049,0.997,0.0595,0,0.0282,-0.0581,0.9979,0,0,10.1816,0.1315,1]},
{"frame":10,"values":[0.9984,0.0511,-0.0249,0,-0.0495,0.997,0.0601,0,0.0279,-0.0587,0.9979,0,0,10.1816,0.1315,1]},
{"frame":11,"values":[0.9984,0.0518,-0.0245,0,-0.0503,0.9969,0.0607,0,0.0276,-0.0594,0.9979,0,0,10.1816,0.1315,1]},
{"frame":12,"values":[0.9983,0.0527,-0.0241,0,-0.0511,0.9968,0.0614,0,0.0272,-0.0601,0.9978,0,0,10.1816,0.1315,1]},
{"frame":13,"values":[0.9983,0.0536,-0.0238,0,-0.052,0.9967,0.0622,0,0.0271,-0.0609,0.9978,0,0,10.1816,0.1315,1]},
{"frame":14,"values":[0.9982,0.0545,-0.0236,0,-0.0529,0.9966,0.0635,0,0.027,-0.0621,0.9977,0,0,10.1816,0.1315,1]},
{"frame":15,"values":[0.9982,0.0554,-0.0234,0,-0.0537,0.9964,0.0654,0,0.027,-0.064,0.9976,0,0,10.1816,0.1315,1]},
{"frame":16,"values":[0.9981,0.0564,-0.0232,0,-0.0547,0.9962,0.0675,0,0.027,-0.0661,0.9974,0,0,10.1816,0.1315,1]},
{"frame":17,"values":[0.9981,0.0572,-0.0232,0,-0.0555,0.9961,0.0691,0,0.027,-0.0677,0.9973,0,0,10.1816,0.1315,1]},
{"frame":18,"values":[0.9981,0.0578,-0.0233,0,-0.0561,0.996,0.0701,0,0.0273,-0.0687,0.9973,0,0,10.1816,0.1315,1]},
{"frame":19,"values":[0.998,0.0581,-0.0236,0,-0.0563,0.9959,0.071,0,0.0277,-0.0695,0.9972,0,0,10.1816,0.1315,1]},
{"frame":20,"values":[0.998,0.0581,-0.024,0,-0.0562,0.9958,0.0717,0,0.028,-0.0702,0.9971,0,0,10.1816,0.1315,1]},
{"frame":21,"values":[0.998,0.058,-0.0241,0,-0.0562,0.9958,0.0721,0,0.0282,-0.0706,0.9971,0,0,10.1816,0.1315,1]},
{"frame":22,"values":[0.998,0.0579,-0.0242,0,-0.056,0.9958,0.0722,0,0.0283,-0.0707,0.9971,0,0,10.1816,0.1315,1]},
{"frame":23,"values":[0.998,0.0577,-0.0242,0,-0.0558,0.9958,0.0722,0,0.0283,-0.0708,0.9971,0,0,10.1816,0.1315,1]},
{"frame":24,"values":[0.9981,0.0573,-0.0243,0,-0.0554,0.9959,0.072,0,0.0283,-0.0705,0.9971,0,0,10.1816,0.1315,1]},
{"frame":25,"values":[0.9981,0.0569,-0.0243,0,-0.055,0.9959,0.0714,0,0.0283,-0.07,0.9971,0,0,10.1816,0.1315,1]},
{"frame":26,"values":[0.9981,0.0562,-0.0243,0,-0.0544,0.996,0.0705,0,0.0282,-0.0691,0.9972,0,0,10.1816,0.1315,1]},
{"frame":27,"values":[0.9982,0.0555,-0.0242,0,-0.0537,0.9962,0.0692,0,0.028,-0.0678,0.9973,0,0,10.1816,0.1315,1]},
{"frame":28,"values":[0.9982,0.0549,-0.0241,0,-0.0532,0.9963,0.0677,0,0.0277,-0.0663,0.9974,0,0,10.1816,0.1315,1]},
{"frame":29,"values":[0.9982,0.0545,-0.0239,0,-0.0528,0.9964,0.0662,0,0.0274,-0.0648,0.9975,0,0,10.1816,0.1315,1]},
{"frame":30,"values":[0.9983,0.054,-0.0238,0,-0.0524,0.9965,0.0649,0,0.0272,-0.0635,0.9976,0,0,10.1816,0.1315,1]},
{"frame":31,"values":[0.9983,0.0536,-0.0238,0,-0.052,0.9966,0.0636,0,0.0271,-0.0623,0.9977,0,0,10.1816,0.1315,1]},
{"frame":32,"values":[0.9983,0.0532,-0.0238,0,-0.0516,0.9967,0.0624,0,0.027,-0.0611,0.9978,0,0,10.1816,0.1315,1]},
{"frame":33,"values":[0.9983,0.0527,-0.0238,0,-0.0512,0.9968,0.0613,0,0.027,-0.06,0.9978,0,0,10.1816,0.1315,1]},
{"frame":34,"values":[0.9983,0.0523,-0.0238,0,-0.0508,0.9969,0.0606,0,0.0269,-0.0593,0.9979,0,0,10.1816,0.1315,1]},
{"frame":35,"values":[0.9984,0.0518,-0.0239,0,-0.0503,0.9969,0.0603,0,0.0269,-0.059,0.9979,0,0,10.1816,0.1315,1]},
{"frame":36,"values":[0.9984,0.0512,-0.0239,0,-0.0497,0.997,0.0601,0,0.0269,-0.0588,0.9979,0,0,10.1816,0.1315,1]},
{"frame":37,"values":[0.9984,0.0507,-0.0239,0,-0.0492,0.997,0.0598,0,0.0269,-0.0585,0.9979,0,0,10.1816,0.1315,1]},
{"frame":38,"values":[0.9985,0.0502,-0.024,0,-0.0487,0.9971,0.0593,0,0.0269,-0.058,0.998,0,0,10.1816,0.1315,1]},
{"frame":39,"values":[0.9985,0.0498,-0.024,0,-0.0483,0.9971,0.0587,0,0.0269,-0.0574,0.998,0,0,10.1816,0.1315,1]},
{"frame":40,"values":[0.9985,0.0495,-0.0241,0,-0.0481,0.9971,0.0583,0,0.0269,-0.057,0.998,0,0,10.1816,0.1315,1]},
{"frame":41,"values":[0.9985,0.0491,-0.0241,0,-0.0476,0.9972,0.0582,0,0.0269,-0.0569,0.998,0,0,10.1816,0.1315,1]},
{"frame":42,"values":[0.9985,0.0487,-0.0241,0,-0.0473,0.9972,0.0583,0,0.0269,-0.0571,0.998,0,0,10.1816,0.1315,1]},
{"frame":43,"values":[0.9985,0.0485,-0.0241,0,-0.047,0.9972,0.0586,0,0.0269,-0.0574,0.998,0,0,10.1816,0.1315,1]},
{"frame":44,"values":[0.9985,0.0486,-0.0241,0,-0.0471,0.9972,0.0588,0,0.0269,-0.0576,0.998,0,0,10.1816,0.1315,1]},
{"frame":45,"values":[0.9985,0.0488,-0.0241,0,-0.0473,0.9971,0.0588,0,0.0269,-0.0576,0.998,0,0,10.1816,0.1315,1]},
{"frame":46,"values":[0.9985,0.0489,-0.0241,0,-0.0475,0.9971,0.0588,0,0.0269,-0.0576,0.998,0,0,10.1816,0.1315,1]},
{"frame":47,"values":[0.9985,0.0491,-0.0241,0,-0.0476,0.9971,0.0588,0,0.0269,-0.0576,0.998,0,0,10.1816,0.1315,1]}],"loopBehavior":1,"name":"anim","property":"_matrix"}},
{"name":"mixamorig:Spine1","index":2,"matrix":[0.9996,0.0271,-0.0055,0,-0.027,0.9994,0.0202,0,0.006,-0.02,0.9998,0,0,10.0835,-1.0008,1],"rest":[1,0,0,0,0,1,0,0,0,0,1,0,0,10.0835,-1.0008,1],"parentBoneIndex":1,"length":9.203
,"animation":{"dataType":3,"framePerSecond":24,"keys":[
{"frame":1,"values":[0.9996,0.0274,-0.0053,0,-0.0273,0.9994,0.0203,0,0.0059,-0.0202,0.9998,0,0,10.0835,-1.0008,1]},
{"frame":4,"values":[0.9996,0.0276,-0.0053,0,-0.0275,0.9994,0.0203,0,0.0059,-0.0202,0.9998,0,0,10.0835,-1.0008,1]},
{"frame":5,"values":[0.9996,0.0279,-0.0054,0,-0.0278,0.9994,0.0203,0,0.0059,-0.0202,0.9998,0,0,10.0835,-1.0008,1]},
{"frame":6,"values":[0.9996,0.0285,-0.0059,0,-0.0284,0.9994,0.0205,0,0.0065,-0.0203,0.9998,0,0,10.0835,-1.0008,1]},
{"frame":7,"values":[0.9995,0.0293,-0.0067,0,-0.0291,0.9994,0.0209,0,0.0073,-0.0207,0.9998,0,0,10.0835,-1.0008,1]},
{"frame":8,"values":[0.9995,0.0301,-0.0073,0,-0.0299,0.9993,0.0217,0,0.0079,-0.0215,0.9997,0,0,10.0835,-1.0008,1]},
{"frame":9,"values":[0.9995,0.0312,-0.0072,0,-0.031,0.9993,0.0227,0,0.008,-0.0225,0.9997,0,0,10.0835,-1.0008,1]},
{"frame":10,"values":[0.9994,0.0326,-0.0067,0,-0.0324,0.9992,0.0237,0,0.0074,-0.0235,0.9997,0,0,10.0835,-1.0008,1]},
{"frame":11,"values":[0.9994,0.0344,-0.0059,0,-0.0342,0.9991,0.0248,0,0.0067,-0.0245,0.9997,0,0,10.0835,-1.0008,1]},
{"frame":12,"values":[0.9993,0.0365,-0.0051,0,-0.0363,0.999,0.0257,0,0.006,-0.0255,0.9997,0,0,10.0835,-1.0008,1]},
{"frame":13,"values":[0.9992,0.0388,-0.0046,0,-0.0387,0.9989,0.0268,0,0.0056,-0.0266,0.9996,0,0,10.0835,-1.0008,1]},
{"frame":14,"values":[0.9991,0.0414,-0.0043,0,-0.0413,0.9987,0.0285,0,0.0055,-0.0283,0.9996,0,0,10.0835,-1.0008,1]},
{"frame":15,"values":[0.999,0.0441,-0.004,0,-0.044,0.9985,0.0312,0,0.0054,-0.031,0.9995,0,0,10.0835,-1.0008,1]},
{"frame":16,"values":[0.9989,0.0467,-0.0036,0,-0.0466,0.9983,0.0344,0,0.0052,-0.0342,0.9994,0,0,10.0835,-1.0008,1]},
{"frame":17,"values":[0.9988,0.0489,-0.0034,0,-0.0488,0.9981,0.037,0,0.0052,-0.0368,0.9993,0,0,10.0835,-1.0008,1]},
{"frame":18,"values":[0.9987,0.0505,-0.0037,0,-0.0503,0.998,0.0389,0,0.0056,-0.0387,0.9992,0,0,10.0835,-1.0008,1]},
{"frame":19,"values":[0.9987,0.0513,-0.0043,0,-0.0511,0.9979,0.0405,0,0.0064,-0.0402,0.9992,0,0,10.0835,-1.0008,1]},
{"frame":20,"values":[0.9987,0.0514,-0.0049,0,-0.0512,0.9978,0.0416,0,0.007,-0.0413,0.9991,0,0,10.0835,-1.0008,1]},
{"frame":21,"values":[0.9987,0.0512,-0.0052,0,-0.051,0.9978,0.0421,0,0.0073,-0.0418,0.9991,0,0,10.0835,-1.0008,1]},
{"frame":22,"values":[0.9987,0.0509,-0.0052,0,-0.0506,0.9978,0.0423,0,0.0074,-0.042,0.9991,0,0,10.0835,-1.0008,1]},
{"frame":23,"values":[0.9987,0.0504,-0.0054,0,-0.0501,0.9979,0.0422,0,0.0075,-0.0419,0.9991,0,0,10.0835,-1.0008,1]},
{"frame":24,"values":[0.9987,0.0497,-0.0055,0,-0.0494,0.9979,0.0417,0,0.0076,-0.0413,0.9991,0,0,10.0835,-1.0008,1]},
{"frame":25,"values":[0.9988,0.0488,-0.0056,0,-0.0485,0.998,0.0407,0,0.0076,-0.0404,0.9992,0,0,10.0835,-1.0008,1]},
{"frame":26,"values":[0.9989,0.0475,-0.0056,0,-0.0472,0.9981,0.0393,0,0.0075,-0.039,0.9992,0,0,10.0835,-1.0008,1]},
{"frame":27,"values":[0.9989,0.0458,-0.0054,0,-0.0456,0.9983,0.0373,0,0.0071,-0.037,0.9993,0,0,10.0835,-1.0008,1]},
{"frame":28,"values":[0.999,0.0441,-0.005,0,-0.0439,0.9984,0.0348,0,0.0066,-0.0346,0.9994,0,0,10.0835,-1.0008,1]},
{"frame":29,"values":[0.9991,0.0426,-0.0047,0,-0.0424,0.9986,0.0325,0,0.0061,-0.0323,0.9995,0,0,10.0835,-1.0008,1]},
{"frame":30,"values":[0.9991,0.0412,-0.0045,0,-0.041,0.9987,0.0306,0,0.0057,-0.0304,0.9995,0,0,10.0835,-1.0008,1]},
{"frame":31,"values":[0.9992,0.0399,-0.0044,0,-0.0397,0.9988,0.0288,0,0.0055,-0.0286,0.9996,0,0,10.0835,-1.0008,1]},
{"frame":32,"values":[0.9992,0.0385,-0.0044,0,-0.0384,0.9989,0.0269,0,0.0054,-0.0267,0.9996,0,0,10.0835,-1.0008,1]},
{"frame":33,"values":[0.9993,0.0372,-0.0044,0,-0.037,0.999,0.0251,0,0.0053,-0.0249,0.9997,0,0,10.0835,-1.0008,1]},
{"frame":34,"values":[0.9993,0.0358,-0.0044,0,-0.0357,0.9991,0.0239,0,0.0053,-0.0237,0.9997,0,0,10.0835,-1.0008,1]},
{"frame":35,"values":[0.9994,0.0345,-0.0044,0,-0.0344,0.9991,0.0233,0,0.0052,-0.0232,0.9997,0,0,10.0835,-1.0008,1]},
{"frame":36,"values":[0.9994,0.0331,-0.0045,0,-0.033,0.9992,0.0231,0,0.0052,-0.0229,0.9997,0,0,10.0835,-1.0008,1]},
{"frame":37,"values":[0.9995,0.0318,-0.0047,0,-0.0317,0.9992,0.0224,0,0.0054,-0.0223,0.9997,0,0,10.0835,-1.0008,1]},
{"frame":38,"values":[0.9995,0.0305,-0.0051,0,-0.0304,0.9993,0.0214,0,0.0057,-0.0213,0.9998,0,0,10.0835,-1.0008,1]},
{"frame":39,"values":[0.9996,0.0294,-0.0054,0,-0.0293,0.9994,0.0203,0,0.006,-0.0201,0.9998,0,0,10.0835,-1.0008,1]},
{"frame":40,"values":[0.9996,0.0286,-0.0055,0,-0.0285,0.9994,0.0194,0,0.006,-0.0193,0.9998,0,0,10.0835,-1.0008,1]},
{"frame":41,"values":[0.9996,0.0279,-0.0053,0,-0.0278,0.9994,0.0191,0,0.0058,-0.0189,0.9998,0,0,10.0835,-1.0008,1]},
{"frame":42,"values":[0.9996,0.0274,-0.005,0,-0.0273,0.9994,0.0193,0,0.0055,-0.0191,0.9998,0,0,10.0835,-1.0008,1]},
{"frame":43,"values":[0.9996,0.0269,-0.005,0,-0.0268,0.9994,0.0197,0,0.0055,-0.0196,0.9998,0,0,10.0835,-1.0008,1]},
{"frame":44,"values":[0.9996,0.0267,-0.0053,0,-0.0266,0.9994,0.0201,0,0.0058,-0.02,0.9998,0,0,10.0835,-1.0008,1]},
{"frame":45,"values":[0.9996,0.0267,-0.0055,0,-0.0266,0.9994,0.0202,0,0.006,-0.02,0.9998,0,0,10.0835,-1.0008,1]},
{"frame":46,"values":[0.9996,0.0269,-0.0055,0,-0.0268,0.9994,0.0202,0,0.006,-0.02,0.9998,0,0,10.0835,-1.0008,1]},
{"frame":47,"values":[0.9996,0.0271,-0.0055,0,-0.027,0.9994,0.0202,0,0.006,-0.02,0.9998,0,0,10.0835,-1.0008,1]}],"loopBehavior":1,"name":"anim","property":"_matrix"}},
{"name":"mixamorig:Spine2","index":3,"matrix":[0.9996,0.0271,-0.006,0,-0.027,0.9994,0.0197,0,0.0065,-0.0196,0.9998,0,0,9.1,-1.3734,1],"rest":[1,0,0,0,0,1,0,0,0,0,1,0,0,9.1,-1.3734,1],"parentBoneIndex":2,"length":13.7198
,"animation":{"dataType":3,"framePerSecond":24,"keys":[
{"frame":1,"values":[0.9996,0.0274,-0.0057,0,-0.0273,0.9994,0.0198,0,0.0062,-0.0197,0.9998,0,0,9.1,-1.3734,1]},
{"frame":4,"values":[0.9996,0.0276,-0.0057,0,-0.0275,0.9994,0.0198,0,0.0062,-0.0197,0.9998,0,0,9.1,-1.3734,1]},
{"frame":5,"values":[0.9996,0.028,-0.0058,0,-0.0279,0.9994,0.0198,0,0.0063,-0.0197,0.9998,0,0,9.1,-1.3734,1]},
{"frame":6,"values":[0.9996,0.0286,-0.0063,0,-0.0284,0.9994,0.0201,0,0.0068,-0.0199,0.9998,0,0,9.1,-1.3734,1]},
{"frame":7,"values":[0.9995,0.0293,-0.0071,0,-0.0291,0.9994,0.0205,0,0.0077,-0.0203,0.9998,0,0,9.1,-1.3734,1]},
{"frame":8,"values":[0.9995,0.0301,-0.0076,0,-0.03,0.9993,0.0213,0,0.0083,-0.021,0.9997,0,0,9.1,-1.3734,1]},
{"frame":9,"values":[0.9995,0.0312,-0.0076,0,-0.031,0.9993,0.0223,0,0.0083,-0.022,0.9997,0,0,9.1,-1.3734,1]},
{"frame":10,"values":[0.9994,0.0326,-0.007,0,-0.0324,0.9992,0.0233,0,0.0078,-0.0231,0.9997,0,0,9.1,-1.3734,1]},
{"frame":11,"values":[0.9994,0.0344,-0.0062,0,-0.0342,0.9991,0.0243,0,0.007,-0.0241,0.9997,0,0,9.1,-1.3734,1]},
{"frame":12,"values":[0.9993,0.0365,-0.0054,0,-0.0363,0.999,0.0253,0,0.0063,-0.0251,0.9997,0,0,9.1,-1.3734,1]},
{"frame":13,"values":[0.9992,0.0389,-0.0049,0,-0.0387,0.9989,0.0264,0,0.0059,-0.0261,0.9996,0,0,9.1,-1.3734,1]},
{"frame":14,"values":[0.9991,0.0415,-0.0046,0,-0.0413,0.9988,0.0281,0,0.0058,-0.0279,0.9996,0,0,9.1,-1.3734,1]},
{"frame":15,"values":[0.999,0.0442,-0.0044,0,-0.044,0.9986,0.0308,0,0.0057,-0.0306,0.9995,0,0,9.1,-1.3734,1]},
{"frame":16,"values":[0.9989,0.0468,-0.004,0,-0.0466,0.9983,0.034,0,0.0056,-0.0338,0.9994,0,0,9.1,-1.3734,1]},
{"frame":17,"values":[0.9988,0.049,-0.0037,0,-0.0488,0.9981,0.0366,0,0.0055,-0.0364,0.9993,0,0,9.1,-1.3734,1]},
{"frame":18,"values":[0.9987,0.0505,-0.004,0,-0.0504,0.998,0.0385,0,0.006,-0.0383,0.9992,0,0,9.1,-1.3734,1]},
{"frame":19,"values":[0.9987,0.0513,-0.0047,0,-0.0511,0.9979,0.0401,0,0.0067,-0.0398,0.9992,0,0,9.1,-1.3734,1]},
{"frame":20,"values":[0.9987,0.0515,-0.0053,0,-0.0512,0.9978,0.0412,0,0.0074,-0.0408,0.9991,0,0,9.1,-1.3734,1]},
{"frame":21,"values":[0.9987,0.0513,-0.0055,0,-0.051,0.9978,0.0417,0,0.0077,-0.0414,0.9991,0,0,9.1,-1.3734,1]},
{"frame":22,"values":[0.9987,0.0509,-0.0056,0,-0.0506,0.9978,0.0419,0,0.0077,-0.0416,0.9991,0,0,9.1,-1.3734,1]},
{"frame":23,"values":[0.9987,0.0504,-0.0057,0,-0.0501,0.9979,0.0418,0,0.0078,-0.0415,0.9991,0,0,9.1,-1.3734,1]},
{"frame":24,"values":[0.9987,0.0498,-0.0059,0,-0.0495,0.9979,0.0413,0,0.0079,-0.0409,0.9991,0,0,9.1,-1.3734,1]},
{"frame":25,"values":[0.9988,0.0489,-0.006,0,-0.0486,0.998,0.0403,0,0.008,-0.04,0.9992,0,0,9.1,-1.3734,1]},
{"frame":26,"values":[0.9989,0.0476,-0.006,0,-0.0473,0.9981,0.0389,0,0.0078,-0.0385,0.9992,0,0,9.1,-1.3734,1]},
{"frame":27,"values":[0.9989,0.0459,-0.0057,0,-0.0457,0.9983,0.0369,0,0.0074,-0.0366,0.9993,0,0,9.1,-1.3734,1]},
{"frame":28,"values":[0.999,0.0442,-0.0054,0,-0.044,0.9984,0.0344,0,0.0069,-0.0341,0.9994,0,0,9.1,-1.3734,1]},
{"frame":29,"values":[0.9991,0.0426,-0.005,0,-0.0424,0.9986,0.0321,0,0.0064,-0.0318,0.9995,0,0,9.1,-1.3734,1]},
{"frame":30,"values":[0.9991,0.0412,-0.0048,0,-0.0411,0.9987,0.0301,0,0.006,-0.0299,0.9995,0,0,9.1,-1.3734,1]},
{"frame":31,"values":[0.9992,0.0399,-0.0046,0,-0.0398,0.9988,0.0283,0,0.0057,-0.0281,0.9996,0,0,9.1,-1.3734,1]},
{"frame":32,"values":[0.9992,0.0386,-0.0046,0,-0.0384,0.9989,0.0265,0,0.0056,-0.0263,0.9996,0,0,9.1,-1.3734,1]},
{"frame":33,"values":[0.9993,0.0372,-0.0046,0,-0.0371,0.999,0.0247,0,0.0055,-0.0245,0.9997,0,0,9.1,-1.3734,1]},
{"frame":34,"values":[0.9993,0.0359,-0.0047,0,-0.0357,0.9991,0.0235,0,0.0055,-0.0233,0.9997,0,0,9.1,-1.3734,1]},
{"frame":35,"values":[0.9994,0.0345,-0.0047,0,-0.0344,0.9991,0.0229,0,0.0055,-0.0227,0.9997,0,0,9.1,-1.3734,1]},
{"frame":36,"values":[0.9994,0.0332,-0.0048,0,-0.033,0.9992,0.0226,0,0.0056,-0.0224,0.9997,0,0,9.1,-1.3734,1]},
{"frame":37,"values":[0.9995,0.0318,-0.005,0,-0.0317,0.9993,0.022,0,0.0057,-0.0218,0.9997,0,0,9.1,-1.3734,1]},
{"frame":38,"values":[0.9995,0.0305,-0.0054,0,-0.0304,0.9993,0.021,0,0.006,-0.0208,0.9998,0,0,9.1,-1.3734,1]},
{"frame":39,"values":[0.9995,0.0294,-0.0058,0,-0.0293,0.9994,0.0199,0,0.0064,-0.0197,0.9998,0,0,9.1,-1.3734,1]},
{"frame":40,"values":[0.9996,0.0286,-0.0058,0,-0.0285,0.9994,0.019,0,0.0064,-0.0188,0.9998,0,0,9.1,-1.3734,1]},
{"frame":41,"values":[0.9996,0.028,-0.0056,0,-0.0279,0.9994,0.0186,0,0.0062,-0.0184,0.9998,0,0,9.1,-1.3734,1]},
{"frame":42,"values":[0.9996,0.0274,-0.0054,0,-0.0273,0.9994,0.0188,0,0.0059,-0.0187,0.9998,0,0,9.1,-1.3734,1]},
{"frame":43,"values":[0.9996,0.027,-0.0054,0,-0.0269,0.9995,0.0193,0,0.0059,-0.0191,0.9998,0,0,9.1,-1.3734,1]},
{"frame":44,"values":[0.9996,0.0268,-0.0057,0,-0.0267,0.9995,0.0197,0,0.0062,-0.0195,0.9998,0,0,9.1,-1.3734,1]},
{"frame":45,"values":[0.9996,0.0268,-0.006,0,-0.0266,0.9995,0.0197,0,0.0065,-0.0196,0.9998,0,0,9.1,-1.3734,1]},
{"frame":46,"values":[0.9996,0.0269,-0.006,0,-0.0268,0.9994,0.0197,0,0.0065,-0.0196,0.9998,0,0,9.1,-1.3734,1]},
{"frame":47,"values":[0.9996,0.0271,-0.006,0,-0.027,0.9994,0.0197,0,0.0065,-0.0196,0.9998,0,0,9.1,-1.3734,1]}],"loopBehavior":1,"name":"anim","property":"_matrix"}},
{"name":"mixamorig:Neck","index":4,"matrix":[1,0.0079,0.0022,0,-0.0081,0.9951,0.0981,0,-0.0014,-0.0981,0.9952,0,0,16.6717,-2.5162,1],"rest":[1,0,0,0,0,1,0,0,0,0,1,0,0,16.6717,-2.5162,1],"parentBoneIndex":3,"length":9.7644
,"animation":{"dataType":3,"framePerSecond":24,"keys":[
{"frame":1,"values":[1,0.0077,0.0024,0,-0.0079,0.9952,0.098,0,-0.0016,-0.098,0.9952,0,0,16.6717,-2.5162,1]},
{"frame":2,"values":[1,0.0077,0.0024,0,-0.0078,0.9952,0.0979,0,-0.0016,-0.0979,0.9952,0,0,16.6717,-2.5162,1]},
{"frame":3,"values":[1,0.0074,0.0023,0,-0.0076,0.9952,0.0973,0,-0.0016,-0.0973,0.9953,0,0,16.6717,-2.5162,1]},
{"frame":4,"values":[1,0.0073,0.0024,0,-0.0075,0.9953,0.0963,0,-0.0017,-0.0963,0.9953,0,0,16.6717,-2.5162,1]},
{"frame":5,"values":[1,0.0079,0.0027,0,-0.0082,0.9954,0.0951,0,-0.0019,-0.0951,0.9955,0,0,16.6717,-2.5162,1]},
{"frame":6,"values":[0.9999,0.0105,0.0042,0,-0.0108,0.9955,0.094,0,-0.0032,-0.094,0.9956,0,0,16.6717,-2.5162,1]},
{"frame":7,"values":[0.9999,0.015,0.0069,0,-0.0156,0.9955,0.0937,0,-0.0055,-0.0938,0.9956,0,0,16.6717,-2.5162,1]},
{"frame":8,"values":[0.9997,0.021,0.0099,0,-0.0219,0.9952,0.0957,0,-0.0078,-0.0959,0.9954,0,0,16.6717,-2.5162,1]},
{"frame":9,"values":[0.9996,0.0274,0.0121,0,-0.0285,0.9944,0.1018,0,-0.0092,-0.1021,0.9947,0,0,16.6717,-2.5162,1]},
{"frame":10,"values":[0.9994,0.0334,0.0132,0,-0.0347,0.9928,0.1145,0,-0.0093,-0.1149,0.9933,0,0,16.6717,-2.5162,1]},
{"frame":11,"values":[0.9992,0.0384,0.0135,0,-0.0399,0.9902,0.1339,0,-0.0083,-0.1343,0.9909,0,0,16.6717,-2.5162,1]},
{"frame":12,"values":[0.999,0.0421,0.0125,0,-0.0436,0.9861,0.16,0,-0.0056,-0.1604,0.987,0,0,16.6717,-2.5162,1]},
{"frame":13,"values":[0.999,0.044,0.0097,0,-0.0451,0.9805,0.1911,0,-0.0011,-0.1914,0.9815,0,0,16.6717,-2.5162,1]},
{"frame":14,"values":[0.9991,0.0426,0.0049,0,-0.0426,0.9738,0.2236,0,0.0047,-0.2236,0.9747,0,0,16.6717,-2.5162,1]},
{"frame":15,"values":[0.9993,0.037,-0.0008,0,-0.0356,0.9674,0.2509,0,0.0101,-0.2507,0.968,0,0,16.6717,-2.5162,1]},
{"frame":16,"values":[0.9996,0.028,-0.0062,0,-0.0253,0.9628,0.2689,0,0.0136,-0.2687,0.9631,0,0,16.6717,-2.5162,1]},
{"frame":17,"values":[0.9998,0.0181,-0.0106,0,-0.0145,0.96,0.2798,0,0.0152,-0.2796,0.96,0,0,16.6717,-2.5162,1]},
{"frame":18,"values":[0.9999,0.0094,-0.0131,0,-0.0053,0.9583,0.2856,0,0.0153,-0.2855,0.9583,0,0,16.6717,-2.5162,1]},
{"frame":19,"values":[0.9999,0.0034,-0.0139,0,0.0008,0.9575,0.2884,0,0.0143,-0.2884,0.9574,0,0,16.6717,-2.5162,1]},
{"frame":20,"values":[0.9999,0.0006,-0.013,0,0.0032,0.9571,0.2897,0,0.0126,-0.2897,0.957,0,0,16.6717,-2.5162,1]},
{"frame":21,"values":[0.9999,0.0006,-0.0109,0,0.0026,0.9568,0.2907,0,0.0106,-0.2907,0.9568,0,0,16.6717,-2.5162,1]},
{"frame":22,"values":[1,0.0024,-0.0083,0,0.0001,0.9566,0.2914,0,0.0087,-0.2914,0.9566,0,0,16.6717,-2.5162,1]},
{"frame":23,"values":[1,0.005,-0.0059,0,-0.0031,0.9566,0.2914,0,0.0071,-0.2914,0.9566,0,0,16.6717,-2.5162,1]},
{"frame":24,"values":[1,0.0084,-0.0034,0,-0.0071,0.9572,0.2895,0,0.0057,-0.2894,0.9572,0,0,16.6717,-2.5162,1]},
{"frame":25,"values":[0.9999,0.0134,-0.0001,0,-0.0128,0.9585,0.2849,0,0.0039,-0.2849,0.9585,0,0,16.6717,-2.5162,1]},
{"frame":26,"values":[0.9998,0.0206,0.0044,0,-0.021,0.9606,0.2772,0,0.0015,-0.2773,0.9608,0,0,16.6717,-2.5162,1]},
{"frame":27,"values":[0.9995,0.0288,0.0095,0,-0.0303,0.9632,0.2672,0,-0.0014,-0.2674,0.9636,0,0,16.6717,-2.5162,1]},
{"frame":28,"values":[0.9992,0.0365,0.014,0,-0.0389,0.966,0.2555,0,-0.0042,-0.2558,0.9667,0,0,16.6717,-2.5162,1]},
{"frame":29,"values":[0.999,0.042,0.0167,0,-0.0448,0.9692,0.2423,0,-0.006,-0.2428,0.9701,0,0,16.6717,-2.5162,1]},
{"frame":30,"values":[0.9989,0.0446,0.0174,0,-0.0474,0.9726,0.2276,0,-0.0068,-0.2281,0.9736,0,0,16.6717,-2.5162,1]},
{"frame":31,"values":[0.9989,0.0448,0.0169,0,-0.0474,0.9762,0.2115,0,-0.007,-0.212,0.9772,0,0,16.6717,-2.5162,1]},
{"frame":32,"values":[0.9989,0.0431,0.0157,0,-0.0453,0.9797,0.1951,0,-0.007,-0.1956,0.9807,0,0,16.6717,-2.5162,1]},
{"frame":33,"values":[0.9991,0.0404,0.0144,0,-0.0423,0.9828,0.1796,0,-0.0069,-0.1801,0.9836,0,0,16.6717,-2.5162,1]},
{"frame":34,"values":[0.9992,0.0371,0.0129,0,-0.0388,0.9855,0.1652,0,-0.0066,-0.1656,0.9862,0,0,16.6717,-2.5162,1]},
{"frame":35,"values":[0.9994,0.0337,0.0113,0,-0.035,0.9879,0.1511,0,-0.0061,-0.1514,0.9885,0,0,16.6717,-2.5162,1]},
{"frame":36,"values":[0.9995,0.03,0.0098,0,-0.031,0.99,0.1374,0,-0.0056,-0.1377,0.9905,0,0,16.6717,-2.5162,1]},
{"frame":37,"values":[0.9996,0.0264,0.0084,0,-0.0272,0.9917,0.1256,0,-0.005,-0.1257,0.992,0,0,16.6717,-2.5162,1]},
{"frame":38,"values":[0.9997,0.023,0.0072,0,-0.0236,0.9928,0.1172,0,-0.0045,-0.1173,0.9931,0,0,16.6717,-2.5162,1]},
{"frame":39,"values":[0.9998,0.0197,0.0061,0,-0.0203,0.9935,0.1119,0,-0.0038,-0.112,0.9937,0,0,16.6717,-2.5162,1]},
{"frame":40,"values":[0.9998,0.0168,0.0051,0,-0.0173,0.994,0.1084,0,-0.0033,-0.1084,0.9941,0,0,16.6717,-2.5162,1]},
{"frame":41,"values":[0.9999,0.0144,0.0043,0,-0.0147,0.9943,0.1053,0,-0.0028,-0.1054,0.9944,0,0,16.6717,-2.5162,1]},
{"frame":42,"values":[0.9999,0.0124,0.0036,0,-0.0127,0.9946,0.1032,0,-0.0023,-0.1032,0.9947,0,0,16.6717,-2.5162,1]},
{"frame":43,"values":[0.9999,0.0109,0.0031,0,-0.0111,0.9948,0.1017,0,-0.0019,-0.1017,0.9948,0,0,16.6717,-2.5162,1]},
{"frame":44,"values":[1,0.0096,0.0027,0,-0.0099,0.9949,0.1005,0,-0.0017,-0.1005,0.9949,0,0,16.6717,-2.5162,1]},
{"frame":45,"values":[1,0.0087,0.0023,0,-0.0089,0.995,0.0994,0,-0.0015,-0.0995,0.995,0,0,16.6717,-2.5162,1]},
{"frame":46,"values":[1,0.0081,0.0022,0,-0.0083,0.9951,0.0987,0,-0.0014,-0.0987,0.9951,0,0,16.6717,-2.5162,1]},
{"frame":47,"values":[1,0.0079,0.0022,0,-0.0081,0.9951,0.0981,0,-0.0014,-0.0981,0.9952,0,0,16.6717,-2.5162,1]}],"loopBehavior":1,"name":"anim","property":"_matrix"}},
{"name":"mixamorig:Head","index":5,"matrix":[0.9997,-0.0045,-0.0235,0,0.0014,0.9913,-0.1316,0,0.0239,0.1316,0.991,0,0,9.6179,1.685,1],"rest":[1,0,0,0,0,1,0,0,0,0,1,0,0,9.6179,1.685,1],"parentBoneIndex":4,"length":13.7945
,"animation":{"dataType":3,"framePerSecond":24,"keys":[
{"frame":1,"values":[0.9997,-0.0046,-0.0235,0,0.0014,0.9913,-0.1317,0,0.0239,0.1316,0.991,0,0,9.6179,1.685,1]},
{"frame":2,"values":[0.9997,-0.0051,-0.0229,0,0.0021,0.9914,-0.1308,0,0.0233,0.1307,0.9911,0,0,9.6179,1.685,1]},
{"frame":3,"values":[0.9997,-0.0062,-0.0225,0,0.0032,0.9914,-0.1312,0,0.0231,0.1311,0.9911,0,0,9.6179,1.685,1]},
{"frame":4,"values":[0.9997,-0.0076,-0.0225,0,0.0045,0.9911,-0.1334,0,0.0233,0.1333,0.9908,0,0,9.6179,1.685,1]},
{"frame":5,"values":[0.9997,-0.0083,-0.0217,0,0.0052,0.9906,-0.1367,0,0.0226,0.1366,0.9904,0,0,9.6179,1.685,1]},
{"frame":6,"values":[0.9998,-0.009,-0.0166,0,0.0063,0.9882,-0.1533,0,0.0178,0.1532,0.988,0,0,9.6179,1.685,1]},
{"frame":7,"values":[0.9999,-0.0081,-0.0067,0,0.0067,0.982,-0.1885,0,0.0081,0.1885,0.982,0,0,9.6179,1.685,1]},
{"frame":8,"values":[1,-0.0025,0.0042,0,0.0034,0.9721,-0.2344,0,-0.0035,0.2345,0.9721,0,0,9.6179,1.685,1]},
{"frame":9,"values":[0.9999,0.0063,0.0108,0,-0.003,0.9597,-0.2811,0,-0.0122,0.281,0.9596,0,0,9.6179,1.685,1]},
{"frame":10,"values":[0.9998,0.0149,0.0117,0,-0.0104,0.9472,-0.3203,0,-0.0159,0.3202,0.9472,0,0,9.6179,1.685,1]},
{"frame":11,"values":[0.9998,0.0194,0.0079,0,-0.0155,0.9382,-0.3457,0,-0.0141,0.3455,0.9383,0,0,9.6179,1.685,1]},
{"frame":12,"values":[0.9999,0.016,-0.003,0,-0.0161,0.9362,-0.3512,0,-0.0028,0.3512,0.9363,0,0,9.6179,1.685,1]},
{"frame":13,"values":[0.9997,0.0046,-0.0235,0,-0.0125,0.9385,-0.345,0,0.0204,0.3452,0.9383,0,0,9.6179,1.685,1]},
{"frame":14,"values":[0.9985,-0.0117,-0.0531,0,-0.0064,0.9442,-0.3294,0,0.054,0.3292,0.9427,0,0,9.6179,1.685,1]},
{"frame":15,"values":[0.996,-0.0293,-0.0847,0,0.0023,0.953,-0.3029,0,0.0897,0.3015,0.9493,0,0,9.6179,1.685,1]},
{"frame":16,"values":[0.9926,-0.0471,-0.1118,0,0.0158,0.9638,-0.2661,0,0.1203,0.2624,0.9574,0,0,9.6179,1.685,1]},
{"frame":17,"values":[0.9895,-0.0613,-0.1313,0,0.0304,0.9738,-0.2256,0,0.1416,0.2192,0.9653,0,0,9.6179,1.685,1]},
{"frame":18,"values":[0.9876,-0.0696,-0.1409,0,0.0422,0.9811,-0.1888,0,0.1513,0.1805,0.9719,0,0,9.6179,1.685,1]},
{"frame":19,"values":[0.987,-0.0741,-0.1423,0,0.0507,0.9855,-0.1616,0,0.1523,0.1523,0.9765,0,0,9.6179,1.685,1]},
{"frame":20,"values":[0.9877,-0.0765,-0.1365,0,0.0557,0.9871,-0.1503,0,0.1462,0.1408,0.9792,0,0,9.6179,1.685,1]},
{"frame":21,"values":[0.989,-0.0771,-0.1264,0,0.0578,0.987,-0.15,0,0.1363,0.1411,0.9806,0,0,9.6179,1.685,1]},
{"frame":22,"values":[0.9905,-0.0743,-0.1157,0,0.0566,0.9872,-0.1492,0,0.1253,0.1412,0.982,0,0,9.6179,1.685,1]},
{"frame":23,"values":[0.992,-0.0691,-0.1058,0,0.053,0.9877,-0.1473,0,0.1146,0.1405,0.9834,0,0,9.6179,1.685,1]},
{"frame":24,"values":[0.9934,-0.0625,-0.0958,0,0.0481,0.9882,-0.1455,0,0.1038,0.1399,0.9847,0,0,9.6179,1.685,1]},
{"frame":25,"values":[0.995,-0.0544,-0.0838,0,0.042,0.9889,-0.1427,0,0.0906,0.1385,0.9862,0,0,9.6179,1.685,1]},
{"frame":26,"values":[0.9969,-0.0421,-0.0671,0,0.0326,0.9899,-0.1378,0,0.0723,0.1352,0.9882,0,0,9.6179,1.685,1]},
{"frame":27,"values":[0.9985,-0.0276,-0.0475,0,0.021,0.9907,-0.1342,0,0.0508,0.133,0.9898,0,0,9.6179,1.685,1]},
{"frame":28,"values":[0.9994,-0.0153,-0.0304,0,0.0111,0.9907,-0.1357,0,0.0322,0.1353,0.9903,0,0,9.6179,1.685,1]},
{"frame":29,"values":[0.9998,-0.0055,-0.0191,0,0.0027,0.99,-0.1409,0,0.0197,0.1408,0.9898,0,0,9.6179,1.685,1]},
{"frame":30,"values":[0.9999,0.0038,-0.0131,0,-0.0057,0.9893,-0.1457,0,0.0124,0.1457,0.9892,0,0,9.6179,1.685,1]},
{"frame":31,"values":[0.9999,0.0122,-0.0102,0,-0.0136,0.9891,-0.1463,0,0.0083,0.1464,0.9892,0,0,9.6179,1.685,1]},
{"frame":32,"values":[0.9998,0.0186,-0.0087,0,-0.0196,0.9896,-0.1422,0,0.006,0.1424,0.9898,0,0,9.6179,1.685,1]},
{"frame":33,"values":[0.9997,0.0223,-0.008,0,-0.0232,0.9905,-0.1358,0,0.0049,0.1359,0.9907,0,0,9.6179,1.685,1]},
{"frame":34,"values":[0.9997,0.0238,-0.0084,0,-0.0247,0.9914,-0.1284,0,0.0053,0.1286,0.9917,0,0,9.6179,1.685,1]},
{"frame":35,"values":[0.9996,0.0251,-0.0095,0,-0.0261,0.9924,-0.12,0,0.0064,0.1202,0.9927,0,0,9.6179,1.685,1]},
{"frame":36,"values":[0.9996,0.0268,-0.0103,0,-0.0278,0.9935,-0.1104,0,0.0073,0.1107,0.9938,0,0,9.6179,1.685,1]},
{"frame":37,"values":[0.9996,0.027,-0.011,0,-0.028,0.9943,-0.1027,0,0.0081,0.103,0.9946,0,0,9.6179,1.685,1]},
{"frame":38,"values":[0.9996,0.0245,-0.0124,0,-0.0256,0.9945,-0.1015,0,0.0098,0.1018,0.9948,0,0,9.6179,1.685,1]},
{"frame":39,"values":[0.9997,0.0201,-0.0144,0,-0.0215,0.9942,-0.1058,0,0.0122,0.1061,0.9943,0,0,9.6179,1.685,1]},
{"frame":40,"values":[0.9998,0.0145,-0.0165,0,-0.0162,0.9936,-0.1115,0,0.0148,0.1117,0.9936,0,0,9.6179,1.685,1]},
{"frame":41,"values":[0.9998,0.0086,-0.0187,0,-0.0107,0.9932,-0.1157,0,0.0176,0.1159,0.9931,0,0,9.6179,1.685,1]},
{"frame":42,"values":[0.9998,0.0038,-0.0207,0,-0.0062,0.9928,-0.1196,0,0.0201,0.1197,0.9926,0,0,9.6179,1.685,1]},
{"frame":43,"values":[0.9998,0.0009,-0.022,0,-0.0036,0.9924,-0.1231,0,0.0217,0.1231,0.9922,0,0,9.6179,1.685,1]},
{"frame":44,"values":[0.9997,-0.0006,-0.0228,0,-0.0023,0.9921,-0.1251,0,0.0227,0.1251,0.9919,0,0,9.6179,1.685,1]},
{"frame":45,"values":[0.9997,-0.0019,-0.0234,0,-0.0011,0.9919,-0.1267,0,0.0235,0.1267,0.9917,0,0,9.6179,1.685,1]},
{"frame":46,"values":[0.9997,-0.0034,-0.0235,0,0.0003,0.9916,-0.129,0,0.0237,0.129,0.9914,0,0,9.6179,1.685,1]},
{"frame":47,"values":[0.9997,-0.0045,-0.0235,0,0.0014,0.9913,-0.1316,0,0.0239,0.1316,0.991,0,0,9.6179,1.685,1]}],"loopBehavior":1,"name":"anim","property":"_matrix"}},
{"name":"mixamorig:HeadTop_End","index":6,"matrix":[1,0,0,0,0,1,0,0,0,0,1,0,0,17.8152,2.585,1],"rest":[1,0,0,0,0,1,0,0,0,0,1,0,0,17.8152,2.585,1],"parentBoneIndex":5,"length":13.7945
,"animation":{"dataType":3,"framePerSecond":24,"keys":[
{"frame":1,"values":[1,0,0,0,0,1,0,0,0,0,1,0,0,17.8152,2.585,1]},
{"frame":47,"values":[1,0,0,0,0,1,0,0,0,0,1,0,0,17.8152,2.585,1]}],"loopBehavior":1,"name":"anim","property":"_matrix"}},
{"name":"mixamorig:LeftEye","index":7,"matrix":[1,0,0,0,0,1,0,0,0,0,1,0,3.0676,6.4095,9.2836,1],"rest":[1,0,0,0,0,1,0,0,0,0,1,0,3.0676,6.4095,9.2836,1],"parentBoneIndex":5,"length":13.7945
,"animation":{"dataType":3,"framePerSecond":24,"keys":[
{"frame":1,"values":[1,0,0,0,0,1,0,0,0,0,1,0,3.0676,6.4095,9.2836,1]},
{"frame":47,"values":[1,0,0,0,0,1,0,0,0,0,1,0,3.0676,6.4095,9.2836,1]}],"loopBehavior":1,"name":"anim","property":"_matrix"}},
{"name":"mixamorig:RightEye","index":8,"matrix":[1,0,0,0,0,1,0,0,0,0,1,0,-3.0676,6.4095,9.2835,1],"rest":[1,0,0,0,0,1,0,0,0,0,1,0,-3.0676,6.4095,9.2835,1],"parentBoneIndex":5,"length":13.7945
,"animation":{"dataType":3,"framePerSecond":24,"keys":[
{"frame":1,"values":[1,0,0,0,0,1,0,0,0,0,1,0,-3.0676,6.4095,9.2835,1]},
{"frame":21,"values":[1,0,0,0,0,1,0,0,0,0,1,0,-3.0676,6.4096,9.2835,1]},
{"frame":22,"values":[1,0,0,0,0,1,0,0,0,0,1,0,-3.0676,6.4095,9.2835,1]},
{"frame":47,"values":[1,0,0,0,0,1,0,0,0,0,1,0,-3.0676,6.4095,9.2835,1]}],"loopBehavior":1,"name":"anim","property":"_matrix"}},
{"name":"mixamorig:LeftShoulder","index":9,"matrix":[0.9321,-0.2185,0.2888,0,0.2034,0.9757,0.0819,0,-0.2997,-0.0176,0.9539,0,4.5704,10.946,-2.628,1],"rest":[1,0,0,0,0,1,0,0,0,0,1,0,4.5704,10.946,-2.628,1],"parentBoneIndex":3,"length":10.8377
,"animation":{"dataType":3,"framePerSecond":24,"keys":[
{"frame":1,"values":[0.932,-0.2187,0.2891,0,0.2036,0.9756,0.0818,0,-0.2999,-0.0174,0.9538,0,4.5704,10.946,-2.628,1]},
{"frame":4,"values":[0.932,-0.2187,0.289,0,0.2036,0.9756,0.0818,0,-0.2998,-0.0174,0.9538,0,4.5704,10.946,-2.628,1]},
{"frame":5,"values":[0.9321,-0.219,0.2885,0,0.2039,0.9756,0.0818,0,-0.2994,-0.0174,0.954,0,4.5704,10.946,-2.628,1]},
{"frame":6,"values":[0.9322,-0.2199,0.2874,0,0.2048,0.9754,0.0818,0,-0.2983,-0.0174,0.9543,0,4.5704,10.946,-2.628,1]},
{"frame":7,"values":[0.9327,-0.2206,0.2853,0,0.2058,0.9752,0.0814,0,-0.2961,-0.0172,0.955,0,4.5704,10.946,-2.628,1]},
{"frame":8,"values":[0.9333,-0.2205,0.2836,0,0.2058,0.9752,0.081,0,-0.2944,-0.0172,0.9555,0,4.5704,10.946,-2.628,1]},
{"frame":9,"values":[0.9335,-0.2188,0.2841,0,0.2041,0.9756,0.0808,0,-0.2948,-0.0174,0.9554,0,4.5704,10.946,-2.628,1]},
{"frame":10,"values":[0.9335,-0.2152,0.2867,0,0.2003,0.9764,0.0808,0,-0.2973,-0.018,0.9546,0,4.5704,10.946,-2.628,1]},
{"frame":11,"values":[0.9337,-0.2109,0.2895,0,0.1957,0.9773,0.0807,0,-0.2999,-0.0187,0.9538,0,4.5704,10.946,-2.628,1]},
{"frame":12,"values":[0.9341,-0.2065,0.2912,0,0.1912,0.9783,0.0803,0,-0.3015,-0.0194,0.9533,0,4.5704,10.946,-2.628,1]},
{"frame":13,"values":[0.9346,-0.2027,0.2923,0,0.1873,0.979,0.0799,0,-0.3024,-0.0199,0.953,0,4.5704,10.946,-2.628,1]},
{"frame":14,"values":[0.9349,-0.2005,0.2929,0,0.1851,0.9795,0.0797,0,-0.3029,-0.0203,0.9528,0,4.5704,10.946,-2.628,1]},
{"frame":15,"values":[0.9346,-0.1994,0.2946,0,0.1839,0.9797,0.0799,0,-0.3045,-0.0205,0.9523,0,4.5704,10.946,-2.628,1]},
{"frame":16,"values":[0.9337,-0.1996,0.2973,0,0.1838,0.9797,0.0805,0,-0.3073,-0.0205,0.9514,0,4.5704,10.946,-2.628,1]},
{"frame":17,"values":[0.933,-0.2016,0.2981,0,0.1857,0.9793,0.0811,0,-0.3083,-0.0203,0.9511,0,4.5704,10.946,-2.628,1]},
{"frame":18,"values":[0.9327,-0.2041,0.2973,0,0.1883,0.9787,0.0813,0,-0.3076,-0.0199,0.9513,0,4.5704,10.946,-2.628,1]},
{"frame":19,"values":[0.9325,-0.206,0.2967,0,0.1902,0.9784,0.0815,0,-0.3071,-0.0196,0.9515,0,4.5704,10.946,-2.628,1]},
{"frame":20,"values":[0.9322,-0.2074,0.2965,0,0.1916,0.9781,0.0817,0,-0.307,-0.0194,0.9515,0,4.5704,10.946,-2.628,1]},
{"frame":21,"values":[0.9318,-0.208,0.2974,0,0.1922,0.9779,0.082,0,-0.3079,-0.0193,0.9512,0,4.5704,10.946,-2.628,1]},
{"frame":22,"values":[0.9313,-0.2075,0.2994,0,0.1914,0.978,0.0824,0,-0.31,-0.0194,0.9505,0,4.5704,10.946,-2.628,1]},
{"frame":23,"values":[0.9311,-0.2061,0.3009,0,0.1899,0.9783,0.0825,0,-0.3114,-0.0197,0.9501,0,4.5704,10.946,-2.628,1]},
{"frame":24,"values":[0.9314,-0.2051,0.3007,0,0.1889,0.9786,0.0823,0,-0.3111,-0.0198,0.9502,0,4.5704,10.946,-2.628,1]},
{"frame":25,"values":[0.9318,-0.2048,0.2996,0,0.1887,0.9786,0.082,0,-0.3099,-0.0198,0.9506,0,4.5704,10.946,-2.628,1]},
{"frame":26,"values":[0.9321,-0.2052,0.2985,0,0.1893,0.9785,0.0818,0,-0.3088,-0.0197,0.9509,0,4.5704,10.946,-2.628,1]},
{"frame":27,"values":[0.9323,-0.2057,0.2974,0,0.1898,0.9784,0.0816,0,-0.3077,-0.0196,0.9513,0,4.5704,10.946,-2.628,1]},
{"frame":28,"values":[0.9329,-0.2058,0.2956,0,0.1901,0.9784,0.0812,0,-0.3059,-0.0196,0.9519,0,4.5704,10.946,-2.628,1]},
{"frame":29,"values":[0.9338,-0.2056,0.2929,0,0.1901,0.9785,0.0806,0,-0.3031,-0.0195,0.9527,0,4.5704,10.946,-2.628,1]},
